3.414732
2.3262694
3.8526678
3.0915945
2.224226
2.65791
2.8747523
3.0915945
2.7684572
1.4631528
1.1400155
1.9010887
0.1578483
1.2505624
0.5957843
1.4674045
1.6842467
0.70633125
0.37894222
0.4894892
0.05155315
0.48523736
-0.16528895
1.0337203
-0.59897316
-0.054742
-0.81581527
-0.054742
-0.81581527
-0.37787926
-1.3600464
-0.81581527
-0.4884262
-0.054742
-0.37787926
0.4894892
0.7105831
-0.27158412
0.38319403
-1.0326574
-0.4884262
-0.4884262
-0.59897316
-0.4884262
-0.81581527
-0.27158412
-0.27158412
-0.37787926
-0.37787926
0.16635191
-0.050490197
-0.37787926
-0.054742
0.70633125
0.9231734
0.9231734
1.0294685
0.70633125
1.7947936
1.4674045
2.1221828
1.3568575
1.1400155
2.44532
1.3568575
2.117931
0.5957843
1.9053404
0.4894892
0.27264705
0.7105831
0.38319403
0.16635191
0.38319403
-0.050490197
-0.37787926
-1.1389525
-0.15678534
-0.16103715
-0.4884262
0.7105831
0.38319403
0.60003614
0.055804953
0.60003614
0.81687826
0.49374095
0.60003614
-0.054742
-0.16103715
0.81687826
0.4894892
1.3611094
0.37894222
0.27264705
1.0337203
0.81687826
1.1442673
0.81687826
0.27264705
0.70633125
0.60003614
1.3611094
0.4894892
2.0116355
0.26839525
0.8126264
1.9010887
0.8126264
1.2463106
1.9010887
0.48523736
2.44532
0.8126264
1.9010887
1.4674045
2.117931
2.3347728
2.65791
2.8747523
2.5473633
3.0915945
2.9852993
2.330521
3.0958462
2.5516152
3.9632149
2.7642052
3.5252786
4.180057
3.7463725
4.180057
2.9852993
2.879004
2.228478
2.117931
1.9010887
1.9010887
2.772709
2.0073838
2.879004
2.879004
2.3347728
3.8569195
2.8747523
2.224226
3.0958462
2.8747523
2.7684572
2.4410682
2.4410682
2.65791
3.5295303
2.9852993
2.9852993
3.7463725
3.4189837
1.7905419
2.879004
2.0073838
2.0116355
1.6842467
2.3347728
1.7905419
2.65791
3.2021413
2.330521
2.4410682
2.330521
3.6400774
2.1136792
2.1136792
2.5516152
3.5295303
2.5516152
3.5295303
2.9852993
2.8747523
3.0958462
2.879004
2.5516152
2.772709
2.44532
2.7684572
1.5736997
2.7684572
2.5516152
3.312688
3.6400774
2.44532
2.3347728
3.4232354
3.8569195
2.65791
3.4232354
3.2021413
3.0958462
2.772709
1.6842467
2.662162
2.772709
2.879004
2.989551
2.44532
1.5736997
3.3169398
2.0116355
1.1442673
2.0116355
0.70633125
-0.054742
1.1442673
2.3390248
0.70633125
1.2505624
2.228478
1.4674045
0.9231734
0.9231734
2.555867
2.989551
2.3390248
1.7947936
2.3347728
2.7684572
2.662162
2.3347728
2.879004
2.228478
2.0073838
2.555867
2.0073838
1.5736997
0.9231734
1.5779516
1.4674045
1.9010887
1.5736997
2.228478
1.7905419
1.6799948
1.5736997
2.662162
2.3347728
0.8126264
1.5736997
2.117931
2.228478
1.1400155
1.4674045
1.5736997
2.44532
1.6842467
1.4674045
2.0116355
0.5957843
1.7947936
1.2505624
1.4674045
2.0116355
2.44532
1.4674045
0.5957843
1.2505624
1.9053404
1.3611094
0.16635191
-0.050490197
0.27689886
-0.59046954
-1.4620898
-0.2630805
-1.1347008
-0.47992262
-0.6967647
-0.80731165
-0.6967647
-1.3515428
-1.3515428
-2.5505521
-1.1347008
-1.2409959
-1.0241537
-1.7852271
-1.0241537
-0.47992262
-1.7852271
-1.678932
-1.2409959
-0.9136068
-1.895774
-0.80731165
-2.112616
-1.895774
-0.6967647
-1.7852271
-2.6525953
-2.3252065
-2.4357533
-2.9799845
-2.1083643
-1.891522
-2.0020692
-1.4578379
-2.112616
-1.568385
-2.0020692
-2.0020692
-2.2189112
-1.891522
-2.5463004
-2.4357533
-2.0020692
-0.9136068
-0.80731165
-1.895774
-1.0241537
-2.3294582
-2.1083643
-2.6525953
-2.2146595
-3.0862796
-3.0862796
-3.1968267
-1.9978173
-2.4357533
-1.7809752
-2.4357533
-3.0862796
-2.5420485
-2.4315016
-2.9757328
-2.7588906
-2.1041124
-2.9757328
-3.303122
-2.3252065
-2.1041124
-2.6525953
-3.7368062
-3.409417
-2.8651857
-2.1041124
-2.2146595
-4.064195
-3.626259
-3.626259
-2.3209546
-3.192575
-3.626259
-2.8651857
-2.2146595
-3.4136686
-2.3252065
-2.4357533
-2.6525953
-2.7631423
-3.0862796
-4.608426
-3.953648
-4.1704903
-4.8210163
-5.58209
-5.0378585
-4.9315634
-4.4936275
-5.7989316
-5.3652477
-4.9358153
-3.519964
-3.1968267
-2.3294582
-0.37362745
-0.5947214
-1.0326574
0.38319403
0.60003614
0.16635191
-0.16103715
0.49374095
-0.16103715
0.27264705
-0.16103715
0.055804953
0.16635191
-0.15678534
-0.8115635
-0.80731165
-1.568385
-1.895774
-0.6967647
-0.59046954
-0.91785866
-0.7010165
-1.3557947
-1.1347008
-0.91785866
-1.2452477
-1.3557947
-0.7052683
0.055804953
-0.16103715
1.4716563
0.27264705
-0.27158412
0.38319403
-0.16103715
-0.5947214
0.92742515
0.60003614
0.38319403
1.0337203
0.60003614
2.228478
2.117931
1.5736997
2.879004
3.8569195
2.879004
3.6358256
4.613741
3.8526678
3.0915945
3.7463725
2.8747523
1.1357636
2.4410682
3.312688
2.330521
2.7684572
2.4410682
2.879004
1.2463106
0.9189216
2.0073838
2.0073838
2.8747523
3.6358256
3.3084364
5.1579723
5.1579723
4.3926473
4.503194
4.720036
4.6094894
5.1537204
6.892709
5.583153
6.237931
6.348478
5.1537204
4.720036
3.9589627
3.6358256
3.6358256
3.7463725
3.9632149
3.2021413
2.0073838
2.879004
2.0073838
1.3568575
0.9231734
0.5957843
1.7947936
0.5957843
0.48523736
1.1400155
2.5516152
1.7862899
2.9852993
3.0915945
2.7642052
3.7421207
4.06951
4.3926473
3.848416
3.848416
4.503194
3.3041847
2.4368165
2.9810476
3.414732
3.9589627
3.1978896
3.414732
2.6536584
2.1094272
2.2199743
2.1136792
2.4410682
2.7684572
2.1136792
1.7862899
2.1136792
2.330521
2.65791
2.65791
1.6799948
1.6799948
2.330521
3.0915945
4.06951
3.848416
4.065258
4.3926473
3.631574
4.065258
3.5252786
3.7421207
2.8705006
2.9810476
3.848416
2.9767957
2.6536584
2.2199743
2.7684572
1.6799948
1.0294685
1.5736997
1.9010887
1.3568575
2.772709
1.1400155
0.8126264
2.117931
0.7020795
0.8126264
1.1400155
1.3568575
1.4631528
2.3347728
1.5736997
1.7905419
2.117931
1.0294685
1.0294685
1.5736997
1.9010887
1.7905419
2.9852993
2.662162
2.117931
1.2463106
2.662162
1.1400155
2.772709
2.228478
2.3347728
2.7684572
1.4631528
3.0958462
2.662162
1.4631528
0.9231734
2.228478
1.7947936
1.9010887
1.0294685
1.7947936
1.1400155
2.4495716
0.9231734
2.3390248
1.7947936
1.1400155
2.6664138
1.7947936
1.1400155
0.9231734
1.2548143
1.4716563
1.0379721
0.7105831
1.7990454
0.38319403
1.2505624
1.6884984
0.81687826
1.6884984
1.7990454
0.60003614
-0.050490197
-0.2630805
0.71483487
-0.15678534
0.17060372
0.3874458
0.06005676
0.3874458
-0.6967647
-1.3515428
-0.6967647
-1.347291
-0.58621776
-0.80731165
-1.0241537
-0.47992262
-0.59046954
0.9316769
-0.91785866
-0.37362745
0.6085397
-0.59046954
-0.04623839
-0.04623839
-0.59046954
-0.47992262
-0.04623839
-0.59046954
0.71483487
0.06005676
-0.5947214
0.82113004
0.27689886
0.7105831
0.3874458
0.6042879
0.27689886
-1.4620898
-0.04623839
-0.37362745
-0.59046954
0.28115067
-0.36937565
-1.0241537
-1.4578379
-0.8030599
-1.67468
-1.4535861
-2.1083643
-1.5641332
-1.0199019
-2.2189112
-0.15253355
-1.2409959
-1.4620898
-1.3515428
-0.6967647
-0.37362745
0.8253819
-0.59046954
0.28115067
0.17060372
-0.59046954
0.06005676
-0.04623839
-1.3515428
-1.1304489
-0.8030599
-1.5641332
-1.9978173
-2.1083643
-1.7809752
-1.0199019
-1.9978173
-1.9978173
-1.7809752
-1.891522
-0.9136068
-1.7852271
-1.0241537
0.28115067
-0.59046954
0.06005676
1.5822034
1.4759082
0.49374095
0.82113004
0.7105831
1.0379721
1.9053404
1.2505624
1.4716563
0.60003614
0.7105831
1.7990454
1.1442673
1.3611094
1.5822034
0.38319403
0.055804953
0.60003614
0.7105831
0.60003614
0.38319403
0.70633125
1.3611094
1.9053404
1.9010887
2.555867
2.0073838
1.7905419
2.879004
2.4410682
1.5694479
4.511698
3.5295303
3.6358256
4.06951
4.94113
4.3968987
4.3968987
4.2863517
5.1579723
3.9589627
4.180057
4.830583
3.7421207
4.06951
3.7463725
2.7684572
3.7463725
3.7463725
2.3347728
2.4410682
3.312688
2.7684572
2.65791
3.2021413
4.180057
4.06951
2.8747523
3.9589627
4.503194
3.5252786
3.6358256
5.0474253
4.503194
4.06951
3.9589627
4.2863517
3.0873425
4.94113
4.065258
3.7421207
4.06951
4.06951
3.7421207
2.8705006
3.1978896
3.737869
3.3041847
4.503194
4.720036
4.6094894
4.3926473
4.720036
4.3926473
4.1758046
4.503194
4.1758046
3.9589627
3.848416
3.848416
3.848416
3.737869
3.848416
3.631574
3.631574
3.631574
2.8705006
4.2863517
4.2863517
4.503194
3.5252786
4.503194
3.631574
4.06951
4.613741
3.5252786
3.5252786
3.7421207
2.2199743
3.0915945
2.4410682
2.4410682
2.5516152
0.9189216
1.0294685
1.7905419
1.0294685
2.879004
2.117931
1.7905419
1.7905419
1.1400155
1.4674045
1.9010887
0.37894222
0.37894222
1.5736997
0.7020795
1.2463106
2.3390248
0.5957843
0.37894222
0.81687826
-0.27158412
0.16635191
-0.16103715
0.70633125
-0.054742
0.1621001
1.0337203
0.4894892
-0.4884262
-0.27158412
-0.16103715
-1.2494994
-0.7052683
-0.8115635
-1.4663416
0.49374095
-0.2673323
-0.8115635
-1.6831837
-1.0284055
-0.9221104
0.6042879
-0.37787926
-0.7052683
-0.5947214
-0.9221104
-1.1347008
-0.2673323
-0.04623839
-1.3557947
-0.4841744
-1.1389525
-1.7894788
-0.15678534
-1.1389525
-1.4620898
-1.4620898
-1.568385
-3.0905313
-2.3294582
-2.2189112
-2.3294582
-2.3294582
-1.7852271
-3.0905313
-2.5463004
-2.1083643
-3.3073738
-3.851605
-2.9799845
-3.1968267
-2.4357533
-2.7631423
-2.3252065
-2.1083643
-3.3073738
-2.2189112
-2.8736894
-2.3294582
-1.4620898
-1.0241537
-0.37362745
-1.0241537
-1.678932
-1.3515428
-0.59046954
-0.59046954
-1.0284055
-1.0284055
-1.1347008
-1.2452477
-1.678932
-1.895774
-1.568385
-1.7852271
-2.5463004
-2.3294582
-2.0020692
-1.2409959
-2.112616
-2.116868
-0.7010165
-0.59046954
-1.568385
-1.7852271
-1.2409959
-0.9136068
-1.568385
-1.678932
-0.37362745
-0.59046954
-0.2630805
-0.7010165
-1.4620898
-0.4841744
-0.2673323
-0.4841744
0.16635191
-0.16103715
0.38319403
0.16635191
1.1485192
0.06005676
0.27689886
-0.7010165
-0.050490197
-0.59046954
-0.04623839
-1.1347008
-0.80731165
-1.895774
-1.7852271
-1.895774
-1.3515428
-1.568385
-1.568385
-2.112616
-1.4578379
-1.0241537
-0.9136068
-1.0241537
-0.7010165
-0.91785866
-1.4620898
-0.37362745
0.16635191
0.06005676
0.60003614
0.06005676
0.16635191
0.49374095
1.3653612
-0.2673323
0.7105831
0.16635191
1.0379721
-0.050490197
0.16635191
-0.4841744
0.16635191
-0.37787926
0.06005676
-0.37787926
0.055804953
-0.37787926
0.06005676
-0.4841744
-1.1347008
-0.8115635
-1.2452477
-0.8115635
-0.37787926
1.2548143
0.38319403
0.27689886
0.60003614
0.055804953
0.055804953
0.6042879
0.7105831
-0.16103715
0.38319403
-0.16103715
-0.16103715
0.7105831
0.16635191
-0.050490197
0.27689886
-0.7010165
-0.7010165
-1.4620898
0.17060372
-1.0284055
-0.15678534
-1.0284055
-1.7894788
-0.04623839
-0.91785866
-0.37362745
-0.7010165
-0.15678534
-1.4620898
0.3874458
0.17060372
-0.59046954
-1.2452477
-0.2673323
-0.2673323
-0.27158412
0.7105831
0.27264705
1.0379721
1.2548143
-0.16103715
-0.37787926
0.3874458
1.1485192
-0.8115635
-0.050490197
0.27689886
0.055804953
0.7105831
0.38319403
0.16635191
0.49374095
-0.4884262
-0.5947214
0.16635191
0.27689886
0.81687826
-0.81581527
0.38319403
0.60003614
1.6884984
0.38319403
0.7105831
0.60003614
1.5822034
0.92742515
1.3611094
0.70633125
1.0337203
0.70633125
1.1442673
1.3653612
1.2548143
0.82113004
0.7105831
1.5822034
0.27689886
0.06005676
0.3874458
-0.2673323
-0.8115635
-0.15678534
-0.7010165
-0.8115635
-0.2673323
0.49799278
0.3874458
0.06005676
-0.37362745
-0.2630805
-0.6967647
-0.91785866
-0.80731165
-0.59046954
-0.2673323
-0.9221104
1.0379721
-0.4841744
-1.1347008
-1.2452477
-1.7852271
-0.47992262
-2.5463004
-1.67468
-1.7809752
-1.347291
-2.3252065
-1.9978173
-3.0862796
-2.3252065
-3.4136686
-2.8694377
-3.3073738
-2.6525953
-2.8694377
-3.303122
-2.8651857
-2.1041124
-3.843101
-2.9757328
-3.519964
-3.192575
-3.192575
-4.064195
-4.604174
-3.7368062
-4.1704903
-4.9315634
-3.0820277
-3.953648
-2.6483436
-3.519964
-2.8651857
-4.3873324
-4.2767854
-4.7104697
-4.7104697
-6.1220694
-5.79468
-6.1220694
-5.905227
-6.0115223
-5.467291
-6.662049
-6.8788905
-7.423122
-7.750511
-7.8568063
-6.7683434
-7.963101
-7.312575
-8.073648
-7.746259
-7.529417
-8.834722
-8.834722
-8.29049
-9.268406
-8.613627
-9.374701
-9.153607
-10.675754
-10.892595
-11.32628
-10.675754
-12.1979
-11.109438
-11.653669
-11.653669
-12.304195
-12.193648
-12.304195
-11.976806
-12.304195
-12.41049
-11.653669
-11.436827
-11.219984
-10.242069
-10.569458
-10.463163
-10.029479
-9.702089
-9.16211
-8.945269
-9.16211
-8.1841955
-7.6442156
-7.6442156
-8.298994
-7.4273734
-8.0779
-8.62213
-7.8610573
-8.298994
-8.082151
-7.8610573
-7.2062798
-8.62213
-8.405289
-8.732677
-7.9716043
-7.6484675
-6.45371
-5.475795
-5.2589526
-6.130573
-5.6968884
-6.3474145
-5.9137306
-5.2589526
-4.391584
-4.1747417
-4.608426
-4.502131
-4.285289
-2.8694377
-3.3073738
-3.9578998
-4.285289
-3.3073738
-3.851605
-3.3073738
-2.0020692
-3.2010784
-2.4357533
-3.0905313
-4.285289
-2.7631423
-2.6525953
-3.5242157
-3.2010784
-2.8736894
-2.3294582
-2.5463004
-3.4179204
-2.6525953
-2.7631423
-3.851605
-3.4179204
-2.3294582
-1.4620898
-1.9000257
-1.5726367
-1.2452477
-2.116868
-2.006321
-2.5505521
-2.444257
0.27264705
-0.4884262
-0.38213107
0.9231734
-0.38213107
-0.16528895
1.0294685
0.1621001
0.70633125
1.2463106
2.330521
2.003132
3.3084364
2.9810476
3.1978896
3.0873425
4.06951
4.503194
4.4989424
5.799995
6.77791
6.123132
7.2115946
6.450521
6.2336793
6.016837
5.578901
6.3442264
7.3221416
7.1010475
5.90629
5.4726057
4.715784
4.2821
3.8526678
3.848416
4.613741
4.503194
3.5210268
3.5210268
3.848416
2.8705006
3.0873425
3.5252786
3.3084364
3.5252786
4.06951
4.065258
5.1537204
4.4989424
4.0610065
3.737869
4.0610065
4.826331
3.954711
4.065258
3.0873425
3.414732
3.414732
2.3262694
1.565196
1.4589009
0.05155315
0.48523736
0.7020795
0.59153247
2.330521
3.8569195
2.7684572
2.224226
1.4589009
1.896837
2.6536584
3.1936376
3.631574
4.4989424
5.4768577
4.4989424
5.1537204
4.6094894
4.2821
3.848416
3.5210268
2.8705006
3.414732
4.503194
2.1094272
2.9810476
2.8747523
2.003132
3.0915945
1.7905419
1.5694479
2.4410682
1.6842467
0.48523736
-0.054742
0.05155315
0.60003614
0.81687826
0.70633125
1.0294685
1.3568575
2.0073838
2.2199743
3.0915945
3.1978896
2.5473633
2.2199743
2.224226
1.896837
2.8747523
2.8747523
2.4368165
2.8705006
2.9810476
2.5431116
2.003132
2.1136792
1.1357636
0.59153247
1.7862899
1.3526058
1.4589009
1.7862899
1.7905419
0.9189216
1.5736997
0.1578483
0.59153247
-0.058993805
0.8126264
0.5957843
-0.59897316
-0.054742
-0.59897316
-0.9263622
-0.27158412
-0.81581527
-0.058993805
0.5957843
0.48523736
-0.058993805
0.5957843
0.70633125
-0.59897316
-0.59897316
0.38319403
0.27264705
-0.59897316
-0.16103715
-0.054742
-0.9221104
-1.9000257
-2.771646
-2.4400053
-1.7852271
-2.8736894
-2.0020692
-1.895774
-1.7894788
-2.767394
-2.5463004
-1.67468
-3.851605
-3.5242157
-3.851605
-2.7631423
-3.0905313
-1.7852271
-0.91785866
-1.7894788
-1.0284055
-2.33371
-1.7937305
-0.2673323
-0.5947214
-0.050490197
0.055804953
0.60003614
-0.050490197
-0.27158412
0.16635191
-0.15678534
-0.8115635
-0.37362745
-2.9842362
-2.767394
-2.112616
-2.0020692
-2.8736894
-2.4357533
-3.9621515
-2.1083643
-2.5463004
-2.7631423
-2.223163
-1.5726367
-0.4841744
-1.0284055
-1.3557947
-0.8115635
-0.8115635
-1.3557947
0.06005676
-0.2673323
-0.050490197
-0.8115635
-1.3557947
-0.2673323
-0.050490197
-1.4620898
-2.006321
-2.5463004
-1.891522
-2.4357533
-2.4357533
-2.3252065
-3.6305108
-2.1083643
-1.7809752
-2.2189112
-2.7631423
-2.112616
-2.223163
-1.4620898
-2.116868
-1.0284055
-1.2452477
-0.37787926
-0.8115635
0.06005676
-0.8115635
-0.7052683
-0.5947214
1.2548143
0.16635191
0.16635191
0.38319403
0.055804953
0.055804953
0.27264705
-0.27158412
0.70633125
0.4894892
0.60003614
1.0337203
1.6842467
1.4674045
0.8126264
1.6842467
2.3347728
2.65791
2.8747523
3.6358256
3.0873425
4.1758046
3.737869
3.9589627
4.1758046
3.9589627
3.631574
3.7421207
3.414732
4.613741
2.9810476
3.8526678
2.9810476
3.5252786
3.8526678
3.2021413
4.180057
4.3968987
3.5252786
3.7421207
3.631574
3.631574
4.065258
4.830583
4.830583
3.848416
4.3926473
5.0431733
5.1494684
5.804247
6.237931
5.583153
5.799995
5.583153
5.799995
6.454773
6.1316357
5.804247
5.4768577
5.5874047
4.605237
5.0431733
4.826331
4.3883953
4.171553
5.0431733
5.1537204
4.9326262
6.0210886
4.9326262
6.1273837
6.9947524
6.9947524
7.538984
7.9726677
6.9905005
7.6452785
7.6452785
6.7736583
6.556816
7.4284363
7.3221416
6.123132
6.450521
6.9947524
6.561068
6.556816
7.1010475
7.2115946
6.8842053
6.556816
6.9905005
7.207342
7.4241843
7.207342
7.1010475
6.7736583
6.663111
6.4462695
6.667363
6.012585
5.90629
5.3620586
5.9105415
5.2557635
5.2557635
5.1452165
4.4946904
5.6937
3.9504592
5.2557635
3.6273217
3.954711
3.6273217
4.3926473
3.5210268
4.1758046
3.4104798
3.7421207
4.065258
3.0873425
3.1936376
3.414732
2.7599535
2.9767957
2.3262694
2.9810476
2.5473633
3.1978896
2.1094272
3.5252786
2.003132
2.3262694
2.6536584
3.3084364
2.5431116
1.9988803
2.7599535
2.3262694
3.1936376
2.6494067
3.737869
3.1936376
4.826331
3.954711
3.737869
3.1936376
3.5210268
3.0830908
3.954711
3.0830908
4.8220797
4.3883953
4.171553
3.737869
4.3883953
3.6273217
3.6273217
3.737869
3.1936376
3.1936376
3.4104798
2.3220174
3.1936376
2.6494067
3.848416
3.3041847
2.9767957
2.9767957
2.6494067
2.6494067
3.414732
2.8705006
2.6536584
1.4589009
2.7642052
1.4589009
2.4368165
2.003132
2.003132
1.896837
0.3746904
0.7020795
-0.058993805
0.9231734
-0.70952016
-0.8200671
-0.054742
-0.9263622
0.5957843
-0.9263622
0.5957843
-0.70952016
-0.16528895
0.8126264
-0.930614
-0.058993805
1.4631528
-0.38638288
1.3526058
1.3526058
1.7862899
2.1094272
1.348354
2.4368165
1.4589009
1.348354
1.2420589
1.6799948
1.3526058
0.1578483
0.37894222
-0.49267802
-0.38638288
0.48098555
0.26414344
0.9189216
2.4410682
1.2463106
0.59153247
0.3746904
0.9189216
1.3526058
0.48098555
1.2420589
1.1315118
2.003132
1.7862899
1.6757431
0.8083746
1.896837
0.9189216
0.9189216
1.5694479
1.7862899
2.003132
1.4589009
2.5473633
2.003132
2.5473633
1.2420589
1.2420589
1.1357636
1.4631528
0.26839525
-0.49267802
-0.9263622
-0.38213107
-0.49267802
0.3746904
0.7020795
1.6799948
1.2420589
0.8126264
0.1578483
0.26839525
2.4410682
2.0073838
1.896837
2.7684572
2.330521
2.7642052
1.8925852
2.2199743
2.2199743
2.003132
1.3526058
1.0294685
1.2463106
0.37894222
0.48523736
-0.16528895
0.055804953
-0.9263622
-0.37787926
-1.2494994
-2.010573
-1.7894788
-2.006321
-0.8115635
-0.4884262
0.055804953
-0.16103715
0.27264705
-0.7052683
0.055804953
0.27264705
-0.38213107
0.055804953
0.1621001
-0.38213107
-0.27158412
0.60003614
-0.16103715
-0.4884262
0.7105831
0.05155315
0.81687826
1.3611094
0.81687826
0.055804953
-0.27158412
0.38319403
-0.37787926
-0.050490197
0.7105831
-0.8115635
-0.37787926
-0.37787926
0.055804953
-0.37787926
0.16635191
0.055804953
-0.27158412
-0.050490197
0.60003614
-0.37787926
0.4894892
0.60003614
1.6884984
1.2505624
1.4674045
1.1400155
1.9010887
0.5957843
1.3568575
2.0073838
2.3347728
2.879004
2.3347728
2.4410682
2.3347728
0.9189216
2.989551
2.44532
1.4674045
2.228478
1.6842467
0.37894222
1.4674045
1.2505624
0.81687826
0.60003614
1.3611094
0.38319403
1.6884984
2.4495716
1.3611094
2.0116355
1.6842467
1.1400155
2.0073838
2.879004
3.2063932
2.3347728
3.0958462
3.2021413
4.3968987
3.9589627
4.724288
3.7421207
4.613741
3.8526678
5.1579723
4.2863517
3.6358256
3.7463725
3.0958462
2.879004
2.330521
2.9852993
3.6358256
3.7463725
3.0958462
2.0073838
3.2063932
2.879004
2.8747523
2.7684572
4.180057
4.94113
3.414732
3.9589627
5.1537204
4.6094894
5.6979513
5.1537204
4.2821
4.715784
5.0431733
5.0431733
5.914794
6.1316357
4.9326262
5.6979513
4.4989424
4.065258
4.1758046
3.9589627
3.5252786
3.0915945
2.4368165
3.312688
2.7684572
2.224226
1.6799948
1.5736997
2.3347728
2.4410682
3.4232354
2.330521
2.224226
1.2463106
2.0073838
2.228478
1.4674045
1.7905419
1.4674045
1.7947936
2.3390248
2.117931
1.9010887
2.3347728
2.224226
2.44532
1.4674045
2.44532
2.228478
1.3568575
2.1221828
0.37894222
1.4716563
0.055804953
-0.16103715
0.60003614
-0.16103715
-0.37787926
0.06005676
-1.4663416
-0.8115635
-0.9221104
0.7105831
-0.37787926
0.055804953
-0.37787926
0.38319403
-0.054742
0.38319403
-0.054742
0.1621001
0.27264705
0.27264705
1.4674045
1.9010887
2.3347728
1.5736997
2.44532
1.6842467
1.0294685
0.37894222
0.81687826
0.4894892
0.055804953
-0.9221104
-1.3557947
-2.444257
-0.37362745
-1.4620898
-2.006321
-2.112616
-1.7894788
-1.678932
-1.895774
-1.4620898
-1.5726367
-1.9000257
-0.8115635
-1.4620898
-0.9221104
0.27264705
-0.59897316
0.27264705
-0.16528895
0.4894892
-0.49267802
-0.9263622
0.055804953
-0.7052683
-0.27158412
0.38319403
-0.5947214
-1.0326574
-0.8115635
-1.3557947
-2.661099
-1.895774
-2.223163
-2.9842362
-3.5284674
-2.223163
-1.4620898
-2.006321
-2.116868
-2.3379617
-2.116868
-1.2494994
-0.81581527
-1.5768886
-0.81581527
-0.38213107
-0.81581527
-0.81581527
-0.81581527
-1.0326574
-0.70952016
0.1621001
-0.59897316
-1.0326574
-1.1432043
-0.59897316
-0.27158412
-0.38213107
-0.16528895
-0.38213107
-0.2758359
0.48523736
0.04730134
-0.16954076
0.9189216
0.7020795
0.48523736
0.3746904
1.1357636
0.1578483
0.04730134
0.3746904
0.7020795
0.59153247
1.2420589
0.8083746
1.1357636
1.0294685
0.48523736
0.3746904
0.9189216
0.9189216
0.3704386
0.26414344
0.8083746
1.1357636
1.1357636
1.0294685
1.5694479
1.0252168
1.1357636
-0.38638288
0.48523736
0.26839525
0.26839525
0.48523736
0.26839525
-0.49267802
0.05155315
-0.2758359
-1.1432043
-0.59897316
-0.9263622
-0.49267802
-0.9263622
-1.6874356
-0.81581527
-1.1432043
-0.9263622
-1.2537513
-1.1432043
-0.603225
-1.0369092
-0.603225
0.59153247
0.1578483
1.0252168
0.8083746
0.69782764
0.69782764
1.2420589
1.565196
1.6757431
1.1315118
0.26414344
0.26414344
0.26414344
0.48098555
0.04730134
0.69782764
-0.06324561
0.25989163
1.1315118
1.0252168
1.348354
1.348354
0.25989163
0.48098555
0.48098555
-0.16954076
0.26414344
0.26414344
0.3704386
0.8041228
0.8041228
0.15359649
0.58728075
0.25989163
1.237807
2.1094272
1.348354
1.348354
1.1315118
1.237807
1.020965
1.2420589
1.6757431
0.8041228
0.8041228
0.3661868
1.1315118
0.58728075
0.91466975
0.59153247
1.1357636
-0.930614
-0.7137719
-0.17379257
-0.7180237
0.58728075
0.58728075
1.237807
1.4546491
1.9988803
1.1315118
2.003132
1.2420589
1.1315118
0.58728075
0.69782764
0.3704386
2.1094272
2.5431116
2.1051755
2.6494067
1.4546491
1.3441021
1.8883334
1.9988803
0.25989163
0.69782764
1.0252168
1.0252168
-0.5011816
0.91466975
0.91466975
0.91466975
0.47673374
0.69782764
1.4589009
0.043049537
1.348354
1.1315118
0.8041228
1.8925852
1.020965
2.3262694
2.3262694
2.7599535
2.9767957
1.9988803
1.9988803
1.020965
1.0252168
1.5694479
0.59153247
1.348354
1.2420589
1.6757431
1.1315118
1.6757431
2.3262694
1.8925852
2.003132
1.8925852
1.7820382
0.8083746
1.2420589
1.2420589
1.2420589
1.6757431
2.1094272
3.3041847
2.7599535
3.3041847
2.972544
3.5210268
2.7599535
3.4104798
1.8925852
1.8925852
1.0252168
1.2420589
2.4368165
2.2199743
2.003132
2.4368165
0.91466975
1.1357636
0.59153247
1.3526058
-0.058993805
0.9189216
-0.16528895
-0.49267802
0.8126264
-0.058993805
0.9189216
0.9231734
0.48523736
0.26839525
0.26839525
0.1578483
1.2463106
1.896837
1.6757431
2.1136792
2.9810476
2.5473633
2.65791
2.1136792
1.5694479
1.896837
1.0294685
1.0294685
0.8126264
0.9189216
0.9189216
1.2463106
1.2463106
2.4410682
1.5694479
1.7862899
2.330521
1.0252168
1.896837
2.224226
1.7862899
1.6799948
2.1136792
2.330521
1.8925852
3.1978896
3.9589627
3.848416
3.848416
4.1758046
3.3041847
4.1758046
3.848416
4.2863517
4.065258
3.848416
4.2821
4.065258
3.6273217
3.7421207
3.1978896
3.737869
4.1758046
3.9589627
4.720036
4.1758046
3.848416
4.3926473
4.1758046
4.1758046
3.5210268
3.7421207
3.5252786
3.9589627
3.3084364
4.503194
4.503194
3.5252786
3.954711
4.3926473
3.848416
4.715784
5.0431733
4.720036
4.613741
4.1758046
4.2863517
4.06951
3.631574
5.1579723
3.5252786
3.848416
3.848416
4.2863517
4.065258
4.830583
4.936878
4.6094894
4.3926473
4.503194
5.1579723
3.7421207
4.06951
3.631574
3.9589627
3.848416
3.5210268
5.6979513
4.826331
4.4989424
4.2821
4.9326262
5.5874047
5.0431733
4.715784
4.4989424
4.6094894
4.715784
4.936878
4.936878
4.4989424
4.715784
4.3926473
5.1579723
4.1758046
4.3926473
5.6979513
5.481109
5.0431733
5.914794
5.5874047
4.171553
3.848416
4.6094894
4.4989424
4.1758046
3.9589627
3.5210268
3.8526678
3.7421207
3.9589627
4.2863517
4.180057
3.8526678
3.7421207
4.3926473
4.06951
4.2821
4.1758046
4.3926473
5.0474253
4.1758046
5.264267
4.4989424
5.914794
4.936878
5.3705626
5.1537204
4.1758046
3.954711
4.503194
4.830583
3.9589627
4.830583
3.9589627
3.414732
4.06951
3.1978896
4.06951
4.3968987
3.0915945
3.6358256
3.3084364
3.414732
4.1758046
4.720036
4.503194
4.830583
4.065258
4.503194
5.0474253
5.3705626
6.0253406
5.6937
5.3705626
6.1316357
5.2600155
5.6979513
4.826331
5.4768577
4.826331
4.3926473
4.720036
3.954711
5.914794
4.6094894
3.848416
4.2863517
4.503194
4.503194
4.1758046
4.065258
4.2863517
4.1758046
4.720036
4.720036
4.3968987
4.720036
5.0474253
5.1579723
3.631574
5.264267
3.9589627
5.1537204
5.264267
4.6094894
3.9589627
4.6094894
4.724288
5.264267
4.1758046
4.830583
4.720036
4.720036
4.6094894
5.481109
4.936878
5.3705626
3.1936376
3.5210268
3.5210268
3.1978896
3.631574
3.7421207
4.3968987
3.3084364
3.312688
2.1136792
2.330521
3.6358256
3.3084364
2.5473633
3.5252786
2.9810476
3.9632149
2.9810476
3.631574
3.3084364
3.5252786
2.3262694
4.3926473
4.503194
5.0474253
3.848416
4.2821
4.2821
4.826331
4.1758046
3.4104798
3.9589627
3.5252786
3.7421207
3.9589627
3.1978896
3.5252786
3.6358256
1.7862899
1.6799948
0.9189216
1.5736997
2.7684572
2.7684572
3.0915945
3.3084364
2.9810476
3.1978896
2.6536584
3.7421207
3.414732
3.7421207
3.3084364
2.4410682
2.65791
2.224226
2.1136792
2.879004
1.4631528
1.3526058
1.5694479
1.5736997
1.0294685
1.5736997
0.8126264
0.5957843
0.27264705
0.70633125
0.26839525
1.0337203
0.4894892
-0.81581527
0.27264705
-0.59897316
-0.38213107
0.37894222
-0.38213107
0.05155315
0.8126264
1.2463106
0.59153247
1.4631528
1.6799948
1.896837
2.4410682
1.4589009
1.6799948
1.5694479
1.896837
2.224226
1.6799948
2.0073838
1.0294685
0.8083746
1.1400155
0.48523736
0.26839525
0.37894222
0.37894222
0.4894892
0.27264705
-0.9221104
-1.3557947
-2.661099
-3.5284674
-2.223163
-1.5726367
-1.5726367
-0.16103715
0.055804953
-0.81581527
-0.2673323
-0.7052683
-2.2274148
-1.3557947
-1.2452477
-2.33371
-1.5726367
-1.3557947
-0.4841744
-0.050490197
-0.4884262
-1.2494994
-0.5947214
-2.2274148
-2.112616
-2.767394
-1.678932
-3.2053301
-1.678932
-2.223163
-0.9221104
-2.010573
-1.1389525
-0.2673323
-1.678932
-2.9842362
-3.7453096
-2.8736894
-2.223163
-0.91785866
-1.3557947
-1.1389525
-1.4663416
-1.3557947
-1.5726367
-1.3557947
-1.3557947
-1.2452477
-1.9000257
-1.1347008
-1.568385
-1.3557947
-1.6831837
-1.0326574
-0.38213107
-0.81581527
-0.16528895
-0.59897316
-0.59897316
-0.59897316
-0.050490197
-0.9221104
-0.9221104
-2.33371
-1.6831837
-1.0284055
-2.33371
-1.9000257
-1.2452477
-1.6831837
-1.0284055
-0.4841744
-1.678932
-2.33371
-2.223163
-1.0284055
-1.0284055
-0.2673323
-1.0326574
-0.7052683
-0.050490197
-0.16103715
-0.27158412
0.27264705
0.70633125
-0.16103715
0.60003614
0.81687826
0.4894892
0.1621001
-0.59897316
-0.59897316
0.16635191
-0.7052683
0.38319403
0.49374095
0.16635191
0.49374095
-1.3557947
-0.7052683
-0.7052683
-0.27158412
-0.37787926
0.60003614
0.27264705
0.1621001
-0.16103715
1.4674045
1.4674045
1.0337203
1.4674045
0.8126264
2.0116355
1.5736997
2.5516152
1.4631528
2.4410682
2.4410682
2.7684572
2.224226
1.5694479
2.4410682
2.1136792
2.5516152
2.3347728
1.6799948
1.6842467
1.1400155
1.1442673
0.5957843
1.4674045
2.0116355
1.1400155
1.1400155
2.117931
1.9010887
1.3568575
1.7905419
2.3347728
3.7463725
2.330521
3.8526678
1.896837
2.8747523
2.4410682
3.5295303
2.9852993
2.5473633
3.5252786
2.9852993
4.180057
2.8747523
4.8348346
3.8526678
3.6358256
2.8747523
2.9852993
3.0958462
2.224226
2.4410682
4.0737615
2.1136792
3.2021413
2.2199743
3.6400774
1.896837
2.5516152
3.4232354
0.8126264
1.5736997
1.0294685
1.5736997
2.879004
2.5516152
2.8747523
2.9852993
3.0915945
3.0915945
4.613741
2.7642052
3.9632149
3.5252786
2.9852993
2.9852993
1.7905419
1.5736997
1.9010887
1.1400155
2.0116355
1.3568575
1.2505624
1.9010887
0.48523736
2.228478
0.05155315
0.1621001
1.3568575
0.9231734
2.44532
1.2463106
1.0294685
2.662162
1.6799948
2.330521
2.1136792
3.0958462
2.117931
2.224226
0.7020795
1.1400155
1.0294685
1.1400155
2.117931
1.3568575
1.9010887
1.5736997
2.7684572
2.3347728
2.228478
1.5779516
0.4894892
2.3390248
1.4674045
1.7905419
2.7684572
2.7684572
2.224226
2.3347728
1.4631528
1.9010887
1.0337203
0.4894892
0.92742515
-1.0326574
-0.37787926
0.81687826
0.70633125
0.70633125
0.27264705
-0.27158412
-0.37787926
0.38319403
0.27264705
0.27264705
0.7105831
1.3611094
0.27264705
2.0116355
1.7905419
1.2463106
0.9189216
1.1400155
2.117931
1.1400155
1.1400155
0.70633125
0.38319403
-0.4884262
0.60003614
-0.27158412
0.38319403
-0.16103715
-0.16103715
-0.38213107
-0.050490197
0.055804953
-0.4884262
-0.27158412
0.4894892
1.1400155
0.70633125
0.37894222
1.9010887
0.05155315
0.05155315
0.9231734
-0.054742
0.1621001
-0.38213107
0.16635191
1.0379721
-0.050490197
-0.38213107
0.4894892
0.5957843
-1.1432043
-0.9263622
-0.27158412
-0.81581527
0.16635191
-1.4663416
-0.37787926
0.16635191
-0.38213107
-0.81581527
0.37894222
0.26839525
1.9010887
0.48523736
1.9010887
0.48523736
1.2463106
1.3568575
2.224226
0.3746904
2.224226
2.330521
2.2199743
1.4589009
2.5473633
2.8747523
1.896837
0.9189216
2.224226
0.7020795
1.4631528
1.5736997
-0.058993805
-0.38213107
0.05155315
0.9231734
0.37894222
0.1621001
-0.70952016
-0.27158412
-0.81581527
0.60003614
-0.38213107
0.9231734
1.2505624
1.0294685
1.0294685
1.9010887
1.5736997
2.0073838
1.2463106
1.2463106
1.6842467
2.0073838
1.6799948
0.59153247
2.224226
1.1357636
2.330521
0.9189216
1.896837
2.117931
2.224226
0.8126264
0.48523736
1.5736997
0.5957843
1.4674045
-0.16528895
0.48523736
1.1400155
1.0294685
1.0294685
0.59153247
1.6799948
1.3568575
-0.38638288
0.5957843
-0.16528895
0.5957843
-0.16528895
0.37894222
0.26839525
1.5736997
1.1357636
1.6799948
0.8083746
2.1136792
2.4410682
1.3526058
2.1136792
1.3526058
1.896837
1.3526058
1.6799948
1.2420589
1.7862899
1.3526058
0.1578483
1.3568575
0.48523736
0.8126264
-0.058993805
-0.2758359
-0.2758359
0.37894222
0.1621001
0.5957843
-0.16954076
1.2463106
1.2463106
0.3746904
0.7020795
1.0294685
0.8126264
-0.16528895
0.05155315
0.1621001
0.1621001
0.1621001
-0.49267802
0.5957843
0.9231734
-0.2758359
-0.9263622
-0.38213107
-0.4884262
-1.2537513
-0.59897316
-0.59897316
-0.9263622
-0.81581527
-0.59897316
-1.1432043
-0.4884262
-0.7052683
-0.81581527
-1.4663416
-2.116868
-0.9221104
-0.37787926
-1.0326574
-0.59897316
-0.27158412
-0.70952016
-0.81581527
0.05155315
-0.49267802
0.9231734
-0.16528895
-0.16528895
-0.16528895
0.26839525
0.9231734
0.26839525
1.0294685
-0.70952016
0.37894222
-0.38213107
-1.2537513
-0.16528895
-1.1432043
-0.4884262
-0.4884262
-0.81581527
-0.70952016
-1.4705935
-0.38213107
-0.49267802
0.1621001
0.8126264
-0.70952016
0.5957843
0.8126264
0.1578483
1.9010887
1.5736997
0.48523736
2.117931
1.2463106
1.6799948
1.4631528
1.0252168
1.6799948
0.1578483
0.1578483
1.4631528
0.3746904
0.7020795
0.26839525
-0.38213107
-0.9263622
-0.27158412
0.81687826
0.1621001
-0.70952016
0.48523736
0.37894222
1.0294685
-0.38213107
-0.49267802
-0.16528895
-0.16528895
0.05155315
-0.70952016
0.26839525
0.3746904
0.9189216
0.5957843
-0.058993805
1.2463106
1.0294685
0.8083746
1.1357636
2.4410682
2.5473633
1.8925852
2.6536584
2.003132
2.5431116
1.8925852
2.1094272
3.5252786
2.2199743
1.8925852
2.7642052
1.2420589
1.3526058
1.1357636
1.0252168
1.4589009
1.3526058
1.3526058
1.7862899
1.6799948
1.2420589
2.003132
1.896837
3.3084364
3.5252786
2.5473633
2.7642052
3.631574
3.631574
4.503194
3.7421207
2.9810476
2.6536584
2.8705006
3.3084364
2.9810476
2.8747523
2.2199743
2.330521
1.2420589
2.5473633
1.8925852
3.414732
2.6536584
3.3041847
4.065258
3.414732
4.830583
3.0873425
2.8705006
2.5473633
2.2199743
2.8705006
2.9810476
3.3041847
3.0873425
2.5431116
3.3041847
2.7599535
2.4368165
2.330521
2.4368165
2.330521
2.003132
2.7642052
3.0873425
3.9589627
3.5210268
3.737869
3.737869
3.737869
3.5210268
3.5210268
3.5210268
4.065258
3.848416
3.3041847
4.065258
2.8705006
2.4368165
3.4189837
2.2199743
2.5473633
2.330521
2.2199743
2.4368165
2.4368165
3.8526678
3.0915945
3.1978896
4.2863517
4.3968987
3.414732
4.830583
3.7421207
3.7421207
2.8747523
2.5473633
2.224226
1.3526058
3.0958462
2.4410682
3.2021413
2.9852993
2.65791
0.9189216
0.48523736
0.37894222
0.9231734
0.27264705
0.7105831
0.27264705
-0.054742
0.05155315
1.9010887
1.5736997
1.6799948
0.7020795
1.6799948
1.4631528
1.6799948
2.224226
1.1400155
2.44532
0.5957843
-0.2758359
1.4674045
1.3568575
1.5736997
2.0073838
2.44532
0.8126264
1.2463106
1.1400155
1.3611094
0.81687826
0.4894892
0.27689886
0.38319403
0.27264705
1.0337203
0.1621001
0.9231734
0.37894222
0.4894892
0.8126264
1.1400155
1.2463106
1.2463106
1.9010887
1.6799948
0.9189216
1.7905419
2.0073838
2.0073838
1.7905419
2.1136792
1.7905419
2.1136792
1.5694479
1.5736997
1.1400155
0.4894892
0.055804953
0.16635191
0.60003614
-0.37787926
0.81687826
0.27264705
-0.054742
-0.27158412
-0.59897316
-0.16103715
0.7105831
-0.37787926
-0.2673323
-0.37787926
0.055804953
0.27264705
0.70633125
0.60003614
-0.38213107
-0.054742
-0.054742
0.81687826
0.5957843
1.5736997
2.0073838
1.5736997
2.5516152
2.5516152
1.5694479
2.5473633
1.5694479
2.65791
3.8526678
2.5431116
3.848416
3.954711
5.0431733
4.3883953
4.8220797
4.4946904
5.3663106
5.6937
4.605237
4.605237
3.844164
4.2821
4.4989424
3.737869
4.1758046
4.720036
2.9767957
3.848416
3.3041847
4.715784
5.3663106
5.1452165
6.123132
7.6452785
6.2336793
5.4726057
5.583153
5.1537204
4.936878
4.2821
4.715784
6.348478
5.583153
6.016837
7.6452785
7.7558255
6.667363
6.561068
5.038922
5.5874047
5.3705626
5.3705626
5.5874047
5.3705626
6.348478
6.2421827
5.804247
4.9326262
5.689448
6.77791
7.2115946
6.556816
7.1010475
7.9726677
8.083215
7.5347314
7.9726677
7.538984
6.123132
7.4284363
6.556816
6.667363
6.3442264
5.583153
5.6937
5.1494684
4.3883953
4.605237
4.0610065
4.605237
4.167301
4.056754
5.3663106
5.1452165
5.3620586
5.795743
6.556816
6.4462695
7.207342
7.203091
7.853617
7.092544
8.614691
8.725238
9.375764
9.265217
9.158921
9.052627
9.158921
7.853617
8.185258
6.875702
7.419933
7.203091
7.207342
7.207342
6.5525646
6.012585
5.0346694
5.4726057
5.2557635
4.928375
4.7115326
5.689448
5.1452165
4.928375
4.4946904
3.406228
4.2821
3.4104798
3.0873425
2.6536584
2.1094272
2.2199743
1.4589009
0.26414344
0.59153247
1.2420589
0.69782764
1.1315118
1.348354
1.348354
2.7599535
3.3041847
2.5388596
4.167301
5.795743
4.5967336
6.012585
4.8135757
6.3357224
6.2251754
5.357807
4.7115326
2.8662488
3.3041847
1.020965
1.1315118
1.8925852
1.565196
3.1936376
3.5210268
2.9767957
3.5210268
3.737869
3.5210268
4.3926473
4.605237
5.4768577
5.2557635
6.123132
4.8178277
4.2778482
3.844164
4.3883953
3.844164
3.5210268
4.936878
4.065258
3.4104798
3.848416
2.4368165
1.3526058
0.1578483
2.0073838
1.7905419
0.9189216
1.2420589
2.2199743
1.1315118
0.8083746
1.0252168
0.1578483
0.8083746
2.65791
2.224226
1.7862899
2.6536584
3.5210268
3.1936376
3.3041847
3.737869
3.1936376
3.3041847
3.3041847
3.737869
3.1936376
4.065258
3.1936376
2.8705006
2.9767957
3.4189837
2.5431116
1.8925852
2.003132
1.896837
1.1357636
0.5957843
-0.49267802
0.9231734
1.2505624
0.27264705
-0.7052683
-0.38213107
0.5957843
0.1621001
-0.054742
-0.16528895
-0.4884262
-0.27158412
0.055804953
0.1621001
0.70633125
0.1621001
2.3347728
1.5736997
1.1357636
2.3347728
1.0294685
0.5957843
0.055804953
-0.81581527
0.27264705
-1.1432043
0.055804953
0.60003614
-0.81581527
-1.0326574
-1.6831837
-2.006321
-1.4620898
-1.895774
-1.7894788
-1.2452477
-2.112616
-2.006321
-1.2452477
-1.0284055
-0.4884262
-0.7052683
-0.9263622
0.27264705
-0.054742
0.27264705
0.38319403
-0.27158412
0.4894892
0.81687826
0.38319403
0.70633125
0.05155315
1.5736997
1.3568575
1.4631528
1.3568575
0.70633125
-0.59897316
-0.16103715
0.49374095
-0.050490197
0.055804953
0.82113004
0.81687826
0.60003614
0.27264705
-0.050490197
0.055804953
0.16635191
0.60003614
0.38319403
0.38319403
0.82113004
0.055804953
0.49374095
-0.27158412
0.16635191
0.49374095
1.2548143
1.2548143
1.0379721
0.60003614
0.60003614
2.2327297
1.4716563
0.81687826
1.0379721
1.3611094
1.3611094
1.9053404
1.4674045
0.5957843
1.5779516
0.37894222
0.4894892
0.055804953
1.3653612
0.38319403
0.38319403
1.2548143
0.92742515
-0.16103715
1.2548143
-0.27158412
0.82113004
0.6042879
1.3653612
1.6884984
0.81687826
1.3568575
2.772709
3.2063932
3.312688
2.9852993
4.180057
4.3968987
3.3084364
3.4189837
4.2906036
3.9674666
2.224226
3.2063932
3.0958462
1.9010887
1.1400155
2.44532
1.1400155
1.4674045
1.6842467
0.37894222
0.27264705
1.2505624
1.6884984
1.4674045
2.0073838
1.7905419
1.7905419
2.8747523
3.6358256
4.06951
4.180057
4.06951
5.0474253
4.3968987
5.3748145
4.613741
3.9589627
3.312688
2.9852993
3.312688
2.7684572
2.224226
3.2021413
3.9632149
2.8747523
2.7684572
2.9852993
2.7684572
2.7684572
3.5295303
2.65791
2.65791
3.0915945
3.6358256
3.2021413
3.4189837
3.0915945
3.0873425
3.9589627
2.8705006
2.7642052
2.7642052
3.414732
2.4368165
3.0873425
3.7421207
4.1758046
3.9589627
3.9589627
3.631574
3.414732
4.503194
4.830583
4.3926473
4.503194
4.3926473
3.5210268
3.848416
4.3926473
4.065258
3.5210268
5.0474253
3.9589627
3.848416
3.9589627
3.414732
2.5473633
3.0915945
2.8747523
2.65791
2.4410682
3.2021413
2.65791
1.7862899
2.4368165
2.5473633
3.9632149
3.3084364
3.5252786
3.3084364
2.6536584
3.1978896
2.9810476
3.5210268
4.1758046
4.3926473
4.1758046
5.1579723
3.631574
4.503194
4.1758046
4.3926473
3.848416
4.3926473
3.4189837
3.0873425
3.414732
3.414732
4.2863517
3.414732
2.6536584
3.0873425
2.003132
2.4368165
2.7642052
2.7642052
2.9810476
3.414732
4.1758046
4.4989424
3.3041847
3.5210268
4.065258
4.065258
3.631574
3.3041847
3.848416
2.7599535
3.1978896
3.0873425
2.2157223
3.5252786
3.7421207
2.8705006
2.6536584
3.1978896
1.7862899
2.224226
2.65791
2.1136792
2.003132
1.2420589
2.1094272
2.4368165
2.4368165
2.2199743
3.3084364
3.1978896
2.003132
1.4589009
2.2199743
2.8747523
2.7642052
2.5431116
2.5473633
2.5473633
1.5694479
2.1136792
1.896837
1.0252168
1.8925852
2.2199743
2.7642052
2.3262694
2.1094272
2.9810476
2.7642052
3.0873425
2.6536584
3.1978896
3.3041847
2.6536584
3.737869
3.9589627
3.3041847
3.1936376
3.848416
3.6273217
3.5210268
3.737869
4.065258
2.5431116
2.9767957
2.5473633
2.003132
1.2420589
1.2420589
2.003132
1.6757431
1.6757431
1.0252168
2.5473633
1.3526058
1.6757431
2.2199743
2.2199743
2.5473633
2.4368165
1.6757431
3.848416
2.3262694
2.5431116
2.8705006
3.414732
3.414732
2.6536584
3.7421207
2.6536584
2.1094272
2.3262694
2.4368165
3.0915945
2.4368165
1.8925852
3.0873425
3.0873425
2.3262694
2.8705006
2.9810476
2.8705006
2.7642052
3.1978896
2.3262694
2.3262694
2.6536584
2.2199743
2.6536584
3.3084364
1.0252168
1.2420589
1.0252168
1.4631528
1.6799948
0.7020795
1.3568575
0.1578483
1.2463106
1.1357636
2.330521
1.7862899
1.5694479
1.4589009
1.5694479
1.4589009
3.0873425
3.4189837
3.1978896
1.8925852
2.2199743
1.4589009
1.6757431
2.4368165
2.2199743
1.6757431
2.5431116
1.4589009
1.4589009
1.896837
1.5694479
1.5694479
2.65791
0.9189216
1.3526058
0.9189216
1.1357636
0.8083746
1.3526058
1.4631528
1.6799948
1.6799948
1.5694479
1.896837
1.0252168
1.6799948
1.2420589
1.1357636
0.59153247
0.7020795
0.9231734
0.48523736
-0.49267802
0.9189216
-0.38638288
0.3746904
1.4631528
-0.2758359
0.37894222
0.26839525
0.8126264
0.48523736
-0.058993805
1.6799948
1.1400155
0.8126264
-0.16528895
-0.9263622
-0.38213107
-0.38213107
-0.59897316
1.1400155
0.8126264
0.9189216
1.0294685
1.0294685
0.26839525
0.5957843
0.48523736
-0.2758359
0.3746904
1.5736997
2.117931
0.26839525
1.0294685
1.2463106
1.9010887
0.59153247
1.6842467
1.2463106
0.7020795
1.3568575
0.7020795
2.117931
0.8126264
0.26839525
1.2505624
0.37894222
-0.2758359
-0.59897316
0.70633125
1.2505624
-0.27158412
0.37894222
0.27264705
0.5957843
0.70633125
1.5779516
1.4674045
1.3568575
1.2463106
0.8126264
2.44532
2.44532
1.3611094
2.0116355
2.3347728
3.2063932
3.5295303
3.7463725
3.5295303
2.4410682
2.65791
2.0073838
1.4631528
2.555867
2.883256
0.9231734
1.7947936
0.9231734
1.7947936
-0.054742
0.4894892
0.1621001
-0.16103715
0.16635191
0.38319403
0.92742515
-0.27158412
1.1442673
0.81687826
1.3568575
1.6842467
1.3526058
2.5516152
1.5736997
2.224226
1.896837
2.9852993
2.4410682
2.7684572
1.7862899
3.8569195
3.7463725
4.2863517
3.1978896
3.9589627
3.6358256
3.8526678
2.8747523
3.2021413
2.7684572
2.9852993
3.0958462
2.1136792
3.6400774
2.330521
2.5473633
1.6799948
3.5295303
2.662162
1.7905419
2.8747523
3.0915945
2.5473633
3.8526678
3.9589627
4.503194
3.414732
4.2863517
4.613741
4.830583
3.8526678
3.2021413
4.507446
4.507446
3.7421207
4.2821
4.2863517
3.848416
3.9589627
4.503194
4.1758046
4.830583
4.94113
3.5252786
2.8747523
2.65791
3.9632149
2.224226
2.65791
3.2021413
2.65791
2.330521
3.6358256
4.06951
4.06951
3.5252786
4.180057
3.5252786
3.5252786
3.8526678
4.06951
3.7421207
4.06951
4.1758046
5.264267
5.0474253
4.826331
5.0474253
4.503194
4.1758046
3.9589627
4.065258
4.1758046
3.7421207
3.9589627
4.180057
3.631574
4.720036
4.1758046
2.9810476
3.8526678
3.5252786
3.9589627
4.06951
4.2863517
4.2863517
4.2863517
4.94113
4.830583
4.1758046
4.936878
4.6094894
5.0431733
6.0253406
6.35273
5.2600155
5.0431733
5.6979513
5.0431733
6.2421827
6.348478
5.1537204
5.5874047
5.6979513
5.0474253
4.6094894
4.3926473
4.503194
4.1758046
4.503194
3.848416
3.8526678
3.414732
3.8526678
3.6358256
4.2863517
4.503194
3.848416
4.720036
4.936878
3.848416
3.4104798
5.1537204
4.9326262
4.936878
4.1758046
4.2821
4.826331
4.826331
5.0431733
5.5874047
5.481109
4.4989424
4.171553
5.0431733
4.826331
3.737869
4.2821
3.1936376
4.3926473
3.737869
3.5210268
4.065258
3.9589627
3.5210268
3.414732
3.848416
3.5252786
3.1978896
3.3084364
2.4368165
3.5252786
3.5252786
3.414732
3.5210268
3.6273217
4.715784
5.4768577
5.6937
5.6937
5.1494684
4.171553
5.1494684
4.6094894
4.9326262
5.2600155
4.3883953
5.3663106
5.2600155
3.0830908
3.3041847
3.9589627
2.8747523
1.896837
1.0252168
1.896837
2.9852993
1.5694479
1.6757431
2.5473633
2.65791
3.9589627
3.848416
3.3041847
3.848416
4.503194
3.5210268
3.1978896
2.2199743
2.4368165
3.5252786
3.8526678
4.613741
4.3926473
3.737869
4.065258
4.6094894
4.3883953
4.6094894
3.5210268
3.9589627
2.9810476
3.414732
2.6536584
3.3041847
3.1978896
2.7642052
2.1136792
1.7905419
1.4631528
0.8126264
1.2463106
1.0294685
0.8126264
1.1357636
2.8747523
1.7862899
1.5694479
2.224226
2.4410682
1.3526058
2.1136792
1.7862899
2.9852993
1.3526058
2.7684572
1.5736997
1.5736997
1.5736997
0.5957843
1.0294685
1.0294685
1.896837
2.0073838
1.9010887
0.48523736
0.37894222
-0.70952016
0.1621001
0.9231734
0.4894892
0.055804953
-0.27158412
-0.16103715
-0.7052683
-0.4884262
-0.7052683
-1.7937305
-0.81581527
-0.27158412
-0.054742
0.1621001
0.1621001
1.4674045
1.0337203
0.70633125
0.70633125
1.9010887
0.26839525
1.7947936
0.37894222
0.05155315
0.70633125
-0.9263622
0.9231734
-0.4884262
0.055804953
-0.37787926
-0.4884262
-0.81581527
-1.0326574
-1.2494994
-0.9221104
-1.7937305
-2.006321
-2.9842362
-2.7631423
-2.4357533
-3.0905313
-1.7852271
-2.767394
-2.9842362
-2.006321
-2.006321
-0.4841744
-1.3557947
0.27689886
-0.050490197
-1.0326574
0.27264705
-0.27158412
0.4894892
0.37894222
1.6842467
0.26839525
0.9231734
1.1442673
0.38319403
0.49374095
-0.9221104
-1.5726367
-0.4841744
-2.116868
-1.7894788
-1.678932
-1.2452477
-2.3294582
-2.006321
-2.6568472
-2.5463004
-2.767394
-1.1347008
-2.5505521
-0.59046954
-1.0284055
-0.37787926
-0.37787926
0.92742515
-0.16103715
-0.59897316
-0.054742
-0.7052683
-0.27158412
-0.050490197
0.055804953
0.38319403
0.81687826
0.37894222
0.9231734
-0.38213107
-0.27158412
0.27264705
0.27264705
-1.1432043
0.38319403
-0.37787926
-0.4884262
-0.5947214
-0.7010165
0.06005676
-0.7052683
-0.054742
-0.37787926
-0.16103715
-0.9221104
-0.8115635
-0.37787926
0.49374095
0.27264705
0.49374095
0.27264705
0.70633125
0.9231734
1.7947936
0.9231734
1.4674045
-0.27158412
0.60003614
-0.054742
1.3611094
1.0337203
1.7947936
-0.27158412
1.3568575
0.4894892
-0.054742
0.27264705
0.60003614
1.1442673
0.27264705
-1.0326574
-0.16103715
0.49374095
-0.27158412
0.27264705
-0.81581527
-0.37787926
-0.16103715
-1.2494994
-0.27158412
-0.37787926
-0.4884262
1.1442673
0.38319403
-0.27158412
-0.054742
-0.7052683
0.055804953
0.60003614
-0.37787926
-0.59897316
-0.4884262
0.27264705
-0.054742
0.9231734
0.4894892
2.0116355
0.70633125
-0.27158412
0.81687826
-0.70952016
-0.4884262
-0.38213107
-0.16103715
-0.81581527
-1.1389525
-0.050490197
-0.4841744
-0.37787926
-1.1389525
-0.9221104
-0.37787926
-1.6831837
-1.7894788
-0.5947214
-0.9221104
0.06005676
0.38319403
-0.050490197
-0.4841744
0.49374095
0.60003614
0.60003614
-0.16103715
0.92742515
0.27264705
-0.9221104
-0.37787926
-0.38213107
-0.5947214
-0.27158412
0.16635191
-0.9221104
-1.1389525
-0.2673323
-1.1347008
-1.7894788
-0.7010165
-1.7894788
-1.3557947
0.06005676
-0.4884262
-0.2673323
-0.5947214
0.06005676
-1.2452477
-0.7010165
-0.8115635
-0.8115635
0.06005676
-0.2673323
0.055804953
-0.050490197
-0.37787926
0.27689886
0.7105831
-0.2673323
-1.0326574
0.49374095
-0.4884262
-0.8115635
-0.8115635
-1.4620898
-0.80731165
-0.80731165
-1.4620898
-1.1347008
-1.4620898
-2.223163
-1.678932
-2.112616
-2.223163
-0.6967647
-2.4400053
-0.59046954
-1.678932
-1.895774
-0.2673323
-1.4620898
-0.91785866
-1.2452477
-0.04623839
-1.678932
-0.8115635
0.06005676
-1.3557947
0.16635191
0.49374095
-0.050490197
0.17060372
0.49374095
-0.91785866
-1.6831837
-0.91785866
-0.37362745
-1.1347008
-1.7894788
-0.37362745
-2.5505521
-3.2010784
-2.2189112
-2.1083643
-2.4357533
-2.4357533
-2.9799845
-3.0905313
-2.6525953
-2.9799845
-2.5463004
-2.4357533
-3.0905313
-2.7631423
-2.8736894
-2.6525953
-3.0905313
-2.2189112
-2.0020692
-3.4179204
-2.3294582
-2.5463004
-2.2189112
-2.112616
-2.112616
-1.7852271
-1.895774
-3.7453096
-3.3073738
-2.7631423
-2.5463004
-3.0905313
-2.4357533
-1.568385
-2.3294582
-2.3294582
-1.4578379
-2.3294582
-3.0905313
-1.7852271
-1.7852271
-3.5284674
-2.6568472
-1.3515428
-1.4620898
-0.37362745
-0.8115635
-1.5726367
-1.0284055
-1.895774
-1.678932
-1.3515428
-1.895774
-2.5505521
-2.767394
-1.3515428
-2.006321
-1.2409959
-2.5463004
-1.7852271
-2.3294582
-2.7631423
-1.891522
-1.4578379
-2.0020692
-3.2010784
-1.678932
-1.3515428
-0.80731165
-2.223163
-1.678932
-0.59046954
-1.3557947
-1.3557947
-1.1389525
-0.050490197
-0.37787926
-0.2673323
-0.16103715
-0.16103715
0.81687826
-0.4884262
0.4894892
-0.16103715
-0.27158412
-1.0326574
-0.4884262
0.38319403
-0.59897316
-0.7052683
-0.27158412
0.1621001
-0.054742
0.9231734
0.8126264
1.1400155
0.5957843
0.1578483
0.8126264
1.4631528
1.2463106
1.3526058
2.8747523
1.3568575
2.4410682
2.5473633
2.7642052
3.3084364
3.0915945
2.8705006
2.9810476
3.0873425
3.7421207
4.503194
4.2863517
3.1978896
3.848416
3.954711
3.5210268
4.936878
4.3926473
3.737869
3.737869
3.0873425
3.5252786
3.5252786
4.2863517
4.06951
3.848416
3.631574
3.0873425
3.0873425
3.9589627
3.5252786
3.1936376
4.1758046
3.9589627
3.7421207
2.7599535
3.631574
3.0873425
3.848416
3.848416
3.414732
4.3926473
3.414732
3.848416
3.1936376
3.5210268
3.848416
3.631574
2.9767957
3.9589627
3.5210268
3.631574
3.9589627
3.848416
3.3041847
3.3041847
3.1978896
2.2199743
2.9810476
2.003132
2.5473633
2.5473633
2.1094272
2.003132
2.6536584
4.2863517
3.1978896
4.1758046
3.848416
4.1758046
3.1936376
3.3041847
3.3041847
2.8705006
2.6536584
2.1094272
2.330521
0.8083746
1.2463106
1.1357636
1.2463106
1.2463106
1.5736997
-0.058993805
0.26839525
0.48523736
0.05155315
-0.27158412
-0.70952016
0.48523736
0.05155315
-0.16528895
0.48523736
0.48523736
0.26839525
-0.8200671
-0.058993805
0.05155315
0.9189216
1.4631528
1.1357636
1.7862899
1.3526058
1.3526058
0.59153247
0.7020795
1.1357636
0.7020795
1.7905419
1.4631528
1.6799948
2.224226
1.6799948
1.4631528
0.9189216
-0.058993805
0.37894222
0.5957843
-0.054742
-0.4884262
-0.4884262
-1.1432043
-0.054742
-1.0326574
-0.4884262
-0.27158412
-0.81581527
-0.054742
-0.38213107
0.5957843
-0.16528895
0.1578483
-0.2758359
1.0294685
0.48523736
0.7020795
2.0073838
1.896837
3.2021413
2.330521
2.4368165
2.5473633
1.5694479
2.330521
2.0073838
0.7020795
1.5736997
0.48523736
0.59153247
1.1357636
0.48523736
1.2463106
-0.49267802
0.4894892
-0.59897316
0.27264705
0.1621001
-0.2758359
1.2463106
1.1357636
0.69782764
1.5694479
2.6536584
0.69782764
1.4589009
1.5694479
2.4410682
2.1136792
2.224226
1.4589009
1.2420589
1.2420589
1.5694479
1.1357636
1.896837
2.003132
1.0252168
1.6799948
1.2463106
1.6799948
1.1357636
0.7020795
-0.058993805
0.7020795
1.4631528
0.7020795
0.9189216
1.1357636
1.1357636
1.3526058
0.7020795
1.2463106
1.9010887
1.896837
0.8083746
2.5516152
1.3526058
2.2199743
1.4589009
3.0915945
2.5473633
2.8747523
2.2199743
3.2021413
2.4368165
2.5473633
4.3968987
2.4368165
3.9589627
3.3041847
2.9810476
3.848416
3.5252786
2.8705006
3.8526678
3.0915945
2.224226
2.1136792
1.7905419
2.7684572
1.6799948
2.8747523
3.4189837
2.5473633
3.5252786
3.6358256
3.5252786
3.3084364
3.1978896
2.7642052
3.5252786
2.9810476
3.5295303
2.8747523
2.8747523
2.7642052
3.5252786
3.5252786
4.06951
2.9810476
3.631574
3.848416
4.2863517
3.631574
2.8705006
3.9589627
3.5252786
3.7421207
3.7421207
4.06951
2.9810476
3.3084364
3.3084364
3.5252786
2.5473633
2.5473633
3.9632149
2.003132
3.8526678
2.7642052
5.0474253
4.613741
3.8526678
4.2863517
2.7642052
3.5295303
4.8348346
3.6358256
4.065258
4.06951
4.3968987
3.8526678
3.5252786
2.9810476
4.1758046
3.3084364
2.224226
2.65791
3.0958462
2.9852993
1.3568575
2.0073838
1.896837
1.0294685
0.8126264
1.9053404
0.4894892
0.8126264
0.70633125
0.5957843
1.1400155
0.5957843
0.9231734
0.8126264
2.117931
2.117931
1.2463106
2.879004
2.65791
2.0073838
2.224226
3.312688
2.7684572
2.117931
2.224226
2.0073838
2.117931
2.44532
0.7020795
0.9231734
0.8126264
1.1400155
0.9231734
0.27264705
0.81687826
0.81687826
0.27264705
0.4894892
-0.054742
0.9231734
0.055804953
0.70633125
0.70633125
0.4894892
0.1621001
0.38319403
1.4716563
0.1621001
0.055804953
0.055804953
1.2505624
0.05155315
1.4674045
1.3568575
1.7905419
2.44532
1.1357636
1.9010887
1.2505624
0.70633125
1.0294685
1.1400155
1.0337203
0.16635191
1.2548143
0.16635191
-0.37787926
-1.0284055
-0.15678534
0.06005676
-0.91785866
-1.0284055
-1.0284055
-0.8115635
-0.7010165
-0.9221104
0.055804953
-0.7052683
0.7105831
-0.59897316
0.16635191
-0.050490197
-1.2494994
-0.4841744
-1.1347008
-1.2452477
-1.3557947
-1.6831837
-1.1389525
-0.7052683
-0.7052683
-1.1432043
-0.16103715
-1.0326574
-0.27158412
-0.4884262
-0.050490197
-0.81581527
-0.9221104
-1.1389525
-1.1389525
-0.4841744
-1.4663416
-0.5947214
-0.7010165
-2.116868
-0.80731165
-1.2452477
-2.0020692
-3.0905313
-3.2010784
-2.5463004
-2.0020692
-1.568385
-2.112616
-2.4400053
-2.4400053
-3.3073738
-3.2010784
-2.1083643
-2.4357533
-3.0905313
-2.7631423
-1.568385
-2.5463004
-3.2010784
-3.5284674
-3.6347628
-4.502131
-5.1526575
-3.8473527
-4.608426
-4.4978795
-4.2810373
-6.0200257
-5.475795
-6.0200257
-6.7810993
-6.0200257
-5.7989316
-6.236868
-4.8210163
-5.1484056
-5.6968884
-3.519964
-3.7410579
-3.1968267
-2.7631423
-2.8736894
-3.0905313
-2.9842362
-2.661099
-3.0947833
-3.4179204
-3.4179204
-2.8736894
-2.7631423
-2.4357533
-3.5242157
-3.7410579
-4.068447
-3.9578998
-4.285289
-4.395836
-4.395836
-3.7410579
-3.7410579
-4.068447
-3.7410579
-3.7410579
-3.851605
-2.6525953
-2.6525953
-2.7631423
-3.0905313
-2.7631423
-3.0905313
-2.3294582
-2.5505521
-2.4400053
-2.4400053
-2.3294582
-1.895774
-1.895774
-1.678932
-1.895774
-2.6568472
-1.7852271
-2.8736894
-1.678932
-0.91785866
-1.0241537
-1.3557947
-1.5726367
-1.7894788
-0.7010165
-1.7894788
-2.006321
-2.006321
-1.7894788
-1.6831837
-0.9221104
-0.9221104
-0.9221104
-1.4663416
0.27264705
-0.59897316
-0.59897316
-0.59897316
0.9231734
0.1621001
1.2463106
1.3568575
1.1400155
2.1136792
2.5473633
2.330521
2.8705006
3.7421207
3.737869
4.065258
4.3926473
4.065258
3.5210268
3.954711
5.804247
5.2600155
5.2600155
4.715784
5.6979513
3.5210268
5.0431733
4.3926473
3.3041847
3.848416
3.848416
4.720036
3.3041847
4.6094894
5.5874047
5.583153
6.7821617
6.454773
5.4768577
6.237931
6.237931
5.804247
5.6937
5.689448
6.1273837
5.90629
6.8842053
6.2336793
6.2336793
6.8884573
6.671615
5.1494684
4.715784
4.936878
4.6094894
4.8220797
6.454773
5.799995
7.317889
6.8799534
7.5347314
7.5347314
6.2294273
6.77791
5.90629
6.2336793
6.77791
6.2336793
6.8842053
6.4462695
6.7736583
6.4462695
6.8799534
7.7515736
6.9905005
7.4284363
8.083215
6.7736583
7.6452785
7.207342
7.6410265
7.7515736
7.6410265
7.5304804
8.295805
8.078962
7.317889
6.7736583
6.123132
6.556816
6.667363
7.1010475
7.4284363
7.6452785
7.5347314
7.317889
6.8842053
6.556816
7.9726677
6.8842053
7.7558255
7.3221416
6.450521
6.77791
6.450521
6.9947524
6.450521
6.7736583
6.9905005
7.1010475
6.8799534
7.8621206
8.406352
7.8621206
7.9726677
6.123132
6.450521
5.795743
6.7736583
7.317889
6.663111
6.8842053
6.123132
6.1273837
4.605237
4.8220797
5.2557635
6.237931
6.016837
6.667363
6.339974
7.8621206
8.406352
7.1010475
7.317889
6.9905005
7.5347314
7.4241843
7.7515736
7.5347314
7.5347314
7.9726677
7.096796
6.7736583
6.339974
5.583153
5.583153
5.689448
4.4946904
4.605237
3.954711
4.2821
4.065258
3.4104798
4.2821
3.737869
4.715784
4.4989424
5.2600155
4.605237
6.1273837
5.4726057
5.4726057
5.799995
5.3620586
6.3442264
6.561068
6.2336793
7.1052995
5.90629
6.016837
6.1273837
5.689448
6.123132
5.4726057
6.454773
6.1273837
5.6937
4.715784
4.936878
4.4989424
4.3926473
4.065258
4.3926473
3.631574
3.3041847
4.065258
3.3041847
3.9589627
3.737869
3.631574
4.503194
3.9589627
4.2863517
4.2863517
4.1758046
3.848416
3.5252786
4.1758046
3.9589627
3.848416
4.3926473
4.065258
4.3926473
3.954711
4.3926473
3.5252786
4.3926473
4.720036
3.414732
3.631574
2.8705006
3.9589627
3.631574
3.848416
2.6536584
3.4189837
2.9852993
2.4410682
2.7684572
1.6799948
2.879004
1.5736997
2.0073838
2.65791
2.8747523
3.8526678
3.2021413
3.3084364
3.3084364
3.2021413
3.3084364
2.8747523
4.2906036
4.180057
3.2021413
3.0958462
2.44532
1.5736997
1.7905419
2.3347728
2.662162
2.662162
1.5736997
1.4674045
0.70633125
1.0337203
0.055804953
0.92742515
0.81687826
0.81687826
0.4894892
0.055804953
0.92742515
-0.37787926
-0.8115635
0.49374095
-0.16103715
-0.7052683
0.27689886
0.60003614
1.6884984
0.70633125
0.92742515
0.9231734
0.60003614
1.1442673
0.92742515
0.27264705
0.60003614
-0.16103715
-0.050490197
0.81687826
0.60003614
-0.37787926
0.06005676
-1.678932
-1.4620898
-1.895774
-1.4578379
-2.3294582
-2.2189112
-2.9799845
-3.1968267
-2.8694377
-3.3073738
-2.2146595
-2.2146595
-2.2146595
-2.8651857
-3.953648
-3.409417
-2.8651857
-3.519964
-3.626259
-2.8651857
-3.843101
-3.626259
-3.9493964
-3.843101
-2.860934
-3.515712
-2.9714808
-3.7325544
-3.0820277
-3.409417
-3.188323
-2.3167028
-3.515712
-4.059943
-3.4051652
-4.4936275
-4.7104697
-5.360996
-5.688385
-4.7104697
-4.816765
-5.79468
-5.79468
-6.989438
-6.989438
-6.0072703
-7.750511
-6.0072703
-6.662049
-7.639964
-5.8967233
-7.316827
-6.445206
-5.900975
-6.445206
-6.228364
-6.338911
-4.4893756
-5.360996
-5.144154
-4.8210163
-4.8210163
-4.5999227
-5.471543
-5.144154
-4.927312
-4.816765
-5.905227
-6.449458
-5.905227
-5.79468
-5.577838
-6.1220694
-6.989438
-6.772596
-6.772596
-7.750511
-6.989438
-6.0115223
-5.905227
-5.144154
-4.927312
-5.9094787
-4.3830805
-5.2589526
-3.953648
-3.192575
-3.4136686
-3.8473527
-3.409417
-2.9757328
-3.409417
-3.953648
-4.064195
-5.1484056
-5.2589526
-4.604174
-3.953648
-2.9757328
-3.8473527
-3.5242157
-2.6525953
-4.1747417
-2.9799845
-3.9578998
-3.7410579
-3.5242157
-2.8694377
-3.8473527
-3.303122
-2.4357533
-2.6525953
-1.7852271
-2.7631423
-1.7852271
-2.3294582
-1.3557947
-0.050490197
-0.37787926
0.60003614
0.16635191
0.7105831
-0.27158412
0.1621001
1.2505624
1.7905419
2.8747523
2.0073838
2.224226
2.224226
2.224226
1.7905419
2.3347728
2.3347728
2.1136792
2.003132
2.9810476
3.0915945
2.2199743
3.0915945
1.5694479
2.7642052
3.5295303
2.7684572
2.65791
3.2021413
1.6799948
3.4189837
2.8747523
3.4189837
3.4189837
3.2021413
2.1136792
3.3084364
2.330521
3.5295303
4.2906036
3.0915945
2.4368165
3.1978896
4.06951
3.848416
4.065258
5.2600155
5.6979513
4.715784
5.3705626
4.826331
5.0431733
4.065258
4.4989424
5.3705626
4.4989424
5.2600155
4.605237
5.4726057
5.4726057
4.8220797
5.2557635
5.583153
5.583153
6.0210886
4.605237
4.171553
3.954711
3.954711
5.1537204
5.4768577
5.3663106
5.1494684
5.3663106
4.9326262
6.0210886
6.237931
5.799995
6.0210886
5.4768577
6.237931
5.9105415
5.1494684
5.038922
5.038922
4.8220797
4.0610065
4.720036
4.065258
4.1758046
3.631574
3.631574
3.3041847
3.0873425
3.5210268
4.065258
4.1758046
3.1936376
4.6094894
4.720036
3.5210268
3.4104798
3.631574
4.4989424
4.1758046
4.503194
4.3926473
3.848416
3.737869
3.6273217
3.5210268
3.0830908
3.737869
3.9589627
2.9767957
3.848416
4.503194
4.2863517
2.7599535
2.8705006
3.414732
3.1978896
3.0873425
3.9589627
3.7421207
3.0873425
3.631574
3.7421207
3.4104798
3.3041847
4.171553
5.2600155
5.1537204
3.848416
3.4104798
3.4104798
4.2821
4.2821
4.3883953
4.8220797
2.8662488
3.4104798
3.737869
3.0830908
4.2821
4.2821
3.737869
3.737869
3.4104798
3.5210268
4.065258
3.5210268
4.1758046
3.4104798
3.6273217
4.4946904
5.583153
5.468354
5.795743
6.123132
6.123132
5.578901
4.928375
5.3663106
5.1494684
5.3663106
5.583153
4.6009855
6.2336793
5.4726057
5.3620586
5.578901
6.339974
5.902038
7.207342
7.207342
7.207342
7.207342
6.8799534
6.9905005
6.1188803
6.7736583
6.339974
5.795743
5.689448
5.1452165
5.4726057
6.012585
6.012585
6.123132
5.578901
6.012585
5.689448
6.339974
6.2294273
5.4726057
5.2557635
5.3663106
4.605237
4.715784
5.4768577
4.171553
4.715784
4.0610065
4.715784
3.1936376
3.3041847
3.6273217
3.3041847
3.631574
3.0873425
2.7642052
1.5694479
2.7684572
1.7862899
1.0252168
0.8083746
1.7905419
0.3746904
0.5957843
0.3746904
0.3746904
-0.38638288
0.48523736
1.1400155
1.2463106
2.9852993
1.896837
2.5516152
1.6799948
1.3526058
2.1094272
3.1978896
3.414732
3.5210268
3.9589627
3.1978896
2.9810476
1.5694479
1.3526058
0.9189216
1.1357636
1.3526058
1.1357636
1.4631528
1.2463106
0.48523736
1.4631528
-0.70952016
-0.81581527
-1.4705935
-1.7937305
-0.7052683
-1.5768886
-0.4884262
-0.81581527
-0.81581527
-0.81581527
0.9231734
1.2463106
2.003132
2.003132
2.2199743
2.7599535
2.9810476
2.003132
3.5252786
2.8747523
2.8747523
3.5252786
2.003132
2.2199743
3.5252786
2.2199743
2.1136792
0.3746904
0.81687826
0.4894892
-1.0284055
-0.37362745
-0.80731165
-1.7894788
-0.2673323
-0.37787926
-0.16103715
0.60003614
0.8126264
2.3347728
2.117931
1.4631528
2.3347728
1.1400155
2.0073838
2.5516152
2.9852993
3.7463725
4.180057
3.6358256
3.4189837
3.5252786
2.7642052
2.2199743
2.9852993
1.7905419
2.3347728
2.3347728
2.228478
2.0073838
2.224226
2.5473633
2.4368165
3.2021413
3.7463725
3.7421207
4.503194
4.1758046
4.4989424
5.4768577
7.1052995
5.9105415
6.561068
7.7558255
7.9726677
8.189509
8.623194
8.078962
8.623194
7.9684157
8.4021
7.9684157
7.5304804
8.618942
8.185258
7.5347314
7.4284363
5.90629
6.450521
6.9947524
6.2336793
7.2115946
6.2336793
6.2336793
5.689448
6.016837
5.1494684
5.583153
3.9504592
4.1758046
2.9767957
2.8705006
2.8705006
2.5473633
1.8925852
1.0252168
1.3526058
0.26839525
-0.16528895
-0.2758359
0.1578483
1.2420589
0.91466975
2.1094272
2.3262694
2.4368165
2.5431116
3.0873425
2.3262694
1.565196
1.348354
2.003132
1.5694479
1.7862899
1.348354
1.8925852
2.003132
1.3526058
1.1357636
0.3746904
0.05155315
-0.38213107
-0.49267802
-0.9263622
0.48523736
-0.2758359
0.3746904
1.3526058
2.7684572
1.348354
1.2420589
1.1357636
2.117931
1.2463106
1.896837
1.3526058
1.896837
1.3526058
1.6799948
0.8083746
1.5694479
2.3347728
0.9189216
0.48523736
-0.054742
0.1621001
-0.054742
-0.4884262
-0.4884262
-0.81581527
-0.7052683
-1.6831837
-0.5947214
-1.1389525
-2.444257
-2.661099
-2.33371
-1.5726367
-0.7010165
-2.006321
-1.6831837
-1.9000257
-1.3557947
-0.37787926
-0.5947214
0.27264705
-1.1432043
-0.4884262
-0.054742
-0.054742
-0.16103715
-1.0326574
-1.2537513
-0.4884262
-0.7052683
-0.16103715
-0.4884262
-0.4884262
-0.4884262
-1.0326574
-0.4884262
-0.81581527
-0.9221104
-0.7052683
-0.5947214
0.16635191
-0.7052683
-1.0326574
-1.3600464
-1.0326574
-0.27158412
0.4894892
0.9231734
0.5957843
1.5736997
0.9189216
1.0294685
0.48523736
1.4631528
1.1400155
0.4894892
0.60003614
1.4674045
0.9231734
-0.16528895
1.0337203
-0.054742
0.27264705
-0.4884262
0.60003614
-0.7052683
-1.1389525
-0.37787926
-1.3557947
-0.2673323
0.27689886
0.16635191
0.06005676
-0.81581527
-0.4884262
-0.054742
-0.27158412
1.3568575
0.5957843
0.37894222
0.81687826
0.38319403
0.60003614
0.27264705
1.0379721
-0.37787926
-0.054742
0.60003614
-0.4884262
-0.37787926
0.16635191
0.16635191
-0.2673323
-0.4841744
-0.37362745
0.06005676
0.49374095
0.16635191
-0.5947214
0.49374095
-0.2673323
0.27689886
-0.37787926
0.92742515
-0.16103715
-0.16103715
-0.27158412
-0.27158412
1.4716563
0.055804953
0.81687826
0.38319403
-0.27158412
1.1442673
-0.4884262
1.3611094
0.4894892
-0.38213107
0.4894892
0.92742515
0.4894892
0.81687826
-0.16528895
0.70633125
1.2505624
1.7905419
2.44532
2.0073838
2.5516152
1.1357636
2.117931
1.7905419
2.224226
2.5516152
1.6799948
2.224226
2.9852993
3.5295303
3.5295303
3.312688
3.2021413
3.3084364
3.7463725
3.2021413
3.4189837
3.0915945
4.180057
3.6358256
4.503194
4.503194
4.2863517
4.503194
5.0474253
4.720036
4.936878
4.1758046
4.503194
4.503194
5.264267
4.2863517
4.830583
4.3968987
4.2863517
4.613741
4.503194
5.1579723
4.1758046
4.3926473
4.936878
4.6094894
5.0431733
5.5874047
5.914794
6.6758666
5.3705626
5.591656
5.2600155
5.6979513
5.804247
6.0210886
6.3442264
6.9990044
6.9990044
5.689448
7.1052995
6.1273837
6.8884573
6.9990044
6.77791
7.2115946
6.671615
6.3442264
7.543235
6.1273837
6.671615
6.1316357
6.237931
6.3442264
6.77791
6.3442264
6.016837
6.77791
7.2115946
6.9947524
7.1052995
7.1052995
6.9947524
8.406352
8.300056
8.300056
8.300056
7.8663726
6.671615
7.4326887
7.2158465
6.8884573
7.9769197
7.3221416
6.8884573
7.3221416
6.667363
7.2158465
6.77791
6.9990044
5.804247
6.1273837
5.5874047
4.3883953
6.0210886
5.3663106
4.826331
4.4989424
4.3926473
5.0431733
4.936878
5.1537204
5.0431733
4.065258
5.2600155
3.737869
4.715784
4.6094894
4.6094894
4.826331
5.2600155
5.2600155
5.4768577
5.0431733
4.6094894
5.6979513
5.1537204
4.2821
4.065258
4.1758046
4.1758046
4.06951
4.503194
3.7421207
4.06951
2.8747523
2.9852993
2.1136792
2.003132
2.7684572
1.896837
1.896837
2.5516152
2.3347728
1.7905419
2.5516152
2.65791
3.8526678
4.06951
3.5252786
3.7421207
3.6358256
2.8747523
3.2021413
2.2199743
3.2021413
3.2021413
2.4410682
2.65791
1.7862899
1.6799948
3.0958462
0.5957843
0.26839525
0.70633125
1.3568575
1.3568575
1.3611094
0.70633125
0.9231734
0.37894222
0.26839525
1.9010887
1.6842467
0.5957843
1.6842467
0.37894222
1.9010887
3.0958462
2.330521
2.4368165
3.3084364
2.003132
2.003132
2.7642052
2.9852993
2.1136792
3.2021413
2.9852993
1.6799948
2.330521
2.65791
2.9852993
2.7684572
1.5694479
2.1136792
1.3526058
1.6799948
1.0294685
1.4631528
0.7020795
1.0294685
2.5516152
1.6842467
1.7905419
2.0073838
0.26839525
2.3347728
1.3526058
0.9189216
2.65791
1.896837
1.1357636
2.1136792
2.3347728
1.1357636
2.224226
2.330521
2.330521
1.7862899
2.003132
2.224226
1.3526058
2.1136792
1.3526058
1.5694479
0.7020795
0.48523736
1.0294685
1.4631528
0.26839525
1.0294685
1.7905419
1.5736997
0.7020795
0.9189216
0.8126264
1.1400155
1.1400155
0.8126264
1.6842467
1.0294685
1.0294685
1.6842467
0.4894892
-0.054742
0.37894222
0.3746904
1.1400155
1.1400155
0.26839525
0.05155315
0.4894892
1.1400155
0.05155315
1.9010887
0.9231734
0.9231734
0.055804953
0.055804953
-0.16103715
0.16635191
-1.0326574
-1.4663416
-1.6831837
-2.116868
-1.0284055
-2.006321
-2.223163
-1.1347008
-1.3557947
-0.5947214
-0.37787926
-0.37787926
-0.37787926
-0.37787926
-0.37787926
-0.2673323
-0.050490197
-0.5947214
0.92742515
-0.5947214
0.055804953
-0.7052683
-0.9221104
0.16635191
-0.050490197
0.49374095
-1.0326574
-0.37787926
-0.4841744
-0.37787926
-0.9221104
0.6042879
-1.1389525
-1.3557947
-1.1347008
-2.6568472
-2.7631423
-2.8694377
-2.1083643
-2.6525953
-2.8736894
-2.5463004
-1.895774
-1.568385
-2.5505521
-1.678932
-1.678932
-1.3515428
-0.59046954
-2.0020692
-1.347291
-3.4179204
-2.3252065
-2.9799845
-2.3294582
-2.5463004
-2.5505521
-1.568385
-1.4620898
-1.7894788
-1.4620898
-2.8736894
-2.7631423
-3.4179204
-2.9799845
-2.9799845
-2.5463004
-2.9799845
-3.3073738
-2.4357533
-3.6347628
-2.5463004
-3.0905313
-2.9799845
-3.3073738
-3.3073738
-3.1968267
-2.6525953
-2.8694377
-3.3073738
-2.5463004
-2.5463004
-1.568385
-2.006321
-0.4841744
-1.3557947
-1.0284055
-0.7052683
-0.5947214
-1.6831837
-0.5947214
-0.5947214
-0.2673323
0.16635191
0.38319403
-0.5947214
-1.1389525
-1.2452477
-2.116868
-2.006321
-1.678932
-1.7852271
-2.4400053
-2.9842362
-1.568385
-2.6568472
-2.006321
-0.5947214
0.27264705
-1.3600464
-0.4884262
-0.054742
-0.16103715
0.81687826
0.38319403
0.7105831
-0.37787926
-0.7052683
-0.27158412
-0.16103715
1.2548143
-0.16103715
0.055804953
-0.7052683
0.60003614
0.1621001
-0.054742
-0.27158412
-0.4884262
-0.7052683
-0.27158412
0.27264705
-0.27158412
0.37894222
1.4674045
1.1400155
1.2463106
0.8126264
2.117931
0.5957843
0.37894222
1.4674045
0.9231734
0.9231734
1.6842467
2.989551
1.3568575
2.330521
2.7684572
1.5736997
2.44532
3.2063932
2.662162
1.7905419
3.2021413
1.896837
2.65791
3.7463725
2.65791
3.3084364
4.180057
3.4189837
3.2021413
2.65791
1.4631528
2.0073838
0.48523736
1.4631528
2.662162
1.3526058
2.117931
2.9852993
2.7684572
1.7862899
1.4631528
1.1357636
1.7905419
1.896837
2.224226
2.3347728
2.224226
2.1136792
2.8747523
3.312688
2.1136792
2.8747523
2.7684572
3.0958462
3.2021413
3.4189837
2.4410682
2.9852993
3.0958462
2.9852993
2.330521
3.2021413
3.0915945
2.5473633
3.4189837
3.7421207
3.2021413
2.2199743
2.65791
2.224226
2.0073838
4.1843085
2.7684572
2.9852993
4.0737615
2.330521
2.9852993
3.4189837
3.8526678
4.724288
4.180057
5.1579723
3.9589627
4.2863517
5.0474253
4.6094894
5.3748145
5.264267
5.1579723
4.065258
4.2863517
5.268519
5.0474253
4.06951
3.1978896
2.7642052
4.8348346
2.662162
2.65791
2.7684572
2.117931
2.224226
2.879004
3.2063932
3.312688
2.4410682
3.0958462
3.5295303
1.9010887
2.0073838
1.9010887
1.7947936
2.0116355
1.3568575
1.7947936
0.4894892
1.7947936
1.5779516
1.6842467
1.6884984
2.555867
2.2327297
1.7947936
2.228478
1.4674045
2.555867
2.2327297
2.1221828
2.1221828
1.5779516
2.1221828
1.5779516
1.3611094
1.9053404
2.1221828
2.3390248
1.7947936
2.0116355
2.879004
3.2063932
3.5295303
4.0737615
4.2906036
3.5295303
3.312688
2.989551
3.8569195
2.879004
3.5295303
3.6400774
3.312688
3.7506244
3.5295303
3.6400774
3.312688
2.989551
2.0073838
1.2505624
2.1221828
2.6664138
1.4716563
1.3611094
0.82113004
0.82113004
0.82113004
0.27689886
1.0379721
1.6927503
1.0379721
0.92742515
1.2548143
0.7105831
1.6884984
1.9095924
1.0337203
2.5601187
1.1442673
1.0379721
2.3390248
1.7990454
2.4495716
1.7947936
1.1442673
2.228478
1.5779516
1.0379721
1.0379721
0.7105831
0.49374095
-0.16103715
-0.37787926
0.27689886
-0.04623839
-0.7010165
-0.59046954
-0.4841744
-0.91785866
-1.0284055
-1.4620898
-1.2452477
-0.7010165
-0.91785866
0.06005676
1.0379721
0.92742515
1.0379721
0.7105831
0.27264705
0.4894892
0.27264705
1.6884984
1.0337203
0.38319403
0.7105831
0.7105831
1.3653612
0.92742515
1.4716563
-0.16103715
0.49374095
0.7105831
0.055804953
0.27689886
0.3874458
-1.3515428
-0.80731165
-1.2452477
-0.59046954
-1.1389525
-0.5947214
-0.2673323
-0.2673323
-0.91785866
-2.112616
-2.223163
-0.80731165
-0.15678534
-0.91785866
-0.7010165
-0.91785866
-0.37362745
0.06005676
-1.4620898
-0.91785866
-1.2452477
-1.0284055
-0.050490197
0.82113004
0.16635191
0.27264705
0.7105831
0.27264705
-0.16103715
0.60003614
-0.16103715
0.81687826
0.7105831
0.7105831
-0.16103715
0.27689886
-0.2673323
0.92742515
0.92742515
-0.16103715
0.7020795
2.0073838
2.8747523
3.5295303
3.4189837
2.8747523
2.7642052
2.5473633
3.8526678
3.4189837
3.0873425
3.848416
3.737869
4.1758046
4.6094894
4.2821
4.6094894
4.065258
4.503194
4.1758046
3.9589627
3.9589627
4.1758046
3.1978896
3.631574
2.4410682
1.3526058
1.3568575
1.2505624
0.37894222
0.4894892
1.0294685
2.3347728
2.5516152
2.224226
1.6757431
2.4368165
2.9810476
2.5473633
3.2021413
2.5473633
3.6358256
3.0915945
2.2199743
3.1978896
3.631574
3.1978896
3.414732
2.4368165
3.7421207
3.1978896
2.2199743
1.7862899
1.2420589
2.224226
2.003132
3.1978896
3.7421207
2.4368165
2.2199743
1.020965
1.2420589
1.3526058
1.2420589
1.7862899
1.4589009
2.7642052
2.4368165
1.8925852
1.237807
0.69782764
2.003132
2.330521
1.565196
1.565196
1.4589009
1.6757431
2.003132
1.0252168
1.2420589
0.8083746
0.3746904
0.48523736
0.7020795
0.9189216
0.9189216
1.1357636
0.04730134
0.7020795
-1.2537513
-1.4705935
-1.6874356
-1.1432043
-1.3600464
-0.81581527
-0.59897316
-0.70952016
-1.2494994
-0.59897316
-0.7052683
-0.81581527
-0.59897316
-0.16528895
-0.8200671
0.48523736
0.7020795
0.59153247
0.1578483
0.1578483
0.3746904
0.8126264
1.4631528
-0.058993805
1.1357636
0.48523736
-0.49267802
-0.59897316
-0.054742
-1.0326574
-1.1432043
-0.9263622
-0.81581527
-0.27158412
-1.1432043
-0.70952016
-0.9263622
-1.4705935
-0.38213107
-0.054742
-1.0326574
-1.1432043
-0.4884262
-0.9263622
-0.054742
-0.9263622
-0.59897316
-1.3600464
-1.0326574
-0.7052683
-0.16103715
-0.81581527
0.1621001
-1.0326574
-0.38213107
0.05155315
-0.49267802
0.05155315
0.05155315
-0.70952016
0.26839525
-0.603225
0.37894222
0.4894892
-0.59897316
-0.38213107
-0.27158412
0.1621001
-0.9263622
-0.49267802
0.37894222
-0.2758359
-0.38213107
-0.9263622
0.055804953
-1.1432043
-0.4884262
-0.37787926
0.055804953
-0.16103715
-0.81581527
0.70633125
0.26839525
0.1621001
0.70633125
-0.054742
0.70633125
-0.4884262
0.4894892
1.0337203
1.3568575
-0.49267802
-0.49267802
-0.27158412
0.27264705
-1.0326574
-0.2673323
-1.5726367
-1.0284055
-1.6831837
-1.2452477
-1.2452477
-2.661099
-1.0284055
-0.4841744
-2.006321
-1.3557947
-1.3557947
0.27689886
0.16635191
-0.050490197
0.27689886
-0.050490197
0.16635191
0.16635191
-0.5947214
1.0379721
0.16635191
-0.5947214
-0.050490197
-0.2673323
0.49374095
-0.37787926
0.27689886
-0.37787926
0.27689886
-0.050490197
0.16635191
0.27689886
-0.2673323
-0.2673323
0.82113004
-0.5947214
-0.2673323
-0.4841744
0.9316769
-1.0284055
0.27689886
0.7105831
0.82113004
0.49374095
0.27689886
-0.2673323
-0.37362745
-1.1347008
-0.37362745
-0.04623839
0.27689886
0.6042879
0.6042879
1.3653612
0.38319403
-0.16103715
0.7105831
1.5822034
0.49374095
0.92742515
0.9316769
0.27689886
0.82113004
0.16635191
0.06005676
0.06005676
-0.15678534
-0.59046954
0.06430857
0.06430857
-0.6967647
-0.8030599
-1.568385
-1.0241537
-0.6967647
-0.59046954
0.5022446
-0.80731165
-1.0241537
-1.4578379
-0.9136068
0.8253819
1.0422239
1.259066
0.71483487
1.1485192
1.1485192
1.6927503
0.49374095
0.6042879
0.6042879
1.1485192
1.0422239
-0.47992262
-0.47992262
-0.36937565
-0.8030599
-0.36512384
-1.0199019
-1.236744
-1.67468
-1.891522
-1.347291
-1.0199019
-0.6925129
-0.6925129
-1.1304489
-0.58621776
-1.67468
-1.347291
-0.041986585
-0.8030599
-1.2409959
-1.2409959
-0.04623839
1.0422239
-0.37362745
-0.59046954
1.0422239
0.8253819
-0.59046954
0.06430857
-0.2630805
-0.37362745
-0.2630805
0.28115067
0.39169762
-0.041986585
-0.36937565
-1.2409959
-2.1083643
-1.1304489
-0.58621776
-0.6967647
0.06856038
-0.6967647
-0.58621776
-0.8030599
-0.041986585
-0.80731165
0.17485553
-0.47992262
0.39169762
-0.6967647
-0.80731165
0.06430857
0.39169762
0.8253819
0.3874458
-0.2630805
-0.04623839
0.39169762
0.8253819
0.8253819
0.6042879
1.1485192
1.0422239
0.6085397
0.06430857
-0.47992262
-0.041986585
-0.041986585
-0.4756708
-0.8030599
-0.58621776
-0.4756708
0.5022446
-0.6967647
-0.4756708
0.28540248
0.93592876
0.06430857
0.8253819
1.697002
-0.04623839
0.28115067
1.0422239
1.259066
1.9095924
1.4759082
1.4759082
1.8032973
2.2369814
0.82113004
1.5822034
1.1485192
1.6927503
2.7812126
1.9095924
0.8253819
1.3653612
1.259066
0.71483487
-0.04623839
-0.04623839
0.93592876
0.8253819
0.06430857
0.93592876
-0.6967647
0.7190867
0.28115067
0.06430857
0.39169762
0.6085397
-0.80731165
0.49799278
2.1306863
1.259066
1.5822034
1.6927503
1.3611094
2.2327297
2.8875077
2.4495716
1.5822034
1.5822034
1.9095924
1.5822034
1.2548143
0.9316769
1.7990454
-0.2673323
-0.15678534
-0.2630805
-0.15253355
0.28115067
-0.6967647
0.28115067
-0.7010165
-0.59046954
-0.04623839
0.06430857
-0.37362745
-1.4620898
-0.91785866
1.0422239
-0.37362745
1.3653612
1.3653612
0.38319403
1.6884984
2.3390248
3.210645
2.3390248
1.6884984
0.27264705
1.4716563
0.7105831
1.2548143
0.49374095
0.82113004
0.49374095
1.259066
-0.2630805
-0.91785866
-1.2409959
-0.80731165
-0.9136068
-0.59046954
-0.91785866
-1.4578379
-1.4578379
-1.7852271
-0.80731165
-0.47992262
-1.1347008
0.17060372
-1.2452477
-0.91785866
-0.4841744
-0.4841744
-1.1347008
-1.4620898
-1.2409959
-2.5463004
-1.568385
-1.0241537
0.71483487
-0.4841744
0.7105831
-0.2673323
-0.8115635
0.6042879
-0.4841744
-0.15678534
-0.15678534
-1.0241537
-2.3294582
-1.7852271
-0.6967647
-2.5463004
-1.4578379
-2.0020692
-2.3294582
-1.67468
-1.347291
-1.891522
-2.5463004
-1.891522
-1.67468
-1.7852271
-1.3515428
-1.3515428
-0.7010165
-1.1347008
-2.5505521
-0.91785866
-1.1347008
-0.80731165
-1.568385
-1.568385
-0.6967647
-1.678932
-2.112616
-1.0241537
-2.112616
-2.6568472
-2.8736894
-2.2189112
-2.3252065
-3.5242157
-2.3252065
-3.9578998
-2.3252065
-2.8694377
-3.1968267
-3.5242157
-4.068447
-3.303122
-2.7588906
-3.7410579
-2.8694377
-2.4357533
-3.1968267
-3.1968267
-2.8694377
-3.5242157
-3.4179204
-2.3294582
-3.4179204
-1.67468
-2.7631423
-3.3073738
-3.0905313
-3.851605
-2.3252065
-3.0862796
-4.285289
-3.9578998
-5.2632046
-4.285289
-4.82952
-4.8252683
-4.2810373
-5.2589526
-5.692637
-5.2589526
-5.803184
-5.2589526
-6.0200257
-5.369499
-5.475795
-5.5863414
-5.6968884
-4.714721
-6.0200257
-5.2589526
-5.803184
-3.8473527
-3.6305108
-4.82952
-4.285289
-5.2632046
-4.8252683
-5.1526575
-5.1526575
-5.5863414
-5.369499
-4.9315634
-5.6968884
-5.803184
-5.475795
-5.692637
-5.9094787
-6.560005
-6.126321
-7.6484675
-7.8653097
-6.343163
-7.4316254
-6.6705523
-7.7547626
-7.6442156
-6.449458
-7.4273734
-6.2326164
-5.7989316
-7.214783
-5.471543
-5.471543
-6.776847
-6.126321
-7.104236
-5.3652477
-6.887394
-6.126321
-6.126321
-5.692637
-4.9315634
-5.1484056
-4.604174
-5.692637
-5.9094787
-4.604174
-4.8252683
-4.718973
-5.0421104
-3.9578998
-4.502131
-4.502131
-3.303122
-5.4800463
-3.6305108
-3.303122
-4.718973
-4.1747417
-3.8473527
-4.285289
-3.6347628
-3.7410579
-3.9578998
-3.7410579
-4.502131
-4.1747417
-3.6305108
-4.718973
-3.851605
-3.7410579
-2.8694377
-2.9799845
-4.395836
-3.5242157
-3.1968267
-3.4179204
-2.3294582
-2.5463004
-2.4400053
-1.895774
-3.0947833
-1.4620898
-2.5505521
-2.33371
-1.7894788
-0.80731165
-2.116868
-1.2452477
-1.3557947
-0.8115635
-1.2452477
-2.33371
-1.6831837
-1.3557947
-1.5726367
-0.8115635
-1.1389525
-0.5947214
0.49374095
-0.27158412
0.055804953
-0.27158412
-0.38213107
-0.054742
-0.38213107
-0.054742
0.5957843
1.0294685
1.0294685
1.5736997
1.7905419
2.5516152
2.5516152
2.0073838
2.4410682
2.5516152
1.5694479
3.4189837
1.896837
3.0915945
1.4589009
2.4410682
2.7684572
1.7862899
2.330521
2.1136792
3.4189837
3.2021413
2.224226
2.0073838
1.896837
1.5736997
2.117931
2.117931
2.44532
1.1400155
1.4674045
2.44532
0.8126264
2.662162
1.5736997
2.3347728
3.312688
2.3347728
2.5516152
1.0294685
1.7905419
1.4674045
1.7947936
0.9231734
2.1221828
0.60003614
0.81687826
0.1621001
1.5779516
0.1621001
0.70633125
1.6884984
1.6884984
1.1442673
1.4716563
0.92742515
1.1442673
0.49374095
1.4716563
1.2548143
1.2548143
0.92742515
1.1442673
0.38319403
-0.050490197
0.16635191
0.49374095
-0.37787926
-0.2673323
0.27689886
0.06005676
0.49374095
-0.2673323
0.49374095
0.06005676
-0.7010165
-1.2452477
-0.15678534
-0.91785866
-1.7852271
-0.6967647
-1.891522
-2.0020692
-2.5463004
-0.58621776
-0.80731165
-0.15678534
-0.91785866
0.17060372
-1.5726367
-1.678932
-0.9136068
-2.1083643
-2.5420485
-3.303122
-4.2810373
-2.6525953
-3.7368062
-1.9978173
-2.6483436
-3.303122
-2.6483436
-2.3209546
-4.059943
-4.714721
-4.2767854
-5.1484056
-4.2767854
-3.6220074
-3.6220074
-4.4936275
-4.2767854
-4.4936275
-6.015774
-4.5999227
-4.927312
-4.4893756
-4.2725334
-4.7104697
-4.5999227
-4.161987
-3.9451444
-5.0336065
-4.4936275
-3.8388493
-3.188323
-2.4272497
-2.6483436
-2.3209546
-2.1041124
-3.409417
-1.8872703
-2.4315016
-2.2146595
-1.891522
-2.6525953
-2.5463004
-1.236744
-2.3252065
-2.1083643
-2.3252065
-2.4315016
-1.4535861
-1.4535861
-1.9978173
-2.4357533
-1.8872703
-2.5420485
-1.6704283
-1.6704283
-0.90935504
-1.7809752
-1.236744
-0.6925129
-1.5641332
-1.1304489
-0.36937565
-0.2588287
0.6085397
2.0201392
0.6042879
1.7990454
1.6884984
2.1221828
1.6884984
1.0379721
2.1264346
1.4759082
0.27689886
0.28115067
0.28115067
-0.91785866
1.0422239
-0.59046954
-0.15678534
-0.37362745
0.17060372
1.259066
0.3874458
1.259066
1.0379721
-0.15678534
0.3874458
1.0422239
0.71483487
0.3874458
1.3653612
1.4759082
0.60003614
0.60003614
1.3611094
1.9053404
1.3611094
1.3611094
1.2548143
1.3611094
1.4716563
1.3611094
2.0116355
1.6842467
2.0116355
1.7947936
1.3611094
0.92742515
0.055804953
0.27264705
0.16635191
1.2548143
0.60003614
1.9053404
1.1400155
0.81687826
0.81687826
0.7105831
-0.59897316
0.7105831
-0.050490197
0.49374095
-0.16103715
-0.050490197
-0.37787926
-1.3557947
-0.050490197
0.92742515
0.38319403
1.1442673
1.5779516
0.5957843
0.4894892
1.1442673
0.60003614
0.7105831
-0.054742
0.49374095
0.055804953
-0.4884262
-0.054742
-0.37787926
0.16635191
-0.2673323
-0.7010165
-1.678932
-1.4620898
-1.1347008
-1.4620898
-1.4620898
-1.4620898
-1.3557947
-0.050490197
-0.9221104
-0.050490197
0.6042879
0.38319403
-0.16103715
-0.050490197
0.16635191
-0.4884262
1.1442673
-0.7052683
0.16635191
-0.7052683
-0.27158412
-0.16103715
0.49374095
-0.37787926
-0.2673323
-1.3557947
-1.1347008
-2.223163
-2.223163
-1.895774
-2.6568472
-2.4400053
-2.3294582
-3.0905313
-2.0020692
-2.9842362
-2.9799845
-3.9621515
-3.7410579
-2.9799845
-2.9799845
-3.6347628
-3.4179204
-3.2010784
-3.4179204
-2.3294582
-2.0020692
-1.347291
-3.3073738
-2.3294582
-2.223163
-1.7852271
-1.895774
-2.8736894
-1.2409959
-2.4400053
-2.7631423
-2.5463004
-1.891522
-3.6305108
-2.7588906
-4.064195
-4.4978795
-4.2810373
-4.4978795
-5.1484056
-3.843101
-4.4936275
-4.2767854
-3.7325544
-3.7368062
-3.953648
-4.2810373
-4.064195
-3.303122
-4.285289
-3.8473527
-3.5242157
-3.0905313
-2.7631423
-2.3252065
-2.3252065
-2.9799845
-3.5242157
-3.1968267
-3.6305108
-3.851605
-3.9578998
-3.6305108
-3.303122
-4.285289
-4.718973
-4.608426
-5.369499
-5.3652477
-5.2547007
-6.45371
-5.692637
-4.8210163
-6.45371
-5.58209
-6.236868
-5.5863414
-6.0200257
-5.3652477
-4.059943
-5.3652477
-4.2767854
-4.1704903
-4.064195
-3.192575
-3.6305108
-3.7410579
-3.8473527
-3.4136686
-3.303122
-3.4136686
-3.8473527
-5.0421104
-4.608426
-4.9315634
-5.692637
-6.343163
-6.6705523
-6.343163
-5.144154
-6.015774
-5.9094787
-6.126321
-6.0200257
-6.015774
-6.449458
-5.688385
-6.776847
-6.449458
-5.471543
-5.1484056
-3.843101
-4.714721
-3.303122
-3.3073738
-4.2810373
-3.6305108
-2.6483436
-4.1747417
-4.1747417
-3.1968267
-2.4357533
-2.6525953
-2.5420485
-4.1747417
-3.4136686
-3.7368062
-4.4978795
-5.5863414
-4.9315634
-4.8210163
-5.471543
-5.1484056
-5.2547007
-5.7989316
-5.0378585
-5.7989316
-5.471543
-5.475795
-4.2767854
-3.188323
-4.714721
-4.9315634
-3.519964
-2.8694377
-3.5242157
-2.2189112
-1.7809752
-2.7631423
-2.0020692
-2.4357533
-1.4578379
-1.67468
-1.2409959
-0.6967647
-1.3515428
-2.3294582
-2.223163
-1.3515428
-2.0020692
-2.2189112
-1.4578379
-2.5463004
-3.2010784
-1.7852271
-1.7852271
-2.3294582
-2.6568472
-0.91785866
-1.4620898
-2.006321
-1.678932
-0.80731165
-0.04623839
-0.37362745
-1.3557947
-0.050490197
-1.0284055
0.38319403
-0.4884262
0.16635191
-0.15678534
-0.5947214
-0.15678534
-0.16103715
-0.8115635
0.27689886
0.16635191
-0.050490197
-1.2452477
-1.0284055
-0.7010165
-0.91785866
-0.15678534
-1.0284055
-0.37362745
-0.4841744
0.3874458
-0.91785866
-0.8115635
-1.0284055
-0.2673323
-0.7010165
-1.4663416
-0.8115635
-0.8115635
-0.7010165
-0.050490197
-0.7052683
-0.050490197
0.16635191
-0.16103715
0.60003614
0.5957843
0.4894892
1.2505624
2.0116355
1.1400155
1.9010887
1.0294685
0.7020795
1.4674045
0.9231734
1.7947936
1.3568575
2.0116355
-0.054742
0.70633125
0.27264705
1.2505624
0.27264705
1.5779516
0.1621001
0.4894892
0.055804953
0.81687826
-1.0326574
-0.37787926
-0.4884262
-0.4884262
-0.27158412
1.1442673
-0.054742
-0.27158412
0.81687826
0.81687826
0.38319403
-0.16103715
0.27264705
0.06005676
0.92742515
-0.4884262
0.4894892
-0.37787926
-0.2673323
-0.8115635
-0.4841744
-1.3515428
-1.3515428
-1.4620898
-1.4620898
-0.7010165
-1.5726367
-1.568385
-1.4620898
-0.4841744
-1.0284055
-0.91785866
-1.4663416
-1.9000257
-0.4841744
-0.2673323
0.7105831
-0.9221104
-0.16103715
-0.16103715
-0.37787926
0.27689886
-0.050490197
-0.5947214
-0.9221104
-0.2673323
-1.0284055
0.49374095
-1.4663416
-0.15678534
-1.1347008
-0.4841744
-1.0284055
-1.4620898
-0.59046954
-1.1347008
-1.678932
-1.3515428
-1.1347008
-2.223163
-0.80731165
-2.112616
-1.0241537
-2.3294582
-2.4357533
-1.678932
-2.3294582
-2.0020692
-2.0020692
-2.3294582
-2.7631423
-1.891522
-1.4578379
-2.1083643
-2.4357533
-2.9799845
-1.67468
-2.9799845
-2.0020692
-1.4578379
-1.891522
-3.0905313
-2.4357533
-3.5242157
-2.9799845
-2.4357533
-2.4357533
-3.1968267
-2.6525953
-3.0905313
-2.6525953
-3.0862796
-3.3073738
-3.4136686
-3.1968267
-2.9757328
-3.0862796
-3.1968267
-2.3252065
-3.4136686
-3.0862796
-3.1968267
-2.8736894
-2.5463004
-2.7631423
-1.891522
-2.6525953
-3.3073738
-2.4357533
-2.9799845
-2.8694377
-2.1083643
-2.4357533
-2.1083643
-2.4357533
-3.5242157
-3.9578998
-3.7410579
-2.7588906
-3.303122
-4.391584
-5.369499
-3.8473527
-4.718973
-3.0820277
-4.4978795
-4.9315634
-4.3873324
-4.8210163
-6.126321
-4.7104697
-4.059943
-4.8210163
-4.714721
-3.626259
-4.604174
-3.953648
-3.626259
-4.2810373
-3.8473527
-3.8473527
-3.9578998
-3.953648
-2.7588906
-3.3073738
-3.7410579
-2.4357533
-2.6525953
-2.6525953
-2.9799845
-2.5420485
-4.068447
-4.1747417
-3.1968267
-3.7410579
-3.8473527
-3.7368062
-4.391584
-4.064195
-3.1968267
-3.1968267
-3.4136686
-2.7631423
-3.1968267
-2.9799845
-3.5242157
-3.5242157
-2.8694377
-3.1968267
-2.6525953
-3.1968267
-2.8694377
-3.4136686
-2.6525953
-3.6305108
-3.7410579
-2.2146595
-3.4136686
-2.8694377
-3.7410579
-3.7410579
-4.064195
-4.391584
-3.7368062
-3.953648
-2.9757328
-3.953648
-4.2810373
-3.519964
-5.475795
-4.604174
-5.9094787
-6.236868
-6.236868
-4.8210163
-5.1484056
-4.4978795
-3.626259
-4.3873324
-4.9315634
-4.2767854
-4.714721
-3.626259
-3.9578998
-2.9799845
-2.9799845
-3.0905313
-2.2189112
-3.4179204
-2.7631423
-1.891522
-2.9799845
-2.8694377
-3.1968267
-4.285289
-4.718973
-3.1968267
-2.9757328
-4.8252683
-5.369499
-5.0421104
-5.0421104
-5.6968884
-4.4978795
-4.064195
-5.5863414
-4.9315634
-4.9315634
-4.064195
-4.608426
-2.3252065
-3.1968267
-3.1968267
-2.9799845
-3.0905313
-2.7631423
-2.8736894
-2.3294582
-1.5641332
-3.1968267
-3.851605
-3.0905313
-3.4179204
-2.7631423
-2.3252065
-2.6525953
-3.8473527
-3.7368062
-4.1747417
-3.303122
-3.6305108
-3.9578998
-4.502131
-3.6305108
-3.1968267
-2.6525953
-3.5242157
-3.0905313
-3.4136686
-2.9799845
-2.9799845
-2.112616
-2.3294582
-2.6568472
-1.568385
-2.6568472
-2.006321
-1.0284055
-0.91785866
-1.7894788
-0.7010165
-0.37362745
-1.5726367
-1.4663416
-0.8115635
-1.7894788
-0.37362745
-1.4620898
-0.4841744
-0.91785866
-2.33371
-1.4620898
-1.895774
-2.3294582
-2.112616
-2.3294582
-2.9842362
-2.3294582
-3.0905313
-2.9799845
-2.0020692
-2.5463004
-2.5463004
-1.895774
-2.3294582
-2.4400053
-1.4620898
-2.5505521
-1.895774
-1.3515428
-1.568385
-1.678932
-2.006321
-2.006321
-2.006321
-1.4620898
-0.91785866
-1.568385
-1.3515428
-1.678932
-2.006321
-1.678932
-2.223163
-2.4400053
-1.678932
-2.112616
-1.3515428
-2.223163
-0.7010165
-1.895774
-2.4400053
-3.2010784
-2.112616
-3.0905313
-3.0905313
-2.5463004
-2.4400053
-1.7852271
-1.7894788
-1.4620898
-1.9000257
-2.006321
-1.5726367
-2.006321
-1.4620898
-2.223163
-1.2452477
-1.2452477
-0.7010165
-1.7894788
-1.7894788
-0.7010165
-1.1347008
-1.0284055
-2.4400053
-2.3294582
-1.7852271
-1.7852271
-3.0905313
-2.5463004
-3.851605
-2.9799845
-3.4136686
-3.851605
-2.2189112
-2.6525953
-3.0905313
-2.4357533
-4.285289
-2.6525953
-3.1968267
-2.7631423
-3.3073738
-3.851605
-3.0905313
-3.3073738
-3.0905313
-2.5463004
-2.0020692
-3.3073738
-3.0905313
-3.3073738
-3.4179204
-2.7631423
-2.4357533
-3.0905313
-2.4357533
-2.9799845
-2.9799845
-3.851605
-3.5242157
-2.6525953
-4.1747417
-4.1747417
-3.192575
-3.303122
-3.8473527
-2.5420485
-4.285289
-3.0862796
-3.1968267
-4.064195
-3.0862796
-2.9799845
-3.1968267
-3.7410579
-4.1747417
-2.7588906
-3.4136686
-3.5242157
-2.7588906
-3.4136686
-3.303122
-3.4136686
-3.9578998
-4.1747417
-3.6305108
-2.4357533
-3.3073738
-2.9799845
-3.5242157
-2.8694377
-3.9578998
-2.8694377
-4.718973
-4.1747417
-3.409417
-4.608426
-4.608426
-3.6305108
-3.303122
-3.0862796
-3.9578998
-2.7631423
-3.9578998
-3.7410579
-3.519964
-4.2810373
-4.2810373
-5.2589526
-4.1704903
-5.6968884
-3.409417
-3.7368062
-4.608426
-4.502131
-3.303122
-3.9578998
-2.9757328
-3.7368062
-4.2810373
-4.4978795
-4.718973
-3.7368062
-3.6305108
-4.064195
-4.1704903
-4.608426
-4.4978795
-5.5863414
-6.236868
-5.58209
-4.604174
-4.8210163
-5.58209
-3.515712
-4.059943
-4.3873324
-4.714721
-4.4978795
-4.4978795
-4.714721
-5.3652477
-5.58209
-4.8210163
-4.8210163
-5.692637
-4.7104697
-4.9315634
-5.2589526
-4.3873324
-4.3873324
-3.953648
-3.6305108
-3.9578998
-5.1526575
-4.285289
-4.1747417
-4.1747417
-4.502131
-4.068447
-3.7410579
-4.285289
-3.519964
-3.9578998
-5.1526575
-3.0862796
-2.6525953
-3.1968267
-2.223163
-2.006321
-2.006321
-2.2274148
-1.0326574
-0.59897316
-0.16103715
-1.3600464
-0.8115635
-1.3557947
-0.5947214
-1.5726367
-1.4620898
-3.0947833
-3.2010784
-3.6347628
-2.9842362
-3.4179204
-2.112616
-2.3294582
-2.6568472
-3.0905313
-2.5463004
-3.0905313
-3.6347628
-2.4357533
-3.4179204
-2.9842362
-2.223163
-2.116868
-1.1389525
-1.0284055
-1.9000257
-1.0284055
-1.0284055
-1.2452477
-0.7052683
-0.8115635
0.16635191
0.055804953
0.16635191
-0.9221104
-0.8115635
-1.3557947
-0.050490197
-0.9221104
-0.4884262
-1.2494994
-0.4841744
-1.5726367
-1.1389525
-1.2452477
-1.6831837
-0.050490197
-0.4884262
0.055804953
-0.4884262
-0.59897316
-0.7052683
-0.4884262
-1.0326574
-0.7052683
-0.050490197
-1.5726367
-0.9221104
-0.37787926
-0.8115635
-0.16103715
-0.27158412
-0.27158412
-0.27158412
-0.054742
0.05155315
-0.27158412
-0.70952016
-0.058993805
0.70633125
0.81687826
-0.2758359
0.27264705
-0.16103715
-0.7052683
-0.27158412
-0.4884262
0.1621001
-0.16103715
0.60003614
0.055804953
-0.16103715
-0.16103715
-0.16103715
-0.4884262
-0.5947214
-2.2274148
-2.767394
-2.6568472
-2.7631423
-3.4179204
-2.4357533
-1.891522
-2.7631423
-2.3294582
-3.4179204
-2.6568472
-3.0905313
-2.2189112
-3.9621515
-2.6568472
-3.6347628
-2.223163
-3.0947833
-2.767394
-3.4179204
-4.285289
-5.4800463
-5.1484056
-5.9137306
-7.104236
-5.7989316
-6.887394
-6.45371
-6.236868
-6.3474145
-3.9578998
-3.9578998
-4.502131
-4.068447
-3.851605
-3.4179204
-2.767394
-2.5505521
-2.9842362
-2.767394
-2.9842362
-2.223163
-1.568385
-2.9842362
-2.4400053
-3.3116255
-2.9842362
-2.9842362
-3.3073738
-3.3073738
-2.7631423
-3.6347628
-2.9799845
-4.1789937
-2.9799845
-3.3073738
-3.3073738
-3.4179204
-2.5463004
-2.767394
-3.5284674
-3.4179204
-2.7631423
-3.851605
-3.1968267
-3.3073738
-3.3073738
-2.6525953
-2.7631423
-2.767394
-1.4620898
-2.006321
-2.767394
-2.006321
-1.568385
-2.444257
-1.0284055
-0.7052683
-0.9221104
-1.2494994
-1.5726367
-1.4663416
-1.1389525
-0.5947214
-0.050490197
-1.1432043
0.055804953
-1.5768886
-1.4663416
-1.7937305
-0.7052683
-0.7052683
-1.4663416
-0.81581527
-0.38213107
-0.38213107
-0.16103715
-1.1432043
-0.9263622
0.1621001
-0.38213107
0.70633125
0.05155315
1.9010887
0.59153247
0.59153247
0.59153247
0.26414344
2.2199743
1.896837
2.5473633
2.1094272
2.2199743
2.9810476
3.3084364
1.565196
2.5431116
3.631574
2.1094272
2.9767957
3.5210268
4.065258
3.844164
4.0610065
4.4946904
4.171553
3.737869
4.8220797
4.0610065
4.4946904
5.1452165
5.90629
5.468354
6.9905005
7.207342
6.2251754
7.7515736
6.986249
7.313638
8.2915535
8.94208
8.8315325
8.8315325
9.592606
9.048374
9.265217
9.482059
9.482059
9.15467
9.265217
9.809448
9.158921
10.02629
10.243132
10.136837
9.698901
9.809448
9.482059
10.243132
10.459974
10.676816
10.349427
10.787363
10.243132
10.893659
10.570521
11.221047
11.765279
11.1105
10.566269
10.783112
10.783112
10.999953
11.221047
10.459974
11.1105
10.0220375
9.809448
9.048374
7.9641643
8.508395
7.313638
7.4241843
6.4462695
7.1010475
6.123132
6.123132
6.123132
6.339974
7.317889
7.8621206
7.1010475
6.9905005
6.8799534
7.6452785
7.6452785
7.207342
7.207342
7.317889
7.317889
7.6452785
7.8663726
6.8842053
5.689448
6.561068
5.251512
5.689448
6.016837
7.2115946
7.2115946
5.4726057
5.799995
5.9105415
4.605237
4.171553
4.4946904
5.6937
4.8220797
4.605237
4.2778482
4.6094894
3.6273217
4.4989424
3.6273217
3.954711
3.737869
3.5210268
3.5210268
3.631574
2.9810476
2.003132
2.1136792
2.7684572
1.5736997
1.2463106
0.3746904
1.1357636
0.26839525
0.70633125
-0.16103715
-0.27158412
0.27264705
0.4894892
-0.27158412
-0.16103715
-0.27158412
-0.4884262
-1.9000257
-1.1389525
-2.33371
-2.3294582
-3.3073738
-2.7631423
-4.285289
-2.3252065
-3.9578998
-3.7410579
-4.068447
-3.3073738
-2.6525953
-2.5463004
-2.2189112
-2.223163
-2.4400053
-1.4620898
-0.7010165
-1.2452477
-0.4841744
0.27689886
0.16635191
0.38319403
0.16635191
0.82113004
0.06005676
-0.7010165
-2.116868
-1.3515428
-1.3515428
-1.7852271
-1.2409959
-2.4357533
-2.5420485
-1.9978173
-3.1968267
-3.303122
-3.303122
-2.9757328
-4.2810373
-3.8473527
-3.0862796
-2.6525953
-1.891522
-1.4578379
-1.4578379
-1.7852271
-2.2189112
-1.0199019
-0.9136068
-1.1347008
-1.568385
-2.5463004
-2.2189112
-2.3252065
-2.5377967
-3.515712
-3.188323
-3.8388493
-5.2504487
-5.905227
-6.338911
-5.577838
-5.471543
-4.604174
-3.9493964
-4.059943
-4.1662383
-6.2326164
-4.816765
-4.816765
-5.144154
-5.360996
-5.2504487
-6.1220694
-6.993689
-7.6442156
-6.989438
-6.555753
-6.8788905
-7.423122
-7.2062798
-6.9851856
-8.401037
-7.6357117
-8.617879
-8.29049
-8.073648
-8.401037
-7.529417
-6.662049
-7.099984
-7.6442156
-7.2062798
-6.228364
-5.467291
-6.445206
-7.210531
-5.79468
-6.1220694
-6.338911
-6.338911
-5.467291
-4.4893756
-6.1220694
-6.662049
-6.445206
-6.772596
-6.445206
-6.3346596
-6.989438
-6.8788905
-6.989438
-7.312575
-7.639964
-7.312575
-6.4409547
-7.202028
-8.401037
-7.639964
-8.728426
-8.073648
-8.617879
-7.41887
-7.963101
-8.834722
-8.073648
-7.746259
-7.963101
-6.3304076
-7.312575
-7.639964
-7.8568063
-7.639964
-6.6577964
-7.423122
-6.3346596
-7.316827
-6.228364
-4.927312
-5.0378585
-5.144154
-3.7325544
-4.8210163
-4.3830805
-3.4051652
-4.3873324
-3.7368062
-2.5420485
-2.8694377
-1.7809752
-1.7809752
-2.7588906
-2.3252065
-3.0862796
-3.4136686
-1.5641332
-1.9978173
-2.1083643
-2.3252065
-2.4357533
-2.1083643
-1.2409959
-2.0020692
-1.7852271
-1.2409959
-0.91785866
-0.5947214
-0.8115635
0.38319403
0.82113004
0.6042879
0.49374095
-0.5947214
-0.2673323
-0.15678534
-1.0284055
0.6042879
-0.5947214
0.92742515
0.7105831
-0.37787926
-0.050490197
-0.4884262
0.055804953
0.27264705
0.1621001
0.60003614
0.27264705
0.81687826
0.4894892
0.9231734
0.4894892
1.3611094
0.37894222
0.81687826
0.4894892
-0.054742
0.4894892
1.2548143
0.60003614
1.5779516
0.5957843
0.70633125
1.4674045
0.70633125
0.70633125
0.60003614
0.4894892
0.70633125
0.9231734
1.2505624
0.9231734
1.4674045
0.8126264
1.0337203
1.2505624
0.37894222
0.1621001
0.9231734
-0.70952016
0.4894892
0.1621001
0.70633125
-0.4884262
-0.27158412
-0.4884262
-0.59897316
0.16635191
-0.27158412
-1.0326574
-0.9263622
0.38319403
-0.27158412
-0.27158412
0.38319403
-0.4884262
-0.4884262
-0.59897316
0.055804953
-0.054742
-0.16103715
0.27264705
-0.4884262
0.27264705
-0.37787926
-0.27158412
-0.5947214
-1.5726367
-0.91785866
-1.9000257
-1.4663416
-1.0284055
-0.80731165
-1.678932
-1.895774
-1.678932
-1.895774
-1.568385
-3.2010784
-1.678932
-1.678932
-1.7852271
-2.006321
-2.223163
-2.223163
-2.223163
-2.9842362
-1.7894788
-2.6568472
-1.4620898
-0.4841744
-1.0284055
-1.1389525
-1.0284055
-1.1347008
-0.7010165
-2.116868
-0.7010165
-0.91785866
-0.7010165
-1.1347008
-1.895774
-1.7852271
-3.0905313
-2.5463004
-2.5463004
-3.6347628
-3.2010784
-2.7631423
-3.6347628
-3.5242157
-3.3073738
-2.3252065
-2.9799845
-3.1968267
-4.068447
-2.8694377
-3.1968267
-3.0862796
-3.7410579
-3.7410579
-2.8694377
-3.8473527
-3.0862796
-4.1747417
-3.6305108
-3.3073738
-3.5242157
-4.068447
-3.6347628
-3.5242157
-4.068447
-4.391584
-3.5242157
-3.4136686
-4.068447
-2.7588906
-3.9578998
-3.851605
-3.3073738
-2.9799845
-2.1083643
-2.6525953
-2.8736894
-2.2189112
-3.1968267
-2.4357533
-2.1083643
-3.1968267
-3.4136686
-3.9578998
-3.6305108
-2.5420485
-2.6525953
-3.0905313
-2.9799845
-2.9799845
-3.3073738
-2.4357533
-2.3252065
-2.0020692
-3.0905313
-2.7631423
-2.4357533
-2.9799845
-3.0905313
-2.6525953
-2.1083643
-3.3073738
-2.9799845
-2.3252065
-2.9799845
-2.4357533
-2.2189112
-2.9799845
-3.6305108
-3.0862796
-4.1747417
-3.9578998
-3.7410579
-4.502131
-2.9799845
-2.1083643
-2.9799845
-3.5242157
-3.4136686
-2.8694377
-3.0862796
-2.9799845
-3.7410579
-2.6525953
-2.8694377
-2.1083643
-2.6525953
-3.6347628
-3.0905313
-3.3073738
-2.7631423
-2.9799845
-2.1083643
-2.9799845
-3.3073738
-2.9799845
-2.9799845
-2.9799845
-3.5242157
-4.395836
-3.6305108
-4.1747417
-3.9578998
-2.9799845
-3.1968267
-2.8694377
-3.851605
-3.1968267
-3.3073738
-3.5242157
-3.3073738
-2.4357533
-3.3073738
-3.0905313
-2.8736894
-3.0905313
-3.3073738
-3.5242157
-2.7631423
-3.3073738
-2.6525953
-2.4357533
-2.4357533
-3.5242157
-3.6347628
-3.5242157
-3.7410579
-3.5242157
-4.068447
-2.9799845
-2.2189112
-2.5463004
-2.9799845
-3.3073738
-2.7631423
-2.2189112
-2.6568472
-2.8736894
-2.6568472
-1.4578379
-3.0905313
-2.8736894
-2.8736894
-3.0905313
-2.5463004
-2.6568472
-2.2189112
-2.7631423
-3.0905313
-3.5242157
-3.1968267
-2.7631423
-2.9799845
-2.4357533
-2.8694377
-3.3073738
-2.7631423
-3.851605
-3.4179204
-2.9799845
-2.0020692
-3.2010784
-2.0020692
-1.568385
-2.3294582
-2.33371
-2.223163
-1.678932
-1.3515428
-2.5505521
-1.678932
-1.2452477
-0.91785866
-1.2452477
-1.3557947
-1.3557947
-1.1389525
-1.6831837
-0.7010165
-1.7894788
-1.0284055
-2.444257
-0.7010165
-0.91785866
-1.5726367
-1.895774
-1.4620898
-2.767394
-1.2452477
-1.2452477
-2.223163
-2.223163
-2.5505521
-2.112616
-2.006321
-1.678932
-2.006321
-1.895774
-2.116868
-1.678932
-0.4841744
-0.9221104
-0.37787926
-1.1389525
-0.37787926
-1.1389525
-2.223163
-2.223163
-1.4620898
-0.91785866
-2.116868
-1.3557947
-1.5726367
-1.5726367
-1.678932
-1.4620898
-1.4620898
-2.223163
-1.1347008
-1.3515428
-2.4400053
-2.33371
-2.767394
-1.895774
-1.3515428
-2.006321
-3.5284674
-2.6568472
-2.223163
-2.0020692
-3.0905313
-2.4400053
-3.2010784
-1.895774
-2.5505521
-2.4400053
-2.4400053
-3.2010784
-2.7631423
-3.6347628
-2.5463004
-2.2189112
-2.8736894
-2.9799845
-2.9799845
-3.4179204
-2.8736894
-2.8736894
-3.0905313
-3.7410579
-4.1747417
-3.1968267
-3.1968267
-3.5242157
-3.3073738
-2.7631423
-3.851605
-3.851605
-3.5242157
-2.9799845
-3.851605
-4.285289
-4.1747417
-3.0862796
-3.0862796
-3.851605
-3.5242157
-4.1747417
-5.1526575
-4.2810373
-4.1747417
-4.502131
-3.4136686
-4.1747417
-4.4978795
-3.519964
-4.1704903
-4.714721
-4.064195
-4.4978795
-4.8210163
-4.604174
-4.604174
-5.471543
-5.58209
-5.2547007
-5.7989316
-6.6705523
-6.6663
-5.688385
-5.7989316
-6.2326164
-6.6705523
-6.126321
-6.560005
-6.015774
-6.887394
-5.905227
-6.338911
-6.776847
-6.993689
-6.126321
-5.58209
-6.343163
-5.0378585
-5.7989316
-6.015774
-5.692637
-6.236868
-4.604174
-5.0378585
-5.2589526
-5.5863414
-5.3652477
-6.45371
-5.1484056
-5.803184
-5.692637
-6.0200257
-6.45371
-5.58209
-5.58209
-6.45371
-6.560005
-6.6705523
-6.126321
-5.7989316
-6.343163
-6.560005
-6.236868
-6.236868
-6.0200257
-6.564257
-4.9315634
-5.803184
-5.803184
-5.2589526
-5.5863414
-5.369499
-5.2589526
-3.7368062
-4.1747417
-4.391584
-4.608426
-5.5863414
-4.2767854
-6.564257
-5.475795
-4.9315634
-5.803184
-5.692637
-4.9315634
-5.475795
-4.714721
-6.236868
-5.1484056
-5.475795
-4.9315634
-4.604174
-6.130573
-4.714721
-5.2589526
-5.0421104
-5.9137306
-4.1704903
-4.9315634
-5.0421104
-5.9137306
-5.369499
-3.953648
-4.2810373
-4.2810373
-5.0421104
-5.1526575
-4.8252683
-5.369499
-4.8252683
-5.1526575
-4.2810373
-4.9358153
-4.4978795
-4.718973
-3.9578998
-4.064195
-3.9578998
-4.285289
-3.0862796
-3.3073738
-3.0905313
-2.6525953
-4.1789937
-3.0905313
-2.8694377
-2.5463004
-3.6347628
-3.4179204
-3.0905313
-2.3294582
-3.3073738
-2.8736894
-2.6568472
-3.4179204
-2.9842362
-3.4179204
-3.5284674
-3.6347628
-2.4357533
-3.4179204
-3.3073738
-3.851605
-3.3073738
-2.7631423
-3.9621515
-3.0905313
-3.7453096
-2.112616
-3.2010784
-3.0947833
-3.2010784
-3.5284674
-2.8736894
-2.112616
-3.7453096
-2.8736894
-3.2010784
-3.7453096
-2.4357533
-2.8736894
-2.7631423
-3.4179204
-4.1789937
-3.4136686
-4.285289
-3.5242157
-2.8736894
-3.851605
-2.4357533
-3.2010784
-3.6347628
-3.0947833
-2.3294582
-2.4400053
-2.767394
-1.7894788
-2.33371
-1.678932
-2.116868
-2.116868
-2.661099
-2.8779414
-2.5505521
-2.112616
-2.8736894
-3.851605
-3.9621515
-3.3073738
-3.5242157
-2.9799845
-3.6347628
-3.5242157
-2.9842362
-2.8779414
-2.006321
-1.1347008
-1.678932
-2.116868
-2.116868
-1.2452477
-1.3557947
-2.33371
-0.91785866
-1.5726367
-1.3557947
-1.6831837
-2.116868
-0.8115635
-2.33371
-2.006321
-1.7894788
-2.33371
-0.8115635
-2.444257
-1.5726367
-2.010573
-2.3379617
-1.1389525
-0.16103715
-0.4884262
-1.1432043
-0.7052683
-0.27158412
-0.4884262
-0.81581527
-0.27158412
-0.27158412
-0.38213107
0.4894892
-0.16528895
0.1621001
-0.81581527
0.1621001
-1.0326574
-0.7052683
-0.4884262
-0.9221104
0.16635191
-0.27158412
-0.16528895
-0.38213107
-0.38213107
-0.38213107
-0.16103715
-0.4884262
-0.27158412
-0.37787926
-0.054742
-0.59897316
-0.59897316
-0.81581527
-0.16528895
0.70633125
0.1621001
-0.38213107
0.8126264
1.2463106
1.5736997
0.48523736
2.117931
2.3347728
0.3746904
1.4631528
1.4631528
1.1357636
0.9189216
1.4631528
2.224226
1.4589009
2.003132
2.5473633
2.330521
2.2199743
2.2199743
2.6536584
2.1094272
3.0915945
2.7642052
2.4368165
2.9810476
2.5473633
2.7642052
1.2420589
2.5473633
1.6799948
1.1357636
2.224226
1.3526058
2.5473633
2.330521
2.9810476
2.2199743
2.003132
2.4410682
1.1357636
1.896837
1.3526058
2.5473633
1.8925852
1.7862899
2.003132
2.2199743
2.2199743
1.896837
1.4589009
1.1357636
1.2463106
0.1578483
0.05155315
0.26839525
-0.27158412
-0.38213107
0.1621001
-0.49267802
0.8126264
1.0294685
1.1357636
1.3526058
0.9189216
1.5694479
1.7905419
1.2463106
2.0073838
1.896837
1.4631528
2.5516152
2.117931
2.0073838
1.0294685
0.8126264
1.5736997
1.9010887
1.2463106
0.48523736
-0.27158412
-0.16528895
-0.16528895
-0.59897316
-0.38213107
-1.0326574
-0.4884262
0.16635191
-1.2494994
-1.1432043
-0.9221104
-1.4663416
-0.7052683
-0.8115635
-1.1389525
-2.2274148
-1.5726367
-1.5768886
-1.6831837
-1.7937305
-1.2494994
-1.7894788
-0.5947214
-1.895774
-1.895774
-2.5463004
-3.2010784
-3.2010784
-2.9799845
-3.0905313
-2.5463004
-3.2010784
-2.8694377
-3.3073738
-3.519964
-3.192575
-5.2589526
-5.2589526
-4.9358153
-3.8473527
-3.953648
-4.391584
-4.4978795
-5.0421104
-5.5863414
-6.236868
-5.3652477
-6.130573
-6.130573
-5.2589526
-6.0200257
-5.2589526
-5.475795
-5.692637
-5.9137306
-5.803184
-4.714721
-6.130573
-5.475795
-4.1704903
-4.3873324
-4.9315634
-5.0421104
-5.58209
-5.58209
-5.58209
-5.58209
-5.3652477
-5.692637
-5.7989316
-6.126321
-5.9094787
-6.343163
-5.688385
-7.104236
-6.449458
-7.5379205
-6.6663
-7.4273734
-5.467291
-6.015774
-7.104236
-5.7989316
-6.776847
-7.210531
-5.688385
-6.015774
-5.9094787
-4.927312
-6.343163
-5.144154
-5.144154
-6.993689
-6.2326164
-6.2326164
-6.776847
-6.45371
-5.2547007
-5.471543
-6.6705523
-6.126321
-7.104236
-6.015774
-5.58209
-6.126321
-5.58209
-6.236868
-6.343163
-6.560005
-6.343163
-6.6705523
-5.471543
-6.887394
-5.2547007
-6.887394
-5.0378585
-5.905227
-6.993689
-5.905227
-6.887394
-6.449458
-5.7989316
-5.688385
-6.126321
-5.3652477
-6.0200257
-6.0200257
-4.9315634
-4.8252683
-4.4978795
-3.519964
-4.8252683
-4.391584
-4.8252683
-3.6305108
-4.068447
-3.7410579
-4.608426
-3.8473527
-4.502131
-3.4136686
-4.285289
-3.9578998
-3.8473527
-3.7410579
-3.5242157
-3.9578998
-3.3073738
-2.7631423
-3.0905313
-3.7453096
-3.2010784
-1.678932
-1.4620898
-0.2673323
-1.3557947
-0.9221104
-1.0326574
-1.0326574
0.60003614
0.27264705
0.27264705
0.1621001
0.1621001
-0.70952016
-0.49267802
0.9231734
1.2505624
1.1442673
-0.16528895
1.0337203
-0.38213107
0.60003614
-0.16103715
-0.59897316
-0.16528895
-0.16528895
0.26839525
1.6842467
0.1578483
0.8126264
0.7020795
0.48523736
2.0073838
2.662162
1.9010887
0.7020795
1.4631528
1.7905419
2.224226
1.896837
2.003132
2.9810476
2.224226
2.0073838
2.0073838
1.4631528
1.6799948
2.879004
1.3526058
1.6757431
3.0915945
2.330521
1.7862899
2.330521
2.879004
1.4631528
2.224226
2.2199743
2.4410682
2.2199743
3.414732
2.2199743
2.8705006
3.631574
3.414732
3.1936376
3.631574
3.0873425
3.631574
3.1936376
3.737869
4.065258
3.954711
3.954711
4.4946904
4.605237
5.038922
5.6937
4.8220797
3.954711
4.826331
3.4104798
4.720036
4.065258
4.4989424
3.1936376
3.5210268
3.631574
2.7642052
2.9810476
1.1357636
1.5694479
2.0073838
1.2463106
2.224226
1.0252168
2.224226
1.4631528
1.3526058
1.4631528
1.2463106
2.879004
2.0073838
0.8083746
1.7862899
1.6757431
2.5473633
2.7642052
3.0873425
1.6757431
1.3526058
0.8083746
1.0294685
0.9231734
1.3568575
1.1400155
0.05155315
-0.054742
-0.054742
0.9231734
0.27264705
0.1621001
1.5779516
0.81687826
0.26839525
0.5957843
1.3568575
1.7905419
1.3568575
2.4410682
2.4410682
1.896837
3.0915945
2.2199743
2.5473633
3.5295303
1.7862899
2.65791
2.330521
2.3347728
2.3347728
1.0294685
1.0294685
1.4674045
0.05155315
-0.054742
1.2505624
0.4894892
-0.70952016
-0.27158412
-1.1432043
0.5957843
-0.70952016
0.37894222
-0.27158412
0.4894892
-0.70952016
-0.054742
0.4894892
-0.38213107
0.4894892
1.2505624
-0.59897316
0.70633125
0.27264705
-0.27158412
0.055804953
-0.81581527
0.38319403
-0.7052683
-0.27158412
0.38319403
0.16635191
0.055804953
0.055804953
-0.9221104
-1.9000257
-1.1389525
-0.2673323
-1.5768886
-0.050490197
-0.37787926
-0.9221104
-0.5947214
-0.37787926
-0.37787926
-1.6831837
-1.3557947
-0.5947214
-1.9000257
-1.1389525
-1.1389525
-0.8115635
-1.4663416
-1.0284055
-1.3557947
-0.9221104
-0.8115635
-1.6831837
-1.5726367
-1.1389525
-1.678932
-0.7010165
-1.0284055
-1.1389525
-0.8115635
-1.1389525
-1.4663416
-1.6831837
-2.444257
-2.444257
-0.7010165
-2.223163
-2.9842362
-1.3515428
-2.4400053
-2.006321
-1.678932
-2.5505521
-1.3515428
-2.767394
-1.678932
-0.7010165
-2.116868
-0.91785866
-2.223163
-1.678932
-1.4620898
-1.4620898
-2.223163
-1.1347008
-1.678932
-2.006321
-1.1347008
-2.33371
-2.4400053
-2.767394
-2.5505521
-2.8736894
-3.0905313
-1.891522
-2.6525953
-2.4357533
-2.5463004
-2.8736894
-2.112616
-2.6568472
-2.9842362
-2.8736894
-3.4179204
-2.5463004
-2.9842362
-2.112616
-2.223163
-1.4620898
-0.80731165
-1.3557947
-2.006321
-0.7010165
-2.223163
-1.678932
-1.7894788
-1.568385
-2.223163
-1.1347008
-2.223163
-2.006321
-1.4620898
-0.59046954
-1.7894788
-1.9000257
-2.116868
-2.223163
-1.4620898
-1.0284055
-1.7894788
-1.4620898
-1.4620898
-0.7010165
-2.116868
-1.2452477
-1.2452477
0.06005676
-0.5947214
-0.050490197
-0.5947214
0.06005676
-1.3557947
-1.9000257
-1.2452477
-0.2673323
-1.0284055
0.16635191
-0.9221104
-0.5947214
0.38319403
-0.7010165
-0.8115635
-1.0284055
0.27689886
-0.5947214
-0.9221104
-0.5947214
-0.5947214
-0.050490197
-0.7010165
-1.0284055
-1.6831837
-1.6831837
-1.7894788
-1.5726367
-2.006321
-1.4620898
-1.4620898
-1.4620898
-2.116868
-0.91785866
-1.9000257
-2.006321
-1.1389525
-0.8115635
-1.1389525
-0.2673323
-0.7010165
-1.4620898
-2.223163
-2.223163
-2.5505521
-1.2452477
-1.0241537
-2.006321
-1.4620898
-1.3515428
-2.006321
-2.112616
-2.8736894
-2.6568472
-2.6568472
-1.895774
-1.678932
-2.5463004
-2.767394
-2.9842362
-2.0020692
-1.568385
-1.7852271
-1.4620898
-1.3557947
-0.59046954
-2.8779414
-1.3557947
-1.0284055
-1.3557947
-1.0284055
-2.116868
-1.5726367
-1.4620898
-2.116868
-1.0284055
-0.7010165
-1.2452477
-1.2452477
-0.91785866
-1.4620898
-0.80731165
-1.568385
-1.7852271
-2.8736894
-2.8736894
-2.223163
-2.006321
-1.4620898
-2.5505521
-2.112616
-1.678932
-2.006321
-2.116868
-1.0284055
-0.37362745
-2.006321
-0.91785866
-1.5726367
-1.7894788
-1.6831837
-1.2452477
-1.6831837
-1.4663416
-0.4841744
-1.3557947
-0.9221104
-1.0284055
-1.9000257
-1.6831837
-1.6831837
-0.7052683
-0.37787926
-0.8115635
-1.2452477
-2.006321
-0.91785866
-2.116868
-1.0284055
-1.4620898
-0.8115635
-1.9000257
-0.2673323
-0.9221104
-1.3557947
-1.0284055
-1.5726367
-2.006321
-1.5726367
-1.1389525
-1.1389525
-0.7052683
-0.7052683
-1.2494994
-0.37787926
-0.37787926
-1.1389525
0.16635191
-1.1389525
-1.1389525
-0.81581527
0.27264705
-0.7052683
-0.2673323
-0.5947214
-1.5726367
-1.4663416
-0.37787926
-1.0326574
0.27264705
-0.7052683
-0.81581527
-0.16103715
-0.16103715
0.055804953
-0.59897316
0.4894892
-0.59897316
1.1442673
0.37894222
0.81687826
-0.59897316
0.92742515
0.27264705
0.70633125
0.70633125
1.2505624
-0.27158412
0.4894892
1.4674045
-0.16528895
0.5957843
0.4894892
0.4894892
0.9231734
-0.4884262
0.27264705
-0.054742
0.48523736
0.1621001
0.27264705
0.1621001
0.70633125
0.4894892
-0.9263622
1.6842467
0.9231734
1.4631528
1.3526058
0.9189216
2.224226
1.6799948
1.896837
1.896837
1.1357636
3.0915945
1.5694479
2.5473633
3.0915945
2.8747523
2.8747523
2.330521
2.4410682
2.330521
1.896837
1.896837
2.9852993
3.4232354
3.0958462
2.1136792
2.9852993
1.896837
2.4410682
3.8526678
3.6358256
4.3968987
2.8747523
3.6358256
2.8747523
3.3084364
2.65791
2.65791
2.8747523
3.0915945
2.65791
2.4368165
3.3084364
4.06951
3.7421207
3.1978896
2.9810476
4.2863517
3.0873425
3.5210268
3.7421207
3.848416
4.830583
4.936878
4.1758046
4.826331
5.6979513
3.954711
4.2863517
4.1758046
5.264267
4.936878
4.2863517
4.1758046
4.1758046
5.0474253
4.3926473
4.2821
5.1537204
4.171553
4.830583
4.6094894
5.481109
3.848416
4.936878
4.936878
5.0431733
4.2821
5.3705626
4.715784
5.3705626
5.0431733
5.1537204
4.3926473
5.0474253
4.503194
5.1537204
5.1537204
5.804247
5.0431733
5.0431733
5.4768577
5.4768577
5.5874047
6.1316357
4.2821
5.5874047
4.826331
5.0431733
3.737869
5.264267
5.481109
4.6094894
5.481109
4.6094894
4.9326262
6.0253406
4.720036
5.0431733
5.5874047
5.6979513
5.8084984
5.3705626
4.826331
4.3926473
5.1537204
5.1537204
5.1537204
5.481109
5.264267
5.591656
4.1758046
4.3926473
3.9589627
4.724288
4.3968987
3.8526678
3.9589627
4.3968987
3.5252786
4.724288
4.3968987
2.7642052
2.8747523
3.6358256
2.9810476
4.180057
4.0737615
4.0737615
2.879004
1.896837
2.9852993
2.0073838
4.0737615
2.44532
2.4410682
2.224226
3.4232354
2.224226
2.3347728
2.3347728
2.3347728
2.44532
2.0116355
2.0073838
2.0116355
2.117931
2.1221828
1.1400155
1.6884984
1.6884984
0.60003614
1.0379721
0.7105831
-0.37787926
0.49374095
0.7105831
0.6042879
-0.050490197
0.06005676
0.82113004
0.6042879
0.06005676
0.49374095
-0.37362745
0.17060372
-0.8115635
0.82113004
0.6042879
0.27689886
-0.050490197
0.6042879
0.6042879
0.49374095
0.27689886
0.17060372
0.71483487
-0.7010165
0.49799278
-0.80731165
0.17060372
-0.04623839
-1.3515428
-1.2409959
-0.8030599
-2.3252065
-2.8694377
-2.3252065
-2.3252065
-2.2146595
-2.8651857
-3.7368062
-2.6483436
-3.409417
-3.2988698
-3.192575
-2.8651857
-2.6483436
-3.0862796
-2.2146595
-2.7588906
-1.5598813
-3.192575
-1.6704283
-2.8651857
-2.2104075
-3.303122
-3.2988698
-3.2988698
-2.5377967
-2.3209546
-3.515712
-3.7325544
-3.2946181
-4.816765
-4.0556912
-4.5999227
-4.1662383
-4.2725334
-4.927312
-4.059943
-4.059943
-3.9493964
-2.4272497
-3.2988698
-2.6483436
-2.6483436
-2.4315016
-1.7809752
-2.2146595
-2.6525953
-2.8694377
-1.9978173
-2.5420485
-3.1968267
-2.2146595
-3.5242157
-2.7588906
-4.604174
-4.2767854
-5.471543
-4.1662383
-5.144154
-4.5999227
-4.816765
-4.927312
-5.7989316
-5.688385
-6.338911
-5.139902
-5.79468
-5.688385
-6.1220694
-5.360996
-4.7104697
-5.1484056
-3.0820277
-2.7588906
-3.303122
-3.192575
-4.3873324
-4.1704903
-3.953648
-4.3873324
-4.1704903
-3.626259
-3.953648
-2.6483436
-3.953648
-2.8651857
-3.303122
-2.2146595
-3.0862796
-1.6704283
-2.6525953
-2.5420485
-1.891522
-2.9799845
-1.4578379
-2.112616
-1.3515428
0.3874458
0.055804953
0.16635191
0.60003614
0.38319403
0.92742515
0.38319403
-0.27158412
0.60003614
0.38319403
0.38319403
0.92742515
1.2505624
1.0337203
1.2505624
0.1621001
1.7947936
1.5779516
-0.16528895
0.81687826
0.70633125
0.4894892
1.7947936
1.6842467
2.117931
2.7684572
2.879004
2.0073838
2.224226
2.224226
2.7684572
2.8747523
2.4410682
3.0958462
2.7684572
3.4232354
3.5295303
3.2021413
3.0915945
4.724288
2.9810476
3.6358256
3.7463725
3.4189837
3.4189837
4.613741
3.6358256
4.2863517
4.180057
4.3968987
4.613741
4.2863517
4.94113
3.6358256
4.3968987
4.180057
3.8526678
3.6358256
5.0516768
4.617993
3.2021413
3.9632149
3.6400774
3.4189837
4.1843085
2.4410682
2.9852993
3.312688
2.5516152
2.879004
3.5295303
2.224226
3.9674666
2.7684572
3.0915945
3.7463725
3.6358256
3.414732
3.9632149
2.9852993
3.5252786
3.5295303
3.4189837
3.6358256
3.4189837
3.2021413
2.7684572
1.7905419
2.5516152
0.9231734
0.9231734
0.1621001
1.1442673
0.27264705
0.055804953
0.7105831
0.81687826
0.7105831
0.82113004
0.16635191
0.055804953
1.3611094
0.92742515
1.4716563
1.5779516
1.2505624
1.0337203
1.0337203
0.4894892
1.0337203
0.38319403
0.38319403
-0.16103715
-0.16103715
0.38319403
-0.2673323
0.27689886
-0.4841744
-0.37362745
-1.4620898
-1.0284055
-1.2452477
0.6042879
-0.37787926
0.49374095
-0.37787926
0.49374095
0.27689886
0.49374095
0.92742515
-0.054742
1.9053404
1.7947936
2.228478
1.2505624
2.44532
1.5779516
1.5779516
0.81687826
0.92742515
0.055804953
0.81687826
0.60003614
1.6884984
0.81687826
-0.38213107
1.6884984
1.3611094
1.3611094
1.6884984
2.3390248
1.9053404
2.0116355
1.7947936
1.2505624
1.2505624
2.0116355
1.4674045
1.2505624
1.4674045
1.2505624
1.1400155
1.6842467
1.2505624
1.7947936
1.5736997
1.4674045
2.989551
1.6842467
2.0073838
3.1000981
3.2063932
3.0958462
2.5516152
3.9674666
2.879004
3.5295303
3.8569195
4.724288
3.9632149
3.9632149
4.507446
3.3084364
4.507446
4.1843085
3.9632149
3.7463725
2.9852993
3.9674666
2.879004
2.879004
3.4232354
3.8611712
2.3390248
1.9053404
2.3390248
1.7905419
2.44532
3.6400774
4.2906036
4.724288
4.2863517
4.503194
3.9632149
4.3968987
4.724288
4.2863517
4.724288
5.1579723
5.4853616
4.720036
5.0474253
4.830583
5.1579723
4.613741
5.0516768
4.507446
3.6400774
4.1843085
3.5295303
2.9852993
2.4410682
3.5295303
3.7463725
3.9632149
3.5252786
5.4853616
4.94113
4.507446
3.3084364
4.06951
4.3968987
3.7463725
4.180057
3.9632149
2.7642052
3.8526678
3.3084364
3.6358256
3.8569195
3.3084364
2.9852993
1.896837
2.0073838
2.3347728
1.6842467
1.4674045
2.44532
2.0116355
1.6842467
2.0116355
1.3611094
1.6884984
0.60003614
1.0337203
0.9231734
0.81687826
1.7947936
1.1442673
0.38319403
0.38319403
0.60003614
0.38319403
1.3611094
0.82113004
0.7105831
-0.37787926
0.49374095
-0.16103715
0.92742515
0.055804953
0.81687826
0.92742515
1.4716563
0.81687826
1.6884984
0.60003614
0.81687826
1.2548143
0.16635191
0.81687826
0.38319403
0.7105831
1.0337203
2.0158875
0.4894892
0.38319403
0.60003614
0.92742515
0.16635191
0.7105831
0.92742515
0.27689886
0.92742515
0.49374095
-0.37787926
1.2548143
0.7105831
0.49374095
0.16635191
0.7105831
0.49374095
1.0379721
0.82113004
1.2548143
0.16635191
0.38319403
0.16635191
0.82113004
0.27689886
0.16635191
0.38319403
1.1485192
-0.5947214
-0.37787926
-0.4841744
0.27689886
0.06005676
0.06005676
0.06005676
0.7105831
0.06005676
-0.050490197
0.82113004
-0.050490197
0.055804953
-0.050490197
0.27689886
-0.37787926
0.16635191
-0.054742
-0.16103715
-0.054742
-0.4884262
1.4716563
0.38319403
0.7105831
0.92742515
0.38319403
-0.37787926
1.1485192
0.16635191
0.7105831
1.0379721
0.27264705
0.38319403
0.27264705
-0.27158412
0.49374095
0.7105831
0.60003614
0.38319403
0.60003614
0.38319403
-0.16103715
0.4894892
0.92742515
0.92742515
-0.7052683
0.7105831
0.055804953
0.9231734
0.81687826
0.81687826
1.5779516
0.70633125
-0.38213107
1.3611094
0.81687826
1.4674045
1.9010887
2.44532
2.44532
1.1400155
1.3568575
2.0073838
1.5736997
1.7905419
1.5736997
2.117931
2.228478
2.0073838
1.3568575
2.117931
1.6842467
2.555867
0.9231734
2.117931
1.4631528
3.312688
1.896837
2.65791
2.224226
2.1136792
3.7463725
4.613741
3.9589627
3.7421207
4.2863517
4.1758046
3.8526678
3.9589627
4.2863517
3.9589627
4.3926473
4.503194
3.8526678
3.7463725
2.5473633
3.4189837
3.5295303
3.4189837
1.7862899
3.2021413
2.7684572
1.7862899
2.9852993
3.4189837
2.4410682
3.0915945
2.5473633
2.65791
3.2021413
3.8526678
2.6536584
4.06951
3.848416
4.180057
4.830583
3.0873425
4.06951
3.3084364
4.06951
3.9589627
4.06951
3.9632149
3.3084364
4.613741
3.1978896
4.3968987
3.3084364
3.9589627
3.3084364
4.3926473
3.1978896
4.613741
4.613741
2.9810476
3.3084364
2.7642052
2.7642052
4.503194
3.4189837
4.613741
3.1978896
3.6358256
3.3084364
3.4189837
3.0915945
3.4189837
2.5473633
4.507446
2.9810476
3.6358256
2.7642052
3.5295303
2.330521
3.0915945
2.9810476
3.2021413
2.330521
3.3084364
2.6536584
2.9810476
2.4368165
3.0915945
1.896837
2.224226
3.4189837
2.9852993
2.8747523
2.65791
2.8747523
2.8747523
2.1136792
3.2021413
3.3084364
2.8747523
2.330521
1.7862899
2.65791
1.4631528
3.312688
2.5516152
3.4189837
3.0915945
3.6358256
3.0915945
2.1094272
4.06951
3.6358256
2.8747523
2.7684572
3.4232354
2.224226
2.3347728
2.7684572
2.117931
1.4631528
2.0073838
0.37894222
1.1400155
1.9010887
0.37894222
1.2505624
-0.16103715
0.81687826
0.5957843
0.9231734
0.60003614
0.70633125
0.1621001
1.1400155
-0.16528895
0.9231734
0.37894222
0.055804953
0.5957843
-0.16528895
0.81687826
0.9231734
-0.27158412
1.3611094
0.38319403
0.38319403
0.60003614
0.60003614
-0.16103715
-0.27158412
0.49374095
0.38319403
-0.16103715
-0.16103715
-0.5947214
0.49374095
0.38319403
-0.27158412
-0.050490197
0.81687826
-0.37787926
0.055804953
0.81687826
1.1442673
-0.4884262
0.38319403
0.38319403
0.27264705
-0.16103715
-0.81581527
1.3611094
0.38319403
0.4894892
1.0337203
0.27264705
2.0116355
1.0337203
0.4894892
-0.054742
0.055804953
0.38319403
0.27264705
0.4894892
0.1621001
1.4674045
0.81687826
0.055804953
-0.054742
0.27264705
0.055804953
-0.16103715
0.055804953
-0.27158412
-0.27158412
1.4716563
0.16635191
0.16635191
0.38319403
0.60003614
0.38319403
0.60003614
0.055804953
0.38319403
0.16635191
0.60003614
-0.4884262
0.60003614
1.1442673
0.38319403
-0.050490197
0.38319403
0.38319403
0.27264705
0.16635191
-0.050490197
-0.16103715
1.2548143
-0.27158412
0.38319403
-0.16103715
0.16635191
0.60003614
-0.050490197
-0.27158412
-0.16103715
-0.27158412
0.60003614
0.60003614
-0.16103715
0.38319403
0.055804953
0.05155315
0.60003614
1.3611094
0.37894222
1.3611094
0.60003614
1.3568575
1.1400155
2.662162
1.2505624
1.7905419
2.0116355
2.117931
2.9852993
2.224226
2.3347728
2.3347728
1.2463106
2.4410682
1.0294685
1.2463106
1.7905419
1.5736997
2.662162
2.3347728
1.9010887
1.0337203
1.4674045
1.9010887
1.5736997
1.3568575
2.224226
2.879004
2.879004
1.4674045
1.0294685
1.6842467
1.1400155
1.7947936
1.1400155
2.228478
1.7947936
2.3390248
1.6842467
1.7947936
1.3611094
1.3611094
1.1442673
1.0337203
0.4894892
0.92742515
0.7105831
0.81687826
0.4894892
0.38319403
0.60003614
-0.054742
0.92742515
0.16635191
0.49374095
0.16635191
-0.37787926
0.92742515
0.60003614
0.7105831
1.1442673
1.0337203
1.2505624
0.9231734
2.228478
1.3611094
0.70633125
2.3390248
1.4674045
1.1400155
1.5736997
2.0073838
2.662162
1.9010887
1.9010887
2.0116355
2.44532
1.0337203
1.7947936
0.5957843
0.81687826
0.4894892
1.2505624
1.5779516
0.60003614
1.4674045
0.70633125
1.9010887
0.9231734
1.7905419
2.44532
2.228478
1.9010887
2.228478
2.0116355
2.3390248
1.6884984
0.9231734
0.9231734
0.27264705
1.1442673
0.60003614
1.5779516
0.27264705
-0.16103715
0.16635191
0.6042879
0.38319403
-0.2673323
0.16635191
0.38319403
0.38319403
-0.37787926
0.38319403
0.49374095
0.60003614
0.7105831
0.49374095
0.49374095
-0.16103715
0.38319403
0.06005676
0.27689886
-0.050490197
-0.050490197
0.055804953
0.055804953
0.055804953
0.92742515
0.38319403
0.60003614
0.27264705
0.7105831
0.16635191
1.1442673
1.0379721
1.7990454
0.7105831
-0.16103715
0.27264705
0.92742515
1.2548143
0.60003614
0.16635191
0.16635191
1.0379721
-0.16103715
0.60003614
0.81687826
1.3611094
1.4716563
1.7947936
0.5957843
1.4674045
1.9010887
2.228478
2.0073838
2.117931
1.9010887
2.44532
2.5516152
2.879004
2.224226
2.772709
1.0337203
1.1442673
0.6042879
0.38319403
0.7105831
1.4716563
1.3611094
1.3568575
2.44532
2.662162
2.117931
2.662162
2.555867
1.7905419
2.44532
2.879004
2.1136792
3.2021413
3.9632149
3.9632149
3.7421207
4.2863517
4.06951
4.06951
4.3968987
4.2863517
3.3084364
3.8526678
3.8526678
3.8526678
3.7421207
4.94113
4.503194
3.9589627
3.9589627
4.3926473
3.9589627
4.503194
5.0474253
4.3926473
3.848416
3.848416
5.6979513
5.3705626
5.1494684
5.583153
6.7821617
4.9326262
6.0210886
4.9326262
6.348478
4.9326262
6.1316357
5.9105415
5.799995
7.8663726
6.667363
7.1052995
7.538984
7.317889
7.6452785
7.207342
8.078962
7.6452785
7.8621206
7.7558255
7.317889
7.2115946
7.2115946
8.300056
8.516899
7.9726677
7.6452785
6.7736583
7.9726677
8.406352
7.317889
8.733741
8.189509
7.8621206
8.189509
8.840036
8.950583
7.9684157
9.27372
8.835785
8.946331
8.946331
9.707404
10.251636
10.357931
10.030542
9.596858
9.380016
9.163173
9.27372
8.729489
9.052627
10.468477
10.468477
9.8137
9.8137
9.596858
9.924246
9.707404
9.924246
9.163173
8.946331
8.295805
9.490562
8.950583
8.729489
8.512647
8.835785
8.729489
7.9684157
8.623194
8.729489
8.840036
8.946331
8.406352
7.6452785
8.078962
8.733741
8.295805
8.406352
8.295805
8.950583
7.5347314
7.8621206
7.8621206
8.300056
7.6452785
7.9726677
8.516899
6.8842053
6.8842053
7.4284363
6.7821617
5.4768577
5.6937
4.4989424
4.826331
5.4768577
5.1537204
5.0431733
5.0431733
4.9326262
4.4989424
5.1537204
5.0431733
4.9326262
5.0431733
5.2600155
5.1537204
5.6979513
3.848416
4.065258
3.848416
4.1758046
4.830583
4.065258
4.1758046
4.720036
4.503194
4.1758046
4.065258
4.065258
4.613741
3.848416
4.720036
4.613741
3.9589627
4.2863517
4.1758046
3.631574
4.830583
3.7421207
4.1758046
4.503194
3.737869
3.7421207
4.06951
4.6094894
4.1758046
4.06951
3.7421207
3.1978896
4.830583
4.2863517
4.2863517
3.6358256
2.65791
3.6358256
3.1978896
3.5252786
2.8747523
3.6358256
2.9810476
2.0073838
2.8747523
2.224226
2.5516152
3.2021413
2.0073838
2.0073838
2.224226
2.224226
1.2463106
2.5516152
2.224226
2.117931
2.224226
1.5736997
2.0073838
2.0073838
2.3347728
2.0073838
2.0073838
2.3347728
1.7947936
1.9010887
2.228478
0.9231734
1.0294685
2.330521
2.224226
2.65791
2.330521
1.1357636
2.3347728
2.0073838
1.2463106
2.0073838
2.117931
1.1357636
0.7020795
1.3568575
1.0294685
0.48523736
1.3568575
0.7020795
1.3568575
1.2463106
0.9231734
1.1400155
-0.16528895
0.70633125
0.26839525
0.8126264
2.3347728
1.2463106
2.3347728
1.1357636
2.879004
2.4410682
2.8747523
3.2021413
3.312688
2.9810476
2.1136792
2.224226
2.9852993
2.224226
2.224226
2.3347728
1.1400155
1.3568575
1.0294685
0.9231734
-0.27158412
-0.054742
0.70633125
0.055804953
0.4894892
-0.38213107
0.4894892
0.27264705
1.2505624
1.1400155
1.2463106
2.44532
2.117931
2.117931
1.2463106
2.228478
1.6799948
2.44532
1.7905419
2.879004
1.896837
2.7684572
2.3347728
3.0915945
2.224226
2.0073838
2.7684572
2.4410682
2.5516152
2.224226
1.7862899
2.1136792
3.2021413
2.7642052
3.3084364
4.1758046
3.5252786
3.7421207
3.8526678
2.7642052
3.5252786
3.5252786
2.5473633
3.5252786
3.4189837
3.3084364
3.6358256
2.65791
3.5295303
3.0958462
1.2463106
2.0073838
1.6799948
3.0958462
2.9852993
2.117931
2.3347728
1.4631528
2.0073838
2.8747523
2.4410682
2.65791
2.8747523
2.5473633
3.6358256
3.4189837
2.65791
2.5473633
2.5516152
2.4410682
2.003132
2.7684572
3.4189837
3.9632149
3.7463725
3.4189837
2.5473633
3.2021413
3.1978896
3.8526678
2.7642052
2.1136792
3.0915945
4.06951
4.06951
3.9589627
4.06951
3.3084364
2.7642052
3.1978896
4.613741
4.06951
3.8526678
4.1758046
3.7421207
2.6536584
3.7421207
4.06951
4.3968987
4.3926473
3.848416
4.720036
4.065258
4.1758046
4.503194
4.830583
4.1758046
4.6094894
4.065258
6.0210886
6.1316357
6.0210886
5.4768577
5.2600155
5.1537204
5.5874047
6.1316357
5.2600155
4.715784
4.3926473
4.826331
4.720036
3.631574
4.4989424
4.065258
4.2863517
2.9810476
3.9589627
3.631574
4.503194
4.1758046
3.631574
4.065258
4.1758046
4.065258
4.720036
4.936878
4.715784
5.2600155
4.9326262
4.715784
5.6937
5.5874047
5.5874047
5.3705626
5.804247
5.2600155
6.0210886
6.0210886
5.5874047
5.914794
5.1537204
5.3705626
4.9326262
4.9326262
5.3705626
5.481109
5.264267
4.6094894
5.264267
3.9589627
4.065258
3.848416
4.503194
3.9589627
4.720036
3.954711
4.503194
5.264267
3.848416
4.830583
4.2863517
4.2863517
4.065258
4.3926473
4.720036
5.7022033
4.503194
3.9589627
4.2863517
3.0915945
3.1978896
3.9589627
4.2863517
3.5252786
4.1758046
3.7421207
3.0915945
2.7642052
3.0915945
2.9852993
2.879004
2.1136792
2.224226
3.6358256
3.5252786
3.0915945
3.0873425
2.2199743
2.9810476
3.3084364
2.7642052
2.7642052
3.5252786
3.8526678
4.2863517
3.3084364
4.1758046
4.3968987
4.2863517
3.9589627
4.720036
3.0873425
4.720036
5.1579723
3.5252786
2.9810476
3.7463725
1.6799948
1.6799948
2.117931
1.7905419
2.3347728
1.6842467
1.1400155
1.6842467
0.1621001
0.9231734
1.6842467
1.0294685
1.6842467
1.9010887
2.117931
2.3347728
1.1400155
1.9010887
1.3568575
1.3568575
2.0116355
0.5957843
1.5736997
1.9010887
1.4631528
2.44532
1.3568575
1.7947936
1.5779516
0.8126264
1.9053404
0.4894892
0.70633125
0.27264705
0.27264705
0.7105831
0.38319403
0.38319403
0.7105831
0.16635191
1.1442673
0.60003614
1.3568575
1.9010887
1.3568575
1.9010887
1.6842467
2.117931
2.662162
3.0958462
2.330521
3.0958462
2.65791
2.4410682
1.896837
2.8747523
2.330521
3.8569195
3.4189837
3.0915945
3.5295303
2.4410682
2.65791
2.65791
3.312688
2.228478
2.117931
2.117931
0.9231734
2.772709
1.7905419
1.5736997
1.2463106
1.5736997
1.4674045
0.70633125
1.2505624
0.5957843
0.26839525
1.3568575
1.7947936
1.3568575
2.117931
1.4631528
2.5516152
2.4410682
2.1136792
3.0915945
3.4189837
3.0915945
3.4189837
2.65791
2.4410682
2.330521
2.1136792
3.2021413
2.7684572
3.8569195
1.4631528
2.879004
2.9852993
2.1136792
4.0737615
2.4410682
2.224226
2.65791
2.9852993
3.2021413
3.4189837
3.7421207
2.9810476
2.9810476
3.7421207
2.9810476
3.414732
4.503194
4.2863517
4.1758046
4.3926473
4.936878
3.5210268
5.0474253
4.503194
4.503194
4.503194
4.06951
4.613741
4.94113
4.2863517
3.9589627
4.065258
4.2863517
4.503194
4.1758046
3.9589627
3.848416
4.06951
3.5252786
4.1758046
4.503194
4.830583
4.830583
4.720036
4.720036
4.1758046
5.0474253
5.264267
5.264267
4.936878
4.936878
4.2863517
4.720036
5.1579723
4.830583
5.0474253
4.936878
4.613741
4.936878
4.2821
4.503194
4.065258
3.9589627
4.6094894
4.936878
5.264267
3.9589627
4.3926473
4.3926473
3.7421207
4.503194
3.414732
3.848416
3.5210268
3.848416
4.830583
3.631574
4.6094894
4.1758046
4.1758046
3.414732
3.848416
3.3041847
3.9589627
4.936878
4.3926473
4.3926473
5.481109
4.2821
5.3705626
4.065258
4.830583
4.830583
4.720036
4.936878
4.503194
4.2821
3.3041847
3.9589627
3.0873425
3.7421207
2.9810476
4.3968987
2.2199743
3.8526678
4.2863517
3.7421207
4.503194
4.2821
4.3926473
4.3926473
4.065258
4.720036
4.3926473
4.3926473
4.503194
4.1758046
3.954711
4.720036
4.936878
3.9589627
4.3926473
4.503194
4.6094894
3.844164
5.804247
4.936878
4.4989424
3.737869
3.7421207
4.720036
4.065258
3.848416
4.1758046
5.0431733
4.826331
5.0431733
4.171553
4.9326262
4.826331
5.5874047
5.6937
6.0210886
5.3663106
6.237931
5.9105415
6.9990044
6.016837
5.9105415
5.9105415
6.348478
5.9105415
6.9990044
6.016837
5.1494684
5.1494684
4.3926473
4.3926473
4.6094894
6.0210886
6.237931
5.1494684
5.583153
4.8220797
5.5874047
4.2778482
4.171553
5.4768577
4.715784
5.038922
5.583153
6.016837
6.671615
6.77791
6.2336793
6.9947524
6.667363
5.90629
5.689448
7.1052995
6.9947524
6.77791
6.2336793
6.8884573
6.450521
6.8842053
7.4284363
6.8842053
7.2115946
6.9905005
7.317889
7.8621206
8.300056
7.2115946
6.556816
6.450521
7.8663726
7.6452785
7.1010475
6.8842053
6.7736583
7.5347314
7.8621206
7.207342
7.8621206
8.074712
8.725238
8.94208
8.729489
8.074712
8.406352
6.671615
5.1494684
4.2821
4.065258
3.631574
2.6536584
3.8526678
4.1758046
3.3041847
4.065258
5.0431733
5.4768577
6.671615
7.109551
6.561068
6.77791
5.3620586
6.2336793
5.4726057
5.578901
6.016837
5.2557635
5.583153
5.0431733
4.2821
4.503194
3.848416
4.06951
5.268519
3.8526678
3.9589627
2.6536584
3.0915945
4.06951
4.613741
3.631574
4.1758046
3.7421207
2.8705006
4.613741
4.2863517
3.9589627
4.936878
4.826331
3.848416
5.3748145
3.631574
4.2863517
3.7421207
4.1758046
3.9589627
3.0915945
2.224226
2.7684572
1.4631528
1.5736997
1.7905419
1.6799948
2.2199743
3.8526678
4.3926473
3.9589627
3.631574
5.1579723
3.848416
4.06951
3.848416
4.06951
3.9589627
3.5252786
4.2863517
1.6757431
2.1136792
2.224226
1.3568575
2.989551
1.4631528
0.8126264
1.4674045
1.4674045
0.4894892
0.1621001
0.70633125
0.27264705
0.055804953
1.1442673
0.05155315
1.1442673
-0.16103715
0.81687826
0.9231734
2.662162
1.4631528
1.4674045
0.37894222
0.4894892
-0.054742
0.49374095
1.1442673
0.60003614
1.0337203
-0.27158412
0.92742515
0.1621001
-0.16103715
-0.37787926
0.16635191
-1.2494994
0.06005676
-1.1347008
-0.91785866
-1.2494994
-0.9263622
-0.9263622
1.1400155
0.48523736
2.3347728
2.7684572
2.7684572
2.7684572
1.6799948
0.5957843
1.1400155
0.37894222
0.055804953
0.37894222
0.8126264
1.7947936
1.1400155
1.5736997
0.8126264
1.2463106
1.9010887
2.44532
1.2463106
2.555867
2.224226
1.7905419
1.3526058
2.9852993
2.330521
2.4410682
2.7642052
2.5473633
2.5473633
3.3084364
2.330521
2.1136792
2.8747523
4.06951
3.848416
4.720036
4.065258
3.9589627
3.414732
4.2863517
2.8705006
4.3968987
3.6358256
3.8569195
2.7684572
2.8747523
3.5252786
4.503194
4.830583
3.848416
3.631574
3.5210268
4.503194
3.3084364
2.8747523
3.7463725
2.3347728
2.4410682
2.4410682
2.224226
2.1136792
2.0073838
1.896837
1.896837
2.224226
2.9852993
2.7684572
2.330521
2.5473633
3.3084364
4.3968987
3.5252786
4.503194
3.631574
3.414732
3.9589627
4.503194
3.414732
3.631574
3.8526678
3.3084364
2.65791
3.2021413
2.9852993
2.8747523
3.4189837
2.003132
2.65791
2.330521
3.4189837
2.7684572
3.3084364
3.4189837
2.5473633
3.6358256
2.7642052
3.3084364
4.3968987
3.3041847
2.7599535
4.830583
3.8526678
3.7421207
3.0915945
4.3968987
3.0915945
3.4189837
3.7421207
2.330521
3.3084364
2.6536584
3.7421207
4.06951
3.6358256
2.4410682
2.7684572
2.4410682
2.4410682
1.7862899
3.6358256
2.224226
1.7862899
2.330521
1.7862899
2.7684572
1.3526058
2.7684572
1.5694479
1.4631528
1.4631528
1.2463106
2.0073838
1.6799948
1.6799948
1.1357636
1.7905419
1.2463106
1.6799948
2.65791
1.0252168
2.8747523
2.1136792
1.1357636
0.7020795
0.9189216
2.9852993
1.4631528
2.0073838
0.8083746
1.3526058
1.4631528
1.4631528
1.5694479
1.1357636
1.0252168
2.5516152
1.1357636
1.1357636
2.224226
1.896837
2.330521
2.2199743
2.9810476
1.5694479
2.4368165
2.6536584
2.4368165
3.1978896
2.8705006
3.414732
3.3084364
2.5473633
1.5694479
2.7642052
2.8747523
1.896837
2.7642052
3.6358256
2.1136792
2.003132
2.330521
2.224226
2.0073838
2.7684572
1.3526058
2.65791
1.7862899
2.330521
1.7862899
1.7862899
2.330521
2.224226
1.1357636
1.7862899
0.59153247
0.3746904
1.6799948
2.0073838
2.65791
2.1136792
2.5473633
2.4410682
1.3526058
1.7862899
1.7862899
1.6799948
1.6799948
1.4631528
0.59153247
2.1136792
1.5694479
2.4410682
2.1136792
1.5694479
0.9189216
2.0073838
2.224226
1.0294685
0.9189216
0.1578483
0.1578483
-0.058993805
1.2463106
1.6799948
0.8083746
0.3746904
0.8083746
0.9189216
1.3526058
1.3526058
1.896837
1.7862899
1.3526058
2.8747523
2.4368165
2.7642052
2.8705006
3.0873425
2.2199743
2.8747523
2.003132
1.3526058
1.6799948
1.5736997
0.59153247
1.3526058
0.59153247
-0.058993805
0.1578483
0.26839525
-0.2758359
0.9189216
0.48523736
0.05155315
0.59153247
0.5957843
0.9189216
0.04730134
1.1357636
1.6799948
1.7862899
0.8083746
1.4631528
1.7862899
2.5473633
0.91466975
1.7862899
2.003132
2.003132
2.4368165
2.4368165
3.1978896
1.8925852
2.7642052
2.4368165
2.2199743
1.5694479
1.4589009
1.3526058
2.4410682
0.8083746
1.7862899
1.565196
1.0252168
2.5473633
0.3746904
1.2463106
0.9189216
0.9189216
0.9189216
1.1357636
1.3526058
1.7862899
2.7642052
1.4589009
2.330521
2.4368165
2.9810476
2.9810476
2.6536584
4.3968987
3.0873425
3.1978896
3.3041847
2.5431116
3.1936376
2.7599535
4.2863517
2.1094272
2.9810476
2.9810476
2.5473633
3.3084364
2.5473633
1.8925852
1.3526058
2.330521
2.4368165
1.6757431
3.2021413
2.330521
2.003132
0.9189216
1.2420589
1.4589009
1.3526058
2.7642052
2.1094272
2.330521
2.4368165
2.5431116
2.5431116
3.0873425
2.4368165
2.5473633
2.330521
2.1136792
1.7862899
1.896837
3.4189837
2.330521
1.7862899
2.1136792
2.003132
1.7862899
2.330521
1.3526058
2.7684572
1.6799948
2.8747523
2.1094272
3.0915945
3.631574
3.1978896
3.3041847
3.7421207
4.1758046
3.1936376
3.737869
3.848416
2.8662488
3.9589627
2.1094272
2.003132
2.6536584
1.6757431
2.4368165
1.7862899
2.8747523
1.2420589
1.5736997
2.224226
1.5694479
2.1136792
2.8747523
2.5473633
2.330521
3.0915945
2.330521
3.2021413
2.65791
2.8747523
2.5473633
3.0915945
3.3084364
3.3084364
2.003132
2.6536584
2.9810476
4.1758046
3.0873425
3.0873425
3.3084364
3.3084364
3.9589627
3.0915945
3.0873425
4.720036
3.631574
3.631574
3.631574
3.848416
4.605237
4.6094894
4.065258
3.954711
3.631574
3.4104798
3.5210268
4.503194
3.5210268
3.848416
3.3041847
4.2863517
3.631574
3.631574
2.6536584
4.06951
3.7421207
3.631574
4.2863517
4.6094894
4.1758046
4.1758046
4.6094894
5.1494684
5.1494684
5.2600155
5.1494684
5.0431733
4.6094894
4.2863517
4.3926473
3.5210268
4.720036
4.1758046
4.613741
3.7421207
3.631574
3.9589627
4.6094894
4.1758046
4.2863517
3.631574
3.414732
3.631574
4.1758046
4.1758046
3.848416
3.848416
4.065258
3.631574
3.737869
4.065258
4.3926473
4.1758046
3.848416
4.1758046
4.720036
4.6094894
4.936878
4.826331
4.6094894
4.2821
5.0431733
4.715784
4.605237
5.0431733
4.3883953
4.4946904
5.1494684
5.1494684
5.038922
5.2600155
4.2778482
4.3883953
3.844164
4.0610065
4.3883953
3.737869
4.171553
4.4989424
3.737869
3.5210268
3.737869
3.4104798
5.0431733
4.1758046
4.065258
3.5210268
3.737869
4.3926473
4.936878
3.3041847
4.3926473
4.720036
3.9589627
4.503194
4.2863517
4.2863517
3.9589627
4.06951
2.9810476
3.7421207
3.7421207
4.06951
2.6536584
3.7421207
2.6536584
4.2863517
3.7421207
2.7642052
3.631574
2.8705006
3.414732
3.1978896
3.0873425
3.954711
3.6273217
4.936878
3.631574
3.3041847
3.737869
4.065258
3.3041847
4.6094894
4.6094894
4.6094894
4.1758046
4.3926473
4.4989424
4.2821
4.065258
3.414732
3.5210268
4.503194
2.9810476
3.5210268
3.7421207
2.65791
3.414732
2.2199743
2.003132
1.6757431
2.8747523
3.2021413
2.8747523
2.2199743
2.2199743
4.06951
2.6536584
3.1978896
2.8705006
4.2863517
3.7421207
3.737869
3.3041847
3.9589627
4.613741
3.1978896
3.3084364
3.2021413
1.5694479
3.2021413
2.5473633
3.6358256
3.0915945
2.003132
2.1136792
1.1357636
1.1357636
1.7905419
1.1357636
1.7905419
1.7905419
1.1357636
1.4631528
1.896837
2.224226
2.1136792
2.5473633
2.2199743
3.0915945
2.65791
3.3084364
3.3084364
1.8925852
3.414732
3.1978896
2.9810476
3.0873425
2.6536584
3.848416
2.9767957
3.954711
3.5210268
3.737869
3.631574
3.414732
3.631574
2.1094272
2.6536584
3.3041847
3.3041847
3.848416
2.5431116
1.9988803
1.7820382
2.8705006
2.003132
1.6757431
2.8747523
1.4589009
1.6757431
3.5252786
2.7642052
3.7421207
2.8705006
3.3041847
3.848416
3.5210268
4.06951
3.1978896
4.06951
1.8925852
2.9810476
2.2199743
2.4368165
2.1136792
1.7862899
1.7862899
2.7642052
2.65791
0.8083746
0.9189216
1.2463106
0.9189216
1.1357636
2.0073838
1.2420589
2.1136792
1.2420589
2.2199743
2.7684572
1.8925852
2.003132
1.2420589
3.1978896
2.2199743
2.4368165
3.414732
2.9810476
2.5431116
2.9810476
2.5473633
2.003132
2.65791
1.7862899
2.003132
3.5252786
2.3262694
2.4368165
2.8705006
1.8925852
2.2199743
3.414732
2.9810476
1.8925852
2.8705006
2.5431116
2.8705006
3.0873425
3.7421207
3.1978896
2.8705006
3.631574
3.631574
3.848416
3.5210268
3.631574
3.1936376
3.737869
3.414732
3.8526678
2.6536584
2.4368165
2.6536584
3.9589627
2.6536584
3.0915945
1.896837
2.003132
2.0073838
0.9189216
1.896837
1.1357636
0.59153247
0.9231734
0.05155315
0.48523736
0.48523736
1.5694479
1.7905419
0.26839525
0.7020795
1.0294685
0.04730134
1.2463106
0.8083746
1.1357636
0.69782764
0.59153247
0.48098555
1.2463106
0.9189216
1.1357636
0.7020795
2.0073838
0.8083746
2.5473633
0.8083746
1.5694479
0.8083746
0.59153247
0.26414344
1.5694479
1.1315118
1.7862899
2.1136792
0.7020795
0.3746904
1.1357636
0.9189216
0.9189216
0.7020795
-0.2758359
0.59153247
0.1578483
0.3746904
1.6799948
1.0252168
1.0252168
1.0252168
2.7642052
2.2199743
1.8925852
1.8925852
1.6757431
2.330521
0.48098555
1.896837
0.8083746
2.224226
1.2463106
0.9189216
0.1578483
-0.70952016
-0.16528895
0.26839525
0.5957843
-0.8200671
0.48523736
0.37894222
-0.38638288
-0.058993805
1.2463106
1.3526058
0.8083746
1.5694479
1.2420589
1.4589009
2.2199743
2.2199743
2.003132
1.6757431
1.7862899
2.330521
1.5694479
1.8925852
1.6757431
2.5473633
1.5694479
1.5694479
2.1136792
2.1136792
1.896837
0.69782764
1.7862899
1.3526058
1.5694479
1.6757431
2.2199743
2.003132
1.4589009
0.8083746
1.7862899
2.4368165
1.8925852
3.1978896
2.7599535
2.9767957
3.631574
4.065258
2.7599535
3.5210268
3.3041847
4.3926473
3.4104798
3.3041847
3.3041847
3.3041847
3.5252786
1.3526058
0.48098555
1.5694479
1.4631528
1.4589009
2.2199743
0.9189216
2.1136792
0.26414344
1.3526058
0.48523736
1.0252168
1.2420589
1.5694479
1.6799948
1.2420589
1.6757431
2.003132
2.5473633
2.6536584
3.1978896
2.8705006
2.6536584
2.6536584
2.8705006
2.3262694
3.3041847
2.8705006
1.8925852
2.7642052
2.2199743
2.5473633
2.3262694
2.1094272
2.9767957
3.1978896
2.4368165
2.1094272
1.6757431
1.4589009
2.330521
1.6757431
1.348354
2.003132
1.4589009
1.0252168
1.0252168
1.1357636
1.1357636
0.48098555
1.7862899
1.5694479
2.2199743
1.5694479
1.4589009
1.0252168
1.7862899
1.7862899
2.003132
2.5431116
2.3262694
1.9988803
2.4368165
1.7862899
1.3526058
0.3746904
1.1400155
0.3746904
0.48523736
0.7020795
2.4410682
1.3526058
0.8083746
1.3526058
1.2463106
0.7020795
0.8083746
0.48523736
1.6799948
0.9189216
0.69782764
1.1315118
2.5473633
2.2199743
2.2199743
2.003132
2.330521
1.5694479
1.2420589
1.4589009
2.330521
1.4589009
2.2199743
1.6799948
1.4589009
2.5473633
2.8747523
2.1094272
3.4104798
4.1758046
2.5431116
2.7599535
2.4325645
1.9988803
3.631574
3.3041847
2.8705006
3.3041847
2.3262694
3.414732
2.1094272
1.565196
1.4589009
1.7862899
1.7862899
2.5473633
1.6757431
2.4368165
2.9810476
2.2199743
2.003132
2.4368165
2.3262694
2.4368165
2.9810476
2.7642052
2.4368165
1.6757431
1.7862899
2.2199743
2.4368165
2.9810476
2.9810476
2.2199743
2.1094272
1.2420589
2.7642052
1.6757431
2.1094272
1.8925852
2.9810476
1.6757431
2.8705006
2.1094272
3.1978896
2.3262694
2.7599535
1.9988803
3.631574
2.8705006
2.6536584
2.5431116
1.9988803
3.0873425
3.737869
3.5210268
3.737869
3.6273217
3.6273217
1.9946285
3.3041847
3.848416
2.5431116
3.3041847
3.414732
2.8705006
3.3041847
2.2157223
2.3262694
2.9767957
2.3262694
2.9767957
1.237807
2.3262694
1.348354
2.003132
2.7642052
2.3262694
2.2199743
1.1315118
2.7599535
1.8883334
3.4104798
3.4104798
3.954711
3.5210268
3.737869
2.9767957
2.8662488
2.9767957
2.9767957
3.1936376
3.737869
2.5431116
3.3041847
3.3041847
3.5210268
3.0873425
1.8925852
1.7820382
2.8705006
3.0873425
2.8705006
2.4368165
1.348354
2.8705006
2.4325645
2.8705006
2.4325645
3.3041847
2.5431116
3.3041847
2.7599535
2.4325645
2.6494067
3.1936376
2.6494067
3.3041847
3.1936376
2.7557018
3.844164
3.737869
2.8662488
3.844164
3.299933
3.1936376
4.065258
3.4104798
3.7336173
3.6273217
3.6273217
3.299933
3.6273217
2.7557018
2.9767957
3.3041847
2.5431116
1.7820382
2.5431116
1.6714911
1.6757431
1.020965
1.2420589
1.2420589
0.69782764
2.1094272
1.6757431
2.6536584
2.3262694
3.5210268
3.4104798
3.1936376
3.954711
2.9767957
3.4104798
2.4325645
3.737869
3.3041847
2.9767957
3.4104798
3.4104798
3.4104798
3.6273217
3.6273217
2.5388596
2.8662488
3.6273217
3.1936376
3.5210268
3.954711
2.4325645
2.3262694
1.9988803
2.4325645
2.1051755
2.8662488
3.299933
2.8662488
3.954711
2.8662488
3.299933
3.3041847
2.3220174
4.065258
3.954711
2.8662488
3.4104798
2.7599535
3.1936376
2.3220174
3.1936376
3.3041847
3.737869
3.4104798
3.299933
3.954711
3.1936376
2.3220174
3.737869
3.5210268
3.4104798
3.0830908
3.1936376
3.844164
3.4104798
2.3220174
2.8662488
3.737869
2.7599535
3.5210268
2.9767957
3.1936376
2.8662488
3.0830908
2.9767957
4.171553
4.171553
3.1936376
2.7557018
3.1936376
3.5210268
4.2821
4.0610065
3.9504592
3.844164
3.299933
4.065258
3.737869
3.737869
3.737869
2.6494067
3.954711
3.0830908
3.299933
3.3041847
1.9988803
2.6536584
2.3262694
2.1094272
2.2157223
2.8662488
2.3220174
3.737869
3.299933
3.0830908
4.3883953
4.171553
4.0610065
4.0610065
4.171553
4.4946904
4.3883953
3.6273217
3.737869
2.8662488
2.6494067
3.414732
3.4104798
3.5210268
3.737869
3.954711
3.3041847
2.7599535
2.2157223
2.6536584
1.6757431
2.1094272
1.7820382
2.5431116
2.6536584
2.3262694
2.3262694
2.1094272
2.3262694
2.2199743
2.2199743
1.9988803
3.0873425
3.4104798
3.4104798
3.4104798
3.6273217
3.299933
3.954711
3.4104798
3.1936376
3.5210268
3.954711
3.631574
3.737869
3.631574
2.7557018
3.414732
2.9767957
3.4104798
2.9767957
2.9767957
2.7599535
2.9767957
1.9988803
1.9988803
1.9988803
1.565196
1.6757431
1.6757431
1.1315118
2.2199743
2.6536584
2.9810476
2.5431116
3.3041847
2.4325645
3.414732
3.631574
3.737869
4.4989424
3.4104798
3.5210268
3.3041847
3.0873425
2.6536584
2.1094272
3.0873425
2.8705006
3.414732
2.8705006
3.3041847
3.5210268
2.3262694
2.6536584
1.6757431
2.2199743
1.5694479
2.6536584
2.7642052
2.8705006
2.7599535
1.9988803
2.5431116
3.0830908
3.5210268
3.0830908
3.5210268
4.2821
3.848416
4.3926473
3.1936376
3.848416
2.6536584
2.5431116
1.8925852
2.3262694
2.8705006
3.0873425
2.9767957
3.737869
3.0873425
2.8705006
2.8705006
2.4368165
3.414732
3.5210268
3.6273217
2.9767957
2.7599535
3.414732
3.414732
2.3262694
2.5431116
3.7421207
3.5210268
3.1936376
4.171553
4.3883953
5.1494684
4.3883953
3.4104798
3.299933
3.4104798
4.1758046
4.6094894
3.1936376
4.6094894
3.4104798
3.848416
3.4104798
3.5210268
3.6273217
3.4104798
3.4104798
4.065258
2.6494067
3.3041847
3.299933
3.1936376
3.954711
3.1936376
2.9767957
2.8662488
2.6494067
3.6273217
3.6273217
3.6273217
3.299933
4.6094894
3.6273217
3.844164
4.2778482
4.0610065
4.167301
4.7115326
4.2778482
5.1452165
5.90629
6.77791
6.012585
5.90629
5.689448
5.578901
5.795743
5.795743
5.1452165
4.928375
3.5167751
4.4989424
3.844164
3.5167751
4.0610065
4.4946904
4.9326262
4.2778482
4.0610065
3.9504592
4.7115326
5.1452165
4.928375
5.578901
5.1452165
5.795743
6.016837
5.689448
5.2557635
5.3620586
4.6009855
5.3620586
5.0346694
6.339974
5.578901
6.8842053
6.012585
5.3620586
5.3620586
4.8178277
6.1273837
5.3620586
5.468354
6.339974
6.339974
5.251512
5.578901
5.468354
5.0346694
6.339974
5.689448
5.6851964
5.6851964
6.4462695
5.468354
5.251512
5.578901
5.578901
5.251512
5.0346694
5.795743
5.795743
6.7736583
5.251512
6.339974
5.3620586
4.8178277
5.3620586
5.1452165
5.689448
5.140965
5.689448
5.90629
4.6009855
5.1452165
4.8178277
4.6009855
4.928375
4.2735963
4.3841434
4.3841434
4.7115326
3.7336173
4.167301
3.7336173
4.2778482
2.968292
4.6009855
4.4946904
4.8220797
4.167301
4.605237
3.5167751
3.0830908
3.844164
3.844164
4.3883953
4.4946904
4.7115326
3.8399122
3.9504592
4.8220797
4.2778482
3.844164
4.2778482
3.62307
4.8220797
4.167301
3.7293656
4.3841434
4.3841434
3.8399122
3.189386
3.5167751
3.5167751
3.406228
4.2778482
4.928375
4.490439
5.689448
4.928375
3.4019763
4.6009855
4.2735963
5.90629
4.2735963
4.928375
4.056754
4.7072806
4.928375
4.0610065
5.2557635
4.2735963
4.605237
4.167301
4.056754
4.3841434
3.7336173
4.8220797
2.7557018
3.299933
3.0830908
3.299933
3.844164
3.9504592
3.189386
3.7336173
3.7336173
3.7336173
3.299933
4.0610065
3.9504592
3.9462075
3.189386
4.6009855
5.251512
5.468354
6.012585
5.0346694
5.140965
4.924123
4.379892
4.490439
5.468354
5.0346694
5.578901
5.3620586
4.2735963
5.4726057
4.7115326
4.6009855
5.0346694
5.1452165
3.8399122
5.3620586
5.689448
4.8178277
5.3620586
5.1452165
5.1452165
5.0346694
4.490439
4.8135757
6.556816
5.468354
6.3357224
6.663111
7.7515736
6.5525646
6.9905005
5.140965
5.1452165
6.123132
5.3620586
5.689448
4.3841434
4.6009855
4.056754
4.056754
4.2735963
4.3841434
4.056754
4.8220797
3.7336173
4.3841434
4.4946904
4.7115326
5.0346694
4.1630497
5.0346694
4.1630497
5.90629
4.924123
4.490439
6.012585
6.012585
4.8178277
6.2294273
4.6009855
5.3620586
4.6009855
3.5125234
4.167301
3.8399122
3.8399122
4.3841434
3.5125234
5.0346694
3.406228
3.9504592
3.406228
3.9504592
2.972544
3.189386
3.5167751
3.406228
3.8399122
3.9462075
3.2956812
4.8178277
4.6009855
5.1452165
4.490439
4.924123
4.2735963
4.379892
5.251512
3.9462075
4.6009855
4.8178277
4.7072806
4.6009855
3.9504592
4.2778482
3.4104798
3.4104798
2.3220174
2.7557018
2.8662488
3.0830908
3.5167751
2.7557018
3.0830908
3.0830908
2.2114706
2.6451547
3.4104798
2.3177657
3.1936376
2.7557018
3.5167751
2.861997
2.424061
3.7336173
3.7293656
3.5125234
3.8399122
3.2914293
4.928375
4.928375
4.056754
4.6009855
5.0346694
4.490439
4.7072806
5.030418
6.008333
6.5525646
5.468354
5.574649
5.464102
5.902038
4.4861865
5.468354
4.1630497
5.468354
4.7072806
4.924123
4.490439
4.167301
3.62307
3.078839
2.861997
2.6451547
3.5125234
4.3841434
3.406228
4.490439
4.8178277
3.7251134
5.140965
5.24726
6.3357224
6.769407
6.663111
6.2251754
5.574649
5.251512
6.123132
5.902038
5.902038
6.3357224
6.769407
6.8799534
6.008333
6.663111
5.902038
4.924123
5.468354
4.8178277
6.339974
5.6851964
5.791491
6.6588597
7.203091
6.2251754
5.6809444
6.663111
6.5525646
6.769407
6.6588597
7.309386
7.853617
7.636775
7.74307
7.849365
8.8315325
8.070459
9.375764
7.092544
7.74307
7.747322
6.765155
7.092544
7.747322
7.092544
6.765155
8.287301
7.526228
8.397848
7.521976
6.87145
7.5304804
6.8799534
6.2251754
6.008333
6.6588597
6.986249
7.309386
8.504144
8.499891
8.070459
8.720985
8.393597
9.048374
7.526228
7.092544
7.747322
8.070459
8.070459
7.203091
8.397848
8.287301
8.397848
8.070459
8.397848
7.636775
7.5304804
6.6588597
8.074712
7.313638
7.203091
8.074712
6.986249
7.092544
7.636775
6.114629
6.765155
7.9641643
7.853617
7.1988387
7.747322
7.747322
7.636775
8.720985
9.15467
9.69465
9.477807
8.933577
8.499891
9.588354
10.566269
10.132585
9.915743
9.044123
9.698901
8.610438
8.82728
8.720985
8.176754
8.614691
8.287301
8.287301
8.176754
7.419933
8.181006
6.986249
7.096796
7.207342
6.769407
6.8799534
7.9641643
7.526228
8.614691
8.397848
8.504144
9.482059
8.393597
9.809448
9.265217
8.508395
8.508395
7.9641643
8.508395
7.526228
8.94208
8.2915535
8.2915535
7.096796
6.3357224
7.207342
7.4241843
7.4241843
8.074712
6.5525646
7.096796
6.5525646
6.5525646
7.313638
6.5525646
7.636775
8.397848
8.181006
8.397848
8.070459
7.853617
8.070459
8.181006
8.2915535
8.181006
8.070459
9.375764
8.070459
7.9599123
8.720985
8.070459
8.614691
8.397848
9.375764
8.070459
9.158921
8.504144
8.074712
8.074712
7.096796
7.4241843
7.096796
6.663111
7.6410265
7.313638
7.313638
7.313638
6.663111
7.5347314
5.468354
5.6851964
5.3620586
5.0346694
4.8178277
5.795743
5.468354
6.4462695
6.2294273
6.8799534
6.8799534
6.4462695
6.4462695
7.1010475
6.7736583
6.012585
6.450521
6.77791
6.1273837
5.689448
4.167301
4.8220797
4.605237
4.8220797
4.2778482
4.2778482
3.7336173
3.737869
3.6273217
3.1936376
3.3041847
3.6273217
3.844164
3.4104798
3.954711
3.1936376
3.3041847
2.7557018
3.3041847
3.4104798
3.954711
3.4104798
3.1936376
3.5210268
3.0830908
2.8662488
2.6494067
3.0873425
2.9767957
2.6494067
2.5431116
2.7599535
3.5210268
2.9767957
3.5210268
2.7599535
3.0873425
2.6494067
2.6536584
2.7599535
2.6494067
2.7599535
2.7599535
1.8925852
1.8925852
2.1094272
2.7599535
3.737869
2.8662488
3.1936376
3.954711
4.3883953
3.4104798
3.4104798
4.2821
3.5210268
3.1936376
4.6094894
3.5210268
3.1936376
3.5210268
3.848416
3.737869
2.5431116
2.7642052
2.5473633
1.0252168
2.1136792
1.896837
1.7862899
1.5694479
2.330521
1.8925852
2.3262694
2.7599535
2.4368165
2.4325645
2.9767957
3.1936376
3.5210268
2.8662488
3.954711
3.5167751
4.2778482
5.2557635
4.6009855
4.4946904
5.1452165
4.7072806
5.3620586
4.7115326
4.605237
4.3883953
4.605237
4.4946904
4.4946904
4.2778482
3.9504592
3.62307
3.9504592
4.3841434
4.7115326
4.2778482
5.2557635
4.2778482
4.605237
3.9504592
4.6009855
4.928375
5.4726057
4.6009855
5.3620586
5.1452165
6.123132
6.123132
6.8842053
5.357807
6.2294273
5.357807
5.902038
7.207342
6.4462695
6.663111
6.663111
6.7736583
6.1188803
7.4241843
7.096796
6.008333
6.663111
5.6851964
6.8799534
6.8799534
6.9905005
7.4241843
6.986249
7.096796
7.207342
7.207342
6.4462695
6.663111
6.769407
6.5525646
6.986249
7.857869
6.986249
6.986249
7.5304804
7.203091
7.857869
7.857869
7.5304804
7.857869
7.747322
8.94208
8.94208
8.725238
7.9641643
7.5304804
8.2915535
8.181006
7.5304804
7.5304804
7.857869
7.6410265
7.313638
7.5347314
6.9905005
7.317889
6.663111
6.1188803
6.5525646
6.986249
7.853617
8.397848
9.048374
8.8315325
8.508395
7.9641643
8.835785
9.703153
9.052627
8.287301
9.380016
8.508395
7.853617
8.508395
8.508395
9.056878
7.7515736
7.6410265
6.9905005
7.9726677
7.5347314
6.8799534
7.5347314
7.207342
6.769407
7.857869
7.9684157
7.313638
7.4241843
7.4241843
7.6410265
6.4462695
6.2294273
6.3357224
7.313638
7.313638
8.618942
8.508395
8.397848
8.070459
8.618942
8.614691
8.614691
8.835785
8.181006
9.375764
9.703153
8.614691
9.375764
8.618942
8.4021
7.9684157
7.857869
7.6410265
6.5525646
6.4462695
7.4241843
6.8799534
7.207342
7.207342
7.7515736
7.207342
6.8799534
7.6410265
7.313638
6.8799534
7.313638
8.295805
8.185258
7.747322
7.747322
7.9641643
8.725238
9.158921
8.725238
9.269468
9.703153
8.835785
7.4241843
6.8799534
7.7515736
8.295805
7.9684157
8.618942
8.4021
8.397848
8.94208
9.380016
8.725238
8.508395
8.4021
8.2915535
8.94208
9.8137
9.052627
9.915743
9.158921
9.265217
9.15467
10.353679
10.136837
10.459974
10.787363
10.681068
10.570521
10.676816
12.092668
11.327342
11.654732
11.544185
11.977869
10.999953
11.761026
12.198963
11.327342
11.9821205
11.437889
11.437889
11.1105
11.437889
10.349427
11.1105
10.459974
10.243132
10.566269
10.676816
10.459974
10.02629
9.265217
9.592606
10.136837
10.570521
9.482059
10.676816
10.132585
10.459974
10.132585
10.893659
11.004206
10.676816
10.243132
10.353679
10.353679
10.681068
10.02629
9.375764
9.265217
10.132585
9.592606
9.375764
9.265217
8.614691
9.158921
8.725238
8.504144
8.2915535
7.092544
7.853617
8.504144
8.94208
8.181006
8.618942
6.3314705
7.747322
8.074712
7.5304804
7.853617
8.287301
8.504144
9.698901
9.375764
8.8315325
8.614691
8.614691
8.614691
8.720985
9.265217
10.132585
9.482059
9.371511
10.349427
9.371511
8.82728
8.937827
9.371511
8.720985
8.393597
8.614691
8.287301
7.853617
8.070459
9.048374
9.048374
8.82728
9.698901
9.915743
9.265217
8.8315325
9.158921
8.070459
9.486311
9.486311
8.720985
9.265217
8.720985
8.610438
9.809448
9.15467
7.74307
8.2915535
6.5525646
6.008333
6.9905005
6.3357224
6.008333
6.8799534
5.357807
5.468354
5.6851964
4.8135757
5.251512
5.468354
4.5967336
6.339974
4.7072806
4.924123
6.339974
5.6851964
5.574649
5.140965
4.8135757
5.791491
6.5525646
5.8977866
6.2251754
5.8977866
6.986249
6.008333
6.3357224
5.136713
5.24726
6.4462695
5.030418
5.468354
5.468354
5.357807
5.357807
5.6851964
4.379892
3.8356605
3.8356605
2.424061
3.189386
2.7514498
2.972544
3.406228
4.3841434
4.379892
5.6809444
6.0040812
4.698777
4.9198713
4.269345
3.2914293
3.9462075
3.8399122
3.62307
4.6009855
3.6188183
3.4019763
3.074587
4.0525026
3.9419558
4.7072806
3.5125234
2.861997
1.2293034
1.9946285
1.1230083
1.8840815
3.299933
1.8840815
2.7514498
3.1851342
2.0966718
2.8577452
3.2914293
1.2293034
2.6451547
1.5566925
2.5388596
2.5388596
1.8840815
1.8840815
1.9903767
2.968292
2.8577452
3.2914293
3.9462075
2.640903
2.7514498
2.968292
2.7514498
3.406228
2.534608
2.424061
3.7293656
4.7072806
4.7030287
4.924123
4.0525026
2.8577452
2.534608
1.2250515
2.1009235
1.6672394
1.5566925
3.406228
2.968292
4.379892
4.269345
5.140965
4.0525026
2.424061
4.056754
2.9640403
4.490439
5.251512
4.7072806
5.030418
5.030418
5.791491
4.592482
4.9198713
5.6851964
3.7293656
4.0610065
2.7557018
3.299933
2.6451547
2.6451547
3.406228
3.406228
2.861997
3.2956812
2.747198
3.8399122
3.9462075
3.2956812
3.7336173
2.534608
4.0610065
2.640903
4.6009855
4.1587977
5.464102
5.7872396
6.5483127
6.875702
7.092544
5.4598503
6.2251754
5.574649
6.1188803
5.6851964
6.4462695
6.8799534
6.4420176
5.5703974
6.769407
6.3357224
5.791491
5.574649
5.1452165
5.251512
4.2735963
5.1452165
4.8178277
4.490439
6.008333
6.008333
6.769407
6.2251754
6.1188803
6.1188803
5.8977866
5.791491
7.096796
6.4420176
7.203091
7.747322
8.8315325
8.070459
8.937827
8.176754
9.375764
8.614691
8.508395
6.3357224
6.5525646
6.7736583
5.6851964
6.556816
6.663111
6.663111
6.5525646
6.5525646
7.207342
6.4462695
5.574649
6.339974
6.012585
5.795743
6.4462695
6.7736583
6.9905005
6.8799534
7.096796
8.508395
8.070459
8.397848
8.287301
7.9599123
8.835785
8.618942
7.6410265
8.4021
8.946331
8.181006
9.8137
9.809448
9.592606
9.592606
9.592606
8.94208
8.287301
8.94208
9.380016
8.4021
7.096796
6.769407
6.769407
8.074712
9.27372
8.725238
8.614691
8.181006
8.614691
9.486311
9.158921
9.703153
10.02629
10.570521
9.809448
10.353679
9.698901
9.592606
9.380016
8.2915535
8.618942
8.840036
7.9684157
8.946331
8.512647
8.074712
8.4021
7.6410265
8.512647
8.078962
7.207342
7.9684157
8.623194
8.512647
9.167425
8.074712
7.9641643
9.052627
7.747322
8.840036
7.313638
8.185258
8.4021
9.269468
9.158921
9.703153
10.353679
10.247384
9.052627
9.158921
9.269468
9.380016
9.490562
9.596858
9.052627
10.247384
9.269468
8.508395
8.074712
7.313638
7.9684157
9.163173
8.946331
7.857869
7.5304804
7.419933
8.074712
8.074712
8.2915535
8.835785
8.946331
7.313638
9.269468
9.380016
8.725238
8.725238
9.158921
9.592606
10.243132
10.459974
10.132585
10.02629
9.375764
8.937827
9.8137
9.052627
9.380016
8.185258
8.623194
7.5347314
7.5347314
6.9905005
6.7736583
7.4241843
7.5347314
7.8621206
7.1010475
6.012585
7.2115946
6.667363
6.667363
7.8621206
7.8621206
6.9905005
6.9905005
7.317889
6.8799534
7.5347314
8.185258
7.857869
8.4021
7.6410265
7.313638
7.747322
7.419933
8.618942
8.508395
8.725238
9.380016
8.2915535
8.94208
8.618942
7.636775
8.508395
9.163173
8.074712
8.725238
8.508395
8.397848
8.074712
8.2915535
8.508395
7.313638
7.096796
7.4241843
6.663111
8.185258
6.9905005
8.185258
7.9684157
7.4241843
8.623194
7.747322
7.313638
7.7515736
8.185258
8.512647
9.056878
8.185258
7.4241843
7.857869
7.5347314
7.4284363
6.012585
6.450521
5.90629
5.90629
6.667363
6.016837
6.2336793
5.90629
5.3620586
5.689448
5.689448
6.556816
6.012585
7.317889
6.8799534
7.207342
7.096796
6.663111
7.9684157
7.207342
7.096796
7.4241843
7.4241843
7.747322
7.6410265
7.313638
7.747322
8.512647
7.096796
7.7515736
7.747322
8.185258
7.6410265
7.096796
7.9684157
7.096796
6.8799534
7.857869
7.857869
8.508395
7.9641643
8.614691
8.94208
8.181006
8.8315325
9.265217
9.265217
10.459974
10.349427
9.698901
10.459974
10.0220375
10.893659
10.349427
11.437889
11.327342
11.544185
11.544185
10.676816
10.349427
10.459974
10.783112
10.783112
11.9821205
11.654732
11.654732
10.455723
11.1105
11.1105
11.433638
11.65048
12.628395
12.084165
12.194712
11.761026
12.305258
11.544185
11.756775
11.433638
11.867322
13.062079
12.084165
12.845238
12.734691
13.602058
13.818902
14.142038
14.35888
15.230501
15.557889
17.075785
16.85469
18.049448
18.699974
18.372585
19.3505
19.023111
18.912563
19.784185
19.89048
19.239954
19.673637
19.677889
19.133657
18.589426
17.611511
17.288374
16.744143
16.85469
15.876775
16.31046
15.553638
15.226248
15.553638
14.469427
13.925196
14.690521
13.712605
13.712605
12.951532
13.168375
11.973618
13.168375
12.628395
12.301006
13.062079
12.301006
12.845238
13.283173
12.194712
12.411553
11.977869
11.867322
11.216796
10.889407
11.327342
10.455723
10.562017
11.327342
10.893659
10.23888
10.0220375
11.327342
11.106249
11.323091
12.517848
11.106249
11.2125435
12.301006
13.062079
12.517848
12.951532
13.929449
12.190459
13.278922
11.756775
12.194712
11.756775
11.867322
11.216796
11.327342
9.588354
9.805196
9.15467
8.610438
9.265217
8.287301
8.94208
9.592606
9.158921
7.853617
8.176754
8.070459
7.526228
7.853617
6.2251754
5.8977866
6.769407
6.663111
6.8799534
7.096796
6.986249
7.096796
6.2294273
5.902038
5.3620586
5.1452165
5.038922
4.171553
2.9767957
2.9767957
3.3041847
2.1094272
2.8705006
2.3262694
2.2157223
2.5431116
2.7599535
2.9767957
3.631574
3.3084364
2.5473633
2.9810476
2.2199743
1.7862899
2.5473633
1.4589009
2.330521
2.003132
1.8925852
1.2420589
0.1578483
-0.2758359
-0.603225
-1.6874356
-1.4705935
-2.5548038
-1.7937305
-1.9000257
-2.2274148
-2.9884882
-2.010573
-2.882193
-2.665351
-2.3379617
-1.3600464
-2.7758977
-2.3422136
-2.1211197
-1.6874356
-2.5590558
-2.3422136
-1.9085294
0.04730134
-0.6074768
0.69782764
0.47673374
1.565196
1.237807
2.1094272
0.910418
2.9767957
2.5388596
3.299933
2.5388596
2.861997
3.299933
4.2778482
4.2778482
3.844164
4.605237
5.2557635
5.038922
4.167301
4.2778482
4.3883953
3.4104798
3.0830908
3.4104798
4.065258
3.737869
4.9326262
5.9105415
6.454773
6.9947524
5.4726057
6.77791
6.450521
5.6851964
6.9905005
8.406352
8.074712
7.419933
8.725238
8.512647
7.6410265
7.096796
7.4241843
8.185258
7.4241843
6.9905005
6.663111
6.012585
7.5347314
7.207342
7.6452785
7.5347314
6.556816
6.123132
7.4284363
6.9905005
7.8621206
7.1010475
6.339974
6.339974
6.2294273
6.663111
8.295805
6.8799534
7.313638
7.857869
7.313638
7.6410265
7.857869
7.857869
7.857869
8.512647
7.9641643
8.4021
8.181006
8.508395
8.835785
8.2915535
8.729489
7.207342
8.078962
6.7736583
7.538984
6.667363
5.90629
5.689448
6.339974
6.123132
6.8842053
6.663111
6.7736583
7.6452785
7.317889
7.5347314
7.317889
6.9905005
7.317889
7.1010475
7.2115946
7.5347314
7.317889
7.7515736
7.096796
7.7515736
6.8799534
7.207342
6.9905005
7.6410265
7.207342
7.5347314
7.4241843
8.295805
7.7515736
7.5347314
7.207342
7.207342
7.207342
6.663111
7.6452785
7.6452785
6.9905005
7.1010475
6.7736583
6.8799534
6.9905005
6.7736583
6.7736583
6.339974
6.9905005
7.4241843
7.5304804
8.181006
7.747322
7.747322
8.397848
8.835785
8.508395
9.596858
9.490562
9.269468
8.725238
7.4241843
6.8799534
7.096796
7.207342
6.663111
6.9905005
6.9905005
6.7736583
6.556816
6.4462695
6.339974
6.450521
6.123132
6.9947524
5.90629
6.667363
6.9947524
6.339974
6.5525646
7.4241843
6.663111
7.096796
6.8799534
6.875702
7.207342
6.8799534
6.8799534
7.096796
7.207342
7.096796
7.313638
7.313638
6.986249
8.074712
7.419933
7.636775
8.074712
6.769407
7.5304804
6.8799534
7.313638
7.4241843
6.769407
7.096796
6.769407
6.663111
7.203091
7.5304804
7.6410265
6.769407
6.9905005
6.1188803
6.4462695
7.207342
6.8799534
7.4241843
7.6410265
7.203091
7.203091
7.313638
7.5304804
6.769407
7.6410265
7.096796
7.096796
7.747322
6.986249
7.096796
7.4241843
6.3357224
6.663111
7.096796
6.663111
6.1188803
5.902038
5.795743
5.578901
5.1452165
5.689448
4.490439
3.8399122
4.6009855
4.490439
5.795743
4.8178277
5.0346694
5.140965
4.8178277
4.924123
5.468354
6.1188803
5.902038
6.4462695
6.5525646
6.4420176
6.3357224
6.769407
6.663111
6.769407
6.663111
6.008333
7.313638
7.4241843
6.5525646
6.8799534
7.207342
7.207342
6.5525646
6.4462695
6.4462695
5.791491
5.6809444
6.5525646
6.8799534
5.574649
6.4462695
6.2294273
5.574649
6.012585
6.1188803
6.9905005
6.769407
6.008333
6.8799534
6.8799534
7.096796
6.663111
5.6851964
6.8842053
6.012585
5.902038
4.928375
6.2336793
4.928375
4.8220797
4.928375
3.9504592
4.0610065
3.9504592
3.9504592
4.7115326
3.406228
2.4283128
2.972544
3.844164
4.0610065
3.5167751
4.715784
3.7336173
3.7336173
4.2778482
4.4946904
3.7293656
4.5967336
4.7072806
3.9462075
4.7072806
5.468354
6.123132
6.4462695
5.795743
5.251512
4.924123
6.556816
4.8135757
6.123132
5.468354
4.7072806
5.0346694
5.1452165
4.928375
3.406228
4.0610065
2.8662488
3.299933
2.3220174
4.171553
3.406228
3.9504592
3.189386
3.299933
3.844164
5.038922
5.4726057
5.1452165
5.578901
6.012585
6.123132
5.468354
6.123132
4.2735963
5.038922
5.038922
3.7336173
4.605237
4.0610065
3.406228
3.0830908
3.1936376
3.0830908
2.3220174
2.6494067
3.954711
3.4104798
2.6451547
3.6273217
2.9767957
2.9767957
2.7557018
3.0830908
3.299933
3.5167751
3.5167751
2.972544
3.5167751
4.167301
4.928375
4.3841434
3.2956812
4.167301
4.605237
5.1452165
4.056754
4.3841434
5.578901
5.578901
5.689448
5.3620586
4.6009855
4.490439
4.8178277
4.3841434
4.3841434
4.7115326
4.2778482
4.7115326
5.3663106
4.6009855
4.8178277
5.468354
5.468354
6.339974
5.795743
5.578901
5.468354
4.924123
6.123132
4.7072806
5.6851964
6.556816
5.251512
4.7072806
5.689448
4.6009855
4.6009855
4.7115326
5.689448
5.1452165
4.928375
5.578901
5.689448
4.7072806
5.251512
5.0346694
4.379892
5.0346694
5.468354
5.795743
7.317889
6.663111
5.791491
6.7736583
6.3357224
5.6809444
6.769407
6.4420176
6.2251754
6.4462695
7.207342
6.008333
6.5525646
7.096796
7.747322
7.74307
7.092544
8.287301
8.070459
9.265217
8.8315325
8.614691
7.526228
7.526228
8.725238
7.419933
7.526228
7.636775
8.725238
7.526228
7.1988387
6.6588597
8.074712
6.769407
6.4420176
6.6588597
6.2251754
7.5304804
8.614691
8.070459
7.853617
8.504144
7.526228
8.287301
8.070459
8.937827
8.937827
9.698901
8.504144
8.070459
8.2915535
6.5525646
7.096796
6.8799534
6.663111
6.8799534
6.8799534
7.4241843
6.1188803
5.902038
7.207342
6.1188803
6.2294273
6.2294273
6.2294273
6.339974
6.556816
6.2294273
5.902038
7.207342
7.096796
6.8799534
7.096796
6.8799534
7.207342
6.3357224
7.096796
6.986249
7.096796
6.663111
6.3357224
6.3357224
6.663111
6.8799534
7.313638
8.074712
7.203091
6.663111
6.8799534
5.902038
6.4462695
6.1188803
6.663111
6.556816
5.902038
5.578901
5.468354
4.6009855
4.3841434
3.5167751
3.844164
4.171553
4.0610065
5.038922
4.8220797
5.795743
6.123132
5.3620586
6.123132
5.4726057
5.2557635
4.605237
4.605237
4.605237
3.954711
3.844164
2.9767957
1.8925852
1.7820382
1.8925852
1.9988803
2.1094272
1.5694479
1.7862899
0.7020795
0.3746904
0.48523736
0.48523736
0.59153247
1.6799948
1.2420589
0.26414344
1.0252168
1.3526058
0.26414344
0.9189216
0.59153247
0.8083746
0.1578483
0.26414344
0.1578483
0.3746904
0.26839525
0.05155315
-0.2758359
-0.2758359
-0.70952016
-0.9263622
-0.9263622
-1.3600464
-0.7052683
-0.38213107
-0.4884262
-0.9263622
0.055804953
-1.7937305
-2.5505521
-2.444257
-2.5505521
-2.5505521
-2.223163
-3.5284674
-3.6347628
-3.2010784
-4.0726986
-3.3116255
-2.9842362
-1.7894788
-1.5726367
-1.6831837
-0.9221104
-0.4884262
-2.2274148
-2.116868
-3.2053301
-2.767394
-3.0947833
-2.5463004
-2.5463004
-3.851605
-4.395836
-4.395836
-4.391584
-4.064195
-4.2810373
-4.8252683
-4.608426
-4.8252683
-4.064195
-4.391584
-4.068447
-4.502131
-4.068447
-4.068447
-3.6347628
-2.2189112
-3.5284674
-4.0726986
-3.4179204
-1.895774
-3.5284674
-2.6568472
-2.767394
-2.2274148
-1.6831837
-1.4663416
-1.3600464
-1.3600464
-1.1432043
-1.5768886
-1.4663416
-1.9000257
-2.33371
-2.5505521
-1.7894788
-3.3158772
-2.8779414
-2.33371
-3.9664037
-2.661099
-2.223163
-3.8558567
-2.006321
-3.7495613
-2.2274148
-3.3158772
-2.5548038
-1.9000257
-1.7937305
-1.1432043
-0.59897316
-1.1432043
-0.49267802
-0.058993805
0.3746904
0.1578483
0.05155315
-0.38213107
-0.9263622
-0.9263622
-1.2537513
-0.9263622
-0.70952016
0.48523736
0.1578483
0.59153247
-0.2758359
-0.16528895
-0.70952016
-1.5811403
-0.9263622
-0.058993805
0.26839525
0.04730134
0.3746904
0.9189216
0.7020795
-0.06324561
1.0252168
1.6757431
1.9988803
2.2157223
2.7599535
1.9946285
2.2157223
2.2157223
1.9988803
2.8662488
3.1936376
2.8662488
3.954711
4.605237
3.62307
5.038922
4.2778482
4.167301
3.189386
4.4946904
4.8220797
5.4726057
5.578901
4.8178277
6.123132
3.9504592
4.3841434
3.9504592
3.189386
4.605237
4.4946904
4.7115326
4.4946904
4.056754
5.3620586
5.795743
5.578901
5.6851964
6.012585
5.6851964
6.1188803
6.986249
6.769407
6.8799534
6.4462695
6.663111
6.4462695
6.2294273
6.4462695
6.663111
6.7736583
6.7736583
5.90629
4.8178277
5.689448
5.583153
4.056754
5.3620586
5.4726057
4.8178277
5.4726057
5.4726057
4.490439
5.0346694
4.3841434
3.7336173
4.6009855
4.928375
5.6851964
5.468354
6.1188803
6.3357224
6.663111
6.008333
6.5525646
6.114629
7.096796
6.8799534
6.663111
6.3357224
6.2251754
6.1188803
5.357807
6.012585
4.8178277
5.251512
4.8178277
5.1452165
3.62307
3.62307
3.5167751
2.3177657
2.972544
3.0830908
2.6451547
3.0830908
3.9504592
3.9504592
4.3841434
3.2956812
4.6009855
4.167301
3.406228
2.2072186
4.3841434
5.1452165
4.490439
5.0346694
4.3841434
4.2735963
4.2735963
4.2735963
4.056754
3.9504592
3.9504592
4.605237
3.5167751
2.861997
3.9504592
3.9504592
4.3841434
3.6273217
3.4104798
3.0830908
2.3177657
3.6273217
2.972544
2.1009235
3.0830908
2.2114706
2.5388596
2.4283128
3.1936376
3.0830908
3.5167751
3.078839
4.928375
4.8178277
5.0346694
5.0346694
4.8178277
4.3841434
4.8178277
4.490439
6.556816
6.8799534
6.3357224
6.3357224
6.1188803
5.902038
4.924123
5.6851964
5.902038
6.4462695
5.902038
5.0346694
4.3841434
3.7293656
5.1452165
4.6009855
4.8178277
4.1630497
5.140965
4.0525026
5.140965
5.795743
6.1188803
6.8799534
6.5525646
5.8977866
6.8799534
6.663111
6.3357224
5.6851964
5.468354
5.578901
6.339974
5.578901
5.140965
5.795743
5.689448
5.578901
5.468354
4.7072806
5.578901
4.7072806
4.7115326
3.8399122
5.251512
5.0346694
5.468354
6.1188803
4.924123
5.0346694
4.7072806
4.6009855
4.490439
5.140965
6.4462695
6.008333
6.3357224
6.986249
6.8799534
6.3357224
6.5525646
7.207342
6.769407
6.5525646
7.207342
8.074712
7.313638
6.8799534
7.4241843
7.6410265
6.2251754
6.1188803
6.5525646
6.8799534
6.9905005
5.357807
5.357807
5.468354
5.251512
5.468354
6.7736583
6.1188803
6.769407
8.074712
7.526228
7.632523
7.636775
8.94208
8.181006
7.092544
7.853617
8.508395
7.313638
7.419933
6.875702
6.4420176
7.6410265
6.8799534
6.5525646
6.769407
7.6410265
6.8799534
6.769407
6.1188803
6.5525646
6.5525646
6.663111
6.5525646
6.1188803
6.008333
6.5525646
6.986249
6.769407
7.203091
6.986249
7.419933
7.096796
7.313638
6.769407
7.313638
6.986249
8.725238
7.853617
8.287301
8.287301
8.504144
8.720985
8.610438
9.265217
8.720985
9.698901
8.720985
9.482059
8.287301
8.397848
7.74307
8.614691
8.725238
7.853617
9.375764
6.875702
8.181006
7.9641643
6.4420176
7.419933
7.419933
7.9641643
7.526228
8.504144
8.94208
8.070459
8.287301
9.919995
9.375764
9.592606
9.158921
9.158921
9.158921
8.397848
8.181006
8.074712
7.203091
6.8799534
7.207342
6.8799534
7.7515736
7.313638
6.875702
7.747322
7.6410265
7.4241843
7.4241843
6.769407
7.207342
6.4420176
7.9641643
6.986249
8.181006
8.508395
8.397848
7.636775
7.747322
7.5304804
8.397848
8.070459
7.9641643
7.747322
8.508395
7.74307
7.636775
8.2915535
8.725238
8.508395
7.309386
8.618942
7.636775
8.287301
8.181006
7.636775
7.203091
6.8799534
7.6410265
6.986249
7.203091
7.747322
8.070459
7.309386
7.415681
7.526228
8.8315325
7.415681
8.176754
8.614691
7.9599123
8.287301
9.482059
8.397848
9.265217
8.614691
8.397848
7.419933
7.419933
7.857869
6.5525646
7.313638
7.207342
6.1188803
6.9905005
7.1010475
6.339974
6.663111
7.096796
7.4241843
6.8799534
6.1188803
5.902038
6.2294273
5.902038
5.902038
5.6851964
6.9905005
6.012585
6.3357224
6.6588597
7.4241843
6.8799534
6.663111
6.5525646
6.5525646
6.5525646
6.986249
7.747322
7.853617
8.070459
6.765155
7.9641643
7.092544
6.769407
7.9641643
7.313638
6.4420176
7.857869
6.4420176
6.769407
7.096796
6.2251754
6.5525646
6.663111
6.008333
6.3357224
6.769407
6.5525646
6.3357224
6.1188803
6.3357224
6.008333
6.5525646
6.986249
6.6588597
7.096796
6.4420176
7.096796
6.3357224
6.5525646
6.1188803
6.556816
6.4462695
6.2294273
6.8799534
6.4462695
6.663111
6.1188803
5.0346694
5.251512
5.0346694
5.0346694
5.795743
5.251512
5.3620586
4.8178277
4.6009855
5.1452165
4.6009855
5.3620586
5.6851964
5.795743
6.2294273
6.3357224
5.902038
5.464102
6.4462695
7.096796
6.008333
6.3357224
5.902038
6.4462695
6.008333
5.791491
7.096796
6.2251754
6.5525646
6.008333
6.769407
5.8977866
7.4241843
6.2251754
6.769407
6.008333
6.114629
6.8799534
5.464102
5.791491
5.791491
5.6851964
6.4462695
6.769407
6.5525646
6.2251754
6.875702
7.096796
5.7872396
6.6588597
7.74307
8.181006
8.397848
8.070459
8.070459
7.203091
6.5525646
6.008333
7.4241843
7.207342
6.4420176
5.902038
6.5525646
6.5525646
5.902038
6.4462695
6.012585
5.795743
4.8135757
5.795743
6.9905005
5.795743
5.6851964
6.008333
6.2251754
6.8799534
6.769407
6.986249
7.419933
6.765155
8.2915535
6.769407
6.875702
5.8977866
6.6588597
6.875702
7.092544
7.1988387
8.070459
8.8315325
8.28305
9.482059
7.526228
7.632523
6.981997
8.070459
7.636775
7.526228
8.070459
6.875702
7.853617
7.747322
7.636775
6.3314705
6.114629
6.114629
6.765155
7.203091
8.176754
9.592606
8.82728
8.28305
8.720985
9.044123
8.393597
8.82728
9.805196
10.0220375
10.783112
10.566269
9.915743
9.15467
8.8315325
8.397848
7.309386
8.397848
8.287301
8.8315325
8.8315325
8.720985
7.1988387
8.070459
7.636775
7.203091
7.092544
8.2915535
7.092544
7.092544
6.6588597
7.309386
8.397848
7.419933
8.614691
7.526228
7.9599123
9.592606
9.698901
8.937827
9.15467
8.716734
9.371511
8.610438
9.371511
10.23888
10.0220375
9.911491
10.128334
9.800944
8.8230295
8.933577
8.499891
8.610438
8.937827
8.066207
8.176754
9.15467
8.1725025
8.610438
9.048374
8.720985
7.74307
8.393597
8.82728
8.610438
9.69465
9.588354
9.371511
9.805196
9.482059
9.698901
9.698901
10.132585
9.915743
9.044123
9.915743
8.393597
8.8315325
9.158921
8.504144
8.397848
7.526228
6.981997
8.397848
8.070459
7.853617
7.309386
7.203091
6.875702
7.203091
7.092544
7.415681
8.287301
8.176754
7.305134
7.1988387
7.1988387
8.8315325
7.74307
7.9599123
7.74307
8.716734
9.044123
9.15467
8.499891
8.504144
7.74307
6.875702
6.986249
6.875702
6.2209234
8.725238
8.397848
8.287301
8.181006
7.415681
7.632523
9.048374
7.9599123
8.070459
7.853617
7.1988387
8.176754
8.82728
8.499891
8.937827
8.28305
9.698901
9.477807
10.128334
10.23888
10.6725645
9.69465
10.23888
10.566269
9.911491
9.69465
9.260964
8.610438
7.9599123
7.849365
8.181006
8.504144
7.9599123
8.181006
9.048374
9.265217
7.849365
8.066207
8.8315325
8.28305
7.955661
8.28305
8.82728
10.243132
10.349427
10.0220375
9.805196
8.82728
9.805196
9.698901
9.150418
9.69465
10.349427
10.128334
9.69465
9.800944
10.455723
10.128334
10.234629
10.455723
10.017787
10.455723
10.345176
11.216796
10.455723
10.999953
10.889407
10.128334
9.800944
10.999953
10.6725645
10.6725645
10.0220375
9.477807
9.915743
9.588354
9.260964
9.588354
8.933577
9.805196
9.044123
10.455723
10.345176
10.889407
10.017787
10.6725645
11.544185
10.6725645
11.433638
11.65048
11.216796
10.889407
11.2125435
11.433638
11.216796
10.455723
10.783112
10.128334
11.327342
10.0220375
11.1105
10.349427
9.915743
10.455723
11.1105
10.999953
10.455723
10.455723
10.77886
11.216796
11.65048
11.65048
11.323091
12.084165
10.77886
11.216796
11.2125435
11.106249
12.301006
11.973618
12.190459
12.845238
12.194712
11.429386
12.194712
11.216796
10.783112
11.106249
10.995702
11.216796
11.65048
11.323091
11.544185
11.106249
12.194712
10.889407
11.106249
10.995702
11.433638
10.999953
11.867322
11.433638
11.429386
11.867322
11.973618
12.517848
11.756775
11.323091
12.194712
11.756775
12.301006
11.539933
11.106249
11.433638
10.783112
10.6725645
10.783112
10.783112
11.433638
12.415805
11.977869
11.323091
10.999953
11.433638
10.455723
11.327342
11.433638
11.544185
10.783112
11.323091
10.889407
10.345176
10.889407
11.65048
10.995702
11.106249
11.216796
10.6725645
11.65048
10.889407
10.783112
10.455723
11.106249
11.539933
10.889407
10.668313
11.106249
10.995702
11.323091
11.106249
10.77886
11.433638
10.783112
10.455723
9.477807
9.588354
10.459974
10.349427
9.915743
11.1105
9.371511
8.610438
8.393597
9.371511
9.265217
9.915743
9.805196
10.23888
9.36726
10.128334
10.893659
10.566269
10.889407
10.889407
11.977869
10.6725645
10.562017
10.999953
10.6725645
10.999953
10.455723
10.783112
10.0220375
10.349427
10.349427
10.783112
10.783112
10.455723
10.566269
10.783112
9.805196
10.23888
9.805196
9.805196
9.477807
10.132585
10.23888
9.800944
9.805196
11.327342
10.6725645
10.455723
10.783112
11.544185
11.323091
10.889407
10.128334
11.216796
10.999953
10.999953
10.889407
10.455723
11.761026
10.889407
11.216796
10.562017
10.6725645
11.433638
11.106249
10.562017
10.999953
11.433638
10.783112
10.562017
10.6725645
10.783112
10.783112
11.327342
10.128334
11.327342
10.455723
11.216796
10.6725645
10.566269
10.017787
10.345176
11.327342
10.6725645
10.345176
11.327342
11.216796
10.455723
10.345176
10.455723
10.566269
10.455723
11.544185
11.216796
10.889407
10.455723
10.455723
10.6725645
10.999953
9.911491
10.0220375
9.371511
9.911491
10.889407
10.889407
11.867322
11.323091
11.756775
11.216796
11.433638
12.411553
11.65048
11.323091
11.106249
10.562017
11.106249
12.084165
13.168375
12.624144
13.278922
12.840985
12.190459
12.840985
12.079912
12.951532
12.190459
12.084165
10.995702
11.867322
11.323091
10.995702
12.084165
10.885155
11.539933
11.216796
11.106249
11.544185
11.327342
10.345176
10.345176
10.562017
11.106249
11.429386
11.539933
11.756775
11.8630705
11.65048
12.084165
10.995702
11.106249
11.433638
10.455723
10.6725645
10.562017
11.433638
12.088415
11.106249
11.2125435
11.433638
10.889407
11.539933
11.65048
11.433638
10.889407
11.106249
11.216796
11.106249
10.999953
10.6725645
11.106249
11.216796
11.216796
10.999953
12.411553
10.995702
11.867322
11.65048
11.977869
11.323091
12.411553
11.2125435
12.407301
12.840985
13.712605
13.929449
14.14629
14.14629
13.712605
13.818902
13.929449
14.252585
13.929449
12.407301
12.517848
12.840985
12.845238
12.517848
12.951532
13.062079
12.734691
11.867322
11.539933
12.301006
11.756775
12.411553
13.062079
12.296754
13.057828
13.385218
13.818902
13.274671
12.296754
13.495763
12.079912
13.385218
12.951532
13.495763
13.389469
12.517848
12.845238
13.062079
12.845238
13.168375
13.385218
13.168375
12.624144
12.734691
12.407301
12.407301
12.301006
12.301006
12.407301
13.389469
12.840985
12.840985
13.057828
13.818902
13.491511
13.602058
13.602058
14.579974
14.035743
14.035743
13.708355
14.035743
12.513597
13.818902
13.602058
14.035743
13.925196
15.013659
13.925196
14.903111
14.35888
14.35888
14.575723
13.814649
14.142038
14.252585
14.252585
13.597807
14.035743
13.708355
13.270417
13.708355
13.164123
14.469427
14.68627
14.575723
14.575723
13.920944
14.792564
14.68627
14.575723
14.68627
14.252585
14.35888
13.491511
13.385218
13.057828
12.517848
13.278922
13.495763
12.407301
11.973618
12.301006
12.194712
11.977869
12.084165
11.65048
11.539933
12.194712
11.433638
11.433638
11.544185
11.539933
11.2125435
11.756775
11.867322
11.8630705
11.973618
11.8630705
11.756775
11.756775
12.190459
13.168375
13.062079
12.951532
13.168375
12.624144
12.840985
13.818902
13.491511
14.469427
13.818902
14.579974
13.385218
12.624144
12.624144
13.495763
12.840985
12.840985
12.301006
11.867322
11.106249
10.668313
10.6725645
11.323091
12.194712
11.65048
10.562017
11.323091
11.323091
11.977869
11.539933
12.084165
11.867322
12.301006
11.539933
11.539933
12.084165
10.345176
11.544185
11.106249
11.433638
10.566269
10.6725645
9.805196
8.933577
9.588354
10.349427
9.371511
9.371511
9.265217
9.15467
8.176754
8.614691
9.048374
8.393597
8.614691
8.393597
9.265217
9.588354
9.371511
9.698901
9.15467
8.82728
9.260964
8.937827
9.260964
9.588354
10.23888
10.783112
10.128334
10.455723
10.345176
10.6725645
10.783112
9.36726
9.911491
9.260964
10.017787
10.23888
10.889407
10.6725645
11.1105
10.562017
10.6725645
9.150418
10.783112
10.0220375
9.039871
9.150418
10.349427
9.477807
10.999953
10.783112
10.999953
11.216796
10.77886
11.106249
11.539933
11.756775
10.995702
12.411553
10.6725645
11.216796
10.23888
11.544185
10.23888
10.783112
10.349427
10.459974
9.915743
10.0220375
10.243132
8.720985
8.720985
9.265217
7.849365
8.610438
9.15467
9.048374
8.937827
9.371511
9.588354
9.150418
10.455723
10.783112
10.455723
10.345176
11.433638
10.45147
11.323091
11.756775
12.084165
11.867322
11.323091
11.539933
12.845238
12.079912
12.296754
12.084165
11.973618
11.8630705
11.2125435
11.2125435
11.539933
11.106249
10.995702
10.562017
10.77886
10.562017
10.128334
10.889407
11.323091
11.539933
11.539933
12.190459
12.301006
11.535681
12.079912
12.296754
13.385218
12.947281
13.818902
14.68627
13.602058
12.186207
13.168375
12.190459
12.517848
11.756775
12.194712
11.106249
11.429386
11.867322
11.2125435
12.084165
10.562017
11.761026
10.6725645
10.999953
10.6725645
10.999953
10.783112
10.889407
11.544185
10.455723
10.999953
11.106249
11.761026
10.6725645
11.323091
12.190459
12.624144
12.407301
12.624144
12.734691
12.517848
12.190459
12.840985
14.14629
13.602058
12.840985
14.363132
13.491511
14.035743
14.035743
12.730438
13.495763
12.407301
13.062079
12.079912
11.973618
12.734691
12.079912
12.296754
12.840985
12.190459
12.517848
12.845238
12.407301
12.951532
13.712605
13.057828
14.035743
14.469427
14.68627
14.469427
13.708355
13.602058
14.469427
13.708355
14.579974
14.579974
13.057828
13.057828
13.389469
12.517848
12.734691
11.756775
12.190459
12.301006
10.995702
11.539933
11.433638
11.977869
11.539933
11.867322
12.411553
11.867322
13.062079
12.517848
13.168375
13.168375
13.385218
12.624144
13.602058
13.385218
14.035743
13.168375
13.385218
13.929449
14.256837
13.274671
14.14629
14.035743
13.602058
13.057828
14.579974
13.057828
12.840985
13.168375
13.495763
12.517848
12.084165
11.867322
12.411553
12.084165
11.65048
12.411553
12.845238
12.301006
12.084165
12.301006
11.323091
12.411553
13.389469
12.951532
13.168375
13.818902
13.057828
14.256837
14.584226
13.712605
13.062079
13.062079
12.734691
13.500016
12.411553
11.871573
11.1105
11.327342
11.327342
11.1105
10.566269
11.765279
11.1105
10.349427
11.004206
10.464226
9.048374
8.070459
9.375764
9.482059
8.504144
9.592606
8.397848
8.508395
8.4021
8.185258
8.074712
8.618942
8.94208
10.02629
10.132585
10.349427
10.566269
10.6725645
11.765279
10.893659
9.482059
9.375764
8.4021
8.185258
7.7515736
8.189509
7.7515736
6.4462695
6.663111
6.9905005
7.096796
6.769407
8.181006
9.375764
9.052627
10.574773
8.94208
8.94208
7.9641643
8.181006
8.2915535
8.94208
9.809448
10.243132
11.1105
11.221047
10.353679
9.486311
9.269468
8.295805
8.4021
8.295805
8.074712
8.185258
6.9905005
7.5347314
7.1010475
6.9905005
7.317889
7.7515736
8.083215
6.4462695
6.667363
7.4284363
6.7736583
6.663111
7.207342
7.317889
7.096796
7.7515736
6.663111
6.9905005
6.2294273
5.578901
6.450521
5.795743
6.667363
6.450521
6.339974
5.795743
6.9905005
6.9905005
7.8621206
6.4462695
6.4462695
6.9905005
7.207342
7.857869
8.835785
9.486311
9.703153
9.703153
8.181006
8.508395
8.185258
6.4462695
7.207342
7.096796
7.096796
7.313638
7.4241843
6.9905005
5.6851964
4.928375
4.8178277
4.6009855
5.3620586
5.578901
6.123132
5.795743
6.7736583
6.663111
6.663111
6.9905005
6.8799534
6.9905005
6.5525646
7.6410265
7.096796
7.096796
7.096796
7.207342
7.4241843
7.857869
8.2915535
8.074712
7.857869
6.1188803
7.207342
5.140965
5.795743
5.468354
6.4462695
5.357807
6.3357224
7.9684157
6.986249
8.508395
8.181006
9.158921
6.769407
7.6410265
7.9684157
6.8799534
7.4241843
6.9905005
7.6410265
8.078962
7.6410265
7.4241843
7.5347314
7.5347314
6.9905005
7.207342
7.4284363
6.556816
6.556816
6.012585
6.450521
5.689448
5.799995
4.7115326
5.583153
4.6009855
5.583153
4.2778482
3.9504592
4.3883953
5.4726057
4.928375
4.928375
6.123132
4.8178277
4.7115326
5.1452165
4.8220797
5.1452165
4.605237
4.7115326
4.4946904
4.7115326
4.7115326
5.0346694
4.490439
4.7115326
5.1452165
4.2735963
4.8178277
5.0346694
5.578901
5.578901
5.6851964
5.795743
5.251512
5.902038
5.902038
5.251512
5.468354
5.468354
6.556816
5.468354
4.379892
5.902038
5.902038
6.339974
4.8178277
5.0346694
5.0346694
4.1630497
4.2735963
3.7293656
3.8399122
5.0346694
4.7072806
6.8842053
6.2294273
5.030418
5.140965
5.140965
6.1188803
5.030418
6.769407
6.769407
6.4420176
6.765155
7.419933
8.504144
7.853617
7.9599123
7.415681
8.176754
9.048374
8.393597
8.720985
9.265217
8.393597
8.499891
9.482059
9.805196
9.915743
9.15467
8.720985
8.610438
9.15467
8.610438
9.592606
8.176754
8.504144
9.15467
9.375764
8.610438
8.82728
8.176754
7.955661
9.371511
9.69465
9.915743
10.23888
10.23888
9.911491
9.911491
10.345176
10.455723
10.23888
10.23888
10.234629
10.455723
11.216796
10.6725645
10.455723
9.911491
9.911491
9.588354
9.69465
10.128334
11.216796
10.455723
9.690397
11.433638
10.128334
10.017787
9.911491
10.017787
10.345176
11.1105
10.995702
10.889407
11.539933
10.562017
10.45147
10.995702
11.318839
11.323091
12.624144
11.65048
11.756775
10.77886
10.885155
11.539933
11.535681
12.084165
11.65048
10.562017
10.6725645
10.6725645
10.455723
10.455723
10.128334
10.566269
10.345176
10.783112
10.889407
10.455723
10.455723
10.999953
9.911491
9.69465
10.345176
10.455723
10.234629
10.455723
10.345176
10.6725645
10.77886
10.995702
11.101996
11.539933
11.425134
11.756775
11.425134
12.084165
11.2125435
11.8630705
12.079912
12.840985
12.840985
13.057828
11.858818
12.624144
12.296754
12.403049
12.403049
13.274671
12.947281
12.730438
13.057828
11.641976
12.840985
11.641976
12.075661
12.840985
12.619891
12.407301
11.752523
12.403049
11.8630705
12.296754
12.296754
12.619891
13.597807
14.031491
13.704102
14.35888
14.142038
13.376713
14.792564
14.792564
14.575723
15.009407
14.354629
15.005156
15.226248
14.68627
14.248333
14.469427
13.708355
12.943029
13.708355
13.597807
13.48726
14.469427
14.035743
13.164123
13.057828
13.164123
12.840985
13.380964
13.818902
13.597807
13.708355
13.708355
13.818902
12.947281
13.597807
14.142038
14.469427
14.142038
13.48726
14.575723
14.68627
14.792564
13.708355
14.35888
13.814649
14.248333
14.142038
13.704102
14.35888
13.814649
13.708355
13.597807
13.708355
12.947281
12.836734
12.624144
13.602058
13.168375
13.385218
13.818902
13.602058
14.035743
14.035743
13.491511
14.363132
14.142038
14.252585
15.230501
15.013659
14.579974
13.818902
13.495763
13.278922
12.845238
12.415805
12.088415
11.544185
12.198963
11.1105
11.221047
10.893659
10.676816
10.459974
10.132585
9.588354
10.459974
11.004206
10.787363
10.570521
10.349427
10.132585
10.893659
10.783112
11.216796
11.433638
11.433638
10.77886
11.106249
11.216796
11.327342
10.455723
10.999953
11.433638
11.539933
12.517848
11.65048
11.867322
11.539933
11.977869
12.084165
12.411553
11.433638
12.411553
11.433638
11.761026
10.6725645
10.566269
11.761026
11.216796
10.783112
10.566269
10.0220375
10.02629
9.371511
9.809448
10.353679
9.482059
10.459974
9.588354
10.459974
10.0220375
9.588354
10.459974
10.676816
11.221047
10.676816
10.349427
11.327342
10.566269
10.999953
11.544185
11.216796
11.544185
10.999953
11.1105
10.459974
10.132585
10.132585
10.132585
10.23888
10.132585
10.893659
10.783112
10.459974
10.0220375
10.243132
10.783112
10.893659
10.23888
10.893659
11.327342
11.004206
11.327342
10.783112
9.911491
11.544185
11.327342
11.327342
12.301006
11.323091
12.084165
11.65048
12.084165
10.995702
11.756775
11.756775
11.973618
12.411553
12.517848
12.517848
12.628395
11.867322
12.411553
11.977869
11.106249
11.106249
10.889407
11.867322
12.194712
12.190459
12.951532
12.407301
12.301006
13.062079
12.951532
12.734691
12.951532
12.951532
13.823153
13.60631
12.734691
12.628395
12.734691
12.407301
12.845238
12.411553
11.761026
11.327342
10.999953
11.437889
10.566269
11.327342
10.23888
10.999953
10.999953
10.999953
10.0220375
10.783112
10.349427
10.132585
9.044123
10.459974
9.915743
10.23888
10.783112
11.106249
10.885155
11.65048
11.323091
11.323091
11.761026
10.345176
11.433638
11.544185
11.323091
12.084165
11.539933
12.411553
11.216796
11.106249
10.77886
11.544185
10.234629
10.889407
11.323091
10.345176
10.455723
11.216796
10.562017
11.323091
10.77886
10.889407
10.77886
10.234629
10.783112
10.562017
11.216796
10.999953
10.345176
11.544185
10.562017
10.889407
11.433638
11.106249
12.194712
11.867322
10.6725645
11.327342
9.915743
9.588354
8.499891
10.0220375
10.132585
9.69465
9.805196
10.0220375
9.69465
10.455723
10.676816
9.15467
8.610438
8.716734
9.371511
9.805196
9.477807
9.69465
9.69465
10.345176
10.455723
11.323091
11.539933
11.106249
9.690397
10.128334
11.216796
9.800944
11.433638
10.889407
10.889407
10.995702
11.539933
10.77886
11.2125435
11.65048
10.234629
10.234629
10.017787
10.017787
9.690397
10.345176
11.216796
10.017787
10.6725645
10.77886
10.234629
10.557766
10.77886
11.65048
10.885155
11.756775
11.973618
11.2125435
10.995702
11.2125435
11.106249
11.756775
11.8630705
11.969365
12.296754
12.190459
12.301006
11.756775
11.539933
10.77886
11.65048
11.323091
11.646228
11.646228
11.8630705
12.517848
11.756775
11.2125435
11.106249
11.973618
12.084165
11.539933
11.2125435
11.2125435
12.301006
11.539933
12.301006
12.411553
11.867322
11.539933
12.517848
11.65048
12.190459
12.084165
11.539933
12.194712
11.433638
11.539933
11.429386
11.323091
11.65048
11.106249
10.995702
10.995702
11.539933
11.761026
10.6725645
10.562017
10.234629
11.106249
10.77886
11.323091
10.234629
10.345176
11.65048
10.562017
11.323091
11.973618
11.535681
12.407301
12.296754
11.8630705
11.646228
11.646228
12.517848
11.973618
11.323091
12.305258
10.999953
10.783112
11.216796
10.999953
10.23888
10.783112
11.216796
10.783112
10.6725645
9.584103
10.234629
10.783112
10.889407
10.77886
10.562017
11.544185
10.345176
10.995702
10.234629
10.562017
10.889407
11.323091
11.323091
12.084165
11.867322
11.429386
11.318839
12.951532
12.513597
12.407301
13.385218
13.602058
13.602058
13.274671
13.274671
13.495763
13.708355
14.035743
13.818902
13.385218
13.602058
12.845238
11.65048
11.867322
12.301006
11.106249
10.889407
12.411553
12.194712
11.761026
12.5220995
11.323091
11.323091
11.433638
12.088415
12.088415
11.539933
12.411553
12.084165
12.955785
12.084165
13.062079
13.389469
12.411553
13.062079
13.823153
13.818902
14.039994
13.9337
13.60631
13.389469
13.062079
13.929449
14.035743
14.252585
15.774733
14.796817
14.903111
15.124206
14.907364
14.796817
16.212667
15.774733
15.447342
15.774733
15.230501
16.42951
15.557889
15.447342
16.318964
16.208416
15.774733
15.013659
15.88528
15.336795
15.664186
16.531553
17.509468
16.85469
17.72631
17.288374
18.810522
17.72206
17.938902
18.483133
18.155743
18.593678
19.133657
18.589426
19.461048
20.7621
20.324163
21.629469
22.819975
22.603132
23.581049
23.4705
22.59888
23.359955
22.59888
22.275743
22.492586
21.191532
20.868395
21.412626
21.412626
22.063152
21.191532
21.51892
21.195786
19.673637
19.779932
19.784185
21.523172
23.25791
23.364204
24.121027
24.121027
24.444164
25.205238
24.227322
23.899933
24.444164
25.532625
24.55471
24.988394
25.311531
24.877848
24.661007
24.877848
23.793638
23.576796
23.904184
22.92627
23.793638
23.359955
24.33787
24.121027
24.227322
23.576796
23.466248
23.904184
24.55471
24.010479
24.877848
25.311531
24.877848
24.661007
24.55471
24.55471
24.010479
23.904184
23.576796
23.466248
24.988394
24.661007
24.227322
23.359955
23.466248
23.14311
23.14311
24.231573
23.899933
25.098942
23.793638
24.010479
24.33787
24.231573
25.426332
24.882101
24.661007
24.661007
24.882101
24.877848
25.638922
24.661007
24.767302
25.315784
24.771553
24.116776
24.010479
23.359955
24.014732
23.359955
23.14311
22.492586
23.036818
21.952606
22.492586
21.404123
22.492586
22.59888
22.492586
22.59888
22.492586
22.275743
21.297827
21.625217
21.735764
21.408375
21.302078
20.541006
21.51892
21.956858
20.868395
19.89048
19.239954
19.133657
17.717808
17.72206
16.960987
16.31471
15.659932
15.987322
15.443091
14.354629
15.443091
15.115701
14.89886
14.248333
14.248333
15.226248
15.119954
15.553638
14.35888
14.465176
14.035743
13.597807
12.407301
13.495763
12.517848
11.539933
10.889407
10.6725645
10.999953
10.889407
10.6725645
10.23888
10.128334
10.676816
9.477807
9.371511
10.566269
9.371511
10.132585
8.610438
9.915743
10.0220375
10.455723
10.562017
10.455723
10.345176
10.999953
10.23888
10.783112
10.132585
9.371511
10.243132
8.8315325
9.482059
9.371511
9.805196
9.69465
10.23888
9.044123
10.132585
8.393597
9.048374
8.937827
9.592606
9.15467
9.698901
9.915743
9.588354
10.23888
10.783112
10.455723
9.911491
10.566269
11.1105
11.1105
10.889407
10.566269
10.783112
10.0220375
11.1105
10.999953
10.783112
11.761026
11.323091
11.756775
12.190459
12.624144
12.301006
12.517848
12.845238
11.867322
10.889407
10.23888
10.566269
11.544185
10.455723
11.437889
10.889407
10.566269
10.128334
11.327342
10.349427
9.69465
11.1105
10.455723
9.800944
10.893659
10.6725645
11.216796
10.995702
11.539933
12.628395
11.973618
12.190459
12.190459
12.190459
11.973618
12.301006
11.2125435
12.517848
11.867322
12.734691
11.752523
11.756775
12.517848
12.517848
11.756775
11.8630705
12.951532
12.840985
12.517848
12.079912
12.301006
11.433638
12.628395
11.646228
13.168375
12.407301
12.734691
12.734691
11.429386
11.973618
12.734691
12.407301
12.513597
12.730438
12.840985
12.190459
13.278922
13.278922
13.602058
13.929449
13.602058
13.818902
14.469427
13.491511
14.690521
13.602058
13.278922
12.301006
12.734691
12.951532
13.062079
13.60631
14.044247
13.929449
12.845238
12.951532
13.278922
12.628395
13.495763
13.823153
12.951532
13.712605
13.602058
13.818902
14.796817
14.796817
14.363132
14.363132
14.469427
14.14629
13.818902
14.469427
14.907364
14.252585
15.013659
14.252585
14.469427
15.124206
14.252585
14.363132
14.363132
14.473679
14.363132
14.14629
14.68627
13.602058
13.818902
14.907364
14.469427
14.68627
14.031491
15.009407
15.119954
15.009407
15.119954
15.009407
15.336795
15.447342
14.682017
15.553638
15.009407
14.89886
14.575723
15.119954
15.119954
15.341048
14.68627
14.68627
14.252585
15.230501
14.14629
13.929449
13.929449
13.712605
13.495763
12.301006
12.951532
13.168375
13.168375
12.734691
13.495763
12.951532
12.190459
13.385218
12.951532
12.407301
12.517848
12.517848
12.301006
12.301006
12.190459
12.517848
12.951532
13.062079
12.734691
13.062079
13.278922
13.389469
12.845238
11.867322
12.301006
11.433638
11.65048
12.301006
12.738942
12.194712
12.084165
12.411553
12.194712
11.761026
10.889407
10.999953
11.437889
11.1105
11.216796
11.654732
11.216796
11.871573
11.867322
11.433638
11.106249
12.305258
12.088415
13.066331
11.544185
11.106249
12.738942
12.415805
12.305258
12.305258
11.433638
11.977869
12.632647
12.305258
11.437889
11.871573
11.1105
10.893659
10.353679
10.570521
9.486311
8.614691
10.464226
9.158921
9.375764
9.048374
10.136837
9.375764
10.243132
10.353679
9.482059
9.371511
9.482059
10.132585
10.893659
11.1105
11.327342
10.783112
10.783112
10.566269
10.23888
10.893659
10.999953
11.1105
10.893659
11.1105
11.1105
10.349427
11.004206
10.676816
11.1105
10.0220375
10.566269
11.1105
10.132585
9.915743
11.221047
10.459974
10.893659
10.349427
10.999953
11.654732
10.999953
10.349427
10.566269
10.349427
10.676816
11.1105
10.787363
11.327342
10.999953
11.327342
11.216796
11.216796
11.654732
10.349427
10.459974
10.681068
11.004206
10.132585
10.787363
10.353679
9.698901
10.136837
10.030542
9.482059
9.698901
10.132585
9.15467
10.676816
10.570521
10.783112
11.654732
11.1105
11.871573
11.654732
11.437889
11.761026
12.194712
12.955785
12.517848
11.65048
11.867322
12.5220995
12.301006
12.845238
13.1726265
13.283173
12.305258
12.955785
12.5220995
12.628395
12.084165
11.65048
12.628395
11.65048
12.194712
12.198963
12.194712
11.539933
12.194712
12.5220995
13.1726265
13.062079
12.624144
13.278922
13.389469
12.840985
13.823153
13.278922
13.495763
13.929449
14.473679
14.035743
12.951532
14.14629
13.495763
13.9337
13.1726265
13.283173
11.761026
11.871573
11.437889
10.999953
11.761026
11.654732
11.871573
10.893659
11.437889
11.221047
10.893659
10.999953
11.437889
10.893659
11.871573
11.1105
12.088415
11.977869
11.216796
11.544185
11.761026
11.327342
11.761026
12.194712
12.194712
12.632647
11.65048
12.194712
12.088415
12.411553
12.632647
11.977869
12.845238
12.951532
13.823153
13.929449
13.712605
13.929449
13.385218
13.495763
13.278922
13.168375
13.278922
13.057828
13.712605
13.602058
13.929449
13.602058
13.602058
14.039994
14.469427
14.579974
14.252585
14.035743
14.579974
14.690521
14.796817
13.929449
14.256837
14.256837
13.168375
13.602058
14.911615
13.168375
13.60631
13.278922
13.500016
12.517848
13.389469
13.1726265
12.845238
13.389469
11.977869
12.849489
12.628395
12.628395
12.628395
12.951532
13.062079
12.628395
11.756775
12.411553
11.323091
11.433638
12.411553
11.867322
11.433638
11.65048
11.756775
12.411553
12.301006
11.977869
11.867322
12.301006
12.5220995
11.433638
12.301006
12.084165
11.973618
13.495763
12.840985
14.039994
13.602058
12.951532
12.840985
13.385218
12.840985
13.168375
13.929449
13.712605
13.818902
13.818902
13.929449
14.796817
14.363132
14.68627
15.119954
15.230501
15.447342
16.208416
14.903111
15.668436
14.68627
13.818902
12.951532
13.278922
12.194712
12.084165
10.999953
11.1105
11.1105
10.999953
11.437889
11.654732
11.1105
11.544185
11.327342
11.106249
11.216796
11.977869
11.433638
11.977869
11.977869
11.867322
11.867322
11.65048
11.973618
11.539933
11.973618
12.411553
11.867322
12.517848
12.194712
12.301006
12.628395
11.867322
11.323091
11.433638
11.433638
11.756775
12.517848
13.60631
12.301006
11.756775
12.628395
11.323091
12.411553
11.756775
12.845238
13.278922
12.951532
13.057828
13.168375
13.602058
13.385218
12.079912
12.407301
12.845238
12.951532
13.712605
12.734691
14.035743
14.035743
13.602058
14.690521
14.039994
13.385218
12.734691
12.951532
13.062079
12.411553
11.65048
11.433638
11.544185
10.455723
10.6725645
11.327342
11.216796
10.77886
10.676816
10.783112
10.566269
10.132585
10.6725645
11.221047
10.999953
10.893659
10.566269
10.999953
10.999953
10.999953
10.889407
11.1105
10.6725645
10.783112
10.783112
11.216796
11.327342
10.566269
11.327342
11.761026
10.783112
12.194712
10.6725645
11.216796
10.783112
11.216796
11.871573
10.6725645
10.6725645
11.106249
12.411553
10.77886
11.323091
11.756775
12.624144
12.301006
11.539933
12.084165
11.539933
12.301006
11.433638
11.106249
11.106249
12.411553
12.301006
13.60631
12.517848
12.951532
12.411553
11.646228
12.738942
11.761026
11.65048
11.327342
11.654732
11.327342
10.783112
10.999953
10.566269
10.6725645
11.1105
10.893659
9.805196
10.676816
10.243132
9.915743
10.676816
9.698901
10.23888
9.915743
10.455723
10.455723
10.6725645
10.6725645
11.216796
11.433638
11.871573
10.6725645
11.761026
10.999953
12.084165
10.999953
10.889407
10.999953
11.433638
11.327342
11.654732
11.871573
10.783112
10.566269
10.6725645
10.566269
11.1105
11.1105
10.893659
11.327342
10.999953
11.544185
11.867322
11.323091
11.106249
12.088415
12.5220995
12.194712
11.433638
11.216796
11.761026
11.327342
11.977869
12.738942
12.5220995
11.977869
11.216796
12.088415
11.761026
10.783112
11.544185
10.676816
11.765279
10.783112
11.1105
9.915743
10.0220375
10.676816
10.570521
10.243132
10.676816
10.132585
10.566269
10.787363
9.805196
10.676816
10.02629
9.698901
10.02629
9.915743
10.353679
10.243132
9.915743
9.15467
9.588354
10.566269
10.893659
10.455723
11.327342
11.216796
11.221047
9.915743
10.566269
9.805196
10.676816
10.455723
10.783112
11.544185
11.216796
11.544185
12.088415
11.544185
10.999953
11.216796
10.23888
10.893659
9.805196
10.676816
10.349427
10.893659
10.893659
10.566269
11.221047
11.1105
10.566269
10.783112
11.437889
11.654732
11.437889
11.1105
10.893659
11.765279
10.999953
11.221047
10.676816
11.437889
10.893659
10.459974
10.243132
9.048374
9.482059
8.614691
9.375764
9.486311
8.94208
9.158921
9.158921
9.592606
9.919995
10.353679
10.676816
10.787363
10.676816
10.566269
10.455723
10.783112
10.783112
10.893659
11.1105
10.893659
9.588354
9.371511
9.592606
10.243132
8.937827
9.809448
8.614691
9.048374
8.181006
7.636775
8.725238
9.158921
8.614691
9.158921
9.809448
9.158921
9.482059
10.459974
10.243132
10.132585
9.911491
10.783112
10.349427
10.783112
10.783112
11.216796
10.566269
11.544185
10.893659
11.1105
11.765279
10.999953
10.889407
11.433638
10.999953
11.216796
11.654732
10.893659
9.805196
10.676816
11.004206
11.221047
10.243132
9.805196
10.243132
10.349427
9.15467
9.371511
10.02629
9.588354
10.349427
9.592606
9.919995
9.809448
9.15467
8.937827
10.132585
10.349427
10.459974
10.132585
10.243132
9.805196
10.132585
10.132585
9.915743
11.437889
11.216796
11.1105
10.999953
11.544185
11.654732
11.433638
10.455723
10.783112
10.893659
10.23888
10.0220375
10.999953
10.128334
10.128334
10.893659
10.23888
10.459974
10.02629
9.809448
9.371511
11.114753
10.893659
11.1105
10.243132
10.893659
10.349427
10.0220375
11.1105
10.999953
11.221047
11.544185
11.1105
10.999953
10.999953
11.216796
11.437889
10.562017
10.455723
11.437889
10.349427
10.566269
11.1105
10.459974
10.783112
10.132585
11.327342
11.9821205
10.349427
10.893659
11.327342
11.216796
11.216796
12.301006
11.323091
12.301006
11.977869
12.084165
12.407301
12.955785
12.845238
12.084165
12.084165
11.216796
11.977869
12.194712
12.305258
11.761026
12.194712
12.628395
12.411553
11.433638
11.216796
10.999953
10.6725645
11.216796
11.977869
12.738942
11.756775
13.1726265
12.845238
12.301006
12.190459
12.845238
12.517848
12.5220995
12.734691
12.628395
12.955785
13.1726265
12.190459
12.301006
11.539933
12.415805
12.411553
12.088415
12.088415
12.305258
12.415805
11.977869
11.544185
12.411553
11.544185
11.544185
10.893659
11.654732
10.566269
11.437889
10.349427
11.1105
10.783112
10.893659
11.437889
11.433638
11.761026
10.783112
10.349427
11.765279
11.327342
10.999953
11.327342
11.977869
12.194712
12.194712
11.867322
12.955785
13.1726265
12.955785
12.628395
13.1726265
12.738942
12.411553
12.738942
12.411553
12.084165
12.955785
11.433638
11.871573
11.761026
10.999953
12.088415
11.654732
11.327342
11.9821205
11.216796
11.761026
12.415805
12.305258
11.867322
12.738942
12.955785
13.500016
13.1726265
12.194712
12.849489
12.411553
12.084165
12.628395
12.738942
12.305258
12.194712
12.084165
12.5220995
11.433638
11.327342
12.088415
12.30951
11.761026
11.761026
11.327342
11.977869
11.654732
11.654732
11.761026
11.654732
10.999953
12.088415
11.437889
10.999953
11.327342
11.1105
11.216796
10.783112
10.999953
12.415805
11.544185
11.654732
12.088415
12.305258
12.088415
11.544185
11.977869
11.977869
12.198963
11.544185
11.654732
11.544185
11.216796
11.761026
12.088415
12.194712
12.955785
13.278922
13.1726265
13.60631
12.734691
12.517848
12.084165
12.084165
12.517848
12.407301
12.517848
12.845238
13.1726265
12.411553
13.60631
13.278922
11.867322
11.973618
13.062079
12.301006
13.278922
13.062079
12.738942
12.955785
13.389469
11.867322
13.066331
12.198963
12.088415
11.544185
12.194712
11.65048
11.544185
12.198963
11.216796
10.783112
11.654732
11.548436
11.654732
11.548436
11.658983
11.1105
11.9821205
10.893659
11.654732
11.433638
11.327342
10.783112
11.654732
11.106249
10.999953
11.867322
11.544185
11.654732
10.999953
11.761026
11.437889
11.323091
12.088415
11.433638
11.9821205
12.305258
11.65048
11.544185
11.761026
11.761026
11.433638
11.544185
12.198963
11.216796
11.871573
11.761026
11.544185
11.544185
11.977869
12.088415
11.761026
11.977869
11.433638
11.761026
12.194712
11.867322
11.216796
11.761026
11.433638
11.323091
11.544185
11.544185
11.761026
11.216796
10.893659
11.216796
11.765279
11.871573
10.999953
11.871573
11.221047
11.1105
11.765279
11.437889
10.893659
11.437889
11.654732
11.1105
11.437889
10.566269
11.327342
10.783112
11.1105
11.765279
10.783112
10.676816
10.23888
10.23888
10.893659
11.654732
10.455723
10.783112
10.6725645
11.1105
11.9821205
10.893659
10.455723
11.216796
11.544185
11.871573
11.977869
12.305258
12.194712
12.194712
12.194712
11.327342
11.977869
11.761026
11.544185
11.327342
11.327342
12.415805
11.544185
11.65048
11.65048
12.084165
11.867322
11.867322
12.955785
13.283173
12.849489
12.088415
11.544185
12.198963
12.194712
12.411553
12.084165
11.867322
12.305258
12.088415
11.437889
11.1105
11.654732
10.893659
11.216796
11.1105
11.977869
11.544185
11.761026
12.526352
11.871573
11.9821205
11.544185
11.327342
11.654732
11.9821205
11.216796
12.198963
11.65048
11.654732
11.761026
12.415805
11.106249
12.305258
12.088415
11.433638
12.305258
12.411553
11.433638
12.088415
11.433638
12.305258
11.977869
12.305258
12.628395
12.5220995
12.628395
11.65048
12.5220995
12.088415
11.977869
12.415805
12.628395
12.5220995
11.761026
11.761026
12.194712
12.194712
12.084165
12.955785
12.411553
13.066331
12.088415
12.411553
13.066331
13.389469
12.738942
13.283173
12.849489
12.305258
12.411553
12.088415
11.433638
12.632647
13.066331
12.632647
11.654732
11.9821205
10.999953
11.437889
11.437889
11.544185
11.544185
10.783112
10.999953
11.871573
11.327342
11.327342
11.654732
11.654732
11.437889
11.1105
11.871573
10.893659
11.544185
11.1105
11.544185
11.327342
11.977869
11.327342
11.221047
11.216796
11.871573
12.526352
10.566269
11.761026
11.761026
11.216796
11.544185
12.30951
11.433638
11.654732
11.1105
10.676816
11.1105
11.216796
11.9821205
11.871573
11.654732
11.433638
10.999953
11.765279
11.327342
11.654732
11.004206
11.1105
10.893659
10.783112
10.893659
10.676816
11.437889
10.02629
11.331594
10.570521
10.243132
11.437889
10.787363
10.570521
11.437889
10.89791
10.676816
11.765279
11.004206
10.783112
10.893659
10.243132
11.331594
10.132585
11.331594
10.787363
10.02629
10.243132
9.703153
9.703153
9.486311
9.809448
9.919995
8.8315325
9.919995
8.614691
8.181006
9.707404
9.486311
8.94208
9.703153
9.596858
8.835785
8.504144
8.397848
8.725238
8.94208
8.287301
8.614691
8.2915535
8.397848
8.397848
9.596858
9.158921
9.375764
9.048374
9.592606
9.048374
8.94208
9.158921
9.375764
9.486311
9.482059
9.375764
9.158921
9.703153
9.375764
9.048374
9.048374
9.486311
8.8315325
10.136837
9.698901
9.592606
9.482059
9.158921
8.8315325
10.030542
10.247384
9.486311
8.504144
9.052627
8.94208
8.2915535
8.946331
8.397848
9.052627
8.725238
8.4021
8.074712
7.9641643
7.6410265
7.857869
7.9641643
9.27372
8.074712
8.835785
7.747322
9.163173
7.5304804
8.946331
8.512647
9.056878
8.4021
8.4021
8.946331
8.729489
8.4021
8.295805
7.096796
7.4241843
7.317889
7.207342
7.207342
7.317889
7.5347314
7.4241843
7.4284363
7.317889
6.663111
7.5347314
7.4241843
7.7515736
7.207342
7.1010475
6.8842053
7.207342
7.207342
6.8842053
7.5347314
6.8842053
6.7736583
6.2294273
6.7736583
6.556816
7.5347314
6.556816
6.7736583
6.2294273
6.9905005
6.556816
6.556816
7.1010475
6.7736583
6.339974
6.012585
6.012585
5.90629
6.3442264
6.016837
5.583153
4.928375
5.799995
5.1494684
5.4726057
5.799995
5.583153
5.038922
6.3442264
6.016837
5.583153
5.689448
5.90629
6.2336793
5.2557635
5.799995
5.90629
5.799995
5.4726057
6.016837
5.2557635
5.583153
5.4726057
5.038922
4.3841434
5.1537204
4.605237
4.715784
4.715784
4.2821
4.715784
4.9326262
4.2821
4.715784
3.3041847
4.936878
4.0610065
3.1936376
3.4104798
3.954711
4.3926473
4.826331
3.299933
4.2821
3.6273217
3.844164
3.844164
3.848416
4.2821
3.954711
3.414732
3.954711
3.737869
4.1758046
3.737869
4.3926473
3.1936376
3.848416
3.4104798
3.737869
4.4989424
3.848416
4.6094894
3.1936376
3.3041847
3.5210268
3.1936376
4.065258
3.954711
5.3705626
4.2778482
3.7336173
4.4946904
4.605237
4.3883953
5.2600155
4.065258
5.5874047
4.9326262
4.605237
4.171553
4.605237
3.844164
4.4989424
4.8220797
4.4989424
4.3883953
5.0431733
4.171553
3.737869
4.9326262
3.737869
3.5167751
4.605237
4.715784
4.171553
4.4989424
3.954711
3.737869
3.954711
4.171553
3.4104798
3.6273217
4.171553
4.171553
3.844164
4.715784
4.8220797
4.605237
4.9326262
3.954711
4.171553
4.4989424
3.6273217
3.5210268
3.1936376
4.826331
3.1936376
3.3041847
3.5210268
4.065258
3.5210268
3.954711
4.065258
3.5210268
2.9767957
2.9767957
2.7599535
2.9767957
4.1758046
3.1936376
3.5210268
2.9767957
3.848416
3.4104798
3.737869
3.9589627
3.1936376
3.737869
3.1936376
3.737869
3.4104798
3.954711
3.5210268
4.826331
2.8662488
4.171553
4.3926473
3.5210268
4.2821
4.065258
3.737869
4.3883953
3.954711
2.8662488
3.848416
3.5210268
3.631574
3.4104798
3.5210268
3.844164
4.065258
3.5210268
4.065258
3.5210268
4.171553
4.2821
3.6273217
3.6273217
3.737869
4.715784
3.844164
4.171553
3.737869
3.4104798
3.848416
3.737869
3.0830908
3.0830908
3.4104798
3.0830908
3.737869
3.1936376
3.737869
4.1758046
3.848416
3.3041847
2.7599535
3.737869
3.1936376
3.5210268
3.5210268
3.737869
3.0873425
2.6494067
3.5210268
2.8705006
3.5210268
3.737869
4.065258
3.1936376
3.5210268
2.9767957
3.1936376
2.8662488
2.6494067
3.631574
3.4104798
3.737869
3.5210268
2.7599535
3.848416
3.3041847
2.9767957
3.1936376
2.9767957
3.3041847
3.3041847
3.5210268
3.5210268
2.9767957
3.3041847
2.9767957
4.065258
3.1936376
3.0830908
3.844164
2.9767957
3.5210268
3.0830908
3.1936376
3.1936376
3.737869
3.0830908
3.1936376
3.737869
4.065258
3.4104798
3.954711
3.5210268
3.1936376
3.5210268
3.1936376
3.3041847
2.9767957
3.954711
3.5210268
3.3041847
2.4368165
2.3262694
1.8925852
2.2199743
1.7820382
2.9767957
1.8925852
2.8705006
2.7599535
2.3262694
2.4368165
2.8705006
2.8705006
1.8925852
2.2157223
2.7599535
2.3220174
2.4325645
3.3041847
2.9767957
2.6536584
2.9767957
3.5210268
2.4325645
3.0873425
3.1936376
2.4325645
3.1936376
2.7599535
2.9767957
2.7599535
2.5431116
3.3041847
2.5431116
3.631574
2.3262694
3.5210268
3.3041847
2.6494067
2.4325645
3.1936376
3.5210268
2.9767957
2.6494067
2.9767957
3.0830908
3.299933
3.0830908
3.4104798
3.4104798
3.5210268
3.0830908
3.4104798
3.4104798
3.844164
2.8662488
3.3041847
2.8662488
3.737869
3.3041847
2.9767957
3.1936376
3.1936376
3.954711
3.5210268
2.6494067
3.737869
3.0873425
2.9767957
2.7599535
3.3041847
2.8705006
3.5210268
3.299933
3.0830908
3.3041847
3.0873425
3.3041847
3.0873425
3.414732
3.3041847
2.7599535
3.3041847
2.4325645
3.5210268
3.1936376
3.6273217
3.6273217
4.171553
3.844164
3.0830908
3.954711
3.737869
3.0830908
3.0830908
3.737869
4.3883953
3.844164
3.5167751
3.844164
4.0610065
4.7115326
5.1452165
4.928375
4.7115326
4.7115326
4.3841434
5.1452165
5.4726057
5.251512
6.123132
6.012585
5.468354
5.251512
4.6009855
5.4726057
5.90629
5.251512
6.339974
5.578901
5.1452165
5.3620586
4.3841434
5.689448
5.689448
5.4726057
5.689448
5.4726057
4.3841434
4.4946904
4.3841434
4.8220797
4.928375
4.7115326
5.2557635
5.0346694
5.578901
5.795743
5.0346694
5.689448
4.4946904
4.6009855
4.7115326
5.0346694
5.3620586
6.123132
6.012585
6.4462695
6.4462695
6.2294273
5.6851964
5.795743
6.123132
6.2336793
5.3620586
6.450521
6.123132
5.6851964
6.123132
6.7736583
6.4462695
5.902038
5.251512
6.339974
5.578901
6.012585
6.012585
5.578901
5.3620586
4.7115326
5.4726057
4.8178277
5.6851964
6.339974
6.123132
5.90629
5.90629
5.795743
6.012585
5.140965
5.468354
6.012585
5.3620586
5.6851964
6.556816
6.2294273
5.468354
5.795743
5.251512
5.1452165
5.799995
4.3841434
5.038922
5.799995
5.1452165
5.2557635
4.9326262
4.4946904
3.7336173
3.299933
3.954711
4.3883953
3.4104798
3.954711
3.6273217
3.4104798
3.954711
3.6273217
4.3883953
4.3883953
4.4946904
4.0610065
3.299933
3.406228
4.171553
3.7336173
5.1494684
3.9504592
4.167301
5.583153
4.8178277
5.3620586
4.3841434
5.799995
4.4946904
4.605237
3.7336173
4.167301
3.844164
4.7115326
4.2778482
4.9326262
4.0610065
3.9504592
4.2778482
4.7115326
4.9326262
4.056754
4.3841434
4.3841434
4.928375
4.167301
4.715784
4.0610065
4.3883953
4.0610065
4.0610065
3.844164
4.605237
4.2778482
3.7336173
3.5167751
3.5210268
3.954711
3.0830908
4.171553
3.4104798
3.4104798
3.6273217
3.6273217
4.4989424
3.844164
4.171553
4.3883953
3.4104798
4.2821
3.299933
4.171553
4.9326262
4.0610065
4.605237
4.0610065
4.0610065
3.0830908
4.3883953
4.8220797
4.7115326
5.2557635
4.605237
3.299933
4.0610065
3.6273217
3.299933
4.3883953
3.9504592
4.605237
5.2557635
5.799995
4.7115326
5.038922
5.583153
4.3883953
4.7115326
5.0346694
6.123132
6.556816
5.3620586
5.578901
6.339974
5.795743
5.90629
5.578901
5.1452165
5.2557635
5.2557635
4.4946904
5.3620586
4.056754
5.9105415
4.928375
5.038922
5.038922
4.2778482
5.583153
5.2557635
5.1452165
5.2557635
5.1494684
4.9326262
4.928375
3.954711
5.3663106
4.7115326
4.2778482
4.8220797
4.0610065
3.5167751
3.406228
3.6273217
4.4989424
4.2778482
3.7336173
4.3883953
4.3883953
3.6273217
4.8220797
3.844164
3.844164
4.171553
4.0610065
5.799995
5.3620586
6.016837
5.689448
5.3620586
6.667363
5.251512
5.90629
6.667363
5.251512
5.689448
6.2336793
5.689448
5.3620586
5.2557635
5.2557635
5.038922
6.016837
4.3841434
4.928375
4.4946904
4.7115326
4.928375
4.8220797
3.844164
4.715784
4.3883953
4.605237
4.8220797
5.689448
5.1452165
4.928375
4.7115326
4.2778482
4.171553
3.6273217
4.2821
3.844164
3.737869
3.4104798
3.7336173
3.0830908
3.6273217
3.5210268
3.4104798
3.5210268
3.5210268
3.0873425
3.3041847
3.5210268
3.5210268
3.4104798
3.1936376
3.6273217
3.954711
4.2821
4.2821
4.1758046
3.737869
3.4104798
3.6273217
3.737869
3.5210268
3.299933
3.6273217
4.4989424
3.954711
4.3883953
5.1537204
3.954711
3.954711
3.954711
3.6273217
4.715784
4.8220797
5.583153
5.90629
6.2336793
5.251512
5.90629
6.450521
6.016837
6.667363
6.9947524
6.561068
5.3620586
4.928375
4.928375
5.2557635
5.038922
4.8220797
4.8220797
4.605237
5.583153
4.2778482
4.9326262
4.7115326
5.038922
6.0210886
4.2821
5.1494684
5.1494684
4.3883953
5.2557635
5.3705626
4.0610065
4.171553
5.0431733
4.2821
4.2821
3.631574
4.6094894
3.3041847
3.1936376
3.4104798
3.848416
3.1936376
3.5210268
4.1758046
3.848416
3.6273217
3.4104798
4.605237
4.3883953
4.3883953
5.6937
4.4989424
4.605237
4.8220797
4.715784
4.2778482
5.3663106
4.0610065
5.038922
5.4768577
4.0610065
4.4989424
4.0610065
4.3883953
4.2821
5.2557635
4.2778482
4.0610065
3.844164
3.848416
3.1936376
4.3883953
3.954711
4.3883953
3.844164
4.9326262
4.3883953
4.2778482
3.9504592
4.8220797
3.5167751
4.0610065
4.605237
4.4946904
4.928375
5.4726057
4.6009855
5.038922
4.2778482
3.9504592
4.3883953
3.844164
3.6273217
4.715784
4.171553
4.171553
3.844164
4.715784
3.3041847
3.5210268
3.631574
4.3926473
3.737869
3.5210268
3.737869
4.3926473
3.3041847
4.3926473
3.7421207
3.3041847
3.737869
2.9767957
3.4104798
4.1758046
3.3041847
3.737869
3.0830908
3.1936376
3.1936376
3.954711
4.4946904
4.8220797
5.2557635
5.3663106
5.1494684
3.7336173
4.9326262
4.2778482
4.2778482
4.9326262
5.583153
4.928375
5.90629
4.8178277
5.3620586
5.0346694
5.799995
4.8178277
5.4726057
6.016837
5.4726057
5.0346694
5.689448
5.251512
6.450521
5.0346694
6.123132
5.1452165
5.3620586
6.2336793
4.928375
5.3663106
5.2557635
5.583153
6.1273837
4.3841434
5.799995
5.038922
5.2557635
4.8220797
5.1494684
5.038922
4.2778482
4.605237
5.3663106
4.7115326
4.4946904
5.799995
6.123132
6.450521
6.016837
5.3620586
5.3620586
5.4726057
5.0346694
5.0346694
4.6009855
6.450521
5.90629
4.928375
4.2778482
4.3841434
5.038922
4.605237
4.2778482
4.605237
5.2557635
4.605237
4.167301
4.928375
5.4726057
5.90629
5.90629
6.77791
6.2294273
6.339974
6.4462695
6.9905005
6.9905005
7.4241843
6.8799534
6.663111
7.5347314
6.9905005
7.4241843
7.313638
7.313638
8.074712
7.6410265
7.857869
8.2915535
7.747322
8.725238
8.074712
8.181006
8.508395
9.052627
8.835785
8.508395
8.4021
7.857869
7.7515736
7.4241843
8.295805
7.207342
7.9684157
7.4241843
7.207342
7.207342
7.5347314
6.2294273
7.317889
7.317889
7.207342
7.096796
7.5347314
7.317889
7.7515736
6.663111
6.7736583
7.207342
6.7736583
7.4241843
6.8799534
7.5347314
7.313638
7.9684157
7.9684157
8.185258
7.096796
7.313638
7.313638
7.207342
7.6410265
7.857869
7.5304804
6.5525646
7.207342
7.9684157
7.7515736
7.9684157
7.6410265
8.074712
7.857869
8.074712
8.618942
8.4021
8.074712
7.857869
7.857869
7.9684157
8.074712
8.729489
7.9641643
7.6410265
7.9641643
9.056878
8.185258
8.078962
7.7515736
7.7515736
7.207342
8.512647
7.207342
7.207342
8.623194
8.406352
7.4241843
8.074712
7.857869
7.9684157
8.185258
7.9684157
7.6410265
7.4241843
7.9684157
8.4021
8.946331
7.747322
9.052627
9.052627
9.163173
8.512647
8.078962
7.317889
7.9684157
7.5347314
7.9684157
7.6410265
7.6410265
7.7515736
8.840036
7.7515736
8.295805
7.5347314
6.8799534
6.9905005
7.8621206
7.8621206
7.9684157
7.857869
8.078962
7.207342
7.6410265
7.4241843
7.317889
7.207342
6.9905005
7.317889
6.663111
7.317889
7.1010475
7.207342
7.207342
6.9905005
7.6410265
7.8621206
8.406352
7.4241843
8.295805
7.6452785
7.7515736
7.5347314
7.1010475
8.189509
7.5347314
7.5347314
8.189509
7.1010475
7.538984
7.2115946
6.671615
5.9105415
6.3442264
5.689448
6.1273837
5.6937
5.3663106
6.3442264
5.9105415
6.561068
6.9947524
6.3442264
6.561068
6.123132
6.77791
7.7558255
7.3221416
7.649531
6.8842053
6.7736583
6.7736583
7.9726677
7.317889
7.5347314
7.5347314
7.7558255
7.6452785
6.667363
6.667363
7.1010475
7.3221416
7.2115946
6.77791
6.450521
6.2336793
6.016837
5.689448
5.90629
5.90629
7.1052995
6.450521
5.583153
6.77791
6.3442264
5.578901
5.2557635
6.561068
6.016837
6.2336793
4.928375
5.689448
5.583153
5.3620586
5.3663106
5.2557635
5.3663106
6.1273837
5.9105415
5.90629
6.2336793
6.77791
5.90629
6.77791
6.016837
6.016837
5.583153
6.016837
5.4726057
6.3442264
5.2557635
5.038922
4.8220797
4.9326262
4.9326262
5.1494684
3.954711
5.2600155
4.4989424
4.605237
4.4946904
5.9105415
4.9326262
5.3663106
3.9504592
4.9326262
5.90629
4.6009855
6.1273837
5.4726057
6.016837
5.3663106
4.7115326
4.8220797
4.7115326
4.605237
5.6937
5.90629
5.4726057
5.3620586
5.795743
4.7115326
5.038922
4.8220797
4.9326262
4.826331
4.0610065
4.4989424
5.1494684
4.9326262
4.715784
5.583153
4.9326262
4.171553
4.171553
4.2778482
4.8220797
4.7115326
5.6937
5.2600155
4.8220797
4.8220797
6.1316357
5.2557635
5.2557635
5.583153
5.583153
4.9326262
3.5210268
2.7599535
2.8705006
3.3084364
3.414732
3.631574
3.5210268
3.3041847
3.5210268
4.2821
3.848416
3.631574
2.9767957
3.3041847
3.414732
3.3041847
4.065258
3.4104798
4.3883953
4.4989424
3.844164
4.171553
4.2821
3.3041847
3.3041847
3.3041847
3.1936376
3.737869
3.1936376
3.6273217
3.6273217
2.6494067
4.171553
3.737869
4.6094894
3.737869
3.5210268
3.6273217
4.171553
3.954711
3.5210268
3.5210268
4.605237
4.171553
4.715784
3.844164
3.4104798
4.2821
3.844164
4.0610065
4.3883953
4.171553
4.2778482
4.9326262
5.1494684
4.3841434
4.605237
5.6937
4.4946904
5.1494684
4.9326262
4.8220797
4.8220797
4.605237
4.4946904
5.90629
6.1273837
6.016837
4.167301
4.3883953
4.9326262
5.1494684
5.1494684
5.1494684
4.9326262
4.171553
3.6273217
2.9767957
3.737869
4.1758046
3.3041847
3.5210268
3.0873425
3.6273217
3.6273217
3.6273217
4.4989424
4.4989424
3.189386
3.7336173
5.038922
4.3883953
4.7115326
4.928375
4.8178277
5.2557635
4.2778482
5.583153
6.3442264
4.8220797
5.799995
5.4726057
4.7115326
4.3841434
4.928375
5.1494684
4.605237
3.7336173
4.928375
5.799995
4.6009855
5.795743
6.123132
4.924123
5.689448
5.689448
5.1452165
5.689448
5.689448
5.795743
6.667363
6.2294273
6.556816
5.795743
5.1452165
5.795743
6.123132
6.2294273
6.663111
6.663111
6.663111
6.4462695
6.7736583
6.339974
7.2115946
6.123132
6.2294273
5.902038
6.7736583
6.663111
5.795743
6.4462695
5.6851964
5.6851964
6.339974
6.2336793
5.799995
4.8178277
4.928375
6.123132
5.3620586
5.90629
6.556816
6.012585
6.339974
5.3620586
5.4726057
5.583153
5.0346694
6.667363
5.689448
5.795743
6.2336793
6.667363
5.578901
5.3620586
6.2336793
6.2336793
6.016837
5.689448
5.799995
5.4726057
5.1452165
4.928375
5.795743
5.795743
5.3620586
4.928375
5.038922
4.928375
4.605237
5.4768577
3.954711
4.3883953
4.2778482
4.2778482
4.8220797
4.7115326
5.038922
4.8220797
4.171553
3.737869
3.5210268
3.4104798
3.4104798
3.1936376
3.954711
3.848416
3.1936376
4.171553
3.0830908
3.3041847
3.6273217
2.9767957
3.1936376
3.299933
3.5210268
4.2821
2.5388596
3.1936376
3.844164
3.6273217
4.3883953
3.844164
3.6273217
3.4104798
3.0830908
2.6494067
3.5167751
4.171553
4.0610065
4.715784
4.605237
3.954711
4.2821
4.4989424
3.6273217
2.9767957
3.4104798
3.0830908
3.4104798
3.737869
3.6273217
3.0830908
3.6273217
3.5210268
3.3041847
3.5210268
3.0830908
3.1936376
3.737869
4.065258
3.6273217
2.9767957
3.631574
3.631574
3.737869
3.1936376
3.1936376
3.848416
3.954711
4.4989424
4.2821
3.299933
4.6094894
3.3041847
3.3041847
2.9767957
4.2821
3.737869
3.3041847
3.1936376
3.954711
3.1936376
3.5210268
3.3041847
3.414732
3.631574
3.5210268
2.4325645
3.737869
3.4104798
3.5210268
3.1936376
3.4104798
3.737869
3.9589627
3.5210268
3.848416
2.8662488
3.5210268
3.737869
2.9767957
3.5210268
3.299933
2.8662488
3.6273217
2.6494067
3.0830908
3.4104798
3.737869
3.1936376
3.4104798
2.9767957
3.737869
3.6273217
3.5210268
3.954711
3.1936376
3.4104798
3.4104798
3.954711
3.299933
3.6273217
3.737869
3.737869
4.171553
3.1936376
3.5210268
3.1936376
3.0830908
3.3041847
3.954711
3.4104798
2.6494067
3.0830908
3.5210268
3.6273217
2.9767957
3.737869
3.1936376
2.9767957
3.848416
2.6536584
3.3041847
3.5210268
2.8705006
2.9767957
4.065258
3.5210268
4.065258
3.848416
3.4104798
3.844164
3.737869
3.4104798
3.299933
3.848416
3.737869
3.6273217
3.5210268
3.0830908
3.954711
3.7336173
3.4104798
3.4104798
3.1936376
3.848416
2.9767957
3.737869
2.9767957
2.5388596
3.299933
4.171553
4.605237
4.605237
4.605237
4.2778482
5.038922
5.583153
5.799995
4.7115326
6.123132
5.689448
5.3620586
5.90629
5.578901
6.123132
6.667363
6.667363
5.578901
6.556816
6.012585
6.667363
5.795743
5.4726057
4.928375
5.689448
5.689448
6.450521
5.1452165
5.1452165
4.4946904
4.7115326
5.3663106
4.2778482
3.5167751
4.8220797
3.6273217
4.8220797
4.9326262
3.5167751
4.8220797
3.954711
4.065258
3.737869
3.1936376
2.9767957
3.5210268
2.9767957
3.954711
4.2821
4.605237
3.844164
3.5167751
3.844164
4.0610065
4.0610065
3.844164
3.844164
3.954711
3.7336173
4.2778482
4.8220797
4.056754
6.2336793
5.689448
5.0346694
6.339974
5.3620586
6.123132
5.1452165
5.4726057
5.3620586
5.578901
5.90629
5.795743
5.795743
5.795743
5.90629
5.1452165
5.689448
4.8178277
6.556816
5.90629
6.012585
6.556816
6.012585
6.123132
5.578901
6.016837
5.1452165
4.167301
5.038922
3.7336173
3.5167751
3.5167751
3.299933
4.171553
3.299933
4.065258
3.954711
3.1936376
3.737869
3.1936376
3.0873425
2.9767957
3.4104798
3.3041847
3.5210268
3.4104798
3.4104798
2.8662488
3.954711
3.299933
3.844164
4.0610065
3.299933
3.737869
3.5210268
4.065258
4.2821
3.844164
4.3883953
4.167301
4.0610065
4.0610065
4.605237
3.844164
3.299933
3.9504592
4.3883953
3.844164
3.4104798
3.0830908
2.9767957
2.8662488
3.844164
3.299933
4.0610065
4.2778482
4.2778482
4.9326262
3.844164
4.171553
3.844164
3.954711
4.3883953
3.299933
3.4104798
4.605237
4.2778482
4.171553
4.3883953
3.844164
4.3883953
3.4104798
3.1936376
3.3041847
3.737869
2.7599535
3.5210268
3.4104798
3.737869
3.631574
2.6536584
2.8705006
2.6536584
2.4368165
2.1136792
2.003132
2.003132
1.2420589
2.6536584
2.2199743
2.9810476
1.9988803
2.8705006
2.1094272
3.1978896
1.6757431
2.4368165
2.9810476
1.7820382
2.5431116
3.5210268
2.7599535
3.1936376
3.3041847
2.9767957
2.9767957
3.0873425
2.9767957
3.3041847
3.4104798
4.065258
3.0873425
3.954711
3.4104798
3.631574
3.4104798
3.3041847
2.9767957
3.3041847
2.8662488
2.9767957
3.414732
3.631574
2.9767957
2.9767957
3.5210268
2.5431116
3.0873425
2.5431116
2.6536584
3.1936376
2.9767957
3.0873425
3.0873425
2.4325645
2.1094272
3.3041847
3.0873425
3.414732
2.8705006
2.8705006
2.1094272
2.2199743
3.3084364
2.330521
2.4368165
1.4589009
1.4589009
1.6757431
2.4368165
2.2199743
1.896837
1.896837
1.4631528
0.8083746
1.4631528
1.7905419
1.7905419
0.59153247
1.7862899
1.2420589
0.59153247
2.2199743
1.2420589
1.3526058
0.59153247
1.0252168
1.3526058
2.224226
1.1357636
1.0252168
1.1315118
1.7862899
2.003132
2.6536584
2.9810476
2.7642052
2.2199743
1.348354
2.7642052
2.4368165
2.6536584
2.4368165
3.3041847
2.7599535
2.2157223
3.631574
2.3262694
2.3262694
2.3262694
1.6757431
1.8925852
2.5473633
2.6536584
2.9810476
2.8705006
2.5431116
1.7820382
2.5431116
2.4368165
3.0873425
2.3262694
2.6536584
3.0915945
1.8925852
2.7642052
1.7820382
2.2199743
2.7642052
2.9810476
3.1978896
2.6536584
2.7599535
3.1978896
2.3262694
2.2199743
1.8925852
1.6757431
2.1094272
2.8705006
3.0873425
2.5431116
2.5431116
2.7599535
3.3041847
2.7599535
2.7599535
2.8705006
2.4368165
2.8705006
2.1094272
2.7599535
3.0873425
2.9767957
3.5210268
2.7599535
2.9767957
2.9767957
3.737869
3.1936376
3.4104798
3.6273217
3.1936376
2.2157223
3.4104798
3.1936376
2.9767957
3.844164
3.4104798
3.3041847
3.3041847
3.4104798
2.8662488
2.8662488
3.1936376
3.0830908
3.737869
3.737869
4.715784
4.0610065
3.299933
4.605237
4.2821
3.7336173
4.715784
4.605237
3.6273217
4.4946904
4.9326262
4.3883953
5.1494684
4.4946904
4.0610065
4.4989424
3.6273217
4.3883953
4.3883953
3.954711
4.715784
3.4104798
4.715784
4.0610065
4.2778482
4.2778482
4.2778482
4.928375
4.7115326
4.2778482
5.799995
4.928375
4.4946904
5.038922
4.6009855
5.1452165
4.928375
6.556816
5.795743
6.4462695
6.450521
5.90629
5.90629
4.928375
5.2557635
4.928375
5.689448
5.4726057
5.578901
5.0346694
5.3620586
6.123132
6.2336793
5.3620586
5.2557635
4.6009855
4.3841434
5.2557635
5.578901
5.583153
5.578901
5.2557635
4.6009855
5.4726057
6.454773
5.038922
5.583153
4.167301
5.4726057
4.8220797
4.928375
5.4726057
4.4946904
4.7115326
5.583153
5.1494684
5.1494684
4.9326262
4.605237
4.3883953
4.605237
4.928375
5.689448
6.016837
5.795743
5.795743
6.556816
6.556816
6.012585
6.2336793
5.4726057
5.1452165
5.689448
6.339974
6.012585
6.012585
6.7736583
5.795743
5.3620586
5.90629
6.450521
5.578901
4.8178277
5.90629
5.90629
5.2557635
4.928375
5.038922
4.2778482
5.1452165
5.1452165
4.7115326
5.1494684
4.4946904
4.4946904
4.3883953
5.3663106
4.167301
3.737869
3.954711
3.6273217
3.844164
4.0610065
5.1494684
3.844164
4.9326262
4.2778482
4.605237
3.6273217
4.715784
4.715784
4.6094894
3.954711
4.171553
4.826331
3.5210268
3.5210268
3.1936376
3.1936376
3.4104798
3.5210268
3.737869
3.5210268
4.3926473
3.4104798
3.848416
2.8662488
3.0873425
3.5210268
4.1758046
4.2821
3.3041847
4.1758046
3.4104798
3.737869
4.3926473
3.737869
4.4989424
5.0431733
4.3883953
5.038922
4.605237
4.4989424
5.0431733
4.9326262
4.715784
5.0431733
4.171553
4.8220797
4.605237
5.038922
4.2778482
4.3883953
4.2821
3.954711
3.6273217
4.065258
3.954711
3.5210268
4.4989424
3.6273217
4.3883953
5.3663106
5.2600155
4.065258
3.4104798
3.4104798
3.848416
3.848416
3.3041847
3.1936376
3.631574
3.4104798
3.6273217
4.3926473
3.737869
4.065258
3.848416
2.9767957
4.3926473
3.631574
4.3926473
3.3041847
3.1936376
3.737869
3.6273217
4.065258
3.954711
3.848416
4.3926473
4.065258
4.3926473
3.848416
4.065258
3.954711
5.1537204
4.715784
3.6273217
5.2600155
3.737869
4.715784
3.954711
4.2821
4.9326262
3.299933
4.605237
4.2821
5.0431733
5.3663106
5.3663106
5.1494684
5.3663106
4.7115326
4.171553
4.605237
4.8220797
5.038922
4.3883953
5.1494684
5.2557635
5.3663106
6.016837
5.0346694
5.795743
5.689448
5.578901
6.123132
6.9947524
6.012585
6.77791
6.123132
5.3620586
6.2336793
6.556816
6.667363
6.9905005
5.795743
6.77791
6.8842053
6.123132
6.3442264
6.2336793
5.689448
6.77791
7.2115946
6.2336793
7.2115946
6.339974
6.667363
6.339974
6.9947524
6.9947524
5.4726057
7.2115946
6.450521
6.450521
6.8842053
7.2115946
6.450521
6.2336793
6.123132
7.4284363
6.556816
6.339974
6.556816
7.1052995
6.2336793
5.3620586
7.2115946
7.4284363
6.4462695
7.1010475
7.317889
6.8842053
7.317889
6.7736583
6.339974
7.4284363
7.207342
7.2115946
7.317889
6.9905005
7.5347314
6.8799534
6.4462695
7.4241843
7.317889
6.1188803
7.6452785
6.2294273
7.317889
7.1010475
6.7736583
7.4284363
6.9905005
7.2115946
6.7736583
7.317889
6.339974
6.556816
5.689448
6.667363
7.1010475
6.667363
7.5347314
7.2115946
7.1010475
7.4284363
6.667363
6.556816
7.2115946
6.8842053
6.77791
5.799995
6.2336793
7.3221416
6.2336793
5.4726057
6.77791
6.561068
6.016837
5.9105415
6.016837
6.8884573
5.578901
6.77791
5.578901
5.689448
6.2336793
5.90629
5.038922
6.561068
5.2557635
6.016837
6.016837
5.1452165
6.123132
6.450521
6.123132
6.123132
6.667363
5.90629
5.90629
5.3620586
5.2557635
5.3620586
6.123132
6.556816
6.2294273
6.9947524
6.4462695
6.4462695
6.2294273
6.012585
6.77791
6.123132
6.450521
5.578901
6.561068
5.251512
5.795743
6.123132
6.8842053
5.578901
5.795743
5.795743
6.123132
6.016837
5.4726057
6.2336793
6.561068
5.4726057
6.77791
6.016837
5.583153
5.689448
4.7115326
5.4726057
6.8884573
5.2557635
6.016837
5.1494684
4.7115326
5.799995
6.1273837
5.1452165
6.016837
5.689448
6.016837
5.795743
6.561068
5.90629
5.689448
5.689448
5.578901
6.016837
5.689448
7.1052995
5.689448
5.90629
5.578901
5.795743
6.450521
6.7736583
6.7736583
6.123132
6.339974
6.123132
6.123132
6.450521
6.123132
5.795743
6.8842053
6.450521
6.123132
6.339974
6.339974
5.578901
6.016837
5.689448
6.2336793
5.3620586
5.3620586
6.9947524
6.012585
5.6851964
6.012585
6.8842053
6.123132
7.2115946
6.667363
6.123132
6.450521
4.8178277
5.2557635
6.671615
5.9105415
4.8220797
5.038922
5.1494684
4.2778482
5.0431733
4.4989424
4.2821
3.6273217
4.4989424
3.737869
3.5210268
3.1936376
3.5210268
3.737869
3.6273217
4.171553
4.715784
3.844164
4.4946904
4.8220797
4.715784
3.954711
4.715784
4.171553
3.6273217
4.0610065
4.0610065
4.4946904
4.8220797
4.4946904
4.7115326
4.0610065
4.8220797
3.844164
4.4989424
4.8220797
3.9504592
5.2557635
5.1452165
4.3841434
5.2557635
4.3883953
4.605237
4.0610065
4.605237
4.171553
3.4104798
3.4104798
3.737869
3.6273217
4.4989424
3.5210268
3.299933
3.6273217
3.4104798
4.3926473
3.737869
4.065258
3.4104798
3.5210268
3.848416
3.1936376
3.5210268
4.2821
3.954711
4.065258
3.954711
3.631574
3.5210268
3.631574
3.737869
4.3926473
4.065258
3.737869
3.737869
3.954711
3.737869
4.720036
3.0873425
3.4104798
3.5210268
4.2821
4.2821
4.3883953
4.605237
3.4104798
3.954711
4.605237
4.2778482
4.605237
5.038922
4.171553
5.038922
4.0610065
3.7336173
5.4768577
4.8220797
4.2778482
4.7115326
5.038922
4.4946904
4.8220797
4.4946904
4.8220797
3.844164
4.3883953
4.0610065
5.038922
4.3841434
4.8220797
5.1452165
5.689448
5.4726057
6.012585
6.450521
5.90629
6.339974
5.1452165
6.123132
5.3620586
6.012585
6.667363
5.3620586
6.123132
5.4726057
4.928375
5.689448
5.578901
5.4726057
5.1452165
6.016837
4.7115326
4.605237
4.3883953
4.4946904
4.8220797
4.2778482
5.038922
5.583153
4.928375
5.2557635
5.1494684
5.583153
5.4726057
5.3620586
6.561068
6.123132
6.667363
6.123132
5.251512
6.556816
4.5967336
6.339974
5.689448
6.2336793
6.012585
6.667363
6.012585
6.339974
6.1188803
7.4241843
7.6452785
7.317889
7.1010475
6.123132
6.667363
6.2294273
6.339974
7.1010475
7.2115946
5.6851964
6.7736583
6.9905005
6.339974
7.8621206
7.5347314
6.7736583
6.9905005
5.6851964
6.663111
6.4462695
6.663111
6.4462695
7.4284363
6.7736583
6.9905005
6.556816
6.556816
6.9905005
6.663111
6.4462695
6.556816
6.4462695
6.9905005
7.1010475
6.339974
7.1010475
5.795743
6.012585
6.450521
5.90629
6.339974
6.123132
6.450521
6.339974
5.578901
5.689448
5.795743
6.8842053
5.795743
6.339974
6.012585
7.1010475
6.8842053
6.339974
6.667363
6.339974
5.689448
6.9947524
5.468354
5.902038
6.663111
6.8842053
6.7736583
6.556816
6.667363
6.339974
6.450521
5.795743
7.1010475
6.2294273
6.9905005
6.4462695
7.4241843
6.8799534
7.207342
6.4462695
6.012585
7.1010475
6.4462695
5.90629
6.667363
6.123132
6.339974
6.8842053
6.556816
6.8842053
6.556816
5.689448
6.123132
5.795743
6.123132
6.2336793
6.3442264
5.038922
6.2336793
6.2336793
6.339974
5.3620586
6.016837
5.3620586
5.583153
5.6937
4.167301
5.1494684
5.6937
4.4946904
5.799995
5.90629
6.012585
6.8842053
7.1010475
6.77791
6.77791
6.556816
5.251512
6.339974
6.9905005
6.2294273
7.207342
6.3357224
7.7515736
6.7736583
6.7736583
6.339974
6.339974
5.6851964
6.339974
6.556816
5.902038
6.012585
6.7736583
6.4462695
6.8842053
6.9905005
5.902038
6.556816
6.2294273
5.468354
6.123132
5.795743
5.578901
5.1452165
5.90629
5.1452165
6.012585
5.0346694
6.2294273
5.578901
5.90629
5.4726057
5.689448
4.8178277
5.689448
5.2557635
5.1452165
5.4726057
5.689448
4.7115326
4.8220797
4.4946904
4.171553
4.171553
4.2821
3.6273217
3.6273217
4.3926473
3.737869
3.737869
2.9767957
4.2821
4.2821
3.5210268
4.3926473
3.0873425
3.954711
3.848416
3.4104798
3.1936376
2.9767957
3.4104798
4.3926473
4.065258
3.954711
2.972544
3.6273217
3.0830908
3.737869
3.737869
2.5431116
3.848416
3.4104798
3.3041847
3.4104798
4.1758046
4.065258
3.954711
4.065258
3.6273217
3.3041847
3.3041847
3.5210268
3.737869
3.737869
3.737869
3.737869
3.4104798
3.5210268
4.065258
2.9767957
3.5210268
3.1936376
3.737869
2.9767957
3.1936376
3.5210268
3.1936376
3.5210268
4.1758046
3.631574
3.0873425
3.414732
2.2199743
2.9810476
2.9810476
2.4368165
3.0915945
2.8747523
2.003132
2.5473633
1.7862899
1.2420589
1.5694479
1.5694479
1.4589009
1.5694479
2.2199743
2.65791
1.4589009
1.7862899
2.1094272
1.4589009
1.6757431
2.9810476
1.8925852
1.8925852
2.2199743
2.7642052
2.7642052
2.6536584
3.1978896
2.6536584
2.4368165
1.565196
2.1094272
2.3262694
1.6757431
2.3262694
2.7642052
2.1094272
2.6536584
2.7599535
1.8925852
2.4368165
2.7642052
3.1978896
2.9810476
2.4368165
3.1978896
2.4325645
2.6536584
3.3041847
2.3262694
2.5431116
2.5431116
2.9767957
3.631574
2.9767957
3.5210268
3.631574
3.4104798
3.0873425
1.7820382
1.8925852
3.0873425
2.8705006
2.003132
2.2199743
2.003132
1.6757431
2.5473633
1.3526058
1.0252168
1.0252168
0.8083746
1.4631528
0.8083746
0.7020795
0.8083746
1.7862899
1.6799948
2.003132
1.565196
1.4589009
2.1136792
2.003132
2.1094272
1.565196
3.3041847
2.6536584
3.3041847
2.4325645
3.3041847
3.0873425
3.414732
3.737869
2.6494067
3.3041847
2.4325645
3.1936376
2.5431116
3.414732
3.848416
2.9767957
2.7599535
3.4104798
3.4104798
3.5210268
2.6494067
3.4104798
3.5210268
4.065258
3.1936376
3.844164
3.4104798
3.954711
3.1936376
3.1936376
3.6273217
2.9767957
3.4104798
3.4104798
2.6494067
2.8662488
3.1936376
3.737869
4.2821
3.6273217
3.6273217
3.954711
3.0830908
3.954711
4.715784
3.954711
3.1936376
3.848416
3.844164
3.848416
3.737869
3.6273217
3.737869
3.6273217
3.1936376
2.7599535
2.7599535
3.9589627
2.4325645
3.5210268
3.1978896
3.414732
3.1936376
2.8662488
2.9767957
3.3041847
2.7599535
2.9767957
2.3220174
3.1936376
3.3041847
3.4104798
2.9767957
2.9767957
2.9767957
3.737869
2.7599535
2.6494067
3.3041847
3.5210268
3.4104798
3.6273217
3.4104798
3.954711
3.954711
4.2821
3.737869
3.954711
3.9504592
3.7336173
4.4946904
5.038922
5.038922
4.3841434
5.1452165
5.038922
4.0610065
4.8220797
5.038922
4.928375
5.799995
5.038922
4.928375
4.928375
5.1494684
5.3663106
4.3883953
4.8220797
4.2778482
4.0610065
3.4104798
3.9504592
4.2821
3.844164
4.171553
3.4104798
3.5210268
3.5210268
4.171553
4.171553
3.4104798
3.299933
3.954711
3.954711
4.171553
4.3883953
3.6273217
3.9504592
4.167301
4.8220797
5.1494684
4.0610065
5.038922
4.605237
4.2778482
3.9504592
5.1494684
5.1494684
4.605237
4.4946904
4.7115326
4.2778482
4.8220797
4.4946904
3.7336173
4.4946904
4.7115326
4.8220797
4.2778482
5.3663106
4.0610065
4.9326262
4.605237
5.1494684
3.9504592
3.9504592
5.2557635
4.7115326
4.4946904
3.7336173
4.4946904
3.62307
5.038922
4.8220797
4.2778482
4.7115326
5.799995
4.928375
5.2557635
4.928375
4.928375
4.7115326
5.2557635
5.689448
6.450521
5.1452165
5.1452165
5.689448
4.4946904
4.8220797
4.171553
4.9326262
4.605237
5.4726057
4.7115326
4.605237
5.799995
4.3841434
5.689448
5.1452165
6.2336793
5.799995
4.7115326
6.2336793
5.3620586
6.8842053
6.450521
5.90629
5.90629
5.689448
5.795743
5.90629
6.2336793
5.689448
5.90629
5.689448
5.1452165
6.123132
5.1452165
5.038922
5.799995
5.038922
5.1494684
5.799995
5.038922
5.4726057
4.3883953
4.3883953
3.5167751
3.299933
4.2778482
4.8220797
5.6937
4.8220797
4.605237
4.4989424
3.844164
4.3883953
5.1537204
4.2778482
4.715784
4.605237
4.0610065
4.9326262
4.605237
3.6273217
4.3926473
3.9589627
3.737869
4.171553
3.5210268
3.848416
3.5210268
3.631574
3.737869
3.737869
3.848416
3.954711
3.5167751
4.3883953
4.826331
4.3883953
4.2821
3.844164
4.4989424
3.737869
3.844164
4.3883953
3.844164
3.7336173
3.844164
4.826331
4.605237
3.737869
4.0610065
4.3883953
5.1494684
4.2778482
4.2778482
4.8220797
4.0610065
3.9504592
4.715784
5.1494684
4.605237
4.8220797
3.6273217
4.715784
4.2821
4.4989424
3.4104798
4.171553
3.737869
3.954711
3.737869
3.4104798
3.9589627
3.737869
4.715784
3.3041847
4.826331
3.954711
4.2778482
4.605237
4.2778482
4.171553
4.9326262
3.954711
5.5874047
4.715784
4.2821
3.5210268
4.503194
3.848416
4.2821
4.065258
3.954711
4.720036
3.3041847
3.631574
2.8705006
3.414732
3.414732
3.0873425
3.737869
3.631574
3.9589627
4.065258
4.503194
3.6273217
4.6094894
4.171553
4.6094894
4.8220797
4.9326262
5.1494684
4.605237
4.8220797
5.4726057
5.6937
5.038922
4.7115326
5.804247
4.3883953
4.8220797
5.1494684
5.038922
5.038922
5.038922
4.8220797
5.1494684
5.038922
4.2778482
5.799995
5.4726057
5.6937
5.1452165
5.799995
5.90629
6.016837
6.8884573
6.016837
6.123132
6.016837
6.339974
7.1052995
6.8842053
5.578901
6.556816
6.450521
6.2294273
6.9947524
6.556816
6.450521
7.3221416
6.450521
6.450521
7.7558255
7.9726677
7.2115946
7.6452785
7.317889
6.7736583
6.667363
6.667363
6.450521
6.77791
6.450521
5.799995
6.77791
6.123132
6.8884573
5.90629
6.8884573
6.450521
6.2336793
6.556816
7.4284363
7.317889
7.7515736
7.8621206
7.9726677
7.207342
7.5347314
7.5347314
7.317889
7.5347314
6.663111
7.317889
7.207342
7.207342
7.4241843
7.7515736
6.9905005
7.6452785
6.8842053
6.556816
7.7515736
8.078962
7.5347314
7.7515736
8.946331
7.857869
7.6410265
8.4021
8.618942
8.512647
9.163173
8.946331
8.835785
8.618942
8.946331
7.6410265
7.5304804
8.4021
8.185258
7.6410265
7.747322
8.078962
7.4241843
8.295805
8.295805
7.7515736
7.4241843
7.7515736
7.7515736
7.7515736
8.078962
8.406352
7.5347314
7.317889
7.207342
7.4241843
7.5347314
7.4241843
7.5347314
7.7515736
7.857869
8.074712
8.295805
6.9905005
8.078962
8.295805
6.663111
7.4241843
8.623194
7.857869
7.9684157
7.6410265
7.6410265
7.9684157
8.295805
7.8621206
7.5347314
8.623194
7.9684157
7.7515736
7.4241843
6.769407
7.9684157
7.8621206
7.096796
6.9905005
7.7515736
6.9905005
7.207342
6.4462695
6.7736583
6.123132
6.7736583
6.7736583
6.9905005
6.7736583
6.556816
6.663111
6.3357224
8.078962
7.6452785
6.556816
7.5347314
7.1010475
6.7736583
7.317889
7.317889
7.7515736
7.207342
7.1010475
6.667363
6.1273837
5.4726057
5.799995
5.3620586
6.016837
6.450521
6.2336793
6.561068
6.3442264
6.1273837
6.2336793
6.016837
5.3663106
5.689448
6.2336793
6.1273837
5.4726057
6.3442264
6.3442264
5.578901
5.90629
6.667363
6.561068
5.689448
5.578901
6.339974
6.77791
6.016837
5.578901
6.123132
5.689448
5.4726057
6.450521
5.689448
6.667363
5.578901
5.689448
6.339974
5.578901
6.450521
6.8842053
7.2115946
6.667363
6.77791
5.578901
6.123132
6.667363
5.90629
6.556816
6.339974
6.339974
5.90629
6.450521
6.123132
6.237931
5.1494684
5.3663106
5.3663106
5.3663106
4.605237
4.928375
4.8220797
4.9326262
5.3663106
5.6937
4.8220797
4.4946904
5.5874047
5.4768577
5.583153
4.6009855
5.2557635
5.2557635
4.7115326
5.2557635
5.4726057
6.3442264
6.016837
5.799995
5.9105415
5.583153
5.2557635
5.038922
5.2557635
6.454773
5.4726057
5.795743
5.689448
5.3620586
6.450521
6.123132
5.1452165
5.578901
5.90629
6.123132
6.450521
6.556816
6.556816
5.90629
5.689448
5.2557635
5.3620586
5.90629
6.2336793
5.4726057
5.3620586
5.795743
5.795743
6.667363
6.7736583
6.9947524
6.339974
5.795743
7.317889
6.9947524
6.7736583
7.317889
6.8799534
6.339974
6.339974
6.339974
6.450521
6.450521
7.2115946
6.77791
6.77791
5.583153
5.1494684
6.1273837
5.3663106
5.5874047
4.2821
4.171553
4.715784
4.826331
3.5167751
4.715784
4.171553
4.2821
4.171553
5.2600155
4.171553
3.5167751
4.2778482
4.715784
4.605237
3.954711
4.2821
4.720036
3.954711
4.4989424
3.954711
3.737869
3.954711
4.826331
2.8662488
3.737869
4.1758046
2.8705006
3.737869
3.631574
3.3041847
3.4104798
3.5210268
3.737869
3.5210268
3.1936376
3.1936376
3.737869
3.1936376
3.737869
3.4104798
3.954711
3.954711
3.954711
3.6273217
4.2821
4.171553
3.5210268
4.4989424
3.6273217
3.631574
2.8662488
3.5210268
3.3041847
2.9767957
3.1936376
3.0873425
2.6494067
3.848416
3.5210268
3.737869
3.5210268
2.7599535
2.3262694
2.6536584
2.5431116
2.8705006
2.3262694
3.631574
3.0873425
3.3041847
3.1978896
2.5431116
2.5431116
2.9810476
2.7642052
2.9810476
2.1094272
2.8705006
3.3041847
3.0873425
3.1936376
2.5431116
3.1936376
3.5210268
3.0873425
3.3041847
3.3041847
3.414732
2.1094272
4.503194
3.414732
3.1936376
3.1936376
3.1936376
3.5210268
2.8705006
2.5431116
3.631574
3.0873425
3.5210268
4.065258
3.954711
3.954711
3.4104798
4.2778482
4.3883953
4.2778482
4.605237
4.605237
5.3663106
4.8220797
4.8220797
4.605237
4.2778482
4.605237
4.605237
4.2778482
4.605237
5.1494684
4.9326262
4.3883953
4.715784
5.3663106
4.3883953
4.171553
3.6273217
4.715784
4.605237
5.1494684
4.4946904
5.1494684
5.4726057
5.799995
5.038922
4.167301
4.8178277
4.928375
4.928375
5.578901
5.795743
6.8842053
6.012585
6.4462695
6.8842053
6.2294273
6.2294273
6.663111
6.8799534
6.7736583
6.9905005
6.1188803
6.3357224
8.078962
6.4462695
6.4462695
6.556816
5.90629
6.012585
5.795743
6.2294273
5.902038
6.9905005
6.2294273
6.339974
6.339974
5.578901
5.1452165
4.7115326
5.578901
5.795743
5.357807
5.795743
6.012585
5.795743
6.012585
5.3620586
6.123132
6.123132
6.123132
5.6851964
5.90629
6.123132
5.795743
5.795743
5.4726057
4.6009855
5.038922
4.4946904
5.038922
5.3620586
4.928375
4.3841434
5.4768577
4.2778482
4.4946904
4.605237
4.7115326
5.038922
5.4726057
4.928375
4.928375
5.689448
6.123132
5.251512
4.7072806
4.7115326
4.7115326
5.799995
5.1452165
5.4726057
5.1452165
5.4726057
4.7115326
4.928375
5.2557635
4.2778482
4.928375
5.2557635
4.8220797
4.0610065
4.715784
4.0610065
4.826331
4.2778482
4.2778482
4.7115326
4.4946904
4.928375
3.5167751
4.2778482
4.171553
3.737869
2.9767957
3.4104798
3.954711
4.171553
3.4104798
4.2821
3.6273217
4.2821
3.1936376
4.2821
3.737869
3.5210268
2.8662488
3.5210268
3.3041847
2.9767957
3.4104798
2.6494067
3.631574
3.6273217
2.7599535
2.8705006
2.5431116
3.0873425
3.414732
3.5252786
3.3041847
2.3262694
2.7599535
2.7599535
3.0873425
3.6273217
3.631574
4.065258
3.3041847
3.4104798
3.0830908
3.6273217
3.737869
3.954711
3.4104798
3.844164
3.6273217
4.0610065
3.6273217
3.299933
3.0830908
3.4104798
4.065258
4.065258
4.171553
3.299933
3.6273217
3.1936376
3.299933
4.2821
3.737869
2.8662488
3.4104798
3.5210268
3.5210268
3.4104798
2.8662488
3.1936376
3.6273217
4.065258
3.4104798
3.954711
3.954711
3.737869
3.0830908
4.171553
2.972544
3.1936376
3.954711
4.6094894
3.848416
3.5210268
3.5210268
3.737869
4.2821
3.954711
3.737869
3.3041847
2.9767957
3.848416
3.631574
3.414732
3.5210268
3.0830908
3.0873425
3.5210268
4.4989424
4.0610065
4.3883953
4.715784
4.0610065
3.954711
3.954711
3.7336173
4.928375
5.038922
4.167301
4.0610065
3.9504592
5.3663106
4.2778482
4.167301
4.2778482
4.2778482
4.8220797
4.8220797
5.1452165
5.689448
4.8178277
6.2336793
6.339974
5.90629
4.928375
4.490439
5.4726057
4.167301
4.167301
5.2557635
5.799995
5.3663106
5.038922
5.3620586
5.583153
5.689448
5.4726057
5.0346694
5.799995
4.8220797
4.6009855
4.3841434
4.7115326
4.7115326
4.3841434
5.3663106
4.2778482
4.3841434
4.4946904
4.8220797
4.715784
4.8220797
5.4768577
3.844164
4.0610065
4.2821
3.954711
4.3883953
4.2821
3.5167751
4.605237
4.715784
3.844164
5.038922
4.9326262
5.038922
5.3663106
4.7115326
5.3620586
5.1452165
5.3620586
5.4726057
5.0346694
5.2557635
5.689448
5.1452165
4.8178277
5.1452165
5.1452165
5.3620586
5.578901
6.123132
5.251512
5.795743
6.556816
6.9947524
5.689448
5.3620586
6.450521
5.578901
6.123132
6.667363
6.012585
6.012585
5.791491
6.7736583
5.6851964
6.012585
6.4462695
6.663111
7.1010475
6.556816
6.1188803
6.123132
6.556816
6.339974
6.7736583
6.556816
6.667363
5.795743
6.339974
5.468354
5.3620586
5.4726057
5.689448
5.3620586
5.4726057
5.3620586
4.928375
5.038922
4.928375
4.715784
5.2557635
3.844164
4.0610065
4.0610065
3.6273217
4.3883953
4.605237
3.954711
3.6273217
4.4946904
4.2778482
4.0610065
4.4946904
5.2557635
5.2557635
4.0610065
3.844164
4.0610065
4.0610065
4.171553
5.038922
5.3663106
4.928375
4.928375
4.2778482
3.9504592
5.038922
4.7115326
4.605237
4.3883953
4.715784
4.4946904
5.038922
3.7336173
4.605237
4.2778482
4.0610065
3.7336173
4.3883953
3.844164
3.6273217
3.844164
4.065258
3.5210268
3.631574
4.1758046
3.5210268
3.954711
4.2821
3.1936376
3.954711
3.737869
4.826331
4.1758046
3.954711
3.414732
2.7599535
3.0873425
3.0873425
3.848416
3.0873425
2.7599535
3.848416
3.848416
3.0873425
2.3262694
2.5431116
2.9810476
2.6536584
2.003132
2.3262694
3.1978896
2.4368165
2.6536584
2.4368165
2.2199743
2.6536584
3.414732
2.2199743
2.6536584
2.4368165
2.2199743
2.2199743
3.0873425
2.5431116
3.414732
2.5431116
2.3262694
2.9767957
3.414732
2.7599535
3.5210268
3.848416
3.7421207
2.6494067
3.1936376
3.0830908
3.631574
2.7599535
2.7599535
3.848416
3.737869
3.1936376
3.954711
3.5210268
3.4104798
3.631574
3.1936376
3.5210268
3.1936376
3.848416
4.3926473
4.1758046
3.3041847
2.9767957
3.737869
4.1758046
3.631574
3.737869
3.1978896
3.0873425
4.503194
3.631574
4.1758046
2.7599535
2.7599535
2.8705006
3.848416
3.9589627
3.9589627
4.3926473
3.848416
4.2821
3.3041847
4.2821
4.826331
3.954711
4.715784
5.038922
5.1494684
5.689448
5.4726057
5.2557635
5.2557635
6.3442264
5.038922
5.583153
5.583153
5.689448
5.583153
5.799995
5.799995
5.2557635
5.2557635
6.561068
6.2336793
6.450521
5.0346694
5.4726057
6.9947524
6.016837
5.90629
6.339974
5.578901
6.8842053
6.556816
6.4462695
7.207342
7.207342
7.317889
6.556816
6.012585
6.012585
6.667363
6.8842053
7.1010475
6.450521
6.8842053
6.7736583
6.667363
6.8842053
7.1010475
6.339974
7.4284363
6.556816
7.1010475
7.5347314
6.7736583
7.1010475
7.317889
6.8842053
7.9726677
7.1010475
7.317889
7.4241843
6.9905005
7.4284363
6.556816
7.8621206
6.556816
6.9905005
7.6452785
7.5347314
7.317889
6.8799534
8.950583
6.9905005
8.189509
7.7515736
7.317889
6.9905005
8.623194
7.4241843
7.4241843
8.078962
8.946331
7.9684157
8.074712
9.167425
8.295805
7.9684157
7.5347314
9.163173
8.729489
8.185258
7.857869
8.512647
8.2915535
8.2915535
8.185258
8.729489
7.5347314
7.7515736
7.313638
6.8799534
8.623194
8.512647
6.769407
7.6410265
7.6410265
9.163173
8.840036
7.9684157
7.9684157
7.7515736
7.8621206
7.7515736
6.9905005
7.207342
7.317889
6.556816
6.7736583
6.8842053
6.8842053
6.2336793
5.3620586
6.3442264
6.1273837
5.2557635
5.689448
5.583153
5.3620586
6.9947524
6.77791
6.77791
7.538984
6.561068
5.2557635
6.561068
6.561068
5.90629
6.2336793
5.578901
5.4726057
5.799995
5.90629
5.2557635
5.799995
6.2336793
5.90629
6.1273837
4.8220797
6.1273837
4.605237
5.6937
5.4726057
5.583153
5.578901
6.2336793
6.450521
5.4726057
6.123132
6.2336793
7.1052995
6.561068
6.9947524
6.339974
7.4326887
6.556816
7.3221416
7.7558255
6.450521
6.77791
6.9947524
6.450521
6.123132
6.9947524
7.7558255
6.450521
5.799995
6.3442264
6.1273837
6.1273837
5.799995
5.1494684
4.826331
4.2821
4.826331
5.1537204
3.954711
3.848416
4.065258
4.065258
4.1758046
4.2821
4.3926473
3.737869
4.2821
4.2821
3.5210268
5.1537204
4.2821
3.954711
4.6094894
4.4989424
3.6273217
4.826331
3.954711
4.2821
4.6094894
3.954711
4.065258
4.2821
4.065258
3.5210268
3.5210268
3.5210268
4.065258
4.171553
4.8220797
4.4989424
4.826331
5.2600155
4.0610065
5.5874047
4.715784
4.715784
4.4989424
5.3705626
4.720036
4.171553
4.3883953
4.3883953
4.9326262
5.1494684
5.1494684
5.1494684
5.2600155
5.5874047
4.171553
4.2821
4.2821
3.954711
3.848416
3.954711
3.848416
3.1936376
4.3926473
3.9589627
4.2863517
3.0873425
3.631574
2.8705006
3.631574
4.065258
4.065258
4.3926473
4.3926473
3.3041847
4.6094894
4.065258
4.720036
4.065258
4.715784
4.3926473
3.5210268
4.936878
4.6094894
4.826331
5.0431733
3.1936376
3.954711
3.848416
3.1936376
4.065258
4.2821
4.065258
4.065258
4.065258
3.848416
3.5210268
3.5210268
3.1936376
2.9767957
3.6273217
3.4104798
3.6273217
3.5210268
4.3883953
4.3883953
4.171553
4.715784
4.3883953
4.8220797
4.8220797
5.2557635
4.928375
5.1452165
6.3442264
5.799995
6.561068
5.3620586
6.2336793
4.928375
5.799995
4.8178277
4.605237
4.171553
4.065258
3.5210268
3.5210268
3.3041847
3.1936376
4.1758046
4.065258
3.954711
4.6094894
3.954711
3.3041847
3.631574
3.848416
3.5210268
3.1936376
3.3041847
3.299933
3.4104798
3.954711
3.4104798
4.3883953
4.4989424
3.737869
3.737869
3.737869
3.0873425
3.737869
3.954711
4.1758046
3.4104798
4.9326262
4.2821
3.954711
4.715784
2.8662488
3.737869
4.826331
3.4104798
3.844164
3.844164
4.4946904
4.3883953
5.3663106
3.844164
4.0610065
4.928375
4.7115326
5.1494684
4.9326262
4.0610065
4.167301
4.167301
4.8220797
4.7115326
4.8220797
4.928375
4.7115326
5.583153
4.3841434
4.7115326
5.2557635
5.4726057
5.4726057
5.4726057
6.016837
5.4726057
4.9326262
5.038922
3.7336173
4.3883953
3.737869
3.737869
2.9767957
3.0830908
3.1936376
3.5210268
3.737869
3.5210268
2.9767957
4.1758046
3.5210268
2.6494067
2.6494067
2.7599535
3.737869
3.5210268
3.737869
3.1936376
2.8662488
3.4104798
3.5210268
2.8662488
2.8662488
3.5210268
2.6494067
3.0873425
3.5210268
2.7599535
3.1936376
2.9767957
3.954711
3.4104798
3.1936376
3.1936376
3.5210268
2.7599535
3.1936376
3.1936376
3.4104798
4.065258
3.299933
3.954711
3.1936376
2.9767957
3.954711
4.065258
3.5210268
4.0610065
2.8662488
3.299933
3.6273217
3.954711
5.038922
3.5167751
3.844164
3.299933
2.8662488
2.6494067
2.2157223
2.2157223
2.3262694
3.414732
2.6536584
2.5431116
2.8705006
2.8705006
2.8705006
2.1094272
2.1094272
2.5431116
2.6536584
3.0873425
2.2157223
2.1094272
3.3041847
2.7599535
2.5431116
2.8705006
2.2157223
3.5210268
3.3041847
3.5210268
3.848416
2.7599535
3.0873425
3.5210268
2.5431116
3.5210268
2.4325645
3.3041847
3.1936376
3.0830908
3.0830908
4.065258
3.1936376
2.9767957
2.6494067
3.954711
3.1936376
2.9767957
2.6494067
2.7599535
3.5210268
3.737869
2.9767957
2.9767957
3.299933
3.1936376
2.9767957
2.8662488
3.5210268
2.9767957
3.0830908
3.6273217
4.715784
4.0610065
4.3841434
4.0610065
4.2778482
3.6273217
4.3883953
3.4104798
3.6273217
2.8662488
3.4104798
2.8662488
3.5210268
2.6494067
3.4104798
4.2821
3.0830908
3.631574
2.6494067
2.6494067
3.3041847
2.8662488
3.6273217
3.737869
3.6273217
3.848416
3.4104798
3.737869
3.6273217
4.0610065
3.299933
3.9504592
4.9326262
4.2778482
4.4946904
3.954711
4.171553
4.3883953
3.0830908
4.0610065
3.9504592
4.2778482
4.7115326
3.9504592
4.8220797
4.2778482
4.2778482
5.2557635
4.7115326
4.928375
4.8220797
4.056754
5.3620586
5.2557635
4.8178277
5.4726057
5.689448
4.4946904
5.689448
5.689448
4.8178277
6.2294273
6.556816
6.012585
6.1188803
6.012585
5.6851964
5.795743
5.1452165
5.3620586
5.1452165
5.1452165
5.4726057
4.928375
4.8220797
4.0610065
3.954711
4.3883953
3.5167751
4.8220797
4.8220797
4.3883953
3.7336173
4.605237
4.605237
3.7336173
3.4104798
4.3883953
4.8220797
5.583153
5.1452165
5.1452165
4.4946904
4.2778482
4.605237
4.605237
4.3883953
4.8220797
4.8220797
4.8220797
4.6009855
4.056754
4.7115326
4.7115326
5.3620586
4.8178277
5.3620586
5.3620586
4.928375
5.1452165
5.1452165
5.1452165
5.689448
6.1273837
5.1452165
4.6009855
4.6009855
5.1452165
5.2557635
5.1452165
4.6009855
5.689448
5.90629
6.012585
6.012585
5.902038
6.663111
6.3357224
7.317889
6.2294273
7.1010475
6.7736583
5.795743
6.123132
5.0346694
5.4726057
5.3620586
5.2557635
5.4726057
4.928375
4.928375
5.3663106
4.715784
3.5167751
4.8220797
3.7336173
4.605237
4.2778482
5.3663106
5.1494684
5.3663106
4.4946904
4.4946904
4.4946904
5.038922
4.4946904
4.2778482
4.3883953
3.7336173
4.0610065
4.0610065
4.7115326
4.605237
5.3663106
4.4946904
4.167301
5.1494684
4.4946904
4.2778482
5.038922
3.9504592
4.7115326
4.167301
5.583153
4.7115326
5.799995
4.3883953
4.605237
5.1494684
4.2778482
4.715784
4.6094894
4.0610065
4.0610065
4.2778482
4.3883953
5.2557635
4.2778482
4.2778482
4.3883953
5.4768577
5.2557635
4.928375
5.799995
5.90629
5.689448
6.123132
5.0346694
6.450521
5.2557635
5.799995
4.4946904
4.3883953
5.0431733
3.6273217
4.715784
4.826331
4.3883953
5.2600155
3.5167751
4.9326262
3.9504592
4.4989424
4.3883953
4.4989424
5.2600155
5.1494684
5.1494684
5.5874047
4.8220797
4.3883953
4.3883953
4.715784
4.8220797
5.038922
5.2557635
5.6937
5.583153
4.4946904
5.6937
5.3663106
4.0610065
5.804247
5.038922
4.8220797
5.583153
5.1494684
5.4726057
6.016837
6.671615
5.4768577
6.016837
5.6937
5.9105415
6.3442264
6.016837
6.2336793
6.123132
6.123132
6.8842053
6.667363
6.2336793
5.799995
5.689448
5.689448
6.016837
6.561068
6.450521
6.016837
6.9947524
6.561068
7.1052995
6.8884573
6.561068
7.1052995
6.3442264
6.016837
5.799995
5.1452165
5.799995
6.671615
6.016837
6.454773
6.1273837
5.3663106
5.3663106
6.1273837
6.0210886
4.605237
6.1273837
6.0210886
5.9105415
5.4768577
6.561068
6.450521
6.450521
6.450521
6.339974
6.9947524
6.8842053
7.1010475
6.123132
6.667363
6.556816
7.2115946
7.2115946
7.4284363
7.4284363
6.2336793
5.1452165
6.3442264
6.016837
6.9947524
6.3442264
5.689448
7.1052995
5.4726057
6.1273837
5.3663106
5.583153
5.1452165
5.1452165
6.2336793
5.90629
7.2115946
6.9947524
6.123132
6.8884573
5.90629
5.799995
5.038922
6.2336793
6.2336793
6.016837
6.016837
6.9990044
5.4726057
6.8884573
6.454773
5.4726057
6.1273837
5.2557635
5.583153
5.038922
5.804247
5.6979513
4.2821
4.503194
4.720036
4.3926473
5.1537204
4.715784
4.6094894
4.2821
4.2821
4.065258
4.830583
4.1758046
3.631574
4.1758046
4.4989424
5.0431733
4.715784
4.715784
5.2600155
4.171553
5.1494684
4.826331
4.605237
4.9326262
5.2600155
5.5874047
4.9326262
5.6937
5.1494684
5.3663106
6.0210886
6.1316357
4.9326262
6.1273837
6.0210886
6.1273837
6.561068
6.237931
5.799995
5.799995
6.2336793
6.8842053
6.667363
6.8884573
7.1052995
6.77791
6.561068
7.3221416
7.538984
7.4284363
6.8842053
6.450521
6.8842053
6.450521
6.667363
7.1052995
6.016837
5.90629
6.671615
5.90629
6.3442264
5.4726057
5.3663106
6.3442264
6.1273837
5.9105415
5.1494684
5.1494684
5.3663106
4.8220797
6.671615
5.583153
6.123132
5.4726057
6.123132
6.3442264
5.4726057
5.583153
5.6937
5.9105415
5.038922
5.583153
4.8220797
4.7115326
5.799995
5.1494684
4.9326262
5.9105415
4.3883953
5.6937
5.799995
5.6937
4.605237
5.6937
4.8220797
5.799995
6.016837
5.799995
5.799995
6.561068
5.799995
6.3442264
5.799995
5.799995
5.038922
5.689448
5.90629
6.556816
6.9905005
7.9726677
7.1010475
6.339974
6.339974
6.77791
6.450521
6.8842053
6.667363
6.7736583
6.9905005
7.317889
8.406352
7.1010475
6.9947524
6.016837
6.671615
5.9105415
5.583153
5.583153
5.038922
5.2600155
5.2600155
4.715784
5.0431733
3.954711
5.2600155
4.4989424
5.0431733
4.171553
4.9326262
5.1494684
4.9326262
5.583153
5.2557635
4.8220797
5.038922
5.9105415
5.3620586
5.799995
4.928375
5.799995
5.578901
6.2336793
5.689448
6.2336793
5.3620586
4.928375
5.1452165
4.2778482
4.7115326
5.038922
5.1452165
5.689448
6.123132
6.123132
5.795743
5.3620586
6.450521
4.7072806
5.578901
5.90629
5.689448
5.2557635
5.90629
6.450521
5.1452165
5.3620586
5.1452165
6.561068
5.4726057
6.012585
5.1452165
6.8842053
6.123132
5.90629
5.3620586
5.1494684
5.3663106
5.2557635
5.583153
5.3663106
5.038922
6.016837
5.038922
4.7115326
4.3883953
4.605237
5.1494684
4.8220797
4.2778482
5.2557635
6.016837
5.799995
6.3442264
6.016837
5.1452165
4.7115326
4.928375
5.2557635
5.3620586
5.90629
4.8178277
5.1452165
6.339974
5.90629
5.0346694
5.578901
6.012585
6.556816
6.2336793
5.4726057
6.123132
5.0346694
5.90629
5.251512
5.795743
5.795743
6.012585
6.2294273
6.012585
5.578901
5.795743
5.468354
5.578901
5.0346694
6.339974
5.578901
6.2294273
5.578901
5.3620586
6.012585
6.123132
5.90629
5.90629
5.90629
6.016837
5.795743
5.3620586
5.4726057
5.1452165
5.3620586
5.4726057
5.2557635
4.2778482
5.038922
5.038922
4.8220797
4.605237
4.4989424
3.954711
3.6273217
3.6273217
3.6273217
3.737869
3.5210268
4.0610065
3.954711
4.9326262
3.4104798
3.737869
3.6273217
4.0610065
4.2778482
4.0610065
4.8220797
5.2557635
4.2778482
5.2557635
4.167301
4.167301
4.167301
4.7115326
4.8220797
4.4946904
4.928375
5.3620586
5.1452165
5.3620586
4.8178277
4.8178277
4.928375
3.8399122
4.7115326
5.038922
3.9504592
3.7336173
4.4946904
3.844164
4.715784
3.5167751
4.2778482
3.5167751
4.171553
4.167301
4.4946904
4.7115326
4.4946904
3.7336173
4.8220797
4.3883953
3.5167751
4.605237
5.4726057
5.3663106
5.038922
4.8220797
4.2778482
4.0610065
4.2778482
3.4104798
4.9326262
4.605237
3.737869
3.7336173
3.737869
3.737869
3.6273217
3.5210268
3.1936376
2.9767957
4.4989424
4.3883953
4.4946904
5.038922
4.167301
4.2778482
4.167301
4.8220797
3.9504592
4.4946904
4.2778482
3.7336173
4.0610065
3.9504592
3.9504592
3.6273217
3.7336173
3.7336173
3.844164
3.7336173
4.0610065
3.6273217
4.715784
3.7336173
3.9504592
4.928375
3.9504592
4.7115326
4.3841434
4.4946904
3.8399122
5.1452165
4.3841434
4.7115326
4.928375
5.2557635
4.7115326
5.795743
5.1452165
5.578901
5.0346694
5.90629
6.012585
5.468354
5.4726057
5.3620586
4.7115326
5.4726057
5.583153
4.928375
5.038922
6.2336793
5.2557635
5.4726057
4.928375
4.167301
4.605237
4.2778482
3.9504592
4.928375
5.038922
5.038922
5.4726057
4.928375
5.689448
4.2735963
4.3841434
5.3620586
4.6009855
4.7115326
4.167301
5.1452165
5.0346694
4.7072806
6.123132
6.012585
5.90629
5.140965
5.6851964
6.012585
6.667363
5.468354
6.123132
5.251512
6.4462695
6.663111
6.1188803
6.1188803
6.9905005
6.1188803
6.8799534
6.8799534
5.574649
6.4462695
6.4462695
5.902038
6.8799534
6.9905005
6.8799534
6.1188803
6.663111
6.5525646
6.008333
7.207342
6.9905005
5.902038
6.9905005
6.1188803
7.207342
7.7515736
7.4241843
6.5525646
7.096796
6.8799534
7.4241843
6.769407
7.4241843
7.207342
7.207342
6.2294273
6.663111
6.663111
6.7736583
7.317889
6.9905005
6.3357224
6.012585
6.4462695
6.7736583
5.6851964
5.578901
6.012585
6.012585
6.4462695
6.4462695
6.663111
6.8799534
6.2251754
6.9905005
7.317889
7.313638
7.207342
7.4241843
7.4241843
7.096796
6.008333
7.313638
7.6410265
7.6410265
6.5525646
6.986249
7.096796
6.769407
6.769407
6.556816
6.4462695
6.123132
6.123132
5.90629
6.339974
5.795743
6.123132
6.2294273
4.8178277
5.0346694
5.578901
5.1452165
5.468354
5.251512
5.251512
6.339974
6.123132
5.795743
5.468354
4.4946904
5.2557635
5.3663106
3.844164
3.6273217
3.7336173
3.7336173
3.4104798
4.0610065
3.4104798
3.1936376
2.9767957
3.6273217
3.5210268
3.6273217
4.3883953
3.299933
4.3883953
3.6273217
3.844164
4.0610065
3.7336173
4.3883953
3.7336173
3.9504592
3.9504592
3.7336173
3.299933
3.6273217
3.6273217
2.972544
4.171553
3.299933
4.2778482
3.954711
3.4104798
3.6273217
3.954711
4.0610065
4.171553
3.299933
3.299933
3.5167751
3.844164
3.844164
3.5167751
4.4989424
3.299933
3.737869
3.6273217
4.715784
4.171553
4.171553
4.171553
2.972544
3.4104798
3.954711
3.0830908
4.2821
4.4989424
3.954711
3.848416
3.4104798
3.3041847
3.848416
3.5210268
3.5210268
3.4104798
4.065258
3.0830908
3.954711
3.3041847
3.844164
3.1936376
4.065258
3.737869
3.0830908
2.9767957
3.737869
4.065258
3.414732
2.5431116
2.7599535
3.3041847
3.0830908
3.0830908
4.715784
4.0610065
4.167301
4.8220797
4.605237
5.038922
3.9504592
4.605237
3.844164
4.2778482
4.3883953
3.5167751
4.8220797
3.7336173
3.189386
4.0610065
3.4104798
4.171553
3.6273217
4.2821
3.1936376
3.737869
3.5210268
2.9767957
3.0830908
4.1758046
3.0830908
3.954711
3.737869
3.0830908
3.737869
3.3041847
3.5210268
2.2157223
3.4104798
2.4325645
2.7599535
3.848416
2.7599535
3.6273217
2.8662488
2.9767957
3.3041847
3.1936376
3.0873425
3.4104798
2.8705006
2.7599535
3.737869
3.737869
3.5210268
3.3041847
3.1978896
3.414732
2.1094272
2.6536584
2.1094272
1.237807
2.2199743
2.3262694
2.003132
2.1094272
2.1094272
1.6757431
3.414732
2.3262694
2.6536584
2.7599535
3.0873425
3.737869
2.3262694
3.3041847
2.3262694
2.1051755
2.6494067
2.9767957
2.8662488
3.1936376
3.3041847
3.3041847
3.3041847
3.4104798
3.1936376
3.737869
3.848416
2.7599535
3.0830908
3.1936376
3.4104798
3.5210268
3.5210268
2.8662488
3.848416
3.4104798
3.1936376
3.6273217
3.631574
3.737869
2.6494067
3.954711
3.6273217
3.737869
3.5210268
3.1936376
3.1936376
3.631574
3.631574
3.737869
3.631574
2.5431116
2.9767957
3.414732
2.5431116
2.8705006
2.1094272
2.8705006
2.8705006
2.7642052
2.7599535
2.6536584
2.3262694
3.737869
3.414732
3.0873425
3.631574
2.9767957
3.4104798
3.4104798
3.4104798
4.065258
3.1936376
3.4104798
3.737869
3.954711
4.3883953
4.0610065
4.2821
4.605237
4.8220797
3.844164
4.171553
3.954711
3.844164
4.4989424
4.715784
4.171553
4.605237
5.1494684
5.038922
3.9504592
4.7115326
4.715784
4.0610065
4.2778482
4.9326262
3.844164
4.3883953
4.3883953
4.0610065
4.9326262
4.8220797
4.605237
5.583153
4.3883953
5.038922
3.844164
5.4768577
6.0210886
5.3663106
6.016837
6.450521
6.2336793
7.3221416
5.689448
6.561068
5.038922
6.1273837
4.9326262
5.9105415
4.3883953
4.8220797
4.065258
3.954711
4.6094894
3.844164
3.9589627
3.5210268
3.954711
4.065258
3.414732
3.848416
3.9589627
3.737869
3.737869
4.3926473
4.3883953
4.3883953
4.8220797
5.3663106
5.038922
4.928375
5.2557635
4.8220797
5.689448
5.4726057
5.90629
4.7115326
5.689448
4.928375
5.3620586
5.9105415
5.3620586
5.3620586
5.4726057
5.2557635
5.3663106
4.928375
5.2557635
5.1494684
4.7115326
5.038922
4.2778482
4.4946904
4.605237
4.0610065
5.4768577
4.928375
5.4768577
5.9105415
5.2557635
5.689448
5.2557635
6.561068
5.9105415
5.3663106
4.715784
5.804247
5.0431733
4.8220797
3.954711
5.3705626
5.0431733
5.6937
5.0431733
4.8220797
4.605237
5.3705626
5.2600155
4.2821
4.4989424
5.5874047
5.6937
5.6937
5.6937
5.9105415
6.1273837
5.1452165
6.016837
6.016837
5.583153
4.8220797
5.6937
6.016837
5.6937
6.2336793
6.3442264
6.450521
6.2336793
5.90629
5.4726057
6.3442264
5.4726057
6.016837
5.1452165
5.799995
5.689448
6.454773
5.583153
6.450521
6.123132
5.90629
5.583153
6.1273837
4.7115326
5.2557635
5.3663106
4.7115326
5.583153
4.9326262
6.1273837
5.689448
6.2336793
6.77791
5.90629
5.578901
5.1452165
5.689448
5.4726057
6.561068
5.689448
5.799995
6.561068
6.671615
6.77791
5.578901
6.123132
6.77791
5.1452165
6.016837
5.6937
5.038922
5.2600155
6.237931
5.038922
4.605237
5.1494684
4.3883953
4.3883953
4.826331
4.2778482
4.605237
4.9326262
4.605237
5.0431733
5.038922
5.9105415
5.799995
5.689448
6.3442264
5.3620586
6.2336793
5.689448
5.0346694
5.795743
6.2336793
6.9905005
6.8842053
7.5347314
6.9905005
7.7515736
7.9726677
7.5347314
7.4241843
6.7736583
6.012585
6.4462695
6.8842053
6.4462695
7.4241843
6.7736583
6.8842053
7.5347314
7.5347314
7.317889
7.317889
7.1010475
6.2294273
6.9905005
7.9726677
7.6452785
6.8799534
8.295805
7.4241843
6.9905005
8.623194
8.623194
7.207342
7.8621206
6.9905005
7.6452785
6.9905005
7.7515736
7.7515736
8.406352
7.8621206
7.2115946
7.4284363
6.012585
6.2294273
7.1010475
6.016837
7.2115946
7.538984
7.538984
7.6452785
6.8842053
7.6452785
6.339974
6.667363
7.4284363
6.667363
6.556816
7.538984
6.556816
6.667363
6.016837
6.339974
6.8842053
6.012585
7.1010475
7.317889
7.317889
6.7736583
7.5347314
7.7558255
7.317889
6.8842053
6.556816
6.667363
6.556816
7.4284363
7.317889
7.5347314
7.9726677
7.207342
6.663111
6.7736583
6.7736583
7.4284363
6.8842053
6.2336793
5.90629
5.689448
6.2336793
5.689448
6.450521
6.561068
6.450521
6.561068
6.2336793
5.9105415
5.4726057
6.454773
5.2600155
5.4768577
4.4989424
5.2600155
4.2821
4.715784
4.2821
4.4989424
5.264267
3.737869
3.848416
3.3041847
4.1758046
4.2863517
3.737869
4.065258
3.848416
3.848416
4.936878
3.954711
4.936878
3.5210268
2.9767957
3.5210268
3.848416
4.936878
3.5210268
3.6273217
4.4989424
4.8220797
5.6937
4.9326262
4.605237
4.4989424
3.954711
4.1758046
3.5210268
5.0431733
4.6094894
3.6273217
4.826331
4.4989424
3.954711
4.4989424
3.5210268
4.171553
2.9767957
3.848416
3.5210268
3.631574
3.5210268
3.848416
3.848416
4.3926473
4.2821
3.631574
4.3926473
4.065258
4.065258
4.065258
4.936878
4.6094894
4.6094894
4.3926473
3.3041847
2.9767957
3.848416
3.5210268
4.720036
4.065258
4.065258
3.631574
3.848416
4.1758046
3.414732
2.9810476
3.0873425
3.414732
3.9589627
2.6536584
2.8705006
4.3968987
3.848416
3.3084364
3.0873425
3.848416
3.5210268
2.9767957
3.5210268
3.1936376
3.848416
4.065258
4.065258
4.065258
3.737869
4.3883953
3.737869
3.954711
4.4989424
4.171553
4.2821
4.2821
4.171553
3.844164
4.3883953
2.972544
4.3883953
4.715784
3.6273217
3.844164
3.299933
4.715784
4.4989424
3.6273217
4.715784
4.0610065
4.605237
5.038922
4.8220797
5.3663106
4.4946904
4.8220797
5.3663106
5.2557635
4.8220797
5.1494684
5.038922
5.3663106
4.605237
5.4768577
4.9326262
3.954711
3.954711
5.3705626
4.3926473
3.848416
4.6094894
4.171553
3.414732
4.065258
3.848416
3.5210268
3.6273217
3.954711
3.6273217
3.737869
4.715784
5.0431733
4.3883953
4.0610065
4.8220797
5.038922
4.9326262
5.038922
5.1452165
6.2336793
6.123132
5.689448
5.3620586
5.578901
5.1452165
5.578901
5.689448
5.4726057
5.1452165
5.2557635
5.3620586
5.1452165
5.90629
5.2557635
6.2336793
5.90629
5.90629
6.450521
6.556816
6.8842053
5.795743
6.663111
6.4462695
7.207342
7.4241843
6.5525646
7.096796
7.5304804
6.8799534
7.096796
6.8799534
7.6452785
7.7515736
8.074712
7.4241843
7.313638
6.769407
7.5347314
7.5347314
7.317889
6.7736583
7.1010475
6.9905005
7.8621206
6.9905005
6.339974
6.012585
6.556816
7.1010475
6.8842053
6.012585
5.578901
6.556816
5.578901
6.9905005
6.012585
6.2294273
6.9905005
5.902038
6.7736583
6.012585
6.556816
6.7736583
6.339974
6.2294273
7.207342
7.207342
7.1010475
6.8799534
6.012585
6.9905005
7.7515736
7.096796
7.317889
7.096796
7.207342
7.9684157
7.4241843
7.207342
6.9905005
7.8621206
6.9905005
6.1188803
6.663111
7.207342
6.8799534
6.5525646
6.8799534
7.096796
6.9905005
7.317889
6.4462695
5.902038
6.7736583
7.1010475
6.4462695
6.7736583
6.7736583
6.4462695
6.9905005
6.4462695
6.7736583
6.012585
6.2294273
7.1010475
6.2294273
5.251512
6.339974
5.3620586
5.251512
6.123132
5.578901
6.556816
5.3620586
5.689448
4.8178277
4.928375
5.90629
6.2336793
5.578901
5.799995
5.4726057
5.468354
5.3620586
5.1452165
6.123132
5.795743
5.902038
6.012585
5.90629
6.012585
6.339974
5.0346694
5.90629
6.123132
6.123132
5.578901
6.123132
5.251512
5.3620586
4.928375
4.6009855
5.4726057
4.167301
4.3841434
4.8220797
4.605237
3.9504592
5.1494684
4.2778482
3.737869
3.844164
4.3883953
3.6273217
4.3883953
4.9326262
3.7336173
5.038922
3.7336173
5.3663106
4.2778482
4.3841434
4.605237
3.844164
4.171553
3.954711
3.844164
3.6273217
2.9767957
3.1936376
3.1936376
3.3041847
3.3041847
3.4104798
2.6536584
2.4325645
2.2157223
2.3262694
3.3041847
3.848416
3.3041847
2.9767957
3.1936376
3.4104798
3.954711
4.171553
4.605237
4.7115326
4.0610065
4.0610065
5.038922
3.7336173
4.8220797
4.3883953
3.1936376
3.737869
2.7557018
3.0830908
3.6273217
3.954711
4.171553
3.1936376
3.4104798
3.299933
3.954711
3.5210268
3.1936376
4.171553
2.6494067
2.8662488
2.7557018
3.4104798
3.954711
2.5388596
3.4104798
2.6494067
3.4104798
3.737869
3.631574
2.9767957
3.0830908
3.6273217
2.8662488
4.0610065
3.6273217
3.5167751
4.2821
4.0610065
4.171553
3.6273217
4.605237
4.2778482
4.2778482
3.844164
4.2778482
4.167301
3.7336173
5.038922
4.167301
4.0610065
4.3883953
3.4104798
4.3883953
3.299933
3.7336173
4.605237
4.3883953
4.0610065
4.3883953
4.4946904
4.171553
4.171553
4.605237
4.2778482
4.0610065
3.844164
3.5167751
3.299933
3.4104798
4.171553
3.5167751
4.9326262
3.844164
4.167301
4.8220797
5.038922
4.8220797
4.8220797
4.9326262
4.715784
3.6273217
3.737869
3.6273217
3.406228
5.038922
4.4946904
5.2557635
4.9326262
4.605237
4.2778482
3.9504592
3.7336173
4.7115326
4.6009855
5.799995
5.1452165
5.2557635
5.3620586
4.928375
4.6009855
4.3841434
4.928375
4.928375
5.0346694
5.2557635
5.2557635
4.7115326
5.038922
4.3883953
4.2778482
3.844164
3.844164
4.4989424
3.844164
3.844164
4.8220797
4.0610065
4.3883953
3.6273217
5.3663106
4.6009855
5.0346694
5.795743
5.578901
5.578901
6.2336793
5.689448
4.8178277
5.4726057
4.928375
5.90629
5.689448
5.1452165
5.795743
4.6009855
5.1452165
5.799995
5.799995
5.2557635
4.928375
4.7115326
4.167301
5.1452165
5.038922
4.7115326
5.1452165
4.4946904
4.167301
4.605237
4.928375
4.4946904
4.8220797
5.038922
4.605237
3.954711
4.3883953
4.0610065
3.844164
4.8220797
3.9504592
4.7115326
4.2778482
4.928375
4.928375
5.2557635
4.7115326
4.7115326
5.799995
5.578901
5.3620586
5.689448
4.928375
4.4946904
3.9504592
4.2778482
5.038922
4.7115326
5.1452165
5.2557635
5.3620586
6.339974
6.450521
6.123132
6.339974
5.578901
5.4726057
6.339974
6.667363
6.663111
6.012585
6.1188803
5.902038
5.795743
6.4462695
6.012585
6.556816
6.012585
6.4462695
6.663111
6.556816
6.663111
5.902038
6.012585
6.556816
6.012585
6.4462695
6.663111
5.795743
5.6851964
5.0346694
6.012585
6.339974
5.90629
5.578901
5.795743
5.0346694
4.928375
5.2557635
5.038922
3.8399122
5.038922
4.2778482
5.1494684
4.8220797
4.4946904
4.928375
5.038922
5.689448
5.4726057
4.6009855
4.6009855
4.8220797
5.2557635
4.2778482
4.4946904
3.7336173
5.799995
5.038922
4.167301
5.2557635
4.4946904
5.689448
4.167301
5.4726057
5.90629
5.689448
5.90629
5.4726057
6.2336793
5.4726057
6.016837
6.123132
5.1452165
6.339974
6.77791
5.578901
6.012585
5.578901
6.012585
5.90629
5.578901
6.556816
5.251512
6.667363
6.450521
6.123132
6.012585
6.012585
5.90629
5.578901
5.1452165
5.90629
5.251512
5.578901
6.012585
5.0346694
5.4726057
5.3620586
5.689448
4.6009855
5.3620586
6.123132
5.578901
6.667363
5.251512
4.490439
5.0346694
6.2336793
5.1452165
4.928375
5.90629
5.583153
5.4726057
4.2778482
4.605237
3.844164
4.065258
3.5210268
3.737869
3.954711
3.6273217
3.5210268
3.737869
3.848416
3.0873425
3.1978896
3.0873425
2.7599535
2.5431116
2.5431116
2.8705006
2.9767957
2.6494067
3.737869
2.5431116
3.3041847
3.848416
3.848416
2.7599535
2.9767957
3.0873425
4.065258
3.0873425
2.1094272
2.9767957
3.414732
2.3262694
2.5431116
2.1094272
2.9767957
2.9810476
1.9988803
2.6536584
2.9810476
2.3262694
3.1978896
2.7642052
1.7820382
1.8925852
2.3262694
2.8705006
2.8705006
2.1094272
2.7642052
1.7862899
1.6757431
2.1094272
1.7862899
1.6757431
2.8705006
2.9810476
2.8705006
2.8705006
3.3041847
3.1978896
2.7599535
3.414732
2.1094272
2.2199743
3.3084364
2.6536584
1.6757431
1.8925852
3.6358256
2.2199743
2.7642052
2.4368165
3.8526678
2.65791
1.2420589
1.3526058
1.896837
1.5694479
2.0073838
1.7862899
1.1357636
1.7905419
0.9189216
1.896837
2.330521
1.4589009
2.003132
2.7642052
1.6757431
2.3262694
2.5473633
2.1094272
2.4368165
2.1094272
2.6536584
3.1978896
3.3041847
3.3041847
3.5252786
3.848416
3.0873425
3.3041847
3.0873425
2.9767957
3.5210268
3.737869
4.065258
3.6273217
3.954711
4.065258
3.954711
4.171553
4.826331
4.0610065
4.2778482
4.605237
5.038922
5.038922
5.038922
5.1494684
4.6009855
5.1452165
4.4946904
6.016837
6.561068
5.3663106
5.583153
5.799995
5.2557635
5.2557635
4.605237
5.1494684
4.7115326
5.3663106
5.1494684
5.583153
5.3663106
5.583153
5.3663106
5.583153
4.715784
4.8220797
5.4726057
5.583153
5.689448
5.578901
6.9947524
6.450521
6.77791
5.90629
6.339974
6.012585
6.667363
6.556816
6.7736583
7.4241843
7.4241843
7.5347314
7.5347314
6.8799534
7.8621206
7.5347314
7.5347314
7.8621206
7.6410265
7.9684157
7.317889
7.096796
6.8799534
7.4241843
7.9684157
7.207342
7.207342
6.663111
7.5347314
7.4241843
7.7515736
7.096796
7.5304804
7.313638
6.8799534
7.096796
6.5525646
7.7515736
7.7515736
8.185258
7.6410265
8.185258
8.618942
8.618942
8.508395
8.618942
8.181006
7.747322
8.946331
7.5347314
7.5347314
7.7515736
7.5347314
7.4241843
7.7515736
8.185258
7.9684157
8.623194
7.207342
8.078962
7.4241843
7.5347314
7.4241843
7.4241843
8.078962
6.663111
7.4241843
8.729489
7.857869
8.512647
7.5304804
7.9641643
8.4021
8.185258
8.074712
7.096796
8.729489
8.4021
7.747322
8.397848
8.508395
8.181006
9.596858
7.747322
9.596858
8.835785
8.074712
8.508395
8.835785
9.052627
8.725238
8.835785
8.397848
8.618942
9.052627
7.9641643
8.2915535
8.185258
8.074712
8.946331
7.5304804
8.4021
8.074712
7.857869
8.835785
9.27372
8.946331
7.7515736
8.185258
8.4021
8.512647
8.512647
8.406352
8.295805
7.1010475
7.4284363
6.9905005
7.1010475
8.078962
8.078962
6.663111
7.9726677
6.339974
6.339974
6.339974
5.90629
6.450521
6.2336793
6.667363
6.8842053
6.9905005
7.8621206
6.7736583
6.9905005
7.8621206
7.6452785
7.7515736
7.317889
7.317889
7.5347314
6.7736583
6.4462695
7.6410265
7.317889
7.5347314
7.8621206
6.8842053
6.8842053
7.4284363
7.6452785
6.8842053
6.339974
6.8842053
5.795743
6.8842053
5.6851964
6.2294273
6.339974
6.667363
6.012585
6.2336793
6.339974
6.7736583
6.8842053
7.317889
6.663111
5.902038
6.556816
6.8842053
6.9947524
6.556816
6.77791
6.016837
6.016837
5.4726057
6.2336793
5.4726057
6.2336793
6.237931
5.3663106
4.8220797
5.0431733
5.0431733
5.1537204
5.0431733
4.605237
4.715784
3.954711
5.0431733
4.826331
3.737869
4.3926473
4.065258
4.065258
3.954711
4.4989424
4.3883953
4.715784
3.6273217
5.4768577
5.5874047
5.0431733
4.3883953
3.844164
5.2600155
4.171553
4.605237
5.4768577
4.605237
5.4768577
4.605237
5.1494684
5.3663106
5.9105415
4.7115326
5.1494684
5.4768577
5.3663106
5.4768577
4.9326262
4.4946904
4.3883953
3.954711
5.2600155
4.4946904
5.6937
5.4768577
4.605237
4.7115326
4.4946904
4.4946904
5.2557635
5.1452165
6.1273837
5.1494684
5.4726057
5.799995
5.1452165
4.928375
4.4946904
5.799995
6.237931
4.8220797
5.9105415
5.038922
5.038922
4.8220797
5.3663106
5.1494684
4.9326262
4.9326262
5.3705626
4.715784
4.826331
3.6273217
5.2600155
4.826331
3.737869
4.826331
4.4989424
3.6273217
5.0431733
4.4989424
4.171553
3.737869
4.9326262
5.0431733
5.1494684
4.9326262
4.0610065
4.826331
4.3883953
4.0610065
3.954711
5.1494684
4.605237
4.928375
4.8220797
4.4946904
4.715784
4.4989424
4.8220797
3.7336173
4.171553
4.3883953
5.038922
5.1494684
4.4946904
5.038922
5.1494684
5.038922
4.2778482
5.3663106
4.8220797
5.1494684
4.2778482
4.9326262
4.3883953
4.605237
4.3883953
5.1494684
4.9326262
4.605237
5.6979513
3.737869
3.844164
4.4989424
3.5210268
3.848416
2.9767957
3.737869
3.631574
2.5431116
2.7599535
3.0873425
3.0873425
2.7642052
3.631574
3.1978896
3.0873425
3.0873425
2.5431116
3.414732
3.1936376
3.3041847
4.3926473
3.1936376
3.3041847
2.8662488
3.737869
4.065258
4.2821
3.4104798
3.737869
3.3041847
3.0873425
3.5210268
3.5210268
3.737869
3.414732
2.7599535
3.3041847
3.414732
3.3041847
3.631574
3.848416
2.8662488
2.8662488
3.4104798
3.737869
2.8662488
3.737869
3.5210268
3.848416
2.9767957
3.1936376
2.4325645
3.954711
3.737869
3.848416
3.737869
3.1936376
3.848416
3.631574
3.5210268
3.0873425
2.7599535
3.1936376
3.1936376
3.631574
2.6494067
3.737869
3.5210268
3.848416
2.7599535
3.631574
3.848416
3.0873425
3.631574
2.5431116
2.5431116
3.5210268
3.9589627
3.1936376
2.7599535
2.8705006
3.3041847
3.0873425
2.4368165
3.9589627
2.9767957
3.4104798
3.631574
4.065258
3.5210268
4.065258
3.848416
3.737869
4.065258
3.737869
3.737869
4.3883953
5.1494684
4.4946904
4.715784
3.844164
4.9326262
4.9326262
5.038922
5.3663106
4.8220797
4.928375
5.689448
5.2557635
5.2557635
4.605237
3.6273217
4.171553
4.2778482
5.6937
4.167301
4.928375
4.4946904
3.7336173
5.799995
5.2557635
5.583153
4.0610065
5.038922
5.038922
5.038922
4.9326262
4.605237
5.2557635
5.0431733
3.6273217
4.0610065
3.6273217
4.9326262
4.8220797
4.0610065
4.4989424
3.737869
4.171553
5.2600155
3.6273217
4.605237
3.844164
4.0610065
4.8220797
4.7115326
5.689448
6.2336793
5.795743
6.2336793
5.578901
6.123132
6.2336793
6.339974
5.90629
6.123132
5.3620586
5.795743
5.90629
5.0346694
5.689448
5.578901
5.689448
6.2336793
5.90629
6.123132
5.4726057
5.1452165
5.578901
5.578901
6.339974
5.90629
5.251512
6.2336793
5.0346694
5.795743
5.90629
5.1452165
5.3620586
5.038922
5.799995
6.016837
5.0346694
6.556816
5.90629
6.123132
5.4726057
5.689448
4.928375
5.689448
5.4726057
6.016837
6.123132
5.3620586
5.583153
5.1494684
5.038922
4.167301
5.6937
4.9326262
3.954711
4.171553
3.954711
3.737869
4.6094894
3.5210268
4.065258
3.4104798
4.2821
3.954711
3.0873425
4.171553
4.171553
4.065258
4.065258
4.6094894
3.299933
3.954711
4.4989424
4.2778482
4.8220797
4.4946904
3.7336173
5.3663106
4.2778482
4.2778482
4.928375
4.2778482
5.038922
4.8220797
5.1452165
5.583153
4.7115326
4.928375
5.583153
5.038922
4.2778482
5.4726057
5.038922
4.928375
4.605237
4.928375
4.8220797
4.8220797
5.2557635
4.7115326
4.928375
4.7115326
5.1494684
5.6937
3.844164
5.3663106
4.9326262
4.8220797
3.9504592
5.1494684
5.1494684
4.3883953
4.0610065
4.9326262
3.954711
3.631574
3.3041847
3.5210268
4.065258
4.2821
2.9767957
2.9767957
3.4104798
3.631574
3.848416
2.8705006
3.1936376
3.5210268
3.0873425
3.5210268
3.848416
4.2821
4.2821
4.065258
3.737869
3.737869
3.0830908
3.6273217
3.844164
3.844164
3.1936376
3.6273217
3.0830908
3.737869
4.171553
3.0830908
3.844164
3.737869
3.299933
4.3883953
3.5167751
4.3883953
3.4104798
4.715784
4.2821
3.844164
4.605237
4.605237
4.3883953
4.0610065
5.4768577
4.2778482
4.605237
5.3663106
4.167301
4.2778482
4.8220797
5.9105415
4.2778482
4.8220797
4.2778482
4.8220797
4.715784
4.9326262
4.8220797
5.4768577
5.583153
4.3883953
5.3705626
3.848416
4.6094894
4.826331
4.2821
4.171553
3.4104798
3.737869
4.2821
3.954711
4.3926473
3.1936376
3.5210268
4.3926473
3.4104798
4.4989424
4.715784
4.6094894
3.844164
4.171553
4.9326262
3.7336173
5.9105415
3.7336173
4.2778482
4.7115326
5.038922
4.7115326
4.4946904
5.038922
5.583153
5.038922
4.8220797
5.4726057
5.583153
5.689448
5.3663106
4.7115326
4.4946904
5.1494684
4.171553
5.038922
5.1494684
4.9326262
4.8220797
4.7115326
5.1494684
4.4946904
4.8220797
4.8220797
4.715784
4.0610065
4.4946904
5.038922
4.605237
3.7336173
4.605237
3.299933
5.2557635
4.9326262
4.715784
4.605237
4.605237
4.3883953
4.0610065
3.954711
4.0610065
4.4946904
4.0610065
5.2600155
3.954711
4.171553
3.844164
4.2821
4.715784
4.171553
3.954711
3.844164
3.5167751
4.0610065
4.2778482
4.167301
5.038922
4.167301
5.583153
4.605237
4.605237
5.1494684
4.3883953
4.8220797
5.1494684
4.7115326
4.6009855
4.2778482
4.6009855
5.038922
3.9504592
4.928375
6.016837
5.90629
5.689448
5.1452165
4.6009855
5.689448
5.3620586
6.8842053
6.016837
6.123132
5.90629
5.251512
6.016837
5.4726057
6.2336793
5.578901
6.123132
5.689448
5.2557635
5.689448
5.689448
5.0346694
5.799995
4.928375
5.90629
4.928375
5.3620586
5.1452165
5.2557635
5.4726057
6.016837
5.1452165
4.8220797
5.583153
5.804247
3.954711
4.4946904
4.3841434
4.0610065
5.1494684
5.0431733
3.954711
4.171553
4.171553
4.605237
5.9105415
5.1494684
5.2557635
5.1452165
5.4726057
5.689448
5.583153
4.6009855
4.928375
4.7115326
5.1494684
5.1494684
4.4946904
5.2557635
5.038922
4.7115326
4.4946904
4.0610065
4.4946904
4.8220797
4.171553
4.605237
4.3883953
4.715784
3.844164
4.7115326
5.2557635
4.9326262
4.928375
4.2778482
4.8220797
5.2557635
4.8220797
4.6009855
4.4946904
4.6009855
5.578901
5.578901
6.667363
5.90629
6.123132
6.123132
6.339974
7.2115946
5.468354
4.490439
6.016837
5.0346694
5.1452165
5.799995
5.4726057
5.1452165
6.8884573
6.667363
5.1452165
5.799995
4.8220797
4.9326262
4.4946904
5.038922
5.1494684
5.4726057
4.928375
4.605237
5.583153
5.3663106
4.605237
4.9326262
4.3883953
4.605237
4.8220797
5.4768577
5.799995
5.038922
4.8220797
5.4726057
4.8178277
5.799995
5.578901
5.689448
5.1452165
6.123132
6.8842053
6.9947524
7.2115946
6.012585
5.468354
6.9905005
6.012585
6.2294273
6.9905005
6.2294273
6.339974
6.450521
5.578901
6.8842053
5.795743
5.902038
6.9905005
6.1188803
6.663111
7.4241843
6.4462695
7.6452785
6.339974
7.1010475
6.4462695
7.207342
7.096796
6.5525646
6.9905005
6.9905005
6.663111
6.7736583
7.2115946
7.317889
7.207342
6.2294273
6.9905005
7.5347314
7.1010475
6.9905005
6.663111
6.2294273
7.096796
7.317889
6.769407
7.5347314
7.9684157
7.207342
7.6410265
7.7515736
6.8799534
7.207342
7.5304804
7.5304804
7.4241843
8.4021
7.4241843
8.508395
7.6410265
7.5304804
7.313638
7.747322
7.857869
8.185258
7.5304804
7.5304804
6.769407
7.9684157
7.6410265
7.096796
7.4241843
7.5304804
7.4241843
7.313638
7.747322
6.8799534
7.096796
7.207342
7.096796
7.4241843
7.096796
7.4241843
7.096796
7.7515736
7.096796
7.4241843
7.096796
7.096796
7.096796
8.295805
7.313638
7.4241843
7.096796
6.9905005
7.207342
6.2294273
6.556816
6.123132
6.556816
6.339974
5.578901
6.339974
5.468354
5.795743
5.689448
5.90629
6.561068
4.928375
5.689448
5.4726057
5.689448
5.90629
6.339974
6.556816
6.339974
5.795743
5.578901
6.667363
5.90629
5.90629
6.450521
6.339974
7.1010475
6.339974
5.795743
5.468354
6.339974
5.578901
5.795743
5.795743
6.012585
6.7736583
7.4284363
5.578901
5.689448
5.90629
5.90629
5.3620586
5.4726057
5.1452165
5.689448
5.0346694
6.450521
5.468354
5.251512
6.450521
5.795743
4.928375
5.4726057
5.799995
5.578901
5.795743
5.3620586
5.578901
6.7736583
6.667363
6.339974
5.3620586
5.038922
4.167301
5.2557635
5.583153
5.799995
4.3841434
5.1452165
5.689448
6.016837
6.339974
6.561068
4.928375
5.038922
4.7115326
4.2778482
5.583153
5.689448
5.583153
5.689448
5.4726057
4.928375
5.90629
6.016837
5.3663106
5.038922
5.2557635
4.8220797
5.583153
6.1273837
5.6937
5.689448
6.1273837
5.038922
4.7115326
5.3663106
5.2557635
5.038922
5.689448
5.689448
5.3620586
5.689448
5.90629
5.689448
5.689448
5.3620586
5.1452165
5.90629
5.90629
6.123132
6.8842053
6.556816
6.7736583
7.1010475
6.7736583
6.663111
6.4462695
7.207342
7.1010475
6.7736583
7.317889
7.317889
6.339974
6.339974
7.4284363
6.9905005
6.123132
7.1010475
6.667363
5.689448
5.689448
6.561068
5.4726057
6.561068
5.1452165
5.4726057
5.799995
4.8220797
5.2557635
5.799995
5.038922
5.4726057
5.9105415
6.1273837
5.0346694
6.8842053
5.90629
5.90629
5.795743
6.450521
6.561068
5.578901
5.689448
6.339974
6.012585
6.2294273
6.4462695
6.012585
6.450521
6.667363
6.7736583
6.667363
6.012585
6.339974
6.7736583
7.4284363
6.556816
6.667363
7.317889
6.77791
6.123132
6.012585
6.339974
5.90629
5.578901
6.123132
5.795743
5.4726057
6.339974
6.667363
5.90629
6.016837
6.556816
6.012585
6.450521
6.123132
6.8842053
6.450521
6.556816
5.578901
6.9947524
6.012585
6.2336793
5.795743
6.2336793
5.689448
5.2557635
4.4946904
5.1494684
4.605237
5.038922
4.0610065
4.3883953
3.844164
4.8220797
4.9326262
4.9326262
5.1494684
4.605237
5.2557635
4.3841434
4.4946904
4.605237
5.1494684
5.038922
5.583153
5.4726057
6.016837
5.3620586
5.90629
4.6009855
5.795743
5.799995
5.3620586
5.1452165
4.928375
6.123132
6.1273837
5.2557635
5.3620586
5.689448
5.2557635
5.578901
6.3442264
5.90629
6.016837
5.1452165
6.1273837
5.038922
5.1452165
5.689448
6.454773
6.1273837
5.2557635
5.799995
6.016837
4.4946904
5.583153
5.583153
5.038922
5.2557635
4.8220797
5.4726057
5.1494684
4.605237
5.0431733
4.2778482
4.3883953
3.9504592
5.4768577
4.3883953
5.4768577
5.1494684
5.3663106
5.583153
5.3663106
4.605237
5.1494684
4.605237
5.0431733
4.9326262
4.715784
4.3883953
5.3663106
5.2557635
5.799995
5.038922
5.2557635
5.689448
5.9105415
4.715784
5.038922
4.9326262
5.4726057
5.038922
5.038922
5.4726057
5.799995
5.799995
4.8220797
5.038922
5.4768577
4.8220797
5.038922
5.1494684
5.3663106
5.583153
5.2557635
4.8220797
5.3663106
4.8220797
4.0610065
4.2778482
3.954711
2.8662488
3.9589627
3.848416
3.4104798
3.5210268
3.6273217
4.4989424
4.3883953
3.5167751
4.8220797
4.715784
5.0431733
4.715784
3.954711
4.3883953
4.3883953
4.715784
4.9326262
4.9326262
4.4989424
3.848416
3.5210268
4.065258
2.9767957
3.6273217
2.8705006
4.3926473
2.6536584
3.414732
3.414732
2.9767957
3.1936376
3.3041847
3.737869
2.7599535
4.503194
3.1936376
2.9767957
3.0873425
3.631574
3.631574
3.5210268
3.954711
3.954711
3.6273217
3.954711
4.4989424
3.954711
3.848416
3.737869
3.5210268
3.3041847
3.5210268
3.848416
3.1936376
4.715784
4.715784
3.5167751
3.0830908
3.954711
2.7599535
2.6494067
3.5210268
3.4104798
3.3041847
3.7421207
2.7599535
3.5210268
3.5210268
3.631574
3.414732
4.2821
3.4104798
3.4104798
4.065258
4.2863517
4.1758046
3.9589627
3.7421207
2.6536584
3.631574
3.9589627
3.5210268
3.0873425
3.414732
3.3041847
3.9589627
3.8526678
3.1978896
2.2199743
3.5252786
4.06951
2.9810476
3.414732
2.8705006
2.9810476
3.0873425
3.5252786
2.4368165
3.7421207
3.9589627
3.631574
3.848416
3.1936376
3.5210268
3.4104798
3.0873425
2.7599535
4.065258
4.065258
3.737869
4.3926473
3.737869
3.848416
3.1936376
2.9767957
4.1758046
3.4104798
4.171553
3.737869
3.954711
3.737869
3.4104798
3.954711
3.299933
3.954711
3.1936376
3.1936376
3.6273217
4.3883953
4.3883953
4.715784
4.0610065
4.0610065
3.844164
3.954711
3.954711
4.171553
5.0431733
4.715784
4.605237
3.954711
4.2778482
4.171553
5.1494684
4.715784
3.6273217
4.4989424
3.848416
3.631574
2.9767957
3.954711
3.737869
3.737869
4.171553
3.954711
3.5210268
4.1758046
3.3041847
2.8705006
2.8705006
3.737869
4.3926473
3.954711
3.737869
3.6273217
3.299933
3.954711
4.2821
4.0610065
4.4946904
5.038922
5.038922
4.2778482
4.7115326
4.167301
5.1452165
6.1273837
5.689448
6.339974
5.3620586
6.4462695
6.123132
5.689448
5.689448
4.928375
5.689448
5.3620586
5.468354
5.3620586
5.90629
4.3841434
4.8178277
4.928375
5.0346694
5.0346694
5.90629
5.2557635
4.7115326
5.1452165
6.012585
5.795743
5.468354
6.012585
5.795743
5.578901
5.90629
5.578901
6.2336793
5.583153
5.799995
5.2557635
5.799995
5.038922
4.2778482
5.583153
4.8220797
3.6273217
3.844164
4.171553
4.2821
4.9326262
5.0431733
4.0610065
4.3883953
3.737869
3.844164
4.3883953
4.605237
4.9326262
3.7336173
4.605237
4.8220797
5.1494684
3.844164
3.6273217
4.3883953
3.844164
4.4946904
4.7115326
4.8220797
5.2557635
4.4946904
4.928375
5.1494684
4.0610065
4.2778482
5.038922
4.4946904
5.1452165
6.123132
6.339974
6.339974
6.8799534
5.791491
6.2294273
5.578901
4.928375
3.9504592
5.1452165
5.583153
4.7115326
5.4726057
4.4946904
4.4946904
4.8220797
5.038922
4.4989424
4.2778482
4.605237
4.0610065
4.8220797
4.0610065
3.4104798
4.4989424
3.5167751
4.0610065
4.3883953
3.6273217
3.1936376
3.1936376
2.8662488
2.5431116
3.631574
3.0873425
2.3262694
3.0873425
3.3041847
3.0873425
3.848416
1.565196
1.8925852
2.1094272
1.348354
3.1978896
2.5431116
1.9988803
3.0873425
3.4104798
3.4104798
3.1936376
2.6494067
2.9767957
3.4104798
3.1936376
2.5431116
2.3262694
2.9767957
3.4104798
3.1936376
3.1936376
2.9767957
3.954711
3.1936376
4.065258
3.737869
3.737869
3.4104798
3.4104798
3.844164
3.7336173
3.299933
4.8220797
4.0610065
4.7115326
5.578901
5.3620586
5.578901
5.038922
5.3620586
4.928375
5.1452165
4.7115326
4.7115326
4.928375
4.4946904
4.7115326
3.9504592
3.844164
4.4946904
4.3883953
3.299933
3.1936376
3.5210268
4.065258
2.9767957
4.6094894
3.4104798
3.737869
2.9767957
4.065258
3.4104798
3.737869
3.1936376
2.6494067
3.1936376
3.3041847
2.5431116
3.5210268
3.1936376
2.8662488
2.7599535
3.631574
3.1936376
4.065258
2.8662488
3.1936376
3.3041847
3.1936376
3.737869
2.8662488
3.737869
3.0830908
4.8220797
4.8220797
5.2557635
5.3620586
5.578901
5.689448
4.167301
4.6009855
5.038922
4.7115326
5.689448
4.7115326
5.4726057
5.4726057
5.1452165
6.450521
5.795743
6.123132
6.339974
5.251512
5.689448
6.7736583
6.012585
5.251512
5.578901
6.77791
7.1010475
6.450521
5.795743
6.3442264
5.90629
5.2557635
6.2336793
5.583153
4.8220797
3.9504592
3.954711
4.3883953
4.4989424
5.0431733
3.954711
3.6273217
3.4104798
3.5210268
3.3041847
3.1936376
4.065258
4.065258
4.171553
4.171553
3.6273217
4.3883953
3.844164
4.715784
4.3883953
3.5167751
3.5167751
4.0610065
3.844164
4.171553
4.0610065
4.9326262
4.3883953
4.0610065
4.065258
3.6273217
3.954711
3.6273217
3.1936376
3.0830908
3.848416
4.171553
4.171553
3.7336173
4.3883953
4.7115326
5.2557635
5.1452165
4.6009855
5.3620586
6.123132
5.578901
5.90629
6.016837
5.90629
5.90629
5.468354
6.2294273
6.012585
5.0346694
5.90629
5.578901
5.3620586
5.4726057
5.4726057
6.016837
5.038922
5.038922
4.0610065
4.605237
5.038922
4.9326262
4.4989424
4.3883953
4.0610065
3.299933
4.0610065
4.4989424
3.5210268
4.715784
4.171553
4.0610065
3.6273217
3.954711
4.0610065
4.6094894
3.737869
4.4989424
4.9326262
3.844164
4.4989424
4.605237
5.038922
4.4946904
5.3663106
6.1273837
4.3841434
6.016837
5.799995
5.583153
5.038922
5.038922
5.583153
5.038922
5.2557635
4.928375
5.2557635
5.90629
5.2557635
4.7115326
6.016837
5.3620586
5.2557635
4.0610065
5.3663106
5.2557635
4.605237
5.038922
5.4726057
5.2557635
4.7115326
4.928375
5.689448
5.799995
4.928375
6.016837
5.1452165
5.3620586
5.689448
5.689448
6.450521
6.016837
6.450521
5.689448
5.689448
4.928375
6.3442264
5.90629
5.90629
5.4726057
6.1273837
4.605237
4.4946904
5.799995
5.4726057
6.016837
5.038922
4.4946904
5.2557635
5.2557635
4.7115326
5.689448
5.2557635
5.6937
5.038922
5.4726057
6.1273837
5.2557635
4.928375
5.4726057
5.1452165
6.123132
5.4726057
5.251512
5.689448
5.90629
5.1452165
5.3620586
4.928375
5.3620586
4.8178277
5.3663106
5.689448
5.2557635
4.6009855
4.928375
6.016837
4.8220797
4.6009855
4.4946904
4.2778482
4.4946904
4.9326262
5.038922
3.9504592
4.3883953
4.9326262
5.804247
4.605237
3.954711
4.605237
4.605237
4.8220797
4.4946904
5.6937
5.4768577
4.3883953
4.3883953
4.826331
3.4104798
4.2821
4.2821
4.6094894
3.737869
4.065258
4.2821
3.5210268
3.848416
3.3041847
4.2821
3.844164
5.1494684
4.605237
4.7115326
5.1452165
5.3663106
5.583153
5.4768577
4.7115326
4.7115326
5.799995
5.6937
5.2557635
5.583153
6.016837
5.9105415
6.3442264
5.689448
5.038922
4.8220797
5.6937
5.583153
5.3663106
4.4946904
4.8220797
5.1494684
4.8220797
4.4946904
4.8220797
4.8220797
5.583153
5.038922
5.038922
5.2557635
5.2557635
5.1452165
5.799995
5.578901
5.90629
6.450521
6.339974
6.77791
6.450521
6.123132
6.561068
6.450521
5.795743
6.2336793
6.123132
6.667363
5.90629
5.689448
6.012585
6.8884573
5.2557635
5.799995
4.3841434
4.605237
5.2557635
5.4726057
5.2557635
6.1273837
5.689448
5.1452165
6.450521
5.689448
5.3620586
5.4726057
5.2557635
5.2557635
5.799995
5.90629
6.2336793
5.578901
6.9947524
5.795743
6.123132
6.8842053
7.2115946
6.8842053
6.7736583
6.8842053
5.468354
7.2115946
6.667363
6.012585
6.667363
5.6851964
6.667363
6.556816
6.7736583
7.4284363
5.795743
6.556816
7.2115946
6.667363
6.4462695
6.012585
6.556816
7.6452785
6.2294273
6.9905005
7.2115946
6.556816
6.2336793
6.2336793
5.90629
6.012585
6.7736583
6.7736583
6.7736583
5.902038
5.3620586
6.450521
6.561068
6.450521
5.4726057
5.4726057
5.3620586
5.799995
5.0346694
5.4726057
4.928375
5.2557635
5.038922
4.4946904
4.4946904
6.016837
5.90629
6.339974
6.450521
6.450521
5.1452165
6.016837
4.928375
5.2557635
5.90629
5.3620586
5.90629
5.578901
6.339974
5.90629
5.90629
6.123132
6.123132
5.1452165
5.3620586
5.90629
5.799995
5.2557635
5.4726057
5.583153
5.2557635
5.1452165
5.2557635
5.689448
5.1452165
5.2557635
5.799995
5.3663106
4.2778482
4.8220797
5.038922
4.3883953
4.2778482
5.4726057
5.583153
4.4946904
5.4726057
5.1452165
5.2557635
5.689448
4.928375
5.689448
5.1452165
5.799995
5.689448
5.799995
4.3841434
4.928375
3.9504592
4.605237
4.9326262
4.605237
4.605237
4.605237
3.844164
3.954711
4.4989424
3.844164
3.737869
3.848416
4.4989424
4.4989424
4.171553
4.2778482
5.0431733
4.605237
4.8220797
4.3883953
4.2778482
4.605237
5.1494684
5.3663106
4.2778482
4.8220797
4.8220797
5.3663106
4.2778482
4.167301
4.4946904
4.167301
5.583153
5.9105415
4.8220797
4.167301
4.8220797
3.844164
3.4104798
3.954711
4.8220797
4.171553
4.8220797
3.7336173
5.038922
4.715784
4.171553
3.6273217
4.171553
3.1936376
3.4104798
4.171553
3.954711
4.3883953
3.1936376
3.737869
4.4989424
3.3041847
4.4989424
3.3041847
3.3041847
3.848416
3.954711
2.8662488
3.954711
3.848416
4.065258
3.844164
4.171553
4.2821
4.0610065
3.6273217
4.171553
3.1936376
2.9767957
4.171553
3.9589627
4.3883953
4.3883953
5.0431733
3.6273217
4.2778482
4.0610065
4.605237
4.0610065
4.715784
3.844164
4.4989424
3.7336173
4.8220797
4.0610065
4.2778482
4.3883953
3.844164
4.3883953
3.6273217
4.2778482
4.4946904
4.4946904
4.605237
4.3883953
4.171553
4.3883953
3.844164
4.171553
3.844164
4.9326262
4.4946904
4.8220797
4.9326262
4.2778482
4.2778482
4.0610065
3.6273217
3.4104798
3.954711
3.6273217
4.2778482
4.0610065
4.715784
4.4989424
4.0610065
4.605237
4.4989424
5.583153
4.4946904
5.038922
4.9326262
4.3883953
3.7336173
4.3883953
4.4989424
4.3883953
4.171553
4.171553
4.4989424
4.2778482
4.2821
4.4989424
4.065258
3.844164
2.8662488
3.6273217
4.9326262
5.038922
5.2557635
5.2557635
5.038922
5.4726057
5.038922
5.3663106
4.8220797
5.3663106
4.7115326
6.339974
6.8842053
7.1010475
5.795743
6.016837
5.2557635
4.8220797
5.038922
4.4946904
5.799995
5.038922
5.3620586
5.799995
4.8220797
6.016837
5.4726057
5.4726057
4.928375
4.2778482
3.7336173
4.8220797
3.9504592
4.7115326
5.0346694
4.928375
5.689448
5.689448
4.7115326
5.2557635
5.4726057
5.583153
6.016837
5.038922
4.928375
5.583153
5.4726057
4.7115326
5.1452165
5.799995
6.1273837
5.6937
4.9326262
5.0431733
3.844164
4.8220797
5.0431733
4.715784
3.844164
4.171553
4.4989424
4.715784
3.954711
3.844164
3.6273217
4.9326262
5.2600155
4.605237
5.6937
5.4768577
5.3663106
4.928375
5.1452165
5.799995
5.2557635
6.016837
4.7115326
6.561068
5.689448
4.4946904
5.1452165
5.9105415
4.8220797
4.4946904
4.4946904
5.583153
5.583153
5.2557635
4.928375
5.4726057
5.038922
5.2557635
5.038922
5.2557635
5.038922
5.583153
4.7115326
5.9105415
4.928375
5.9105415
5.4726057
5.3620586
5.1452165
4.3841434
5.4726057
5.3620586
5.689448
5.689448
4.7115326
5.4726057
4.8220797
5.2557635
6.8884573
5.578901
5.795743
6.9947524
5.3620586
6.016837
6.1273837
5.799995
6.77791
6.450521
7.2115946
7.2115946
6.2294273
7.1010475
7.1010475
6.7736583
6.9905005
7.317889
7.207342
6.9905005
7.4241843
7.096796
7.6410265
7.9684157
8.185258
7.6410265
8.185258
7.4241843
7.313638
7.313638
7.7515736
8.074712
8.406352
8.406352
7.207342
7.207342
7.6410265
6.8799534
6.4462695
6.8799534
6.556816
6.7736583
6.9905005
6.2294273
6.556816
6.7736583
5.468354
6.667363
6.123132
5.90629
6.339974
6.450521
6.2336793
6.450521
6.8842053
5.795743
5.468354
7.2115946
6.9947524
6.556816
6.339974
6.8842053
6.123132
7.2115946
6.123132
6.77791
6.012585
6.339974
6.123132
5.6851964
6.671615
5.4726057
4.4946904
4.7115326
4.4946904
5.1494684
5.038922
4.4946904
4.4946904
4.167301
5.038922
4.2778482
4.2778482
4.8220797
5.583153
5.2557635
4.7115326
6.2336793
5.3620586
4.928375
5.578901
6.123132
5.689448
4.8178277
5.90629
5.578901
5.689448
5.578901
5.0346694
5.3620586
5.578901
6.450521
5.1452165
5.2557635
4.7115326
5.2557635
4.2778482
3.7336173
4.4946904
4.715784
4.605237
4.715784
3.844164
4.3883953
4.3883953
3.737869
3.5167751
3.5167751
3.954711
3.4104798
3.954711
4.4989424
3.4104798
4.2821
2.9767957
3.5210268
3.3041847
3.5210268
3.1936376
3.5210268
4.3926473
4.4989424
3.954711
4.2821
4.1758046
3.737869
4.065258
3.5210268
3.5210268
4.3926473
2.8662488
3.3041847
4.1758046
3.848416
3.954711
4.2821
4.065258
3.954711
3.6273217
3.4104798
4.065258
4.065258
3.5210268
3.4104798
3.737869
3.4104798
3.848416
3.3041847
2.8662488
4.065258
3.737869
3.3041847
3.3041847
4.1758046
3.3041847
3.3041847
2.9767957
3.4104798
3.4104798
3.5210268
3.1936376
3.4104798
3.5210268
3.848416
3.4104798
3.0830908
3.1936376
3.737869
3.4104798
3.5167751
4.715784
4.3883953
4.171553
5.1494684
4.9326262
5.0431733
4.605237
4.8220797
4.605237
3.7336173
4.928375
4.605237
4.9326262
4.0610065
4.2778482
3.7336173
4.0610065
4.3883953
4.171553
3.6273217
3.5210268
3.4104798
3.6273217
3.5210268
3.5210268
3.737869
3.6273217
3.4104798
3.6273217
4.605237
4.0610065
4.3883953
4.3883953
4.171553
4.7115326
4.7115326
4.8220797
3.9504592
5.2557635
5.038922
4.7115326
5.1452165
5.4726057
6.012585
5.0346694
5.795743
6.556816
7.1010475
6.667363
6.556816
6.2336793
6.339974
6.339974
6.339974
5.90629
5.468354
6.556816
6.012585
5.795743
6.123132
5.468354
5.3620586
6.339974
6.450521
5.578901
6.123132
6.77791
5.795743
6.339974
6.012585
6.4462695
6.8842053
6.663111
6.7736583
6.663111
7.4241843
7.4241843
6.8799534
7.6410265
8.512647
6.9905005
6.663111
7.207342
6.9905005
6.8799534
6.663111
7.5347314
7.7515736
7.207342
7.207342
6.7736583
6.4462695
6.9905005
6.5525646
7.096796
7.9684157
7.207342
7.4241843
7.9684157
7.6410265
6.8799534
6.9905005
6.8799534
7.4241843
7.4241843
6.8799534
7.207342
6.8799534
7.4241843
6.8799534
7.7515736
6.8799534
7.313638
7.207342
7.096796
8.078962
6.8799534
6.9905005
6.8799534
7.313638
7.857869
6.2251754
7.5347314
7.313638
7.313638
6.5525646
6.8799534
6.7736583
6.663111
6.9905005
6.663111
6.663111
6.9905005
6.9905005
7.317889
6.9905005
6.7736583
6.663111
6.3357224
6.2294273
6.012585
6.2294273
5.795743
6.012585
5.251512
6.2336793
5.90629
5.4726057
5.689448
5.2557635
5.799995
5.038922
4.2778482
3.9504592
4.8220797
3.9504592
4.8220797
4.7115326
4.4946904
5.583153
5.1452165
5.1452165
6.3442264
5.3620586
5.4726057
6.2336793
5.038922
4.928375
5.251512
5.0346694
5.689448
5.3620586
4.928375
4.6009855
5.583153
5.1452165
4.2778482
5.038922
4.8220797
4.605237
4.8178277
4.8178277
5.90629
4.6009855
5.4726057
4.7115326
4.7115326
5.038922
4.7115326
5.1452165
5.4726057
5.3620586
5.0346694
5.689448
5.3620586
5.3620586
5.578901
5.251512
5.795743
5.689448
6.450521
5.1452165
5.3620586
5.2557635
4.0610065
5.1494684
3.844164
5.1494684
4.605237
4.3883953
4.171553
5.3663106
4.605237
5.1494684
4.0610065
3.954711
4.171553
4.3883953
3.5210268
3.1936376
3.4104798
4.171553
4.3883953
3.406228
4.171553
4.0610065
4.0610065
4.605237
5.3663106
4.2778482
4.4946904
5.038922
5.583153
4.2778482
4.3841434
4.8220797
5.1494684
3.5167751
4.0610065
4.0610065
5.1494684
4.4946904
4.0610065
4.2778482
4.8220797
3.62307
5.4726057
5.038922
4.2778482
4.2778482
4.171553
3.6273217
3.7336173
4.8220797
5.038922
4.167301
3.62307
4.928375
5.1494684
4.167301
5.1452165
5.038922
5.038922
4.6009855
4.928375
5.4726057
5.3620586
5.689448
5.3663106
4.8220797
5.4726057
4.7115326
4.8220797
4.4946904
4.3841434
4.171553
4.4989424
3.6273217
4.0610065
3.844164
3.4104798
3.737869
3.737869
3.737869
4.4989424
4.171553
4.171553
3.6273217
3.4104798
2.8662488
4.0610065
4.171553
4.9326262
5.1494684
4.7115326
4.2778482
4.715784
4.715784
4.0610065
4.0610065
3.954711
3.844164
4.0610065
3.9504592
4.8220797
4.4946904
4.4946904
4.0610065
3.844164
4.715784
4.0610065
4.2778482
5.2600155
4.715784
4.0610065
4.3883953
4.2821
4.715784
3.7336173
3.844164
4.3883953
4.4989424
4.2778482
3.844164
3.7336173
4.171553
3.7336173
3.6273217
4.8220797
4.8220797
3.954711
3.4104798
4.171553
2.8662488
4.3883953
3.1936376
4.4989424
3.954711
3.0873425
4.065258
3.5210268
3.848416
3.848416
2.7599535
3.414732
1.7820382
2.8705006
2.1094272
3.631574
3.631574
3.9589627
3.0873425
2.9767957
2.7599535
3.5210268
3.631574
3.737869
3.3041847
2.9767957
3.4104798
3.4104798
3.4104798
4.2778482
3.844164
3.844164
3.6273217
5.1494684
5.3663106
4.171553
4.7115326
4.715784
4.3883953
4.9326262
4.171553
3.6273217
4.4946904
5.1494684
4.605237
4.0610065
3.5167751
3.844164
3.4104798
3.954711
4.715784
3.844164
4.2821
3.5210268
4.171553
3.737869
2.9767957
3.737869
3.5210268
3.737869
3.5210268
4.2821
4.2821
3.844164
4.171553
3.4104798
3.954711
4.2821
3.737869
3.3041847
3.1936376
3.848416
3.1936376
3.737869
4.065258
3.5210268
3.3041847
2.7599535
3.3041847
3.0873425
3.631574
3.9589627
3.631574
4.065258
3.5210268
2.3262694
3.5210268
3.848416
3.1936376
3.737869
4.065258
3.5210268
4.2821
4.2821
4.2778482
4.0610065
4.8220797
4.8220797
4.9326262
4.4946904
4.3883953
5.3663106
4.2778482
4.4946904
5.583153
5.2557635
5.799995
5.689448
5.689448
5.1452165
4.7115326
5.3620586
5.4726057
5.3663106
5.3663106
4.928375
5.4726057
6.016837
5.799995
4.7115326
5.038922
5.4726057
5.3663106
5.2557635
5.90629
6.561068
6.450521
6.016837
6.016837
5.689448
6.1273837
4.928375
5.4726057
5.583153
4.8220797
4.928375
4.3883953
4.9326262
4.715784
4.2821
5.0431733
5.1494684
4.171553
4.171553
4.3883953
3.954711
3.4104798
4.3883953
4.0610065
5.1494684
5.1494684
5.9105415
4.6009855
5.689448
5.4726057
5.3620586
5.3620586
5.1452165
5.1452165
5.689448
5.583153
6.123132
5.689448
5.795743
5.795743
6.2336793
6.8842053
5.578901
5.689448
5.3620586
5.1452165
5.1452165
5.689448
5.578901
6.450521
5.90629
5.0346694
5.795743
6.450521
4.924123
5.689448
4.928375
4.2778482
4.605237
4.056754
4.2778482
5.2557635
4.7115326
6.016837
5.2557635
5.2557635
5.689448
5.3620586
4.7115326
5.4726057
4.7115326
5.038922
5.4726057
5.583153
4.3841434
5.799995
5.583153
6.016837
5.038922
4.8220797
3.954711
4.2821
3.954711
3.848416
3.631574
3.848416
4.171553
5.0431733
4.4989424
4.171553
3.844164
4.3883953
5.1494684
5.3663106
4.8220797
5.038922
5.9105415
5.799995
5.038922
5.4726057
5.2557635
5.90629
4.7115326
5.4726057
5.4726057
5.689448
5.1452165
5.2557635
5.799995
5.2557635
5.3620586
5.4726057
5.583153
5.799995
4.928375
4.6009855
5.799995
4.8220797
5.4726057
5.1452165
5.2557635
4.928375
4.928375
6.016837
4.8220797
6.016837
4.4946904
4.6009855
5.583153
4.2778482
5.9105415
5.6937
4.7115326
5.2557635
5.038922
4.605237
4.4946904
4.605237
5.3663106
4.8220797
3.844164
5.0431733
3.954711
4.826331
3.954711
4.065258
4.826331
4.6094894
4.065258
4.3883953
3.737869
4.715784
3.848416
4.9326262
4.4989424
4.715784
4.605237
5.1494684
5.038922
4.8220797
5.9105415
4.8220797
4.9326262
4.605237
4.715784
4.8220797
4.0610065
5.9105415
4.8220797
5.038922
4.8220797
5.4768577
4.605237
4.826331
5.3663106
4.3883953
4.9326262
4.3883953
4.0610065
5.0431733
4.605237
3.844164
4.2778482
3.5167751
4.9326262
4.3883953
4.3883953
5.038922
4.167301
4.928375
4.167301
5.2557635
4.4946904
5.3620586
4.8178277
5.689448
5.689448
5.583153
5.90629
5.038922
6.671615
4.928375
5.583153
4.3883953
4.715784
4.715784
4.826331
5.5874047
3.737869
4.2821
4.171553
3.954711
4.1758046
3.737869
3.844164
4.720036
4.4989424
3.9589627
3.5210268
3.4104798
5.0431733
3.5167751
4.3883953
4.6094894
4.3883953
4.171553
5.1494684
3.7336173
4.605237
4.605237
5.1494684
5.1494684
4.4946904
4.3841434
5.2557635
4.8220797
5.689448
4.8220797
5.583153
4.928375
5.90629
5.4726057
6.1273837
4.3841434
4.4946904
4.7115326
4.7115326
5.799995
5.4726057
5.038922
6.016837
5.3663106
4.4946904
5.583153
4.4946904
4.4946904
5.1494684
4.7115326
5.4726057
4.7115326
5.583153
4.7115326
5.3663106
5.689448
5.038922
4.928375
4.605237
5.583153
4.9326262
5.1494684
4.715784
5.0431733
4.171553
4.6094894
4.0610065
4.9326262
4.826331
3.4104798
3.848416
4.065258
4.6094894
3.6273217
3.737869
4.826331
5.2600155
4.715784
5.2600155
5.1494684
4.167301
5.3663106
4.9326262
4.9326262
4.0610065
5.799995
4.4946904
5.038922
5.2557635
5.2557635
4.7115326
5.4726057
5.689448
5.4726057
4.928375
5.583153
4.4946904
4.7115326
4.8220797
4.7115326
4.4946904
3.9504592
4.6009855
5.038922
4.3841434
4.6009855
5.799995
5.583153
5.689448
4.928375
4.7115326
5.038922
4.7115326
4.3841434
5.4726057
6.016837
6.016837
5.2557635
4.928375
6.1273837
5.2557635
4.4946904
5.038922
4.8220797
4.4946904
4.3883953
4.4989424
4.826331
3.848416
3.954711
3.5210268
3.737869
4.065258
4.2863517
3.631574
3.737869
2.9767957
2.7599535
3.0873425
3.737869
3.737869
4.171553
3.737869
4.4989424
3.5210268
3.954711
3.737869
3.954711
4.171553
4.605237
3.844164
4.0610065
5.1452165
4.6009855
4.928375
4.7115326
5.799995
5.3663106
4.8220797
4.3841434
4.4946904
5.2557635
5.583153
5.799995
4.167301
4.7115326
5.799995
4.7115326
4.928375
4.928375
4.928375
4.7115326
4.4946904
4.4946904
4.7115326
5.3620586
5.3620586
5.3620586
5.3620586
6.2336793
5.4726057
5.038922
6.016837
5.3663106
5.2557635
5.038922
5.799995
5.799995
4.928375
4.8220797
4.7115326
5.1494684
3.954711
3.954711
4.065258
4.3926473
3.1936376
3.1936376
4.6094894
3.848416
3.737869
3.3041847
3.5210268
4.065258
3.5210268
3.5210268
3.737869
3.6273217
3.1936376
3.4104798
3.737869
3.5210268
3.6273217
3.844164
3.954711
5.0431733
4.3883953
4.3883953
4.605237
4.0610065
4.171553
3.4104798
4.171553
4.3883953
4.3883953
4.2778482
4.605237
4.605237
5.038922
5.583153
5.038922
4.3841434
5.1452165
5.583153
4.4946904
5.2557635
4.928375
4.6009855
5.4726057
4.928375
4.605237
4.2778482
4.4946904
4.4946904
4.928375
4.4946904
5.038922
4.928375
4.3883953
5.1494684
4.3883953
4.715784
4.605237
4.715784
4.4989424
3.954711
3.954711
3.5210268
4.2821
3.848416
3.848416
3.737869
3.848416
3.4104798
3.954711
3.4104798
3.848416
3.4104798
3.1936376
3.5210268
4.720036
3.7421207
2.8662488
3.631574
4.065258
3.844164
4.171553
3.0830908
3.848416
3.5210268
3.631574
3.4104798
3.3041847
3.848416
3.737869
3.954711
3.6273217
3.0830908
3.844164
3.844164
3.844164
3.954711
4.2821
3.4104798
3.6273217
3.5210268
3.3041847
4.2821
3.4104798
4.9326262
5.0431733
5.3663106
4.7115326
4.4946904
4.8220797
4.4946904
4.167301
4.4946904
4.3841434
4.7115326
5.689448
5.1452165
5.90629
5.1452165
4.6009855
5.2557635
4.8220797
4.605237
4.4946904
4.4946904
5.1494684
5.038922
4.8220797
5.9105415
5.6937
4.8220797
4.0610065
3.4104798
4.605237
5.583153
3.7336173
4.9326262
4.9326262
4.605237
3.5210268
3.737869
4.171553
4.171553
4.8220797
5.3663106
4.715784
4.0610065
4.2778482
3.9504592
4.8220797
3.5167751
3.844164
4.2778482
3.7336173
5.4726057
5.4726057
4.7115326
5.2557635
5.0346694
4.6009855
5.689448
5.0346694
6.667363
5.578901
5.251512
5.3620586
5.90629
6.016837
5.799995
5.689448
5.3620586
5.3620586
6.012585
6.012585
6.667363
6.339974
6.012585
6.2294273
6.339974
6.2294273
6.2294273
6.450521
7.1010475
6.667363
6.339974
5.795743
6.339974
5.4726057
6.450521
5.689448
5.583153
5.795743
6.123132
5.795743
6.450521
5.795743
5.4726057
5.689448
5.4726057
6.2336793
4.6009855
5.3620586
5.795743
6.012585
6.012585
6.7736583
6.012585
5.251512
6.2294273
6.8842053
5.3620586
6.339974
6.012585
5.468354
6.012585
5.795743
6.339974
5.6851964
6.9905005
6.667363
6.339974
6.556816
5.468354
6.012585
5.6851964
6.556816
5.468354
5.795743
6.4462695
5.795743
6.2294273
6.4462695
5.6851964
5.791491
6.012585
7.1010475
6.663111
6.1188803
7.207342
7.096796
6.8799534
7.6410265
6.5525646
6.2251754
7.317889
6.9905005
6.7736583
6.4462695
6.663111
6.8799534
6.9905005
6.2294273
7.1010475
6.4462695
6.663111
5.689448
5.795743
5.0346694
5.3620586
6.016837
5.90629
5.795743
5.90629
6.016837
5.578901
5.1452165
4.4946904
4.928375
5.689448
5.795743
6.123132
5.795743
6.8842053
6.4462695
5.795743
6.012585
5.795743
6.9905005
6.2294273
6.9905005
6.663111
6.8799534
7.6410265
6.4462695
6.4462695
6.663111
6.4462695
7.207342
6.4462695
6.2294273
6.450521
5.251512
5.795743
6.2294273
6.667363
6.7736583
6.012585
6.9905005
6.556816
5.902038
6.2294273
6.556816
6.556816
5.902038
7.207342
6.3357224
6.663111
6.9905005
6.7736583
7.1010475
6.012585
6.667363
6.123132
6.339974
6.667363
6.012585
6.012585
5.795743
6.667363
6.123132
5.799995
5.90629
5.90629
5.1452165
5.578901
5.1452165
6.016837
5.799995
6.1273837
4.2778482
5.2557635
4.8220797
5.038922
4.8220797
4.8220797
5.038922
3.9504592
5.038922
4.605237
4.605237
5.1452165
5.2557635
5.2557635
5.1452165
5.1452165
5.689448
4.7115326
5.90629
5.4726057
6.016837
4.928375
5.1452165
6.450521
5.4726057
5.4726057
5.4726057
4.167301
5.2557635
4.928375
4.8178277
5.90629
5.4726057
6.016837
4.928375
5.2557635
4.7115326
3.8399122
4.7115326
3.7336173
4.928375
4.2778482
5.1494684
5.038922
5.799995
5.4726057
4.8220797
5.689448
4.6009855
5.689448
4.4946904
5.038922
4.2778482
4.2778482
4.0610065
4.2778482
3.954711
4.2821
3.6273217
3.0830908
3.1936376
4.065258
3.848416
3.7421207
2.7599535
2.9767957
2.8662488
3.4104798
4.171553
4.4989424
5.0431733
4.605237
4.4989424
4.3883953
3.844164
3.954711
4.2821
3.6273217
4.2778482
4.167301
5.2557635
4.8178277
4.7115326
4.8220797
5.1494684
4.605237
4.0610065
5.038922
4.3841434
4.8220797
4.3841434
4.928375
4.928375
4.8178277
4.928375
5.4726057
5.689448
5.038922
5.2557635
4.7115326
3.9504592
5.038922
4.4946904
4.928375
5.1452165
5.689448
5.689448
6.123132
5.3620586
6.2336793
5.468354
6.123132
6.667363
6.450521
5.578901
5.1452165
6.123132
6.3442264
5.583153
5.4726057
5.689448
4.4946904
6.1273837
4.605237
5.3663106
4.0610065
4.4989424
4.715784
3.737869
3.3041847
4.065258
3.737869
2.6494067
4.065258
3.954711
3.631574
3.3041847
3.737869
3.1936376
4.2821
4.065258
4.065258
3.1936376
3.1936376
3.954711
4.3883953
4.3883953
5.0431733
3.737869
4.0610065
3.299933
3.954711
4.3883953
4.2778482
4.3883953
4.2778482
3.844164
4.0610065
4.171553
4.4989424
4.171553
2.8662488
4.2821
4.4989424
3.844164
4.3883953
3.299933
4.826331
4.4989424
3.5167751
4.2821
4.715784
5.3705626
5.038922
4.4946904
5.3663106
4.4946904
5.038922
6.237931
4.7115326
4.715784
4.8220797
5.9105415
5.2600155
4.9326262
5.1494684
4.715784
4.0610065
4.171553
4.4989424
4.2821
3.631574
3.4104798
4.2821
3.954711
3.737869
3.848416
5.0431733
4.3883953
3.737869
3.737869
3.5210268
4.4989424
3.954711
4.826331
3.954711
4.4989424
4.065258
5.0431733
4.715784
4.0610065
4.605237
5.2557635
6.1273837
5.583153
5.2557635
4.8220797
4.3841434
5.4726057
5.6937
5.2557635
5.1452165
4.928375
4.7115326
5.2557635
4.8220797
4.2778482
5.6937
4.9326262
5.038922
5.3663106
4.605237
4.928375
4.928375
5.578901
6.3442264
5.689448
5.9105415
4.928375
6.450521
6.561068
6.667363
5.795743
6.339974
7.538984
5.689448
6.339974
6.450521
7.4284363
7.1010475
6.7736583
6.2294273
7.9726677
6.123132
6.667363
6.667363
6.7736583
6.339974
6.8842053
6.7736583
6.7736583
6.663111
6.4462695
7.5347314
6.7736583
6.9905005
6.7736583
7.203091
7.5347314
6.8799534
7.9684157
7.9641643
8.508395
8.94208
8.397848
7.636775
9.269468
8.618942
9.052627
8.946331
9.269468
8.835785
7.857869
8.2915535
7.419933
7.747322
8.729489
7.857869
8.512647
7.207342
6.769407
7.6410265
7.4241843
7.5347314
6.8799534
7.096796
7.6410265
7.5347314
6.663111
6.8799534
7.207342
6.4462695
7.1010475
6.9905005
7.4241843
6.8799534
7.7515736
6.663111
7.4241843
7.317889
6.9905005
7.6452785
6.9905005
6.667363
6.4462695
6.2294273
6.2294273
6.7736583
6.012585
6.8842053
6.9905005
5.795743
6.123132
5.4726057
5.0346694
6.3442264
5.795743
5.578901
5.3620586
6.2336793
6.016837
5.038922
5.2557635
4.7115326
4.605237
4.8220797
4.0610065
4.605237
4.0610065
3.9504592
3.844164
4.171553
3.844164
4.9326262
3.954711
3.3041847
3.5210268
2.9767957
3.5210268
3.954711
2.9767957
3.954711
2.7557018
3.299933
3.5210268
3.3041847
3.1936376
3.4104798
3.5210268
3.737869
3.737869
3.6273217
3.844164
3.6273217
3.844164
3.299933
3.6273217
3.848416
3.737869
4.171553
3.4104798
3.5210268
4.2821
3.1936376
2.4325645
4.065258
2.8705006
2.9810476
2.4368165
2.6536584
3.5252786
2.4368165
2.8705006
2.6536584
2.6536584
2.4368165
2.4368165
2.9810476
2.2199743
3.0873425
3.0873425
2.1094272
2.3262694
1.8925852
2.4368165
3.0915945
2.5431116
2.5431116
2.2157223
2.6536584
2.7599535
2.9767957
3.1936376
2.5431116
2.1094272
2.4325645
1.9988803
3.3041847
2.3262694
2.4325645
2.7599535
2.7599535
2.7599535
3.414732
2.7599535
2.7599535
2.4325645
2.3262694
2.7599535
2.2157223
2.5431116
3.631574
2.7599535
3.4104798
3.5210268
3.0830908
3.0830908
4.4989424
3.7336173
4.171553
4.0610065
3.0830908
3.954711
3.954711
3.4104798
4.3883953
4.4989424
3.954711
3.4104798
3.848416
3.1936376
2.8662488
3.737869
3.737869
3.4104798
2.8662488
3.6273217
3.6273217
2.9767957
3.4104798
2.7599535
3.1936376
3.5210268
2.6494067
3.5210268
3.6273217
3.737869
3.4104798
3.844164
3.737869
4.3883953
3.6273217
3.844164
4.167301
5.038922
4.167301
4.7115326
4.7115326
4.4946904
4.7115326
4.167301
5.038922
5.3663106
5.038922
3.9504592
5.038922
4.3841434
4.928375
5.038922
5.1452165
4.7115326
4.2735963
5.2557635
4.928375
6.2336793
5.0346694
5.578901
4.6009855
5.1452165
5.1452165
4.7115326
4.7072806
5.90629
5.90629
5.795743
5.795743
5.90629
6.2294273
6.123132
5.578901
6.339974
5.6851964
5.251512
6.556816
5.578901
6.667363
5.90629
6.2336793
4.928375
5.1452165
5.2557635
5.4726057
4.2778482
5.038922
4.605237
4.0610065
4.7115326
3.9504592
4.8220797
4.4946904
5.1494684
4.4946904
4.7115326
3.7336173
4.4946904
3.844164
3.844164
3.844164
3.299933
4.2778482
4.2778482
4.8220797
3.7336173
4.9326262
3.6273217
4.715784
3.954711
4.171553
3.7336173
3.6273217
3.6273217
4.0610065
2.8662488
3.0830908
2.7599535
3.0830908
3.5210268
3.1936376
2.8662488
3.5210268
3.5210268
3.4104798
2.8662488
2.9767957
3.6273217
2.8662488
4.605237
3.189386
4.3883953
3.299933
4.171553
4.3883953
4.3883953
4.605237
3.6273217
3.737869
3.3041847
3.1936376
2.8662488
3.1936376
4.065258
3.0830908
3.4104798
3.737869
3.3041847
2.4325645
3.0873425
2.6494067
2.6494067
3.848416
3.6273217
3.631574
3.414732
3.0873425
2.9767957
3.5210268
3.3041847
2.5431116
2.7599535
2.8662488
3.3041847
3.848416
2.7599535
3.631574
3.5210268
3.1936376
2.9767957
3.5210268
3.5210268
3.3041847
3.5210268
2.9767957
3.1936376
3.848416
3.1936376
4.065258
3.737869
3.954711
3.844164
4.2821
3.737869
3.1936376
3.6273217
3.4104798
3.3041847
3.954711
4.0610065
4.171553
3.1936376
3.954711
3.954711
4.826331
3.844164
4.715784
3.954711
4.3883953
3.844164
4.4989424
4.605237
4.2778482
4.928375
4.4946904
5.038922
4.7115326
4.928375
5.583153
4.8220797
5.038922
5.0431733
4.0610065
4.0610065
4.2778482
4.3883953
5.799995
5.4726057
5.4726057
3.844164
3.6273217
3.954711
3.954711
4.4989424
3.6273217
3.844164
4.9326262
4.8220797
4.605237
4.715784
3.844164
4.605237
3.954711
5.1494684
4.605237
5.038922
5.583153
4.6009855
5.799995
4.928375
4.8220797
5.3663106
5.038922
4.928375
4.4946904
5.9105415
5.3663106
5.2557635
5.3620586
5.1452165
4.6009855
5.578901
5.3620586
5.4726057
5.578901
5.689448
6.4462695
6.667363
5.468354
6.556816
6.450521
6.667363
6.556816
6.667363
6.667363
6.9947524
6.4462695
6.556816
6.339974
6.8842053
6.667363
5.2557635
6.123132
5.90629
6.2336793
5.90629
6.2336793
6.2336793
5.3620586
5.90629
5.689448
5.90629
6.123132
6.3442264
6.450521
6.77791
6.8842053
5.689448
6.016837
6.2336793
4.928375
6.450521
6.561068
6.8842053
6.556816
6.2294273
6.2294273
6.123132
6.9947524
6.339974
6.667363
7.1010475
6.8842053
5.90629
6.556816
6.012585
7.6452785
6.339974
7.7558255
6.339974
6.667363
5.795743
7.1010475
6.016837
6.556816
6.667363
6.7736583
6.8842053
6.2294273
6.450521
5.3620586
5.90629
6.77791
5.795743
6.123132
6.123132
7.2115946
6.667363
6.667363
6.123132
6.450521
6.7736583
6.8842053
6.339974
6.667363
5.795743
6.339974
8.078962
7.4284363
7.6452785
6.8842053
7.317889
7.1010475
7.1010475
6.9947524
6.2336793
5.578901
5.689448
5.4726057
7.2158465
5.689448
6.3442264
5.6937
6.1273837
6.016837
5.689448
5.795743
6.77791
5.578901
6.339974
6.2336793
5.689448
5.689448
6.2336793
7.3221416
5.578901
6.667363
6.556816
6.339974
6.1188803
6.7736583
7.6452785
6.1188803
6.2294273
6.123132
6.9947524
6.556816
6.667363
7.5347314
6.556816
7.317889
7.1010475
6.556816
7.7558255
7.1010475
6.2294273
6.556816
7.1010475
7.1010475
7.8621206
6.9905005
7.7515736
7.317889
6.8799534
8.295805
8.295805
7.207342
8.185258
7.7515736
7.6452785
6.9905005
7.8621206
7.7515736
8.078962
8.623194
7.5347314
6.663111
8.078962
7.9684157
7.8621206
7.317889
7.4241843
7.7515736
7.6452785
7.207342
7.207342
7.207342
7.317889
8.078962
7.857869
7.9684157
7.7515736
7.207342
7.7515736
8.185258
8.185258
7.313638
7.096796
7.7515736
7.4241843
8.185258
8.618942
8.618942
8.508395
8.074712
7.857869
8.729489
8.074712
8.946331
7.9684157
8.185258
7.857869
8.618942
8.618942
8.185258
7.4241843
7.9684157
7.096796
7.313638
8.729489
8.185258
8.185258
8.185258
6.5525646
6.9905005
6.663111
8.618942
8.4021
7.9684157
7.5304804
7.7515736
8.4021
7.6410265
8.185258
8.512647
8.185258
7.4241843
7.5347314
7.207342
8.185258
7.4241843
7.6410265
7.207342
6.4462695
6.7736583
7.6452785
7.1010475
6.9905005
7.317889
6.2294273
7.6452785
6.339974
7.5347314
6.667363
5.795743
6.8842053
6.556816
7.207342
7.207342
7.313638
7.5347314
6.9905005
7.096796
6.663111
6.8799534
7.317889
7.207342
7.4241843
6.663111
7.4241843
7.7515736
7.9684157
7.7515736
7.6410265
6.4462695
7.317889
7.1010475
7.5347314
6.4462695
7.6452785
6.4462695
7.1010475
6.9905005
7.207342
6.663111
6.4462695
6.556816
6.339974
5.795743
5.795743
5.3620586
6.123132
5.689448
5.795743
6.450521
6.77791
6.123132
6.8842053
6.123132
6.012585
6.3442264
5.0346694
5.90629
5.583153
5.1452165
5.799995
5.90629
6.2336793
5.90629
5.1452165
6.016837
5.689448
5.583153
5.4768577
5.038922
4.4946904
5.038922
5.038922
4.928375
5.3663106
5.4726057
4.928375
5.799995
4.3841434
4.4946904
4.4946904
5.2557635
5.3663106
5.038922
5.795743
5.1452165
6.3442264
5.90629
5.578901
5.90629
5.689448
6.2336793
5.90629
4.6009855
5.90629
6.77791
5.795743
6.2336793
4.8178277
4.928375
5.689448
5.2557635
5.689448
5.1452165
5.1452165
5.2557635
5.1452165
4.2735963
5.795743
6.450521
5.795743
4.8178277
5.3620586
5.799995
5.799995
5.9105415
4.4946904
4.4946904
4.8220797
4.4946904
5.038922
4.4946904
4.2778482
4.171553
4.3883953
4.715784
3.737869
3.848416
3.737869
3.5210268
2.9767957
3.5210268
3.5210268
4.6094894
4.065258
3.4104798
3.737869
4.2821
3.737869
3.5210268
3.737869
4.4989424
3.954711
2.972544
3.6273217
3.6273217
3.4104798
3.844164
3.6273217
3.844164
3.1936376
3.844164
3.737869
2.6494067
3.954711
3.4104798
3.844164
3.5167751
3.844164
4.4989424
3.6273217
2.972544
3.4104798
2.8662488
3.299933
2.8662488
3.844164
3.299933
3.4104798
3.1936376
3.4104798
4.171553
3.4104798
3.4104798
3.5210268
3.848416
3.4104798
3.631574
2.7599535
2.7599535
2.7599535
2.9767957
2.7599535
2.9767957
3.631574
3.3041847
3.0873425
2.5431116
3.3041847
2.6536584
1.6757431
2.2199743
2.4368165
2.5473633
1.6757431
1.8925852
1.7862899
2.65791
1.5694479
0.8083746
0.9189216
1.1357636
1.5736997
0.59153247
1.0252168
0.48098555
1.896837
2.224226
1.6799948
1.7862899
1.896837
1.3526058
1.1357636
1.896837
1.2463106
1.2420589
1.2420589
2.330521
1.6757431
2.2199743
2.2199743
1.2420589
0.91466975
0.91466975
0.9189216
1.4589009
1.6757431
0.8083746
2.330521
1.5694479
1.7862899
2.1136792
1.6757431
2.2199743
0.91466975
0.69782764
1.2420589
1.1357636
1.0252168
2.1094272
1.6757431
1.565196
2.9810476
1.8925852
1.8925852
2.1094272
2.4368165
1.7862899
2.5473633
0.91466975
1.3526058
1.5694479
1.2420589
1.7862899
1.0252168
1.2420589
1.4631528
0.8083746
0.3746904
1.4631528
-0.16954076
0.3746904
0.7020795
1.1357636
0.1578483
0.7020795
0.3746904
1.0294685
0.48098555
1.2463106
2.224226
1.3526058
2.003132
0.91466975
2.4368165
1.6757431
2.4368165
2.6536584
3.0873425
2.3262694
3.0873425
2.7599535
2.8705006
2.9767957
2.2157223
2.6536584
3.5210268
3.1936376
3.414732
2.2157223
3.1936376
3.0873425
3.6273217
3.3041847
3.4104798
4.065258
3.0830908
3.6273217
3.737869
3.0830908
3.6273217
4.0610065
4.2778482
4.4946904
4.3883953
4.0610065
4.4946904
3.844164
4.928375
4.8220797
4.2778482
5.2557635
4.605237
4.2778482
5.1494684
3.844164
4.7115326
4.3883953
5.038922
4.4946904
4.605237
4.8220797
4.4989424
3.7336173
4.9326262
4.605237
4.3883953
3.737869
3.0830908
4.171553
3.5167751
4.171553
3.954711
3.299933
4.171553
4.3883953
4.8220797
5.038922
4.2778482
4.2778482
5.4726057
4.3841434
4.3841434
4.928375
4.3841434
5.689448
5.578901
4.7072806
5.6851964
6.339974
5.795743
6.7736583
5.791491
6.8799534
6.663111
6.663111
6.663111
6.4462695
7.207342
7.096796
7.207342
6.008333
6.663111
7.4241843
5.791491
6.9905005
6.5525646
6.663111
6.663111
6.1188803
6.769407
6.3357224
6.8799534
6.663111
6.663111
7.096796
7.207342
6.663111
6.5525646
6.4462695
6.5525646
7.207342
6.1188803
6.8799534
6.663111
6.2294273
7.207342
6.4462695
6.667363
5.1452165
5.90629
4.928375
5.251512
6.2294273
6.2294273
6.556816
6.2294273
6.556816
6.012585
6.339974
5.902038
6.7736583
6.4462695
6.4462695
6.8799534
7.207342
7.1010475
6.4462695
6.663111
7.207342
6.663111
6.9905005
6.9905005
6.9905005
6.663111
6.7736583
6.2294273
6.9905005
6.1188803
6.4462695
5.574649
6.008333
6.8799534
6.3357224
6.4462695
7.7515736
6.769407
6.8799534
7.857869
7.747322
7.203091
7.5304804
8.835785
7.419933
8.397848
8.074712
8.181006
7.096796
7.096796
6.5525646
7.4241843
7.4241843
7.207342
6.2294273
7.1010475
6.8842053
6.123132
6.7736583
6.556816
6.8842053
6.2336793
5.795743
4.928375
5.4726057
6.016837
5.799995
5.583153
4.167301
4.0610065
5.1494684
4.8220797
4.7115326
4.0610065
4.2778482
4.0610065
3.5167751
4.2778482
3.844164
3.844164
5.1494684
4.0610065
5.3663106
4.2778482
5.038922
4.7115326
4.6009855
4.4946904
4.928375
4.7115326
4.4946904
4.8220797
4.167301
3.7336173
4.605237
5.583153
4.3841434
5.578901
5.1452165
4.928375
5.4726057
4.056754
4.167301
4.0610065
4.3841434
5.038922
5.2557635
3.9504592
4.8220797
4.4946904
3.9504592
4.2778482
3.7336173
4.7115326
4.4946904
3.8399122
4.8220797
4.8220797
4.605237
3.7336173
4.3883953
4.4989424
3.4104798
3.844164
3.737869
3.737869
3.4104798
3.4104798
2.9767957
4.2821
3.848416
3.9589627
3.5210268
3.1936376
3.3041847
4.065258
3.0873425
3.0873425
2.5431116
3.0873425
2.7599535
3.737869
3.3041847
2.9767957
3.4104798
3.3041847
3.4104798
2.7599535
3.737869
3.3041847
3.3041847
3.4104798
2.9767957
3.3041847
3.737869
3.1936376
3.4104798
3.299933
3.844164
3.6273217
4.2778482
4.3883953
4.605237
4.2778482
4.171553
4.2778482
4.4946904
4.167301
5.038922
5.4726057
4.3841434
4.928375
6.016837
6.016837
5.3620586
4.928375
5.038922
4.928375
5.689448
5.2557635
5.9105415
4.2778482
5.3663106
5.2600155
4.4989424
4.715784
4.715784
3.6273217
4.065258
3.5210268
3.5210268
3.737869
3.954711
3.631574
3.6273217
3.848416
3.4104798
3.631574
3.6273217
3.0830908
3.848416
3.5210268
3.5210268
3.737869
3.0873425
3.5210268
3.737869
3.1936376
4.715784
4.171553
3.844164
4.8220797
4.0610065
5.038922
4.0610065
4.2778482
4.8220797
4.0610065
4.4946904
4.4946904
4.3883953
4.2778482
4.2778482
4.8220797
4.8220797
5.3663106
4.8220797
4.2778482
4.7115326
4.7115326
4.0610065
4.4946904
4.7115326
4.4946904
4.0610065
5.038922
5.038922
4.3841434
5.2557635
5.038922
4.7115326
5.2557635
5.799995
5.2557635
6.2336793
6.2336793
4.928375
5.689448
5.4726057
5.2557635
5.689448
4.928375
5.689448
6.2336793
6.1273837
5.4726057
5.038922
5.4726057
4.605237
3.7336173
4.3883953
4.605237
4.3883953
3.954711
5.2600155
4.0610065
3.954711
4.3883953
4.605237
3.954711
3.737869
4.3883953
4.2821
4.715784
4.0610065
4.2821
4.171553
4.715784
3.6273217
4.826331
4.171553
4.3883953
3.844164
4.2778482
4.171553
4.9326262
4.715784
5.4768577
4.9326262
4.2778482
5.038922
4.7115326
4.4946904
5.2557635
4.8220797
5.3663106
4.9326262
4.3883953
5.804247
4.4989424
5.038922
5.038922
6.1273837
5.795743
5.689448
4.6009855
6.016837
5.1494684
5.038922
5.3663106
5.583153
5.038922
4.928375
5.583153
5.4726057
4.928375
5.583153
5.6937
4.3883953
5.5874047
4.715784
4.605237
4.8220797
4.605237
5.4768577
4.715784
5.0431733
5.2600155
5.2600155
5.4768577
4.3883953
4.715784
4.605237
4.4946904
5.9105415
5.799995
4.9326262
5.583153
4.8220797
5.038922
5.038922
5.583153
4.8220797
5.2557635
5.4768577
6.1273837
4.7115326
6.016837
5.1452165
6.2336793
6.016837
5.4726057
6.016837
5.1494684
5.2557635
5.3663106
5.038922
6.1273837
5.6937
5.583153
5.2557635
5.2557635
5.3663106
5.1452165
4.8220797
5.583153
5.799995
5.689448
5.2557635
5.799995
5.583153
4.4946904
5.6937
5.3663106
5.799995
5.3620586
5.90629
5.90629
5.799995
6.3442264
5.4726057
4.928375
5.6937
5.1494684
6.1316357
5.6937
5.804247
5.4768577
5.4768577
3.954711
5.2600155
5.3663106
5.1537204
4.4989424
4.9326262
4.936878
4.715784
4.826331
5.1494684
4.826331
4.826331
5.9105415
4.3883953
4.9326262
5.9105415
5.6937
4.8220797
6.3442264
5.4726057
6.016837
6.561068
6.8884573
6.77791
6.016837
6.1273837
5.689448
5.038922
5.799995
6.3442264
5.4726057
5.2557635
6.1273837
4.605237
6.0210886
4.605237
5.1494684
5.4768577
5.2600155
4.8220797
5.3663106
5.0431733
4.4989424
5.1494684
4.605237
5.1494684
5.3663106
5.038922
5.3663106
5.3663106
4.7115326
5.583153
5.9105415
5.2557635
5.6937
5.2600155
5.1494684
5.0431733
4.171553
4.4989424
3.954711
4.4989424
5.2600155
5.6979513
4.3926473
4.503194
4.065258
4.1758046
3.631574
3.5210268
4.3926473
3.7421207
4.2821
4.065258
3.848416
4.4989424
4.2821
4.065258
3.3041847
3.631574
3.6273217
4.4989424
4.4989424
4.715784
5.0431733
4.715784
4.9326262
5.1494684
6.237931
5.3663106
5.4768577
4.9326262
5.038922
5.799995
5.4768577
5.2557635
5.583153
5.3663106
5.4768577
5.1494684
4.928375
5.9105415
5.6937
4.7115326
5.1494684
5.4768577
4.8220797
5.1452165
5.1494684
5.4726057
6.671615
6.3442264
5.689448
5.689448
5.689448
6.561068
5.799995
6.3442264
6.454773
6.016837
6.2336793
6.2336793
6.671615
5.90629
6.561068
5.4768577
4.8220797
5.3663106
4.9326262
5.2600155
4.826331
4.3883953
4.826331
5.0431733
4.171553
3.844164
4.2821
4.4989424
4.3883953
4.715784
4.8220797
5.2557635
5.3620586
5.4726057
5.2557635
6.016837
6.016837
5.689448
5.689448
6.123132
6.9905005
7.8621206
7.4241843
7.207342
7.207342
6.8842053
7.1010475
6.339974
7.1010475
7.8621206
7.207342
8.623194
6.5525646
6.5525646
6.667363
7.1010475
7.5347314
6.012585
6.4462695
6.4462695
6.4462695
7.317889
7.317889
7.1010475
7.317889
7.6452785
7.317889
7.7515736
7.4241843
7.4241843
7.8621206
7.9684157
7.4241843
7.6452785
7.7515736
6.663111
7.5347314
8.078962
7.7515736
7.7515736
8.078962
6.7736583
7.1010475
6.339974
6.016837
6.2336793
6.561068
6.561068
6.123132
6.123132
6.2336793
6.77791
6.561068
6.016837
6.77791
6.450521
6.123132
5.90629
5.578901
7.1010475
6.2336793
6.4462695
6.123132
6.123132
6.7736583
7.5347314
7.5347314
7.207342
6.9905005
7.096796
7.4241843
7.4241843
6.8799534
7.096796
7.6410265
7.4241843
6.9905005
7.6410265
7.313638
7.4241843
7.747322
8.4021
8.508395
8.397848
8.94208
8.725238
8.181006
8.181006
8.508395
8.397848
9.163173
8.94208
8.508395
7.747322
8.835785
8.618942
7.747322
8.725238
8.835785
8.946331
8.4021
8.618942
7.6410265
7.6410265
7.207342
7.7515736
7.5347314
6.8799534
7.317889
7.5347314
7.207342
7.207342
7.7515736
7.207342
6.9905005
6.2294273
6.4462695
6.2294273
7.5347314
6.9905005
6.9905005
7.207342
6.9905005
7.5347314
6.7736583
6.7736583
7.7515736
7.9684157
7.207342
7.207342
6.769407
7.207342
7.207342
7.207342
7.313638
7.9684157
7.4241843
7.096796
7.857869
7.9684157
7.5304804
7.9684157
6.8799534
7.5304804
6.986249
8.397848
6.875702
7.857869
6.986249
7.4241843
7.313638
7.203091
7.9641643
7.857869
6.986249
6.769407
7.5304804
7.419933
8.725238
9.269468
7.853617
8.2915535
7.9684157
8.2915535
7.857869
7.747322
7.747322
7.207342
6.663111
6.3357224
7.4241843
7.207342
6.663111
6.7736583
5.795743
6.556816
6.339974
6.667363
6.667363
5.90629
5.4726057
5.3620586
5.251512
5.0346694
5.90629
5.578901
5.90629
5.3620586
5.90629
5.4726057
5.90629
6.123132
4.6009855
5.2557635
5.4726057
4.4946904
4.928375
4.928375
4.8178277
5.4726057
4.7115326
4.4946904
4.928375
4.928375
5.1452165
5.90629
5.578901
6.123132
6.2294273
6.339974
6.8842053
5.468354
5.0346694
4.928375
5.4726057
5.90629
5.1452165
6.450521
5.795743
6.123132
5.578901
5.3620586
6.123132
4.924123
5.578901
4.2778482
4.7115326
4.3841434
5.4726057
4.7115326
4.2778482
4.2778482
3.844164
4.605237
4.3883953
4.605237
4.8220797
3.9504592
3.844164
3.844164
3.954711
3.0830908
3.737869
2.5388596
3.4104798
4.065258
2.8662488
3.1936376
3.4104798
3.6273217
3.1936376
2.7557018
2.8662488
3.7336173
4.2778482
3.844164
3.9504592
3.299933
3.737869
3.4104798
4.3883953
3.299933
4.171553
2.7557018
3.9504592
3.7336173
3.8399122
3.6273217
4.171553
3.299933
2.6494067
2.7557018
3.954711
3.954711
2.972544
3.5167751
4.0610065
2.6494067
4.0610065
3.0830908
2.972544
4.2778482
3.5167751
5.038922
5.2557635
4.4946904
4.0610065
4.0610065
3.0830908
3.844164
3.406228
4.2778482
3.954711
4.2778482
3.844164
4.171553
3.737869
3.1936376
3.737869
3.5210268
2.5388596
2.6494067
2.8662488
2.9767957
3.4104798
2.9767957
1.9988803
2.9767957
3.5210268
3.4104798
3.6273217
3.5210268
3.737869
3.0830908
2.8662488
2.4325645
3.844164
3.4104798
3.6273217
4.0610065
3.6273217
3.7336173
3.0830908
3.6273217
2.972544
2.8662488
2.8662488
3.6273217
3.1936376
3.844164
4.4989424
3.6273217
4.0610065
2.6451547
4.171553
3.5210268
2.4325645
3.0830908
3.1936376
2.8662488
3.3041847
2.9767957
2.3220174
2.9767957
2.7599535
2.6494067
2.3262694
1.565196
2.4368165
2.5431116
2.7599535
1.9988803
2.2157223
1.9988803
2.2157223
2.6536584
2.6536584
2.2199743
1.9988803
2.4368165
1.237807
1.565196
1.8925852
2.2199743
1.565196
0.59153247
0.04730134
0.48098555
0.04730134
0.48523736
0.9189216
0.9189216
0.8083746
-0.38638288
0.48523736
0.59153247
0.9189216
0.59153247
0.9189216
0.69782764
0.26414344
0.3746904
0.91466975
0.48098555
0.8083746
1.348354
1.2420589
2.4368165
1.7862899
1.7862899
1.4589009
0.8041228
2.1094272
2.6536584
2.5431116
1.8883334
2.7599535
1.7820382
2.1094272
1.237807
2.1094272
2.1094272
2.3262694
2.5431116
2.3262694
2.4325645
2.7599535
3.4104798
2.5431116
2.5431116
1.7820382
1.565196
2.1094272
1.348354
3.0873425
2.7599535
3.1936376
2.4325645
2.7599535
2.8662488
3.3041847
2.5431116
1.9988803
2.6536584
2.7599535
2.1094272
3.414732
1.9988803
2.5431116
2.5431116
1.8925852
2.003132
1.1315118
1.8925852
1.8925852
2.1094272
1.896837
1.4589009
1.1315118
1.6757431
2.9810476
2.9810476
2.6536584
2.7599535
2.7599535
3.954711
2.6494067
4.065258
3.0830908
3.954711
4.2821
3.0830908
4.3883953
4.3883953
3.62307
5.1494684
3.7336173
3.9504592
4.171553
3.4104798
4.4989424
3.5167751
4.605237
4.8220797
3.7336173
4.928375
4.8220797
3.7336173
3.844164
4.2778482
3.7336173
4.8220797
4.0610065
3.7336173
4.8220797
4.6009855
5.038922
4.7115326
4.6009855
5.038922
5.689448
6.561068
5.578901
5.90629
5.3620586
5.3620586
5.1452165
5.689448
4.928375
5.3620586
4.7115326
5.2557635
5.9105415
5.038922
4.4946904
4.2778482
4.0610065
3.954711
3.1936376
4.171553
3.737869
4.171553
4.171553
4.6094894
3.737869
4.4989424
3.954711
4.4989424
4.171553
3.844164
3.844164
4.2778482
3.9504592
4.4946904
4.2778482
4.3883953
4.4989424
4.0610065
4.2778482
4.7115326
5.583153
4.7115326
5.038922
4.167301
5.2557635
5.2557635
3.9504592
5.1494684
5.4726057
6.2336793
5.795743
5.251512
5.1452165
5.1452165
5.90629
5.2557635
5.2557635
4.8220797
4.3841434
5.799995
4.928375
4.928375
5.2557635
5.4726057
5.578901
5.90629
6.450521
6.123132
5.689448
6.016837
5.4726057
6.561068
5.2557635
5.4726057
5.4726057
5.038922
4.8220797
4.9326262
4.605237
4.9326262
5.4768577
4.4989424
4.2821
4.6094894
4.3926473
4.1758046
3.737869
4.715784
4.6094894
3.954711
3.6273217
4.6094894
3.954711
3.1936376
3.4104798
4.4989424
4.3883953
3.844164
4.605237
5.2600155
4.0610065
4.715784
3.7336173
4.9326262
4.605237
5.1494684
4.0610065
5.038922
4.715784
4.8220797
4.605237
4.8220797
4.9326262
3.299933
4.3883953
4.4946904
4.0610065
4.8220797
4.2778482
4.605237
5.038922
4.0610065
5.3663106
4.8220797
5.583153
4.7115326
5.4726057
6.450521
6.8884573
6.3442264
6.016837
6.016837
5.1494684
5.578901
6.561068
6.561068
5.583153
5.799995
5.2557635
6.0210886
5.038922
5.0431733
5.804247
4.3883953
4.4989424
4.4989424
4.2821
4.4989424
4.065258
4.065258
4.503194
4.6094894
3.5210268
4.3926473
3.631574
4.2821
4.936878
3.737869
4.4989424
4.065258
4.715784
3.848416
4.4989424
4.715784
4.605237
4.715784
5.3663106
4.605237
4.167301
5.3663106
5.038922
5.4726057
6.237931
5.583153
6.561068
5.9105415
5.3663106
4.715784
4.2778482
4.0610065
4.605237
5.1494684
4.605237
5.4768577
4.605237
5.3663106
6.0210886
4.9326262
4.8220797
5.1494684
4.8220797
4.8220797
4.605237
3.6273217
6.0210886
4.2778482
5.1494684
5.038922
6.237931
6.016837
6.016837
5.4768577
4.8220797
5.0431733
5.038922
4.4989424
5.804247
4.0610065
3.6273217
4.4989424
4.171553
4.826331
3.954711
3.737869
4.2821
3.1936376
4.3926473
4.2821
4.2821
4.171553
5.5874047
5.1494684
5.3663106
5.804247
4.171553
4.171553
5.4768577
4.6094894
5.1494684
6.561068
6.3442264
5.2557635
5.2557635
6.454773
6.3442264
4.928375
5.2557635
5.038922
6.3442264
5.2557635
6.8884573
6.016837
6.016837
6.016837
6.561068
5.578901
6.450521
6.561068
5.4726057
6.8884573
6.667363
6.450521
6.450521
6.2294273
5.90629
7.2115946
7.317889
7.6452785
7.317889
7.9726677
7.317889
7.2115946
7.6452785
7.8621206
7.317889
8.189509
7.8621206
7.9726677
7.1010475
7.317889
7.538984
7.4284363
7.1010475
7.538984
7.2115946
6.556816
6.556816
7.8663726
6.2336793
5.799995
6.016837
5.4726057
5.4726057
6.2336793
5.90629
6.2336793
6.339974
6.450521
6.339974
6.2336793
7.2115946
6.2294273
7.4284363
7.4284363
6.8842053
7.207342
7.5347314
8.078962
7.096796
8.295805
7.8621206
7.207342
7.9684157
7.7515736
6.663111
6.9905005
7.4241843
7.5347314
8.295805
7.096796
7.207342
7.9684157
7.7515736
7.5347314
7.4241843
7.5347314
7.6410265
8.185258
7.7515736
6.8799534
7.7515736
7.313638
7.313638
7.6410265
7.313638
7.747322
8.4021
8.4021
8.185258
8.185258
7.207342
7.4241843
8.078962
7.4241843
8.295805
7.8621206
7.9684157
7.8621206
7.4241843
7.8621206
6.663111
8.078962
7.5347314
7.5347314
6.7736583
7.1010475
6.339974
7.7558255
6.667363
7.7558255
6.667363
6.9905005
6.9905005
7.207342
7.4241843
7.207342
8.078962
7.8621206
6.7736583
7.5347314
7.317889
8.078962
7.7515736
7.096796
7.4241843
8.078962
7.7515736
7.4241843
7.4241843
6.8799534
8.078962
6.8799534
7.9684157
7.857869
8.835785
8.185258
6.9905005
8.078962
7.4241843
7.5347314
7.317889
8.623194
7.207342
7.4241843
7.5304804
7.207342
6.769407
6.9905005
7.7515736
7.7515736
7.096796
7.4241843
7.207342
6.7736583
6.556816
6.4462695
7.207342
6.663111
6.9905005
7.317889
6.8799534
7.5347314
7.1010475
5.90629
6.339974
7.4284363
6.339974
5.90629
5.578901
6.123132
4.8178277
5.799995
5.689448
6.2336793
6.016837
5.2557635
5.689448
5.689448
5.3620586
5.795743
6.123132
6.556816
5.3620586
5.90629
6.2294273
6.339974
5.90629
6.012585
6.123132
6.339974
6.2294273
6.667363
6.7736583
6.556816
6.4462695
7.5347314
6.3357224
6.9905005
6.7736583
6.4462695
7.5347314
6.4462695
6.9905005
6.556816
6.1188803
6.1188803
6.9905005
7.6410265
7.6410265
8.4021
7.4241843
7.096796
7.4241843
6.3357224
6.8799534
6.9905005
7.6410265
7.7515736
8.074712
7.6410265
7.096796
7.5304804
7.096796
7.096796
7.5347314
6.8799534
8.078962
6.663111
6.663111
6.123132
6.663111
6.3357224
6.556816
6.667363
5.90629
6.339974
5.578901
5.90629
5.4726057
5.689448
6.123132
5.795743
6.2336793
5.578901
6.8842053
5.90629
6.556816
4.8178277
5.3620586
5.795743
6.123132
6.012585
6.2294273
5.6851964
6.663111
6.9905005
7.207342
5.468354
5.90629
5.251512
6.2294273
7.207342
6.9905005
6.8799534
6.5525646
7.7515736
7.096796
7.313638
7.4241843
7.313638
7.096796
7.6410265
7.7515736
7.7515736
7.4241843
7.096796
6.8799534
7.096796
7.207342
7.9684157
6.5525646
6.663111
6.3357224
6.7736583
6.663111
6.012585
5.902038
6.339974
5.6851964
5.6851964
5.6851964
6.123132
6.123132
5.90629
5.4726057
5.2557635
4.4946904
4.7115326
4.167301
5.4726057
4.7115326
4.928375
4.7115326
4.4946904
4.8220797
3.844164
4.605237
3.0830908
3.189386
4.605237
4.167301
4.3883953
4.2778482
2.7557018
3.299933
4.3883953
4.171553
3.5167751
5.038922
4.167301
4.8220797
4.2778482
3.62307
5.2557635
4.0610065
4.4946904
4.8220797
4.8220797
4.8220797
4.4946904
4.928375
4.2735963
4.2735963
5.1452165
5.038922
4.7115326
4.928375
4.7115326
3.9504592
5.4726057
5.2557635
4.8178277
5.2557635
4.928375
4.8220797
4.2778482
3.9504592
4.0610065
4.8220797
4.4946904
5.038922
3.7336173
3.7336173
3.299933
3.1936376
3.1936376
3.737869
3.1936376
2.6494067
3.737869
3.5210268
3.0873425
2.9767957
2.8705006
2.6536584
1.348354
2.9810476
2.003132
2.5431116
2.6536584
2.7599535
2.6536584
1.348354
1.9988803
2.7599535
3.1936376
3.5210268
2.6494067
3.737869
3.6273217
2.8662488
2.9767957
3.1936376
2.7599535
2.8662488
3.3041847
3.6273217
3.5210268
3.737869
2.6494067
2.6494067
3.6273217
2.4325645
3.5210268
4.065258
3.6273217
3.1936376
3.844164
3.6273217
3.4104798
3.954711
3.1936376
3.954711
3.0830908
2.9767957
3.4104798
2.8662488
3.299933
4.3883953
3.9504592
3.5167751
3.299933
3.6273217
3.6273217
3.5210268
3.737869
2.9767957
2.9767957
3.6273217
2.9767957
2.6494067
3.1936376
3.5210268
3.5210268
3.631574
3.4104798
2.4325645
2.7599535
2.8705006
2.3262694
3.3041847
2.5431116
2.6494067
2.9767957
2.7599535
3.3041847
2.9767957
2.6536584
3.0873425
2.5431116
3.3041847
3.737869
3.5210268
3.1936376
2.7599535
3.0873425
2.9767957
2.4325645
3.4104798
3.299933
4.4989424
3.7336173
2.8662488
3.6273217
3.737869
3.4104798
3.6273217
4.9326262
3.299933
3.6273217
3.737869
4.4989424
4.2778482
4.7115326
4.0610065
4.8220797
3.9504592
3.844164
3.62307
3.844164
4.2778482
4.2778482
4.928375
4.605237
4.605237
4.605237
5.583153
4.8220797
4.4946904
5.3663106
5.583153
5.038922
4.928375
4.167301
5.3663106
4.605237
4.0610065
4.3883953
4.2821
4.4989424
3.737869
3.4104798
3.5210268
3.1936376
3.737869
4.065258
3.1936376
2.8662488
2.9767957
3.631574
3.3041847
3.1936376
4.9326262
4.3883953
3.7336173
4.171553
4.3883953
4.2778482
4.7115326
5.3663106
4.3841434
4.928375
5.3620586
4.4946904
5.1452165
5.2557635
5.1494684
5.038922
4.2778482
4.8220797
3.7336173
4.0610065
3.7336173
5.583153
4.4946904
3.7336173
4.7115326
4.2778482
4.9326262
4.2778482
4.605237
4.7115326
4.7115326
5.038922
4.0610065
3.844164
5.038922
4.167301
4.167301
5.583153
5.4726057
4.928375
5.1452165
5.9105415
5.90629
6.123132
6.016837
5.90629
5.2557635
5.038922
4.605237
4.4946904
4.605237
5.2600155
4.2778482
5.0431733
5.0431733
4.2821
2.8662488
4.2821
3.1936376
4.065258
4.171553
3.631574
4.065258
3.1936376
4.171553
3.6273217
3.954711
3.844164
4.826331
4.605237
4.3883953
3.737869
4.167301
3.9504592
4.7115326
4.7115326
4.7115326
5.583153
4.928375
4.3841434
4.7115326
4.3841434
5.2557635
5.3663106
6.3442264
4.928375
5.3620586
6.339974
4.928375
5.2557635
5.1452165
3.9504592
4.7115326
5.799995
4.2778482
4.605237
4.605237
4.715784
4.8220797
6.1273837
5.038922
4.3841434
5.2557635
4.7115326
5.3663106
4.2778482
4.9326262
4.605237
4.3883953
4.171553
4.3883953
3.954711
4.826331
4.715784
3.954711
4.065258
3.954711
3.1936376
4.065258
3.631574
2.7599535
3.848416
3.848416
2.9810476
4.06951
3.848416
3.5210268
3.3041847
3.7421207
3.737869
3.631574
2.9767957
3.1936376
3.4104798
4.6094894
4.3883953
3.4104798
3.954711
3.737869
4.065258
3.954711
3.737869
3.737869
3.954711
4.171553
4.715784
4.9326262
3.954711
3.6273217
3.0830908
3.6273217
3.4104798
3.954711
3.848416
4.4989424
3.4104798
3.737869
4.2778482
4.3883953
4.8220797
5.2557635
4.605237
4.2778482
4.605237
3.7336173
5.3663106
4.0610065
5.038922
5.3663106
5.038922
4.8220797
6.237931
4.9326262
4.4946904
4.605237
5.1494684
4.8220797
4.9326262
3.954711
4.6094894
4.065258
3.848416
4.065258
4.065258
3.4104798
3.631574
3.631574
2.7599535
3.1978896
3.1978896
2.4368165
2.2199743
3.0915945
2.9810476
3.0915945
3.0873425
2.8705006
2.6536584
2.2199743
2.2199743
1.4589009
2.2199743
3.5252786
2.5431116
3.9589627
2.9767957
3.0873425
3.0873425
3.3041847
3.631574
3.737869
3.848416
3.6273217
3.4104798
3.737869
3.1936376
3.1936376
3.3041847
4.065258
2.9767957
3.4104798
4.1758046
3.299933
4.715784
4.9326262
3.5167751
4.2778482
5.1494684
3.844164
5.9105415
5.038922
5.2557635
5.799995
4.4946904
5.4726057
5.038922
5.1452165
5.2557635
5.038922
4.8220797
4.605237
4.0610065
4.605237
5.1494684
5.4768577
4.3883953
5.6937
4.171553
3.737869
4.171553
4.2821
3.6273217
4.2821
4.2821
4.4989424
3.5210268
3.737869
3.3041847
3.737869
2.8662488
3.848416
3.848416
3.737869
4.065258
3.4104798
3.1936376
3.5210268
4.3883953
4.2778482
4.3883953
4.715784
4.605237
4.3883953
3.844164
4.605237
4.4946904
4.0610065
5.9105415
5.038922
4.0610065
4.715784
4.2778482
3.299933
4.0610065
4.605237
4.4946904
4.4946904
5.2557635
4.3841434
5.689448
5.038922
4.928375
4.8220797
4.2778482
4.3883953
5.038922
4.2778482
4.8220797
4.928375
4.4946904
4.4946904
4.9326262
4.4946904
5.4768577
5.1494684
4.605237
4.8220797
4.0610065
3.7336173
3.844164
3.4104798
4.4989424
3.6273217
3.954711
3.737869
3.737869
3.737869
3.848416
2.9767957
3.5210268
3.5210268
3.954711
3.844164
3.844164
3.844164
4.3883953
4.3883953
3.9504592
5.1494684
4.8220797
4.2778482
4.0610065
4.6009855
4.7115326
4.7115326
5.583153
4.3841434
4.7115326
4.8220797
4.3883953
4.2778482
4.8220797
4.7115326
3.844164
3.9504592
4.0610065
3.954711
3.4104798
3.844164
3.5167751
4.605237
4.8220797
4.605237
5.1494684
5.3663106
3.8399122
3.9504592
4.2778482
4.4946904
5.583153
5.689448
5.3620586
6.2336793
4.8178277
5.3620586
5.4726057
5.90629
6.016837
6.2336793
5.0346694
4.928375
5.2557635
4.3883953
4.2778482
4.9326262
5.3663106
4.2778482
4.7115326
4.8220797
5.6937
4.8220797
4.2778482
4.0610065
5.038922
4.605237
4.605237
4.605237
3.954711
4.171553
3.954711
3.954711
3.4104798
3.954711
4.3883953
4.171553
3.954711
4.9326262
3.844164
5.3663106
4.167301
4.2778482
4.8220797
4.2778482
5.6937
4.928375
4.2778482
4.928375
4.928375
5.689448
5.4726057
5.1452165
5.038922
4.7115326
5.1452165
4.6009855
5.4726057
4.928375
5.038922
3.9504592
5.6937
5.038922
4.928375
5.038922
5.3620586
5.3620586
5.038922
6.016837
5.3620586
5.689448
5.795743
4.6009855
5.4726057
5.038922
4.3841434
5.4726057
4.7115326
4.3883953
4.4946904
4.8220797
4.0610065
3.7336173
3.7336173
4.8220797
4.3883953
3.6273217
3.6273217
4.171553
3.737869
3.954711
4.715784
3.5167751
3.844164
4.4946904
4.0610065
5.1494684
5.583153
4.3841434
5.3663106
5.4726057
4.928375
5.3620586
5.90629
5.90629
5.4726057
6.123132
5.2557635
5.4726057
5.578901
5.0346694
5.90629
6.77791
5.578901
5.795743
6.8842053
6.9947524
6.556816
5.578901
6.339974
6.012585
6.2294273
6.9905005
6.2294273
6.2294273
6.9905005
6.7736583
6.1188803
6.4462695
6.012585
6.556816
6.012585
7.4284363
6.663111
5.902038
6.8842053
7.317889
6.2294273
7.4241843
6.8799534
7.4241843
7.207342
7.4241843
7.7515736
6.556816
6.8799534
7.207342
6.9905005
6.9905005
6.9905005
7.1010475
6.2294273
6.667363
6.450521
6.2336793
6.123132
6.012585
5.795743
7.4284363
5.795743
6.339974
6.4462695
6.2294273
6.9905005
5.795743
7.5347314
6.9905005
6.663111
7.207342
6.2294273
6.556816
6.4462695
5.795743
6.012585
5.795743
6.1188803
6.556816
5.6851964
6.8842053
5.795743
6.012585
6.012585
6.2336793
5.795743
5.795743
6.339974
6.012585
6.339974
5.795743
6.123132
6.450521
5.578901
5.578901
5.4726057
5.3620586
5.3620586
5.3620586
5.3620586
6.123132
4.6009855
4.928375
5.4726057
5.4726057
5.038922
5.689448
5.4726057
4.928375
5.4726057
5.4726057
5.2557635
5.4726057
5.799995
4.4946904
4.928375
4.8220797
5.1494684
4.4946904
4.605237
4.171553
5.1494684
3.844164
3.7336173
4.9326262
4.2821
3.299933
2.7557018
4.065258
3.954711
3.954711
4.4989424
3.1936376
4.171553
4.171553
4.0610065
3.0830908
4.171553
3.844164
3.0830908
3.299933
4.3883953
3.5167751
3.6273217
3.844164
4.4946904
4.3883953
3.0830908
4.0610065
4.171553
4.0610065
4.2778482
4.605237
3.299933
3.5167751
4.3883953
4.3883953
4.0610065
3.6273217
4.3883953
3.844164
4.8220797
5.1494684
4.605237
4.0610065
4.3883953
4.8220797
4.605237
5.038922
5.799995
5.2557635
4.7115326
5.799995
4.928375
5.038922
5.038922
5.2557635
4.0610065
4.4989424
4.605237
5.038922
4.605237
5.038922
5.038922
4.0610065
4.0610065
4.715784
3.4104798
3.5167751
5.6937
4.2778482
5.2557635
5.038922
5.4726057
4.0610065
4.8220797
4.3883953
4.605237
4.4946904
5.038922
5.2557635
5.4726057
5.795743
5.0346694
4.928375
5.90629
5.4726057
5.90629
5.90629
5.3620586
6.2336793
5.578901
5.578901
6.450521
5.3620586
4.7115326
5.799995
4.928375
5.4726057
5.583153
5.689448
4.928375
5.583153
5.038922
4.928375
5.9105415
4.7115326
5.2557635
4.3841434
4.7115326
5.799995
4.3841434
4.928375
4.8220797
5.4726057
5.4726057
5.2557635
5.4726057
4.4946904
4.7115326
5.2557635
4.2778482
5.1494684
4.4946904
4.605237
4.0610065
4.167301
3.5167751
5.3663106
4.0610065
4.0610065
4.605237
2.972544
3.4104798
3.954711
4.0610065
3.6273217
4.4989424
4.8220797
4.0610065
4.8220797
4.2778482
4.3883953
4.8220797
3.844164
3.7336173
4.0610065
4.3883953
5.1494684
4.605237
3.9504592
5.1452165
4.928375
4.928375
4.8220797
5.2557635
4.7115326
4.3883953
4.605237
4.4989424
4.8220797
4.8220797
4.3883953
4.171553
4.8220797
3.9504592
5.038922
4.605237
4.605237
3.6273217
4.715784
3.6273217
4.171553
4.8220797
4.8220797
4.0610065
5.6937
4.928375
4.3883953
4.0610065
4.171553
4.2778482
4.2778482
4.7115326
5.2557635
4.3883953
4.715784
4.3883953
4.4946904
4.605237
4.605237
4.605237
4.8220797
4.605237
4.3883953
5.1494684
3.7336173
4.171553
4.605237
3.844164
4.8220797
5.6937
5.2557635
5.038922
5.578901
5.3620586
5.90629
5.689448
5.578901
4.3841434
4.7115326
4.928375
5.4726057
4.928375
4.928375
5.2557635
4.605237
4.2778482
4.3883953
4.8220797
4.171553
4.0610065
4.605237
4.9326262
3.954711
4.8220797
4.605237
5.1494684
4.0610065
5.1494684
4.7115326
4.0610065
4.2778482
5.038922
4.2778482
4.9326262
4.0610065
3.844164
4.2778482
4.928375
5.2557635
5.1452165
5.689448
4.6009855
4.928375
5.2557635
5.90629
5.3620586
5.3620586
5.3620586
5.4726057
5.689448
5.90629
5.90629
4.8178277
5.1452165
4.7115326
4.7115326
5.038922
5.1494684
5.3663106
4.0610065
4.8220797
4.7115326
3.9504592
5.3663106
4.4946904
4.0610065
5.583153
4.928375
4.8220797
5.4726057
4.4946904
4.4946904
5.3663106
4.928375
4.8220797
5.689448
5.4726057
5.1452165
6.667363
6.012585
5.6851964
6.667363
6.123132
6.339974
6.556816
6.4462695
6.7736583
7.5347314
6.4462695
7.317889
6.2294273
6.4462695
6.012585
5.795743
5.578901
5.689448
5.90629
5.689448
6.450521
5.90629
4.8178277
5.689448
5.3620586
5.578901
5.90629
5.578901
5.578901
6.77791
6.123132
5.578901
6.2336793
5.251512
5.90629
5.4726057
6.77791
5.3620586
5.4726057
4.928375
4.605237
4.715784
5.2557635
5.583153
5.1452165
6.454773
4.605237
4.715784
5.583153
4.928375
5.2557635
5.4726057
5.2557635
5.038922
6.2336793
5.799995
6.667363
6.123132
6.339974
6.339974
6.2336793
6.9947524
6.012585
6.450521
7.3221416
6.339974
6.556816
6.9947524
6.9905005
6.2294273
6.9947524
6.556816
5.795743
6.123132
5.795743
6.339974
7.4284363
6.9905005
5.468354
5.902038
5.795743
6.556816
6.450521
6.123132
6.8842053
7.317889
6.9905005
8.078962
6.663111
6.4462695
6.7736583
6.9905005
6.2294273
7.4284363
6.7736583
6.556816
6.012585
7.317889
6.4462695
5.251512
5.3620586
5.799995
5.038922
5.4726057
5.689448
6.016837
4.928375
5.4726057
5.799995
4.167301
4.8220797
5.1494684
4.3883953
4.605237
4.8220797
4.9326262
5.2600155
4.171553
4.171553
4.171553
3.4104798
3.4104798
5.2600155
4.2778482
4.4946904
4.0610065
4.4946904
5.1494684
3.7336173
4.4989424
4.9326262
5.2600155
5.583153
5.038922
6.016837
5.4726057
5.90629
4.4946904
5.038922
4.8220797
5.4768577
5.583153
5.2557635
5.038922
5.9105415
4.2778482
5.4768577
4.605237
4.8220797
5.1494684
5.038922
5.6937
5.038922
5.1494684
5.4726057
5.583153
4.928375
4.928375
6.3442264
5.2557635
5.689448
6.123132
6.561068
6.8884573
5.795743
5.799995
5.90629
6.2336793
5.799995
5.799995
6.237931
6.1273837
5.4768577
5.9105415
5.4726057
5.9105415
5.1494684
5.2600155
4.171553
5.2600155
5.4768577
5.804247
4.9326262
4.826331
5.1494684
5.2600155
4.9326262
4.3883953
5.4726057
4.2778482
5.2557635
5.3663106
5.1494684
5.038922
5.6937
5.038922
4.8220797
5.1452165
6.012585
6.667363
6.123132
6.016837
5.4726057
5.799995
5.2557635
6.1273837
5.689448
6.016837
6.561068
5.3620586
6.667363
7.2115946
6.556816
7.317889
6.339974
6.012585
6.663111
6.7736583
6.9905005
8.078962
6.663111
8.078962
6.8799534
6.9905005
6.7736583
7.6452785
8.189509
7.207342
7.7515736
7.207342
6.9905005
6.9905005
7.6452785
6.7736583
6.016837
7.2115946
7.1010475
6.667363
6.450521
6.8884573
6.77791
5.583153
4.8220797
5.583153
6.561068
5.90629
6.1273837
6.3442264
6.016837
5.3620586
6.2336793
6.8884573
6.561068
6.450521
5.583153
6.450521
5.795743
7.4284363
6.9905005
6.7736583
6.7736583
6.556816
6.667363
6.450521
6.7736583
6.7736583
7.538984
7.1010475
6.556816
6.2294273
6.663111
7.317889
6.8842053
7.317889
6.663111
7.6452785
6.7736583
6.8842053
6.556816
7.1010475
7.317889
6.556816
6.2294273
7.317889
6.339974
6.9905005
6.7736583
6.663111
6.7736583
7.6452785
8.078962
7.317889
7.7515736
7.5347314
7.8621206
7.6452785
6.9905005
6.7736583
6.9905005
7.6452785
6.556816
7.3221416
7.7558255
5.90629
7.8663726
6.123132
5.578901
6.3442264
6.123132
6.1273837
5.799995
5.4726057
6.016837
6.3442264
6.561068
6.016837
5.799995
5.583153
6.1273837
5.038922
5.9105415
6.2336793
5.689448
6.016837
6.450521
5.1452165
6.8884573
5.689448
5.689448
6.3442264
6.450521
5.1452165
6.1273837
5.689448
5.689448
5.799995
6.561068
5.90629
5.799995
5.90629
6.016837
6.561068
6.3442264
5.799995
6.454773
5.583153
5.2557635
6.016837
5.799995
4.7115326
6.016837
6.016837
5.038922
6.237931
5.1494684
4.4946904
5.6937
4.9326262
4.9326262
5.4768577
5.2557635
5.038922
5.9105415
5.6937
4.3883953
4.9326262
4.715784
3.6273217
5.0431733
4.4989424
4.065258
4.715784
4.4989424
3.737869
4.3926473
4.1758046
3.848416
4.3926473
4.2821
4.6094894
4.826331
4.720036
3.5210268
3.954711
4.1758046
4.2821
4.6094894
3.5210268
3.954711
3.631574
3.848416
3.848416
3.631574
3.848416
3.954711
4.3926473
4.4989424
4.715784
4.4989424
4.4989424
4.715784
3.954711
4.171553
4.715784
3.844164
4.4989424
4.8220797
5.1494684
5.1494684
6.237931
4.7115326
5.038922
4.4946904
5.4726057
4.605237
5.583153
5.799995
5.4726057
5.4726057
5.90629
6.450521
5.583153
5.3663106
5.1494684
6.0210886
4.9326262
4.9326262
5.4768577
5.3663106
6.0210886
4.605237
5.9105415
5.6937
4.9326262
5.2600155
5.9105415
4.715784
5.0431733
4.9326262
4.4946904
5.6937
5.038922
5.583153
5.6937
5.1494684
5.3663106
4.4946904
4.605237
5.799995
5.2557635
5.3620586
5.3620586
6.123132
6.339974
6.016837
6.667363
5.90629
6.450521
6.77791
7.2115946
6.556816
6.339974
7.4284363
7.8621206
6.3357224
7.5347314
8.078962
7.5347314
7.5347314
6.8842053
7.8621206
7.317889
7.1010475
8.078962
6.4462695
7.207342
7.8621206
6.9905005
7.207342
7.4241843
6.9905005
7.6410265
6.663111
7.4241843
6.7736583
7.8621206
7.317889
7.7515736
7.7515736
6.663111
7.6410265
8.295805
6.769407
7.5347314
7.4241843
7.5347314
7.207342
6.9905005
7.317889
6.8799534
7.317889
6.7736583
7.317889
6.7736583
6.9905005
7.207342
7.8621206
6.450521
6.9947524
6.9905005
6.4462695
7.207342
7.207342
7.7515736
6.9905005
7.8621206
8.189509
7.7515736
6.9905005
7.5347314
7.7515736
7.317889
7.8621206
8.078962
7.4241843
6.663111
7.8621206
6.9905005
7.207342
7.207342
7.207342
6.9905005
6.4462695
8.078962
7.4241843
6.663111
7.7515736
7.7515736
7.207342
7.857869
7.4241843
7.747322
8.508395
7.6410265
7.9684157
7.4241843
7.317889
7.1010475
7.096796
7.6410265
8.295805
7.9684157
7.4241843
7.207342
6.663111
7.5347314
7.207342
6.4462695
6.9905005
7.317889
7.317889
7.1010475
6.556816
5.795743
5.689448
6.123132
5.90629
6.016837
5.578901
6.2336793
4.7115326
5.799995
5.1452165
5.4726057
6.1273837
5.90629
6.667363
6.667363
6.016837
5.795743
6.123132
6.663111
6.667363
6.77791
6.339974
6.123132
6.9947524
7.317889
6.4462695
6.123132
6.9947524
6.450521
6.450521
6.561068
6.016837
4.928375
4.6009855
6.2336793
5.90629
5.3620586
6.2336793
5.689448
5.90629
5.9105415
6.016837
6.2336793
6.016837
5.689448
6.016837
5.90629
5.795743
5.3620586
5.689448
5.689448
5.578901
6.9947524
5.578901
5.578901
6.123132
5.795743
5.3620586
6.2336793
5.799995
4.8220797
6.237931
6.3442264
5.689448
6.454773
6.1273837
6.1273837
4.715784
4.4946904
5.1494684
5.799995
5.3663106
5.9105415
4.605237
4.9326262
4.9326262
4.065258
4.171553
3.737869
4.171553
4.3883953
4.715784
5.2600155
5.3663106
4.8220797
4.6009855
5.9105415
4.8220797
5.038922
5.2557635
5.583153
5.799995
6.2336793
5.2557635
5.799995
5.799995
5.583153
5.578901
6.016837
4.928375
5.799995
6.123132
5.90629
5.3620586
5.2557635
5.3663106
5.2557635
5.1494684
6.1273837
5.4726057
5.90629
6.123132
6.016837
6.561068
4.8178277
6.123132
5.4726057
6.561068
5.799995
6.016837
6.016837
5.583153
5.799995
4.167301
5.6937
4.9326262
6.348478
4.9326262
5.4768577
4.9326262
4.9326262
4.715784
4.715784
4.065258
4.171553
4.1758046
3.954711
3.844164
5.3705626
5.9105415
5.038922
4.9326262
5.1494684
5.1494684
5.038922
5.3663106
6.1273837
5.799995
5.583153
5.4726057
6.016837
6.016837
4.928375
5.038922
5.3663106
5.9105415
5.9105415
5.799995
6.016837
5.689448
6.2336793
5.1452165
6.016837
5.90629
6.016837
6.1273837
5.2557635
6.561068
6.9947524
6.556816
6.339974
6.339974
6.2336793
6.1273837
6.2336793
5.9105415
6.016837
5.3663106
5.2557635
5.583153
6.3442264
6.8884573
6.561068
5.689448
6.561068
6.123132
6.016837
6.016837
6.3442264
6.892709
6.0210886
5.9105415
6.237931
5.4768577
6.0210886
6.0210886
5.4768577
4.826331
3.954711
4.9326262
4.503194
3.848416
3.848416
4.1758046
4.503194
4.3926473
4.1758046
5.264267
4.6094894
4.065258
4.6094894
4.3926473
4.2821
3.954711
3.844164
4.3883953
5.0431733
4.8220797
5.2600155
4.9326262
5.6937
5.9105415
4.605237
4.8220797
6.7821617
5.689448
6.016837
5.6937
5.583153
5.1494684
5.1494684
4.9326262
5.2600155
4.9326262
4.065258
4.3926473
4.4989424
4.065258
4.715784
3.737869
4.065258
4.6094894
4.826331
5.3705626
5.0431733
4.6094894
4.6094894
4.6094894
4.4989424
4.2821
4.171553
4.065258
4.6094894
4.1758046
4.1758046
4.503194
4.503194
3.3041847
4.613741
3.1978896
3.8526678
3.4189837
4.180057
4.06951
4.180057
4.06951
2.4368165
3.3084364
4.180057
3.0915945
3.2021413
2.6536584
3.6358256
3.5252786
2.8747523
3.414732
4.613741
3.5252786
3.9589627
4.1758046
4.503194
3.5210268
4.1758046
3.631574
4.720036
3.7421207
3.9589627
3.0873425
4.065258
3.737869
4.6094894
4.720036
4.1758046
3.631574
4.3926473
3.9589627
3.5210268
4.1758046
4.2863517
3.631574
4.1758046
3.9589627
4.6094894
4.826331
3.737869
4.171553
4.1758046
3.848416
4.720036
4.6094894
4.2863517
5.264267
4.720036
4.936878
5.1537204
5.481109
4.065258
5.264267
4.720036
4.936878
4.613741
4.2863517
3.414732
5.268519
3.3084364
3.7421207
4.2863517
3.9632149
3.9632149
4.617993
3.2021413
1.7905419
2.3347728
2.7684572
2.1136792
2.5473633
2.9810476
2.9810476
4.3968987
3.5252786
2.7642052
4.507446
2.7642052
3.1978896
3.5252786
4.503194
3.3041847
4.1758046
4.6094894
4.9326262
4.936878
4.9326262
4.6094894
5.3705626
5.0431733
5.2600155
4.3926473
5.0474253
5.0431733
4.065258
4.065258
5.2600155
4.065258
4.2821
5.3705626
4.2821
4.2821
5.3705626
4.065258
4.503194
4.503194
4.936878
4.4989424
5.5874047
4.605237
4.2821
5.3705626
6.1316357
5.2600155
5.2600155
6.348478
5.481109
6.0253406
5.0431733
4.826331
5.914794
4.826331
4.936878
4.3926473
4.720036
4.503194
4.94113
4.94113
3.631574
4.94113
4.613741
4.3926473
5.1579723
5.0474253
3.5252786
3.1978896
3.9589627
4.3926473
4.06951
4.6094894
5.0474253
3.737869
4.613741
4.503194
3.9589627
4.1758046
5.0474253
4.1758046
4.503194
4.613741
3.848416
3.3041847
5.3705626
5.3705626
5.1537204
4.936878
4.4989424
4.065258
4.3926473
4.065258
4.4989424
4.4989424
4.826331
5.2600155
6.0253406
4.4989424
5.264267
4.826331
3.848416
4.715784
4.826331
4.065258
5.0431733
4.6094894
4.065258
4.936878
4.936878
4.3883953
4.826331
5.481109
4.2821
4.2821
4.720036
5.5874047
4.720036
4.613741
4.2863517
3.414732
4.503194
4.2863517
4.503194
4.503194
3.3084364
3.4189837
3.6358256
2.9852993
4.0737615
2.8747523
1.896837
2.1136792
3.4189837
3.8526678
3.3084364
3.3084364
4.830583
3.3084364
2.8705006
2.5431116
4.06951
4.3968987
3.8526678
2.9810476
3.1978896
3.5252786
4.2863517
4.1758046
3.954711
4.503194
4.1758046
3.631574
4.1758046
4.503194
3.737869
4.720036
4.1758046
3.5210268
4.065258
4.1758046
4.720036
4.065258
4.1758046
5.1579723
3.1978896
2.8705006
4.503194
4.065258
3.848416
4.3926473
4.4989424
4.2821
4.2821
5.3705626
4.4989424
5.1537204
4.936878
5.481109
5.3705626
5.5874047
4.826331
5.1494684
5.1537204
5.1537204
4.2821
4.1758046
4.830583
4.720036
3.9589627
4.2863517
4.06951
3.9589627
3.848416
3.9589627
3.3041847
4.503194
3.9589627
4.503194
4.503194
3.414732
3.9589627
3.7421207
4.503194
3.848416
4.1758046
4.6094894
4.3926473
4.1758046
4.3926473
4.065258
4.3926473
3.9589627
4.2821
4.2863517
4.1758046
4.065258
4.720036
5.1537204
3.737869
4.2821
4.936878
3.6273217
4.1758046
4.065258
3.954711
4.3926473
4.2821
3.844164
4.1758046
4.1758046
4.1758046
4.2863517
4.3926473
3.5210268
4.06951
4.3926473
4.2863517
4.065258
4.2863517
4.613741
3.848416
3.3041847
4.613741
4.1758046
3.5210268
3.8526678
3.5252786
3.414732
2.2199743
3.6358256
2.330521
3.4189837
2.5473633
1.7862899
3.0915945
2.4410682
2.65791
2.9852993
2.0073838
1.7905419
2.879004
2.4410682
2.5473633
2.8747523
2.8747523
2.7642052
4.3968987
2.7642052
2.9810476
3.3084364
2.8747523
3.0915945
1.7862899
3.4189837
2.65791
2.330521
2.1136792
1.896837
2.4410682
1.6799948
2.330521
3.2021413
1.5694479
2.224226
2.65791
2.224226
1.7862899
1.1357636
1.4631528
1.896837
1.3526058
1.5694479
2.2199743
1.896837
1.896837
0.48523736
2.0116355
2.3347728
1.2463106
1.896837
3.2021413
1.6799948
2.4410682
2.003132
1.896837
2.1136792
2.0073838
2.3347728
0.8083746
1.1357636
1.4631528
1.6842467
2.117931
1.0294685
0.9231734
0.48523736
0.26839525
1.6842467
0.37894222
-0.16528895
0.1621001
0.4894892
0.055804953
0.38319403
0.055804953
0.38319403
0.81687826
0.27264705
0.055804953
1.1442673
0.70633125
1.2505624
0.26839525
-0.38213107
1.1442673
-0.27158412
0.1621001
0.9231734
1.7905419
1.5736997
2.555867
1.7905419
1.4631528
2.3347728
2.4410682
1.6799948
2.224226
2.224226
1.6799948
2.5516152
2.3347728
1.1357636
1.7905419
1.5736997
1.3568575
1.7905419
0.26839525
0.7020795
0.7020795
1.5736997
1.2463106
1.0294685
1.6799948
2.0073838
1.5736997
1.4631528
0.8126264
1.0294685
2.224226
1.3526058
1.6799948
1.3526058
1.7905419
1.1400155
2.3347728
0.9231734
1.3568575
2.117931
1.4631528
0.7020795
2.117931
0.9231734
1.2505624
2.0116355
-0.16528895
1.4674045
1.2505624
0.37894222
-0.16528895
1.3568575
1.2505624
0.5957843
0.8126264
0.4894892
1.1400155
0.37894222
0.37894222
0.5957843
0.8126264
1.1400155
1.0294685
1.0294685
1.5736997
1.2463106
1.7905419
1.4631528
1.896837
2.4410682
3.0958462
1.5694479
1.7905419
1.6799948
2.5516152
1.896837
2.9852993
2.4410682
2.8747523
2.8747523
2.330521
2.65791
2.5473633
2.330521
1.7862899
2.1136792
3.2021413
2.9810476
2.7642052
3.3084364
2.1136792
2.5473633
2.9852993
3.0915945
4.06951
4.1758046
3.1936376
3.848416
3.631574
4.503194
3.9589627
2.9810476
2.9810476
3.3084364
3.0915945
2.5473633
4.507446
2.8705006
3.4189837
2.330521
2.0073838
1.0294685
1.3568575
0.70633125
1.2505624
1.5736997
2.224226
1.4631528
1.4631528
1.7905419
1.2463106
2.117931
1.2420589
1.6799948
2.0073838
2.224226
2.330521
2.8747523
2.6536584
2.65791
2.1094272
2.4368165
2.9810476
2.7642052
3.7421207
2.4368165
2.7642052
2.4368165
2.1136792
2.7642052
1.8925852
3.7421207
3.631574
3.3041847
3.7421207
3.631574
2.5431116
3.631574
2.9810476
3.414732
2.9767957
2.4368165
2.6536584
2.9810476
3.0873425
2.2157223
2.8705006
2.9810476
2.3262694
3.5252786
3.5252786
3.5252786
3.7421207
3.9632149
2.7599535
2.1094272
3.414732
3.414732
3.631574
2.9810476
3.5252786
2.4368165
2.8747523
2.1136792
2.1136792
2.7684572
1.896837
2.003132
2.65791
2.8747523
2.8747523
1.1357636
1.2463106
2.3347728
0.8126264
1.3526058
2.5516152
1.5694479
2.9852993
2.330521
1.6799948
2.8747523
2.003132
1.6799948
2.330521
2.4368165
2.5473633
2.330521
3.414732
2.2199743
2.6536584
3.1978896
2.8705006
2.9810476
3.8526678
2.8705006
3.9589627
3.0873425
3.3041847
3.3041847
4.720036
3.1936376
2.6494067
3.3041847
2.7599535
3.631574
3.414732
2.7599535
3.1978896
4.3926473
2.7599535
3.414732
3.631574
3.737869
3.4104798
4.065258
3.631574
3.1936376
3.848416
3.737869
3.1936376
3.7421207
3.631574
3.848416
3.848416
3.848416
4.2821
3.9589627
4.1758046
3.848416
3.5210268
3.848416
3.9589627
3.848416
4.065258
4.2863517
3.1978896
2.7642052
2.9810476
3.7421207
3.3084364
3.3084364
3.848416
3.3041847
3.848416
3.5210268
3.0873425
3.848416
4.2863517
3.3041847
4.3926473
4.065258
4.065258
3.5210268
3.5210268
3.5210268
3.737869
4.4989424
3.5210268
3.737869
4.936878
4.171553
3.4104798
4.2821
4.2821
3.737869
4.826331
4.715784
3.844164
5.0431733
4.171553
4.0610065
3.6273217
3.848416
4.6094894
3.6273217
3.4104798
4.6094894
4.9326262
4.2778482
5.6937
5.3663106
4.4946904
5.5874047
4.0610065
3.844164
4.9326262
4.605237
3.844164
6.1316357
4.715784
4.2821
3.631574
4.065258
4.065258
2.9767957
4.1758046
3.414732
2.3262694
3.3041847
3.3041847
2.8705006
2.5431116
2.9767957
2.8705006
2.5431116
4.2863517
3.5210268
3.1936376
3.7421207
3.5210268
3.0873425
3.848416
3.3041847
2.5431116
3.5210268
3.414732
3.1936376
3.737869
2.9767957
2.9767957
3.631574
3.5210268
3.5210268
3.848416
3.954711
3.1936376
4.605237
4.171553
3.954711
4.6094894
3.5210268
4.4989424
3.954711
3.737869
3.1936376
3.737869
3.737869
3.6273217
4.2821
4.065258
3.6273217
4.3926473
3.954711
3.0873425
3.954711
4.065258
2.7599535
3.631574
3.5210268
3.848416
5.0431733
3.6273217
3.5210268
4.6094894
4.065258
3.737869
5.1537204
4.171553
3.954711
4.6094894
4.3926473
3.299933
4.2821
3.737869
3.848416
4.065258
3.1936376
4.2863517
3.5210268
3.1936376
4.3926473
3.3041847
3.737869
3.414732
4.065258
4.171553
3.737869
4.826331
4.605237
3.4104798
3.6273217
4.826331
4.3883953
4.605237
5.3663106
4.4946904
4.7115326
4.605237
5.2557635
6.450521
6.1273837
6.3442264
5.2557635
3.9504592
4.4946904
5.038922
5.3663106
5.583153
4.928375
4.3841434
5.2557635
5.689448
5.689448
6.339974
6.123132
5.689448
5.689448
6.016837
5.4726057
6.450521
6.123132
6.667363
6.667363
7.2115946
6.339974
5.90629
5.3620586
5.3663106
5.2557635
5.583153
4.605237
5.799995
4.8220797
4.7115326
3.844164
4.9326262
5.4768577
4.605237
4.3883953
5.2600155
4.0610065
4.3883953
3.6273217
5.1494684
5.038922
4.7115326
5.2557635
3.9504592
5.9105415
4.7115326
5.583153
5.4726057
5.799995
4.8220797
5.2557635
5.799995
5.4726057
5.689448
5.689448
6.1273837
6.561068
6.016837
5.4726057
6.1273837
5.583153
5.038922
5.9105415
5.2557635
5.2557635
5.4726057
6.1273837
5.3620586
4.928375
4.8178277
5.799995
5.1494684
5.1494684
4.4989424
4.9326262
4.715784
4.171553
4.715784
4.0610065
3.954711
5.4768577
5.038922
5.5874047
4.3883953
4.2821
4.715784
3.6273217
4.171553
5.3663106
5.1494684
4.8220797
4.2821
4.715784
4.3883953
4.715784
4.3883953
4.715784
4.715784
4.936878
3.954711
4.1758046
4.4989424
3.3041847
3.848416
3.954711
3.848416
4.3926473
4.3926473
3.848416
4.720036
3.9589627
4.4989424
3.5210268
3.5210268
4.3926473
4.826331
3.5210268
3.1936376
3.954711
4.065258
4.9326262
3.844164
4.715784
3.848416
4.2821
4.6094894
4.936878
4.720036
4.3926473
3.954711
4.065258
4.171553
3.737869
4.171553
4.715784
5.1537204
4.3926473
4.065258
3.737869
4.0610065
4.2821
3.954711
3.954711
4.3926473
3.5210268
4.4989424
3.5210268
4.0610065
3.844164
4.3883953
5.0431733
3.844164
5.4768577
4.9326262
3.954711
3.954711
3.737869
4.1758046
3.9589627
4.2821
4.720036
4.3926473
2.9767957
4.3926473
3.737869
2.5431116
4.06951
3.5210268
2.9767957
3.9589627
4.065258
3.4104798
5.1537204
4.171553
3.848416
5.0431733
4.4989424
4.715784
4.9326262
5.038922
4.167301
5.4726057
4.605237
5.9105415
5.583153
5.9105415
4.8220797
5.9105415
4.7115326
3.9504592
5.9105415
5.689448
5.038922
6.561068
5.689448
5.038922
5.799995
5.583153
6.454773
5.689448
4.7115326
5.038922
5.689448
4.7115326
5.9105415
5.578901
5.3620586
5.3620586
5.1452165
5.1452165
5.2557635
6.123132
5.689448
5.3620586
5.3620586
5.578901
6.016837
6.561068
5.3620586
6.2336793
5.799995
6.671615
5.583153
5.038922
5.9105415
5.1494684
4.715784
5.0431733
4.3883953
3.954711
4.9326262
4.4989424
4.715784
4.9326262
4.3883953
4.171553
4.2821
4.4989424
3.5210268
3.5210268
3.6273217
3.737869
3.844164
4.8220797
4.3841434
5.4768577
4.605237
4.605237
4.0610065
4.9326262
5.2557635
4.3883953
4.3883953
4.605237
4.715784
5.583153
6.237931
5.689448
5.2557635
4.8220797
3.9504592
4.605237
5.1494684
4.605237
4.2778482
4.8220797
4.8220797
4.605237
5.583153
5.9105415
5.2557635
6.2336793
5.578901
5.1452165
6.123132
5.251512
5.578901
5.90629
5.4726057
6.2336793
5.90629
6.2336793
6.667363
5.689448
6.016837
6.123132
6.123132
5.9105415
5.038922
5.2557635
4.715784
4.7115326
4.8220797
4.605237
4.9326262
5.2557635
4.7115326
5.1494684
5.3663106
4.8220797
4.171553
4.4946904
4.605237
4.928375
5.583153
4.8220797
4.928375
5.2557635
4.928375
5.689448
6.3442264
5.2557635
5.1452165
5.2557635
4.928375
5.3620586
4.928375
5.689448
5.3620586
6.450521
5.90629
6.1273837
6.2336793
6.2336793
5.251512
6.339974
6.450521
6.339974
6.450521
6.339974
5.468354
6.667363
5.90629
6.77791
6.77791
6.4462695
5.795743
6.339974
6.7736583
6.556816
6.012585
6.339974
7.317889
6.4462695
6.556816
8.189509
6.663111
6.7736583
7.8621206
7.6452785
6.9905005
6.123132
5.90629
6.9947524
6.561068
5.90629
5.689448
5.578901
6.123132
5.2557635
4.928375
6.1273837
5.3663106
4.7115326
4.9326262
4.9326262
4.605237
5.3663106
5.2557635
5.689448
6.016837
6.77791
5.4726057
5.578901
5.578901
5.3620586
5.1452165
5.4726057
6.339974
6.123132
7.5347314
6.012585
6.9905005
6.9905005
6.556816
7.207342
6.556816
6.9947524
7.2115946
6.556816
5.0346694
6.77791
5.689448
6.2336793
6.77791
6.667363
5.3620586
6.016837
6.2336793
4.8220797
6.016837
5.4726057
5.90629
6.1273837
6.450521
5.90629
5.583153
6.123132
6.123132
5.1452165
6.2336793
6.561068
5.1452165
5.4726057
6.016837
5.2557635
6.3442264
6.1273837
4.928375
6.561068
5.689448
5.9105415
5.689448
5.2557635
4.3841434
5.1494684
4.8220797
4.605237
5.799995
5.583153
4.8220797
5.6937
5.9105415
4.3883953
5.1494684
5.799995
5.799995
5.4768577
5.799995
4.928375
5.6937
4.928375
4.7115326
4.8220797
4.7115326
5.4726057
5.4726057
6.2336793
5.1452165
5.689448
5.578901
5.251512
6.9947524
6.667363
5.578901
6.123132
5.578901
6.012585
5.90629
6.123132
6.9905005
7.9726677
7.317889
7.317889
6.9905005
7.8621206
7.5347314
7.096796
6.663111
6.663111
7.207342
7.8621206
7.5347314
7.5347314
7.5347314
7.313638
6.8799534
8.078962
7.7515736
7.096796
8.078962
7.9684157
7.317889
7.317889
7.8621206
7.317889
8.078962
7.207342
6.7736583
8.516899
7.8621206
6.4462695
7.6452785
7.1010475
6.667363
7.2115946
6.2294273
6.339974
7.317889
7.1010475
8.189509
7.317889
6.9905005
8.078962
7.8621206
6.7736583
7.7515736
6.9905005
7.9684157
7.207342
7.857869
8.2915535
8.4021
8.074712
8.2915535
8.946331
7.4241843
8.840036
8.2915535
7.7515736
8.185258
7.857869
9.052627
7.747322
7.9684157
7.9641643
8.512647
8.618942
7.747322
7.9684157
7.7515736
7.7515736
7.7515736
7.096796
7.857869
9.380016
8.725238
8.725238
9.052627
7.9641643
8.074712
9.384267
8.4021
9.596858
7.9684157
8.94208
9.596858
9.052627
9.158921
8.181006
8.181006
7.857869
7.313638
8.946331
8.512647
6.9905005
7.9684157
7.207342
7.5347314
7.4241843
8.4021
8.729489
8.512647
7.7515736
6.663111
7.5347314
7.207342
7.7515736
7.9684157
7.7515736
8.074712
7.747322
8.618942
9.052627
8.835785
7.9641643
8.508395
8.618942
9.158921
8.835785
8.94208
8.946331
8.508395
8.835785
9.380016
9.486311
8.725238
9.486311
8.94208
9.163173
8.618942
9.163173
8.185258
8.4021
8.295805
8.2915535
8.295805
8.185258
8.835785
8.074712
8.840036
8.4021
7.313638
7.5347314
7.8621206
7.9684157
8.074712
8.4021
8.618942
7.9684157
9.056878
8.185258
8.623194
7.9684157
8.078962
8.950583
7.9684157
8.4021
7.4241843
7.6410265
7.857869
8.078962
8.189509
8.406352
7.7515736
8.189509
7.5347314
8.189509
7.1010475
7.317889
7.8621206
6.7736583
7.9726677
7.538984
6.9905005
6.9905005
8.189509
7.9684157
7.4241843
7.9684157
7.5347314
6.9905005
8.300056
7.317889
7.4284363
7.4284363
6.450521
6.7736583
6.7736583
7.317889
7.1010475
6.8842053
6.123132
5.4726057
6.123132
6.667363
6.450521
5.795743
6.450521
6.8884573
5.689448
6.123132
6.450521
6.9947524
5.90629
6.667363
7.1010475
6.2294273
8.083215
7.317889
7.1010475
7.1010475
7.4284363
6.339974
8.083215
7.4284363
7.2115946
5.799995
6.561068
6.2336793
6.3442264
6.016837
5.689448
5.799995
5.3663106
4.715784
5.1494684
4.171553
4.6094894
5.0431733
3.954711
4.826331
4.6094894
5.1494684
4.9326262
3.9504592
6.348478
5.1494684
4.7115326
6.7821617
5.583153
5.1452165
6.2336793
6.8842053
7.3221416
6.450521
7.2115946
6.2336793
7.3221416
7.538984
6.556816
7.317889
7.1010475
7.9726677
6.8842053
6.561068
6.2336793
5.4726057
5.038922
7.4326887
6.339974
6.2336793
7.2115946
6.667363
6.8842053
6.012585
5.90629
6.339974
6.339974
6.667363
7.2115946
7.1010475
6.8842053
7.1010475
5.578901
6.339974
6.7736583
6.450521
7.7558255
7.8621206
7.317889
7.9726677
7.6452785
7.1010475
7.6452785
8.078962
6.663111
7.4284363
8.295805
6.7736583
8.406352
8.295805
6.9905005
7.8621206
8.078962
7.5347314
8.733741
7.9684157
7.7515736
8.406352
7.7515736
7.4241843
8.295805
7.5347314
7.4241843
7.5347314
7.313638
8.185258
8.729489
8.074712
8.185258
8.2915535
8.508395
7.4241843
7.9684157
8.185258
8.185258
7.6410265
8.074712
8.4021
8.835785
8.618942
9.163173
8.725238
8.181006
8.074712
8.94208
9.486311
9.269468
9.486311
10.247384
9.809448
9.048374
8.614691
8.94208
9.919995
9.809448
10.136837
10.89791
10.570521
10.243132
10.349427
10.787363
10.02629
10.459974
10.349427
10.353679
10.570521
10.89791
10.247384
10.136837
9.919995
9.486311
10.247384
9.703153
10.247384
9.375764
9.158921
8.94208
9.158921
8.614691
8.94208
9.919995
9.592606
9.592606
10.030542
10.89791
11.221047
9.919995
10.570521
10.787363
10.787363
10.353679
9.915743
9.482059
11.437889
11.765279
11.9821205
11.221047
11.544185
10.243132
11.331594
11.765279
10.676816
10.459974
11.004206
10.676816
10.570521
10.676816
10.243132
9.265217
9.048374
9.592606
10.02629
9.048374
10.357931
9.158921
9.809448
10.02629
10.243132
9.809448
10.464226
10.459974
9.592606
9.698901
10.243132
10.243132
10.353679
11.221047
10.787363
10.353679
10.02629
9.375764
9.375764
9.703153
9.592606
10.7916155
10.247384
9.269468
8.835785
8.618942
8.4021
8.4021
9.380016
7.857869
8.840036
8.946331
8.074712
7.6410265
7.313638
8.074712
8.729489
9.380016
7.313638
8.835785
8.618942
8.835785
8.074712
8.729489
7.857869
8.618942
7.6410265
8.4021
8.2915535
8.946331
8.725238
7.5304804
7.313638
7.7515736
7.096796
6.8799534
7.207342
7.7515736
7.857869
8.185258
8.4021
7.207342
7.857869
8.185258
7.7515736
7.6410265
7.313638
7.857869
7.207342
7.6410265
7.096796
7.4241843
6.9905005
6.663111
8.295805
7.4241843
8.074712
7.857869
7.857869
7.313638
7.207342
7.5347314
7.317889
6.7736583
6.556816
7.2115946
6.8799534
6.7736583
7.207342
7.317889
7.5347314
6.667363
6.123132
6.2336793
5.3620586
5.689448
6.450521
6.8842053
7.4284363
6.556816
6.8842053
6.667363
5.689448
5.90629
7.1010475
6.7736583
6.9905005
8.406352
7.6452785
6.1188803
7.207342
6.4462695
6.667363
7.317889
7.4241843
7.1010475
7.317889
7.317889
6.556816
6.667363
6.2294273
7.1010475
6.4462695
6.7736583
6.4462695
6.556816
6.556816
6.556816
5.6851964
6.556816
6.561068
6.450521
5.795743
6.7736583
7.1010475
6.556816
6.663111
6.4462695
6.4462695
6.8842053
6.7736583
6.339974
7.6452785
7.4241843
7.7515736
7.5347314
8.078962
7.317889
6.7736583
6.2294273
6.450521
6.9947524
5.90629
6.2336793
5.578901
5.3620586
5.689448
5.90629
4.605237
5.9105415
5.4726057
4.605237
5.804247
4.928375
5.038922
5.6937
4.7115326
4.7115326
5.038922
5.799995
6.016837
6.2336793
5.795743
6.123132
5.468354
6.9905005
6.2294273
5.795743
6.8842053
6.556816
6.7736583
7.1010475
6.7736583
6.7736583
6.9905005
7.207342
7.207342
6.7736583
6.7736583
6.9905005
7.4241843
7.5347314
6.9905005
6.4462695
7.207342
6.2294273
6.8842053
6.8842053
6.123132
6.9905005
6.8799534
7.096796
7.096796
7.096796
6.8799534
6.9905005
7.4241843
6.9905005
6.663111
7.5347314
7.7515736
8.078962
7.317889
7.5347314
7.4241843
7.6410265
7.4241843
6.2294273
7.8621206
7.1010475
7.317889
6.7736583
7.1010475
7.2115946
5.90629
5.90629
5.3620586
6.667363
5.1452165
6.556816
6.556816
7.317889
6.667363
6.7736583
6.9947524
6.7736583
5.6851964
6.9947524
6.3357224
6.8799534
7.207342
6.9905005
6.9905005
7.1010475
6.339974
6.2294273
6.8842053
6.3357224
6.8799534
6.8799534
6.9905005
6.3357224
7.317889
6.4462695
6.2294273
6.9905005
6.556816
7.207342
6.1188803
7.096796
7.096796
7.317889
7.207342
6.4462695
7.5347314
7.207342
7.4241843
7.6410265
7.9684157
8.078962
7.9684157
8.295805
7.857869
7.6410265
7.6410265
8.2915535
8.4021
7.6410265
6.663111
8.623194
6.663111
7.6452785
5.90629
6.9947524
5.799995
4.7115326
5.583153
5.4768577
5.4726057
4.8220797
4.2821
3.6273217
2.8662488
4.2821
3.4104798
3.737869
4.605237
4.0610065
5.0431733
3.844164
4.3883953
3.844164
3.844164
5.1494684
4.8220797
4.9326262
5.583153
5.038922
5.2557635
5.4726057
4.7115326
5.4726057
5.2557635
4.8220797
6.1273837
5.2557635
5.1494684
5.1494684
5.1494684
4.3883953
4.3883953
4.9326262
5.3663106
5.3663106
4.7115326
5.1494684
4.3883953
4.8220797
3.7336173
4.8220797
5.3663106
5.2557635
4.928375
5.3620586
6.123132
5.578901
5.689448
6.561068
5.795743
5.4726057
6.2336793
6.667363
5.799995
5.689448
5.4726057
5.799995
5.2557635
4.8220797
4.8220797
4.2778482
4.3883953
4.715784
4.4989424
5.1494684
4.715784
3.954711
3.5210268
3.737869
4.2821
4.3926473
3.954711
3.4104798
3.737869
4.3883953
4.4989424
3.844164
4.171553
4.2778482
3.4104798
4.826331
5.2600155
5.038922
6.454773
5.583153
4.8220797
5.4768577
5.799995
5.1494684
5.583153
5.583153
5.4726057
5.689448
5.038922
6.2336793
4.7115326
5.799995
5.583153
5.3663106
5.038922
5.9105415
5.4726057
5.2557635
5.583153
5.2557635
4.7115326
5.799995
5.689448
5.3663106
6.3442264
5.689448
6.2336793
6.123132
6.2336793
6.339974
6.339974
6.556816
6.7736583
6.012585
6.556816
6.667363
6.016837
6.77791
5.4726057
5.583153
4.7115326
5.3663106
4.8220797
4.8220797
5.038922
4.4946904
5.1494684
4.7115326
5.038922
5.1452165
5.1452165
6.016837
6.2336793
6.2336793
6.667363
7.4284363
6.9905005
7.207342
6.7736583
6.7736583
7.317889
6.3357224
6.663111
7.207342
6.8799534
7.6410265
7.4241843
7.4241843
6.663111
7.5347314
6.9905005
6.9905005
6.9905005
7.4241843
6.9905005
6.8799534
7.4241843
7.5347314
6.4462695
6.1188803
6.9905005
6.339974
6.3357224
6.663111
7.4241843
6.8799534
7.313638
6.9905005
7.317889
7.7515736
7.4241843
7.9684157
8.295805
8.618942
8.074712
8.4021
7.313638
7.5304804
7.5347314
7.6410265
7.9684157
7.4241843
7.857869
6.9905005
8.185258
8.295805
8.078962
6.8799534
7.8621206
7.207342
6.9905005
7.9684157
7.317889
6.8799534
6.9905005
7.9684157
6.9905005
7.207342
7.096796
7.4241843
7.6410265
7.9684157
8.2915535
7.313638
9.380016
8.835785
8.614691
8.2915535
8.397848
9.048374
9.703153
9.919995
9.809448
9.265217
8.8315325
10.136837
9.265217
9.375764
10.357931
9.592606
9.265217
9.375764
9.809448
10.02629
10.676816
8.720985
10.464226
9.375764
8.614691
9.375764
10.464226
9.809448
10.02629
10.681068
9.915743
9.698901
9.482059
10.787363
9.592606
10.136837
10.459974
10.02629
10.787363
10.132585
9.809448
10.464226
9.919995
9.809448
9.809448
9.592606
9.265217
10.02629
9.375764
9.703153
8.8315325
8.835785
8.835785
9.158921
8.287301
9.596858
9.809448
9.592606
9.486311
10.02629
8.94208
9.703153
9.592606
9.265217
10.136837
9.915743
10.459974
10.787363
10.459974
10.02629
10.681068
9.698901
10.243132
10.132585
9.371511
10.676816
10.787363
9.915743
10.459974
10.132585
9.048374
9.703153
10.353679
9.809448
10.570521
9.698901
10.570521
9.805196
10.132585
9.048374
9.592606
10.459974
9.371511
10.02629
10.459974
10.676816
9.915743
10.243132
11.004206
11.221047
9.915743
11.9821205
11.221047
11.1105
12.30951
11.327342
10.459974
10.243132
9.371511
10.464226
10.136837
9.375764
9.8137
10.136837
8.614691
8.725238
8.397848
7.9641643
8.725238
8.614691
8.074712
8.074712
8.181006
7.6410265
8.835785
7.747322
7.857869
8.2915535
7.857869
8.074712
8.074712
7.9641643
8.508395
8.835785
9.052627
9.380016
9.8137
8.94208
8.94208
10.464226
9.809448
9.809448
9.809448
9.919995
9.158921
9.158921
9.380016
9.052627
8.508395
8.725238
8.725238
9.486311
9.269468
8.725238
8.397848
8.508395
8.94208
8.618942
8.94208
8.508395
8.508395
9.269468
8.835785
8.508395
8.725238
8.181006
9.163173
8.508395
9.052627
8.508395
8.835785
7.9641643
9.380016
8.2915535
8.074712
7.6410265
7.4241843
8.295805
6.663111
7.6452785
7.7515736
6.663111
7.317889
7.317889
6.9905005
7.1010475
6.339974
6.8842053
6.123132
6.339974
6.9947524
6.7736583
7.5347314
7.8621206
6.5525646
7.8621206
7.096796
6.3357224
7.096796
7.313638
7.096796
7.313638
8.189509
7.4241843
6.9905005
6.8799534
7.5347314
7.207342
7.6410265
7.096796
6.9905005
6.8799534
7.207342
6.663111
6.8842053
6.2294273
6.556816
7.5347314
6.556816
6.4462695
7.1010475
7.1010475
7.4284363
6.339974
6.7736583
7.2115946
6.8842053
6.7736583
8.078962
7.207342
7.8621206
8.295805
7.317889
7.317889
7.1010475
6.667363
6.339974
6.9905005
6.2294273
7.9726677
6.7736583
7.2115946
6.339974
5.689448
7.1052995
6.561068
5.689448
6.016837
5.4726057
5.799995
5.1452165
6.3442264
5.578901
5.3620586
6.2336793
6.561068
6.667363
7.2115946
6.8842053
6.8842053
6.556816
7.6452785
7.207342
6.4462695
7.5347314
6.9905005
7.207342
7.4241843
8.406352
8.189509
7.317889
8.516899
7.4284363
7.6452785
7.9726677
7.317889
7.317889
7.317889
8.078962
6.663111
7.317889
6.9905005
7.2115946
8.189509
6.8842053
7.4284363
6.4462695
7.317889
7.9684157
7.096796
8.078962
7.1010475
6.663111
8.185258
7.857869
7.6410265
7.9684157
6.663111
7.6452785
6.9905005
7.5347314
7.5347314
7.8621206
6.7736583
7.7515736
7.7515736
6.8799534
7.6452785
7.5347314
6.8842053
6.450521
7.538984
7.1010475
7.538984
7.4284363
6.4462695
7.8621206
6.667363
6.8842053
6.7736583
6.8842053
7.1010475
7.8621206
6.8842053
7.4284363
6.4462695
7.5347314
6.4462695
7.8621206
7.313638
8.185258
7.9684157
8.512647
8.508395
7.857869
8.2915535
7.5304804
8.074712
8.185258
8.835785
9.052627
10.357931
9.375764
9.919995
9.592606
8.397848
8.725238
8.397848
8.181006
8.725238
8.397848
9.592606
9.919995
9.8137
9.919995
10.030542
9.919995
9.919995
10.02629
10.243132
10.243132
10.136837
9.809448
10.681068
10.353679
10.136837
10.136837
10.570521
10.676816
10.89791
11.331594
10.459974
10.787363
9.048374
10.1410885
9.703153
9.596858
10.247384
10.681068
10.681068
9.809448
10.247384
9.158921
10.247384
9.703153
9.486311
9.919995
9.592606
9.486311
9.809448
10.353679
10.136837
9.915743
9.703153
9.158921
9.703153
9.482059
10.136837
9.703153
10.136837
9.592606
9.158921
10.7916155
11.004206
10.570521
9.703153
9.703153
9.375764
10.464226
10.89791
10.353679
9.703153
8.618942
8.181006
8.185258
7.747322
8.181006
8.725238
7.747322
7.313638
7.9684157
8.512647
7.4241843
8.295805
7.7515736
7.6410265
8.729489
8.835785
8.185258
8.618942
8.835785
7.5304804
9.27372
8.2915535
7.9684157
8.840036
8.185258
7.6410265
7.7515736
6.9905005
7.317889
6.556816
7.317889
7.6452785
6.7736583
6.339974
6.667363
6.7736583
6.2294273
6.9947524
6.9905005
5.3620586
6.9947524
6.8842053
6.7736583
6.3357224
7.5347314
7.096796
6.663111
7.8621206
7.5347314
6.663111
7.207342
6.663111
6.7736583
7.207342
6.4462695
6.9905005
7.5347314
6.012585
6.339974
6.9947524
6.123132
6.016837
6.2336793
5.4726057
5.4726057
6.016837
5.90629
4.4946904
4.605237
5.583153
4.2778482
4.715784
4.2821
3.6273217
3.6273217
4.2821
4.2821
4.3883953
5.1494684
4.2778482
4.9326262
4.3883953
3.5167751
5.2600155
4.605237
4.605237
5.038922
5.038922
4.928375
6.454773
6.3442264
5.90629
4.928375
5.578901
6.667363
6.016837
5.799995
6.9947524
6.667363
6.3442264
5.795743
5.4726057
6.1273837
6.339974
5.795743
6.2336793
6.016837
6.556816
6.9947524
6.556816
6.339974
6.7736583
7.7515736
6.9905005
6.7736583
7.4284363
7.6452785
6.667363
5.795743
6.9947524
6.450521
6.450521
6.8842053
6.8842053
6.9947524
7.2115946
6.2336793
5.578901
6.2336793
5.578901
5.4726057
5.4726057
4.6009855
5.583153
5.583153
5.4726057
5.4726057
5.90629
6.123132
5.795743
5.1452165
5.90629
5.795743
5.3620586
6.9947524
5.3620586
6.2336793
6.77791
6.450521
6.77791
6.123132
6.1273837
5.689448
5.2557635
5.2600155
5.3663106
4.9326262
5.804247
4.605237
3.9504592
5.3705626
4.2821
3.6273217
4.6094894
3.6273217
3.4104798
6.1316357
4.3883953
5.038922
5.583153
6.016837
5.2557635
5.9105415
5.799995
6.1273837
6.1273837
5.689448
4.928375
6.016837
5.9105415
5.4726057
6.123132
5.689448
6.123132
6.667363
6.123132
6.2336793
6.9947524
6.123132
6.123132
5.90629
5.2557635
5.583153
5.3663106
4.4946904
4.7115326
4.0610065
4.2778482
4.4946904
3.5167751
5.038922
4.8220797
5.038922
4.4946904
5.038922
4.4946904
3.9504592
4.9326262
4.605237
5.038922
4.3841434
4.928375
5.4726057
6.016837
6.8884573
5.90629
5.2557635
6.671615
6.3442264
5.3663106
6.561068
6.016837
5.1452165
6.77791
5.689448
6.9947524
5.578901
5.90629
6.667363
6.339974
6.016837
6.012585
6.123132
7.4284363
6.339974
6.339974
7.5347314
6.663111
6.663111
6.8799534
7.4241843
7.4241843
7.313638
7.8621206
7.5347314
6.7736583
6.5525646
7.5347314
6.8799534
7.207342
7.9684157
7.4241843
7.6410265
7.4241843
8.729489
7.6410265
7.747322
7.5304804
7.419933
8.074712
8.070459
8.2915535
8.614691
8.725238
8.508395
8.181006
7.9641643
7.5304804
8.2915535
9.163173
7.9641643
8.8315325
8.94208
9.592606
7.853617
9.486311
9.048374
8.94208
9.269468
8.94208
9.269468
8.181006
8.508395
8.94208
7.857869
8.512647
6.986249
7.6410265
7.313638
7.7515736
6.8799534
7.857869
7.4241843
8.4021
6.663111
8.406352
7.5347314
7.9684157
8.840036
8.512647
7.6410265
8.729489
8.074712
7.747322
8.835785
8.181006
8.618942
9.052627
8.614691
10.247384
10.136837
9.158921
8.287301
8.725238
8.94208
8.835785
9.269468
8.074712
8.2915535
7.5304804
8.512647
7.747322
7.6410265
7.747322
9.163173
7.5304804
8.618942
8.074712
8.618942
7.6410265
8.946331
8.2915535
8.397848
8.181006
9.8137
9.375764
9.703153
9.592606
9.592606
9.375764
10.570521
10.353679
9.809448
9.592606
9.375764
10.247384
9.919995
8.8315325
9.592606
10.357931
9.482059
9.158921
9.375764
9.8137
10.030542
8.181006
8.508395
8.074712
7.636775
8.512647
8.835785
9.052627
8.725238
8.070459
8.618942
7.096796
7.4241843
7.5304804
8.185258
7.857869
8.2915535
7.313638
7.419933
7.9641643
8.835785
9.380016
9.375764
8.614691
9.486311
9.380016
10.030542
9.052627
8.94208
8.2915535
8.725238
7.857869
8.946331
9.269468
8.835785
9.8137
9.158921
9.380016
7.747322
8.2915535
8.185258
8.4021
7.313638
8.4021
7.5304804
7.636775
8.181006
8.725238
8.2915535
8.725238
7.747322
9.052627
8.835785
7.9641643
8.2915535
7.6410265
8.618942
7.747322
8.835785
7.9684157
8.512647
8.946331
8.623194
7.857869
8.729489
8.512647
8.078962
8.078962
8.078962
7.4241843
7.8621206
6.8799534
7.207342
6.9905005
7.317889
7.207342
6.7736583
7.207342
7.5347314
6.663111
7.9684157
6.3357224
7.7515736
6.663111
7.7515736
7.7515736
6.7736583
6.663111
7.4241843
6.9905005
7.6410265
7.096796
7.207342
7.9684157
7.9684157
7.5347314
7.9684157
7.4241843
6.663111
7.8621206
7.1010475
6.663111
7.5347314
6.769407
7.207342
5.6851964
6.7736583
6.012585
5.902038
6.012585
6.3357224
6.556816
6.339974
6.2336793
6.556816
6.339974
6.2294273
6.8799534
6.9905005
7.7515736
7.4241843
7.4241843
7.4241843
7.5347314
6.2294273
7.4284363
6.7736583
6.667363
6.556816
6.7736583
5.468354
7.6452785
5.795743
6.450521
6.8884573
5.251512
4.928375
5.4768577
5.038922
5.689448
4.928375
6.2336793
6.2336793
5.689448
5.3620586
5.3620586
5.90629
5.90629
6.450521
5.90629
5.3620586
6.012585
6.8842053
6.2336793
6.123132
5.689448
5.251512
6.450521
6.556816
6.556816
6.4462695
6.012585
5.578901
6.123132
6.7736583
6.123132
6.556816
6.667363
5.902038
5.574649
6.2294273
6.663111
7.5347314
6.663111
7.1010475
7.2115946
7.4241843
6.3357224
6.7736583
7.5347314
6.2294273
6.663111
6.9905005
6.012585
7.317889
6.2294273
6.012585
6.8842053
6.7736583
6.1188803
6.9947524
7.207342
6.012585
7.2115946
7.2115946
6.012585
6.667363
6.123132
6.7736583
5.795743
6.77791
6.450521
5.90629
6.2336793
6.2336793
6.2336793
5.3620586
5.90629
6.123132
5.1452165
6.3442264
5.2557635
4.6009855
5.4726057
5.4726057
4.6009855
5.795743
5.0346694
5.468354
6.8842053
6.667363
6.7736583
5.795743
5.90629
6.123132
5.1452165
4.6009855
5.038922
4.7115326
5.799995
5.689448
5.3620586
5.578901
6.8842053
6.8799534
7.096796
6.663111
6.2294273
6.667363
6.667363
5.0346694
6.450521
6.2294273
6.7736583
7.207342
7.207342
6.9905005
7.4241843
6.2294273
7.317889
6.7736583
7.4241843
6.9905005
7.317889
6.9905005
6.2294273
5.0346694
5.90629
4.928375
5.583153
6.016837
5.689448
4.928375
4.928375
4.928375
4.167301
4.0610065
4.605237
4.9326262
5.1494684
5.2557635
5.2557635
5.2557635
5.3620586
4.2735963
5.799995
5.1452165
6.123132
5.3620586
5.3620586
5.90629
6.339974
5.468354
6.339974
7.5347314
5.795743
6.556816
6.2294273
5.6851964
7.1010475
6.8842053
5.902038
7.317889
6.7736583
5.6851964
6.7736583
6.4462695
6.339974
6.556816
6.012585
6.556816
6.9905005
6.9905005
6.663111
6.663111
6.2294273
7.096796
6.8799534
6.8799534
7.4241843
6.986249
6.986249
7.313638
7.096796
6.8799534
7.7515736
7.6410265
6.8799534
7.6410265
7.313638
7.6410265
7.857869
6.986249
7.313638
6.769407
7.9684157
7.096796
7.096796
7.5347314
7.207342
6.8799534
7.317889
6.8799534
7.207342
6.7736583
6.7736583
6.4462695
6.339974
6.012585
6.1188803
7.207342
6.3357224
7.6410265
6.9905005
6.7736583
6.2294273
7.207342
6.663111
7.096796
7.096796
7.857869
6.5525646
7.207342
6.3357224
6.1188803
6.4462695
6.4462695
7.4241843
6.986249
6.769407
8.397848
7.526228
7.526228
7.9641643
7.5304804
7.313638
7.313638
6.769407
6.769407
7.857869
8.181006
7.419933
7.636775
8.070459
8.397848
8.070459
7.309386
8.94208
8.8315325
8.287301
9.809448
9.482059
9.375764
9.375764
8.94208
8.94208
8.8315325
9.375764
8.720985
7.853617
8.074712
7.747322
7.313638
7.096796
6.769407
7.4241843
7.207342
6.5525646
6.5525646
7.096796
6.3357224
6.5525646
6.9905005
6.769407
7.096796
7.203091
6.769407
7.747322
7.203091
6.769407
7.419933
7.747322
7.313638
7.313638
7.092544
8.074712
7.203091
7.5304804
8.181006
7.9641643
9.052627
7.309386
8.074712
8.181006
7.313638
8.835785
7.636775
8.070459
8.8315325
7.419933
8.181006
8.94208
8.181006
8.397848
9.15467
8.720985
8.287301
9.265217
8.8315325
8.937827
9.482059
10.353679
9.371511
9.588354
9.371511
9.482059
9.915743
9.265217
9.915743
8.937827
8.937827
9.809448
10.02629
9.048374
9.048374
9.048374
9.048374
8.070459
8.94208
9.375764
7.853617
8.070459
7.747322
8.504144
7.747322
9.048374
7.74307
7.526228
8.070459
8.508395
7.853617
8.074712
7.9641643
7.9641643
8.614691
7.853617
8.287301
8.070459
8.94208
8.070459
8.287301
8.070459
8.94208
9.703153
8.720985
9.809448
10.243132
9.15467
10.676816
9.915743
9.482059
9.915743
9.698901
9.805196
9.15467
10.353679
9.482059
9.265217
8.720985
9.698901
8.937827
9.809448
9.15467
9.477807
10.132585
8.937827
9.371511
8.504144
9.375764
8.287301
8.8315325
9.482059
9.265217
9.371511
9.588354
9.371511
10.243132
8.720985
9.048374
8.614691
8.725238
8.508395
7.309386
7.747322
8.074712
7.9641643
7.9641643
6.986249
7.313638
7.5304804
7.203091
6.5525646
6.986249
7.313638
6.8799534
8.074712
7.096796
6.986249
7.419933
7.857869
8.181006
7.9641643
7.9641643
8.614691
7.636775
7.092544
8.397848
7.419933
8.287301
8.504144
8.8315325
7.74307
8.720985
7.526228
8.8315325
8.8315325
8.8315325
9.048374
8.287301
8.287301
8.070459
8.504144
8.8315325
8.8315325
9.265217
9.482059
9.915743
8.720985
9.809448
9.044123
9.482059
9.698901
10.459974
10.349427
10.783112
10.566269
10.566269
10.455723
10.566269
10.0220375
10.783112
10.893659
10.0220375
9.915743
10.893659
9.698901
9.158921
8.720985
9.698901
9.265217
10.02629
9.592606
9.375764
8.614691
8.397848
7.853617
8.94208
8.504144
9.809448
9.158921
9.265217
8.720985
8.610438
9.698901
9.482059
8.937827
8.610438
9.809448
9.698901
10.02629
10.566269
10.0220375
10.243132
9.915743
9.698901
9.698901
9.915743
9.915743
10.132585
9.698901
9.915743
10.676816
10.459974
10.132585
10.132585
10.349427
9.15467
10.676816
11.327342
10.0220375
10.676816
10.676816
9.915743
10.459974
10.349427
10.132585
10.349427
10.566269
10.455723
11.1105
10.349427
10.6725645
11.1105
11.1105
10.783112
10.132585
10.566269
10.893659
11.327342
10.783112
10.783112
11.1105
10.783112
10.566269
10.893659
11.1105
10.132585
9.805196
10.132585
10.243132
10.349427
10.0220375
10.676816
10.676816
9.805196
11.004206
10.132585
10.132585
10.349427
9.588354
10.676816
10.349427
9.588354
10.893659
10.999953
10.6725645
10.999953
11.544185
10.128334
10.349427
11.1105
10.676816
10.893659
10.783112
10.132585
10.349427
10.783112
10.455723
11.1105
10.566269
9.477807
9.371511
10.459974
9.371511
11.004206
10.459974
9.805196
10.783112
10.566269
10.132585
11.327342
10.676816
10.676816
10.893659
10.459974
10.566269
11.1105
10.459974
10.893659
10.893659
10.353679
11.004206
11.331594
10.459974
10.783112
10.455723
11.221047
9.588354
9.265217
10.136837
9.592606
9.048374
9.482059
10.676816
10.459974
9.698901
11.004206
9.915743
8.287301
9.809448
9.482059
10.243132
10.570521
10.459974
10.132585
10.243132
9.044123
10.353679
9.698901
10.681068
10.893659
10.243132
10.459974
10.243132
9.809448
10.787363
9.698901
9.482059
9.809448
9.482059
9.048374
9.265217
9.375764
9.915743
9.048374
10.136837
10.02629
9.592606
8.94208
9.048374
9.592606
8.8315325
10.243132
10.459974
10.459974
10.459974
10.0220375
9.809448
9.592606
9.15467
9.482059
9.698901
10.132585
9.482059
10.243132
10.676816
9.805196
9.371511
10.676816
10.349427
9.915743
10.353679
10.243132
9.265217
8.94208
8.8315325
8.614691
7.853617
8.397848
9.158921
9.919995
8.8315325
9.269468
9.375764
7.9641643
8.397848
9.163173
8.94208
7.9641643
8.94208
8.287301
8.393597
8.720985
9.158921
9.592606
9.592606
9.919995
8.937827
9.809448
9.482059
9.15467
10.132585
9.048374
10.02629
9.15467
9.482059
9.915743
9.698901
10.349427
10.999953
11.221047
9.915743
10.459974
10.02629
10.566269
10.243132
10.132585
9.477807
9.915743
10.132585
11.004206
9.915743
9.158921
10.681068
10.243132
10.681068
10.893659
9.915743
10.676816
10.676816
11.331594
10.893659
10.243132
10.7916155
9.482059
10.353679
10.243132
11.331594
10.893659
10.459974
10.787363
10.570521
9.592606
10.247384
9.919995
9.375764
9.269468
10.353679
9.482059
10.464226
10.353679
10.02629
9.375764
9.809448
9.158921
9.265217
10.464226
9.698901
10.243132
9.915743
9.592606
10.02629
9.048374
10.136837
9.482059
9.048374
9.592606
9.915743
9.915743
10.570521
10.02629
9.482059
9.158921
9.592606
10.02629
9.15467
9.805196
10.893659
10.23888
11.327342
10.566269
10.783112
11.1105
10.23888
11.1105
10.566269
10.349427
10.893659
10.566269
10.6725645
10.893659
10.783112
11.1105
11.544185
11.433638
10.783112
11.1105
11.544185
10.999953
10.999953
11.1105
10.349427
10.459974
11.004206
10.243132
11.331594
9.698901
9.809448
9.592606
9.592606
9.265217
10.353679
9.809448
10.353679
10.787363
10.353679
10.459974
11.437889
10.349427
10.787363
10.893659
10.676816
11.331594
11.327342
10.676816
11.1105
10.23888
11.437889
11.437889
10.893659
11.1105
10.999953
11.437889
11.871573
11.654732
11.216796
10.455723
12.088415
11.977869
11.216796
11.544185
11.433638
10.455723
11.9821205
11.327342
11.544185
10.566269
10.455723
11.437889
11.437889
10.783112
11.216796
11.654732
10.6725645
10.999953
12.088415
11.761026
11.544185
11.1105
11.544185
10.999953
12.088415
11.977869
12.849489
12.738942
12.960036
12.628395
11.654732
11.327342
10.999953
11.327342
11.216796
11.221047
11.9821205
11.871573
11.1105
11.327342
11.437889
11.1105
11.437889
11.1105
10.893659
10.783112
10.783112
12.415805
11.654732
11.216796
11.433638
10.6725645
11.761026
11.216796
11.433638
11.433638
11.977869
11.216796
11.977869
11.867322
12.632647
11.977869
11.867322
11.977869
12.084165
11.867322
11.867322
12.305258
12.411553
11.216796
12.084165
12.411553
12.628395
12.301006
12.407301
13.062079
12.084165
12.845238
12.301006
12.845238
12.517848
13.823153
13.1726265
13.278922
12.628395
14.039994
13.495763
13.60631
13.385218
13.389469
12.734691
13.1726265
12.955785
12.955785
13.066331
11.867322
11.871573
12.088415
12.198963
11.654732
11.544185
11.221047
11.654732
10.783112
10.999953
11.437889
11.654732
10.783112
11.654732
11.327342
10.783112
11.544185
11.544185
11.1105
11.433638
11.216796
11.977869
11.761026
11.216796
11.106249
11.433638
12.194712
12.084165
12.5220995
11.65048
10.999953
11.544185
11.106249
11.654732
12.411553
11.544185
12.738942
12.194712
12.411553
11.977869
11.761026
11.323091
11.761026
12.194712
12.738942
11.867322
11.539933
11.761026
11.433638
11.106249
11.1105
11.216796
11.544185
10.999953
11.977869
12.305258
12.305258
11.433638
12.194712
12.088415
11.761026
11.544185
12.088415
11.433638
11.433638
11.216796
11.437889
11.654732
11.327342
11.654732
11.331594
11.765279
11.1105
10.349427
10.893659
10.459974
10.893659
10.676816
10.02629
10.243132
9.809448
9.809448
10.570521
9.588354
11.004206
10.676816
9.588354
11.1105
10.999953
10.676816
10.893659
10.783112
10.893659
11.216796
10.999953
11.216796
10.999953
10.783112
11.216796
10.783112
12.305258
12.411553
11.65048
12.305258
12.194712
11.106249
12.411553
12.628395
12.845238
12.517848
12.194712
13.062079
12.628395
12.301006
11.756775
11.323091
12.411553
12.411553
12.411553
12.084165
13.283173
13.389469
13.062079
14.150541
12.407301
13.500016
11.867322
12.411553
12.194712
11.433638
12.088415
11.977869
11.433638
12.632647
11.544185
10.999953
11.327342
11.9821205
10.783112
11.761026
11.544185
10.893659
11.544185
11.1105
11.004206
11.437889
11.654732
10.893659
11.544185
11.327342
11.1105
11.327342
9.805196
10.676816
11.327342
10.676816
11.1105
10.6725645
10.676816
10.455723
10.566269
10.783112
10.349427
10.349427
10.783112
10.893659
10.349427
11.654732
10.783112
10.999953
11.544185
10.455723
11.327342
11.1105
10.459974
10.349427
9.915743
10.459974
10.893659
11.437889
10.566269
10.783112
10.566269
11.437889
10.349427
10.23888
10.783112
11.004206
11.327342
10.893659
10.243132
10.459974
10.893659
10.570521
10.787363
9.265217
9.703153
9.158921
9.592606
8.508395
9.269468
8.725238
7.5304804
7.9684157
7.313638
7.4241843
7.313638
7.5304804
6.8799534
7.4241843
7.6410265
7.7515736
7.207342
6.3357224
6.8799534
7.4241843
7.096796
7.4241843
8.185258
7.5304804
7.4241843
7.6410265
7.4241843
7.207342
7.7515736
7.6410265
8.074712
8.618942
8.618942
8.618942
7.857869
8.2915535
8.2915535
8.2915535
8.835785
8.4021
8.508395
7.9641643
9.380016
9.158921
8.2915535
8.074712
8.508395
7.747322
8.725238
9.052627
7.9641643
8.614691
7.9641643
8.618942
8.2915535
8.074712
8.074712
8.725238
8.074712
8.835785
8.725238
9.380016
9.596858
9.269468
8.725238
8.397848
8.729489
9.056878
8.835785
9.490562
8.835785
8.946331
9.163173
8.2915535
7.7515736
7.747322
7.6410265
9.27372
9.052627
8.618942
9.056878
8.074712
8.4021
7.9684157
7.313638
8.074712
9.163173
9.163173
7.857869
8.4021
7.096796
7.9684157
7.5304804
7.857869
8.946331
9.380016
9.596858
8.94208
9.269468
8.614691
8.397848
8.397848
8.181006
8.2915535
9.052627
8.94208
8.725238
8.287301
10.136837
9.809448
9.158921
9.919995
9.375764
8.8315325
9.919995
9.265217
9.919995
9.698901
10.681068
9.915743
9.158921
10.357931
9.809448
8.8315325
10.030542
10.243132
10.02629
10.787363
10.681068
8.937827
10.681068
9.375764
8.508395
8.835785
8.508395
9.380016
9.269468
9.703153
9.269468
8.508395
8.835785
8.2915535
8.835785
8.185258
7.6410265
8.946331
9.052627
8.835785
9.707404
9.269468
7.9641643
8.618942
7.747322
7.313638
8.185258
9.052627
8.508395
9.052627
8.725238
8.287301
8.2915535
8.94208
8.725238
9.163173
8.725238
8.4021
7.857869
8.4021
8.074712
9.056878
8.4021
7.857869
7.9684157
7.9641643
8.508395
7.6410265
7.9684157
8.185258
7.4241843
7.7515736
7.8621206
8.295805
7.313638
7.5347314
8.185258
6.8799534
7.096796
6.8799534
6.8799534
7.7515736
7.1010475
7.9684157
7.5347314
7.5347314
7.7515736
7.313638
7.6452785
7.317889
6.663111
7.1010475
6.663111
7.6452785
6.7736583
6.123132
7.6452785
6.556816
6.2336793
6.8842053
6.8842053
5.1452165
7.1052995
6.339974
5.90629
6.667363
6.8842053
6.339974
6.9947524
6.012585
6.2294273
6.8842053
7.1010475
7.207342
6.8842053
6.9905005
6.7736583
7.2115946
7.1010475
6.5525646
7.1010475
6.8799534
7.4241843
6.7736583
7.317889
6.7736583
6.9905005
6.5525646
6.9905005
6.663111
6.769407
7.207342
6.5525646
7.4241843
6.663111
7.317889
7.5347314
6.663111
7.207342
6.7736583
6.663111
7.4241843
7.6410265
6.8799534
7.313638
7.313638
8.185258
7.7515736
7.207342
7.317889
7.207342
6.9905005
6.663111
6.663111
6.556816
6.7736583
7.317889
6.012585
6.339974
5.90629
5.3620586
5.799995
6.016837
5.578901
6.016837
5.90629
5.1452165
6.2336793
5.4726057
5.799995
6.450521
6.77791
5.3620586
5.795743
6.012585
7.1010475
6.123132
6.7736583
6.2294273
6.012585
6.123132
6.667363
6.012585
6.339974
6.7736583
6.339974
5.251512
6.556816
6.339974
5.578901
7.2115946
6.339974
5.3620586
6.556816
6.8842053
5.578901
6.556816
5.251512
6.123132
6.9905005
6.7736583
7.4241843
6.8799534
7.207342
7.207342
7.096796
6.8799534
6.5525646
8.185258
7.857869
7.6410265
7.9684157
6.8799534
7.096796
7.207342
6.339974
6.2294273
6.556816
7.207342
7.1010475
6.9905005
6.2294273
6.556816
5.3620586
5.90629
5.3620586
5.583153
5.2557635
5.4726057
5.1452165
5.689448
4.8178277
5.689448
4.6009855
4.928375
4.4946904
5.038922
3.7336173
4.928375
4.167301
3.8399122
4.8220797
4.167301
5.2557635
4.7115326
4.4946904
5.1452165
4.7115326
4.7115326
5.1452165
5.3620586
5.1452165
4.8220797
4.4946904
4.7115326
5.4726057
5.578901
6.012585
5.0346694
5.1452165
5.90629
5.2557635
5.90629
4.3841434
5.2557635
5.689448
4.6009855
4.6009855
5.468354
4.928375
5.0346694
4.928375
5.038922
4.3841434
4.2778482
5.2557635
5.1452165
6.016837
5.3620586
4.4946904
4.6009855
5.1452165
4.167301
5.2557635
4.928375
4.7115326
5.038922
4.6009855
5.583153
3.8399122
4.171553
4.8220797
3.5167751
4.3883953
4.3883953
3.7336173
4.0610065
5.038922
4.928375
4.8220797
4.7115326
4.3841434
4.605237
4.7115326
4.7115326
4.0610065
5.2557635
4.6009855
5.038922
4.7115326
4.167301
4.4946904
3.7336173
4.2778482
5.1494684
3.9504592
4.2778482
4.8220797
3.9504592
4.605237
5.1494684
3.6273217
4.605237
4.8220797
4.2778482
4.605237
4.3883953
3.189386
3.844164
4.4989424
4.065258
3.844164
3.844164
4.3883953
3.8399122
4.4946904
5.2557635
3.9504592
3.9504592
4.9326262
3.844164
3.5167751
4.605237
4.4946904
5.583153
5.4726057
4.167301
4.0610065
3.6273217
2.8662488
4.065258
3.4104798
3.4104798
3.1936376
3.737869
3.1936376
3.1936376
3.5210268
3.3041847
3.0830908
3.848416
2.8662488
2.8662488
3.844164
3.1936376
3.4104798
2.8662488
3.3041847
3.4104798
2.7557018
3.299933
4.4989424
3.299933
4.605237
3.9504592
4.2778482
5.038922
4.4946904
3.299933
3.7336173
3.5167751
4.2778482
5.038922
4.056754
5.583153
4.167301
5.3663106
4.167301
4.2778482
4.4946904
4.2778482
4.8220797
3.9504592
4.4946904
4.167301
4.605237
4.3841434
4.0610065
4.2778482
3.7336173
4.0610065
4.2778482
3.299933
3.6273217
3.7336173
2.8662488
3.0830908
4.171553
2.972544
4.171553
3.4104798
3.737869
3.299933
3.737869
4.2821
3.0830908
2.8662488
3.954711
3.954711
4.2778482
4.605237
4.605237
3.7336173
3.844164
3.299933
3.299933
2.8662488
4.3883953
4.0610065
3.4104798
4.605237
3.5167751
4.0610065
4.605237
4.605237
3.5167751
4.8220797
4.0610065
4.8220797
4.167301
5.038922
4.8220797
4.0610065
4.2778482
4.605237
4.4946904
3.9504592
4.4946904
5.2557635
4.7115326
5.038922
5.689448
5.578901
4.928375
4.8178277
4.928375
5.689448
4.8178277
5.4726057
4.8178277
5.578901
5.689448
5.3620586
4.6009855
4.928375
5.4726057
4.928375
4.8178277
5.4726057
5.583153
5.689448
5.1452165
5.2557635
4.8220797
4.4946904
5.1452165
5.1452165
5.90629
5.578901
4.7115326
4.928375
4.167301
4.8220797
5.2557635
4.7115326
4.8220797
4.605237
4.167301
5.038922
4.7115326
4.3883953
4.0610065
4.9326262
4.3883953
4.8220797
4.167301
4.7115326
5.1452165
5.799995
4.8178277
5.3663106
5.583153
4.7115326
5.4726057
5.2557635
6.123132
6.556816
6.123132
5.468354
6.4462695
6.339974
5.251512
6.2294273
5.468354
6.7736583
6.3357224
6.663111
6.663111
6.339974
6.9905005
5.6851964
6.1188803
6.663111
5.902038
5.902038
6.1188803
6.5525646
6.2294273
6.339974
6.4462695
5.902038
6.663111
6.7736583
6.663111
6.4462695
6.663111
7.207342
6.008333
6.663111
6.2294273
6.339974
6.4462695
6.7736583
6.7736583
6.663111
6.4462695
6.8799534
6.556816
5.902038
5.90629
5.3620586
6.450521
4.928375
5.689448
5.3620586
5.799995
5.4726057
5.2557635
5.3620586
5.468354
5.689448
5.1452165
5.3620586
5.689448
6.016837
4.8178277
5.689448
5.689448
6.012585
5.902038
6.2294273
6.1188803
5.574649
7.096796
6.2294273
6.4462695
6.2294273
6.2294273
5.902038
5.795743
5.468354
5.791491
7.5347314
7.096796
7.857869
7.096796
7.5304804
6.8799534
6.8799534
6.4462695
6.5525646
6.3357224
6.769407
7.096796
6.5525646
7.9684157
7.096796
6.769407
6.4462695
6.4462695
6.2294273
5.902038
6.2294273
6.2294273
6.7736583
6.2294273
6.2294273
6.7736583
5.795743
6.8842053
6.339974
5.3620586
5.578901
5.2557635
5.3620586
5.1494684
4.2778482
4.0610065
5.583153
5.3620586
4.8178277
5.4726057
5.038922
4.0610065
5.3663106
4.171553
3.844164
3.844164
4.171553
3.5167751
4.8220797
5.4726057
4.6009855
4.056754
5.2557635
4.3841434
4.7115326
4.2778482
4.7115326
5.1452165
4.3841434
5.038922
5.3620586
5.689448
4.7115326
6.123132
5.3620586
5.578901
5.795743
5.1452165
5.689448
5.90629
5.3620586
5.795743
5.578901
6.667363
6.012585
6.8842053
6.012585
6.2294273
5.574649
5.468354
6.450521
5.468354
6.123132
6.012585
6.339974
6.7736583
6.012585
6.7736583
6.3357224
6.1188803
6.7736583
5.578901
6.012585
5.578901
5.4726057
6.339974
5.3620586
5.1452165
4.8220797
4.4946904
4.4946904
4.8220797
3.9504592
4.0610065
4.4946904
3.6273217
4.715784
3.6273217
3.737869
3.1936376
2.8662488
3.5210268
3.1936376
2.6494067
3.0830908
3.6273217
3.844164
3.299933
4.605237
3.4104798
4.2778482
3.844164
4.9326262
3.954711
4.2778482
4.2778482
3.7336173
5.4726057
4.7115326
4.3841434
5.038922
5.583153
4.7115326
5.1452165
4.8178277
4.7115326
5.1452165
4.490439
5.1452165
5.578901
4.7072806
6.2336793
5.468354
5.468354
6.012585
5.689448
5.795743
6.2294273
5.6851964
6.012585
5.140965
6.2294273
6.012585
5.578901
5.795743
5.689448
6.2294273
5.468354
5.3620586
4.8178277
4.8178277
4.8178277
5.1452165
4.8178277
5.4726057
5.578901
6.2336793
4.8178277
5.689448
4.4946904
5.4726057
4.4946904
4.2778482
4.2778482
5.1494684
4.2778482
3.844164
4.2778482
5.4768577
3.62307
4.8220797
3.844164
4.0610065
4.0610065
4.2778482
4.3883953
3.5167751
4.0610065
3.6273217
4.0610065
4.2778482
4.3883953
4.605237
4.4946904
3.62307
3.7336173
3.6273217
4.171553
4.171553
4.2778482
3.844164
4.8220797
4.2778482
3.7336173
4.2778482
3.844164
3.299933
3.954711
4.171553
5.1494684
3.5167751
4.928375
4.928375
4.928375
5.038922
5.2557635
4.4946904
4.8220797
4.9326262
4.3883953
4.171553
4.0610065
4.7115326
4.8220797
4.7115326
3.4104798
3.4104798
3.1936376
3.4104798
4.065258
3.5210268
3.954711
3.3041847
2.9767957
2.7599535
3.1978896
2.7599535
2.7599535
3.0873425
3.3041847
3.1936376
2.5431116
2.5431116
2.8705006
2.8705006
2.6536584
3.0873425
2.7599535
3.0873425
3.737869
2.8705006
3.0873425
3.4104798
2.9767957
2.5431116
2.4325645
3.0873425
2.2157223
2.9767957
4.065258
3.0830908
3.5210268
3.5210268
2.6494067
2.5431116
2.5431116
2.3262694
3.1978896
1.565196
3.1978896
2.8705006
3.5210268
3.1936376
2.5431116
2.9767957
3.299933
2.9767957
3.5210268
3.4104798
4.2821
3.6273217
3.6273217
3.848416
3.1936376
3.5210268
3.844164
3.4104798
3.954711
3.954711
3.737869
4.065258
3.1936376
3.5210268
3.737869
3.1936376
3.954711
3.1936376
3.4104798
4.065258
3.299933
3.1936376
3.954711
3.631574
3.1936376
3.3041847
3.5210268
3.0873425
2.9767957
3.5210268
3.737869
4.4989424
3.954711
3.5210268
3.737869
3.4104798
2.8662488
2.6494067
4.4989424
4.171553
4.171553
3.954711
3.844164
3.6273217
4.3883953
3.6273217
4.171553
3.4104798
3.737869
3.6273217
4.3883953
3.1936376
3.6273217
3.0830908
3.6273217
4.0610065
4.4946904
4.715784
4.605237
4.3883953
3.5167751
4.4989424
4.9326262
4.2778482
4.8220797
5.3663106
4.7115326
5.1452165
5.1452165
4.605237
5.038922
5.3663106
5.4726057
5.038922
5.4726057
5.799995
4.7115326
5.3663106
4.7115326
4.0610065
4.9326262
3.7336173
4.3883953
4.9326262
4.0610065
3.6273217
4.715784
3.6273217
4.4989424
4.3883953
4.6094894
3.954711
3.1936376
4.065258
4.3883953
4.0610065
5.583153
4.0610065
3.4104798
4.9326262
4.715784
3.844164
4.9326262
4.2778482
3.7336173
4.8220797
3.844164
5.1494684
4.8220797
3.844164
3.844164
3.5210268
4.171553
4.171553
3.954711
4.3926473
4.715784
2.8662488
3.737869
4.171553
4.171553
4.4989424
3.4104798
4.171553
2.972544
3.4104798
3.1936376
3.954711
4.0610065
3.4104798
3.737869
3.299933
3.844164
4.8220797
4.8220797
3.6273217
3.844164
3.954711
4.2821
3.737869
4.065258
3.4104798
3.5210268
3.737869
2.9767957
2.7599535
2.1094272
2.5431116
2.1094272
2.8705006
2.7599535
2.1094272
2.6536584
2.6536584
2.4368165
2.1094272
2.003132
2.5473633
1.7862899
1.4589009
1.4589009
1.6757431
2.5473633
2.1094272
1.7820382
2.4368165
1.6757431
2.6536584
2.3262694
2.4368165
2.5431116
2.003132
2.6536584
2.8705006
2.8705006
2.6536584
2.3262694
2.2157223
3.1978896
3.3041847
2.3262694
3.414732
3.414732
2.9767957
3.848416
2.7599535
2.5431116
2.5431116
2.3262694
2.4325645
3.5210268
2.7599535
3.5210268
3.6273217
3.5210268
2.9767957
3.631574
4.065258
2.9767957
2.9767957
3.1936376
3.5210268
3.0830908
2.7599535
3.1936376
3.848416
3.9589627
3.4104798
3.3041847
3.848416
2.9767957
3.5210268
4.065258
3.414732
3.737869
3.3041847
2.9767957
3.631574
3.3041847
3.3041847
3.5210268
3.7421207
3.737869
3.4104798
2.9767957
3.631574
3.5210268
3.6273217
3.4104798
3.4104798
3.3041847
4.171553
3.299933
4.065258
3.5210268
3.5210268
4.065258
3.5210268
4.2821
3.737869
3.0830908
3.737869
3.954711
3.4104798
4.171553
3.4104798
3.6273217
4.605237
3.844164
4.4946904
4.715784
4.715784
4.0610065
4.605237
4.4946904
5.1494684
4.8220797
4.928375
4.6009855
4.4946904
6.016837
5.3620586
4.928375
4.928375
5.2557635
5.799995
5.3620586
5.90629
6.556816
6.556816
6.667363
6.012585
6.8842053
6.667363
6.012585
5.3620586
5.90629
6.2336793
5.689448
6.77791
5.689448
5.689448
6.016837
4.3841434
5.689448
5.1452165
5.90629
5.90629
5.1452165
5.578901
5.578901
5.0346694
6.123132
5.90629
6.556816
6.1188803
7.317889
5.6851964
7.4241843
6.663111
6.663111
6.9905005
6.1188803
7.5347314
6.9905005
6.8799534
7.096796
7.9684157
7.313638
7.4241843
6.8799534
6.8799534
6.7736583
6.7736583
7.096796
6.663111
7.096796
7.4241843
7.096796
7.7515736
7.4241843
7.207342
7.207342
7.207342
7.313638
7.6410265
7.207342
7.096796
7.4241843
7.207342
6.5525646
7.313638
7.313638
6.8799534
6.769407
7.4241843
7.096796
7.9684157
8.185258
6.3357224
7.4241843
7.207342
7.8621206
7.207342
7.6410265
8.074712
7.4241843
6.663111
7.857869
7.207342
6.9905005
6.9905005
7.207342
7.7515736
6.663111
6.663111
7.7515736
7.7515736
7.096796
7.207342
7.5347314
7.096796
7.4241843
7.7515736
7.207342
8.185258
6.769407
8.185258
7.313638
6.8799534
6.986249
7.313638
7.207342
6.8799534
7.857869
8.185258
7.096796
7.096796
7.6410265
7.857869
7.4241843
7.4241843
7.207342
7.4241843
6.663111
7.096796
7.4241843
7.4241843
6.8799534
7.207342
7.4241843
7.313638
7.207342
7.313638
7.6410265
7.207342
6.8799534
7.6410265
7.207342
6.8799534
6.9905005
6.9905005
6.9905005
6.663111
7.207342
6.9905005
6.9905005
7.317889
7.317889
6.123132
7.2115946
7.1010475
7.1010475
6.556816
6.123132
6.123132
6.2294273
5.795743
5.689448
6.012585
5.90629
6.339974
6.339974
6.2294273
5.795743
7.2115946
5.902038
6.7736583
6.7736583
6.339974
7.317889
6.7736583
6.8799534
6.7736583
7.1010475
6.4462695
6.339974
6.9905005
6.7736583
6.556816
6.2294273
5.795743
6.339974
6.123132
5.1452165
5.799995
5.2557635
5.038922
5.4726057
5.689448
5.3620586
4.7115326
5.4726057
6.016837
4.928375
5.2557635
5.799995
6.016837
4.928375
5.4726057
6.123132
5.3620586
6.450521
5.3620586
5.0346694
6.016837
4.7115326
5.583153
6.016837
5.3663106
5.799995
5.689448
5.2557635
5.038922
4.7115326
4.3883953
5.1494684
3.954711
4.4989424
4.715784
4.605237
5.2600155
4.605237
4.3883953
4.715784
4.605237
3.737869
4.9326262
4.0610065
4.0610065
4.9326262
4.7115326
4.7115326
5.3663106
5.9105415
4.7115326
4.7115326
5.2557635
5.2557635
5.2557635
6.016837
5.1452165
5.1494684
5.2557635
5.2557635
5.583153
6.2336793
5.799995
5.3620586
6.2336793
5.583153
5.038922
4.605237
4.605237
4.2778482
5.4768577
5.3663106
4.4946904
4.8220797
5.689448
4.928375
5.583153
5.038922
4.4946904
4.0610065
5.3663106
4.8220797
4.8220797
5.2557635
5.583153
4.8220797
4.7115326
5.038922
4.0610065
5.3663106
4.4946904
4.9326262
4.3883953
4.3883953
4.171553
3.844164
4.4989424
4.4989424
4.4989424
3.954711
3.4104798
4.3883953
4.2778482
3.954711
4.171553
3.5210268
4.2821
5.0431733
3.9504592
4.7115326
5.799995
4.8220797
4.4946904
5.038922
3.9504592
4.2778482
4.605237
4.2778482
4.3883953
4.3841434
5.4726057
4.4946904
4.928375
4.2778482
4.4946904
4.605237
4.715784
4.2821
4.0610065
4.4946904
5.038922
5.2557635
4.2778482
5.583153
4.928375
4.4946904
5.9105415
4.7115326
5.2557635
5.583153
5.3663106
4.6009855
5.4726057
4.7115326
5.038922
5.2557635
5.2557635
6.012585
5.90629
4.928375
6.123132
5.2557635
4.8220797
6.3442264
5.689448
5.799995
6.3442264
5.9105415
5.038922
4.2778482
5.038922
5.3663106
4.171553
5.4768577
4.065258
3.4104798
4.826331
5.3663106
4.167301
5.4768577
5.038922
4.9326262
3.954711
4.171553
4.0610065
3.737869
4.0610065
5.799995
4.8220797
5.4726057
5.689448
5.2557635
5.038922
6.2336793
6.123132
5.1452165
5.90629
5.251512
5.2557635
5.038922
4.928375
5.2557635
4.7115326
6.2336793
5.689448
6.2336793
5.468354
5.251512
6.123132
5.3620586
6.016837
5.90629
5.0346694
6.450521
5.795743
5.251512
6.556816
5.795743
5.795743
6.012585
5.578901
5.3620586
6.123132
5.251512
5.795743
5.468354
6.012585
6.339974
5.90629
6.556816
6.339974
5.0346694
5.3620586
4.928375
5.799995
5.799995
5.1452165
5.2557635
4.8178277
6.2336793
5.578901
5.799995
5.4726057
4.605237
4.9326262
4.4946904
4.715784
5.1494684
5.9105415
5.4726057
5.038922
5.90629
5.90629
6.016837
6.450521
5.251512
5.578901
6.339974
5.3620586
5.578901
6.123132
5.1452165
5.3620586
5.578901
6.339974
5.6851964
5.902038
6.8799534
6.556816
6.556816
6.4462695
6.7736583
6.1188803
6.4462695
6.663111
6.663111
7.5347314
6.9905005
7.207342
7.096796
7.313638
6.1188803
6.4462695
6.663111
6.4462695
6.4462695
7.4241843
7.4241843
7.313638
6.8799534
7.9684157
7.207342
7.4241843
6.8799534
7.6410265
7.207342
6.4420176
6.663111
6.4462695
6.8799534
6.012585
7.317889
6.339974
5.6851964
6.2294273
5.468354
6.339974
6.667363
5.3620586
5.0346694
6.561068
5.3620586
4.928375
5.90629
5.90629
6.123132
6.9947524
6.7736583
6.556816
6.9905005
6.9905005
6.2294273
6.2294273
6.5525646
6.8799534
6.2294273
7.096796
6.8799534
6.2251754
7.317889
7.4241843
7.207342
6.1188803
6.9905005
6.7736583
6.1188803
7.207342
6.7736583
5.6851964
6.7736583
6.012585
6.2294273
6.2251754
6.3357224
6.9905005
5.791491
6.4462695
6.7736583
6.2294273
6.4462695
7.096796
6.8799534
7.4241843
7.096796
7.313638
7.096796
7.6410265
7.4241843
6.9905005
7.4241843
7.096796
6.986249
7.4241843
7.313638
6.5525646
6.663111
6.8799534
7.5347314
6.3357224
6.012585
6.8842053
5.578901
6.123132
6.339974
6.123132
4.6009855
4.3841434
5.4726057
4.7115326
5.038922
5.689448
6.1273837
5.2557635
5.038922
5.038922
5.038922
4.7115326
4.7115326
5.799995
5.3620586
5.3620586
4.6009855
5.0346694
4.7115326
5.0346694
4.4946904
5.1452165
5.4726057
4.3841434
5.2557635
4.928375
4.7115326
5.689448
5.3620586
5.0346694
5.578901
5.3620586
5.90629
5.795743
4.6009855
5.799995
4.7115326
4.3841434
5.1452165
4.167301
5.2557635
5.038922
5.038922
4.8220797
4.2778482
5.2557635
4.4946904
3.9504592
4.4946904
4.2778482
4.2778482
4.7115326
5.038922
3.9504592
5.038922
4.605237
3.737869
4.4989424
3.6273217
3.4104798
3.6273217
3.6273217
3.4104798
4.4989424
3.299933
3.4104798
3.1936376
2.6494067
3.3041847
3.5210268
3.0873425
2.9767957
3.1936376
3.5210268
3.1936376
3.1936376
3.0830908
3.0873425
2.9767957
3.844164
2.8662488
3.1936376
3.0830908
3.737869
3.6273217
3.4104798
3.737869
3.6273217
3.4104798
3.5210268
2.8662488
3.737869
3.737869
3.3041847
2.9767957
3.0830908
3.737869
3.1936376
3.5210268
3.1936376
2.7599535
2.8662488
2.7599535
3.4104798
3.4104798
2.8662488
3.737869
2.8662488
3.6273217
3.954711
3.299933
3.5210268
3.4104798
2.9767957
3.1936376
3.1936376
3.6273217
3.0830908
3.954711
3.737869
3.299933
3.737869
3.737869
3.4104798
3.848416
3.0830908
3.3041847
3.954711
3.189386
3.848416
3.4104798
3.1936376
3.4104798
3.3041847
2.6494067
3.4104798
2.5431116
2.7599535
2.8662488
3.0830908
3.1936376
3.1936376
3.844164
2.5388596
3.6273217
3.4104798
3.4104798
3.737869
3.4104798
3.6273217
4.605237
3.844164
4.8220797
3.7336173
4.0610065
5.6937
4.2778482
4.0610065
5.038922
4.8220797
3.9504592
4.9326262
4.605237
4.0610065
3.6273217
3.1936376
4.3883953
3.844164
3.0830908
3.1936376
3.954711
2.4325645
2.5431116
2.1094272
2.2157223
3.3041847
3.3041847
3.954711
3.4104798
3.6273217
4.171553
3.299933
3.6273217
3.737869
3.844164
3.844164
3.4104798
3.844164
5.1494684
4.0610065
5.3663106
3.9504592
3.5167751
3.954711
3.844164
3.4104798
3.1936376
3.954711
4.0610065
3.737869
3.954711
3.299933
3.9504592
3.844164
3.844164
4.2778482
5.038922
4.4946904
4.605237
3.9504592
4.4946904
4.605237
3.9504592
5.1494684
5.2557635
4.167301
5.3620586
4.7115326
4.167301
5.1452165
4.928375
3.8399122
3.62307
4.8220797
3.844164
4.3841434
5.3620586
4.8178277
5.799995
4.2735963
3.9504592
4.2778482
4.605237
4.167301
5.2557635
4.8178277
5.1452165
4.928375
4.6009855
5.4726057
5.795743
5.3620586
6.016837
5.689448
4.3841434
4.928375
5.4726057
5.468354
5.90629
5.251512
5.689448
5.578901
5.0346694
5.795743
5.3620586
6.339974
6.2294273
5.6851964
5.795743
5.90629
5.0346694
6.123132
6.123132
5.795743
6.663111
6.2294273
6.012585
6.9905005
6.556816
5.3620586
6.667363
5.578901
7.1010475
6.8799534
6.9905005
7.096796
6.663111
5.791491
6.3357224
6.663111
6.4462695
7.207342
6.9905005
7.317889
6.7736583
6.8799534
6.663111
6.5525646
7.4241843
6.1188803
6.3357224
6.9905005
6.9905005
6.1188803
6.556816
6.556816
6.7736583
7.207342
5.6851964
5.902038
7.1010475
6.4462695
6.3357224
6.2294273
6.3357224
6.663111
6.012585
6.556816
5.574649
6.556816
6.7736583
6.1188803
6.2294273
7.7515736
6.4462695
6.4462695
6.556816
6.7736583
6.8842053
6.2294273
6.556816
6.4462695
7.317889
7.096796
5.795743
6.7736583
5.90629
6.123132
6.123132
5.795743
5.4726057
6.450521
5.578901
5.795743
5.578901
5.3620586
5.4726057
4.8178277
4.6009855
4.8178277
5.90629
6.016837
4.3841434
4.928375
5.799995
5.2557635
5.038922
4.167301
4.6009855
4.928375
4.3841434
4.8178277
4.7115326
4.928375
4.0610065
4.4946904
4.0610065
5.038922
4.4946904
4.7115326
5.2557635
5.2557635
4.8220797
4.4946904
4.8220797
3.6273217
4.605237
4.3883953
3.844164
4.171553
4.2778482
4.4946904
4.7115326
3.5167751
3.844164
3.4104798
3.0830908
3.6273217
4.3883953
4.171553
3.4104798
3.0830908
3.5210268
3.4104798
3.1936376
4.1758046
3.3041847
3.4104798
3.4104798
3.1936376
3.5210268
3.414732
2.7599535
3.4104798
3.5210268
3.737869
3.5210268
3.4104798
3.1936376
4.2821
3.737869
2.9767957
3.737869
3.737869
3.954711
3.5210268
3.1936376
3.4104798
3.1936376
3.0830908
3.5210268
3.1936376
4.065258
3.5210268
2.9767957
3.3041847
3.5210268
3.5210268
2.9767957
3.5210268
2.8705006
3.1936376
3.737869
2.7599535
2.9767957
2.7599535
3.3041847
2.9767957
2.9767957
2.8705006
3.0873425
3.3041847
2.6536584
3.3041847
2.7599535
2.8662488
3.848416
2.4325645
4.065258
3.1936376
3.3041847
3.414732
3.414732
3.3041847
3.3041847
3.1936376
2.9767957
3.5210268
2.7599535
2.7599535
3.1936376
3.0873425
4.3926473
2.8705006
2.7599535
2.7599535
2.5431116
2.5431116
3.848416
3.0873425
2.8705006
2.9810476
2.2199743
2.330521
1.8925852
2.7642052
2.7642052
2.4368165
1.6757431
2.1094272
2.7599535
1.9988803
3.0873425
3.3041847
3.4104798
3.1936376
3.414732
3.848416
3.1936376
3.0873425
2.9767957
2.9767957
3.1936376
3.4104798
3.6273217
3.737869
3.737869
3.1936376
3.4104798
3.3041847
3.5210268
3.848416
2.9767957
3.3041847
3.1936376
3.848416
3.737869
3.5210268
2.7599535
3.5210268
3.1936376
3.0873425
3.737869
3.954711
4.2821
4.4989424
4.2821
3.737869
3.631574
4.065258
3.848416
4.2821
3.5210268
4.065258
3.3041847
4.065258
4.065258
3.414732
3.631574
2.9767957
3.848416
3.414732
3.414732
3.5210268
4.720036
3.0873425
3.1936376
4.065258
3.631574
4.2821
3.3041847
3.6273217
4.1758046
3.954711
2.9767957
4.6094894
3.5210268
4.065258
3.954711
4.6094894
3.954711
3.844164
5.0431733
3.844164
3.6273217
4.9326262
4.0610065
4.8220797
4.9326262
4.3883953
4.4946904
4.928375
5.038922
4.8220797
4.4946904
4.4946904
4.8220797
5.3663106
4.9326262
4.9326262
4.9326262
4.605237
4.928375
4.8220797
4.7115326
4.4946904
4.928375
5.2557635
5.3620586
5.689448
5.689448
4.7115326
5.578901
5.689448
6.016837
5.4726057
5.6937
5.583153
4.7115326
5.2557635
5.4726057
4.7115326
5.2557635
5.799995
4.4946904
5.3663106
4.3883953
5.1494684
4.2778482
4.605237
5.1494684
4.4946904
5.4726057
4.8220797
4.605237
5.2557635
4.605237
5.038922
5.2557635
5.1452165
6.667363
7.4284363
6.339974
6.9905005
5.902038
7.317889
6.339974
6.9947524
6.012585
6.556816
7.1010475
6.663111
7.5347314
7.207342
7.6410265
7.317889
6.4462695
8.406352
7.6410265
7.317889
7.5347314
8.078962
7.5347314
7.6410265
6.4462695
7.207342
7.4241843
6.8799534
7.6410265
7.4241843
7.096796
6.8799534
7.5347314
6.8799534
7.4241843
6.663111
6.5525646
6.9905005
7.9684157
6.663111
7.7515736
7.6410265
6.8799534
7.313638
7.096796
6.9905005
6.9905005
7.5347314
6.663111
6.8799534
7.7515736
6.9905005
7.7515736
6.7736583
6.4462695
6.123132
5.689448
6.123132
7.4284363
6.123132
5.3620586
6.450521
6.123132
5.795743
7.1010475
6.9905005
7.317889
7.207342
6.123132
5.468354
7.1010475
6.2294273
7.317889
7.207342
6.8799534
7.5347314
7.6410265
6.663111
7.7515736
6.9905005
7.207342
6.8799534
6.1188803
6.2294273
6.663111
6.2251754
6.9905005
7.9684157
6.663111
6.9905005
7.4241843
6.9905005
6.2294273
7.4241843
6.8799534
6.3357224
6.769407
7.207342
7.4241843
6.3357224
7.096796
7.4241843
6.3357224
7.207342
7.7515736
6.986249
7.313638
7.4241843
6.769407
6.4462695
7.317889
5.6851964
6.7736583
5.90629
5.0346694
6.561068
5.799995
5.4726057
5.038922
4.605237
4.8220797
4.3883953
4.3883953
4.7115326
4.167301
5.3620586
5.799995
5.4726057
5.0346694
5.583153
5.3663106
5.1452165
5.3620586
4.928375
5.3620586
5.1452165
5.578901
5.578901
5.1452165
5.90629
4.605237
4.2778482
4.8220797
6.016837
4.2778482
4.715784
4.605237
4.2778482
4.0610065
4.605237
4.4989424
3.6273217
4.171553
4.3883953
4.9326262
5.1494684
4.171553
3.7336173
4.0610065
3.844164
4.605237
4.605237
5.3663106
4.4946904
4.4946904
4.8220797
4.7115326
4.8220797
5.1494684
4.3883953
4.171553
4.7115326
4.0610065
4.0610065
5.799995
4.2778482
4.0610065
4.9326262
3.6273217
3.954711
4.936878
4.2821
3.5210268
4.2821
3.6273217
3.4104798
3.848416
2.9767957
3.848416
2.9767957
2.5431116
3.631574
2.8705006
2.6536584
2.7599535
2.7599535
3.848416
3.5210268
3.5210268
4.065258
3.5210268
3.3041847
4.065258
3.737869
3.3041847
3.4104798
3.5210268
3.737869
3.5210268
3.737869
3.4104798
3.3041847
3.1936376
3.737869
4.065258
3.5210268
3.5210268
2.9767957
3.1936376
3.4104798
3.737869
3.1936376
3.5210268
3.3041847
2.9767957
2.6494067
3.737869
3.848416
3.6273217
3.7336173
3.5167751
4.9326262
3.844164
4.171553
4.4989424
3.844164
4.715784
3.844164
4.715784
4.3883953
4.3883953
3.299933
4.065258
3.1936376
3.737869
3.848416
3.5210268
3.3041847
3.1936376
3.737869
3.4104798
3.4104798
4.2821
4.1758046
4.3926473
3.954711
3.954711
4.6094894
4.8220797
4.2778482
6.1273837
4.8220797
5.2557635
5.038922
4.2778482
5.583153
5.038922
5.1494684
5.3620586
5.90629
5.689448
5.578901
5.90629
6.016837
5.689448
6.2336793
5.90629
6.2336793
5.468354
6.012585
6.4462695
5.468354
5.90629
6.8842053
6.4462695
6.012585
6.4462695
6.2294273
7.1010475
7.207342
6.7736583
7.317889
7.317889
6.556816
6.9905005
7.096796
7.4241843
7.5304804
7.096796
6.986249
7.6410265
6.8799534
7.6410265
7.207342
7.096796
7.313638
7.9684157
7.6410265
7.857869
6.9905005
7.9684157
7.6410265
6.7736583
8.078962
6.8799534
6.4462695
7.207342
7.317889
7.5347314
6.9905005
7.207342
6.4462695
7.317889
6.7736583
6.1188803
7.096796
7.207342
7.207342
6.4462695
7.7515736
7.313638
7.6410265
7.6410265
7.9684157
7.6410265
8.074712
8.2915535
8.074712
7.747322
7.9684157
7.313638
7.6410265
8.835785
7.857869
8.725238
7.9641643
9.380016
8.725238
8.508395
9.052627
8.181006
8.185258
8.618942
8.614691
8.070459
8.614691
8.397848
8.614691
8.287301
9.375764
7.9641643
8.508395
8.725238
7.9641643
8.725238
9.048374
9.048374
9.375764
8.94208
8.94208
9.375764
9.809448
9.375764
9.486311
9.809448
8.725238
9.052627
8.94208
7.857869
8.508395
9.052627
7.9641643
8.2915535
7.9641643
8.181006
8.94208
8.074712
8.618942
7.857869
7.313638
7.6410265
7.857869
7.857869
7.747322
7.419933
7.5304804
7.9641643
6.986249
7.7515736
7.7515736
7.096796
7.096796
7.4241843
6.663111
7.7515736
7.6410265
6.7736583
7.4241843
6.8799534
6.663111
7.7515736
6.663111
6.9905005
7.317889
6.8799534
6.7736583
6.1188803
6.8799534
6.9905005
7.5347314
6.9905005
6.4462695
8.078962
7.317889
7.4241843
7.8621206
6.9905005
6.9905005
6.9905005
7.096796
7.313638
7.313638
7.207342
7.8621206
7.5347314
6.5525646
6.8842053
5.578901
7.2115946
7.2115946
6.663111
6.7736583
7.5347314
6.556816
7.1010475
6.339974
6.561068
6.2336793
6.2336793
6.3442264
6.339974
5.90629
5.4726057
5.0346694
5.578901
5.90629
5.689448
5.2557635
6.016837
4.167301
5.9105415
5.3620586
5.689448
6.450521
5.799995
5.038922
5.689448
5.799995
6.016837
4.928375
6.561068
4.7115326
5.1452165
5.038922
4.2778482
5.583153
4.171553
4.8220797
5.038922
5.038922
4.8220797
4.4946904
4.8220797
4.8220797
3.299933
4.715784
4.171553
4.171553
4.3883953
4.605237
5.1494684
3.9504592
5.038922
4.2778482
5.2557635
4.928375
5.3663106
5.2557635
5.2557635
5.038922
6.1273837
4.4946904
5.2557635
5.4726057
5.2557635
5.799995
5.689448
5.9105415
5.799995
4.167301
5.6937
5.3663106
4.826331
5.1494684
3.954711
4.171553
4.715784
4.4946904
4.0610065
4.3883953
4.8220797
5.5874047
4.9326262
4.0610065
5.3663106
4.9326262
5.799995
4.8220797
5.1494684
4.8220797
5.6937
4.9326262
4.605237
3.954711
5.2600155
4.8220797
4.3883953
4.605237
4.3883953
4.2778482
3.4104798
4.4989424
3.737869
4.1758046
4.6094894
3.848416
4.826331
4.2821
3.1936376
4.065258
3.737869
3.9589627
3.3041847
3.848416
3.737869
4.065258
3.4104798
3.737869
4.1758046
2.9767957
2.7599535
3.414732
3.631574
3.3041847
3.3041847
3.414732
3.3041847
2.9810476
2.8705006
2.8705006
2.4368165
1.8925852
1.2420589
2.9810476
1.6757431
1.4589009
3.0915945
2.003132
2.2199743
1.8925852
1.7862899
2.5473633
2.9810476
1.565196
2.3262694
3.0873425
2.3262694
3.414732
3.0873425
1.8925852
2.8705006
2.7642052
3.631574
3.1978896
3.631574
3.0873425
2.8705006
2.6536584
1.7820382
2.7642052
2.3262694
2.6536584
3.3084364
2.4325645
2.1094272
2.7599535
2.003132
2.2199743
1.1315118
2.330521
2.9810476
1.6757431
2.1136792
2.330521
2.65791
0.9189216
2.0073838
2.003132
1.5694479
2.5473633
1.6757431
2.2199743
2.6536584
2.1094272
2.8705006
2.2199743
2.1094272
2.1094272
2.003132
3.3084364
3.0873425
3.7421207
3.848416
3.4104798
3.737869
4.2821
2.9767957
3.737869
3.9589627
4.3926473
4.3926473
3.848416
4.065258
3.9589627
3.0873425
3.1936376
4.1758046
3.414732
3.1936376
3.414732
3.5210268
2.7599535
3.848416
3.737869
3.631574
4.065258
3.3041847
3.631574
4.715784
4.3883953
4.3883953
4.8220797
4.8220797
4.8220797
4.8220797
5.6937
5.038922
4.7115326
5.1452165
5.4726057
6.561068
6.123132
5.90629
6.2336793
6.2336793
5.1452165
5.3620586
4.928375
6.450521
5.251512
5.795743
5.90629
5.3620586
6.556816
5.3620586
5.795743
5.251512
6.8842053
5.578901
5.90629
5.3620586
5.795743
6.663111
6.2294273
6.9905005
6.5525646
6.008333
6.663111
7.207342
7.096796
6.9905005
7.096796
6.9905005
6.7736583
6.663111
6.4462695
6.9905005
6.012585
7.4241843
6.9905005
6.663111
6.9905005
6.1188803
6.3357224
5.902038
6.012585
5.468354
6.667363
6.7736583
7.207342
7.4241843
7.096796
7.096796
6.4462695
7.207342
6.8799534
7.096796
7.207342
7.857869
7.207342
7.096796
7.313638
7.207342
7.203091
7.313638
7.096796
6.5525646
7.4241843
7.4241843
6.663111
7.5347314
6.9905005
6.663111
6.7736583
6.9905005
6.8799534
6.663111
6.8799534
6.4462695
7.096796
6.8799534
6.8799534
7.4241843
6.5525646
7.313638
7.096796
7.857869
7.747322
7.747322
7.5304804
7.747322
7.096796
7.857869
7.5304804
7.4241843
7.5304804
7.096796
8.4021
7.747322
8.074712
7.4241843
7.207342
7.096796
6.3357224
7.313638
6.8799534
7.096796
7.4241843
6.8799534
7.313638
6.663111
6.3357224
6.8799534
6.663111
6.8799534
6.8799534
6.663111
6.663111
6.663111
6.8799534
6.663111
6.8799534
7.313638
6.8799534
6.8799534
6.3357224
7.313638
7.096796
6.663111
6.663111
6.4462695
7.317889
6.1188803
7.207342
6.663111
6.8799534
7.317889
6.4462695
7.317889
5.140965
5.795743
6.556816
5.0346694
5.357807
5.90629
5.251512
6.123132
5.251512
5.0346694
5.0346694
6.450521
5.3620586
4.490439
5.251512
5.4726057
5.578901
5.795743
4.924123
5.1452165
6.2336793
5.0346694
4.8178277
6.123132
5.795743
6.123132
6.012585
5.251512
5.1452165
5.1452165
5.4726057
4.4946904
5.583153
4.4946904
4.167301
3.9504592
3.189386
3.7336173
4.3883953
3.7336173
3.5167751
4.0610065
3.7336173
4.167301
3.406228
4.2778482
4.7115326
4.7115326
4.056754
3.9504592
3.406228
4.167301
3.844164
3.189386
4.2778482
3.078839
3.844164
3.7336173
3.299933
3.189386
3.954711
2.7557018
3.6273217
2.4283128
3.0830908
2.8662488
2.972544
3.0830908
3.1936376
2.6494067
2.6494067
2.6494067
2.9767957
2.972544
3.6273217
2.4283128
4.0610065
3.844164
2.972544
4.171553
3.844164
3.4104798
4.171553
3.1936376
3.0830908
3.4104798
3.737869
2.5388596
3.4104798
3.844164
3.0830908
3.3041847
3.4104798
2.6494067
3.0830908
2.3220174
3.737869
3.189386
2.9767957
3.0830908
3.299933
2.5388596
2.4325645
2.3220174
3.5210268
3.1936376
2.4325645
2.9767957
3.4104798
3.1936376
2.9767957
2.7557018
3.5210268
3.0830908
3.844164
4.3883953
4.171553
4.2778482
4.4946904
4.056754
4.6009855
4.2778482
4.7115326
4.167301
4.0610065
4.0610065
3.62307
3.5167751
4.0610065
3.844164
3.299933
3.954711
3.5167751
3.7336173
4.0610065
3.078839
4.171553
2.4283128
3.844164
3.6273217
3.0830908
3.299933
3.62307
4.8220797
2.972544
4.2778482
3.5125234
4.8220797
4.8220797
4.7115326
4.167301
4.3841434
5.90629
4.8178277
4.928375
5.3620586
4.3841434
5.2557635
3.5125234
4.928375
3.9504592
4.3841434
3.078839
3.7336173
3.5167751
4.2778482
3.844164
3.189386
3.406228
3.9504592
4.2778482
5.3663106
3.9504592
4.2778482
3.62307
3.9504592
4.167301
3.9504592
5.4726057
4.490439
4.6009855
5.1452165
5.251512
5.3620586
5.0346694
5.251512
5.3620586
4.6009855
5.0346694
5.1452165
5.1452165
6.012585
5.251512
6.123132
5.6851964
5.6851964
7.317889
6.9905005
6.3357224
5.902038
5.791491
5.574649
6.4462695
6.012585
5.795743
5.3620586
6.123132
4.8178277
5.0346694
5.3620586
5.578901
5.795743
5.251512
6.012585
5.0346694
5.578901
5.578901
6.2294273
6.123132
5.795743
4.8178277
6.2336793
4.5967336
5.578901
5.0346694
5.689448
4.8178277
4.7115326
4.6009855
5.1452165
5.038922
3.7336173
4.2778482
4.171553
3.844164
3.0830908
4.2778482
3.189386
4.715784
2.7557018
3.6273217
3.954711
3.7336173
4.8220797
3.8399122
3.7336173
3.7336173
4.4946904
3.844164
3.844164
3.6273217
4.0610065
3.5167751
3.5167751
3.6273217
4.3883953
4.167301
3.7336173
4.3883953
4.0610065
4.2778482
3.189386
3.7336173
4.4946904
4.0610065
3.189386
3.7336173
5.038922
4.6009855
4.8178277
4.3841434
6.016837
4.3841434
5.1452165
5.2557635
4.928375
6.339974
5.3620586
5.3620586
4.924123
5.689448
6.123132
5.2557635
6.016837
5.3620586
5.2557635
4.2778482
4.3841434
5.9105415
5.038922
5.1452165
5.3663106
4.7115326
4.2778482
3.844164
4.4989424
4.9326262
4.4989424
4.3883953
3.1936376
3.4104798
3.1936376
3.6273217
3.4104798
3.954711
3.1936376
3.299933
3.1936376
3.737869
3.5210268
3.0830908
3.5210268
3.1936376
3.6273217
2.9767957
3.6273217
3.5210268
2.7557018
4.065258
3.0830908
3.1936376
4.171553
4.171553
4.0610065
4.2778482
4.2778482
4.928375
4.2778482
4.8220797
3.9504592
4.2778482
4.0610065
4.2778482
4.605237
4.4946904
4.0610065
4.0610065
3.4104798
3.954711
3.737869
4.065258
3.1936376
3.6273217
4.0610065
3.0830908
3.954711
3.954711
3.844164
3.844164
4.715784
4.171553
4.605237
5.038922
3.7336173
4.8220797
4.605237
3.844164
4.171553
3.4104798
3.1936376
4.6094894
4.171553
3.1936376
3.5167751
3.737869
2.7599535
2.9767957
3.3041847
2.9767957
2.9767957
3.3041847
2.6494067
3.3041847
4.171553
3.954711
4.065258
3.4104798
3.299933
2.5388596
3.848416
3.4104798
3.954711
3.4104798
4.171553
3.954711
3.6273217
3.5167751
3.299933
3.737869
3.5210268
3.737869
2.9767957
3.5210268
3.5210268
3.6273217
3.848416
3.5210268
3.1936376
3.0873425
3.848416
2.7599535
3.4104798
2.9767957
2.9767957
3.737869
4.065258
3.848416
3.848416
4.2821
3.4104798
3.299933
4.605237
4.4989424
4.9326262
5.2600155
4.826331
4.3883953
5.0431733
4.4989424
4.2821
4.715784
3.737869
4.715784
4.9326262
4.715784
4.3883953
4.2821
4.4989424
4.171553
5.0431733
4.9326262
4.3883953
4.4989424
5.3663106
5.9105415
4.3883953
5.1494684
5.2557635
4.4946904
4.8220797
5.1494684
4.605237
5.6937
6.450521
6.339974
6.77791
5.3620586
5.90629
5.90629
6.561068
6.667363
5.689448
6.77791
6.9947524
6.450521
5.2557635
6.2336793
6.450521
6.77791
6.339974
7.1052995
6.450521
5.689448
6.450521
6.450521
5.4726057
7.1052995
6.450521
5.4726057
6.9947524
5.795743
6.339974
6.556816
6.339974
6.667363
6.450521
6.556816
6.450521
6.7736583
6.339974
7.317889
7.2115946
6.339974
6.667363
7.317889
6.8842053
6.8842053
7.4284363
6.012585
6.123132
6.556816
7.1010475
6.8842053
7.6452785
6.8842053
7.2115946
6.123132
6.2336793
7.1052995
6.7736583
7.1052995
6.77791
6.561068
5.799995
6.77791
6.667363
6.8842053
7.2115946
6.663111
5.795743
7.538984
6.450521
6.667363
7.1052995
6.2336793
6.123132
6.123132
6.123132
6.8842053
7.317889
6.123132
7.1052995
5.689448
6.450521
7.538984
6.123132
6.123132
6.339974
5.90629
6.77791
6.8842053
6.667363
6.9947524
5.578901
5.795743
7.1052995
6.667363
5.689448
6.77791
6.339974
5.795743
7.1010475
6.012585
7.2115946
7.1010475
6.556816
7.1010475
6.9905005
6.2294273
7.4284363
6.8842053
5.578901
6.123132
6.123132
5.689448
6.2336793
6.77791
6.77791
6.667363
5.689448
5.4726057
5.583153
5.583153
5.4726057
6.016837
5.9105415
5.3663106
5.799995
5.799995
5.9105415
5.9105415
6.8884573
6.016837
5.689448
7.1052995
5.689448
4.928375
6.450521
5.90629
6.2336793
6.77791
6.8842053
5.689448
7.1052995
6.016837
6.339974
5.90629
6.123132
5.578901
5.3620586
5.90629
5.90629
7.649531
6.123132
6.123132
7.2115946
7.2115946
6.556816
6.77791
6.9947524
6.556816
6.339974
6.9905005
6.663111
7.7515736
6.9905005
6.556816
6.663111
6.7736583
6.9905005
6.7736583
7.317889
7.5347314
6.4462695
8.078962
8.078962
7.4241843
7.4241843
8.189509
7.5347314
6.7736583
7.4284363
6.7736583
6.667363
7.1010475
7.2115946
7.317889
6.556816
6.2294273
6.016837
6.2336793
6.339974
5.3620586
6.556816
6.2294273
5.90629
6.339974
6.123132
6.667363
7.317889
7.5347314
6.2294273
7.1010475
6.9905005
7.317889
7.2115946
6.8799534
6.9905005
7.317889
6.556816
7.5347314
6.8799534
7.317889
7.096796
6.4462695
7.4284363
7.1010475
6.339974
5.90629
7.1010475
6.2294273
5.6851964
7.8621206
7.1010475
6.556816
6.4462695
6.339974
5.4726057
5.689448
5.795743
5.689448
6.8842053
6.339974
6.667363
6.123132
6.012585
5.4726057
5.689448
6.556816
6.123132
6.2294273
7.2115946
6.556816
6.8842053
6.667363
6.016837
6.016837
6.3442264
6.016837
6.77791
5.689448
5.1452165
6.3442264
4.8178277
5.1494684
5.038922
5.038922
4.7115326
5.583153
5.799995
6.016837
4.928375
5.583153
4.7115326
5.583153
4.2778482
5.1452165
5.1494684
5.799995
4.8220797
5.799995
5.578901
5.3663106
5.1452165
5.9105415
5.3663106
4.928375
5.2557635
6.1273837
5.799995
4.8220797
5.3663106
4.3841434
4.928375
4.3883953
4.2778482
5.4768577
5.1494684
5.038922
3.9504592
4.9326262
4.4946904
4.167301
4.928375
5.3663106
4.928375
5.2557635
5.583153
4.7115326
4.928375
5.1452165
5.2557635
5.1452165
5.583153
5.1452165
6.3442264
5.689448
5.689448
5.799995
5.2557635
4.928375
4.8220797
5.1494684
4.167301
5.1494684
4.8220797
4.7115326
5.038922
5.3663106
3.6273217
3.954711
4.171553
4.0610065
4.3883953
4.3883953
4.826331
4.9326262
3.9504592
5.2557635
5.9105415
4.7115326
4.7115326
5.583153
4.928375
6.3442264
5.3620586
6.2336793
5.689448
5.689448
5.4726057
6.77791
5.4726057
6.016837
6.561068
6.016837
4.8178277
5.689448
5.1452165
5.3620586
6.2336793
4.4946904
5.2557635
4.928375
5.038922
4.928375
5.1452165
5.799995
5.1452165
4.2778482
4.3841434
5.1452165
4.4946904
5.038922
4.7115326
5.038922
5.251512
4.8178277
5.1452165
5.90629
5.0346694
5.2557635
5.689448
5.2557635
5.689448
5.251512
4.928375
6.123132
5.0346694
5.689448
6.556816
5.90629
5.3620586
4.3841434
4.6009855
4.7115326
5.2557635
5.689448
4.7115326
5.583153
5.1452165
4.6009855
5.689448
5.795743
5.3620586
6.556816
5.90629
6.123132
6.123132
5.251512
6.450521
6.556816
6.556816
6.9905005
5.795743
6.9947524
6.4462695
5.902038
7.317889
7.317889
6.2294273
6.339974
6.012585
6.339974
6.556816
6.2294273
7.1010475
6.4462695
7.207342
6.556816
6.7736583
6.012585
6.012585
6.8842053
6.1188803
7.5347314
6.2294273
6.7736583
6.7736583
5.468354
6.2294273
5.795743
6.2294273
6.7736583
5.251512
6.7736583
6.012585
5.795743
5.468354
6.123132
6.123132
6.7736583
6.2294273
5.795743
5.468354
5.578901
6.339974
5.3620586
5.251512
5.4726057
5.1452165
5.251512
5.578901
6.123132
6.123132
5.578901
5.0346694
5.689448
5.578901
5.4726057
6.450521
5.689448
5.3620586
5.902038
6.339974
6.012585
7.207342
6.7736583
5.902038
5.902038
6.2294273
5.468354
7.207342
6.663111
6.5525646
6.9905005
6.4462695
6.663111
7.207342
6.9905005
6.1188803
5.468354
6.2294273
6.1188803
5.6851964
6.7736583
6.339974
6.2294273
5.251512
6.4462695
6.663111
6.8799534
6.3357224
6.3357224
5.6851964
6.4462695
5.468354
6.123132
6.012585
5.795743
6.4462695
6.7736583
6.9905005
6.663111
5.6851964
6.663111
6.556816
5.578901
6.123132
5.3620586
5.578901
5.90629
5.795743
6.123132
4.8178277
6.016837
6.016837
4.3841434
4.3841434
4.6009855
4.167301
5.4726057
4.7115326
4.8178277
5.689448
4.4946904
5.4726057
4.4946904
4.8178277
5.1452165
4.928375
5.795743
5.468354
6.7736583
5.578901
5.0346694
4.928375
5.578901
5.578901
5.795743
5.468354
5.0346694
5.795743
5.6851964
5.140965
6.2294273
5.0346694
5.90629
5.0346694
4.8178277
5.689448
5.1452165
5.3620586
5.1452165
5.0346694
5.3620586
6.123132
5.578901
6.123132
5.1452165
4.8178277
4.7115326
5.3620586
4.8178277
5.1452165
4.6009855
6.123132
5.795743
5.0346694
5.689448
4.928375
4.2778482
4.3883953
4.171553
3.954711
4.0610065
3.7336173
5.3663106
3.9504592
5.038922
3.8399122
4.2778482
4.8220797
3.5167751
4.9326262
3.0830908
3.844164
3.299933
4.3883953
4.4946904
4.8220797
4.056754
4.605237
3.7336173
3.9504592
3.406228
3.4104798
4.4946904
4.0610065
4.3841434
4.0610065
4.2778482
4.0610065
4.171553
4.605237
4.167301
4.4946904
5.2557635
4.167301
4.171553
4.2778482
3.954711
3.954711
2.5388596
3.954711
2.8662488
3.4104798
4.171553
3.6273217
4.171553
2.7557018
3.737869
3.4104798
3.4104798
3.6273217
3.6273217
4.4946904
4.0610065
4.605237
4.8220797
3.7336173
3.7336173
4.171553
4.171553
2.7557018
3.844164
3.5167751
2.8662488
4.0610065
3.1936376
3.4104798
2.9767957
3.4104798
2.9767957
2.6494067
3.414732
3.0873425
2.8705006
2.7599535
1.9988803
2.2157223
2.3262694
1.565196
2.6536584
1.6757431
2.8705006
3.414732
1.9988803
2.4325645
3.5210268
2.5431116
3.5210268
2.9767957
2.2157223
3.5210268
2.7599535
3.631574
3.0873425
2.5431116
3.3041847
3.0873425
3.737869
2.8705006
2.5431116
3.5210268
2.4325645
3.3041847
2.5431116
2.4325645
2.6494067
2.2157223
3.848416
3.631574
3.5210268
3.631574
3.3041847
3.1936376
2.9767957
3.1936376
3.0830908
3.4104798
3.737869
3.844164
4.0610065
3.7336173
3.844164
4.3883953
3.0830908
4.0610065
4.171553
4.2778482
4.8220797
4.2778482
4.7115326
4.7115326
4.2778482
4.9326262
4.171553
4.0610065
3.954711
4.0610065
3.6273217
4.3883953
3.954711
4.171553
3.4104798
4.4989424
3.0830908
4.065258
3.631574
3.4104798
3.4104798
3.1936376
3.737869
3.0830908
3.954711
3.844164
3.6273217
3.844164
3.844164
4.4989424
3.0830908
4.3883953
4.0610065
3.5167751
4.8220797
4.171553
4.3883953
3.5167751
4.0610065
4.2778482
4.8220797
3.7336173
5.038922
3.7336173
3.7336173
5.3663106
3.7336173
4.605237
5.038922
4.4946904
5.1452165
5.2557635
4.928375
5.90629
5.3620586
4.8178277
5.578901
5.689448
5.795743
5.468354
6.556816
6.123132
5.6851964
5.795743
6.012585
5.3620586
5.90629
5.578901
6.339974
5.90629
5.578901
6.016837
6.123132
5.2557635
5.799995
4.605237
5.799995
4.7115326
5.2557635
4.928375
4.8220797
4.7115326
4.8220797
4.2778482
5.583153
4.0610065
4.167301
4.928375
4.8220797
5.3620586
4.8178277
5.3620586
5.689448
5.90629
5.1452165
5.1452165
5.90629
5.689448
6.561068
5.689448
5.3620586
7.3221416
7.2115946
5.468354
5.795743
6.016837
5.578901
5.795743
5.3620586
5.3620586
6.2336793
5.689448
5.1452165
5.795743
5.6851964
6.339974
6.339974
6.4462695
5.3620586
5.251512
4.7072806
5.90629
5.799995
4.928375
4.7115326
4.8178277
6.016837
5.251512
5.795743
6.339974
6.123132
5.578901
5.578901
5.578901
5.795743
5.3620586
5.795743
6.667363
6.556816
6.667363
7.1010475
6.556816
5.3620586
4.8220797
4.8220797
4.4946904
5.038922
5.3663106
4.7115326
4.4946904
4.605237
5.1494684
4.2778482
4.2778482
4.9326262
4.2778482
4.8220797
5.3663106
4.605237
5.2600155
5.2557635
5.038922
5.4726057
5.689448
5.578901
6.450521
5.578901
5.6851964
5.795743
5.689448
5.0346694
6.450521
5.578901
5.3620586
6.123132
6.339974
5.689448
6.2294273
6.556816
5.689448
6.123132
5.3620586
5.2557635
6.2336793
5.799995
5.799995
5.4726057
4.8178277
5.689448
5.2557635
6.016837
6.2336793
5.2557635
5.90629
6.123132
5.689448
6.123132
5.689448
5.2557635
6.1273837
5.2557635
4.928375
5.583153
5.2557635
5.038922
4.605237
4.8220797
5.3663106
5.1494684
6.237931
4.715784
4.3883953
5.1494684
4.4989424
4.2821
4.0610065
3.6273217
3.1936376
3.954711
4.065258
3.954711
4.3883953
4.605237
3.954711
3.844164
4.3883953
4.605237
4.605237
4.3883953
4.9326262
5.1494684
4.605237
6.0210886
4.8220797
3.844164
4.605237
4.605237
4.3883953
5.1494684
4.605237
4.715784
5.3663106
3.844164
3.844164
5.038922
5.2557635
3.844164
5.1494684
4.8220797
3.844164
4.8220797
4.3883953
4.4946904
4.2778482
5.3663106
5.4726057
4.8220797
5.3663106
5.9105415
5.038922
5.689448
5.799995
6.2336793
6.561068
5.90629
5.799995
6.016837
5.3663106
5.9105415
6.1273837
5.689448
5.689448
5.689448
6.1273837
4.7115326
4.605237
5.2600155
5.0431733
4.4989424
3.737869
4.065258
4.715784
3.844164
4.4989424
5.3705626
4.3883953
4.2821
4.3883953
4.8220797
4.4946904
4.928375
4.605237
5.1452165
4.928375
5.583153
6.016837
5.2557635
5.689448
5.689448
5.578901
6.450521
5.90629
5.90629
6.77791
6.2336793
6.123132
6.2294273
5.689448
6.3442264
6.2336793
6.450521
6.667363
5.90629
6.450521
7.1052995
6.012585
6.339974
6.77791
6.556816
6.9947524
6.2294273
6.556816
6.450521
6.123132
6.556816
5.90629
6.8842053
6.9905005
6.8842053
6.667363
6.9947524
6.339974
6.123132
6.667363
7.1010475
6.667363
6.450521
6.2336793
6.123132
6.016837
6.450521
6.667363
6.667363
6.016837
5.689448
5.578901
6.450521
6.339974
5.3620586
5.4726057
6.561068
5.4726057
6.1273837
6.450521
5.689448
5.3620586
6.77791
5.1452165
5.4726057
5.689448
6.123132
5.90629
6.123132
5.689448
6.556816
6.556816
7.1010475
6.7736583
6.556816
5.578901
6.556816
5.795743
6.339974
7.1010475
7.8621206
6.663111
6.663111
6.7736583
7.096796
6.3357224
7.1010475
7.1010475
6.123132
6.8842053
6.012585
6.9905005
8.078962
7.5347314
6.7736583
6.556816
7.5347314
6.2294273
6.9905005
6.7736583
7.207342
6.9905005
6.7736583
6.9905005
6.2294273
6.339974
6.8842053
7.317889
6.123132
6.667363
6.123132
6.123132
6.561068
6.450521
5.2557635
5.799995
5.1452165
4.928375
5.689448
6.3442264
5.2557635
6.2336793
5.689448
6.450521
5.4726057
6.3442264
6.016837
6.450521
5.795743
6.9947524
6.556816
6.7736583
6.2294273
6.663111
7.317889
6.4462695
6.9947524
6.667363
6.016837
6.339974
6.339974
6.123132
6.2294273
6.2294273
5.795743
6.012585
6.667363
6.4462695
6.8842053
6.4462695
7.4284363
6.556816
6.012585
6.7736583
7.1010475
6.012585
7.317889
7.5347314
6.5525646
7.096796
7.5347314
6.9905005
7.207342
6.8799534
7.096796
7.6410265
7.7515736
7.4241843
7.7515736
7.313638
7.6410265
7.4241843
7.096796
6.7736583
6.9905005
6.4462695
6.8799534
6.663111
7.4284363
7.1010475
6.9905005
6.3357224
6.4462695
7.1010475
5.795743
7.2115946
6.339974
6.339974
5.90629
6.339974
5.578901
6.450521
5.799995
5.468354
6.123132
5.4726057
6.339974
5.578901
5.251512
6.123132
5.0346694
6.2336793
5.795743
5.689448
5.0346694
6.450521
5.3620586
5.578901
6.339974
5.578901
6.123132
7.1010475
5.578901
5.90629
4.7115326
5.2557635
5.795743
6.123132
5.90629
5.578901
5.689448
6.123132
4.8178277
5.795743
6.123132
5.90629
7.1010475
6.556816
5.578901
6.556816
6.667363
6.339974
6.123132
5.578901
5.90629
5.578901
6.450521
5.1452165
5.1452165
5.583153
4.7115326
5.2557635
5.038922
5.6937
5.038922
5.583153
5.038922
5.2557635
4.0610065
4.4946904
5.2600155
4.171553
4.2821
4.0610065
4.2778482
4.2778482
4.4946904
4.4946904
5.2557635
4.928375
5.0346694
5.4726057
4.2778482
4.7115326
4.167301
4.7115326
4.6009855
4.4946904
5.3620586
3.9504592
5.2557635
4.4946904
4.7115326
4.4946904
4.9326262
4.0610065
4.605237
4.4946904
4.2778482
3.844164
3.7336173
3.954711
3.844164
3.299933
3.844164
4.4946904
4.605237
4.3883953
4.0610065
3.6273217
3.844164
3.844164
2.8662488
3.737869
3.1936376
3.0830908
4.4989424
3.737869
4.715784
2.8662488
3.737869
3.6273217
4.065258
4.2821
3.3041847
3.0830908
3.4104798
3.5210268
2.9767957
3.3041847
3.3041847
3.1978896
2.3262694
2.8705006
3.0873425
2.4368165
2.1094272
2.4368165
1.8925852
2.6536584
1.7820382
2.8705006
3.3041847
2.6494067
2.9767957
4.065258
3.848416
3.4104798
2.5388596
3.414732
3.737869
3.299933
4.1758046
2.6494067
3.3041847
3.5210268
3.737869
3.0830908
2.6494067
3.5210268
2.9767957
2.9767957
3.737869
4.2821
2.8662488
3.0830908
2.3220174
3.1936376
3.4104798
3.5210268
3.6273217
3.6273217
3.406228
3.4104798
3.844164
3.5167751
4.0610065
3.4104798
4.171553
3.844164
3.9504592
4.2778482
4.2778482
4.0610065
3.737869
3.6273217
2.9767957
3.737869
3.954711
3.299933
3.6273217
3.4104798
3.737869
3.4104798
3.1936376
3.5210268
3.3041847
3.4104798
2.8662488
3.4104798
3.4104798
3.954711
2.5388596
3.4104798
3.737869
3.737869
2.7599535
3.631574
3.0873425
3.737869
4.065258
3.0830908
2.9767957
3.737869
3.1936376
3.3041847
3.1936376
3.954711
2.3220174
3.299933
3.1936376
3.0830908
3.844164
3.1936376
4.171553
3.5210268
4.0610065
4.171553
4.2821
3.4104798
3.7336173
3.954711
4.3883953
3.7336173
4.715784
4.0610065
3.6273217
4.0610065
4.0610065
4.2778482
4.3841434
5.689448
4.928375
4.2778482
4.8220797
4.4946904
4.2778482
5.3663106
4.8220797
5.038922
5.2557635
4.928375
4.928375
4.8220797
4.4946904
3.844164
3.954711
4.9326262
3.844164
3.3041847
3.737869
3.848416
3.737869
2.7557018
3.6273217
4.3883953
3.5210268
2.6494067
3.0830908
2.9767957
2.2157223
3.4104798
3.3041847
3.3041847
4.4989424
3.7336173
4.3883953
3.0830908
3.4104798
3.844164
3.954711
3.954711
3.6273217
3.4104798
4.171553
3.6273217
3.6273217
4.2778482
4.3883953
4.3883953
4.171553
4.2778482
3.6273217
5.038922
4.605237
4.605237
5.2557635
5.038922
5.583153
3.9504592
4.4946904
4.928375
4.928375
4.928375
4.605237
4.4946904
5.4726057
4.4946904
4.7115326
4.7115326
4.3841434
5.2557635
4.4946904
5.1452165
5.578901
5.2557635
5.4726057
5.3620586
4.7115326
4.928375
4.3841434
4.4946904
4.9326262
4.2778482
4.2778482
5.4726057
5.2557635
4.4946904
4.2778482
4.3883953
4.4989424
3.848416
3.737869
3.848416
3.1936376
3.631574
3.6273217
3.737869
3.299933
3.4104798
3.1936376
3.737869
3.737869
3.737869
3.848416
2.9767957
2.9767957
3.954711
3.954711
3.844164
3.6273217
3.0830908
3.0830908
3.1936376
3.954711
4.171553
4.3883953
4.0610065
4.3883953
4.605237
3.737869
4.2778482
4.3883953
4.0610065
4.2778482
4.715784
4.2778482
4.4946904
4.605237
4.9326262
4.2778482
4.605237
5.3663106
6.016837
5.1452165
5.90629
4.6009855
5.689448
5.4726057
4.3841434
5.2557635
5.038922
4.4989424
4.2778482
4.3883953
4.8220797
5.4726057
5.799995
5.799995
4.2778482
3.844164
3.954711
4.065258
4.3883953
3.1936376
3.848416
4.3883953
3.6273217
3.954711
3.954711
3.737869
3.631574
3.737869
3.631574
4.065258
2.8662488
2.9767957
3.1936376
3.5210268
3.5210268
3.6273217
3.3041847
3.848416
3.4104798
3.954711
3.1936376
4.065258
4.171553
4.715784
4.4946904
5.1494684
3.844164
3.5167751
4.171553
4.4989424
4.171553
4.9326262
4.171553
4.3883953
3.4104798
4.2821
3.844164
3.5167751
3.954711
3.844164
4.8220797
3.5167751
5.4768577
4.2778482
4.0610065
5.3663106
5.038922
4.605237
5.4726057
4.928375
5.689448
5.578901
5.1452165
5.90629
5.4726057
6.123132
5.578901
6.123132
6.667363
5.4726057
5.1452165
5.038922
5.583153
5.689448
4.7115326
4.8220797
4.605237
3.844164
4.605237
5.1494684
4.4946904
5.038922
3.844164
3.844164
4.2778482
4.9326262
4.3883953
4.605237
4.9326262
4.605237
4.2778482
4.4946904
5.4726057
4.0610065
4.8220797
4.7115326
4.4946904
4.928375
4.4946904
5.583153
5.038922
5.583153
5.799995
5.3620586
6.012585
6.7736583
5.6851964
7.538984
5.90629
5.689448
6.561068
5.2557635
6.016837
6.012585
5.251512
5.468354
5.795743
6.663111
5.795743
6.123132
6.450521
5.1452165
6.3442264
5.90629
6.123132
5.578901
5.468354
6.556816
7.1010475
6.4462695
6.663111
7.317889
6.2294273
6.556816
6.7736583
7.1010475
6.2294273
7.317889
6.556816
6.556816
6.4462695
6.2294273
6.77791
6.8842053
6.339974
6.450521
5.90629
6.450521
6.450521
5.251512
6.012585
5.795743
5.795743
6.012585
6.2294273
6.339974
6.339974
6.667363
6.339974
6.8842053
6.9905005
6.012585
6.7736583
6.4462695
6.339974
6.4462695
6.7736583
6.2336793
6.8842053
6.556816
6.450521
6.016837
5.578901
5.795743
6.339974
5.0346694
5.251512
6.339974
5.90629
6.012585
6.2294273
5.90629
5.795743
5.251512
5.795743
5.6851964
6.339974
5.578901
6.012585
6.2294273
6.2294273
6.1188803
6.556816
6.4462695
6.8842053
6.9905005
7.4284363
6.2294273
5.6851964
6.2294273
6.339974
6.7736583
6.123132
6.7736583
5.468354
7.317889
5.795743
5.795743
5.90629
5.689448
5.4726057
6.123132
5.2557635
5.90629
5.2557635
5.4726057
5.0346694
6.2336793
6.2336793
6.667363
5.578901
7.2115946
6.339974
5.90629
6.123132
6.8842053
6.2294273
6.012585
5.6851964
6.7736583
6.556816
7.207342
6.2294273
6.2294273
5.795743
6.667363
6.7736583
6.556816
6.9905005
6.8799534
6.7736583
6.7736583
6.663111
6.2294273
6.663111
6.9905005
6.556816
6.012585
6.123132
6.556816
6.2294273
6.2294273
6.7736583
6.4462695
7.207342
6.8799534
6.2294273
6.9905005
6.2294273
6.9905005
6.8799534
7.5347314
6.3357224
6.663111
7.7515736
7.5347314
6.769407
7.4241843
7.5347314
6.7736583
6.5525646
6.3357224
6.663111
6.663111
6.4462695
7.5347314
6.012585
6.3357224
7.5347314
6.4462695
7.4241843
6.2294273
6.9905005
6.7736583
7.317889
6.2294273
6.663111
6.9905005
6.9905005
6.9905005
6.4462695
6.8799534
6.8799534
6.7736583
6.663111
6.663111
6.9905005
7.317889
7.317889
7.207342
7.096796
7.207342
7.4241843
6.3357224
7.5347314
7.096796
6.8799534
6.9905005
6.8799534
6.8799534
6.8799534
6.5525646
6.663111
6.769407
6.8799534
6.2294273
7.4241843
7.313638
7.4241843
6.663111
6.4462695
7.207342
6.3357224
7.4241843
5.902038
7.5347314
6.9905005
6.9905005
7.207342
6.663111
6.663111
7.5347314
6.012585
6.556816
6.556816
6.339974
6.8842053
6.012585
5.578901
6.012585
5.795743
5.251512
5.90629
5.689448
5.689448
5.578901
4.928375
5.2557635
5.90629
5.2557635
5.1452165
6.450521
5.4726057
6.339974
5.795743
6.450521
6.556816
5.357807
5.6851964
5.578901
6.450521
6.123132
5.578901
5.795743
6.012585
6.339974
6.8842053
5.3620586
5.1452165
6.123132
5.4726057
4.4946904
4.7115326
4.7115326
5.799995
5.4726057
5.1452165
5.2557635
5.2557635
4.7115326
4.8220797
4.2778482
5.1494684
5.1494684
4.4946904
5.3663106
5.1494684
4.605237
5.1452165
5.038922
5.038922
5.799995
5.4768577
4.8220797
5.1452165
4.2778482
5.1494684
4.8220797
4.3883953
4.605237
4.9326262
5.4768577
3.844164
3.844164
3.6273217
3.737869
4.3926473
4.2821
3.0830908
4.065258
4.065258
3.1936376
3.6273217
3.5210268
3.737869
3.737869
3.954711
3.4104798
3.3041847
3.631574
3.1936376
2.9767957
2.9767957
2.9767957
2.9767957
3.1936376
3.4104798
3.1936376
3.0830908
3.737869
3.6273217
3.4104798
3.631574
3.3041847
2.8662488
2.7599535
3.737869
3.3041847
3.737869
3.4104798
3.5210268
3.1936376
3.4104798
3.5210268
3.631574
3.1936376
3.4104798
3.5210268
3.954711
3.4104798
3.844164
3.954711
3.4104798
4.0610065
4.605237
3.299933
4.171553
4.065258
4.2821
3.848416
4.6094894
4.2821
3.0830908
4.715784
3.844164
3.737869
3.954711
4.065258
3.848416
3.4104798
4.065258
2.8662488
4.2821
3.1936376
3.3041847
3.9589627
3.4104798
2.9767957
3.9589627
3.737869
3.737869
2.7599535
3.3041847
3.5210268
3.5210268
4.2821
3.4104798
3.848416
3.6273217
3.4104798
3.954711
4.605237
3.1936376
4.0610065
2.6494067
4.065258
4.2821
3.737869
3.954711
3.3041847
3.5210268
2.6494067
3.954711
3.737869
3.3041847
4.3883953
4.2821
4.2821
4.2821
4.171553
3.844164
4.715784
4.0610065
4.3883953
3.7336173
3.954711
3.954711
4.826331
3.737869
4.715784
5.1494684
4.605237
3.844164
4.9326262
4.0610065
4.171553
4.7115326
5.3663106
4.9326262
4.605237
3.844164
3.737869
3.954711
3.844164
4.9326262
3.844164
4.9326262
3.737869
4.3926473
4.2821
4.171553
4.171553
3.4104798
3.3041847
3.5210268
3.4104798
3.737869
3.1936376
3.0830908
4.2821
4.171553
4.171553
4.605237
4.605237
5.2600155
5.1494684
4.9326262
4.8220797
4.605237
4.715784
5.2557635
5.2557635
5.1452165
5.799995
5.689448
5.3620586
4.928375
5.1452165
5.689448
6.016837
4.7115326
5.1452165
5.689448
5.038922
5.689448
4.4946904
4.2778482
4.4946904
3.844164
3.5167751
4.171553
3.5210268
3.954711
4.0610065
4.4946904
4.7115326
6.016837
5.4726057
5.4726057
4.2778482
4.3841434
5.583153
4.4946904
5.583153
5.689448
5.799995
5.4726057
5.2557635
5.2557635
5.583153
4.605237
4.605237
5.1494684
5.0431733
4.8220797
4.3883953
4.9326262
4.2778482
4.605237
4.3883953
4.0610065
5.3663106
4.3883953
4.2778482
3.844164
4.605237
3.7336173
4.4946904
4.2778482
4.3883953
5.1494684
4.2778482
4.715784
5.3663106
4.8220797
5.689448
5.2557635
4.928375
5.799995
5.1452165
6.016837
5.689448
5.038922
5.689448
4.3841434
5.799995
4.928375
6.450521
5.795743
5.0346694
5.90629
6.2336793
5.689448
5.689448
5.578901
5.3620586
5.3620586
5.90629
5.3620586
5.799995
4.928375
5.795743
5.4726057
5.578901
4.6009855
6.2336793
5.3620586
5.90629
6.7736583
6.450521
6.2336793
6.123132
5.689448
5.90629
5.90629
6.561068
5.90629
5.1452165
6.3442264
5.578901
5.1452165
4.928375
4.8220797
4.4946904
5.6937
5.038922
4.605237
5.038922
5.038922
4.4946904
5.6937
4.605237
4.4946904
5.2557635
5.689448
5.799995
5.3620586
5.2557635
6.123132
6.556816
5.3620586
6.556816
6.339974
6.450521
6.012585
5.795743
5.578901
6.667363
6.123132
6.667363
6.339974
5.795743
6.4462695
6.9905005
6.7736583
6.556816
7.317889
6.339974
6.8842053
5.90629
6.450521
5.795743
6.8842053
5.90629
6.339974
5.795743
4.6009855
5.038922
6.3442264
5.3620586
5.90629
6.339974
6.339974
7.6452785
5.902038
6.9905005
6.7736583
5.90629
6.556816
6.339974
6.9905005
6.4462695
6.7736583
7.2115946
6.7736583
6.016837
6.123132
6.77791
5.583153
5.4726057
6.671615
6.2336793
5.90629
5.3620586
6.2336793
4.6009855
5.2557635
5.2557635
5.799995
4.4946904
6.1273837
5.2557635
5.689448
5.578901
6.450521
5.795743
5.799995
5.038922
5.799995
6.1273837
5.689448
6.123132
7.2115946
5.3620586
5.90629
5.90629
6.667363
6.9947524
6.339974
6.339974
6.123132
6.339974
6.9947524
5.578901
6.016837
5.90629
5.689448
5.038922
6.2336793
5.4726057
5.799995
5.4726057
6.2336793
5.689448
6.016837
5.3663106
4.928375
6.671615
5.3663106
5.9105415
5.038922
5.583153
5.6937
4.605237
4.2778482
5.2600155
4.605237
4.065258
4.4989424
4.715784
5.4768577
4.4946904
4.3883953
4.715784
3.4104798
3.737869
3.1936376
3.848416
3.5210268
3.737869
3.1936376
4.6094894
3.954711
5.1537204
3.954711
5.3663106
5.4768577
5.038922
5.3663106
4.4946904
5.3663106
4.9326262
4.826331
3.844164
5.0431733
5.0431733
5.2600155
4.715784
4.6094894
5.2600155
4.171553
5.0431733
4.6094894
3.4104798
4.1758046
4.171553
3.1936376
4.6094894
4.715784
4.3883953
4.605237
4.4989424
4.826331
4.826331
4.3926473
4.065258
4.065258
4.2821
4.3926473
5.0431733
3.848416
4.3926473
5.0431733
4.6094894
4.2821
4.715784
4.2821
5.804247
4.4989424
5.5874047
5.4768577
5.6979513
4.9326262
5.1494684
6.1316357
5.3663106
4.6094894
5.1537204
4.6094894
5.1537204
4.715784
5.481109
4.6094894
4.171553
3.848416
3.848416
3.5210268
5.914794
4.826331
5.0431733
5.5874047
6.1273837
5.1494684
6.454773
6.0210886
6.561068
6.77791
7.4326887
6.9947524
6.339974
6.012585
7.3221416
7.9726677
7.2115946
7.9726677
7.8621206
7.317889
7.6452785
6.8842053
7.4284363
7.7558255
7.7558255
6.339974
7.1010475
7.6452785
7.538984
6.8842053
6.8842053
8.189509
6.7736583
7.4284363
7.8621206
6.7736583
8.295805
7.207342
8.185258
7.9684157
8.512647
8.295805
7.9684157
8.185258
8.512647
7.5347314
7.8621206
8.078962
8.078962
8.729489
9.056878
8.512647
8.512647
8.512647
8.406352
8.189509
8.950583
7.8621206
7.9684157
7.7515736
7.5347314
8.185258
7.4241843
8.512647
8.2915535
7.5347314
8.950583
7.5347314
8.840036
8.729489
8.512647
8.618942
7.857869
9.27372
8.4021
7.7515736
8.074712
8.729489
9.490562
8.4021
8.2915535
9.380016
9.163173
8.4021
10.034794
8.618942
9.380016
9.052627
8.946331
9.486311
8.946331
8.835785
8.725238
9.817951
8.508395
9.707404
10.030542
9.052627
9.817951
8.4021
9.056878
7.747322
8.2915535
8.840036
7.5304804
8.840036
8.618942
9.707404
9.924246
9.8137
10.357931
9.924246
8.185258
8.185258
8.512647
7.857869
9.928498
9.056878
9.056878
8.840036
7.857869
8.295805
8.623194
8.189509
7.9726677
7.5347314
8.189509
7.8621206
7.7558255
8.193762
7.3221416
6.2336793
7.4326887
7.4284363
6.7736583
8.189509
7.7558255
7.1010475
7.317889
7.538984
7.7558255
7.4284363
7.8663726
6.8842053
6.556816
6.8842053
6.7736583
8.078962
7.1010475
8.189509
6.667363
7.3221416
6.7736583
7.2115946
7.4284363
7.2115946
7.6452785
7.6452785
7.5347314
7.2115946
6.9947524
6.667363
7.2115946
7.7558255
6.450521
6.77791
6.450521
6.2336793
6.77791
6.454773
6.671615
6.1273837
5.4726057
6.3442264
6.2336793
6.561068
6.561068
7.2158465
6.454773
6.3442264
5.4726057
5.9105415
6.3442264
6.56532
6.671615
5.9105415
6.237931
6.0210886
6.892709
5.4768577
5.0431733
5.583153
5.4768577
6.237931
5.1494684
6.1316357
5.6937
5.038922
4.715784
4.6094894
4.6094894
3.737869
4.9326262
5.2600155
5.4768577
6.0210886
5.5874047
5.4768577
5.4768577
5.3705626
4.8220797
6.0210886
5.6937
5.6937
5.583153
6.237931
6.237931
5.583153
5.5874047
5.6937
5.0431733
6.237931
5.1494684
5.9105415
5.038922
5.6937
4.8220797
5.6937
6.0210886
5.038922
5.2557635
5.038922
5.6937
5.038922
5.583153
5.9105415
5.2557635
5.2557635
5.3663106
5.038922
4.8220797
6.454773
5.9105415
4.715784
5.3663106
5.6937
5.6937
4.9326262
4.605237
5.1494684
5.9105415
5.4768577
5.4768577
6.0210886
5.804247
5.038922
6.0210886
5.4768577
6.1316357
5.6937
5.1494684
5.6979513
4.826331
4.065258
5.5874047
4.8220797
5.1494684
5.038922
5.0431733
6.0210886
4.2778482
5.2600155
5.4768577
5.804247
5.1494684
4.715784
4.9326262
5.1494684
5.5874047
5.2600155
4.9326262
5.5874047
5.1494684
4.9326262
4.826331
4.6094894
4.065258
4.065258
4.503194
4.4989424
3.848416
4.2821
4.826331
5.1537204
3.954711
3.414732
3.9589627
3.954711
3.848416
4.171553
4.171553
4.2821
4.826331
4.171553
3.954711
4.715784
4.065258
5.1537204
4.826331
3.9589627
4.720036
4.065258
3.954711
5.038922
5.2600155
4.826331
4.6094894
4.936878
3.848416
5.1537204
4.2821
4.1758046
4.2821
3.737869
3.414732
3.0873425
3.1978896
3.631574
3.9589627
3.9589627
2.8705006
4.06951
3.0915945
3.1978896
1.7862899
2.65791
2.4410682
2.5473633
2.9852993
3.1978896
2.5473633
2.7642052
2.4368165
3.5252786
2.1094272
4.06951
2.4368165
3.3084364
3.0873425
4.06951
3.5252786
2.9810476
4.830583
2.8705006
4.1758046
2.8705006
4.06951
2.3262694
3.4189837
2.7642052
3.0915945
2.5473633
3.5295303
2.7684572
1.7862899
1.896837
2.4410682
2.8747523
2.1136792
1.2463106
1.6799948
0.48523736
1.9010887
0.48523736
1.5736997
0.9189216
1.7905419
1.2463106
1.4631528
0.8126264
2.117931
1.0294685
1.9010887
0.9189216
1.0294685
0.8126264
1.1400155
1.2505624
0.9231734
0.9231734
1.5736997
1.0294685
2.662162
0.48523736
0.48523736
0.05155315
1.3568575
0.59153247
1.6842467
0.37894222
0.7020795
-0.054742
0.4894892
1.0294685
0.26839525
0.8126264
1.0337203
0.9231734
1.1400155
-0.054742
0.27264705
0.055804953
0.49374095
-0.37787926
-0.054742
0.27264705
-0.054742
0.38319403
0.055804953
0.27264705
-0.27158412
0.055804953
0.60003614
-0.38213107
1.3568575
0.26839525
1.3568575
-0.2758359
1.9010887
0.05155315
1.4674045
1.1400155
0.05155315
0.4894892
0.26839525
0.37894222
1.2463106
0.9189216
1.0294685
1.2463106
0.26839525
0.9231734
0.9231734
0.9231734
0.9231734
-0.054742
0.5957843
0.1621001
1.3568575
0.37894222
0.37894222
0.4894892
0.4894892
0.60003614
0.27264705
1.2505624
0.38319403
0.81687826
0.055804953
0.38319403
-0.27158412
-0.59897316
1.0337203
0.60003614
-0.054742
0.81687826
0.055804953
0.27264705
0.055804953
0.27264705
0.055804953
0.38319403
0.60003614
1.0337203
0.1621001
1.1442673
1.1400155
0.4894892
0.1621001
0.4894892
0.4894892
0.38319403
-0.054742
-0.054742
1.3611094
0.9231734
-0.38213107
0.27264705
0.37894222
-0.16103715
-0.050490197
-0.7052683
-0.054742
-0.4884262
0.055804953
-0.7052683
-0.4884262
0.055804953
-0.27158412
0.27264705
0.38319403
-0.16103715
0.37894222
0.27264705
1.0337203
1.1442673
-0.27158412
1.1442673
0.38319403
0.4894892
1.3611094
-0.27158412
-0.054742
0.4894892
0.4894892
0.81687826
-0.38213107
1.5779516
0.27264705
0.27264705
0.4894892
0.81687826
0.5957843
-0.2758359
0.5957843
1.3568575
-0.054742
0.4894892
0.70633125
1.1400155
0.8126264
1.3568575
1.3568575
2.224226
1.4631528
2.7684572
1.1357636
1.1357636
0.1578483
1.9010887
1.3568575
1.3568575
1.7905419
1.2463106
2.228478
1.2463106
0.7020795
1.5736997
1.3526058
1.5736997
2.7684572
1.2463106
1.6799948
1.7862899
1.6799948
2.5516152
1.6799948
2.3347728
2.117931
0.9189216
2.0073838
1.896837
1.896837
2.1136792
1.7905419
2.3347728
1.6799948
1.9010887
2.3347728
2.117931
3.3169398
2.117931
2.9852993
2.7684572
2.0073838
2.65791
1.5694479
1.896837
1.5694479
1.4631528
2.3347728
2.3347728
1.896837
1.6799948
2.879004
1.7905419
1.6799948
2.0073838
2.228478
1.0294685
1.2463106
1.5736997
2.5516152
2.5516152
1.4631528
2.1136792
1.6799948
2.8747523
3.3084364
3.8569195
3.8526678
2.4368165
3.3084364
3.5252786
2.7642052
3.7463725
3.9632149
2.8747523
2.8747523
3.5252786
2.7642052
3.8526678
3.414732
2.7642052
3.4189837
2.1136792
2.65791
4.0737615
2.8747523
2.1136792
3.5295303
2.9852993
3.2021413
2.224226
1.896837
2.9810476
2.330521
2.65791
2.4368165
2.330521
4.180057
2.1136792
2.2199743
2.8747523
3.7463725
3.1978896
2.1094272
3.9632149
2.8747523
2.5473633
2.65791
2.4410682
2.879004
2.117931
1.4674045
2.0116355
1.1400155
1.6842467
1.3568575
1.6842467
2.662162
0.8126264
0.81687826
1.1400155
0.70633125
1.5779516
1.1400155
1.5779516
1.6842467
0.9231734
2.228478
1.1400155
1.9010887
2.0116355
1.5736997
1.3568575
1.4674045
1.7947936
1.4674045
1.2505624
0.1621001
0.70633125
1.2505624
1.4716563
1.4674045
0.70633125
1.5779516
1.3568575
1.0337203
2.0116355
1.1400155
0.27264705
1.2505624
-0.054742
0.70633125
0.70633125
1.0337203
1.2505624
2.3390248
0.5957843
0.70633125
1.4674045
0.81687826
2.0116355
1.1400155
1.4674045
1.2505624
0.4894892
0.27264705
1.3611094
0.37894222
0.27264705
1.0337203
-0.16103715
0.055804953
0.16635191
0.60003614
1.1442673
0.81687826
-0.16103715
0.92742515
-0.050490197
1.2548143
0.27264705
0.49374095
1.0379721
0.055804953
0.16635191
0.60003614
1.1442673
0.7105831
1.2548143
0.16635191
0.16635191
-1.0326574
-0.050490197
0.7105831
0.38319403
0.16635191
0.92742515
0.4894892
0.055804953
0.60003614
0.055804953
0.92742515
0.60003614
0.81687826
0.81687826
1.3611094
0.055804953
1.1442673
1.5779516
1.0337203
1.1442673
0.70633125
0.37894222
1.3611094
1.3611094
1.4674045
0.81687826
1.5779516
1.6842467
1.3568575
3.2063932
2.224226
2.228478
1.9010887
1.9010887
2.117931
1.4674045
3.1000981
2.0116355
1.0294685
2.228478
3.0958462
2.7684572
3.9674666
4.0737615
2.3347728
2.0073838
2.7684572
2.7684572
4.4011507
4.724288
4.3968987
4.06951
4.3968987
4.180057
3.8526678
3.5252786
4.613741
3.7463725
3.6358256
5.0516768
3.5295303
3.9632149
3.0915945
3.6358256
3.7463725
3.4189837
3.312688
3.5295303
3.8526678
3.2021413
3.4189837
3.6358256
3.312688
3.9632149
3.2021413
4.503194
4.3968987
4.06951
4.06951
4.065258
4.06951
4.2863517
4.720036
4.503194
4.6094894
5.3748145
5.264267
5.591656
6.1316357
5.5874047
5.481109
5.5874047
5.264267
5.0474253
5.0474253
4.503194
5.0474253
4.1758046
5.591656
6.2421827
5.591656
4.6094894
4.720036
4.720036
4.1758046
4.830583
4.830583
4.3926473
4.830583
4.720036
4.3926473
4.720036
5.6979513
5.0474253
4.936878
4.936878
5.264267
5.6979513
4.826331
6.1316357
5.3705626
6.6758666
4.715784
5.3705626
5.3705626
5.3705626
6.4590244
5.264267
5.1537204
4.826331
5.591656
4.503194
5.3748145
5.0474253
4.3926473
4.720036
4.6094894
5.6979513
5.1537204
4.3926473
4.720036
4.720036
5.3748145
4.1758046
5.0474253
4.2863517
4.3926473
4.3926473
4.1758046
5.0474253
4.503194
4.720036
4.2863517
5.1579723
4.830583
4.720036
4.936878
5.5874047
4.720036
5.6979513
4.1758046
4.826331
4.720036
4.3926473
5.264267
6.0253406
5.1537204
5.1537204
6.1358876
5.3705626
4.720036
3.9589627
4.613741
3.414732
4.503194
4.503194
4.6094894
4.613741
4.503194
4.06951
4.94113
4.720036
4.2863517
5.1579723
5.0474253
4.830583
5.3748145
4.503194
5.3748145
4.503194
4.3968987
4.180057
3.5252786
4.180057
3.2021413
2.1136792
3.8569195
2.7684572
2.662162
2.879004
1.6842467
2.3347728
1.6799948
2.5516152
3.4232354
3.0958462
2.879004
2.117931
1.7905419
2.662162
2.117931
2.989551
2.0073838
2.989551
2.0073838
1.7905419
3.0958462
1.7905419
1.9010887
1.1400155
1.4674045
1.5779516
0.055804953
0.92742515
0.38319403
0.38319403
0.055804953
-0.16103715
0.055804953
-0.054742
0.60003614
0.82113004
0.60003614
0.16635191
-0.2673323
0.27264705
0.16635191
-0.7052683
0.38319403
0.7105831
0.60003614
0.16635191
0.16635191
0.92742515
0.055804953
0.60003614
-0.7052683
0.055804953
0.4894892
0.27689886
-0.37787926
-0.050490197
-0.7052683
-0.4884262
0.38319403
0.16635191
-0.8115635
-0.2673323
-0.7010165
-1.568385
-0.7010165
-1.0241537
-1.2409959
-0.7010165
-1.3515428
-0.91785866
-1.7894788
-2.116868
-0.91785866
-0.4841744
-1.4620898
-1.7852271
-0.80731165
-1.895774
-1.895774
-1.2452477
-1.0284055
-0.5947214
-1.5726367
-0.8115635
-0.5947214
-1.5726367
0.06005676
-0.15678534
-0.37362745
0.06005676
-0.15678534
-1.3557947
-0.8115635
-0.8115635
0.27689886
-0.2673323
0.06005676
-0.37787926
0.6042879
-1.5726367
-0.37362745
-1.2452477
-1.678932
-0.37787926
0.49374095
0.27689886
-1.1389525
-0.2673323
-0.8115635
-0.050490197
0.27689886
0.49374095
-0.7052683
0.055804953
-0.050490197
-0.37787926
-0.16103715
0.7105831
0.055804953
0.60003614
0.16635191
-0.050490197
-0.16103715
-0.5947214
0.38319403
-0.16103715
-0.5947214
-0.4884262
-0.2673323
-0.37787926
0.27689886
-0.050490197
0.16635191
-0.16103715
-0.16103715
0.7105831
0.16635191
0.92742515
0.27264705
-0.16103715
0.92742515
-0.054742
0.055804953
0.70633125
2.1221828
2.228478
1.3568575
0.9231734
2.228478
1.2463106
2.228478
2.879004
1.3526058
2.662162
2.44532
0.5957843
2.228478
0.8126264
1.6842467
1.4674045
2.228478
0.37894222
0.9231734
0.9231734
0.70633125
0.38319403
0.70633125
1.2505624
0.4894892
0.5957843
1.1400155
2.0116355
1.4674045
1.4631528
1.1400155
0.8126264
0.1578483
1.6842467
1.5736997
1.0294685
2.0073838
2.4410682
2.65791
2.65791
2.4410682
2.5516152
2.7684572
2.224226
1.2463106
2.662162
2.117931
1.6799948
2.879004
1.896837
2.3347728
2.3347728
1.7905419
2.117931
1.9010887
1.9010887
1.3568575
0.48523736
1.9010887
0.5957843
1.0337203
1.6842467
0.1621001
0.37894222
1.4674045
1.0294685
0.37894222
1.9010887
2.662162
1.6799948
2.3347728
2.9852993
2.0073838
2.879004
2.7684572
3.3084364
3.2021413
3.4189837
3.6358256
2.330521
3.312688
2.224226
2.662162
1.5736997
0.9189216
2.989551
2.3347728
2.3347728
2.3347728
1.9010887
1.9010887
2.117931
1.1400155
1.9010887
1.6799948
2.117931
2.5516152
2.117931
1.1357636
1.0294685
1.7905419
2.228478
1.3568575
1.9010887
1.1400155
0.9231734
2.117931
0.5957843
0.37894222
1.4674045
0.9189216
1.5736997
1.4631528
1.7905419
0.8126264
1.4631528
1.5736997
2.228478
1.7905419
1.4631528
1.6842467
1.1400155
1.5736997
1.9010887
1.9010887
2.0116355
1.2463106
0.7020795
1.0294685
1.0294685
0.37894222
1.7947936
1.0294685
1.0294685
1.2463106
1.7905419
1.2463106
2.117931
2.224226
2.1136792
2.3347728
2.65791
2.8747523
2.117931
2.1136792
2.3347728
1.2463106
1.5736997
2.117931
0.7020795
1.6799948
1.4631528
1.0294685
1.4631528
1.9010887
0.7020795
1.5736997
1.5736997
1.6842467
1.3568575
1.1400155
0.7020795
1.3568575
2.224226
1.0252168
2.330521
2.7642052
1.6799948
1.2463106
1.5694479
1.2463106
3.5295303
3.2021413
2.7642052
2.330521
2.7642052
3.4189837
2.330521
2.5473633
3.0915945
2.4410682
2.224226
2.7684572
1.5694479
1.6799948
2.224226
3.0958462
2.4410682
1.6799948
2.7684572
2.65791
2.224226
2.224226
1.4631528
1.1357636
1.2463106
1.4631528
2.5516152
2.662162
2.224226
1.7905419
2.117931
2.879004
2.65791
2.1136792
2.65791
2.8747523
2.4410682
3.312688
2.5473633
3.4189837
3.6358256
3.4189837
2.7642052
3.1978896
3.3084364
3.4189837
3.0915945
3.4189837
2.7642052
3.6358256
2.003132
3.7463725
2.6536584
2.9810476
4.180057
2.5473633
1.7862899
3.2021413
1.7862899
1.896837
2.7642052
1.7862899
3.2021413
2.9810476
3.3084364
2.9810476
2.7642052
3.0915945
3.1978896
3.7421207
3.0915945
3.8526678
4.3968987
3.8526678
3.3084364
3.7421207
3.8526678
4.3968987
3.1978896
2.8747523
3.4189837
3.7463725
2.5473633
2.5473633
2.7684572
2.224226
2.1136792
2.0073838
2.1136792
2.5516152
2.5516152
2.5516152
2.5516152
1.3526058
1.7905419
2.4410682
1.4631528
2.4410682
2.65791
2.65791
2.65791
3.2021413
2.4368165
2.5473633
2.9852993
2.65791
2.003132
3.3084364
2.6536584
2.9810476
2.9810476
3.0915945
2.2199743
3.2021413
2.5473633
2.7642052
2.330521
3.0915945
2.9852993
2.4410682
3.4189837
2.4410682
2.65791
2.65791
1.6799948
2.5473633
2.5473633
2.8747523
2.7642052
2.330521
2.7642052
3.6358256
2.5473633
2.2199743
2.9810476
2.65791
2.65791
2.8747523
2.8747523
2.5516152
2.0073838
2.879004
2.224226
1.5736997
1.6799948
0.8126264
0.37894222
1.1400155
0.1621001
0.81687826
1.2505624
0.9231734
2.1221828
1.6842467
0.9231734
1.3568575
0.9231734
0.8126264
1.1400155
1.6842467
0.9231734
0.9231734
1.4674045
1.0337203
2.44532
1.0294685
1.5736997
1.4674045
0.9231734
0.37894222
1.5779516
1.5736997
0.8126264
2.772709
1.3568575
1.2463106
1.6799948
2.0073838
1.6799948
1.6799948
1.6799948
2.44532
1.0294685
0.26839525
1.3568575
0.9231734
1.1400155
0.7020795
1.4631528
2.0073838
1.2463106
1.7905419
0.5957843
1.0294685
2.224226
1.1357636
1.3526058
0.3746904
2.1136792
2.003132
1.3526058
1.6799948
2.1136792
2.7642052
2.330521
3.5252786
2.7684572
2.003132
1.7905419
2.7684572
2.0073838
2.44532
2.224226
1.6799948
1.896837
2.65791
0.9189216
1.6799948
1.0294685
1.7905419
0.5957843
2.228478
0.5957843
1.4674045
1.3568575
0.7020795
1.7905419
0.7020795
1.5694479
1.2463106
1.7905419
0.48523736
1.2463106
1.5736997
1.0294685
1.5736997
2.1136792
1.6799948
3.3084364
2.8747523
2.330521
1.3526058
2.4410682
1.7862899
2.224226
1.1357636
2.4410682
1.896837
2.4410682
1.7862899
3.0915945
2.7642052
2.003132
2.6536584
1.7862899
1.6757431
2.5473633
2.9810476
2.65791
3.0915945
2.6536584
2.330521
2.8747523
2.8705006
3.0873425
3.9589627
3.0873425
2.8705006
3.7421207
4.1758046
3.3041847
3.7421207
4.613741
2.6536584
3.4189837
3.5252786
3.414732
2.65791
3.5252786
2.6536584
2.8747523
3.0915945
2.6536584
3.0915945
3.0915945
2.003132
2.5473633
2.1136792
2.5516152
3.3084364
2.8705006
3.9589627
3.1978896
2.8747523
2.5473633
2.9810476
2.65791
2.7642052
2.7642052
3.5252786
2.8705006
2.6536584
4.06951
3.848416
3.0873425
3.8526678
2.9810476
3.1978896
3.7421207
3.3084364
3.631574
4.503194
3.414732
3.1936376
2.9767957
3.848416
3.631574
3.1936376
4.503194
3.414732
3.5252786
3.848416
3.631574
2.7599535
4.503194
2.8705006
2.6536584
3.0873425
3.5210268
4.065258
4.2821
3.631574
3.5210268
3.1936376
2.9767957
3.9589627
4.503194
4.3926473
4.065258
3.848416
3.848416
3.5210268
3.5210268
4.3926473
4.1758046
3.737869
4.065258
3.848416
4.2863517
3.414732
3.631574
4.1758046
3.954711
3.0873425
3.848416
3.848416
3.631574
3.737869
3.3041847
3.737869
4.4989424
4.2821
4.065258
3.5210268
4.1758046
3.1936376
3.5210268
4.715784
4.2821
5.0431733
4.3883953
3.844164
5.2600155
4.3883953
4.171553
5.0431733
4.9326262
5.4768577
6.0210886
4.3883953
5.3663106
4.605237
4.171553
5.1494684
4.2778482
4.3926473
4.2778482
3.954711
3.6273217
3.844164
4.065258
3.844164
4.3883953
5.3705626
5.0431733
5.0431733
4.826331
4.605237
4.0610065
5.4768577
5.038922
5.6937
6.1273837
6.1273837
5.6937
5.2557635
5.3663106
6.2336793
6.561068
6.77791
6.3442264
5.038922
5.583153
5.6937
5.9105415
6.016837
6.1273837
5.804247
5.1494684
4.715784
4.826331
4.715784
4.3883953
5.5874047
4.9326262
4.2778482
5.2600155
5.9105415
4.8220797
5.1494684
4.0610065
4.4989424
5.2600155
4.3883953
4.715784
5.804247
4.4989424
4.4989424
4.6094894
3.954711
4.4989424
5.804247
5.3663106
3.954711
4.4989424
4.4989424
3.5210268
4.720036
3.848416
3.6273217
3.3041847
3.848416
3.4104798
4.1758046
3.5210268
4.1758046
4.1758046
3.5210268
3.848416
4.065258
3.848416
4.3926473
4.826331
4.065258
3.954711
4.720036
4.3926473
4.3926473
3.5210268
3.5210268
4.1758046
4.3926473
3.5210268
4.065258
3.848416
3.4189837
2.2199743
2.5473633
3.0915945
3.0915945
2.2199743
3.0915945
2.7642052
3.0915945
2.9810476
2.2199743
3.414732
3.1978896
2.1094272
3.7421207
2.9810476
3.3084364
3.7421207
2.6536584
3.5252786
3.5252786
2.6536584
3.3041847
3.414732
3.848416
4.613741
3.5210268
3.5210268
4.1758046
3.5210268
3.1936376
3.737869
4.1758046
3.5210268
4.3926473
3.848416
3.848416
3.1978896
2.7642052
2.4368165
2.003132
2.6536584
3.9589627
3.3041847
3.1978896
2.4368165
2.7642052
1.7862899
3.5252786
2.2199743
3.3084364
3.5252786
2.9810476
2.5473633
3.414732
3.9589627
3.9589627
4.065258
4.2863517
4.720036
4.6094894
4.720036
4.1758046
4.826331
5.1537204
6.0210886
5.583153
5.2600155
6.1273837
5.583153
6.56532
5.1494684
4.826331
4.715784
4.171553
3.848416
4.2863517
3.631574
3.848416
3.737869
3.848416
3.9589627
3.5210268
3.414732
3.7421207
3.9589627
3.3041847
4.3926473
5.5874047
5.4768577
5.9105415
7.3221416
6.450521
7.2115946
7.1010475
7.538984
7.9726677
7.1010475
7.317889
8.406352
7.207342
8.733741
8.406352
8.729489
9.27372
9.380016
9.486311
10.681068
10.787363
11.221047
12.415805
11.761026
13.283173
14.150541
14.150541
12.951532
13.168375
13.823153
13.062079
13.389469
11.977869
12.415805
11.433638
11.216796
10.566269
11.004206
8.94208
6.5525646
6.339974
4.8220797
3.737869
3.3084364
2.330521
1.4589009
3.5252786
3.631574
3.414732
3.1936376
2.2199743
2.3347728
1.5736997
1.2463106
3.6358256
6.0253406
8.083215
9.163173
11.442142
11.331594
11.654732
11.871573
13.066331
13.066331
14.044247
13.610563
12.198963
11.221047
10.89791
8.287301
8.185258
6.8799534
8.078962
7.5347314
7.317889
7.6452785
6.8842053
6.77791
6.3442264
5.2557635
7.3221416
6.7736583
7.5347314
8.94208
10.893659
11.327342
12.849489
13.176878
11.327342
11.765279
11.986373
10.570521
10.136837
9.703153
9.703153
9.703153
10.357931
9.8137
8.185258
8.840036
7.6452785
6.667363
6.671615
6.7821617
6.671615
6.9947524
8.083215
7.7558255
7.6452785
8.840036
9.163173
9.924246
8.729489
8.840036
8.623194
8.406352
8.189509
8.189509
8.406352
7.317889
7.8663726
7.3221416
6.561068
6.450521
6.7821617
6.237931
4.6094894
5.3748145
5.0474253
4.936878
6.0210886
7.220098
6.1273837
6.892709
6.561068
7.3263927
6.0210886
5.0431733
5.3705626
4.830583
3.9589627
3.7421207
3.6358256
4.06951
3.6358256
3.6358256
2.224226
1.3526058
0.9189216
1.7905419
1.5736997
0.9189216
1.3568575
-0.2758359
0.48523736
0.7020795
1.3526058
2.003132
2.4368165
3.5210268
3.4104798
3.9504592
5.4726057
5.3620586
5.468354
4.8178277
5.795743
6.667363
6.123132
5.2557635
7.109551
5.6937
6.348478
5.2600155
5.481109
4.936878
4.720036
4.06951
3.9589627
4.503194
3.6358256
2.65791
3.6358256
3.7463725
3.631574
5.0474253
4.3926473
4.065258
4.2821
3.631574
4.4989424
3.954711
5.0431733
5.4768577
4.826331
3.5210268
4.6094894
4.4989424
4.720036
5.914794
5.3705626
4.2863517
3.631574
4.06951
3.5252786
3.8526678
4.06951
3.9589627
3.5252786
3.7421207
3.1978896
3.4189837
3.1978896
3.631574
4.06951
3.414732
2.4368165
2.8705006
2.8705006
3.848416
4.1758046
4.2821
4.3926473
3.5210268
3.0830908
4.3926473
3.3041847
3.3084364
3.848416
3.0873425
4.2863517
3.954711
3.737869
3.6273217
4.3926473
3.5210268
4.6094894
5.1537204
5.3705626
3.848416
4.2821
4.2821
3.737869
4.720036
3.0873425
3.631574
3.0873425
3.1978896
2.7642052
2.4410682
1.4589009
2.65791
1.7862899
1.4631528
1.5694479
1.4589009
1.5694479
2.1136792
2.5473633
2.330521
3.3084364
2.003132
1.7905419
1.4589009
2.003132
1.7862899
2.8747523
2.5473633
2.7642052
3.7421207
4.2863517
3.1978896
3.2021413
2.9810476
1.3526058
2.330521
1.3526058
1.2420589
1.896837
1.3526058
0.8083746
2.0073838
0.7020795
0.3746904
0.8126264
1.4631528
1.3526058
1.0294685
1.4631528
0.7020795
0.48523736
0.7020795
0.7020795
1.2463106
0.7020795
1.4631528
1.2420589
2.2199743
3.1978896
2.2199743
2.7642052
3.1978896
2.2199743
2.1136792
2.4368165
1.896837
1.5694479
2.8747523
2.4368165
2.2199743
2.9810476
2.6536584
1.8925852
2.330521
1.896837
1.1357636
2.4410682
1.5694479
1.2463106
2.0073838
1.5694479
0.8083746
1.4631528
2.330521
1.3526058
1.6799948
1.0252168
0.3746904
1.6799948
1.3526058
1.896837
2.65791
2.003132
1.6757431
2.2199743
2.003132
1.7862899
1.7862899
1.7862899
1.7862899
2.5473633
2.6536584
3.414732
4.06951
4.1758046
2.8705006
2.6536584
3.0873425
2.6536584
4.1758046
3.0873425
3.1978896
3.631574
3.1978896
2.9810476
3.631574
3.631574
3.5210268
3.631574
4.1758046
3.4104798
3.9589627
4.3926473
3.737869
4.830583
4.065258
4.065258
3.737869
3.954711
3.631574
3.848416
3.631574
4.3926473
3.848416
4.6094894
4.3926473
3.5210268
3.3084364
3.7421207
3.954711
4.065258
3.3041847
4.503194
3.848416
3.0873425
3.848416
3.414732
2.9767957
3.5210268
3.954711
3.631574
2.8662488
3.414732
3.9589627
4.6094894
4.2821
3.4104798
3.844164
3.844164
4.0610065
5.3663106
5.6937
5.6937
5.1494684
5.3663106
5.2557635
4.8220797
5.9105415
5.583153
6.016837
5.2557635
5.1494684
4.2778482
5.3663106
5.4768577
5.3663106
4.715784
3.954711
4.605237
4.8220797
5.3663106
5.4726057
4.605237
4.715784
4.3883953
4.605237
4.928375
4.4946904
5.583153
6.016837
5.038922
5.4726057
6.016837
5.3620586
6.016837
5.4726057
5.4768577
5.1494684
4.8220797
4.605237
4.8220797
4.715784
4.065258
3.4104798
3.4104798
3.737869
3.848416
3.848416
2.9767957
4.3926473
4.3926473
4.065258
3.848416
3.5210268
4.503194
3.5210268
3.1936376
3.631574
3.5210268
3.3041847
3.3041847
3.5210268
2.5431116
4.065258
2.8662488
3.631574
3.737869
3.737869
3.5210268
4.0610065
4.4989424
3.954711
4.3883953
4.2778482
5.1537204
4.6094894
4.3926473
4.3926473
3.844164
3.6273217
4.2821
4.3883953
3.954711
4.3883953
4.4989424
4.605237
5.4768577
4.065258
3.4104798
5.3705626
4.065258
4.2821
4.065258
4.0610065
3.737869
5.5874047
4.9326262
5.6937
4.605237
4.4989424
4.9326262
5.038922
4.4989424
5.1494684
5.3663106
4.4989424
4.4989424
3.737869
4.065258
3.848416
3.848416
3.9589627
4.2863517
3.1978896
3.3084364
2.1094272
2.1136792
2.2199743
2.5473633
2.1094272
1.8925852
3.6358256
2.7642052
2.4368165
3.8526678
3.631574
2.6536584
3.3084364
3.9589627
3.414732
3.631574
3.4104798
2.8662488
3.3041847
3.631574
3.737869
3.848416
3.737869
4.4989424
3.5210268
3.737869
3.737869
3.0830908
3.737869
4.065258
2.9767957
3.631574
3.0873425
2.5473633
3.9589627
2.8705006
3.848416
3.954711
3.737869
3.848416
2.8662488
3.0873425
3.3041847
4.6094894
3.1936376
3.631574
4.065258
4.503194
3.954711
4.2821
4.171553
4.171553
4.605237
5.2600155
5.2600155
4.715784
4.3926473
4.4989424
3.737869
2.3262694
3.414732
2.7642052
2.5473633
3.414732
3.6358256
2.6536584
2.4368165
2.5473633
1.7862899
2.5473633
2.4410682
3.2021413
2.65791
3.3084364
3.9589627
3.3041847
2.9767957
3.3041847
4.503194
3.1936376
2.4325645
3.5210268
2.9767957
4.6094894
3.5210268
4.503194
3.848416
4.1758046
4.065258
3.3041847
3.631574
3.631574
3.954711
3.4104798
3.737869
3.1936376
4.065258
4.171553
3.954711
4.0610065
4.171553
4.2778482
4.8220797
5.1494684
4.3883953
4.171553
5.0431733
4.936878
4.2821
4.065258
4.065258
4.065258
4.826331
4.4989424
4.605237
4.715784
4.605237
4.605237
5.4768577
5.6937
4.171553
5.1494684
5.4768577
5.583153
5.9105415
4.3883953
4.4989424
4.4989424
4.065258
3.5210268
4.3926473
3.631574
4.065258
3.848416
3.737869
3.848416
3.5210268
4.1758046
4.065258
3.848416
2.8705006
3.3041847
3.3041847
3.848416
3.6273217
4.4989424
3.737869
4.9326262
4.3883953
5.1494684
4.171553
4.171553
5.0431733
4.826331
3.4104798
4.2821
4.715784
4.826331
4.4989424
3.954711
3.6273217
3.844164
4.3883953
5.4768577
4.171553
4.2821
4.3883953
4.2821
4.4989424
3.954711
4.4989424
4.715784
5.0431733
4.4989424
3.954711
3.954711
4.715784
4.171553
5.4768577
5.1494684
5.3663106
6.1273837
5.689448
6.9947524
5.689448
5.4726057
5.2557635
5.1494684
4.605237
3.737869
4.2821
3.9589627
3.5210268
3.737869
4.720036
4.065258
4.065258
3.3041847
3.631574
3.0873425
2.3262694
3.7421207
3.737869
4.2821
3.848416
4.3926473
3.3041847
4.1758046
3.737869
3.1936376
4.826331
3.3041847
3.848416
4.1758046
3.5210268
4.1758046
4.826331
4.3926473
4.171553
3.4104798
4.4989424
5.2600155
4.171553
4.171553
5.0431733
4.3883953
4.715784
4.3883953
4.9326262
4.171553
4.171553
3.844164
4.0610065
4.3883953
3.954711
3.848416
3.4104798
3.3041847
2.6536584
2.8705006
3.737869
3.954711
4.4989424
3.954711
3.1936376
3.737869
4.3926473
3.848416
4.6094894
4.4989424
4.4989424
3.4104798
4.720036
4.1758046
3.848416
3.5252786
3.3041847
4.720036
3.7421207
3.737869
3.414732
3.7421207
2.7642052
3.2021413
2.4410682
1.7862899
2.5473633
3.3084364
2.7642052
2.003132
2.4368165
2.7642052
2.65791
3.4189837
2.5473633
2.330521
3.0915945
2.4368165
2.9810476
3.414732
3.414732
3.1978896
3.414732
2.8705006
3.7421207
3.3041847
3.3084364
3.3041847
4.065258
3.3041847
3.0873425
3.3041847
2.8705006
2.6536584
2.3262694
2.5431116
2.7642052
2.003132
2.2199743
3.6358256
1.7862899
1.8925852
2.6536584
2.2199743
2.6536584
2.6536584
1.7862899
2.7642052
2.9810476
2.7642052
2.6536584
2.6536584
3.7421207
3.1978896
3.1936376
3.3041847
3.9589627
4.503194
2.7599535
4.06951
2.7642052
2.5473633
3.5295303
2.2199743
1.896837
2.330521
1.2420589
2.4410682
1.6799948
1.896837
2.7684572
0.59153247
2.5516152
2.662162
0.59153247
1.4631528
0.9189216
1.0252168
1.2420589
1.896837
1.1357636
1.1357636
2.1136792
2.4410682
1.5694479
2.224226
1.3526058
2.1136792
3.2021413
2.003132
2.5473633
2.8705006
2.2199743
2.3262694
3.7421207
2.3262694
3.1978896
3.1978896
2.5431116
3.7421207
2.6536584
2.5473633
1.8925852
2.003132
1.896837
1.896837
2.330521
1.7862899
1.3526058
0.9189216
0.9189216
0.1578483
1.0294685
1.7862899
2.224226
2.5473633
2.4368165
2.4368165
3.414732
2.8705006
3.0873425
3.1978896
3.631574
3.5210268
2.9767957
3.848416
3.5210268
2.7599535
2.8705006
2.4368165
2.5473633
1.1357636
1.4631528
1.7862899
1.2463106
1.6799948
1.3526058
0.7020795
0.7020795
1.0294685
0.37894222
0.48523736
0.5957843
1.0294685
1.2463106
1.3526058
1.1357636
2.4410682
1.5694479
1.896837
2.2199743
2.1094272
2.9810476
3.5252786
2.9810476
2.1094272
3.1978896
2.4368165
2.8747523
2.2199743
1.8925852
1.896837
1.6757431
2.4368165
2.4368165
2.4368165
2.1094272
1.7862899
1.8925852
1.8925852
2.330521
1.8925852
1.4589009
2.003132
1.8925852
1.4589009
2.5473633
2.2199743
1.8925852
2.5473633
2.003132
2.8705006
2.9810476
3.414732
2.6536584
3.631574
3.3041847
3.1978896
4.3926473
3.9589627
3.3041847
3.631574
4.3926473
3.3041847
3.3041847
4.1758046
3.4104798
2.6536584
3.0873425
2.2199743
2.8705006
2.6536584
2.1136792
2.6536584
2.2199743
1.0252168
1.6757431
2.1136792
1.7862899
2.6536584
2.4368165
2.4368165
2.8705006
2.8705006
3.1978896
3.737869
3.3041847
3.3041847
3.737869
3.954711
4.065258
4.715784
4.715784
4.2821
4.3883953
4.171553
5.1494684
5.1494684
4.4989424
4.605237
3.844164
3.7336173
5.038922
4.8220797
5.583153
4.8220797
4.605237
4.2778482
4.4946904
4.928375
4.3841434
4.928375
5.583153
5.2557635
5.583153
4.8220797
4.928375
5.1452165
5.799995
5.4726057
5.90629
5.4726057
5.6851964
6.2294273
7.317889
7.4241843
7.207342
7.6452785
7.6452785
6.9905005
6.7736583
7.4284363
5.689448
6.9947524
5.4726057
5.3663106
5.4768577
3.844164
4.4989424
4.171553
3.4104798
3.954711
3.6273217
4.715784
3.844164
3.4104798
4.2821
3.5210268
3.0830908
5.0431733
4.3883953
4.7115326
3.5167751
4.2778482
3.9504592
4.0610065
5.3663106
4.8220797
5.1494684
4.9326262
5.2557635
4.7115326
3.9504592
5.2600155
3.844164
3.299933
4.3883953
4.0610065
3.5167751
5.038922
4.3883953
4.605237
4.2778482
4.4989424
4.2778482
3.6273217
3.848416
3.3041847
2.3220174
3.0873425
3.5210268
2.6494067
4.065258
3.737869
2.8662488
3.737869
2.8662488
3.1936376
3.4104798
3.737869
3.737869
3.4104798
3.299933
2.3220174
3.4104798
3.737869
3.6273217
3.844164
2.8662488
3.3041847
2.6494067
3.1936376
3.1936376
3.5210268
2.3262694
3.5210268
2.7599535
2.7599535
3.1978896
2.8705006
1.8925852
1.1315118
1.6757431
2.2199743
1.8925852
1.565196
2.6536584
2.1094272
2.5431116
2.9767957
2.4325645
3.414732
2.5431116
2.3262694
2.5431116
1.8925852
1.2420589
1.4589009
1.0252168
1.5694479
1.5694479
0.69782764
0.69782764
1.5694479
0.26414344
0.91466975
1.0252168
0.48098555
0.15359649
0.59153247
-0.28008774
0.8083746
0.1578483
0.69782764
0.3746904
0.48098555
-0.930614
0.3746904
-0.38638288
-0.2758359
-0.49692985
0.15359649
0.69782764
1.7820382
1.9988803
2.5431116
1.9988803
1.7820382
1.565196
1.020965
2.1094272
1.8925852
0.69782764
1.0252168
-0.8243188
-0.2758359
-0.16528895
-0.49692985
0.48523736
-0.058993805
0.9189216
0.9189216
0.7020795
0.9189216
0.1578483
0.7020795
0.59153247
1.0252168
1.1315118
1.6757431
0.69782764
1.6757431
1.1315118
2.003132
2.1094272
1.348354
1.4589009
1.9988803
2.5431116
2.8662488
3.1936376
3.299933
2.8662488
3.299933
2.6494067
3.3041847
2.9767957
2.7599535
4.065258
2.2157223
1.9988803
2.5431116
2.1094272
1.8925852
0.91466975
1.6757431
1.0252168
1.4589009
1.1315118
0.59153247
0.69782764
0.26414344
1.4589009
1.2420589
1.1315118
1.565196
2.6494067
2.6494067
2.5431116
1.4546491
2.2157223
2.5431116
2.4325645
2.7599535
3.3041847
3.0830908
3.954711
3.954711
3.4104798
3.631574
2.5431116
3.0873425
2.3262694
1.7862899
1.8925852
2.2199743
1.1315118
0.91466975
0.26414344
1.2420589
1.4589009
1.1315118
0.58728075
1.348354
0.91466975
1.2420589
0.69782764
0.69782764
1.0252168
1.0252168
0.91466975
2.1094272
2.3262694
1.565196
2.5431116
3.1936376
2.1051755
1.7777863
2.8662488
3.954711
2.9767957
3.1936376
3.1936376
3.0830908
2.9767957
3.414732
1.9988803
2.7599535
2.6536584
2.5431116
2.9767957
2.1094272
1.9988803
2.5431116
2.2157223
3.0873425
2.2157223
1.6714911
2.2157223
1.9988803
2.4325645
2.6494067
2.4325645
3.4104798
3.737869
2.7557018
3.6273217
3.0830908
3.7336173
5.1494684
3.9504592
3.299933
3.737869
3.954711
3.4104798
2.9767957
3.0873425
3.0873425
2.1094272
1.565196
2.7599535
2.7599535
2.7599535
2.4368165
1.4546491
2.7642052
1.348354
1.8925852
2.330521
1.7862899
2.2199743
2.9810476
2.1094272
1.237807
1.565196
1.348354
1.565196
3.0873425
2.3262694
1.9988803
2.7599535
2.1094272
2.2157223
3.1936376
1.9988803
2.8662488
3.737869
3.5210268
3.1936376
3.1936376
3.4104798
3.1936376
3.4104798
2.9767957
3.954711
3.1936376
3.1936376
4.065258
2.9767957
3.1936376
2.7599535
2.4368165
2.5431116
2.4325645
2.9767957
1.9988803
2.5431116
3.0873425
3.5210268
2.972544
3.4104798
4.2778482
4.0610065
5.2557635
4.605237
5.4726057
5.4726057
5.3620586
5.578901
4.928375
4.4946904
4.3841434
3.9504592
4.2821
4.3883953
3.6273217
3.4104798
3.4104798
3.1936376
3.1936376
3.0830908
2.9767957
3.3041847
2.8705006
2.3262694
2.9767957
2.3220174
3.1936376
4.065258
3.1936376
3.844164
3.299933
3.6273217
3.299933
2.8662488
4.171553
3.299933
4.7115326
4.2778482
5.90629
5.1452165
4.3841434
4.928375
5.4726057
4.928375
4.3841434
4.928375
4.6009855
5.3620586
5.4726057
4.928375
4.2735963
5.795743
5.3620586
4.7072806
5.3620586
5.0346694
4.4946904
4.928375
4.7115326
3.62307
5.90629
4.7072806
5.902038
6.7736583
6.2294273
5.791491
6.8799534
6.4462695
6.8799534
6.1188803
6.8842053
6.2294273
6.556816
5.6851964
6.2294273
6.7736583
6.123132
5.578901
5.90629
5.90629
5.578901
4.7115326
5.583153
4.928375
4.928375
5.2557635
4.0610065
5.038922
4.2778482
3.9504592
5.038922
5.2557635
4.6009855
5.4726057
4.0610065
4.715784
4.3883953
3.299933
4.8220797
4.2778482
3.9504592
4.6009855
4.7115326
4.8178277
5.1452165
4.6009855
4.928375
5.3620586
5.251512
5.795743
6.2294273
6.2294273
6.7736583
5.795743
5.0346694
4.4946904
3.189386
4.0610065
2.8662488
2.5388596
3.737869
2.5388596
2.6494067
3.299933
2.8662488
2.5431116
2.4325645
3.5210268
2.8662488
2.8662488
4.8220797
6.2336793
5.3620586
5.140965
5.251512
6.012585
6.2294273
6.1188803
6.769407
6.8799534
7.6410265
6.4462695
5.578901
4.7115326
4.4946904
3.1936376
3.5210268
2.6494067
3.954711
3.0830908
2.9767957
3.6273217
2.5431116
2.3262694
1.565196
2.5431116
2.4325645
2.3220174
3.1936376
4.171553
3.9504592
4.167301
4.8220797
3.406228
3.62307
4.3841434
3.9462075
3.9504592
5.0346694
4.8178277
5.1452165
5.689448
4.928375
4.8178277
4.1630497
4.490439
5.0346694
4.7072806
5.468354
5.140965
5.90629
4.8178277
5.1452165
3.2956812
3.8399122
3.9504592
4.928375
3.8399122
4.6009855
4.056754
3.4019763
4.056754
4.928375
2.968292
4.2778482
4.6009855
4.7072806
5.795743
6.4462695
5.574649
5.6851964
6.2294273
6.8799534
7.096796
6.8799534
6.1188803
6.2251754
7.4241843
6.769407
5.902038
6.4462695
6.012585
5.795743
5.6851964
6.663111
5.6851964
6.1188803
5.251512
5.251512
5.578901
5.795743
5.251512
6.012585
5.251512
5.1452165
5.357807
6.2294273
6.1188803
6.4462695
6.2294273
6.008333
6.008333
6.5525646
6.875702
7.092544
7.526228
8.176754
9.371511
8.393597
8.504144
8.393597
8.176754
9.048374
8.720985
8.937827
8.610438
9.698901
8.937827
8.287301
9.592606
7.853617
7.9599123
7.853617
8.397848
6.765155
8.725238
7.74307
7.853617
9.052627
7.74307
7.9641643
7.526228
8.8315325
8.720985
9.915743
9.698901
9.588354
10.676816
9.69465
9.584103
10.455723
10.455723
10.566269
9.371511
10.243132
10.132585
9.482059
9.158921
8.614691
8.397848
8.725238
8.614691
9.158921
8.181006
8.508395
8.508395
6.875702
6.875702
7.9641643
7.9641643
7.853617
8.8315325
8.287301
8.937827
8.504144
9.158921
9.048374
8.504144
9.265217
9.698901
9.698901
10.566269
9.911491
10.23888
10.783112
9.69465
10.132585
10.455723
9.915743
9.915743
9.915743
8.82728
8.937827
9.15467
9.375764
8.610438
9.048374
7.526228
7.636775
7.309386
7.74307
6.6588597
7.419933
6.875702
7.747322
7.092544
6.3314705
8.397848
7.9641643
7.747322
8.181006
8.397848
9.158921
7.853617
8.287301
8.070459
9.592606
8.504144
9.158921
8.8315325
8.725238
7.419933
7.419933
7.636775
7.5304804
7.4241843
7.313638
6.8799534
6.1188803
5.902038
5.6851964
6.339974
5.6851964
6.556816
5.795743
6.012585
6.556816
5.6851964
5.795743
6.012585
5.6851964
6.4462695
5.6851964
6.9905005
6.9905005
6.663111
6.5525646
6.3357224
6.5525646
6.5525646
6.2251754
6.5525646
6.6588597
6.2251754
8.508395
7.203091
7.096796
7.096796
7.4241843
6.4462695
6.663111
6.5525646
7.207342
7.7515736
6.769407
6.769407
6.1188803
7.207342
6.339974
6.012585
6.3357224
6.1188803
6.5525646
7.096796
6.5525646
7.096796
6.9905005
6.2251754
6.663111
6.8799534
7.5304804
8.181006
7.5304804
8.074712
7.096796
6.008333
7.4241843
6.3357224
6.1188803
6.9905005
7.313638
6.8799534
6.663111
6.008333
6.7736583
5.902038
6.1188803
5.6851964
5.902038
5.357807
4.8135757
6.667363
5.795743
5.902038
4.924123
5.251512
6.2294273
5.574649
6.9905005
6.8799534
6.663111
6.1188803
6.4462695
6.663111
6.1188803
6.3357224
5.791491
7.096796
7.096796
6.4420176
7.096796
7.203091
6.4420176
6.769407
6.769407
7.096796
6.3357224
6.8799534
7.096796
7.096796
5.574649
6.012585
6.556816
7.317889
6.2294273
6.1188803
6.012585
5.357807
5.468354
6.4462695
6.5525646
6.5525646
7.203091
7.5304804
8.508395
8.181006
8.397848
8.397848
8.614691
8.720985
9.592606
9.375764
8.504144
9.809448
9.158921
7.9641643
7.313638
7.6410265
7.096796
7.207342
6.663111
6.5525646
7.207342
6.4462695
6.339974
7.1010475
6.4462695
6.556816
6.4462695
6.5525646
7.5347314
6.9905005
7.313638
7.096796
6.8799534
7.096796
7.207342
6.769407
6.5525646
7.4241843
7.9641643
8.181006
7.636775
6.5525646
6.6588597
6.769407
7.313638
8.508395
7.9641643
7.9641643
8.181006
8.397848
9.158921
8.504144
8.614691
9.375764
7.636775
8.181006
7.636775
7.636775
8.614691
7.747322
7.636775
7.857869
8.074712
7.203091
7.747322
7.9641643
6.8799534
7.857869
7.747322
8.181006
8.94208
8.614691
8.287301
8.937827
9.15467
9.915743
9.698901
10.243132
9.805196
9.809448
9.809448
8.720985
8.94208
8.720985
8.393597
8.504144
8.94208
8.397848
8.181006
7.203091
8.618942
7.096796
7.203091
6.6588597
7.747322
7.419933
7.5304804
7.309386
8.074712
7.309386
7.636775
7.853617
8.508395
8.504144
8.393597
10.02629
8.393597
9.371511
9.048374
9.592606
8.287301
8.070459
8.8315325
8.287301
7.636775
8.397848
8.181006
8.287301
7.74307
7.74307
9.486311
7.853617
7.853617
8.504144
7.636775
8.070459
8.725238
8.181006
8.725238
7.9641643
7.9641643
7.309386
7.853617
7.636775
7.526228
8.94208
8.94208
8.720985
8.82728
10.459974
9.805196
9.371511
9.805196
9.588354
9.15467
10.02629
8.287301
7.419933
8.074712
7.207342
7.096796
6.769407
6.769407
6.9905005
7.096796
5.791491
6.1188803
6.4462695
6.9905005
5.6851964
5.902038
6.7736583
6.3357224
7.317889
6.5525646
6.1188803
6.663111
6.5525646
6.1188803
6.5525646
6.8799534
6.4420176
6.769407
6.8799534
6.8799534
7.096796
6.8799534
6.008333
6.4420176
6.3357224
7.207342
6.5525646
6.769407
6.6588597
6.769407
6.2251754
6.8799534
5.791491
6.4462695
6.012585
4.8135757
4.924123
4.7072806
4.7072806
4.6009855
4.2735963
3.078839
3.7336173
2.3177657
4.8220797
4.4946904
4.379892
5.0346694
6.012585
5.6851964
5.357807
6.1188803
6.3357224
5.791491
7.096796
6.8799534
5.791491
5.902038
6.4462695
6.4462695
5.140965
6.012585
5.578901
4.3841434
5.0346694
4.5967336
4.8178277
5.795743
5.1452165
4.8178277
4.6009855
4.7115326
4.167301
4.056754
4.167301
3.9504592
4.3841434
4.924123
3.9462075
4.379892
4.2735963
3.9462075
4.3841434
4.056754
4.6009855
4.8178277
4.924123
5.795743
4.0525026
5.1452165
5.795743
4.269345
4.379892
5.3620586
5.251512
5.795743
5.578901
5.357807
5.251512
5.795743
5.3620586
5.6851964
3.9462075
5.689448
5.140965
4.056754
5.689448
3.4019763
3.2956812
4.3841434
3.9462075
3.62307
4.928375
3.6188183
5.0346694
5.140965
5.6851964
6.4462695
5.574649
6.1188803
5.574649
5.6851964
5.464102
6.5525646
5.8977866
7.4241843
6.663111
6.4462695
6.8799534
6.7736583
5.902038
6.2294273
6.2294273
5.468354
5.468354
5.578901
5.4726057
4.8178277
4.167301
3.62307
3.62307
4.3841434
5.0346694
6.012585
5.6851964
6.4462695
6.012585
5.902038
5.136713
6.1188803
6.3357224
6.986249
6.2251754
7.5304804
7.9641643
8.614691
9.048374
7.419933
8.181006
7.1988387
7.203091
7.636775
7.419933
7.636775
6.769407
7.6410265
6.2251754
7.4241843
6.5525646
6.1188803
6.3357224
5.357807
6.012585
4.7072806
4.8135757
4.924123
4.490439
4.490439
4.8135757
4.924123
5.902038
6.9905005
6.769407
7.419933
6.769407
6.765155
7.636775
7.853617
8.070459
8.397848
7.636775
7.747322
8.074712
6.875702
7.857869
6.4420176
6.4462695
5.468354
5.902038
5.578901
6.012585
5.0346694
5.140965
5.578901
4.7072806
5.0346694
6.012585
5.468354
5.795743
5.468354
4.269345
5.0346694
5.357807
6.1188803
6.769407
7.096796
6.4420176
6.5525646
7.5304804
6.769407
7.419933
7.5304804
7.9641643
7.747322
7.5304804
8.614691
7.309386
8.8315325
8.397848
8.94208
8.397848
7.203091
8.508395
7.9641643
6.3314705
7.5304804
6.4420176
6.114629
5.8977866
6.8799534
6.3357224
6.5525646
6.8799534
6.769407
6.6588597
7.096796
7.313638
7.313638
7.5304804
6.8799534
7.5304804
7.419933
8.720985
8.720985
9.265217
9.15467
9.698901
9.265217
8.94208
7.1988387
8.070459
8.725238
8.94208
8.94208
7.313638
7.419933
7.5304804
6.2251754
6.3357224
6.1188803
6.5525646
6.4462695
6.9905005
6.556816
6.8799534
6.3357224
6.5525646
6.1188803
6.2251754
6.4420176
7.5304804
8.074712
7.203091
8.181006
7.74307
7.636775
7.9641643
7.203091
8.508395
7.092544
7.096796
7.309386
7.853617
7.203091
8.2915535
7.092544
7.636775
7.5304804
7.313638
6.8799534
7.4241843
6.008333
6.663111
6.663111
6.5525646
6.5525646
5.791491
6.7736583
6.008333
7.207342
6.769407
6.5525646
7.096796
7.096796
7.5304804
7.747322
7.747322
7.747322
8.720985
8.176754
8.937827
10.243132
8.610438
8.720985
8.070459
8.287301
9.375764
8.070459
7.636775
7.092544
7.5304804
7.313638
6.5525646
6.663111
6.3357224
5.902038
5.6851964
5.574649
5.574649
6.5525646
6.3357224
6.114629
5.353555
6.769407
6.2251754
5.7872396
6.2251754
7.636775
7.203091
7.857869
7.5304804
7.092544
7.747322
6.981997
7.203091
7.636775
8.287301
8.504144
8.610438
9.809448
8.176754
8.720985
7.853617
7.526228
7.092544
8.508395
7.419933
7.9641643
7.747322
6.3314705
6.2251754
6.5525646
5.353555
6.4462695
6.663111
6.663111
4.7030287
6.4462695
6.769407
6.008333
6.769407
6.8799534
6.769407
8.397848
8.070459
8.070459
9.375764
8.504144
8.504144
9.809448
8.393597
8.8315325
9.375764
9.048374
7.309386
8.070459
8.8315325
7.9599123
8.725238
8.94208
7.853617
7.419933
6.986249
6.4420176
7.313638
6.5525646
6.4420176
6.6588597
6.2251754
5.7872396
6.8799534
8.074712
7.747322
7.636775
7.9641643
7.636775
8.287301
8.720985
8.610438
8.287301
8.720985
10.132585
10.02629
9.805196
10.132585
9.588354
9.044123
8.937827
9.15467
9.371511
9.260964
9.265217
7.849365
9.375764
8.287301
8.070459
8.181006
7.9641643
7.313638
7.636775
7.5304804
7.309386
7.853617
7.415681
7.849365
9.588354
9.15467
9.044123
9.911491
10.349427
9.805196
8.933577
9.69465
11.221047
10.566269
10.345176
11.1105
10.234629
10.783112
10.566269
8.933577
8.176754
9.592606
8.614691
7.747322
7.853617
7.853617
7.636775
6.986249
5.8977866
5.791491
6.5525646
6.5525646
6.1188803
6.769407
6.9905005
6.769407
6.2251754
7.313638
6.6588597
7.853617
7.526228
8.397848
8.397848
8.397848
8.504144
9.044123
9.048374
9.371511
9.592606
8.504144
9.482059
9.698901
10.243132
8.933577
9.371511
8.720985
9.048374
8.070459
7.636775
7.9641643
7.853617
6.986249
7.419933
7.203091
6.5525646
6.986249
7.747322
6.008333
6.9905005
8.185258
6.986249
7.313638
8.181006
9.375764
9.158921
8.614691
8.937827
9.482059
9.482059
9.482059
10.02629
10.243132
9.592606
8.937827
9.158921
9.265217
9.048374
8.94208
8.397848
7.636775
6.769407
7.857869
6.5525646
6.769407
6.663111
7.096796
7.4241843
7.096796
7.4241843
6.769407
7.096796
5.6809444
7.857869
6.4420176
7.313638
7.096796
7.9641643
6.2251754
7.5304804
6.8799534
6.114629
8.2915535
7.5304804
8.181006
8.397848
7.853617
8.725238
8.181006
8.508395
8.508395
8.185258
7.747322
6.986249
7.313638
7.313638
7.096796
6.5525646
7.4241843
6.769407
7.207342
5.8977866
6.4420176
6.769407
6.5525646
7.4241843
5.902038
5.902038
6.3357224
6.4420176
6.6588597
7.419933
7.419933
6.769407
7.096796
7.857869
7.096796
6.986249
7.5304804
6.8799534
7.207342
6.769407
7.4241843
7.207342
7.313638
7.313638
6.008333
6.2251754
6.5525646
6.008333
7.207342
7.207342
6.008333
7.207342
6.3357224
6.2251754
6.8799534
5.902038
6.1188803
6.8799534
7.5347314
6.5525646
8.074712
7.5304804
6.986249
7.9641643
7.747322
7.9641643
7.309386
7.419933
8.8315325
8.720985
8.504144
9.375764
9.265217
8.8315325
9.371511
8.720985
7.74307
8.94208
8.937827
9.482059
8.070459
8.181006
7.309386
6.986249
7.747322
7.203091
6.986249
7.747322
7.309386
7.853617
8.614691
7.419933
8.181006
7.636775
7.419933
8.725238
9.048374
8.720985
9.265217
11.221047
10.893659
9.260964
11.1105
10.566269
10.566269
11.1105
9.588354
10.0220375
9.698901
8.8315325
8.614691
8.2915535
8.074712
7.5304804
8.181006
8.185258
8.508395
8.181006
7.9641643
7.526228
7.9641643
7.747322
7.419933
8.8315325
8.397848
8.070459
7.9641643
8.8315325
9.158921
8.393597
9.371511
10.243132
8.28305
9.260964
10.676816
9.371511
9.698901
10.132585
10.02629
9.592606
9.915743
10.0220375
9.588354
10.566269
10.783112
10.23888
9.805196
10.566269
9.588354
9.805196
10.243132
9.698901
9.588354
8.937827
9.044123
8.610438
10.02629
8.937827
9.15467
8.287301
8.504144
7.632523
8.070459
9.048374
8.504144
9.482059
9.15467
9.15467
10.23888
9.588354
10.676816
8.937827
9.698901
10.89791
10.566269
10.459974
9.698901
9.588354
9.698901
8.8315325
9.158921
8.8315325
9.375764
8.070459
8.2915535
6.8799534
6.2251754
7.5304804
7.313638
6.6588597
6.769407
6.2251754
7.313638
6.6588597
7.313638
8.181006
8.181006
8.508395
8.397848
7.9641643
8.397848
9.809448
8.393597
9.809448
9.15467
8.937827
9.698901
9.809448
9.915743
8.610438
8.8315325
8.937827
8.070459
7.636775
7.9641643
7.853617
7.74307
8.504144
9.486311
8.070459
8.287301
7.9641643
8.614691
7.747322
7.9641643
7.636775
8.614691
9.048374
8.720985
8.504144
9.915743
10.23888
10.349427
10.455723
10.128334
10.889407
10.566269
10.0220375
9.588354
10.243132
9.809448
8.8315325
7.636775
8.725238
8.181006
8.074712
7.853617
7.9641643
7.313638
7.096796
6.5525646
6.663111
6.1188803
6.8799534
7.096796
6.5525646
6.3357224
6.4462695
7.207342
6.5525646
7.4241843
6.5525646
6.769407
7.313638
7.857869
7.5304804
7.419933
7.5304804
6.6588597
7.4241843
7.313638
6.5525646
7.096796
7.309386
7.747322
8.070459
8.397848
7.853617
7.636775
7.419933
8.074712
6.4420176
6.6588597
6.986249
6.769407
6.986249
6.5525646
7.203091
5.791491
5.791491
4.8135757
5.795743
6.1188803
5.791491
5.6809444
6.769407
6.114629
5.6809444
7.747322
6.986249
7.526228
8.181006
7.9641643
7.853617
7.313638
7.4241843
7.4241843
6.3357224
5.791491
6.7736583
5.6851964
5.468354
6.2294273
6.2294273
4.6009855
5.578901
4.7115326
3.7336173
4.167301
4.3841434
4.928375
3.078839
4.7115326
4.7072806
3.9462075
5.3620586
5.468354
4.5967336
4.490439
4.056754
5.1452165
5.251512
5.468354
6.1188803
5.574649
6.339974
5.468354
6.4462695
6.4462695
6.4462695
6.8799534
6.4462695
5.791491
6.3357224
6.1188803
6.9905005
6.1188803
5.795743
5.468354
5.468354
5.468354
6.663111
6.008333
6.3357224
6.2294273
5.251512
4.490439
5.578901
5.6851964
6.2294273
6.663111
6.9905005
6.2251754
7.203091
8.508395
8.725238
8.181006
8.287301
7.632523
8.8315325
8.8315325
8.070459
7.747322
8.185258
6.769407
6.3357224
6.663111
6.1188803
6.663111
6.663111
5.574649
6.4462695
5.6851964
5.468354
5.468354
5.251512
5.578901
5.578901
4.3841434
5.3620586
6.012585
6.2294273
6.556816
6.4462695
6.4420176
7.207342
6.769407
6.986249
7.5304804
7.203091
8.074712
7.203091
7.5304804
7.747322
6.6588597
7.9641643
7.419933
7.419933
7.9641643
7.419933
7.419933
8.181006
6.981997
7.636775
7.747322
7.096796
7.096796
6.008333
6.3357224
5.464102
5.574649
5.140965
5.902038
6.5525646
6.3357224
5.8977866
6.769407
6.5525646
6.986249
7.419933
7.747322
7.853617
7.9641643
7.419933
8.070459
8.070459
7.636775
8.508395
7.6410265
7.857869
6.5525646
6.8799534
6.663111
6.769407
6.8799534
6.9905005
6.2294273
6.4462695
6.8842053
5.902038
6.012585
6.4462695
6.663111
6.3357224
6.4462695
6.1188803
6.1188803
6.769407
6.5525646
6.986249
7.207342
6.769407
6.4420176
7.313638
7.207342
6.769407
6.769407
7.857869
6.986249
7.309386
7.526228
7.747322
7.853617
7.636775
7.5304804
7.419933
7.747322
7.636775
7.853617
7.853617
8.070459
7.636775
7.9641643
7.313638
6.769407
7.5304804
6.5525646
6.769407
6.5525646
5.791491
7.096796
7.4241843
7.313638
6.8799534
7.313638
6.6588597
7.203091
7.5304804
7.526228
7.853617
6.875702
7.747322
8.2915535
7.5304804
7.9641643
7.313638
6.986249
7.096796
7.5304804
7.313638
7.747322
8.074712
7.313638
6.2251754
6.008333
6.769407
6.1188803
6.986249
7.4241843
5.8977866
7.5304804
6.4420176
6.986249
7.203091
6.2251754
7.313638
7.419933
7.419933
7.636775
8.614691
7.853617
7.853617
7.9599123
7.74307
9.265217
8.937827
8.720985
8.393597
9.15467
8.393597
8.287301
7.74307
7.309386
7.853617
8.070459
7.9641643
7.636775
6.981997
7.309386
8.070459
6.5483127
7.313638
6.875702
7.096796
6.8799534
6.3357224
6.5525646
6.986249
6.981997
7.5304804
7.853617
7.1988387
7.9599123
9.048374
9.482059
8.8315325
8.937827
9.371511
9.805196
9.044123
9.265217
9.265217
8.287301
7.5304804
7.203091
6.986249
6.2251754
7.6410265
6.663111
6.5525646
6.769407
6.3357224
6.008333
6.663111
6.2251754
6.1188803
6.769407
6.5525646
6.008333
6.8799534
5.791491
6.008333
6.4420176
6.5525646
6.5525646
6.765155
7.309386
7.747322
8.070459
6.875702
7.636775
7.203091
6.986249
7.636775
7.9641643
7.526228
8.614691
8.8315325
7.632523
8.070459
8.070459
7.526228
6.875702
6.875702
7.203091
6.3314705
6.5483127
5.8977866
7.6410265
5.7872396
5.464102
6.2251754
6.5525646
5.902038
6.2251754
6.769407
5.353555
5.7872396
6.986249
6.986249
7.203091
7.309386
7.853617
7.636775
8.287301
6.981997
7.636775
7.636775
7.9641643
6.4420176
6.2251754
6.008333
6.012585
6.4462695
5.902038
6.1188803
6.4462695
6.3357224
6.3357224
6.1188803
5.902038
4.9198713
5.795743
6.012585
6.2294273
5.357807
5.468354
5.902038
6.1188803
6.5525646
6.4420176
6.2251754
6.6588597
6.3314705
6.6588597
6.986249
6.008333
6.008333
6.769407
5.6809444
6.008333
6.663111
6.1188803
6.663111
5.7872396
6.114629
6.663111
6.5525646
6.008333
6.1188803
5.464102
6.1188803
5.6809444
6.2251754
6.2251754
6.2251754
6.0040812
7.5304804
6.2251754
6.114629
7.096796
6.5525646
7.096796
6.5525646
6.2251754
7.313638
7.419933
8.504144
7.526228
8.94208
8.504144
8.287301
8.504144
8.397848
7.636775
7.636775
7.9641643
7.419933
7.747322
6.769407
6.8799534
6.3357224
6.008333
5.902038
5.574649
6.3357224
5.468354
5.140965
5.468354
4.8178277
6.2294273
4.9198713
6.012585
6.3357224
6.5525646
7.4241843
6.008333
6.663111
6.008333
7.313638
7.5304804
6.6588597
7.203091
7.9641643
7.636775
8.397848
7.747322
6.981997
8.397848
8.181006
7.5304804
7.857869
6.986249
7.6410265
6.986249
6.4420176
7.313638
7.5304804
6.769407
6.3357224
6.6588597
6.114629
6.769407
7.5304804
6.765155
6.5525646
6.8799534
6.008333
6.5525646
6.769407
7.203091
7.419933
8.94208
8.176754
8.504144
8.176754
8.393597
8.287301
8.397848
7.74307
8.181006
8.614691
8.504144
8.287301
7.74307
7.9641643
7.092544
7.857869
8.074712
8.2915535
7.4241843
7.5304804
6.769407
7.096796
6.5525646
6.2251754
6.5525646
6.8799534
6.986249
5.8977866
6.769407
6.4420176
7.6410265
7.203091
6.8799534
6.769407
6.4420176
6.986249
7.203091
7.636775
8.176754
7.092544
7.9641643
8.181006
8.614691
7.74307
8.614691
8.725238
8.504144
8.614691
8.94208
8.8315325
8.287301
8.070459
7.9599123
7.526228
7.9641643
6.986249
7.203091
6.769407
7.5304804
8.2915535
7.9641643
6.986249
8.397848
7.853617
8.070459
7.849365
8.8315325
8.937827
8.720985
9.809448
8.8315325
8.720985
9.048374
9.15467
8.504144
9.703153
8.8315325
8.397848
8.397848
8.070459
7.419933
8.181006
8.397848
8.725238
7.747322
7.096796
6.8799534
7.096796
7.747322
7.9641643
8.074712
7.857869
6.769407
7.313638
7.207342
7.096796
7.4241843
6.769407
7.203091
8.508395
8.181006
9.158921
8.937827
8.720985
9.915743
9.915743
9.265217
10.02629
9.915743
9.048374
10.02629
9.371511
8.720985
9.919995
9.375764
8.287301
9.482059
9.265217
9.592606
8.614691
8.504144
8.8315325
8.2915535
6.875702
7.419933
7.747322
8.181006
8.070459
8.397848
8.397848
8.393597
7.9641643
7.636775
8.720985
8.504144
9.698901
10.783112
10.128334
10.455723
10.893659
10.128334
11.216796
11.1105
10.566269
10.566269
9.698901
8.181006
7.853617
7.9641643
7.419933
7.313638
7.9641643
7.747322
7.857869
7.419933
7.747322
6.6588597
7.6410265
6.986249
6.986249
7.313638
7.313638
7.419933
8.508395
7.415681
8.287301
9.048374
10.136837
9.048374
8.937827
9.592606
9.809448
8.614691
9.375764
9.158921
9.482059
9.265217
9.482059
9.15467
9.371511
9.482059
9.588354
10.243132
10.02629
9.482059
9.15467
8.8315325
9.158921
9.15467
7.849365
7.853617
8.614691
8.176754
8.070459
8.181006
8.725238
7.636775
7.313638
8.397848
9.158921
8.287301
9.265217
10.349427
10.0220375
9.260964
9.805196
9.915743
9.915743
9.158921
9.375764
9.592606
8.614691
8.614691
8.8315325
9.158921
8.070459
8.181006
8.508395
7.313638
7.857869
7.4241843
7.096796
7.313638
6.5525646
7.5304804
7.092544
6.875702
7.9641643
7.9641643
7.9641643
7.9641643
8.397848
7.853617
7.636775
8.181006
8.070459
8.504144
8.397848
9.048374
9.048374
8.393597
9.265217
8.066207
9.809448
8.720985
9.15467
8.720985
8.94208
9.048374
8.287301
7.092544
7.419933
8.397848
8.287301
8.397848
7.9599123
8.504144
7.853617
8.397848
7.526228
8.2915535
7.636775
9.375764
7.9599123
8.504144
9.048374
9.15467
9.482059
10.132585
10.132585
9.915743
10.0220375
10.349427
10.349427
10.23888
10.999953
9.69465
9.371511
9.044123
9.588354
9.809448
8.937827
9.158921
8.287301
7.853617
7.853617
8.397848
7.203091
8.074712
7.9641643
6.875702
7.853617
7.747322
9.158921
7.9641643
8.397848
8.397848
7.092544
7.4241843
7.526228
8.8315325
8.070459
8.937827
10.02629
9.048374
9.15467
9.482059
9.265217
8.28305
8.720985
8.937827
8.614691
9.265217
9.048374
9.15467
9.482059
8.393597
9.375764
8.937827
7.74307
7.853617
9.048374
8.8315325
8.504144
8.614691
7.74307
8.070459
9.592606
9.915743
10.132585
9.044123
10.0220375
9.805196
10.132585
10.459974
9.69465
9.588354
9.588354
10.349427
9.698901
9.915743
10.0220375
9.698901
9.915743
9.482059
8.720985
9.482059
8.8315325
9.592606
9.482059
9.15467
8.504144
9.482059
8.504144
8.937827
8.937827
8.397848
8.397848
8.94208
8.8315325
8.504144
8.8315325
8.287301
8.287301
8.176754
8.720985
8.504144
9.698901
8.937827
8.933577
9.15467
9.371511
8.937827
9.588354
9.15467
8.937827
10.02629
9.048374
8.720985
9.15467
9.15467
8.720985
9.482059
8.504144
8.720985
8.176754
7.747322
8.725238
8.070459
9.048374
8.8315325
8.176754
8.720985
8.610438
8.937827
9.371511
10.132585
8.28305
9.265217
9.371511
8.937827
10.132585
10.0220375
10.128334
10.999953
10.6725645
10.455723
10.889407
10.128334
10.893659
9.588354
9.588354
8.720985
8.397848
8.287301
8.070459
8.614691
7.419933
8.070459
7.419933
7.9641643
7.636775
7.853617
7.092544
6.6588597
6.986249
6.875702
7.419933
7.853617
9.048374
8.504144
9.048374
8.610438
8.287301
8.8315325
8.504144
8.504144
9.048374
9.265217
8.393597
9.044123
8.610438
8.504144
8.066207
8.397848
9.158921
7.415681
7.092544
6.986249
6.986249
6.2251754
6.6588597
6.6588597
7.096796
6.4420176
6.008333
6.5525646
6.769407
5.902038
6.5525646
6.008333
6.3314705
6.114629
5.353555
5.791491
6.3357224
7.096796
6.986249
8.181006
7.747322
7.203091
6.6588597
6.769407
6.2209234
6.4420176
6.008333
7.313638
6.8799534
6.5525646
7.096796
6.008333
6.1188803
6.663111
6.2251754
6.3357224
5.468354
6.1188803
6.4462695
4.5967336
6.556816
4.490439
5.6851964
5.251512
5.468354
5.902038
5.030418
5.902038
5.24726
5.6809444
6.008333
6.4420176
6.3357224
6.5525646
6.5525646
6.6588597
7.203091
7.203091
7.9641643
6.981997
7.5304804
6.3357224
6.008333
6.663111
5.574649
5.791491
6.1188803
5.791491
6.5525646
6.663111
6.008333
5.791491
5.140965
4.5967336
3.9462075
4.928375
5.1452165
5.4726057
4.7072806
5.0346694
5.468354
4.8135757
6.1188803
5.902038
6.3357224
5.5703974
7.207342
7.096796
7.096796
6.5525646
6.769407
6.556816
7.1010475
5.578901
5.689448
5.0346694
5.251512
5.251512
5.90629
6.4462695
5.6851964
5.578901
4.8178277
5.251512
4.7115326
5.0346694
4.928375
5.795743
6.012585
5.6851964
5.251512
5.795743
6.556816
5.6851964
5.902038
5.574649
6.2294273
7.207342
6.2294273
6.5525646
6.4462695
6.663111
7.4241843
6.769407
7.096796
7.207342
6.2251754
6.5525646
6.986249
6.6588597
7.6410265
7.5304804
6.4420176
6.5525646
6.4462695
5.791491
6.663111
5.468354
5.6851964
5.468354
6.012585
5.3620586
5.3620586
5.468354
6.2294273
6.2294273
5.6851964
7.096796
7.313638
6.114629
6.769407
7.096796
6.986249
7.747322
8.397848
8.725238
8.181006
8.720985
7.636775
8.397848
8.397848
8.181006
8.074712
7.747322
6.5525646
7.096796
6.8799534
6.3357224
6.4462695
7.5347314
7.4241843
6.663111
7.317889
6.5525646
5.902038
6.2251754
6.1188803
6.5525646
6.3357224
5.902038
6.2294273
5.357807
6.2294273
6.8799534
6.663111
7.4241843
7.096796
7.6410265
7.5304804
7.419933
7.096796
7.5304804
7.9641643
8.2915535
8.181006
9.703153
9.048374
7.9599123
8.94208
9.158921
7.526228
8.287301
9.375764
8.397848
8.2915535
8.614691
6.875702
7.5304804
7.857869
6.5525646
6.9905005
6.769407
5.791491
6.663111
7.4241843
7.313638
6.769407
7.203091
7.203091
7.5304804
7.419933
9.048374
8.8315325
8.287301
9.809448
9.158921
8.614691
8.8315325
9.375764
8.835785
8.94208
8.725238
7.203091
8.2915535
7.313638
7.096796
7.1010475
6.556816
6.556816
6.9905005
6.663111
6.4462695
6.3357224
6.8799534
6.3357224
6.5525646
6.769407
7.207342
6.769407
7.747322
7.526228
7.5304804
7.203091
7.9641643
7.203091
8.508395
7.203091
8.8315325
9.048374
8.614691
8.287301
8.504144
7.636775
7.419933
8.504144
8.287301
8.393597
8.070459
8.181006
7.419933
8.397848
8.181006
7.9641643
7.092544
7.747322
6.981997
6.4420176
7.747322
7.9641643
7.9641643
8.725238
8.287301
9.592606
9.048374
9.698901
10.02629
9.265217
8.8315325
7.526228
8.94208
7.419933
7.419933
7.9641643
6.986249
6.6588597
7.4241843
6.5525646
7.313638
7.207342
6.8799534
6.8799534
7.313638
6.5525646
7.419933
6.986249
7.636775
7.313638
6.5525646
6.4462695
6.8799534
6.3357224
7.7515736
6.663111
6.2251754
7.5304804
7.092544
7.096796
8.618942
8.074712
6.2251754
6.8799534
7.207342
7.313638
6.875702
7.9641643
8.8315325
8.176754
9.265217
9.044123
10.243132
9.698901
9.048374
8.393597
8.397848
7.636775
8.2915535
8.070459
8.725238
7.636775
8.070459
7.5304804
7.419933
6.2251754
6.3357224
6.663111
6.1188803
6.3357224
6.5525646
6.5525646
7.857869
8.397848
7.526228
8.070459
7.853617
7.9599123
9.375764
9.048374
8.614691
9.375764
8.287301
8.8315325
9.269468
8.94208
8.504144
9.265217
9.265217
8.287301
8.397848
7.5304804
6.5525646
6.986249
7.096796
8.295805
7.857869
8.185258
7.313638
7.096796
7.203091
7.9641643
7.419933
8.2915535
7.9641643
7.9641643
8.070459
8.720985
9.698901
9.482059
10.243132
9.588354
9.915743
10.6725645
10.0220375
10.23888
9.150418
9.698901
9.588354
8.937827
9.915743
9.805196
9.915743
9.588354
9.265217
10.243132
8.82728
10.02629
9.482059
8.8315325
9.375764
9.482059
9.265217
10.0220375
10.349427
10.243132
10.349427
10.243132
10.0220375
11.1105
10.566269
11.004206
10.783112
11.327342
11.327342
10.999953
11.654732
11.221047
11.1105
10.132585
10.787363
10.459974
9.371511
10.459974
10.787363
11.114753
10.243132
10.243132
9.482059
10.570521
10.570521
10.459974
10.787363
10.459974
10.132585
9.809448
9.809448
9.919995
8.8315325
9.158921
9.592606
8.720985
9.265217
8.937827
9.809448
10.459974
10.0220375
10.566269
11.654732
10.783112
11.216796
11.327342
10.455723
10.128334
10.999953
10.6725645
10.783112
10.783112
10.783112
10.132585
10.783112
9.588354
10.349427
9.371511
10.243132
9.048374
9.375764
9.158921
9.048374
9.592606
9.048374
9.044123
10.02629
9.915743
10.787363
10.349427
10.893659
9.805196
10.132585
11.544185
11.544185
12.088415
11.106249
12.411553
11.216796
11.544185
11.65048
11.216796
11.216796
11.327342
11.327342
10.999953
10.783112
10.999953
10.132585
10.676816
10.676816
10.459974
10.783112
10.893659
10.570521
9.698901
9.482059
10.676816
9.588354
10.132585
10.0220375
10.02629
9.698901
9.482059
10.132585
10.459974
9.69465
10.23888
9.911491
10.566269
9.588354
11.004206
10.893659
10.783112
10.783112
10.132585
10.676816
9.915743
10.893659
10.0220375
10.783112
10.566269
10.349427
10.349427
10.0220375
9.482059
8.937827
8.720985
9.15467
9.158921
9.158921
9.375764
9.048374
8.94208
8.287301
9.158921
8.070459
8.937827
9.482059
10.676816
10.459974
9.915743
10.349427
9.805196
10.349427
10.6725645
11.221047
10.783112
9.805196
10.0220375
10.132585
9.371511
10.02629
10.23888
10.243132
9.265217
9.482059
8.287301
8.725238
7.419933
7.853617
7.5304804
7.203091
8.181006
7.419933
7.9641643
7.419933
6.6588597
7.5304804
7.636775
8.94208
7.092544
7.9641643
8.397848
8.181006
8.614691
8.176754
8.504144
9.482059
9.482059
9.805196
9.044123
10.02629
8.720985
8.397848
8.397848
8.181006
7.309386
6.986249
7.5304804
6.769407
7.5304804
7.419933
7.419933
7.096796
6.769407
6.663111
6.3357224
5.574649
6.1188803
6.008333
6.008333
6.3357224
6.769407
6.5525646
7.207342
6.5525646
5.8977866
7.096796
8.181006
8.397848
8.181006
9.048374
8.614691
8.397848
7.9641643
7.9641643
7.203091
7.6410265
7.636775
7.313638
7.6410265
7.4241843
6.5525646
6.8799534
7.096796
6.9905005
6.663111
5.795743
5.6851964
7.1010475
6.1188803
6.012585
6.2294273
6.2294273
6.7736583
5.902038
6.9905005
6.4462695
6.8799534
6.9905005
7.9684157
6.5525646
7.857869
8.181006
8.2915535
8.2915535
7.747322
7.9641643
7.857869
7.9684157
7.9641643
8.508395
8.508395
8.181006
7.9641643
7.5304804
8.397848
6.3357224
6.986249
6.8799534
6.769407
7.6410265
6.6588597
8.185258
7.5304804
7.9641643
7.313638
6.3314705
6.986249
6.986249
7.419933
7.853617
8.287301
7.526228
8.614691
9.703153
8.504144
9.809448
10.02629
10.566269
10.132585
9.805196
10.02629
9.15467
8.070459
9.269468
9.158921
9.375764
9.919995
9.482059
9.592606
9.265217
9.698901
8.720985
10.02629
10.783112
11.004206
10.999953
10.77886
11.539933
11.646228
11.646228
12.517848
11.433638
10.128334
9.260964
8.28305
7.309386
7.747322
7.5304804
7.419933
8.181006
8.397848
8.720985
10.676816
9.911491
10.566269
10.999953
12.407301
13.602058
14.142038
14.89886
14.575723
13.376713
11.752523
11.539933
10.234629
10.0220375
9.915743
9.371511
8.176754
8.070459
7.74307
8.176754
9.371511
10.128334
11.106249
12.407301
12.079912
12.403049
13.053576
13.704102
14.248333
14.137786
15.009407
13.810397
13.159871
13.597807
11.535681
10.45147
10.345176
11.106249
11.106249
11.433638
10.889407
10.23888
10.0220375
9.69465
7.4114294
9.15467
8.82728
8.82728
9.800944
9.584103
10.77886
11.216796
9.800944
9.690397
10.23888
10.6725645
8.933577
8.393597
7.9599123
6.6588597
6.5525646
5.357807
4.7115326
5.799995
4.2735963
4.8178277
6.7736583
6.5483127
8.070459
10.783112
10.345176
11.433638
12.190459
13.164123
14.469427
13.597807
14.35888
14.031491
11.858818
11.216796
8.716734
6.875702
6.3357224
3.406228
2.4325645
0.26414344
-2.4527607
-2.8779414
-3.4179204
-3.3073738
-1.678932
0.7105831
2.65791
3.631574
5.804247
5.689448
7.1010475
7.313638
7.747322
9.596858
10.681068
10.030542
11.008457
8.618942
6.2294273
5.90629
4.0610065
4.171553
3.737869
4.2863517
3.0915945
1.1357636
0.26839525
-0.050490197
0.16635191
0.055804953
0.38319403
0.27264705
-0.37787926
-0.27158412
0.4894892
2.0073838
2.2199743
3.3084364
1.8925852
2.5473633
2.6536584
2.5431116
3.5210268
2.5473633
2.4410682
2.5516152
0.5957843
1.3611094
1.2548143
-0.91785866
-0.80731165
-1.895774
-2.006321
-0.8115635
0.38319403
-0.050490197
-0.4841744
-1.568385
-2.9799845
-3.4179204
-2.6568472
-0.81581527
-0.38213107
-0.38638288
0.59153247
-0.058993805
-0.058993805
0.7020795
1.3568575
0.37894222
0.38319403
-0.4841744
-1.1389525
-1.6831837
-1.0369092
0.37894222
0.8126264
2.0073838
1.1357636
1.9010887
2.5516152
1.1400155
-0.16528895
-0.9263622
-1.0369092
-1.5811403
-0.8200671
1.6799948
2.330521
3.7421207
3.414732
2.6536584
3.0873425
3.1978896
3.414732
4.94113
4.94113
3.2021413
3.2021413
1.4631528
0.7020795
0.8083746
1.896837
0.7020795
2.330521
1.7862899
3.0915945
3.0873425
3.0830908
3.5167751
2.4283128
2.6451547
3.5167751
4.167301
3.9462075
4.0482507
4.592482
5.353555
7.526228
9.703153
10.243132
11.871573
11.9821205
12.092668
9.703153
6.8799534
6.8842053
5.038922
4.715784
3.0873425
1.4546491
1.6757431
2.5431116
3.4104798
4.3883953
6.9905005
9.158921
10.349427
9.805196
10.132585
8.504144
6.986249
6.4462695
5.90629
5.578901
6.8799534
6.4462695
5.136713
7.6410265
7.419933
7.203091
8.725238
8.614691
8.2915535
5.6851964
5.251512
4.3841434
4.2735963
4.6009855
4.6009855
5.2557635
5.1452165
5.0346694
6.3357224
6.4420176
6.765155
6.4420176
6.5525646
6.1188803
6.1188803
5.902038
6.3357224
6.2294273
6.1188803
6.2294273
6.5525646
7.5304804
7.092544
7.092544
5.353555
6.1188803
6.4462695
6.012585
6.3357224
6.3357224
6.663111
6.008333
6.2251754
6.769407
6.008333
6.5525646
8.397848
8.070459
7.853617
6.5483127
6.6588597
6.3357224
5.791491
5.24726
5.357807
3.9419558
4.8135757
5.574649
5.464102
6.2251754
5.464102
6.769407
7.203091
8.397848
7.9599123
8.287301
7.526228
6.4377656
5.7872396
6.5525646
6.5525646
7.096796
6.769407
6.1188803
6.7736583
5.251512
6.2294273
5.468354
6.3357224
5.357807
5.795743
4.8135757
5.795743
5.6851964
6.2294273
5.6809444
6.5525646
6.3357224
5.902038
4.9198713
6.769407
6.769407
6.769407
6.765155
6.981997
6.981997
7.092544
7.0882916
7.526228
6.981997
6.6588597
6.5483127
6.5483127
6.5483127
7.74307
7.309386
8.066207
7.632523
8.066207
7.1945877
8.176754
7.521976
6.654608
7.853617
7.526228
7.419933
6.5483127
5.6766925
6.3314705
5.6766925
6.3314705
6.4420176
6.875702
7.636775
7.092544
7.74307
8.176754
9.371511
8.499891
8.716734
9.698901
8.82728
9.371511
9.048374
8.610438
9.15467
8.393597
8.176754
8.070459
7.415681
7.5304804
8.181006
7.1988387
7.6410265
5.6766925
6.114629
7.203091
6.769407
7.4241843
6.114629
6.3314705
5.6809444
5.5703974
5.7872396
7.419933
7.309386
6.654608
7.1988387
7.1988387
6.654608
7.0882916
6.654608
6.87145
8.610438
8.28305
8.933577
8.933577
9.482059
7.955661
8.610438
7.955661
9.805196
8.933577
9.805196
9.477807
8.82728
8.393597
7.738818
7.632523
7.632523
7.849365
6.2209234
6.875702
6.3314705
6.5483127
6.4420176
6.114629
5.5703974
6.6588597
6.0040812
6.114629
7.636775
6.6588597
7.526228
6.981997
6.6588597
6.981997
7.0882916
7.853617
8.720985
6.981997
7.9641643
7.1988387
6.4377656
6.875702
6.981997
8.066207
7.74307
7.747322
7.74307
5.7872396
7.313638
6.6588597
6.3314705
6.986249
5.8977866
5.464102
6.769407
6.6588597
5.8977866
6.6588597
5.6766925
6.6588597
5.8977866
6.875702
6.327219
6.6588597
6.765155
6.87145
6.981997
6.875702
6.875702
6.654608
7.092544
7.74307
7.415681
8.181006
7.74307
7.636775
8.397848
7.74307
8.176754
8.8315325
7.9599123
7.419933
7.309386
6.0040812
6.4420176
6.769407
6.3357224
6.2251754
7.203091
7.203091
7.747322
6.654608
6.6588597
7.9641643
6.654608
6.875702
8.94208
7.636775
8.287301
9.15467
7.849365
9.588354
9.588354
9.482059
9.371511
8.393597
9.048374
8.614691
8.397848
7.9641643
7.9641643
7.9641643
8.397848
7.203091
6.769407
7.857869
7.096796
6.769407
6.5525646
6.769407
7.313638
7.4241843
6.986249
6.8799534
6.8799534
6.986249
6.5525646
7.747322
7.636775
8.181006
7.9641643
8.508395
7.092544
7.203091
8.725238
7.092544
8.94208
8.8315325
9.482059
8.937827
10.459974
9.809448
8.937827
9.048374
7.9641643
8.181006
7.5304804
7.747322
7.419933
6.986249
8.074712
6.5525646
7.096796
6.6588597
6.2251754
6.8799534
6.663111
6.4462695
6.5525646
7.4241843
6.3357224
6.769407
7.5304804
7.203091
8.181006
7.853617
8.8315325
8.176754
8.504144
9.375764
9.809448
8.614691
9.703153
8.8315325
8.725238
9.592606
8.720985
9.375764
9.592606
8.393597
8.94208
7.747322
7.747322
7.096796
7.207342
6.769407
7.4241843
7.857869
6.769407
6.986249
6.5525646
6.8799534
7.313638
6.8799534
6.5525646
7.857869
8.185258
7.853617
8.397848
9.375764
10.136837
8.614691
9.592606
10.132585
8.720985
10.02629
10.349427
9.915743
10.570521
10.353679
9.809448
10.353679
10.02629
9.915743
9.809448
10.243132
9.915743
9.698901
10.566269
9.698901
9.588354
10.676816
8.937827
9.482059
10.02629
10.243132
10.459974
10.893659
10.132585
11.1105
10.566269
11.327342
11.327342
10.893659
11.544185
11.977869
11.867322
11.433638
12.5220995
10.6725645
11.761026
11.327342
11.1105
11.327342
11.327342
12.088415
11.871573
11.433638
11.654732
11.654732
11.1105
11.327342
11.004206
10.570521
10.893659
11.658983
10.783112
10.455723
10.893659
10.783112
10.0220375
11.654732
10.6725645
10.893659
10.999953
11.327342
11.65048
12.305258
12.845238
11.867322
12.955785
12.845238
11.756775
12.628395
11.65048
12.301006
12.955785
13.062079
13.062079
12.301006
12.301006
12.5220995
11.867322
11.106249
11.433638
12.415805
11.871573
10.6725645
11.654732
11.1105
10.455723
10.566269
11.1105
11.216796
11.544185
11.327342
12.084165
11.429386
12.517848
12.517848
12.734691
14.367384
13.602058
13.278922
13.495763
13.712605
12.407301
12.951532
12.190459
12.305258
11.65048
11.327342
11.977869
11.544185
11.433638
11.544185
11.437889
11.221047
11.1105
10.783112
10.676816
11.327342
10.566269
11.544185
11.1105
10.889407
11.871573
10.999953
10.455723
10.889407
10.562017
10.999953
11.1105
11.327342
10.889407
11.871573
11.761026
11.106249
12.411553
11.65048
12.305258
10.995702
11.65048
12.734691
11.973618
12.517848
12.628395
12.411553
12.301006
11.539933
12.301006
11.65048
10.889407
11.761026
10.562017
10.999953
10.889407
11.216796
10.783112
10.783112
10.345176
10.893659
11.216796
10.23888
10.783112
10.455723
10.455723
10.6725645
10.566269
10.783112
10.999953
11.216796
11.544185
11.216796
10.566269
11.437889
10.349427
10.349427
10.566269
9.915743
9.698901
9.048374
9.809448
9.375764
8.397848
9.158921
8.725238
7.853617
8.725238
7.747322
8.074712
7.5304804
8.508395
7.747322
8.2915535
8.397848
8.181006
7.853617
8.397848
9.048374
7.74307
8.8315325
8.720985
8.070459
9.809448
9.805196
9.482059
9.15467
9.265217
8.8315325
8.504144
8.94208
8.8315325
8.287301
8.725238
8.181006
8.725238
7.9641643
8.287301
9.375764
8.937827
10.02629
9.15467
9.15467
8.720985
10.132585
10.459974
9.805196
10.783112
11.327342
10.783112
10.999953
10.999953
10.999953
10.455723
10.455723
11.65048
11.433638
10.999953
11.433638
10.6725645
10.999953
10.6725645
10.6725645
11.327342
11.323091
11.323091
11.65048
11.216796
10.783112
10.23888
10.893659
10.459974
10.132585
9.482059
9.809448
9.592606
8.8315325
8.937827
8.8315325
9.375764
8.720985
8.725238
9.919995
9.698901
10.459974
10.783112
10.999953
12.088415
12.194712
12.734691
12.951532
15.124206
14.903111
15.770479
15.332544
16.637848
17.832605
17.288374
16.421007
16.965237
16.960987
16.85469
17.398922
17.288374
16.093616
15.443091
15.553638
15.553638
15.553638
14.792564
16.204163
16.421007
15.443091
17.292625
17.071531
16.416756
16.85469
17.505217
18.155743
17.72206
18.483133
18.699974
18.47888
18.916817
17.828354
17.938902
18.049448
18.049448
17.943153
17.398922
16.748394
16.204163
16.208416
15.774733
15.013659
15.124206
14.256837
13.495763
12.5220995
11.761026
10.783112
10.459974
9.915743
8.937827
8.614691
9.158921
8.94208
8.720985
9.158921
9.703153
8.397848
8.614691
9.592606
9.592606
9.592606
9.592606
9.048374
10.132585
10.349427
10.783112
9.698901
10.243132
10.132585
9.371511
9.371511
9.698901
9.809448
8.937827
10.353679
9.265217
9.703153
8.937827
7.526228
8.508395
8.181006
7.747322
7.636775
8.397848
8.287301
7.309386
8.070459
7.096796
6.114629
5.5703974
5.6809444
7.207342
6.1188803
6.1188803
6.2294273
5.140965
3.8399122
3.7336173
4.0610065
3.4104798
3.4104798
3.844164
3.189386
3.406228
3.737869
2.7557018
3.737869
3.0830908
1.9946285
3.1936376
2.4368165
1.8925852
2.4368165
1.0252168
1.0252168
0.9189216
-0.38213107
-0.9263622
-0.59897316
-1.7937305
-2.1211197
-2.5548038
-1.7937305
-2.33371
-2.8779414
-2.661099
-3.8558567
-4.1832457
-3.3116255
-3.3116255
-3.6390145
-3.7495613
-3.9664037
-3.7453096
-4.0726986
-3.4179204
-5.156909
-5.484298
-4.612678
-4.285289
-5.484298
-4.289541
-4.7232246
-5.2632046
-5.5905933
-5.2632046
-5.369499
-7.763266
-7.0021925
-6.7853503
-7.2232866
-6.028529
-3.9621515
-4.7274766
-4.1832457
-4.0769506
-4.298044
-2.99274
-2.7801497
-2.2359185
-1.4748453
-1.1517079
-0.17379257
-0.28433952
0.47673374
0.48098555
-0.3906347
0.25989163
0.15359649
-0.3906347
0.8083746
0.3746904
-0.28008774
-0.058993805
-0.058993805
-0.930614
1.3526058
1.6757431
1.237807
2.2157223
2.9767957
2.1051755
2.7599535
3.4104798
3.6273217
3.6273217
5.3663106
5.90629
6.012585
6.9905005
6.4462695
6.2294273
6.556816
6.2294273
6.2294273
6.8842053
6.7736583
5.464102
6.8799534
6.3357224
6.123132
6.012585
5.689448
5.0346694
5.251512
5.795743
4.7072806
5.468354
5.357807
5.574649
6.3357224
6.769407
6.986249
6.4420176
6.769407
6.986249
6.6588597
6.765155
8.070459
8.397848
8.504144
8.504144
8.287301
8.614691
7.526228
7.9599123
8.28305
8.181006
8.8315325
7.1988387
7.9641643
7.632523
8.397848
8.614691
8.937827
8.070459
8.504144
9.158921
7.853617
8.725238
8.070459
7.636775
7.419933
8.181006
8.181006
7.419933
7.747322
6.875702
6.986249
7.5304804
6.769407
7.419933
8.614691
7.632523
7.9599123
9.265217
8.937827
8.287301
9.809448
9.048374
8.720985
9.048374
9.592606
8.720985
8.176754
9.265217
8.504144
7.9641643
7.419933
6.2251754
7.7515736
7.313638
6.5525646
7.4241843
6.3357224
7.1010475
6.9905005
6.663111
6.012585
6.663111
6.8799534
6.4462695
6.8799534
7.9684157
7.857869
7.9684157
7.5304804
7.313638
8.835785
8.614691
9.052627
8.8315325
9.265217
9.915743
10.459974
10.459974
9.698901
9.482059
9.265217
8.614691
8.94208
8.614691
8.614691
9.375764
8.397848
8.397848
8.835785
8.397848
7.747322
8.074712
8.94208
7.636775
8.508395
8.508395
8.397848
9.158921
9.158921
8.937827
8.8315325
8.504144
9.588354
9.482059
9.048374
9.592606
8.397848
8.720985
8.725238
8.94208
8.397848
8.94208
8.725238
8.725238
7.419933
8.2915535
8.508395
7.5304804
6.986249
6.769407
6.769407
7.096796
7.857869
7.5304804
7.5304804
7.5304804
7.9641643
7.9684157
6.769407
6.986249
7.747322
7.313638
8.725238
8.181006
7.747322
8.181006
8.2915535
7.857869
8.508395
8.397848
8.074712
8.8315325
9.809448
8.8315325
9.703153
9.698901
8.287301
9.703153
8.94208
9.048374
9.375764
10.353679
9.371511
10.247384
10.02629
9.048374
9.265217
8.070459
8.8315325
9.809448
8.937827
9.375764
9.592606
9.048374
9.809448
9.158921
8.94208
7.9641643
8.835785
7.9641643
7.5304804
8.725238
8.614691
9.592606
9.486311
9.048374
8.8315325
8.508395
8.504144
7.853617
8.8315325
8.287301
8.181006
9.158921
8.074712
7.853617
8.614691
8.8315325
9.052627
9.265217
9.269468
10.02629
8.614691
8.614691
8.725238
8.181006
7.853617
7.5304804
7.747322
8.2915535
7.636775
8.070459
7.419933
7.9641643
6.986249
7.747322
7.636775
8.074712
7.857869
8.614691
8.8315325
8.504144
8.504144
8.8315325
8.94208
8.287301
9.158921
7.853617
7.415681
8.070459
8.725238
7.853617
8.181006
8.508395
6.769407
7.313638
6.9905005
6.6588597
6.8799534
6.3357224
6.008333
6.8799534
6.8799534
6.9905005
7.096796
6.8799534
6.8799534
6.663111
6.9905005
5.791491
6.663111
6.8799534
6.8799534
6.5525646
7.6410265
7.747322
7.096796
7.092544
8.4021
6.8799534
7.5304804
6.875702
7.9684157
6.9905005
7.207342
6.4462695
6.556816
5.3620586
5.468354
5.578901
5.251512
5.578901
5.2557635
3.8399122
4.4946904
4.928375
4.4946904
4.0610065
4.167301
4.928375
4.4946904
5.689448
6.016837
4.8178277
5.0346694
4.8178277
5.3620586
5.1452165
4.6009855
5.0346694
4.928375
4.7115326
4.2778482
3.5167751
4.171553
3.6273217
3.4104798
3.5210268
2.8662488
4.0610065
4.2778482
4.0610065
3.6273217
3.1936376
2.6494067
2.3220174
2.5431116
2.2157223
1.8883334
3.4104798
2.5388596
3.4104798
2.6494067
2.8662488
3.5210268
3.299933
2.8662488
2.6494067
2.8662488
2.8662488
4.605237
3.299933
4.3883953
4.167301
3.299933
2.7557018
3.299933
3.954711
3.4104798
4.2778482
3.844164
3.737869
3.1936376
2.8662488
3.1936376
3.3041847
2.2157223
2.7599535
2.8705006
2.2157223
2.7599535
3.0873425
2.1051755
2.7599535
1.7820382
1.6714911
1.7820382
2.7599535
2.9767957
2.1051755
2.8662488
2.6536584
1.9988803
1.7820382
2.5431116
2.5431116
2.5431116
3.3041847
3.0830908
3.5210268
2.6494067
2.6494067
2.2157223
2.2157223
2.8705006
2.9810476
1.9988803
3.848416
2.1094272
2.4368165
1.8925852
1.1315118
2.330521
2.003132
1.1315118
1.7820382
2.2199743
2.4368165
2.9767957
2.5431116
2.6494067
4.4989424
3.6273217
3.4104798
4.171553
3.189386
4.0610065
3.844164
3.5167751
3.406228
3.954711
3.1936376
4.065258
3.299933
3.6273217
2.6494067
2.8662488
2.9767957
3.3041847
3.4104798
3.4104798
2.9767957
3.5210268
3.737869
3.1936376
3.1936376
3.4104798
3.5167751
2.972544
3.6273217
3.844164
3.7336173
4.4946904
3.844164
3.7336173
4.0610065
3.299933
4.605237
3.9504592
4.4946904
5.038922
3.8399122
4.8178277
5.4726057
4.8178277
6.012585
4.924123
6.339974
4.490439
4.7115326
4.167301
4.167301
5.038922
4.3883953
4.0610065
2.972544
4.2778482
4.0610065
3.7336173
3.5167751
4.171553
4.4989424
2.972544
2.9767957
3.5210268
3.844164
4.9326262
4.2778482
4.3841434
4.2778482
4.167301
4.3841434
4.167301
5.689448
5.3620586
4.3841434
5.4726057
5.2557635
5.2557635
5.90629
4.7115326
4.167301
4.167301
5.3663106
4.7115326
4.3841434
5.4726057
4.167301
4.928375
4.8220797
5.038922
4.3841434
5.038922
4.3841434
5.2557635
4.7072806
5.578901
6.123132
5.468354
5.902038
6.123132
5.251512
6.556816
6.2294273
7.5347314
6.8799534
7.7515736
7.4241843
6.3357224
7.207342
7.096796
7.207342
7.7515736
7.207342
6.9905005
6.663111
6.663111
6.4462695
7.317889
6.2294273
6.012585
7.1010475
6.012585
6.4462695
6.012585
6.3357224
6.663111
6.2294273
7.4284363
6.7736583
5.795743
6.7736583
6.7736583
6.1188803
6.663111
6.9905005
7.207342
7.096796
6.8799534
6.8799534
6.663111
6.769407
7.096796
6.2251754
7.9684157
7.747322
7.4241843
6.5525646
6.5525646
7.096796
7.207342
7.7515736
7.317889
6.5525646
7.6410265
8.074712
7.313638
8.835785
8.397848
7.747322
7.5304804
8.181006
7.203091
6.986249
6.769407
7.5304804
7.5304804
7.419933
7.203091
8.397848
8.725238
8.070459
9.482059
8.504144
10.02629
9.588354
9.698901
10.02629
9.15467
9.375764
9.592606
9.265217
8.8315325
9.158921
8.614691
9.375764
8.8315325
7.853617
8.397848
7.857869
7.4241843
7.096796
7.096796
7.4241843
6.769407
7.857869
7.207342
7.313638
7.9641643
7.313638
7.5304804
7.419933
6.986249
8.508395
8.397848
7.636775
8.8315325
7.636775
7.419933
7.747322
7.203091
8.074712
7.9641643
7.092544
7.747322
7.9641643
7.203091
8.4021
7.9641643
7.5304804
7.313638
6.769407
7.4241843
6.6588597
7.4241843
7.5304804
7.203091
7.203091
7.096796
6.769407
6.8799534
6.986249
6.769407
7.747322
8.181006
8.181006
9.158921
7.74307
8.070459
8.937827
8.504144
9.375764
9.809448
8.937827
9.482059
9.048374
9.915743
8.720985
9.158921
8.287301
7.853617
8.725238
8.725238
8.397848
8.725238
8.070459
7.747322
8.94208
7.853617
7.092544
7.419933
7.203091
7.9641643
7.313638
7.9641643
8.181006
7.9641643
7.853617
7.636775
7.747322
7.853617
7.9599123
8.070459
9.592606
7.9599123
8.8315325
9.482059
8.614691
9.482059
8.937827
8.720985
9.265217
8.937827
8.725238
9.592606
8.397848
8.725238
7.74307
8.8315325
8.287301
8.397848
8.397848
7.5304804
7.092544
7.636775
6.6588597
6.5483127
8.181006
8.181006
8.070459
8.8315325
8.287301
8.393597
8.8315325
9.371511
10.243132
9.915743
10.349427
10.23888
10.566269
10.6725645
10.676816
10.889407
10.889407
10.455723
10.128334
10.23888
8.937827
9.482059
8.393597
9.048374
8.720985
8.287301
9.048374
7.853617
7.9641643
7.853617
6.875702
7.309386
8.074712
7.419933
7.6410265
7.313638
7.9641643
8.181006
8.181006
7.636775
8.070459
8.176754
8.176754
9.592606
9.044123
8.176754
9.375764
8.393597
8.504144
8.937827
9.048374
8.610438
8.610438
9.048374
8.176754
8.504144
8.720985
8.393597
7.9599123
7.632523
8.397848
8.181006
7.092544
8.614691
8.070459
7.9599123
8.070459
7.636775
7.5304804
8.074712
6.875702
7.747322
7.419933
7.9641643
8.181006
7.309386
8.504144
8.716734
9.482059
9.260964
10.132585
10.566269
10.02629
10.349427
10.0220375
10.349427
10.132585
10.132585
9.588354
9.265217
9.265217
9.809448
9.592606
8.393597
7.9599123
8.287301
7.526228
8.070459
8.070459
7.309386
7.9641643
8.181006
8.725238
8.8315325
8.287301
8.287301
8.070459
8.393597
8.176754
9.265217
8.720985
9.15467
9.371511
10.243132
10.132585
9.911491
10.23888
10.349427
9.36726
10.349427
9.911491
10.23888
11.1105
10.455723
10.349427
10.455723
10.6725645
11.544185
10.889407
10.128334
10.455723
10.6725645
10.23888
9.800944
8.933577
10.349427
9.588354
9.69465
9.911491
10.132585
9.915743
9.911491
10.23888
10.6725645
10.6725645
11.1105
10.349427
10.783112
10.23888
10.999953
10.455723
10.6725645
10.783112
10.783112
11.216796
11.544185
11.216796
11.433638
10.6725645
11.544185
10.23888
11.654732
10.345176
10.566269
10.23888
9.371511
9.915743
10.243132
8.937827
10.02629
9.805196
8.937827
9.915743
9.477807
10.23888
10.999953
11.216796
11.106249
10.6725645
10.23888
10.562017
11.1105
10.562017
10.345176
11.327342
9.911491
10.132585
10.349427
10.23888
10.23888
10.566269
9.15467
9.371511
9.588354
9.265217
8.82728
8.937827
8.504144
8.937827
8.610438
9.048374
8.610438
8.499891
8.8315325
8.614691
7.636775
7.419933
8.070459
7.853617
8.504144
9.158921
8.937827
9.482059
10.349427
9.805196
10.349427
10.0220375
9.698901
10.349427
9.805196
8.8315325
9.048374
8.287301
8.070459
7.309386
7.747322
7.419933
7.5304804
6.3314705
7.096796
6.8799534
6.769407
6.5525646
5.791491
6.2294273
6.2251754
5.902038
5.574649
5.791491
6.3357224
5.6809444
6.5525646
7.096796
6.6588597
6.986249
6.986249
6.008333
7.4241843
6.8799534
6.5525646
7.857869
7.747322
7.636775
8.8315325
8.937827
9.809448
9.809448
8.720985
9.048374
8.720985
8.8315325
9.158921
7.203091
6.5525646
7.313638
6.4462695
5.030418
5.6851964
5.90629
4.379892
4.924123
5.140965
4.5967336
5.251512
5.468354
4.7072806
5.6851964
5.468354
5.574649
6.663111
6.5525646
7.313638
7.9641643
7.419933
8.397848
8.508395
8.94208
7.74307
7.853617
8.181006
8.397848
7.419933
7.096796
7.857869
6.5525646
7.207342
6.663111
6.5525646
6.8799534
6.3357224
6.663111
6.769407
6.1188803
6.3357224
6.008333
6.663111
6.8799534
6.769407
6.769407
7.747322
7.747322
8.2915535
7.74307
7.1988387
8.287301
8.614691
7.9599123
8.504144
9.919995
7.853617
9.158921
9.375764
8.8315325
9.919995
8.720985
8.614691
8.504144
8.397848
8.070459
9.048374
9.048374
8.614691
8.725238
8.397848
7.636775
7.853617
9.052627
8.397848
7.853617
8.181006
7.526228
8.2915535
7.747322
7.9641643
8.614691
8.937827
10.132585
10.349427
10.893659
11.1105
10.455723
10.455723
10.566269
10.783112
10.0220375
10.132585
9.265217
9.809448
8.937827
9.592606
9.371511
9.048374
9.809448
8.937827
8.287301
8.725238
7.203091
7.6410265
8.397848
8.397848
8.508395
8.508395
7.203091
8.725238
8.397848
8.070459
9.048374
8.504144
8.8315325
8.504144
8.8315325
8.614691
9.371511
10.243132
10.893659
9.69465
10.6725645
10.6725645
11.216796
10.999953
10.455723
10.783112
10.23888
10.132585
9.15467
9.482059
10.132585
10.243132
9.588354
9.044123
9.371511
8.176754
7.74307
7.419933
7.203091
6.875702
6.986249
6.986249
8.397848
8.393597
9.15467
9.588354
10.0220375
10.783112
11.1105
10.566269
11.871573
11.327342
10.455723
10.893659
10.23888
11.327342
10.0220375
10.132585
9.588354
9.371511
10.132585
9.698901
9.482059
8.287301
7.853617
7.5304804
7.419933
7.203091
6.5525646
7.419933
7.636775
7.419933
8.2915535
7.419933
6.5483127
6.986249
6.769407
6.769407
7.9641643
8.181006
8.181006
8.725238
8.8315325
8.614691
7.9599123
8.176754
7.526228
8.614691
7.636775
7.636775
7.9641643
7.203091
7.9641643
8.397848
7.853617
7.526228
7.203091
6.8799534
6.769407
6.4420176
6.6588597
7.4241843
7.096796
6.8799534
6.2251754
6.2251754
6.4420176
6.5525646
6.8799534
6.769407
6.986249
7.313638
7.5304804
6.986249
7.203091
8.074712
7.636775
7.419933
6.981997
7.419933
7.203091
6.875702
7.313638
7.096796
6.9905005
5.6851964
6.4462695
6.8799534
5.902038
6.4462695
6.1188803
6.012585
5.795743
5.578901
5.795743
4.8178277
4.7072806
5.795743
5.0346694
6.2294273
6.012585
5.357807
5.468354
5.251512
4.5967336
6.339974
6.769407
5.8977866
6.5525646
7.096796
6.5483127
6.4420176
6.875702
6.986249
7.415681
6.981997
7.636775
8.614691
8.8315325
7.092544
7.419933
7.203091
5.353555
6.8799534
6.2294273
5.574649
5.140965
5.357807
5.468354
5.90629
3.9462075
3.8399122
4.928375
3.7293656
4.8178277
5.1452165
5.90629
5.0346694
4.8178277
6.012585
6.123132
5.578901
5.6851964
5.251512
5.902038
6.4462695
7.6410265
7.096796
6.2294273
6.663111
6.9905005
6.1188803
6.9905005
6.2294273
5.6851964
5.357807
6.556816
6.012585
6.556816
6.123132
6.556816
5.578901
5.251512
5.578901
4.5967336
5.6851964
5.902038
6.339974
5.791491
6.2294273
6.4462695
5.574649
7.096796
6.008333
6.769407
6.8799534
6.769407
7.419933
8.508395
7.853617
7.853617
7.203091
8.725238
7.5304804
7.419933
7.203091
8.2915535
7.203091
7.636775
7.747322
8.074712
6.875702
6.769407
6.3357224
6.5525646
6.1188803
6.1188803
6.5525646
6.1188803
7.096796
6.2251754
6.8799534
6.3357224
6.4420176
6.8799534
6.008333
6.6588597
7.853617
6.765155
7.747322
7.853617
6.6588597
7.092544
7.203091
7.9641643
7.096796
7.5304804
6.6588597
7.6410265
7.313638
6.6588597
7.096796
6.5525646
6.5525646
7.096796
6.5525646
6.986249
6.769407
6.5525646
7.096796
7.096796
6.2251754
7.313638
6.663111
6.3357224
6.008333
5.6809444
7.096796
7.096796
6.769407
6.008333
6.986249
6.769407
6.114629
7.9641643
7.853617
6.875702
7.636775
7.092544
6.5525646
7.207342
6.5525646
6.663111
5.574649
6.012585
5.357807
5.6851964
6.8799534
6.1188803
6.8799534
6.1188803
4.7072806
5.6851964
5.6851964
5.3620586
5.6851964
5.468354
5.6851964
6.339974
6.2294273
6.769407
7.096796
6.663111
6.2251754
6.5525646
6.3357224
6.008333
7.747322
8.94208
7.9641643
9.052627
9.048374
8.94208
8.614691
8.287301
8.397848
7.74307
7.9641643
8.2915535
7.5304804
8.074712
8.074712
6.5525646
6.3314705
6.2251754
6.1188803
6.769407
6.8799534
5.357807
5.902038
5.468354
5.578901
5.795743
6.2294273
5.6851964
5.902038
6.3357224
6.5525646
6.769407
7.9684157
7.419933
6.986249
7.096796
7.5304804
7.419933
7.419933
7.203091
7.9641643
7.747322
7.857869
7.5304804
7.207342
6.663111
6.9905005
6.4462695
6.8799534
6.4462695
6.556816
6.4462695
6.7736583
5.902038
5.795743
5.140965
5.791491
5.6851964
6.4462695
6.769407
7.207342
6.769407
7.096796
7.5347314
6.5525646
6.8799534
7.6410265
7.4241843
7.096796
7.313638
8.074712
6.769407
6.8799534
7.207342
6.3357224
6.8799534
7.096796
7.857869
6.769407
7.5304804
6.986249
6.5525646
6.5525646
6.9905005
6.5525646
6.9905005
6.3357224
6.663111
6.663111
6.663111
6.7736583
5.251512
5.90629
4.928375
4.7072806
5.795743
6.012585
6.9905005
6.1188803
7.4241843
6.663111
6.008333
7.313638
7.207342
6.3357224
6.769407
7.096796
7.4241843
7.6410265
7.313638
7.4241843
7.6410265
7.747322
7.747322
6.986249
7.096796
7.096796
6.663111
6.8799534
6.4462695
6.4462695
7.5347314
6.4462695
6.4462695
6.9905005
6.4462695
6.8799534
6.3357224
6.6588597
6.8799534
6.3357224
7.313638
7.857869
7.747322
7.9641643
8.181006
8.070459
8.614691
8.397848
8.181006
8.725238
7.9641643
7.747322
7.747322
8.397848
8.181006
6.875702
7.419933
7.4241843
7.5304804
7.7515736
6.8799534
7.4241843
6.5525646
6.3357224
6.663111
6.8799534
7.096796
6.8799534
7.7515736
6.3357224
7.4241843
7.313638
6.986249
7.096796
7.5304804
6.6588597
7.419933
7.9641643
7.526228
8.504144
8.720985
9.048374
10.02629
9.915743
9.482059
9.588354
9.15467
9.482059
10.353679
8.397848
8.720985
8.614691
8.94208
9.158921
7.9641643
7.853617
7.9641643
7.853617
7.9641643
7.419933
7.6410265
7.203091
7.203091
7.747322
8.070459
8.8315325
8.720985
9.482059
9.482059
10.132585
9.477807
9.260964
10.893659
11.327342
10.23888
10.566269
10.132585
9.588354
10.349427
10.676816
10.459974
10.132585
9.048374
9.265217
10.02629
8.8315325
8.287301
9.375764
8.181006
7.9641643
7.636775
7.203091
7.5304804
8.397848
7.419933
8.725238
7.636775
7.309386
8.074712
6.3314705
7.096796
8.397848
8.614691
8.070459
8.937827
8.82728
8.937827
9.698901
8.937827
10.02629
9.482059
8.504144
9.809448
9.482059
8.82728
9.592606
10.02629
8.614691
8.720985
8.8315325
9.158921
9.15467
8.287301
8.393597
8.720985
7.9599123
8.393597
9.703153
9.158921
7.74307
8.287301
8.720985
8.937827
9.265217
10.570521
9.915743
9.482059
9.698901
10.132585
9.371511
10.132585
10.23888
10.459974
9.698901
10.02629
9.265217
9.375764
9.265217
8.94208
8.8315325
8.8315325
8.94208
8.614691
8.725238
7.636775
7.203091
7.747322
7.636775
7.5304804
8.2915535
6.769407
7.092544
7.419933
6.114629
8.074712
7.5304804
7.092544
8.287301
8.181006
8.287301
7.9599123
8.504144
9.375764
8.176754
9.482059
8.610438
8.614691
9.265217
9.371511
9.482059
9.048374
8.504144
8.504144
9.375764
8.720985
9.048374
8.287301
7.636775
7.747322
6.986249
7.313638
7.4241843
6.5525646
5.902038
6.769407
6.4462695
6.1188803
7.207342
6.4462695
7.096796
7.207342
6.5525646
7.419933
7.636775
8.397848
9.265217
9.265217
9.482059
9.698901
9.809448
7.9599123
8.181006
7.853617
7.9641643
8.074712
6.663111
7.096796
6.769407
6.9905005
5.791491
6.8799534
5.6809444
5.902038
5.574649
6.339974
6.012585
5.251512
5.902038
4.592482
6.3357224
6.663111
6.5525646
7.313638
7.313638
7.203091
7.419933
7.092544
7.419933
7.747322
7.092544
7.419933
7.203091
8.070459
8.614691
8.720985
8.720985
7.526228
8.614691
8.614691
8.181006
7.636775
8.397848
7.419933
7.6410265
7.203091
6.986249
6.769407
6.2251754
6.8799534
5.6851964
6.5525646
6.663111
6.012585
5.468354
5.468354
4.924123
6.1188803
6.012585
6.8799534
6.5525646
7.096796
6.986249
7.203091
7.419933
8.508395
8.725238
8.614691
8.397848
7.74307
9.158921
8.8315325
8.8315325
9.048374
8.287301
9.158921
8.8315325
7.419933
8.2915535
7.9641643
7.636775
7.636775
7.857869
7.526228
7.636775
7.853617
8.070459
7.9641643
7.853617
7.853617
7.849365
8.393597
9.809448
9.698901
9.371511
10.349427
10.349427
9.588354
11.327342
10.783112
10.6725645
11.327342
11.1105
11.327342
10.893659
10.783112
10.893659
10.349427
9.698901
9.588354
9.915743
9.260964
9.482059
9.698901
9.265217
7.74307
8.181006
8.070459
8.287301
9.482059
8.8315325
8.287301
9.809448
8.937827
9.915743
8.720985
9.698901
9.371511
9.371511
10.893659
10.999953
10.23888
10.455723
10.889407
10.23888
10.999953
10.6725645
11.106249
10.783112
10.999953
10.889407
10.6725645
9.260964
9.260964
9.805196
9.044123
9.482059
9.915743
8.504144
8.937827
9.265217
8.610438
8.393597
9.048374
7.74307
8.8315325
8.720985
9.15467
8.720985
9.482059
9.371511
9.15467
10.459974
9.805196
10.999953
10.893659
11.327342
10.999953
10.455723
10.889407
11.327342
10.783112
10.23888
10.455723
10.349427
10.566269
10.783112
10.132585
10.0220375
10.893659
9.698901
9.588354
10.132585
10.459974
10.459974
8.937827
8.287301
9.265217
9.048374
9.048374
9.482059
9.915743
8.82728
9.482059
9.371511
9.809448
10.349427
10.455723
10.999953
11.327342
10.566269
10.349427
10.23888
10.6725645
10.783112
10.23888
10.999953
10.455723
10.455723
10.893659
9.584103
10.783112
10.455723
9.371511
9.805196
10.787363
9.588354
9.809448
9.915743
8.393597
7.636775
8.070459
7.74307
8.181006
8.397848
7.853617
7.74307
7.419933
7.526228
8.397848
8.610438
9.048374
10.243132
9.482059
10.243132
10.349427
9.588354
9.805196
10.23888
9.588354
10.243132
10.23888
9.482059
9.809448
9.371511
8.504144
8.397848
9.052627
8.181006
8.070459
9.269468
7.747322
8.181006
7.419933
7.747322
8.725238
8.397848
7.853617
8.181006
7.419933
7.636775
8.181006
7.526228
9.375764
9.048374
8.8315325
8.287301
9.482059
8.8315325
8.508395
8.8315325
8.070459
7.747322
7.747322
7.747322
7.203091
7.5304804
7.096796
7.5304804
7.309386
8.2915535
7.313638
6.2251754
6.3357224
5.902038
5.357807
5.468354
6.123132
5.357807
5.357807
6.4462695
5.902038
5.574649
5.468354
5.6851964
6.556816
5.902038
6.1188803
6.3357224
7.096796
6.9905005
5.791491
6.4462695
6.2251754
6.4420176
6.8799534
6.769407
6.769407
7.857869
6.5525646
6.663111
7.207342
5.468354
5.3620586
5.6851964
5.140965
5.140965
5.468354
6.339974
6.012585
5.251512
4.8178277
4.7072806
4.3841434
3.8399122
4.928375
5.578901
5.468354
5.6851964
6.3357224
5.24726
6.1188803
6.8799534
6.5525646
6.5525646
7.096796
7.419933
6.875702
7.636775
6.986249
7.5304804
6.5525646
6.4462695
6.8799534
6.1188803
5.791491
5.902038
6.667363
6.556816
5.578901
5.468354
4.8178277
4.7115326
4.8178277
5.3620586
4.6009855
5.578901
4.924123
5.578901
5.3620586
5.3620586
4.928375
5.2557635
5.795743
5.795743
7.207342
6.8799534
7.096796
7.096796
6.769407
7.419933
7.6410265
6.3314705
6.986249
7.6410265
7.5304804
8.074712
7.5304804
8.074712
7.9641643
6.6588597
7.096796
6.986249
6.5525646
7.096796
6.986249
7.096796
7.096796
7.207342
6.5525646
7.4241843
6.4420176
7.313638
7.419933
8.070459
7.415681
9.158921
8.720985
8.397848
8.8315325
8.614691
8.720985
10.136837
9.048374
8.508395
9.265217
9.265217
8.8315325
8.725238
8.8315325
8.181006
8.397848
8.725238
8.074712
7.747322
7.5304804
7.6410265
6.986249
6.769407
6.986249
7.4241843
7.096796
7.096796
6.663111
6.3357224
6.986249
7.313638
7.313638
8.725238
7.309386
9.486311
8.8315325
9.048374
9.482059
8.393597
9.375764
9.592606
9.592606
9.265217
9.919995
9.915743
9.265217
9.698901
9.482059
9.048374
7.9599123
7.9599123
9.265217
7.526228
6.875702
7.636775
7.419933
8.2915535
7.9641643
7.5304804
8.2915535
7.747322
7.309386
8.397848
8.287301
8.287301
9.265217
9.592606
8.393597
10.02629
9.482059
10.893659
11.327342
10.783112
11.761026
10.999953
10.6725645
11.1105
10.349427
9.371511
9.482059
7.853617
9.048374
9.809448
8.720985
10.02629
8.720985
8.8315325
8.070459
7.526228
8.181006
7.853617
8.397848
8.614691
7.747322
7.857869
8.181006
8.720985
8.287301
9.371511
9.265217
8.937827
8.937827
10.02629
10.787363
9.260964
10.132585
9.805196
9.477807
11.1105
11.1105
10.455723
11.216796
10.6725645
10.893659
10.455723
10.783112
10.23888
10.999953
10.893659
9.698901
9.592606
8.610438
9.048374
8.504144
8.397848
7.9641643
7.747322
7.747322
7.747322
7.9641643
7.853617
8.614691
8.614691
8.070459
8.8315325
9.482059
9.477807
10.132585
10.893659
9.915743
10.676816
11.004206
10.676816
10.349427
9.371511
9.698901
9.482059
9.592606
9.375764
9.482059
8.614691
8.614691
8.181006
7.747322
7.5304804
7.5304804
8.074712
7.9641643
7.419933
7.5304804
7.092544
6.769407
7.419933
7.203091
8.074712
7.9641643
8.2915535
7.74307
7.9641643
8.94208
8.614691
9.265217
8.720985
8.8315325
9.915743
9.150418
9.809448
9.482059
9.915743
10.132585
9.048374
9.809448
8.504144
8.94208
7.9599123
9.048374
9.265217
8.397848
8.8315325
8.070459
8.397848
6.6588597
7.857869
6.986249
6.769407
7.636775
8.725238
9.703153
8.393597
9.265217
9.915743
10.132585
9.915743
10.566269
10.23888
9.915743
10.132585
9.371511
10.349427
10.0220375
9.805196
9.915743
10.132585
8.937827
10.459974
9.15467
9.482059
8.610438
9.15467
9.048374
7.9599123
8.397848
9.269468
8.508395
8.181006
8.835785
8.504144
9.048374
8.397848
7.9641643
7.309386
7.419933
7.5304804
8.508395
9.269468
9.048374
8.8315325
9.482059
9.698901
9.915743
9.915743
11.1105
10.783112
10.349427
10.349427
9.588354
10.02629
9.915743
8.070459
8.94208
7.9641643
7.9641643
8.4021
6.769407
6.986249
6.4420176
7.313638
7.096796
6.8799534
6.5525646
6.663111
6.2294273
5.795743
6.3357224
6.8799534
7.096796
7.747322
8.181006
8.287301
7.9641643
8.397848
8.181006
7.9641643
8.725238
8.94208
8.94208
9.375764
9.048374
9.158921
9.048374
8.397848
8.725238
8.070459
7.636775
7.419933
7.203091
8.2915535
8.2915535
7.313638
7.313638
7.6410265
7.6410265
6.663111
6.5525646
6.3357224
6.663111
6.663111
6.4462695
6.9905005
7.5347314
7.096796
6.3357224
6.8799534
6.5525646
6.8799534
7.9641643
7.636775
7.092544
8.508395
9.158921
8.94208
8.181006
9.158921
8.287301
9.592606
9.919995
7.9599123
9.375764
8.8315325
7.747322
7.9641643
7.5304804
7.4241843
7.5347314
6.663111
7.207342
6.3357224
6.012585
6.663111
5.795743
6.556816
6.4462695
6.9905005
6.5525646
7.096796
7.6410265
6.769407
7.857869
8.181006
7.419933
8.725238
8.94208
8.181006
8.508395
7.9599123
8.504144
9.809448
8.937827
9.265217
9.265217
8.614691
8.504144
8.070459
8.397848
8.614691
7.9641643
9.158921
8.508395
7.313638
8.074712
7.4241843
6.5525646
6.8799534
7.207342
7.747322
7.9641643
8.8315325
8.8315325
9.265217
10.02629
9.482059
9.371511
10.783112
10.455723
10.0220375
10.349427
10.132585
9.915743
9.482059
9.698901
9.482059
10.136837
8.504144
7.9641643
8.397848
7.636775
8.2915535
9.158921
7.636775
7.419933
7.419933
6.769407
7.5304804
7.636775
8.181006
7.853617
7.636775
8.181006
7.5304804
6.986249
7.853617
7.747322
7.415681
8.725238
9.375764
8.181006
9.158921
8.8315325
7.747322
7.9641643
8.181006
7.747322
8.614691
9.809448
10.02629
9.919995
9.375764
8.287301
8.508395
8.614691
8.397848
7.747322
8.2915535
6.8799534
7.096796
7.4241843
6.5525646
6.663111
6.4462695
6.663111
5.574649
6.2294273
5.6851964
5.468354
6.556816
5.468354
5.1452165
5.795743
5.3620586
6.8842053
6.9905005
6.3357224
6.769407
7.096796
6.8799534
6.663111
7.6410265
7.096796
7.096796
6.769407
6.9905005
6.769407
6.8799534
6.5525646
7.6410265
6.663111
6.663111
6.3357224
6.556816
6.556816
6.012585
5.90629
5.1452165
5.1452165
5.0346694
6.012585
6.1188803
6.1188803
6.8799534
6.4420176
6.8799534
6.5525646
7.6410265
7.5347314
6.5525646
6.8799534
7.313638
7.313638
7.9641643
8.074712
6.769407
7.313638
6.7736583
6.9905005
6.663111
5.468354
5.795743
6.339974
5.140965
5.3620586
5.795743
5.251512
6.2336793
5.90629
5.902038
5.574649
6.8799534
7.207342
6.3357224
7.096796
7.207342
6.5525646
6.5525646
7.6410265
6.769407
7.313638
7.313638
7.9641643
6.769407
8.4021
7.096796
7.5304804
7.6410265
7.096796
7.857869
6.5525646
7.313638
7.096796
6.5525646
6.1188803
7.096796
6.4462695
7.207342
6.769407
7.096796
6.769407
6.769407
7.6410265
7.747322
6.4420176
7.313638
7.5304804
6.2251754
6.4420176
7.747322
6.6588597
6.986249
7.9641643
8.94208
7.636775
8.397848
8.8315325
8.287301
8.070459
8.614691
9.048374
8.614691
7.853617
8.94208
8.070459
8.397848
8.181006
8.508395
8.181006
7.6410265
7.5304804
7.096796
7.5304804
7.5304804
7.747322
7.096796
7.313638
7.857869
7.5304804
8.074712
8.508395
6.986249
7.203091
7.853617
8.614691
8.287301
9.158921
9.486311
8.070459
7.636775
7.853617
8.614691
8.614691
7.9641643
6.875702
7.313638
6.769407
6.769407
7.6410265
6.5525646
7.313638
7.313638
6.4420176
7.419933
8.397848
7.203091
7.747322
7.5304804
7.203091
7.313638
7.857869
7.6410265
6.5525646
7.6410265
7.9641643
6.769407
7.419933
8.397848
7.747322
7.9641643
8.725238
7.526228
7.9641643
9.375764
7.853617
8.8315325
8.397848
7.853617
7.9641643
7.9641643
6.8799534
7.207342
6.4462695
7.207342
7.207342
6.4462695
6.769407
5.791491
6.769407
6.769407
7.096796
6.9905005
7.096796
7.096796
7.096796
6.986249
6.5525646
6.8799534
6.3357224
6.9905005
6.008333
7.096796
5.902038
6.663111
6.008333
5.357807
6.1188803
5.902038
5.357807
6.123132
5.574649
5.795743
5.3620586
5.251512
5.795743
5.795743
5.795743
5.795743
5.251512
5.795743
6.012585
4.924123
4.8178277
4.6009855
5.1452165
4.7115326
4.2778482
4.2735963
4.4946904
4.7115326
3.7336173
3.8399122
3.8399122
4.7115326
5.3620586
4.7115326
4.8178277
3.7336173
4.6009855
5.0346694
4.6009855
4.8178277
3.9504592
4.4946904
3.844164
3.844164
4.4946904
4.605237
4.3883953
2.972544
4.171553
2.8662488
2.8662488
3.0830908
3.4104798
3.1936376
2.6494067
2.9767957
3.3041847
2.4325645
3.0873425
1.6714911
2.5431116
1.4546491
3.0873425
2.9767957
3.1936376
2.5431116
2.5431116
1.8883334
2.7599535
2.9767957
2.7599535
3.1936376
3.5167751
2.5388596
2.5388596
3.5167751
3.299933
3.844164
4.605237
3.9504592
2.4283128
3.844164
3.0830908
3.0830908
3.6273217
3.954711
3.1936376
3.6273217
2.5388596
3.5210268
3.0830908
3.299933
2.4325645
3.0830908
3.3041847
3.737869
3.4104798
2.8662488
3.737869
3.6273217
3.3041847
3.4104798
4.3883953
3.6273217
3.6273217
3.4104798
3.954711
3.299933
3.5210268
4.9326262
4.2778482
4.8220797
3.7336173
4.0610065
5.038922
3.9504592
5.038922
4.2778482
3.299933
4.9326262
3.844164
3.737869
3.5210268
3.1936376
3.0830908
3.3041847
2.6494067
3.3041847
2.5388596
2.8662488
3.5210268
2.8662488
3.1936376
3.6273217
3.4104798
3.1936376
3.4104798
3.0830908
3.737869
3.844164
3.954711
3.7336173
3.4104798
4.0610065
4.3883953
5.583153
4.3841434
5.2557635
5.1452165
4.928375
4.928375
5.038922
4.3883953
3.5167751
3.0830908
3.6273217
2.8662488
4.3883953
3.844164
3.5167751
4.0610065
3.844164
4.0610065
3.7336173
4.928375
5.1452165
4.7115326
5.4726057
4.928375
4.167301
5.4726057
5.583153
5.90629
5.578901
5.90629
5.795743
5.3620586
6.2336793
5.3620586
5.689448
5.578901
4.928375
5.1452165
4.7115326
4.605237
4.605237
4.171553
4.4989424
3.844164
4.4989424
3.954711
4.4989424
4.171553
3.0830908
3.737869
3.954711
3.1936376
4.6094894
3.737869
4.171553
4.171553
4.171553
4.2778482
5.038922
5.038922
4.928375
5.4726057
5.799995
4.3841434
5.1452165
4.928375
5.795743
5.578901
5.795743
5.3620586
5.0346694
5.578901
4.6009855
5.689448
5.2557635
4.7115326
4.7115326
5.1494684
4.7115326
5.1452165
4.8220797
5.2557635
4.6009855
6.2336793
5.4726057
6.012585
5.689448
5.0346694
5.90629
4.928375
5.689448
4.7115326
5.1452165
6.450521
5.689448
6.012585
5.902038
7.1010475
6.2294273
7.6452785
6.9905005
6.1188803
7.207342
6.8799534
5.902038
6.012585
7.317889
6.7736583
5.6851964
6.339974
6.561068
5.90629
5.799995
5.3620586
4.928375
4.7115326
5.2557635
5.1452165
4.4946904
5.1452165
4.4946904
4.7115326
5.578901
5.4726057
6.2336793
5.795743
5.3620586
6.667363
6.012585
6.012585
6.4462695
6.339974
6.339974
6.7736583
6.012585
6.339974
5.795743
5.90629
5.90629
5.4726057
5.689448
6.123132
6.123132
5.3620586
6.123132
6.4462695
5.578901
6.667363
5.90629
6.123132
5.795743
4.928375
6.1273837
5.4726057
5.689448
6.016837
5.578901
5.1452165
6.77791
6.663111
7.1010475
6.8842053
8.078962
6.9905005
7.5347314
7.9684157
7.4241843
7.8621206
7.8621206
6.8799534
7.5347314
7.317889
6.4462695
7.1010475
6.9905005
6.339974
5.90629
6.450521
5.689448
5.4726057
5.3620586
5.90629
5.3620586
6.123132
6.016837
5.795743
5.795743
6.339974
6.556816
6.339974
6.2294273
6.8842053
6.4462695
6.8799534
6.3357224
6.5525646
7.5347314
6.3357224
8.078962
8.074712
7.857869
7.6410265
7.6410265
7.4241843
6.8799534
7.6410265
7.207342
6.9905005
8.078962
6.663111
6.556816
7.317889
6.9905005
7.207342
7.317889
7.1010475
5.795743
5.90629
6.556816
6.667363
6.123132
7.207342
6.663111
7.317889
6.663111
7.6410265
6.8799534
6.5525646
8.295805
7.096796
7.207342
8.078962
6.9905005
7.6452785
7.7515736
7.857869
7.9684157
7.4241843
7.096796
6.663111
8.295805
7.207342
7.207342
7.5347314
7.4241843
7.1010475
7.207342
7.5347314
6.663111
7.5347314
6.8799534
6.9905005
6.9905005
7.207342
7.4241843
7.317889
6.8799534
7.313638
7.313638
8.512647
7.6410265
7.6410265
7.9684157
7.747322
7.857869
7.313638
8.2915535
8.2915535
8.181006
8.508395
7.9641643
8.2915535
8.725238
8.2915535
7.419933
7.747322
8.508395
7.6410265
7.857869
8.835785
7.857869
7.857869
8.4021
7.857869
7.7515736
7.747322
6.769407
8.185258
7.5304804
7.6410265
8.946331
8.725238
7.747322
9.269468
8.397848
7.9641643
8.397848
8.614691
8.181006
9.375764
9.265217
9.158921
9.919995
9.265217
8.8315325
9.158921
8.94208
8.614691
8.725238
9.486311
8.397848
9.158921
9.486311
9.703153
8.94208
9.380016
9.486311
8.508395
8.508395
8.725238
8.725238
8.074712
7.747322
8.835785
7.853617
9.163173
7.5304804
8.185258
8.4021
7.857869
7.747322
7.9641643
8.618942
7.9641643
7.207342
8.185258
7.5304804
7.857869
8.725238
9.052627
8.94208
8.835785
8.725238
7.203091
7.4241843
6.663111
6.9905005
7.207342
6.2294273
7.9726677
6.8799534
6.4462695
7.4241843
6.4462695
6.663111
6.9905005
7.5347314
6.3357224
7.9684157
6.9905005
7.5304804
7.7515736
7.857869
8.946331
7.747322
7.4241843
7.857869
6.986249
7.857869
7.4241843
7.203091
7.4241843
7.207342
6.769407
7.7515736
6.1188803
7.7515736
6.556816
7.5347314
6.4462695
6.556816
6.9905005
6.339974
6.123132
6.123132
5.578901
6.2336793
5.578901
6.123132
5.251512
5.90629
5.038922
5.3620586
5.689448
6.016837
5.795743
6.450521
6.012585
6.2294273
6.8842053
6.663111
7.207342
7.096796
7.207342
7.7515736
6.2294273
5.795743
6.9947524
5.251512
5.795743
5.0346694
5.2557635
4.8220797
4.605237
4.4946904
5.799995
4.7115326
4.167301
4.8220797
5.1494684
5.6937
4.3841434
5.038922
4.4946904
5.038922
4.7115326
5.583153
5.4726057
4.928375
5.4726057
5.2557635
5.795743
5.795743
5.689448
5.3620586
5.90629
6.339974
6.012585
5.795743
6.2294273
6.667363
6.2294273
5.902038
6.9905005
5.468354
6.012585
6.123132
5.3620586
5.90629
5.90629
6.2336793
6.016837
4.7115326
3.844164
4.605237
5.3663106
4.7115326
5.2557635
5.90629
5.90629
6.450521
6.012585
6.339974
6.012585
6.012585
6.339974
6.9905005
7.207342
7.4241843
7.313638
6.9905005
7.7515736
7.5347314
7.1010475
6.339974
5.795743
6.77791
5.251512
5.578901
4.6009855
5.3620586
5.578901
6.667363
6.2294273
6.123132
5.1452165
5.1452165
5.3620586
5.689448
5.578901
6.9905005
6.7736583
6.8799534
6.4462695
6.663111
6.5525646
6.663111
6.986249
7.096796
7.313638
7.6410265
6.769407
7.6410265
6.5525646
7.313638
7.207342
7.207342
6.4462695
6.663111
6.9905005
6.7736583
6.2294273
7.1010475
6.123132
6.556816
5.795743
5.251512
5.578901
5.90629
5.1452165
6.016837
5.578901
5.1452165
5.251512
5.3620586
5.1452165
6.123132
6.7736583
6.7736583
6.8799534
7.5347314
6.663111
6.8799534
6.2294273
6.663111
5.6851964
6.2294273
6.2294273
6.012585
5.902038
6.9905005
5.6851964
6.2294273
6.7736583
6.7736583
6.4462695
6.556816
5.578901
6.012585
6.667363
5.1452165
5.4726057
5.3620586
5.689448
5.578901
5.90629
5.3620586
5.795743
5.689448
5.90629
5.3620586
4.7115326
5.90629
6.123132
6.123132
6.2294273
6.9905005
7.1010475
7.207342
7.207342
6.9905005
7.207342
6.2294273
6.9905005
6.4462695
6.3357224
6.2294273
6.667363
6.123132
5.795743
5.689448
5.689448
5.038922
5.2557635
5.2557635
5.038922
4.7115326
4.7115326
5.038922
5.4726057
4.928375
5.1452165
4.490439
5.468354
7.1010475
5.902038
7.5347314
6.1188803
6.7736583
7.207342
6.556816
6.2294273
7.207342
6.012585
7.1010475
6.3357224
7.207342
7.096796
6.8799534
6.5525646
7.096796
6.5525646
6.2294273
7.4241843
6.7736583
6.9905005
6.663111
5.902038
5.795743
6.4462695
6.012585
5.578901
5.795743
5.578901
6.556816
6.7736583
6.4462695
6.1188803
6.7736583
6.556816
6.556816
6.556816
6.1188803
7.096796
7.313638
6.986249
7.747322
7.857869
8.074712
7.747322
7.419933
8.185258
7.096796
6.8799534
7.096796
6.663111
7.207342
6.8799534
6.663111
6.339974
6.339974
6.012585
5.6851964
6.2294273
6.4462695
7.4241843
7.313638
8.074712
7.419933
7.6410265
7.747322
7.4241843
8.4021
7.747322
8.508395
8.508395
7.526228
8.835785
8.8315325
8.614691
9.486311
10.570521
9.15467
10.02629
10.459974
10.02629
9.915743
10.349427
9.048374
10.132585
9.265217
10.02629
8.720985
10.136837
10.459974
9.588354
10.349427
10.132585
9.482059
9.915743
9.915743
10.02629
9.805196
10.783112
11.216796
10.6725645
10.999953
11.216796
11.544185
11.977869
11.977869
11.977869
12.194712
13.062079
13.062079
13.278922
13.062079
13.389469
13.062079
12.517848
13.062079
13.062079
13.062079
13.1726265
12.955785
11.539933
11.433638
11.65048
12.088415
11.216796
11.761026
11.867322
11.539933
12.411553
12.301006
12.301006
12.845238
12.628395
11.539933
12.955785
12.734691
12.407301
13.602058
14.469427
14.363132
14.68627
14.142038
14.252585
14.35888
14.14629
13.495763
13.602058
13.495763
14.14629
13.495763
13.278922
12.951532
12.296754
12.730438
12.840985
12.840985
12.407301
12.840985
12.513597
13.278922
13.168375
12.407301
13.495763
13.274671
13.818902
13.708355
13.597807
13.708355
13.818902
13.925196
14.363132
14.469427
14.142038
14.363132
14.142038
14.035743
14.903111
14.142038
14.68627
15.230501
14.035743
13.274671
12.840985
13.168375
13.385218
12.730438
12.951532
13.929449
12.624144
12.845238
12.845238
12.301006
12.301006
11.867322
11.216796
10.999953
11.106249
11.106249
10.999953
11.761026
10.6725645
11.327342
11.433638
11.539933
11.761026
11.106249
11.323091
11.544185
12.194712
11.216796
10.889407
10.889407
11.65048
11.65048
11.2125435
11.761026
11.323091
10.995702
10.6725645
10.999953
10.783112
10.455723
10.234629
9.69465
10.455723
9.911491
10.455723
10.349427
10.128334
10.455723
10.0220375
9.800944
9.477807
10.128334
9.36726
10.783112
10.455723
10.6725645
11.216796
11.216796
10.6725645
10.77886
10.455723
10.455723
10.889407
10.566269
10.6725645
11.544185
10.455723
10.23888
10.783112
9.911491
9.805196
10.676816
10.349427
9.588354
9.911491
9.044123
10.243132
9.15467
8.287301
8.504144
8.070459
7.636775
8.614691
9.15467
8.720985
9.260964
9.915743
9.477807
8.606187
8.49564
9.048374
9.915743
9.15467
8.937827
9.698901
9.698901
9.265217
9.805196
8.066207
8.066207
9.048374
7.636775
8.614691
7.853617
8.181006
7.747322
7.419933
6.875702
6.5483127
6.4420176
5.7872396
7.203091
7.096796
6.4420176
7.096796
7.313638
7.747322
6.6588597
7.5304804
7.419933
7.309386
7.636775
8.397848
8.8315325
8.614691
9.482059
9.698901
8.610438
8.393597
9.15467
9.15467
8.28305
10.02629
9.044123
8.504144
8.287301
7.419933
7.636775
6.986249
7.096796
6.8799534
6.3357224
6.4462695
6.8799534
6.9905005
6.2251754
5.357807
6.1188803
5.791491
6.2251754
6.3357224
5.902038
6.663111
5.574649
7.313638
6.663111
6.3357224
6.3357224
6.2251754
7.096796
7.207342
7.096796
7.4241843
6.769407
7.747322
7.313638
6.8799534
6.4420176
6.5525646
6.769407
6.4420176
7.6410265
7.096796
7.096796
7.096796
5.6851964
5.251512
5.251512
4.924123
4.3841434
4.928375
5.1452165
5.578901
5.1452165
4.8178277
5.90629
5.0346694
5.0346694
5.251512
6.2294273
6.4462695
6.9905005
6.5525646
6.986249
7.6410265
8.2915535
8.181006
8.2915535
7.9641643
8.835785
7.9641643
7.857869
7.313638
7.207342
6.012585
6.667363
4.7115326
4.8178277
4.8178277
4.928375
4.8178277
5.689448
5.4726057
5.578901
5.902038
6.012585
6.2294273
5.574649
6.2294273
7.4241843
6.4462695
7.4241843
7.9684157
7.096796
7.096796
7.313638
7.9641643
7.313638
8.2915535
7.526228
7.313638
7.5304804
8.2915535
6.8799534
7.6410265
6.2251754
7.207342
7.207342
7.313638
7.4241843
7.9684157
7.313638
7.857869
7.313638
6.8799534
7.5304804
7.313638
7.207342
7.857869
7.857869
7.313638
7.857869
6.769407
6.8799534
7.9684157
6.663111
6.8799534
7.9684157
8.725238
8.614691
9.592606
9.048374
9.592606
8.614691
10.353679
10.243132
9.809448
9.919995
8.614691
8.725238
7.096796
8.185258
7.4241843
7.9684157
7.9684157
7.317889
6.8799534
6.7736583
6.4462695
6.7736583
6.012585
6.9947524
7.317889
6.7736583
7.1010475
7.6452785
6.9905005
6.663111
7.7515736
7.7515736
7.7515736
8.185258
8.074712
7.6410265
8.397848
8.181006
9.375764
9.809448
9.15467
10.02629
9.482059
9.265217
10.132585
9.809448
9.048374
8.8315325
8.94208
8.835785
8.2915535
7.9641643
8.614691
7.419933
8.725238
8.614691
8.181006
8.835785
8.4021
8.2915535
8.074712
7.5304804
8.185258
7.419933
8.8315325
9.703153
9.592606
9.915743
10.353679
11.765279
11.004206
12.198963
11.544185
11.327342
11.654732
10.349427
11.221047
10.676816
9.482059
10.353679
8.8315325
9.269468
8.8315325
10.030542
9.158921
9.596858
8.397848
7.203091
8.2915535
6.986249
7.7515736
7.9684157
7.9684157
8.618942
8.074712
8.074712
8.508395
8.074712
8.397848
8.397848
7.853617
7.092544
8.181006
8.397848
8.181006
8.287301
8.287301
8.720985
9.158921
8.94208
9.265217
8.937827
10.243132
10.349427
10.349427
9.371511
9.915743
10.349427
9.915743
10.02629
9.592606
8.614691
9.375764
9.265217
8.070459
9.592606
9.809448
8.287301
9.375764
9.915743
9.265217
9.915743
10.0220375
9.805196
10.566269
10.999953
11.216796
11.216796
10.23888
10.23888
10.455723
11.1105
11.327342
11.544185
10.783112
11.1105
10.23888
10.132585
10.676816
10.243132
10.787363
10.132585
10.570521
9.915743
9.482059
9.809448
9.482059
9.048374
8.287301
8.8315325
9.265217
8.8315325
9.375764
8.610438
8.176754
8.937827
8.393597
8.504144
9.265217
10.459974
10.676816
9.911491
10.128334
10.455723
9.800944
10.45147
10.23888
10.455723
9.911491
11.1105
10.128334
10.6725645
10.893659
10.6725645
10.349427
10.23888
10.0220375
9.805196
9.805196
9.044123
8.82728
9.482059
9.482059
8.937827
9.915743
9.15467
10.132585
10.676816
9.805196
9.371511
10.893659
9.588354
10.23888
11.216796
10.23888
10.6725645
11.761026
11.977869
11.65048
11.867322
11.646228
11.756775
12.084165
11.106249
11.433638
10.566269
9.911491
11.327342
9.477807
10.570521
8.937827
10.02629
8.937827
9.265217
8.393597
8.066207
8.720985
8.720985
8.614691
8.287301
8.8315325
9.482059
8.504144
9.698901
10.0220375
9.371511
10.349427
10.6725645
10.0220375
10.23888
10.783112
9.805196
10.455723
10.23888
10.6725645
10.783112
10.23888
10.23888
10.455723
10.566269
10.783112
10.23888
10.783112
9.371511
10.243132
9.371511
9.15467
9.698901
8.82728
8.393597
9.371511
8.610438
9.482059
9.915743
9.698901
8.28305
8.720985
8.610438
8.937827
10.02629
10.132585
10.783112
10.566269
10.128334
10.234629
11.437889
10.783112
10.23888
10.132585
10.349427
9.915743
8.937827
9.592606
8.397848
8.287301
8.8315325
8.614691
8.614691
9.158921
7.526228
8.181006
6.981997
7.203091
7.9641643
6.769407
7.313638
7.636775
7.747322
7.9641643
7.853617
8.070459
7.74307
7.853617
8.181006
8.181006
8.181006
7.092544
8.508395
9.375764
7.9599123
8.070459
9.048374
8.8315325
8.614691
8.8315325
8.614691
8.397848
7.309386
7.203091
7.636775
6.769407
7.857869
6.4420176
6.986249
7.096796
6.3357224
5.791491
6.769407
5.357807
5.357807
6.2294273
4.490439
4.924123
5.795743
5.574649
5.795743
6.3357224
6.986249
6.986249
7.419933
7.526228
7.853617
7.853617
7.1988387
7.092544
8.2915535
7.415681
7.419933
7.636775
6.986249
6.4420176
6.8799534
6.3357224
6.3357224
5.791491
6.2294273
4.6009855
4.7115326
4.2778482
4.2778482
3.299933
3.4104798
3.0830908
2.8662488
3.299933
3.6273217
2.972544
4.2778482
3.9504592
4.2735963
4.3841434
4.7072806
4.8178277
5.0346694
5.24726
4.8135757
6.008333
6.2251754
6.3357224
7.096796
6.5525646
6.4420176
6.5525646
6.3357224
7.4241843
6.3357224
6.769407
6.1188803
5.574649
5.24726
4.924123
4.4861865
3.8356605
4.0525026
4.056754
3.1851342
3.078839
5.038922
3.9462075
5.0346694
5.468354
6.1188803
5.574649
6.4462695
5.357807
6.769407
6.5525646
7.747322
7.203091
7.747322
7.74307
8.2915535
7.9641643
8.181006
7.853617
7.9641643
6.5483127
7.096796
6.663111
6.5525646
7.317889
5.791491
5.902038
5.6851964
5.468354
4.924123
6.012585
5.578901
5.578901
5.3620586
4.924123
5.468354
6.4462695
6.1188803
6.4462695
6.1188803
7.5347314
6.114629
6.875702
7.9641643
7.636775
8.725238
8.070459
8.508395
7.853617
7.853617
8.397848
8.287301
7.419933
7.5304804
7.853617
7.419933
8.181006
7.419933
6.986249
7.4241843
6.9905005
6.1188803
7.207342
6.7736583
6.4462695
6.4462695
6.012585
6.1188803
7.096796
6.4420176
6.986249
6.4420176
7.6410265
7.9641643
8.070459
8.94208
9.048374
8.504144
9.371511
10.02629
9.482059
9.265217
9.265217
8.8315325
9.698901
10.136837
7.74307
8.287301
7.636775
7.5304804
6.769407
7.207342
6.4420176
6.3357224
6.4462695
6.1188803
6.3357224
5.357807
6.2294273
5.140965
4.8178277
5.795743
5.0346694
6.123132
5.251512
5.468354
6.2294273
5.6851964
6.7736583
6.986249
6.986249
7.419933
8.070459
8.397848
7.636775
7.9641643
8.287301
7.74307
8.725238
7.74307
8.614691
8.725238
8.181006
7.419933
7.857869
6.1188803
5.468354
5.140965
4.3841434
5.3620586
4.928375
4.6009855
4.7072806
4.3841434
5.689448
4.490439
5.3620586
5.902038
5.6851964
6.008333
6.8799534
7.207342
7.5304804
7.419933
7.203091
7.857869
7.747322
7.419933
8.397848
8.397848
8.397848
7.636775
7.309386
6.986249
6.986249
6.6588597
7.857869
6.875702
6.5525646
6.8799534
6.769407
6.663111
6.663111
6.012585
5.578901
5.689448
4.6009855
5.1452165
5.357807
5.357807
6.7736583
6.9905005
6.1188803
6.3357224
6.663111
7.207342
5.791491
6.769407
6.986249
7.747322
7.309386
7.419933
9.486311
9.048374
8.94208
8.504144
8.720985
8.720985
8.070459
8.94208
6.981997
6.3314705
6.769407
6.2251754
5.353555
7.096796
6.769407
6.769407
5.136713
5.5703974
6.8799534
5.8977866
5.243008
6.986249
6.6588597
6.875702
7.203091
7.419933
8.504144
7.9599123
7.4114294
8.937827
9.371511
8.610438
9.048374
9.371511
9.15467
9.048374
8.82728
7.74307
8.504144
7.9599123
6.875702
7.203091
6.2251754
5.8977866
7.207342
6.2294273
5.464102
6.8799534
6.663111
5.791491
6.2251754
5.791491
5.6809444
6.5525646
6.5525646
6.986249
6.6588597
6.875702
6.986249
7.5304804
7.636775
7.309386
7.092544
8.070459
6.87145
8.8315325
8.499891
8.176754
9.044123
8.393597
7.305134
8.614691
6.981997
6.114629
7.203091
7.636775
6.110377
6.875702
6.4377656
7.747322
6.875702
6.5525646
6.5525646
6.0040812
6.769407
6.3314705
6.114629
6.87145
7.309386
7.1988387
6.544061
7.74307
8.070459
8.176754
9.048374
10.349427
9.371511
8.716734
9.477807
7.6282716
9.588354
10.0220375
9.260964
9.805196
9.477807
9.260964
8.8230295
7.955661
9.048374
7.521976
7.419933
6.654608
7.526228
6.981997
6.981997
8.508395
7.0882916
6.765155
7.853617
7.526228
6.875702
6.6588597
6.3314705
6.5483127
7.203091
7.9599123
7.309386
8.287301
8.499891
8.393597
8.393597
7.738818
7.305134
8.393597
8.393597
7.415681
8.937827
8.937827
7.9599123
7.415681
6.87145
6.5483127
6.981997
6.110377
6.327219
8.070459
7.632523
6.544061
7.092544
7.74307
5.7872396
6.114629
6.765155
6.110377
6.6588597
6.2209234
5.6766925
7.74307
6.9777446
7.632523
8.504144
7.632523
7.9599123
8.176754
8.610438
7.521976
8.720985
8.933577
8.610438
7.738818
8.28305
8.066207
8.610438
8.499891
8.070459
9.265217
7.632523
6.981997
5.7872396
6.2209234
5.6809444
5.6809444
6.114629
6.2251754
5.7872396
5.5703974
6.769407
6.4420176
4.481935
6.2251754
5.5703974
5.132461
7.092544
7.309386
6.87145
7.853617
6.981997
6.760903
7.305134
7.74307
6.544061
7.415681
6.327219
7.1988387
6.9777446
7.521976
7.632523
7.1945877
6.654608
6.87145
7.1988387
7.526228
6.654608
6.654608
6.2209234
5.893534
7.092544
6.5483127
7.092544
5.4598503
6.875702
6.5483127
6.4420176
6.5483127
7.636775
7.415681
7.526228
8.937827
8.28305
8.066207
9.044123
9.477807
10.0220375
8.716734
9.260964
10.132585
9.69465
9.039871
9.915743
9.477807
9.69465
8.610438
9.044123
8.499891
9.371511
10.23888
8.393597
8.504144
8.504144
6.654608
7.092544
6.6588597
6.875702
6.6588597
6.6588597
6.875702
6.2251754
6.6588597
5.8977866
7.5304804
6.769407
6.2251754
6.6588597
7.636775
6.981997
8.070459
8.610438
7.849365
8.28305
8.610438
9.260964
8.8230295
9.698901
9.588354
8.8230295
8.933577
9.698901
9.044123
9.150418
9.588354
8.499891
8.28305
7.849365
6.9777446
8.504144
6.765155
7.309386
6.0040812
6.0040812
5.7872396
6.0040812
6.4420176
5.7872396
7.203091
6.2209234
7.636775
8.614691
9.482059
8.393597
8.82728
9.044123
9.915743
9.915743
9.69465
10.455723
9.69465
10.23888
9.911491
11.327342
9.150418
9.588354
9.805196
10.459974
8.82728
9.048374
8.287301
7.9641643
7.5304804
8.2915535
7.203091
7.419933
6.769407
6.6588597
6.4420176
6.986249
7.747322
7.419933
7.747322
7.5304804
7.419933
7.419933
8.070459
7.636775
8.504144
8.82728
9.805196
10.349427
9.911491
10.23888
9.911491
10.783112
10.455723
10.0220375
10.23888
10.783112
10.566269
10.349427
9.698901
9.698901
9.048374
9.15467
9.265217
9.048374
8.937827
8.614691
6.981997
7.526228
7.74307
9.265217
9.915743
9.482059
10.459974
9.698901
10.132585
10.455723
10.349427
10.349427
10.999953
10.889407
10.783112
11.65048
11.761026
12.194712
12.411553
13.062079
11.973618
11.65048
11.216796
10.455723
10.349427
10.23888
9.805196
10.893659
9.915743
10.459974
11.004206
9.911491
9.698901
8.937827
10.02629
9.915743
10.02629
10.676816
10.676816
10.566269
10.566269
10.6725645
10.455723
10.783112
11.106249
11.761026
12.411553
12.411553
11.433638
12.411553
12.079912
11.539933
12.845238
12.301006
11.756775
11.539933
11.646228
11.216796
10.889407
10.889407
11.1105
10.345176
11.1105
10.234629
11.327342
11.1105
10.566269
10.783112
10.455723
10.783112
11.1105
10.676816
10.6725645
10.23888
11.216796
10.889407
12.088415
11.65048
12.517848
12.190459
12.628395
12.190459
12.194712
11.433638
11.756775
11.216796
12.301006
11.867322
11.433638
11.65048
10.889407
10.783112
10.999953
11.216796
10.893659
10.6725645
10.893659
10.566269
10.23888
11.437889
10.132585
10.243132
10.243132
8.937827
9.592606
8.937827
9.592606
10.136837
9.698901
9.482059
10.132585
10.566269
9.260964
10.787363
9.911491
10.349427
10.132585
9.805196
10.783112
9.805196
9.805196
10.23888
9.805196
9.915743
10.893659
9.698901
9.915743
10.0220375
9.588354
8.28305
9.265217
8.720985
8.504144
10.02629
8.82728
8.720985
8.937827
9.048374
9.698901
8.499891
8.610438
9.588354
9.371511
9.371511
9.371511
10.349427
10.23888
10.999953
10.783112
10.562017
10.893659
10.566269
10.345176
10.566269
10.128334
10.455723
11.327342
10.999953
10.889407
11.433638
10.893659
10.23888
9.044123
8.610438
9.158921
8.614691
8.070459
9.265217
7.9599123
9.919995
8.070459
7.526228
8.070459
8.720985
9.375764
9.048374
8.504144
9.048374
9.044123
9.260964
10.132585
9.588354
10.459974
10.0220375
9.588354
10.0220375
10.0220375
10.0220375
10.349427
10.23888
10.455723
10.23888
9.260964
9.36726
9.588354
9.805196
9.477807
9.482059
9.588354
9.15467
9.15467
8.066207
8.720985
9.265217
8.720985
9.048374
10.02629
9.698901
10.132585
9.69465
9.588354
10.0220375
10.23888
10.349427
10.999953
11.544185
10.889407
11.977869
11.539933
11.646228
11.756775
11.973618
11.867322
11.539933
10.889407
11.539933
11.867322
12.411553
11.323091
11.216796
11.1105
10.128334
9.698901
9.588354
10.132585
9.265217
8.937827
8.504144
8.610438
8.610438
9.371511
9.482059
8.716734
8.82728
10.349427
9.805196
10.349427
10.455723
10.566269
10.889407
11.216796
11.761026
11.433638
11.106249
10.889407
10.889407
9.911491
9.800944
10.889407
9.911491
10.455723
11.106249
11.327342
9.36726
8.278798
9.477807
8.933577
9.044123
9.482059
10.02629
8.720985
8.176754
8.28305
8.066207
8.393597
8.610438
7.955661
9.15467
9.260964
8.716734
9.15467
10.349427
9.150418
9.477807
9.915743
10.893659
10.6725645
10.6725645
10.999953
10.345176
10.0220375
8.82728
9.588354
9.260964
8.716734
8.937827
9.15467
8.937827
8.610438
8.610438
8.066207
7.74307
7.853617
6.87145
7.526228
7.309386
7.309386
7.636775
7.853617
7.853617
6.87145
7.636775
8.181006
7.74307
7.74307
6.765155
8.393597
8.393597
8.82728
8.610438
8.82728
9.69465
9.260964
9.044123
10.0220375
8.716734
9.044123
10.459974
8.716734
9.260964
8.28305
6.981997
8.937827
8.720985
7.74307
8.8315325
8.610438
7.636775
7.636775
6.654608
6.875702
7.853617
6.544061
6.654608
8.176754
8.393597
7.632523
8.614691
8.393597
8.28305
8.82728
8.716734
9.15467
9.915743
10.0220375
8.606187
9.36726
10.132585
10.0220375
9.588354
9.588354
9.044123
9.371511
7.849365
9.048374
8.066207
9.048374
8.720985
8.504144
8.287301
7.526228
6.875702
7.419933
6.765155
6.2209234
6.986249
7.419933
6.3314705
8.2915535
6.981997
7.853617
8.397848
6.981997
8.070459
7.9599123
8.28305
8.504144
9.371511
9.915743
10.132585
9.69465
9.911491
10.0220375
10.893659
9.256713
9.588354
10.566269
9.584103
10.132585
9.36726
9.36726
10.0220375
9.36726
8.716734
8.610438
8.82728
8.393597
7.526228
8.504144
8.393597
6.327219
7.419933
7.415681
8.287301
7.74307
7.415681
8.287301
8.499891
9.044123
9.15467
8.82728
9.698901
8.82728
9.805196
8.933577
9.915743
10.0220375
9.588354
9.477807
8.278798
10.23888
10.783112
10.349427
9.260964
9.915743
8.28305
8.720985
8.8315325
8.066207
9.048374
7.305134
7.636775
7.309386
6.4420176
6.769407
6.6588597
7.419933
6.6588597
6.5483127
6.5483127
6.769407
6.769407
6.6588597
7.636775
6.5483127
7.092544
7.74307
7.309386
8.287301
8.393597
9.265217
7.853617
8.8315325
7.9599123
7.849365
7.74307
7.853617
7.309386
7.9641643
7.419933
7.092544
7.526228
6.875702
6.875702
5.8977866
6.769407
5.136713
6.4420176
5.8977866
6.5525646
6.6588597
6.986249
7.313638
6.5483127
7.419933
7.419933
7.849365
7.738818
8.28305
8.176754
8.720985
8.28305
7.305134
8.181006
9.158921
7.636775
9.158921
8.070459
8.614691
8.397848
7.5304804
6.875702
6.4420176
6.8799534
6.008333
5.791491
6.5525646
6.3357224
6.3357224
5.030418
6.556816
5.140965
6.663111
5.902038
6.5525646
6.1188803
6.1188803
5.574649
7.313638
6.5525646
5.8977866
7.096796
6.114629
6.986249
6.875702
7.747322
6.765155
7.9641643
7.853617
7.747322
7.747322
6.875702
7.6410265
6.2251754
7.096796
6.3357224
7.207342
6.008333
5.6809444
6.7736583
5.791491
5.902038
6.339974
5.795743
6.012585
5.6851964
5.24726
5.6851964
6.1188803
6.1188803
7.096796
6.008333
6.5525646
6.875702
7.747322
7.853617
7.747322
7.74307
8.070459
8.614691
8.8315325
9.048374
8.504144
8.720985
9.048374
8.176754
8.181006
8.287301
7.636775
8.2915535
7.636775
7.203091
6.875702
6.4420176
7.096796
6.5525646
6.875702
6.5525646
6.769407
7.857869
6.5525646
7.096796
6.986249
6.2251754
7.4241843
7.313638
7.313638
7.9641643
6.5483127
8.074712
9.158921
8.287301
8.610438
7.955661
9.265217
9.371511
9.15467
9.805196
8.82728
9.482059
9.15467
8.504144
9.048374
8.720985
7.853617
8.614691
7.9641643
7.526228
7.636775
6.981997
7.636775
7.092544
6.986249
6.5525646
6.5525646
7.5304804
6.5483127
8.181006
8.614691
7.636775
7.853617
8.94208
8.287301
8.8315325
8.720985
9.698901
10.0220375
10.243132
11.004206
9.69465
10.349427
10.23888
9.371511
9.915743
9.265217
8.720985
9.048374
8.287301
8.070459
8.287301
8.397848
7.203091
6.769407
7.096796
6.8799534
7.203091
6.986249
7.5304804
7.203091
7.419933
7.526228
7.636775
8.614691
8.614691
8.393597
9.15467
8.720985
9.698901
8.610438
9.698901
9.477807
9.265217
9.588354
9.15467
9.482059
9.915743
9.482059
8.937827
8.28305
9.265217
8.720985
7.9599123
7.74307
8.614691
7.419933
8.725238
7.526228
7.636775
8.287301
7.636775
8.397848
6.986249
7.747322
6.986249
7.313638
6.5525646
6.769407
6.114629
7.747322
8.725238
9.048374
8.8315325
8.610438
8.393597
8.937827
8.610438
9.482059
9.15467
8.937827
8.937827
8.8315325
7.853617
8.397848
7.309386
8.508395
6.986249
8.835785
7.636775
7.313638
7.857869
7.096796
6.8799534
5.464102
5.140965
6.2294273
5.140965
5.6851964
6.008333
6.008333
6.3357224
6.663111
7.096796
6.3357224
7.096796
6.769407
7.096796
6.5525646
6.986249
7.6410265
6.769407
7.5304804
7.747322
7.419933
8.614691
8.181006
8.397848
8.181006
8.2915535
7.74307
7.9641643
7.419933
6.986249
6.986249
6.769407
6.1188803
6.769407
6.663111
6.663111
6.663111
6.1188803
5.140965
6.008333
5.574649
5.357807
5.791491
6.8799534
6.6588597
7.747322
7.853617
8.070459
8.614691
8.504144
8.176754
9.048374
9.915743
9.915743
9.809448
9.15467
9.809448
9.044123
9.809448
10.02629
8.176754
7.853617
7.5304804
6.4420176
7.096796
6.769407
7.096796
7.4241843
6.769407
6.769407
7.096796
6.5525646
6.663111
6.8799534
6.986249
7.096796
6.4420176
6.3357224
7.5304804
6.6588597
7.5304804
8.397848
7.313638
8.181006
7.309386
7.747322
7.853617
8.94208
8.508395
7.747322
7.853617
7.9599123
7.74307
8.504144
8.937827
6.87145
9.486311
7.849365
8.181006
8.725238
7.747322
6.6588597
6.6588597
6.4420176
6.6588597
6.4420176
7.092544
6.986249
6.2251754
6.8799534
6.3314705
6.6588597
7.419933
7.74307
7.9599123
8.610438
8.720985
8.937827
9.805196
9.915743
9.698901
9.371511
8.610438
8.393597
8.82728
10.02629
9.048374
8.614691
8.720985
7.9599123
8.287301
8.504144
7.74307
8.397848
7.9641643
7.203091
6.875702
7.203091
7.4241843
5.8977866
7.313638
6.4420176
6.4420176
6.6588597
6.4420176
7.096796
6.008333
7.096796
6.0040812
6.986249
8.181006
7.526228
8.074712
8.287301
7.9599123
9.482059
9.588354
8.499891
10.0220375
9.044123
9.698901
9.915743
9.915743
9.15467
8.937827
8.393597
8.720985
8.287301
7.853617
7.419933
6.2251754
6.769407
7.096796
6.114629
7.096796
7.203091
6.6588597
6.2251754
6.769407
6.4420176
6.986249
7.313638
7.747322
6.875702
8.2915535
8.287301
8.504144
8.287301
9.265217
8.499891
9.15467
9.482059
8.504144
8.504144
8.720985
8.176754
9.375764
8.287301
7.853617
8.397848
6.6588597
7.6410265
5.5703974
7.207342
6.008333
6.1188803
5.791491
5.791491
6.4462695
5.030418
6.4462695
6.9905005
6.1188803
6.008333
5.6809444
7.096796
7.4241843
6.4420176
7.313638
7.5304804
7.636775
6.875702
6.6588597
7.9641643
8.181006
7.747322
8.181006
7.74307
7.203091
7.853617
7.636775
7.9641643
7.747322
6.986249
5.893534
7.313638
6.114629
6.765155
5.5703974
6.8799534
7.096796
5.8977866
6.4420176
5.8977866
6.663111
6.5525646
7.5304804
7.313638
6.4420176
6.8799534
6.2251754
7.207342
6.6588597
6.986249
7.747322
7.5304804
7.526228
6.875702
7.203091
7.419933
7.092544
6.2251754
7.857869
6.5525646
6.986249
6.6588597
6.986249
6.986249
7.096796
6.5525646
6.3357224
5.791491
6.4462695
6.4462695
5.357807
5.251512
5.6851964
5.468354
6.012585
6.4462695
4.8135757
5.795743
5.030418
5.791491
6.663111
6.5525646
7.096796
7.096796
6.875702
7.419933
7.747322
7.5304804
6.4420176
7.5304804
6.765155
6.875702
6.986249
6.769407
6.769407
6.114629
7.4241843
6.114629
6.2251754
6.3357224
6.008333
5.574649
6.3357224
5.464102
6.5525646
6.339974
6.008333
5.140965
5.357807
5.0346694
6.2294273
5.136713
5.791491
6.008333
6.769407
6.008333
7.203091
7.9641643
7.419933
7.636775
8.8315325
8.725238
8.393597
8.614691
8.504144
7.636775
7.309386
8.397848
7.526228
6.6588597
6.875702
6.6588597
7.096796
6.3357224
6.2251754
5.791491
6.5525646
6.4462695
6.4462695
6.012585
5.030418
6.8799534
5.464102
5.574649
6.1188803
6.3357224
6.1188803
5.8977866
6.008333
6.114629
6.3357224
6.769407
7.5304804
6.769407
6.4420176
7.747322
7.5304804
6.5483127
6.769407
6.986249
6.986249
6.6588597
7.747322
6.3314705
7.313638
6.5483127
6.5525646
7.6410265
6.3314705
6.5525646
7.313638
6.3357224
5.24726
6.008333
5.357807
5.030418
4.8135757
5.902038
5.140965
5.030418
6.4462695
6.3357224
6.008333
6.8799534
6.986249
6.6588597
6.986249
7.5304804
6.875702
7.5304804
7.419933
7.74307
7.092544
8.181006
7.1988387
7.419933
7.636775
6.981997
7.096796
6.986249
7.096796
6.6588597
6.5525646
6.008333
6.3357224
6.5525646
6.2251754
5.464102
5.791491
5.24726
6.769407
6.2251754
6.2251754
6.4420176
6.008333
5.353555
6.3314705
5.8977866
7.203091
7.636775
7.092544
7.747322
7.9641643
6.2209234
7.419933
6.6588597
7.419933
7.747322
6.765155
6.986249
6.2209234
5.7872396
6.8799534
6.2251754
5.8977866
7.203091
6.4420176
6.008333
6.1188803
5.902038
5.030418
5.24726
5.030418
5.902038
6.5525646
5.464102
5.6809444
5.791491
5.243008
5.574649
6.5525646
6.4420176
6.008333
6.769407
6.875702
6.0040812
7.853617
8.614691
7.305134
7.632523
7.415681
7.305134
7.9599123
7.9599123
8.504144
8.070459
7.9641643
7.747322
7.526228
6.114629
7.419933
6.5483127
7.096796
6.769407
6.3357224
6.1188803
5.791491
5.791491
6.1188803
5.8977866
6.3357224
5.8977866
6.4420176
6.4420176
6.875702
6.4420176
6.986249
7.747322
6.5483127
7.9641643
6.981997
7.092544
7.853617
8.176754
7.632523
8.287301
8.066207
8.28305
7.74307
8.937827
8.287301
6.981997
8.181006
7.636775
6.3314705
6.6588597
7.419933
5.5703974
6.114629
6.6588597
5.4598503
6.6588597
7.096796
5.6809444
6.4420176
6.769407
7.9641643
7.9599123
6.544061
7.9599123
7.74307
6.4377656
7.74307
8.176754
7.9599123
9.15467
9.805196
9.044123
9.698901
8.610438
7.9599123
8.8315325
7.0882916
7.415681
8.393597
7.74307
7.526228
7.9599123
6.654608
6.4377656
7.526228
6.654608
7.092544
6.87145
6.654608
6.4377656
6.654608
7.1988387
6.654608
7.526228
6.87145
7.526228
6.4377656
6.87145
7.1988387
7.632523
7.521976
7.632523
8.720985
8.499891
7.415681
8.066207
7.4114294
7.632523
8.610438
7.9599123
6.87145
6.87145
7.1988387
7.309386
7.092544
6.875702
6.114629
6.765155
6.769407
5.7872396
6.114629
7.203091
8.070459
7.853617
8.614691
8.066207
7.849365
8.176754
7.955661
7.521976
8.8315325
8.720985
8.1725025
7.9599123
8.066207
7.4114294
9.371511
9.044123
9.150418
9.260964
9.477807
8.933577
8.716734
8.82728
8.28305
8.287301
8.720985
7.632523
9.15467
8.716734
8.610438
9.044123
9.477807
8.933577
9.15467
7.853617
7.1988387
7.74307
7.1988387
7.309386
8.287301
7.092544
6.875702
7.092544
7.1988387
7.9641643
8.070459
8.181006
6.654608
7.526228
7.309386
7.526228
6.654608
7.853617
7.526228
6.765155
7.419933
7.419933
7.636775
6.765155
7.853617
7.526228
7.419933
7.636775
7.636775
7.9641643
6.875702
7.092544
6.875702
6.769407
6.2251754
6.769407
6.8799534
6.4420176
5.8977866
5.791491
6.5525646
5.8977866
6.5525646
6.5525646
6.2251754
5.7872396
6.114629
6.4420176
6.5483127
7.526228
7.526228
7.0882916
6.981997
8.397848
6.87145
7.9641643
8.614691
8.287301
7.526228
8.181006
8.287301
8.397848
7.9599123
8.504144
6.981997
8.287301
6.327219
7.526228
8.504144
8.070459
6.765155
7.419933
6.765155
6.875702
7.309386
7.636775
7.092544
8.614691
6.87145
6.3314705
7.092544
7.74307
8.720985
9.809448
8.716734
8.176754
9.265217
8.1725025
8.610438
9.15467
9.265217
8.499891
9.371511
9.482059
9.588354
9.371511
8.610438
9.265217
9.260964
7.305134
9.048374
8.176754
8.393597
8.066207
8.504144
8.393597
7.415681
7.9599123
7.526228
8.287301
8.720985
8.8315325
8.8315325
8.610438
8.610438
7.9599123
8.933577
9.371511
9.482059
8.933577
9.15467
9.69465
9.911491
10.566269
10.455723
10.455723
10.562017
10.783112
10.23888
9.911491
9.150418
9.800944
8.933577
9.588354
9.477807
9.915743
9.588354
8.499891
8.937827
8.066207
8.720985
9.15467
9.15467
10.132585
8.606187
10.0220375
9.69465
9.800944
9.907239
9.911491
10.017787
9.146166
10.128334
10.017787
10.562017
10.562017
10.889407
10.77886
10.017787
10.562017
10.562017
10.45147
10.562017
10.017787
10.345176
10.234629
10.345176
10.128334
8.933577
10.128334
9.36726
9.039871
9.150418
8.606187
9.477807
8.1725025
9.915743
9.69465
9.044123
9.044123
9.36726
10.349427
9.584103
10.566269
10.6725645
10.128334
10.566269
9.146166
11.216796
10.889407
10.783112
10.234629
10.77886
10.345176
10.017787
11.106249
9.690397
9.911491
10.455723
10.23888
10.234629
10.128334
9.911491
9.256713
9.477807
9.477807
10.132585
9.044123
9.911491
10.23888
9.800944
10.128334
9.690397
10.017787
11.327342
10.128334
10.455723
10.234629
10.017787
10.0220375
9.690397
10.455723
10.017787
10.889407
10.77886
10.889407
10.995702
10.77886
11.323091
12.084165
10.995702
10.668313
11.106249
11.539933
11.539933
11.65048
11.646228
10.77886
10.562017
10.77886
9.584103
10.23888
10.128334
10.889407
10.6725645
10.23888
10.455723
10.345176
10.6725645
11.216796
10.6725645
10.889407
10.345176
11.867322
10.77886
11.2125435
11.101996
12.079912
11.646228
12.407301
11.535681
11.646228
11.867322
11.973618
11.318839
11.65048
11.973618
10.234629
10.783112
10.889407
10.6725645
10.562017
9.473556
10.562017
10.128334
10.562017
11.65048
11.106249
11.65048
10.45147
10.45147
11.106249
12.084165
11.101996
11.977869
11.2125435
11.973618
11.646228
11.752523
12.730438
12.407301
12.079912
12.079912
12.301006
11.973618
11.65048
11.973618
11.756775
12.411553
12.517848
12.084165
12.084165
11.973618
11.323091
12.411553
12.301006
11.539933
11.867322
11.646228
12.084165
12.407301
12.407301
12.517848
11.973618
11.973618
11.973618
12.845238
12.296754
12.517848
13.057828
12.836734
13.818902
13.814649
14.142038
13.164123
14.363132
13.704102
13.814649
14.68627
15.230501
14.35888
14.469427
13.814649
13.274671
13.708355
14.35888
14.363132
14.796817
13.597807
13.380964
13.925196
13.274671
12.730438
13.602058
13.274671
12.840985
12.296754
12.296754
13.057828
13.274671
13.057828
13.712605
12.840985
13.168375
14.252585
13.164123
14.14629
14.68627
14.68627
14.35888
14.35888
13.814649
14.903111
14.792564
15.009407
15.336795
15.226248
14.903111
15.119954
13.814649
14.469427
14.142038
14.142038
14.903111
14.252585
14.469427
13.814649
13.48726
13.380964
13.602058
13.274671
14.252585
13.925196
14.031491
14.903111
13.814649
14.575723
15.336795
15.119954
15.119954
15.987322
16.204163
15.659932
16.965237
15.876775
16.093616
17.288374
16.416756
16.421007
16.306208
16.199913
16.093616
16.31046
15.983071
15.336795
15.659932
15.881026
15.119954
14.682017
13.704102
13.597807
13.48726
14.248333
13.814649
13.814649
13.925196
13.491511
13.380964
14.031491
13.597807
14.68627
14.137786
14.031491
14.354629
14.031491
14.792564
14.248333
13.814649
14.68627
13.920944
14.031491
13.704102
15.009407
14.465176
14.35888
14.682017
14.248333
14.575723
15.230501
14.68627
14.248333
13.925196
14.469427
13.5935545
13.708355
13.270417
13.814649
14.035743
14.035743
13.708355
13.491511
14.68627
13.053576
14.14629
14.248333
13.704102
14.142038
14.35888
13.597807
13.925196
13.920944
14.35888
14.248333
14.465176
14.35888
14.792564
13.814649
14.031491
14.248333
14.792564
14.137786
14.792564
14.35888
14.248333
13.814649
13.925196
12.836734
12.730438
12.947281
12.513597
12.730438
13.929449
12.836734
11.858818
13.274671
12.947281
12.513597
13.708355
13.164123
13.274671
13.274671
13.164123
13.491511
12.943029
13.925196
13.814649
13.814649
13.380964
13.925196
14.35888
14.248333
14.792564
14.68627
14.248333
13.810397
14.68627
15.230501
14.792564
14.575723
14.35888
14.252585
14.031491
13.708355
14.252585
14.031491
13.380964
13.385218
13.274671
11.425134
13.278922
12.407301
12.517848
11.973618
11.641976
12.517848
12.079912
13.168375
13.278922
13.168375
12.186207
12.840985
12.730438
13.380964
13.270417
13.48726
14.031491
13.708355
13.708355
13.380964
13.597807
13.053576
13.708355
12.947281
12.619891
12.296754
12.840985
12.079912
11.646228
11.429386
10.995702
11.323091
11.101996
10.668313
10.889407
11.756775
11.106249
11.216796
11.101996
10.885155
10.995702
11.535681
11.756775
12.517848
12.947281
12.079912
12.734691
12.292503
11.858818
12.513597
12.296754
13.164123
13.380964
13.274671
12.61564
13.380964
13.491511
12.619891
13.602058
12.951532
11.641976
12.079912
11.318839
11.8630705
12.079912
11.973618
11.646228
12.190459
11.973618
11.429386
11.646228
11.539933
11.208292
11.535681
11.318839
12.190459
12.730438
13.274671
12.619891
13.164123
12.509345
12.726187
13.597807
13.925196
14.031491
13.049324
13.270417
14.248333
13.053576
13.380964
13.053576
13.053576
12.619891
13.385218
13.274671
11.752523
12.845238
12.840985
12.190459
11.756775
11.208292
11.429386
12.084165
12.079912
12.734691
13.168375
13.495763
13.057828
12.513597
13.380964
12.947281
13.491511
13.708355
14.252585
14.903111
14.68627
14.68627
15.119954
14.35888
13.925196
14.142038
13.708355
15.230501
14.469427
13.708355
13.814649
13.164123
12.836734
13.491511
12.296754
12.840985
12.296754
12.513597
13.274671
13.602058
13.164123
14.252585
13.164123
12.398798
12.943029
14.035743
13.48726
13.48726
14.252585
14.248333
14.792564
14.792564
14.575723
15.336795
14.682017
14.465176
14.137786
14.02724
15.443091
15.009407
14.02724
15.119954
14.465176
14.792564
14.903111
13.920944
13.920944
15.119954
13.159871
13.053576
13.380964
12.947281
12.947281
12.840985
12.292503
13.385218
12.186207
11.969365
11.969365
12.836734
12.730438
12.619891
12.292503
12.836734
11.965114
12.947281
13.708355
12.836734
13.597807
13.049324
14.142038
13.376713
13.159871
13.704102
13.814649
13.925196
12.726187
13.164123
13.380964
13.270417
13.491511
13.270417
12.509345
12.840985
12.186207
11.318839
10.774608
11.323091
11.318839
11.323091
10.668313
11.106249
10.991449
11.323091
11.318839
10.995702
11.646228
10.340923
12.517848
11.535681
12.296754
12.947281
12.730438
13.274671
12.619891
12.292503
12.403049
12.730438
13.270417
12.619891
12.186207
11.535681
11.646228
11.429386
11.752523
11.8630705
11.973618
10.447219
10.668313
11.318839
10.991449
10.668313
10.995702
11.646228
10.885155
11.323091
10.995702
11.318839
11.867322
11.756775
11.101996
11.535681
11.318839
12.513597
11.208292
11.973618
12.079912
11.318839
12.624144
12.292503
12.403049
12.186207
12.730438
11.858818
11.641976
12.624144
12.403049
11.752523
11.756775
11.752523
10.774608
10.991449
10.336672
11.756775
11.318839
10.447219
10.557766
10.124082
9.3630085
10.234629
11.2125435
11.2125435
11.429386
10.774608
10.557766
11.318839
10.774608
10.885155
11.318839
11.323091
11.318839
11.101996
11.2125435
11.8630705
11.8630705
12.517848
11.531429
11.535681
12.079912
12.296754
10.774608
11.2125435
11.646228
11.752523
11.2125435
11.539933
10.885155
10.668313
10.45147
10.668313
9.690397
9.907239
9.800944
10.562017
11.433638
10.124082
10.345176
10.889407
9.686145
10.995702
11.973618
11.208292
11.101996
11.425134
12.296754
11.973618
11.641976
11.973618
12.186207
11.531429
12.513597
13.274671
12.296754
12.186207
12.296754
12.079912
11.752523
11.8630705
11.752523
11.318839
12.628395
11.752523
10.774608
11.646228
11.535681
11.318839
11.65048
11.646228
11.2125435
11.646228
11.101996
11.429386
11.8630705
11.535681
12.517848
11.535681
12.190459
11.8630705
12.840985
13.168375
12.513597
12.840985
13.491511
13.380964
12.619891
12.947281
14.252585
13.920944
14.142038
14.35888
13.053576
12.947281
13.925196
13.818902
12.403049
13.164123
12.730438
12.403049
12.186207
12.730438
12.296754
11.752523
13.278922
13.057828
12.951532
12.624144
12.079912
12.296754
12.624144
11.969365
13.168375
13.818902
12.947281
13.164123
13.053576
13.491511
13.708355
14.031491
13.597807
14.031491
13.818902
13.597807
12.943029
14.252585
13.053576
14.252585
13.053576
13.274671
13.708355
12.403049
13.602058
13.602058
12.840985
12.840985
12.619891
13.057828
13.057828
13.274671
12.840985
12.403049
13.057828
12.513597
12.730438
12.947281
13.274671
12.836734
14.142038
13.708355
13.053576
13.814649
14.903111
13.925196
14.252585
13.597807
13.925196
13.814649
13.925196
14.031491
13.380964
13.818902
13.380964
12.513597
13.491511
13.164123
13.602058
12.513597
12.296754
12.079912
11.752523
11.973618
11.973618
11.646228
11.973618
11.752523
12.517848
12.407301
12.624144
12.301006
12.079912
12.407301
12.513597
13.057828
13.380964
13.164123
14.796817
14.35888
13.380964
14.35888
14.903111
14.252585
14.68627
13.597807
14.142038
13.708355
14.363132
13.491511
12.947281
14.363132
12.619891
12.296754
12.624144
12.840985
12.513597
12.296754
12.624144
12.403049
12.403049
12.407301
13.168375
12.190459
12.407301
13.057828
12.079912
13.164123
13.491511
13.491511
13.491511
13.929449
14.031491
14.469427
14.031491
14.469427
14.469427
13.704102
14.575723
14.35888
14.031491
14.796817
13.925196
13.057828
13.057828
12.947281
12.190459
12.734691
12.407301
11.756775
11.2125435
11.433638
10.562017
10.562017
10.999953
11.433638
10.999953
11.323091
11.323091
11.539933
11.2125435
11.429386
12.194712
11.429386
12.190459
12.190459
12.407301
12.951532
13.168375
12.624144
13.495763
13.168375
12.190459
12.407301
11.867322
11.756775
11.429386
12.190459
12.190459
12.079912
12.190459
12.296754
12.190459
11.646228
11.2125435
11.973618
10.234629
10.995702
10.557766
10.6725645
9.796692
11.65048
10.77886
10.995702
11.323091
10.45147
11.539933
11.756775
11.646228
11.8630705
11.646228
12.951532
11.752523
12.079912
12.079912
12.624144
12.513597
12.624144
12.951532
11.969365
10.885155
11.318839
11.756775
11.433638
11.867322
10.668313
11.433638
10.77886
11.216796
11.2125435
10.017787
10.455723
10.6725645
10.999953
9.584103
10.783112
10.23888
9.911491
9.584103
9.800944
10.562017
10.455723
10.455723
10.455723
10.562017
11.433638
9.907239
10.45147
11.973618
11.429386
12.084165
12.079912
11.318839
12.190459
11.756775
11.646228
12.301006
11.429386
11.429386
11.8630705
11.429386
11.756775
11.756775
10.557766
10.889407
11.433638
10.77886
9.911491
10.668313
10.885155
11.318839
11.208292
12.190459
13.278922
13.057828
12.624144
12.403049
13.274671
13.385218
13.053576
14.252585
13.159871
14.031491
15.119954
14.031491
15.230501
15.664186
14.465176
15.336795
14.35888
14.35888
14.35888
14.469427
13.057828
13.385218
12.734691
13.168375
12.407301
11.8630705
12.190459
12.734691
11.535681
11.646228
12.190459
11.106249
12.301006
11.539933
11.756775
12.517848
12.517848
13.057828
12.407301
12.407301
12.407301
11.973618
12.079912
13.385218
12.840985
13.602058
13.274671
13.708355
12.619891
12.075661
12.513597
13.164123
12.730438
12.836734
13.274671
12.075661
13.385218
12.836734
13.385218
13.164123
12.513597
13.164123
12.947281
12.079912
12.186207
12.734691
12.079912
12.840985
12.947281
12.513597
12.947281
13.491511
12.947281
12.398798
13.491511
14.031491
12.943029
14.575723
14.031491
14.35888
14.35888
14.903111
14.031491
14.575723
15.009407
15.009407
14.465176
13.704102
14.35888
14.469427
13.925196
13.708355
13.818902
13.057828
13.602058
13.274671
12.186207
12.951532
11.969365
11.8630705
11.208292
11.8630705
11.429386
12.301006
11.867322
11.429386
11.756775
12.517848
11.752523
12.517848
12.407301
12.840985
12.951532
12.624144
13.164123
12.407301
12.730438
13.053576
13.597807
13.491511
13.491511
13.602058
12.292503
12.840985
12.730438
12.951532
11.752523
10.991449
10.774608
11.323091
10.995702
10.991449
11.8630705
11.973618
11.429386
12.190459
11.318839
11.208292
12.513597
12.730438
13.168375
13.818902
13.818902
12.947281
14.252585
14.035743
13.925196
14.031491
14.903111
14.248333
14.903111
14.031491
15.119954
14.575723
14.142038
14.469427
15.013659
13.270417
15.124206
14.031491
13.491511
14.035743
13.270417
12.186207
12.734691
12.840985
11.8630705
13.495763
12.840985
11.535681
11.8630705
12.840985
12.190459
11.8630705
11.318839
12.190459
11.8630705
12.407301
12.624144
13.818902
13.270417
12.726187
13.704102
14.142038
13.597807
13.814649
14.142038
14.248333
13.376713
13.925196
13.5935545
14.469427
13.925196
13.814649
13.818902
14.035743
13.164123
12.513597
12.730438
12.947281
13.274671
13.385218
12.186207
12.730438
12.079912
11.425134
12.186207
13.274671
12.619891
12.619891
13.708355
12.947281
12.836734
13.380964
14.035743
14.142038
14.35888
14.248333
15.447342
14.465176
15.770479
15.664186
15.553638
15.659932
15.659932
15.336795
15.549385
15.553638
14.792564
15.443091
14.248333
14.68627
14.142038
14.35888
14.35888
14.252585
14.363132
13.385218
14.252585
13.164123
12.836734
13.925196
13.818902
13.814649
14.575723
13.708355
14.575723
14.903111
14.575723
14.792564
14.792564
14.788313
14.682017
15.226248
15.770479
15.226248
15.770479
14.792564
14.682017
14.575723
15.443091
15.770479
15.336795
14.682017
14.792564
14.354629
15.009407
15.226248
13.920944
14.68627
13.920944
14.252585
14.363132
13.053576
13.602058
12.513597
12.079912
12.517848
12.517848
12.079912
12.513597
13.491511
14.35888
14.031491
14.579974
14.575723
14.248333
14.903111
14.248333
14.465176
15.005156
14.465176
15.664186
14.460924
15.009407
14.792564
14.68627
14.575723
14.142038
13.925196
12.836734
13.274671
13.164123
12.186207
11.973618
11.646228
12.190459
12.411553
10.774608
11.973618
12.190459
12.624144
11.425134
11.973618
12.840985
11.969365
11.969365
12.407301
12.296754
12.296754
11.969365
12.296754
12.947281
12.513597
12.951532
13.385218
12.190459
12.301006
11.8630705
11.2125435
11.101996
11.323091
11.539933
10.668313
11.433638
11.433638
10.562017
10.345176
10.128334
10.566269
9.36726
9.805196
10.0220375
9.256713
9.911491
10.0220375
9.584103
9.477807
10.783112
10.128334
10.349427
11.437889
10.23888
10.455723
10.783112
10.562017
10.999953
11.539933
12.084165
12.190459
11.318839
12.517848
11.867322
11.429386
11.646228
11.65048
11.867322
10.6725645
10.6725645
10.6725645
10.455723
10.23888
10.017787
10.455723
10.128334
10.566269
10.783112
10.889407
10.0220375
10.783112
10.562017
10.566269
10.23888
11.761026
11.106249
10.345176
11.977869
11.216796
10.889407
11.544185
10.234629
11.216796
10.995702
10.234629
11.65048
11.756775
11.323091
12.411553
11.973618
11.65048
12.084165
11.323091
11.867322
11.646228
11.973618
11.2125435
11.323091
11.65048
11.539933
11.867322
12.738942
11.323091
11.323091
11.106249
11.433638
10.6725645
11.433638
11.2125435
10.562017
11.106249
11.323091
11.433638
11.429386
11.973618
11.646228
12.517848
12.624144
12.190459
12.951532
12.951532
13.495763
14.035743
13.380964
13.925196
13.708355
14.035743
14.579974
13.057828
13.057828
12.624144
12.296754
12.734691
12.296754
12.407301
12.840985
12.730438
12.840985
12.730438
13.168375
13.274671
11.8630705
12.845238
12.513597
12.951532
12.079912
12.624144
12.951532
12.624144
12.079912
13.278922
11.969365
11.8630705
12.296754
12.186207
12.624144
13.164123
13.491511
13.712605
13.491511
13.818902
13.708355
13.597807
14.035743
13.602058
13.491511
12.840985
13.062079
12.407301
12.411553
12.301006
11.756775
12.084165
11.106249
12.194712
11.539933
10.77886
10.234629
10.6725645
11.106249
11.2125435
11.867322
11.867322
12.194712
12.084165
13.168375
12.628395
11.752523
11.969365
13.712605
12.734691
12.840985
12.840985
12.734691
12.301006
12.517848
12.301006
11.756775
12.084165
10.995702
11.65048
11.977869
11.433638
11.216796
11.544185
10.999953
10.889407
10.345176
10.6725645
10.128334
10.783112
11.221047
10.566269
11.1105
10.455723
11.216796
10.455723
10.455723
10.6725645
11.216796
10.889407
12.084165
11.544185
11.65048
11.756775
12.517848
12.517848
11.973618
12.084165
11.973618
12.411553
12.084165
12.301006
11.106249
11.323091
11.323091
11.977869
10.999953
11.433638
10.6725645
10.783112
10.6725645
10.999953
10.783112
10.893659
10.676816
9.805196
9.805196
10.566269
10.455723
10.999953
10.999953
10.6725645
11.1105
10.999953
10.999953
10.783112
11.544185
11.65048
11.216796
11.106249
10.6725645
10.6725645
10.562017
11.323091
11.65048
11.433638
10.6725645
11.539933
10.23888
10.6725645
10.999953
10.783112
10.566269
11.327342
10.349427
10.23888
9.911491
10.6725645
10.455723
10.234629
9.146166
10.566269
10.6725645
9.911491
10.668313
10.128334
10.562017
9.907239
11.106249
11.2125435
10.45147
11.867322
11.973618
11.2125435
10.885155
11.756775
12.301006
11.323091
11.756775
11.973618
11.429386
10.885155
11.433638
10.995702
11.323091
11.539933
11.323091
11.106249
10.889407
10.45147
10.783112
11.433638
10.889407
10.889407
11.327342
10.234629
10.455723
11.2125435
10.562017
11.867322
11.323091
11.973618
12.084165
11.867322
11.318839
12.517848
12.517848
11.8630705
12.407301
13.278922
12.513597
12.624144
13.495763
13.278922
12.407301
12.951532
12.407301
12.624144
12.951532
12.190459
12.951532
12.301006
12.517848
12.084165
12.194712
12.084165
11.216796
11.216796
10.6725645
11.216796
11.106249
11.323091
11.761026
11.429386
11.429386
12.734691
12.517848
12.734691
12.079912
12.407301
12.840985
12.951532
13.385218
13.385218
14.14629
13.708355
14.035743
14.035743
14.035743
14.14629
13.602058
12.840985
12.624144
12.951532
12.840985
12.951532
12.190459
12.301006
12.190459
12.407301
11.867322
11.8630705
11.973618
11.756775
11.973618
11.539933
12.084165
11.646228
11.973618
11.973618
12.734691
12.624144
12.734691
12.624144
12.407301
12.190459
12.734691
13.491511
13.602058
14.252585
14.248333
14.35888
14.575723
14.248333
14.68627
13.814649
14.035743
14.142038
13.708355
14.907364
13.380964
13.385218
13.818902
13.385218
12.513597
13.274671
12.407301
12.517848
12.951532
11.969365
12.951532
13.385218
12.947281
13.385218
13.818902
12.951532
14.14629
13.057828
14.579974
12.947281
13.708355
14.469427
13.814649
13.818902
14.363132
13.925196
14.142038
15.013659
14.68627
13.925196
14.792564
14.35888
14.252585
14.575723
15.013659
14.796817
14.031491
14.68627
14.68627
13.708355
13.602058
13.380964
13.164123
13.925196
14.252585
13.491511
13.818902
13.057828
13.929449
14.14629
14.035743
14.252585
13.925196
15.447342
15.557889
15.447342
14.35888
15.230501
15.119954
15.447342
15.664186
15.009407
15.336795
15.009407
14.575723
15.336795
14.575723
14.469427
15.341048
14.35888
14.796817
15.557889
13.814649
15.013659
14.68627
14.35888
14.68627
14.142038
14.252585
14.142038
13.708355
14.907364
14.68627
14.469427
14.252585
14.469427
14.252585
14.579974
15.013659
15.013659
14.796817
15.230501
14.35888
15.119954
14.68627
15.447342
15.013659
14.68627
14.575723
14.903111
14.903111
14.35888
14.469427
14.142038
14.252585
14.142038
14.035743
13.925196
13.491511
13.491511
13.164123
13.818902
12.947281
13.602058
12.947281
13.385218
12.730438
12.840985
12.951532
13.929449
12.730438
14.14629
14.252585
14.252585
14.252585
14.142038
13.597807
14.469427
14.469427
15.013659
14.68627
14.252585
14.796817
14.031491
14.68627
14.252585
14.469427
13.708355
13.602058
14.14629
13.602058
13.057828
12.517848
13.062079
13.495763
11.752523
12.084165
13.1726265
11.323091
11.65048
12.084165
11.539933
11.867322
11.867322
12.084165
12.624144
12.301006
13.1726265
13.062079
13.278922
12.628395
13.712605
13.278922
13.389469
13.712605
12.730438
12.734691
13.385218
13.929449
13.929449
13.712605
13.385218
13.495763
14.14629
12.734691
13.385218
12.951532
12.951532
12.407301
13.385218
11.539933
12.411553
12.628395
12.084165
11.977869
11.106249
11.106249
12.5220995
12.301006
11.756775
13.1726265
12.734691
12.301006
12.190459
13.712605
12.840985
14.039994
14.252585
14.14629
14.363132
13.708355
13.274671
13.929449
14.363132
14.473679
13.929449
13.274671
12.624144
13.057828
13.168375
12.407301
13.60631
12.517848
12.084165
12.845238
12.951532
12.517848
12.845238
12.734691
12.301006
12.407301
12.190459
11.867322
12.628395
11.867322
11.65048
11.867322
12.301006
12.301006
12.194712
13.389469
12.301006
12.517848
13.389469
12.517848
12.517848
13.60631
13.385218
12.624144
13.385218
13.057828
13.929449
14.14629
12.624144
12.624144
12.951532
12.845238
12.411553
12.084165
11.323091
11.871573
12.194712
10.889407
10.6725645
11.871573
10.783112
11.433638
11.323091
11.539933
11.106249
12.194712
11.867322
11.977869
11.756775
12.084165
13.062079
13.278922
12.190459
12.734691
12.296754
12.407301
12.951532
12.845238
11.973618
13.1726265
12.407301
12.517848
12.190459
11.756775
12.845238
11.756775
12.517848
12.084165
10.77886
11.761026
11.977869
11.539933
11.327342
11.977869
11.106249
11.65048
11.761026
10.999953
11.761026
11.65048
11.539933
11.867322
12.301006
11.106249
12.084165
11.8630705
12.190459
12.734691
13.495763
13.168375
13.385218
13.385218
13.385218
13.057828
13.057828
14.473679
12.840985
13.168375
13.278922
13.385218
12.296754
13.057828
12.517848
12.407301
12.407301
13.385218
13.278922
13.278922
12.734691
12.951532
13.278922
12.079912
12.301006
13.602058
12.624144
12.624144
12.840985
13.602058
13.274671
13.818902
14.14629
14.252585
13.708355
14.68627
15.557889
14.68627
15.230501
15.009407
14.792564
15.009407
15.664186
15.553638
15.881026
15.230501
15.336795
15.447342
15.336795
14.35888
15.230501
14.035743
14.579974
13.708355
13.925196
14.252585
13.274671
13.818902
14.252585
14.14629
14.796817
14.469427
13.818902
14.68627
14.252585
14.579974
14.68627
14.796817
14.469427
15.013659
15.119954
14.903111
15.230501
15.336795
15.881026
15.664186
15.341048
14.575723
15.230501
14.903111
15.230501
15.230501
14.68627
14.469427
15.013659
15.230501
15.557889
14.903111
15.013659
15.230501
15.119954
14.68627
14.68627
14.796817
14.68627
13.491511
13.814649
14.035743
14.903111
14.903111
14.796817
14.68627
14.68627
15.447342
14.903111
15.336795
15.119954
16.425257
15.659932
15.009407
16.748394
16.204163
16.421007
16.85469
16.204163
16.31471
16.204163
16.31471
16.637848
16.09787
15.876775
14.792564
15.881026
15.553638
15.009407
15.770479
16.31471
15.770479
16.09787
15.987322
16.31046
16.527302
16.85469
17.72206
16.965237
17.177828
16.637848
17.72206
17.72631
16.31046
17.071531
17.832605
17.071531
17.832605
16.85469
17.071531
17.18208
17.288374
18.049448
17.938902
17.72206
18.80627
18.372585
19.894732
19.023111
19.023111
19.461048
19.567343
19.129406
19.677889
19.563091
20.001026
19.563091
20.541006
19.89048
19.452543
19.346249
20.324163
20.651554
20.651554
20.213617
20.324163
21.191532
21.625217
21.842058
22.275743
23.4705
23.253658
23.687342
23.249407
23.687342
24.661007
25.311531
25.205238
24.439913
23.572544
22.59888
21.18728
19.996775
18.80627
15.553638
13.712605
11.216796
8.393597
6.5525646
6.339974
4.2778482
6.016837
6.663111
8.181006
12.198963
14.367384
15.447342
18.049448
19.023111
19.89048
19.563091
20.111574
19.894732
19.3505
19.244205
18.916817
19.133657
18.916817
18.80627
18.699974
16.527302
16.642101
14.142038
12.190459
10.668313
10.234629
11.65048
12.301006
11.8630705
12.084165
13.168375
11.641976
12.186207
13.164123
12.403049
11.752523
11.101996
10.566269
9.477807
9.260964
9.15467
9.69465
10.455723
10.562017
9.584103
9.371511
7.74307
6.3357224
5.468354
6.2336793
5.795743
6.8842053
7.313638
9.375764
10.349427
10.999953
12.194712
11.539933
10.889407
10.783112
10.999953
11.327342
10.132585
9.158921
8.618942
6.769407
6.3357224
7.6410265
6.4420176
7.5304804
6.5525646
4.5967336
4.8178277
3.737869
3.1936376
2.7599535
2.3220174
2.5388596
4.167301
4.8178277
6.3357224
5.6809444
6.3357224
5.6851964
5.90629
4.056754
4.8178277
5.578901
6.556816
5.795743
5.90629
5.799995
4.4946904
4.605237
4.3883953
3.631574
2.6536584
0.8083746
0.1578483
0.3746904
-1.0369092
-0.49267802
-0.16528895
-1.1432043
-2.444257
-1.9000257
-2.661099
-2.661099
-2.771646
-2.9842362
-4.400088
-4.506383
-6.2453713
-5.917982
-4.61693
-4.7274766
-3.6432662
-2.1296234
-0.3906347
2.7557018
2.3177657
2.968292
4.1630497
5.574649
6.2251754
7.636775
7.747322
7.747322
9.163173
8.2915535
7.747322
7.203091
6.8799534
5.251512
3.7293656
4.928375
6.123132
6.663111
8.185258
7.857869
8.074712
8.508395
7.309386
8.397848
8.508395
6.6588597
7.207342
7.207342
7.207342
7.207342
8.2915535
7.096796
7.9641643
7.747322
7.9599123
9.809448
10.0220375
10.676816
10.136837
10.570521
10.128334
11.433638
11.867322
11.323091
10.668313
10.455723
9.911491
10.132585
10.455723
9.69465
9.150418
10.349427
9.915743
10.349427
9.371511
11.004206
10.783112
10.23888
10.566269
10.566269
10.132585
10.349427
10.455723
9.477807
9.477807
10.455723
10.017787
10.455723
10.6725645
10.345176
11.216796
11.323091
11.867322
12.517848
11.969365
12.186207
14.142038
14.575723
15.119954
15.447342
14.792564
14.35888
14.035743
13.380964
12.296754
11.867322
11.539933
10.995702
10.889407
10.885155
11.433638
11.323091
11.65048
10.345176
10.889407
10.783112
10.6725645
11.1105
10.783112
10.889407
11.1105
10.999953
11.433638
10.77886
11.8630705
12.301006
12.628395
11.539933
11.216796
11.106249
12.411553
10.77886
12.628395
12.084165
12.084165
12.190459
12.190459
12.734691
12.951532
13.057828
13.057828
13.057828
12.840985
12.407301
12.190459
11.429386
12.190459
12.517848
12.407301
13.712605
13.274671
13.057828
13.057828
12.619891
12.840985
14.14629
13.597807
13.274671
14.252585
14.363132
14.14629
14.473679
14.796817
14.68627
14.142038
14.035743
14.142038
13.708355
14.363132
14.68627
14.252585
14.035743
13.925196
13.929449
13.168375
13.602058
13.385218
12.730438
13.491511
12.079912
13.823153
13.602058
12.624144
12.734691
12.407301
12.301006
12.734691
12.190459
13.495763
12.079912
12.734691
13.168375
13.057828
13.274671
14.35888
14.248333
14.68627
14.903111
14.031491
14.469427
14.575723
14.68627
14.575723
14.248333
15.230501
14.469427
14.903111
14.035743
13.597807
12.836734
13.597807
14.252585
13.818902
14.252585
12.947281
13.385218
13.602058
13.385218
13.491511
14.252585
14.796817
13.818902
13.602058
13.380964
13.708355
14.690521
14.68627
14.142038
13.708355
14.469427
14.579974
13.925196
14.796817
13.602058
13.929449
14.14629
14.252585
14.579974
14.903111
14.35888
13.814649
14.35888
13.708355
13.818902
13.818902
14.035743
14.252585
14.579974
13.925196
13.491511
13.385218
13.057828
12.951532
13.712605
12.947281
13.495763
13.602058
14.579974
14.035743
14.252585
14.68627
13.602058
13.380964
13.274671
13.491511
13.168375
12.840985
12.296754
13.385218
12.840985
13.168375
14.035743
13.491511
14.252585
14.579974
14.142038
13.491511
13.925196
14.035743
14.142038
13.380964
13.48726
14.35888
14.035743
14.469427
15.013659
14.469427
14.252585
15.013659
12.730438
12.947281
13.602058
13.385218
13.818902
13.057828
14.035743
14.14629
15.124206
14.14629
14.252585
15.230501
13.814649
15.230501
15.013659
13.925196
14.903111
14.796817
14.903111
14.68627
14.465176
14.903111
14.248333
15.230501
14.575723
15.009407
14.469427
15.124206
14.35888
14.469427
14.142038
13.814649
15.013659
14.575723
14.35888
14.68627
14.469427
14.142038
14.469427
14.252585
14.903111
14.575723
14.68627
15.230501
13.925196
14.142038
14.68627
14.469427
14.142038
14.469427
14.579974
14.796817
14.469427
14.68627
14.142038
14.252585
14.035743
14.796817
14.142038
14.35888
14.903111
13.814649
15.230501
14.142038
14.796817
14.903111
13.925196
14.469427
14.363132
13.925196
14.796817
14.469427
14.575723
15.119954
14.903111
14.248333
14.792564
14.792564
15.119954
14.903111
15.230501
14.903111
14.575723
14.903111
15.553638
15.881026
16.09787
15.230501
14.792564
15.664186
15.553638
14.792564
15.336795
15.664186
15.013659
15.230501
15.119954
14.35888
15.447342
15.230501
14.68627
14.469427
14.903111
14.68627
14.68627
13.925196
13.491511
14.469427
14.469427
13.925196
14.792564
14.35888
14.796817
14.796817
14.903111
15.013659
15.230501
14.68627
14.575723
15.230501
14.68627
14.903111
14.575723
14.68627
15.447342
14.575723
14.35888
14.575723
14.796817
15.341048
14.35888
15.119954
14.903111
14.575723
15.557889
15.230501
14.792564
15.009407
14.35888
14.35888
14.469427
14.903111
15.447342
14.575723
14.35888
15.013659
14.903111
15.447342
14.792564
14.579974
14.469427
14.690521
14.14629
14.903111
14.575723
15.119954
15.664186
15.230501
15.230501
15.119954
15.991573
15.119954
15.226248
14.903111
15.013659
15.119954
14.903111
14.903111
14.575723
14.575723
15.119954
14.031491
15.447342
14.575723
14.469427
14.575723
15.119954
14.903111
15.119954
15.336795
15.013659
14.903111
15.336795
14.575723
14.68627
15.557889
14.903111
15.447342
15.774733
14.35888
14.469427
14.469427
14.35888
14.907364
14.68627
14.142038
14.363132
14.035743
14.252585
13.925196
14.68627
13.818902
14.473679
14.796817
13.818902
14.14629
13.818902
13.274671
13.818902
14.907364
13.597807
14.256837
13.602058
13.712605
13.818902
14.252585
13.491511
13.708355
15.124206
14.469427
14.469427
13.708355
14.796817
14.363132
14.363132
14.363132
14.035743
14.14629
14.579974
14.796817
14.035743
14.469427
13.818902
13.929449
14.579974
13.712605
14.363132
13.491511
13.491511
14.035743
14.14629
14.579974
13.818902
13.274671
13.929449
13.929449
14.14629
13.274671
12.951532
13.712605
13.495763
12.845238
13.385218
12.624144
13.062079
13.274671
13.712605
14.256837
13.278922
13.929449
14.14629
13.708355
14.473679
14.363132
13.168375
13.818902
14.690521
14.256837
13.929449
13.057828
13.168375
13.168375
13.278922
12.955785
12.845238
12.845238
12.517848
11.756775
11.867322
12.301006
12.517848
12.517848
12.734691
12.084165
12.628395
12.734691
11.65048
12.084165
11.867322
12.628395
12.301006
12.845238
12.407301
12.734691
11.867322
13.062079
12.628395
12.411553
12.5220995
12.5220995
11.106249
11.433638
12.301006
11.65048
11.977869
11.977869
12.5220995
11.433638
12.194712
12.305258
10.889407
10.999953
11.327342
10.566269
11.327342
10.999953
11.1105
11.327342
11.1105
11.654732
11.437889
10.889407
11.437889
11.437889
10.6725645
11.221047
11.654732
10.999953
11.548436
11.1105
11.1105
11.437889
10.783112
10.783112
11.654732
10.676816
10.783112
10.23888
11.437889
11.1105
10.783112
11.327342
11.327342
10.893659
10.566269
10.6725645
11.544185
11.1105
11.871573
10.455723
10.0220375
11.544185
10.999953
10.455723
11.654732
10.6725645
11.1105
10.783112
10.999953
10.783112
11.654732
10.566269
10.783112
11.221047
11.433638
10.783112
11.1105
10.6725645
10.893659
10.999953
11.106249
11.654732
11.327342
10.999953
10.783112
11.544185
11.871573
10.566269
11.1105
11.544185
10.893659
10.566269
11.437889
10.893659
9.477807
10.349427
10.23888
10.783112
11.871573
10.455723
10.999953
11.327342
10.783112
11.327342
11.1105
10.566269
11.871573
11.1105
11.216796
10.783112
11.327342
11.654732
11.437889
11.216796
11.221047
11.327342
10.566269
11.544185
12.198963
11.761026
11.433638
11.654732
11.654732
11.544185
11.221047
10.783112
10.783112
10.889407
10.999953
11.1105
11.1105
11.216796
10.676816
11.544185
11.1105
11.544185
11.433638
11.544185
11.433638
11.977869
10.999953
11.216796
11.216796
11.327342
11.1105
10.783112
11.544185
11.1105
11.327342
11.977869
11.654732
12.088415
11.433638
11.327342
12.194712
11.216796
11.437889
11.544185
11.977869
11.433638
11.871573
11.761026
11.327342
11.216796
10.999953
11.437889
10.566269
10.566269
10.676816
10.0220375
10.783112
10.459974
11.327342
10.783112
10.0220375
10.0220375
10.132585
10.459974
10.23888
10.676816
11.654732
10.893659
10.783112
9.915743
11.437889
10.893659
10.893659
10.132585
10.132585
10.783112
10.999953
10.23888
11.004206
10.566269
10.676816
10.459974
10.0220375
10.459974
10.566269
10.349427
10.783112
10.243132
10.893659
10.132585
10.349427
10.0220375
10.459974
10.132585
10.893659
9.698901
9.805196
10.676816
10.243132
9.915743
10.676816
10.459974
9.044123
10.243132
10.349427
10.0220375
10.566269
11.1105
10.999953
10.999953
10.455723
9.915743
10.893659
9.915743
9.698901
9.805196
10.243132
9.805196
9.809448
10.676816
9.265217
9.044123
8.937827
9.15467
9.048374
9.375764
8.8315325
9.809448
9.915743
10.459974
9.588354
9.588354
9.482059
10.02629
10.136837
10.02629
9.919995
10.243132
8.720985
10.464226
9.482059
9.486311
9.158921
8.94208
8.181006
8.181006
9.052627
9.158921
8.725238
8.94208
8.614691
8.508395
9.048374
8.287301
8.614691
8.8315325
8.287301
9.048374
8.070459
8.614691
9.265217
8.287301
8.397848
7.853617
8.94208
7.419933
8.397848
7.747322
6.981997
8.397848
8.287301
8.181006
8.614691
9.375764
9.048374
8.614691
9.158921
8.8315325
8.720985
8.720985
9.592606
9.048374
8.937827
9.265217
8.8315325
8.397848
9.375764
8.725238
8.397848
7.74307
7.419933
7.853617
7.419933
7.9641643
6.769407
6.5525646
7.313638
7.096796
7.207342
6.663111
7.5304804
7.4241843
7.096796
7.096796
7.207342
6.3357224
7.207342
6.2251754
7.207342
7.207342
6.986249
7.4241843
7.313638
6.769407
7.6410265
6.663111
6.5525646
6.4462695
6.2294273
6.8799534
6.3357224
7.096796
6.008333
6.2294273
5.902038
5.251512
5.795743
6.339974
5.3620586
5.795743
5.3620586
5.251512
5.0346694
4.7072806
5.468354
4.490439
5.578901
4.7072806
5.4726057
5.3620586
4.7072806
5.795743
6.123132
5.3620586
5.251512
6.012585
5.251512
5.689448
6.123132
5.689448
4.7115326
5.1452165
4.8178277
5.1452165
5.251512
5.689448
5.1452165
5.795743
5.578901
4.6009855
5.578901
5.3620586
5.1452165
4.8178277
5.689448
5.0346694
5.3620586
5.1452165
4.3841434
5.1452165
4.056754
5.3663106
4.928375
4.2735963
6.2336793
5.1452165
5.578901
5.3620586
5.1452165
5.3620586
4.4946904
4.3841434
4.7115326
4.7115326
5.1452165
5.2557635
4.605237
4.605237
4.0610065
4.0610065
4.2778482
4.3883953
3.7336173
4.171553
4.167301
4.0610065
3.406228
3.62307
4.2778482
4.605237
3.299933
4.9326262
3.0830908
4.0610065
3.0830908
3.299933
4.605237
4.2778482
3.844164
3.62307
3.6273217
4.0610065
4.2778482
4.2778482
3.7336173
4.0610065
5.038922
4.7115326
4.928375
4.3841434
4.0610065
4.0610065
4.605237
3.0830908
3.844164
4.3883953
4.0610065
3.844164
3.9504592
4.0610065
3.9504592
3.9504592
4.605237
3.9504592
5.1494684
4.2778482
2.972544
3.189386
4.7115326
3.7336173
3.844164
4.9326262
4.605237
4.0610065
3.7336173
4.4946904
4.605237
4.2778482
4.167301
3.7336173
4.605237
4.2778482
4.8220797
4.4946904
4.2778482
4.167301
4.8220797
4.2735963
5.3620586
4.8220797
5.2557635
5.2557635
4.3841434
4.928375
4.928375
4.4946904
4.928375
5.1452165
4.3841434
6.2336793
5.1452165
4.4946904
5.2557635
4.928375
3.8399122
4.167301
4.4946904
4.3841434
5.1452165
5.689448
5.468354
5.3620586
5.251512
4.6009855
5.1452165
5.1452165
4.3841434
5.3620586
4.6009855
5.3620586
6.339974
5.578901
4.8178277
4.8178277
5.578901
5.795743
5.3620586
5.1452165
6.2294273
5.902038
6.9905005
6.1188803
5.574649
5.902038
6.008333
5.6851964
6.663111
6.1188803
6.663111
6.4462695
5.902038
5.6851964
6.2294273
6.012585
5.468354
6.339974
6.123132
5.578901
6.7736583
5.795743
6.4462695
6.2294273
5.902038
5.6851964
5.902038
5.795743
6.3357224
6.1188803
6.7736583
7.207342
5.902038
6.663111
6.2294273
6.9905005
7.207342
7.096796
7.207342
6.1188803
6.1188803
6.7736583
6.3357224
7.4241843
7.4241843
6.2251754
6.769407
7.096796
7.313638
6.5525646
6.769407
6.2251754
6.663111
6.2251754
6.769407
6.986249
7.203091
7.096796
7.4241843
6.4420176
7.207342
7.096796
6.986249
7.6410265
6.986249
7.096796
7.9641643
7.747322
7.636775
8.2915535
7.313638
6.986249
7.6410265
7.5304804
7.5304804
7.313638
7.096796
7.096796
6.5525646
7.313638
7.747322
6.769407
7.096796
7.4241843
6.8799534
6.4420176
7.313638
8.181006
7.096796
7.419933
8.074712
6.986249
7.857869
7.203091
7.636775
7.636775
7.747322
7.636775
6.6588597
7.313638
7.313638
6.5525646
7.6410265
6.9905005
6.8799534
7.5304804
7.096796
7.096796
6.769407
6.986249
7.747322
7.096796
7.857869
6.769407
7.313638
8.185258
6.875702
6.8799534
8.074712
8.074712
6.5525646
7.5304804
6.769407
6.5525646
7.4241843
6.556816
6.4462695
6.8799534
6.5525646
6.769407
7.4241843
6.3357224
6.8799534
6.9905005
6.4462695
6.8799534
7.096796
7.207342
7.207342
6.3357224
7.5347314
7.857869
6.8799534
7.4241843
6.8799534
7.096796
6.8799534
7.096796
6.769407
7.313638
6.5525646
7.096796
7.096796
6.9905005
6.5525646
6.7736583
6.9905005
6.9905005
6.3357224
5.24726
6.012585
6.4462695
6.012585
6.2294273
5.795743
5.795743
6.012585
6.339974
6.123132
5.902038
6.4462695
6.4462695
6.8799534
6.3357224
7.4241843
5.902038
6.7736583
5.6851964
5.902038
6.4462695
6.663111
6.663111
6.8799534
6.4420176
6.663111
6.4462695
6.663111
6.9905005
7.096796
7.207342
6.769407
6.986249
7.4241843
6.3357224
7.207342
6.663111
6.663111
5.574649
5.6851964
6.7736583
6.1188803
6.012585
6.7736583
6.2294273
6.012585
5.902038
6.556816
5.902038
6.556816
6.4462695
6.339974
6.9905005
6.663111
7.7515736
6.4462695
6.1188803
6.8799534
6.8799534
6.663111
7.1010475
6.9905005
6.4462695
5.902038
6.7736583
6.4462695
5.6851964
7.1010475
5.795743
6.556816
5.0346694
6.2294273
5.0346694
6.012585
5.0346694
6.2294273
5.468354
5.6851964
7.207342
6.9905005
6.9905005
5.6851964
6.663111
7.5347314
6.8842053
6.5525646
7.7515736
5.574649
7.317889
6.4462695
6.9905005
6.2294273
6.1188803
6.9905005
6.1188803
6.9905005
6.8799534
7.207342
6.3357224
7.4241843
7.207342
7.207342
6.663111
7.7515736
7.096796
6.663111
6.2251754
6.8799534
5.791491
6.9905005
6.8799534
6.9905005
6.663111
7.207342
6.3357224
7.207342
6.5525646
6.2251754
7.207342
6.769407
7.096796
6.986249
7.4241843
6.769407
6.9905005
7.313638
7.4241843
6.5525646
8.835785
7.5304804
7.313638
6.9905005
7.4241843
6.5525646
6.1188803
7.207342
6.9905005
6.3357224
6.8799534
6.5525646
6.9905005
6.2251754
6.769407
6.8799534
6.4462695
5.902038
7.5347314
6.3357224
6.1188803
6.4462695
6.1188803
6.663111
6.1188803
6.3357224
7.1010475
6.012585
6.7736583
6.012585
5.468354
5.6851964
6.339974
6.012585
6.3357224
5.6851964
6.4462695
6.4462695
6.8842053
6.663111
6.2294273
6.663111
6.339974
5.6851964
7.1010475
5.468354
6.2294273
6.012585
6.339974
5.795743
5.251512
5.90629
5.0346694
5.578901
6.339974
5.6851964
6.339974
6.123132
6.2294273
5.578901
6.556816
5.578901
6.556816
6.4462695
6.663111
6.7736583
6.4462695
6.1188803
7.4241843
6.8799534
6.7736583
6.769407
6.008333
6.8799534
7.096796
6.8799534
7.313638
6.7736583
6.8799534
6.9905005
6.4462695
6.8799534
6.5525646
6.1188803
6.663111
6.9905005
6.012585
6.9905005
5.468354
5.3620586
6.450521
6.8842053
6.339974
6.012585
5.578901
5.795743
6.9905005
5.795743
6.556816
6.9905005
5.90629
6.123132
6.339974
5.578901
6.2294273
5.6851964
6.012585
5.795743
5.578901
5.90629
5.0346694
4.928375
4.928375
4.7115326
5.90629
6.012585
6.012585
5.90629
5.578901
6.2294273
6.4462695
6.2294273
5.357807
5.795743
6.556816
6.012585
6.3357224
6.008333
7.096796
6.9905005
6.4462695
6.8799534
6.3357224
6.4462695
6.663111
5.902038
6.7736583
6.7736583
6.663111
7.6410265
6.663111
6.769407
7.096796
6.3357224
7.207342
6.8799534
6.8799534
7.4241843
6.986249
6.3357224
6.769407
7.4241843
6.663111
6.5525646
7.317889
7.4241843
7.5347314
7.207342
7.207342
7.096796
6.8799534
7.313638
7.207342
6.5525646
7.317889
7.317889
6.1188803
7.096796
7.207342
6.769407
6.8799534
6.9905005
6.8799534
6.8799534
6.8799534
7.207342
7.096796
7.4241843
6.8799534
6.3357224
7.6410265
7.7515736
6.2251754
7.317889
7.096796
6.1188803
6.3357224
7.317889
6.7736583
7.096796
6.663111
6.7736583
6.9905005
6.2294273
6.7736583
6.2294273
5.795743
6.2294273
6.012585
6.339974
6.667363
5.902038
6.663111
6.663111
6.4462695
7.4241843
7.207342
6.663111
6.4462695
7.207342
6.8799534
7.4241843
6.5525646
7.4241843
6.4462695
7.207342
6.8799534
6.7736583
7.207342
6.8799534
6.663111
6.9905005
6.008333
6.9905005
6.3357224
7.096796
7.207342
6.663111
5.902038
6.9905005
6.663111
6.1188803
6.4462695
6.1188803
6.9905005
7.1010475
6.012585
6.7736583
6.9905005
6.012585
6.7736583
5.6851964
6.7736583
6.4462695
6.7736583
6.9905005
6.1188803
6.7736583
6.8842053
5.3620586
6.123132
6.2336793
6.667363
4.8178277
5.0346694
5.578901
5.1452165
6.012585
6.012585
5.795743
6.012585
5.902038
5.251512
5.6851964
6.3357224
6.663111
6.2294273
6.5525646
5.902038
6.4462695
6.4462695
6.012585
6.4462695
6.3357224
6.012585
6.2294273
6.012585
5.6851964
6.4462695
6.012585
5.468354
6.012585
5.578901
5.795743
6.7736583
6.9905005
6.4462695
6.1188803
6.4462695
7.207342
6.8799534
7.207342
6.2294273
6.4462695
6.9905005
6.556816
6.663111
6.9905005
6.1188803
6.556816
6.4462695
5.795743
5.795743
5.90629
5.90629
5.468354
6.7736583
6.4462695
6.9905005
7.096796
6.663111
7.207342
6.9905005
6.7736583
6.4462695
6.2294273
5.468354
6.556816
6.012585
6.8842053
5.90629
5.468354
6.663111
5.468354
6.012585
6.556816
5.1452165
5.90629
7.1010475
5.795743
5.468354
6.7736583
5.468354
4.7072806
5.578901
5.140965
5.468354
6.012585
6.556816
6.7736583
6.339974
5.468354
6.4462695
5.6851964
6.2294273
5.468354
6.012585
5.140965
6.9905005
6.1188803
6.2294273
6.9905005
6.4462695
6.1188803
7.096796
6.1188803
6.4462695
6.663111
5.6851964
6.556816
6.556816
6.4462695
6.2294273
7.207342
5.6851964
6.012585
6.556816
5.468354
6.012585
5.902038
5.468354
6.012585
5.468354
6.2294273
6.8842053
5.468354
5.902038
6.556816
5.6851964
6.339974
6.012585
6.012585
5.468354
5.578901
5.0346694
5.3620586
4.6009855
5.3620586
4.928375
5.038922
4.4946904
4.928375
4.056754
5.689448
4.8178277
4.8178277
4.4946904
5.3620586
4.7115326
4.6009855
5.689448
4.8178277
5.1452165
5.689448
5.578901
4.8178277
4.8178277
5.4726057
4.6009855
5.583153
3.7293656
4.3841434
4.7115326
4.2735963
4.6009855
5.251512
5.3620586
4.8178277
4.490439
4.928375
5.3620586
4.6009855
5.1452165
4.8178277
5.1452165
6.012585
5.689448
5.251512
4.8178277
6.2294273
5.3620586
5.468354
5.468354
6.339974
5.468354
5.902038
6.4462695
6.9905005
4.924123
6.2294273
5.6851964
6.012585
6.012585
6.012585
5.6851964
6.4462695
6.4462695
6.7736583
5.357807
6.012585
6.012585
6.2294273
5.6851964
6.556816
5.689448
5.795743
6.2294273
6.663111
6.123132
5.0346694
5.689448
4.6009855
4.8178277
4.928375
5.2557635
5.1452165
5.689448
5.3620586
5.1452165
4.928375
4.7115326
4.928375
5.1452165
5.4726057
4.3841434
5.0346694
5.90629
5.795743
5.251512
5.0346694
5.6851964
5.795743
6.012585
5.468354
5.468354
5.251512
5.251512
5.578901
5.3620586
5.251512
5.0346694
5.251512
5.578901
5.3620586
5.578901
5.0346694
5.90629
5.3620586
5.6851964
6.556816
6.9905005
6.008333
6.663111
5.6851964
6.2294273
5.357807
5.902038
6.4462695
6.663111
6.339974
6.4462695
6.3357224
5.468354
6.4462695
6.2294273
6.556816
6.012585
6.012585
6.339974
5.902038
6.7736583
6.2294273
6.4462695
4.924123
5.795743
5.468354
5.6851964
5.795743
5.795743
5.90629
5.578901
5.6851964
6.012585
5.030418
6.339974
6.123132
5.357807
5.3620586
6.2294273
4.5967336
6.7736583
5.902038
5.791491
6.4462695
6.7736583
5.902038
6.556816
5.902038
6.012585
6.556816
6.4462695
5.795743
6.2294273
5.6851964
4.8135757
5.578901
6.012585
5.578901
6.012585
5.1452165
5.251512
5.795743
5.251512
6.1188803
6.3357224
5.902038
6.4462695
5.030418
6.8799534
5.6851964
5.6851964
6.2294273
5.6851964
5.902038
6.2294273
6.2294273
5.6851964
5.6851964
5.0346694
6.012585
6.012585
6.2294273
6.012585
5.140965
6.1188803
5.8977866
6.5525646
6.986249
6.008333
5.791491
7.096796
6.1188803
6.1188803
6.663111
6.4462695
5.357807
6.7736583
5.24726
5.251512
6.2294273
4.7072806
5.578901
5.689448
4.8178277
5.3620586
5.795743
5.578901
6.339974
5.468354
4.7072806
5.468354
5.578901
5.3620586
4.928375
6.123132
4.8178277
5.0346694
6.012585
5.90629
5.3620586
5.90629
5.251512
4.490439
4.928375
6.123132
4.4861865
6.012585
5.795743
6.4462695
5.357807
5.251512
6.4462695
6.123132
5.6851964
5.357807
5.468354
5.689448
6.012585
5.6851964
5.795743
6.1188803
5.030418
5.468354
5.251512
5.578901
5.3620586
5.90629
5.3620586
5.795743
6.1188803
5.902038
6.9905005
5.902038
5.357807
6.2294273
6.2294273
5.574649
6.012585
6.2294273
6.1188803
5.574649
6.663111
6.008333
6.012585
5.902038
6.4462695
5.140965
6.8799534
5.6851964
5.464102
6.8799534
5.8977866
6.9905005
7.4241843
6.4462695
6.4462695
6.4462695
6.4462695
6.012585
7.207342
6.663111
5.791491
6.2294273
5.902038
5.578901
5.357807
5.3620586
6.012585
6.4462695
5.6851964
6.3357224
6.339974
6.114629
5.791491
5.574649
5.468354
4.924123
6.556816
6.2294273
4.8135757
5.795743
5.357807
5.902038
5.6851964
5.030418
6.012585
5.251512
4.924123
5.90629
4.6009855
5.251512
5.578901
5.6851964
5.6851964
6.2294273
5.140965
5.251512
6.012585
4.8178277
5.251512
5.578901
5.90629
6.339974
5.357807
6.4462695
6.012585
6.339974
5.0346694
5.251512
6.012585
5.468354
5.3620586
6.012585
5.140965
6.2294273
5.791491
6.2294273
5.902038
6.556816
5.468354
6.123132
6.339974
5.357807
4.924123
5.357807
5.6851964
5.795743
5.578901
4.490439
5.4726057
4.7115326
3.62307
4.4946904
4.3841434
4.7115326
4.4946904
5.3620586
5.0346694
5.0346694
6.339974
6.012585
5.902038
6.2294273
5.468354
5.6851964
6.556816
5.468354
5.6851964
5.902038
6.2294273
6.012585
6.556816
5.3620586
6.012585
4.928375
5.578901
6.339974
5.251512
5.468354
5.251512
4.924123
5.1452165
6.556816
5.3620586
5.3620586
6.012585
6.4462695
5.140965
6.663111
6.4462695
6.008333
6.4462695
6.4462695
5.251512
6.2294273
6.3357224
6.663111
6.3357224
6.4462695
5.902038
6.4462695
6.2294273
5.140965
5.468354
5.795743
5.795743
5.6851964
5.574649
5.902038
6.3357224
6.663111
6.9905005
5.791491
5.578901
6.556816
5.468354
5.791491
7.1010475
6.1188803
6.3357224
6.8799534
7.096796
6.8799534
6.769407
6.2251754
6.663111
6.2294273
5.902038
5.468354
5.795743
6.1188803
6.2294273
6.5525646
6.8799534
5.902038
6.7736583
6.7736583
5.6851964
5.468354
5.795743
6.2294273
6.9905005
6.663111
7.096796
7.313638
6.769407
6.3357224
6.8799534
6.5525646
6.5525646
6.4420176
6.5525646
6.5525646
6.769407
5.8977866
6.8799534
7.317889
6.4420176
7.5304804
7.5304804
6.2251754
7.203091
7.092544
7.5304804
7.636775
6.6588597
6.769407
7.096796
7.313638
6.5525646
7.096796
6.6588597
6.769407
7.857869
7.203091
6.769407
7.096796
6.2251754
6.8799534
6.3357224
7.313638
7.5304804
6.2251754
6.769407
7.419933
6.986249
7.419933
6.2251754
7.313638
6.2251754
6.3357224
7.207342
7.096796
6.4420176
6.769407
7.203091
7.747322
7.419933
5.8977866
6.4420176
6.3357224
6.769407
6.5525646
6.769407
6.4420176
7.4241843
7.313638
7.203091
6.769407
7.096796
6.8799534
6.3357224
7.207342
6.3357224
6.8799534
6.8799534
6.5525646
7.313638
6.3357224
6.5525646
6.4420176
7.6410265
5.464102
6.5525646
6.114629
6.8799534
6.4420176
6.6588597
7.636775
7.419933
8.614691
6.87145
7.203091
7.747322
6.2251754
6.2251754
7.203091
6.4420176
7.6410265
6.765155
6.2251754
6.8799534
6.4420176
6.986249
6.769407
6.4420176
6.875702
7.5304804
7.092544
6.5483127
6.981997
7.415681
8.397848
8.94208
7.309386
7.9599123
7.853617
7.74307
6.654608
7.0882916
7.5304804
7.309386
6.875702
6.986249
6.6588597
7.096796
6.4420176
6.769407
7.419933
6.875702
7.309386
6.986249
7.747322
7.636775
7.092544
7.853617
6.4420176
7.092544
6.875702
7.636775
6.4420176
7.5304804
7.636775
6.981997
6.3314705
7.207342
6.8799534
7.313638
7.747322
7.747322
8.2915535
6.765155
6.981997
6.765155
8.181006
7.9641643
8.181006
7.309386
6.981997
7.526228
7.9599123
7.849365
8.066207
8.287301
8.614691
8.937827
8.287301
8.287301
8.181006
7.526228
7.309386
8.070459
8.070459
8.070459
7.74307
8.8315325
7.632523
7.74307
7.74307
8.725238
8.287301
8.287301
9.048374
8.397848
8.82728
7.9599123
8.393597
7.853617
8.070459
7.1988387
7.747322
7.636775
7.419933
7.9641643
7.526228
6.981997
8.181006
8.181006
7.853617
8.070459
7.9641643
7.747322
7.853617
6.765155
7.419933
7.0882916
7.092544
8.070459
8.070459
7.74307
7.309386
6.0040812
6.6588597
5.8977866
6.2251754
7.313638
7.9641643
7.9599123
8.2915535
7.526228
7.309386
6.3314705
7.419933
6.875702
7.5304804
6.4420176
7.309386
7.309386
7.9641643
7.0882916
7.309386
7.1988387
7.203091
7.5304804
7.203091
6.769407
7.203091
6.6588597
6.5525646
7.203091
7.419933
7.092544
6.765155
7.092544
7.419933
6.765155
7.419933
8.181006
6.981997
7.9641643
8.287301
7.309386
8.2915535
8.070459
7.636775
8.397848
8.070459
7.9641643
8.070459
8.504144
7.309386
8.2915535
7.309386
6.3314705
7.203091
7.5304804
7.096796
6.6588597
6.6588597
6.769407
6.3314705
6.5483127
7.203091
7.419933
6.4420176
6.2251754
6.1188803
6.008333
6.3357224
6.4420176
6.8799534
7.096796
7.203091
6.6588597
6.6588597
7.5304804
6.5525646
6.769407
6.663111
6.008333
6.1188803
6.8799534
5.791491
5.574649
6.1188803
5.464102
5.574649
5.6851964
5.030418
5.795743
6.663111
6.3357224
6.2251754
5.791491
5.8977866
6.8799534
6.2251754
6.663111
6.008333
6.2294273
6.8799534
5.6809444
5.791491
6.663111
6.3357224
6.5525646
6.1188803
6.4462695
5.6851964
5.574649
5.251512
5.574649
5.6851964
6.1188803
6.2251754
5.574649
7.096796
6.769407
6.3357224
6.663111
6.2294273
6.012585
6.1188803
6.1188803
7.096796
6.008333
6.3357224
7.096796
5.6809444
6.1188803
6.2251754
6.1188803
5.357807
6.1188803
6.008333
6.3357224
7.4241843
6.3357224
6.5525646
5.24726
5.6851964
6.012585
6.012585
5.0346694
4.7072806
5.468354
6.012585
6.012585
6.123132
4.7072806
5.0346694
5.1452165
5.038922
3.7336173
4.0610065
4.4946904
5.4726057
5.0346694
5.0346694
5.3620586
5.0346694
5.0346694
5.3620586
4.056754
3.8399122
3.5125234
4.7115326
3.62307
3.2956812
3.9504592
3.8399122
3.9504592
4.4946904
2.861997
4.0610065
4.0610065
2.861997
3.6273217
3.078839
3.189386
4.167301
4.056754
3.7293656
4.2735963
4.490439
4.2735963
3.9504592
3.9462075
3.7293656
4.6009855
4.056754
4.2735963
4.6009855
5.0346694
4.490439
4.6009855
4.6009855
4.3841434
4.6009855
4.8178277
4.8178277
4.924123
4.490439
5.578901
5.0346694
4.6009855
5.1452165
3.8399122
4.8220797
3.8399122
4.3841434
3.9462075
3.2956812
4.3841434
5.2557635
3.62307
4.7115326
3.62307
3.5167751
4.2778482
4.490439
3.078839
4.4946904
3.62307
4.0610065
4.3841434
3.406228
3.406228
4.2778482
3.9504592
3.62307
4.0610065
3.5167751
5.038922
4.6009855
4.3841434
3.7293656
3.62307
4.4946904
4.0610065
2.972544
4.0610065
3.5167751
3.844164
4.0610065
4.0610065
4.0610065
4.167301
4.167301
4.0610065
3.189386
2.8662488
4.0610065
3.7336173
3.6273217
4.2778482
2.861997
3.299933
3.299933
2.8662488
3.844164
3.6273217
3.4104798
2.8662488
3.0830908
3.7336173
4.2778482
4.167301
4.4946904
4.2778482
4.6009855
3.62307
4.605237
3.8399122
3.5125234
5.1452165
4.3841434
4.6009855
3.7293656
4.3841434
3.9462075
3.8399122
4.2778482
5.1494684
3.299933
3.5167751
4.2778482
4.4946904
4.0610065
4.6009855
4.167301
4.928375
4.8178277
4.6009855
4.8220797
3.7336173
4.0610065
3.9504592
3.62307
4.928375
5.578901
4.3841434
5.689448
4.056754
5.038922
4.6009855
4.7115326
4.8220797
3.62307
5.1452165
5.1452165
3.4019763
4.6009855
4.8178277
5.0346694
5.0346694
6.123132
4.5967336
4.7072806
5.3620586
5.140965
5.0346694
5.468354
6.4462695
6.1188803
5.574649
6.4462695
5.357807
5.902038
6.4462695
6.4462695
6.663111
6.5525646
6.9905005
6.1188803
6.008333
5.357807
6.3357224
6.1188803
6.663111
7.4241843
7.4241843
6.8799534
6.5525646
6.986249
6.2251754
6.986249
7.4241843
5.791491
5.6851964
7.4241843
6.4462695
7.096796
6.3357224
6.2251754
6.4420176
7.096796
6.4420176
6.8799534
6.8799534
6.4462695
6.8799534
6.8799534
6.769407
6.663111
7.096796
5.8977866
6.769407
6.3357224
6.5525646
6.769407
6.8799534
6.8799534
7.747322
8.074712
7.5304804
7.419933
8.508395
7.526228
8.508395
7.203091
7.419933
6.6588597
8.074712
7.309386
7.9641643
7.092544
8.070459
7.853617
7.636775
8.397848
7.74307
7.853617
8.2915535
8.508395
8.720985
7.9599123
8.720985
9.265217
8.610438
9.15467
9.482059
8.287301
8.725238
7.747322
8.2915535
8.8315325
8.504144
8.287301
9.048374
10.02629
9.15467
9.371511
7.9599123
9.482059
9.048374
9.698901
9.698901
10.349427
9.915743
10.566269
9.588354
9.588354
9.477807
9.698901
9.15467
8.610438
8.933577
8.82728
10.349427
9.698901
8.937827
8.393597
8.287301
8.070459
9.158921
7.74307
8.070459
8.720985
8.720985
9.809448
8.393597
9.482059
9.15467
9.15467
9.915743
9.698901
8.614691
9.375764
9.265217
8.287301
8.070459
9.375764
8.8315325
7.853617
8.504144
8.181006
8.287301
7.636775
8.94208
7.849365
8.397848
8.610438
9.371511
9.477807
9.371511
9.371511
8.28305
9.809448
7.849365
8.8315325
8.393597
9.265217
9.15467
8.937827
9.048374
8.066207
8.610438
8.287301
7.74307
8.070459
8.614691
9.265217
8.937827
10.459974
8.499891
9.805196
9.911491
10.783112
9.805196
10.132585
10.0220375
9.477807
11.221047
10.566269
11.1105
10.455723
10.566269
9.260964
10.132585
9.805196
9.805196
9.371511
9.371511
9.482059
8.1725025
8.720985
9.375764
8.499891
9.265217
9.482059
8.720985
8.504144
9.048374
9.265217
9.375764
10.02629
9.044123
9.588354
9.588354
8.937827
9.265217
9.048374
8.070459
7.747322
7.853617
8.070459
8.614691
9.15467
7.9599123
8.504144
8.8315325
7.9599123
8.504144
7.9641643
7.747322
8.614691
7.636775
8.176754
8.393597
7.9599123
8.287301
7.1988387
7.636775
7.853617
7.747322
7.203091
6.875702
7.092544
7.636775
7.632523
8.614691
7.74307
8.287301
8.720985
7.849365
8.070459
8.610438
7.9599123
9.265217
9.698901
9.048374
9.482059
8.610438
8.937827
10.132585
9.048374
9.15467
9.048374
8.720985
9.809448
9.482059
9.482059
9.805196
9.371511
9.371511
9.371511
9.375764
8.504144
8.287301
8.614691
8.8315325
7.74307
8.504144
8.070459
7.526228
7.526228
8.181006
7.415681
7.419933
6.769407
6.2251754
6.5525646
7.5304804
6.986249
7.203091
7.747322
7.203091
7.203091
8.181006
7.747322
7.9641643
7.419933
7.9641643
7.853617
8.287301
8.504144
8.937827
8.614691
7.9599123
8.937827
7.9599123
8.504144
9.048374
8.176754
8.504144
8.070459
7.632523
7.636775
7.9641643
6.87145
7.74307
7.309386
7.203091
7.9641643
7.5304804
7.747322
7.9641643
8.066207
7.1988387
8.287301
7.9599123
7.636775
7.636775
7.1988387
7.419933
8.8315325
8.720985
9.371511
9.482059
9.371511
9.15467
9.15467
10.132585
8.937827
8.720985
9.265217
10.136837
8.720985
10.02629
9.15467
8.937827
8.066207
8.8315325
9.265217
7.9599123
8.614691
7.74307
7.092544
7.203091
7.853617
7.9641643
8.508395
7.636775
7.747322
7.419933
6.769407
6.8799534
6.008333
6.4420176
7.096796
6.5525646
6.663111
6.769407
6.986249
6.769407
7.207342
7.6410265
6.8799534
6.769407
7.096796
7.203091
7.526228
7.092544
7.5304804
6.5483127
7.419933
8.074712
7.747322
6.875702
7.5304804
7.747322
7.203091
7.747322
6.4377656
7.419933
6.114629
5.5703974
6.769407
6.2251754
6.3357224
6.1188803
6.114629
6.6588597
7.9641643
6.981997
6.875702
7.1988387
7.526228
7.415681
8.070459
8.614691
8.287301
8.720985
9.044123
9.588354
9.371511
9.371511
9.371511
10.02629
8.82728
8.393597
9.265217
7.9599123
8.94208
9.482059
10.132585
9.265217
9.371511
7.849365
8.287301
8.287301
8.070459
7.203091
8.181006
6.765155
6.875702
7.203091
6.114629
7.092544
6.875702
7.092544
6.4420176
6.769407
6.2251754
6.769407
7.4241843
7.747322
7.419933
7.9641643
7.419933
8.070459
7.203091
8.070459
8.287301
7.419933
7.9641643
7.526228
7.636775
8.397848
8.614691
8.397848
7.853617
6.875702
7.747322
6.4420176
7.203091
6.3314705
5.8977866
7.203091
6.4420176
6.875702
7.203091
5.7872396
6.8799534
5.8977866
6.2251754
6.008333
6.3357224
6.6588597
7.203091
6.6588597
7.853617
7.092544
7.419933
8.070459
7.632523
7.309386
8.397848
8.614691
7.9641643
7.853617
8.8315325
8.504144
9.265217
8.176754
8.614691
9.048374
9.265217
7.9599123
7.9599123
7.526228
9.375764
8.287301
9.375764
7.74307
7.1988387
7.419933
7.313638
7.313638
6.8799534
7.096796
6.4420176
6.986249
6.769407
6.8799534
6.6588597
5.6809444
6.986249
6.5525646
6.5525646
6.663111
5.6851964
6.3357224
6.5525646
6.3357224
6.5525646
6.2251754
5.574649
6.769407
5.574649
6.5525646
6.8799534
6.4420176
7.313638
6.5525646
6.769407
6.2251754
6.986249
6.008333
6.4420176
7.313638
6.4420176
6.5525646
5.6809444
5.902038
6.9905005
5.136713
6.3357224
5.6809444
5.791491
5.24726
4.4861865
6.012585
6.1188803
4.8135757
6.4462695
6.008333
6.5525646
7.203091
7.096796
6.875702
6.6588597
7.313638
7.313638
8.074712
7.5304804
6.981997
8.070459
9.375764
8.937827
9.371511
7.9599123
7.305134
8.508395
8.181006
7.853617
6.4420176
8.074712
7.419933
8.2915535
7.853617
6.986249
8.181006
7.5304804
6.5525646
6.5525646
7.096796
6.5525646
7.4241843
6.8799534
7.313638
7.747322
7.203091
8.508395
7.419933
7.636775
7.203091
7.309386
7.857869
8.074712
7.747322
7.419933
7.526228
8.614691
8.070459
8.397848
8.8315325
7.419933
8.397848
8.287301
9.048374
8.397848
7.853617
8.94208
9.048374
7.9599123
7.526228
8.181006
7.636775
7.632523
8.2915535
7.526228
6.986249
8.508395
6.981997
6.981997
7.853617
7.1988387
8.287301
8.393597
9.375764
8.8315325
8.504144
8.720985
9.809448
8.610438
9.698901
9.150418
10.566269
9.584103
10.999953
10.6725645
10.132585
10.455723
10.23888
10.562017
10.6725645
11.433638
10.562017
10.783112
10.6725645
10.889407
10.999953
10.23888
10.893659
10.349427
9.36726
10.23888
9.805196
9.150418
8.499891
9.265217
9.482059
9.265217
9.919995
9.048374
8.720985
8.393597
9.698901
9.915743
9.371511
9.371511
9.915743
10.349427
10.349427
10.0220375
10.0220375
10.23888
9.69465
10.566269
10.23888
10.6725645
10.128334
10.893659
10.893659
9.477807
10.23888
10.889407
9.584103
10.455723
10.6725645
10.893659
10.345176
10.455723
10.455723
10.128334
11.1105
9.69465
11.654732
10.455723
10.6725645
10.562017
10.23888
9.69465
10.455723
10.128334
10.0220375
10.128334
9.69465
9.477807
10.455723
10.455723
11.327342
11.323091
12.084165
10.995702
11.2125435
12.305258
12.301006
11.977869
11.433638
11.216796
11.65048
11.756775
10.995702
11.65048
10.999953
11.2125435
11.106249
10.6725645
10.23888
10.455723
10.562017
11.1105
10.455723
11.433638
10.128334
10.234629
11.216796
10.0220375
9.800944
10.23888
10.455723
10.455723
9.150418
10.566269
10.128334
11.544185
10.566269
10.562017
10.0220375
9.36726
10.455723
10.345176
10.455723
11.1105
10.128334
10.455723
10.889407
10.6725645
11.544185
11.216796
10.889407
10.6725645
10.562017
10.455723
10.566269
10.889407
10.455723
11.433638
9.911491
11.216796
10.455723
11.216796
9.911491
9.588354
9.805196
9.260964
10.349427
9.69465
9.915743
10.999953
10.128334
10.017787
11.433638
10.455723
10.6725645
10.017787
10.562017
11.433638
10.77886
11.65048
10.668313
11.433638
11.65048
10.889407
10.999953
11.216796
10.6725645
10.783112
11.544185
9.911491
11.1105
10.783112
10.999953
10.999953
10.999953
10.676816
9.805196
10.566269
9.588354
9.044123
10.0220375
8.82728
9.915743
8.610438
9.371511
8.504144
8.614691
9.048374
8.504144
8.181006
8.393597
9.482059
9.044123
10.02629
9.588354
9.371511
9.809448
9.15467
9.158921
8.720985
8.94208
8.937827
8.8315325
9.371511
8.937827
8.716734
8.287301
9.592606
8.287301
8.181006
7.9641643
7.747322
8.074712
6.986249
7.419933
7.092544
6.986249
7.5304804
6.875702
6.663111
7.4241843
6.663111
6.5525646
6.3357224
6.114629
6.8799534
5.8977866
7.313638
6.5525646
7.313638
7.313638
6.4420176
6.5525646
6.5525646
6.663111
6.8799534
6.8799534
6.5525646
7.203091
7.747322
8.074712
6.769407
7.5304804
7.313638
6.5525646
7.207342
6.769407
7.313638
7.6410265
7.5304804
7.5304804
6.6588597
6.769407
7.6410265
6.4420176
6.8799534
6.008333
5.357807
6.2294273
6.4462695
5.464102
6.2294273
6.2294273
5.791491
6.4462695
6.4462695
6.1188803
5.468354
5.578901
5.251512
5.251512
6.2294273
6.2294273
5.251512
5.468354
6.012585
5.251512
5.578901
4.2735963
5.1452165
4.928375
4.7115326
5.1452165
5.3620586
6.556816
6.123132
5.1452165
4.6009855
5.3620586
5.0346694
4.3841434
5.3620586
4.3841434
4.3841434
5.4726057
4.928375
3.9504592
3.5167751
4.605237
4.167301
3.62307
4.0610065
4.2778482
4.928375
5.038922
4.8178277
5.1452165
4.3841434
3.9462075
5.2557635
4.928375
5.3620586
5.0346694
5.1452165
5.795743
4.924123
5.795743
5.3620586
4.167301
5.0346694
4.8178277
4.8178277
5.799995
4.8220797
4.4946904
4.6009855
4.4946904
4.3841434
4.6009855
4.4946904
4.4946904
4.2778482
3.299933
3.189386
4.171553
3.844164
3.299933
4.2778482
3.844164
3.299933
4.2778482
4.605237
4.4946904
4.8220797
4.2778482
3.406228
4.171553
4.4989424
3.5167751
4.6009855
4.7115326
4.167301
4.4946904
4.7115326
5.4726057
4.6009855
4.8178277
4.928375
5.3620586
6.012585
6.2294273
5.795743
6.8842053
5.251512
5.578901
5.795743
4.6009855
4.2778482
5.1452165
5.3620586
5.0346694
5.251512
6.339974
6.012585
4.924123
6.667363
5.140965
5.578901
5.3620586
4.8178277
4.490439
5.3620586
4.1630497
6.339974
5.902038
5.6851964
5.6851964
4.5967336
5.1452165
5.578901
4.8178277
4.7115326
5.3620586
6.012585
6.9905005
5.902038
7.1010475
5.464102
6.663111
6.9905005
6.4462695
6.556816
5.902038
5.795743
6.339974
5.6851964
5.468354
5.3620586
5.3620586
4.056754
3.7336173
4.167301
3.299933
4.2778482
2.8662488
4.171553
3.62307
4.7115326
5.2557635
4.6009855
4.4946904
5.90629
5.578901
6.339974
5.0346694
5.140965
6.012585
6.2294273
6.2294273
7.6410265
6.3357224
6.8799534
6.3357224
5.574649
7.207342
5.795743
6.556816
6.556816
6.2294273
6.012585
6.1188803
5.791491
6.769407
6.663111
6.986249
6.769407
6.8799534
6.8799534
6.5525646
7.096796
7.4241843
6.008333
7.6410265
6.3357224
6.8799534
6.769407
7.096796
6.5525646
6.3357224
6.8799534
6.986249
7.5304804
6.986249
7.747322
7.419933
8.181006
8.287301
8.8315325
8.94208
8.181006
8.176754
9.158921
8.397848
8.176754
9.048374
9.265217
9.048374
8.94208
8.070459
9.158921
8.504144
7.636775
8.8315325
8.287301
8.614691
7.9599123
9.482059
8.393597
9.265217
8.393597
7.9599123
7.632523
7.853617
8.176754
8.614691
9.482059
8.504144
9.482059
8.397848
8.720985
8.8315325
8.393597
9.265217
8.614691
8.937827
9.265217
10.243132
10.02629
9.265217
9.15467
8.720985
9.482059
9.15467
9.15467
10.349427
9.588354
10.787363
9.69465
10.23888
9.69465
10.562017
9.260964
10.0220375
8.389345
9.15467
8.499891
9.482059
8.1725025
8.499891
9.260964
9.260964
10.455723
9.477807
9.69465
9.36726
10.455723
10.0220375
9.36726
10.349427
10.23888
10.128334
10.234629
10.455723
10.6725645
11.323091
11.323091
11.2125435
10.017787
10.128334
11.216796
10.999953
11.433638
11.65048
11.433638
10.562017
11.544185
9.907239
11.544185
10.77886
10.889407
10.455723
10.455723
11.433638
10.345176
10.783112
10.23888
10.455723
9.800944
9.911491
9.477807
9.800944
10.455723
9.805196
9.256713
10.455723
9.36726
10.566269
11.327342
11.216796
9.911491
9.800944
10.893659
10.783112
11.544185
10.6725645
10.45147
11.544185
10.889407
11.867322
11.65048
10.45147
10.77886
11.106249
10.885155
11.433638
10.77886
10.889407
11.761026
10.340923
11.539933
10.783112
10.017787
10.6725645
10.128334
10.77886
10.345176
9.907239
10.455723
10.889407
10.017787
10.017787
10.562017
11.106249
10.234629
10.889407
10.234629
10.999953
11.433638
11.867322
11.106249
11.756775
11.323091
11.539933
11.973618
11.318839
12.084165
11.756775
11.973618
11.2125435
12.084165
11.756775
11.973618
12.407301
12.407301
11.539933
10.340923
10.77886
11.216796
10.6725645
10.455723
10.345176
10.6725645
10.562017
11.106249
10.783112
10.128334
10.23888
10.128334
10.566269
10.017787
10.889407
10.455723
10.889407
10.017787
11.977869
11.216796
9.800944
10.234629
10.783112
10.455723
10.6725645
10.562017
10.562017
10.77886
11.106249
11.539933
11.2125435
10.345176
11.2125435
11.106249
10.234629
10.999953
10.6725645
10.345176
10.128334
10.23888
10.889407
10.45147
10.340923
11.867322
10.345176
10.234629
10.128334
10.017787
10.783112
10.455723
10.455723
10.128334
10.345176
10.77886
11.101996
11.2125435
11.101996
11.318839
11.867322
11.323091
10.345176
11.867322
11.2125435
11.646228
11.756775
12.517848
12.084165
12.517848
11.8630705
12.517848
11.969365
11.973618
11.8630705
12.734691
12.296754
12.190459
12.079912
12.084165
10.885155
11.867322
11.973618
12.084165
11.2125435
10.345176
10.45147
10.995702
10.995702
10.455723
10.668313
11.323091
10.013535
10.6725645
11.106249
10.889407
10.124082
10.562017
10.562017
10.562017
11.761026
10.562017
10.885155
11.539933
11.756775
11.101996
11.2125435
11.429386
11.867322
11.101996
11.539933
11.101996
11.323091
11.539933
11.429386
10.995702
10.77886
10.77886
11.106249
11.216796
9.800944
10.77886
11.106249
11.106249
10.562017
10.234629
10.23888
10.562017
10.995702
10.889407
10.017787
10.6725645
10.234629
11.106249
10.562017
10.783112
10.668313
11.106249
9.907239
10.995702
11.544185
10.77886
11.106249
11.2125435
11.539933
12.079912
12.517848
11.8630705
12.734691
12.951532
12.190459
11.323091
10.995702
11.429386
11.429386
12.517848
11.752523
11.756775
11.318839
11.429386
10.885155
10.889407
9.690397
10.345176
9.690397
10.783112
10.128334
9.473556
10.889407
10.6725645
10.345176
10.128334
9.805196
10.128334
10.23888
9.69465
10.6725645
10.345176
10.23888
10.128334
10.566269
11.106249
10.128334
10.6725645
10.6725645
9.69465
9.69465
8.933577
9.69465
9.69465
10.0220375
9.911491
10.6725645
10.6725645
10.23888
9.69465
10.128334
10.0220375
9.044123
9.371511
10.132585
8.389345
10.459974
9.911491
9.805196
9.260964
9.150418
9.15467
8.504144
9.044123
7.521976
8.720985
9.048374
7.415681
8.504144
8.610438
8.066207
9.809448
9.482059
8.28305
9.048374
9.698901
9.265217
9.048374
8.393597
9.15467
9.15467
9.15467
10.0220375
8.28305
8.720985
8.937827
7.849365
8.287301
8.614691
7.74307
8.070459
7.9599123
7.521976
7.74307
7.9599123
7.203091
7.5304804
7.419933
6.2251754
6.5525646
7.9684157
6.3357224
6.8799534
6.5525646
6.769407
7.092544
7.313638
7.207342
6.769407
7.096796
7.4241843
7.4241843
6.8799534
7.313638
7.207342
7.096796
6.4420176
8.074712
6.986249
7.636775
8.074712
7.313638
7.6410265
6.769407
6.769407
7.5304804
7.419933
7.5304804
6.986249
6.4420176
6.3357224
7.096796
6.2294273
6.663111
6.3357224
6.1188803
5.574649
5.468354
6.2294273
5.357807
6.3357224
5.902038
6.1188803
6.663111
6.2294273
6.5525646
6.986249
6.5525646
6.986249
6.769407
7.857869
7.419933
8.181006
7.313638
6.8799534
6.769407
6.769407
6.986249
7.5304804
7.747322
7.313638
6.4420176
7.203091
6.5525646
6.5525646
6.4420176
6.769407
8.074712
7.747322
6.986249
6.6588597
6.986249
7.5304804
7.5304804
6.5525646
6.3357224
6.7736583
6.008333
6.8799534
6.8799534
6.3357224
6.3357224
6.008333
6.2251754
6.9905005
6.4420176
6.986249
7.313638
6.5525646
6.5525646
7.6410265
7.4241843
8.074712
7.636775
8.618942
8.070459
8.614691
8.397848
9.269468
8.397848
7.419933
7.203091
7.747322
8.508395
7.9599123
9.158921
8.504144
8.287301
9.592606
9.15467
8.504144
9.048374
8.287301
8.720985
8.8315325
8.504144
8.287301
9.482059
9.809448
8.393597
9.482059
9.15467
8.176754
9.592606
10.02629
8.287301
9.482059
9.15467
9.809448
9.371511
9.588354
9.915743
10.459974
10.783112
10.132585
10.349427
10.783112
10.893659
10.0220375
9.698901
10.455723
10.893659
10.999953
10.999953
10.455723
10.566269
10.23888
8.937827
9.588354
9.588354
9.809448
9.915743
9.482059
10.353679
9.588354
8.937827
9.698901
9.265217
8.393597
8.504144
8.287301
8.504144
9.592606
8.937827
8.610438
8.937827
10.132585
9.698901
10.570521
8.8315325
8.287301
7.9599123
8.8315325
9.048374
8.504144
9.482059
8.720985
9.592606
10.459974
9.265217
10.243132
9.915743
8.287301
9.048374
8.070459
9.265217
8.287301
8.720985
8.720985
9.592606
8.937827
8.937827
9.048374
8.937827
8.504144
7.526228
8.504144
9.698901
9.592606
9.482059
9.915743
9.588354
10.243132
8.504144
10.02629
9.371511
9.698901
9.15467
10.243132
10.459974
9.805196
9.698901
9.698901
10.02629
9.371511
10.349427
9.371511
9.809448
8.610438
8.937827
9.809448
10.132585
10.02629
10.132585
9.915743
8.8315325
9.371511
9.265217
10.132585
9.15467
9.371511
8.504144
8.937827
8.937827
8.937827
9.698901
7.853617
8.94208
7.636775
9.158921
8.614691
8.287301
7.636775
8.614691
8.287301
9.048374
9.265217
9.915743
10.349427
9.698901
9.15467
9.809448
9.482059
11.004206
9.15467
10.132585
10.349427
10.0220375
9.588354
9.809448
9.592606
9.048374
8.8315325
8.614691
8.397848
8.614691
8.614691
8.397848
9.158921
9.048374
8.720985
9.375764
8.937827
9.592606
8.176754
8.8315325
9.048374
8.8315325
9.265217
10.02629
9.809448
10.243132
9.15467
10.02629
9.482059
9.371511
8.8315325
9.482059
9.048374
9.698901
9.265217
10.132585
9.915743
10.783112
11.327342
10.566269
9.915743
10.23888
9.588354
10.676816
10.566269
10.455723
11.1105
11.1105
11.216796
10.783112
10.999953
10.566269
10.128334
10.132585
10.132585
10.02629
9.371511
9.809448
9.915743
9.482059
9.915743
10.02629
8.937827
9.698901
8.937827
9.482059
8.8315325
8.610438
8.720985
10.459974
10.349427
11.004206
10.349427
10.243132
10.570521
9.919995
10.0220375
8.937827
8.720985
9.265217
9.809448
9.048374
8.504144
9.375764
9.482059
9.375764
8.720985
8.614691
9.482059
9.048374
8.937827
8.393597
10.02629
9.482059
9.805196
9.371511
9.805196
9.698901
8.937827
8.937827
9.265217
10.570521
8.937827
8.937827
9.592606
9.15467
10.02629
9.915743
10.243132
9.805196
10.459974
9.371511
9.698901
10.132585
10.0220375
10.349427
10.132585
10.893659
9.915743
10.455723
10.783112
10.349427
9.588354
10.0220375
10.132585
9.915743
9.809448
9.588354
9.805196
10.459974
10.349427
9.698901
9.044123
9.371511
8.937827
9.371511
9.371511
10.132585
9.048374
10.243132
9.698901
10.132585
10.349427
9.588354
9.482059
10.353679
9.809448
9.805196
9.698901
9.805196
9.915743
10.349427
10.0220375
10.999953
10.6725645
10.0220375
10.349427
10.676816
10.349427
10.459974
10.0220375
10.349427
10.893659
10.349427
10.349427
10.999953
10.349427
11.437889
10.0220375
10.0220375
9.911491
10.243132
9.915743
9.809448
10.243132
10.349427
9.698901
10.23888
10.132585
9.69465
10.566269
9.588354
10.23888
10.0220375
10.566269
10.566269
10.783112
10.893659
10.566269
10.455723
9.911491
10.128334
10.0220375
10.349427
10.783112
9.911491
10.999953
10.455723
11.327342
10.23888
11.216796
10.0220375
11.327342
10.999953
10.999953
10.783112
10.783112
10.889407
10.23888
10.889407
11.216796
11.1105
10.455723
10.566269
10.566269
10.0220375
9.048374
9.044123
9.15467
9.048374
9.482059
9.915743
10.349427
8.937827
10.459974
9.371511
9.698901
9.260964
11.004206
9.915743
10.23888
9.698901
10.132585
10.459974
9.805196
10.893659
10.676816
9.915743
11.004206
9.048374
9.482059
9.265217
9.15467
9.15467
9.805196
10.02629
9.915743
11.327342
9.588354
10.787363
8.393597
9.048374
8.720985
8.937827
10.02629
9.482059
10.353679
8.287301
9.048374
8.937827
9.044123
9.048374
9.698901
8.504144
9.048374
9.048374
9.592606
9.15467
8.937827
9.048374
8.8315325
9.15467
10.02629
9.915743
9.044123
10.132585
9.915743
9.15467
9.915743
9.371511
10.0220375
9.371511
10.459974
9.915743
9.265217
8.504144
9.048374
8.94208
8.181006
8.8315325
8.8315325
9.048374
9.375764
9.048374
9.158921
8.614691
8.8315325
8.725238
7.419933
8.397848
7.309386
9.375764
8.614691
8.287301
8.725238
8.8315325
8.287301
7.74307
7.9641643
8.397848
8.508395
8.070459
7.419933
7.636775
8.2915535
8.397848
8.397848
9.158921
9.703153
8.070459
8.2915535
8.181006
7.203091
8.725238
8.070459
8.720985
8.181006
8.287301
8.725238
8.508395
7.857869
8.725238
7.419933
7.5304804
7.747322
7.207342
6.6588597
8.074712
8.181006
7.5304804
7.9641643
7.636775
7.747322
8.2915535
7.857869
7.203091
7.203091
6.986249
8.074712
7.9641643
7.9641643
8.397848
9.486311
7.9641643
9.048374
8.181006
7.9641643
7.6410265
6.986249
8.074712
8.508395
7.419933
7.203091
8.508395
8.508395
8.94208
8.181006
7.419933
8.508395
8.074712
7.313638
7.096796
7.313638
8.4021
7.5304804
8.074712
6.769407
7.747322
6.986249
7.4241843
6.769407
6.663111
5.791491
6.7736583
6.012585
7.207342
6.8799534
6.4462695
6.5525646
6.5525646
7.4241843
6.769407
7.6410265
7.096796
8.074712
7.4241843
7.313638
7.096796
7.313638
7.4241843
7.747322
6.5525646
6.663111
6.9905005
6.8799534
6.8799534
6.5525646
6.2294273
6.9905005
6.7736583
6.9905005
6.5525646
7.207342
7.096796
6.769407
6.663111
6.5525646
6.663111
5.902038
6.5525646
6.1188803
6.2294273
5.251512
6.663111
6.4462695
6.663111
6.3357224
6.3357224
6.2294273
5.468354
6.4462695
5.6851964
5.357807
6.9905005
5.902038
6.2294273
5.795743
6.7736583
6.2294273
6.7736583
5.795743
6.4462695
6.8842053
7.317889
6.4462695
7.317889
6.5525646
6.663111
6.5525646
6.8799534
5.902038
5.468354
5.578901
4.924123
5.689448
4.6009855
5.038922
5.689448
4.7115326
5.3620586
4.928375
5.2557635
4.8220797
3.406228
4.3883953
3.844164
4.0610065
3.9504592
5.038922
4.167301
5.4726057
4.7115326
5.799995
4.928375
4.7115326
3.9504592
4.0610065
4.171553
4.2778482
4.171553
4.0610065
4.9326262
4.0610065
4.8220797
4.4946904
4.9326262
3.299933
4.171553
2.8662488
3.299933
3.1936376
3.844164
4.3883953
4.171553
3.844164
3.4104798
3.1936376
3.6273217
3.848416
3.954711
3.848416
3.4104798
3.4104798
3.4104798
2.9767957
3.5210268
3.0830908
3.4104798
3.954711
3.0830908
3.1936376
3.954711
4.3883953
4.0610065
2.972544
4.4989424
3.1936376
3.954711
4.4989424
3.954711
4.065258
3.5210268
4.065258
2.7599535
3.1978896
2.8705006
3.3041847
2.7599535
2.7599535
2.7599535
3.3041847
3.631574
2.7599535
2.2157223
2.7642052
1.6757431
2.6536584
1.1315118
2.6536584
1.6757431
2.1094272
2.4368165
2.5473633
1.565196
1.8925852
1.1315118
1.2420589
1.2420589
1.0252168
1.5694479
1.0252168
2.7642052
1.4589009
1.8925852
1.6757431
1.6757431
2.1094272
2.65791
2.2199743
2.003132
2.2199743
1.6757431
2.2199743
1.6757431
1.7862899
2.5473633
2.4368165
2.6536584
2.7642052
1.348354
2.5473633
0.69782764
2.003132
1.0252168
2.003132
1.5694479
2.330521
1.348354
1.5694479
2.5431116
1.8925852
2.4368165
2.4368165
2.4368165
3.414732
2.2157223
3.5210268
3.414732
2.2157223
2.6494067
2.3262694
2.4325645
1.8925852
2.9810476
1.348354
2.003132
3.0873425
2.9767957
3.848416
3.954711
3.848416
3.1936376
4.605237
4.2778482
4.7115326
4.928375
5.0346694
5.689448
5.3620586
5.689448
5.90629
5.795743
6.667363
6.012585
6.339974
6.450521
5.0346694
6.016837
5.3663106
5.799995
4.928375
5.0346694
4.8220797
4.928375
5.578901
6.667363
6.7736583
6.556816
6.123132
6.556816
5.6851964
5.791491
6.7736583
6.663111
6.9905005
7.207342
6.9905005
7.207342
7.317889
7.6410265
7.6410265
6.7736583
7.1010475
6.9905005
6.9905005
7.207342
6.3357224
7.207342
6.3357224
6.663111
7.4241843
6.5525646
7.096796
7.9684157
7.096796
7.207342
6.5525646
7.4241843
7.4241843
7.747322
7.857869
7.5304804
7.203091
7.9641643
7.096796
7.096796
6.5525646
7.5304804
7.096796
6.986249
7.313638
8.4021
7.5304804
8.2915535
8.2915535
7.853617
8.181006
7.419933
7.853617
8.397848
7.9641643
9.158921
9.486311
8.8315325
9.048374
8.397848
9.698901
9.158921
8.181006
7.5304804
7.636775
8.397848
8.070459
8.8315325
9.486311
8.8315325
8.614691
9.482059
9.048374
8.8315325
8.614691
9.703153
8.94208
8.937827
9.809448
9.048374
9.482059
9.486311
9.265217
8.504144
7.849365
9.158921
9.052627
7.419933
7.526228
8.181006
8.181006
9.158921
8.725238
9.048374
8.8315325
8.287301
9.375764
8.504144
9.048374
8.070459
9.048374
8.070459
8.614691
8.94208
8.287301
8.181006
8.287301
8.720985
8.614691
9.265217
8.397848
7.419933
8.508395
8.614691
8.94208
8.181006
8.287301
8.614691
7.419933
8.725238
8.508395
7.853617
8.508395
7.853617
8.725238
8.2915535
7.853617
9.158921
7.9641643
8.397848
7.857869
8.287301
8.508395
8.508395
7.747322
6.986249
8.074712
7.419933
8.2915535
7.9641643
7.853617
8.074712
7.6410265
8.074712
7.5304804
8.508395
8.4021
8.618942
7.313638
7.6410265
7.747322
8.074712
8.4021
7.5304804
6.8799534
6.5525646
7.207342
7.4241843
7.207342
6.4462695
6.1188803
6.8799534
6.4462695
6.9905005
7.096796
6.8799534
7.7515736
7.207342
6.9905005
7.207342
7.207342
6.663111
6.8799534
6.9905005
7.4241843
7.313638
7.096796
7.857869
6.986249
7.4241843
7.096796
6.8799534
6.8799534
6.556816
7.207342
7.4241843
6.8799534
7.5347314
6.769407
7.9684157
7.4241843
7.747322
7.6410265
7.207342
6.9905005
7.4241843
7.207342
6.5525646
7.207342
7.5304804
6.663111
6.3357224
6.8799534
7.096796
7.6452785
6.663111
6.123132
6.339974
6.4462695
6.7736583
6.2294273
6.2294273
6.7736583
7.317889
6.9905005
7.207342
6.5525646
6.9905005
7.5347314
6.339974
6.7736583
6.9905005
6.7736583
7.4241843
7.5347314
6.9905005
7.207342
6.3357224
7.4241843
7.096796
6.4462695
6.2294273
6.556816
7.5347314
6.8799534
6.663111
7.096796
6.8799534
7.207342
7.4241843
7.6410265
6.5525646
7.4241843
6.556816
6.2294273
6.1188803
6.4462695
6.2294273
6.4462695
6.5525646
6.8799534
7.096796
7.313638
7.096796
7.317889
6.7736583
7.1010475
6.556816
6.7736583
6.2294273
6.1188803
6.012585
6.9905005
6.8799534
7.096796
7.207342
6.769407
7.096796
6.9905005
6.4462695
6.9905005
6.769407
6.4462695
7.096796
7.1010475
7.4241843
6.663111
6.9905005
6.4462695
6.663111
6.2294273
6.9905005
6.2294273
7.4241843
5.902038
6.663111
6.1188803
7.096796
6.8799534
7.5347314
8.2915535
7.6410265
7.096796
6.986249
8.074712
6.769407
8.074712
8.074712
8.2915535
6.769407
8.2915535
7.853617
7.6410265
6.2251754
7.5347314
7.096796
7.4241843
7.096796
6.8799534
7.4241843
7.096796
6.769407
7.6410265
8.074712
7.313638
7.096796
7.6410265
7.313638
6.769407
7.096796
7.207342
7.207342
6.5525646
7.313638
7.096796
6.8799534
6.008333
6.7736583
6.663111
6.5525646
6.3357224
7.317889
7.096796
6.5525646
6.8799534
7.5347314
7.6410265
7.313638
7.6410265
6.5525646
7.4241843
6.769407
7.203091
7.747322
7.636775
7.203091
7.6410265
8.181006
8.2915535
8.508395
7.636775
7.5304804
7.096796
7.313638
7.313638
7.636775
7.6410265
8.508395
7.9641643
8.508395
8.074712
7.747322
7.747322
7.5304804
6.769407
6.3357224
7.5304804
7.313638
6.769407
7.6410265
7.857869
8.074712
6.875702
7.419933
7.096796
6.8799534
7.4241843
7.096796
7.313638
7.5304804
7.203091
7.419933
8.2915535
7.5304804
6.875702
8.835785
7.313638
8.4021
7.857869
7.203091
7.747322
8.508395
7.5304804
7.747322
7.9641643
8.074712
7.747322
7.747322
7.313638
6.986249
6.6588597
6.986249
6.5525646
7.6410265
7.6410265
7.313638
6.5525646
7.313638
7.313638
7.4241843
7.313638
7.313638
7.5347314
6.663111
6.008333
7.5347314
6.663111
6.3357224
7.6410265
7.096796
7.313638
7.6410265
7.857869
7.096796
6.663111
5.6851964
5.791491
7.207342
7.4241843
7.5347314
5.902038
6.7736583
6.663111
7.207342
6.8799534
7.7515736
6.339974
6.4462695
6.008333
7.207342
6.008333
6.663111
6.4462695
7.207342
6.5525646
7.4241843
6.5525646
7.4241843
6.556816
6.1188803
5.902038
6.8799534
6.9905005
6.8799534
7.096796
6.769407
7.313638
7.4241843
6.769407
7.5304804
7.313638
6.8799534
6.663111
7.4241843
7.5304804
7.5304804
7.6410265
7.5304804
7.747322
6.2251754
7.857869
7.313638
7.096796
6.5525646
7.6410265
7.096796
6.5525646
7.4241843
7.6410265
7.096796
6.986249
7.857869
7.5304804
8.074712
8.2915535
6.5525646
6.8799534
6.5525646
7.4241843
6.5525646
7.6410265
7.6410265
7.857869
6.986249
7.313638
7.096796
7.207342
6.4462695
6.4462695
7.207342
7.313638
7.313638
8.2915535
7.203091
8.725238
8.508395
7.636775
8.508395
8.725238
7.9641643
7.5304804
6.986249
7.9684157
7.313638
8.2915535
7.096796
7.313638
7.313638
6.8799534
6.8799534
7.4241843
6.3357224
6.9905005
6.5525646
6.3357224
7.313638
6.8799534
7.6410265
7.5304804
6.875702
6.875702
7.4241843
6.5525646
7.6410265
7.207342
6.8799534
6.4420176
7.5304804
7.313638
7.857869
6.986249
7.857869
7.313638
6.875702
7.857869
6.769407
6.3357224
7.313638
7.5304804
6.769407
8.185258
8.074712
7.203091
7.5304804
8.508395
8.181006
7.853617
8.725238
8.508395
7.747322
7.9641643
7.203091
8.94208
9.486311
8.397848
8.397848
9.375764
8.070459
8.94208
8.287301
7.313638
7.096796
7.4241843
6.5525646
6.8799534
7.096796
6.4462695
7.4241843
7.096796
7.096796
7.096796
7.6410265
7.4241843
7.9684157
7.096796
6.769407
7.857869
6.986249
7.857869
8.074712
6.986249
7.207342
7.6410265
7.6410265
7.096796
7.4241843
6.5525646
6.5525646
6.5525646
7.313638
7.7515736
7.096796
7.5304804
7.096796
7.9641643
8.074712
7.747322
7.9641643
7.5304804
8.2915535
7.9641643
7.309386
8.614691
8.181006
7.9641643
8.181006
7.419933
7.5304804
8.181006
7.7515736
7.313638
6.663111
7.6410265
7.5304804
7.747322
7.9641643
7.203091
7.5304804
8.074712
7.747322
7.313638
7.203091
8.074712
7.313638
7.636775
8.2915535
8.946331
8.94208
7.419933
8.185258
8.2915535
8.074712
8.2915535
8.074712
7.9684157
7.313638
7.313638
7.747322
7.313638
8.4021
7.9641643
7.5304804
6.5525646
7.857869
6.8799534
7.207342
7.313638
7.096796
7.747322
7.857869
7.6410265
8.618942
7.313638
7.5304804
7.9641643
6.986249
7.4241843
7.7515736
6.9905005
7.4241843
7.5304804
6.986249
7.419933
7.857869
7.313638
7.5304804
6.5525646
6.5525646
7.7515736
7.207342
7.857869
6.3357224
6.663111
7.9641643
7.6410265
8.618942
7.857869
7.9684157
7.313638
7.857869
7.7515736
6.8799534
6.663111
7.207342
6.663111
7.207342
7.207342
7.7515736
6.663111
7.9684157
7.313638
6.663111
7.7515736
7.857869
7.4241843
7.6410265
6.769407
7.096796
6.769407
8.074712
7.313638
7.207342
7.4241843
7.9684157
7.4241843
7.207342
7.4241843
7.4241843
7.207342
6.8799534
7.096796
6.5525646
7.7515736
7.7515736
6.5525646
8.074712
6.986249
6.8799534
7.6410265
7.6410265
7.096796
7.7515736
7.096796
7.4241843
7.4241843
7.4241843
6.663111
7.6452785
7.207342
6.8799534
6.7736583
7.4241843
7.1010475
6.7736583
6.2294273
6.556816
6.2294273
6.339974
6.012585
6.123132
5.0346694
6.123132
6.339974
5.795743
7.317889
6.339974
6.012585
6.2294273
6.4462695
7.1010475
6.667363
6.9947524
5.578901
6.012585
6.556816
5.90629
5.578901
5.1452165
5.578901
4.924123
6.339974
5.795743
6.012585
6.556816
6.123132
5.90629
6.339974
5.795743
5.689448
5.578901
5.799995
5.795743
6.667363
7.1010475
6.012585
6.7736583
5.251512
6.450521
5.795743
6.339974
6.2336793
4.928375
5.251512
5.1452165
5.578901
6.7736583
6.667363
6.339974
5.0346694
6.556816
5.468354
6.339974
6.9905005
5.795743
6.556816
5.468354
7.207342
6.4462695
6.7736583
6.339974
6.123132
6.012585
6.450521
5.795743
6.556816
5.90629
5.90629
5.1452165
6.667363
6.556816
6.7736583
6.3357224
6.663111
6.2294273
6.123132
6.556816
6.2294273
6.4462695
6.1188803
5.578901
6.012585
5.468354
7.1010475
6.4462695
6.339974
5.90629
6.123132
5.1452165
5.2557635
5.795743
6.123132
4.928375
5.1452165
4.7072806
6.556816
6.4462695
6.012585
6.663111
5.578901
5.578901
5.3620586
6.339974
6.8842053
5.795743
6.339974
5.90629
6.012585
6.8799534
6.8799534
6.9905005
6.663111
6.339974
6.556816
6.663111
7.207342
6.2294273
6.8842053
6.012585
6.2294273
6.3357224
7.1010475
6.663111
7.207342
7.8621206
6.4462695
7.207342
7.5347314
6.3357224
6.5525646
6.663111
6.8799534
7.5304804
7.4241843
7.857869
8.074712
7.096796
7.5304804
7.6410265
7.5304804
8.618942
8.2915535
6.8799534
7.096796
7.313638
7.096796
7.207342
7.313638
7.6410265
7.857869
8.2915535
9.052627
8.725238
8.397848
8.614691
8.181006
8.181006
8.614691
9.158921
9.052627
8.8315325
7.203091
8.074712
7.636775
7.853617
8.2915535
7.857869
7.313638
7.207342
7.747322
8.181006
8.181006
8.2915535
8.2915535
8.508395
8.2915535
9.269468
8.8315325
8.725238
8.8315325
8.508395
8.614691
8.393597
9.809448
10.136837
8.725238
9.048374
8.94208
8.8315325
9.048374
8.8315325
7.9641643
7.6410265
7.5304804
7.9641643
8.287301
9.269468
9.486311
8.181006
8.181006
9.158921
8.94208
9.809448
9.809448
8.8315325
8.8315325
9.158921
9.048374
9.698901
9.482059
9.809448
9.265217
9.919995
9.265217
8.937827
9.915743
9.919995
9.265217
8.504144
9.592606
10.243132
9.698901
10.570521
10.132585
8.8315325
9.592606
8.8315325
10.459974
10.243132
9.698901
10.0220375
10.349427
11.1105
10.893659
11.433638
11.327342
10.566269
10.566269
10.893659
10.23888
11.544185
10.999953
10.783112
10.349427
10.783112
10.783112
11.544185
11.221047
10.455723
10.243132
10.676816
10.566269
10.132585
10.455723
10.676816
10.893659
10.566269
10.783112
11.1105
11.216796
10.455723
10.999953
10.999953
10.349427
10.783112
10.783112
11.221047
10.6725645
9.805196
10.893659
10.566269
10.566269
11.1105
10.783112
10.349427
10.23888
10.0220375
11.327342
11.544185
10.893659
11.327342
10.562017
10.999953
10.999953
10.783112
10.455723
11.327342
10.783112
10.455723
10.999953
11.433638
10.566269
10.6725645
10.23888
10.23888
10.566269
10.783112
10.783112
10.783112
10.676816
10.676816
11.216796
10.566269
10.783112
11.1105
10.999953
10.455723
11.1105
11.539933
11.327342
10.999953
10.999953
10.455723
10.455723
11.9821205
11.761026
10.999953
11.437889
11.327342
10.999953
11.1105
11.216796
11.433638
11.65048
11.65048
11.977869
11.106249
11.977869
12.305258
11.216796
10.999953
11.106249
11.65048
12.411553
11.216796
12.084165
10.6725645
11.216796
11.106249
11.433638
11.977869
10.566269
11.216796
11.433638
12.194712
11.539933
11.323091
11.433638
11.323091
10.999953
10.999953
11.1105
11.761026
11.654732
11.216796
11.216796
11.327342
11.323091
11.761026
11.106249
11.216796
11.106249
10.783112
11.544185
10.6725645
10.999953
11.216796
11.544185
10.6725645
10.566269
10.6725645
10.999953
10.345176
11.437889
10.999953
10.999953
10.783112
10.455723
11.544185
10.889407
10.566269
10.017787
11.216796
11.544185
10.889407
10.999953
10.783112
10.783112
10.999953
10.349427
10.345176
10.783112
11.1105
10.455723
10.566269
10.6725645
10.783112
10.6725645
10.783112
10.566269
10.566269
10.455723
10.128334
11.761026
10.783112
10.455723
10.562017
10.566269
10.783112
11.1105
10.455723
10.893659
10.676816
10.570521
9.371511
10.349427
10.0220375
9.915743
10.02629
9.698901
9.371511
8.937827
9.809448
10.02629
9.375764
9.048374
10.02629
10.349427
9.698901
10.459974
9.588354
9.588354
10.243132
10.132585
9.15467
9.482059
10.353679
10.459974
9.588354
10.132585
9.048374
9.915743
8.393597
9.592606
9.698901
9.809448
9.048374
8.287301
9.592606
9.482059
9.482059
10.243132
10.0220375
9.371511
9.371511
9.915743
9.805196
10.23888
10.676816
9.477807
10.23888
10.676816
9.477807
10.349427
10.132585
10.0220375
9.805196
9.15467
9.15467
9.15467
9.698901
9.371511
8.8315325
9.592606
8.610438
10.02629
9.477807
10.349427
11.1105
10.349427
9.805196
9.915743
9.371511
10.676816
10.0220375
9.805196
10.0220375
9.588354
10.349427
10.02629
10.455723
10.459974
10.02629
9.048374
8.8315325
9.044123
9.15467
9.260964
9.698901
8.720985
9.048374
9.375764
8.937827
10.132585
9.698901
10.243132
8.937827
9.048374
9.482059
9.482059
9.265217
8.393597
9.375764
8.287301
9.265217
8.614691
9.158921
7.636775
7.5304804
6.986249
7.9641643
7.9641643
7.419933
7.096796
7.203091
7.203091
7.207342
7.9641643
8.181006
7.636775
7.747322
7.096796
6.769407
8.4021
7.419933
7.9641643
7.636775
7.313638
7.203091
7.5304804
7.309386
7.5304804
7.203091
6.3357224
6.4420176
6.769407
6.875702
6.769407
6.3357224
6.5525646
7.096796
6.3357224
6.769407
7.419933
7.5304804
8.4021
6.114629
7.853617
7.203091
8.070459
7.636775
7.747322
7.309386
7.1988387
6.769407
8.397848
8.397848
7.74307
8.508395
7.419933
7.857869
7.853617
7.747322
7.313638
7.096796
6.3357224
7.096796
6.8799534
6.4420176
8.074712
7.419933
7.5304804
7.313638
7.853617
7.309386
8.94208
8.074712
7.747322
6.769407
7.207342
6.5525646
8.074712
7.6410265
6.663111
6.3357224
7.6410265
7.096796
7.207342
6.8799534
7.096796
6.663111
5.251512
6.663111
6.9905005
6.8799534
6.2251754
7.4241843
6.5525646
7.7515736
6.3357224
7.857869
6.663111
7.207342
6.3357224
6.2294273
6.8799534
5.8977866
7.207342
6.339974
5.795743
5.578901
6.339974
5.468354
5.6851964
5.578901
6.012585
5.578901
5.6851964
6.7736583
6.556816
6.663111
5.140965
5.251512
5.578901
5.795743
6.556816
6.7736583
6.339974
5.902038
5.0346694
6.2294273
6.663111
6.1188803
6.3357224
5.251512
5.3620586
6.123132
5.251512
7.1010475
6.2294273
5.251512
6.339974
4.8178277
5.90629
6.556816
5.902038
6.8799534
6.2294273
5.468354
6.339974
5.574649
6.663111
7.4241843
6.663111
5.6851964
6.2294273
6.8799534
6.5525646
7.4241843
6.8799534
7.207342
6.1188803
6.4462695
6.769407
6.2251754
6.663111
5.791491
6.8842053
5.90629
5.795743
5.468354
6.012585
6.556816
5.6851964
5.140965
6.7736583
6.1188803
6.339974
6.9905005
6.012585
5.795743
4.924123
6.123132
5.468354
5.468354
5.0346694
4.928375
4.4946904
5.1452165
4.490439
5.799995
5.578901
5.3663106
4.6009855
4.167301
4.6009855
4.928375
4.8178277
4.8178277
5.1452165
5.689448
5.578901
5.251512
5.795743
5.3620586
5.578901
5.0346694
5.3620586
5.795743
5.0346694
4.7072806
5.251512
4.8178277
5.0346694
6.012585
6.012585
6.339974
5.468354
5.795743
5.140965
6.012585
6.9905005
6.4462695
7.207342
6.9905005
6.663111
6.1188803
5.791491
7.6410265
7.4241843
6.3357224
6.2294273
6.556816
5.795743
6.556816
6.4462695
6.2251754
6.556816
5.3620586
5.468354
5.795743
6.4462695
6.4462695
6.339974
6.339974
6.2294273
6.5525646
6.8799534
7.207342
6.663111
6.3357224
5.791491
6.1188803
6.663111
6.8799534
6.8799534
6.2294273
5.6851964
6.8799534
6.3357224
6.769407
6.5525646
6.663111
5.574649
6.663111
6.3357224
6.4462695
6.663111
7.4241843
6.663111
6.4462695
6.1188803
7.207342
7.7515736
6.5525646
7.4241843
7.096796
6.4420176
7.6410265
7.096796
7.6410265
6.5525646
7.096796
6.5525646
6.5525646
7.096796
7.096796
7.096796
6.4462695
5.902038
7.096796
6.8799534
7.313638
7.747322
6.986249
6.986249
7.419933
8.074712
8.181006
7.747322
7.203091
7.313638
7.419933
7.092544
8.397848
7.9641643
7.853617
8.287301
8.397848
8.508395
7.853617
8.397848
8.937827
7.857869
8.287301
8.8315325
9.15467
9.482059
9.375764
9.048374
8.720985
9.375764
9.265217
9.044123
10.349427
10.787363
9.698901
9.588354
10.349427
10.77886
10.349427
10.132585
9.915743
9.915743
9.588354
9.15467
10.566269
10.566269
9.915743
9.371511
9.15467
9.371511
10.349427
10.459974
10.459974
8.937827
9.265217
9.375764
9.265217
10.132585
10.02629
10.02629
9.592606
10.136837
10.349427
10.459974
10.787363
9.698901
9.809448
9.809448
8.82728
9.698901
9.915743
9.809448
9.809448
7.9599123
9.375764
9.371511
9.482059
9.375764
8.504144
8.614691
8.725238
8.070459
9.482059
10.459974
9.371511
9.698901
8.82728
9.588354
10.0220375
11.544185
11.1105
10.23888
9.805196
10.566269
10.566269
10.999953
10.999953
10.6725645
10.783112
9.260964
10.132585
10.455723
10.23888
9.588354
10.132585
8.610438
9.15467
9.809448
9.915743
10.349427
10.893659
10.566269
9.800944
11.1105
11.216796
10.783112
11.323091
10.455723
10.999953
10.783112
10.6725645
11.544185
10.0220375
10.783112
11.544185
10.349427
10.132585
10.128334
10.455723
10.566269
10.0220375
10.132585
10.349427
10.676816
10.783112
10.6725645
11.327342
10.23888
10.889407
9.805196
10.23888
10.6725645
10.999953
9.805196
10.676816
9.477807
10.0220375
10.783112
10.349427
10.349427
10.132585
9.588354
8.937827
9.371511
9.260964
9.482059
9.482059
9.592606
9.915743
9.15467
9.482059
9.698901
8.82728
8.614691
8.614691
7.9599123
8.937827
10.243132
10.132585
8.610438
9.698901
8.720985
9.048374
10.02629
9.260964
9.371511
8.393597
8.287301
8.614691
9.15467
8.8315325
9.265217
9.15467
8.176754
8.176754
7.632523
9.375764
9.698901
10.02629
8.393597
8.176754
8.937827
7.955661
10.132585
10.02629
9.482059
9.265217
8.499891
9.044123
9.260964
10.0220375
9.805196
9.044123
8.937827
8.610438
9.698901
10.566269
10.132585
10.243132
8.937827
7.9599123
8.725238
9.915743
9.698901
10.349427
9.915743
8.82728
8.720985
9.588354
10.349427
10.349427
10.459974
8.937827
9.15467
8.937827
9.698901
10.02629
9.482059
7.74307
8.287301
7.526228
8.504144
9.158921
9.048374
7.419933
7.747322
7.092544
7.419933
7.632523
8.614691
8.181006
8.070459
8.614691
7.092544
8.94208
8.8315325
8.397848
8.070459
7.203091
7.309386
7.636775
7.853617
7.9641643
6.981997
7.203091
7.313638
6.6588597
6.875702
7.313638
7.203091
5.8977866
7.096796
6.986249
6.2251754
8.508395
8.397848
7.419933
7.092544
6.114629
6.981997
8.074712
6.765155
7.313638
6.6588597
6.2251754
6.3357224
6.986249
6.986249
7.853617
6.3314705
5.8977866
6.769407
6.986249
6.875702
7.857869
7.419933
6.5525646
6.986249
7.313638
6.986249
8.397848
7.853617
8.2915535
7.747322
8.181006
6.981997
8.725238
8.397848
7.747322
7.092544
6.6588597
7.419933
7.419933
8.287301
7.9599123
8.8315325
7.636775
6.9777446
7.092544
8.504144
7.526228
8.94208
7.1988387
6.875702
7.092544
7.853617
9.265217
7.521976
8.725238
8.070459
8.070459
7.853617
8.070459
7.9641643
7.9641643
7.203091
7.203091
7.5304804
7.203091
6.986249
7.6410265
6.769407
6.663111
6.008333
6.769407
6.114629
6.6588597
6.2251754
7.5304804
5.8977866
6.4420176
6.4420176
7.419933
7.203091
6.5483127
6.663111
7.096796
6.4420176
7.5304804
7.203091
6.986249
7.313638
6.5525646
7.096796
5.7872396
6.875702
7.747322
7.419933
6.6588597
7.6410265
7.415681
7.419933
8.508395
6.6588597
6.769407
7.203091
7.747322
8.070459
8.181006
8.287301
7.1988387
8.070459
8.070459
8.393597
8.070459
9.265217
7.1988387
8.508395
6.6588597
7.203091
7.526228
7.853617
8.070459
6.765155
7.203091
7.309386
7.415681
8.8315325
7.9599123
8.070459
8.176754
8.720985
8.393597
7.849365
9.265217
8.610438
8.28305
9.15467
9.698901
9.592606
9.260964
9.265217
8.614691
8.176754
8.181006
7.305134
7.74307
8.176754
9.265217
7.309386
7.526228
8.176754
8.287301
9.375764
8.176754
7.1988387
7.309386
8.181006
8.070459
7.415681
8.937827
8.393597
8.720985
8.8315325
8.937827
7.849365
9.048374
8.610438
8.176754
7.853617
7.415681
8.181006
7.632523
8.720985
8.504144
7.415681
7.853617
6.4377656
7.747322
6.981997
7.096796
6.5525646
6.986249
7.203091
7.526228
7.853617
7.74307
7.415681
7.526228
7.1988387
7.1988387
7.74307
7.74307
7.853617
7.74307
6.981997
6.3314705
7.309386
8.287301
8.614691
8.070459
7.636775
6.981997
6.875702
6.875702
6.544061
7.526228
7.526228
7.203091
6.654608
6.6588597
6.875702
7.309386
8.504144
7.74307
7.309386
8.176754
7.305134
8.610438
8.28305
8.504144
8.937827
7.738818
8.393597
9.15467
9.371511
8.937827
9.044123
7.853617
7.9599123
8.504144
8.393597
7.74307
9.158921
7.632523
6.981997
7.415681
6.765155
8.720985
8.393597
7.092544
6.875702
6.769407
7.092544
6.981997
7.526228
8.070459
7.526228
7.747322
7.415681
6.6588597
7.747322
6.5483127
6.2251754
6.875702
6.769407
6.114629
6.4420176
6.875702
6.4420176
5.353555
5.8977866
6.986249
5.136713
7.313638
6.986249
6.2251754
7.9641643
6.114629
5.7872396
6.986249
7.636775
7.419933
6.4377656
6.875702
6.0040812
5.6766925
6.875702
8.070459
7.1988387
7.415681
6.760903
6.327219
6.5483127
6.6588597
6.3314705
6.875702
6.875702
5.5703974
5.5703974
6.0040812
6.4377656
7.203091
8.725238
7.9599123
7.526228
6.2209234
6.981997
8.397848
7.849365
8.614691
6.654608
7.419933
7.74307
7.1988387
7.526228
7.632523
7.632523
7.1988387
6.2209234
7.309386
6.981997
6.3314705
7.092544
7.747322
5.6766925
6.0040812
6.4377656
8.614691
7.521976
8.287301
7.415681
6.87145
7.849365
8.176754
7.9599123
8.397848
7.632523
6.2209234
7.636775
7.738818
7.415681
8.937827
7.74307
7.0882916
7.092544
8.176754
7.1988387
8.504144
8.1725025
7.9641643
7.74307
7.1988387
7.415681
7.849365
9.048374
7.74307
7.632523
6.654608
7.309386
7.415681
8.504144
7.9599123
7.419933
7.74307
7.419933
7.526228
6.654608
7.9599123
7.738818
7.74307
7.1988387
8.397848
7.305134
7.632523
7.9599123
6.981997
7.415681
6.654608
7.305134
7.632523
8.066207
8.066207
8.287301
7.632523
6.327219
8.504144
8.389345
7.9599123
8.610438
7.632523
7.853617
7.1945877
8.610438
9.260964
8.937827
7.6282716
7.74307
8.937827
9.044123
8.504144
7.9599123
8.176754
7.853617
7.74307
6.765155
7.526228
8.393597
7.74307
8.8315325
7.526228
7.415681
6.981997
8.720985
8.610438
8.176754
8.499891
7.9599123
8.393597
6.760903
8.614691
7.9599123
7.9599123
7.1988387
6.5483127
7.526228
7.526228
7.415681
6.114629
6.5483127
6.2251754
7.313638
6.114629
7.096796
6.2251754
6.2251754
6.3314705
6.4420176
7.313638
5.6766925
6.769407
6.5483127
7.203091
6.0040812
6.4420176
6.3314705
6.4420176
6.986249
6.986249
6.8799534
6.4420176
6.008333
6.6588597
5.5703974
6.4420176
6.769407
5.6809444
6.769407
6.5525646
6.3314705
7.203091
7.309386
7.203091
7.747322
7.092544
6.5483127
7.636775
6.2209234
7.853617
6.875702
6.6588597
6.2209234
6.981997
7.203091
6.5483127
6.654608
6.0040812
6.875702
6.8799534
6.114629
5.7872396
5.8977866
6.8799534
6.4420176
6.3357224
5.8977866
6.6588597
6.769407
6.765155
6.769407
5.353555
7.096796
6.4420176
5.243008
5.6809444
6.3357224
5.8977866
6.769407
6.008333
6.3314705
5.8977866
7.203091
6.4420176
5.026166
6.769407
6.4420176
6.4420176
5.136713
6.114629
5.357807
5.24726
4.269345
6.5525646
5.243008
5.030418
6.2251754
4.8135757
5.030418
4.8093243
6.3314705
6.3357224
5.5703974
5.8977866
5.8977866
5.7872396
6.769407
6.769407
5.8977866
6.2251754
5.8977866
5.902038
7.096796
5.574649
5.795743
5.140965
3.6188183
4.1630497
3.6188183
5.357807
4.924123
4.7072806
5.251512
5.140965
4.7072806
5.468354
5.357807
6.3357224
4.8135757
5.030418
5.791491
6.1188803
4.9198713
5.030418
5.574649
5.464102
4.8135757
5.902038
5.357807
5.136713
5.030418
6.008333
5.140965
5.574649
4.7072806
3.6188183
5.030418
3.8356605
6.012585
4.5967336
5.357807
4.0482507
6.2294273
5.8977866
5.357807
6.2251754
6.663111
5.464102
6.5525646
5.464102
6.008333
6.5525646
5.464102
5.6809444
6.4420176
6.1188803
5.353555
6.5525646
6.8799534
4.9198713
5.464102
5.030418
4.37564
6.3357224
4.7030287
4.7030287
6.2251754
5.6809444
6.2251754
5.353555
6.3357224
6.5525646
6.3314705
6.2251754
5.6809444
5.7872396
7.313638
5.5703974
6.4420176
5.6766925
6.114629
5.7872396
6.4420176
6.114629
6.114629
6.4420176
5.8977866
6.3357224
6.114629
5.8977866
6.769407
6.5483127
6.4420176
6.114629
6.4420176
6.4420176
5.4598503
6.4420176
6.5483127
6.769407
6.2209234
6.769407
6.3314705
6.114629
6.5483127
7.203091
6.981997
5.6766925
6.986249
5.4598503
6.986249
5.5703974
6.8799534
6.986249
5.5703974
6.2251754
6.114629
6.2209234
6.654608
6.6588597
6.981997
6.4377656
6.875702
6.765155
7.636775
7.9599123
8.287301
6.981997
6.875702
6.4377656
6.981997
6.4377656
7.309386
6.981997
6.2209234
5.5703974
5.7872396
6.3314705
7.636775
6.3314705
7.203091
5.8977866
5.7872396
6.110377
6.986249
7.1988387
6.760903
9.158921
8.066207
7.305134
7.521976
8.176754
8.937827
7.955661
7.849365
7.305134
6.9777446
7.4114294
7.955661
8.610438
7.849365
7.521976
7.415681
7.305134
7.74307
9.482059
7.738818
8.82728
7.849365
7.738818
7.305134
9.044123
9.911491
8.933577
8.1725025
9.477807
8.1725025
8.610438
9.477807
9.044123
9.044123
9.265217
8.066207
7.9599123
9.260964
8.610438
9.915743
8.061955
7.955661
7.4114294
8.176754
8.393597
8.066207
7.849365
7.521976
7.74307
7.9599123
7.738818
7.738818
8.606187
9.477807
9.150418
8.499891
9.265217
8.606187
9.69465
9.69465
9.584103
10.0220375
10.0220375
8.278798
9.911491
9.039871
9.36726
9.911491
8.601935
10.128334
9.146166
9.911491
9.800944
10.455723
9.907239
9.260964
8.929324
9.69465
9.584103
8.712482
9.796692
10.6725645
10.562017
9.690397
10.234629
10.013535
10.995702
11.646228
11.2125435
10.013535
9.907239
10.345176
10.562017
10.017787
10.77886
11.106249
11.323091
10.562017
9.57985
10.77886
10.889407
10.45147
10.345176
9.690397
9.035619
10.128334
10.557766
11.106249
11.429386
10.562017
10.45147
10.45147
10.45147
10.664061
10.77886
10.668313
10.77886
10.77886
9.800944
11.106249
10.885155
10.234629
10.340923
11.2125435
10.562017
9.690397
9.907239
9.3630085
9.690397
10.999953
10.345176
9.57985
11.539933
10.774608
10.995702
11.429386
11.323091
10.340923
10.668313
11.106249
11.101996
10.017787
10.234629
10.234629
10.562017
10.234629
10.23888
10.77886
10.999953
10.45147
9.690397
10.562017
9.907239
10.562017
10.557766
10.45147
10.774608
10.230376
10.234629
10.447219
10.668313
11.208292
11.318839
12.190459
10.774608
11.318839
10.991449
10.774608
10.447219
10.557766
10.991449
11.101996
9.9029875
10.991449
11.531429
10.991449
11.425134
12.186207
11.208292
12.403049
11.097745
12.186207
12.509345
11.531429
12.186207
11.969365
11.748272
12.619891
12.398798
12.292503
12.619891
12.513597
11.752523
11.748272
12.730438
12.292503
11.748272
13.164123
12.398798
11.965114
11.854567
12.403049
12.505093
12.071408
13.380964
11.965114
11.641976
13.164123
11.969365
10.880902
10.664061
12.513597
10.774608
11.101996
11.425134
10.336672
11.8630705
11.101996
10.880902
10.668313
11.429386
11.208292
9.9029875
10.340923
10.6725645
9.690397
9.3630085
10.017787
9.146166
9.911491
9.146166
9.690397
9.3630085
8.818777
9.911491
9.3630085
9.146166
9.36726
9.584103
9.3630085
9.584103
9.146166
9.256713
10.23888
9.57985
9.584103
9.690397
8.274546
8.385093
8.601935
8.601935
9.800944
8.168251
9.584103
9.150418
8.389345
7.7345667
9.911491
9.473556
9.256713
9.69465
8.278798
8.49564
9.256713
9.477807
9.150418
7.8451138
8.499891
8.606187
8.389345
8.49564
9.36726
9.690397
10.128334
8.929324
8.278798
10.345176
9.146166
9.584103
10.017787
9.584103
10.017787
9.035619
10.345176
9.800944
9.690397
9.796692
10.783112
10.017787
9.584103
10.45147
9.800944
10.562017
9.690397
10.017787
9.907239
11.2125435
10.77886
10.340923
11.429386
10.668313
9.686145
10.885155
9.57985
10.124082
11.106249
11.539933
10.124082
10.340923
10.557766
11.106249
10.668313
11.101996
12.407301
11.318839
10.45147
10.6725645
10.455723
9.146166
10.017787
9.039871
9.800944
8.8230295
9.146166
8.606187
10.349427
8.606187
9.039871
8.1725025
8.389345
9.805196
10.017787
10.234629
10.455723
9.800944
9.800944
9.57985
10.128334
9.473556
9.57985
9.146166
9.690397
10.017787
9.69465
9.473556
9.690397
10.234629
8.716734
8.929324
8.933577
9.146166
8.933577
9.69465
9.800944
10.017787
9.800944
10.017787
9.690397
9.57985
9.690397
9.907239
9.3630085
10.234629
9.3630085
9.911491
10.45147
10.6725645
9.796692
9.800944
9.796692
10.017787
10.013535
10.77886
11.106249
9.907239
10.6725645
9.252461
10.45147
10.885155
10.340923
11.429386
10.991449
11.323091
9.796692
10.77886
10.557766
10.774608
11.429386
10.664061
9.907239
10.45147
9.907239
10.885155
10.234629
10.885155
10.447219
10.995702
9.035619
9.256713
10.340923
10.45147
9.473556
9.800944
9.035619
9.3630085
10.124082
10.234629
9.907239
10.995702
10.45147
9.690397
9.690397
10.668313
9.3630085
10.234629
10.45147
10.889407
9.907239
9.3630085
8.491387
8.818777
9.473556
9.69465
10.562017
9.473556
9.473556
8.712482
10.128334
9.473556
8.818777
9.907239
9.796692
9.252461
10.124082
10.774608
10.340923
10.557766
10.230376
10.668313
10.880902
10.885155
10.774608
11.425134
11.973618
10.5535145
9.907239
10.447219
9.796692
10.234629
9.469303
9.690397
10.230376
10.45147
10.124082
10.234629
10.562017
10.885155
9.3630085
10.77886
10.45147
10.668313
10.557766
10.230376
10.774608
11.8630705
11.646228
10.995702
10.991449
10.447219
10.119829
10.557766
10.230376
10.447219
10.77886
10.119829
10.124082
10.447219
11.101996
11.101996
10.774608
10.45147
10.447219
10.668313
10.77886
10.774608
9.57985
10.340923
10.119829
10.447219
11.646228
11.969365
11.314588
11.429386
10.991449
11.752523
11.646228
9.9029875
10.340923
11.539933
10.557766
10.234629
10.234629
10.230376
8.925072
10.447219
10.45147
11.101996
10.885155
10.6725645
10.557766
9.256713
10.234629
9.690397
9.039871
9.690397
10.562017
10.017787
10.017787
10.889407
9.469303
9.3630085
9.796692
9.146166
10.013535
9.9029875
11.539933
10.336672
10.340923
10.668313
9.469303
10.340923
9.792441
11.101996
11.646228
9.24821
10.340923
9.469303
8.925072
9.907239
10.668313
10.230376
9.3630085
10.124082
9.035619
10.557766
9.469303
9.469303
9.575599
11.646228
11.097745
10.991449
11.646228
11.425134
10.5535145
11.531429
10.770356
11.858818
11.097745
12.079912
10.226125
11.101996
11.752523
11.973618
10.774608
10.885155
10.230376
10.885155
9.796692
10.340923
10.124082
10.668313
10.668313
9.796692
11.208292
11.535681
12.296754
10.664061
12.079912
10.447219
10.991449
10.987199
10.880902
12.403049
12.075661
11.318839
10.991449
11.535681
10.995702
10.991449
12.301006
10.447219
10.013535
10.234629
10.885155
9.796692
10.234629
10.447219
9.146166
10.77886
10.340923
10.128334
10.885155
11.539933
10.557766
10.234629
10.124082
10.562017
11.106249
10.774608
10.017787
10.557766
9.796692
10.889407
9.57985
9.256713
9.800944
9.800944
11.433638
10.45147
9.690397
10.017787
9.911491
10.995702
10.234629
9.800944
8.818777
9.690397
9.3630085
9.690397
10.340923
10.124082
10.017787
10.995702
10.345176
10.889407
10.124082
10.124082
11.65048
11.106249
10.562017
10.562017
9.796692
9.800944
10.340923
11.433638
11.2125435
10.774608
10.345176
10.668313
10.234629
10.6725645
11.2125435
10.013535
10.234629
10.562017
10.995702
10.45147
10.6725645
10.668313
10.557766
10.124082
10.562017
10.77886
10.340923
11.2125435
11.318839
10.230376
11.756775
11.208292
10.991449
11.646228
11.8630705
10.774608
11.318839
11.973618
11.429386
10.774608
12.084165
11.8630705
11.646228
10.557766
10.668313
10.447219
10.995702
10.124082
10.557766
10.124082
10.77886
11.323091
11.101996
10.77886
11.8630705
10.668313
10.880902
10.230376
11.101996
10.885155
10.668313
10.562017
10.562017
10.885155
11.106249
10.013535
11.106249
10.562017
10.345176
9.473556
10.234629
10.234629
10.557766
10.017787
9.907239
10.340923
10.234629
10.557766
10.995702
11.106249
11.2125435
9.800944
10.77886
9.796692
10.885155
10.230376
10.013535
9.252461
8.70823
10.885155
10.124082
10.885155
10.340923
10.234629
9.796692
9.473556
10.017787
10.013535
9.907239
10.340923
10.017787
11.106249
10.557766
10.45147
11.318839
9.800944
10.562017
9.3630085
10.128334
9.57985
10.6725645
10.77886
9.907239
10.017787
9.800944
10.017787
10.017787
9.690397
11.216796
9.584103
10.562017
9.800944
9.584103
10.128334
9.473556
10.128334
10.128334
10.6725645
10.345176
10.017787
10.017787
10.124082
10.017787
10.562017
10.562017
9.907239
9.57985
10.668313
9.686145
10.995702
10.885155
9.907239
9.690397
9.690397
9.256713
9.035619
10.999953
10.017787
9.57985
9.3630085
9.800944
10.128334
10.017787
10.566269
10.6725645
9.473556
10.455723
9.800944
9.800944
9.473556
10.995702
11.323091
10.124082
10.995702
10.128334
10.562017
9.146166
10.45147
10.340923
10.345176
9.800944
10.345176
9.907239
10.017787
10.6725645
11.106249
10.455723
10.668313
10.345176
9.584103
9.690397
9.800944
10.45147
10.562017
10.557766
10.234629
9.57985
11.323091
10.995702
11.535681
10.234629
11.2125435
11.429386
10.340923
10.885155
11.208292
11.756775
10.774608
10.77886
11.323091
10.013535
10.45147
10.124082
10.885155
11.208292
12.084165
11.646228
9.690397
10.885155
11.756775
11.973618
12.186207
11.535681
11.318839
11.318839
11.318839
12.407301
11.969365
12.075661
10.880902
11.973618
12.079912
12.186207
12.186207
13.057828
12.513597
11.314588
11.425134
12.079912
11.314588
12.186207
11.969365
12.840985
11.641976
10.880902
11.8630705
10.991449
11.535681
12.513597
12.186207
11.101996
10.230376
10.885155
11.318839
11.969365
11.8630705
11.097745
11.535681
12.079912
11.425134
11.752523
11.097745
11.969365
11.425134
11.969365
11.752523
11.535681
11.641976
12.624144
11.748272
11.101996
11.314588
11.208292
11.425134
10.880902
10.880902
12.079912
11.535681
10.5535145
11.318839
10.885155
11.535681
11.318839
11.097745
11.425134
12.186207
11.310335
12.186207
12.509345
12.61564
12.177704
13.920944
12.61564
12.071408
11.531429
11.854567
11.420882
13.270417
11.531429
11.425134
12.079912
11.641976
9.9029875
11.208292
11.641976
11.969365
11.097745
10.987199
9.9029875
10.885155
11.208292
11.531429
11.969365
12.513597
11.637725
12.403049
11.314588
11.641976
12.075661
13.053576
12.181956
12.619891
12.403049
11.318839
11.425134
11.425134
11.314588
10.770356
11.535681
12.836734
10.770356
10.987199
11.752523
11.858818
11.314588
11.208292
11.858818
11.314588
11.752523
12.296754
11.969365
11.858818
11.969365
11.314588
11.425134
11.752523
11.208292
11.752523
11.858818
12.079912
11.318839
11.318839
10.013535
12.190459
10.880902
11.969365
11.425134
11.535681
10.447219
10.668313
10.340923
10.124082
10.230376
10.77886
9.907239
9.3630085
8.818777
10.128334
9.907239
9.911491
8.818777
10.345176
9.146166
8.818777
9.473556
9.252461
9.473556
10.124082
10.017787
10.013535
9.686145
10.668313
10.119829
9.690397
10.557766
9.3630085
9.035619
10.234629
9.584103
9.907239
9.035619
8.601935
9.473556
9.146166
9.57985
10.017787
10.234629
9.690397
9.473556
9.141914
9.256713
10.6725645
10.45147
9.690397
9.9029875
11.539933
10.5535145
9.796692
10.557766
10.885155
10.77886
10.668313
10.77886
10.774608
10.774608
10.017787
10.45147
10.017787
9.907239
10.124082
9.907239
10.234629
8.491387
10.345176
9.146166
10.234629
10.234629
10.885155
10.340923
10.668313
10.340923
11.097745
10.336672
11.641976
11.646228
10.885155
9.690397
11.101996
10.885155
11.2125435
10.991449
9.907239
10.013535
11.2125435
9.469303
10.013535
9.800944
10.774608
9.907239
10.017787
9.035619
9.57985
10.013535
10.668313
10.557766
11.101996
10.557766
11.2125435
10.45147
10.013535
9.57985
11.101996
11.429386
10.340923
10.774608
9.907239
10.340923
11.429386
10.45147
10.230376
10.234629
9.9029875
10.013535
10.340923
11.535681
10.447219
10.664061
10.991449
10.340923
11.425134
11.318839
12.296754
11.646228
11.973618
11.208292
11.101996
11.535681
10.664061
12.075661
11.314588
11.969365
12.296754
11.535681
11.425134
12.296754
12.730438
12.292503
12.836734
13.704102
13.920944
12.505093
13.376713
13.376713
13.270417
11.097745
10.234629
10.23888
9.256713
9.36726
9.256713
9.256713
9.690397
9.690397
11.429386
12.947281
12.832482
13.704102
13.48726
13.810397
13.814649
13.810397
12.726187
12.181956
12.186207
11.318839
11.097745
11.535681
12.624144
11.969365
11.646228
12.403049
11.535681
12.296754
11.314588
11.756775
10.774608
9.473556
10.664061
11.318839
12.190459
12.734691
11.318839
10.880902
11.429386
11.752523
12.840985
11.097745
12.403049
11.318839
10.885155
10.557766
10.889407
11.101996
10.557766
11.208292
10.017787
9.256713
10.234629
9.473556
10.6725645
9.800944
9.039871
10.128334
10.234629
10.6725645
9.469303
10.77886
11.2125435
9.57985
10.45147
8.163999
10.128334
10.234629
10.017787
11.101996
9.57985
10.889407
9.035619
9.907239
10.124082
9.57985
10.557766
10.774608
9.3630085
10.557766
10.124082
9.796692
10.124082
10.885155
11.101996
10.668313
10.340923
9.473556
9.796692
10.013535
10.013535
10.77886
10.128334
9.57985
10.230376
10.557766
11.318839
10.557766
10.774608
10.77886
10.124082
9.469303
9.690397
10.6725645
10.45147
9.473556
10.562017
9.256713
10.345176
9.690397
10.23888
9.907239
9.473556
9.907239
9.256713
9.907239
9.907239
10.23888
10.017787
9.584103
10.455723
9.690397
10.345176
10.45147
10.128334
10.017787
9.57985
10.455723
10.234629
9.3630085
9.146166
9.584103
9.256713
10.345176
10.345176
10.345176
10.23888
8.606187
9.477807
8.061955
9.584103
9.36726
9.588354
8.933577
8.716734
8.8230295
8.933577
9.260964
8.610438
8.066207
9.477807
8.716734
8.49564
9.260964
9.69465
9.69465
8.82728
8.712482
9.256713
9.911491
9.473556
9.260964
8.1725025
9.044123
8.606187
9.371511
8.504144
7.3008823
5.6724405
7.747322
5.3450513
6.544061
8.1725025
8.278798
9.800944
8.385093
9.256713
9.690397
9.584103
9.473556
9.477807
9.150418
8.1725025
8.066207
8.168251
7.951409
9.584103
9.150418
9.800944
10.345176
10.013535
10.340923
11.101996
10.013535
10.999953
10.128334
9.800944
10.017787
8.716734
9.260964
8.8230295
8.933577
9.256713
10.566269
9.3630085
10.345176
10.340923
11.539933
11.646228
12.513597
12.301006
10.664061
11.756775
10.668313
11.101996
9.690397
11.535681
11.318839
10.447219
11.429386
11.318839
11.2125435
12.079912
11.429386
11.752523
10.234629
10.017787
10.234629
10.991449
13.385218
10.991449
11.756775
10.45147
11.2125435
10.340923
10.345176
10.124082
10.234629
10.345176
10.234629
10.455723
10.017787
9.584103
10.234629
11.539933
11.539933
10.995702
11.2125435
12.301006
12.296754
11.101996
11.318839
10.77886
9.57985
10.234629
10.345176
10.6725645
9.800944
9.473556
11.216796
10.017787
10.124082
9.690397
10.128334
10.885155
10.234629
10.345176
9.690397
9.473556
10.562017
11.327342
10.562017
10.017787
10.340923
10.77886
11.101996
10.880902
11.208292
11.756775
11.535681
11.106249
11.318839
11.756775
12.190459
11.646228
10.885155
11.646228
10.447219
11.2125435
11.208292
10.885155
11.429386
11.101996
10.991449
11.535681
12.084165
11.641976
11.323091
11.106249
10.447219
11.2125435
12.190459
10.447219
12.513597
12.079912
11.969365
11.752523
11.425134
12.840985
12.296754
12.079912
11.752523
11.097745
12.407301
11.8630705
11.318839
11.858818
10.774608
12.186207
11.318839
11.314588
12.619891
12.079912
11.208292
10.664061
11.425134
12.624144
12.624144
12.296754
11.208292
10.880902
11.8630705
12.186207
11.8630705
12.840985
12.186207
11.973618
10.774608
10.774608
11.646228
11.969365
11.752523
12.301006
11.969365
11.535681
11.097745
11.969365
11.969365
12.619891
11.752523
12.186207
10.987199
11.752523
12.403049
10.45147
11.323091
11.535681
11.539933
11.973618
11.106249
11.8630705
10.664061
10.885155
12.296754
10.991449
10.774608
11.535681
10.5535145
10.991449
10.774608
10.664061
10.774608
11.646228
11.646228
11.535681
11.429386
11.425134
12.296754
12.403049
12.079912
11.318839
11.8630705
10.119829
10.995702
10.991449
10.991449
11.973618
12.079912
11.535681
12.296754
11.752523
12.730438
11.097745
13.385218
11.531429
11.858818
12.186207
12.517848
12.292503
12.513597
12.079912
13.057828
12.186207
13.274671
10.991449
11.425134
12.186207
11.752523
12.296754
11.858818
13.274671
12.513597
11.535681
13.602058
12.836734
13.814649
12.947281
13.814649
13.053576
13.380964
12.726187
13.491511
12.730438
12.726187
13.708355
12.292503
13.602058
12.403049
13.164123
12.186207
11.641976
11.641976
11.318839
11.8630705
10.991449
12.513597
11.641976
11.752523
11.752523
11.204041
12.947281
13.053576
11.965114
12.075661
11.8630705
12.186207
11.858818
11.858818
12.296754
12.513597
12.296754
12.403049
11.646228
11.425134
10.880902
12.079912
12.296754
10.991449
11.318839
10.668313
11.323091
10.230376
9.686145
11.208292
11.969365
11.858818
11.965114
11.208292
12.730438
11.8630705
12.079912
11.969365
11.969365
13.274671
11.752523
12.951532
12.403049
11.208292
12.840985
11.748272
12.624144
11.314588
11.101996
10.664061
10.340923
11.756775
10.664061
11.429386
11.8630705
11.539933
10.664061
11.646228
10.995702
10.991449
11.429386
11.318839
11.969365
12.190459
11.535681
11.646228
11.646228
10.991449
10.77886
11.318839
10.234629
10.995702
11.429386
10.885155
11.429386
11.429386
10.664061
11.101996
11.208292
11.535681
11.429386
11.101996
11.101996
10.557766
10.885155
10.774608
11.429386
10.991449
10.885155
10.664061
10.991449
11.429386
11.101996
10.557766
11.646228
11.2125435
10.774608
10.774608
10.557766
11.208292
11.752523
11.101996
11.429386
11.101996
11.318839
11.535681
11.965114
12.840985
10.659809
11.641976
11.969365
11.2125435
11.752523
10.991449
10.885155
10.013535
10.889407
11.429386
10.557766
10.889407
11.101996
10.77886
11.429386
10.124082
9.686145
9.469303
11.106249
10.124082
10.124082
11.106249
10.234629
10.77886
11.65048
10.885155
10.340923
11.535681
11.318839
11.318839
10.557766
11.433638
10.017787
9.035619
10.017787
10.234629
10.128334
10.017787
9.57985
9.3630085
10.128334
9.69465
10.889407
10.128334
10.562017
8.929324
8.929324
10.562017
9.584103
10.345176
10.889407
9.584103
10.562017
10.23888
10.562017
10.234629
10.6725645
10.447219
10.995702
10.562017
9.690397
9.3630085
10.017787
10.128334
9.907239
10.234629
10.23888
9.690397
9.584103
10.128334
9.473556
10.128334
8.929324
9.690397
9.800944
8.929324
8.49564
10.345176
8.929324
10.0220375
9.36726
8.929324
10.566269
9.69465
9.3630085
9.800944
9.690397
10.017787
11.323091
10.77886
11.101996
10.45147
10.017787
9.3630085
10.345176
10.23888
9.911491
11.1105
9.256713
8.933577
10.455723
10.128334
10.23888
10.566269
9.800944
9.584103
9.584103
9.36726
10.23888
9.36726
9.911491
9.584103
9.473556
10.455723
9.256713
10.889407
9.796692
10.340923
10.995702
10.562017
10.77886
9.690397
9.690397
10.6725645
9.907239
11.2125435
11.2125435
10.017787
10.017787
10.889407
11.101996
10.340923
10.345176
10.77886
9.800944
10.345176
10.017787
10.77886
9.907239
9.800944
10.234629
10.340923
11.318839
11.429386
10.991449
11.2125435
11.752523
10.774608
12.517848
11.969365
10.880902
12.186207
10.774608
10.234629
11.2125435
10.885155
11.2125435
10.557766
10.557766
10.340923
10.557766
12.403049
11.208292
10.880902
11.318839
11.646228
11.641976
11.646228
12.190459
11.318839
11.535681
11.858818
11.969365
11.752523
12.075661
10.770356
12.624144
11.858818
11.858818
13.057828
11.531429
12.403049
12.619891
10.991449
10.5535145
11.429386
11.097745
12.079912
11.420882
11.641976
11.748272
11.531429
12.726187
12.509345
11.310335
12.292503
11.637725
11.314588
12.730438
11.748272
11.535681
11.097745
11.858818
11.314588
12.509345
13.708355
12.619891
12.398798
11.965114
13.380964
12.943029
12.836734
13.266166
12.181956
12.181956
12.832482
12.730438
12.505093
13.270417
12.721935
14.142038
13.376713
12.619891
12.943029
12.509345
12.943029
12.398798
12.509345
13.270417
13.164123
12.61564
12.943029
13.810397
14.465176
13.372462
14.89886
13.155619
13.483009
13.483009
14.02724
14.137786
13.916693
14.792564
13.266166
12.394546
14.248333
13.483009
13.814649
12.938777
14.354629
13.376713
13.266166
13.5935545
13.483009
13.5935545
13.5935545
14.248333
13.920944
13.704102
13.810397
13.376713
14.89886
12.82823
13.266166
13.155619
13.810397
13.376713
13.266166
13.376713
14.02724
14.354629
13.704102
13.810397
13.704102
14.465176
13.049324
12.61564
13.159871
13.704102
13.48726
14.248333
13.049324
13.810397
13.266166
14.137786
13.69985
14.788313
14.133534
14.02724
13.266166
14.137786
14.137786
14.354629
13.266166
14.354629
14.133534
14.682017
15.009407
13.806146
12.938777
14.02724
13.155619
13.266166
14.02724
13.266166
14.35888
13.48726
13.483009
13.48726
13.920944
13.376713
13.049324
13.920944
13.920944
13.049324
13.920944
14.354629
12.721935
14.137786
13.483009
14.792564
14.02724
13.5935545
14.575723
13.704102
12.509345
13.814649
12.509345
12.509345
12.836734
12.509345
13.164123
11.637725
12.075661
12.730438
12.509345
12.296754
11.314588
12.186207
11.641976
11.531429
12.403049
12.075661
11.748272
11.858818
11.204041
10.987199
12.407301
11.425134
10.336672
11.535681
10.124082
10.340923
10.340923
10.77886
10.340923
10.340923
10.774608
10.013535
10.234629
10.230376
9.796692
11.101996
9.57985
10.124082
10.557766
10.668313
11.323091
9.57985
10.234629
10.017787
9.907239
9.690397
9.690397
9.473556
9.690397
8.601935
9.584103
8.818777
8.716734
9.69465
9.800944
8.8230295
9.800944
9.146166
9.584103
9.800944
8.929324
10.128334
9.256713
8.712482
9.146166
10.234629
9.690397
9.039871
10.017787
8.274546
8.716734
8.716734
8.393597
6.9777446
6.7566514
7.738818
7.8451138
8.389345
8.499891
7.8451138
6.9777446
8.393597
7.0840406
7.849365
8.937827
7.632523
8.393597
8.499891
8.610438
8.1725025
7.955661
7.9599123
9.044123
8.061955
8.389345
8.606187
6.8671985
8.066207
7.9599123
7.853617
8.066207
6.544061
6.327219
6.654608
6.765155
7.415681
7.1988387
6.9777446
7.305134
6.760903
7.1945877
6.6503563
7.0882916
7.632523
7.9599123
6.87145
7.1945877
7.849365
8.176754
7.521976
7.305134
8.066207
5.99983
7.849365
7.6282716
7.738818
6.760903
6.87145
5.99983
5.5661454
6.765155
6.87145
6.327219
6.4420176
6.765155
6.6588597
6.3314705
5.132461
5.4598503
6.3314705
6.114629
6.2209234
4.915619
6.2251754
5.6809444
4.7030287
5.030418
5.026166
4.9198713
5.5703974
5.243008
6.008333
5.7872396
5.8977866
6.981997
5.5661454
6.5483127
5.2387567
5.7872396
4.698777
6.114629
5.8977866
4.154546
6.008333
5.026166
5.030418
5.357807
3.9419558
4.1587977
4.269345
4.1587977
4.0482507
4.37564
4.269345
4.269345
5.357807
5.030418
4.37564
5.6809444
5.353555
5.243008
5.6766925
5.353555
5.4598503
6.114629
7.419933
6.654608
5.7872396
6.981997
7.309386
5.3493037
7.747322
7.092544
5.132461
6.114629
5.026166
4.37564
3.5082712
3.406228
1.8840815
1.3398503
1.0167131
-0.17804438
-0.06749742
0.5830289
0.47673374
-0.06749742
1.8883334
1.3398503
2.2114706
5.0346694
4.1630497
4.37564
4.265093
4.8093243
5.4598503
5.7872396
7.092544
6.327219
4.915619
5.7872396
5.243008
4.0482507
5.6851964
3.8356605
2.0966718
1.3355986
2.4283128
2.1009235
1.3355986
2.2114706
0.68507224
2.1009235
1.6629877
1.7735345
2.7514498
2.530356
3.8399122
3.2914293
3.9419558
5.24726
5.6809444
5.8977866
4.8050723
5.030418
5.026166
5.140965
4.4861865
3.4019763
4.5967336
5.140965
4.056754
4.056754
2.0966718
2.3177657
3.078839
2.1009235
2.968292
1.8798298
2.2072186
3.5125234
1.6629877
1.6629877
2.0966718
2.861997
3.1851342
3.4019763
3.5125234
3.6188183
1.986125
4.2735963
3.8356605
2.640903
4.8178277
3.8356605
3.5082712
5.140965
4.7072806
5.24726
4.7030287
4.379892
5.136713
3.9419558
5.030418
4.1587977
4.379892
4.0525026
4.0525026
4.269345
4.37564
4.9198713
4.7030287
4.269345
3.9419558
4.379892
3.4019763
3.2956812
3.8356605
4.1630497
4.1630497
4.0525026
4.379892
4.5967336
4.0525026
5.464102
5.026166
6.6588597
5.5703974
5.5703974
5.3493037
5.5661454
4.915619
5.243008
4.915619
6.986249
6.0040812
5.353555
5.5703974
5.353555
4.915619
4.371388
5.8977866
5.8977866
5.7872396
6.875702
5.893534
5.5703974
6.2209234
6.544061
6.544061
7.849365
8.610438
8.28305
7.8451138
8.389345
8.278798
7.5177245
8.82728
7.3008823
8.28305
8.1725025
8.389345
7.7345667
6.8671985
7.521976
7.632523
8.066207
7.305134
7.632523
7.0882916
8.393597
7.1903353
7.6282716
10.0220375
8.818777
9.150418
9.146166
9.473556
8.929324
9.800944
10.45147
9.796692
10.234629
10.45147
10.128334
9.3630085
10.455723
9.57985
9.911491
10.562017
9.690397
8.929324
8.929324
9.690397
10.6725645
9.3630085
10.455723
8.8230295
8.057704
10.345176
8.274546
7.7303147
9.690397
9.3630085
9.469303
9.358756
10.557766
10.991449
12.403049
12.509345
13.380964
12.181956
11.858818
11.854567
12.726187
13.376713
13.814649
12.943029
12.075661
11.858818
12.403049
12.509345
12.836734
11.965114
12.292503
11.752523
12.403049
11.535681
11.314588
11.429386
10.119829
11.2125435
10.340923
11.101996
10.447219
10.774608
11.208292
11.101996
11.425134
11.318839
11.641976
12.079912
11.969365
11.101996
12.190459
11.097745
11.425134
12.509345
11.752523
11.965114
12.292503
12.079912
10.770356
11.535681
11.318839
12.296754
10.340923
9.9029875
9.907239
10.230376
10.991449
10.774608
11.318839
11.208292
9.57985
9.690397
10.77886
9.57985
9.473556
9.907239
9.800944
9.3630085
10.017787
9.146166
10.124082
9.035619
10.668313
10.774608
10.447219
10.557766
10.991449
11.101996
11.535681
11.756775
10.557766
11.535681
11.535681
10.664061
11.101996
9.907239
10.017787
8.385093
9.146166
9.473556
9.69465
9.260964
8.606187
9.260964
8.061955
7.4114294
8.933577
8.8230295
9.800944
8.712482
9.800944
9.473556
10.455723
9.690397
10.45147
10.45147
10.45147
10.77886
9.358756
10.234629
9.473556
9.035619
9.907239
8.929324
9.146166
10.017787
9.584103
9.477807
8.712482
8.933577
7.951409
8.716734
8.278798
8.499891
9.69465
8.49564
8.8230295
9.150418
8.606187
8.8230295
9.039871
8.168251
9.69465
9.256713
8.712482
10.0220375
9.800944
10.017787
10.345176
9.035619
9.150418
9.911491
9.36726
8.712482
8.601935
9.584103
10.017787
8.278798
9.256713
9.039871
10.23888
9.800944
8.929324
9.039871
9.150418
8.389345
9.150418
9.044123
9.911491
9.800944
9.039871
9.690397
8.278798
9.473556
9.473556
9.911491
8.49564
8.061955
8.278798
9.477807
9.69465
8.385093
9.584103
8.929324
9.57985
9.473556
9.035619
9.3630085
9.146166
10.128334
10.017787
9.690397
9.911491
10.23888
8.385093
10.017787
9.584103
9.473556
10.23888
8.818777
9.146166
10.128334
8.712482
8.712482
9.256713
10.23888
10.234629
9.690397
10.345176
9.473556
10.124082
9.473556
11.2125435
9.252461
9.796692
10.230376
9.3630085
11.2125435
11.425134
11.101996
11.429386
10.664061
11.318839
10.5535145
10.991449
11.318839
10.119829
10.340923
9.792441
10.991449
11.973618
10.991449
10.770356
11.429386
11.969365
11.097745
12.075661
11.097745
11.858818
10.987199
12.296754
11.748272
12.836734
13.053576
13.376713
12.177704
13.053576
12.938777
12.938777
13.483009
14.031491
13.704102
12.505093
13.376713
13.270417
12.398798
13.159871
13.5935545
12.61564
13.920944
13.5935545
13.376713
13.810397
13.266166
13.483009
13.266166
13.810397
13.5935545
14.2440815
13.810397
14.682017
14.022987
15.005156
13.916693
13.916693
14.57147
14.567219
13.695599
14.460924
13.916693
13.810397
13.69985
13.155619
14.137786
12.938777
14.465176
13.159871
13.266166
14.57147
14.350377
14.677766
14.460924
13.920944
14.788313
14.2440815
16.093616
15.221997
14.460924
14.57147
14.350377
13.695599
14.350377
14.2440815
14.02724
14.57147
14.465176
14.02724
13.372462
15.009407
13.69985
14.02724
13.266166
12.82823
12.721935
14.465176
14.354629
14.2440815
14.465176
13.69985
13.69985
14.89886
13.589303
13.916693
14.460924
13.261915
14.133534
14.677766
13.91244
13.806146
13.372462
13.810397
14.2440815
12.500841
14.031491
14.137786
13.155619
14.248333
13.155619
13.5935545
13.5935545
13.810397
13.266166
14.354629
13.916693
13.261915
14.682017
13.810397
13.810397
12.721935
14.248333
14.02724
13.266166
14.248333
14.57147
13.049324
13.159871
13.159871
12.394546
13.48726
14.02724
14.248333
14.575723
12.61564
12.398798
13.270417
12.938777
14.137786
15.009407
12.938777
13.48726
12.726187
13.5935545
14.031491
13.159871
12.943029
12.292503
12.071408
13.376713
12.943029
13.049324
12.288251
12.292503
12.398798
13.053576
11.748272
12.726187
12.836734
11.858818
12.071408
11.637725
12.398798
13.5935545
13.920944
12.832482
12.943029
13.376713
12.943029
13.704102
14.575723
12.943029
12.61564
12.836734
13.053576
12.726187
12.398798
13.159871
12.61564
12.292503
12.292503
12.075661
11.858818
12.292503
12.403049
11.531429
12.075661
12.836734
11.965114
12.726187
11.7440195
12.292503
13.057828
11.420882
11.531429
12.292503
12.075661
12.730438
11.858818
11.314588
11.314588
11.965114
11.965114
12.619891
11.204041
11.097745
12.186207
11.748272
11.641976
11.858818
11.097745
11.535681
11.969365
10.5535145
10.770356
10.880902
10.991449
10.774608
11.318839
10.336672
10.991449
10.447219
10.774608
10.447219
10.119829
11.318839
10.664061
9.681894
10.774608
11.535681
10.336672
9.9029875
9.907239
10.557766
10.447219
9.792441
10.664061
10.447219
10.447219
10.991449
9.796692
10.45147
9.9029875
9.473556
9.146166
9.3630085
10.230376
10.119829
11.097745
12.296754
10.659809
9.9029875
11.097745
10.336672
10.013535
10.013535
10.557766
9.9029875
8.925072
10.77886
10.230376
9.9029875
9.469303
9.035619
9.3630085
8.925072
9.031367
9.9029875
9.686145
10.995702
10.664061
10.774608
9.465052
10.447219
9.141914
9.575599
9.358756
10.230376
10.119829
9.252461
8.818777
8.601935
7.8366094
8.929324
9.57985
9.690397
8.601935
7.2966304
7.5134726
7.079788
8.49564
7.8451138
8.606187
8.168251
8.061955
7.1903353
7.6240196
8.278798
8.278798
8.274546
7.951409
8.606187
8.49564
8.818777
7.7303147
9.36726
7.4029255
7.5177245
6.7523994
6.106125
6.7566514
7.5177245
6.3229666
6.101873
7.1945877
7.0882916
6.8671985
6.8671985
8.061955
8.061955
6.8629465
7.1903353
7.4071774
7.079788
7.5134726
7.079788
7.2966304
7.3008823
6.9734936
7.6282716
8.061955
6.429262
6.21242
7.3008823
6.21242
6.8671985
7.7345667
7.1945877
6.8671985
5.8892827
6.9777446
6.3229666
6.429262
6.7566514
7.6282716
8.168251
7.4071774
7.840862
6.8629465
6.7566514
7.6282716
6.21242
6.6461043
6.87145
6.9777446
6.21242
6.9777446
6.539809
6.6503563
5.8850307
5.99983
6.6503563
6.433514
6.6503563
5.2387567
5.6724405
6.110377
6.6503563
7.738818
8.061955
7.1903353
6.7566514
6.429262
7.8451138
6.4250107
8.1725025
7.4071774
8.8230295
7.7345667
5.991326
7.738818
8.066207
5.995578
7.3008823
7.849365
6.6461043
7.521976
7.3008823
5.995578
6.433514
6.433514
6.429262
7.738818
7.8451138
7.7345667
7.0840406
7.4114294
7.0840406
6.7566514
7.0840406
6.9734936
7.8451138
8.061955
6.8671985
9.260964
8.168251
8.389345
8.49564
8.1725025
8.168251
6.9734936
8.1725025
7.4071774
6.3229666
6.9734936
6.8671985
7.5177245
6.429262
8.499891
6.7566514
6.760903
7.849365
6.433514
6.760903
6.7566514
6.106125
7.0840406
6.8671985
7.3008823
6.3229666
6.8671985
6.8629465
7.8451138
8.061955
7.4071774
7.8451138
7.951409
6.9734936
8.712482
7.079788
7.6282716
6.6461043
7.0840406
7.521976
6.6503563
6.101873
6.6503563
6.8671985
5.8892827
6.216672
5.7829876
8.066207
6.6461043
7.4114294
7.1903353
7.8451138
7.7345667
6.8629465
7.7345667
9.256713
7.5134726
8.278798
8.601935
7.6240196
7.7303147
8.929324
8.818777
8.057704
8.712482
7.840862
7.079788
7.2966304
7.5177245
8.712482
6.5355573
8.278798
8.601935
8.601935
9.035619
8.818777
8.491387
7.9471564
8.818777
8.925072
8.925072
9.252461
9.469303
9.252461
9.252461
8.0534525
9.469303
8.925072
9.3630085
10.013535
8.70823
8.818777
8.597683
8.818777
8.38084
8.70823
8.70823
9.252461
9.146166
8.925072
8.38084
8.597683
8.0534525
8.491387
8.70823
9.469303
9.358756
9.796692
8.487137
8.925072
9.141914
10.119829
9.575599
8.159747
8.925072
9.686145
8.270294
9.57985
8.597683
8.38084
8.925072
8.38084
8.274546
8.270294
9.146166
8.597683
8.597683
9.252461
9.686145
10.119829
10.336672
9.686145
10.336672
8.92082
9.9029875
8.92082
9.792441
10.230376
9.141914
10.119829
8.703979
9.9029875
9.681894
9.252461
8.814526
8.925072
8.597683
8.163999
8.925072
8.487137
9.796692
9.907239
8.0534525
9.469303
10.336672
10.340923
10.880902
9.24821
9.9029875
8.814526
9.796692
10.5535145
9.575599
9.898736
10.013535
9.575599
10.336672
10.774608
10.880902
9.031367
9.9029875
9.469303
9.3630085
8.38084
8.491387
9.035619
9.252461
8.38084
8.70823
8.491387
9.358756
8.491387
8.597683
9.469303
9.252461
9.686145
8.814526
9.469303
8.597683
9.57985
8.597683
10.45147
9.141914
9.469303
9.686145
10.119829
9.796692
9.686145
9.035619
9.24821
9.358756
9.3630085
9.358756
8.925072
8.597683
8.38084
8.818777
9.035619
8.929324
10.340923
9.24821
9.9029875
8.814526
8.814526
8.70823
9.24821
10.991449
11.314588
10.987199
10.880902
10.770356
10.5535145
11.097745
11.531429
11.641976
10.770356
10.009283
10.770356
10.991449
10.659809
10.336672
10.230376
10.557766
10.5535145
10.770356
10.5535145
10.991449
10.009283
10.664061
10.880902
11.858818
11.204041
11.097745
10.659809
10.880902
10.005031
11.204041
12.509345
12.619891
12.726187
11.097745
11.531429
11.314588
10.336672
10.770356
10.226125
10.226125
10.226125
10.5535145
10.991449
11.314588
11.531429
10.447219
10.770356
10.5535145
11.531429
10.987199
13.491511
13.053576
11.093493
11.531429
12.292503
12.075661
11.965114
11.748272
11.637725
11.858818
11.641976
11.314588
10.442967
10.987199
11.425134
10.991449
10.991449
10.774608
11.425134
10.991449
11.425134
11.314588
10.774608
10.991449
10.987199
12.186207
12.509345
13.164123
11.748272
11.314588
11.641976
12.509345
11.531429
13.274671
11.093493
12.186207
11.641976
10.336672
11.752523
10.442967
11.208292
10.987199
10.664061
11.8630705
11.097745
10.447219
10.880902
11.752523
11.314588
10.880902
11.535681
12.075661
10.876652
12.292503
12.509345
12.075661
12.181956
12.726187
13.270417
13.159871
12.61564
12.726187
12.177704
12.075661
12.726187
12.943029
11.965114
12.292503
11.965114
12.947281
12.509345
12.186207
11.314588
11.641976
12.075661
12.509345
11.748272
12.832482
12.509345
13.053576
11.7440195
12.726187
13.049324
13.159871
12.726187
12.832482
13.814649
13.159871
12.61564
13.376713
12.505093
13.270417
13.5935545
12.721935
12.943029
13.049324
13.48726
12.398798
12.832482
12.726187
13.270417
12.832482
12.721935
13.48726
12.509345
12.836734
13.48726
11.965114
12.181956
12.292503
12.181956
13.270417
12.726187
12.943029
12.943029
12.509345
12.938777
12.619891
13.164123
12.726187
12.947281
12.403049
12.075661
11.535681
11.641976
11.425134
12.619891
12.513597
12.079912
12.513597
12.836734
11.204041
11.965114
12.292503
12.836734
12.726187
12.836734
12.186207
11.637725
11.531429
11.641976
12.186207
11.969365
11.858818
11.208292
10.987199
10.664061
10.987199
11.535681
10.880902
10.5535145
11.8630705
11.097745
11.097745
12.079912
11.858818
11.535681
10.770356
11.425134
11.641976
11.208292
11.748272
11.969365
11.310335
10.876652
11.748272
12.075661
10.880902
10.770356
12.186207
11.208292
10.880902
10.774608
11.646228
10.991449
10.340923
9.575599
10.45147
9.9029875
10.885155
9.796692
10.340923
10.340923
10.340923
9.800944
10.013535
10.45147
9.686145
10.119829
10.119829
10.991449
10.774608
11.318839
10.991449
10.447219
11.208292
10.119829
11.318839
10.557766
11.429386
9.796692
10.995702
11.106249
9.141914
10.234629
10.124082
9.690397
9.690397
10.6725645
9.907239
9.690397
9.907239
10.017787
10.013535
10.009283
11.646228
11.531429
10.230376
10.664061
10.774608
10.774608
11.752523
11.969365
11.535681
10.991449
10.991449
9.9029875
10.340923
11.101996
11.2125435
10.230376
9.800944
10.013535
9.907239
10.995702
10.557766
10.889407
9.796692
9.907239
10.991449
10.885155
10.774608
10.447219
9.9029875
11.101996
11.208292
12.190459
11.208292
10.664061
10.664061
11.318839
11.539933
11.208292
10.557766
11.318839
10.885155
9.907239
10.77886
10.45147
9.146166
9.800944
9.690397
9.57985
10.77886
10.128334
8.925072
9.690397
10.340923
10.124082
10.013535
10.885155
11.646228
11.323091
10.991449
10.995702
10.664061
10.013535
11.433638
10.668313
9.473556
10.6725645
9.796692
9.907239
10.345176
10.128334
10.234629
9.911491
9.256713
8.712482
9.911491
9.690397
9.146166
10.345176
9.800944
9.584103
9.035619
9.256713
10.234629
9.469303
10.783112
10.668313
9.907239
9.252461
9.690397
10.345176
9.800944
9.473556
10.889407
10.124082
9.690397
9.473556
9.473556
9.584103
9.584103
10.345176
9.800944
9.256713
9.146166
9.800944
9.796692
10.668313
10.447219
10.230376
10.336672
11.101996
10.557766
11.208292
11.973618
10.5535145
11.752523
10.774608
11.208292
11.208292
10.991449
11.425134
10.774608
10.987199
10.664061
10.013535
10.013535
10.340923
9.575599
11.429386
10.991449
10.013535
10.664061
11.318839
10.447219
10.442967
11.429386
10.991449
10.226125
11.969365
11.531429
10.880902
11.314588
11.097745
10.880902
11.969365
10.880902
11.752523
10.009283
11.097745
11.752523
10.009283
10.119829
10.774608
9.9029875
11.208292
10.774608
10.664061
10.664061
11.097745
10.226125
10.880902
11.208292
9.681894
10.664061
10.987199
10.880902
11.097745
11.204041
11.093493
11.637725
12.181956
12.075661
12.398798
12.943029
11.960861
11.854567
11.850314
12.505093
13.376713
13.266166
12.938777
12.938777
12.82823
12.82823
12.938777
13.806146
14.567219
13.916693
15.000902
14.129283
14.784061
14.673514
15.651429
15.107199
15.761976
14.129283
15.000902
14.567219
15.328293
14.23983
14.2440815
13.589303
13.483009
12.832482
13.810397
12.067157
12.398798
12.836734
12.398798
11.420882
12.075661
12.943029
12.721935
14.137786
14.567219
14.784061
14.562967
16.191408
17.934649
16.731388
17.165071
17.496714
16.514547
16.625093
17.284122
15.651429
16.629345
15.545134
14.23983
13.91244
13.589303
13.916693
13.5935545
13.69985
12.611388
12.394546
13.69985
12.9345255
12.607137
13.368209
15.43884
15.540882
16.191408
16.846186
16.952482
16.94823
16.62084
16.952482
16.841934
17.81985
18.368332
18.14724
17.386166
17.169323
16.841934
17.27562
18.040945
17.492462
17.058777
17.390417
16.841934
16.73564
16.514547
17.279871
16.73564
17.063028
17.60726
16.625093
17.169323
17.496714
16.841934
18.040945
17.063028
17.169323
16.952482
17.930397
17.824102
18.040945
17.713554
17.81985
18.142988
18.580925
18.580925
18.036694
18.364082
19.01886
18.142988
20.103071
19.452543
18.904062
17.930397
19.452543
18.257786
17.492462
18.802017
17.496714
17.713554
17.169323
17.390417
18.040945
17.824102
18.26204
18.257786
17.81985
17.27562
18.474628
19.014608
18.364082
17.930397
18.253534
18.257786
17.709303
19.129406
19.886229
18.69147
17.926146
18.14724
17.603008
18.580925
19.01886
18.036694
18.040945
17.496714
17.824102
17.496714
17.713554
17.934649
18.14724
18.040945
17.81985
18.802017
19.452543
18.908312
19.341997
19.55884
18.797766
19.665134
19.55884
19.23145
18.904062
20.536755
20.536755
19.448292
19.014608
18.253534
18.908312
18.257786
18.69147
18.69147
17.930397
18.14724
18.474628
18.040945
18.036694
18.580925
18.253534
18.036694
18.797766
19.120903
19.014608
18.904062
19.992523
19.881977
19.014608
19.448292
18.797766
18.904062
20.103071
19.341997
18.580925
17.926146
18.470377
19.014608
19.341997
18.364082
18.580925
18.69147
18.797766
17.930397
17.713554
17.713554
17.930397
17.279871
17.603008
18.257786
17.279871
16.841934
18.151491
18.151491
17.169323
18.151491
17.169323
16.952482
17.169323
17.279871
17.279871
17.713554
17.284122
16.080862
16.633596
16.412502
16.416756
16.523048
16.085114
16.089365
14.018736
15.11145
14.673514
14.346125
14.018736
14.784061
15.217746
15.324039
14.996652
14.996652
14.125031
15.545134
15.651429
16.523048
16.518799
16.523048
16.306208
15.872524
15.217746
14.788313
14.562967
14.677766
14.677766
13.69985
14.133534
13.5935545
14.02724
12.2839985
13.810397
12.938777
13.704102
12.394546
12.832482
13.155619
13.920944
12.832482
12.938777
13.159871
12.505093
12.938777
13.266166
12.938777
13.920944
13.916693
13.261915
13.483009
13.916693
12.938777
12.721935
13.049324
14.137786
13.810397
12.832482
12.071408
12.509345
11.093493
12.071408
11.641976
11.420882
11.531429
11.208292
11.637725
12.398798
12.075661
11.965114
10.872399
11.854567
12.836734
12.943029
12.071408
13.049324
13.270417
12.394546
12.726187
12.067157
12.181956
13.266166
12.61564
12.181956
12.943029
12.832482
11.854567
11.310335
12.947281
12.398798
10.659809
12.186207
10.659809
12.186207
10.987199
11.204041
10.987199
10.770356
10.226125
11.969365
11.097745
10.876652
11.637725
12.947281
12.071408
12.509345
13.380964
13.159871
12.832482
12.505093
12.181956
12.071408
11.854567
12.071408
12.726187
12.288251
11.420882
11.420882
11.965114
11.314588
12.075661
12.398798
12.181956
11.420882
11.641976
11.748272
12.943029
12.943029
11.960861
12.721935
13.5935545
13.266166
13.049324
13.48726
13.48726
13.483009
13.159871
13.376713
13.704102
12.938777
12.721935
12.505093
12.721935
12.943029
12.505093
13.049324
12.61564
12.836734
11.527178
12.403049
13.48726
13.049324
12.721935
13.159871
13.597807
13.266166
12.938777
13.266166
13.483009
13.266166
13.266166
14.248333
13.049324
12.832482
12.832482
13.159871
12.721935
13.049324
12.832482
13.920944
12.832482
13.376713
13.48726
12.938777
11.854567
12.726187
11.633472
12.505093
12.292503
12.288251
12.398798
12.726187
12.505093
12.832482
13.159871
13.376713
13.5935545
14.137786
13.810397
13.704102
13.920944
13.266166
12.721935
13.266166
13.483009
12.938777
13.049324
12.832482
13.376713
13.920944
12.177704
12.943029
12.177704
12.726187
12.398798
11.633472
13.159871
12.398798
12.832482
13.597807
12.832482
12.61564
13.376713
13.159871
12.938777
12.394546
14.142038
13.049324
13.48726
12.288251
13.159871
12.938777
14.575723
12.721935
12.832482
13.376713
13.049324
13.049324
13.597807
12.505093
11.854567
12.943029
12.071408
12.071408
12.181956
12.832482
12.288251
13.049324
13.597807
11.854567
12.177704
12.943029
13.920944
12.394546
14.031491
13.155619
12.938777
13.483009
12.721935
13.5935545
13.483009
13.266166
13.920944
12.82823
13.483009
12.394546
13.920944
13.155619
12.943029
13.5935545
12.394546
13.159871
12.2839985
12.394546
13.376713
11.960861
13.159871
13.159871
13.266166
12.505093
12.2839985
13.5935545
12.938777
12.2839985
13.266166
13.483009
13.155619
14.02724
12.82823
12.82823
13.266166
13.5935545
13.266166
12.721935
13.5935545
14.137786
13.266166
13.049324
11.850314
11.960861
11.850314
13.48726
12.071408
12.288251
13.704102
13.48726
13.049324
14.137786
13.372462
13.155619
13.5935545
13.266166
12.82823
13.045072
13.5935545
12.9345255
13.483009
13.155619
13.049324
13.5935545
13.810397
12.505093
13.266166
13.69985
12.82823
14.137786
13.810397
12.721935
13.483009
12.721935
13.049324
12.505093
13.5935545
12.61564
13.483009
12.721935
12.394546
12.177704
14.137786
13.155619
13.920944
13.483009
13.155619
13.5935545
14.137786
12.938777
13.810397
13.810397
12.394546
12.177704
13.48726
11.960861
12.288251
12.721935
12.721935
12.071408
12.181956
13.164123
12.288251
10.982946
12.836734
12.509345
12.726187
12.071408
13.164123
11.748272
12.398798
12.181956
12.943029
12.288251
13.376713
12.832482
12.394546
11.7440195
11.960861
12.726187
12.292503
12.398798
13.159871
12.726187
13.053576
12.943029
12.726187
12.726187
11.310335
13.164123
12.509345
11.748272
11.641976
12.509345
10.549262
11.752523
12.619891
12.181956
13.164123
12.943029
11.527178
12.836734
12.505093
11.854567
12.288251
12.943029
12.943029
12.726187
12.403049
12.075661
12.509345
12.726187
11.965114
12.288251
12.726187
11.748272
11.093493
12.075661
10.987199
11.531429
11.093493
11.314588
11.204041
11.531429
11.420882
11.965114
12.075661
11.093493
12.403049
12.61564
12.947281
12.943029
12.619891
12.398798
12.398798
13.380964
12.726187
12.288251
11.960861
12.288251
13.053576
13.380964
12.075661
11.420882
11.748272
11.965114
12.61564
11.637725
12.836734
12.398798
12.509345
12.398798
12.403049
12.181956
12.292503
12.181956
12.071408
13.380964
13.48726
12.832482
12.836734
12.61564
12.288251
12.832482
13.049324
12.943029
13.159871
13.48726
13.376713
13.5935545
12.721935
12.943029
12.832482
12.943029
12.726187
13.5935545
12.726187
12.61564
13.053576
12.509345
12.181956
12.726187
12.832482
13.053576
12.726187
11.965114
12.730438
12.61564
13.380964
12.398798
13.270417
12.947281
12.181956
11.527178
12.288251
13.5935545
12.832482
12.61564
12.394546
13.053576
12.61564
13.814649
12.619891
11.527178
13.270417
12.071408
12.943029
12.181956
12.075661
11.531429
12.181956
13.057828
12.181956
11.854567
12.509345
12.726187
12.071408
12.943029
13.376713
12.181956
13.5935545
12.938777
13.159871
12.611388
13.049324
13.266166
13.049324
13.270417
12.292503
12.505093
12.836734
12.288251
12.398798
12.61564
13.270417
12.181956
12.288251
11.310335
11.965114
13.164123
12.61564
13.704102
12.394546
12.943029
12.832482
13.814649
12.938777
12.943029
13.376713
13.049324
12.832482
14.031491
13.810397
13.266166
13.266166
13.159871
12.832482
13.266166
13.266166
13.5935545
13.049324
12.611388
13.376713
13.159871
13.049324
12.832482
13.049324
13.159871
12.61564
14.031491
13.483009
12.2839985
12.721935
13.810397
13.5935545
13.376713
13.266166
13.5935545
13.916693
13.5935545
13.69985
13.5935545
13.69985
13.372462
13.266166
14.2440815
14.792564
13.266166
12.938777
12.611388
14.354629
13.483009
13.704102
13.155619
13.376713
13.155619
13.5935545
13.810397
12.832482
13.5935545
13.5935545
12.721935
13.5935545
13.5935545
13.5935545
13.266166
13.810397
13.916693
13.810397
13.155619
13.5935545
13.483009
12.394546
13.376713
13.266166
13.376713
14.248333
13.916693
12.938777
12.938777
13.483009
13.810397
13.049324
13.049324
14.031491
14.137786
13.049324
12.832482
13.266166
13.376713
12.611388
14.792564
13.045072
14.137786
14.02724
13.810397
13.045072
13.483009
13.376713
12.938777
13.920944
13.69985
13.372462
13.69985
13.589303
14.354629
13.049324
12.394546
13.483009
13.920944
13.810397
14.137786
13.266166
13.810397
12.721935
13.483009
13.155619
14.248333
13.049324
12.721935
13.376713
12.938777
13.920944
13.045072
13.155619
14.354629
13.69985
13.155619
13.589303
14.57147
13.69985
14.460924
15.115701
13.5935545
13.810397
13.155619
13.266166
13.704102
13.483009
13.704102
14.137786
13.69985
13.5935545
14.248333
13.704102
14.137786
13.5935545
14.137786
13.266166
13.810397
13.69985
14.02724
14.2440815
14.137786
14.137786
14.02724
14.2440815
14.133534
13.920944
13.916693
14.567219
14.465176
13.810397
13.916693
14.354629
13.69985
14.57147
14.02724
13.810397
14.57147
14.137786
13.155619
13.483009
12.721935
13.5935545
13.5935545
14.57147
14.465176
14.2440815
12.938777
13.372462
13.049324
14.354629
14.02724
13.810397
14.2440815
13.916693
13.69985
14.2440815
13.266166
14.02724
13.266166
14.248333
13.916693
13.376713
13.920944
13.483009
12.505093
14.031491
13.266166
13.159871
14.02724
14.465176
12.505093
12.726187
12.832482
12.61564
12.721935
12.721935
12.721935
13.5935545
13.049324
13.049324
13.483009
14.137786
14.137786
13.810397
13.810397
13.376713
13.266166
13.5935545
14.137786
13.266166
13.920944
14.031491
13.5935545
13.704102
13.5935545
13.159871
11.7440195
12.398798
12.61564
12.181956
12.947281
13.270417
12.726187
12.836734
12.938777
13.270417
12.726187
12.938777
13.48726
13.5935545
12.505093
12.177704
13.049324
13.376713
13.376713
13.704102
12.61564
11.527178
13.380964
12.505093
12.071408
13.053576
12.292503
12.292503
11.093493
12.075661
12.619891
11.965114
11.531429
11.204041
12.403049
11.858818
11.748272
11.097745
11.208292
10.876652
11.208292
11.752523
11.314588
12.292503
12.509345
12.292503
12.61564
11.637725
12.292503
11.854567
11.527178
13.491511
12.181956
11.204041
11.748272
12.075661
11.965114
11.531429
11.208292
10.549262
10.664061
11.969365
10.982946
11.204041
11.093493
12.186207
11.858818
11.097745
11.314588
11.204041
11.748272
12.619891
12.181956
11.314588
12.619891
12.181956
11.965114
12.403049
12.509345
11.420882
12.619891
12.292503
11.969365
12.730438
12.292503
10.766105
12.624144
11.420882
10.876652
12.403049
11.420882
11.097745
11.969365
11.208292
10.447219
10.664061
10.664061
11.208292
11.646228
11.641976
10.991449
11.535681
11.531429
12.513597
12.403049
12.836734
12.075661
12.947281
12.619891
12.403049
12.403049
12.292503
11.748272
11.858818
11.531429
11.097745
12.181956
12.947281
11.748272
11.637725
11.425134
11.858818
10.659809
11.535681
12.075661
11.858818
11.969365
11.097745
11.097745
12.186207
12.403049
12.619891
12.075661
12.840985
12.075661
11.748272
13.708355
11.7440195
13.814649
12.943029
12.832482
12.292503
11.527178
13.053576
12.181956
11.310335
12.619891
12.509345
11.969365
11.969365
11.752523
11.858818
11.425134
12.075661
11.425134
11.641976
12.836734
12.836734
12.619891
11.965114
11.965114
12.836734
13.704102
12.398798
12.832482
13.925196
13.48726
12.61564
13.48726
13.164123
12.61564
12.292503
12.509345
12.721935
12.726187
13.48726
12.177704
12.619891
13.164123
12.398798
13.270417
12.292503
11.527178
13.053576
12.619891
12.619891
12.509345
11.965114
12.398798
12.071408
12.403049
13.159871
12.505093
13.48726
13.159871
12.61564
12.398798
12.509345
13.920944
13.48726
12.832482
14.031491
13.159871
12.288251
13.049324
14.031491
12.505093
12.071408
12.398798
11.854567
12.398798
12.721935
13.376713
14.142038
12.398798
11.748272
12.836734
12.288251
13.270417
13.376713
12.394546
13.159871
13.159871
13.704102
13.704102
13.049324
14.35888
12.505093
12.832482
13.049324
14.031491
12.721935
13.5935545
13.155619
13.266166
13.810397
12.721935
14.02724
13.266166
12.61564
13.159871
12.721935
12.181956
12.398798
13.159871
12.61564
12.288251
13.814649
13.159871
13.920944
12.943029
12.943029
13.266166
12.938777
13.483009
13.5935545
13.266166
12.721935
13.814649
13.049324
12.721935
14.465176
13.5935545
13.376713
12.505093
13.266166
13.5935545
12.394546
13.920944
12.721935
12.61564
12.288251
13.159871
12.943029
12.61564
13.597807
12.292503
12.071408
12.181956
12.943029
13.597807
12.61564
13.376713
12.288251
12.288251
12.943029
13.5935545
13.376713
12.943029
12.505093
13.159871
12.721935
13.920944
14.031491
13.049324
11.960861
13.159871
11.854567
12.726187
11.854567
12.947281
12.181956
12.836734
11.420882
12.071408
13.48726
13.376713
13.049324
13.704102
13.049324
12.292503
12.288251
12.61564
13.049324
12.398798
13.049324
13.48726
12.943029
13.266166
12.938777
13.266166
12.61564
13.159871
13.053576
13.159871
12.181956
12.943029
11.960861
12.943029
13.376713
12.177704
13.049324
14.031491
12.832482
12.071408
12.509345
12.075661
11.748272
11.858818
11.965114
13.159871
12.505093
12.61564
13.48726
12.398798
12.61564
12.832482
13.48726
14.031491
13.48726
13.049324
13.376713
12.721935
13.376713
12.832482
13.049324
14.142038
13.704102
13.597807
12.61564
12.509345
12.832482
12.075661
12.61564
13.270417
13.380964
12.938777
12.394546
13.48726
12.394546
12.943029
12.292503
12.181956
13.270417
13.48726
13.053576
13.053576
12.288251
13.48726
13.376713
13.266166
14.465176
13.483009
12.61564
12.943029
12.832482
13.48726
13.049324
13.053576
13.380964
12.509345
12.61564
13.270417
12.505093
13.159871
12.836734
13.053576
12.836734
12.943029
13.48726
13.704102
12.943029
12.071408
11.854567
13.270417
13.376713
13.5935545
14.465176
14.031491
13.5935545
12.721935
14.137786
13.159871
13.376713
13.159871
13.48726
13.704102
12.398798
13.270417
13.48726
12.832482
12.938777
13.053576
13.266166
13.920944
13.380964
12.832482
12.071408
12.726187
12.938777
12.726187
12.505093
13.159871
12.505093
13.376713
13.704102
12.82823
13.266166
13.704102
13.810397
13.920944
13.376713
14.465176
13.704102
13.810397
13.266166
13.049324
12.938777
13.48726
13.049324
12.832482
13.159871
12.177704
13.266166
13.48726
13.049324
12.943029
13.597807
13.049324
12.292503
12.398798
13.376713
13.704102
13.810397
13.5935545
14.248333
13.376713
13.376713
12.721935
12.505093
13.814649
13.049324
13.270417
13.810397
13.159871
13.159871
12.717683
12.505093
13.5935545
13.920944
13.376713
13.376713
13.159871
13.5935545
13.159871
12.726187
12.181956
11.633472
13.270417
13.053576
12.071408
11.965114
12.61564
12.721935
13.48726
12.938777
13.376713
13.376713
13.5935545
12.611388
12.832482
13.69985
13.5935545
13.483009
13.704102
12.505093
13.049324
13.155619
12.721935
13.5935545
12.721935
13.155619
13.376713
13.704102
12.721935
13.049324
13.376713
12.394546
13.920944
13.049324
13.155619
14.248333
13.483009
13.376713
13.049324
13.69985
12.61564
13.270417
13.5935545
13.049324
13.266166
12.721935
13.916693
13.920944
13.920944
13.266166
13.266166
13.69985
13.266166
13.810397
13.5935545
13.266166
12.394546
14.031491
13.049324
13.159871
12.505093
13.376713
13.049324
13.376713
13.266166
12.832482
12.611388
13.376713
13.814649
12.2839985
13.48726
12.721935
13.266166
13.920944
13.483009
13.69985
13.920944
12.82823
14.2440815
14.682017
13.372462
13.810397
14.682017
12.938777
13.5935545
13.704102
12.938777
13.266166
13.483009
13.704102
13.266166
13.266166
14.142038
13.810397
12.721935
13.266166
13.5935545
12.505093
13.376713
13.266166
13.376713
12.832482
13.266166
13.266166
13.266166
13.266166
12.938777
14.57147
13.483009
14.137786
14.02724
14.354629
13.266166
13.5935545
13.920944
13.483009
13.920944
13.376713
14.137786
13.920944
13.5935545
13.376713
13.48726
12.288251
13.48726
13.155619
13.5935545
13.049324
13.376713
14.031491
12.721935
13.920944
13.810397
13.159871
13.704102
13.155619
12.938777
13.5935545
13.049324
13.266166
13.045072
13.704102
14.354629
14.350377
13.589303
14.682017
14.02724
13.155619
14.682017
14.137786
12.938777
13.266166
13.920944
13.266166
13.266166
13.920944
14.248333
13.155619
14.137786
13.049324
13.704102
12.394546
13.049324
14.137786
14.02724
13.916693
13.372462
13.483009
13.589303
14.137786
14.02724
15.005156
14.8946085
14.350377
14.137786
14.133534
14.133534
14.788313
14.02724
14.2440815
13.589303
14.788313
14.460924
14.460924
13.920944
13.478756
13.483009
15.005156
13.916693
13.810397
14.02724
13.69985
14.460924
14.02724
15.549385
14.02724
15.005156
14.460924
13.372462
13.478756
15.226248
15.000902
15.221997
14.350377
15.655681
15.549385
15.328293
14.350377
14.567219
15.332544
14.133534
14.788313
13.916693
14.022987
15.005156
14.677766
13.916693
14.460924
14.2440815
14.57147
14.133534
14.682017
13.806146
14.89886
13.589303
14.677766
14.350377
14.784061
14.677766
14.23983
14.350377
14.677766
14.784061
14.788313
14.022987
14.788313
14.133534
14.8946085
15.221997
14.133534
14.460924
15.005156
14.89886
13.478756
14.133534
14.350377
13.5935545
13.916693
12.938777
14.02724
13.810397
14.02724
13.266166
13.5935545
14.02724
12.721935
13.920944
14.02724
13.5935545
13.69985
14.465176
13.810397
13.916693
13.483009
13.91244
14.350377
13.920944
13.372462
13.483009
14.02724
13.483009
13.155619
14.2440815
13.69985
13.920944
13.810397
13.5935545
14.02724
12.721935
13.483009
12.938777
12.938777
13.5935545
12.500841
12.721935
14.354629
13.69985
13.704102
13.483009
13.5935545
13.5935545
13.376713
13.483009
13.704102
12.938777
13.266166
13.69985
13.266166
13.920944
14.137786
13.266166
14.02724
13.483009
13.69985
13.810397
13.916693
12.938777
13.920944
13.704102
13.266166
13.5935545
13.159871
13.48726
12.832482
13.48726
12.832482
13.48726
13.376713
13.920944
14.248333
14.137786
13.376713
13.266166
13.159871
13.155619
14.465176
13.483009
13.5935545
13.483009
14.137786
14.137786
13.69985
14.682017
14.137786
13.483009
14.137786
13.810397
13.049324
13.704102
13.049324
12.721935
13.920944
14.137786
14.35888
14.137786
13.155619
14.137786
13.810397
14.02724
14.02724
14.248333
14.031491
13.5935545
13.920944
13.920944
14.248333
12.938777
14.354629
14.57147
12.938777
13.372462
13.920944
13.810397
13.810397
14.248333
13.266166
14.682017
13.920944
14.354629
13.376713
13.810397
13.704102
12.721935
14.354629
13.5935545
13.48726
12.832482
13.814649
13.920944
14.031491
13.5935545
13.704102
14.903111
12.721935
13.704102
13.155619
14.465176
13.049324
13.48726
13.814649
14.137786
13.376713
13.376713
14.248333
13.266166
12.611388
13.049324
13.483009
14.248333
12.938777
14.248333
12.832482
13.814649
13.376713
14.35888
13.159871
13.159871
12.505093
13.48726
13.48726
12.832482
13.597807
13.920944
14.142038
13.164123
12.832482
13.920944
13.704102
14.575723
13.704102
13.159871
13.159871
13.48726
13.810397
14.248333
13.920944
13.376713
13.5935545
13.266166
13.376713
13.049324
13.704102
12.832482
12.726187
13.920944
13.48726
14.031491
13.266166
14.031491
13.159871
13.704102
14.248333
14.575723
13.704102
13.920944
13.159871
13.704102
14.248333
14.031491
14.35888
13.376713
13.704102
13.270417
13.376713
14.142038
13.704102
13.704102
12.943029
13.049324
14.031491
13.266166
13.376713
13.704102
13.810397
14.575723
14.248333
14.248333
12.832482
12.832482
13.270417
12.505093
14.031491
13.270417
13.270417
14.031491
14.031491
13.159871
14.031491
12.832482
13.814649
13.5935545
14.248333
13.48726
13.704102
13.376713
13.810397
13.5935545
14.792564
14.137786
14.575723
14.354629
13.5935545
14.465176
14.137786
13.376713
13.920944
14.02724
13.5935545
14.137786
13.810397
14.575723
13.483009
12.938777
13.810397
13.376713
13.48726
13.920944
13.376713
13.48726
13.376713
14.031491
13.376713
13.270417
13.48726
12.832482
13.48726
13.266166
14.031491
13.704102
13.5935545
13.049324
13.266166
13.270417
13.814649
13.704102
13.270417
13.920944
12.836734
13.270417
12.726187
14.142038
13.164123
12.398798
13.380964
13.376713
13.164123
12.509345
13.380964
13.380964
12.726187
12.943029
13.053576
12.61564
13.164123
12.836734
13.597807
12.619891
13.814649
12.726187
13.164123
12.292503
13.708355
12.619891
12.619891
13.164123
12.509345
11.854567
13.380964
12.181956
12.726187
12.836734
13.814649
12.509345
12.071408
12.730438
13.48726
13.48726
12.726187
12.403049
13.164123
12.836734
12.947281
12.292503
12.836734
13.057828
13.053576
11.965114
13.380964
13.704102
12.61564
13.48726
13.5935545
14.142038
13.48726
12.943029
13.270417
14.031491
13.376713
14.252585
13.049324
14.031491
13.159871
13.814649
13.708355
12.943029
12.619891
13.814649
13.380964
14.035743
12.943029
13.164123
13.164123
13.270417
13.270417
13.920944
13.159871
13.814649
14.248333
13.376713
13.057828
13.270417
12.943029
13.274671
13.597807
13.159871
12.836734
13.48726
13.376713
14.031491
13.920944
14.248333
14.248333
13.270417
13.159871
13.159871
13.48726
13.164123
13.164123
12.61564
13.491511
14.035743
13.053576
13.053576
12.509345
13.380964
12.509345
13.164123
13.704102
12.726187
12.61564
13.164123
13.053576
12.509345
12.619891
13.491511
12.726187
13.818902
12.836734
11.965114
13.164123
13.053576
13.164123
13.708355
13.380964
12.619891
12.943029
12.61564
12.836734
12.836734
12.292503
12.075661
12.836734
13.380964
12.619891
13.491511
12.186207
11.748272
12.947281
12.186207
12.840985
11.637725
12.730438
13.057828
12.726187
12.730438
13.597807
13.814649
13.053576
13.597807
13.48726
13.053576
13.597807
13.376713
14.142038
13.704102
13.159871
13.704102
13.48726
14.142038
13.270417
14.142038
13.049324
12.836734
13.380964
13.5935545
13.814649
14.469427
14.575723
14.248333
14.575723
14.792564
13.814649
13.704102
13.920944
14.031491
13.266166
15.119954
14.575723
13.704102
13.704102
13.920944
13.704102
13.5935545
14.903111
13.925196
13.920944
13.814649
14.68627
14.031491
14.031491
14.248333
14.35888
14.354629
15.119954
14.89886
13.376713
13.48726
13.704102
14.903111
14.465176
13.5935545
13.376713
13.5935545
14.354629
14.465176
12.832482
14.252585
13.704102
12.943029
14.031491
14.792564
14.903111
13.5935545
14.35888
13.69985
13.810397
14.682017
14.89886
14.682017
14.575723
14.137786
13.376713
13.920944
14.354629
14.031491
14.89886
14.248333
14.137786
13.810397
15.226248
15.226248
14.575723
14.35888
14.137786
14.248333
14.031491
14.792564
15.009407
13.810397
13.704102
13.376713
14.248333
13.920944
14.35888
13.814649
14.248333
13.049324
14.575723
14.465176
15.009407
14.575723
14.031491
14.465176
14.137786
14.575723
13.810397
14.465176
13.810397
14.248333
13.704102
14.031491
13.704102
14.248333
14.031491
13.376713
14.031491
13.704102
14.35888
13.920944
13.704102
13.814649
14.031491
14.68627
14.031491
13.920944
14.575723
13.483009
14.465176
14.575723
13.704102
13.483009
14.68627
14.354629
13.159871
14.248333
13.380964
14.137786
13.920944
14.031491
13.920944
14.68627
14.248333
13.920944
13.376713
14.248333
14.02724
14.137786
14.575723
13.810397
13.270417
14.248333
14.248333
14.465176
12.943029
14.35888
13.704102
13.5935545
14.465176
13.483009
13.920944
14.137786
14.682017
15.119954
14.248333
14.465176
14.682017
13.810397
13.5935545
13.5935545
13.810397
14.575723
14.2440815
15.336795
14.02724
14.682017
14.682017
14.137786
13.5935545
13.266166
14.575723
14.465176
13.920944
14.682017
13.69985
14.465176
14.89886
13.920944
15.115701
14.682017
13.266166
13.266166
14.465176
14.137786
14.137786
14.465176
13.5935545
14.248333
13.810397
14.792564
14.02724
14.354629
14.137786
14.354629
14.02724
14.788313
14.354629
14.89886
14.354629
15.009407
14.682017
14.57147
14.354629
14.465176
13.920944
13.810397
14.137786
14.792564
13.372462
13.5935545
14.354629
15.009407
13.920944
15.009407
15.553638
14.682017
14.137786
13.483009
14.575723
14.354629
14.792564
14.354629
14.465176
14.682017
14.792564
14.89886
15.115701
14.2440815
14.02724
14.137786
14.137786
15.009407
14.465176
13.920944
14.465176
14.354629
14.137786
14.57147
13.5935545
14.354629
14.248333
14.682017
14.354629
13.920944
14.903111
14.682017
14.682017
14.35888
13.810397
14.137786
14.02724
14.02724
14.248333
15.009407
13.266166
15.009407
14.031491
13.483009
14.354629
14.35888
14.788313
15.443091
13.810397
13.483009
14.465176
14.137786
14.354629
15.664186
14.248333
13.159871
14.248333
13.483009
14.465176
13.810397
14.89886
14.354629
14.89886
14.57147
14.354629
15.009407
15.336795
14.248333
15.119954
14.02724
14.792564
14.682017
14.57147
13.920944
14.2440815
14.354629
14.35888
13.5935545
13.5935545
14.142038
13.810397
14.248333
14.465176
14.2440815
14.354629
14.682017
14.57147
14.57147
14.354629
14.137786
13.5935545
13.483009
13.266166
14.354629
14.248333
14.354629
14.682017
14.575723
14.02724
14.248333
13.376713
14.248333
13.704102
13.704102
14.248333
13.5935545
14.68627
14.2440815
14.792564
14.682017
14.02724
13.5935545
14.575723
14.682017
14.031491
13.920944
14.137786
13.483009
14.792564
14.354629
14.248333
14.682017
13.049324
13.5935545
14.575723
13.810397
13.920944
14.465176
14.682017
14.02724
14.465176
13.920944
14.465176
14.137786
14.137786
13.916693
13.814649
13.155619
13.48726
15.119954
14.248333
13.376713
14.68627
13.920944
14.2440815
13.920944
14.465176
14.02724
14.137786
15.009407
14.354629
13.483009
13.266166
14.465176
14.137786
14.89886
13.920944
13.589303
14.137786
13.5935545
13.5935545
14.248333
14.137786
13.704102
13.810397
13.920944
14.465176
13.376713
13.5935545
14.465176
14.788313
14.792564
14.465176
14.137786
14.248333
14.792564
13.810397
14.137786
15.013659
14.465176
14.137786
14.575723
13.376713
13.704102
14.792564
13.704102
14.031491
14.465176
13.814649
14.031491
14.682017
13.920944
13.920944
14.142038
13.483009
13.376713
14.465176
13.48726
13.597807
13.48726
13.159871
14.137786
14.35888
14.465176
14.575723
14.031491
14.575723
13.920944
12.832482
14.68627
14.465176
13.483009
14.031491
14.682017
13.5935545
13.48726
14.354629
13.810397
14.137786
14.02724
13.814649
14.137786
13.597807
13.708355
13.814649
13.814649
13.5935545
13.266166
13.376713
14.465176
13.266166
15.119954
13.704102
14.35888
14.031491
13.810397
14.248333
14.465176
13.704102
14.248333
13.920944
13.159871
12.832482
14.031491
14.137786
13.376713
13.704102
14.248333
14.031491
14.137786
13.814649
14.465176
14.354629
14.137786
15.119954
13.704102
14.248333
14.031491
13.810397
14.465176
13.814649
14.792564
13.049324
13.814649
13.48726
13.376713
14.465176
14.031491
13.810397
13.159871
14.575723
13.159871
14.465176
14.465176
13.810397
14.031491
14.575723
13.483009
13.376713
13.704102
14.137786
13.704102
13.376713
13.266166
14.575723
14.137786
14.35888
14.02724
14.792564
13.920944
14.137786
14.682017
14.792564
13.920944
13.920944
13.810397
13.5935545
13.920944
13.810397
14.031491
14.137786
13.5935545
13.920944
13.376713
14.35888
14.137786
13.266166
14.35888
13.266166
13.48726
14.903111
13.704102
14.248333
13.920944
14.35888
13.814649
14.137786
14.354629
14.354629
14.682017
14.465176
13.920944
13.920944
14.792564
13.920944
13.376713
14.142038
14.465176
13.810397
13.5935545
13.266166
13.5935545
14.792564
13.376713
14.031491
14.354629
15.009407
13.5935545
13.5935545
14.248333
13.704102
13.806146
14.465176
13.920944
13.266166
14.903111
13.483009
13.266166
14.142038
13.483009
13.5935545
13.920944
13.049324
13.266166
14.682017
14.02724
14.02724
13.920944
14.248333
14.137786
14.137786
13.5935545
13.810397
14.137786
15.336795
13.5935545
14.02724
14.575723
13.810397
13.920944
15.009407
13.266166
13.48726
13.920944
13.704102
14.575723
14.248333
14.465176
13.704102
13.483009
14.465176
14.460924
14.682017
14.2440815
15.443091
14.137786
13.372462
13.810397
13.920944
14.89886
13.920944
14.465176
14.248333
14.02724
14.465176
13.810397
14.354629
13.5935545
13.920944
15.009407
14.248333
13.704102
14.248333
14.137786
13.5935545
14.465176
14.248333
13.376713
14.35888
13.483009
14.248333
14.68627
14.354629
14.137786
14.465176
14.465176
14.89886
13.69985
14.354629
15.553638
14.682017
14.2440815
14.248333
14.354629
15.332544
14.788313
15.332544
14.460924
14.2440815
14.57147
15.332544
14.682017
14.2440815
13.810397
14.02724
13.920944
13.376713
14.575723
14.465176
13.920944
14.02724
14.89886
14.137786
15.119954
14.465176
14.682017
14.792564
13.704102
14.682017
14.248333
13.920944
14.354629
14.137786
13.920944
13.69985
14.248333
14.465176
14.792564
13.920944
14.465176
14.792564
13.376713
14.465176
14.031491
14.465176
13.920944
14.575723
13.920944
14.682017
13.810397
14.248333
13.704102
13.48726
12.832482
13.920944
13.810397
13.483009
14.137786
13.810397
15.119954
12.721935
14.248333
15.009407
14.465176
15.230501
13.376713
14.248333
14.575723
13.266166
14.89886
14.682017
14.2440815
14.248333
13.69985
14.89886
15.115701
15.119954
14.575723
13.049324
12.832482
14.575723
13.920944
13.376713
15.013659
14.137786
14.248333
13.376713
14.031491
14.57147
14.792564
14.133534
14.792564
14.137786
14.137786
13.376713
14.903111
14.248333
14.031491
14.682017
13.704102
14.137786
14.248333
14.575723
14.465176
14.137786
14.137786
13.704102
14.02724
14.682017
15.226248
15.770479
15.332544
14.137786
14.248333
14.682017
14.57147
14.031491
13.5935545
13.5935545
13.920944
14.248333
13.920944
14.792564
14.575723
13.810397
14.465176
14.575723
15.119954
14.575723
14.903111
14.465176
14.031491
14.792564
14.137786
14.89886
14.02724
14.89886
14.02724
14.354629
14.575723
15.009407
14.02724
14.575723
15.009407
14.682017
14.788313
14.89886
15.553638
14.460924
15.443091
15.009407
14.788313
15.119954
14.137786
14.57147
13.920944
14.460924
13.810397
14.248333
14.2440815
14.682017
15.115701
15.332544
14.682017
14.02724
14.248333
15.115701
14.354629
15.009407
14.2440815
15.336795
13.810397
14.682017
15.443091
15.770479
15.221997
16.093616
15.549385
15.549385
15.443091
15.115701
15.115701
15.119954
13.810397
14.575723
15.009407
14.460924
14.788313
15.005156
14.8946085
15.115701
15.443091
14.567219
15.226248
14.682017
14.460924
14.57147
15.443091
15.332544
14.460924
15.332544
16.31046
15.43884
15.115701
15.115701
15.549385
14.57147
14.788313
14.133534
15.226248
14.57147
14.465176
15.443091
14.788313
15.766228
15.876775
15.43884
15.983071
16.093616
15.983071
15.766228
15.43884
16.31046
15.655681
15.983071
15.221997
15.983071
16.527302
16.093616
16.416756
15.987322
15.332544
14.23983
15.876775
15.11145
14.8946085
15.226248
15.332544
15.005156
15.549385
15.43884
15.000902
16.093616
15.761976
16.637848
15.221997
15.983071
15.987322
15.43884
15.328293
16.421007
15.43884
15.872524
15.987322
14.8946085
16.093616
16.31471
16.093616
15.770479
14.89886
14.89886
15.443091
15.43884
15.876775
15.549385
15.983071
15.655681
15.443091
14.567219
15.332544
15.987322
15.115701
14.354629
14.57147
15.332544
15.005156
14.8946085
15.115701
15.005156
15.876775
15.226248
15.221997
15.005156
15.443091
15.332544
14.460924
15.115701
15.005156
15.983071
16.637848
16.199913
16.089365
15.655681
15.43884
15.221997
15.332544
15.332544
15.876775
15.553638
14.788313
15.332544
15.332544
14.8946085
15.766228
15.332544
15.549385
15.11145
15.221997
15.221997
15.766228
15.226248
15.549385
15.221997
15.987322
15.766228
15.328293
16.204163
15.876775
15.115701
14.354629
15.443091
15.443091
15.332544
14.677766
14.89886
15.332544
14.788313
14.788313
15.549385
15.983071
15.221997
14.57147
14.788313
15.009407
14.354629
14.354629
13.920944
14.354629
14.02724
13.916693
14.460924
14.57147
14.02724
14.465176
15.443091
15.005156
14.137786
14.57147
14.354629
15.336795
15.115701
15.221997
14.89886
15.43884
15.983071
14.354629
14.57147
14.137786
14.354629
14.460924
15.226248
14.02724
14.57147
14.248333
15.009407
14.460924
15.332544
14.792564
15.332544
14.57147
14.89886
14.788313
14.788313
14.784061
15.987322
15.005156
15.43884
14.89886
15.983071
15.549385
15.443091
15.115701
15.659932
14.89886
14.682017
14.89886
14.460924
14.788313
15.226248
15.659932
15.226248
15.005156
15.659932
15.332544
15.11145
15.43884
15.11145
15.659932
15.005156
14.677766
15.115701
15.115701
14.02724
14.465176
14.89886
15.226248
15.336795
14.57147
14.682017
14.02724
14.682017
14.465176
15.115701
14.682017
15.009407
14.57147
15.226248
15.226248
13.810397
14.682017
14.89886
13.916693
15.770479
15.876775
15.332544
15.221997
15.549385
14.89886
14.682017
15.009407
15.221997
15.659932
14.89886
15.221997
13.920944
15.226248
14.89886
14.2440815
14.677766
14.788313
15.443091
14.354629
14.460924
14.682017
15.332544
15.553638
14.677766
14.682017
14.460924
15.226248
15.443091
15.221997
15.226248
14.788313
14.89886
15.115701
15.005156
15.987322
14.788313
15.443091
14.788313
15.443091
15.221997
16.199913
16.421007
15.443091
14.57147
14.465176
14.89886
14.57147
15.119954
15.770479
14.57147
14.248333
15.553638
15.115701
15.009407
14.465176
14.57147
15.226248
14.35888
14.792564
14.788313
15.443091
15.226248
15.443091
15.443091
14.354629
15.549385
14.89886
14.2440815
14.682017
14.465176
14.248333
14.35888
14.031491
14.248333
14.575723
14.248333
15.119954
15.119954
15.553638
15.226248
14.903111
15.119954
14.137786
14.792564
15.119954
14.465176
15.553638
15.664186
14.788313
15.226248
14.57147
14.682017
14.02724
15.009407
14.354629
14.465176
15.009407
14.792564
14.465176
15.119954
14.137786
14.89886
13.916693
14.57147
15.43884
14.460924
14.89886
15.332544
15.876775
15.549385
16.31471
16.093616
14.460924
14.57147
14.57147
15.009407
15.43884
15.005156
15.115701
15.766228
15.332544
14.788313
15.43884
14.792564
14.788313
15.332544
15.115701
14.354629
15.332544
14.788313
15.11145
15.332544
15.005156
15.332544
14.350377
14.784061
14.788313
15.443091
14.788313
15.115701
15.226248
15.332544
14.57147
15.115701
15.115701
15.549385
15.115701
14.460924
15.115701
15.549385
15.005156
14.133534
15.226248
15.005156
15.221997
15.221997
14.788313
15.655681
16.204163
15.11145
15.987322
15.983071
15.549385
15.005156
13.916693
15.770479
14.8946085
15.336795
16.204163
14.89886
15.221997
14.57147
14.788313
15.549385
15.443091
14.8946085
14.788313
15.221997
16.527302
16.204163
15.328293
15.332544
16.089365
16.093616
15.43884
15.332544
15.876775
14.682017
14.677766
15.336795
15.766228
15.005156
15.43884
15.987322
15.332544
15.005156
16.31046
15.549385
16.204163
15.876775
15.770479
15.659932
14.89886
15.115701
15.770479
15.115701
15.770479
14.89886
15.549385
14.788313
15.659932
15.766228
15.443091
15.332544
14.682017
14.354629
15.226248
14.788313
15.549385
15.221997
14.89886
15.659932
15.876775
14.89886
16.093616
14.788313
15.332544
15.009407
15.226248
14.788313
15.115701
14.89886
15.664186
14.465176
15.009407
14.248333
15.336795
14.465176
14.682017
14.354629
15.226248
14.354629
15.119954
14.89886
14.788313
15.553638
15.009407
15.553638
15.876775
14.682017
15.553638
15.336795
15.009407
14.248333
14.792564
14.465176
15.553638
15.115701
15.876775
15.881026
15.226248
14.89886
14.903111
15.226248
14.465176
15.226248
15.009407
14.57147
14.89886
15.770479
15.987322
14.792564
14.137786
14.57147
14.903111
15.119954
14.248333
14.575723
14.682017
14.142038
15.009407
14.792564
14.792564
14.792564
14.248333
13.920944
14.35888
14.903111
14.575723
14.465176
15.336795
14.792564
14.89886
14.903111
14.575723
14.792564
14.575723
14.354629
15.009407
15.119954
15.447342
15.009407
14.465176
15.226248
14.248333
14.465176
13.920944
14.248333
15.009407
14.903111
14.575723
15.119954
14.575723
13.704102
14.903111
14.682017
15.447342
15.226248
14.465176
15.443091
14.248333
15.009407
15.447342
14.248333
14.465176
14.248333
14.354629
14.792564
15.553638
15.115701
15.770479
15.770479
14.57147
15.009407
15.987322
15.005156
14.89886
15.443091
15.115701
15.009407
15.009407
14.792564
14.792564
15.226248
15.659932
15.336795
15.659932
15.664186
14.682017
15.009407
15.009407
14.792564
15.009407
15.009407
14.89886
15.226248
14.465176
15.332544
15.226248
15.336795
14.89886
14.460924
15.009407
15.009407
15.226248
15.336795
15.226248
14.792564
13.920944
14.792564
14.031491
14.903111
14.682017
14.248333
14.575723
14.682017
15.009407
14.792564
14.89886
15.119954
14.68627
14.465176
15.664186
15.553638
14.682017
15.336795
14.465176
14.792564
14.575723
15.009407
15.009407
14.792564
13.920944
13.5935545
14.248333
14.792564
15.119954
13.704102
14.682017
14.354629
14.575723
14.68627
14.465176
15.119954
14.792564
14.575723
15.664186
15.659932
15.336795
14.57147
15.443091
15.009407
15.336795
14.575723
14.465176
15.009407
14.792564
14.575723
14.68627
14.137786
14.248333
14.903111
15.553638
14.575723
14.575723
14.682017
14.575723
15.230501
14.35888
15.009407
15.336795
14.792564
14.465176
14.792564
14.465176
14.35888
14.792564
15.336795
14.792564
15.119954
14.35888
13.5935545
15.119954
14.792564
14.575723
14.248333
14.903111
14.903111
14.575723
15.009407
14.35888
14.248333
14.682017
14.575723
14.02724
14.137786
14.792564
14.465176
14.792564
14.68627
14.248333
14.248333
14.575723
13.920944
14.031491
14.903111
14.35888
15.336795
14.792564
14.575723
14.68627
14.792564
15.336795
14.137786
14.575723
15.009407
14.137786
14.575723
14.35888
15.119954
14.682017
14.465176
14.575723
14.031491
15.230501
15.336795
13.814649
14.575723
14.682017
14.465176
14.792564
14.137786
14.465176
15.447342
14.682017
14.792564
15.119954
15.336795
14.031491
15.119954
14.137786
14.35888
15.336795
13.810397
14.248333
13.920944
15.119954
14.903111
15.336795
14.248333
14.465176
14.137786
14.903111
15.447342
13.920944
14.792564
14.465176
14.137786
15.009407
14.792564
15.119954
15.226248
14.465176
15.226248
14.354629
14.68627
15.009407
14.575723
15.009407
15.009407
15.119954
13.920944
14.248333
14.469427
13.920944
14.68627
14.682017
14.575723
14.903111
14.575723
13.814649
15.447342
14.792564
15.226248
15.119954
15.013659
15.553638
14.788313
14.35888
14.137786
14.35888
14.248333
14.35888
14.248333
13.814649
14.031491
15.119954
13.814649
14.248333
13.920944
14.35888
15.119954
14.792564
14.68627
14.465176
14.465176
14.137786
14.792564
14.465176
15.009407
14.354629
14.031491
14.903111
14.354629
13.704102
15.013659
14.248333
13.814649
14.248333
13.48726
14.68627
15.226248
14.575723
15.664186
15.119954
14.137786
14.248333
14.469427
15.119954
13.376713
14.575723
14.248333
14.248333
14.35888
14.575723
14.142038
14.575723
14.137786
14.35888
13.5935545
14.68627
13.920944
14.142038
14.575723
14.903111
15.230501
14.248333
14.031491
14.792564
15.119954
14.248333
13.920944
13.814649
14.903111
14.465176
14.248333
14.248333
14.579974
14.248333
13.5935545
14.35888
14.465176
13.704102
14.35888
14.575723
14.465176
14.35888
14.469427
14.575723
13.704102
15.119954
14.248333
14.35888
15.659932
15.230501
15.226248
14.575723
14.792564
14.02724
14.903111
14.57147
15.553638
15.119954
14.903111
14.57147
14.35888
15.119954
14.031491
14.575723
14.792564
14.35888
15.336795
14.792564
14.68627
14.792564
15.119954
15.009407
15.009407
14.903111
14.575723
15.115701
15.443091
15.553638
15.009407
15.119954
14.57147
14.903111
13.916693
14.575723
14.575723
15.119954
14.792564
15.009407
14.792564
14.903111
14.903111
14.903111
14.248333
14.35888
15.119954
14.89886
15.009407
14.575723
14.903111
14.575723
14.465176
14.903111
15.009407
14.792564
15.119954
14.575723
14.465176
15.119954
14.903111
14.248333
15.447342
14.575723
14.575723
14.142038
14.469427
14.142038
13.925196
14.35888
14.903111
13.704102
14.575723
13.920944
14.35888
15.336795
14.575723
14.575723
14.89886
14.031491
15.336795
15.336795
14.248333
15.009407
14.465176
14.465176
14.575723
15.336795
14.465176
15.230501
14.68627
14.68627
14.031491
14.792564
15.119954
15.009407
14.792564
14.903111
14.792564
14.575723
14.142038
14.248333
14.792564
14.792564
13.704102
15.774733
14.465176
14.575723
14.903111
15.336795
14.575723
15.119954
14.031491
14.142038
15.119954
14.68627
14.903111
13.704102
14.903111
14.465176
14.248333
14.792564
14.35888
13.925196
13.704102
14.35888
14.35888
14.142038
14.903111
14.68627
14.903111
14.469427
14.35888
14.469427
14.031491
14.35888
13.708355
13.925196
13.597807
13.925196
13.48726
13.814649
14.142038
14.68627
14.35888
14.031491
14.68627
13.708355
14.142038
14.469427
13.708355
14.031491
14.142038
14.469427
15.009407
14.903111
14.68627
14.903111
14.35888
14.142038
14.469427
13.708355
13.925196
13.708355
13.925196
13.376713
13.814649
14.031491
14.35888
14.35888
13.920944
14.35888
14.575723
14.903111
14.68627
14.031491
14.903111
14.903111
14.575723
14.68627
14.575723
14.363132
14.35888
14.68627
14.252585
14.903111
14.35888
14.469427
14.248333
14.35888
14.68627
15.119954
14.248333
14.465176
14.792564
14.35888
14.031491
14.031491
14.142038
14.35888
15.557889
14.792564
14.248333
14.68627
15.009407
13.920944
14.142038
14.796817
13.164123
13.708355
13.053576
14.035743
14.035743
14.35888
13.491511
14.252585
15.119954
13.597807
14.35888
13.704102
14.469427
14.35888
13.814649
13.925196
14.142038
14.252585
14.142038
13.159871
14.142038
13.925196
14.142038
12.947281
13.48726
13.491511
13.818902
14.796817
13.818902
14.469427
14.35888
13.708355
14.68627
14.35888
13.708355
14.252585
14.903111
13.597807
13.925196
14.469427
13.597807
13.48726
13.274671
14.35888
13.270417
14.035743
14.796817
13.818902
14.14629
13.597807
13.164123
14.252585
14.252585
13.380964
13.597807
13.814649
13.925196
14.579974
14.142038
13.925196
13.48726
13.270417
14.252585
15.119954
14.142038
13.920944
14.903111
13.708355
14.142038
13.597807
14.796817
13.270417
13.925196
14.031491
14.252585
14.903111
14.35888
14.142038
14.35888
14.575723
13.708355
14.031491
14.031491
13.925196
14.35888
14.142038
13.929449
13.597807
14.469427
14.469427
15.119954
14.142038
14.142038
13.704102
13.708355
14.68627
14.68627
14.252585
14.252585
12.836734
13.491511
14.575723
13.270417
15.013659
14.792564
14.031491
14.903111
13.814649
14.68627
13.920944
14.142038
14.68627
14.031491
14.35888
14.575723
14.142038
14.575723
14.575723
13.814649
14.68627
14.903111
14.575723
15.447342
14.903111
14.35888
14.792564
15.013659
14.248333
14.903111
14.575723
14.248333
14.465176
14.465176
14.903111
14.465176
13.920944
15.557889
15.336795
15.447342
14.903111
13.920944
14.792564
14.465176
14.248333
14.792564
14.35888
14.796817
14.575723
14.031491
14.248333
14.792564
14.35888
14.682017
14.35888
15.664186
14.575723
14.682017
14.682017
14.465176
14.575723
14.682017
14.682017
14.89886
14.792564
14.792564
14.575723
14.792564
15.119954
13.920944
14.35888
14.792564
14.68627
14.68627
14.68627
14.465176
15.553638
15.553638
15.336795
14.248333
14.575723
15.447342
14.465176
14.903111
14.031491
15.009407
15.119954
15.447342
15.009407
15.881026
14.575723
14.137786
14.792564
14.465176
14.792564
14.792564
15.336795
14.465176
14.903111
13.920944
14.903111
15.770479
14.682017
14.89886
15.336795
14.465176
14.137786
14.575723
14.248333
14.682017
15.336795
14.792564
15.009407
15.009407
14.788313
14.792564
14.575723
15.009407
15.226248
14.575723
14.57147
15.226248
15.009407
14.02724
14.682017
15.226248
15.115701
15.447342
15.770479
15.881026
15.009407
15.115701
14.575723
15.119954
15.336795
15.991573
14.57147
15.226248
16.531553
15.770479
15.226248
15.226248
15.664186
14.682017
14.903111
15.009407
14.682017
14.465176
15.009407
14.89886
14.792564
14.465176
15.336795
15.553638
14.354629
13.920944
14.682017
14.35888
14.465176
15.226248
14.903111
15.226248
15.009407
14.575723
14.89886
15.119954
15.443091
15.226248
15.119954
15.119954
14.792564
15.226248
14.248333
15.009407
14.35888
14.575723
14.792564
15.226248
15.664186
15.009407
15.230501
14.575723
15.119954
15.119954
14.465176
15.119954
15.553638
14.903111
14.792564
14.575723
14.682017
14.792564
13.920944
14.792564
14.792564
14.682017
15.119954
15.119954
14.575723
14.89886
14.792564
13.5935545
14.35888
15.226248
14.354629
14.248333
14.575723
15.447342
14.792564
14.792564
15.226248
15.443091
15.659932
15.659932
15.009407
15.336795
15.443091
14.682017
15.115701
14.575723
14.792564
14.35888
14.792564
14.031491
15.336795
14.903111
14.682017
14.575723
14.2440815
15.119954
15.009407
14.460924
15.553638
15.987322
14.682017
14.89886
14.465176
15.119954
14.575723
14.57147
14.35888
14.465176
14.465176
15.336795
14.137786
15.119954
13.920944
15.336795
15.009407
14.68627
13.920944
14.68627
15.443091
15.009407
14.89886
16.09787
14.89886
15.009407
15.336795
14.682017
15.119954
14.682017
15.009407
14.354629
15.009407
15.336795
14.248333
14.465176
14.903111
14.682017
15.447342
14.575723
15.119954
14.68627
14.575723
14.68627
15.226248
15.664186
14.354629
15.119954
15.119954
14.89886
14.792564
14.792564
14.354629
15.009407
15.553638
15.336795
15.119954
14.575723
14.89886
15.447342
14.792564
14.792564
15.119954
14.248333
14.903111
14.248333
13.920944
14.903111
15.447342
14.792564
14.465176
14.89886
14.682017
14.792564
14.792564
14.35888
14.575723
13.920944
15.119954
14.903111
15.009407
15.230501
14.792564
14.792564
15.119954
14.792564
14.248333
15.119954
14.465176
14.031491
15.230501
14.35888
14.792564
13.814649
14.575723
14.465176
14.903111
14.903111
14.575723
15.009407
13.814649
15.336795
14.35888
14.792564
14.031491
14.792564
14.031491
14.35888
14.575723
14.469427
14.792564
14.465176
14.903111
14.469427
14.575723
13.920944
14.68627
14.575723
14.35888
14.575723
13.920944
14.575723
13.814649
14.575723
14.35888
14.792564
14.35888
15.119954
14.465176
15.119954
14.575723
14.68627
15.119954
15.553638
14.465176
15.119954
15.447342
14.575723
15.009407
15.009407
14.031491
14.465176
14.792564
15.230501
15.336795
14.575723
15.336795
15.009407
15.336795
14.575723
14.575723
14.682017
14.903111
14.248333
14.575723
14.354629
14.575723
14.35888
14.682017
14.792564
14.248333
15.664186
14.68627
14.465176
14.575723
15.447342
14.465176
14.792564
14.465176
13.920944
15.119954
14.465176
14.575723
13.920944
14.031491
14.35888
15.119954
14.792564
14.465176
14.575723
15.336795
14.465176
14.792564
14.682017
15.226248
15.336795
15.447342
14.575723
14.903111
14.575723
14.792564
14.031491
14.903111
14.575723
13.704102
15.336795
15.013659
14.682017
15.009407
14.792564
14.465176
14.031491
15.009407
14.031491
14.792564
14.031491
13.920944
15.009407
14.031491
14.35888
14.031491
15.119954
14.248333
14.248333
14.248333
15.119954
13.920944
14.903111
15.119954
14.248333
15.119954
14.031491
14.465176
14.575723
13.704102
13.814649
14.792564
14.465176
15.119954
15.009407
14.792564
15.009407
14.137786
14.903111
14.682017
14.465176
15.336795
14.89886
14.903111
13.920944
14.575723
14.903111
14.248333
14.575723
14.248333
13.920944
14.35888
14.792564
14.903111
14.031491
15.009407
13.704102
14.465176
14.903111
14.248333
14.575723
14.465176
14.248333
15.230501
14.465176
14.792564
14.682017
14.354629
13.704102
14.248333
14.903111
14.248333
14.465176
14.792564
14.792564
14.469427
14.248333
14.792564
14.35888
14.248333
14.68627
15.447342
14.465176
14.579974
14.903111
14.68627
14.796817
14.031491
14.031491
14.469427
14.248333
13.704102
15.013659
14.682017
14.575723
14.248333
14.68627
14.68627
14.792564
14.68627
14.792564
14.354629
14.68627
14.792564
14.031491
14.248333
14.68627
14.575723
15.226248
14.792564
14.35888
14.575723
14.68627
14.68627
13.920944
14.68627
15.557889
14.792564
13.920944
14.682017
14.575723
14.903111
14.903111
14.142038
13.925196
14.142038
13.270417
14.68627
14.35888
14.142038
13.814649
14.248333
15.119954
14.031491
15.119954
14.35888
15.664186
13.920944
14.792564
14.575723
15.119954
14.248333
15.336795
13.48726
14.35888
15.013659
13.704102
13.814649
13.925196
14.031491
14.035743
13.814649
13.708355
15.230501
14.031491
14.142038
13.920944
14.792564
14.903111
13.920944
14.68627
15.336795
13.920944
14.792564
14.903111
13.814649
14.142038
14.903111
14.142038
14.035743
14.35888
12.509345
13.708355
13.814649
13.814649
13.814649
14.35888
13.814649
14.252585
14.35888
13.704102
14.796817
13.814649
14.68627
14.35888
13.814649
14.469427
13.814649
14.35888
13.925196
13.597807
14.35888
15.230501
13.704102
14.252585
14.575723
14.68627
14.469427
14.575723
14.68627
14.248333
14.465176
15.119954
14.792564
14.142038
14.142038
14.248333
14.35888
14.35888
15.119954
14.903111
13.376713
14.469427
14.031491
13.814649
14.68627
14.469427
13.704102
13.597807
14.248333
14.35888
14.792564
14.35888
14.137786
14.35888
15.119954
14.031491
14.68627
14.031491
14.575723
15.009407
14.465176
14.35888
13.376713
14.031491
14.903111
15.013659
14.575723
13.704102
14.35888
13.380964
14.142038
13.814649
14.575723
13.708355
13.818902
13.925196
14.903111
14.796817
13.814649
14.903111
13.814649
14.142038
13.704102
14.35888
14.469427
14.142038
14.035743
14.792564
13.814649
14.903111
14.35888
14.796817
14.903111
14.469427
13.708355
13.380964
14.035743
14.35888
14.252585
13.597807
14.469427
14.252585
13.491511
13.270417
13.597807
13.814649
13.925196
13.597807
13.818902
13.48726
13.708355
14.252585
14.469427
13.814649
14.469427
13.925196
14.575723
13.708355
14.575723
14.579974
13.597807
14.035743
13.925196
13.925196
14.68627
14.575723
14.68627
14.35888
14.35888
14.469427
14.68627
14.35888
14.035743
14.142038
14.142038
14.142038
14.68627
14.469427
14.68627
14.031491
14.354629
14.575723
14.68627
14.248333
14.68627
14.903111
14.35888
14.35888
15.119954
14.031491
14.575723
14.465176
15.447342
13.704102
14.682017
14.35888
14.68627
15.013659
14.575723
15.013659
14.68627
14.68627
14.35888
14.142038
14.142038
14.35888
14.68627
14.35888
14.252585
14.68627
14.363132
14.469427
14.469427
14.68627
13.925196
14.792564
14.68627
15.230501
14.142038
15.230501
15.013659
13.708355
14.142038
13.270417
13.925196
15.013659
14.142038
15.230501
13.597807
14.796817
14.469427
14.469427
14.252585
14.252585
14.031491
13.597807
14.363132
13.708355
15.230501
14.469427
13.920944
13.814649
14.252585
14.469427
14.796817
14.469427
14.68627
14.035743
14.252585
13.814649
15.013659
13.597807
14.142038
14.035743
13.925196
14.035743
14.252585
14.796817
14.035743
14.796817
14.579974
14.252585
13.925196
14.68627
14.035743
13.814649
14.469427
14.142038
14.142038
14.142038
13.597807
14.469427
13.925196
14.903111
13.380964
14.248333
15.013659
13.380964
14.469427
14.469427
14.14629
14.903111
14.68627
13.708355
13.814649
14.142038
13.708355
14.68627
13.597807
13.925196
14.68627
14.252585
14.14629
14.252585
13.925196
13.597807
13.380964
13.925196
14.035743
12.836734
14.035743
14.035743
13.491511
13.708355
13.602058
13.385218
13.274671
13.491511
13.818902
13.491511
12.947281
13.057828
13.708355
12.947281
13.602058
13.385218
13.712605
13.818902
13.708355
13.929449
13.818902
13.164123
13.602058
13.164123
13.818902
13.168375
13.818902
12.513597
13.385218
12.947281
13.491511
13.385218
13.929449
12.951532
13.495763
13.385218
11.8630705
12.296754
12.951532
13.168375
13.168375
12.624144
12.734691
13.385218
13.168375
13.164123
12.951532
13.057828
12.619891
13.712605
12.513597
12.951532
13.602058
12.407301
12.734691
12.624144
12.624144
12.951532
11.646228
13.278922
11.8630705
12.301006
12.190459
12.624144
12.734691
12.840985
12.517848
13.495763
13.057828
12.079912
12.513597
12.840985
13.168375
12.951532
12.190459
12.190459
12.840985
12.517848
12.301006
12.734691
12.301006
13.062079
11.646228
12.738942
12.624144
12.301006
11.973618
12.734691
11.429386
12.301006
12.079912
11.973618
12.190459
11.539933
12.624144
12.079912
12.845238
12.190459
11.973618
12.517848
11.756775
11.646228
11.429386
11.535681
11.539933
12.301006
11.756775
11.2125435
11.318839
11.429386
11.646228
12.190459
10.995702
11.756775
11.323091
12.194712
11.756775
11.756775
12.301006
12.628395
11.323091
12.190459
11.646228
11.756775
12.517848
12.084165
12.301006
11.977869
11.65048
11.756775
11.323091
12.194712
12.301006
11.433638
11.867322
11.323091
11.867322
12.628395
12.084165
11.977869
10.77886
11.977869
11.323091
11.544185
11.539933
11.867322
11.65048
11.323091
11.106249
11.867322
11.323091
11.323091
12.190459
12.084165
10.889407
10.995702
11.756775
11.433638
11.106249
11.867322
11.867322
10.562017
11.761026
11.106249
11.106249
11.323091
11.433638
10.6725645
10.999953
11.539933
11.106249
11.106249
11.433638
10.995702
10.562017
11.65048
12.194712
10.77886
10.995702
10.889407
10.783112
10.345176
10.783112
11.761026
11.106249
11.761026
11.65048
10.345176
10.128334
10.889407
10.017787
10.999953
10.6725645
11.761026
10.455723
10.889407
11.761026
11.327342
10.6725645
10.6725645
10.455723
10.889407
10.999953
10.6725645
10.783112
11.544185
10.6725645
11.327342
10.23888
10.455723
10.455723
10.23888
11.437889
10.566269
10.566269
10.999953
10.999953
11.1105
10.562017
10.6725645
10.455723
10.893659
9.911491
11.327342
10.23888
10.128334
10.566269
10.893659
10.893659
10.999953
10.783112
10.783112
10.783112
10.455723
10.455723
11.327342
10.455723
10.23888
11.1105
10.455723
10.783112
10.345176
10.566269
10.999953
10.999953
10.783112
11.1105
10.783112
9.911491
10.349427
10.999953
11.327342
10.676816
10.349427
10.6725645
9.69465
10.999953
10.893659
10.562017
10.0220375
10.999953
10.455723
10.0220375
10.676816
10.0220375
9.805196
10.999953
9.915743
10.0220375
9.911491
10.23888
10.132585
10.566269
9.698901
10.349427
10.23888
9.809448
10.243132
9.698901
10.243132
10.132585
10.783112
9.915743
10.349427
10.0220375
9.588354
10.243132
10.0220375
9.15467
10.893659
10.459974
9.15467
10.349427
10.243132
10.132585
8.933577
10.243132
11.004206
9.915743
10.349427
9.482059
9.482059
10.132585
9.371511
9.265217
9.698901
8.937827
9.698901
9.482059
10.02629
9.375764
9.482059
9.265217
9.15467
10.132585
9.15467
10.459974
9.371511
10.132585
9.15467
10.136837
8.82728
8.82728
9.809448
8.937827
9.482059
8.937827
9.482059
10.243132
9.482059
9.915743
9.805196
9.265217
10.02629
8.716734
9.375764
8.82728
10.02629
8.82728
9.15467
9.698901
9.592606
9.482059
9.915743
9.482059
9.698901
9.698901
9.588354
10.353679
9.915743
9.482059
10.353679
9.698901
9.371511
10.459974
8.8315325
9.15467
9.15467
9.698901
9.265217
9.588354
9.915743
10.243132
9.371511
8.937827
9.588354
9.588354
9.915743
9.915743
10.132585
9.371511
9.371511
10.132585
9.482059
9.265217
9.265217
8.82728
9.265217
9.482059
9.809448
9.371511
9.044123
10.02629
9.809448
9.809448
8.937827
9.482059
9.044123
10.570521
9.482059
9.809448
8.287301
8.937827
8.8315325
9.698901
9.048374
8.720985
8.8315325
8.720985
9.048374
9.915743
8.610438
8.82728
9.809448
9.15467
9.048374
9.482059
9.265217
8.720985
10.02629
8.504144
9.482059
8.070459
9.265217
8.720985
9.919995
8.720985
9.482059
8.8315325
10.02629
9.265217
8.937827
9.809448
8.176754
9.265217
9.809448
9.265217
10.243132
9.15467
9.809448
8.610438
9.482059
9.482059
9.265217
9.482059
8.720985
9.915743
9.482059
9.265217
9.265217
9.158921
8.720985
9.698901
9.048374
8.937827
8.504144
9.809448
8.504144
9.265217
8.720985
10.136837
9.048374
10.243132
9.698901
9.265217
10.243132
9.371511
9.482059
9.15467
9.371511
9.371511
9.592606
9.482059
8.720985
9.482059
9.809448
9.15467
9.482059
8.82728
8.610438
9.698901
9.698901
9.048374
9.482059
9.15467
9.482059
9.371511
10.02629
9.260964
9.482059
9.371511
9.915743
9.15467
9.915743
9.698901
9.044123
9.482059
9.809448
9.265217
9.375764
8.937827
9.482059
8.937827
10.459974
9.371511
10.132585
10.132585
9.371511
9.698901
10.676816
8.937827
10.566269
9.805196
9.809448
10.243132
10.459974
10.132585
10.349427
10.132585
9.588354
10.349427
10.787363
10.676816
9.150418
9.588354
10.459974
10.132585
10.132585
10.893659
10.02629
10.999953
10.0220375
11.1105
10.132585
10.349427
10.566269
10.676816
10.132585
9.477807
10.566269
10.349427
11.437889
10.455723
10.349427
10.23888
10.783112
10.676816
10.132585
10.23888
10.23888
11.327342
9.69465
10.783112
10.455723
10.349427
10.566269
11.544185
10.0220375
10.349427
10.783112
10.349427
10.345176
10.23888
11.654732
10.0220375
10.23888
10.783112
10.0220375
10.783112
10.6725645
10.23888
10.566269
10.23888
11.327342
11.216796
10.676816
10.893659
11.1105
10.566269
10.566269
10.566269
10.345176
10.349427
10.783112
10.23888
10.999953
11.221047
10.128334
10.999953
10.783112
11.327342
11.1105
10.999953
11.1105
10.999953
11.327342
11.544185
10.999953
10.23888
10.6725645
10.783112
10.893659
10.6725645
11.1105
10.999953
11.216796
10.889407
10.783112
10.783112
10.999953
10.999953
10.999953
10.566269
11.327342
10.999953
11.327342
10.6725645
11.216796
10.455723
10.77886
10.783112
10.562017
10.783112
10.783112
10.345176
11.1105
10.783112
10.893659
10.999953
11.544185
10.6725645
11.433638
11.106249
11.433638
10.889407
11.433638
11.65048
11.1105
10.6725645
10.889407
11.216796
11.106249
10.345176
11.433638
12.084165
10.889407
11.756775
10.77886
11.977869
11.433638
10.889407
11.539933
11.544185
11.544185
11.327342
10.889407
11.216796
11.867322
11.323091
11.65048
11.106249
11.539933
12.411553
11.323091
11.65048
12.084165
12.084165
11.867322
12.084165
11.539933
11.756775
11.2125435
12.194712
11.2125435
11.65048
12.190459
11.65048
11.867322
11.867322
11.756775
11.433638
11.2125435
12.194712
11.323091
11.323091
11.646228
11.433638
12.194712
11.429386
12.301006
12.079912
12.084165
12.517848
11.867322
12.517848
12.301006
11.8630705
12.955785
12.734691
12.734691
11.646228
12.411553
12.407301
11.539933
12.190459
13.062079
11.2125435
11.318839
12.407301
13.278922
13.168375
12.517848
12.734691
11.535681
12.517848
12.190459
12.407301
12.407301
12.084165
11.867322
12.411553
11.867322
12.190459
12.407301
11.8630705
12.301006
12.084165
12.517848
12.624144
11.756775
12.951532
12.190459
12.624144
12.407301
12.190459
12.084165
11.756775
12.079912
13.062079
12.951532
12.190459
11.752523
12.845238
12.084165
12.084165
11.646228
13.062079
13.389469
11.8630705
12.734691
11.752523
12.517848
11.535681
12.190459
12.951532
12.407301
12.845238
12.734691
12.301006
12.301006
12.084165
12.190459
12.628395
12.517848
13.168375
12.951532
12.190459
12.517848
12.079912
13.062079
12.407301
12.190459
12.084165
11.973618
12.628395
11.756775
11.646228
11.539933
12.190459
11.8630705
11.867322
11.535681
12.951532
12.407301
12.079912
12.845238
11.8630705
12.517848
11.752523
12.517848
11.756775
12.084165
12.301006
11.867322
11.539933
11.323091
12.628395
11.973618
12.194712
12.084165
12.084165
11.65048
11.539933
11.2125435
11.867322
12.194712
12.194712
12.411553
11.973618
11.867322
12.517848
11.756775
12.301006
12.190459
12.084165
12.624144
11.973618
11.867322
11.867322
12.084165
11.106249
12.411553
12.411553
11.756775
12.411553
11.973618
11.756775
12.084165
12.084165
11.756775
11.429386
11.867322
12.411553
10.77886
12.084165
12.628395
11.756775
12.517848
11.752523
12.734691
12.407301
11.646228
12.951532
12.301006
11.977869
11.756775
11.106249
12.517848
12.407301
11.2125435
12.301006
11.535681
12.734691
13.062079
12.845238
12.951532
12.079912
11.867322
12.628395
13.062079
12.407301
12.628395
12.951532
12.301006
11.756775
11.756775
12.517848
13.278922
12.301006
12.734691
12.411553
12.734691
11.973618
12.194712
12.084165
11.539933
12.407301
11.65048
11.65048
11.973618
11.867322
12.194712
12.190459
12.845238
12.190459
12.734691
12.517848
12.301006
12.084165
12.845238
12.190459
11.867322
12.628395
12.084165
11.646228
11.8630705
12.084165
12.190459
12.301006
12.951532
12.517848
12.190459
12.190459
12.734691
12.301006
12.951532
12.628395
12.951532
12.190459
12.407301
12.194712
12.407301
12.190459
11.752523
12.517848
11.973618
12.190459
11.867322
12.296754
12.084165
12.845238
12.301006
13.389469
12.845238
13.062079
12.513597
12.407301
12.624144
11.973618
11.973618
11.8630705
12.734691
12.624144
13.823153
13.168375
12.517848
12.734691
13.60631
12.624144
13.60631
12.190459
12.517848
12.730438
12.845238
13.712605
13.278922
12.951532
12.190459
12.407301
13.168375
12.407301
12.840985
12.407301
12.730438
13.278922
12.513597
13.168375
12.951532
12.840985
13.602058
12.624144
13.274671
12.079912
13.602058
12.734691
13.168375
12.517848
13.823153
13.057828
14.039994
13.385218
13.274671
13.274671
13.818902
13.602058
12.513597
13.057828
12.840985
12.407301
12.190459
12.624144
12.079912
12.734691
13.168375
13.929449
13.168375
12.730438
12.840985
13.057828
13.929449
13.274671
13.274671
13.491511
13.929449
14.035743
13.385218
13.597807
13.602058
14.035743
12.947281
12.624144
14.14629
13.168375
13.385218
13.602058
13.495763
13.385218
12.947281
13.712605
13.602058
13.274671
13.385218
13.274671
13.602058
13.708355
13.708355
13.929449
14.035743
13.057828
13.818902
13.380964
13.385218
14.14629
13.818902
13.057828
13.602058
13.274671
13.602058
12.947281
13.385218
12.951532
13.597807
13.168375
13.385218
13.274671
13.818902
12.730438
13.602058
13.602058
12.840985
13.818902
13.491511
13.057828
13.818902
13.495763
13.164123
13.708355
14.252585
13.818902
14.252585
13.491511
14.035743
13.385218
14.035743
12.947281
13.491511
13.818902
13.602058
12.947281
13.602058
13.491511
13.385218
13.602058
13.057828
13.929449
14.252585
12.730438
14.14629
13.602058
13.274671
13.385218
12.951532
13.712605
13.385218
13.602058
13.385218
13.274671
13.602058
12.840985
12.840985
13.818902
14.252585
13.929449
13.708355
13.385218
13.385218
13.274671
13.602058
14.035743
13.385218
14.035743
13.712605
13.48726
13.602058
13.164123
13.818902
13.602058
14.035743
12.513597
13.929449
13.491511
13.602058
13.168375
13.274671
13.602058
13.274671
13.929449
13.708355
14.469427
13.385218
13.708355
14.035743
14.579974
13.925196
13.818902
13.708355
14.252585
14.252585
13.818902
14.035743
13.380964
13.602058
14.035743
13.380964
13.818902
13.491511
14.035743
14.252585
14.796817
14.579974
13.818902
14.579974
14.469427
14.473679
14.68627
14.68627
14.142038
13.814649
14.142038
14.142038
13.925196
14.252585
14.68627
13.491511
14.142038
14.469427
13.708355
14.252585
14.252585
14.469427
14.907364
14.469427
14.35888
14.469427
14.252585
14.248333
14.796817
14.575723
13.925196
13.597807
14.796817
13.925196
13.708355
15.013659
14.142038
14.035743
14.469427
14.142038
14.68627
15.013659
14.903111
15.664186
14.575723
13.814649
14.575723
14.68627
14.68627
14.68627
14.35888
14.35888
14.465176
14.35888
14.68627
13.920944
14.363132
14.469427
13.925196
13.708355
14.68627
14.35888
15.341048
14.35888
15.230501
14.796817
13.814649
14.575723
14.903111
15.119954
14.575723
14.903111
14.579974
14.796817
14.469427
15.230501
15.119954
14.469427
15.230501
14.031491
13.814649
14.469427
14.903111
14.579974
14.142038
13.818902
15.013659
13.925196
14.796817
14.796817
14.142038
14.579974
14.142038
13.925196
13.708355
14.363132
14.142038
14.252585
14.903111
13.925196
14.903111
14.469427
14.575723
14.903111
14.903111
14.68627
15.447342
14.469427
14.903111
14.35888
15.447342
14.68627
13.925196
14.903111
14.031491
14.142038
14.68627
15.013659
14.903111
14.252585
15.557889
15.119954
14.903111
14.68627
15.119954
14.469427
15.119954
15.447342
13.920944
15.557889
14.68627
15.774733
14.35888
14.35888
14.68627
14.68627
15.664186
14.68627
14.35888
14.792564
14.68627
14.796817
13.925196
15.013659
14.68627
14.469427
15.230501
14.35888
15.341048
14.469427
14.142038
15.119954
14.252585
14.903111
15.230501
14.35888
14.796817
14.903111
14.469427
14.903111
14.68627
14.252585
15.013659
14.68627
14.796817
14.35888
14.796817
14.252585
14.35888
14.252585
15.447342
15.124206
14.35888
14.575723
14.469427
14.142038
14.469427
14.796817
14.903111
14.903111
14.68627
14.35888
14.579974
13.925196
14.68627
14.903111
14.903111
15.013659
14.031491
14.469427
14.469427
14.579974
14.469427
14.903111
15.013659
14.68627
14.903111
14.35888
15.013659
15.447342
14.142038
14.796817
14.575723
13.925196
14.579974
14.796817
14.796817
14.469427
14.363132
14.903111
14.469427
13.814649
14.248333
14.142038
14.252585
14.142038
13.708355
15.013659
13.925196
13.818902
13.491511
14.469427
14.796817
14.469427
13.708355
14.035743
14.252585
14.035743
14.142038
14.252585
13.164123
15.013659
14.252585
14.252585
13.491511
13.925196
14.035743
14.469427
13.602058
14.579974
13.818902
14.035743
13.818902
13.597807
14.363132
14.252585
14.363132
13.057828
13.708355
13.602058
13.491511
13.385218
13.818902
13.929449
13.925196
13.602058
13.491511
13.818902
13.491511
13.491511
13.929449
13.708355
14.469427
14.252585
14.363132
14.14629
14.035743
13.597807
13.057828
14.690521
13.818902
12.840985
14.035743
13.602058
14.035743
13.274671
13.602058
12.947281
13.818902
14.14629
13.602058
13.491511
13.602058
13.602058
13.818902
13.818902
14.035743
12.947281
13.274671
13.602058
13.057828
14.035743
13.708355
13.274671
14.363132
12.947281
13.602058
13.274671
13.602058
13.274671
12.840985
13.929449
13.602058
13.602058
12.619891
12.730438
13.057828
13.385218
13.057828
13.602058
13.385218
12.840985
13.602058
13.274671
13.818902
12.947281
13.602058
13.602058
12.951532
13.602058
13.602058
13.274671
13.491511
13.491511
13.602058
12.951532
14.035743
13.274671
13.057828
13.057828
12.730438
14.252585
13.274671
13.602058
13.491511
12.624144
13.164123
13.385218
13.385218
13.385218
13.385218
12.513597
13.057828
12.296754
13.168375
13.168375
13.495763
13.712605
13.168375
13.818902
13.712605
13.385218
12.840985
12.403049
13.495763
13.057828
13.385218
13.168375
12.951532
13.274671
13.057828
13.278922
12.734691
12.407301
13.495763
13.057828
12.840985
12.624144
13.385218
12.951532
12.513597
13.057828
12.517848
13.278922
13.062079
12.301006
13.389469
12.624144
13.60631
12.951532
12.734691
12.845238
12.951532
13.602058
12.624144
13.168375
13.168375
12.951532
13.278922
13.168375
13.057828
12.951532
13.062079
12.407301
12.951532
12.624144
12.079912
12.845238
13.495763
12.186207
11.973618
12.951532
12.079912
12.190459
12.407301
11.8630705
12.517848
11.535681
11.756775
12.301006
12.517848
12.734691
12.517848
13.389469
12.301006
12.407301
12.951532
12.734691
12.734691
12.734691
12.517848
12.190459
11.8630705
11.973618
11.646228
11.323091
11.867322
12.301006
12.084165
12.407301
11.429386
12.301006
12.084165
12.517848
11.646228
12.194712
12.517848
12.517848
11.973618
11.756775
12.084165
11.973618
12.411553
11.756775
11.106249
11.2125435
11.323091
11.756775
11.973618
11.867322
12.084165
10.995702
11.539933
11.323091
11.756775
10.995702
11.756775
12.084165
11.65048
12.628395
11.2125435
10.995702
11.973618
11.433638
11.65048
12.194712
10.995702
11.433638
11.2125435
11.867322
11.433638
11.323091
11.65048
11.433638
10.999953
10.999953
11.65048
10.6725645
11.867322
10.889407
11.323091
11.539933
11.216796
10.999953
11.761026
11.216796
10.995702
10.128334
11.544185
10.999953
10.783112
10.999953
11.106249
11.216796
11.433638
11.106249
10.783112
10.345176
10.6725645
10.6725645
10.455723
11.327342
11.433638
11.106249
10.6725645
10.77886
10.999953
10.23888
10.999953
10.017787
10.6725645
10.6725645
10.562017
10.455723
10.455723
11.544185
10.889407
11.327342
10.455723
10.6725645
10.889407
10.562017
10.349427
10.6725645
10.566269
10.566269
10.562017
10.455723
10.128334
10.128334
10.128334
10.999953
10.234629
10.128334
10.6725645
9.69465
10.455723
10.455723
9.911491
10.6725645
10.6725645
9.911491
11.1105
10.999953
10.455723
10.999953
10.455723
10.783112
10.783112
9.911491
10.783112
10.017787
10.128334
10.999953
9.907239
10.566269
9.911491
10.889407
10.783112
11.327342
9.805196
10.566269
10.566269
9.911491
10.345176
10.128334
10.783112
10.455723
10.889407
9.911491
10.455723
11.216796
10.345176
10.345176
10.562017
9.911491
10.6725645
10.783112
10.566269
10.128334
10.23888
10.23888
10.566269
10.999953
9.69465
11.1105
10.017787
9.911491
10.455723
10.566269
9.800944
10.783112
10.349427
9.800944
10.999953
10.455723
10.783112
10.23888
10.889407
10.23888
10.6725645
10.345176
9.800944
10.999953
10.455723
10.23888
11.1105
10.562017
9.36726
10.128334
9.69465
10.893659
10.345176
9.36726
10.999953
10.455723
9.911491
10.23888
9.800944
10.783112
9.690397
10.23888
10.566269
9.911491
9.805196
10.23888
10.455723
10.132585
9.911491
10.783112
10.128334
9.911491
9.36726
9.36726
9.150418
10.676816
10.0220375
10.0220375
10.455723
10.0220375
11.1105
10.6725645
9.584103
9.69465
10.23888
9.69465
10.0220375
10.349427
10.23888
10.676816
10.783112
10.0220375
10.783112
10.455723
8.933577
10.455723
10.128334
10.455723
9.36726
9.805196
10.783112
10.566269
9.588354
10.23888
9.477807
10.783112
9.911491
9.260964
10.23888
9.69465
9.588354
10.23888
9.588354
9.260964
9.915743
9.588354
10.349427
11.221047
9.69465
10.243132
10.349427
9.150418
10.23888
9.477807
10.132585
9.477807
10.566269
9.69465
10.132585
9.584103
10.459974
10.566269
9.69465
10.0220375
10.893659
9.477807
9.69465
9.915743
9.473556
9.805196
10.455723
9.044123
10.459974
10.783112
9.260964
9.260964
9.911491
10.132585
10.566269
9.477807
9.69465
9.915743
9.69465
9.588354
10.566269
10.566269
9.150418
10.132585
9.911491
8.933577
10.349427
9.911491
8.82728
10.02629
10.566269
9.915743
9.588354
9.371511
9.260964
8.716734
9.915743
9.482059
9.15467
8.716734
9.809448
9.044123
8.716734
9.044123
9.588354
9.588354
9.048374
9.150418
9.260964
9.698901
8.716734
8.937827
8.937827
8.716734
8.8315325
9.265217
8.176754
8.937827
8.82728
9.371511
10.02629
9.482059
10.132585
8.499891
9.915743
9.371511
10.132585
9.698901
8.499891
9.15467
8.610438
8.937827
8.937827
9.15467
9.482059
8.720985
9.477807
9.15467
9.698901
8.82728
9.265217
8.610438
9.265217
9.15467
9.044123
9.371511
9.698901
9.805196
8.1725025
8.937827
10.243132
9.15467
9.809448
9.15467
9.048374
8.176754
9.260964
8.937827
8.716734
8.066207
9.371511
9.371511
8.610438
8.937827
9.15467
8.610438
8.176754
8.393597
8.176754
8.720985
8.504144
9.482059
9.15467
8.1725025
9.698901
9.698901
8.504144
9.15467
8.610438
9.15467
8.82728
8.499891
8.28305
9.915743
9.044123
9.698901
8.937827
9.15467
8.499891
8.82728
9.044123
9.15467
8.716734
8.937827
9.698901
8.937827
9.371511
8.610438
9.371511
9.15467
8.82728
8.176754
9.265217
8.28305
9.265217
9.044123
8.720985
9.698901
8.1725025
9.265217
9.265217
8.933577
8.28305
9.698901
9.260964
9.698901
8.82728
9.698901
8.499891
8.061955
9.482059
8.82728
8.28305
9.15467
8.82728
9.69465
8.28305
9.588354
9.371511
9.044123
9.044123
9.915743
9.805196
8.720985
8.716734
9.044123
9.048374
9.15467
8.610438
8.716734
9.482059
8.716734
9.915743
9.371511
9.371511
7.955661
9.15467
9.15467
8.610438
8.937827
9.371511
8.716734
8.499891
8.389345
8.937827
8.933577
9.69465
8.606187
8.499891
9.260964
8.716734
8.28305
9.915743
9.044123
8.937827
10.02629
9.260964
9.805196
8.606187
8.716734
8.389345
9.477807
8.82728
8.28305
8.28305
8.28305
8.393597
9.048374
9.15467
8.393597
9.805196
8.82728
9.15467
9.588354
8.716734
8.716734
8.716734
8.066207
8.937827
8.82728
8.066207
9.044123
9.150418
8.28305
8.716734
8.82728
8.393597
8.933577
9.588354
8.176754
10.02629
8.28305
7.955661
8.393597
7.955661
7.955661
8.82728
7.738818
8.28305
8.393597
8.610438
8.393597
8.499891
8.499891
8.393597
8.499891
6.9777446
9.265217
9.698901
8.28305
8.28305
9.371511
7.8451138
9.592606
8.499891
7.521976
9.15467
8.28305
8.393597
9.482059
9.150418
8.499891
8.28305
8.716734
9.15467
8.937827
8.499891
9.048374
8.610438
9.588354
8.82728
9.588354
8.499891
8.610438
8.499891
8.933577
8.28305
8.499891
8.716734
8.610438
9.482059
8.061955
8.499891
8.82728
9.044123
9.15467
8.82728
8.1725025
8.499891
8.393597
8.28305
8.066207
7.849365
7.849365
8.066207
8.82728
7.9599123
8.610438
8.610438
8.82728
8.28305
8.610438
8.1725025
7.6282716
9.260964
8.28305
8.066207
8.610438
9.044123
8.176754
8.716734
7.8451138
8.176754
8.176754
7.6282716
7.4114294
8.397848
8.066207
7.849365
8.066207
8.28305
6.9777446
8.720985
7.521976
7.415681
9.265217
7.738818
8.176754
8.610438
8.061955
8.499891
8.389345
7.6282716
9.15467
8.28305
8.82728
9.15467
8.066207
8.499891
8.82728
7.8451138
8.28305
9.044123
7.521976
7.849365
8.499891
7.1945877
7.849365
7.738818
8.720985
8.28305
7.9599123
9.048374
8.720985
7.849365
8.610438
7.738818
8.066207
8.933577
7.8451138
8.610438
7.6282716
7.4114294
8.82728
8.066207
7.4114294
7.738818
8.499891
8.393597
8.937827
8.061955
8.82728
9.044123
8.389345
8.504144
7.955661
7.1945877
7.9599123
7.4114294
8.610438
8.720985
8.066207
7.955661
8.937827
8.610438
7.849365
7.632523
8.28305
7.849365
7.521976
8.937827
8.937827
7.849365
7.738818
7.1945877
7.8451138
8.1725025
7.6282716
8.610438
7.521976
8.614691
8.28305
7.521976
8.82728
8.610438
8.937827
7.6282716
8.937827
7.955661
7.632523
8.393597
7.738818
7.0882916
8.82728
8.610438
7.849365
7.955661
7.521976
7.849365
7.955661
7.849365
7.955661
7.632523
8.176754
8.610438
7.0882916
8.720985
8.066207
8.393597
8.389345
8.176754
8.499891
8.1725025
8.1725025
9.584103
9.36726
8.8230295
8.712482
9.588354
8.716734
6.8671985
7.305134
8.066207
7.9599123
6.760903
7.74307
6.981997
6.544061
8.070459
6.544061
8.070459
8.066207
8.1725025
8.1725025
8.712482
9.260964
8.499891
8.606187
8.061955
9.371511
8.716734
8.28305
9.044123
7.849365
7.305134
7.521976
7.1988387
7.9599123
7.955661
7.415681
6.8671985
7.1988387
8.499891
7.5177245
8.937827
7.955661
8.28305
8.933577
8.278798
9.044123
7.955661
8.499891
8.1725025
7.0882916
8.937827
7.6282716
8.176754
8.066207
8.1725025
7.849365
8.1725025
8.1725025
7.738818
8.933577
8.389345
7.955661
7.8451138
8.82728
8.933577
7.6282716
8.28305
8.610438
8.393597
8.499891
7.738818
7.415681
7.955661
8.176754
8.8315325
7.849365
8.82728
8.066207
8.066207
7.521976
7.738818
8.499891
8.8230295
9.260964
8.716734
7.738818
8.933577
8.499891
7.305134
7.849365
7.1945877
7.849365
6.760903
6.760903
7.0882916
7.1945877
7.1988387
7.521976
7.738818
7.74307
7.4114294
7.738818
7.849365
8.066207
8.499891
8.499891
8.393597
7.521976
8.716734
8.82728
7.9599123
7.955661
7.305134
8.176754
7.415681
8.28305
7.632523
7.1988387
7.0882916
7.74307
8.28305
6.8671985
7.1945877
8.499891
7.521976
8.720985
7.6282716
7.305134
8.393597
8.066207
6.87145
7.305134
7.1945877
7.305134
7.849365
7.1945877
7.0882916
8.393597
8.28305
6.9777446
7.738818
7.849365
8.393597
7.5177245
7.632523
7.1945877
8.1725025
7.849365
8.82728
7.305134
8.066207
7.1945877
7.9599123
7.305134
6.9777446
7.9599123
7.1988387
7.1988387
6.760903
8.066207
7.1945877
7.305134
7.1988387
7.955661
7.415681
7.632523
7.738818
8.066207
6.760903
8.066207
8.504144
8.610438
7.849365
8.28305
7.632523
6.9777446
6.981997
7.0882916
7.415681
7.9599123
7.632523
7.0882916
7.849365
8.176754
6.544061
8.066207
7.4114294
7.738818
6.9777446
7.305134
7.738818
7.632523
6.760903
8.070459
7.305134
6.544061
6.6503563
7.632523
7.632523
7.632523
5.4555984
7.0882916
6.5483127
6.654608
6.2209234
6.981997
6.87145
6.760903
6.87145
7.632523
7.1988387
7.305134
6.654608
7.1988387
7.1945877
6.6503563
6.87145
7.0882916
6.4377656
7.0882916
6.654608
6.981997
7.526228
6.327219
5.8892827
5.893534
7.1988387
6.654608
7.305134
6.5483127
6.654608
7.203091
6.2209234
5.893534
5.8977866
6.2209234
6.981997
5.893534
6.981997
5.2387567
6.5483127
6.110377
5.99983
7.1988387
6.110377
6.2209234
7.1988387
7.1988387
6.2209234
6.2209234
6.2209234
6.981997
6.2209234
5.7829876
6.760903
6.327219
7.74307
6.4377656
6.3314705
6.2209234
6.5483127
7.1988387
6.6588597
6.875702
6.4377656
6.2209234
5.8977866
5.5661454
5.7872396
6.5483127
6.2251754
6.114629
5.7872396
6.769407
6.4377656
5.4598503
5.5703974
6.327219
4.915619
6.3314705
5.99983
6.5483127
5.3493037
6.4377656
6.875702
5.5703974
6.6588597
6.4377656
5.243008
5.4598503
5.4598503
6.114629
5.132461
6.5525646
5.7872396
6.2251754
5.8977866
5.7872396
5.8977866
6.5483127
5.7872396
5.7872396
6.4420176
5.8977866
5.243008
5.7872396
6.2209234
5.7872396
6.0040812
6.6588597
4.915619
6.0040812
5.8977866
6.0040812
5.8977866
5.893534
5.4598503
5.132461
5.243008
5.5703974
6.2251754
6.114629
5.132461
6.114629
5.7872396
5.0219145
6.114629
5.243008
5.243008
6.114629
5.353555
6.008333
6.114629
6.114629
6.4420176
5.026166
5.6766925
5.4598503
5.464102
5.4598503
5.132461
5.7872396
5.136713
6.986249
5.243008
5.353555
6.3357224
5.136713
4.915619
5.7872396
6.008333
5.6809444
5.5703974
5.136713
5.464102
4.698777
6.2251754
6.2251754
5.243008
6.2251754
5.8977866
5.4598503
4.698777
6.2251754
6.114629
5.026166
5.6809444
5.243008
5.026166
5.353555
5.136713
6.6588597
4.915619
6.008333
5.026166
5.6809444
5.5703974
5.353555
6.3314705
5.353555
5.8977866
5.136713
5.5703974
5.026166
5.6809444
6.008333
5.8977866
5.243008
4.915619
5.8977866
4.698777
5.136713
5.353555
5.24726
5.136713
4.9198713
5.353555
4.8093243
5.791491
5.464102
5.464102
5.6809444
6.008333
5.353555
5.243008
5.8977866
5.5703974
5.243008
5.6809444
6.2251754
4.481935
6.4420176
6.008333
5.24726
6.008333
5.6809444
5.353555
5.6809444
6.5525646
5.353555
4.9198713
4.8093243
4.592482
6.3357224
5.464102
6.008333
4.8093243
5.791491
5.6809444
5.464102
5.8977866
4.9198713
6.008333
5.464102
5.026166
5.5703974
6.008333
4.8093243
5.6809444
4.8093243
5.24726
5.136713
5.6809444
5.136713
4.5967336
6.1188803
4.481935
5.791491
5.6809444
5.353555
4.481935
5.136713
5.136713
6.2251754
4.8093243
4.9198713
5.030418
4.1587977
5.030418
5.136713
4.7030287
5.353555
5.357807
4.8135757
4.269345
5.030418
5.357807
6.1188803
5.24726
4.8135757
5.574649
5.902038
4.1587977
5.357807
5.136713
4.9198713
6.008333
5.791491
5.353555
4.592482
5.574649
5.464102
4.592482
4.592482
5.574649
5.6809444
4.37564
5.8977866
5.791491
4.7030287
5.030418
4.37564
4.8135757
5.136713
4.8135757
4.481935
5.574649
6.008333
5.574649
4.8135757
4.7030287
4.4861865
5.574649
4.8135757
4.9198713
5.24726
6.1188803
5.574649
4.592482
4.9198713
5.24726
5.464102
4.8093243
5.24726
5.464102
5.136713
6.4462695
4.592482
5.357807
6.1188803
4.37564
4.4861865
4.592482
5.24726
5.791491
5.136713
4.924123
6.008333
5.24726
5.357807
5.464102
5.357807
5.24726
4.924123
5.6851964
4.8135757
4.8135757
5.357807
5.24726
5.468354
4.7030287
5.140965
4.8135757
4.379892
4.269345
5.24726
5.140965
4.1587977
4.0525026
5.791491
4.4861865
3.8356605
5.357807
4.8093243
4.4861865
5.791491
5.464102
4.4861865
5.357807
4.7030287
5.030418
5.6851964
4.7030287
5.6851964
6.012585
5.791491
4.4861865
5.902038
4.4861865
4.7030287
4.7030287
5.574649
5.574649
5.030418
4.0525026
5.6851964
5.574649
4.7072806
4.8135757
5.468354
4.1587977
4.269345
4.5967336
5.030418
4.4861865
4.1630497
5.140965
4.8135757
4.269345
4.4861865
4.269345
5.030418
4.5967336
4.924123
5.574649
3.7251134
6.1188803
5.357807
4.924123
4.4861865
5.468354
5.574649
4.269345
5.140965
5.140965
4.5967336
6.2294273
4.8135757
5.030418
5.468354
5.6851964
4.1587977
6.012585
5.24726
4.0525026
5.574649
4.5967336
4.8135757
5.030418
4.5967336
4.924123
5.140965
4.269345
5.6851964
5.791491
5.791491
5.24726
5.030418
4.8135757
5.6851964
4.8135757
6.012585
6.1188803
5.24726
5.140965
5.24726
4.37564
5.468354
5.574649
5.464102
4.8135757
6.1188803
5.357807
5.24726
5.791491
4.5967336
5.464102
5.791491
5.24726
5.791491
6.008333
5.357807
5.030418
5.6851964
5.574649
5.902038
5.357807
5.574649
4.37564
5.6851964
5.6809444
6.4462695
6.1188803
5.030418
5.353555
5.574649
4.9198713
5.574649
5.24726
6.3357224
6.1188803
5.464102
5.030418
6.8799534
4.8093243
5.24726
6.3357224
6.8799534
5.5703974
5.357807
5.136713
5.8977866
6.008333
5.574649
6.9905005
5.8977866
6.663111
5.5703974
5.8977866
5.5703974
6.008333
6.2251754
5.353555
6.008333
5.24726
6.2251754
5.8977866
6.5525646
6.769407
6.3357224
5.791491
6.5525646
6.008333
4.9198713
6.5525646
6.2251754
5.136713
6.114629
6.5525646
6.2251754
6.2251754
6.4420176
6.4420176
6.114629
6.114629
5.5703974
5.6766925
6.5525646
7.313638
5.8977866
6.114629
5.353555
6.008333
5.8977866
6.2251754
5.353555
6.114629
5.353555
5.8977866
6.986249
6.4420176
5.791491
6.008333
5.6809444
5.464102
6.114629
6.008333
6.769407
5.791491
6.4420176
5.5703974
6.769407
6.5525646
6.0040812
6.3314705
6.114629
6.114629
5.4598503
6.986249
5.7872396
6.769407
6.4420176
6.0040812
6.114629
6.3314705
6.4377656
6.6588597
6.4420176
6.875702
7.5304804
6.114629
7.6410265
5.8977866
6.114629
5.8977866
5.5703974
6.114629
6.4420176
6.6588597
6.6588597
6.2251754
7.092544
5.4598503
7.203091
6.5483127
5.6766925
6.6588597
5.3493037
6.2251754
6.6588597
7.092544
6.6588597
6.6588597
5.7872396
6.0040812
6.986249
6.5483127
6.4420176
6.3314705
6.327219
6.0040812
7.5304804
6.654608
6.2209234
6.6588597
6.4420176
5.243008
7.5304804
7.309386
6.2209234
6.5483127
6.87145
6.5483127
7.203091
7.309386
7.092544
7.309386
7.9599123
7.526228
7.309386
8.287301
8.070459
8.287301
7.092544
6.327219
6.765155
7.5304804
6.981997
6.5483127
7.419933
6.5483127
6.3314705
7.9641643
6.4377656
7.526228
7.419933
7.1988387
7.636775
7.9599123
6.87145
7.526228
8.181006
7.1988387
6.765155
7.526228
7.526228
7.632523
7.632523
7.309386
6.981997
8.614691
7.309386
6.654608
7.5304804
7.415681
7.632523
8.070459
7.74307
7.632523
8.287301
7.305134
7.9599123
8.181006
8.287301
7.74307
7.74307
7.632523
6.765155
7.9599123
7.9599123
6.327219
8.397848
6.87145
7.415681
7.632523
7.305134
7.1988387
8.176754
8.287301
7.74307
7.1988387
8.397848
7.849365
7.415681
8.720985
8.504144
7.415681
7.1988387
8.070459
8.176754
8.28305
8.504144
8.066207
7.521976
8.720985
7.1945877
7.1988387
8.720985
7.521976
8.176754
8.176754
7.415681
7.849365
7.521976
8.176754
7.305134
8.393597
8.614691
8.070459
7.632523
7.309386
8.504144
7.849365
7.632523
8.066207
8.066207
8.610438
8.393597
8.499891
8.610438
8.397848
8.393597
8.066207
8.614691
8.610438
8.393597
8.720985
8.82728
9.15467
8.066207
8.393597
8.499891
7.849365
7.1988387
8.28305
8.066207
8.287301
9.048374
8.937827
7.9599123
7.849365
8.28305
8.937827
8.393597
7.9599123
8.393597
7.1988387
9.158921
8.504144
8.176754
8.504144
7.9599123
7.415681
7.9599123
8.610438
8.8315325
7.9599123
7.632523
8.720985
7.1988387
7.849365
8.393597
7.521976
9.375764
8.176754
7.738818
8.937827
8.176754
7.526228
8.610438
7.738818
7.521976
8.937827
8.937827
9.048374
7.849365
9.265217
8.937827
8.610438
9.698901
8.937827
8.610438
8.499891
9.375764
8.393597
8.393597
7.521976
8.720985
8.610438
8.504144
8.720985
8.176754
7.74307
8.393597
8.176754
9.048374
7.738818
8.504144
9.698901
8.070459
8.937827
8.610438
8.28305
9.809448
8.28305
9.592606
8.499891
9.265217
8.937827
7.955661
8.176754
9.482059
8.393597
9.592606
9.044123
8.937827
9.15467
8.82728
8.610438
9.044123
8.937827
8.610438
8.28305
8.610438
8.937827
9.371511
8.716734
9.809448
8.499891
8.393597
9.048374
8.610438
9.477807
9.265217
9.482059
9.698901
8.720985
9.371511
8.720985
9.265217
9.698901
9.698901
9.375764
8.499891
9.482059
9.482059
8.82728
8.82728
9.371511
9.482059
9.482059
8.82728
8.720985
10.02629
9.371511
8.82728
8.499891
8.937827
9.371511
8.82728
9.15467
9.915743
8.720985
8.716734
8.937827
9.371511
8.393597
9.048374
9.698901
9.15467
9.698901
9.482059
10.02629
8.82728
9.048374
9.698901
8.82728
8.937827
8.28305
9.044123
8.610438
9.371511
8.937827
8.610438
9.915743
8.82728
9.044123
10.0220375
8.937827
9.477807
8.933577
10.132585
9.371511
9.15467
9.477807
9.260964
9.15467
8.716734
10.132585
8.933577
8.716734
8.82728
9.044123
8.82728
9.588354
9.915743
9.260964
9.805196
9.371511
9.588354
8.389345
9.805196
9.805196
10.23888
9.477807
9.915743
9.260964
8.393597
9.915743
8.937827
9.371511
8.499891
10.02629
9.805196
9.15467
9.265217
8.82728
9.482059
9.260964
8.610438
10.132585
9.805196
9.698901
9.915743
8.82728
9.260964
9.260964
9.698901
9.805196
9.915743
9.588354
9.15467
10.243132
9.588354
9.698901
10.459974
9.371511
9.044123
9.044123
9.371511
9.588354
8.610438
8.82728
8.610438
9.265217
9.698901
8.610438
9.588354
9.915743
9.482059
10.132585
9.044123
9.265217
9.482059
9.260964
9.15467
8.82728
8.82728
10.132585
8.610438
8.82728
9.15467
8.499891
9.698901
9.371511
10.243132
8.82728
9.371511
8.393597
9.809448
9.371511
9.588354
10.0220375
9.698901
9.915743
9.482059
9.265217
9.698901
10.459974
9.371511
8.937827
10.02629
8.937827
9.265217
8.937827
9.698901
9.15467
8.82728
9.265217
9.915743
9.698901
8.499891
8.937827
9.15467
9.698901
9.371511
9.698901
10.893659
10.02629
9.915743
9.371511
9.698901
9.15467
8.82728
9.265217
9.809448
8.066207
9.809448
9.371511
9.482059
9.915743
8.610438
10.459974
8.82728
9.371511
9.809448
9.588354
9.15467
9.588354
9.15467
10.132585
10.676816
9.15467
9.915743
9.15467
10.02629
8.499891
9.482059
10.243132
9.698901
10.243132
9.371511
9.592606
9.15467
10.570521
10.349427
9.15467
9.588354
8.393597
9.915743
8.716734
9.044123
9.371511
8.937827
10.02629
8.610438
8.82728
8.28305
9.482059
9.588354
9.482059
9.15467
9.588354
8.610438
10.0220375
9.482059
10.0220375
10.243132
9.588354
9.698901
9.482059
9.698901
9.044123
10.459974
9.588354
10.02629
9.482059
8.82728
9.588354
9.698901
9.482059
8.937827
9.698901
9.482059
9.915743
9.588354
9.482059
10.02629
9.371511
9.805196
9.698901
9.265217
9.809448
10.132585
8.937827
10.02629
9.371511
8.937827
8.937827
9.15467
9.482059
9.482059
9.698901
9.15467
9.482059
9.044123
9.915743
10.459974
9.15467
10.243132
10.243132
9.805196
10.132585
9.698901
10.676816
9.698901
9.371511
9.482059
9.698901
9.371511
9.260964
9.15467
10.132585
9.915743
9.915743
9.371511
9.698901
9.698901
9.371511
9.915743
8.720985
9.915743
10.02629
8.937827
9.371511
9.15467
9.482059
10.132585
9.698901
10.243132
9.698901
9.698901
9.588354
9.482059
8.937827
9.915743
9.915743
10.243132
9.260964
9.915743
9.915743
9.588354
9.698901
10.132585
9.482059
9.698901
9.915743
10.243132
8.937827
9.809448
10.0220375
8.937827
9.265217
9.915743
8.82728
9.698901
9.805196
9.477807
10.132585
9.588354
9.915743
9.915743
10.02629
9.371511
10.132585
9.805196
9.588354
9.915743
9.482059
9.698901
9.588354
10.02629
9.698901
9.044123
9.915743
9.371511
10.132585
9.044123
10.459974
10.349427
9.915743
10.132585
10.566269
10.132585
9.915743
9.915743
9.915743
10.676816
9.805196
10.459974
10.893659
9.371511
9.698901
9.477807
9.482059
9.805196
10.132585
11.004206
10.349427
10.132585
10.23888
9.371511
10.893659
10.23888
9.915743
10.676816
10.132585
10.0220375
9.477807
10.349427
10.566269
9.698901
10.0220375
9.805196
9.915743
10.132585
9.371511
10.893659
9.805196
10.132585
10.132585
10.132585
10.459974
9.371511
10.132585
10.349427
10.132585
10.566269
10.243132
10.349427
10.0220375
11.221047
9.477807
10.459974
10.893659
9.260964
10.459974
10.893659
10.132585
9.805196
10.349427
10.676816
10.566269
10.893659
10.349427
9.805196
10.676816
10.349427
9.805196
10.676816
10.02629
11.437889
9.805196
11.1105
9.805196
10.676816
9.371511
10.459974
10.893659
9.588354
10.243132
11.327342
10.349427
10.676816
10.349427
10.349427
9.805196
10.893659
11.1105
10.132585
10.349427
10.132585
10.893659
10.455723
11.1105
10.893659
9.805196
10.132585
10.999953
10.0220375
10.566269
10.999953
10.0220375
10.783112
10.6725645
10.0220375
11.1105
10.783112
11.327342
10.566269
11.327342
10.6725645
10.566269
10.999953
10.999953
11.327342
11.216796
10.345176
10.999953
11.216796
10.349427
10.349427
10.0220375
11.327342
10.676816
10.349427
10.783112
10.455723
11.1105
11.1105
10.566269
10.999953
10.0220375
11.327342
10.345176
11.1105
10.6725645
11.871573
10.999953
11.216796
11.437889
10.783112
10.455723
11.654732
10.6725645
10.783112
10.783112
10.566269
10.128334
10.783112
11.327342
10.783112
10.6725645
10.783112
11.433638
10.999953
11.1105
10.345176
11.1105
10.999953
11.1105
11.1105
10.455723
11.327342
11.544185
10.6725645
10.783112
11.544185
10.783112
10.23888
10.566269
10.6725645
10.566269
10.999953
10.783112
10.783112
10.455723
10.23888
10.893659
10.566269
11.216796
11.327342
10.455723
11.327342
10.783112
11.327342
10.783112
11.327342
10.6725645
10.999953
10.783112
10.6725645
11.544185
11.433638
10.455723
10.566269
11.216796
11.216796
11.1105
11.1105
11.216796
10.23888
10.783112
11.654732
10.999953
11.216796
10.566269
10.999953
11.654732
11.654732
11.216796
11.216796
11.654732
10.783112
10.999953
10.999953
11.1105
11.327342
11.216796
10.783112
10.783112
10.455723
10.676816
11.437889
10.893659
11.216796
10.783112
10.783112
10.6725645
11.544185
11.1105
10.345176
10.783112
11.1105
11.327342
10.783112
10.999953
11.221047
10.999953
11.216796
10.566269
11.1105
10.23888
10.6725645
10.6725645
11.437889
10.566269
11.216796
11.327342
11.871573
11.216796
10.6725645
11.216796
11.216796
11.654732
10.893659
11.1105
10.999953
11.216796
11.433638
10.889407
10.999953
10.889407
10.783112
10.455723
10.783112
10.455723
11.1105
11.437889
10.889407
11.216796
11.544185
11.216796
10.889407
11.216796
10.999953
10.455723
11.871573
11.544185
11.1105
11.1105
10.455723
10.783112
11.433638
10.783112
11.216796
11.216796
11.654732
10.6725645
10.999953
10.23888
11.216796
10.455723
10.783112
10.999953
10.783112
10.783112
10.999953
11.761026
11.327342
11.1105
10.455723
10.999953
11.761026
10.783112
10.889407
11.216796
11.327342
11.327342
10.999953
10.889407
10.455723
10.566269
11.327342
10.783112
11.1105
10.23888
10.893659
10.889407
11.544185
10.999953
10.893659
10.999953
11.654732
10.999953
11.1105
10.455723
10.783112
11.216796
10.6725645
11.544185
11.433638
10.889407
10.889407
10.783112
11.327342
11.216796
11.327342
10.893659
10.562017
10.455723
11.1105
11.544185
11.544185
11.216796
11.327342
11.437889
10.783112
10.889407
11.327342
10.783112
10.783112
11.327342
11.433638
11.1105
12.194712
11.216796
10.889407
11.216796
11.544185
11.216796
10.455723
10.6725645
10.566269
10.999953
11.437889
11.327342
10.889407
10.999953
10.889407
11.761026
12.194712
10.783112
11.216796
11.216796
11.1105
11.216796
11.761026
10.999953
11.544185
11.106249
12.305258
10.6725645
10.6725645
11.65048
11.544185
11.65048
11.106249
11.977869
10.999953
10.566269
11.544185
10.893659
11.327342
11.65048
10.889407
11.327342
11.106249
11.216796
11.433638
12.088415
10.566269
11.216796
11.216796
11.216796
11.867322
11.544185
11.977869
11.327342
11.433638
11.216796
11.539933
11.977869
10.455723
11.433638
11.761026
11.65048
11.433638
11.761026
11.106249
11.761026
11.867322
11.323091
11.106249
11.871573
11.327342
10.999953
11.65048
12.5220995
11.216796
11.544185
11.867322
11.323091
12.194712
12.628395
11.544185
11.433638
11.761026
11.433638
12.194712
11.106249
11.761026
11.977869
11.539933
12.194712
12.411553
12.194712
11.323091
10.889407
11.216796
12.084165
11.65048
12.088415
12.411553
11.65048
11.977869
12.411553
12.194712
11.433638
11.323091
11.433638
11.867322
11.433638
11.65048
11.323091
12.305258
12.5220995
11.756775
11.867322
11.761026
12.194712
11.761026
12.084165
12.084165
11.65048
11.433638
11.761026
11.65048
11.761026
12.194712
11.65048
11.761026
11.65048
10.995702
12.628395
12.084165
11.761026
11.761026
11.323091
11.433638
11.65048
12.738942
11.867322
11.867322
11.433638
11.867322
12.301006
12.411553
12.517848
11.867322
12.084165
11.323091
11.65048
11.867322
12.305258
11.65048
12.194712
11.323091
11.867322
11.867322
11.977869
11.323091
11.867322
11.65048
12.738942
12.411553
11.65048
11.867322
11.867322
11.433638
12.194712
12.194712
12.088415
12.411553
11.867322
12.301006
11.65048
12.411553
11.433638
11.867322
11.761026
12.194712
11.539933
11.539933
11.433638
11.867322
12.301006
11.756775
12.194712
12.517848
12.088415
11.433638
12.194712
12.301006
12.411553
11.867322
11.871573
11.433638
11.433638
11.65048
11.867322
11.327342
11.761026
11.867322
12.411553
11.433638
11.867322
11.433638
11.433638
11.323091
11.539933
11.867322
11.761026
12.5220995
11.433638
11.327342
12.411553
11.433638
11.871573
11.761026
11.323091
11.977869
11.977869
11.977869
11.433638
12.194712
10.999953
11.977869
11.977869
11.65048
11.977869
11.106249
12.194712
11.867322
11.433638
12.411553
12.084165
10.6725645
11.433638
11.433638
11.65048
12.301006
11.65048
12.088415
11.433638
12.194712
12.411553
11.433638
11.65048
11.867322
10.889407
11.106249
11.65048
11.867322
11.977869
11.539933
11.977869
11.867322
11.106249
12.194712
11.323091
10.889407
11.433638
11.216796
11.433638
11.977869
11.433638
11.65048
11.977869
11.433638
12.301006
11.216796
11.65048
12.194712
11.433638
11.433638
11.761026
12.5220995
11.216796
11.433638
11.106249
11.867322
11.977869
12.305258
10.6725645
10.562017
11.216796
11.867322
11.433638
11.544185
11.216796
11.761026
11.65048
11.323091
11.867322
12.088415
11.216796
11.216796
11.65048
12.194712
12.517848
11.65048
11.65048
11.327342
11.323091
11.323091
11.871573
11.761026
11.216796
11.433638
11.216796
10.6725645
11.761026
11.323091
11.216796
10.999953
11.216796
11.216796
11.867322
11.106249
11.327342
11.65048
11.544185
12.305258
11.867322
11.216796
11.867322
11.761026
12.084165
11.323091
11.977869
11.539933
11.544185
11.761026
10.999953
11.539933
11.867322
11.65048
12.738942
11.977869
11.761026
12.194712
12.194712
12.084165
11.977869
10.6725645
11.106249
11.756775
12.084165
11.867322
11.973618
11.65048
11.433638
11.977869
11.65048
11.216796
11.867322
11.539933
11.323091
11.106249
11.433638
11.761026
11.216796
11.216796
11.867322
11.761026
11.761026
11.761026
11.216796
11.977869
11.433638
12.194712
11.756775
11.65048
11.756775
11.65048
11.433638
10.999953
11.65048
11.544185
11.65048
10.783112
11.761026
11.106249
11.65048
12.305258
11.433638
12.194712
11.216796
11.761026
11.323091
11.977869
12.411553
11.433638
11.106249
11.216796
11.867322
12.411553
12.301006
11.867322
11.539933
11.433638
12.5220995
12.194712
11.433638
11.65048
12.194712
11.433638
11.433638
12.517848
11.867322
12.411553
11.433638
11.544185
10.889407
11.977869
12.084165
11.977869
12.194712
12.194712
11.977869
11.65048
12.5220995
12.194712
11.433638
11.327342
11.867322
11.106249
12.301006
12.411553
11.544185
12.194712
10.6725645
12.194712
12.411553
11.756775
11.867322
11.106249
11.65048
12.301006
12.084165
12.411553
11.867322
11.216796
11.65048
11.867322
12.084165
12.738942
11.867322
11.977869
11.977869
11.973618
12.194712
12.194712
10.77886
11.977869
12.194712
11.106249
12.628395
11.973618
12.411553
11.106249
11.761026
12.194712
11.977869
12.301006
11.65048
11.323091
11.761026
12.084165
11.65048
12.301006
12.411553
11.977869
11.65048
11.977869
12.194712
11.867322
12.411553
11.977869
10.889407
11.761026
12.411553
12.955785
11.973618
12.411553
12.084165
11.106249
12.194712
11.65048
11.756775
12.738942
11.65048
11.65048
11.539933
13.062079
12.301006
12.084165
11.323091
11.867322
11.65048
11.65048
12.845238
12.301006
11.756775
11.977869
11.65048
11.65048
12.084165
11.756775
11.977869
11.756775
12.194712
12.628395
11.539933
12.084165
12.411553
11.867322
10.889407
11.65048
11.977869
11.761026
12.411553
11.433638
11.433638
11.867322
12.084165
11.867322
11.867322
12.194712
11.756775
11.761026
11.323091
12.628395
12.084165
12.194712
11.433638
11.323091
11.106249
12.738942
11.539933
11.323091
11.323091
11.65048
11.867322
12.194712
11.65048
12.517848
12.084165
12.411553
11.433638
11.867322
11.65048
12.845238
11.867322
12.084165
11.106249
11.977869
12.411553
12.301006
11.973618
12.194712
10.889407
11.977869
12.084165
12.301006
12.411553
11.2125435
11.977869
11.106249
12.955785
12.194712
11.756775
11.433638
10.999953
11.433638
11.433638
11.106249
12.194712
12.301006
11.433638
11.544185
11.977869
11.867322
11.539933
11.977869
12.084165
11.323091
10.889407
11.977869
12.5220995
12.411553
12.411553
10.999953
11.544185
11.327342
11.65048
12.411553
11.323091
11.977869
10.6725645
11.327342
11.216796
11.977869
13.1726265
11.323091
11.433638
11.65048
12.088415
11.977869
12.628395
11.539933
11.433638
11.327342
11.977869
11.216796
11.977869
13.1726265
12.411553
11.327342
11.761026
11.433638
11.433638
11.323091
11.761026
11.327342
10.455723
10.455723
10.999953
11.867322
12.5220995
11.544185
11.327342
10.889407
10.999953
12.411553
11.323091
11.977869
10.6725645
11.327342
11.433638
11.761026
12.411553
11.65048
10.999953
10.6725645
11.544185
10.999953
11.977869
12.084165
11.544185
10.6725645
11.216796
11.216796
11.216796
11.65048
11.761026
10.6725645
11.327342
11.216796
11.216796
12.411553
11.106249
11.433638
11.106249
11.1105
11.867322
11.433638
12.194712
11.323091
11.327342
10.999953
10.999953
11.216796
11.761026
11.106249
11.106249
10.455723
11.1105
10.783112
11.433638
12.305258
11.654732
11.327342
11.1105
10.783112
10.783112
11.216796
11.106249
11.433638
10.783112
11.433638
11.1105
11.544185
11.327342
10.893659
11.1105
10.783112
10.455723
10.999953
11.65048
11.544185
11.1105
10.23888
10.783112
11.327342
12.305258
10.999953
10.783112
10.128334
10.455723
10.783112
11.433638
10.6725645
12.305258
11.216796
11.1105
10.566269
10.455723
11.1105
11.106249
12.088415
11.327342
10.6725645
10.893659
10.893659
11.106249
11.544185
10.455723
10.783112
10.783112
11.1105
11.433638
12.088415
11.216796
11.761026
10.345176
10.23888
10.999953
11.216796
11.867322
11.216796
10.893659
10.566269
9.911491
10.455723
10.999953
11.216796
11.654732
10.6725645
10.23888
10.562017
11.327342
11.327342
10.6725645
10.23888
10.999953
10.349427
10.999953
11.327342
11.544185
11.327342
10.889407
10.783112
10.23888
11.1105
11.216796
10.566269
11.1105
10.783112
10.566269
11.216796
11.327342
11.327342
11.216796
11.437889
10.23888
10.562017
11.327342
10.783112
10.6725645
10.455723
10.23888
10.128334
10.455723
10.889407
11.327342
11.216796
10.999953
10.6725645
10.783112
10.893659
11.216796
10.455723
11.327342
10.783112
10.23888
10.783112
10.128334
10.783112
10.6725645
11.216796
9.911491
11.437889
10.999953
11.437889
11.433638
10.999953
10.893659
10.783112
11.216796
10.6725645
10.889407
10.77886
11.437889
11.761026
11.1105
10.889407
10.999953
11.544185
11.216796
10.566269
11.437889
10.455723
10.783112
11.437889
10.889407
11.1105
10.566269
10.455723
10.783112
10.455723
10.999953
10.889407
11.327342
11.1105
10.23888
10.999953
10.999953
11.433638
11.327342
10.783112
10.6725645
10.999953
11.106249
10.455723
10.999953
10.889407
11.437889
10.783112
9.911491
10.783112
10.783112
10.889407
11.1105
10.999953
10.6725645
10.783112
11.327342
11.327342
11.1105
11.761026
11.327342
10.566269
11.216796
11.1105
10.6725645
11.437889
10.455723
11.1105
10.999953
11.216796
11.327342
11.216796
10.999953
10.566269
10.345176
10.889407
10.23888
11.327342
10.889407
10.999953
11.654732
10.128334
10.23888
10.889407
11.327342
11.327342
11.433638
10.562017
10.999953
10.999953
10.893659
10.345176
11.216796
11.327342
10.562017
11.1105
10.6725645
10.566269
11.216796
10.889407
11.327342
10.128334
10.455723
10.23888
11.1105
10.6725645
11.216796
11.327342
10.562017
11.544185
11.216796
10.345176
10.999953
11.977869
10.783112
11.327342
10.566269
11.327342
10.783112
11.216796
11.544185
11.327342
10.783112
11.1105
10.999953
11.327342
11.544185
11.544185
10.566269
11.221047
10.345176
11.327342
10.783112
10.6725645
10.128334
10.783112
10.6725645
10.345176
10.23888
10.6725645
11.544185
10.6725645
10.999953
11.216796
10.566269
11.1105
11.1105
11.654732
10.999953
10.6725645
10.783112
10.6725645
11.1105
11.1105
11.433638
10.783112
11.1105
10.566269
11.437889
10.562017
10.893659
11.327342
11.216796
10.783112
11.544185
10.999953
10.999953
10.999953
10.455723
10.999953
11.761026
10.128334
11.433638
11.1105
10.783112
11.216796
11.544185
11.544185
10.455723
11.216796
10.999953
10.6725645
10.128334
10.889407
10.562017
11.327342
10.889407
10.455723
10.345176
10.783112
11.1105
10.783112
10.349427
10.562017
11.761026
10.562017
11.1105
10.999953
10.783112
11.216796
10.455723
10.566269
10.6725645
11.433638
10.999953
10.455723
10.999953
10.999953
10.783112
10.345176
11.871573
11.544185
10.566269
11.1105
10.999953
11.1105
10.562017
11.1105
11.761026
10.6725645
11.1105
10.999953
10.783112
10.455723
11.327342
10.455723
11.1105
10.999953
11.437889
10.562017
10.566269
11.761026
10.889407
11.544185
10.455723
10.783112
10.889407
11.216796
11.216796
10.562017
11.216796
10.999953
11.544185
10.345176
10.6725645
11.871573
10.783112
10.783112
11.433638
11.327342
10.345176
11.216796
10.893659
11.761026
11.433638
10.889407
10.783112
11.433638
10.017787
11.761026
11.216796
10.77886
10.999953
10.128334
10.783112
10.6725645
10.128334
10.999953
10.889407
11.216796
11.106249
11.1105
11.106249
11.216796
10.783112
11.216796
11.106249
11.216796
10.889407
10.128334
11.433638
11.977869
10.999953
10.999953
11.433638
11.433638
11.327342
11.433638
11.106249
12.305258
11.65048
10.783112
11.327342
11.544185
10.999953
11.327342
10.999953
10.23888
10.345176
10.6725645
10.999953
11.216796
10.6725645
10.999953
10.889407
10.999953
10.999953
11.761026
10.783112
10.345176
11.433638
11.761026
10.345176
10.23888
10.999953
11.433638
11.216796
11.216796
11.761026
11.106249
10.999953
11.327342
10.6725645
10.6725645
10.889407
10.562017
11.216796
10.889407
11.327342
11.216796
11.544185
11.106249
11.544185
10.783112
11.654732
10.128334
10.889407
10.999953
10.345176
11.433638
11.544185
10.999953
11.654732
10.999953
10.783112
11.216796
10.889407
11.761026
11.106249
10.566269
10.783112
10.6725645
11.761026
10.889407
11.433638
11.977869
10.889407
10.6725645
11.437889
10.889407
10.6725645
10.889407
10.999953
11.323091
10.999953
11.216796
10.6725645
10.455723
10.783112
10.999953
10.889407
11.871573
10.889407
11.216796
11.65048
10.999953
11.327342
11.106249
10.6725645
10.889407
11.106249
11.106249
11.871573
10.6725645
11.65048
12.088415
10.6725645
10.999953
10.889407
10.6725645
10.999953
11.216796
10.77886
11.216796
10.889407
10.999953
11.544185
12.084165
10.999953
11.761026
11.323091
11.871573
10.562017
11.654732
10.995702
10.889407
11.544185
10.999953
11.216796
10.345176
11.544185
12.194712
11.216796
10.889407
11.65048
11.433638
11.65048
10.562017
10.995702
10.995702
11.761026
11.65048
10.889407
11.433638
10.889407
11.977869
10.889407
11.433638
11.65048
11.433638
11.867322
10.995702
10.999953
11.216796
11.65048
12.194712
10.77886
11.216796
10.995702
11.106249
10.889407
11.756775
11.433638
12.084165
12.301006
11.433638
11.2125435
10.999953
11.323091
11.433638
11.867322
11.65048
11.65048
11.539933
11.867322
11.539933
11.65048
11.756775
11.2125435
11.977869
10.668313
10.889407
12.411553
11.973618
11.761026
12.517848
12.084165
11.867322
11.756775
10.77886
12.5220995
11.867322
12.411553
12.084165
11.429386
11.65048
12.084165
11.65048
11.65048
12.411553
12.301006
12.411553
12.411553
11.323091
12.194712
12.301006
12.084165
12.411553
12.517848
10.995702
12.411553
11.756775
11.539933
11.323091
11.65048
12.190459
11.867322
11.756775
11.106249
11.867322
11.429386
11.756775
12.628395
11.756775
11.539933
11.756775
11.756775
12.084165
11.973618
11.973618
11.867322
12.301006
11.756775
11.8630705
11.867322
12.517848
11.539933
12.738942
12.517848
11.867322
12.411553
12.084165
11.646228
12.301006
12.084165
12.407301
12.738942
12.301006
12.301006
11.756775
11.101996
12.301006
12.301006
11.539933
12.845238
12.517848
11.539933
11.8630705
11.973618
13.1726265
11.973618
12.084165
12.190459
12.084165
11.429386
12.301006
11.756775
12.628395
12.628395
12.190459
12.411553
12.407301
12.628395
12.194712
12.084165
13.1726265
12.734691
11.973618
12.517848
11.867322
11.646228
11.539933
12.190459
11.756775
12.517848
12.301006
12.517848
11.429386
11.429386
12.301006
12.301006
11.752523
12.301006
12.517848
11.65048
11.756775
12.301006
12.084165
11.8630705
12.517848
12.734691
11.429386
12.845238
11.756775
12.411553
12.190459
12.628395
11.8630705
12.517848
12.955785
11.973618
12.517848
12.951532
11.973618
12.190459
12.517848
11.65048
11.973618
11.323091
11.429386
12.411553
12.845238
11.535681
12.845238
12.951532
12.084165
12.411553
12.517848
12.084165
12.955785
12.190459
11.539933
12.190459
11.535681
12.845238
12.190459
12.517848
11.8630705
12.084165
12.628395
12.845238
11.65048
12.845238
12.079912
11.756775
12.734691
11.539933
12.411553
11.973618
11.756775
11.323091
12.084165
12.301006
12.517848
11.973618
12.411553
12.517848
12.301006
12.411553
12.407301
11.2125435
12.845238
11.973618
12.517848
12.517848
11.429386
11.867322
11.867322
13.1726265
12.190459
12.517848
11.973618
11.867322
11.973618
11.756775
11.756775
12.190459
12.084165
11.646228
12.407301
12.084165
11.8630705
11.2125435
12.411553
11.973618
12.301006
11.8630705
12.084165
11.867322
12.084165
11.539933
11.539933
12.190459
12.084165
12.517848
12.628395
11.867322
11.101996
11.65048
12.084165
11.106249
11.867322
11.867322
12.517848
12.084165
11.539933
11.106249
11.756775
11.2125435
12.628395
10.995702
11.973618
11.433638
11.973618
11.761026
11.323091
11.539933
12.411553
12.084165
11.65048
11.2125435
12.411553
12.084165
11.65048
11.867322
12.194712
11.973618
11.756775
12.955785
10.995702
11.977869
11.106249
10.77886
11.539933
11.973618
11.539933
11.65048
10.889407
10.999953
12.194712
11.323091
12.955785
11.2125435
12.084165
11.867322
10.562017
11.867322
11.761026
11.323091
11.323091
11.867322
11.323091
12.194712
11.539933
11.867322
11.106249
11.106249
11.106249
12.305258
12.084165
11.977869
11.867322
11.977869
11.323091
11.65048
11.2125435
12.194712
11.539933
11.65048
11.867322
11.433638
11.756775
11.761026
11.977869
11.867322
11.761026
11.429386
12.088415
10.995702
10.889407
10.889407
11.761026
10.77886
11.433638
10.995702
11.867322
11.106249
11.216796
10.999953
11.216796
11.867322
11.65048
11.433638
10.6725645
10.889407
10.889407
11.761026
10.6725645
12.305258
11.539933
11.433638
11.761026
10.6725645
11.216796
10.345176
10.45147
10.77886
11.977869
11.761026
11.539933
10.345176
11.544185
10.6725645
10.889407
10.6725645
11.106249
11.216796
11.433638
11.106249
10.6725645
10.783112
11.106249
10.889407
11.977869
11.867322
10.889407
10.562017
11.216796
11.327342
10.6725645
10.6725645
11.216796
10.455723
10.77886
10.562017
11.327342
10.455723
10.562017
10.999953
11.323091
11.761026
10.999953
10.889407
11.216796
10.999953
10.889407
11.1105
11.977869
10.562017
10.889407
11.433638
10.6725645
11.216796
10.999953
11.761026
11.65048
11.106249
11.761026
11.106249
10.999953
10.345176
10.562017
10.783112
11.65048
10.889407
10.562017
10.889407
10.889407
10.345176
10.128334
10.128334
10.77886
11.544185
11.65048
11.106249
10.889407
11.761026
11.216796
11.216796
11.216796
11.216796
10.889407
11.761026
10.889407
11.1105
11.216796
10.999953
10.783112
10.889407
10.893659
10.783112
10.349427
10.783112
10.889407
10.889407
11.106249
10.999953
11.106249
10.889407
11.654732
10.999953
10.6725645
10.566269
10.889407
10.455723
11.544185
11.65048
10.889407
11.216796
10.889407
10.455723
10.783112
10.455723
10.783112
10.783112
11.544185
10.345176
10.783112
10.6725645
10.999953
10.893659
10.6725645
11.1105
10.783112
10.889407
10.6725645
11.327342
10.455723
11.327342
10.128334
11.216796
11.433638
10.999953
11.544185
11.761026
10.999953
10.783112
10.6725645
10.889407
10.6725645
11.1105
10.6725645
10.566269
10.6725645
10.23888
10.889407
11.544185
11.327342
10.889407
10.6725645
10.893659
10.999953
11.1105
10.234629
10.783112
10.889407
11.327342
10.6725645
11.216796
10.562017
10.783112
10.345176
10.562017
10.999953
10.77886
10.783112
11.106249
10.999953
11.216796
10.783112
10.999953
10.999953
11.216796
10.6725645
11.1105
10.999953
11.1105
11.327342
10.128334
10.455723
10.6725645
10.783112
11.544185
10.6725645
10.999953
10.6725645
10.345176
10.999953
10.999953
10.999953
10.783112
10.345176
10.6725645
10.783112
10.783112
10.566269
10.345176
10.6725645
10.23888
10.6725645
10.999953
11.1105
10.889407
10.783112
10.566269
10.999953
10.6725645
11.327342
10.999953
11.1105
10.889407
10.999953
10.6725645
10.6725645
10.566269
11.1105
10.562017
10.783112
10.6725645
10.455723
10.566269
10.455723
11.1105
10.999953
10.783112
10.455723
11.544185
11.106249
10.783112
10.128334
10.6725645
10.345176
10.6725645
10.783112
10.6725645
10.783112
11.216796
11.327342
10.6725645
10.783112
10.455723
10.455723
10.999953
10.999953
10.783112
11.654732
10.6725645
10.6725645
10.6725645
11.216796
10.128334
10.6725645
11.216796
10.889407
11.544185
10.783112
11.1105
10.455723
11.216796
10.6725645
10.23888
10.783112
10.455723
10.566269
11.437889
10.999953
11.1105
10.6725645
10.345176
10.999953
11.327342
10.783112
10.23888
10.455723
10.6725645
10.999953
10.455723
10.6725645
10.999953
10.999953
10.455723
10.345176
11.216796
10.23888
11.216796
11.761026
10.566269
10.889407
10.999953
10.999953
11.216796
10.783112
10.783112
11.1105
10.566269
10.783112
10.6725645
10.783112
10.017787
10.455723
11.106249
10.999953
11.327342
10.345176
11.433638
11.106249
11.216796
10.6725645
11.1105
10.23888
10.6725645
11.221047
10.889407
9.911491
10.562017
10.562017
10.889407
10.562017
10.6725645
10.566269
10.017787
10.566269
10.345176
10.6725645
10.999953
10.889407
10.889407
10.23888
11.544185
10.999953
11.216796
10.6725645
10.6725645
11.216796
10.999953
10.999953
10.017787
10.128334
10.6725645
10.128334
10.889407
11.216796
10.999953
10.566269
10.999953
10.6725645
10.999953
10.23888
11.216796
11.1105
10.455723
10.889407
10.566269
10.6725645
10.562017
11.433638
10.6725645
10.783112
10.455723
10.23888
10.999953
10.566269
11.106249
10.999953
11.544185
10.6725645
10.455723
9.911491
11.327342
11.433638
11.216796
10.6725645
10.345176
10.6725645
11.216796
10.999953
10.783112
10.455723
10.6725645
11.544185
10.783112
9.800944
10.783112
10.783112
10.999953
10.999953
10.783112
11.327342
11.106249
10.566269
10.999953
10.889407
10.566269
10.566269
10.889407
10.999953
11.216796
10.889407
10.6725645
11.327342
10.783112
10.999953
10.783112
11.1105
11.544185
10.455723
10.6725645
11.433638
10.999953
10.889407
11.216796
10.455723
10.783112
10.345176
10.455723
10.455723
10.999953
10.23888
10.783112
10.77886
11.216796
11.544185
10.455723
10.128334
10.345176
10.999953
10.783112
10.0220375
9.911491
10.455723
11.327342
10.6725645
11.216796
10.999953
10.455723
10.77886
10.562017
10.566269
11.1105
11.216796
10.999953
10.455723
10.889407
10.889407
10.6725645
11.327342
10.889407
11.544185
10.566269
11.1105
11.1105
10.345176
10.999953
10.455723
10.349427
10.455723
10.566269
11.216796
10.783112
10.6725645
10.455723
10.999953
10.999953
11.65048
10.455723
10.999953
10.566269
10.6725645
10.783112
10.893659
11.216796
10.889407
10.783112
11.216796
10.455723
10.234629
10.23888
11.1105
9.911491
10.017787
11.216796
10.345176
11.1105
11.327342
10.889407
10.455723
10.23888
10.455723
11.216796
10.345176
10.889407
11.1105
10.6725645
10.459974
11.106249
11.1105
10.566269
10.562017
10.783112
10.6725645
10.349427
10.455723
10.6725645
10.893659
10.455723
9.584103
10.783112
10.128334
10.23888
10.676816
10.783112
10.455723
10.455723
10.783112
11.1105
10.999953
10.889407
10.455723
10.999953
11.216796
9.911491
10.23888
10.349427
11.1105
9.69465
10.349427
10.889407
10.6725645
9.911491
10.783112
10.6725645
10.6725645
10.6725645
10.0220375
11.327342
10.23888
10.783112
10.783112
10.23888
11.1105
10.128334
10.783112
9.911491
10.6725645
10.889407
10.0220375
11.654732
9.69465
10.349427
10.999953
9.805196
10.455723
10.455723
10.6725645
10.455723
11.1105
10.783112
10.6725645
10.566269
9.69465
10.23888
10.23888
10.783112
11.1105
9.805196
11.1105
11.1105
10.566269
10.345176
10.566269
10.128334
9.805196
10.787363
10.23888
9.69465
11.1105
9.911491
10.566269
10.783112
10.23888
11.1105
11.1105
10.349427
10.566269
10.455723
10.999953
10.349427
10.783112
10.783112
10.676816
11.327342
10.0220375
10.566269
10.999953
10.132585
10.566269
10.999953
10.0220375
10.566269
10.132585
10.23888
10.349427
10.566269
10.23888
11.216796
10.349427
11.1105
10.893659
10.0220375
9.911491
10.23888
10.893659
10.23888
10.132585
11.327342
10.349427
10.676816
10.566269
9.69465
10.566269
10.783112
10.566269
9.800944
10.455723
11.1105
10.0220375
10.0220375
10.783112
10.23888
10.128334
10.566269
10.783112
10.783112
10.566269
10.566269
10.23888
10.676816
10.0220375
10.23888
10.783112
10.349427
10.566269
10.566269
10.349427
10.999953
10.0220375
10.349427
10.566269
10.459974
10.349427
10.0220375
10.0220375
10.459974
9.805196
10.566269
9.805196
11.1105
10.345176
10.243132
10.349427
10.132585
10.0220375
10.676816
10.999953
9.805196
9.477807
10.23888
10.23888
9.805196
9.805196
10.783112
9.15467
10.459974
9.911491
9.915743
9.69465
10.132585
10.349427
10.23888
9.477807
10.23888
9.69465
9.805196
10.0220375
10.349427
9.805196
10.783112
10.132585
10.459974
9.150418
10.132585
10.566269
10.0220375
10.132585
10.0220375
10.132585
10.349427
9.260964
11.1105
9.915743
9.805196
10.132585
9.911491
9.69465
10.349427
10.566269
10.0220375
10.132585
10.0220375
10.783112
11.004206
9.36726
9.805196
11.437889
9.477807
10.676816
10.783112
10.349427
10.349427
10.455723
10.783112
9.588354
10.349427
10.783112
9.260964
11.1105
10.455723
10.0220375
10.455723
9.477807
11.1105
9.36726
10.455723
11.1105
10.349427
10.566269
10.676816
11.1105
9.805196
9.36726
10.132585
10.455723
10.23888
11.221047
10.23888
10.783112
10.23888
10.783112
9.260964
10.349427
10.349427
10.783112
10.349427
9.69465
10.0220375
10.783112
10.349427
10.132585
10.0220375
10.23888
10.0220375
10.23888
10.0220375
9.477807
10.0220375
9.588354
10.459974
9.69465
9.805196
9.911491
9.915743
10.783112
10.566269
10.0220375
9.805196
10.132585
10.893659
10.0220375
10.566269
9.911491
10.349427
10.0220375
10.349427
10.676816
9.69465
9.69465
10.455723
10.0220375
10.783112
10.0220375
10.23888
10.128334
10.349427
10.349427
10.566269
9.805196
11.1105
10.0220375
10.566269
10.6725645
9.805196
9.805196
10.676816
10.23888
10.349427
10.23888
10.23888
10.349427
10.0220375
9.915743
10.455723
10.0220375
10.783112
11.327342
10.349427
9.477807
10.0220375
10.349427
10.455723
10.132585
10.23888
9.915743
10.676816
10.566269
10.0220375
10.893659
10.0220375
10.349427
10.23888
10.349427
10.0220375
9.69465
9.584103
9.584103
10.132585
10.0220375
10.459974
10.349427
9.805196
10.566269
9.588354
10.566269
10.23888
10.132585
10.349427
10.783112
9.805196
9.911491
10.349427
10.566269
10.23888
9.588354
10.132585
10.23888
10.132585
11.1105
9.805196
10.0220375
10.889407
9.477807
11.221047
10.455723
10.349427
10.349427
10.23888
9.371511
10.783112
10.783112
9.588354
10.566269
10.676816
9.260964
10.349427
9.805196
10.23888
9.805196
10.676816
10.349427
10.349427
10.349427
9.805196
10.783112
10.349427
10.349427
10.566269
10.243132
11.1105
10.349427
10.349427
9.477807
11.1105
10.0220375
10.349427
10.23888
10.0220375
10.566269
9.69465
10.459974
9.69465
10.349427
10.349427
10.23888
10.455723
9.800944
10.0220375
10.23888
10.23888
9.805196
11.004206
10.0220375
10.349427
10.0220375
10.0220375
9.69465
10.566269
9.477807
9.69465
10.783112
10.23888
10.349427
10.128334
10.455723
10.455723
9.805196
10.23888
10.132585
10.893659
10.455723
10.566269
9.911491
10.676816
9.69465
10.455723
10.349427
9.588354
10.566269
10.0220375
9.805196
10.23888
10.0220375
10.0220375
9.805196
11.1105
10.0220375
10.23888
10.349427
9.800944
10.566269
10.566269
10.566269
9.805196
10.459974
10.23888
10.676816
9.69465
10.349427
10.783112
10.0220375
10.349427
9.69465
10.459974
10.893659
10.349427
9.69465
10.132585
10.455723
10.23888
10.349427
10.128334
10.349427
9.69465
9.915743
10.783112
10.132585
9.584103
10.455723
11.327342
10.0220375
9.477807
10.459974
10.566269
9.69465
9.69465
10.349427
10.999953
9.69465
10.128334
10.0220375
10.349427
10.23888
10.783112
9.477807
11.221047
9.477807
9.477807
11.1105
10.132585
10.999953
10.128334
9.911491
10.566269
9.477807
10.349427
10.0220375
9.36726
10.23888
9.911491
9.805196
10.0220375
9.69465
10.566269
9.915743
10.0220375
9.588354
11.1105
10.0220375
9.915743
10.783112
10.0220375
10.132585
10.566269
9.805196
9.36726
9.260964
10.132585
10.132585
9.588354
9.805196
10.999953
10.783112
10.23888
10.132585
10.999953
10.0220375
9.911491
9.911491
9.69465
10.132585
9.805196
10.676816
10.455723
10.23888
10.23888
10.0220375
9.69465
10.783112
11.1105
9.588354
10.889407
9.805196
10.459974
9.477807
10.783112
10.783112
10.132585
10.132585
10.23888
10.893659
10.0220375
10.566269
10.566269
9.69465
10.349427
10.6725645
10.23888
10.566269
10.128334
10.349427
10.676816
10.132585
10.676816
10.132585
10.893659
10.566269
10.676816
10.128334
9.915743
10.676816
11.327342
9.69465
10.349427
10.566269
10.783112
10.349427
10.459974
9.69465
10.0220375
10.566269
11.327342
9.588354
9.911491
10.132585
10.349427
10.0220375
9.477807
9.915743
9.477807
10.566269
11.1105
9.911491
10.23888
10.349427
10.566269
10.132585
9.698901
10.893659
10.349427
10.0220375
10.566269
9.805196
11.1105
9.260964
10.132585
10.0220375
10.0220375
10.132585
9.911491
10.0220375
10.132585
9.911491
9.588354
9.588354
10.23888
10.783112
10.566269
10.455723
9.477807
10.0220375
9.477807
9.588354
10.783112
9.150418
10.243132
10.23888
9.805196
10.459974
9.805196
10.676816
10.132585
10.23888
10.243132
9.805196
9.69465
10.132585
10.566269
9.588354
10.0220375
9.69465
10.455723
10.349427
9.69465
9.915743
10.132585
9.588354
9.260964
10.566269
10.132585
11.1105
10.128334
10.132585
10.566269
9.36726
9.805196
10.676816
9.260964
9.915743
10.0220375
10.132585
9.809448
10.787363
10.132585
9.698901
10.349427
10.676816
9.805196
9.588354
10.0220375
9.371511
10.459974
9.915743
10.132585
10.23888
9.805196
9.69465
9.805196
9.698901
10.23888
9.588354
9.588354
10.23888
9.482059
9.805196
9.805196
10.0220375
9.69465
9.915743
9.588354
10.459974
9.477807
10.132585
9.805196
10.132585
10.243132
8.82728
10.02629
9.69465
9.371511
9.805196
10.132585
9.15467
10.459974
9.805196
9.371511
10.243132
9.915743
9.588354
8.716734
10.132585
10.676816
9.588354
10.459974
10.349427
10.02629
9.371511
9.588354
10.243132
9.044123
9.698901
10.566269
9.915743
9.915743
9.69465
9.044123
9.044123
9.698901
9.260964
9.698901
10.243132
10.0220375
9.371511
10.243132
9.805196
10.787363
8.499891
10.243132
9.477807
9.15467
9.260964
9.588354
9.809448
8.82728
9.265217
10.132585
9.698901
9.698901
10.0220375
8.937827
9.588354
9.698901
9.044123
9.915743
8.610438
9.588354
9.371511
9.698901
9.915743
9.915743
10.0220375
9.371511
9.477807
8.499891
9.15467
9.915743
8.610438
9.809448
9.805196
9.15467
8.610438
9.265217
9.915743
8.937827
10.136837
9.15467
8.504144
9.588354
8.937827
9.15467
9.260964
8.504144
9.698901
8.389345
9.371511
9.044123
8.937827
9.588354
9.15467
9.15467
9.260964
9.15467
9.588354
8.720985
9.482059
9.915743
9.15467
9.915743
9.044123
9.044123
9.915743
9.15467
9.698901
9.044123
9.588354
9.260964
8.389345
8.82728
9.588354
9.588354
8.82728
10.02629
8.610438
9.482059
9.044123
8.937827
8.716734
9.15467
9.482059
9.15467
9.265217
10.243132
9.044123
9.698901
8.716734
9.371511
9.044123
8.610438
9.265217
9.044123
9.482059
9.698901
9.915743
8.393597
9.588354
9.698901
9.482059
9.15467
9.15467
9.265217
8.28305
8.610438
8.937827
8.610438
9.265217
10.02629
8.066207
9.482059
8.610438
9.265217
9.482059
8.937827
8.716734
9.15467
8.937827
9.809448
9.044123
9.482059
8.937827
9.588354
9.044123
10.02629
8.28305
9.915743
8.716734
9.698901
9.482059
10.132585
8.393597
10.243132
9.915743
9.044123
9.265217
8.716734
8.937827
8.499891
10.02629
9.150418
9.15467
9.044123
9.15467
9.482059
10.243132
9.482059
8.504144
10.02629
9.371511
9.265217
9.371511
9.482059
9.371511
9.482059
9.15467
9.482059
7.955661
8.720985
9.371511
8.610438
9.15467
9.482059
8.82728
8.610438
8.937827
8.610438
9.260964
8.82728
9.15467
8.610438
8.937827
9.15467
8.82728
9.265217
8.28305
8.610438
9.048374
9.371511
9.044123
9.592606
8.610438
9.260964
8.937827
9.482059
9.371511
8.937827
9.15467
9.809448
8.610438
9.265217
7.849365
8.82728
8.937827
10.02629
8.610438
9.482059
9.044123
9.15467
8.82728
9.15467
9.482059
9.482059
9.265217
8.176754
8.393597
8.937827
9.371511
8.393597
9.588354
9.044123
8.82728
10.02629
9.260964
8.504144
8.82728
8.720985
8.610438
8.937827
9.371511
9.482059
8.937827
8.610438
8.937827
9.260964
9.044123
8.82728
9.371511
8.937827
8.28305
8.176754
9.809448
9.809448
9.588354
7.521976
8.937827
9.482059
9.048374
9.044123
8.720985
9.588354
8.393597
8.82728
8.28305
8.176754
9.371511
8.720985
10.02629
8.393597
9.482059
9.371511
8.82728
8.937827
8.393597
8.720985
8.610438
9.048374
9.482059
7.738818
8.937827
8.28305
9.265217
9.698901
9.15467
8.720985
9.698901
7.738818
9.048374
9.371511
8.82728
8.937827
8.610438
8.937827
8.499891
8.8315325
8.610438
9.482059
8.393597
8.720985
8.393597
9.375764
9.371511
8.393597
8.393597
8.614691
9.371511
7.849365
9.15467
8.610438
8.82728
8.393597
8.610438
8.720985
8.82728
8.504144
9.048374
7.955661
9.482059
9.265217
9.048374
7.738818
9.592606
9.048374
8.504144
8.82728
8.82728
8.393597
8.393597
8.066207
9.482059
8.393597
9.048374
8.393597
8.937827
9.592606
8.066207
8.176754
9.265217
9.048374
8.610438
9.265217
8.8315325
8.720985
8.504144
9.15467
8.066207
8.176754
9.592606
9.375764
9.482059
9.048374
8.614691
9.15467
9.371511
8.393597
7.738818
8.937827
8.610438
8.720985
9.375764
9.698901
8.720985
8.393597
8.720985
8.176754
8.28305
8.720985
8.393597
7.6282716
8.8315325
8.393597
7.521976
9.265217
8.610438
9.375764
8.610438
8.610438
9.15467
8.720985
9.158921
7.9599123
8.8315325
8.393597
8.8315325
8.720985
8.066207
9.048374
9.371511
7.9599123
8.720985
8.28305
7.632523
9.592606
9.048374
8.614691
8.504144
8.393597
9.048374
8.176754
8.287301
8.393597
7.632523
8.937827
8.393597
9.265217
7.955661
9.265217
9.592606
7.9599123
9.048374
8.393597
7.9599123
9.265217
8.066207
8.176754
9.158921
8.393597
8.393597
8.504144
7.9599123
7.9599123
8.393597
8.504144
9.375764
7.526228
8.504144
8.393597
8.176754
9.158921
8.720985
9.265217
8.070459
8.8315325
9.158921
9.371511
7.74307
8.287301
8.720985
8.8315325
8.070459
8.176754
8.393597
9.15467
8.070459
8.937827
8.066207
8.614691
7.9599123
8.504144
8.176754
8.176754
7.9599123
7.9599123
8.176754
8.287301
7.849365
8.614691
8.504144
8.614691
8.397848
8.937827
7.74307
9.158921
8.066207
8.070459
8.720985
7.74307
8.614691
7.74307
7.853617
7.9599123
7.415681
8.94208
7.9599123
8.614691
8.393597
7.853617
8.397848
8.504144
7.853617
8.8315325
8.393597
8.614691
8.070459
8.176754
7.853617
8.94208
8.614691
8.94208
7.9599123
8.725238
8.8315325
8.504144
8.066207
8.181006
8.504144
8.070459
8.070459
8.393597
7.9599123
9.158921
8.8315325
8.614691
8.393597
8.504144
8.720985
7.632523
8.614691
8.176754
8.287301
7.526228
8.8315325
7.747322
9.265217
7.1988387
9.048374
7.9599123
8.397848
9.048374
7.636775
8.397848
7.9641643
9.048374
8.397848
7.9599123
8.287301
7.636775
8.614691
7.9599123
8.287301
8.610438
8.504144
8.720985
7.415681
8.397848
9.048374
8.181006
8.504144
7.9599123
8.070459
8.614691
8.070459
8.397848
8.720985
8.725238
8.287301
8.614691
8.287301
9.375764
8.614691
9.375764
8.287301
8.720985
8.8315325
8.504144
8.397848
8.287301
8.614691
8.504144
7.74307
8.070459
8.8315325
8.181006
9.158921
9.158921
8.287301
8.287301
8.070459
8.508395
8.181006
7.526228
8.287301
8.070459
8.397848
7.849365
7.853617
7.9641643
7.853617
8.94208
8.8315325
8.720985
8.070459
8.8315325
8.397848
7.853617
9.269468
8.504144
8.725238
8.508395
8.614691
8.181006
8.181006
8.504144
7.9641643
7.853617
7.74307
8.508395
7.632523
8.181006
8.508395
8.94208
8.070459
8.070459
8.397848
7.9599123
7.853617
8.614691
8.720985
8.070459
8.725238
8.070459
8.614691
8.287301
8.070459
8.397848
8.94208
7.9599123
7.9641643
8.614691
7.853617
7.853617
7.9599123
7.9641643
7.9599123
7.419933
7.9641643
7.9641643
7.636775
8.397848
8.181006
7.419933
8.070459
8.614691
7.309386
7.747322
7.636775
7.526228
7.747322
8.181006
7.9641643
8.508395
7.9641643
7.9641643
7.9641643
8.725238
7.747322
7.853617
8.397848
7.636775
8.397848
8.181006
7.636775
8.397848
7.74307
7.853617
8.181006
7.9599123
8.181006
8.181006
8.94208
8.508395
8.614691
7.092544
8.725238
7.526228
7.9641643
8.181006
8.070459
7.853617
8.2915535
8.181006
7.419933
8.725238
7.526228
7.9641643
8.181006
7.853617
7.636775
8.070459
7.203091
7.419933
8.181006
8.397848
7.419933
8.614691
8.181006
8.181006
7.9599123
7.309386
8.614691
8.8315325
8.070459
8.508395
7.853617
8.070459
8.2915535
7.636775
8.835785
7.526228
7.636775
7.636775
7.309386
8.835785
8.181006
7.853617
7.747322
8.070459
7.526228
7.853617
7.74307
8.181006
8.618942
8.181006
8.725238
7.5304804
8.94208
7.636775
8.508395
8.397848
7.9641643
7.9641643
8.181006
7.747322
8.181006
7.747322
8.397848
8.725238
7.9641643
7.526228
8.725238
8.181006
6.986249
8.508395
7.9641643
7.9641643
7.853617
8.508395
8.618942
7.419933
7.9641643
7.747322
7.419933
7.9641643
7.853617
7.636775
7.636775
7.9641643
7.9641643
8.181006
7.853617
7.853617
7.747322
8.2915535
7.203091
8.070459
7.9641643
7.419933
7.747322
8.181006
7.203091
7.419933
8.074712
6.875702
7.5304804
7.636775
7.747322
7.309386
8.181006
7.203091
8.508395
7.092544
8.725238
7.5304804
7.747322
7.9641643
7.9641643
7.5304804
7.5304804
6.4420176
8.074712
7.5304804
6.986249
8.074712
7.5304804
7.857869
7.203091
7.419933
7.747322
7.6410265
7.419933
7.092544
8.2915535
6.986249
8.2915535
7.5304804
7.313638
6.986249
7.096796
7.5304804
7.5304804
7.9641643
7.419933
7.203091
8.508395
8.074712
7.747322
7.313638
7.203091
7.5304804
7.309386
7.747322
8.508395
7.747322
8.508395
7.747322
7.313638
7.419933
6.875702
7.747322
7.203091
7.636775
7.9641643
7.203091
8.2915535
7.203091
8.185258
7.747322
7.419933
7.747322
7.313638
7.747322
7.096796
8.074712
7.747322
7.9641643
7.313638
7.092544
7.5304804
7.419933
6.986249
6.6588597
7.4241843
7.5304804
7.313638
6.986249
7.313638
7.207342
7.5304804
7.419933
6.769407
8.074712
7.857869
6.6588597
7.5304804
7.203091
7.747322
7.313638
7.4241843
7.9641643
7.313638
7.096796
6.986249
7.203091
7.096796
7.096796
7.313638
6.4420176
7.857869
7.857869
7.5304804
6.986249
7.6410265
8.074712
7.313638
7.747322
8.2915535
7.096796
7.747322
8.074712
7.203091
7.313638
7.747322
7.5304804
7.313638
7.9684157
8.074712
7.857869
8.074712
7.6410265
7.5304804
7.857869
7.313638
7.313638
7.4241843
7.857869
7.857869
6.986249
7.5304804
7.309386
6.875702
7.313638
7.5304804
6.769407
7.5304804
7.747322
7.096796
7.6410265
7.5304804
7.096796
7.5304804
7.747322
7.747322
6.3314705
7.096796
6.5525646
7.4241843
8.508395
7.5304804
7.203091
7.857869
7.747322
7.5304804
7.6410265
7.5304804
7.096796
7.5304804
7.313638
7.313638
7.7515736
7.6410265
6.986249
6.8799534
7.313638
7.5304804
6.5525646
6.769407
7.313638
7.9684157
8.074712
7.096796
7.313638
8.074712
6.6588597
7.747322
7.6410265
7.4241843
7.313638
7.4241843
7.096796
6.8799534
6.8799534
7.4241843
6.5525646
7.313638
7.4241843
7.096796
6.986249
7.096796
7.6410265
7.203091
7.5304804
7.5304804
6.986249
6.769407
7.5304804
7.857869
7.096796
6.986249
7.096796
7.096796
7.313638
7.203091
6.769407
7.207342
7.6410265
7.6410265
7.4241843
7.313638
7.096796
7.4241843
6.875702
6.986249
7.313638
6.5525646
8.185258
7.096796
7.207342
7.313638
7.313638
7.207342
7.7515736
6.986249
7.6410265
7.207342
7.313638
7.7515736
7.096796
6.769407
7.207342
7.7515736
8.078962
7.6410265
6.8799534
7.6410265
6.986249
6.5525646
7.096796
6.769407
7.313638
6.8799534
7.4241843
7.5304804
6.769407
7.6410265
6.769407
7.4241843
7.096796
6.663111
7.207342
7.4241843
7.096796
6.663111
6.3357224
6.769407
6.9905005
6.769407
7.096796
7.4241843
7.4241843
6.8799534
7.207342
7.096796
7.207342
7.313638
7.9684157
7.207342
7.207342
6.2251754
6.5525646
6.8799534
7.5347314
6.8799534
6.9905005
6.663111
7.207342
7.207342
6.8799534
7.5347314
6.8799534
6.663111
7.6410265
6.8799534
7.7515736
6.663111
6.8799534
7.207342
7.207342
7.4241843
7.313638
6.9905005
7.096796
7.313638
7.6410265
7.4241843
6.8799534
7.6410265
7.207342
7.207342
7.096796
6.5525646
7.4241843
6.663111
7.207342
7.4241843
6.4462695
7.4241843
7.207342
6.8799534
7.4241843
7.096796
6.8799534
6.8799534
6.8799534
6.8799534
7.096796
6.8799534
7.207342
6.8799534
7.6410265
6.663111
7.6410265
6.5525646
6.8799534
6.9905005
6.663111
7.207342
6.8799534
6.4462695
6.5525646
7.207342
7.317889
7.317889
7.207342
6.663111
7.7515736
6.4462695
7.207342
7.313638
7.096796
6.663111
7.317889
6.8799534
7.5347314
7.207342
6.663111
6.1188803
7.7515736
6.663111
6.7736583
6.663111
6.8799534
5.902038
6.4462695
6.8799534
6.8799534
6.556816
7.096796
6.4462695
6.3357224
6.8799534
7.7515736
6.4462695
6.8799534
6.663111
6.8799534
7.4241843
6.7736583
7.096796
7.4241843
6.8799534
7.5347314
6.8799534
6.663111
6.663111
6.4462695
7.1010475
7.096796
6.1188803
6.9905005
6.4462695
6.663111
6.7736583
6.9905005
7.207342
6.4462695
7.207342
6.9905005
6.556816
6.2294273
6.9905005
7.5347314
6.663111
6.8799534
6.556816
7.207342
6.9905005
7.207342
6.2294273
6.339974
6.663111
7.317889
6.4462695
6.9905005
6.4462695
6.2294273
6.769407
6.556816
6.663111
7.207342
6.339974
5.6851964
6.9905005
6.339974
6.339974
6.7736583
6.4462695
6.2294273
6.663111
6.7736583
6.4462695
7.317889
6.556816
6.1188803
6.7736583
6.7736583
6.012585
6.4462695
6.2294273
6.4462695
6.012585
6.556816
6.556816
6.556816
6.7736583
6.556816
5.902038
6.7736583
5.468354
6.339974
6.2294273
6.4462695
6.7736583
6.012585
5.6851964
6.7736583
6.9905005
6.4462695
6.2294273
6.2294273
5.6851964
7.207342
5.6851964
5.795743
6.1188803
5.6851964
5.6851964
6.4462695
6.4462695
5.795743
6.012585
6.556816
6.012585
5.251512
6.012585
6.9947524
6.339974
5.795743
5.6851964
6.339974
5.90629
6.012585
5.468354
6.9905005
6.339974
6.2294273
6.2294273
6.2294273
6.012585
6.556816
6.2294273
5.578901
6.339974
5.6851964
7.4284363
5.795743
6.012585
6.2294273
6.4462695
5.90629
6.556816
6.556816
6.2294273
5.468354
5.795743
6.123132
6.123132
5.90629
6.2294273
5.795743
6.2294273
6.123132
5.795743
6.123132
6.667363
5.6851964
6.667363
7.1010475
6.123132
6.123132
6.123132
6.2294273
5.251512
6.556816
6.339974
6.339974
5.578901
6.667363
5.4726057
6.339974
6.667363
5.578901
6.123132
5.90629
6.2336793
6.123132
5.578901
5.578901
6.450521
6.4462695
6.339974
4.8178277
6.012585
6.339974
5.468354
6.339974
6.012585
6.8842053
6.556816
5.90629
6.123132
5.795743
6.123132
5.251512
6.667363
6.123132
5.3620586
5.90629
6.123132
5.689448
5.578901
5.90629
5.795743
6.339974
6.339974
5.795743
6.012585
5.0346694
6.450521
6.2336793
6.77791
5.6851964
5.689448
5.795743
6.123132
6.123132
5.689448
5.468354
5.3620586
6.2336793
5.3620586
5.578901
6.450521
5.3620586
5.689448
6.2336793
5.3620586
5.251512
5.90629
5.578901
6.339974
5.90629
5.578901
5.795743
6.450521
5.90629
5.578901
6.016837
5.90629
4.928375
5.90629
5.90629
6.123132
5.90629
5.90629
5.90629
5.038922
5.4726057
5.689448
4.928375
6.2336793
6.016837
5.689448
5.578901
5.90629
5.4726057
5.3620586
6.123132
5.3620586
6.012585
5.4726057
5.578901
5.90629
5.689448
6.2336793
5.1452165
5.4726057
5.1452165
5.2557635
4.928375
5.689448
5.3620586
4.6009855
5.1452165
5.4726057
6.2336793
5.4726057
5.795743
4.7072806
4.8178277
5.90629
5.689448
4.6009855
5.90629
6.016837
4.928375
6.2336793
5.795743
4.7115326
5.4726057
5.3620586
5.1452165
5.689448
5.799995
5.1452165
4.8178277
4.928375
5.689448
5.2557635
5.3620586
4.928375
4.8178277
5.1452165
5.689448
4.928375
6.016837
5.90629
6.016837
5.3620586
5.3620586
5.038922
5.1452165
5.4726057
5.4726057
4.928375
5.3620586
6.016837
5.689448
4.3841434
5.3620586
5.3620586
5.4726057
5.2557635
5.799995
5.4726057
5.0346694
5.799995
5.1452165
5.3620586
5.4726057
5.90629
5.4726057
4.8178277
5.689448
4.6009855
5.4726057
5.583153
4.7115326
5.1452165
6.2336793
4.7115326
4.7115326
5.799995
4.7115326
5.3663106
6.016837
4.928375
4.8220797
5.2557635
5.1452165
5.038922
4.928375
5.1452165
4.167301
6.1273837
5.1452165
5.1452165
4.6009855
4.928375
5.2557635
4.7115326
4.8220797
5.2557635
5.1452165
4.2778482
5.038922
5.038922
5.689448
5.2557635
4.4946904
5.583153
5.4726057
4.7115326
4.7115326
4.7115326
4.605237
5.2557635
4.928375
4.7115326
4.7115326
4.7115326
5.1452165
5.1494684
5.038922
5.3663106
5.583153
5.038922
4.4946904
5.1494684
5.3663106
5.2557635
5.2557635
5.038922
4.8220797
4.928375
5.1494684
4.4946904
4.9326262
5.2557635
4.3841434
5.4726057
5.1494684
5.1494684
5.583153
4.928375
5.4726057
5.799995
4.8220797
4.4946904
5.4726057
4.167301
5.4726057
4.4946904
4.7115326
4.4946904
4.4946904
4.7115326
5.038922
5.3663106
5.2557635
5.3663106
5.038922
4.7115326
5.799995
4.4946904
4.4946904
4.928375
4.7115326
5.038922
4.928375
5.038922
4.167301
5.4726057
4.928375
5.689448
4.928375
5.4726057
5.2557635
5.2557635
4.928375
5.2557635
5.2557635
5.3663106
5.583153
4.3841434
4.7115326
5.583153
4.167301
4.7115326
4.928375
4.7115326
4.928375
4.8178277
5.2557635
5.689448
5.2557635
4.7115326
5.689448
5.4726057
5.4726057
5.2557635
4.7115326
5.038922
4.8220797
5.038922
4.7115326
5.3663106
5.583153
5.038922
5.1494684
4.7115326
5.4726057
4.167301
5.2557635
4.7115326
5.583153
5.038922
4.4946904
4.7115326
4.7115326
4.4946904
5.4768577
4.928375
4.7115326
5.3663106
5.3663106
5.038922
5.2557635
4.2778482
5.1452165
5.4726057
5.038922
4.8220797
5.689448
5.038922
4.8220797
5.9105415
5.1452165
5.038922
4.7115326
4.7115326
5.583153
5.4726057
5.2557635
5.799995
5.583153
4.8220797
5.4726057
5.9105415
4.7115326
5.2557635
5.038922
5.6937
4.928375
4.3841434
5.3663106
4.7115326
4.928375
5.038922
5.038922
4.3841434
5.3620586
5.2557635
4.7115326
5.3663106
4.928375
4.4946904
5.038922
5.689448
5.1452165
5.799995
4.7115326
5.4726057
4.928375
4.4946904
5.4726057
5.2557635
4.7115326
5.583153
4.7115326
5.3663106
5.689448
4.928375
5.583153
5.038922
5.038922
5.038922
4.7115326
4.8220797
5.038922
4.7115326
5.038922
5.1452165
4.3841434
5.799995
5.2557635
5.799995
5.583153
4.928375
5.2557635
4.8220797
5.583153
5.583153
5.799995
4.4946904
4.8220797
5.038922
5.3663106
5.583153
4.8220797
5.799995
5.2557635
5.6937
5.2557635
5.038922
4.8220797
5.583153
4.928375
5.1494684
5.583153
4.4946904
5.583153
5.038922
5.583153
5.799995
4.7115326
5.1452165
5.038922
5.2557635
5.583153
5.038922
5.3663106
5.9105415
5.3620586
4.928375
5.4726057
5.583153
5.799995
5.583153
4.8220797
5.583153
5.583153
4.4946904
5.583153
4.7115326
5.583153
5.1452165
4.8220797
5.4726057
4.928375
5.583153
5.3663106
5.4726057
5.2557635
5.90629
5.9105415
6.016837
5.90629
5.2557635
5.4726057
5.799995
5.3620586
6.016837
5.689448
4.8178277
5.4726057
4.6009855
5.1452165
5.583153
5.799995
4.8220797
5.689448
5.4726057
6.1273837
5.799995
5.4726057
6.016837
5.799995
6.016837
5.038922
5.799995
5.2557635
5.3663106
5.583153
5.4726057
5.4726057
5.4726057
5.9105415
5.583153
5.038922
5.583153
6.016837
5.4726057
5.583153
5.4726057
5.799995
4.8220797
5.583153
5.4726057
5.583153
5.3663106
5.799995
5.038922
5.4726057
5.9105415
4.8220797
5.4726057
5.2557635
5.3663106
5.799995
5.2557635
5.9105415
5.689448
5.583153
4.4946904
6.016837
4.3841434
5.1452165
5.2557635
5.1452165
6.016837
4.6009855
5.1452165
5.799995
5.1452165
5.1452165
4.7115326
5.038922
5.583153
5.3663106
5.9105415
5.4726057
4.8220797
6.3442264
6.016837
5.4726057
5.4726057
5.2557635
5.3663106
5.799995
5.2557635
5.2557635
4.928375
5.583153
5.689448
5.4726057
6.016837
5.038922
5.2557635
5.2557635
6.454773
6.3442264
4.928375
5.2557635
5.799995
4.8220797
5.4726057
5.799995
5.799995
5.1452165
6.3442264
5.2557635
5.038922
5.799995
5.583153
5.583153
5.689448
5.583153
6.1273837
5.038922
6.016837
5.799995
5.3663106
5.3620586
6.1273837
5.799995
5.9105415
6.016837
5.799995
5.90629
5.799995
5.583153
5.038922
5.1494684
5.583153
5.2557635
5.689448
5.799995
6.016837
5.799995
5.4726057
6.671615
6.016837
5.4726057
5.583153
6.016837
5.2557635
6.1273837
6.1273837
5.689448
5.799995
6.56532
6.3442264
6.123132
5.799995
5.578901
5.038922
6.454773
6.016837
5.2557635
6.016837
5.4726057
4.928375
5.2557635
5.799995
5.689448
5.583153
5.799995
5.2557635
5.3663106
6.1273837
5.799995
5.583153
5.799995
5.799995
6.016837
5.799995
5.689448
5.583153
5.799995
5.1452165
6.016837
5.583153
5.4726057
5.2557635
5.1452165
6.016837
6.3442264
6.561068
4.928375
6.671615
6.123132
5.799995
6.561068
5.799995
5.3663106
5.583153
5.583153
4.928375
5.9105415
5.689448
5.799995
6.3442264
5.689448
6.2336793
5.689448
6.1273837
5.583153
5.4726057
4.928375
5.038922
6.1273837
4.8220797
5.038922
6.1273837
6.3442264
6.016837
4.8220797
5.6937
5.4726057
5.1452165
6.3442264
5.799995
5.038922
5.9105415
5.583153
5.9105415
6.1273837
5.3663106
6.016837
6.016837
6.561068
5.9105415
5.583153
5.799995
5.4726057
5.799995
6.671615
5.4726057
6.3442264
6.3442264
6.2336793
5.2557635
6.454773
5.90629
5.1452165
5.2557635
5.583153
5.3620586
6.3442264
6.123132
5.1452165
5.799995
6.2336793
5.689448
5.9105415
5.689448
6.2336793
4.7115326
5.4726057
6.016837
6.3442264
5.9105415
5.799995
5.4726057
5.4726057
6.3442264
4.928375
5.1452165
6.1273837
6.3442264
5.4726057
5.799995
5.689448
6.016837
6.3442264
6.3442264
5.799995
6.016837
5.2557635
5.4726057
5.583153
5.4726057
5.90629
5.689448
6.3442264
6.561068
5.583153
5.2557635
5.2557635
6.2336793
5.583153
4.928375
5.689448
4.928375
6.016837
5.4726057
5.799995
6.016837
5.1452165
4.8178277
6.3442264
5.4726057
5.6937
6.016837
6.3442264
5.2557635
6.1273837
6.561068
5.2557635
5.799995
6.561068
5.3663106
6.016837
6.2336793
6.016837
5.799995
5.2557635
5.1452165
6.016837
6.016837
6.3442264
6.2336793
5.583153
6.1273837
5.689448
6.016837
5.689448
5.689448
6.1273837
6.2336793
6.1273837
5.799995
5.90629
5.1452165
6.77791
5.2557635
5.9105415
5.4726057
5.1452165
6.561068
5.689448
5.9105415
5.689448
5.689448
5.583153
6.016837
6.016837
6.671615
6.77791
6.3442264
6.2336793
5.689448
6.3442264
6.016837
5.038922
6.016837
6.1273837
5.1452165
6.561068
6.2336793
5.3663106
6.8884573
5.90629
5.2557635
6.2336793
5.799995
5.799995
6.77791
5.583153
5.583153
6.016837
5.583153
6.1273837
5.578901
5.799995
5.583153
6.77791
6.1273837
6.1273837
5.689448
5.583153
5.689448
5.799995
5.799995
5.1452165
5.4726057
5.583153
5.799995
5.1452165
5.3663106
5.799995
5.583153
6.1273837
5.689448
5.799995
4.7115326
6.1273837
5.799995
5.4726057
6.1273837
5.799995
6.3442264
6.1273837
5.799995
6.3442264
5.4726057
6.3442264
6.016837
5.4726057
5.689448
6.561068
5.1452165
6.2336793
5.4726057
5.689448
6.1273837
5.689448
5.1452165
5.689448
6.2336793
5.4726057
6.671615
6.450521
5.90629
5.3663106
5.799995
5.799995
4.928375
6.561068
5.583153
6.1273837
6.2336793
6.77791
5.4726057
6.2336793
5.90629
5.4726057
5.4726057
6.671615
5.799995
5.4726057
6.671615
6.016837
5.4726057
5.9105415
5.689448
5.2557635
5.9105415
6.2336793
6.1273837
6.3442264
5.90629
6.1273837
6.8884573
5.799995
5.2557635
6.8884573
6.2336793
6.1273837
5.799995
5.799995
5.038922
5.689448
5.1452165
5.799995
5.689448
5.2557635
6.1273837
5.4726057
5.1452165
5.3663106
6.016837
6.561068
5.3663106
5.9105415
6.8884573
6.671615
6.237931
6.016837
6.1273837
5.3663106
6.671615
5.799995
6.1273837
5.4726057
5.4726057
6.561068
5.799995
5.583153
5.689448
5.4726057
6.3442264
6.561068
5.3663106
6.1273837
5.9105415
5.799995
5.9105415
5.583153
6.3442264
5.038922
5.799995
5.689448
5.799995
5.9105415
5.689448
6.1273837
6.1273837
6.2336793
5.2557635
5.583153
5.799995
6.1273837
6.016837
5.799995
6.8884573
5.90629
6.016837
6.561068
6.3442264
6.2336793
6.671615
5.2557635
6.77791
6.016837
6.667363
5.799995
6.2336793
6.3442264
6.8884573
5.90629
5.4726057
6.2336793
5.4726057
5.799995
6.016837
6.3442264
6.8884573
5.2557635
5.799995
6.561068
6.1273837
5.799995
5.689448
6.237931
5.799995
6.8884573
6.016837
6.561068
5.799995
6.450521
6.016837
6.237931
5.90629
6.8884573
6.671615
5.4726057
6.671615
6.016837
5.799995
6.1273837
5.4726057
6.561068
6.77791
5.4726057
6.3442264
5.799995
6.3442264
5.799995
6.671615
5.4726057
6.77791
6.016837
5.90629
6.016837
6.8884573
6.671615
6.454773
6.016837
5.9105415
5.689448
5.799995
6.561068
5.689448
5.583153
6.1273837
6.7821617
6.561068
5.799995
6.77791
5.4726057
6.016837
5.689448
5.799995
6.3442264
5.583153
5.799995
6.3442264
6.2336793
6.671615
5.689448
5.583153
5.90629
5.583153
6.016837
5.4726057
5.583153
6.561068
5.799995
6.016837
5.583153
6.9947524
5.689448
6.561068
6.2336793
5.799995
6.016837
5.2557635
6.671615
6.3442264
6.2336793
6.671615
6.016837
5.689448
6.016837
6.7821617
5.799995
6.2336793
5.583153
6.450521
6.016837
5.799995
5.3620586
6.2336793
6.450521
6.016837
6.671615
6.77791
6.3442264
5.4726057
7.1052995
6.016837
6.2336793
6.016837
6.561068
5.90629
5.2557635
6.77791
6.2336793
5.2557635
6.8884573
5.578901
5.689448
6.561068
5.689448
5.799995
6.1273837
5.689448
5.3620586
6.8884573
5.689448
5.2557635
6.1273837
5.799995
6.2336793
6.2336793
5.689448
7.1052995
6.2336793
6.3442264
6.450521
6.2336793
5.689448
6.77791
6.77791
6.1273837
5.583153
6.2336793
5.689448
6.3442264
7.1052995
6.9990044
6.561068
5.9105415
6.3442264
5.799995
6.016837
6.3442264
5.799995
6.123132
6.8884573
6.561068
6.123132
6.1273837
6.1273837
5.3663106
6.671615
6.1273837
5.689448
6.3442264
6.77791
6.3442264
6.016837
5.2557635
6.7821617
6.2336793
6.016837
5.583153
5.799995
6.561068
5.689448
5.583153
6.561068
6.1273837
5.799995
5.9105415
6.2336793
5.4726057
5.799995
6.016837
6.561068
5.9105415
6.671615
6.016837
6.454773
6.3442264
6.2336793
5.583153
6.1273837
6.77791
6.016837
6.561068
6.8884573
5.799995
6.454773
6.2336793
6.450521
5.583153
6.671615
5.799995
5.799995
6.671615
5.3620586
6.016837
5.689448
6.8884573
6.2336793
5.799995
5.4726057
6.450521
5.799995
5.583153
6.123132
6.1273837
6.016837
6.1273837
5.799995
5.799995
6.561068
6.671615
5.4726057
5.799995
5.689448
6.2336793
6.3442264
5.799995
5.689448
5.583153
6.3442264
6.450521
6.016837
6.561068
5.90629
6.3442264
6.77791
5.90629
6.1273837
5.689448
5.4726057
5.799995
6.8884573
6.561068
5.3663106
5.4726057
5.689448
6.561068
5.4726057
7.1052995
6.3442264
6.016837
6.450521
6.561068
6.450521
6.2336793
5.799995
6.016837
5.1452165
6.2336793
5.689448
6.016837
6.237931
6.1273837
6.016837
5.9105415
6.1273837
6.016837
5.689448
6.016837
6.123132
5.799995
4.928375
5.583153
6.016837
5.2557635
5.9105415
5.689448
6.2336793
5.6937
5.90629
5.689448
6.1273837
6.77791
5.1452165
6.2336793
6.561068
6.016837
6.1273837
5.4726057
5.689448
6.016837
6.3442264
6.561068
5.4726057
6.1273837
6.2336793
5.3663106
5.3663106
6.3442264
5.90629
6.454773
6.3442264
5.689448
6.671615
5.4726057
5.799995
6.671615
5.799995
6.016837
6.671615
5.583153
6.671615
5.799995
6.561068
5.583153
6.3442264
5.583153
6.1273837
6.3442264
5.1452165
6.454773
5.583153
5.2557635
5.583153
6.016837
5.038922
6.237931
5.799995
5.2557635
5.689448
6.2336793
5.2557635
5.6937
6.016837
5.583153
6.016837
6.2336793
5.799995
5.799995
5.4726057
5.583153
6.016837
6.016837
5.799995
5.583153
6.016837
6.3442264
5.2557635
5.583153
6.2336793
5.2557635
5.9105415
6.016837
6.1273837
5.9105415
6.016837
6.3442264
6.8884573
6.2336793
6.016837
6.3442264
6.3442264
5.689448
5.689448
6.1273837
6.016837
5.689448
6.561068
6.016837
5.038922
6.1273837
5.1452165
6.1273837
6.3442264
6.3442264
6.454773
6.3442264
5.1452165
6.3442264
5.2557635
5.2557635
5.1452165
5.3663106
6.454773
5.799995
5.1452165
5.583153
5.4726057
5.9105415
5.689448
5.3663106
5.4726057
4.928375
5.583153
6.016837
4.928375
5.9105415
5.3663106
5.689448
5.799995
6.1273837
6.454773
5.4726057
5.2557635
5.3663106
5.799995
5.3663106
5.583153
5.4726057
5.6937
5.583153
5.583153
5.583153
6.016837
4.7115326
5.583153
5.3663106
5.2557635
6.1273837
5.2557635
5.038922
5.799995
5.038922
5.038922
5.9105415
5.689448
6.1273837
6.1273837
5.799995
5.3663106
6.016837
5.799995
6.237931
5.9105415
5.583153
5.4726057
5.2557635
5.2557635
6.016837
5.689448
6.016837
5.3663106
5.9105415
5.4726057
5.9105415
6.016837
6.1273837
5.3663106
5.799995
5.4726057
5.583153
5.038922
6.454773
6.3442264
5.689448
5.9105415
5.4726057
5.2557635
5.038922
5.9105415
5.3663106
6.454773
6.016837
5.689448
6.016837
5.583153
4.928375
6.016837
5.038922
4.928375
5.583153
5.3663106
6.3442264
4.928375
5.9105415
5.2557635
5.1494684
5.799995
5.038922
4.4946904
6.1273837
4.928375
5.583153
6.016837
5.038922
5.799995
5.038922
6.3442264
5.038922
5.038922
6.1273837
5.9105415
6.016837
5.3663106
5.583153
5.6937
6.016837
4.928375
5.4726057
5.9105415
6.237931
5.799995
6.1273837
5.4726057
4.9326262
5.4726057
5.3663106
5.2557635
5.038922
5.4726057
5.4726057
5.4726057
5.2557635
5.799995
5.583153
5.9105415
5.2557635
5.9105415
5.038922
5.583153
6.1273837
5.583153
5.4726057
5.583153
5.583153
6.016837
5.038922
6.016837
4.928375
5.3663106
5.3663106
5.583153
5.583153
6.561068
5.1452165
5.3663106
5.3663106
5.3663106
5.799995
5.038922
5.1494684
5.799995
5.4726057
5.6937
6.016837
5.799995
5.583153
5.799995
5.038922
5.038922
5.799995
6.016837
5.583153
5.3663106
5.583153
5.3663106
5.3663106
5.038922
5.038922
5.2557635
6.1273837
5.6937
5.1452165
5.9105415
5.1494684
5.799995
4.8220797
6.1273837
5.3663106
5.583153
4.4946904
5.4726057
5.3663106
5.4768577
5.583153
5.3663106
5.583153
5.1494684
5.799995
4.7115326
5.2557635
4.4946904
6.237931
4.7115326
5.038922
5.799995
5.583153
5.3663106
5.2557635
5.4726057
5.583153
5.038922
5.4726057
5.799995
5.799995
4.928375
5.038922
4.7115326
5.038922
5.4726057
5.038922
5.583153
5.038922
5.2557635
5.799995
5.3663106
4.4946904
5.6937
5.038922
5.4726057
6.454773
5.1494684
4.928375
5.583153
6.3442264
5.038922
5.1452165
4.928375
5.583153
5.2557635
5.038922
6.237931
5.038922
5.2557635
6.56532
6.016837
5.583153
5.9105415
5.799995
5.583153
5.2557635
5.583153
6.016837
5.583153
5.90629
4.8220797
5.583153
6.1273837
5.9105415
5.3663106
5.4726057
5.2557635
6.3442264
4.7115326
5.2557635
4.7115326
5.038922
5.6937
5.583153
5.583153
6.1273837
5.1494684
6.3442264
5.038922
5.2557635
6.1273837
5.6937
5.9105415
5.038922
5.4768577
5.799995
4.928375
5.038922
5.3663106
6.561068
4.7115326
5.1494684
5.3663106
5.038922
5.9105415
5.583153
5.583153
5.9105415
5.038922
5.3663106
5.583153
5.1494684
6.016837
5.038922
5.583153
5.2557635
5.3663106
5.6937
5.2557635
5.583153
5.4726057
5.038922
5.583153
6.454773
4.8220797
6.1273837
5.799995
5.4768577
5.1494684
5.4768577
5.583153
5.038922
5.583153
5.2557635
5.3663106
5.038922
4.4946904
5.583153
5.583153
5.799995
5.4726057
5.9105415
5.2557635
5.3663106
5.583153
5.038922
4.7115326
5.038922
5.9105415
5.1494684
5.2557635
6.237931
5.2557635
5.2557635
6.237931
6.016837
5.2557635
5.4726057
5.038922
6.3442264
5.3663106
5.9105415
5.583153
5.583153
6.3442264
5.1494684
5.4726057
4.928375
5.2557635
5.799995
4.9326262
5.2557635
5.9105415
5.583153
5.583153
5.799995
5.6937
5.9105415
5.038922
4.8220797
5.038922
5.2557635
6.1273837
4.605237
5.6937
5.799995
5.1494684
5.583153
5.6937
5.799995
4.605237
5.9105415
5.2557635
5.4768577
5.799995
4.7115326
6.016837
6.237931
5.799995
4.8220797
6.1273837
5.038922
5.2557635
5.9105415
4.928375
5.583153
4.8220797
5.2557635
5.2557635
5.3663106
5.1494684
5.038922
5.1494684
5.038922
5.9105415
5.038922
5.583153
5.2600155
5.583153
4.8220797
5.4726057
4.4946904
5.689448
5.038922
5.4726057
5.038922
4.4946904
5.2557635
6.1273837
5.3663106
5.038922
4.7115326
5.038922
5.4726057
4.9326262
5.799995
5.038922
5.1494684
5.038922
4.8220797
5.4726057
5.583153
5.1452165
5.4726057
5.9105415
5.583153
4.7115326
6.3442264
5.4726057
5.2557635
6.016837
4.8220797
5.1494684
4.7115326
5.2557635
5.038922
5.9105415
5.3663106
4.8220797
5.799995
5.799995
4.8220797
5.799995
5.038922
6.237931
5.038922
4.7115326
5.583153
4.4946904
5.583153
4.8220797
5.3663106
4.4946904
5.583153
5.583153
5.1494684
5.583153
4.605237
5.1494684
4.928375
5.799995
5.2557635
6.0210886
5.038922
5.038922
6.454773
5.583153
5.1494684
5.3663106
4.928375
5.4726057
4.605237
5.3663106
4.605237
5.038922
5.038922
4.8220797
5.583153
5.2557635
5.9105415
5.4768577
5.1452165
6.1273837
5.583153
4.3883953
5.583153
4.4946904
5.9105415
5.038922
4.9326262
4.8220797
4.8220797
5.3663106
5.9105415
5.038922
6.0210886
5.799995
5.3663106
5.3663106
5.583153
5.3663106
5.038922
4.9326262
5.9105415
4.7115326
6.237931
5.038922
4.3883953
4.8220797
5.583153
5.1452165
5.3663106
4.8220797
6.1273837
5.038922
4.8220797
6.0210886
5.9105415
5.3663106
5.583153
4.9326262
6.0210886
5.1494684
5.1494684
5.583153
5.038922
5.3663106
4.8220797
5.038922
5.799995
5.583153
5.038922
5.583153
5.1494684
5.583153
5.2557635
5.6937
5.6937
4.8220797
6.016837
4.8220797
5.583153
4.8220797
6.0210886
5.799995
4.7115326
5.9105415
5.3663106
5.038922
5.799995
4.9326262
4.8220797
5.038922
5.4768577
5.583153
5.3663106
5.3663106
5.6937
5.4768577
4.8220797
5.2557635
4.928375
5.6937
5.689448
5.2557635
5.583153
5.038922
4.8220797
4.8220797
5.799995
4.4946904
4.8220797
5.9105415
5.038922
5.1494684
6.1273837
4.4946904
4.8220797
4.8220797
4.9326262
5.2557635
4.8220797
5.1494684
4.8220797
4.715784
5.3663106
4.2778482
5.583153
5.038922
5.1494684
5.2557635
5.3663106
6.1273837
4.7115326
5.6937
5.799995
4.605237
5.3663106
4.4946904
5.6937
5.4726057
4.928375
6.237931
5.2557635
5.038922
5.038922
5.4768577
5.1494684
4.8220797
5.799995
5.2557635
5.583153
5.583153
5.9105415
5.1494684
5.038922
5.1494684
4.605237
5.3663106
5.038922
4.9326262
5.3663106
4.0610065
4.928375
5.4768577
5.583153
4.4946904
5.1494684
4.715784
5.2557635
5.3663106
5.038922
5.3663106
5.583153
4.3883953
5.3663106
4.2778482
5.038922
5.3663106
5.583153
4.605237
5.583153
5.4768577
4.3883953
5.6937
4.8220797
4.2778482
5.1494684
4.3883953
5.9105415
5.1494684
5.038922
4.2778482
5.3663106
4.171553
4.605237
4.2778482
4.7115326
5.1494684
5.1494684
4.2778482
5.804247
5.038922
4.0610065
5.1494684
5.804247
5.1494684
4.3883953
5.583153
5.1494684
5.583153
5.038922
5.2557635
5.038922
5.583153
4.4946904
6.1273837
5.9105415
5.038922
5.3663106
6.3442264
5.9105415
5.3663106
4.605237
6.7821617
5.038922
5.3663106
5.3663106
5.3663106
5.2557635
4.8220797
5.583153
4.7115326
5.804247
5.2557635
5.804247
5.038922
6.0210886
5.3663106
4.605237
6.0210886
5.3663106
6.237931
5.4768577
5.038922
4.605237
5.6937
6.0210886
5.1494684
5.0431733
6.237931
5.2600155
5.1494684
5.4768577
5.9105415
5.0431733
5.2557635
5.9105415
5.9105415
5.1494684
5.799995
5.799995
6.1273837
5.4768577
6.1273837
5.583153
5.804247
6.454773
5.9105415
5.9105415
6.0210886
5.9105415
5.9105415
6.7821617
6.1273837
5.6937
5.6937
6.7821617
5.799995
6.3442264
6.454773
6.016837
5.9105415
6.671615
5.9105415
5.583153
6.1273837
6.671615
6.454773
6.0210886
6.9990044
5.038922
6.7821617
6.454773
6.0210886
6.237931
6.8884573
5.583153
6.7821617
6.237931
5.9105415
6.7821617
6.9990044
6.237931
6.454773
7.3263927
5.9105415
6.892709
7.1052995
6.1273837
6.237931
7.4326887
5.9105415
6.9990044
6.7821617
6.9990044
6.9990044
6.3442264
6.77791
7.2158465
7.2158465
7.760078
7.543235
7.3263927
6.9990044
6.671615
7.2158465
7.3263927
6.671615
6.9990044
6.8884573
6.9990044
7.3263927
8.087466
7.4326887
6.3442264
6.1273837
7.3263927
6.671615
6.9990044
7.653782
7.3263927
7.649531
7.653782
6.9990044
6.9990044
7.4326887
6.671615
8.087466
7.4326887
7.2158465
7.4326887
7.543235
7.760078
8.087466
6.9990044
6.561068
7.649531
7.649531
7.2158465
7.870624
7.543235
7.2158465
7.3263927
7.760078
7.760078
7.760078
7.649531
7.9769197
7.9769197
8.193762
7.4326887
7.9769197
7.2158465
7.760078
8.631698
8.521151
7.3221416
8.087466
8.848539
8.083215
7.4326887
7.649531
7.649531
7.649531
7.9769197
7.2158465
8.414855
8.521151
7.649531
8.631698
7.3221416
7.4326887
8.410604
7.3221416
7.8663726
7.649531
7.760078
8.521151
8.737993
7.8663726
8.193762
8.521151
7.8663726
8.737993
8.627446
7.9769197
8.193762
8.304308
8.521151
8.414855
8.631698
8.737993
7.649531
8.848539
8.737993
7.9769197
8.414855
8.954835
7.9769197
8.304308
8.737993
7.649531
8.304308
7.649531
7.4326887
9.392771
8.737993
7.9769197
8.631698
8.410604
7.4326887
8.083215
8.954835
8.737993
8.410604
8.737993
8.848539
8.737993
8.304308
7.760078
9.065381
7.9769197
7.8663726
8.410604
8.304308
9.065381
8.083215
7.9769197
8.410604
8.627446
7.649531
8.410604
8.193762
8.848539
7.8663726
7.8663726
8.848539
8.193762
8.193762
8.848539
7.7558255
7.649531
8.521151
8.410604
8.410604
9.282225
7.9769197
8.304308
7.8663726
7.760078
8.410604
8.083215
8.631698
8.737993
8.083215
9.175928
8.521151
8.410604
8.193762
7.8663726
8.304308
8.410604
8.304308
8.737993
8.083215
9.065381
8.737993
7.8663726
7.9769197
8.627446
8.627446
8.737993
8.954835
7.9769197
7.649531
8.410604
7.3221416
8.193762
8.521151
8.193762
7.9769197
8.737993
8.410604
8.083215
7.649531
8.627446
7.649531
7.9769197
8.737993
7.649531
7.4326887
8.737993
8.521151
7.9769197
8.410604
8.521151
7.4326887
8.737993
7.4326887
8.193762
7.3221416
8.631698
7.538984
7.8663726
8.304308
8.737993
6.8842053
8.631698
7.538984
8.521151
8.954835
7.3221416
7.4326887
8.410604
8.193762
7.8663726
7.9769197
7.4326887
7.649531
8.521151
7.4326887
6.9947524
7.870624
7.1052995
7.8663726
8.304308
7.4326887
7.4326887
7.543235
7.538984
7.2115946
7.3263927
7.9769197
8.193762
7.1052995
7.760078
7.649531
7.1052995
7.760078
8.193762
7.649531
6.9990044
7.8663726
6.671615
7.649531
6.8884573
8.304308
6.671615
7.2158465
7.8663726
6.8884573
8.304308
6.9947524
7.760078
7.9769197
6.2336793
7.649531
7.4326887
6.9990044
7.2158465
7.1052995
6.8884573
7.760078
7.4326887
6.561068
6.8884573
7.760078
7.543235
7.9769197
6.3442264
7.760078
6.77791
6.8884573
6.2336793
7.2158465
6.8884573
6.1273837
7.2158465
7.649531
6.454773
7.760078
7.760078
6.9990044
7.649531
6.671615
6.9990044
7.760078
7.543235
6.8884573
7.9769197
7.2158465
7.2158465
6.3442264
6.671615
6.561068
6.8884573
7.543235
6.9947524
6.3442264
6.8884573
7.1052995
7.1052995
6.9990044
6.3442264
6.77791
7.4326887
6.8884573
6.9990044
7.2158465
6.9947524
7.3263927
7.543235
6.77791
7.1052995
6.3442264
7.1052995
6.8884573
6.454773
7.4326887
6.454773
7.3263927
6.450521
6.561068
7.543235
6.77791
6.9990044
7.543235
6.3442264
6.8884573
6.671615
6.450521
6.3442264
6.9947524
6.8884573
6.671615
6.016837
6.237931
7.2158465
6.8884573
6.671615
6.671615
6.016837
6.671615
5.799995
6.454773
6.7821617
7.4326887
6.8884573
7.4326887
7.2158465
6.561068
6.3442264
6.9947524
7.4326887
5.9105415
8.304308
6.8884573
6.8884573
6.561068
7.760078
6.77791
7.1052995
6.016837
6.9990044
6.2336793
6.8884573
7.649531
7.543235
7.2158465
7.3263927
6.561068
6.7821617
6.8884573
7.4326887
6.77791
7.2158465
7.4326887
6.8884573
6.671615
7.2158465
7.3263927
8.087466
6.8884573
7.1052995
7.543235
6.77791
7.760078
6.9947524
7.2158465
6.77791
7.2158465
7.9769197
8.087466
6.8884573
6.671615
7.649531
7.3263927
7.9769197
6.671615
7.543235
6.8884573
8.304308
7.9769197
7.3221416
7.8663726
7.543235
8.193762
7.4326887
6.9990044
7.1052995
7.760078
7.1052995
8.087466
7.1052995
8.304308
7.649531
8.087466
8.193762
7.543235
7.538984
6.8884573
7.3221416
8.410604
7.649531
6.8884573
7.9769197
7.4326887
7.4326887
7.9769197
8.193762
7.760078
7.649531
8.410604
7.649531
7.9769197
8.521151
8.521151
7.649531
8.521151
7.649531
8.087466
8.954835
7.649531
8.737993
7.9769197
8.959086
8.304308
7.760078
7.9769197
8.848539
8.848539
8.304308
8.083215
8.737993
7.9769197
8.627446
8.087466
8.410604
8.627446
8.848539
9.065381
8.848539
9.175928
8.954835
7.8663726
8.737993
8.737993
8.410604
9.388519
9.609612
9.826455
8.193762
8.521151
8.954835
8.083215
8.737993
8.083215
8.954835
9.282225
9.171678
9.826455
9.282225
9.499066
8.193762
8.954835
8.410604
9.392771
9.609612
9.609612
8.954835
8.410604
9.282225
8.737993
8.954835
9.609612
8.954835
9.609612
9.826455
9.499066
9.826455
9.715908
9.065381
9.499066
9.609612
10.043297
8.954835
8.300056
10.153844
10.260139
8.737993
9.282225
8.954835
9.171678
9.171678
9.715908
8.954835
9.499066
9.171678
8.844288
9.065381
9.826455
9.826455
9.171678
9.388519
9.499066
10.043297
9.715908
9.171678
9.715908
9.499066
10.587528
9.171678
8.733741
9.932751
9.499066
10.370686
10.587528
8.954835
9.171678
9.715908
9.937002
9.388519
10.370686
9.715908
9.609612
9.715908
9.609612
8.627446
9.826455
9.826455
9.826455
9.826455
10.043297
10.043297
9.061131
10.043297
9.715908
9.061131
9.171678
9.826455
8.844288
10.153844
9.499066
9.826455
10.370686
8.954835
10.370686
10.043297
10.043297
9.499066
9.282225
10.370686
9.826455
9.932751
9.715908
10.043297
9.499066
10.698075
9.499066
9.388519
10.370686
9.932751
9.932751
10.260139
9.715908
9.715908
9.826455
9.388519
9.932751
10.260139
10.587528
9.932751
9.932751
10.587528
9.061131
10.260139
9.388519
9.715908
9.171678
10.587528
10.693824
8.954835
10.370686
9.822204
9.499066
10.260139
9.388519
9.822204
10.476982
9.715908
9.388519
10.587528
9.605361
9.277972
10.370686
9.605361
10.260139
10.043297
10.476982
10.260139
10.693824
10.149592
9.826455
9.932751
10.043297
10.587528
9.932751
10.260139
10.260139
9.605361
10.260139
9.715908
10.149592
9.932751
10.153844
10.476982
10.476982
9.932751
10.260139
10.693824
9.499066
10.260139
10.366435
9.171678
10.043297
10.693824
9.388519
11.13176
9.822204
9.499066
10.370686
10.366435
9.826455
10.476982
10.476982
10.043297
10.587528
10.260139
9.388519
10.587528
10.80437
9.715908
10.043297
10.260139
9.388519
10.153844
10.476982
9.605361
10.043297
9.932751
9.932751
9.388519
9.499066
9.932751
10.476982
9.932751
10.149592
10.476982
10.476982
10.693824
11.238055
10.9106655
10.260139
10.47273
10.693824
10.80437
10.80437
10.9106655
10.366435
10.693824
11.565443
11.5611925
9.711657
11.34435
10.366435
11.454897
10.039045
10.693824
10.693824
11.34435
10.476982
9.932751
11.238055
11.127508
10.366435
10.80437
10.583277
10.366435
10.693824
10.80437
10.149592
10.9106655
10.366435
10.693824
11.127508
10.260139
11.348601
10.693824
10.9106655
10.9106655
10.693824
10.260139
10.9106655
10.366435
10.366435
9.711657
10.149592
11.34435
10.583277
11.782287
10.366435
10.260139
11.021213
11.016961
10.476982
11.127508
10.47273
10.583277
10.476982
11.888581
10.039045
10.149592
11.454897
9.711657
10.476982
10.039045
10.255888
10.583277
10.693824
10.800118
10.039045
9.822204
11.127508
10.9106655
10.366435
9.928498
10.260139
10.149592
11.127508
11.238055
11.016961
10.583277
10.693824
11.127508
9.711657
11.021213
11.127508
10.043297
11.565443
9.928498
9.932751
11.021213
10.149592
10.9106655
11.016961
11.021213
10.260139
10.255888
10.255888
10.800118
10.255888
10.693824
11.238055
10.366435
10.366435
11.238055
11.233803
11.127508
10.255888
10.149592
10.366435
10.693824
11.127508
10.693824
11.238055
10.693824
10.9106655
10.587528
11.454897
10.255888
10.80437
10.366435
10.476982
10.366435
10.9106655
10.583277
11.021213
11.021213
10.693824
10.476982
11.021213
11.127508
10.693824
11.454897
11.34435
10.9106655
11.021213
11.67174
10.9106655
11.127508
10.9106655
10.693824
10.800118
10.9106655
10.800118
12.105423
11.238055
11.565443
10.583277
10.366435
11.999128
10.9106655
11.5611925
11.016961
11.127508
11.238055
10.583277
11.892833
10.9106655
11.454897
10.9106655
11.67174
11.34435
11.782287
11.016961
11.127508
12.109674
10.9106655
11.127508
10.693824
10.693824
11.454897
11.348601
12.326517
11.016961
11.454897
11.238055
11.5611925
11.238055
10.9106655
10.800118
11.999128
11.888581
11.67174
11.127508
11.454897
11.999128
11.238055
12.326517
11.782287
10.800118
12.105423
12.21597
12.21597
11.565443
11.888581
11.34435
12.21597
11.454897
11.999128
11.994876
12.326517
12.54336
12.432813
10.800118
11.67174
12.760201
11.999128
11.888581
12.432813
11.454897
11.999128
11.67174
11.999128
11.5611925
11.127508
12.21597
12.432813
11.782287
11.888581
12.105423
12.21597
11.67174
12.649654
11.67174
12.21597
11.888581
11.999128
12.977044
12.54336
12.432813
11.782287
11.5611925
12.870748
11.888581
12.21597
12.870748
12.105423
12.21597
12.760201
12.977044
12.866496
12.432813
12.21597
12.54336
12.322266
12.432813
12.539107
12.54336
12.432813
12.432813
11.888581
12.105423
12.649654
12.21597
12.866496
12.54336
12.322266
12.21597
12.432813
12.322266
13.083339
12.649654
12.760201
12.322266
12.755949
12.211719
12.977044
12.760201
12.322266
13.193886
12.649654
12.105423
11.5611925
13.193886
12.322266
12.432813
12.649654
13.304433
13.193886
11.778034
12.649654
12.539107
13.08759
12.42856
12.649654
12.105423
12.866496
12.432813
13.304433
12.755949
13.193886
12.755949
12.432813
13.3001795
13.193886
12.972792
12.432813
13.62757
13.193886
12.54336
12.649654
12.42856
13.41498
12.649654
12.866496
12.755949
13.304433
13.844411
12.432813
13.083339
13.193886
12.977044
13.410727
13.193886
13.193886
12.432813
13.848664
12.972792
12.977044
13.08759
13.3001795
13.410727
13.193886
13.083339
12.977044
12.760201
12.649654
11.994876
13.304433
12.866496
12.432813
12.42856
12.977044
13.083339
12.539107
12.760201
13.083339
13.083339
12.977044
13.738117
13.083339
12.432813
13.193886
13.083339
12.866496
12.649654
12.866496
13.738117
12.322266
14.282348
13.410727
13.304433
12.539107
13.410727
12.649654
13.193886
13.844411
13.410727
13.62757
13.410727
13.193886
12.755949
12.977044
13.410727
12.322266
13.304433
13.62757
13.844411
13.410727
13.193886
13.410727
12.539107
13.410727
13.410727
13.083339
13.193886
13.193886
12.866496
13.083339
12.649654
12.755949
12.760201
13.62757
13.083339
12.866496
13.083339
13.844411
13.193886
13.954958
12.972792
12.866496
12.866496
12.755949
12.649654
12.866496
13.3001795
12.866496
12.866496
13.738117
12.645402
13.08759
13.410727
13.738117
13.193886
13.193886
13.521274
12.866496
12.866496
14.171801
13.517023
13.193886
13.954958
13.62757
11.994876
13.3001795
12.755949
12.977044
12.866496
13.3001795
12.866496
12.1011715
13.410727
13.083339
13.410727
12.322266
12.977044
12.539107
12.866496
12.649654
13.62757
13.738117
12.866496
12.866496
13.738117
13.410727
12.977044
13.410727
12.539107
12.977044
12.866496
13.410727
12.539107
13.410727
12.211719
12.649654
13.844411
12.539107
12.649654
13.410727
13.62757
13.410727
13.844411
13.410727
12.649654
12.649654
13.083339
12.972792
12.977044
12.649654
13.62757
13.304433
13.844411
12.755949
12.760201
13.3001795
13.521274
12.866496
13.083339
12.539107
12.866496
13.738117
13.410727
12.866496
12.539107
12.649654
12.755949
13.193886
13.193886
12.539107
11.888581
13.62757
13.517023
13.738117
12.539107
12.755949
12.21597
13.410727
12.539107
12.105423
12.755949
12.972792
12.649654
12.866496
12.645402
12.760201
12.866496
13.3001795
13.410727
12.866496
13.083339
13.410727
13.517023
12.866496
13.848664
12.866496
12.755949
13.304433
12.866496
13.304433
13.954958
12.649654
12.649654
12.755949
13.62757
13.193886
12.866496
13.738117
13.083339
12.649654
13.738117
13.083339
12.866496
13.3001795
12.432813
13.738117
12.866496
12.866496
13.304433
13.083339
13.3001795
13.083339
12.755949
13.521274
12.539107
13.521274
13.083339
12.645402
12.432813
12.866496
12.972792
12.539107
13.410727
12.42856
12.539107
13.410727
12.866496
13.3001795
12.649654
12.755949
13.738117
13.517023
12.539107
14.065505
13.517023
13.521274
14.171801
13.193886
12.649654
12.866496
13.62757
13.3001795
13.738117
12.972792
12.977044
13.083339
13.083339
13.521274
13.083339
12.755949
13.738117
13.3001795
12.977044
13.193886
12.539107
12.977044
13.844411
13.517023
13.410727
12.755949
13.193886
12.755949
13.410727
13.083339
13.410727
13.738117
12.972792
12.866496
12.649654
13.189634
12.755949
14.065505
13.62757
13.738117
13.844411
13.193886
13.62757
13.410727
14.065505
13.62757
13.517023
13.954958
13.954958
13.193886
13.189634
13.083339
12.972792
13.3001795
12.760201
13.083339
13.410727
13.954958
13.954958
13.738117
13.738117
12.972792
13.3001795
13.083339
13.844411
13.189634
13.083339
14.061254
13.083339
13.62757
14.388642
13.738117
14.499189
13.844411
12.866496
13.3001795
13.623319
13.083339
13.733864
13.62757
13.3001795
13.517023
13.62757
13.410727
13.193886
13.193886
13.62757
12.645402
14.171801
14.278095
12.755949
14.061254
14.171801
13.844411
14.171801
13.517023
13.3001795
13.954958
14.388642
13.3001795
13.193886
13.733864
13.844411
13.954958
13.3001795
13.954958
12.972792
12.539107
14.388642
13.3001795
13.083339
12.645402
14.171801
13.844411
12.972792
13.954958
13.410727
13.954958
12.755949
13.954958
13.9507065
14.282348
13.733864
14.171801
14.716032
13.3001795
13.189634
13.62757
13.62757
13.189634
14.716032
14.388642
13.738117
13.410727
13.954958
14.388642
13.62757
12.972792
13.62757
14.605485
14.171801
13.517023
14.061254
13.62757
13.517023
13.521274
13.3001795
13.844411
13.733864
14.065505
13.9507065
13.844411
13.410727
13.733864
14.171801
13.083339
14.171801
14.171801
13.517023
13.410727
13.189634
14.171801
14.061254
13.954958
14.171801
13.62757
13.517023
14.171801
13.844411
13.410727
14.826579
13.733864
13.844411
14.388642
14.171801
13.844411
14.278095
13.083339
13.189634
13.62757
13.733864
13.083339
13.62757
14.388642
14.171801
13.3001795
13.410727
14.061254
14.171801
13.738117
14.278095
13.517023
14.499189
13.3001795
14.171801
14.061254
13.517023
13.844411
13.410727
14.278095
13.738117
13.406476
14.388642
14.388642
13.189634
14.388642
13.189634
14.278095
14.061254
13.954958
13.406476
13.954958
14.16755
14.171801
14.171801
13.3001795
13.517023
13.954958
14.061254
14.061254
13.410727
14.388642
14.061254
13.079086
13.410727
14.278095
13.954958
14.061254
13.848664
14.278095
14.278095
12.760201
13.733864
14.278095
13.083339
14.061254
12.866496
14.716032
14.171801
14.388642
12.755949
13.954958
13.406476
12.755949
12.972792
13.410727
13.189634
13.3001795
13.9507065
13.62757
13.189634
13.410727
13.517023
14.061254
13.62757
12.866496
13.738117
14.061254
13.189634
13.62757
13.738117
13.844411
13.62757
13.733864
13.62757
14.278095
14.171801
14.388642
13.517023
13.733864
14.171801
13.079086
13.193886
14.061254
14.171801
13.3001795
13.3001795
13.3001795
12.866496
12.755949
13.62757
13.733864
13.189634
13.954958
13.189634
13.083339
13.3001795
13.517023
12.866496
14.388642
13.083339
13.410727
13.083339
12.972792
14.171801
13.733864
13.3001795
14.061254
13.083339
12.972792
14.171801
13.844411
12.755949
13.189634
13.9507065
13.844411
12.755949
13.954958
13.844411
12.866496
13.844411
13.512772
14.171801
13.844411
12.862245
13.3001795
13.083339
12.862245
12.866496
13.517023
13.410727
12.862245
13.62757
13.3001795
13.62757
13.733864
13.3001795
13.517023
13.844411
13.3001795
12.755949
13.517023
14.061254
13.954958
12.755949
13.844411
14.061254
12.649654
13.3001795
14.061254
13.410727
13.3001795
13.62757
12.866496
13.733864
13.844411
13.517023
13.844411
13.3001795
13.083339
13.083339
13.189634
13.083339
13.62757
13.517023
12.755949
13.189634
12.42856
13.410727
13.189634
13.3001795
13.844411
13.733864
13.083339
13.62757
13.410727
14.061254
12.866496
12.972792
12.866496
13.954958
13.189634
13.954958
13.9507065
12.866496
13.844411
13.189634
13.62757
12.755949
13.189634
13.517023
12.866496
13.410727
12.862245
13.083339
12.755949
13.083339
13.517023
12.539107
13.083339
12.972792
13.517023
13.62757
12.972792
13.517023
12.972792
12.755949
12.539107
13.62757
12.755949
13.083339
13.844411
13.3001795
12.972792
13.083339
13.844411
13.083339
13.083339
13.083339
13.083339
12.755949
14.061254
13.62757
12.972792
13.3001795
12.866496
13.406476
12.972792
12.972792
13.083339
13.62757
13.517023
13.738117
12.755949
13.517023
13.189634
13.083339
13.083339
13.3001795
13.517023
12.972792
13.083339
12.972792
13.62757
12.645402
12.755949
13.410727
13.083339
13.189634
13.193886
12.972792
13.738117
13.844411
13.410727
13.410727
14.061254
12.649654
14.171801
14.388642
13.083339
13.083339
13.517023
14.061254
13.410727
13.62757
13.9507065
12.211719
13.62757
14.061254
13.410727
13.3001795
13.083339
13.189634
12.539107
13.3001795
13.517023
13.410727
13.517023
13.844411
13.62757
12.972792
13.189634
14.171801
13.733864
13.517023
13.3001795
13.9507065
14.171801
13.3001795
12.42856
13.62757
13.189634
13.517023
13.844411
13.844411
13.62757
13.738117
13.406476
12.755949
14.171801
13.083339
13.521274
13.733864
13.189634
13.083339
14.061254
13.62757
13.517023
13.954958
13.733864
13.3001795
13.733864
13.62757
14.171801
13.189634
12.539107
14.171801
13.517023
13.844411
13.733864
13.733864
13.189634
13.844411
13.954958
13.844411
12.862245
14.171801
14.278095
13.844411
13.62757
13.406476
13.410727
13.62757
14.061254
14.171801
14.061254
13.3001795
13.954958
13.406476
13.844411
13.733864
14.171801
12.972792
13.517023
13.083339
14.605485
13.844411
13.62757
13.9507065
13.083339
13.3001795
13.844411
13.844411
13.954958
14.388642
13.406476
12.866496
13.406476
13.733864
13.844411
12.862245
14.171801
13.517023
13.079086
13.62757
13.517023
13.083339
13.62757
14.278095
13.189634
14.061254
14.061254
13.844411
13.3001795
14.061254
13.62757
13.517023
13.62757
13.083339
13.738117
13.733864
13.738117
13.733864
13.844411
14.061254
14.388642
13.733864
12.862245
13.954958
14.494938
14.171801
13.9507065
13.3001795
14.061254
13.844411
13.406476
14.061254
13.517023
13.62757
13.3001795
14.171801
13.733864
13.3001795
13.517023
12.972792
13.733864
14.278095
13.406476
13.189634
13.844411
14.278095
13.954958
13.517023
14.061254
14.711781
13.844411
13.844411
14.388642
13.083339
13.3001795
14.388642
14.605485
13.954958
13.9507065
14.388642
13.189634
13.954958
12.862245
13.3001795
13.733864
13.517023
14.388642
13.406476
13.62757
14.388642
13.844411
14.171801
13.410727
13.733864
13.3001795
13.517023
13.844411
14.061254
13.406476
14.171801
13.9507065
13.844411
13.517023
13.517023
13.3001795
13.733864
13.410727
13.844411
13.844411
13.3001795
13.733864
13.844411
14.171801
13.3001795
13.844411
13.733864
14.171801
12.972792
13.517023
13.193886
13.844411
12.755949
13.517023
13.517023
13.844411
13.189634
13.738117
14.061254
13.083339
13.3001795
14.061254
13.3001795
13.733864
13.844411
12.972792
13.623319
13.62757
13.517023
13.3001795
13.844411
12.755949
13.62757
13.517023
13.517023
13.189634
13.844411
13.189634
12.972792
13.733864
13.517023
13.733864
12.866496
14.171801
13.406476
13.083339
13.189634
13.733864
13.3001795
12.862245
13.193886
13.9507065
13.3001795
13.844411
13.954958
14.278095
12.972792
14.171801
14.278095
12.866496
13.189634
13.410727
13.189634
12.42856
13.079086
13.844411
13.733864
12.755949
13.3001795
13.410727
13.733864
14.061254
12.972792
13.083339
12.972792
13.62757
13.62757
13.733864
13.410727
14.061254
13.844411
12.972792
12.645402
13.62757
12.862245
13.844411
13.189634
12.539107
13.406476
12.539107
14.171801
14.061254
13.083339
13.844411
14.061254
13.62757
13.517023
13.189634
12.539107
14.171801
12.972792
13.62757
13.189634
13.079086
13.954958
13.406476
13.738117
12.645402
12.972792
13.517023
12.972792
13.3001795
13.410727
13.083339
13.189634
13.193886
12.972792
12.862245
13.954958
13.083339
12.539107
13.954958
13.62757
12.862245
13.9507065
12.866496
12.972792
13.62757
13.193886
13.517023
13.517023
13.517023
12.972792
12.755949
13.733864
13.3001795
13.406476
13.083339
12.539107
13.517023
12.866496
12.645402
11.990624
13.083339
13.3001795
13.517023
13.62757
13.3001795
12.755949
12.972792
13.406476
12.539107
13.189634
12.972792
13.844411
13.3001795
12.972792
13.3001795
12.42856
13.3001795
12.972792
13.738117
12.755949
13.083339
13.62757
13.844411
13.083339
12.1011715
13.517023
12.972792
13.410727
14.171801
12.645402
12.649654
13.083339
13.189634
13.083339
14.171801
12.972792
12.862245
13.517023
12.972792
12.972792
12.972792
12.755949
13.083339
13.189634
13.733864
12.755949
13.517023
12.972792
13.738117
13.517023
12.755949
12.755949
13.844411
13.083339
13.733864
12.539107
13.844411
13.410727
13.517023
13.410727
13.9507065
13.3001795
12.645402
13.738117
13.844411
12.755949
13.3001795
13.189634
13.844411
13.844411
13.844411
13.62757
13.3001795
13.406476
12.866496
12.972792
13.844411
13.844411
12.534855
13.517023
13.083339
12.755949
13.844411
13.517023
13.517023
13.738117
13.410727
12.751698
14.171801
13.083339
13.517023
13.3001795
13.9507065
13.62757
13.083339
13.623319
13.083339
13.517023
13.738117
13.62757
13.733864
13.3001795
13.62757
12.539107
13.3001795
13.3001795
13.3001795
13.733864
13.3001795
13.62757
13.844411
12.972792
12.972792
13.189634
13.954958
13.3001795
12.42856
14.171801
13.410727
12.972792
12.755949
13.3001795
13.517023
13.3001795
14.061254
13.954958
13.517023
13.844411
13.3001795
12.862245
12.645402
13.3001795
14.061254
13.517023
13.733864
13.083339
13.189634
12.972792
13.844411
12.862245
13.954958
13.62757
13.844411
13.62757
13.9507065
12.972792
13.517023
13.189634
12.539107
13.62757
13.406476
12.866496
13.517023
13.189634
13.954958
13.189634
13.517023
13.410727
13.189634
13.844411
13.844411
13.517023
13.189634
13.517023
13.410727
13.406476
13.517023
14.499189
13.517023
12.755949
13.954958
14.278095
13.517023
13.954958
13.3001795
12.862245
13.517023
13.844411
12.972792
14.061254
12.755949
13.517023
14.171801
13.517023
13.9507065
13.844411
13.189634
14.061254
14.388642
14.061254
14.16755
13.844411
13.62757
13.9507065
12.755949
14.171801
13.189634
13.410727
12.972792
13.406476
13.844411
13.844411
12.862245
13.844411
13.954958
13.406476
13.954958
13.189634
12.862245
14.061254
14.278095
13.3001795
13.410727
13.844411
13.844411
12.755949
13.517023
13.733864
14.061254
13.083339
14.061254
13.517023
12.755949
14.171801
13.406476
13.083339
13.954958
13.9507065
13.410727
13.3001795
13.9507065
13.62757
13.738117
13.3001795
13.193886
13.189634
13.517023
13.62757
13.840159
13.083339
14.061254
13.62757
13.62757
13.517023
13.954958
13.9507065
13.844411
13.083339
14.278095
12.972792
13.62757
13.079086
14.171801
13.189634
12.645402
13.189634
13.733864
13.733864
13.406476
13.62757
13.079086
13.3001795
13.3001795
13.189634
12.972792
12.972792
14.061254
13.517023
13.189634
13.844411
14.278095
13.62757
13.079086
12.866496
13.62757
12.972792
14.282348
13.083339
12.862245
14.061254
13.189634
13.844411
13.844411
13.189634
13.083339
14.061254
13.3001795
13.517023
12.539107
13.3001795
13.517023
12.42856
13.62757
14.061254
13.3001795
13.844411
13.9507065
12.977044
13.189634
13.3001795
13.623319
12.42856
13.844411
13.3001795
12.645402
13.189634
13.844411
14.061254
13.733864
13.079086
13.844411
14.061254
12.645402
12.972792
13.844411
13.406476
13.083339
13.733864
13.189634
13.954958
13.733864
13.3001795
13.844411
14.061254
13.62757
13.3001795
13.733864
13.410727
13.733864
13.406476
13.844411
12.972792
13.083339
13.3001795
14.061254
12.322266
13.189634
12.972792
12.972792
12.645402
13.62757
13.3001795
13.083339
13.517023
13.62757
13.406476
12.755949
13.410727
13.844411
12.318013
13.3001795
13.3001795
12.972792
12.972792
13.844411
13.844411
13.410727
13.410727
12.539107
13.844411
12.42856
13.517023
13.517023
12.755949
12.645402
13.844411
12.972792
12.318013
13.844411
13.517023
12.755949
12.972792
13.844411
13.3001795
13.083339
12.42856
12.318013
12.972792
13.9507065
13.62757
12.972792
13.410727
12.972792
13.3001795
13.083339
13.410727
13.733864
13.62757
12.862245
13.733864
13.083339
14.061254
13.517023
13.189634
13.083339
13.62757
12.42856
12.866496
12.972792
13.3001795
13.517023
13.62757
12.539107
12.645402
13.954958
12.645402
13.517023
12.862245
12.649654
13.189634
13.3001795
13.410727
12.866496
13.406476
13.193886
13.517023
12.755949
13.844411
13.3001795
13.410727
13.733864
13.189634
12.972792
13.3001795
12.866496
12.755949
13.3001795
13.083339
14.061254
13.954958
13.62757
13.193886
12.972792
12.1011715
12.318013
13.083339
13.410727
13.3001795
12.318013
13.844411
13.189634
13.3001795
13.406476
12.755949
13.3001795
13.406476
13.62757
13.844411
13.189634
13.410727
12.755949
12.755949
13.517023
12.972792
13.517023
13.517023
13.3001795
13.3001795
13.844411
12.972792
13.083339
12.972792
13.733864
13.3001795
13.9507065
13.62757
13.62757
13.517023
13.083339
13.3001795
13.738117
13.733864
13.083339
13.406476
12.972792
13.733864
12.755949
12.318013
13.3001795
13.844411
13.3001795
13.189634
13.62757
14.061254
12.866496
13.189634
13.517023
12.972792
12.539107
14.171801
13.517023
13.189634
12.755949
13.844411
13.733864
13.083339
12.755949
13.733864
12.318013
14.061254
13.844411
13.3001795
13.844411
12.42856
13.517023
13.193886
13.517023
13.62757
12.755949
13.62757
13.189634
13.3001795
14.061254
13.083339
13.844411
13.406476
13.62757
12.972792
13.517023
12.755949
13.517023
12.755949
13.406476
13.083339
13.517023
12.866496
13.406476
12.755949
13.844411
13.9507065
13.193886
13.3001795
13.083339
13.083339
13.623319
14.282348
13.517023
13.517023
13.410727
13.189634
12.972792
14.171801
12.645402
13.517023
13.189634
13.517023
13.954958
13.189634
13.189634
13.083339
12.42856
13.844411
14.061254
13.406476
13.738117
13.189634
13.62757
13.517023
12.645402
14.171801
13.733864
13.62757
13.3001795
13.406476
13.083339
13.517023
13.62757
13.954958
13.517023
12.866496
14.278095
14.061254
12.972792
13.406476
13.844411
13.410727
13.3001795
12.972792
13.954958
13.517023
13.733864
13.189634
14.171801
13.517023
12.755949
13.517023
13.517023
13.083339
13.3001795
13.083339
13.954958
13.3001795
13.517023
13.083339
12.972792
13.189634
13.844411
13.517023
13.3001795
13.733864
13.406476
14.171801
13.3001795
13.079086
13.083339
12.972792
14.061254
12.972792
13.733864
13.623319
13.410727
13.62757
13.083339
12.972792
13.3001795
12.972792
12.972792
13.189634
12.972792
13.733864
13.844411
13.62757
13.189634
12.534855
12.972792
13.189634
12.755949
13.083339
13.733864
13.3001795
14.061254
12.972792
12.539107
13.844411
13.517023
12.539107
14.171801
13.517023
12.862245
13.193886
13.9507065
13.517023
13.3001795
13.406476
12.42856
12.972792
13.733864
13.3001795
13.844411
14.061254
12.972792
13.517023
12.539107
13.844411
14.061254
12.539107
13.3001795
14.061254
13.3001795
13.844411
13.189634
12.972792
13.517023
12.972792
13.410727
12.972792
13.083339
12.755949
13.3001795
13.517023
12.539107
13.733864
12.972792
12.539107
13.844411
13.189634
13.406476
13.62757
12.972792
13.406476
13.193886
13.844411
13.189634
12.972792
14.061254
13.733864
12.755949
12.972792
13.517023
13.62757
13.3001795
13.733864
13.193886
13.189634
13.083339
14.061254
13.62757
12.972792
13.733864
13.410727
13.3001795
12.645402
13.844411
12.866496
13.406476
13.517023
13.410727
13.3001795
13.189634
13.193886
13.517023
14.061254
13.3001795
13.517023
13.083339
13.517023
13.189634
12.534855
13.189634
13.3001795
12.645402
12.755949
14.061254
12.42856
13.517023
13.733864
12.862245
13.410727
12.862245
13.62757
14.061254
13.733864
12.539107
13.517023
13.410727
12.755949
13.62757
13.62757
13.517023
12.972792
12.645402
12.755949
12.972792
13.844411
13.083339
13.517023
12.755949
13.189634
12.539107
13.410727
14.061254
13.517023
13.189634
13.733864
13.733864
12.645402
13.3001795
13.189634
12.649654
12.972792
14.061254
13.3001795
12.649654
13.083339
13.62757
12.318013
13.738117
13.733864
12.866496
13.083339
12.866496
12.42856
13.406476
13.3001795
13.844411
13.3001795
13.62757
12.972792
13.083339
14.388642
13.733864
11.884329
13.733864
12.972792
13.3001795
12.645402
13.083339
13.083339
12.42856
12.755949
13.3001795
12.322266
12.977044
14.16755
13.62757
12.645402
12.972792
13.844411
13.62757
13.844411
12.972792
13.62757
13.844411
12.755949
13.738117
14.278095
12.42856
13.083339
12.972792
12.755949
13.193886
13.189634
13.517023
13.189634
13.517023
13.62757
13.406476
12.972792
13.083339
13.844411
13.079086
13.954958
13.733864
14.061254
12.42856
12.755949
13.410727
13.189634
13.410727
13.083339
13.9507065
13.844411
13.189634
12.755949
13.410727
12.862245
13.62757
13.844411
12.534855
14.171801
13.406476
12.972792
13.083339
13.733864
12.1011715
13.3001795
13.844411
13.083339
12.755949
12.862245
13.083339
13.189634
12.972792
13.844411
12.755949
13.62757
13.733864
12.539107
13.62757
13.083339
13.844411
13.623319
13.3001795
12.972792
13.3001795
13.083339
13.189634
12.42856
13.954958
13.189634
12.645402
13.62757
13.733864
13.62757
13.189634
12.972792
13.083339
13.406476
13.193886
13.189634
12.42856
13.3001795
12.866496
13.079086
12.42856
12.755949
13.733864
13.083339
12.972792
13.62757
13.083339
12.972792
12.866496
13.738117
12.534855
13.3001795
13.189634
13.083339
12.972792
13.189634
12.42856
13.62757
13.9507065
13.3001795
13.517023
13.738117
13.189634
12.755949
14.061254
13.410727
13.189634
13.083339
12.645402
13.733864
14.171801
13.517023
12.972792
13.189634
13.844411
13.517023
13.62757
13.410727
13.189634
13.62757
14.061254
13.189634
13.844411
12.211719
12.977044
12.972792
13.954958
12.972792
13.083339
13.3001795
13.844411
13.189634
12.972792
13.62757
13.3001795
13.406476
14.278095
13.3001795
13.083339
13.083339
13.3001795
12.862245
13.083339
13.844411
13.083339
12.972792
13.844411
13.083339
12.42856
12.972792
13.62757
13.3001795
12.645402
12.755949
13.3001795
13.733864
12.645402
13.844411
13.083339
13.62757
13.410727
13.410727
13.9507065
13.189634
13.193886
13.62757
13.189634
13.62757
13.62757
13.3001795
13.083339
13.733864
12.42856
12.972792
13.406476
13.62757
12.862245
13.083339
13.079086
13.3001795
13.189634
13.844411
12.972792
12.972792
12.755949
13.083339
13.189634
12.755949
13.62757
13.406476
12.42856
12.645402
13.733864
13.3001795
13.189634
12.755949
14.16755
13.406476
12.645402
12.318013
14.061254
13.844411
13.733864
13.844411
12.649654
12.862245
13.189634
13.844411
13.733864
12.755949
13.3001795
13.410727
13.3001795
13.954958
13.623319
12.755949
13.844411
13.3001795
13.410727
12.862245
13.517023
13.62757
13.189634
12.42856
12.972792
14.061254
13.844411
12.211719
14.171801
13.3001795
13.3001795
13.410727
13.189634
12.539107
13.62757
12.972792
12.755949
13.517023
12.755949
12.972792
13.517023
13.844411
13.844411
13.083339
13.3001795
12.972792
13.189634
13.083339
13.406476
12.42856
13.844411
13.189634
13.62757
14.171801
14.278095
12.866496
13.189634
12.862245
13.189634
14.171801
12.972792
12.539107
14.061254
13.189634
13.079086
13.62757
13.083339
13.733864
12.972792
13.844411
13.3001795
13.844411
14.061254
13.083339
13.517023
13.844411
13.410727
13.954958
12.972792
13.62757
13.3001795
13.733864
13.189634
12.755949
13.406476
12.972792
12.972792
12.755949
13.844411
13.733864
13.083339
12.972792
13.410727
13.3001795
13.517023
12.862245
13.844411
13.733864
12.972792
13.517023
13.733864
13.189634
13.410727
13.733864
12.539107
13.3001795
12.534855
13.3001795
13.3001795
13.517023
13.3001795
13.517023
12.534855
12.866496
13.517023
13.844411
13.3001795
13.406476
13.62757
13.517023
12.645402
14.499189
14.061254
12.866496
12.972792
13.517023
13.517023
12.751698
13.189634
13.733864
12.866496
13.3001795
13.733864
13.193886
12.972792
13.189634
13.193886
12.42856
13.083339
12.972792
13.3001795
12.972792
13.844411
13.3001795
13.517023
12.755949
12.645402
13.517023
13.62757
13.62757
12.972792
13.410727
13.844411
13.083339
13.193886
13.410727
13.079086
12.539107
12.755949
13.406476
13.083339
13.517023
12.972792
13.62757
13.844411
13.3001795
12.972792
12.645402
13.844411
13.406476
13.410727
13.410727
13.517023
12.866496
14.061254
13.3001795
12.755949
13.189634
13.406476
12.211719
12.755949
13.9507065
12.977044
13.410727
13.517023
12.645402
14.171801
13.3001795
13.733864
13.189634
12.972792
12.645402
13.083339
13.3001795
13.295929
13.844411
13.517023
12.972792
13.083339
13.083339
12.318013
14.061254
12.972792
12.539107
13.954958
13.189634
12.972792
14.278095
12.862245
13.62757
13.3001795
13.079086
13.844411
13.844411
12.862245
13.3001795
13.406476
12.862245
12.866496
14.061254
13.079086
12.866496
13.623319
13.844411
13.3001795
12.755949
14.171801
13.844411
13.517023
12.755949
13.62757
13.083339
12.755949
12.755949
12.534855
13.844411
12.862245
12.322266
13.844411
13.3001795
12.972792
13.083339
13.738117
13.189634
13.189634
13.738117
13.517023
13.844411
12.972792
12.972792
12.972792
13.083339
12.972792
14.061254
13.623319
12.539107
13.62757
13.844411
12.755949
12.972792
13.517023
12.755949
13.406476
13.189634
13.62757
13.738117
12.972792
13.3001795
13.189634
13.517023
13.517023
14.061254
13.844411
13.9507065
13.733864
12.755949
13.844411
14.061254
13.3001795
12.755949
13.844411
13.079086
13.62757
13.517023
12.862245
13.3001795
13.623319
13.733864
13.083339
13.3001795
13.3001795
12.645402
12.534855
13.410727
13.9507065
12.755949
13.406476
13.844411
12.755949
14.061254
12.972792
13.517023
13.3001795
14.171801
13.3001795
13.62757
13.189634
13.517023
12.972792
12.862245
13.083339
12.755949
13.517023
13.733864
12.755949
14.061254
13.733864
13.3001795
12.645402
13.517023
13.954958
12.972792
13.3001795
13.517023
12.645402
14.061254
14.061254
12.755949
13.62757
13.083339
14.061254
12.534855
13.517023
13.733864
12.755949
13.954958
13.733864
12.649654
13.517023
13.733864
13.844411
13.189634
12.972792
13.733864
13.62757
13.517023
13.62757
14.061254
12.42856
13.62757
13.733864
13.083339
12.972792
13.083339
13.517023
12.42856
13.083339
13.406476
13.3001795
13.844411
13.406476
12.866496
13.517023
13.083339
13.623319
12.539107
13.083339
12.645402
13.083339
13.406476
13.3001795
13.9507065
13.3001795
13.62757
13.517023
12.42856
14.171801
13.079086
13.62757
12.862245
13.083339
13.733864
12.755949
13.3001795
13.733864
13.62757
13.410727
13.189634
13.3001795
13.083339
13.733864
12.755949
13.733864
12.862245
13.3001795
12.972792
12.972792
13.189634
13.62757
13.3001795
12.972792
13.62757
12.539107
13.954958
14.278095
12.862245
12.972792
13.189634
12.972792
13.189634
13.3001795
13.406476
13.517023
13.844411
12.972792
12.539107
12.755949
13.623319
13.3001795
12.972792
13.083339
13.623319
12.972792
13.954958
13.189634
13.410727
12.755949
13.3001795
12.862245
13.517023
14.061254
13.954958
13.406476
13.3001795
13.406476
13.954958
13.9507065
12.866496
12.645402
13.62757
13.844411
13.410727
13.954958
13.410727
13.62757
13.733864
13.083339
12.645402
12.972792
13.189634
12.755949
13.844411
12.755949
13.083339
12.755949
13.623319
14.061254
13.733864
13.62757
12.755949
12.862245
14.171801
13.189634
12.972792
13.193886
12.862245
13.189634
12.755949
13.3001795
13.844411
14.061254
12.972792
12.645402
12.972792
12.755949
12.866496
13.083339
13.62757
13.406476
13.954958
13.733864
13.844411
13.189634
12.972792
12.755949
13.62757
13.733864
13.189634
12.645402
13.844411
14.061254
13.62757
13.083339
13.62757
13.733864
13.517023
14.171801
13.733864
13.3001795
12.972792
13.3001795
13.3001795
12.42856
13.62757
13.517023
13.406476
13.844411
12.972792
13.083339
13.517023
13.844411
13.517023
13.3001795
13.083339
14.171801
12.972792
13.517023
12.649654
13.083339
13.189634
13.517023
12.755949
12.972792
13.517023
13.62757
13.844411
13.62757
13.189634
13.189634
13.189634
12.539107
12.866496
13.189634
13.083339
13.406476
13.844411
12.755949
13.844411
13.62757
13.3001795
12.866496
13.3001795
13.733864
13.517023
13.406476
13.954958
13.517023
13.189634
12.645402
13.406476
12.866496
13.844411
13.733864
13.083339
13.517023
12.866496
12.972792
12.972792
13.3001795
12.645402
13.844411
13.844411
12.539107
13.189634
13.954958
13.733864
13.3001795
12.755949
13.083339
12.755949
13.410727
13.079086
13.189634
12.42856
13.3001795
13.733864
12.972792
13.3001795
12.972792
13.083339
12.645402
13.844411
13.733864
12.539107
12.972792
12.539107
12.645402
12.645402
13.62757
13.733864
12.645402
13.517023
13.733864
13.3001795
12.972792
13.844411
12.862245
12.755949
13.189634
13.083339
12.862245
13.517023
13.517023
13.189634
13.295929
12.972792
12.972792
14.061254
12.866496
13.844411
13.083339
12.972792
12.972792
12.866496
13.3001795
12.972792
13.083339
12.972792
12.972792
12.862245
14.171801
13.844411
12.755949
13.62757
14.494938
13.844411
13.62757
13.844411
14.061254
13.3001795
13.62757
12.755949
14.171801
13.189634
12.972792
13.189634
13.62757
13.3001795
13.406476
13.410727
13.083339
14.061254
13.517023
13.3001795
13.079086
13.62757
13.517023
12.972792
13.3001795
13.3001795
13.083339
12.972792
13.62757
12.862245
13.083339
12.755949
12.645402
13.62757
13.189634
13.62757
13.189634
12.972792
13.189634
12.649654
13.733864
13.3001795
13.844411
12.972792
12.755949
13.3001795
12.42856
12.972792
13.844411
13.3001795
13.189634
13.193886
13.517023
13.083339
13.3001795
12.862245
13.62757
13.517023
13.62757
13.079086
13.3001795
13.189634
12.972792
13.189634
13.517023
14.061254
13.623319
12.755949
12.862245
13.083339
13.295929
13.517023
13.517023
12.972792
13.733864
12.534855
13.844411
12.862245
12.755949
14.061254
13.517023
13.62757
13.189634
12.755949
13.733864
13.517023
13.733864
12.972792
13.189634
12.645402
13.733864
13.623319
13.406476
12.972792
13.9507065
12.972792
12.645402
14.171801
12.972792
12.42856
13.517023
13.954958
13.406476
13.406476
13.083339
12.972792
13.3001795
13.189634
13.62757
13.3001795
12.862245
13.193886
13.3001795
12.755949
13.517023
13.189634
13.3001795
12.972792
13.844411
13.733864
12.755949
13.954958
14.061254
13.733864
12.755949
13.3001795
13.844411
13.3001795
13.517023
13.406476
13.62757
12.972792
13.62757
13.623319
13.733864
12.645402
12.755949
12.866496
13.3001795
13.733864
13.083339
13.189634
13.189634
13.189634
13.083339
14.171801
12.972792
13.079086
13.083339
13.083339
12.862245
14.065505
13.517023
13.189634
13.3001795
12.751698
12.645402
13.189634
13.406476
13.62757
13.844411
13.083339
13.083339
13.733864
12.649654
13.3001795
12.972792
13.517023
13.844411
12.972792
13.3001795
13.844411
12.755949
13.410727
12.972792
12.755949
13.410727
13.9507065
13.62757
13.844411
13.189634
13.738117
13.406476
14.061254
12.649654
14.061254
13.079086
12.972792
13.083339
13.733864
12.755949
14.171801
13.3001795
12.645402
14.061254
12.645402
13.3001795
12.42856
13.3001795
13.083339
13.517023
14.171801
13.189634
12.42856
13.62757
13.844411
12.645402
13.083339
13.517023
13.844411
13.62757
13.189634
13.623319
13.083339
13.517023
13.189634
13.517023
13.189634
12.755949
13.954958
12.755949
12.866496
13.9507065
12.972792
13.844411
13.517023
13.62757
12.972792
13.733864
12.862245
13.083339
13.733864
12.539107
13.844411
13.189634
13.517023
13.410727
14.061254
12.755949
13.083339
12.972792
12.539107
12.972792
13.083339
13.62757
13.189634
12.755949
13.844411
13.406476
13.844411
13.189634
12.972792
14.282348
13.623319
12.322266
12.972792
13.406476
13.844411
13.189634
13.62757
12.862245
12.972792
13.623319
12.977044
13.3001795
12.972792
13.3001795
13.844411
13.083339
12.645402
13.193886
13.733864
13.410727
13.62757
12.645402
13.3001795
13.517023
12.755949
13.733864
13.406476
12.972792
13.189634
12.211719
13.62757
13.083339
13.3001795
12.972792
12.755949
13.733864
12.977044
13.079086
12.972792
13.079086
12.42856
13.733864
12.539107
13.517023
13.62757
13.189634
12.866496
13.3001795
13.517023
13.189634
13.083339
12.862245
14.065505
13.189634
12.755949
12.972792
13.62757
13.62757
12.755949
13.517023
12.755949
13.083339
14.061254
12.755949
12.972792
13.3001795
13.517023
12.755949
14.061254
12.755949
13.733864
12.755949
13.844411
13.733864
13.844411
13.517023
12.972792
13.844411
13.406476
13.3001795
13.083339
12.866496
13.3001795
13.189634
13.410727
13.189634
13.733864
13.3001795
13.410727
13.189634
13.3001795
12.534855
14.171801
12.755949
12.211719
13.189634
13.083339
13.844411
12.645402
12.318013
13.3001795
13.189634
13.3001795
12.972792
13.844411
13.733864
12.755949
12.862245
13.083339
13.733864
13.083339
13.3001795
12.972792
14.061254
12.539107
13.083339
13.3001795
12.972792
13.844411
13.189634
13.62757
13.844411
12.42856
13.083339
13.733864
12.972792
13.189634
13.410727
13.517023
12.42856
14.171801
13.623319
12.755949
13.406476
13.3001795
12.755949
13.406476
13.844411
13.406476
12.866496
13.3001795
13.3001795
12.972792
13.083339
12.42856
13.079086
13.844411
12.862245
13.189634
13.517023
13.410727
13.844411
13.844411
13.733864
12.539107
13.410727
12.755949
13.517023
13.3001795
12.42856
13.844411
13.844411
13.189634
12.866496
13.3001795
12.645402
12.862245
13.733864
12.972792
12.42856
13.189634
12.972792
13.517023
13.083339
12.645402
13.3001795
13.733864
12.755949
13.3001795
13.3001795
13.844411
13.733864
13.3001795
13.844411
13.517023
13.521274
13.844411
13.083339
12.755949
13.3001795
13.193886
12.972792
12.866496
12.972792
13.517023
13.3001795
13.406476
12.42856
13.844411
13.623319
13.3001795
13.189634
14.278095
13.410727
13.733864
13.517023
13.083339
12.42856
14.061254
13.733864
13.733864
13.3001795
13.9507065
12.539107
13.3001795
13.733864
12.539107
13.189634
12.972792
12.645402
12.645402
13.62757
12.972792
12.322266
13.3001795
13.733864
13.62757
13.3001795
13.3001795
12.42856
14.061254
12.862245
12.866496
13.3001795
13.083339
13.517023
13.3001795
13.083339
14.171801
12.755949
13.083339
13.189634
12.42856
13.844411
13.623319
12.972792
13.844411
13.517023
12.755949
12.42856
13.189634
13.189634
13.189634
13.844411
13.517023
14.171801
13.9507065
12.539107
12.645402
13.517023
13.733864
12.318013
13.844411
13.9507065
13.3001795
13.844411
13.733864
13.410727
13.083339
14.061254
12.972792
13.189634
13.189634
13.517023
12.972792
12.972792
12.755949
13.3001795
13.083339
14.16755
12.755949
13.3001795
13.517023
13.733864
13.3001795
13.3001795
13.189634
13.295929
13.3001795
13.3001795
12.645402
13.517023
13.295929
13.844411
13.406476
12.645402
13.62757
12.645402
13.083339
13.189634
13.406476
13.193886
13.189634
13.406476
13.517023
13.517023
13.3001795
13.083339
13.189634
12.539107
14.171801
13.083339
12.972792
13.517023
14.171801
12.972792
12.539107
13.954958
13.517023
12.645402
14.061254
12.862245
12.972792
12.862245
12.866496
13.3001795
12.862245
13.62757
13.733864
12.972792
13.189634
13.517023
12.755949
14.061254
13.3001795
13.3001795
12.972792
13.3001795
12.862245
13.3001795
13.844411
13.733864
12.645402
13.189634
13.3001795
13.189634
12.42856
13.844411
13.189634
14.499189
13.517023
12.539107
12.972792
13.844411
13.189634
12.866496
13.733864
14.061254
12.645402
12.755949
13.517023
13.406476
13.3001795
13.3001795
12.972792
12.866496
13.733864
13.3001795
13.733864
12.755949
13.083339
13.3001795
13.3001795
13.410727
12.42856
13.62757
12.645402
12.866496
13.083339
12.645402
13.62757
12.862245
13.3001795
12.862245
12.866496
13.079086
12.972792
12.755949
12.862245
13.844411
12.972792
12.862245
12.972792
13.623319
12.972792
13.844411
13.189634
12.42856
13.844411
13.406476
13.083339
13.733864
13.079086
12.42856
13.517023
13.954958
13.189634
12.755949
12.866496
13.733864
13.62757
13.517023
13.62757
13.844411
12.972792
12.972792
12.755949
12.972792
14.171801
13.733864
12.649654
13.410727
13.406476
13.410727
13.189634
13.62757
13.083339
13.189634
13.954958
13.733864
13.083339
13.3001795
12.866496
13.517023
13.733864
12.866496
13.733864
12.42856
13.62757
13.844411
13.083339
13.733864
13.083339
12.972792
13.3001795
13.410727
13.193886
13.844411
13.844411
12.755949
13.517023
13.517023
12.862245
13.62757
13.733864
12.539107
14.171801
13.189634
13.3001795
13.083339
13.189634
13.3001795
12.755949
13.517023
13.517023
13.517023
13.954958
14.061254
12.1011715
12.972792
13.406476
13.954958
13.083339
13.079086
13.517023
12.862245
13.083339
12.972792
11.994876
13.410727
13.623319
12.42856
13.844411
12.862245
12.649654
13.517023
12.972792
13.083339
13.3001795
13.406476
13.189634
13.083339
13.9507065
12.755949
14.171801
12.645402
12.866496
13.189634
13.9507065
12.755949
13.189634
12.534855
13.3001795
13.517023
14.171801
13.733864
12.755949
13.844411
13.9507065
12.42856
13.079086
13.517023
13.189634
12.972792
12.972792
13.844411
12.42856
12.972792
12.972792
12.645402
12.972792
12.972792
12.645402
12.972792
13.410727
12.972792
13.954958
12.645402
12.755949
13.083339
13.189634
13.62757
14.061254
13.189634
12.972792
13.733864
13.083339
13.62757
12.751698
13.3001795
13.62757
13.844411
13.083339
12.972792
14.388642
12.42856
13.406476
12.972792
13.517023
13.517023
13.733864
13.62757
13.733864
12.42856
13.844411
13.733864
13.3001795
12.42856
12.539107
13.410727
13.844411
12.862245
13.517023
13.517023
13.9507065
12.972792
12.862245
13.738117
13.3001795
12.322266
13.3001795
13.083339
13.62757
13.62757
12.645402
13.62757
12.972792
13.083339
12.645402
12.972792
13.406476
12.972792
13.083339
13.083339
13.3001795
12.645402
12.972792
13.083339
13.3001795
12.755949
13.954958
12.862245
13.844411
13.733864
13.517023
13.083339
12.42856
13.62757
13.844411
13.3001795
12.318013
12.645402
13.738117
13.189634
12.755949
12.755949
12.972792
13.189634
13.517023
13.9507065
13.733864
12.645402
13.083339
13.189634
14.388642
13.517023
13.083339
12.862245
13.733864
12.972792
12.972792
12.862245
13.517023
13.3001795
12.755949
13.410727
13.3001795
12.972792
12.862245
12.866496
13.844411
12.755949
14.061254
14.388642
13.083339
13.844411
12.755949
12.972792
13.3001795
13.9507065
13.410727
12.645402
13.3001795
12.972792
13.733864
12.866496
13.733864
13.844411
13.3001795
13.733864
12.539107
13.733864
12.42856
12.972792
13.733864
13.733864
12.539107
13.9507065
14.278095
13.62757
13.844411
13.733864
13.517023
13.083339
12.866496
13.406476
12.972792
13.954958
12.755949
13.517023
12.645402
12.755949
13.189634
12.866496
13.189634
13.733864
13.406476
13.844411
13.62757
13.844411
12.211719
12.972792
12.972792
12.211719
13.844411
14.278095
12.866496
13.62757
12.972792
13.517023
13.189634
14.061254
12.972792
13.517023
13.193886
13.189634
12.645402
13.954958
13.844411
12.755949
12.866496
13.844411
13.517023
13.517023
13.079086
13.083339
13.844411
13.9507065
13.62757
13.844411
12.862245
12.755949
13.406476
13.410727
13.517023
12.755949
13.62757
14.171801
13.844411
13.844411
13.3001795
12.972792
12.534855
13.410727
12.972792
12.211719
13.083339
13.3001795
13.083339
12.972792
13.079086
13.3001795
13.733864
13.517023
13.517023
12.539107
13.3001795
13.295929
13.189634
13.62757
13.9507065
13.62757
13.517023
12.866496
14.061254
12.42856
13.083339
13.3001795
12.318013
13.083339
13.517023
12.972792
13.410727
12.972792
13.517023
13.083339
13.189634
13.954958
13.733864
13.410727
12.972792
13.3001795
13.3001795
14.278095
13.62757
13.083339
13.083339
13.844411
13.079086
12.972792
13.079086
12.539107
13.410727
12.645402
12.755949
13.733864
13.083339
13.62757
13.189634
13.083339
13.844411
13.517023
12.862245
13.3001795
12.972792
12.755949
13.083339
13.517023
13.189634
12.211719
13.733864
13.9507065
13.3001795
13.189634
12.862245
13.62757
13.844411
13.844411
13.844411
13.517023
13.9507065
12.862245
13.844411
12.972792
12.862245
12.755949
12.972792
12.539107
13.844411
12.862245
13.62757
13.517023
14.061254
12.972792
13.410727
13.733864
12.539107
13.62757
13.517023
13.733864
14.388642
12.755949
12.645402
13.083339
12.866496
13.517023
13.083339
13.733864
13.410727
13.517023
13.844411
12.972792
12.972792
12.972792
13.079086
13.3001795
12.755949
12.862245
13.517023
13.3001795
14.171801
13.733864
13.083339
13.62757
12.862245
13.517023
13.3001795
13.3001795
12.42856
13.083339
14.061254
12.755949
12.645402
13.517023
13.189634
12.211719
14.171801
12.862245
12.972792
13.3001795
13.517023
12.755949
12.534855
13.62757
13.189634
12.534855
13.62757
12.755949
12.645402
13.738117
13.517023
13.3001795
13.844411
13.9507065
12.972792
13.189634
13.189634
13.406476
12.755949
13.954958
13.733864
13.62757
13.954958
13.189634
13.954958
13.62757
13.623319
12.972792
13.3001795
13.517023
12.539107
13.844411
13.189634
13.189634
14.061254
12.862245
12.755949
14.388642
13.9507065
13.844411
12.972792
13.517023
12.972792
13.517023
13.406476
12.755949
13.083339
13.406476
13.3001795
14.171801
13.517023
13.410727
13.406476
12.645402
13.3001795
12.972792
13.295929
12.755949
12.755949
12.972792
13.844411
14.061254
13.189634
13.62757
13.410727
12.977044
13.517023
12.539107
13.844411
13.733864
13.083339
13.733864
12.862245
12.972792
13.189634
13.954958
13.3001795
13.844411
13.189634
13.3001795
13.517023
13.083339
14.061254
12.866496
13.3001795
13.189634
12.42856
12.866496
13.517023
12.645402
13.844411
12.972792
13.295929
14.171801
13.733864
12.755949
13.62757
13.733864
13.3001795
14.171801
13.733864
13.844411
12.42856
13.193886
13.3001795
13.189634
13.410727
12.972792
13.517023
13.083339
13.406476
13.3001795
12.866496
13.406476
13.3001795
13.844411
13.406476
12.755949
13.517023
13.623319
13.62757
13.083339
13.733864
12.755949
14.171801
12.862245
12.972792
12.42856
13.62757
13.406476
12.539107
13.410727
12.862245
13.62757
13.517023
12.972792
13.517023
12.645402
13.083339
12.972792
13.517023
12.866496
13.189634
12.972792
13.517023
13.517023
13.517023
13.083339
12.755949
13.3001795
13.738117
13.3001795
12.42856
13.733864
13.733864
12.755949
13.954958
13.733864
13.517023
12.755949
13.517023
13.517023
13.517023
12.755949
12.755949
14.061254
12.42856
13.410727
13.954958
13.079086
13.844411
13.189634
12.211719
14.388642
13.844411
13.410727
12.972792
12.755949
13.517023
12.318013
13.083339
13.3001795
12.755949
13.517023
13.189634
13.406476
12.866496
12.972792
13.517023
13.62757
14.061254
12.972792
12.755949
13.083339
12.972792
13.3001795
13.189634
13.517023
13.62757
12.42856
13.193886
13.9507065
12.42856
13.517023
12.972792
13.410727
13.844411
12.972792
12.645402
13.406476
13.083339
14.061254
13.193886
12.972792
13.189634
13.9507065
12.866496
13.3001795
13.844411
14.061254
13.3001795
13.62757
13.844411
13.083339
13.9507065
13.517023
12.755949
13.189634
13.844411
13.410727
12.862245
13.954958
13.517023
12.42856
12.972792
14.278095
13.410727
13.517023
13.954958
14.278095
13.62757
13.517023
13.517023
13.844411
12.42856
14.061254
13.733864
13.189634
13.517023
12.755949
13.623319
13.62757
12.972792
13.083339
13.844411
13.9507065
12.972792
12.972792
13.083339
12.972792
13.62757
12.972792
13.844411
13.079086
12.866496
13.189634
13.954958
12.972792
13.083339
12.972792
13.3001795
13.3001795
12.1011715
14.171801
13.844411
13.083339
13.083339
13.733864
12.645402
12.645402
12.972792
13.62757
13.3001795
13.406476
13.517023
13.406476
13.733864
14.388642
13.406476
13.189634
12.645402
13.410727
14.061254
13.3001795
13.733864
14.388642
13.517023
12.755949
13.844411
13.3001795
13.083339
13.079086
14.061254
12.972792
12.755949
13.083339
13.844411
12.755949
13.9507065
13.189634
13.193886
13.189634
12.645402
12.862245
14.061254
13.844411
13.62757
13.079086
13.083339
13.733864
13.517023
12.42856
13.844411
13.083339
12.862245
13.189634
13.517023
12.972792
12.972792
13.62757
13.623319
12.645402
13.3001795
13.517023
12.539107
12.862245
13.844411
12.539107
13.3001795
13.733864
12.755949
12.972792
13.623319
12.322266
13.3001795
13.733864
13.410727
12.972792
13.844411
13.083339
12.645402
12.972792
12.972792
13.189634
13.189634
12.42856
13.62757
13.62757
12.972792
12.755949
13.189634
13.406476
13.083339
13.079086
12.649654
13.3001795
13.733864
12.645402
13.189634
12.645402
13.733864
13.3001795
12.972792
13.62757
12.755949
13.62757
12.645402
13.083339
13.083339
13.733864
12.866496
13.517023
13.083339
13.3001795
13.189634
13.3001795
12.862245
12.42856
13.62757
13.517023
12.755949
13.954958
13.189634
12.318013
13.738117
13.079086
12.539107
13.62757
13.733864
13.62757
13.295929
13.083339
12.972792
12.862245
13.844411
12.862245
13.189634
13.193886
12.972792
12.318013
13.844411
13.733864
12.755949
14.061254
13.189634
12.318013
14.171801
12.972792
12.42856
13.3001795
13.733864
12.866496
13.733864
13.62757
13.3001795
13.3001795
12.972792
13.844411
13.189634
13.844411
13.3001795
13.406476
13.844411
14.061254
12.755949
14.171801
13.3001795
12.862245
13.844411
13.3001795
12.751698
13.844411
12.862245
12.972792
13.189634
13.189634
14.061254
13.623319
13.517023
13.517023
13.844411
12.755949
13.410727
13.189634
13.083339
13.517023
13.517023
13.62757
12.539107
13.189634
13.62757
12.534855
13.410727
12.972792
13.406476
13.733864
12.645402
13.189634
12.866496
13.517023
12.972792
13.083339
13.733864
13.954958
13.623319
13.844411
12.645402
13.517023
13.3001795
13.623319
12.42856
13.733864
13.189634
13.189634
12.318013
13.189634
13.733864
12.972792
13.844411
13.189634
13.3001795
13.3001795
12.972792
13.3001795
12.318013
12.862245
13.9507065
12.539107
13.844411
13.3001795
13.189634
13.410727
12.862245
13.083339
13.733864
13.189634
12.539107
13.517023
14.388642
13.844411
12.645402
12.322266
13.623319
13.406476
13.083339
13.733864
13.3001795
13.083339
13.844411
12.862245
12.755949
13.517023
13.406476
14.061254
13.62757
13.517023
13.844411
13.844411
12.645402
12.755949
12.534855
13.3001795
13.517023
12.972792
13.193886
13.189634
13.189634
13.517023
13.406476
12.972792
13.3001795
13.517023
12.862245
13.62757
13.189634
13.517023
13.189634
12.755949
13.189634
14.171801
13.733864
12.862245
13.844411
12.866496
13.733864
12.972792
13.189634
13.189634
13.083339
13.189634
12.866496
14.171801
13.083339
13.3001795
12.862245
13.410727
13.189634
13.3001795
13.189634
13.517023
13.62757
12.645402
13.954958
12.972792
12.539107
13.844411
12.645402
12.755949
13.083339
12.972792
13.189634
13.189634
13.954958
13.3001795
13.733864
12.645402
13.3001795
13.406476
13.62757
13.517023
13.844411
13.954958
12.207466
13.083339
13.3001795
12.972792
12.866496
13.733864
13.083339
13.62757
13.3001795
13.3001795
12.755949
13.844411
13.083339
13.3001795
13.517023
13.189634
12.866496
13.733864
13.079086
13.517023
14.061254
13.406476
13.62757
12.539107
13.62757
13.189634
13.3001795
14.061254
12.972792
12.866496
13.733864
13.954958
13.623319
12.645402
13.62757
13.3001795
12.539107
13.9507065
12.972792
12.755949
13.406476
12.862245
12.866496
13.517023
13.410727
12.972792
13.189634
13.410727
13.083339
12.645402
12.972792
14.171801
12.972792
12.972792
13.295929
12.866496
12.972792
12.972792
13.3001795
13.62757
13.844411
13.083339
12.972792
12.862245
12.755949
12.972792
13.3001795
13.9507065
13.189634
13.083339
13.844411
13.3001795
13.517023
13.517023
12.862245
13.3001795
13.3001795
13.3001795
12.645402
13.083339
12.972792
13.083339
13.189634
13.410727
13.517023
13.517023
12.972792
13.844411
14.061254
13.62757
13.189634
12.972792
13.844411
13.517023
12.862245
13.083339
13.3001795
13.623319
13.410727
13.9507065
12.862245
13.844411
13.3001795
13.406476
13.62757
13.189634
12.755949
13.9507065
12.318013
13.083339
12.755949
12.645402
13.410727
13.189634
12.539107
13.844411
13.517023
13.083339
13.189634
12.755949
13.3001795
13.517023
13.3001795
12.862245
12.755949
13.189634
13.193886
13.189634
13.954958
12.318013
13.954958
12.972792
12.972792
12.42856
13.3001795
13.733864
13.189634
13.623319
13.62757
13.189634
13.083339
13.3001795
12.755949
13.62757
13.406476
12.972792
13.517023
13.844411
13.406476
12.972792
12.755949
13.406476
14.499189
12.972792
12.866496
13.3001795
13.844411
13.517023
13.517023
13.083339
13.517023
12.755949
13.517023
13.083339
13.844411
13.3001795
12.755949
13.517023
12.972792
12.1011715
13.3001795
13.844411
12.755949
13.517023
13.083339
13.733864
12.755949
13.733864
13.844411
13.733864
12.755949
12.972792
13.3001795
12.972792
13.62757
13.083339
13.189634
13.3001795
13.517023
12.972792
13.954958
13.733864
13.083339
12.645402
13.62757
13.3001795
12.755949
12.972792
13.733864
13.079086
12.755949
13.406476
13.62757
12.862245
12.755949
12.972792
13.410727
12.645402
12.645402
13.62757
12.862245
13.410727
13.733864
13.083339
13.189634
13.517023
13.9507065
12.755949
12.972792
13.954958
12.755949
12.755949
13.517023
12.645402
12.866496
13.840159
12.866496
13.62757
12.862245
13.517023
12.755949
12.972792
13.083339
12.972792
13.083339
12.645402
13.733864
13.083339
12.972792
14.388642
12.755949
12.972792
13.62757
13.844411
13.517023
12.972792
13.733864
13.3001795
13.189634
13.954958
12.972792
13.62757
13.844411
12.539107
13.189634
12.539107
14.061254
12.862245
13.62757
13.406476
13.3001795
13.844411
13.079086
13.410727
12.645402
13.3001795
13.844411
13.189634
13.844411
12.972792
13.3001795
12.755949
12.862245
12.755949
13.517023
12.42856
13.410727
13.189634
13.189634
12.972792
13.733864
13.083339
13.844411
13.517023
13.62757
12.645402
13.517023
12.866496
13.517023
13.3001795
13.083339
13.079086
12.649654
12.862245
12.42856
13.521274
13.189634
13.3001795
13.3001795
13.189634
13.189634
13.733864
12.972792
13.083339
13.406476
13.844411
13.083339
13.189634
13.954958
13.189634
12.42856
12.972792
13.517023
12.539107
13.62757
12.862245
12.755949
13.3001795
13.3001795
13.083339
13.189634
12.645402
12.539107
13.517023
14.061254
13.083339
13.733864
13.62757
13.193886
12.972792
13.9507065
13.083339
13.406476
13.733864
12.972792
13.62757
13.623319
13.410727
14.061254
12.862245
13.3001795
13.844411
12.755949
13.3001795
13.733864
12.972792
12.645402
12.755949
13.083339
13.733864
13.083339
13.3001795
13.189634
13.62757
13.517023
13.954958
12.755949
12.42856
13.3001795
13.189634
13.189634
13.62757
13.3001795
13.738117
13.517023
12.972792
13.083339
13.733864
12.972792
13.517023
13.517023
13.844411
13.3001795
12.862245
13.410727
13.517023
13.3001795
13.3001795
13.840159
12.322266
13.517023
13.406476
13.517023
13.623319
13.733864
13.844411
13.517023
13.733864
13.844411
13.406476
13.62757
13.083339
12.645402
13.844411
13.189634
13.083339
13.733864
13.3001795
13.083339
12.539107
13.517023
12.866496
13.3001795
13.295929
13.3001795
13.189634
12.645402
13.410727
14.388642
12.534855
12.649654
12.972792
12.645402
12.755949
14.061254
13.844411
12.432813
14.061254
14.278095
13.3001795
13.9507065
12.862245
12.755949
13.3001795
13.733864
13.517023
13.62757
14.061254
13.3001795
13.517023
13.9507065
13.193886
12.972792
12.539107
13.3001795
13.295929
12.755949
13.517023
13.733864
13.844411
13.189634
13.954958
13.406476
13.517023
13.844411
12.755949
12.755949
12.972792
13.733864
13.083339
14.171801
13.733864
13.62757
13.844411
12.862245
13.3001795
14.061254
13.083339
13.189634
12.755949
13.410727
13.189634
13.62757
13.3001795
13.406476
12.539107
13.3001795
12.972792
13.844411
13.517023
13.954958
13.406476
12.645402
13.62757
13.3001795
13.189634
13.189634
13.9507065
13.410727
12.972792
13.9507065
12.755949
12.972792
13.517023
12.972792
12.972792
13.517023
12.972792
13.62757
13.189634
13.62757
13.62757
13.733864
12.866496
13.517023
13.189634
12.645402
13.954958
12.866496
12.755949
12.972792
14.061254
13.189634
13.62757
13.3001795
13.62757
13.3001795
12.972792
13.733864
13.3001795
13.9507065
13.083339
13.62757
13.733864
13.62757
13.844411
13.733864
12.972792
14.061254
13.406476
13.62757
13.079086
13.517023
13.083339
12.862245
13.189634
13.62757
13.517023
13.083339
13.62757
13.083339
13.3001795
13.083339
12.972792
13.517023
13.62757
13.733864
12.972792
13.733864
13.9507065
13.517023
13.954958
13.623319
13.62757
14.388642
14.061254
12.866496
13.623319
13.3001795
12.539107
13.738117
13.623319
13.517023
13.410727
13.189634
12.539107
13.733864
13.406476
13.410727
13.733864
12.862245
12.972792
12.755949
13.410727
13.406476
13.517023
13.193886
14.061254
13.3001795
13.410727
13.3001795
12.866496
13.954958
12.972792
14.061254
13.083339
13.406476
14.278095
12.318013
13.3001795
14.061254
12.972792
13.193886
13.844411
13.3001795
13.844411
13.844411
13.189634
13.844411
14.061254
13.410727
12.755949
14.171801
13.3001795
12.755949
13.844411
13.189634
12.318013
12.539107
13.844411
12.211719
13.844411
13.844411
12.755949
13.954958
13.406476
13.62757
13.954958
14.171801
12.866496
14.061254
14.061254
12.322266
13.189634
13.844411
13.3001795
12.972792
12.866496
12.972792
13.406476
13.189634
13.9507065
12.645402
13.844411
13.189634
12.972792
13.406476
13.62757
13.083339
13.517023
13.083339
12.866496
13.62757
13.517023
12.972792
13.189634
12.645402
13.3001795
13.3001795
13.3001795
13.083339
12.539107
13.3001795
13.623319
13.844411
12.862245
13.733864
13.844411
13.3001795
12.755949
12.972792
12.866496
13.733864
12.755949
13.954958
13.517023
13.517023
12.645402
13.733864
13.9507065
13.517023
13.844411
14.061254
12.755949
13.079086
13.517023
12.972792
12.645402
13.844411
13.733864
13.406476
13.733864
14.16755
13.189634
12.972792
13.3001795
12.972792
13.9507065
13.083339
13.733864
13.954958
13.406476
12.42856
13.954958
13.517023
13.517023
12.866496
12.755949
13.844411
13.623319
13.62757
13.517023
13.517023
13.517023
12.755949
13.62757
14.061254
13.517023
12.755949
13.844411
13.189634
13.62757
12.645402
13.954958
13.733864
13.62757
13.844411
13.083339
12.972792
13.3001795
13.3001795
13.189634
13.517023
12.755949
14.171801
13.083339
12.972792
12.862245
13.844411
14.061254
13.954958
12.539107
13.733864
13.083339
13.517023
12.539107
12.972792
13.079086
12.972792
13.193886
13.517023
12.972792
12.972792
13.517023
13.62757
14.061254
13.083339
12.862245
13.954958
13.844411
12.645402
13.189634
13.733864
13.738117
12.972792
13.844411
13.083339
12.42856
12.972792
13.62757
12.755949
13.189634
13.410727
13.083339
13.62757
13.733864
13.3001795
13.3001795
13.517023
13.733864
12.972792
12.862245
13.62757
13.733864
12.972792
13.189634
13.844411
12.645402
12.645402
13.083339
12.862245
13.079086
12.972792
13.844411
13.189634
13.189634
13.517023
12.862245
13.733864
13.62757
12.318013
13.3001795
13.9507065
12.755949
13.954958
13.517023
13.083339
12.862245
12.972792
14.061254
12.972792
13.844411
12.866496
12.866496
13.954958
14.171801
13.3001795
13.844411
13.733864
13.62757
13.189634
13.083339
13.406476
12.755949
12.972792
14.282348
13.517023
12.649654
13.517023
14.171801
13.083339
13.517023
12.866496
13.3001795
13.3001795
12.755949
13.954958
12.972792
13.3001795
12.972792
13.512772
12.972792
13.517023
12.972792
13.954958
13.517023
12.862245
13.62757
14.061254
12.755949
13.517023
12.211719
13.517023
13.3001795
13.083339
13.733864
12.972792
13.62757
13.840159
12.862245
13.844411
13.733864
13.189634
13.083339
14.499189
13.079086
13.410727
12.862245
13.844411
13.189634
12.755949
13.3001795
13.844411
13.406476
12.42856
13.844411
13.733864
12.539107
13.3001795
12.972792
13.3001795
12.862245
13.410727
13.3001795
13.3001795
13.844411
13.189634
13.517023
13.406476
13.844411
12.972792
12.972792
13.517023
13.844411
13.189634
12.755949
13.189634
13.844411
13.410727
12.318013
13.517023
13.733864
13.3001795
13.62757
12.972792
12.972792
13.733864
13.410727
12.972792
13.189634
13.410727
13.079086
13.083339
13.406476
13.3001795
13.844411
13.517023
13.844411
13.9507065
13.083339
13.954958
13.189634
12.539107
13.3001795
12.862245
13.083339
12.534855
14.061254
12.862245
13.62757
13.406476
13.083339
13.517023
13.3001795
13.844411
13.189634
13.3001795
13.083339
13.189634
13.844411
12.862245
13.844411
13.406476
12.972792
12.972792
12.755949
12.645402
12.755949
13.406476
12.539107
13.844411
14.061254
13.844411
12.42856
12.755949
13.844411
13.3001795
13.410727
12.862245
12.645402
13.517023
13.623319
13.3001795
14.171801
14.061254
12.972792
13.406476
13.3001795
13.62757
12.318013
13.3001795
12.972792
12.972792
13.954958
13.9507065
12.866496
13.844411
12.862245
12.755949
12.972792
13.079086
12.972792
13.406476
14.061254
12.972792
13.189634
13.844411
12.862245
13.083339
13.733864
12.972792
12.539107
13.189634
12.539107
13.517023
13.3001795
14.061254
13.733864
13.517023
12.972792
13.517023
14.278095
12.755949
13.62757
13.954958
12.645402
13.3001795
12.866496
13.189634
12.755949
13.3001795
12.862245
13.3001795
13.189634
13.844411
13.517023
13.189634
13.62757
12.862245
12.755949
14.171801
13.623319
13.3001795
14.278095
13.3001795
13.083339
12.866496
13.3001795
13.3001795
12.972792
12.862245
12.42856
12.972792
13.733864
13.844411
13.406476
13.62757
12.862245
12.755949
13.517023
13.189634
12.972792
13.517023
14.061254
13.9507065
13.62757
13.3001795
13.406476
13.517023
13.733864
13.193886
13.189634
12.322266
13.3001795
13.733864
13.517023
12.972792
14.494938
13.517023
12.534855
13.517023
13.189634
12.755949
13.62757
13.954958
13.079086
12.972792
13.3001795
13.9507065
12.649654
12.862245
13.083339
14.061254
13.083339
13.517023
13.954958
12.645402
13.3001795
12.42856
13.410727
12.751698
13.62757
13.517023
13.9507065
13.189634
13.3001795
13.3001795
13.517023
13.410727
13.189634
14.171801
13.844411
12.755949
13.844411
12.862245
13.954958
12.534855
13.844411
13.517023
13.62757
13.406476
13.954958
13.189634
12.539107
13.738117
13.844411
13.62757
13.3001795
13.733864
13.083339
12.972792
13.517023
13.733864
13.189634
14.171801
12.972792
12.866496
13.733864
13.3001795
12.972792
12.534855
13.844411
13.189634
12.755949
13.62757
14.278095
13.62757
12.862245
13.62757
13.189634
12.755949
13.517023
12.862245
13.083339
14.061254
13.844411
12.539107
12.645402
12.866496
13.083339
12.539107
13.410727
12.755949
12.645402
13.517023
12.862245
12.866496
13.954958
13.517023
13.517023
13.844411
13.954958
13.844411
12.539107
12.972792
12.972792
13.844411
12.972792
12.866496
12.972792
13.406476
12.866496
13.406476
12.539107
13.189634
13.954958
13.083339
13.3001795
14.061254
13.083339
13.083339
13.623319
13.3001795
12.755949
13.954958
12.972792
13.189634
13.410727
12.972792
13.083339
12.862245
13.733864
12.972792
12.755949
13.406476
13.62757
12.534855
13.844411
13.3001795
13.189634
12.862245
13.517023
13.738117
13.517023
13.3001795
12.539107
13.517023
13.844411
13.189634
12.539107
12.862245
12.972792
12.977044
14.061254
12.42856
13.3001795
14.061254
13.9507065
12.972792
14.171801
12.645402
13.189634
12.755949
13.3001795
13.083339
13.189634
13.62757
13.3001795
13.733864
13.3001795
13.62757
12.755949
13.733864
12.645402
12.972792
12.972792
13.623319
13.733864
13.189634
12.866496
13.9507065
14.171801
12.972792
13.9507065
13.517023
12.972792
13.410727
13.189634
13.844411
12.645402
13.406476
13.517023
12.972792
12.534855
12.972792
13.3001795
13.189634
12.755949
12.539107
13.410727
13.083339
12.972792
12.211719
13.189634
13.083339
13.844411
13.62757
12.862245
13.3001795
13.3001795
12.972792
13.844411
12.862245
13.193886
13.844411
12.972792
12.866496
13.517023
13.9507065
12.972792
13.62757
12.862245
13.410727
14.061254
12.972792
12.318013
12.755949
13.193886
13.406476
14.282348
13.517023
13.521274
13.9507065
13.083339
12.649654
12.972792
14.499189
13.733864
12.972792
12.42856
13.3001795
14.061254
13.844411
12.645402
12.42856
13.3001795
12.972792
13.083339
13.62757
12.972792
13.517023
12.972792
13.3001795
13.517023
13.844411
13.406476
13.733864
13.844411
13.189634
12.972792
13.844411
13.406476
13.193886
13.844411
13.189634
13.62757
12.534855
12.866496
13.733864
14.061254
13.733864
13.733864
13.189634
13.3001795
12.862245
13.844411
13.840159
12.755949
12.972792
12.755949
12.755949
12.42856
13.844411
13.733864
13.410727
13.3001795
13.738117
13.62757
12.755949
13.62757
13.733864
12.755949
13.9507065
14.061254
12.755949
12.972792
12.755949
13.733864
12.972792
12.755949
13.189634
13.844411
12.972792
13.079086
12.755949
14.061254
13.844411
13.193886
13.733864
13.083339
13.083339
13.733864
13.733864
13.406476
13.193886
13.079086
13.517023
13.733864
14.061254
13.844411
13.844411
13.189634
13.3001795
13.844411
13.406476
12.42856
13.62757
13.733864
13.083339
14.061254
14.061254
13.517023
12.42856
13.410727
12.862245
12.972792
13.517023
12.645402
13.3001795
12.645402
13.410727
13.189634
12.42856
12.42856
12.645402
12.972792
12.318013
14.061254
12.972792
13.3001795
12.866496
13.844411
13.9507065
13.3001795
13.517023
13.3001795
13.517023
12.972792
12.755949
13.3001795
14.278095
12.866496
13.083339
12.972792
13.844411
13.189634
13.517023
13.517023
13.954958
13.406476
12.866496
13.3001795
13.189634
13.517023
13.517023
14.061254
13.406476
13.083339
13.62757
12.866496
12.862245
12.755949
13.844411
13.406476
13.844411
12.645402
13.3001795
13.406476
13.3001795
14.171801
13.733864
12.755949
14.061254
13.189634
13.733864
14.171801
13.517023
13.62757
14.061254
13.844411
13.189634
12.645402
13.410727
14.061254
13.517023
13.189634
13.406476
13.083339
13.083339
12.972792
12.972792
13.3001795
13.517023
13.844411
14.061254
12.42856
12.755949
13.406476
12.42856
12.645402
13.189634
13.3001795
13.3001795
12.755949
12.972792
13.406476
12.972792
13.517023
12.972792
13.410727
12.972792
13.954958
14.061254
13.3001795
13.406476
13.733864
14.061254
14.061254
12.755949
13.295929
14.171801
12.972792
13.083339
14.061254
14.061254
13.189634
12.534855
14.388642
12.862245
13.517023
13.62757
13.410727
13.844411
12.972792
13.193886
13.295929
12.972792
13.083339
14.061254
14.061254
13.410727
13.517023
13.844411
13.844411
13.62757
13.517023
13.410727
13.3001795
13.844411
13.62757
13.517023
13.733864
12.539107
13.517023
13.406476
13.844411
13.406476
13.083339
13.189634
12.534855
13.844411
13.517023
12.972792
13.406476
13.517023
13.840159
12.866496
12.972792
13.3001795
13.295929
13.083339
13.083339
13.189634
13.083339
12.866496
13.079086
12.972792
14.061254
13.62757
13.733864
14.061254
13.9507065
13.733864
13.733864
13.3001795
13.406476
13.083339
13.623319
13.62757
13.733864
13.517023
13.079086
13.083339
13.3001795
12.755949
12.755949
13.733864
13.517023
13.733864
13.623319
13.844411
13.079086
12.972792
13.517023
13.517023
13.410727
13.3001795
13.3001795
13.189634
13.193886
13.3001795
12.760201
12.755949
13.083339
13.406476
12.972792
13.189634
13.410727
13.410727
13.3001795
13.844411
13.954958
13.517023
13.517023
13.083339
13.9507065
12.866496
13.9507065
13.3001795
13.623319
13.189634
13.3001795
13.844411
12.862245
13.083339
12.645402
12.866496
12.755949
13.406476
13.193886
13.189634
13.410727
13.295929
13.410727
13.189634
13.62757
13.189634
13.517023
13.733864
13.954958
12.972792
13.954958
13.410727
13.517023
13.3001795
13.517023
13.3001795
12.755949
13.083339
13.3001795
13.083339
13.733864
13.62757
14.061254
12.755949
13.083339
12.972792
13.083339
12.862245
13.3001795
14.061254
12.972792
12.972792
13.62757
13.623319
13.517023
13.083339
13.406476
13.844411
13.733864
13.193886
13.517023
13.3001795
13.3001795
14.061254
13.517023
13.3001795
13.3001795
13.406476
13.517023
12.972792
12.755949
13.3001795
12.755949
14.171801
12.645402
12.972792
12.534855
13.193886
13.517023
13.62757
13.189634
13.406476
12.862245
13.517023
12.318013
13.954958
13.62757
13.733864
12.866496
12.862245
12.645402
13.3001795
13.410727
13.406476
12.755949
13.189634
14.061254
13.189634
13.62757
12.972792
13.3001795
13.9507065
13.083339
12.972792
13.517023
13.079086
12.972792
13.083339
13.3001795
13.844411
13.083339
13.517023
13.189634
13.517023
13.733864
13.3001795
12.972792
13.083339
13.3001795
13.517023
13.733864
13.62757
13.079086
13.193886
13.410727
13.62757
12.862245
13.3001795
13.733864
13.844411
12.755949
12.972792
13.189634
13.406476
13.3001795
12.755949
13.517023
13.62757
13.083339
12.211719
14.171801
13.189634
13.189634
13.517023
13.083339
13.844411
13.083339
13.193886
12.972792
13.083339
13.079086
13.083339
13.623319
14.171801
14.061254
13.3001795
13.517023
13.62757
13.3001795
12.972792
13.517023
13.733864
13.083339
13.079086
13.62757
13.406476
13.844411
12.645402
13.083339
13.083339
13.189634
12.972792
13.3001795
12.972792
14.171801
13.189634
12.755949
13.733864
13.517023
12.866496
13.079086
13.733864
13.3001795
13.3001795
12.972792
13.083339
12.645402
13.083339
12.755949
14.061254
13.410727
13.3001795
13.517023
13.733864
12.972792
13.517023
12.972792
12.972792
13.083339
13.517023
13.189634
13.189634
13.3001795
12.866496
13.733864
13.083339
13.189634
12.972792
12.539107
12.755949
13.3001795
13.9507065
12.42856
13.3001795
13.733864
13.406476
13.083339
13.406476
13.62757
13.844411
13.517023
13.517023
13.406476
12.755949
12.42856
12.755949
13.844411
12.755949
13.517023
13.189634
13.410727
12.42856
13.3001795
13.3001795
13.083339
13.733864
13.410727
12.972792
13.083339
13.406476
12.645402
13.517023
13.406476
13.954958
13.517023
12.862245
13.844411
12.972792
12.755949
13.62757
13.3001795
13.083339
12.645402
13.406476
13.189634
12.972792
13.733864
13.083339
13.189634
13.844411
13.954958
13.733864
12.42856
14.061254
13.517023
13.844411
12.866496
13.62757
13.844411
13.3001795
13.517023
13.083339
13.079086
12.539107
12.645402
13.844411
12.862245
12.755949
13.3001795
13.083339
12.866496
12.862245
13.410727
12.972792
12.649654
13.189634
12.862245
13.083339
13.083339
12.866496
13.406476
13.3001795
13.193886
13.623319
12.645402
13.3001795
13.189634
13.733864
13.189634
13.517023
13.3001795
12.645402
13.517023
13.410727
12.862245
12.539107
13.3001795
13.840159
13.844411
13.083339
13.410727
13.62757
13.3001795
13.62757
13.189634
12.755949
12.972792
13.733864
14.061254
12.539107
13.3001795
13.3001795
13.62757
13.844411
13.3001795
13.517023
13.844411
13.733864
12.755949
12.972792
13.954958
13.079086
12.539107
13.410727
13.189634
13.193886
13.844411
14.494938
13.083339
13.733864
13.3001795
13.733864
12.318013
13.3001795
14.278095
12.866496
12.755949
13.083339
13.406476
12.755949
13.517023
13.517023
13.844411
12.755949
14.171801
13.733864
13.083339
13.406476
13.3001795
14.061254
13.844411
13.3001795
12.972792
13.844411
13.517023
13.954958
13.295929
12.972792
13.410727
13.3001795
12.755949
12.645402
13.3001795
13.517023
12.972792
13.079086
13.62757
13.517023
12.42856
13.3001795
13.189634
13.189634
14.061254
13.517023
12.972792
12.645402
13.517023
14.061254
13.3001795
13.189634
13.517023
13.3001795
13.733864
13.844411
13.189634
12.649654
13.406476
13.62757
13.189634
13.083339
13.189634
13.954958
13.844411
13.517023
13.954958
13.623319
12.649654
13.733864
13.844411
13.517023
13.733864
13.406476
13.189634
13.083339
12.645402
14.171801
13.733864
13.844411
13.733864
12.866496
13.3001795
12.645402
13.083339
14.061254
12.755949
13.189634
12.862245
13.189634
13.406476
13.62757
13.083339
13.083339
12.755949
14.061254
12.755949
13.738117
13.733864
13.517023
12.972792
12.866496
12.862245
13.844411
13.844411
13.62757
12.862245
13.62757
13.3001795
12.755949
13.844411
13.083339
13.189634
12.866496
13.3001795
12.972792
13.844411
13.083339
13.517023
13.3001795
14.061254
12.862245
13.083339
14.061254
13.3001795
12.755949
13.517023
13.844411
13.189634
13.62757
13.844411
13.733864
13.844411
13.517023
12.972792
13.3001795
13.517023
13.410727
13.517023
12.866496
13.3001795
13.9507065
13.3001795
13.738117
13.406476
13.62757
13.3001795
13.410727
13.517023
12.755949
13.844411
13.517023
13.62757
13.3001795
13.62757
14.171801
12.866496
13.517023
14.171801
13.9507065
12.534855
13.3001795
13.189634
12.972792
13.189634
13.3001795
13.189634
13.62757
12.972792
13.9507065
13.738117
12.645402
13.954958
13.733864
12.42856
12.645402
13.9507065
13.62757
12.972792
13.3001795
12.972792
12.645402
13.844411
13.3001795
12.755949
13.3001795
13.189634
12.42856
12.862245
14.061254
13.844411
13.733864
14.061254
13.844411
12.645402
13.954958
13.9507065
13.3001795
13.517023
13.083339
13.189634
13.083339
13.3001795
13.083339
13.844411
13.9507065
14.061254
13.3001795
12.645402
13.083339
13.733864
13.517023
13.083339
13.517023
13.62757
12.972792
12.534855
12.866496
13.3001795
13.517023
13.517023
13.62757
13.844411
13.406476
13.62757
12.972792
13.083339
13.733864
13.083339
13.410727
13.189634
12.755949
13.079086
13.844411
13.083339
12.645402
13.083339
12.862245
13.3001795
13.189634
13.3001795
13.079086
12.755949
14.061254
12.972792
13.62757
13.189634
13.517023
13.733864
12.645402
13.62757
13.3001795
13.083339
13.62757
13.733864
12.862245
12.539107
13.083339
14.061254
13.517023
13.517023
12.755949
13.62757
13.406476
13.62757
13.844411
13.406476
12.866496
12.972792
13.193886
14.061254
13.844411
12.862245
12.866496
13.3001795
13.517023
13.3001795
12.42856
12.972792
14.061254
13.844411
13.733864
12.539107
14.061254
14.061254
12.755949
13.517023
12.972792
13.844411
13.189634
13.62757
13.189634
13.083339
12.862245
14.061254
13.62757
12.755949
13.9507065
12.755949
13.079086
12.755949
13.733864
13.733864
13.3001795
13.844411
13.189634
13.62757
12.645402
13.62757
13.189634
13.083339
12.972792
13.193886
13.9507065
13.517023
13.733864
13.517023
13.733864
13.083339
12.755949
12.972792
13.9507065
13.3001795
13.623319
12.972792
13.844411
12.972792
13.410727
14.16755
13.410727
12.862245
13.954958
13.079086
13.62757
13.079086
13.844411
13.9507065
13.844411
13.189634
13.410727
13.844411
12.42856
13.410727
13.733864
12.645402
13.406476
13.410727
13.406476
13.189634
13.189634
13.3001795
13.189634
13.410727
14.061254
13.733864
13.623319
12.649654
13.406476
14.061254
13.844411
13.954958
12.972792
14.171801
13.406476
13.410727
13.406476
13.410727
13.517023
13.62757
13.844411
13.62757
13.083339
12.972792
12.539107
12.534855
13.62757
12.755949
13.733864
14.061254
13.3001795
12.972792
13.517023
12.972792
13.189634
13.3001795
13.3001795
13.517023
12.972792
13.3001795
13.3001795
13.733864
13.517023
13.517023
13.62757
12.862245
12.755949
13.954958
12.862245
12.539107
13.733864
12.972792
13.3001795
13.410727
13.733864
12.755949
12.972792
13.623319
13.410727
14.061254
12.972792
13.410727
12.645402
12.972792
13.9507065
13.517023
13.62757
13.844411
13.733864
13.62757
13.733864
13.3001795
13.189634
13.3001795
14.171801
13.733864
13.083339
13.733864
13.9507065
13.3001795
13.844411
14.061254
14.061254
14.171801
14.16755
14.061254
13.189634
12.42856
13.844411
13.9507065
13.733864
12.866496
12.862245
13.62757
12.755949
13.62757
13.844411
13.844411
13.844411
13.9507065
12.972792
13.406476
13.406476
13.517023
12.539107
13.079086
13.083339
12.862245
12.539107
13.954958
13.844411
13.189634
13.733864
14.171801
13.517023
12.645402
13.3001795
13.410727
13.3001795
13.844411
13.517023
13.189634
13.844411
13.189634
13.410727
13.733864
13.083339
13.406476
14.171801
14.061254
13.295929
13.844411
13.517023
13.189634
13.9507065
13.62757
13.189634
13.62757
13.3001795
13.193886
13.3001795
13.410727
13.517023
13.3001795
13.62757
12.645402
13.3001795
13.733864
12.645402
13.517023
13.844411
13.189634
13.62757
13.517023
13.521274
13.079086
13.954958
13.189634
13.517023
13.62757
12.755949
12.866496
13.733864
12.862245
13.406476
13.3001795
13.517023
13.3001795
13.3001795
12.972792
13.62757
13.9507065
13.517023
13.083339
12.972792
12.645402
13.517023
12.862245
13.083339
12.862245
12.972792
12.972792
13.733864
13.3001795
13.3001795
13.3001795
13.083339
12.755949
13.62757
12.972792
13.517023
12.862245
13.083339
14.171801
13.189634
12.645402
13.844411
12.972792
13.62757
13.623319
13.62757
12.972792
12.42856
13.844411
12.972792
13.517023
13.733864
13.844411
13.083339
13.62757
13.3001795
13.9507065
12.42856
14.499189
13.9507065
13.844411
14.061254
12.968539
13.3001795
14.278095
13.517023
12.42856
13.733864
13.954958
13.733864
12.972792
14.061254
13.189634
13.193886
12.972792
13.3001795
13.406476
13.083339
13.083339
13.083339
13.3001795
12.42856
13.410727
14.061254
13.3001795
12.972792
13.083339
13.406476
12.645402
13.517023
13.62757
13.3001795
12.318013
13.738117
14.388642
12.866496
13.189634
12.755949
13.406476
12.755949
13.189634
13.3001795
13.3001795
13.62757
13.3001795
13.083339
13.733864
12.645402
13.3001795
14.061254
12.755949
13.517023
13.410727
13.9507065
12.755949
12.534855
13.083339
13.840159
12.972792
12.972792
13.083339
12.862245
13.517023
12.755949
14.282348
13.3001795
13.079086
12.539107
13.189634
12.972792
13.189634
12.972792
13.733864
13.844411
14.061254
12.972792
13.189634
12.755949
13.083339
14.061254
12.862245
13.083339
13.3001795
12.866496
12.645402
13.62757
13.9507065
13.083339
12.972792
13.193886
13.517023
12.645402
13.62757
14.278095
13.3001795
13.189634
13.844411
13.62757
13.844411
13.193886
14.278095
12.755949
14.171801
12.972792
13.954958
12.645402
13.083339
13.406476
13.844411
13.62757
12.972792
13.733864
13.738117
13.3001795
13.083339
13.62757
12.862245
13.3001795
13.189634
13.410727
12.862245
13.083339
13.189634
12.755949
13.517023
14.16755
12.539107
12.972792
13.083339
14.061254
12.645402
13.3001795
13.189634
13.3001795
13.189634
13.844411
13.3001795
13.844411
13.733864
12.755949
12.972792
13.517023
13.083339
13.083339
13.083339
12.972792
13.3001795
13.9507065
13.406476
13.3001795
13.62757
14.171801
12.42856
14.171801
13.623319
13.62757
13.406476
13.3001795
13.189634
13.3001795
13.3001795
13.189634
12.42856
13.189634
13.193886
14.278095
13.62757
12.645402
12.866496
12.972792
12.645402
13.844411
13.62757
13.3001795
12.645402
13.62757
12.751698
13.410727
13.733864
12.972792
13.517023
13.189634
13.189634
12.866496
12.755949
14.388642
14.061254
12.1011715
13.083339
13.3001795
13.3001795
12.972792
13.517023
13.62757
12.42856
13.517023
13.733864
12.211719
13.62757
13.733864
12.755949
13.083339
12.972792
12.972792
13.410727
13.083339
13.623319
13.733864
12.645402
13.623319
13.954958
13.733864
12.866496
12.972792
12.972792
13.517023
12.972792
13.733864
12.972792
13.844411
12.972792
13.3001795
13.844411
13.844411
13.3001795
14.278095
14.061254
12.649654
13.079086
13.954958
13.406476
12.755949
12.318013
14.065505
12.862245
13.517023
13.517023
12.972792
12.972792
13.733864
12.862245
13.62757
13.844411
12.755949
13.517023
13.3001795
13.733864
12.755949
12.645402
13.189634
13.189634
13.079086
12.322266
14.061254
13.189634
14.061254
13.623319
13.189634
13.844411
13.410727
12.755949
13.844411
13.733864
13.189634
12.755949
13.083339
14.278095
13.083339
13.733864
13.844411
13.406476
13.083339
12.645402
13.954958
13.406476
12.972792
12.42856
12.866496
12.862245
12.972792
12.539107
14.171801
13.844411
12.755949
12.539107
13.3001795
13.410727
13.733864
12.866496
13.410727
13.844411
13.733864
12.755949
14.171801
13.517023
13.954958
13.733864
13.62757
13.083339
12.645402
13.410727
13.844411
13.189634
13.3001795
13.844411
13.517023
13.189634
13.3001795
13.623319
13.3001795
12.755949
13.083339
13.517023
12.42856
13.517023
13.517023
13.62757
13.3001795
13.406476
13.410727
13.189634
13.079086
13.410727
13.3001795
13.410727
13.517023
13.733864
13.189634
13.189634
13.62757
13.733864
13.62757
13.189634
13.406476
13.3001795
13.517023
13.517023
13.733864
13.844411
12.755949
12.645402
14.171801
12.755949
12.972792
13.410727
13.406476
13.517023
13.954958
12.972792
14.171801
13.844411
13.623319
13.189634
13.9507065
13.189634
13.62757
13.517023
13.189634
12.972792
13.406476
13.083339
13.9507065
13.410727
13.3001795
13.3001795
13.410727
13.410727
14.061254
12.322266
13.844411
12.972792
12.755949
13.62757
13.733864
12.755949
13.733864
13.083339
13.844411
12.645402
13.410727
13.189634
13.189634
13.3001795
13.410727
12.645402
14.388642
12.972792
12.755949
12.972792
14.061254
13.62757
12.862245
13.083339
13.406476
12.539107
13.517023
13.9507065
13.406476
13.733864
14.061254
12.972792
13.623319
13.62757
13.3001795
13.733864
13.083339
13.079086
13.517023
14.171801
13.083339
13.083339
12.534855
13.3001795
13.189634
13.3001795
13.083339
13.3001795
12.42856
14.061254
13.517023
13.517023
12.318013
13.3001795
14.278095
12.42856
13.3001795
14.388642
13.083339
13.3001795
12.645402
13.083339
13.733864
13.844411
13.189634
13.62757
13.844411
12.972792
13.62757
13.9507065
13.406476
12.755949
12.972792
13.954958
13.733864
13.517023
14.171801
13.733864
12.42856
13.517023
13.410727
13.406476
13.3001795
13.733864
13.3001795
13.410727
13.844411
12.649654
13.189634
12.972792
13.3001795
12.972792
12.645402
13.844411
13.9507065
13.083339
13.3001795
13.083339
13.844411
13.733864
13.3001795
13.844411
12.645402
13.954958
13.189634
13.083339
13.410727
13.189634
12.645402
13.083339
13.954958
12.972792
13.623319
12.972792
13.844411
13.3001795
14.278095
13.083339
13.189634
13.844411
13.844411
13.3001795
13.3001795
13.083339
12.539107
14.061254
12.972792
12.866496
13.083339
13.517023
12.318013
13.733864
13.189634
13.517023
13.406476
13.083339
12.866496
12.972792
12.972792
12.866496
13.517023
13.733864
13.62757
13.3001795
13.410727
13.083339
12.755949
12.972792
13.62757
12.755949
13.410727
13.517023
12.755949
13.189634
13.083339
13.517023
12.972792
13.3001795
13.189634
13.517023
14.282348
13.733864
13.189634
13.3001795
13.189634
12.862245
13.406476
13.406476
12.645402
13.62757
13.733864
13.844411
13.3001795
13.517023
13.62757
14.388642
13.3001795
13.62757
13.189634
13.62757
12.862245
13.517023
13.083339
12.972792
13.517023
12.755949
13.3001795
14.171801
12.972792
13.954958
12.862245
13.083339
13.733864
13.733864
13.517023
13.733864
14.061254
13.517023
13.189634
13.189634
13.079086
13.410727
14.061254
13.189634
12.649654
13.189634
13.3001795
13.083339
13.517023
12.972792
13.844411
13.62757
13.62757
13.62757
13.083339
13.3001795
13.083339
13.844411
12.645402
13.733864
13.844411
13.406476
13.844411
13.733864
12.42856
13.954958
13.189634
12.42856
13.733864
13.844411
14.061254
13.517023
13.410727
13.189634
12.755949
12.755949
13.62757
12.866496
13.083339
13.189634
12.972792
12.755949
13.517023
13.517023
13.844411
14.171801
13.517023
13.517023
13.733864
14.171801
13.844411
12.645402
13.738117
13.406476
13.083339
13.3001795
13.517023
13.083339
12.862245
13.844411
13.844411
13.189634
13.3001795
13.406476
13.733864
13.844411
13.3001795
13.083339
13.083339
13.189634
13.733864
13.954958
13.3001795
13.079086
13.083339
14.388642
13.3001795
13.62757
14.061254
13.62757
13.079086
14.061254
13.844411
13.9507065
12.866496
13.3001795
13.3001795
12.755949
13.733864
12.972792
13.410727
13.517023
14.388642
13.410727
13.517023
13.083339
13.62757
13.517023
13.62757
13.189634
13.189634
13.954958
13.189634
12.645402
14.061254
12.862245
13.517023
12.972792
13.3001795
13.3001795
12.211719
13.3001795
13.295929
13.189634
13.189634
13.9507065
13.62757
13.517023
13.733864
13.083339
14.061254
13.954958
13.517023
13.189634
12.972792
13.954958
13.733864
14.061254
13.189634
13.3001795
12.755949
13.406476
13.733864
13.954958
13.3001795
12.862245
13.738117
13.406476
13.3001795
13.517023
13.3001795
12.972792
13.3001795
13.623319
13.738117
13.3001795
13.844411
13.521274
13.844411
13.9507065
13.517023
13.517023
13.189634
13.840159
12.755949
13.189634
13.410727
13.189634
12.755949
13.517023
13.3001795
14.388642
13.62757
13.410727
12.862245
14.388642
13.733864
13.3001795
13.733864
13.517023
13.844411
13.9507065
13.083339
13.083339
12.755949
13.517023
13.083339
13.3001795
14.061254
13.3001795
13.406476
13.954958
13.62757
12.972792
14.061254
13.083339
13.3001795
12.972792
12.866496
12.862245
13.844411
13.733864
13.083339
13.623319
13.844411
12.972792
12.755949
13.3001795
13.733864
12.866496
13.406476
13.193886
13.406476
13.083339
13.733864
12.972792
14.061254
12.539107
13.62757
12.972792
13.738117
12.972792
14.171801
13.3001795
13.3001795
12.862245
13.517023
14.061254
12.645402
12.42856
13.083339
14.278095
13.193886
12.645402
13.3001795
14.061254
13.517023
12.645402
13.083339
13.083339
13.733864
12.866496
13.62757
13.3001795
13.189634
12.751698
13.189634
13.954958
13.733864
12.866496
13.189634
13.517023
13.733864
12.972792
13.623319
12.972792
13.954958
13.517023
12.755949
12.862245
13.62757
13.079086
12.42856
13.189634
13.733864
13.3001795
12.645402
12.972792
13.3001795
13.193886
13.3001795
13.189634
13.954958
12.862245
12.755949
12.645402
13.62757
14.388642
12.972792
13.840159
13.3001795
13.844411
13.623319
13.844411
14.061254
13.3001795
13.844411
12.42856
13.083339
12.972792
13.517023
13.189634
13.083339
13.3001795
13.844411
12.318013
14.171801
13.406476
13.517023
13.083339
13.083339
13.62757
13.517023
14.171801
13.083339
13.733864
12.862245
13.3001795
13.517023
12.755949
13.083339
14.278095
13.083339
13.844411
13.189634
13.406476
13.410727
13.733864
13.62757
13.3001795
13.733864
13.083339
13.517023
13.954958
13.189634
12.755949
13.3001795
13.3001795
12.972792
13.517023
13.410727
13.9507065
13.189634
14.061254
12.972792
12.972792
13.517023
13.62757
13.406476
13.083339
14.061254
13.844411
13.517023
13.3001795
12.866496
13.189634
12.539107
13.410727
14.278095
13.083339
12.972792
13.954958
13.3001795
13.844411
14.171801
13.623319
12.539107
13.410727
12.972792
13.733864
12.42856
13.62757
13.189634
13.083339
13.733864
14.061254
13.62757
13.733864
13.733864
12.755949
12.972792
12.972792
13.083339
13.62757
13.410727
13.410727
13.3001795
13.844411
13.189634
12.645402
14.061254
13.3001795
13.844411
13.844411
13.733864
12.866496
12.972792
13.295929
12.755949
13.410727
14.171801
12.42856
14.171801
14.061254
12.42856
13.62757
14.061254
13.083339
12.862245
13.406476
13.517023
13.844411
13.189634
13.517023
13.406476
13.517023
13.083339
14.061254
12.972792
13.3001795
13.3001795
12.972792
13.517023
13.3001795
14.061254
13.189634
13.410727
12.972792
13.410727
12.539107
13.517023
14.171801
12.972792
13.410727
13.62757
14.278095
13.193886
13.189634
12.972792
13.410727
13.3001795
13.62757
13.189634
12.645402
13.3001795
14.171801
13.517023
13.410727
13.517023
13.3001795
13.738117
12.645402
12.972792
12.862245
12.755949
13.517023
12.645402
13.517023
13.517023
13.3001795
13.733864
12.755949
13.189634
13.406476
12.42856
13.844411
12.972792
12.755949
13.733864
14.061254
12.866496
13.844411
14.282348
13.954958
14.061254
13.62757
13.189634
13.193886
13.3001795
12.866496
14.061254
13.9507065
13.189634
13.189634
13.083339
12.862245
13.410727
12.645402
13.3001795
13.733864
13.62757
13.193886
12.972792
12.649654
13.3001795
13.844411
12.1011715
13.083339
13.62757
13.3001795
13.406476
13.62757
13.62757
13.517023
12.972792
13.3001795
13.189634
14.061254
13.733864
12.534855
14.061254
13.189634
13.517023
14.388642
13.9507065
13.62757
13.733864
13.189634
13.844411
13.517023
13.62757
14.061254
13.189634
13.083339
12.755949
13.410727
13.3001795
13.844411
14.061254
13.62757
13.3001795
13.410727
13.62757
13.189634
13.844411
12.972792
13.62757
14.061254
13.623319
12.972792
13.733864
13.083339
13.844411
13.3001795
13.410727
13.3001795
13.738117
13.079086
13.083339
12.755949
13.189634
13.083339
14.061254
13.517023
13.410727
13.9507065
12.755949
13.62757
13.3001795
13.844411
13.083339
13.9507065
13.189634
13.62757
13.62757
13.517023
13.189634
13.3001795
13.733864
12.755949
13.62757
13.62757
13.517023
13.3001795
13.189634
13.517023
13.954958
13.517023
12.866496
12.866496
14.171801
13.9507065
12.539107
13.517023
13.3001795
12.755949
13.9507065
12.755949
12.645402
12.645402
13.410727
13.079086
12.211719
13.3001795
13.295929
13.62757
13.189634
13.406476
14.065505
13.189634
14.061254
12.972792
13.189634
13.844411
13.62757
13.406476
13.954958
14.278095
12.972792
13.193886
12.972792
12.539107
13.954958
13.733864
13.3001795
13.62757
14.388642
13.3001795
13.083339
13.189634
12.539107
13.193886
14.061254
13.9507065
13.410727
13.840159
13.517023
13.410727
12.972792
12.755949
13.517023
13.079086
13.844411
12.972792
13.517023
12.539107
14.061254
12.972792
13.083339
12.755949
13.954958
13.3001795
12.972792
13.521274
13.3001795
13.517023
12.972792
13.844411
13.517023
13.844411
13.733864
12.972792
13.62757
12.862245
13.189634
14.061254
12.972792
13.954958
13.844411
13.3001795
13.3001795
12.645402
13.083339
12.972792
12.866496
13.733864
13.954958
13.083339
12.972792
13.733864
12.972792
13.62757
13.954958
13.733864
12.755949
14.061254
13.083339
13.954958
13.844411
12.755949
13.844411
14.061254
12.862245
13.517023
13.954958
13.3001795
13.517023
12.42856
13.844411
14.061254
13.733864
13.62757
13.517023
13.844411
13.517023
13.406476
13.844411
13.517023
13.410727
13.733864
14.061254
13.189634
13.410727
13.738117
13.406476
13.406476
13.954958
13.3001795
13.083339
13.406476
13.189634
13.189634
13.410727
13.733864
13.083339
13.3001795
13.733864
13.410727
12.862245
13.62757
14.061254
13.083339
13.623319
12.866496
13.623319
13.083339
13.733864
12.755949
13.733864
13.954958
14.061254
13.083339
13.517023
13.189634
14.171801
14.061254
12.972792
13.189634
13.517023
14.061254
12.755949
13.410727
14.061254
14.061254
13.083339
13.733864
13.62757
13.62757
12.866496
13.3001795
13.189634
12.42856
13.844411
13.3001795
12.755949
13.406476
13.3001795
13.62757
14.061254
13.62757
12.862245
14.282348
13.406476
13.083339
13.3001795
13.3001795
13.9507065
13.844411
12.972792
13.189634
13.193886
13.189634
12.755949
12.862245
13.844411
13.517023
13.62757
13.733864
13.517023
13.844411
13.406476
14.171801
13.189634
13.189634
12.42856
14.171801
13.193886
12.972792
13.517023
13.406476
13.844411
14.061254
12.534855
13.3001795
13.517023
13.079086
13.9507065
13.3001795
13.517023
12.972792
14.499189
13.189634
13.733864
13.3001795
13.844411
13.083339
13.3001795
13.189634
12.645402
13.954958
13.733864
12.972792
13.410727
13.189634
12.539107
13.62757
13.079086
13.62757
14.061254
13.083339
13.844411
12.42856
14.171801
13.189634
13.189634
13.3001795
13.844411
13.9507065
12.755949
14.171801
13.733864
13.738117
13.406476
13.954958
13.9507065
12.866496
13.189634
13.3001795
13.517023
13.733864
13.62757
12.862245
13.083339
13.189634
12.866496
13.623319
13.406476
14.278095
13.3001795
13.193886
13.189634
13.954958
13.844411
12.755949
13.844411
13.083339
13.9507065
13.083339
13.189634
12.862245
13.083339
13.189634
14.499189
13.295929
12.972792
13.733864
13.083339
14.278095
12.972792
14.061254
12.755949
12.972792
13.410727
14.061254
13.189634
13.62757
13.733864
13.083339
12.972792
12.972792
13.954958
13.406476
13.62757
13.733864
13.954958
13.844411
12.539107
13.410727
14.061254
12.755949
13.9507065
13.083339
14.061254
13.9507065
13.083339
14.278095
13.189634
12.862245
13.3001795
13.517023
13.083339
12.862245
12.866496
12.972792
12.645402
13.517023
14.061254
13.62757
13.410727
12.866496
13.844411
13.517023
12.972792
13.189634
12.755949
13.733864
12.972792
13.083339
13.844411
13.410727
13.406476
13.3001795
14.388642
13.189634
14.061254
12.972792
13.410727
12.972792
13.62757
13.517023
13.62757
13.3001795
12.645402
13.406476
13.083339
13.9507065
12.539107
14.278095
13.189634
13.193886
14.061254
13.62757
13.9507065
12.755949
14.282348
13.406476
12.866496
13.079086
12.972792
13.079086
12.755949
13.189634
13.844411
13.517023
12.645402
13.738117
12.862245
12.42856
14.061254
12.972792
13.844411
13.189634
12.539107
13.517023
13.083339
12.42856
13.62757
13.733864
12.645402
13.3001795
13.844411
13.517023
13.083339
13.083339
13.079086
12.645402
13.844411
12.972792
13.844411
12.972792
13.844411
13.189634
13.844411
13.517023
13.733864
13.406476
13.189634
12.972792
13.083339
13.844411
13.083339
13.083339
13.083339
13.189634
13.844411
13.3001795
12.539107
14.171801
13.3001795
13.083339
13.9507065
13.3001795
12.972792
13.733864
13.3001795
13.517023
14.061254
13.189634
14.061254
13.079086
12.755949
13.406476
14.061254
13.844411
12.645402
13.3001795
13.3001795
13.083339
14.061254
13.733864
13.9507065
13.733864
13.3001795
14.278095
13.62757
12.972792
13.844411
13.517023
12.645402
13.410727
13.844411
12.42856
13.9507065
12.866496
12.755949
12.539107
13.3001795
13.3001795
13.3001795
12.972792
12.972792
13.3001795
13.517023
12.972792
13.083339
14.171801
13.62757
13.3001795
13.954958
13.406476
13.083339
14.061254
13.406476
13.410727
12.972792
13.3001795
13.844411
13.62757
13.62757
14.061254
12.972792
13.844411
14.061254
14.061254
12.972792
13.9507065
14.061254
12.972792
13.844411
12.972792
13.083339
12.645402
14.171801
13.406476
14.061254
14.061254
13.193886
13.517023
12.755949
13.406476
13.3001795
13.844411
13.410727
14.282348
13.844411
13.733864
13.3001795
13.954958
13.3001795
12.539107
14.171801
13.9507065
12.866496
12.972792
13.62757
13.9507065
13.844411
13.189634
13.844411
12.972792
12.755949
13.3001795
13.9507065
13.62757
13.733864
13.62757
13.9507065
13.083339
13.189634
13.844411
13.733864
12.755949
13.3001795
13.9507065
12.972792
12.862245
13.844411
13.189634
13.517023
13.733864
14.061254
14.171801
13.189634
13.410727
13.9507065
12.866496
13.62757
13.844411
13.3001795
14.278095
13.3001795
13.517023
12.755949
13.410727
13.733864
12.755949
13.3001795
13.3001795
13.3001795
13.517023
13.3001795
13.406476
13.083339
13.954958
13.517023
13.517023
13.517023
14.061254
12.972792
13.189634
13.954958
14.061254
13.3001795
13.083339
13.189634
13.189634
13.62757
13.3001795
13.733864
13.410727
14.061254
14.061254
13.844411
12.42856
14.171801
12.972792
12.539107
14.061254
13.62757
12.972792
13.844411
13.844411
13.733864
13.083339
13.844411
12.755949
13.410727
13.410727
13.3001795
14.171801
13.844411
13.406476
13.3001795
13.295929
13.083339
13.517023
13.844411
13.410727
13.623319
14.171801
13.954958
13.733864
13.083339
12.972792
14.061254
13.517023
13.517023
13.62757
12.42856
14.388642
13.3001795
13.517023
12.645402
13.844411
13.406476
13.517023
12.862245
13.954958
12.972792
13.844411
13.623319
13.844411
13.3001795
13.3001795
14.061254
13.3001795
13.3001795
14.061254
12.866496
14.278095
13.3001795
13.9507065
13.083339
13.733864
13.410727
13.295929
13.844411
12.645402
14.499189
13.3001795
13.083339
13.517023
14.061254
13.517023
13.517023
13.62757
13.733864
13.083339
13.9507065
13.62757
13.623319
14.061254
12.866496
13.406476
13.954958
13.733864
12.866496
13.733864
13.844411
13.733864
13.62757
13.189634
13.3001795
13.733864
13.3001795
13.083339
13.3001795
12.972792
12.751698
12.866496
13.189634
14.278095
13.189634
12.866496
13.517023
13.083339
13.189634
13.083339
13.9507065
14.061254
13.733864
13.844411
13.62757
12.862245
13.844411
13.733864
13.844411
13.517023
13.079086
13.733864
12.972792
13.62757
13.079086
13.3001795
12.972792
14.388642
13.733864
12.755949
13.733864
13.844411
14.061254
13.954958
13.9507065
13.3001795
13.9507065
13.193886
13.189634
14.278095
13.62757
12.755949
13.954958
12.862245
14.061254
13.9507065
13.62757
14.061254
13.406476
13.189634
14.171801
13.083339
13.62757
13.189634
14.061254
13.62757
12.862245
13.3001795
12.972792
13.517023
13.410727
14.061254
13.079086
13.62757
13.406476
13.844411
13.738117
13.517023
13.083339
13.083339
13.9507065
12.972792
13.3001795
13.9507065
13.62757
13.517023
13.3001795
13.083339
13.844411
13.517023
14.171801
13.083339
13.9507065
13.410727
13.189634
13.410727
14.171801
12.539107
12.972792
13.189634
12.862245
13.844411
14.171801
13.517023
13.083339
12.972792
13.62757
13.406476
13.844411
13.517023
14.061254
13.406476
13.410727
13.844411
12.972792
13.083339
13.517023
12.972792
14.171801
13.517023
12.972792
13.733864
13.406476
13.410727
13.623319
13.083339
14.171801
14.061254
13.3001795
13.189634
12.866496
13.3001795
12.534855
12.755949
12.972792
12.972792
14.388642
13.844411
12.972792
13.517023
14.061254
13.3001795
12.972792
13.3001795
13.62757
14.061254
14.171801
14.061254
12.866496
13.410727
13.406476
13.62757
13.733864
14.388642
13.193886
13.733864
13.189634
13.3001795
13.3001795
13.083339
13.9507065
12.755949
14.278095
13.083339
13.517023
13.844411
13.410727
13.733864
12.866496
13.517023
14.171801
13.3001795
13.623319
13.083339
13.3001795
13.083339
13.844411
13.9507065
13.083339
12.972792
13.410727
13.844411
13.517023
12.755949
13.3001795
12.972792
13.3001795
12.755949
13.517023
12.972792
13.189634
13.3001795
13.733864
13.3001795
13.62757
13.623319
12.972792
13.733864
13.733864
12.755949
13.954958
13.623319
13.954958
13.623319
13.844411
13.517023
14.278095
13.083339
12.972792
14.061254
14.278095
13.3001795
13.083339
14.061254
13.410727
13.62757
12.972792
12.972792
13.3001795
13.3001795
13.3001795
13.844411
13.193886
13.079086
12.755949
14.171801
13.189634
13.517023
13.083339
13.9507065
12.755949
14.061254
13.517023
13.844411
13.733864
12.645402
14.061254
13.083339
13.733864
13.62757
13.083339
13.623319
13.3001795
14.388642
13.62757
13.517023
12.862245
13.083339
12.972792
13.083339
12.862245
13.954958
13.733864
13.733864
13.954958
13.844411
12.972792
13.517023
13.844411
13.410727
13.733864
13.62757
13.3001795
13.738117
13.623319
14.061254
14.171801
13.733864
14.061254
13.406476
13.9507065
13.406476
12.755949
13.193886
14.061254
12.755949
13.733864
13.3001795
13.083339
12.972792
13.3001795
13.733864
13.406476
12.755949
13.3001795
13.083339
13.189634
13.3001795
13.3001795
13.517023
13.62757
13.9507065
13.62757
13.083339
13.733864
13.3001795
13.844411
13.623319
13.193886
13.9507065
12.972792
13.3001795
13.9507065
13.517023
14.061254
13.623319
13.62757
14.278095
13.406476
12.539107
13.733864
13.3001795
13.410727
13.733864
14.171801
13.3001795
13.406476
14.388642
13.3001795
13.733864
13.62757
13.840159
13.3001795
13.844411
13.189634
13.517023
14.171801
13.517023
12.972792
13.3001795
14.278095
13.189634
14.061254
13.62757
13.62757
13.517023
12.862245
13.189634
12.972792
13.193886
12.862245
12.645402
13.62757
13.733864
13.083339
13.3001795
13.517023
13.410727
13.189634
13.844411
13.954958
13.3001795
14.494938
13.844411
13.406476
13.410727
13.189634
12.972792
13.193886
13.189634
12.645402
14.171801
14.061254
13.517023
14.171801
13.189634
12.972792
13.083339
13.733864
13.189634
13.62757
13.517023
13.410727
14.061254
13.517023
14.061254
13.083339
13.3001795
13.517023
13.3001795
13.62757
13.844411
13.189634
12.972792
13.3001795
12.972792
13.9507065
12.755949
13.844411
14.278095
13.083339
13.844411
14.061254
13.517023
14.388642
13.189634
13.733864
14.171801
13.410727
12.862245
14.278095
13.410727
13.189634
14.061254
12.972792
13.406476
12.972792
13.733864
12.972792
14.171801
13.733864
12.755949
14.061254
14.278095
13.083339
13.517023
13.517023
13.083339
13.406476
13.954958
14.171801
12.972792
13.954958
13.3001795
12.755949
13.623319
13.3001795
13.517023
13.517023
14.171801
13.517023
12.972792
14.282348
13.517023
12.755949
13.517023
13.517023
12.755949
13.733864
13.9507065
13.410727
13.733864
13.517023
13.083339
13.517023
13.189634
13.189634
12.862245
14.171801
13.083339
13.733864
14.278095
13.62757
14.061254
13.517023
13.410727
13.62757
14.061254
12.972792
12.645402
13.189634
13.3001795
13.3001795
13.517023
13.083339
14.061254
12.755949
14.278095
13.410727
12.862245
13.517023
13.406476
13.62757
13.844411
13.410727
13.406476
13.844411
14.061254
13.954958
13.406476
13.844411
13.189634
13.733864
12.866496
13.517023
14.061254
13.954958
12.972792
13.844411
13.079086
13.844411
14.061254
13.3001795
13.62757
13.733864
13.3001795
14.171801
13.517023
13.189634
14.388642
12.972792
13.517023
13.844411
13.517023
12.862245
12.42856
13.517023
13.295929
13.733864
13.9507065
13.517023
13.623319
13.189634
12.645402
13.62757
13.189634
13.738117
13.844411
13.62757
13.3001795
12.539107
13.3001795
13.517023
13.62757
13.406476
14.282348
13.733864
12.539107
13.517023
13.189634
12.972792
13.406476
13.410727
13.406476
13.844411
13.517023
13.62757
13.844411
13.517023
12.645402
13.3001795
14.171801
13.517023
14.171801
13.083339
14.278095
13.083339
13.517023
13.62757
13.517023
12.972792
13.733864
14.061254
13.844411
13.738117
13.9507065
14.171801
14.061254
13.733864
13.62757
13.517023
12.755949
13.193886
13.733864
13.3001795
13.844411
12.862245
13.406476
13.3001795
12.42856
13.189634
13.62757
13.733864
13.517023
14.061254
12.972792
13.733864
12.972792
13.189634
13.62757
13.62757
13.406476
14.171801
13.3001795
13.62757
13.9507065
12.972792
13.083339
14.061254
13.3001795
13.733864
12.862245
13.62757
14.061254
13.517023
14.278095
13.083339
13.844411
13.733864
14.171801
13.517023
13.406476
13.193886
13.844411
13.733864
14.388642
14.494938
13.3001795
13.844411
12.972792
12.972792
13.733864
13.083339
14.061254
13.844411
13.9507065
13.517023
13.3001795
12.645402
13.954958
13.9507065
12.42856
13.844411
13.840159
14.388642
13.844411
14.278095
13.62757
13.623319
13.3001795
14.065505
12.862245
13.62757
13.406476
13.3001795
12.972792
14.171801
13.189634
13.406476
13.410727
12.972792
13.738117
13.733864
13.083339
13.406476
13.733864
13.083339
13.3001795
13.410727
13.3001795
13.3001795
12.755949
13.733864
13.517023
13.517023
13.189634
14.388642
13.623319
12.972792
13.844411
13.406476
13.410727
13.517023
13.9507065
13.083339
13.517023
14.061254
13.517023
14.171801
13.189634
13.62757
13.62757
14.061254
12.42856
13.189634
13.3001795
12.755949
13.410727
13.62757
13.083339
13.517023
13.406476
13.3001795
13.733864
13.733864
13.3001795
12.972792
13.517023
13.62757
13.844411
13.3001795
14.061254
12.755949
14.388642
13.623319
12.42856
14.061254
14.278095
13.189634
13.189634
13.517023
12.972792
13.844411
13.083339
13.844411
13.079086
13.517023
12.972792
13.406476
13.954958
14.061254
13.844411
13.3001795
13.517023
13.62757
13.9507065
13.733864
13.954958
13.189634
12.972792
13.3001795
12.755949
14.061254
13.517023
12.539107
13.295929
13.3001795
14.061254
12.755949
13.954958
13.3001795
13.083339
14.061254
12.972792
13.3001795
13.844411
13.733864
13.9507065
12.645402
14.061254
14.061254
13.083339
13.189634
13.083339
13.189634
12.866496
13.3001795
13.844411
13.844411
13.189634
14.061254
13.3001795
12.42856
14.388642
14.061254
13.517023
13.189634
13.083339
13.954958
12.972792
12.972792
13.083339
14.494938
13.738117
13.733864
13.733864
14.171801
13.189634
13.954958
13.189634
14.278095
12.972792
14.171801
13.410727
13.62757
13.193886
13.62757
13.079086
13.738117
13.406476
12.972792
14.061254
13.733864
13.844411
13.3001795
13.62757
13.954958
13.733864
14.282348
13.733864
12.539107
13.954958
13.733864
13.844411
13.9507065
13.517023
13.083339
13.517023
13.844411
13.733864
12.972792
13.189634
13.844411
13.3001795
13.3001795
13.62757
14.388642
12.42856
13.733864
13.189634
14.061254
13.406476
14.061254
13.406476
12.755949
14.388642
13.517023
12.972792
14.061254
12.972792
14.16755
12.645402
13.738117
13.517023
14.061254
12.972792
14.171801
13.189634
13.083339
13.733864
14.278095
13.083339
13.733864
12.972792
13.3001795
12.645402
12.972792
13.189634
12.866496
14.388642
13.406476
13.844411
13.9507065
13.189634
13.3001795
12.755949
13.410727
13.517023
12.972792
13.733864
13.844411
14.061254
12.755949
13.62757
13.189634
12.972792
14.061254
12.972792
14.061254
13.517023
13.083339
13.3001795
12.972792
13.733864
13.189634
13.083339
12.972792
13.3001795
13.3001795
13.844411
12.862245
13.3001795
13.189634
12.755949
13.62757
13.733864
13.738117
13.517023
13.406476
12.866496
13.733864
14.171801
13.079086
13.517023
13.3001795
13.079086
13.517023
13.840159
13.62757
12.866496
13.406476
13.083339
13.623319
13.517023
14.282348
14.061254
13.3001795
13.517023
13.9507065
13.738117
13.623319
13.62757
14.061254
13.62757
13.410727
13.517023
13.844411
13.733864
14.278095
14.061254
12.862245
13.62757
14.061254
13.623319
13.62757
13.517023
13.733864
13.3001795
14.061254
13.3001795
13.733864
13.410727
13.733864
13.733864
13.517023
14.061254
13.844411
13.3001795
13.517023
12.645402
13.3001795
13.406476
13.844411
13.62757
13.083339
13.410727
14.278095
12.755949
13.733864
12.645402
13.954958
13.9507065
13.083339
14.388642
13.844411
13.844411
13.517023
13.62757
13.517023
12.972792
14.278095
12.972792
13.844411
13.844411
13.189634
14.171801
13.189634
13.733864
13.9507065
12.645402
14.171801
13.9507065
13.3001795
13.733864
14.061254
13.083339
13.410727
14.061254
12.755949
13.733864
13.406476
13.844411
13.406476
13.517023
14.171801
13.62757
13.62757
13.844411
14.278095
13.62757
13.733864
13.083339
13.3001795
13.083339
13.517023
12.972792
13.3001795
13.9507065
13.3001795
13.189634
13.193886
13.517023
13.083339
13.517023
13.517023
13.189634
13.083339
14.061254
13.083339
13.189634
13.083339
13.517023
13.189634
13.189634
13.733864
14.171801
13.189634
12.755949
13.189634
13.62757
13.517023
12.42856
13.62757
13.189634
12.972792
13.3001795
13.954958
13.517023
13.3001795
13.189634
13.62757
13.623319
12.972792
13.62757
13.406476
13.3001795
13.623319
14.499189
12.972792
12.539107
13.844411
13.079086
13.517023
12.972792
13.844411
13.406476
13.517023
13.3001795
13.62757
13.406476
13.083339
13.517023
13.3001795
13.733864
13.62757
14.388642
13.189634
14.061254
12.645402
14.061254
13.3001795
14.061254
13.623319
14.171801
13.189634
13.193886
14.061254
14.171801
13.517023
12.972792
13.410727
13.3001795
13.410727
13.844411
13.189634
13.517023
12.972792
13.189634
14.499189
13.406476
13.517023
13.9507065
14.388642
13.517023
13.406476
13.083339
13.733864
12.866496
13.3001795
12.972792
13.3001795
13.844411
12.755949
13.9507065
13.517023
12.755949
13.189634
13.844411
14.494938
12.755949
13.844411
13.3001795
14.278095
13.406476
13.3001795
13.410727
13.62757
13.954958
13.517023
13.62757
14.061254
13.406476
13.844411
13.733864
13.62757
13.406476
13.189634
13.406476
13.3001795
13.083339
13.733864
12.755949
13.62757
14.061254
13.3001795
12.972792
14.388642
13.844411
13.079086
14.171801
13.517023
12.755949
13.62757
13.406476
13.733864
14.171801
13.9507065
13.62757
13.517023
13.189634
13.62757
13.3001795
13.3001795
12.972792
12.755949
14.061254
14.061254
13.3001795
13.62757
13.517023
13.517023
13.517023
13.189634
13.189634
13.295929
13.517023
14.061254
14.061254
13.62757
13.083339
13.738117
13.083339
13.733864
13.62757
13.406476
12.755949
14.061254
13.844411
13.623319
14.388642
13.733864
13.954958
13.3001795
13.406476
13.62757
14.061254
13.733864
13.410727
13.733864
13.083339
13.517023
13.9507065
13.083339
14.061254
13.844411
14.278095
12.645402
13.844411
14.061254
13.517023
14.388642
12.972792
13.623319
13.517023
13.517023
13.3001795
12.755949
14.171801
14.061254
13.62757
12.862245
14.278095
14.061254
12.972792
13.844411
13.189634
12.755949
13.844411
13.517023
13.62757
13.733864
13.844411
13.9507065
12.42856
13.083339
13.840159
12.972792
13.3001795
13.189634
13.954958
14.278095
14.171801
13.954958
13.9507065
13.844411
13.62757
13.3001795
14.061254
13.406476
13.079086
13.844411
13.844411
13.517023
13.410727
13.9507065
13.193886
13.62757
13.410727
13.62757
14.388642
13.079086
13.3001795
13.189634
13.62757
13.083339
13.733864
13.410727
14.171801
12.318013
13.733864
14.061254
13.844411
13.733864
13.517023
13.844411
13.189634
13.406476
12.972792
13.9507065
13.954958
14.278095
13.3001795
13.406476
12.972792
13.733864
13.3001795
13.3001795
13.733864
12.645402
13.844411
13.623319
13.517023
14.388642
14.061254
13.844411
13.733864
13.3001795
12.755949
13.733864
13.517023
12.972792
13.406476
13.954958
13.733864
12.645402
14.061254
13.623319
12.866496
13.733864
14.171801
13.406476
12.866496
14.499189
13.9507065
12.755949
13.189634
13.517023
13.3001795
13.406476
13.738117
14.061254
12.755949
13.9507065
13.517023
13.193886
13.189634
13.3001795
14.061254
13.517023
13.410727
13.844411
12.862245
14.605485
14.388642
13.083339
13.733864
13.3001795
14.061254
12.755949
14.061254
13.9507065
12.42856
13.3001795
13.840159
13.083339
14.061254
14.171801
13.733864
13.189634
13.62757
14.605485
13.733864
14.061254
12.972792
13.733864
13.3001795
13.083339
13.844411
13.9507065
13.083339
13.189634
14.171801
13.083339
12.972792
14.171801
14.061254
12.42856
14.171801
13.3001795
12.862245
14.499189
13.733864
13.62757
13.733864
14.282348
13.9507065
13.083339
13.844411
13.406476
13.3001795
13.410727
12.645402
13.954958
13.733864
13.954958
13.3001795
13.410727
13.954958
13.844411
14.171801
13.844411
12.972792
13.62757
13.406476
13.083339
13.517023
13.62757
13.517023
13.844411
14.171801
13.406476
13.083339
13.406476
13.733864
14.061254
13.844411
14.388642
14.171801
13.079086
13.954958
13.517023
13.844411
13.3001795
12.862245
13.083339
13.406476
14.388642
12.645402
13.733864
13.844411
13.844411
13.410727
13.62757
13.517023
13.083339
13.406476
14.499189
14.278095
12.755949
13.733864
13.62757
13.517023
13.517023
13.738117
13.62757
13.189634
13.410727
13.189634
13.083339
12.862245
13.083339
13.3001795
13.189634
14.171801
13.189634
12.318013
13.954958
14.388642
12.755949
13.844411
13.733864
13.083339
13.189634
13.517023
13.9507065
13.3001795
12.645402
13.62757
13.406476
13.844411
13.517023
13.083339
13.083339
13.844411
14.061254
13.406476
13.083339
13.517023
12.755949
13.083339
13.733864
14.171801
13.9507065
13.9507065
14.171801
13.189634
13.733864
12.862245
13.410727
13.9507065
12.866496
14.282348
14.278095
13.62757
13.406476
13.083339
13.189634
12.972792
13.844411
13.844411
13.844411
14.061254
13.517023
13.083339
14.061254
14.388642
14.061254
12.862245
13.844411
13.9507065
14.171801
13.189634
13.62757
13.733864
13.406476
13.517023
13.733864
13.954958
13.410727
12.972792
13.189634
13.844411
13.844411
12.318013
13.189634
13.406476
14.061254
12.972792
13.3001795
12.862245
13.410727
13.410727
13.410727
13.62757
13.733864
13.410727
13.189634
13.62757
13.3001795
13.738117
14.388642
13.9507065
12.866496
13.079086
14.061254
13.406476
14.061254
13.844411
14.171801
14.278095
13.083339
12.862245
13.954958
14.061254
14.061254
12.862245
14.061254
13.083339
14.171801
13.3001795
13.189634
14.278095
13.517023
13.189634
13.62757
14.061254
13.733864
13.623319
12.645402
12.972792
13.517023
14.061254
13.62757
13.406476
14.171801
14.061254
13.954958
13.844411
14.061254
13.733864
14.278095
12.755949
12.645402
13.3001795
13.189634
13.406476
13.193886
14.061254
13.406476
13.3001795
12.866496
12.862245
13.3001795
13.62757
14.061254
12.755949
12.972792
14.061254
13.189634
12.972792
13.3001795
13.738117
13.733864
13.844411
13.517023
12.42856
13.517023
13.844411
14.061254
13.517023
12.866496
12.972792
13.3001795
14.16755
13.62757
13.844411
13.189634
13.189634
12.862245
13.517023
13.623319
13.083339
14.605485
13.406476
13.079086
13.844411
12.42856
13.3001795
13.733864
14.061254
13.406476
12.972792
13.517023
13.517023
13.844411
12.539107
12.755949
12.972792
13.517023
14.16755
13.189634
13.733864
13.517023
13.62757
13.9507065
12.972792
14.388642
13.189634
14.171801
13.079086
13.62757
13.733864
13.844411
14.171801
14.061254
13.62757
12.755949
13.410727
13.517023
13.733864
13.410727
13.733864
13.62757
13.844411
14.061254
13.3001795
13.844411
13.9507065
12.645402
13.844411
13.62757
13.3001795
13.733864
13.954958
13.189634
13.517023
14.716032
13.623319
13.079086
13.193886
14.061254
13.189634
13.517023
13.62757
13.954958
13.189634
14.171801
13.189634
14.061254
13.410727
13.517023
13.3001795
13.733864
13.083339
13.733864
14.061254
12.755949
13.733864
14.171801
13.406476
12.645402
13.517023
14.388642
13.62757
12.972792
13.193886
12.972792
13.844411
13.517023
13.9507065
13.844411
14.278095
13.844411
13.406476
12.755949
13.844411
14.061254
12.866496
13.3001795
13.9507065
13.62757
12.862245
14.388642
13.733864
13.083339
13.623319
13.189634
13.189634
13.844411
13.517023
12.862245
13.083339
13.623319
13.954958
13.079086
13.844411
12.645402
13.3001795
13.733864
13.62757
12.645402
13.083339
12.972792
13.517023
14.171801
13.9507065
12.755949
13.733864
13.844411
13.083339
13.844411
13.406476
13.410727
13.733864
12.755949
12.972792
13.193886
13.9507065
13.517023
13.189634
12.972792
13.738117
13.295929
14.171801
13.189634
13.083339
13.9507065
13.844411
13.9507065
12.755949
13.954958
13.406476
13.3001795
12.972792
13.62757
14.499189
13.733864
13.62757
14.388642
13.9507065
12.972792
13.517023
13.189634
13.189634
13.189634
13.410727
13.189634
13.193886
13.517023
13.410727
13.844411
14.061254
13.62757
13.406476
13.410727
13.517023
14.061254
13.083339
13.189634
14.171801
13.079086
13.189634
13.517023
13.733864
13.3001795
12.645402
13.410727
13.3001795
13.083339
13.62757
13.189634
13.844411
13.9507065
12.972792
13.189634
12.755949
14.388642
13.9507065
13.517023
13.517023
13.844411
13.517023
13.517023
13.083339
13.189634
13.189634
13.3001795
13.406476
13.406476
14.499189
13.517023
12.862245
13.406476
14.061254
13.083339
13.9507065
13.844411
13.733864
12.645402
13.9507065
12.972792
13.517023
12.645402
13.3001795
13.844411
12.972792
13.62757
13.406476
13.3001795
13.844411
13.3001795
13.62757
14.061254
13.189634
13.62757
14.605485
13.9507065
13.62757
13.3001795
13.3001795
13.3001795
13.189634
13.410727
13.517023
13.844411
13.517023
13.623319
13.954958
12.755949
13.844411
12.972792
13.083339
13.410727
13.083339
13.517023
13.517023
13.517023
13.733864
13.517023
13.3001795
13.3001795
13.517023
13.733864
13.3001795
13.733864
13.517023
13.9507065
13.3001795
13.62757
12.755949
14.171801
13.3001795
13.844411
13.62757
13.3001795
13.954958
13.844411
13.9507065
13.954958
13.9507065
13.62757
14.061254
13.62757
14.388642
12.972792
14.171801
13.3001795
13.3001795
14.384391
12.539107
13.517023
12.972792
13.844411
13.406476
13.844411
13.844411
13.517023
13.410727
14.171801
13.62757
13.9507065
12.972792
13.62757
13.3001795
13.3001795
13.189634
13.3001795
13.189634
13.189634
12.972792
13.406476
13.738117
13.3001795
13.083339
13.733864
13.9507065
13.517023
12.972792
14.171801
13.733864
13.844411
13.3001795
13.406476
13.083339
13.517023
13.844411
13.62757
13.9507065
13.844411
14.061254
13.62757
14.061254
13.083339
13.9507065
13.62757
13.189634
13.844411
13.3001795
14.171801
13.189634
13.954958
13.623319
13.62757
14.16755
13.410727
13.844411
13.844411
14.278095
14.171801
13.3001795
13.844411
13.9507065
13.844411
13.517023
13.189634
12.972792
14.061254
14.061254
13.189634
13.733864
14.388642
13.517023
12.972792
13.844411
13.3001795
13.517023
14.171801
13.840159
13.517023
13.517023
13.3001795
13.62757
13.517023
12.862245
14.499189
13.406476
13.954958
14.278095
13.517023
13.083339
12.755949
13.517023
13.844411
13.3001795
13.3001795
12.755949
13.733864
13.406476
13.410727
14.388642
13.3001795
13.3001795
13.189634
14.282348
14.278095
12.755949
13.406476
13.62757
13.844411
14.061254
14.388642
13.189634
13.406476
13.406476
14.061254
13.3001795
13.733864
13.733864
13.844411
13.3001795
13.517023
13.189634
13.083339
13.410727
12.645402
13.3001795
14.171801
13.189634
13.189634
12.977044
13.733864
13.410727
13.9507065
13.844411
13.733864
14.171801
13.406476
12.972792
13.517023
13.844411
13.517023
14.061254
13.844411
13.189634
13.410727
13.9507065
13.733864
13.844411
13.623319
14.061254
13.189634
13.62757
14.061254
13.517023
13.189634
13.3001795
13.3001795
13.3001795
14.171801
13.844411
13.844411
13.083339
13.189634
13.410727
13.62757
14.388642
13.189634
13.738117
13.733864
14.171801
13.517023
13.083339
14.061254
12.972792
13.733864
13.62757
12.42856
14.171801
13.406476
13.410727
12.862245
14.061254
13.9507065
12.972792
13.733864
14.388642
14.061254
13.733864
12.645402
13.62757
14.494938
13.410727
14.388642
14.388642
13.410727
13.517023
14.171801
13.733864
13.083339
14.388642
13.517023
13.517023
12.972792
13.406476
13.517023
13.410727
13.189634
13.62757
13.083339
13.738117
13.189634
13.193886
14.061254
12.866496
14.16755
13.3001795
13.189634
13.844411
13.410727
13.3001795
13.406476
13.517023
13.3001795
14.171801
13.733864
13.517023
13.189634
13.840159
12.972792
13.62757
13.844411
13.62757
12.862245
13.844411
13.954958
13.3001795
12.755949
13.517023
14.171801
13.954958
13.406476
14.171801
12.755949
14.278095
13.844411
12.972792
13.623319
13.3001795
13.3001795
13.079086
13.189634
13.189634
13.738117
13.406476
13.62757
13.62757
14.061254
13.189634
13.3001795
14.716032
13.189634
12.755949
14.716032
14.278095
12.866496
13.3001795
14.171801
13.844411
14.061254
13.410727
13.517023
13.083339
13.517023
13.083339
12.972792
12.972792
13.954958
13.083339
13.517023
12.755949
13.3001795
13.517023
14.171801
13.517023
14.171801
13.9507065
13.410727
13.733864
14.388642
14.061254
13.733864
13.410727
13.189634
13.083339
13.410727
14.061254
12.866496
13.406476
13.517023
13.954958
13.844411
13.62757
13.083339
14.061254
13.3001795
13.3001795
13.189634
13.083339
13.9507065
12.755949
13.62757
13.3001795
13.738117
13.844411
13.844411
13.844411
13.733864
13.3001795
14.061254
13.083339
13.189634
13.410727
13.844411
13.733864
13.406476
13.954958
14.278095
13.733864
13.62757
12.534855
14.061254
13.844411
12.972792
14.171801
13.844411
13.733864
13.517023
14.061254
12.755949
13.62757
14.388642
12.972792
13.517023
13.844411
13.517023
12.755949
14.061254
14.171801
13.406476
13.406476
13.844411
13.623319
12.972792
13.3001795
14.388642
13.62757
13.3001795
13.189634
14.061254
12.972792
13.193886
13.623319
13.62757
13.410727
13.844411
12.972792
13.406476
13.954958
13.844411
12.755949
14.171801
13.3001795
12.866496
12.862245
13.083339
13.733864
13.954958
14.061254
12.862245
12.755949
14.061254
13.083339
13.193886
13.517023
14.061254
13.3001795
13.517023
13.083339
13.623319
13.410727
13.844411
13.517023
12.972792
13.189634
13.62757
13.406476
14.061254
13.517023
14.171801
14.061254
13.62757
14.282348
13.733864
13.083339
13.3001795
12.972792
12.972792
13.079086
13.844411
13.3001795
12.645402
13.083339
14.16755
13.083339
13.733864
13.738117
12.972792
13.083339
13.189634
13.410727
13.406476
12.755949
13.517023
13.62757
13.62757
13.844411
14.388642
13.517023
12.649654
13.954958
13.406476
13.3001795
13.079086
12.972792
14.278095
12.862245
13.733864
13.517023
13.62757
13.189634
14.061254
13.9507065
13.517023
12.755949
13.410727
13.9507065
13.083339
13.9507065
13.410727
13.954958
13.954958
13.3001795
13.9507065
12.862245
13.189634
13.9507065
12.539107
14.388642
13.517023
13.410727
13.733864
13.517023
14.171801
13.079086
14.061254
12.972792
13.189634
13.410727
14.171801
12.645402
13.62757
13.189634
12.972792
13.517023
13.9507065
12.755949
13.9507065
13.844411
13.844411
13.406476
13.406476
12.866496
13.733864
13.517023
13.9507065
13.3001795
14.171801
13.517023
13.517023
13.410727
13.189634
13.733864
13.517023
13.844411
13.083339
13.083339
13.9507065
13.844411
14.061254
13.844411
13.3001795
13.517023
14.061254
13.406476
13.844411
14.278095
13.189634
13.517023
13.844411
13.517023
13.517023
12.972792
14.171801
13.623319
13.844411
14.388642
12.972792
14.171801
12.972792
13.62757
13.844411
13.844411
14.061254
13.406476
13.517023
13.517023
13.844411
13.733864
13.517023
14.388642
13.517023
12.539107
13.3001795
12.866496
13.62757
13.079086
14.388642
14.061254
12.755949
12.755949
13.083339
13.623319
13.844411
14.061254
13.3001795
14.171801
13.189634
13.3001795
13.9507065
14.171801
13.189634
13.844411
13.3001795
13.62757
13.295929
12.862245
13.9507065
12.42856
13.844411
13.406476
13.954958
13.517023
12.972792
14.171801
13.733864
14.061254
13.406476
12.755949
13.844411
13.62757
13.410727
13.189634
14.061254
12.862245
13.62757
13.954958
13.3001795
13.3001795
13.623319
14.061254
14.278095
13.733864
13.189634
14.282348
13.733864
13.517023
14.499189
14.061254
13.62757
13.517023
13.844411
14.171801
14.061254
14.278095
14.061254
12.755949
13.189634
13.410727
13.189634
13.083339
13.733864
13.62757
13.844411
13.079086
13.410727
13.733864
13.193886
13.079086
13.844411
13.844411
12.972792
14.171801
13.9507065
12.866496
13.3001795
14.061254
14.061254
13.406476
13.954958
12.862245
13.844411
13.62757
13.517023
13.62757
14.278095
13.3001795
13.844411
13.189634
13.517023
13.517023
13.62757
13.410727
13.410727
13.406476
13.844411
13.733864
13.733864
13.083339
13.9507065
13.62757
13.733864
13.083339
13.62757
13.189634
13.083339
13.406476
13.193886
13.733864
13.62757
13.844411
13.3001795
13.954958
13.3001795
12.755949
13.844411
13.844411
12.862245
13.3001795
12.972792
13.3001795
13.083339
13.9507065
13.62757
13.406476
13.083339
12.972792
13.3001795
14.16755
12.972792
14.061254
13.189634
13.3001795
13.517023
14.061254
13.844411
13.083339
13.189634
13.844411
13.9507065
13.517023
13.517023
13.733864
14.061254
13.9507065
14.388642
14.388642
12.645402
14.171801
13.517023
13.410727
13.3001795
13.3001795
13.954958
13.844411
13.844411
13.844411
13.517023
12.755949
13.733864
13.738117
13.9507065
12.866496
13.844411
14.388642
13.623319
13.410727
13.3001795
13.954958
13.517023
13.189634
13.189634
13.844411
13.9507065
13.954958
13.62757
13.083339
13.62757
12.972792
14.061254
13.517023
12.755949
13.189634
13.62757
14.16755
13.083339
13.517023
14.278095
13.844411
13.079086
13.410727
13.189634
13.517023
13.083339
13.3001795
13.517023
13.517023
13.9507065
13.410727
13.517023
13.189634
13.844411
12.972792
14.061254
13.733864
13.517023
12.862245
13.62757
13.517023
13.410727
13.083339
13.410727
13.733864
13.410727
13.406476
13.844411
13.521274
12.866496
13.62757
12.972792
13.406476
13.844411
13.733864
13.517023
13.406476
13.410727
14.278095
13.406476
14.061254
12.972792
13.844411
13.517023
12.755949
14.061254
13.733864
13.517023
14.278095
13.844411
12.755949
12.972792
13.844411
13.954958
13.3001795
12.972792
14.171801
13.9507065
13.406476
13.189634
12.755949
14.171801
14.16755
12.755949
14.388642
13.406476
12.866496
14.061254
13.733864
13.517023
13.844411
13.410727
13.295929
13.844411
13.844411
13.9507065
13.517023
13.3001795
14.061254
12.972792
14.171801
14.061254
13.517023
13.189634
12.972792
12.972792
13.62757
13.517023
13.410727
14.171801
13.733864
12.972792
14.061254
13.62757
13.517023
13.517023
13.844411
13.410727
13.406476
12.972792
13.62757
13.844411
13.083339
13.3001795
12.972792
13.406476
13.62757
13.3001795
13.62757
13.3001795
13.733864
13.517023
14.171801
14.388642
13.9507065
13.62757
13.9507065
14.171801
14.061254
13.189634
12.755949
14.061254
13.517023
12.755949
14.061254
13.844411
13.517023
13.62757
13.3001795
12.972792
14.171801
13.189634
13.189634
14.171801
13.406476
13.193886
13.517023
14.278095
13.844411
13.517023
13.189634
13.193886
14.061254
13.406476
13.083339
13.62757
13.517023
13.3001795
13.189634
13.406476
13.410727
13.733864
14.171801
14.061254
12.645402
14.061254
13.844411
12.755949
13.62757
13.3001795
12.972792
14.061254
13.517023
13.62757
12.862245
13.410727
13.733864
12.645402
14.171801
13.733864
13.9507065
14.171801
14.061254
13.083339
13.62757
14.278095
13.410727
13.9507065
13.3001795
13.406476
13.62757
13.844411
13.623319
12.972792
14.061254
13.733864
14.061254
14.171801
13.079086
12.862245
13.3001795
13.62757
13.193886
13.517023
13.517023
13.733864
13.3001795
12.972792
14.061254
13.733864
13.954958
14.061254
12.645402
13.3001795
13.406476
13.189634
13.844411
13.517023
13.733864
13.3001795
13.623319
12.972792
14.171801
13.9507065
13.3001795
13.844411
14.061254
12.972792
13.410727
12.972792
12.42856
14.388642
14.278095
13.844411
14.278095
13.517023
13.954958
13.189634
13.517023
14.061254
13.517023
14.499189
13.738117
13.3001795
14.061254
13.844411
13.189634
13.733864
12.755949
14.171801
13.295929
12.972792
13.406476
14.061254
13.083339
13.62757
14.278095
12.972792
13.844411
13.189634
13.517023
13.62757
13.517023
13.9507065
13.083339
13.517023
13.733864
13.844411
13.3001795
13.3001795
14.388642
13.3001795
13.844411
12.318013
13.083339
13.406476
12.755949
14.171801
13.189634
12.972792
13.410727
13.189634
13.189634
13.517023
13.406476
13.62757
13.738117
13.406476
12.539107
13.954958
13.3001795
13.189634
14.278095
13.62757
13.9507065
14.171801
13.193886
13.079086
14.061254
13.083339
13.189634
13.738117
13.733864
12.645402
13.410727
13.083339
13.517023
13.954958
14.388642
13.189634
13.410727
12.972792
13.733864
13.189634
13.954958
13.844411
13.083339
13.733864
14.061254
13.517023
13.3001795
13.62757
12.972792
13.193886
13.62757
13.3001795
13.189634
14.061254
13.623319
13.62757
13.62757
13.189634
13.517023
13.410727
14.278095
13.733864
14.388642
14.171801
13.189634
13.3001795
13.3001795
13.844411
14.605485
13.517023
14.061254
12.862245
13.517023
14.388642
13.517023
13.733864
13.738117
13.844411
13.623319
14.061254
13.844411
12.972792
14.388642
13.844411
13.517023
13.517023
14.061254
14.061254
13.3001795
13.517023
13.406476
13.62757
13.3001795
13.844411
13.083339
13.62757
14.278095
13.733864
14.061254
14.171801
13.517023
13.193886
13.733864
14.057003
14.061254
13.406476
13.517023
12.972792
14.388642
13.62757
12.539107
14.061254
13.189634
12.972792
14.171801
13.406476
13.733864
13.3001795
14.061254
12.972792
13.844411
14.061254
14.499189
14.061254
13.406476
13.62757
13.083339
13.733864
13.62757
13.62757
13.9507065
12.972792
12.972792
13.406476
13.62757
14.171801
13.844411
13.733864
14.388642
14.061254
12.755949
14.171801
14.061254
13.517023
14.171801
13.62757
12.755949
13.738117
14.388642
13.189634
12.645402
12.755949
13.517023
14.061254
13.844411
13.954958
13.406476
13.083339
13.62757
13.844411
13.517023
13.189634
13.517023
13.189634
12.862245
13.954958
14.388642
13.733864
12.645402
13.954958
14.061254
12.866496
14.278095
13.844411
13.62757
13.517023
12.972792
12.972792
13.62757
13.62757
14.061254
14.171801
13.517023
14.278095
13.193886
14.388642
13.733864
13.844411
13.517023
13.406476
13.954958
12.862245
13.189634
13.410727
13.3001795
12.866496
13.62757
12.972792
13.3001795
12.755949
13.844411
13.189634
13.3001795
13.62757
13.62757
13.406476
13.62757
13.517023
13.189634
13.189634
12.42856
13.844411
13.733864
13.62757
13.517023
13.189634
13.083339
13.517023
13.083339
14.278095
12.539107
13.189634
13.62757
13.733864
13.9507065
13.3001795
14.278095
12.755949
14.171801
13.406476
12.755949
14.171801
14.605485
14.061254
14.061254
13.517023
13.193886
13.189634
13.410727
13.517023
12.972792
13.733864
13.62757
13.517023
13.410727
13.844411
13.62757
13.9507065
13.3001795
13.9507065
13.083339
14.278095
13.844411
14.171801
13.517023
13.62757
13.733864
12.972792
12.972792
13.954958
14.278095
13.517023
12.972792
13.517023
13.733864
13.844411
13.083339
12.862245
13.62757
13.3001795
14.061254
13.083339
13.62757
12.972792
13.844411
14.278095
14.061254
13.083339
13.3001795
13.410727
13.517023
13.3001795
13.844411
13.406476
13.083339
13.844411
13.406476
14.171801
14.278095
13.733864
13.083339
13.406476
12.42856
13.3001795
13.406476
13.517023
13.62757
13.844411
13.844411
12.645402
13.410727
13.406476
13.410727
14.061254
13.733864
13.844411
13.517023
13.517023
14.171801
12.972792
13.517023
13.3001795
12.755949
13.083339
13.189634
13.3001795
13.3001795
12.645402
13.410727
13.517023
13.189634
13.517023
13.733864
13.410727
14.061254
13.623319
13.410727
13.189634
12.972792
14.388642
13.3001795
14.061254
13.62757
13.189634
13.517023
13.954958
14.16755
13.3001795
13.517023
14.171801
13.733864
12.972792
13.738117
13.733864
13.517023
13.410727
14.278095
13.410727
12.862245
13.3001795
12.972792
13.3001795
13.3001795
13.9507065
13.517023
13.3001795
13.083339
13.3001795
12.972792
14.061254
14.061254
13.083339
14.388642
14.278095
13.3001795
13.9507065
14.282348
14.061254
12.972792
14.499189
14.278095
12.755949
14.388642
12.972792
13.3001795
12.645402
13.62757
13.733864
13.62757
13.517023
14.061254
13.3001795
13.189634
13.410727
13.9507065
13.083339
13.410727
14.061254
13.844411
13.189634
12.645402
13.189634
12.866496
13.517023
13.517023
13.62757
13.189634
13.62757
13.189634
12.972792
14.171801
13.844411
13.62757
13.62757
13.406476
13.189634
13.406476
14.499189
13.517023
13.189634
13.083339
13.189634
13.3001795
14.061254
12.862245
13.954958
13.62757
13.733864
12.755949
13.3001795
12.972792
13.3001795
14.16755
13.3001795
14.388642
13.189634
13.62757
12.539107
13.844411
13.517023
12.972792
13.3001795
13.844411
13.083339
13.844411
14.171801
14.278095
13.733864
13.517023
13.733864
12.539107
13.954958
13.517023
13.193886
13.517023
13.410727
13.844411
13.733864
13.954958
13.3001795
12.972792
13.3001795
13.844411
12.755949
13.406476
14.171801
13.844411
13.3001795
13.3001795
13.3001795
13.62757
12.972792
14.171801
13.406476
12.972792
13.733864
13.083339
14.061254
13.3001795
13.3001795
13.844411
13.733864
13.189634
13.844411
13.410727
12.862245
13.844411
13.517023
12.972792
14.278095
13.62757
14.061254
13.410727
13.9507065
12.972792
13.517023
13.517023
14.171801
14.388642
13.083339
13.189634
14.388642
13.62757
13.517023
14.716032
13.623319
12.866496
14.388642
14.061254
13.954958
13.733864
14.388642
14.278095
12.862245
14.716032
14.388642
13.517023
13.844411
13.406476
13.844411
13.410727
13.083339
14.388642
13.189634
12.645402
13.738117
14.494938
12.755949
13.3001795
13.189634
12.755949
14.278095
13.3001795
13.083339
12.972792
13.3001795
13.844411
14.171801
13.406476
13.844411
12.972792
13.517023
13.406476
12.645402
14.388642
13.189634
12.972792
12.972792
13.517023
14.061254
12.755949
13.3001795
13.9507065
12.972792
13.954958
13.517023
13.406476
14.061254
12.972792
13.410727
13.083339
14.171801
13.517023
13.083339
14.278095
13.733864
13.517023
12.972792
13.844411
14.278095
12.755949
13.3001795
13.3001795
13.083339
12.645402
14.171801
13.189634
14.061254
13.517023
13.733864
13.844411
13.406476
13.406476
13.3001795
12.862245
13.3001795
13.733864
12.972792
13.62757
13.954958
13.410727
13.517023
12.862245
13.517023
13.844411
13.406476
13.844411
13.083339
13.189634
13.844411
13.844411
13.733864
13.083339
14.061254
14.278095
13.733864
13.9507065
13.9507065
14.061254
13.189634
13.62757
13.733864
13.083339
13.733864
14.278095
12.866496
13.079086
13.3001795
13.733864
13.189634
14.499189
13.079086
14.171801
13.9507065
13.193886
13.733864
12.755949
13.3001795
13.517023
13.844411
12.972792
13.410727
13.844411
13.079086
13.738117
14.388642
13.733864
13.410727
13.844411
13.62757
13.954958
13.406476
13.517023
14.278095
13.083339
13.844411
12.42856
13.844411
14.061254
13.517023
13.62757
13.079086
13.083339
14.171801
13.083339
13.844411
13.406476
14.061254
13.295929
13.844411
14.061254
13.3001795
13.189634
12.972792
13.62757
13.406476
13.62757
13.3001795
13.844411
13.62757
13.189634
12.972792
14.278095
13.3001795
13.844411
13.62757
13.517023
13.406476
13.733864
13.3001795
14.171801
13.844411
12.972792
13.9507065
13.733864
13.3001795
13.844411
14.388642
13.517023
12.972792
12.972792
14.061254
13.3001795
13.62757
13.3001795
13.844411
13.844411
13.733864
14.065505
13.9507065
14.171801
13.406476
13.406476
13.410727
14.061254
13.3001795
12.972792
13.62757
13.079086
13.3001795
13.733864
13.3001795
13.189634
13.406476
13.517023
13.844411
14.388642
13.3001795
13.3001795
13.517023
13.3001795
13.517023
14.278095
12.645402
12.972792
13.410727
13.295929
13.517023
13.517023
14.388642
13.517023
13.3001795
13.517023
14.171801
13.9507065
13.3001795
13.733864
13.954958
13.954958
13.517023
13.954958
13.844411
13.62757
13.62757
12.862245
13.844411
13.62757
14.061254
13.083339
12.972792
13.3001795
14.061254
13.733864
13.189634
12.972792
13.733864
14.061254
13.083339
12.972792
14.061254
13.189634
14.388642
13.733864
13.410727
14.278095
13.3001795
13.844411
13.844411
14.494938
13.844411
13.189634
13.62757
13.189634
12.755949
13.3001795
14.171801
13.517023
13.62757
14.388642
13.9507065
13.083339
13.517023
13.083339
13.079086
13.189634
13.517023
14.061254
13.079086
13.410727
13.3001795
13.954958
13.844411
13.406476
13.733864
13.189634
13.517023
14.388642
13.733864
13.844411
12.972792
12.755949
13.954958
12.866496
13.189634
13.733864
13.189634
13.954958
14.605485
13.079086
12.972792
13.189634
13.738117
13.517023
13.193886
14.171801
12.972792
13.62757
13.189634
14.278095
13.62757
13.189634
13.844411
13.083339
14.278095
12.755949
13.3001795
13.517023
13.517023
13.517023
12.972792
13.083339
13.844411
13.189634
13.954958
13.62757
13.517023
13.62757
13.62757
13.3001795
13.62757
14.278095
12.755949
13.954958
13.517023
13.3001795
13.844411
13.623319
13.844411
13.733864
13.3001795
14.061254
13.189634
14.171801
13.517023
13.517023
14.171801
13.62757
13.410727
13.3001795
14.061254
13.954958
13.189634
13.62757
13.3001795
13.083339
13.3001795
13.3001795
12.972792
13.517023
12.972792
13.517023
13.3001795
13.954958
13.193886
13.189634
12.972792
13.517023
14.061254
13.193886
14.278095
12.755949
14.061254
13.3001795
13.193886
14.061254
13.517023
13.193886
13.517023
13.3001795
13.3001795
12.755949
13.517023
13.517023
13.083339
13.9507065
14.278095
12.755949
13.189634
13.62757
14.278095
13.733864
14.061254
13.410727
14.061254
12.42856
13.3001795
13.406476
13.3001795
12.972792
13.410727
14.061254
13.189634
13.3001795
13.62757
13.733864
13.189634
13.406476
13.517023
13.410727
13.9507065
12.972792
13.844411
13.733864
12.755949
13.410727
12.972792
13.189634
13.410727
14.061254
13.410727
13.733864
12.972792
13.521274
13.844411
13.083339
13.954958
13.517023
12.755949
14.171801
13.733864
13.189634
13.62757
13.189634
13.3001795
13.844411
13.517023
14.388642
13.406476
12.755949
13.62757
13.517023
12.866496
13.62757
13.733864
12.645402
13.62757
13.9507065
13.083339
13.083339
13.189634
12.755949
14.171801
13.517023
12.972792
13.517023
12.972792
13.844411
13.083339
13.410727
14.061254
13.517023
13.189634
13.3001795
13.406476
13.189634
14.061254
13.733864
13.3001795
13.733864
14.061254
13.844411
13.083339
14.388642
13.189634
12.755949
12.755949
14.061254
13.517023
14.171801
12.972792
13.9507065
13.62757
13.410727
13.9507065
13.517023
12.755949
14.388642
13.9507065
14.061254
13.733864
13.517023
13.3001795
14.278095
13.62757
13.844411
13.517023
13.62757
13.517023
13.406476
13.083339
13.406476
12.755949
13.844411
12.862245
13.517023
13.623319
13.083339
14.171801
14.605485
14.388642
12.755949
14.061254
13.083339
13.844411
13.844411
12.862245
13.083339
13.733864
13.3001795
13.62757
14.061254
14.171801
14.061254
12.972792
13.517023
13.295929
13.954958
13.189634
13.189634
13.844411
13.189634
13.193886
14.061254
13.3001795
14.388642
14.388642
14.16755
12.862245
14.388642
13.9507065
12.539107
13.189634
12.862245
13.517023
13.3001795
13.410727
14.16755
13.083339
13.406476
13.3001795
13.406476
13.62757
13.517023
13.517023
13.189634
13.844411
12.972792
13.954958
13.844411
13.844411
13.406476
13.517023
13.3001795
14.388642
14.061254
14.061254
13.410727
13.517023
12.645402
13.954958
13.844411
13.083339
13.517023
13.3001795
13.189634
13.079086
13.3001795
13.517023
13.083339
13.738117
13.3001795
12.862245
13.738117
14.278095
13.62757
13.733864
13.733864
13.189634
13.3001795
13.410727
13.083339
13.62757
14.061254
13.9507065
13.3001795
13.733864
13.62757
13.410727
13.083339
13.410727
13.079086
12.755949
12.972792
13.844411
12.972792
13.3001795
13.189634
13.517023
12.972792
13.844411
13.517023
13.406476
13.738117
13.189634
13.733864
13.954958
14.278095
13.62757
13.3001795
13.623319
13.410727
13.9507065
13.517023
13.954958
13.517023
12.972792
14.388642
13.083339
13.410727
13.517023
12.972792
13.954958
13.733864
12.755949
14.061254
14.494938
13.844411
14.061254
13.517023
14.171801
13.3001795
13.9507065
13.844411
13.406476
14.171801
13.62757
13.954958
12.755949
14.171801
13.406476
13.3001795
13.189634
13.410727
12.972792
13.9507065
13.3001795
13.733864
13.62757
13.844411
13.3001795
12.866496
13.517023
13.517023
13.62757
13.733864
13.083339
13.410727
14.061254
14.388642
13.083339
12.972792
13.517023
12.972792
13.406476
14.388642
13.410727
13.844411
13.410727
13.733864
13.954958
13.844411
13.410727
13.517023
13.844411
13.083339
13.517023
13.083339
13.733864
14.061254
13.079086
13.083339
13.517023
12.755949
14.16755
13.406476
13.083339
13.62757
12.645402
14.171801
13.3001795
14.061254
12.755949
13.844411
13.517023
12.539107
13.62757
13.733864
13.083339
14.061254
13.733864
13.517023
14.171801
13.517023
13.3001795
13.3001795
13.517023
13.62757
13.406476
13.844411
14.388642
13.9507065
14.061254
13.189634
13.62757
14.278095
13.3001795
13.733864
13.954958
13.733864
13.193886
13.189634
14.061254
13.954958
12.755949
13.954958
14.278095
12.539107
13.733864
13.3001795
14.061254
13.083339
14.388642
13.733864
13.62757
13.406476
13.62757
13.189634
14.061254
14.171801
13.517023
13.083339
13.189634
13.189634
13.733864
12.972792
13.083339
12.972792
13.517023
13.406476
13.517023
13.844411
13.733864
13.3001795
13.9507065
13.844411
12.42856
14.388642
13.733864
14.388642
13.62757
13.62757
14.384391
13.954958
14.061254
13.3001795
13.3001795
14.061254
13.844411
12.972792
13.3001795
13.844411
13.3001795
13.733864
13.410727
13.62757
13.517023
14.171801
13.62757
13.083339
13.844411
13.295929
13.517023
13.083339
13.9507065
13.733864
13.733864
13.954958
13.406476
13.517023
13.410727
13.733864
13.844411
14.171801
14.061254
13.517023
13.193886
13.079086
13.844411
12.866496
13.295929
14.061254
14.388642
13.62757
13.62757
12.972792
13.733864
14.171801
13.733864
13.3001795
14.171801
13.623319
13.844411
12.972792
13.3001795
13.954958
13.9507065
13.3001795
14.171801
14.061254
14.061254
13.189634
13.3001795
13.954958
13.406476
12.972792
13.733864
14.388642
13.406476
13.62757
13.844411
14.061254
13.3001795
13.189634
14.171801
13.733864
13.62757
13.517023
14.278095
13.62757
12.972792
13.517023
13.844411
13.733864
13.733864
13.410727
12.972792
13.3001795
14.278095
12.972792
13.410727
13.410727
13.517023
14.171801
13.733864
14.278095
13.844411
14.061254
13.733864
13.844411
13.3001795
12.972792
12.862245
13.3001795
13.3001795
13.410727
13.406476
13.193886
13.406476
13.3001795
14.278095
13.844411
13.193886
13.189634
13.193886
13.844411
13.517023
14.061254
13.733864
13.3001795
13.3001795
13.083339
14.605485
14.061254
13.733864
13.3001795
14.171801
14.171801
13.410727
12.862245
13.62757
13.517023
13.193886
13.189634
14.061254
13.3001795
13.9507065
13.410727
13.733864
13.406476
13.62757
13.3001795
13.410727
14.388642
13.189634
13.193886
14.061254
13.517023
13.3001795
13.406476
13.3001795
13.733864
13.083339
13.193886
13.406476
13.079086
14.499189
14.278095
13.083339
13.517023
13.189634
13.083339
13.623319
14.278095
13.62757
13.189634
13.079086
13.410727
13.954958
13.406476
13.733864
14.171801
13.9507065
13.189634
13.083339
13.189634
12.972792
13.62757
13.733864
13.189634
13.954958
13.9507065
12.862245
13.410727
13.406476
12.755949
13.3001795
13.517023
13.517023
13.410727
14.061254
13.3001795
14.061254
13.406476
13.844411
13.3001795
14.388642
13.083339
13.517023
13.733864
13.083339
13.189634
13.3001795
13.410727
13.189634
13.517023
13.733864
12.968539
13.083339
13.62757
13.517023
13.3001795
13.733864
14.171801
13.3001795
13.844411
13.62757
14.278095
12.862245
14.061254
14.061254
13.083339
13.517023
14.061254
13.844411
14.061254
13.083339
14.061254
13.517023
13.517023
13.844411
13.844411
14.278095
13.189634
13.62757
13.9507065
13.3001795
13.3001795
13.517023
14.171801
13.623319
13.62757
13.189634
13.410727
14.388642
13.733864
13.517023
14.388642
13.733864
13.3001795
13.844411
13.410727
14.388642
13.9507065
13.62757
13.62757
14.061254
13.733864
13.406476
13.954958
13.62757
13.083339
13.9507065
13.189634
13.3001795
13.517023
13.3001795
12.972792
12.972792
13.733864
13.410727
13.62757
13.62757
13.410727
13.189634
12.645402
13.954958
13.844411
13.844411
13.733864
14.388642
12.755949
12.862245
13.3001795
13.517023
13.3001795
13.844411
13.733864
13.62757
14.278095
14.171801
12.972792
13.623319
13.62757
13.954958
13.3001795
13.62757
13.189634
13.3001795
13.193886
14.171801
14.171801
13.844411
13.733864
13.193886
13.189634
13.3001795
14.171801
13.844411
13.083339
13.844411
13.844411
13.517023
13.844411
13.3001795
13.3001795
13.62757
12.755949
13.189634
12.645402
13.083339
13.954958
14.061254
13.517023
13.3001795
13.733864
13.193886
13.406476
13.3001795
14.061254
13.733864
13.844411
13.623319
14.061254
13.517023
14.061254
13.954958
13.079086
13.517023
13.733864
13.844411
13.517023
14.171801
13.189634
14.061254
13.083339
14.278095
14.061254
14.171801
13.733864
13.517023
13.517023
13.189634
13.954958
13.844411
13.9507065
12.645402
14.171801
14.278095
13.517023
13.406476
13.62757
13.410727
12.862245
13.517023
13.517023
13.3001795
13.844411
13.9507065
13.083339
13.517023
13.733864
13.844411
12.645402
13.954958
13.517023
13.738117
13.844411
14.278095
13.62757
13.517023
13.844411
13.406476
12.42856
13.62757
13.406476
12.972792
13.3001795
13.406476
13.733864
12.972792
13.189634
13.62757
14.061254
13.410727
12.862245
13.3001795
13.62757
13.3001795
14.282348
13.733864
13.083339
13.3001795
13.189634
13.623319
13.3001795
13.844411
12.645402
13.410727
13.623319
13.189634
14.388642
13.517023
13.517023
13.410727
14.278095
13.083339
14.388642
13.083339
13.083339
12.972792
13.733864
13.3001795
13.954958
13.3001795
13.954958
13.189634
13.844411
13.733864
12.866496
14.278095
14.061254
13.517023
12.539107
14.171801
13.406476
12.862245
12.539107
14.609736
14.061254
13.62757
13.3001795
13.844411
13.62757
13.517023
14.388642
13.3001795
13.733864
13.62757
14.061254
13.733864
12.972792
13.517023
14.061254
13.517023
13.406476
14.171801
13.844411
13.410727
13.189634
13.954958
14.061254
13.517023
13.189634
13.844411
14.388642
13.844411
13.954958
13.62757
14.388642
13.844411
13.844411
13.189634
14.061254
13.406476
13.406476
13.406476
14.282348
14.061254
13.517023
13.517023
14.061254
13.083339
14.278095
12.755949
12.755949
14.171801
13.406476
13.517023
13.844411
14.171801
14.061254
13.954958
13.3001795
13.521274
13.517023
13.3001795
13.3001795
13.62757
13.189634
14.061254
13.733864
13.954958
14.278095
12.972792
12.755949
13.517023
13.517023
13.189634
13.3001795
13.9507065
13.3001795
13.189634
13.3001795
13.189634
14.171801
13.3001795
12.755949
14.388642
14.171801
14.388642
12.755949
13.517023
13.3001795
13.517023
12.755949
13.733864
14.171801
12.972792
13.844411
13.189634
14.388642
14.061254
13.62757
14.171801
13.62757
13.9507065
13.406476
14.278095
14.282348
13.410727
14.388642
13.9507065
13.517023
13.189634
13.083339
13.3001795
13.62757
13.3001795
14.061254
12.755949
14.061254
13.3001795
13.517023
13.62757
13.189634
14.171801
13.844411
13.083339
13.954958
13.517023
13.189634
13.954958
14.061254
13.410727
13.62757
14.061254
13.62757
13.3001795
13.3001795
12.755949
13.954958
13.406476
12.972792
14.499189
13.189634
13.3001795
13.406476
13.3001795
13.844411
13.3001795
13.3001795
14.061254
13.410727
13.517023
13.3001795
14.278095
13.406476
14.061254
14.171801
13.9507065
13.517023
13.517023
13.733864
13.62757
13.517023
12.755949
13.517023
13.9507065
13.083339
13.62757
13.517023
13.410727
13.62757
13.954958
13.3001795
13.844411
13.733864
13.623319
14.605485
14.061254
14.278095
13.517023
13.406476
12.972792
13.517023
13.410727
14.061254
12.972792
13.083339
13.517023
12.972792
13.62757
13.517023
13.083339
14.388642
13.733864
13.62757
13.406476
13.189634
13.733864
12.539107
13.083339
13.189634
13.844411
13.733864
13.517023
13.3001795
13.517023
13.193886
13.517023
13.844411
14.278095
13.189634
13.189634
13.62757
13.9507065
13.410727
13.733864
14.388642
13.083339
13.189634
13.083339
13.406476
13.189634
13.62757
13.9507065
12.972792
13.9507065
14.061254
12.972792
12.972792
13.3001795
13.083339
12.862245
13.62757
13.9507065
13.517023
13.844411
12.862245
13.410727
13.62757
13.3001795
13.410727
13.517023
14.061254
13.62757
13.189634
13.410727
13.844411
13.083339
14.282348
13.517023
13.193886
13.62757
14.061254
13.844411
13.517023
13.3001795
13.189634
13.3001795
13.410727
14.061254
13.406476
13.410727
13.733864
13.3001795
13.517023
14.388642
13.62757
13.62757
13.3001795
13.844411
14.388642
13.3001795
13.083339
13.844411
13.3001795
13.410727
14.061254
14.388642
12.866496
13.189634
13.3001795
13.410727
13.406476
13.623319
13.521274
13.189634
13.844411
14.278095
13.954958
14.388642
13.844411
13.9507065
13.517023
13.406476
14.061254
13.954958
13.517023
14.278095
13.62757
13.62757
13.3001795
13.410727
13.62757
13.733864
13.517023
13.189634
13.9507065
12.972792
14.171801
13.189634
13.3001795
13.62757
12.972792
14.065505
13.733864
12.862245
13.083339
13.844411
12.972792
13.954958
13.844411
12.972792
12.972792
13.517023
12.972792
13.9507065
14.061254
13.844411
13.62757
13.733864
12.755949
13.62757
13.189634
12.755949
13.62757
13.406476
12.972792
13.62757
13.189634
13.62757
13.410727
13.079086
13.193886
13.517023
14.278095
13.410727
14.278095
13.189634
13.3001795
13.189634
13.517023
13.083339
12.972792
14.061254
13.3001795
12.972792
13.738117
14.605485
13.079086
13.083339
13.406476
14.061254
13.954958
14.278095
13.410727
13.844411
13.189634
14.171801
13.954958
12.972792
13.844411
13.406476
13.62757
13.3001795
12.972792
13.3001795
13.62757
13.733864
14.716032
13.3001795
13.733864
14.061254
13.189634
13.517023
12.755949
13.733864
12.972792
13.62757
13.517023
13.410727
13.9507065
14.171801
14.278095
13.3001795
14.278095
14.171801
12.972792
13.517023
13.733864
13.623319
12.972792
13.733864
14.061254
13.083339
13.9507065
13.62757
14.278095
13.406476
14.171801
13.406476
13.410727
13.62757
13.517023
13.954958
13.406476
13.410727
13.3001795
13.3001795
13.517023
13.189634
13.193886
14.061254
14.388642
13.733864
13.738117
14.061254
13.844411
13.733864
13.844411
13.3001795
12.755949
13.517023
14.171801
12.862245
13.733864
13.193886
12.972792
13.517023
14.716032
13.410727
14.061254
13.62757
13.738117
13.844411
13.517023
14.061254
13.733864
14.171801
13.3001795
13.083339
14.171801
13.733864
13.844411
13.9507065
13.083339
14.061254
13.62757
13.079086
13.410727
13.517023
13.517023
13.083339
14.388642
13.62757
13.083339
14.278095
13.844411
13.844411
13.844411
13.406476
13.9507065
13.844411
14.278095
13.844411
13.3001795
13.733864
13.410727
12.972792
13.3001795
13.733864
14.061254
14.499189
13.733864
13.3001795
13.189634
13.517023
14.278095
13.406476
13.954958
13.9507065
13.3001795
13.295929
14.061254
13.189634
13.844411
13.62757
14.061254
13.193886
14.171801
14.061254
13.517023
13.517023
13.733864
14.061254
13.3001795
13.733864
12.755949
14.061254
13.844411
13.62757
14.278095
13.738117
13.62757
13.083339
13.62757
13.189634
13.517023
12.972792
14.388642
13.733864
12.972792
12.755949
13.410727
12.866496
13.3001795
13.62757
13.517023
13.62757
13.517023
13.3001795
13.733864
13.62757
13.733864
13.62757
14.061254
14.282348
14.061254
13.517023
12.755949
13.733864
13.733864
13.517023
14.171801
14.171801
13.083339
13.3001795
12.862245
13.3001795
13.517023
13.3001795
13.844411
12.862245
14.388642
14.278095
14.171801
13.733864
14.061254
14.061254
12.862245
13.410727
13.3001795
12.755949
12.972792
13.189634
13.3001795
13.406476
13.62757
13.406476
13.410727
13.844411
13.954958
13.844411
13.844411
13.62757
13.517023
13.3001795
13.517023
13.189634
14.061254
13.083339
13.083339
13.954958
12.972792
13.9507065
13.410727
13.9507065
13.083339
13.189634
14.171801
14.061254
14.061254
14.061254
13.844411
13.3001795
14.388642
13.193886
13.3001795
13.733864
13.954958
14.061254
13.083339
13.083339
13.844411
13.406476
12.972792
13.9507065
13.844411
13.62757
13.083339
14.388642
14.061254
14.061254
12.755949
13.189634
13.733864
13.517023
13.410727
12.866496
12.862245
14.061254
13.62757
13.517023
13.3001795
13.083339
13.406476
13.954958
13.189634
13.517023
13.733864
14.171801
13.517023
12.866496
13.410727
13.189634
13.3001795
13.844411
14.171801
13.733864
13.623319
13.521274
13.623319
14.061254
13.517023
13.517023
13.410727
14.278095
13.62757
13.189634
12.866496
13.3001795
13.517023
13.3001795
14.061254
13.954958
13.9507065
13.733864
14.061254
13.9507065
12.866496
13.62757
13.844411
12.42856
14.282348
13.954958
13.410727
13.406476
14.171801
14.278095
13.083339
14.061254
13.406476
12.866496
13.844411
14.061254
14.061254
12.972792
14.171801
13.517023
13.3001795
14.388642
13.406476
13.844411
13.62757
13.3001795
13.410727
14.061254
13.3001795
13.189634
12.645402
13.517023
13.517023
13.083339
13.517023
13.083339
13.517023
13.844411
13.844411
13.517023
12.866496
13.3001795
14.278095
13.3001795
13.62757
13.406476
14.171801
13.733864
13.3001795
13.9507065
12.539107
13.844411
13.844411
13.844411
13.410727
12.972792
13.3001795
12.755949
13.62757
13.406476
13.410727
13.733864
12.972792
14.061254
13.62757
13.083339
13.9507065
13.844411
13.517023
13.3001795
14.061254
13.406476
14.282348
13.733864
13.083339
13.410727
13.189634
13.62757
13.3001795
14.061254
13.3001795
13.189634
13.083339
14.061254
13.844411
13.410727
13.517023
13.517023
13.62757
14.061254
13.083339
14.605485
13.62757
13.083339
13.733864
13.62757
12.972792
14.061254
13.083339
14.278095
12.862245
13.844411
13.517023
12.862245
13.517023
13.733864
13.3001795
13.517023
13.517023
13.733864
13.517023
14.388642
14.061254
13.954958
13.189634
14.499189
13.9507065
13.738117
13.517023
13.406476
13.3001795
13.3001795
14.388642
14.061254
12.755949
13.406476
13.083339
13.3001795
13.083339
13.3001795
13.079086
13.733864
13.189634
13.406476
13.083339
13.517023
14.061254
14.061254
13.3001795
13.517023
14.388642
13.517023
13.189634
13.410727
13.189634
13.083339
13.517023
13.3001795
14.061254
13.844411
14.171801
14.494938
13.738117
13.733864
13.954958
13.844411
13.189634
13.62757
13.733864
13.083339
13.189634
13.3001795
14.278095
14.278095
13.189634
13.3001795
14.278095
13.083339
12.862245
14.061254
14.388642
12.645402
13.410727
14.171801
13.733864
13.517023
13.083339
13.3001795
12.866496
13.517023
14.171801
13.406476
12.972792
13.410727
14.061254
12.972792
14.171801
14.061254
13.410727
14.061254
13.62757
13.517023
12.972792
13.62757
13.517023
13.189634
14.061254
13.9507065
14.061254
14.061254
14.278095
14.499189
13.3001795
13.844411
13.62757
14.061254
13.3001795
12.866496
13.844411
14.282348
14.278095
13.517023
14.171801
14.388642
12.755949
13.844411
13.189634
13.410727
13.517023
13.189634
13.517023
13.517023
13.410727
13.733864
13.083339
13.844411
13.733864
13.62757
13.406476
14.171801
13.517023
12.318013
14.171801
13.189634
13.62757
14.061254
13.3001795
13.410727
13.189634
13.189634
14.061254
12.42856
14.171801
13.517023
14.171801
14.278095
13.083339
13.083339
12.972792
13.62757
13.3001795
13.189634
12.862245
13.62757
13.406476
13.083339
13.733864
13.844411
13.410727
13.083339
14.061254
14.278095
12.972792
13.62757
13.189634
14.171801
13.406476
13.9507065
13.844411
13.189634
14.499189
13.517023
13.083339
13.62757
14.061254
13.406476
13.410727
13.3001795
13.623319
13.083339
13.517023
13.3001795
13.954958
13.189634
13.083339
13.3001795
14.061254
12.755949
14.061254
13.517023
13.733864
13.844411
13.844411
13.733864
14.499189
14.061254
13.844411
13.193886
13.954958
13.844411
14.278095
14.061254
12.645402
12.977044
13.3001795
13.189634
14.171801
13.517023
13.189634
14.388642
13.844411
13.62757
14.061254
14.061254
13.844411
13.406476
14.171801
13.189634
13.517023
13.189634
13.3001795
13.3001795
13.517023
13.844411
13.406476
13.62757
13.733864
14.171801
13.410727
14.388642
13.3001795
13.3001795
13.189634
13.410727
13.844411
12.862245
14.171801
13.406476
13.3001795
13.954958
12.972792
14.171801
13.410727
14.171801
12.972792
13.844411
13.954958
13.733864
13.517023
13.954958
13.844411
13.189634
13.954958
14.171801
13.3001795
13.517023
12.972792
13.3001795
13.9507065
13.954958
13.406476
13.3001795
13.3001795
13.733864
13.738117
13.517023
13.189634
12.972792
13.954958
13.517023
13.517023
13.406476
13.3001795
13.3001795
13.623319
12.866496
13.406476
13.9507065
13.083339
13.844411
13.9507065
13.3001795
13.3001795
13.62757
13.083339
14.278095
14.388642
13.733864
13.083339
13.517023
13.410727
13.9507065
12.866496
13.733864
13.3001795
13.3001795
13.733864
13.62757
13.844411
13.62757
13.3001795
14.061254
14.061254
13.410727
13.954958
14.278095
13.62757
14.388642
14.061254
14.171801
13.3001795
14.171801
14.16755
13.954958
14.061254
13.844411
14.388642
13.517023
13.62757
14.388642
13.9507065
13.410727
13.844411
13.733864
13.62757
13.733864
13.083339
13.9507065
12.755949
13.62757
13.3001795
13.517023
12.972792
13.844411
13.406476
13.193886
13.406476
13.517023
13.733864
13.3001795
13.62757
13.189634
13.3001795
13.517023
13.62757
13.193886
13.189634
14.061254
13.844411
13.410727
13.517023
14.171801
13.406476
13.083339
13.517023
13.517023
14.171801
12.539107
14.388642
14.494938
13.623319
13.954958
12.972792
13.62757
13.189634
13.193886
13.62757
14.061254
12.866496
12.972792
13.62757
14.171801
13.738117
13.733864
13.410727
12.972792
12.972792
13.954958
13.517023
14.171801
13.3001795
13.954958
13.844411
12.755949
13.083339
14.278095
12.755949
13.517023
14.278095
12.866496
14.061254
13.517023
13.62757
13.844411
12.972792
13.62757
12.862245
13.410727
14.388642
13.844411
13.954958
13.517023
12.755949
13.193886
13.410727
14.061254
13.844411
14.171801
14.171801
12.972792
13.844411
13.517023
13.844411
13.738117
14.061254
14.171801
13.844411
13.3001795
13.62757
13.189634
13.083339
13.62757
12.972792
13.954958
13.3001795
13.3001795
13.517023
14.388642
13.083339
14.278095
12.972792
14.171801
13.406476
14.171801
13.623319
12.645402
13.083339
13.62757
13.083339
12.972792
13.844411
13.844411
14.388642
13.410727
14.282348
13.189634
13.517023
13.517023
13.954958
13.844411
13.189634
13.954958
13.3001795
13.517023
13.954958
13.517023
14.388642
13.62757
13.517023
14.171801
13.733864
13.3001795
14.171801
14.061254
13.954958
13.733864
13.9507065
13.62757
13.733864
13.410727
13.3001795
13.62757
13.189634
12.972792
13.083339
13.738117
13.844411
14.171801
13.844411
13.295929
12.977044
14.061254
13.517023
13.62757
14.061254
13.189634
13.3001795
13.733864
13.62757
13.517023
13.62757
13.517023
14.388642
13.193886
13.3001795
14.499189
13.844411
13.3001795
14.061254
13.410727
12.972792
13.62757
13.517023
12.972792
14.605485
13.406476
13.9507065
14.171801
14.278095
12.972792
14.061254
13.189634
13.844411
13.189634
13.410727
14.061254
13.517023
13.844411
13.189634
13.189634
13.189634
13.844411
13.738117
13.62757
13.410727
12.972792
14.061254
13.410727
13.733864
13.3001795
13.62757
13.844411
13.517023
13.62757
13.733864
12.755949
14.061254
13.189634
14.065505
14.16755
14.388642
13.3001795
13.517023
13.3001795
13.410727
13.3001795
13.738117
13.62757
13.517023
13.083339
13.733864
13.193886
13.517023
13.3001795
14.171801
13.844411
13.62757
14.061254
14.388642
12.972792
13.844411
14.499189
13.406476
13.62757
14.171801
13.189634
13.410727
13.189634
14.388642
14.061254
13.193886
13.738117
14.061254
13.083339
13.189634
13.3001795
14.171801
13.517023
13.62757
13.733864
12.755949
13.517023
13.9507065
13.954958
13.517023
13.189634
13.406476
13.844411
14.061254
13.844411
12.862245
13.410727
13.410727
13.079086
14.171801
13.189634
13.62757
13.517023
14.171801
13.517023
14.061254
13.733864
13.844411
14.278095
14.061254
13.410727
13.406476
12.972792
14.171801
13.189634
13.410727
13.517023
13.193886
13.083339
13.517023
14.061254
14.388642
13.517023
13.410727
14.061254
13.3001795
13.406476
12.972792
13.954958
13.623319
13.083339
13.844411
13.517023
14.494938
12.972792
13.733864
13.844411
14.171801
13.517023
13.410727
13.844411
13.189634
13.3001795
13.733864
13.517023
14.171801
13.733864
13.844411
12.972792
13.733864
13.844411
14.499189
13.733864
13.9507065
13.083339
13.3001795
14.716032
14.278095
12.972792
14.499189
13.406476
13.083339
14.061254
12.972792
13.517023
12.972792
14.061254
14.278095
13.517023
13.189634
13.623319
12.755949
14.278095
13.410727
13.733864
13.083339
13.517023
14.278095
12.539107
13.517023
13.189634
13.517023
13.844411
13.844411
13.517023
13.517023
14.061254
13.3001795
13.844411
14.061254
13.410727
13.517023
13.844411
13.189634
14.278095
13.517023
13.62757
13.406476
13.954958
14.278095
14.388642
13.189634
13.733864
13.844411
13.9507065
13.62757
14.388642
13.9507065
13.3001795
13.189634
13.62757
13.62757
12.862245
13.3001795
13.517023
13.517023
14.061254
14.16755
13.3001795
13.844411
13.3001795
13.738117
13.406476
14.061254
13.410727
13.733864
14.171801
14.278095
13.083339
13.410727
13.517023
13.083339
13.3001795
14.061254
13.517023
13.9507065
14.171801
14.061254
13.62757
13.189634
13.954958
13.62757
13.844411
13.410727
13.9507065
13.406476
13.844411
13.406476
13.62757
14.388642
13.517023
13.3001795
13.9507065
13.3001795
13.189634
13.406476
13.844411
13.733864
12.972792
14.278095
13.844411
13.406476
13.3001795
13.954958
13.3001795
13.844411
13.083339
14.171801
13.844411
13.517023
14.061254
14.388642
13.9507065
13.193886
13.733864
12.755949
13.517023
13.406476
13.623319
13.083339
13.517023
13.083339
13.844411
13.406476
13.62757
13.517023
13.62757
14.278095
13.410727
14.061254
13.083339
13.406476
13.738117
13.517023
14.061254
13.410727
13.410727
13.840159
13.410727
12.862245
12.972792
13.3001795
13.62757
14.061254
14.061254
13.62757
14.16755
13.517023
13.9507065
13.62757
13.517023
13.083339
13.844411
14.061254
13.083339
13.3001795
13.954958
13.623319
13.3001795
13.3001795
13.517023
13.083339
14.061254
13.733864
14.061254
13.62757
13.083339
13.844411
13.193886
14.061254
13.517023
14.605485
13.3001795
13.733864
13.844411
14.171801
13.410727
13.733864
13.3001795
13.517023
13.62757
13.517023
13.844411
13.189634
14.388642
14.061254
13.62757
13.733864
14.388642
13.733864
13.410727
13.189634
14.499189
13.9507065
13.3001795
14.061254
12.972792
13.406476
14.171801
13.406476
14.494938
13.517023
13.844411
14.171801
13.733864
13.954958
12.645402
14.388642
13.517023
13.193886
13.844411
14.061254
14.278095
13.844411
14.171801
13.954958
14.171801
12.755949
13.62757
14.278095
13.193886
13.3001795
13.3001795
12.972792
13.844411
13.189634
14.388642
13.410727
14.061254
13.62757
13.517023
14.388642
13.410727
12.645402
13.9507065
14.061254
14.061254
13.733864
13.954958
13.9507065
13.738117
13.410727
13.3001795
13.733864
13.3001795
13.189634
13.954958
13.406476
13.083339
13.844411
13.189634
13.954958
13.733864
13.521274
14.278095
14.171801
14.061254
13.733864
13.954958
13.3001795
13.083339
13.733864
13.3001795
14.282348
13.517023
12.972792
13.62757
13.189634
14.061254
13.733864
13.954958
13.9507065
13.406476
13.62757
13.62757
13.3001795
13.954958
14.278095
13.517023
13.844411
12.866496
14.388642
13.733864
14.388642
13.9507065
13.517023
13.189634
13.193886
13.733864
14.171801
12.862245
13.844411
13.9507065
14.282348
13.517023
13.083339
13.733864
14.061254
13.62757
14.061254
13.954958
13.189634
13.844411
13.733864
13.3001795
13.517023
13.62757
13.62757
14.061254
12.645402
13.517023
13.517023
13.083339
14.171801
12.972792
12.972792
13.9507065
13.62757
14.278095
13.3001795
14.388642
14.171801
13.079086
14.171801
13.189634
13.3001795
13.844411
13.844411
13.733864
14.061254
13.62757
13.3001795
14.061254
13.410727
13.3001795
14.278095
13.517023
13.3001795
14.171801
13.844411
13.3001795
12.972792
13.62757
14.171801
13.189634
13.954958
14.171801
13.733864
12.972792
13.517023
13.954958
13.189634
13.189634
13.62757
13.517023
13.3001795
13.738117
14.061254
13.62757
14.278095
13.844411
14.278095
13.406476
13.844411
13.406476
13.083339
13.844411
13.406476
13.3001795
13.083339
13.9507065
13.3001795
13.954958
13.517023
14.16755
13.954958
14.494938
13.954958
13.517023
13.62757
14.388642
13.517023
13.844411
13.517023
13.733864
13.844411
13.079086
13.738117
13.62757
13.083339
14.499189
13.3001795
13.410727
13.733864
13.954958
13.410727
13.517023
13.083339
13.62757
13.3001795
13.3001795
13.3001795
13.079086
14.061254
14.061254
12.862245
13.733864
13.3001795
13.410727
12.972792
13.62757
14.278095
13.083339
14.278095
14.171801
13.844411
13.3001795
14.171801
13.733864
13.189634
13.844411
14.061254
13.410727
13.62757
13.517023
13.517023
13.406476
13.738117
13.189634
12.972792
14.171801
13.733864
13.083339
13.410727
14.278095
14.278095
12.862245
13.733864
13.3001795
13.083339
13.62757
13.189634
13.410727
13.733864
14.388642
13.517023
12.755949
13.517023
13.517023
13.844411
14.171801
14.061254
13.517023
13.733864
13.083339
14.171801
14.061254
13.193886
14.061254
14.061254
13.517023
13.410727
13.410727
13.623319
13.521274
13.844411
13.3001795
13.733864
13.410727
13.3001795
13.406476
13.62757
14.061254
13.62757
14.716032
13.517023
13.738117
14.061254
13.189634
14.388642
13.3001795
13.193886
13.3001795
14.388642
13.844411
13.62757
13.62757
13.844411
14.061254
14.171801
14.278095
14.388642
13.733864
13.517023
14.061254
12.972792
13.62757
13.406476
13.954958
13.517023
13.521274
14.278095
13.189634
13.62757
14.061254
13.62757
13.406476
13.410727
13.406476
12.755949
13.189634
13.410727
13.517023
13.083339
13.517023
13.083339
13.62757
14.388642
13.954958
13.3001795
13.733864
14.171801
14.061254
13.3001795
13.733864
13.406476
13.62757
12.645402
13.3001795
14.171801
13.521274
14.061254
13.410727
14.278095
12.972792
13.844411
14.061254
13.410727
13.517023
14.171801
13.406476
13.083339
14.171801
14.061254
12.645402
14.388642
13.517023
13.3001795
13.517023
13.844411
14.061254
12.755949
13.410727
13.9507065
13.62757
12.972792
13.406476
13.083339
13.189634
13.844411
13.521274
14.061254
13.738117
13.844411
13.844411
14.388642
13.623319
13.083339
13.3001795
13.189634
13.62757
13.517023
13.3001795
14.388642
14.061254
12.755949
13.844411
13.193886
14.171801
13.517023
13.083339
13.844411
12.972792
13.954958
13.3001795
12.972792
13.62757
13.733864
12.972792
14.171801
13.623319
13.3001795
13.62757
13.844411
13.62757
13.844411
13.954958
13.189634
13.189634
13.954958
13.517023
12.755949
13.954958
14.494938
13.3001795
14.061254
13.62757
14.388642
13.189634
13.3001795
13.62757
14.171801
14.609736
13.623319
13.517023
14.388642
13.844411
13.083339
13.733864
13.189634
13.3001795
13.733864
13.410727
13.733864
13.844411
13.844411
13.844411
13.844411
13.844411
13.083339
13.517023
13.083339
13.517023
13.410727
13.3001795
13.3001795
13.189634
14.282348
13.517023
13.189634
12.755949
13.62757
13.733864
13.189634
13.738117
12.972792
13.62757
14.388642
13.733864
13.738117
13.733864
14.388642
12.972792
13.844411
14.278095
13.844411
14.16755
14.278095
13.410727
13.733864
12.866496
13.3001795
13.406476
14.278095
13.3001795
13.733864
14.388642
14.278095
13.3001795
13.189634
13.3001795
13.406476
14.171801
12.972792
13.410727
13.189634
14.388642
13.733864
13.62757
12.972792
13.844411
12.972792
13.954958
13.62757
14.061254
13.083339
14.061254
13.410727
13.406476
13.406476
14.171801
12.862245
13.083339
13.3001795
13.517023
13.083339
13.733864
14.388642
14.388642
13.410727
13.844411
14.278095
13.62757
13.9507065
14.061254
14.061254
12.755949
13.844411
14.061254
13.733864
14.061254
13.410727
13.517023
13.62757
13.3001795
13.844411
13.517023
14.171801
12.645402
14.499189
13.844411
13.189634
13.3001795
13.844411
13.62757
13.517023
13.954958
13.62757
13.189634
13.62757
13.954958
13.517023
14.388642
13.844411
13.083339
12.755949
14.061254
14.388642
14.061254
14.061254
13.517023
13.954958
14.171801
13.733864
13.733864
14.061254
12.972792
13.517023
14.171801
13.3001795
13.62757
13.62757
14.278095
13.517023
14.278095
13.517023
14.388642
12.755949
13.62757
13.844411
13.410727
13.517023
13.3001795
13.517023
13.738117
13.517023
13.62757
13.517023
12.972792
13.954958
13.9507065
13.954958
13.9507065
13.9507065
13.193886
13.406476
14.061254
13.844411
13.295929
13.410727
14.061254
13.189634
13.3001795
13.733864
13.733864
13.517023
13.517023
13.844411
13.62757
13.62757
13.189634
13.3001795
14.494938
13.3001795
13.954958
13.406476
12.755949
13.410727
13.623319
13.410727
14.061254
14.388642
13.3001795
13.406476
14.388642
13.083339
13.517023
14.388642
12.972792
12.972792
13.62757
13.733864
12.972792
13.3001795
13.844411
13.517023
14.171801
13.954958
13.954958
14.171801
14.061254
14.061254
12.862245
14.499189
14.278095
13.410727
14.388642
13.733864
13.844411
13.3001795
13.3001795
13.3001795
13.517023
13.844411
13.62757
12.866496
13.844411
14.388642
13.954958
14.061254
13.62757
13.3001795
13.406476
13.62757
14.061254
13.62757
13.9507065
13.517023
13.844411
13.62757
13.844411
13.517023
13.9507065
13.844411
14.171801
13.517023
13.083339
13.3001795
13.3001795
13.410727
13.9507065
14.171801
13.62757
13.3001795
14.388642
14.16755
13.3001795
13.189634
14.061254
13.62757
13.517023
14.171801
14.388642
13.083339
13.954958
14.061254
13.3001795
14.282348
14.605485
13.733864
13.3001795
13.083339
13.738117
13.733864
13.62757
13.517023
13.517023
13.844411
14.494938
13.410727
14.061254
13.517023
14.278095
12.972792
13.62757
14.388642
14.061254
13.844411
14.16755
13.083339
13.189634
14.171801
13.844411
14.171801
13.517023
12.539107
14.278095
13.517023
13.62757
13.9507065
14.388642
12.862245
14.171801
13.189634
13.733864
13.738117
13.844411
13.083339
14.061254
13.517023
13.954958
13.189634
13.62757
14.061254
12.645402
13.189634
13.189634
13.844411
13.733864
13.844411
13.517023
13.189634
13.410727
14.499189
12.972792
13.844411
14.278095
12.972792
13.3001795
14.171801
14.278095
13.3001795
13.189634
13.083339
13.62757
14.278095
13.3001795
13.733864
13.62757
14.388642
12.862245
13.733864
13.517023
14.061254
13.844411
13.406476
13.410727
14.061254
12.755949
13.844411
13.733864
13.517023
13.406476
14.171801
14.061254
13.083339
13.844411
14.061254
13.3001795
13.517023
14.499189
14.061254
13.189634
14.499189
13.9507065
13.62757
13.844411
13.3001795
12.866496
13.517023
13.62757
13.406476
13.844411
13.844411
14.494938
13.517023
13.517023
14.171801
13.517023
13.954958
13.733864
13.410727
14.171801
13.517023
13.738117
13.733864
14.282348
13.517023
14.282348
13.189634
13.083339
13.733864
13.62757
14.171801
13.733864
12.645402
14.171801
12.972792
14.171801
13.517023
13.410727
14.388642
14.061254
13.517023
13.079086
13.738117
13.189634
14.171801
14.388642
13.62757
13.517023
13.733864
13.3001795
13.62757
14.282348
13.406476
12.755949
13.189634
12.972792
14.388642
13.844411
13.738117
13.844411
13.517023
13.954958
13.517023
12.755949
13.9507065
13.3001795
14.388642
13.517023
14.061254
14.061254
14.278095
13.517023
13.733864
13.840159
13.189634
13.844411
14.388642
13.517023
12.972792
12.972792
13.410727
13.517023
12.645402
13.517023
14.061254
13.62757
12.972792
14.388642
14.16755
13.083339
14.171801
13.954958
13.517023
13.3001795
13.406476
14.388642
12.972792
13.954958
13.733864
13.733864
14.499189
13.406476
14.061254
13.189634
13.738117
14.278095
12.972792
13.517023
13.3001795
13.62757
13.517023
14.171801
14.061254
12.645402
13.62757
13.844411
13.406476
13.3001795
13.62757
13.3001795
13.954958
14.061254
13.410727
13.844411
13.517023
13.62757
13.517023
12.866496
13.517023
14.388642
13.9507065
13.083339
12.972792
14.171801
13.3001795
12.972792
14.388642
14.494938
13.844411
13.079086
14.171801
14.278095
13.517023
13.3001795
13.738117
13.517023
13.083339
13.844411
14.171801
13.62757
14.061254
13.844411
13.3001795
14.061254
13.733864
13.189634
12.645402
13.083339
14.499189
13.189634
13.517023
13.954958
12.972792
13.3001795
13.954958
14.278095
13.3001795
14.061254
14.171801
13.079086
12.972792
14.605485
14.282348
13.9507065
13.733864
13.954958
13.62757
13.733864
12.755949
13.62757
13.410727
13.62757
13.3001795
14.171801
13.517023
14.061254
14.061254
14.171801
13.406476
13.62757
12.972792
13.954958
14.388642
13.844411
13.517023
13.189634
13.62757
13.083339
13.410727
13.9507065
12.972792
12.755949
13.954958
13.733864
13.083339
13.62757
13.9507065
12.866496
13.3001795
13.410727
14.061254
13.844411
13.079086
14.171801
13.406476
13.844411
13.3001795
14.282348
13.517023
13.844411
13.62757
14.388642
13.844411
13.844411
13.189634
13.3001795
14.061254
13.3001795
12.972792
13.406476
14.171801
14.278095
14.171801
13.517023
13.954958
13.517023
12.972792
14.171801
12.972792
12.972792
13.517023
13.410727
14.171801
13.9507065
13.62757
14.278095
13.410727
14.494938
13.3001795
13.733864
13.738117
13.3001795
12.755949
13.3001795
13.844411
13.733864
13.954958
13.517023
13.62757
13.623319
13.738117
13.733864
13.3001795
14.171801
13.844411
13.844411
14.061254
13.62757
13.733864
13.62757
13.844411
13.193886
13.954958
13.62757
14.061254
14.171801
13.517023
14.061254
13.517023
13.083339
13.844411
14.171801
13.954958
14.278095
13.733864
12.862245
13.083339
12.972792
14.171801
14.388642
13.410727
14.061254
13.3001795
14.171801
13.517023
13.62757
13.954958
13.517023
14.171801
14.605485
13.62757
14.171801
13.733864
13.083339
13.844411
13.3001795
13.62757
14.061254
13.738117
14.061254
13.844411
12.972792
12.972792
14.061254
14.278095
13.844411
14.388642
13.954958
13.954958
13.517023
13.62757
13.733864
13.62757
13.62757
13.3001795
13.62757
14.278095
13.844411
13.3001795
13.844411
13.733864
13.410727
13.9507065
12.972792
13.844411
13.3001795
13.410727
13.189634
14.061254
13.410727
13.3001795
13.844411
14.171801
13.733864
13.844411
13.733864
14.278095
13.3001795
12.755949
14.171801
14.061254
13.517023
14.171801
13.517023
13.083339
13.844411
13.517023
13.844411
13.083339
13.954958
14.171801
13.733864
13.733864
13.3001795
13.9507065
13.954958
13.62757
13.406476
13.3001795
13.410727
13.733864
13.3001795
13.733864
13.738117
13.517023
12.972792
13.733864
14.061254
13.410727
13.733864
14.171801
12.972792
14.171801
13.9507065
13.3001795
14.061254
13.733864
14.061254
14.171801
13.733864
12.972792
13.62757
14.061254
13.410727
13.733864
13.738117
14.171801
12.755949
14.171801
14.388642
13.410727
13.844411
13.62757
13.62757
13.733864
14.171801
13.517023
13.3001795
13.62757
14.278095
13.410727
12.972792
13.62757
13.9507065
13.62757
13.3001795
13.844411
13.3001795
13.844411
13.62757
13.3001795
13.844411
13.517023
13.62757
13.733864
13.62757
13.954958
13.844411
13.410727
13.954958
13.3001795
13.517023
13.517023
13.083339
13.62757
13.517023
13.083339
14.171801
14.061254
13.410727
13.3001795
13.954958
14.388642
13.083339
13.193886
14.605485
13.738117
13.3001795
13.410727
14.16755
13.62757
12.755949
14.388642
13.9507065
12.972792
14.061254
13.3001795
13.844411
12.755949
14.388642
14.278095
13.844411
14.499189
14.061254
13.844411
14.499189
13.517023
13.083339
14.171801
14.171801
14.282348
13.517023
14.388642
13.406476
13.62757
13.410727
13.733864
14.061254
13.9507065
13.3001795
13.3001795
13.733864
13.9507065
14.171801
12.866496
14.716032
12.862245
13.083339
13.844411
14.388642
13.083339
13.62757
13.844411
13.3001795
13.189634
13.521274
14.278095
13.844411
13.189634
13.410727
13.517023
12.972792
13.517023
13.406476
13.193886
14.388642
13.62757
13.3001795
13.3001795
13.733864
13.62757
13.844411
13.954958
13.733864
12.972792
13.62757
13.083339
13.62757
14.171801
13.62757
14.061254
13.410727
13.517023
12.866496
13.62757
14.061254
13.844411
14.171801
14.061254
12.866496
14.171801
14.061254
13.738117
13.3001795
13.410727
13.62757
13.517023
13.410727
13.9507065
13.517023
14.388642
13.517023
13.517023
13.083339
13.954958
14.16755
12.755949
13.3001795
13.517023
12.972792
13.517023
14.061254
13.62757
13.733864
13.083339
14.388642
14.278095
13.62757
13.189634
13.62757
13.3001795
14.061254
13.623319
13.517023
14.171801
12.972792
14.171801
13.62757
13.62757
14.061254
13.844411
13.189634
13.083339
13.62757
14.061254
13.954958
13.193886
13.406476
14.061254
13.3001795
13.410727
14.171801
14.605485
13.189634
13.3001795
14.278095
13.410727
13.623319
13.3001795
14.282348
13.733864
13.62757
13.517023
13.844411
13.844411
14.061254
13.844411
14.061254
14.388642
14.061254
13.733864
13.62757
14.061254
13.083339
14.171801
14.499189
14.278095
13.954958
13.733864
13.954958
14.388642
13.3001795
13.410727
13.9507065
13.844411
13.189634
13.62757
13.733864
13.733864
13.738117
13.517023
13.3001795
13.9507065
13.62757
13.517023
13.189634
14.282348
13.733864
13.954958
14.061254
13.844411
14.171801
13.733864
13.083339
13.517023
12.972792
13.517023
13.3001795
14.171801
13.083339
13.844411
14.605485
14.171801
12.755949
14.388642
13.517023
13.517023
14.605485
13.733864
13.410727
13.189634
13.954958
13.3001795
13.083339
14.822327
13.3001795
13.62757
13.517023
13.193886
14.061254
12.866496
14.16755
13.521274
14.061254
12.755949
14.061254
13.083339
13.733864
13.517023
13.844411
13.517023
13.62757
14.605485
13.62757
13.517023
13.62757
13.844411
12.972792
14.605485
14.278095
14.171801
13.844411
12.972792
13.3001795
14.171801
13.844411
13.3001795
13.3001795
13.3001795
13.62757
14.278095
13.189634
14.716032
14.605485
13.189634
14.499189
13.844411
13.517023
13.189634
13.62757
13.733864
14.388642
13.840159
13.844411
13.844411
13.3001795
14.499189
13.189634
13.517023
14.061254
14.605485
14.171801
13.733864
13.3001795
13.62757
12.972792
13.410727
14.061254
13.3001795
14.061254
14.282348
14.171801
12.645402
14.171801
14.605485
14.278095
13.733864
14.061254
14.061254
12.755949
13.844411
13.733864
13.733864
13.733864
14.061254
14.061254
13.193886
13.844411
13.954958
13.733864
12.972792
14.716032
13.189634
13.844411
13.844411
13.189634
13.738117
14.061254
13.3001795
13.62757
13.517023
14.278095
13.083339
14.388642
13.954958
14.171801
13.62757
14.061254
13.410727
13.3001795
13.406476
13.083339
13.844411
14.278095
13.517023
12.866496
13.954958
14.061254
13.844411
12.866496
14.388642
13.083339
12.972792
13.733864
13.844411
13.517023
13.733864
13.083339
14.278095
13.3001795
14.061254
13.844411
13.954958
13.3001795
13.410727
13.517023
14.388642
13.083339
13.733864
14.388642
13.406476
12.866496
13.623319
14.282348
14.061254
14.388642
13.844411
13.3001795
13.410727
13.517023
13.406476
13.3001795
13.733864
13.954958
14.278095
13.410727
14.278095
13.844411
13.844411
13.406476
13.3001795
13.517023
13.083339
14.282348
13.517023
13.844411
13.844411
13.406476
13.844411
14.061254
13.733864
13.406476
14.061254
13.3001795
14.278095
13.410727
14.171801
13.3001795
13.517023
13.517023
13.954958
14.16755
13.517023
13.844411
13.189634
13.406476
13.410727
14.605485
13.3001795
12.972792
13.189634
13.517023
13.406476
12.866496
14.388642
13.406476
12.972792
13.3001795
14.171801
13.733864
12.972792
13.410727
12.862245
13.189634
13.844411
13.844411
13.189634
13.844411
14.061254
13.083339
13.62757
13.517023
14.171801
13.844411
13.083339
13.62757
14.388642
13.733864
14.388642
13.62757
13.62757
14.16755
12.866496
14.388642
13.406476
13.62757
13.733864
13.954958
13.517023
14.278095
13.517023
13.189634
14.171801
13.844411
12.972792
13.62757
13.9507065
12.866496
13.954958
13.844411
13.3001795
13.3001795
13.844411
14.171801
13.9507065
13.3001795
13.3001795
13.517023
14.388642
13.62757
14.388642
13.517023
13.62757
12.972792
14.388642
13.954958
13.844411
13.9507065
13.844411
14.171801
14.171801
13.62757
13.3001795
13.62757
13.954958
13.844411
14.278095
13.083339
13.410727
13.189634
13.954958
14.171801
14.388642
13.844411
14.061254
13.406476
13.733864
14.388642
13.9507065
13.410727
13.844411
14.061254
14.171801
12.755949
14.171801
13.517023
13.079086
14.499189
13.517023
13.410727
14.499189
13.733864
14.061254
14.499189
13.733864
13.844411
14.605485
13.623319
13.733864
13.62757
13.189634
13.733864
13.62757
14.061254
13.62757
13.193886
14.061254
13.844411
13.954958
13.844411
13.517023
13.844411
13.410727
13.517023
13.3001795
13.517023
13.9507065
13.410727
13.733864
13.189634
12.972792
13.954958
12.972792
13.62757
13.517023
13.733864
13.410727
13.3001795
14.494938
13.844411
14.388642
13.083339
13.954958
13.62757
13.189634
13.517023
14.499189
12.972792
13.3001795
12.972792
12.972792
13.517023
14.061254
12.42856
14.499189
14.278095
13.844411
13.733864
14.388642
13.3001795
13.62757
14.171801
13.954958
14.061254
14.171801
13.62757
13.844411
13.410727
13.410727
14.061254
13.083339
13.840159
13.733864
14.499189
13.9507065
13.193886
14.278095
13.410727
13.083339
12.972792
13.62757
14.388642
13.083339
13.189634
14.278095
13.9507065
14.061254
13.410727
13.844411
14.171801
13.62757
13.844411
13.517023
13.083339
13.844411
13.9507065
13.3001795
14.278095
13.517023
13.083339
14.061254
13.733864
13.3001795
13.844411
14.388642
13.3001795
13.189634
13.844411
13.9507065
14.061254
13.517023
14.061254
14.388642
13.517023
13.62757
13.406476
12.755949
14.278095
14.278095
13.083339
14.171801
13.3001795
13.189634
13.62757
13.954958
13.62757
14.061254
14.388642
13.406476
12.972792
13.844411
13.3001795
14.388642
13.62757
14.065505
14.278095
14.388642
14.499189
14.061254
13.62757
13.517023
14.499189
13.3001795
13.083339
13.083339
14.278095
14.061254
14.171801
13.9507065
13.844411
13.954958
13.623319
13.844411
13.9507065
14.388642
13.189634
13.844411
14.171801
13.733864
12.972792
13.844411
13.517023
14.061254
13.844411
13.3001795
12.866496
13.406476
13.3001795
13.844411
13.517023
13.517023
14.171801
13.193886
13.410727
14.278095
14.278095
13.62757
14.388642
12.972792
14.061254
13.738117
14.278095
13.844411
13.517023
13.189634
14.061254
13.3001795
13.3001795
13.3001795
13.189634
13.406476
13.62757
14.061254
13.62757
13.3001795
12.972792
13.517023
13.954958
14.061254
13.517023
13.738117
13.9507065
13.517023
13.3001795
13.733864
13.517023
13.083339
13.517023
13.623319
13.410727
13.3001795
13.410727
13.410727
13.733864
14.388642
14.388642
13.844411
13.738117
14.494938
12.972792
13.733864
14.061254
14.061254
13.189634
13.738117
14.061254
13.3001795
14.278095
13.3001795
14.061254
13.189634
14.171801
13.844411
13.733864
13.62757
13.517023
13.3001795
13.189634
13.410727
14.171801
12.862245
13.3001795
14.388642
13.954958
13.517023
12.539107
14.388642
14.171801
13.733864
13.517023
13.844411
13.62757
13.189634
14.609736
14.061254
13.083339
14.171801
14.388642
13.3001795
12.755949
14.499189
13.844411
13.410727
13.62757
13.189634
13.733864
13.517023
14.061254
13.3001795
13.954958
12.972792
13.083339
13.62757
13.189634
14.171801
12.972792
13.62757
14.171801
13.3001795
14.171801
14.171801
14.388642
13.733864
14.171801
14.278095
13.410727
14.171801
13.083339
13.410727
13.9507065
13.733864
13.9507065
13.3001795
13.733864
14.061254
14.061254
13.517023
13.517023
13.62757
13.844411
13.193886
14.822327
13.083339
13.189634
13.954958
13.844411
13.193886
13.954958
14.278095
13.62757
13.623319
14.171801
14.16755
13.3001795
12.645402
13.62757
13.844411
13.083339
14.278095
13.3001795
13.083339
13.189634
14.605485
13.9507065
13.517023
13.954958
13.517023
13.083339
14.171801
14.494938
13.3001795
14.388642
14.282348
13.410727
14.061254
13.738117
14.388642
13.62757
13.844411
13.844411
13.844411
14.278095
13.406476
13.9507065
13.189634
14.499189
14.171801
13.62757
13.189634
14.171801
13.733864
12.972792
12.972792
13.62757
13.517023
12.755949
13.410727
13.9507065
13.517023
13.844411
12.755949
13.844411
14.282348
13.733864
13.62757
13.189634
13.844411
14.171801
13.623319
13.410727
13.954958
13.517023
13.62757
14.061254
13.406476
12.866496
13.3001795
13.62757
13.844411
12.645402
13.3001795
13.517023
13.517023
13.410727
13.517023
12.539107
14.282348
13.3001795
13.189634
13.3001795
14.388642
14.278095
13.62757
13.62757
13.3001795
13.406476
13.083339
13.954958
13.517023
13.517023
14.282348
14.278095
13.62757
14.282348
13.840159
13.62757
13.954958
13.733864
13.62757
13.844411
13.844411
13.083339
14.278095
13.733864
13.517023
13.189634
14.499189
13.733864
13.623319
14.171801
14.061254
13.844411
13.844411
13.62757
12.972792
13.3001795
13.954958
13.517023
13.3001795
14.061254
13.62757
13.3001795
13.410727
13.406476
12.972792
13.844411
14.061254
14.061254
14.499189
14.278095
13.410727
13.844411
13.733864
13.844411
13.954958
13.738117
13.844411
13.954958
13.406476
13.083339
13.738117
14.278095
13.954958
13.954958
14.494938
13.083339
13.62757
13.844411
13.193886
13.517023
14.278095
13.410727
14.061254
13.623319
13.517023
13.62757
13.189634
13.193886
13.733864
13.733864
13.410727
13.733864
13.083339
13.738117
13.733864
13.189634
14.499189
13.733864
13.733864
13.410727
13.733864
12.972792
13.844411
13.517023
13.193886
13.954958
13.406476
12.972792
13.844411
14.171801
13.844411
13.844411
13.517023
13.9507065
13.517023
13.844411
13.410727
13.406476
14.499189
14.388642
14.171801
14.388642
13.406476
13.62757
14.061254
13.517023
13.733864
12.862245
13.410727
14.388642
13.079086
14.499189
13.733864
13.3001795
13.189634
14.499189
13.189634
13.189634
13.62757
14.061254
13.733864
13.62757
13.844411
14.061254
14.499189
13.844411
13.733864
13.521274
13.733864
12.755949
14.388642
14.494938
13.844411
14.388642
13.844411
14.171801
14.171801
14.278095
13.083339
14.282348
13.189634
13.844411
13.954958
13.517023
13.3001795
14.171801
12.972792
13.410727
14.171801
14.278095
13.410727
13.3001795
13.9507065
13.954958
13.517023
14.171801
14.388642
13.406476
14.499189
13.517023
13.189634
13.3001795
13.844411
13.189634
14.499189
13.517023
13.3001795
13.083339
13.738117
13.62757
13.3001795
14.171801
12.866496
13.844411
13.844411
14.061254
13.844411
14.171801
13.733864
12.755949
14.499189
14.061254
13.844411
14.499189
13.840159
13.954958
13.3001795
13.517023
12.972792
14.388642
13.517023
13.9507065
14.171801
13.9507065
12.755949
14.061254
14.278095
13.083339
13.3001795
13.410727
14.061254
12.866496
14.388642
14.061254
13.410727
14.061254
13.738117
14.171801
13.733864
13.3001795
14.605485
12.645402
13.410727
13.406476
13.083339
13.193886
13.733864
13.083339
14.499189
13.840159
13.193886
13.517023
14.171801
13.517023
12.972792
14.171801
14.061254
13.3001795
13.954958
13.517023
13.410727
14.388642
13.083339
14.061254
14.061254
13.844411
13.3001795
13.3001795
13.410727
12.972792
13.62757
13.738117
13.3001795
13.083339
13.733864
13.3001795
13.517023
13.189634
14.171801
13.9507065
13.62757
13.62757
13.844411
13.844411
13.733864
13.844411
13.62757
12.972792
13.844411
14.388642
13.844411
13.9507065
13.3001795
14.16755
13.3001795
14.826579
13.517023
12.755949
13.517023
14.171801
13.62757
14.499189
13.406476
13.083339
13.844411
13.844411
14.061254
13.733864
14.388642
13.844411
13.083339
13.62757
14.278095
13.62757
14.278095
13.3001795
14.171801
12.866496
13.517023
13.189634
13.62757
14.278095
13.62757
13.9507065
13.844411
12.972792
13.62757
14.171801
12.866496
13.954958
13.9507065
13.738117
12.972792
14.278095
14.061254
12.972792
13.733864
13.844411
14.171801
13.844411
13.3001795
13.517023
13.083339
14.388642
13.3001795
13.954958
13.406476
13.738117
13.733864
13.844411
13.62757
14.388642
12.972792
13.517023
13.733864
13.517023
13.62757
14.388642
14.278095
12.755949
13.62757
13.189634
13.954958
13.3001795
13.083339
13.844411
13.083339
14.171801
13.3001795
13.083339
14.388642
13.517023
12.866496
13.517023
13.189634
13.62757
12.755949
13.517023
13.517023
13.3001795
14.388642
13.517023
13.733864
13.3001795
14.171801
13.9507065
13.62757
13.517023
13.406476
14.388642
13.733864
13.954958
13.623319
13.62757
14.061254
13.954958
14.278095
13.844411
13.410727
13.844411
13.410727
13.9507065
13.844411
12.972792
14.282348
14.716032
13.406476
13.517023
13.083339
13.189634
13.844411
14.061254
13.954958
13.406476
14.171801
13.517023
14.171801
13.62757
14.061254
13.517023
13.738117
12.972792
14.499189
14.061254
14.171801
13.3001795
13.517023
12.972792
14.061254
13.517023
13.738117
13.733864
13.844411
14.061254
12.972792
13.521274
13.733864
13.3001795
13.62757
13.954958
13.733864
13.844411
13.189634
14.388642
14.061254
13.62757
14.171801
13.844411
14.278095
13.738117
13.517023
13.193886
13.517023
12.866496
13.517023
13.62757
13.733864
12.645402
14.171801
13.517023
13.517023
13.733864
14.388642
13.406476
13.3001795
13.844411
13.62757
13.62757
13.3001795
13.62757
13.954958
14.171801
13.517023
13.738117
14.061254
14.499189
13.733864
12.866496
13.844411
13.517023
13.517023
14.061254
13.62757
13.62757
14.499189
13.844411
13.954958
12.972792
14.388642
14.278095
12.977044
14.605485
13.3001795
13.517023
13.733864
14.171801
14.061254
13.3001795
13.954958
13.844411
13.3001795
13.62757
13.189634
14.061254
13.844411
13.9507065
14.278095
14.061254
13.62757
13.9507065
13.733864
12.972792
13.189634
14.171801
13.733864
14.605485
13.3001795
13.3001795
13.406476
14.065505
14.061254
13.083339
15.043421
13.406476
12.972792
14.061254
14.171801
13.517023
14.061254
13.083339
14.061254
13.738117
13.517023
13.083339
13.9507065
13.517023
13.844411
14.061254
13.3001795
14.061254
12.862245
14.388642
14.061254
13.189634
14.388642
13.189634
13.62757
13.733864
14.278095
14.061254
12.972792
14.171801
14.716032
13.189634
13.62757
13.844411
13.517023
14.388642
13.733864
14.171801
13.3001795
13.406476
13.844411
13.410727
14.171801
13.844411
14.171801
13.623319
12.755949
14.171801
14.061254
12.972792
13.3001795
14.171801
13.3001795
13.62757
13.840159
14.171801
13.517023
14.278095
14.171801
13.62757
13.517023
14.388642
13.3001795
13.62757
13.954958
13.733864
13.62757
14.278095
13.9507065
13.193886
14.388642
14.061254
13.954958
13.083339
13.62757
13.517023
13.083339
14.171801
14.278095
13.844411
13.517023
13.62757
14.282348
13.733864
13.954958
13.733864
13.3001795
13.733864
13.517023
13.406476
13.193886
13.733864
13.3001795
13.083339
14.061254
14.061254
14.061254
12.972792
14.499189
13.406476
13.3001795
13.083339
14.282348
13.733864
13.62757
13.517023
14.061254
13.410727
13.189634
13.733864
13.3001795
13.844411
13.954958
13.517023
13.62757
14.061254
14.388642
13.62757
13.406476
13.517023
13.733864
14.171801
14.061254
14.171801
14.171801
13.3001795
14.171801
13.521274
14.388642
13.410727
13.733864
13.738117
13.517023
12.755949
13.844411
13.954958
14.171801
12.972792
13.62757
13.844411
13.410727
14.716032
13.62757
14.388642
13.083339
13.517023
13.517023
13.3001795
13.406476
14.278095
13.517023
13.62757
12.755949
13.410727
13.954958
14.061254
13.3001795
13.406476
14.061254
13.9507065
13.189634
13.62757
14.388642
13.738117
13.3001795
13.954958
13.9507065
13.844411
14.282348
14.061254
13.62757
13.733864
14.499189
14.061254
13.844411
14.171801
14.388642
14.499189
13.733864
14.171801
14.061254
14.061254
13.844411
14.388642
13.517023
13.3001795
14.499189
13.844411
13.9507065
13.62757
13.733864
13.517023
13.517023
14.171801
13.410727
13.623319
13.62757
13.62757
14.716032
13.844411
13.517023
13.738117
14.061254
13.844411
13.733864
14.278095
14.061254
13.733864
13.954958
14.061254
13.079086
14.171801
13.3001795
13.844411
13.844411
13.733864
14.716032
14.061254
14.605485
13.844411
13.083339
13.62757
14.061254
13.844411
14.061254
14.061254
14.061254
13.189634
13.410727
14.061254
13.517023
14.282348
14.605485
13.517023
13.410727
13.62757
13.733864
13.410727
13.733864
13.62757
14.171801
13.3001795
14.171801
14.061254
14.388642
13.083339
13.844411
14.499189
13.083339
14.061254
13.733864
14.499189
14.061254
13.189634
13.62757
13.9507065
13.954958
13.3001795
14.278095
13.3001795
12.972792
13.738117
14.171801
13.62757
13.844411
13.406476
13.954958
13.189634
14.388642
13.733864
14.171801
13.517023
14.061254
13.083339
12.972792
14.171801
13.733864
14.171801
13.3001795
13.517023
13.62757
13.079086
14.171801
14.278095
13.3001795
14.388642
14.16755
13.193886
13.189634
13.62757
13.406476
13.62757
14.388642
13.733864
13.844411
12.972792
13.954958
13.844411
13.844411
14.388642
14.278095
13.3001795
13.189634
13.844411
14.499189
13.189634
13.083339
13.62757
13.844411
13.844411
14.171801
13.406476
14.282348
14.278095
13.083339
13.62757
13.62757
13.3001795
13.406476
13.3001795
14.171801
12.862245
13.62757
13.844411
13.9507065
13.738117
14.061254
13.410727
13.738117
14.494938
13.844411
14.605485
13.410727
13.844411
14.171801
14.282348
14.061254
14.171801
13.517023
13.9507065
13.517023
13.189634
13.517023
13.3001795
13.733864
13.62757
13.3001795
14.171801
13.517023
13.9507065
14.171801
13.733864
13.738117
13.3001795
14.392896
13.189634
14.171801
13.844411
13.3001795
14.605485
13.083339
14.171801
14.388642
13.083339
13.844411
13.62757
13.62757
14.061254
14.171801
13.3001795
13.62757
13.844411
13.517023
13.517023
13.844411
13.733864
13.410727
14.499189
14.16755
13.62757
13.62757
13.517023
13.738117
13.3001795
13.189634
13.733864
13.844411
13.62757
13.62757
14.278095
13.844411
13.733864
13.3001795
13.3001795
13.517023
13.3001795
14.822327
14.065505
12.972792
13.844411
13.517023
13.517023
13.844411
14.499189
14.388642
14.061254
12.972792
13.62757
13.517023
13.410727
13.083339
13.954958
13.844411
12.972792
13.517023
14.494938
13.844411
14.171801
13.844411
13.410727
13.517023
13.3001795
13.733864
14.061254
14.282348
13.62757
13.083339
14.061254
12.645402
13.3001795
14.061254
14.388642
13.517023
14.061254
14.171801
14.171801
13.954958
13.517023
13.9507065
13.3001795
13.3001795
14.282348
14.388642
13.954958
13.3001795
13.738117
14.388642
13.517023
13.3001795
13.410727
14.061254
13.844411
13.62757
14.278095
13.083339
13.189634
13.517023
13.189634
13.844411
13.9507065
13.410727
13.844411
13.844411
13.410727
13.844411
14.388642
14.065505
13.733864
14.171801
14.388642
14.061254
14.278095
13.62757
13.844411
13.517023
13.733864
13.3001795
13.3001795
13.954958
13.844411
13.083339
13.083339
14.282348
13.406476
13.083339
13.62757
13.954958
14.388642
13.738117
13.517023
13.3001795
14.171801
13.410727
13.517023
14.388642
13.517023
13.517023
13.954958
12.972792
13.517023
12.972792
14.388642
14.388642
13.517023
14.494938
14.716032
13.3001795
13.9507065
12.755949
13.3001795
13.9507065
13.083339
14.171801
14.278095
13.193886
13.189634
13.62757
13.517023
13.189634
13.954958
13.406476
12.866496
13.517023
14.388642
13.954958
13.517023
14.171801
14.061254
13.3001795
13.844411
13.410727
12.972792
13.517023
13.844411
13.954958
13.517023
13.733864
13.3001795
13.410727
13.733864
14.171801
12.972792
13.193886
13.189634
13.62757
13.410727
13.62757
13.083339
13.733864
14.499189
14.061254
13.733864
13.62757
13.9507065
13.3001795
14.061254
13.62757
13.083339
13.733864
13.62757
13.521274
13.954958
13.62757
14.278095
13.62757
12.972792
13.3001795
13.521274
12.972792
14.388642
14.278095
13.954958
13.733864
12.866496
13.733864
13.083339
12.972792
14.388642
13.410727
13.844411
13.193886
13.844411
13.844411
13.083339
14.061254
13.738117
13.3001795
14.171801
13.62757
13.9507065
13.193886
14.605485
13.410727
14.494938
13.844411
14.278095
13.62757
14.061254
14.499189
13.733864
13.410727
14.061254
13.733864
13.954958
12.755949
14.388642
14.278095
13.954958
14.061254
13.62757
14.605485
14.171801
13.9507065
13.62757
13.733864
13.517023
13.189634
12.972792
13.733864
12.972792
13.517023
14.061254
13.62757
13.9507065
13.954958
13.62757
13.083339
13.189634
14.499189
13.517023
14.388642
13.3001795
14.278095
14.388642
13.3001795
13.3001795
13.083339
13.733864
14.605485
13.517023
14.171801
13.62757
14.16755
14.171801
13.3001795
13.844411
14.388642
13.733864
14.282348
14.388642
12.866496
13.406476
13.844411
13.62757
13.189634
13.844411
14.278095
13.410727
13.733864
14.061254
13.733864
14.171801
14.278095
13.3001795
14.061254
13.517023
13.954958
13.517023
13.410727
13.844411
13.517023
13.410727
13.733864
13.9507065
13.083339
13.844411
13.083339
14.061254
13.3001795
14.171801
13.844411
13.954958
13.733864
13.3001795
14.605485
14.171801
14.171801
13.406476
13.410727
14.061254
13.954958
13.517023
13.844411
14.171801
14.061254
13.62757
13.62757
13.295929
14.282348
13.410727
14.061254
14.061254
14.061254
14.061254
13.3001795
13.517023
14.388642
13.406476
14.061254
14.278095
13.733864
12.866496
13.62757
13.406476
13.738117
13.517023
13.3001795
14.282348
13.733864
13.189634
13.62757
14.061254
13.954958
14.061254
14.061254
13.62757
13.733864
13.62757
13.189634
14.171801
14.278095
13.083339
14.171801
13.954958
14.388642
13.517023
14.171801
13.844411
12.972792
13.410727
13.3001795
13.733864
13.189634
13.844411
13.406476
13.954958
14.061254
13.517023
13.954958
13.3001795
14.061254
12.866496
13.9507065
13.62757
13.733864
13.3001795
14.061254
13.189634
12.972792
14.171801
14.061254
13.193886
14.171801
13.517023
13.517023
14.388642
13.517023
14.605485
13.733864
13.954958
13.517023
12.866496
13.521274
13.517023
13.844411
14.716032
13.62757
13.62757
13.083339
13.517023
13.3001795
13.62757
13.733864
12.972792
13.738117
13.733864
13.193886
14.499189
14.388642
13.3001795
13.406476
13.733864
13.62757
14.061254
14.609736
13.733864
13.193886
14.605485
13.844411
13.083339
13.517023
13.844411
13.3001795
13.844411
13.410727
13.844411
13.517023
13.083339
14.171801
13.189634
14.061254
13.406476
13.410727
14.605485
13.738117
13.62757
13.189634
13.3001795
13.3001795
13.193886
13.406476
14.061254
13.62757
12.972792
13.62757
13.733864
13.3001795
13.410727
13.9507065
13.3001795
12.862245
14.499189
13.844411
13.193886
13.62757
14.278095
13.844411
14.061254
13.410727
12.972792
12.862245
13.62757
14.278095
13.62757
13.733864
14.171801
13.9507065
13.3001795
13.844411
13.733864
13.083339
13.62757
13.62757
13.3001795
13.517023
13.954958
13.189634
13.083339
14.388642
13.62757
13.62757
13.9507065
13.844411
14.278095
14.171801
14.282348
13.517023
13.62757
13.406476
13.844411
14.605485
12.972792
13.517023
13.517023
13.844411
13.406476
14.278095
13.083339
13.954958
14.605485
13.954958
13.517023
13.406476
14.171801
13.844411
14.171801
13.517023
14.282348
14.605485
13.517023
12.755949
13.189634
13.844411
14.171801
12.866496
13.844411
12.972792
13.517023
14.061254
13.3001795
14.061254
14.171801
13.189634
13.410727
13.733864
13.844411
14.061254
13.517023
14.388642
14.388642
13.083339
14.278095
13.410727
14.061254
13.954958
14.171801
13.62757
13.844411
13.3001795
14.061254
14.388642
13.3001795
13.410727
14.716032
13.733864
13.3001795
13.189634
13.410727
14.388642
13.517023
13.083339
14.061254
13.517023
13.083339
13.3001795
14.282348
13.623319
13.844411
13.083339
13.738117
13.517023
12.972792
13.844411
14.605485
14.171801
14.061254
13.954958
13.3001795
13.193886
14.388642
13.406476
14.061254
13.62757
13.517023
14.282348
13.406476
13.954958
13.083339
13.189634
13.738117
14.605485
13.410727
13.844411
13.844411
13.517023
13.844411
12.862245
14.282348
13.733864
13.954958
14.605485
14.499189
13.9507065
13.304433
14.278095
14.171801
14.061254
13.3001795
13.954958
13.406476
13.844411
13.517023
13.083339
14.278095
14.061254
13.3001795
14.605485
15.043421
14.061254
13.3001795
13.844411
13.517023
13.733864
13.62757
13.954958
14.388642
14.605485
14.282348
13.733864
13.62757
13.62757
13.62757
12.645402
14.061254
12.862245
14.605485
14.388642
14.716032
14.171801
13.844411
14.278095
13.62757
13.083339
13.189634
14.388642
12.862245
14.061254
13.62757
14.388642
14.605485
13.733864
14.282348
14.171801
13.410727
14.278095
13.738117
13.3001795
13.189634
13.954958
13.844411
13.844411
13.62757
13.62757
13.410727
13.517023
14.499189
14.388642
13.517023
13.62757
13.844411
13.517023
13.844411
14.278095
13.844411
13.517023
13.844411
13.844411
13.083339
13.954958
14.278095
14.499189
13.844411
13.517023
14.171801
14.061254
13.62757
14.171801
13.517023
13.844411
14.494938
14.061254
13.521274
14.278095
13.189634
14.171801
14.061254
13.954958
14.499189
13.189634
13.62757
14.171801
14.16755
14.171801
14.716032
14.061254
13.3001795
14.609736
14.171801
14.061254
13.3001795
13.738117
13.189634
13.3001795
13.406476
13.193886
14.499189
13.62757
13.3001795
13.844411
13.517023
13.189634
13.410727
13.844411
13.406476
14.716032
14.171801
13.62757
13.3001795
13.733864
12.972792
13.844411
13.3001795
13.844411
14.605485
13.517023
13.62757
14.716032
14.605485
12.866496
13.3001795
14.171801
13.410727
13.62757
14.278095
13.189634
13.410727
13.733864
13.189634
13.9507065
13.954958
13.738117
14.061254
12.972792
13.62757
13.189634
14.171801
13.9507065
13.954958
13.189634
14.171801
13.62757
13.189634
13.954958
14.388642
14.278095
13.62757
13.410727
14.278095
14.388642
13.844411
13.62757
13.517023
12.755949
13.954958
14.494938
13.844411
13.844411
14.388642
13.517023
13.3001795
13.3001795
14.061254
14.388642
14.061254
12.755949
13.844411
14.061254
13.410727
13.844411
13.517023
13.083339
14.494938
13.733864
13.410727
13.62757
14.388642
13.3001795
13.733864
13.62757
13.738117
13.733864
14.171801
14.171801
13.517023
14.171801
13.083339
14.171801
13.517023
13.083339
14.388642
14.494938
13.62757
14.061254
14.061254
13.083339
13.844411
13.517023
13.410727
13.844411
13.3001795
13.9507065
13.62757
13.517023
13.738117
13.844411
13.189634
13.083339
13.517023
13.3001795
13.954958
14.061254
13.3001795
13.844411
13.62757
13.844411
13.62757
12.972792
13.844411
13.517023
13.517023
13.954958
13.406476
14.171801
13.844411
13.62757
13.844411
13.406476
13.406476
14.388642
13.189634
14.171801
13.954958
13.844411
13.517023
14.388642
13.844411
13.62757
14.171801
12.972792
14.171801
13.733864
13.954958
14.061254
13.733864
12.755949
13.62757
14.278095
13.733864
13.738117
13.733864
13.083339
13.733864
13.733864
13.844411
14.171801
14.278095
13.410727
13.62757
13.62757
14.171801
13.410727
14.171801
13.189634
12.972792
14.388642
14.278095
13.62757
14.065505
14.278095
13.083339
14.282348
13.517023
14.282348
13.733864
13.844411
13.193886
13.3001795
13.733864
13.844411
13.189634
14.061254
14.499189
14.388642
13.844411
14.171801
14.388642
13.410727
13.62757
13.3001795
14.282348
13.733864
13.3001795
13.410727
13.517023
12.755949
13.844411
13.410727
13.738117
13.844411
13.3001795
13.738117
14.061254
14.278095
13.3001795
13.189634
13.62757
13.3001795
14.171801
13.844411
13.3001795
12.972792
13.410727
13.840159
13.083339
14.171801
14.388642
13.733864
14.282348
14.171801
14.388642
13.3001795
13.62757
13.62757
13.079086
14.171801
13.3001795
14.061254
14.605485
13.844411
13.406476
13.189634
13.406476
13.62757
14.171801
13.844411
13.844411
13.733864
13.410727
13.62757
13.517023
14.16755
14.282348
13.62757
14.061254
14.282348
13.517023
14.716032
14.061254
13.3001795
13.62757
13.733864
14.061254
13.62757
14.278095
14.388642
12.645402
13.517023
13.733864
13.410727
13.3001795
14.388642
13.844411
13.517023
13.844411
13.9507065
13.844411
13.3001795
13.733864
14.171801
13.410727
14.388642
14.061254
13.62757
14.061254
14.716032
13.189634
12.972792
13.410727
13.733864
14.388642
14.716032
13.189634
13.844411
13.733864
14.278095
13.410727
13.844411
13.9507065
13.083339
14.278095
13.738117
14.388642
14.278095
14.716032
13.083339
13.844411
13.954958
13.844411
13.189634
14.278095
13.189634
13.410727
13.733864
13.738117
13.189634
13.517023
14.716032
14.388642
12.972792
13.62757
13.517023
13.844411
13.844411
13.954958
14.388642
13.954958
14.278095
13.62757
14.278095
14.061254
13.62757
13.517023
14.282348
13.517023
14.388642
14.171801
13.733864
13.517023
13.517023
13.517023
13.844411
13.521274
13.410727
13.3001795
13.9507065
14.282348
14.061254
14.499189
13.733864
13.406476
14.499189
13.62757
14.171801
13.3001795
13.738117
14.065505
13.517023
13.62757
14.388642
14.061254
13.083339
13.3001795
14.388642
14.278095
13.406476
13.954958
14.605485
13.517023
14.061254
13.844411
13.517023
14.278095
13.62757
13.954958
13.406476
13.954958
13.3001795
13.517023
13.410727
13.738117
13.517023
14.171801
13.083339
14.171801
13.3001795
14.499189
13.844411
14.388642
14.278095
14.388642
13.738117
13.844411
13.517023
13.189634
13.844411
13.62757
14.171801
13.193886
14.388642
14.605485
14.605485
12.645402
13.62757
13.406476
13.193886
13.733864
14.171801
14.061254
13.193886
13.844411
13.410727
13.517023
13.62757
14.061254
14.716032
14.282348
13.844411
13.62757
14.061254
13.517023
13.62757
14.061254
13.844411
14.494938
13.954958
13.189634
13.844411
13.733864
13.517023
14.499189
14.388642
13.62757
14.388642
13.844411
14.605485
13.189634
14.278095
14.278095
13.733864
12.972792
14.499189
13.189634
13.406476
13.954958
13.3001795
13.517023
12.972792
12.755949
14.499189
13.517023
13.3001795
12.972792
13.410727
13.62757
13.9507065
13.3001795
14.388642
13.62757
13.406476
13.517023
13.62757
14.605485
13.62757
13.844411
13.517023
13.733864
13.733864
14.278095
14.061254
13.3001795
14.171801
14.061254
13.410727
14.609736
13.844411
14.171801
13.62757
14.605485
13.62757
14.282348
13.3001795
13.954958
13.62757
14.061254
13.3001795
14.171801
13.733864
13.410727
13.733864
13.3001795
14.278095
13.3001795
14.388642
14.278095
14.171801
13.62757
13.623319
13.844411
14.171801
13.9507065
13.733864
14.716032
14.171801
12.972792
14.499189
13.517023
12.972792
14.282348
13.189634
12.972792
14.499189
13.517023
14.388642
13.844411
12.972792
13.954958
14.605485
13.844411
14.171801
14.716032
13.844411
13.733864
14.716032
13.410727
13.62757
13.9507065
13.517023
13.733864
13.410727
14.282348
14.278095
13.733864
13.62757
12.862245
13.62757
13.62757
13.62757
14.278095
13.083339
13.844411
14.932874
13.954958
14.388642
13.623319
13.083339
13.954958
13.189634
13.517023
13.623319
13.517023
14.065505
12.755949
14.171801
14.171801
13.954958
13.62757
13.517023
13.406476
13.844411
13.406476
13.083339
13.9507065
13.3001795
14.282348
13.517023
14.605485
12.866496
13.733864
14.061254
13.844411
13.844411
13.410727
14.061254
13.733864
13.3001795
13.517023
13.3001795
14.499189
13.517023
13.079086
14.282348
13.733864
13.517023
14.499189
14.388642
13.3001795
13.954958
13.517023
14.278095
13.517023
14.171801
14.278095
14.278095
13.844411
13.3001795
14.171801
14.278095
14.061254
13.844411
13.62757
14.278095
13.410727
13.954958
13.844411
13.738117
14.061254
14.388642
13.3001795
13.62757
13.517023
13.3001795
14.061254
14.388642
14.061254
12.972792
14.826579
14.061254
14.388642
14.171801
13.189634
12.755949
13.62757
14.278095
13.844411
13.410727
13.517023
14.061254
13.733864
13.954958
13.844411
13.733864
13.954958
13.738117
13.406476
12.755949
13.3001795
13.517023
13.3001795
14.499189
14.061254
13.517023
14.171801
14.061254
14.061254
14.605485
13.3001795
14.171801
14.932874
13.844411
13.410727
14.388642
13.62757
13.3001795
13.517023
13.733864
14.282348
13.62757
14.278095
13.3001795
14.605485
13.406476
13.517023
13.189634
14.171801
13.62757
14.061254
13.410727
13.733864
13.3001795
13.410727
13.62757
13.844411
13.410727
13.733864
14.171801
14.061254
14.278095
13.3001795
13.844411
13.844411
13.193886
14.065505
13.844411
13.083339
13.62757
13.295929
13.954958
13.62757
13.733864
14.171801
14.171801
14.494938
12.972792
13.3001795
13.410727
13.410727
13.844411
14.278095
13.083339
13.844411
14.605485
13.62757
14.061254
13.844411
13.083339
13.733864
13.954958
13.738117
14.061254
13.844411
13.406476
13.3001795
13.954958
13.733864
13.738117
14.278095
13.410727
13.844411
13.62757
13.517023
14.171801
13.733864
14.494938
13.083339
13.733864
13.410727
13.844411
14.061254
14.499189
13.733864
12.972792
13.733864
14.716032
14.388642
14.061254
14.499189
13.9507065
13.844411
13.733864
13.517023
14.388642
13.193886
14.388642
14.278095
13.083339
13.3001795
14.605485
14.061254
13.193886
13.62757
13.517023
14.061254
13.517023
14.282348
13.517023
13.954958
14.499189
14.171801
14.061254
13.844411
13.62757
14.605485
12.862245
13.62757
13.3001795
14.171801
13.844411
13.517023
13.410727
13.954958
13.62757
13.410727
14.061254
14.278095
13.410727
13.517023
14.932874
13.3001795
14.061254
13.954958
14.494938
14.171801
13.738117
13.733864
12.972792
13.410727
14.388642
14.171801
13.62757
13.9507065
12.866496
14.499189
13.517023
13.844411
13.62757
14.171801
13.738117
14.388642
14.061254
13.733864
13.189634
13.517023
13.844411
13.193886
13.844411
14.278095
13.62757
14.061254
13.62757
14.171801
13.079086
14.388642
13.954958
14.061254
13.954958
13.521274
14.061254
13.193886
12.972792
13.083339
13.62757
13.738117
12.866496
13.62757
14.171801
13.189634
14.282348
13.844411
13.844411
13.954958
14.388642
13.954958
14.716032
13.193886
13.844411
14.061254
13.410727
13.733864
14.278095
13.3001795
13.623319
13.083339
13.62757
14.061254
13.62757
13.3001795
13.083339
13.62757
13.733864
13.3001795
13.62757
13.844411
13.62757
14.061254
13.410727
13.517023
14.061254
13.517023
14.171801
13.410727
13.9507065
14.605485
13.844411
13.410727
13.3001795
13.517023
13.62757
13.733864
13.844411
13.9507065
13.410727
14.932874
13.3001795
13.844411
12.866496
13.954958
13.189634
13.844411
13.62757
13.517023
14.388642
13.517023
13.62757
14.171801
13.517023
12.866496
14.499189
14.061254
13.738117
13.517023
13.62757
13.3001795
14.388642
13.410727
13.738117
14.061254
14.171801
13.406476
13.3001795
13.844411
12.866496
14.716032
14.388642
13.517023
13.62757
13.62757
13.3001795
13.410727
13.733864
13.62757
13.62757
13.189634
14.061254
13.844411
13.844411
13.517023
14.494938
13.3001795
14.388642
13.62757
13.954958
13.844411
13.62757
14.171801
13.406476
14.388642
14.388642
12.972792
13.738117
13.9507065
13.3001795
13.517023
13.62757
13.954958
14.278095
14.171801
13.733864
13.844411
13.62757
13.62757
14.716032
13.406476
14.061254
13.623319
13.954958
13.9507065
14.065505
14.061254
13.844411
13.62757
13.189634
13.844411
14.716032
13.410727
13.083339
13.3001795
13.3001795
13.738117
12.645402
14.278095
14.388642
14.388642
14.171801
14.171801
13.517023
13.083339
14.061254
13.517023
13.62757
13.844411
14.171801
13.410727
13.517023
14.388642
13.62757
13.3001795
13.410727
14.278095
13.083339
13.954958
13.733864
13.410727
14.388642
13.844411
13.083339
14.061254
13.083339
13.3001795
14.388642
14.388642
13.3001795
13.189634
13.517023
13.517023
13.62757
13.406476
14.716032
13.3001795
13.844411
14.388642
13.517023
12.755949
14.065505
13.517023
13.083339
14.171801
13.844411
14.171801
14.061254
13.738117
14.171801
13.079086
13.410727
14.171801
14.061254
13.3001795
13.189634
13.62757
13.733864
14.061254
12.972792
13.62757
13.517023
12.645402
14.499189
14.388642
13.3001795
13.9507065
13.083339
13.517023
14.16755
14.499189
13.844411
13.3001795
13.844411
13.3001795
13.954958
13.733864
14.499189
13.844411
13.733864
13.410727
13.733864
14.388642
14.061254
13.517023
13.193886
14.278095
14.278095
14.171801
14.278095
14.388642
13.62757
13.844411
13.3001795
13.3001795
13.083339
13.517023
13.62757
14.061254
13.62757
13.62757
13.844411
13.410727
13.844411
13.844411
14.499189
14.061254
13.3001795
13.517023
13.517023
14.171801
13.410727
14.605485
14.171801
13.954958
14.278095
13.517023
14.605485
13.517023
14.499189
14.061254
13.62757
13.733864
13.733864
14.282348
13.3001795
13.410727
13.62757
12.972792
13.954958
13.733864
13.410727
13.3001795
14.282348
13.189634
13.3001795
13.954958
14.605485
13.954958
14.061254
14.822327
13.193886
13.954958
13.9507065
13.083339
14.388642
13.406476
14.171801
13.406476
13.517023
13.954958
13.844411
13.189634
14.388642
13.517023
13.517023
13.62757
14.16755
14.388642
13.62757
13.3001795
14.171801
14.061254
12.972792
13.517023
14.605485
13.3001795
13.62757
13.517023
13.844411
14.499189
13.844411
13.410727
13.62757
13.733864
13.62757
13.62757
14.605485
13.738117
13.62757
13.844411
13.62757
13.954958
13.738117
13.62757
13.62757
13.517023
13.410727
13.954958
14.822327
13.954958
14.499189
13.844411
13.517023
14.171801
13.62757
14.278095
13.62757
13.62757
13.517023
14.499189
14.061254
14.278095
13.410727
13.62757
13.3001795
14.932874
13.9507065
14.061254
13.844411
13.844411
12.972792
13.954958
13.733864
13.733864
14.499189
13.844411
13.844411
13.733864
13.733864
12.866496
14.171801
13.517023
13.844411
13.3001795
13.410727
13.410727
13.517023
14.388642
14.061254
14.061254
13.844411
14.388642
14.171801
14.061254
13.733864
13.517023
13.954958
13.406476
13.517023
13.738117
13.189634
14.171801
13.62757
13.733864
13.410727
13.517023
13.517023
13.083339
14.388642
14.605485
13.193886
13.62757
14.061254
13.844411
13.3001795
14.388642
14.278095
13.189634
14.605485
14.494938
14.388642
13.9507065
14.278095
14.171801
13.517023
13.62757
13.954958
13.954958
14.822327
13.083339
13.844411
13.62757
13.738117
13.733864
13.844411
14.278095
14.171801
13.954958
14.278095
13.517023
13.844411
13.844411
13.62757
13.3001795
14.716032
13.733864
13.3001795
13.954958
12.972792
13.410727
13.517023
13.517023
14.171801
14.499189
13.3001795
14.282348
14.278095
13.733864
13.3001795
13.62757
14.605485
13.62757
13.844411
13.517023
13.517023
13.844411
13.954958
13.62757
12.972792
13.410727
14.388642
13.517023
13.517023
13.954958
13.9507065
13.517023
14.061254
13.517023
13.844411
14.061254
14.171801
14.278095
14.278095
13.083339
13.844411
14.716032
13.954958
13.954958
13.733864
13.844411
14.388642
14.388642
14.171801
14.171801
13.189634
13.844411
13.844411
13.733864
12.972792
14.061254
13.733864
13.9507065
13.517023
14.171801
13.733864
14.061254
14.282348
14.605485
13.738117
13.517023
14.171801
13.62757
13.189634
13.517023
13.193886
13.62757
14.278095
13.193886
13.733864
14.388642
12.755949
14.061254
14.388642
14.171801
14.171801
14.282348
13.517023
12.645402
14.061254
13.517023
14.278095
14.388642
14.061254
13.3001795
14.716032
13.954958
14.061254
14.061254
13.083339
13.733864
14.822327
13.62757
14.826579
13.517023
13.410727
13.3001795
13.738117
14.061254
13.3001795
13.9507065
13.517023
14.388642
14.605485
13.844411
14.061254
13.189634
12.866496
14.171801
13.189634
13.738117
13.189634
13.62757
13.844411
13.189634
13.954958
14.061254
13.517023
13.3001795
14.171801
13.517023
12.862245
14.499189
14.388642
14.171801
13.410727
14.061254
14.171801
13.517023
12.755949
14.388642
14.061254
13.410727
13.517023
13.3001795
14.061254
13.3001795
13.62757
14.171801
13.62757
12.972792
13.844411
13.62757
14.494938
13.3001795
13.189634
14.499189
13.62757
14.171801
14.499189
14.061254
14.282348
13.62757
14.388642
13.954958
13.844411
13.954958
13.954958
13.9507065
13.517023
13.517023
14.171801
13.844411
13.844411
13.193886
13.62757
13.410727
14.388642
13.62757
13.844411
13.62757
14.605485
13.844411
13.517023
13.410727
13.62757
13.844411
13.410727
13.623319
14.499189
14.605485
14.061254
13.62757
13.3001795
14.171801
13.954958
13.62757
13.844411
13.189634
14.16755
13.410727
13.62757
13.517023
13.083339
14.499189
14.494938
13.733864
13.517023
14.388642
13.62757
13.954958
13.521274
14.388642
14.061254
14.061254
14.061254
14.061254
13.3001795
13.193886
14.171801
13.62757
13.3001795
14.388642
13.517023
13.406476
13.193886
12.972792
13.62757
14.388642
13.517023
13.517023
13.844411
14.388642
13.3001795
13.62757
13.844411
13.517023
12.972792
13.410727
14.494938
12.972792
14.171801
13.844411
14.388642
13.954958
14.388642
13.406476
14.716032
13.62757
14.716032
14.605485
13.517023
13.410727
13.9507065
13.844411
13.844411
14.061254
13.189634
14.171801
14.716032
13.954958
14.061254
14.171801
13.62757
13.517023
14.388642
14.061254
13.733864
14.061254
14.171801
13.3001795
14.605485
13.954958
14.388642
14.388642
13.738117
13.62757
14.278095
14.065505
14.171801
14.388642
13.410727
13.733864
13.521274
13.9507065
14.061254
13.954958
14.061254
13.954958
14.388642
14.388642
13.844411
13.844411
14.061254
13.844411
14.388642
13.517023
14.388642
13.517023
14.061254
13.954958
14.388642
14.061254
13.410727
14.171801
14.716032
13.410727
13.844411
13.3001795
14.278095
14.061254
13.62757
12.972792
14.822327
13.193886
13.62757
14.605485
13.738117
14.171801
13.9507065
13.083339
13.844411
13.62757
12.972792
13.844411
14.278095
13.844411
12.972792
13.62757
14.16755
14.171801
14.716032
13.733864
13.3001795
13.3001795
14.278095
13.954958
14.605485
13.517023
13.517023
14.278095
14.822327
13.521274
14.388642
14.171801
13.954958
13.62757
14.388642
14.171801
13.62757
13.62757
13.62757
14.171801
14.061254
13.189634
14.171801
13.844411
14.171801
14.388642
13.3001795
14.061254
14.061254
13.62757
13.844411
13.083339
13.954958
13.733864
14.061254
14.388642
14.171801
14.061254
13.189634
14.499189
14.171801
14.061254
14.171801
13.406476
14.061254
13.62757
14.494938
14.171801
14.388642
13.3001795
13.083339
14.061254
13.844411
13.3001795
13.62757
13.733864
13.083339
13.410727
13.62757
13.733864
14.388642
14.278095
13.954958
14.605485
13.3001795
13.733864
13.406476
14.171801
13.62757
13.083339
14.388642
13.517023
14.061254
13.954958
13.623319
13.517023
14.499189
14.061254
13.410727
13.844411
13.62757
14.171801
14.171801
14.171801
14.171801
14.388642
14.278095
13.083339
13.844411
13.738117
14.388642
13.3001795
13.844411
14.061254
13.193886
13.62757
13.517023
12.755949
13.410727
13.517023
13.517023
13.954958
13.517023
13.410727
13.3001795
14.16755
12.972792
13.62757
13.844411
14.061254
13.410727
14.388642
14.171801
13.3001795
13.844411
13.3001795
13.844411
13.954958
12.972792
13.62757
13.9507065
13.623319
13.62757
13.844411
13.517023
14.171801
14.278095
13.62757
14.388642
13.733864
13.733864
14.282348
13.844411
14.388642
13.9507065
14.605485
13.189634
14.061254
13.62757
12.862245
13.517023
14.278095
14.061254
14.282348
13.844411
13.3001795
13.954958
12.972792
13.844411
14.282348
13.844411
13.3001795
14.065505
14.171801
14.061254
14.716032
13.733864
13.844411
14.171801
13.517023
13.733864
13.954958
13.62757
12.862245
13.844411
13.083339
13.3001795
12.972792
14.171801
13.3001795
13.62757
14.388642
13.189634
13.954958
14.499189
13.406476
14.171801
14.388642
14.171801
13.733864
13.517023
13.844411
14.716032
13.733864
13.954958
12.755949
14.282348
13.733864
12.539107
13.517023
13.9507065
13.521274
14.499189
13.406476
13.083339
13.954958
14.061254
13.733864
13.189634
13.62757
13.954958
14.061254
13.738117
14.388642
12.645402
14.171801
13.3001795
13.9507065
14.171801
14.499189
14.388642
12.972792
13.733864
13.733864
14.282348
14.278095
14.171801
14.061254
14.388642
14.171801
13.62757
14.171801
14.388642
13.844411
14.171801
13.844411
13.083339
13.738117
13.517023
13.844411
14.388642
14.388642
13.954958
13.62757
13.844411
14.061254
14.499189
14.278095
13.733864
13.62757
14.061254
13.3001795
13.517023
14.171801
14.388642
13.62757
13.3001795
14.388642
13.517023
14.282348
13.9507065
14.171801
13.189634
13.844411
14.278095
13.3001795
13.189634
14.388642
13.954958
13.517023
13.62757
13.517023
14.499189
13.9507065
13.3001795
14.716032
14.061254
13.3001795
13.517023
13.3001795
13.844411
13.410727
14.171801
13.3001795
13.62757
14.388642
14.171801
14.061254
13.3001795
13.738117
13.9507065
14.716032
14.061254
13.623319
13.083339
14.388642
14.061254
14.388642
13.410727
13.733864
13.3001795
13.189634
13.62757
14.278095
13.521274
14.171801
13.62757
13.3001795
14.061254
13.410727
13.406476
13.189634
14.171801
14.388642
13.733864
13.844411
13.517023
13.954958
14.278095
14.388642
14.171801
13.517023
13.3001795
13.9507065
14.061254
13.62757
13.083339
14.278095
13.62757
14.061254
13.193886
13.840159
13.3001795
13.406476
13.844411
14.061254
14.061254
13.844411
13.517023
13.954958
13.733864
14.171801
14.388642
14.388642
14.388642
14.605485
13.62757
14.061254
13.62757
13.517023
13.844411
13.410727
14.388642
13.844411
14.061254
13.844411
13.733864
13.62757
13.844411
13.733864
13.3001795
14.605485
14.061254
13.844411
14.278095
13.62757
13.733864
13.410727
13.733864
13.954958
14.278095
13.62757
13.954958
14.171801
13.517023
13.62757
13.954958
14.171801
13.844411
13.62757
13.844411
13.733864
14.061254
14.605485
14.388642
14.282348
12.972792
14.278095
13.844411
13.738117
13.517023
13.189634
14.061254
13.410727
14.282348
14.061254
13.62757
13.517023
13.738117
13.9507065
13.738117
13.3001795
14.171801
13.62757
14.061254
14.388642
14.171801
14.499189
13.62757
14.171801
14.278095
13.844411
13.189634
14.388642
13.3001795
13.733864
13.517023
13.410727
13.189634
13.738117
14.061254
14.499189
13.62757
13.083339
13.844411
14.388642
13.517023
14.061254
14.388642
14.171801
14.388642
14.278095
14.065505
14.278095
13.517023
14.171801
13.9507065
14.282348
13.954958
13.079086
13.62757
13.517023
13.62757
13.410727
13.844411
13.189634
13.410727
14.605485
13.517023
14.388642
13.62757
13.733864
13.738117
13.844411
13.733864
14.609736
13.623319
13.083339
14.278095
14.278095
13.62757
13.406476
14.499189
13.954958
14.171801
14.171801
14.388642
12.972792
13.954958
13.517023
14.605485
13.3001795
13.62757
13.517023
13.517023
14.282348
14.388642
13.844411
14.826579
13.517023
13.517023
13.410727
14.388642
14.061254
13.954958
14.388642
14.494938
13.083339
14.061254
13.517023
13.844411
14.278095
14.388642
13.954958
13.623319
14.061254
13.738117
13.62757
13.517023
13.738117
13.62757
13.079086
13.954958
13.62757
14.278095
12.972792
13.62757
14.605485
13.193886
14.716032
14.278095
14.171801
13.410727
13.733864
13.189634
13.3001795
13.954958
14.061254
13.406476
13.62757
14.388642
14.061254
13.954958
14.061254
13.410727
13.62757
13.844411
13.406476
13.3001795
13.733864
13.62757
14.171801
14.171801
14.171801
13.3001795
14.388642
13.517023
14.388642
13.62757
13.3001795
13.954958
14.061254
13.517023
14.065505
13.733864
13.62757
13.410727
14.171801
14.605485
13.62757
14.388642
13.844411
12.972792
14.499189
13.517023
13.844411
13.62757
14.061254
13.083339
14.171801
14.494938
13.844411
13.738117
14.499189
13.410727
14.609736
14.605485
13.62757
13.62757
13.62757
13.189634
14.171801
13.517023
12.972792
13.738117
13.844411
12.972792
13.733864
13.62757
14.388642
13.406476
14.171801
14.388642
14.061254
14.061254
13.62757
14.605485
13.517023
13.844411
13.517023
14.388642
13.406476
13.954958
14.499189
13.517023
13.3001795
14.499189
14.388642
13.62757
13.62757
14.278095
13.844411
14.499189
13.406476
14.061254
13.410727
13.844411
13.733864
13.954958
13.517023
14.282348
13.62757
14.171801
14.388642
13.517023
13.954958
14.061254
13.517023
14.388642
14.171801
13.62757
13.738117
13.517023
13.189634
14.171801
13.406476
13.3001795
14.278095
13.3001795
13.62757
13.9507065
14.388642
13.844411
13.3001795
13.738117
14.499189
14.494938
13.410727
13.844411
13.3001795
14.716032
14.822327
13.954958
14.061254
13.733864
13.517023
13.3001795
14.061254
13.517023
14.061254
13.62757
13.954958
12.972792
14.605485
14.822327
13.406476
14.282348
13.733864
13.62757
13.738117
13.517023
13.738117
13.844411
13.733864
13.844411
14.716032
14.388642
13.521274
14.388642
14.494938
14.171801
13.844411
13.517023
13.517023
13.083339
14.171801
14.061254
13.3001795
13.844411
13.62757
14.282348
14.388642
13.954958
13.410727
13.406476
14.061254
13.844411
13.62757
14.388642
13.954958
13.406476
14.716032
14.388642
14.278095
13.954958
14.278095
14.061254
13.62757
14.494938
13.410727
13.62757
13.3001795
13.521274
13.844411
14.388642
13.083339
13.844411
14.061254
14.282348
13.9507065
13.62757
14.282348
13.733864
13.954958
14.171801
13.3001795
14.171801
13.62757
13.517023
14.171801
14.716032
13.189634
13.954958
13.62757
14.388642
14.171801
13.3001795
13.3001795
13.844411
13.304433
13.517023
13.62757
13.3001795
13.410727
13.844411
13.3001795
13.954958
13.733864
13.517023
13.62757
13.517023
13.3001795
14.171801
14.061254
14.061254
13.62757
13.410727
14.278095
14.282348
14.388642
13.189634
14.388642
14.061254
14.388642
13.954958
13.844411
12.862245
13.410727
13.3001795
14.171801
13.62757
13.410727
13.406476
13.517023
13.083339
13.62757
13.517023
13.193886
13.844411
14.061254
13.62757
14.171801
14.061254
14.605485
14.171801
13.738117
13.62757
13.083339
13.844411
14.388642
13.410727
13.954958
14.278095
13.410727
13.3001795
13.517023
13.083339
14.388642
14.605485
13.954958
13.517023
14.061254
13.954958
14.388642
14.605485
13.083339
13.62757
14.061254
13.410727
14.278095
13.3001795
13.3001795
12.972792
14.609736
13.517023
13.410727
13.517023
14.605485
13.844411
14.605485
13.844411
13.3001795
14.061254
14.171801
13.954958
13.954958
14.061254
13.410727
14.388642
14.388642
14.061254
14.171801
14.388642
14.499189
13.406476
14.282348
14.061254
14.061254
13.517023
14.061254
14.171801
13.733864
13.844411
13.517023
13.517023
14.171801
14.278095
13.954958
14.826579
14.278095
13.844411
14.388642
13.62757
14.061254
14.278095
13.844411
14.605485
13.083339
14.171801
13.844411
14.605485
14.278095
13.517023
13.733864
13.62757
14.282348
13.733864
13.62757
13.410727
14.388642
14.278095
13.410727
14.388642
13.733864
13.517023
14.061254
14.282348
13.3001795
12.972792
13.406476
13.62757
14.061254
13.844411
13.62757
13.844411
13.954958
13.733864
13.410727
13.733864
14.499189
14.171801
13.3001795
13.733864
14.061254
14.388642
14.061254
14.171801
13.083339
14.171801
13.733864
13.954958
13.3001795
13.844411
13.9507065
13.517023
13.733864
13.3001795
14.171801
14.278095
14.171801
13.9507065
14.171801
14.171801
14.388642
13.733864
13.62757
13.844411
14.499189
14.494938
13.954958
13.844411
13.844411
13.738117
13.844411
13.410727
14.499189
13.9507065
14.171801
13.844411
13.62757
13.62757
14.605485
13.844411
13.3001795
13.517023
13.954958
14.605485
14.388642
12.755949
14.061254
13.410727
12.972792
14.282348
13.738117
13.083339
13.410727
14.171801
13.62757
13.844411
13.3001795
13.733864
13.9507065
13.517023
14.171801
13.733864
13.738117
13.406476
13.954958
14.388642
13.844411
13.410727
13.954958
13.733864
13.62757
14.605485
14.171801
13.844411
14.605485
13.193886
13.517023
13.406476
14.278095
13.62757
14.388642
14.605485
13.083339
13.517023
13.3001795
13.406476
14.278095
13.844411
14.278095
13.083339
13.62757
13.623319
13.193886
14.826579
14.171801
14.388642
12.972792
13.62757
13.517023
13.517023
13.844411
13.193886
13.733864
14.171801
13.3001795
14.278095
13.3001795
14.388642
13.844411
13.733864
14.605485
12.972792
13.954958
14.171801
13.844411
13.62757
13.954958
13.189634
14.826579
14.388642
14.061254
14.388642
13.517023
13.844411
14.171801
13.62757
13.083339
14.388642
13.3001795
13.517023
13.517023
13.62757
14.171801
14.061254
14.499189
14.388642
14.061254
14.605485
14.061254
13.083339
13.517023
13.954958
13.9507065
13.733864
13.62757
13.844411
13.954958
13.406476
13.738117
13.844411
14.171801
14.716032
14.278095
13.954958
14.061254
13.410727
14.499189
13.733864
14.388642
13.193886
14.061254
13.517023
13.844411
12.972792
13.738117
13.3001795
12.972792
13.844411
13.844411
13.410727
13.517023
14.716032
14.716032
14.171801
13.517023
13.406476
13.844411
14.605485
14.388642
14.605485
12.755949
13.3001795
13.189634
14.278095
14.499189
13.844411
13.410727
14.388642
14.171801
13.3001795
14.605485
14.388642
14.278095
13.62757
13.844411
13.517023
13.954958
13.738117
14.171801
14.061254
13.954958
13.954958
13.844411
14.061254
12.972792
14.065505
13.517023
13.517023
13.406476
14.061254
13.517023
14.932874
14.278095
13.3001795
14.499189
14.494938
13.410727
13.733864
13.406476
13.954958
13.733864
14.061254
14.171801
13.733864
14.822327
13.844411
14.278095
13.3001795
14.171801
13.3001795
13.844411
13.844411
13.410727
14.499189
13.733864
13.517023
13.62757
13.9507065
13.410727
13.844411
13.733864
13.517023
13.517023
13.083339
14.278095
13.733864
13.733864
14.494938
13.844411
14.278095
13.410727
13.954958
13.623319
14.278095
13.3001795
13.62757
14.278095
14.171801
13.517023
13.3001795
14.499189
13.844411
13.738117
13.733864
13.3001795
13.954958
14.932874
12.972792
14.171801
13.62757
13.733864
13.189634
13.954958
14.061254
13.083339
14.605485
14.065505
13.954958
13.844411
14.499189
14.282348
13.406476
13.844411
13.733864
14.061254
13.62757
13.844411
14.061254
14.171801
14.061254
13.517023
13.738117
13.733864
12.862245
14.282348
13.517023
13.62757
13.844411
13.844411
13.3001795
13.844411
13.954958
13.62757
14.278095
14.499189
14.171801
13.517023
13.62757
14.605485
13.844411
13.738117
14.494938
14.171801
13.517023
14.499189
13.083339
13.844411
13.406476
13.844411
13.954958
13.517023
12.972792
14.388642
13.189634
13.083339
13.62757
13.733864
13.193886
13.954958
13.62757
14.499189
14.061254
13.844411
12.755949
13.844411
14.278095
13.410727
14.826579
13.517023
13.410727
14.171801
13.733864
12.972792
14.499189
14.716032
13.517023
13.517023
13.62757
14.061254
13.3001795
13.844411
13.844411
14.388642
14.388642
13.521274
13.517023
13.189634
13.954958
14.388642
14.061254
14.282348
13.844411
13.083339
14.171801
13.3001795
14.388642
14.499189
13.517023
13.733864
13.738117
13.410727
14.278095
13.3001795
13.954958
14.278095
14.061254
13.517023
14.061254
13.844411
13.62757
13.844411
13.844411
14.388642
13.083339
13.733864
13.517023
13.844411
13.738117
14.605485
13.083339
14.499189
14.494938
13.410727
14.061254
13.517023
13.517023
13.517023
13.62757
13.62757
14.388642
13.733864
14.171801
14.061254
14.388642
13.410727
13.954958
14.171801
13.189634
13.738117
14.171801
13.189634
13.844411
14.388642
14.061254
13.954958
14.061254
12.755949
14.716032
13.733864
13.844411
13.844411
13.517023
13.62757
14.061254
13.62757
13.62757
13.733864
14.171801
13.406476
13.3001795
13.954958
14.16755
12.972792
14.171801
14.171801
13.410727
13.3001795
13.62757
14.278095
13.62757
13.733864
13.406476
14.171801
13.844411
14.171801
13.517023
14.171801
13.62757
14.282348
14.171801
13.844411
13.62757
13.517023
14.499189
13.733864
13.410727
13.3001795
13.410727
14.716032
13.517023
14.499189
14.278095
13.62757
13.3001795
13.844411
14.282348
13.62757
14.388642
14.061254
14.282348
14.278095
13.410727
12.755949
13.844411
13.62757
13.954958
13.3001795
14.388642
14.061254
14.171801
13.733864
14.171801
13.62757
13.62757
13.844411
14.499189
14.061254
13.410727
13.844411
14.388642
14.494938
14.282348
14.499189
13.517023
14.061254
13.410727
13.844411
14.932874
13.3001795
14.16755
14.282348
13.517023
13.844411
13.62757
14.499189
14.061254
14.065505
14.278095
13.410727
14.061254
13.083339
13.3001795
13.9507065
14.388642
13.733864
13.3001795
13.844411
13.62757
13.844411
14.605485
13.3001795
13.517023
13.517023
13.9507065
13.738117
14.499189
13.517023
13.844411
13.083339
14.278095
14.278095
13.517023
12.972792
14.826579
13.844411
13.844411
14.061254
13.954958
14.494938
13.738117
14.499189
13.517023
14.061254
13.3001795
14.388642
13.517023
14.388642
14.061254
13.517023
14.061254
13.844411
13.733864
14.388642
14.494938
13.62757
14.171801
14.061254
13.733864
13.517023
13.406476
13.410727
13.517023
13.844411
14.171801
13.410727
13.62757
14.061254
14.716032
13.410727
13.954958
13.9507065
13.62757
13.62757
14.061254
14.282348
14.388642
14.716032
14.278095
13.9507065
14.282348
13.406476
13.083339
14.388642
13.954958
13.62757
13.189634
14.388642
14.278095
13.517023
13.62757
14.605485
12.972792
13.3001795
13.517023
13.083339
13.62757
13.844411
14.388642
13.62757
14.499189
13.410727
13.733864
13.193886
13.733864
14.499189
13.189634
14.061254
13.62757
13.517023
13.954958
13.733864
14.171801
14.171801
13.733864
13.3001795
13.189634
13.62757
13.193886
14.278095
14.282348
14.388642
14.171801
13.844411
13.733864
12.972792
14.388642
14.278095
13.3001795
14.061254
13.410727
13.954958
14.171801
14.388642
13.62757
13.406476
14.388642
13.3001795
13.083339
14.716032
14.061254
14.171801
13.844411
13.9507065
13.517023
14.499189
13.62757
13.738117
14.388642
14.278095
14.171801
14.171801
14.494938
13.3001795
13.517023
13.3001795
13.517023
13.62757
14.716032
14.171801
13.189634
14.499189
13.844411
13.083339
14.716032
13.517023
13.3001795
14.065505
14.278095
13.3001795
13.738117
13.844411
13.189634
13.3001795
14.388642
13.3001795
13.954958
13.733864
12.755949
13.844411
14.388642
13.083339
14.499189
13.844411
14.061254
14.282348
13.733864
14.388642
13.954958
14.061254
13.62757
14.605485
14.282348
14.282348
14.061254
13.844411
14.716032
13.62757
14.171801
13.844411
13.62757
13.954958
13.517023
13.738117
13.844411
13.517023
14.171801
14.061254
13.3001795
13.954958
13.844411
14.061254
13.738117
13.62757
13.844411
13.844411
14.499189
14.282348
13.189634
13.954958
14.171801
14.388642
14.499189
13.844411
14.282348
13.954958
13.62757
13.62757
14.061254
13.517023
13.733864
13.62757
14.499189
14.278095
13.738117
13.733864
13.844411
14.388642
14.061254
14.171801
14.278095
13.410727
14.716032
13.733864
13.844411
13.733864
14.278095
13.62757
13.844411
14.065505
13.189634
13.733864
13.62757
13.844411
13.189634
14.171801
14.061254
14.171801
13.517023
14.061254
13.62757
13.844411
13.62757
13.3001795
14.061254
13.3001795
13.3001795
14.499189
14.605485
13.844411
13.733864
14.061254
13.62757
13.189634
13.62757
13.733864
13.189634
13.844411
14.932874
14.499189
12.862245
13.62757
14.171801
13.189634
13.733864
14.278095
14.388642
14.499189
13.733864
14.171801
13.410727
13.517023
14.171801
13.733864
14.278095
13.62757
14.061254
13.517023
13.410727
14.171801
13.410727
13.733864
12.755949
13.62757
13.9507065
13.3001795
14.061254
14.388642
13.738117
13.954958
14.388642
13.3001795
13.517023
14.388642
13.517023
13.189634
14.065505
13.844411
13.844411
14.171801
13.738117
13.844411
14.499189
14.499189
13.189634
13.3001795
13.733864
14.061254
14.171801
13.517023
13.844411
13.954958
14.388642
14.061254
14.171801
13.954958
13.844411
13.954958
13.083339
13.079086
13.848664
13.3001795
13.844411
14.282348
13.517023
13.410727
13.844411
14.388642
13.733864
13.083339
14.388642
13.844411
13.410727
13.62757
14.605485
13.410727
14.171801
13.406476
13.410727
13.844411
13.517023
14.061254
13.3001795
13.62757
13.844411
14.061254
13.62757
13.844411
13.954958
14.061254
14.061254
13.189634
13.517023
14.388642
13.844411
13.3001795
13.62757
14.388642
12.972792
14.065505
14.388642
12.972792
13.738117
14.388642
13.844411
14.278095
13.517023
14.065505
13.517023
14.061254
14.171801
14.061254
13.406476
13.62757
14.822327
13.189634
13.410727
13.844411
13.954958
14.171801
14.278095
13.410727
13.954958
14.061254
13.738117
14.061254
14.499189
13.517023
13.733864
13.733864
14.282348
13.410727
14.388642
14.388642
13.62757
14.171801
13.517023
13.3001795
13.954958
14.388642
14.065505
14.061254
13.517023
14.282348
13.517023
13.517023
14.171801
14.061254
13.517023
14.16755
13.406476
13.3001795
14.278095
14.499189
13.844411
14.605485
14.282348
14.16755
14.388642
14.171801
13.517023
13.62757
13.954958
13.3001795
13.517023
14.171801
14.061254
14.171801
13.62757
13.517023
13.954958
14.171801
14.499189
13.844411
14.388642
14.171801
14.171801
14.061254
13.521274
13.844411
13.62757
14.061254
13.406476
14.171801
13.406476
13.62757
14.388642
13.3001795
13.9507065
13.62757
13.410727
13.410727
12.755949
13.844411
14.499189
14.061254
13.521274
13.733864
13.62757
14.494938
13.410727
13.844411
13.954958
13.517023
14.388642
13.083339
13.733864
13.410727
14.822327
13.3001795
13.517023
14.388642
14.061254
14.065505
13.517023
13.62757
13.62757
14.171801
13.62757
13.62757
14.388642
13.083339
14.171801
13.62757
13.954958
13.083339
14.499189
13.733864
14.171801
13.189634
13.844411
14.716032
13.517023
13.844411
13.189634
14.388642
14.278095
13.3001795
13.733864
14.171801
14.061254
13.3001795
14.282348
14.822327
13.62757
13.083339
14.388642
14.605485
13.3001795
13.189634
14.499189
14.605485
13.954958
12.755949
13.844411
14.388642
13.3001795
14.282348
13.517023
13.406476
13.410727
13.733864
13.410727
14.605485
13.738117
13.738117
13.406476
14.605485
13.9507065
14.171801
14.171801
14.499189
13.406476
13.62757
14.605485
14.499189
14.388642
13.3001795
13.844411
13.62757
14.278095
13.844411
14.388642
13.517023
14.171801
13.62757
13.733864
13.62757
13.189634
13.3001795
14.609736
14.171801
14.171801
13.623319
14.278095
13.410727
13.189634
13.954958
13.844411
13.62757
14.171801
13.844411
14.171801
13.189634
13.954958
13.517023
14.499189
14.388642
13.3001795
13.62757
13.954958
14.388642
13.3001795
13.954958
14.061254
13.62757
13.517023
13.954958
13.844411
14.278095
14.388642
14.494938
13.733864
13.62757
14.061254
13.189634
13.844411
13.844411
14.388642
13.517023
14.061254
14.278095
14.16755
12.755949
14.282348
14.605485
13.083339
14.388642
13.189634
13.3001795
14.388642
13.62757
14.605485
12.866496
13.517023
13.844411
13.517023
13.083339
14.494938
13.517023
13.193886
13.738117
14.494938
14.061254
13.954958
13.954958
14.388642
13.3001795
14.171801
14.605485
13.844411
14.061254
14.499189
13.62757
14.061254
14.282348
13.733864
13.3001795
13.954958
13.733864
13.738117
14.278095
13.733864
14.388642
13.733864
14.065505
13.62757
13.62757
14.061254
13.9507065
14.716032
13.3001795
14.171801
14.171801
14.171801
14.388642
13.844411
13.954958
13.517023
13.954958
13.844411
12.866496
14.388642
13.623319
13.083339
13.844411
14.605485
13.410727
13.733864
13.410727
14.499189
13.3001795
13.62757
13.189634
13.189634
13.517023
13.844411
13.3001795
13.083339
13.083339
14.278095
13.189634
14.388642
15.149716
13.083339
13.406476
14.499189
14.278095
13.083339
13.733864
14.388642
13.62757
14.388642
14.499189
13.517023
13.954958
14.388642
14.171801
13.517023
13.189634
14.171801
14.061254
13.844411
13.517023
14.282348
13.9507065
13.844411
14.065505
14.171801
13.3001795
14.388642
13.3001795
13.62757
14.388642
13.62757
14.605485
12.972792
14.065505
14.061254
13.517023
14.171801
13.517023
13.410727
13.733864
13.738117
13.517023
13.738117
13.9507065
14.388642
14.605485
13.62757
14.278095
13.738117
13.62757
14.171801
14.388642
14.494938
13.083339
14.499189
13.733864
13.189634
13.189634
14.171801
14.388642
13.083339
13.738117
13.9507065
14.605485
13.844411
14.171801
13.844411
14.605485
13.410727
13.844411
14.282348
13.517023
13.517023
14.499189
14.061254
14.171801
13.517023
14.605485
13.733864
13.844411
13.733864
14.171801
14.388642
13.3001795
14.388642
13.738117
13.844411
13.410727
14.065505
14.499189
13.3001795
12.645402
14.716032
13.3001795
13.521274
14.826579
13.62757
13.410727
13.954958
14.388642
13.844411
14.061254
14.388642
14.061254
13.844411
13.62757
14.388642
13.954958
13.3001795
13.62757
14.822327
13.083339
14.061254
13.733864
14.171801
12.862245
14.388642
14.278095
13.410727
13.954958
13.733864
14.499189
13.844411
13.189634
13.410727
14.171801
13.738117
14.388642
13.083339
14.061254
13.844411
13.410727
13.9507065
14.388642
13.62757
14.061254
13.62757
13.733864
14.716032
13.844411
14.388642
13.844411
13.517023
14.171801
13.9507065
14.716032
13.517023
14.388642
14.499189
14.278095
13.62757
13.62757
14.388642
13.3001795
13.517023
13.410727
13.406476
14.282348
13.410727
13.733864
13.410727
13.3001795
13.517023
14.061254
14.171801
14.388642
14.171801
13.954958
14.605485
13.62757
14.171801
13.62757
14.609736
13.62757
13.083339
13.406476
14.388642
13.733864
12.755949
14.499189
13.9507065
14.171801
13.844411
14.388642
13.517023
13.844411
13.954958
14.605485
13.410727
13.083339
14.171801
14.278095
12.972792
14.171801
14.605485
13.844411
13.406476
13.410727
14.061254
13.410727
14.282348
13.733864
13.410727
14.278095
13.3001795
13.733864
14.061254
14.061254
14.388642
14.061254
14.282348
13.733864
13.083339
14.171801
13.189634
13.193886
14.609736
14.605485
13.406476
13.844411
13.623319
13.083339
13.3001795
14.388642
12.972792
13.844411
13.517023
13.62757
13.517023
13.844411
14.932874
14.171801
14.388642
14.061254
13.954958
13.517023
13.62757
13.410727
13.517023
14.061254
14.171801
13.844411
13.406476
13.954958
13.3001795
13.844411
13.62757
13.517023
13.189634
13.954958
14.278095
14.061254
14.826579
13.733864
13.733864
13.3001795
14.388642
13.844411
14.061254
13.62757
14.716032
13.844411
13.62757
14.278095
13.410727
13.193886
14.388642
13.62757
13.733864
13.410727
13.3001795
14.282348
13.844411
13.517023
14.605485
13.3001795
13.517023
13.410727
14.388642
13.193886
14.171801
14.822327
14.171801
14.061254
13.3001795
13.62757
14.171801
14.16755
14.499189
14.494938
13.517023
13.844411
14.171801
13.844411
13.62757
13.738117
13.62757
14.061254
13.3001795
13.733864
13.738117
14.171801
13.517023
14.061254
13.3001795
14.171801
13.844411
14.388642
14.388642
14.388642
14.278095
13.193886
14.716032
14.282348
14.388642
13.517023
13.954958
13.844411
13.410727
13.738117
14.605485
13.517023
13.62757
14.278095
13.844411
13.62757
14.065505
13.844411
14.171801
13.733864
14.061254
13.410727
13.517023
13.517023
13.3001795
13.844411
13.517023
13.844411
13.954958
14.388642
13.738117
14.171801
13.954958
14.388642
13.193886
14.388642
14.605485
14.171801
14.605485
14.171801
14.171801
14.499189
13.189634
13.738117
14.278095
13.410727
13.189634
14.499189
13.844411
13.733864
13.844411
14.499189
14.278095
13.3001795
13.62757
13.733864
13.410727
13.410727
13.517023
14.388642
14.282348
14.061254
14.282348
13.517023
14.171801
14.499189
13.733864
13.189634
13.083339
13.3001795
14.282348
13.410727
13.62757
14.499189
14.388642
13.844411
14.282348
13.9507065
13.62757
13.517023
14.499189
14.605485
13.954958
14.278095
13.738117
13.844411
13.517023
13.62757
13.738117
14.716032
14.388642
14.061254
13.733864
13.517023
14.388642
13.62757
14.499189
13.62757
13.844411
13.738117
14.499189
13.3001795
14.499189
13.733864
13.9507065
13.844411
14.061254
14.499189
13.844411
14.388642
14.605485
14.061254
13.954958
13.517023
13.517023
14.388642
14.171801
14.499189
13.62757
14.388642
13.62757
13.738117
14.605485
14.171801
13.733864
14.171801
13.844411
13.844411
14.171801
14.171801
13.844411
14.171801
13.9507065
14.716032
13.410727
13.844411
14.061254
14.171801
14.605485
14.499189
13.738117
14.494938
13.521274
14.282348
14.388642
12.972792
14.282348
14.278095
13.954958
13.410727
14.061254
13.954958
14.388642
14.388642
13.844411
13.954958
14.605485
13.738117
14.716032
13.517023
14.282348
14.171801
14.499189
14.605485
14.171801
14.171801
14.278095
13.410727
14.605485
13.62757
13.3001795
14.061254
13.738117
14.278095
14.171801
14.499189
14.716032
13.62757
14.278095
13.844411
14.388642
13.844411
14.061254
13.844411
14.171801
13.954958
13.844411
13.954958
13.844411
14.716032
13.62757
13.844411
13.410727
14.716032
13.733864
14.171801
14.278095
13.954958
14.278095
14.609736
14.388642
13.3001795
14.171801
13.3001795
14.388642
13.3001795
14.065505
14.16755
13.410727
13.62757
13.954958
13.844411
13.083339
13.3001795
13.844411
13.521274
13.517023
13.733864
13.954958
14.171801
14.282348
14.061254
13.844411
14.061254
14.716032
14.171801
13.189634
13.844411
14.278095
14.388642
13.844411
14.716032
13.738117
13.517023
14.499189
14.605485
14.282348
13.844411
13.62757
14.499189
13.083339
13.954958
14.061254
13.3001795
13.733864
13.517023
13.844411
14.388642
14.171801
13.517023
14.171801
14.499189
14.061254
13.410727
13.517023
13.62757
13.410727
13.733864
14.716032
14.278095
14.171801
14.171801
13.517023
14.065505
13.954958
14.388642
14.061254
13.733864
14.716032
14.388642
13.62757
13.62757
13.3001795
14.282348
13.954958
14.388642
13.844411
14.388642
14.499189
13.3001795
13.733864
14.388642
14.605485
14.171801
13.517023
14.826579
13.62757
13.517023
14.061254
14.605485
13.62757
13.954958
14.061254
14.171801
14.061254
13.62757
13.733864
12.972792
13.517023
13.844411
13.844411
14.716032
13.623319
14.499189
14.388642
13.083339
13.954958
13.9507065
13.954958
13.517023
13.844411
13.083339
13.954958
13.517023
13.083339
13.844411
14.171801
14.061254
13.62757
14.605485
13.410727
13.517023
14.605485
13.62757
13.62757
13.517023
13.517023
13.844411
13.189634
13.954958
14.388642
13.844411
14.061254
13.517023
13.954958
13.733864
13.3001795
13.517023
14.061254
14.282348
14.278095
13.844411
13.844411
13.517023
13.62757
13.844411
13.406476
13.738117
13.733864
14.171801
13.3001795
14.282348
13.844411
14.388642
14.171801
14.716032
14.388642
13.410727
13.844411
13.954958
14.388642
13.410727
13.733864
14.171801
13.189634
13.738117
13.844411
13.623319
14.282348
14.494938
13.410727
14.494938
13.844411
13.3001795
14.388642
13.62757
13.733864
14.171801
14.716032
14.061254
13.62757
14.171801
13.083339
13.62757
13.9507065
14.282348
13.62757
13.517023
13.410727
14.388642
14.388642
13.954958
14.171801
14.388642
13.954958
14.061254
14.499189
13.406476
12.972792
13.521274
13.193886
13.62757
14.388642
13.521274
14.061254
13.733864
14.716032
14.171801
12.862245
13.3001795
14.388642
13.733864
13.410727
14.388642
13.083339
13.954958
13.844411
13.62757
13.844411
13.954958
14.388642
14.499189
14.278095
13.62757
14.494938
13.844411
13.844411
14.716032
14.388642
14.388642
13.844411
13.62757
13.733864
13.844411
14.171801
14.388642
13.083339
13.844411
14.278095
13.193886
14.388642
13.738117
13.517023
13.844411
13.62757
13.083339
13.954958
14.061254
13.844411
13.733864
13.62757
13.62757
13.733864
13.3001795
14.061254
14.716032
13.517023
13.517023
13.844411
13.083339
14.499189
13.62757
13.844411
13.733864
13.738117
13.517023
13.954958
14.065505
14.605485
13.954958
13.3001795
14.061254
13.733864
13.954958
14.494938
14.388642
12.866496
13.844411
14.278095
14.388642
13.083339
13.733864
13.844411
14.278095
13.410727
13.3001795
13.738117
13.844411
13.738117
14.061254
14.171801
13.517023
13.844411
14.388642
14.061254
13.62757
14.278095
13.62757
14.278095
13.954958
13.733864
14.278095
14.499189
14.278095
13.62757
13.3001795
13.3001795
13.738117
14.061254
13.844411
13.3001795
13.62757
13.517023
13.62757
13.406476
14.171801
13.733864
13.3001795
13.954958
13.62757
14.388642
14.388642
13.844411
13.62757
13.62757
13.410727
13.844411
13.3001795
13.62757
14.494938
14.171801
13.3001795
14.826579
13.9507065
13.193886
13.3001795
14.388642
14.278095
14.061254
14.605485
14.171801
13.62757
13.083339
14.061254
14.499189
14.278095
13.954958
14.494938
13.844411
14.605485
14.061254
14.499189
13.844411
14.171801
13.9507065
13.62757
14.278095
13.410727
14.171801
13.738117
13.406476
13.62757
13.517023
14.605485
13.3001795
13.844411
14.061254
13.733864
14.499189
13.844411
14.171801
13.62757
13.410727
13.406476
13.3001795
13.3001795
14.609736
14.278095
13.738117
13.189634
13.954958
14.171801
12.972792
14.499189
14.278095
13.9507065
14.061254
13.62757
13.738117
14.716032
13.844411
13.517023
13.844411
13.844411
13.410727
13.406476
13.738117
14.278095
13.3001795
14.282348
13.733864
13.410727
13.3001795
13.62757
14.278095
13.733864
14.282348
13.9507065
13.410727
14.171801
14.278095
13.083339
14.061254
13.62757
14.171801
14.278095
13.738117
13.844411
14.605485
13.406476
13.733864
13.189634
13.3001795
14.605485
13.3001795
13.733864
14.061254
13.738117
14.822327
13.62757
14.171801
13.844411
14.278095
13.62757
14.716032
13.844411
13.62757
14.061254
14.061254
13.62757
14.061254
13.954958
14.171801
12.862245
14.171801
14.388642
14.061254
14.499189
13.733864
13.954958
14.171801
13.3001795
13.738117
13.3001795
13.517023
13.954958
12.755949
13.844411
14.278095
13.410727
14.278095
13.3001795
13.62757
14.278095
14.061254
13.9507065
13.3001795
13.954958
14.171801
13.083339
13.62757
14.061254
13.410727
13.62757
13.3001795
14.499189
14.061254
14.282348
13.3001795
14.499189
14.061254
13.517023
14.499189
13.517023
14.388642
13.410727
13.733864
13.844411
13.62757
13.738117
14.494938
13.410727
13.189634
12.972792
13.954958
13.623319
13.954958
14.061254
14.605485
14.282348
13.954958
13.517023
14.282348
13.9507065
12.755949
14.061254
14.171801
14.388642
14.278095
14.061254
13.517023
13.410727
14.061254
14.388642
13.844411
13.517023
13.3001795
13.517023
13.189634
12.972792
13.9507065
13.3001795
14.605485
13.517023
14.716032
13.844411
13.189634
13.733864
14.061254
13.844411
13.083339
13.410727
13.3001795
13.083339
13.844411
14.171801
13.3001795
13.410727
14.388642
14.061254
13.62757
14.932874
13.517023
13.517023
13.738117
13.844411
14.171801
14.388642
13.517023
13.517023
13.083339
13.844411
13.844411
13.733864
14.499189
13.3001795
13.521274
13.844411
13.62757
13.62757
14.061254
14.278095
13.738117
13.844411
13.517023
14.061254
13.517023
13.954958
14.061254
13.083339
13.738117
13.3001795
13.410727
14.278095
13.733864
13.844411
13.517023
13.738117
13.9507065
13.083339
14.061254
13.844411
13.844411
13.733864
14.061254
14.065505
13.62757
13.3001795
13.844411
13.517023
14.716032
13.844411
14.171801
13.517023
13.189634
14.171801
13.844411
13.3001795
12.972792
13.62757
14.388642
13.62757
14.388642
13.9507065
13.62757
13.517023
13.62757
13.410727
14.278095
13.738117
14.171801
14.388642
13.844411
13.62757
13.3001795
14.494938
13.62757
13.733864
14.499189
14.061254
13.517023
14.171801
13.844411
14.499189
14.605485
13.3001795
13.62757
13.738117
14.278095
12.972792
14.716032
14.061254
13.954958
13.844411
13.733864
13.733864
13.844411
14.388642
13.3001795
13.517023
14.278095
14.716032
14.499189
13.3001795
14.716032
13.410727
13.62757
13.517023
13.62757
13.406476
14.061254
14.605485
13.517023
13.3001795
13.517023
13.738117
14.494938
13.410727
14.061254
14.061254
13.62757
12.972792
14.499189
13.517023
13.844411
14.605485
13.9507065
13.738117
13.733864
13.954958
14.388642
13.3001795
14.499189
14.278095
13.62757
13.62757
13.844411
13.954958
13.733864
14.171801
13.733864
14.494938
13.410727
13.733864
14.932874
13.410727
14.061254
13.517023
13.844411
13.623319
13.954958
14.605485
13.083339
14.499189
14.061254
14.282348
13.62757
14.499189
14.061254
14.171801
13.844411
13.733864
13.844411
13.3001795
13.62757
14.388642
12.977044
14.388642
14.388642
13.738117
14.388642
14.605485
13.62757
14.499189
13.517023
13.738117
14.605485
14.716032
13.3001795
14.061254
13.410727
14.388642
13.189634
13.954958
14.278095
13.083339
14.499189
14.16755
14.388642
14.388642
14.605485
12.755949
13.738117
13.844411
14.061254
14.499189
13.733864
13.954958
13.844411
13.517023
14.499189
13.9507065
14.388642
14.388642
13.3001795
13.3001795
14.388642
13.733864
13.738117
14.278095
13.083339
14.171801
13.517023
13.844411
13.733864
14.278095
14.388642
14.171801
13.517023
13.3001795
14.716032
13.62757
13.517023
13.844411
13.62757
14.605485
13.954958
13.62757
14.499189
14.278095
14.061254
14.171801
14.388642
13.738117
14.388642
13.62757
13.62757
14.061254
13.844411
13.738117
13.406476
14.282348
13.733864
13.954958
14.278095
13.844411
14.932874
14.171801
13.733864
14.171801
14.278095
13.3001795
14.499189
13.844411
13.738117
14.282348
14.061254
14.499189
13.733864
14.932874
13.733864
14.499189
14.822327
13.844411
14.388642
14.716032
13.9507065
13.410727
14.061254
13.62757
13.406476
13.193886
13.517023
13.3001795
13.954958
13.844411
13.3001795
14.278095
13.3001795
14.716032
14.499189
13.844411
12.866496
14.388642
13.733864
13.521274
13.954958
14.388642
13.844411
13.844411
13.62757
13.406476
14.282348
13.733864
14.826579
13.62757
14.061254
13.844411
14.388642
14.171801
13.517023
13.410727
14.171801
13.3001795
13.410727
14.171801
13.517023
13.733864
13.954958
13.844411
14.388642
14.499189
14.061254
14.171801
13.738117
13.3001795
14.061254
13.844411
12.972792
13.844411
13.517023
13.844411
13.406476
14.499189
13.738117
14.605485
14.061254
13.410727
14.605485
13.3001795
14.605485
13.844411
13.62757
13.738117
13.406476
13.3001795
12.866496
13.517023
13.733864
13.733864
12.972792
13.844411
14.499189
13.62757
13.844411
13.738117
14.061254
14.171801
14.278095
13.954958
13.62757
14.065505
14.171801
14.171801
14.278095
14.388642
13.844411
14.609736
14.716032
14.499189
13.62757
13.083339
13.406476
14.171801
13.844411
13.517023
14.388642
13.62757
14.278095
13.844411
13.844411
13.954958
14.605485
13.189634
14.499189
13.62757
14.171801
13.517023
13.62757
13.189634
13.3001795
13.517023
13.733864
13.193886
14.499189
14.388642
14.171801
13.733864
13.62757
14.061254
13.083339
13.738117
13.517023
13.193886
13.844411
13.954958
13.733864
13.3001795
13.62757
14.171801
13.410727
13.9507065
13.3001795
14.171801
13.295929
13.738117
14.171801
13.3001795
13.410727
14.716032
13.844411
14.278095
14.605485
14.499189
13.9507065
13.9507065
13.844411
13.954958
14.278095
14.716032
13.844411
13.079086
13.954958
14.171801
13.844411
14.278095
13.521274
13.62757
13.62757
14.499189
13.733864
14.605485
13.954958
14.171801
14.388642
13.3001795
13.189634
13.62757
13.954958
13.189634
13.62757
13.844411
13.62757
13.844411
13.410727
13.410727
14.061254
13.62757
14.388642
13.733864
13.954958
14.278095
13.083339
13.844411
13.517023
13.62757
14.388642
13.517023
13.193886
14.061254
13.954958
13.62757
13.62757
14.278095
14.494938
13.3001795
14.171801
14.716032
14.388642
13.083339
13.738117
13.844411
13.406476
14.171801
14.171801
14.171801
14.061254
13.3001795
14.388642
13.3001795
14.282348
14.278095
13.410727
14.171801
13.406476
14.171801
14.171801
13.3001795
13.954958
13.733864
13.733864
13.517023
13.954958
14.499189
14.388642
14.282348
14.171801
13.62757
14.388642
13.189634
13.410727
13.410727
14.171801
14.388642
14.716032
13.738117
13.410727
13.844411
14.388642
13.954958
13.517023
14.716032
13.3001795
14.278095
13.3001795
14.388642
13.954958
14.388642
14.061254
13.9507065
13.517023
13.738117
14.278095
13.738117
13.517023
14.499189
13.733864
13.410727
14.826579
13.844411
13.521274
13.189634
14.716032
13.844411
14.061254
13.738117
13.517023
13.083339
14.605485
14.278095
13.844411
14.278095
14.605485
13.62757
14.282348
14.171801
14.171801
13.62757
14.061254
13.738117
13.62757
14.061254
14.171801
13.9507065
14.388642
13.406476
14.061254
13.517023
14.278095
14.609736
13.62757
14.061254
13.954958
13.517023
13.3001795
13.954958
14.605485
13.410727
14.388642
14.388642
13.410727
13.517023
13.738117
13.844411
13.517023
13.844411
14.605485
13.733864
14.171801
13.517023
12.972792
14.282348
13.189634
14.282348
14.282348
14.499189
13.733864
13.738117
13.954958
13.9507065
14.388642
13.3001795
13.954958
14.822327
13.193886
13.844411
14.716032
13.62757
13.844411
14.282348
14.061254
14.171801
13.733864
13.3001795
14.171801
14.278095
14.065505
14.494938
14.171801
13.3001795
14.171801
13.844411
14.171801
14.171801
14.605485
13.62757
14.278095
13.954958
13.844411
13.189634
14.388642
14.388642
13.844411
14.061254
14.061254
14.061254
13.844411
13.954958
13.844411
13.733864
13.844411
14.278095
13.3001795
13.517023
14.388642
13.517023
13.3001795
13.844411
13.517023
14.171801
14.499189
13.517023
14.388642
13.517023
13.517023
14.605485
14.061254
14.388642
13.189634
12.977044
14.278095
14.499189
14.499189
13.517023
13.410727
14.171801
13.844411
13.844411
13.844411
14.388642
13.517023
14.499189
13.733864
13.738117
14.171801
13.62757
13.733864
13.3001795
14.716032
13.844411
13.844411
12.755949
13.954958
13.517023
13.189634
13.844411
13.623319
13.410727
14.278095
13.844411
14.278095
13.3001795
13.844411
13.844411
14.822327
13.844411
14.605485
13.733864
14.171801
12.972792
14.171801
14.716032
14.282348
14.605485
13.62757
14.388642
14.388642
13.738117
13.189634
14.282348
14.171801
13.844411
14.171801
13.733864
13.521274
14.171801
12.972792
13.844411
14.716032
13.410727
13.083339
13.738117
13.517023
14.282348
13.844411
13.62757
13.517023
13.3001795
13.844411
13.954958
13.733864
13.410727
14.061254
13.62757
13.844411
13.844411
13.954958
13.733864
13.083339
14.499189
14.278095
14.171801
13.733864
14.605485
14.499189
14.605485
13.62757
14.278095
14.278095
14.605485
12.972792
13.844411
14.388642
14.171801
13.517023
14.716032
14.282348
13.189634
14.499189
13.844411
13.410727
13.3001795
14.388642
13.189634
14.282348
14.278095
13.62757
13.844411
13.954958
14.171801
14.388642
13.733864
14.171801
14.061254
13.189634
14.605485
13.517023
14.499189
14.388642
14.609736
13.3001795
13.3001795
14.061254
13.193886
13.844411
14.278095
14.171801
13.517023
13.3001795
14.061254
13.733864
14.499189
13.517023
13.844411
14.388642
12.972792
13.410727
14.171801
14.499189
13.62757
13.954958
13.62757
13.189634
13.844411
14.278095
12.866496
13.738117
13.9507065
13.954958
14.171801
14.388642
13.517023
13.3001795
13.3001795
14.605485
14.822327
13.738117
13.733864
13.410727
13.9507065
13.410727
13.844411
13.733864
13.410727
13.517023
14.716032
13.733864
13.410727
12.755949
13.62757
13.733864
13.954958
13.517023
14.499189
14.16755
13.083339
13.954958
14.716032
13.62757
13.733864
13.083339
13.410727
13.193886
13.62757
13.844411
13.410727
14.061254
13.954958
14.605485
13.62757
13.844411
13.733864
13.517023
13.3001795
13.521274
14.061254
13.844411
13.62757
14.605485
14.282348
14.494938
14.171801
13.410727
13.844411
13.62757
13.9507065
13.193886
13.083339
14.061254
13.62757
14.499189
13.406476
13.844411
14.278095
13.517023
13.62757
13.521274
14.499189
13.3001795
13.3001795
15.043421
13.62757
13.844411
14.171801
13.3001795
13.844411
13.193886
13.738117
13.406476
13.738117
14.388642
14.278095
13.738117
14.061254
14.171801
14.278095
13.62757
14.388642
13.62757
14.609736
14.494938
14.065505
14.282348
14.605485
14.282348
13.844411
13.62757
13.844411
13.410727
13.844411
13.189634
13.954958
13.844411
14.278095
13.410727
14.061254
13.9507065
14.171801
13.189634
13.517023
14.282348
13.3001795
13.844411
14.061254
14.171801
14.278095
14.171801
14.605485
14.388642
13.954958
14.061254
13.3001795
13.954958
13.517023
13.083339
13.410727
14.278095
14.388642
13.62757
13.3001795
14.499189
13.733864
14.061254
13.3001795
13.844411
13.406476
13.62757
14.061254
13.844411
13.844411
14.388642
13.844411
13.410727
14.494938
13.844411
13.62757
14.061254
14.716032
14.061254
12.866496
13.954958
14.605485
13.3001795
14.061254
14.499189
13.9507065
13.62757
14.061254
13.733864
12.972792
14.499189
13.844411
13.193886
14.605485
14.282348
13.62757
14.388642
13.3001795
13.844411
14.388642
14.061254
13.844411
14.065505
14.605485
13.62757
13.954958
14.061254
14.282348
14.388642
13.517023
13.954958
14.278095
14.171801
14.499189
14.061254
13.738117
14.061254
13.733864
13.954958
13.844411
13.517023
13.733864
13.844411
14.061254
13.410727
13.954958
14.822327
14.388642
14.278095
14.388642
13.738117
13.844411
13.954958
14.282348
13.517023
13.844411
13.517023
14.282348
13.733864
12.972792
14.716032
14.171801
14.388642
13.3001795
13.738117
13.517023
13.733864
13.954958
14.388642
13.844411
14.605485
13.517023
14.388642
14.388642
14.061254
13.517023
13.517023
13.517023
14.499189
13.406476
14.388642
14.171801
13.3001795
14.171801
13.406476
13.738117
14.605485
14.061254
14.388642
14.171801
13.738117
14.388642
13.517023
14.499189
14.388642
13.3001795
14.499189
13.410727
13.083339
14.278095
14.171801
14.388642
13.3001795
13.62757
13.62757
14.499189
14.061254
13.410727
13.410727
13.844411
13.733864
14.388642
14.388642
13.3001795
14.388642
13.517023
13.738117
13.733864
13.410727
13.517023
13.844411
13.844411
14.061254
14.282348
13.733864
12.755949
14.388642
13.844411
14.061254
14.061254
14.826579
13.844411
13.517023
14.388642
14.061254
13.517023
14.282348
14.388642
13.62757
13.733864
13.3001795
14.716032
13.733864
13.954958
14.061254
13.844411
14.716032
13.9507065
12.972792
14.388642
13.844411
13.738117
14.061254
13.62757
13.517023
13.844411
14.826579
13.733864
13.844411
14.932874
14.388642
13.62757
14.388642
14.605485
13.410727
14.499189
14.278095
14.278095
13.733864
13.954958
13.733864
13.3001795
13.62757
14.278095
14.171801
13.844411
14.605485
14.716032
14.061254
13.517023
14.171801
15.043421
14.278095
14.282348
13.954958
14.061254
14.499189
13.844411
14.16755
13.3001795
14.499189
14.388642
13.954958
14.494938
13.738117
14.388642
13.62757
13.410727
14.388642
13.406476
13.410727
14.282348
14.278095
14.171801
13.954958
14.171801
14.061254
13.844411
14.061254
14.171801
14.061254
14.061254
13.517023
14.716032
13.517023
13.954958
14.278095
13.406476
14.499189
14.061254
14.388642
14.605485
13.406476
13.189634
13.954958
14.171801
14.282348
13.733864
14.061254
14.278095
13.844411
14.171801
13.844411
12.972792
13.62757
13.844411
14.278095
14.388642
14.605485
12.972792
13.844411
14.061254
13.193886
14.826579
13.9507065
13.410727
14.499189
13.844411
13.954958
13.844411
14.282348
14.278095
13.410727
14.171801
14.278095
13.517023
14.716032
13.733864
14.065505
13.083339
13.954958
13.738117
13.844411
14.171801
14.065505
13.954958
13.517023
13.410727
13.844411
13.844411
13.844411
14.499189
14.716032
13.844411
14.388642
13.9507065
13.62757
14.282348
13.9507065
14.061254
14.282348
13.9507065
13.3001795
14.061254
14.061254
13.410727
13.738117
14.061254
13.410727
14.499189
14.061254
14.061254
14.826579
14.932874
13.189634
13.738117
13.844411
14.061254
14.716032
14.388642
13.521274
14.061254
14.716032
14.171801
14.388642
14.065505
14.605485
13.62757
13.954958
13.733864
12.972792
14.716032
13.62757
13.844411
13.517023
13.844411
14.388642
13.844411
13.738117
14.388642
13.733864
13.844411
13.189634
14.826579
13.62757
13.844411
13.844411
14.388642
13.733864
14.282348
14.605485
13.517023
14.388642
13.733864
13.9507065
13.738117
13.844411
13.954958
13.844411
14.499189
13.954958
13.738117
14.494938
13.193886
14.605485
14.282348
14.278095
13.193886
13.517023
13.733864
14.388642
14.061254
14.171801
13.844411
13.083339
14.388642
13.62757
14.171801
13.517023
13.62757
14.061254
13.9507065
13.733864
13.62757
14.061254
14.282348
14.494938
13.62757
14.499189
14.388642
14.061254
14.278095
14.826579
13.733864
13.844411
14.061254
14.282348
13.517023
14.171801
14.171801
14.499189
13.844411
14.061254
14.716032
13.517023
14.171801
14.171801
13.844411
13.844411
13.62757
14.061254
14.605485
13.62757
14.278095
13.733864
13.517023
13.410727
14.061254
14.278095
13.193886
13.954958
14.388642
14.499189
14.16755
14.932874
14.605485
13.083339
13.62757
13.844411
14.061254
14.171801
13.189634
14.065505
14.171801
13.954958
13.844411
13.954958
13.954958
13.844411
13.62757
13.954958
13.844411
13.517023
13.733864
13.738117
14.278095
13.844411
14.499189
13.954958
14.605485
14.388642
13.738117
14.171801
14.388642
14.282348
14.499189
13.517023
13.954958
13.844411
14.605485
13.62757
14.171801
13.189634
13.517023
13.517023
13.410727
14.605485
13.9507065
13.62757
13.844411
14.499189
14.278095
14.499189
14.171801
13.62757
13.738117
13.517023
13.521274
13.517023
13.738117
13.954958
13.733864
13.62757
13.62757
14.061254
13.3001795
14.061254
14.932874
13.410727
13.517023
13.738117
14.278095
13.517023
13.62757
14.061254
13.410727
13.517023
13.844411
13.844411
13.844411
13.733864
14.171801
14.716032
13.844411
14.171801
13.844411
14.061254
14.171801
13.3001795
13.62757
13.738117
13.189634
14.171801
13.733864
12.755949
14.499189
14.061254
14.061254
14.716032
14.278095
13.3001795
13.3001795
13.954958
14.605485
13.083339
14.716032
14.388642
14.171801
14.171801
13.62757
13.62757
13.406476
14.499189
13.62757
13.62757
14.061254
13.844411
13.410727
13.733864
14.282348
13.844411
14.605485
14.061254
13.62757
13.733864
14.609736
13.844411
13.3001795
13.62757
14.716032
13.410727
14.494938
14.932874
13.3001795
14.061254
13.9507065
13.3001795
13.083339
13.9507065
13.954958
14.494938
13.3001795
14.716032
14.065505
13.733864
13.844411
14.278095
14.388642
13.517023
13.517023
14.061254
14.494938
13.844411
13.844411
13.954958
13.62757
14.282348
14.605485
13.738117
14.061254
14.282348
13.954958
13.517023
13.3001795
13.733864
14.388642
13.083339
13.62757
13.3001795
13.3001795
14.388642
13.517023
15.043421
13.517023
13.733864
13.517023
13.3001795
14.061254
14.499189
14.065505
14.388642
13.623319
13.410727
14.171801
14.061254
13.083339
14.171801
14.278095
13.62757
13.62757
14.171801
14.171801
14.061254
13.517023
13.954958
14.388642
14.494938
14.171801
14.388642
13.517023
14.171801
14.605485
14.171801
14.282348
14.388642
13.733864
13.62757
13.844411
14.932874
14.171801
14.822327
13.62757
13.738117
14.278095
13.738117
14.278095
13.083339
14.826579
14.494938
13.083339
14.171801
14.494938
13.410727
14.716032
14.388642
14.388642
13.3001795
14.061254
14.282348
14.171801
14.388642
14.499189
14.171801
13.62757
14.171801
13.733864
14.171801
14.278095
13.844411
13.62757
13.3001795
13.954958
14.171801
14.061254
14.499189
13.517023
14.061254
14.826579
13.62757
14.499189
14.065505
13.62757
14.171801
13.844411
14.605485
13.954958
15.043421
13.844411
14.499189
13.954958
13.62757
13.954958
13.62757
14.278095
13.083339
14.171801
13.517023
13.083339
14.171801
13.517023
14.609736
14.605485
13.62757
13.844411
14.061254
14.499189
13.517023
13.517023
13.733864
14.278095
13.844411
13.954958
13.9507065
13.3001795
14.065505
14.061254
14.171801
13.521274
13.62757
14.388642
13.738117
14.388642
13.844411
14.171801
13.62757
13.3001795
14.388642
13.733864
13.62757
13.738117
13.733864
14.061254
13.738117
13.410727
14.061254
13.844411
14.499189
13.62757
13.410727
13.62757
13.733864
13.844411
14.388642
14.494938
14.171801
14.171801
14.388642
13.738117
13.844411
13.844411
14.171801
13.844411
13.3001795
13.954958
14.388642
13.954958
13.517023
14.499189
13.517023
12.972792
13.733864
14.932874
13.844411
13.62757
13.62757
14.065505
14.171801
14.388642
13.954958
14.061254
14.065505
13.844411
13.62757
13.62757
15.149716
13.954958
14.171801
13.3001795
14.171801
13.517023
14.388642
13.410727
13.733864
13.406476
13.406476
14.282348
13.733864
13.406476
13.62757
14.278095
13.410727
14.171801
14.605485
13.193886
13.733864
13.517023
13.410727
14.061254
14.822327
14.171801
13.954958
14.388642
13.738117
14.061254
13.844411
13.844411
14.061254
14.061254
13.517023
13.517023
13.738117
14.278095
13.738117
14.061254
13.623319
13.517023
14.061254
13.738117
13.521274
13.954958
13.954958
13.62757
13.844411
14.061254
14.605485
13.954958
14.499189
13.844411
13.517023
13.62757
14.605485
13.844411
14.716032
13.517023
14.499189
14.061254
13.517023
13.62757
13.517023
14.171801
13.517023
13.844411
14.171801
13.517023
13.844411
14.826579
14.171801
13.844411
13.3001795
13.844411
14.388642
14.282348
14.605485
14.388642
13.410727
13.62757
14.388642
13.844411
13.848664
14.822327
14.716032
14.605485
14.388642
13.62757
14.061254
14.388642
14.388642
13.083339
13.738117
13.844411
13.410727
13.517023
13.62757
14.388642
13.844411
14.609736
13.733864
13.738117
13.844411
14.171801
13.954958
14.932874
14.388642
14.278095
13.3001795
14.605485
14.282348
14.061254
13.954958
14.278095
14.716032
13.3001795
13.62757
14.605485
13.083339
14.499189
13.623319
14.499189
13.844411
13.738117
13.62757
13.517023
14.388642
13.62757
13.62757
13.844411
13.410727
14.061254
13.954958
14.065505
13.517023
14.061254
13.733864
14.499189
14.278095
14.605485
13.954958
14.605485
13.738117
13.733864
14.171801
14.716032
13.62757
14.388642
13.844411
13.62757
14.605485
13.3001795
14.388642
14.716032
14.494938
13.62757
13.62757
14.716032
13.62757
14.278095
14.392896
14.061254
13.844411
13.954958
14.171801
13.844411
14.278095
13.738117
13.844411
14.716032
14.171801
13.844411
13.410727
13.844411
13.517023
13.62757
13.62757
13.844411
13.733864
14.716032
13.954958
14.605485
14.061254
13.62757
14.605485
14.282348
13.517023
14.388642
14.388642
14.499189
13.844411
14.499189
14.278095
14.605485
13.9507065
13.844411
14.605485
13.406476
13.189634
14.499189
14.278095
14.716032
14.716032
14.061254
14.171801
13.954958
13.733864
13.844411
14.061254
12.862245
14.282348
14.388642
13.410727
14.282348
13.738117
13.3001795
14.061254
14.388642
13.410727
14.171801
14.171801
13.954958
13.733864
13.62757
14.171801
13.517023
14.278095
13.62757
13.517023
14.171801
14.171801
14.061254
13.954958
14.061254
13.3001795
14.282348
14.278095
13.3001795
14.282348
13.733864
13.3001795
14.171801
14.716032
13.738117
13.62757
14.605485
13.954958
14.605485
13.3001795
13.410727
14.499189
13.954958
14.605485
13.62757
14.171801
13.844411
14.605485
14.061254
13.410727
14.609736
14.278095
14.388642
13.410727
14.282348
14.605485
14.061254
14.065505
13.733864
13.733864
13.844411
13.844411
13.517023
14.171801
13.62757
14.278095
13.410727
14.171801
13.517023
14.499189
13.733864
14.392896
14.388642
13.406476
14.065505
14.278095
13.517023
13.62757
13.733864
14.716032
13.517023
13.844411
13.62757
13.844411
14.278095
13.62757
13.410727
14.388642
14.499189
13.410727
14.171801
14.171801
14.171801
13.3001795
14.171801
13.517023
13.193886
14.499189
13.62757
14.171801
13.62757
13.62757
13.62757
14.499189
13.733864
14.716032
13.189634
13.62757
14.061254
14.388642
14.061254
13.62757
13.844411
13.733864
13.733864
13.62757
13.733864
14.822327
13.954958
13.954958
13.406476
13.954958
13.733864
14.061254
14.388642
14.716032
14.282348
14.278095
13.62757
13.517023
13.844411
14.061254
13.3001795
13.083339
14.061254
14.061254
14.282348
13.954958
14.499189
14.171801
13.844411
14.605485
14.171801
14.388642
14.388642
13.410727
14.716032
14.605485
13.954958
14.605485
14.499189
13.3001795
14.826579
13.9507065
13.954958
14.065505
14.388642
13.954958
13.738117
14.388642
12.755949
14.061254
14.605485
13.844411
13.9507065
14.499189
14.278095
13.954958
13.844411
14.388642
13.083339
13.517023
14.061254
13.62757
14.716032
14.171801
13.62757
14.388642
14.716032
13.738117
13.406476
14.282348
13.844411
13.410727
14.171801
14.278095
14.716032
14.605485
14.171801
14.826579
13.62757
15.043421
13.844411
13.517023
14.499189
13.3001795
13.3001795
14.826579
14.061254
14.171801
14.065505
13.3001795
13.844411
13.62757
13.517023
13.62757
14.932874
13.844411
13.844411
13.3001795
13.844411
13.623319
13.083339
14.171801
13.406476
13.62757
14.278095
13.844411
13.62757
14.388642
14.499189
13.62757
13.62757
14.171801
13.844411
14.171801
13.844411
13.844411
13.62757
13.733864
13.62757
14.494938
13.410727
13.517023
14.605485
13.954958
14.716032
14.278095
13.3001795
14.065505
14.605485
13.738117
14.278095
14.171801
13.62757
14.716032
14.388642
13.517023
13.844411
14.171801
13.844411
14.171801
13.844411
14.716032
13.954958
13.844411
14.716032
13.406476
14.499189
14.061254
14.605485
13.410727
13.844411
13.62757
14.282348
13.733864
14.171801
14.282348
13.733864
13.954958
13.3001795
14.171801
14.499189
13.517023
13.517023
14.061254
14.605485
13.733864
13.62757
14.716032
13.410727
13.62757
13.844411
12.972792
14.388642
13.733864
13.62757
13.517023
14.061254
13.733864
13.517023
14.499189
14.605485
14.499189
13.3001795
13.62757
13.62757
14.494938
14.826579
13.954958
14.061254
14.065505
13.3001795
13.954958
14.716032
14.388642
14.171801
14.388642
13.738117
13.517023
13.62757
14.932874
13.844411
13.954958
14.061254
13.738117
13.733864
14.499189
13.954958
13.844411
14.171801
14.171801
14.388642
13.304433
14.061254
13.410727
14.716032
13.733864
13.738117
13.62757
13.62757
13.844411
14.388642
13.521274
14.061254
13.62757
13.3001795
13.844411
13.954958
14.605485
13.410727
14.065505
13.733864
14.388642
14.605485
14.716032
13.738117
13.62757
14.605485
14.171801
13.3001795
13.844411
13.3001795
13.517023
13.62757
14.499189
13.62757
13.954958
13.9507065
13.954958
14.499189
13.517023
14.282348
14.605485
14.278095
13.62757
14.388642
14.716032
13.954958
13.517023
14.388642
14.061254
13.3001795
13.844411
14.065505
13.3001795
14.388642
13.517023
13.3001795
14.282348
13.9507065
13.738117
14.388642
14.282348
13.62757
14.499189
13.733864
13.410727
14.171801
14.388642
13.521274
14.388642
14.388642
13.733864
13.521274
13.844411
14.171801
14.605485
13.62757
13.844411
14.388642
14.605485
13.083339
14.282348
13.733864
13.733864
13.083339
13.62757
14.605485
14.388642
14.388642
13.733864
14.499189
14.605485
14.388642
14.061254
13.844411
13.62757
13.410727
13.954958
14.282348
14.061254
13.517023
14.499189
14.278095
13.9507065
13.083339
13.844411
13.844411
13.62757
13.517023
13.62757
13.733864
13.954958
13.189634
14.499189
13.517023
13.844411
13.733864
14.171801
13.62757
13.410727
14.061254
14.282348
14.605485
13.954958
14.388642
13.844411
13.844411
13.954958
13.954958
14.171801
13.733864
13.083339
13.738117
14.171801
14.061254
14.171801
14.499189
13.62757
13.3001795
14.388642
14.171801
13.62757
13.193886
13.517023
14.388642
14.499189
14.388642
14.065505
14.061254
13.3001795
14.716032
14.061254
13.954958
13.733864
13.954958
13.3001795
14.171801
13.517023
14.499189
14.605485
14.499189
14.494938
14.388642
14.061254
13.517023
14.499189
14.716032
13.3001795
13.62757
14.278095
13.517023
14.499189
14.061254
14.171801
13.733864
13.410727
14.282348
14.171801
13.3001795
14.061254
14.171801
13.3001795
14.388642
13.406476
14.388642
13.738117
13.517023
13.954958
13.62757
13.517023
13.954958
13.844411
14.499189
14.061254
13.62757
14.605485
14.171801
14.171801
14.278095
13.738117
13.410727
13.738117
13.517023
13.844411
14.716032
13.517023
14.388642
13.954958
14.605485
13.62757
13.406476
14.171801
13.738117
13.517023
14.499189
14.061254
13.844411
13.410727
13.410727
13.517023
14.388642
13.3001795
13.517023
13.844411
14.061254
13.517023
13.733864
13.3001795
13.844411
14.061254
14.499189
14.499189
13.517023
14.171801
14.171801
13.844411
13.62757
13.844411
13.193886
13.733864
13.3001795
14.171801
14.605485
13.3001795
13.62757
14.388642
13.410727
13.517023
14.278095
14.282348
13.954958
13.954958
13.954958
14.388642
14.392896
14.061254
13.62757
13.844411
13.844411
13.189634
14.932874
14.388642
14.065505
14.826579
14.822327
13.079086
13.954958
14.388642
13.62757
14.605485
13.844411
14.171801
14.605485
14.716032
13.410727
13.954958
13.406476
13.083339
14.278095
13.738117
13.410727
13.083339
14.065505
14.171801
14.282348
13.954958
13.954958
13.62757
14.499189
14.932874
13.410727
13.954958
14.605485
14.171801
13.517023
13.738117
14.716032
13.3001795
14.065505
14.716032
12.972792
14.065505
14.494938
14.388642
13.410727
13.844411
14.388642
13.62757
14.499189
14.171801
13.844411
13.844411
13.733864
14.171801
14.171801
14.605485
14.282348
13.844411
13.517023
13.738117
14.061254
13.62757
14.605485
14.499189
12.972792
14.061254
14.388642
14.605485
14.171801
13.189634
14.065505
14.278095
13.517023
13.406476
14.171801
13.9507065
13.410727
13.738117
14.822327
13.410727
13.3001795
13.62757
13.844411
13.193886
14.061254
14.716032
13.517023
13.410727
13.738117
14.716032
13.083339
14.282348
14.388642
13.3001795
13.517023
13.954958
13.62757
14.171801
14.278095
14.605485
13.3001795
13.9507065
13.62757
14.388642
13.521274
14.171801
14.826579
13.3001795
13.844411
14.609736
14.388642
13.410727
14.494938
13.410727
13.62757
13.3001795
13.410727
14.388642
13.738117
14.282348
14.605485
13.844411
14.171801
14.065505
13.733864
14.171801
13.844411
14.282348
13.844411
14.388642
14.171801
14.388642
13.62757
14.388642
13.844411
14.171801
13.844411
14.388642
13.517023
13.62757
14.605485
14.061254
13.3001795
13.954958
13.62757
14.171801
13.954958
14.061254
14.388642
14.171801
14.061254
14.499189
14.932874
13.844411
13.517023
14.171801
14.499189
14.278095
14.388642
13.521274
14.605485
14.388642
14.932874
13.410727
14.932874
14.061254
14.499189
13.3001795
13.62757
13.517023
13.410727
14.171801
14.061254
13.62757
14.388642
13.954958
13.844411
14.388642
14.716032
14.605485
14.388642
13.9507065
14.826579
13.844411
13.3001795
13.954958
13.62757
13.62757
14.605485
13.844411
13.62757
14.278095
14.499189
13.733864
13.62757
14.716032
13.733864
14.609736
14.061254
14.388642
14.171801
14.061254
14.065505
13.954958
13.954958
14.171801
14.278095
13.410727
13.844411
14.716032
14.171801
14.061254
14.388642
13.517023
13.406476
14.388642
13.844411
13.954958
14.716032
14.716032
14.061254
14.388642
13.954958
14.278095
13.3001795
14.388642
13.954958
14.171801
14.171801
14.605485
14.499189
13.844411
14.605485
13.844411
13.410727
14.932874
14.494938
13.410727
14.716032
14.388642
13.62757
13.62757
13.733864
14.171801
14.061254
13.954958
14.499189
14.061254
14.499189
13.844411
13.62757
13.733864
13.954958
13.9507065
13.189634
13.3001795
14.061254
14.171801
14.388642
13.733864
13.954958
14.388642
14.278095
13.3001795
13.3001795
14.171801
13.9507065
13.62757
13.844411
13.844411
13.3001795
14.388642
14.388642
14.499189
14.061254
15.153968
13.954958
14.716032
14.065505
14.171801
13.733864
14.826579
14.388642
13.3001795
14.388642
14.605485
13.62757
12.972792
13.954958
15.149716
13.410727
14.932874
14.388642
13.410727
14.388642
13.844411
13.844411
14.278095
14.605485
14.061254
13.844411
14.061254
13.844411
13.954958
14.061254
13.62757
13.62757
14.171801
14.499189
13.62757
13.083339
14.065505
14.171801
13.62757
13.844411
14.388642
14.171801
14.278095
14.826579
14.388642
14.716032
15.043421
13.844411
14.278095
13.9507065
13.62757
14.605485
13.844411
13.954958
13.844411
14.499189
13.733864
13.410727
14.061254
13.954958
13.733864
13.954958
14.171801
14.388642
13.738117
14.605485
13.844411
13.844411
13.62757
14.388642
14.171801
14.499189
13.3001795
14.388642
13.410727
13.410727
13.083339
14.605485
14.171801
13.738117
13.844411
14.499189
14.061254
13.954958
14.171801
13.62757
14.499189
13.844411
14.716032
14.171801
14.499189
14.716032
13.62757
13.844411
13.844411
14.171801
13.844411
13.410727
13.733864
13.954958
14.171801
13.410727
14.171801
13.844411
14.061254
13.738117
13.738117
14.388642
14.605485
13.844411
14.716032
15.039169
14.499189
12.972792
13.954958
13.62757
13.62757
13.844411
15.043421
13.733864
13.844411
14.388642
14.061254
13.844411
13.844411
14.605485
14.171801
13.844411
14.494938
14.388642
14.826579
13.844411
12.977044
14.282348
13.844411
13.517023
13.3001795
14.171801
13.517023
14.282348
14.061254
13.844411
13.733864
13.62757
13.954958
13.9507065
14.716032
13.410727
13.733864
14.499189
14.716032
14.605485
14.388642
13.3001795
14.065505
14.388642
14.061254
14.499189
14.716032
13.62757
13.410727
14.061254
13.954958
13.844411
14.282348
13.733864
14.061254
13.954958
13.406476
14.499189
13.517023
14.171801
13.844411
14.716032
13.848664
13.62757
13.62757
13.517023
13.844411
14.716032
13.62757
14.171801
14.171801
14.388642
13.3001795
13.738117
13.954958
13.62757
13.844411
13.954958
13.954958
13.517023
14.826579
13.954958
13.3001795
14.171801
13.844411
13.954958
14.171801
13.733864
13.3001795
14.716032
13.9507065
14.171801
13.083339
14.716032
14.171801
13.517023
13.410727
13.954958
14.061254
13.62757
13.954958
14.499189
13.62757
13.410727
13.3001795
13.62757
13.954958
13.517023
14.499189
13.738117
14.282348
13.517023
14.278095
13.410727
14.499189
13.844411
14.171801
13.738117
14.061254
13.3001795
14.716032
14.388642
13.844411
14.499189
13.844411
13.738117
14.061254
14.061254
14.171801
13.954958
14.716032
13.410727
14.605485
14.605485
13.738117
14.171801
14.171801
14.061254
13.844411
14.388642
14.278095
13.410727
14.826579
14.278095
12.866496
14.716032
14.605485
13.189634
13.3001795
13.62757
13.62757
13.410727
13.844411
13.62757
14.061254
14.171801
14.716032
13.62757
14.282348
13.3001795
14.278095
13.844411
13.517023
13.738117
14.605485
13.62757
14.932874
14.388642
15.043421
13.410727
13.954958
13.844411
13.3001795
13.954958
14.605485
14.061254
13.844411
14.499189
13.954958
14.388642
14.388642
14.171801
13.62757
13.954958
14.061254
13.733864
14.061254
14.605485
14.826579
14.388642
13.517023
13.733864
14.061254
13.410727
13.844411
13.521274
13.954958
13.733864
13.521274
14.388642
14.932874
13.844411
14.716032
14.605485
13.3001795
14.932874
14.494938
14.282348
14.171801
13.517023
13.844411
13.844411
14.605485
13.521274
13.62757
15.149716
13.3001795
14.171801
14.388642
14.171801
14.499189
13.517023
13.410727
13.954958
13.844411
13.3001795
14.282348
14.716032
13.083339
14.171801
14.171801
13.62757
13.954958
14.171801
14.388642
14.716032
13.62757
13.733864
13.62757
14.282348
13.733864
13.844411
13.189634
14.171801
13.62757
13.844411
13.844411
14.278095
14.499189
13.517023
14.499189
14.388642
14.499189
13.410727
13.517023
14.388642
13.517023
14.716032
13.844411
13.733864
13.3001795
13.517023
14.716032
14.388642
13.193886
13.844411
14.716032
13.410727
14.171801
14.171801
13.9507065
12.972792
14.065505
14.822327
13.410727
13.738117
14.605485
13.62757
13.733864
14.065505
14.605485
13.844411
13.954958
13.62757
13.738117
13.844411
13.954958
14.388642
13.733864
13.954958
13.62757
14.716032
14.171801
14.061254
13.844411
14.282348
14.716032
14.171801
13.954958
13.410727
13.738117
14.388642
14.605485
14.061254
13.733864
13.954958
14.388642
12.866496
14.499189
14.061254
13.3001795
14.065505
14.605485
13.3001795
14.826579
14.278095
13.954958
13.844411
13.844411
14.499189
14.282348
13.517023
13.954958
13.517023
14.826579
14.605485
13.3001795
14.065505
13.517023
13.410727
13.410727
13.3001795
13.083339
14.388642
14.061254
13.62757
14.065505
14.278095
14.065505
14.499189
13.733864
13.954958
13.3001795
14.499189
14.388642
13.62757
13.844411
13.62757
13.954958
13.954958
14.716032
14.061254
14.499189
14.499189
14.388642
13.733864
14.716032
13.62757
13.410727
13.844411
13.623319
13.844411
14.716032
14.171801
14.171801
13.844411
14.605485
13.62757
14.171801
14.388642
14.388642
13.844411
13.738117
14.171801
14.061254
13.62757
13.3001795
14.388642
14.388642
13.410727
13.733864
14.388642
13.62757
14.171801
13.844411
14.716032
13.733864
14.716032
13.844411
13.844411
14.171801
14.822327
13.954958
13.844411
14.282348
13.410727
14.388642
14.826579
13.844411
13.62757
13.738117
13.954958
13.62757
13.738117
14.171801
14.171801
13.733864
13.517023
14.499189
14.282348
13.517023
13.62757
13.844411
13.62757
14.388642
14.716032
13.517023
14.499189
14.061254
13.410727
14.716032
12.972792
14.499189
14.171801
13.517023
13.62757
14.171801
13.844411
13.733864
13.738117
14.388642
14.499189
13.738117
14.171801
13.844411
13.62757
13.733864
13.738117
13.517023
14.282348
13.62757
14.278095
14.278095
14.716032
13.521274
13.733864
14.388642
13.844411
13.954958
13.517023
14.171801
13.62757
13.3001795
14.171801
14.388642
13.738117
14.499189
13.733864
14.282348
14.388642
14.282348
14.171801
13.954958
13.844411
13.844411
14.388642
13.62757
14.716032
14.16755
13.844411
13.3001795
13.3001795
14.061254
14.171801
14.278095
14.499189
13.954958
14.716032
13.738117
14.171801
13.738117
14.716032
13.844411
14.065505
13.517023
14.171801
13.9507065
14.716032
13.62757
13.517023
14.609736
14.061254
13.517023
14.388642
13.62757
14.605485
13.410727
14.278095
13.3001795
14.932874
13.844411
13.844411
13.517023
14.171801
13.62757
13.733864
13.954958
14.171801
12.972792
14.061254
13.844411
14.061254
14.171801
13.410727
14.932874
14.061254
13.844411
13.517023
13.844411
13.733864
13.738117
14.061254
14.499189
14.282348
13.3001795
14.932874
14.278095
13.954958
13.517023
14.171801
13.410727
14.171801
14.282348
14.605485
14.171801
14.499189
14.388642
13.844411
13.517023
14.392896
13.406476
13.62757
14.171801
14.282348
13.62757
13.410727
13.517023
14.499189
14.171801
13.083339
14.171801
13.738117
13.844411
14.171801
13.844411
13.844411
14.171801
14.061254
13.62757
14.388642
14.388642
13.62757
13.189634
14.388642
13.844411
14.716032
13.738117
14.605485
14.716032
14.282348
14.605485
13.954958
13.3001795
14.278095
13.62757
14.605485
13.189634
14.171801
14.061254
14.061254
14.171801
14.171801
14.171801
14.388642
13.733864
13.521274
13.738117
13.844411
14.282348
13.844411
14.388642
14.278095
14.388642
13.62757
14.388642
14.171801
14.171801
14.278095
12.972792
13.844411
14.605485
13.3001795
14.388642
14.061254
14.605485
13.9507065
13.954958
13.62757
13.733864
13.3001795
13.844411
13.9507065
13.848664
13.517023
14.061254
13.738117
13.62757
14.171801
14.388642
14.061254
13.62757
13.954958
13.844411
13.738117
14.605485
13.410727
14.065505
13.844411
14.278095
13.3001795
14.716032
14.499189
13.733864
14.388642
14.061254
13.954958
13.406476
14.171801
13.3001795
13.406476
14.171801
14.388642
14.061254
13.62757
13.517023
13.844411
13.3001795
13.62757
13.954958
13.844411
13.3001795
14.499189
14.716032
13.3001795
14.499189
14.278095
12.972792
14.499189
14.061254
14.388642
13.954958
14.388642
14.171801
14.171801
14.388642
13.3001795
13.738117
13.517023
13.844411
13.738117
14.388642
13.62757
14.826579
14.065505
14.061254
13.517023
13.3001795
14.605485
13.62757
13.62757
14.061254
13.844411
14.605485
13.62757
13.62757
14.388642
13.517023
13.844411
13.733864
13.844411
14.061254
14.388642
13.083339
14.171801
14.061254
13.62757
14.171801
14.061254
14.171801
13.844411
13.517023
13.954958
13.517023
13.517023
13.844411
14.716032
13.517023
14.388642
13.9507065
14.171801
13.844411
14.061254
13.62757
14.061254
13.844411
13.954958
14.605485
13.3001795
14.061254
13.62757
14.932874
14.061254
13.410727
14.061254
14.388642
14.388642
15.3708105
14.499189
13.844411
14.278095
14.388642
13.738117
13.517023
13.62757
14.171801
13.3001795
13.844411
13.954958
14.171801
14.171801
14.171801
13.738117
14.278095
14.499189
13.844411
14.171801
14.065505
13.954958
12.972792
14.826579
14.171801
13.410727
14.171801
14.605485
13.083339
14.065505
14.605485
14.282348
14.388642
14.061254
13.954958
14.605485
13.517023
13.954958
14.388642
14.171801
13.733864
14.171801
14.609736
14.388642
12.972792
13.3001795
13.844411
13.62757
14.605485
13.410727
14.171801
13.844411
14.282348
14.822327
13.410727
13.844411
14.388642
13.954958
14.278095
14.499189
14.388642
13.083339
14.499189
13.517023
13.844411
13.844411
13.844411
13.844411
13.62757
14.605485
14.282348
14.388642
13.410727
13.844411
13.189634
13.62757
14.716032
14.388642
14.171801
14.388642
13.844411
14.605485
13.844411
13.844411
14.282348
14.061254
13.62757
14.061254
13.62757
14.171801
14.171801
13.62757
14.499189
13.62757
14.388642
13.954958
14.171801
13.3001795
14.716032
13.517023
12.972792
14.499189
14.065505
14.278095
15.043421
14.061254
13.844411
14.065505
13.406476
13.844411
13.738117
13.733864
14.171801
14.061254
14.278095
13.738117
14.388642
13.844411
13.3001795
13.406476
15.043421
14.171801
13.517023
14.716032
14.605485
13.954958
14.499189
13.62757
13.844411
13.844411
13.733864
14.388642
14.388642
13.844411
13.62757
13.62757
14.282348
13.733864
14.171801
13.844411
14.061254
14.171801
13.62757
14.494938
14.171801
14.388642
14.716032
14.061254
13.517023
14.826579
14.171801
13.844411
14.388642
13.517023
14.388642
13.189634
14.282348
14.171801
13.083339
13.733864
14.171801
14.171801
14.061254
13.738117
13.844411
13.3001795
14.609736
14.171801
13.410727
14.061254
14.171801
14.499189
14.278095
14.061254
14.171801
14.388642
13.9507065
13.083339
14.822327
13.844411
14.605485
13.62757
14.499189
14.061254
14.499189
13.62757
14.932874
13.410727
13.3001795
13.517023
13.517023
13.954958
13.62757
13.3001795
14.061254
14.499189
13.844411
14.282348
14.278095
14.171801
14.282348
13.189634
14.609736
14.171801
14.171801
14.171801
13.193886
14.716032
14.278095
12.972792
14.388642
14.171801
13.733864
14.061254
14.282348
14.061254
14.171801
14.065505
14.716032
14.388642
14.388642
13.844411
13.410727
13.733864
13.738117
14.061254
14.499189
14.171801
13.3001795
13.954958
14.932874
14.171801
13.3001795
14.605485
14.171801
13.406476
13.62757
14.388642
13.844411
14.605485
14.499189
13.844411
14.171801
13.62757
14.061254
13.517023
13.954958
14.282348
13.517023
13.738117
13.733864
13.410727
13.62757
13.954958
13.517023
14.609736
14.061254
13.517023
15.043421
13.517023
14.171801
14.061254
14.609736
13.517023
14.171801
12.972792
14.388642
14.605485
13.62757
13.083339
13.62757
13.954958
13.954958
13.954958
14.171801
13.3001795
13.62757
13.9507065
13.521274
14.388642
14.065505
14.061254
13.738117
12.866496
14.061254
13.733864
14.171801
13.844411
13.844411
14.388642
14.065505
13.62757
14.388642
14.605485
13.738117
13.954958
13.844411
14.282348
13.738117
14.388642
13.410727
14.171801
14.061254
13.954958
13.517023
14.499189
13.844411
13.954958
14.282348
14.171801
13.62757
13.733864
13.954958
13.733864
13.738117
14.388642
13.62757
13.517023
14.716032
13.9507065
13.738117
13.844411
14.388642
14.388642
14.282348
13.733864
13.844411
14.061254
13.410727
13.62757
14.065505
13.9507065
14.499189
13.844411
13.954958
14.388642
13.517023
14.282348
13.62757
13.844411
13.62757
13.62757
14.061254
14.388642
13.62757
13.62757
13.954958
13.844411
13.62757
13.62757
13.738117
14.605485
13.844411
13.517023
13.517023
14.061254
13.844411
14.499189
14.494938
13.62757
14.061254
13.410727
14.716032
14.716032
14.171801
14.061254
13.954958
13.517023
13.410727
13.738117
14.605485
13.083339
14.716032
14.061254
13.848664
13.844411
14.282348
14.716032
13.083339
14.171801
14.932874
14.388642
13.844411
14.171801
13.844411
14.605485
14.499189
13.3001795
13.62757
13.738117
13.517023
13.844411
13.517023
13.62757
14.932874
13.733864
13.410727
13.3001795
13.844411
14.061254
13.517023
14.061254
13.738117
13.844411
14.278095
14.388642
13.733864
14.822327
14.388642
14.499189
14.494938
14.388642
13.844411
14.171801
14.171801
14.171801
14.061254
13.517023
14.499189
14.388642
13.738117
14.605485
14.499189
13.954958
13.62757
13.954958
14.388642
14.716032
13.733864
14.388642
14.065505
13.954958
14.171801
13.954958
14.605485
14.171801
14.282348
13.954958
14.716032
13.193886
14.826579
14.388642
14.388642
13.844411
14.499189
14.499189
14.278095
13.738117
14.605485
14.171801
13.62757
13.733864
13.410727
14.061254
13.733864
13.954958
14.716032
14.499189
14.494938
14.171801
14.388642
14.388642
14.605485
13.410727
14.932874
14.171801
14.499189
14.061254
13.62757
14.061254
13.844411
14.171801
13.62757
13.844411
14.282348
13.844411
13.410727
14.605485
14.061254
13.62757
13.62757
13.62757
13.844411
13.954958
13.62757
14.605485
14.065505
13.844411
14.499189
14.061254
14.499189
13.406476
13.193886
14.061254
13.844411
14.605485
14.061254
13.62757
14.388642
12.972792
14.932874
14.605485
13.410727
13.844411
14.499189
14.388642
13.3001795
14.499189
14.716032
14.388642
13.954958
14.061254
13.62757
13.844411
14.171801
14.605485
13.3001795
14.826579
14.278095
13.410727
13.954958
14.061254
14.282348
13.517023
14.278095
13.844411
13.733864
14.499189
13.954958
13.3001795
13.954958
14.822327
14.388642
13.844411
13.844411
13.954958
13.844411
13.848664
13.954958
14.171801
13.738117
13.517023
14.282348
13.954958
14.388642
13.844411
14.388642
14.388642
13.410727
14.061254
14.716032
13.733864
13.410727
14.171801
13.62757
14.499189
13.733864
14.388642
13.517023
14.171801
13.954958
13.844411
14.388642
14.282348
14.278095
13.9507065
14.388642
14.716032
14.171801
13.9507065
13.738117
14.499189
13.62757
14.171801
14.605485
13.62757
13.954958
13.189634
13.844411
14.605485
13.083339
14.716032
14.171801
13.954958
13.517023
14.278095
14.282348
13.410727
13.517023
14.061254
13.738117
14.499189
13.62757
14.171801
13.517023
14.061254
14.605485
14.171801
14.716032
13.9507065
13.410727
14.716032
13.954958
13.954958
14.171801
13.517023
13.954958
14.605485
13.844411
14.171801
14.278095
13.517023
13.517023
14.388642
13.62757
13.62757
14.278095
13.848664
13.733864
13.733864
13.848664
13.954958
13.954958
13.954958
14.061254
13.62757
14.499189
14.605485
13.3001795
13.62757
13.517023
14.171801
13.517023
13.844411
13.844411
14.282348
14.061254
13.517023
13.62757
14.388642
14.282348
13.62757
14.171801
14.278095
14.278095
14.171801
14.278095
14.171801
13.844411
14.171801
14.716032
15.149716
14.171801
13.954958
14.278095
13.189634
14.716032
14.061254
13.844411
14.282348
13.3001795
12.972792
14.716032
13.844411
13.3001795
14.499189
14.605485
14.282348
13.954958
13.844411
14.171801
14.388642
14.278095
14.605485
13.62757
13.9507065
14.171801
14.605485
14.278095
14.171801
14.282348
13.844411
14.171801
13.733864
13.844411
14.499189
14.605485
13.410727
14.282348
14.822327
13.954958
14.061254
13.193886
14.716032
13.083339
13.954958
14.388642
13.738117
13.844411
13.844411
13.517023
13.3001795
14.061254
13.733864
13.517023
13.954958
14.499189
13.738117
14.388642
13.738117
13.844411
14.171801
13.844411
13.844411
14.282348
14.061254
13.844411
14.716032
13.3001795
13.954958
14.822327
13.3001795
14.605485
14.716032
13.083339
14.061254
14.388642
14.388642
13.954958
14.822327
13.954958
13.738117
13.62757
14.499189
14.388642
14.499189
14.282348
13.3001795
13.844411
13.738117
13.3001795
13.954958
14.388642
14.171801
13.733864
13.62757
13.517023
13.193886
13.3001795
14.499189
13.844411
14.605485
13.62757
13.62757
14.499189
13.410727
13.521274
14.061254
13.521274
14.388642
13.738117
13.410727
14.388642
13.62757
13.62757
13.083339
13.954958
14.282348
13.3001795
13.62757
14.282348
13.844411
13.844411
14.605485
14.826579
14.388642
13.954958
13.62757
13.62757
13.954958
14.388642
13.193886
14.171801
13.410727
13.62757
13.62757
13.3001795
14.171801
13.517023
14.171801
13.193886
14.065505
13.844411
13.62757
14.061254
13.62757
13.3001795
14.388642
13.193886
13.738117
13.517023
14.171801
13.844411
14.171801
13.738117
14.388642
12.755949
13.3001795
13.954958
14.061254
13.62757
14.171801
14.499189
14.499189
14.388642
13.3001795
13.62757
14.499189
13.62757
13.738117
13.844411
14.065505
13.62757
13.083339
13.954958
14.171801
13.410727
14.065505
14.278095
14.282348
13.517023
13.738117
13.3001795
14.392896
14.061254
13.62757
13.954958
13.62757
14.171801
13.62757
12.866496
13.193886
13.844411
14.061254
13.954958
14.171801
13.410727
13.083339
13.738117
13.62757
13.954958
13.521274
13.62757
13.954958
14.171801
14.171801
13.62757
13.62757
13.410727
14.278095
13.517023
14.065505
13.410727
13.410727
14.061254
13.844411
13.189634
14.065505
14.061254
14.065505
13.954958
13.083339
13.410727
14.061254
13.083339
13.3001795
13.62757
13.62757
12.972792
13.62757
14.061254
13.844411
13.193886
14.061254
13.954958
13.738117
13.410727
13.954958
13.083339
13.083339
14.065505
13.844411
13.083339
14.065505
12.866496
12.649654
13.521274
13.62757
13.738117
13.083339
13.083339
12.866496
13.083339
13.083339
13.517023
12.755949
13.62757
13.083339
13.738117
12.432813
13.193886
12.645402
12.977044
13.738117
14.171801
12.42856
13.410727
13.193886
13.083339
12.760201
12.977044
13.954958
13.410727
12.972792
13.193886
12.755949
13.521274
12.539107
12.977044
13.517023
12.755949
13.410727
13.189634
13.848664
12.649654
12.866496
13.844411
13.193886
13.738117
13.3001795
12.539107
12.211719
13.521274
12.866496
12.760201
13.410727
13.083339
12.322266
12.755949
13.62757
12.866496
13.189634
13.3001795
12.866496
13.193886
13.3001795
12.755949
13.738117
12.539107
12.977044
12.755949
13.410727
12.866496
13.083339
13.3001795
12.649654
13.083339
13.954958
12.649654
12.105423
13.193886
12.755949
12.322266
12.760201
12.539107
11.994876
13.410727
13.410727
12.322266
12.105423
13.08759
13.083339
12.539107
13.521274
13.083339
13.193886
12.866496
12.539107
12.977044
12.755949
13.410727
12.649654
13.083339
12.649654
13.3001795
11.884329
12.649654
13.083339
12.866496
13.521274
12.866496
11.994876
12.866496
12.755949
12.322266
13.083339
12.649654
13.410727
13.083339
13.521274
12.42856
12.649654
13.193886
12.211719
12.866496
12.322266
12.866496
12.42856
12.649654
12.539107
12.539107
12.105423
13.083339
12.649654
12.649654
12.322266
12.539107
13.083339
12.755949
12.649654
13.083339
13.083339
13.193886
12.972792
12.432813
12.539107
13.521274
13.189634
11.778034
12.755949
12.322266
11.888581
12.432813
12.977044
13.521274
12.105423
12.977044
12.322266
13.083339
12.432813
12.322266
12.977044
12.649654
12.322266
12.21597
12.866496
13.083339
12.866496
12.105423
12.649654
12.866496
12.866496
12.322266
12.322266
12.21597
11.123256
13.08759
12.42856
11.778034
12.539107
13.193886
12.977044
12.211719
12.977044
12.322266
11.888581
12.432813
12.866496
12.539107
12.755949
12.105423
12.649654
12.105423
11.994876
12.21597
12.105423
13.193886
12.866496
11.888581
12.54336
11.994876
12.977044
12.54336
11.994876
12.760201
11.233803
12.322266
12.866496
12.755949
12.322266
11.778034
11.67174
11.994876
12.649654
13.083339
12.105423
11.667487
12.105423
12.760201
11.994876
11.888581
12.539107
12.432813
12.649654
11.233803
12.539107
12.322266
12.432813
12.866496
12.21597
12.539107
11.999128
12.649654
12.866496
12.539107
12.322266
11.994876
12.105423
12.755949
11.34435
12.649654
11.340097
11.67174
11.994876
12.649654
12.539107
12.211719
12.21597
11.994876
12.322266
11.994876
12.649654
11.5611925
11.450645
11.778034
11.34435
11.778034
11.5611925
12.539107
11.888581
12.432813
12.21597
12.539107
11.5611925
12.322266
11.667487
11.782287
11.994876
12.105423
12.21597
11.778034
11.34435
11.778034
11.778034
11.888581
12.105423
11.5611925
12.432813
11.5611925
12.21597
11.994876
12.322266
11.5611925
12.322266
12.21597
12.322266
12.21597
12.322266
11.778034
11.999128
11.888581
11.127508
11.450645
12.105423
11.34435
11.999128
11.5611925
11.123256
12.432813
12.539107
11.888581
11.67174
12.649654
12.326517
11.5611925
12.322266
11.5611925
11.888581
11.5611925
11.123256
12.105423
11.016961
12.105423
12.105423
10.800118
11.454897
12.649654
11.016961
11.5611925
12.105423
11.5611925
11.994876
11.016961
11.450645
10.689571
11.888581
11.994876
11.34435
12.432813
11.454897
11.34435
11.233803
11.67174
10.9106655
12.432813
12.322266
11.016961
11.450645
11.888581
11.233803
11.450645
11.454897
11.778034
11.5611925
11.34435
11.5611925
10.800118
11.888581
11.34435
11.127508
11.778034
11.5611925
12.432813
11.5611925
11.016961
11.778034
10.583277
11.450645
11.778034
11.5611925
11.778034
11.782287
11.127508
11.5611925
11.34435
11.778034
11.450645
10.145341
11.778034
11.454897
11.994876
11.127508
10.47273
11.127508
11.5611925
11.34435
11.450645
11.67174
11.778034
10.800118
10.689571
11.238055
12.105423
10.47273
11.127508
11.888581
11.123256
11.454897
11.450645
11.454897
10.47273
10.800118
11.016961
11.34435
11.5611925
11.5611925
11.127508
11.016961
11.454897
10.362183
11.34435
12.322266
11.454897
10.583277
11.127508
11.34435
11.238055
10.689571
10.800118
10.800118
11.5611925
10.255888
11.127508
11.5611925
11.34435
10.47273
11.782287
11.5611925
10.255888
10.47273
10.47273
11.888581
11.888581
11.67174
10.47273
10.9106655
10.689571
10.366435
10.9106655
10.9106655
11.34435
11.5611925
10.47273
11.888581
11.127508
11.016961
11.021213
11.127508
10.800118
10.149592
11.5611925
11.454897
11.233803
11.238055
11.127508
10.476982
11.233803
11.016961
10.800118
11.454897
11.454897
10.255888
10.47273
11.233803
11.34435
10.906414
10.255888
11.016961
11.238055
10.47273
10.366435
11.5611925
11.34435
10.689571
10.149592
11.454897
10.800118
9.928498
10.255888
10.800118
11.127508
10.476982
11.127508
10.9106655
10.800118
10.800118
10.366435
10.9106655
10.583277
10.800118
10.583277
11.34435
10.9106655
10.583277
10.800118
11.016961
10.366435
11.34435
10.039045
10.689571
11.454897
10.9106655
9.494814
11.127508
10.255888
9.711657
10.693824
10.362183
9.822204
11.454897
10.47273
10.255888
10.366435
10.255888
10.583277
9.6011095
10.476982
11.016961
10.366435
11.127508
11.016961
10.689571
11.127508
10.583277
9.711657
11.127508
10.255888
9.494814
10.366435
10.689571
9.822204
10.039045
10.366435
11.127508
10.255888
10.693824
10.800118
9.277972
10.583277
10.9106655
9.384267
10.149592
10.255888
10.145341
9.605361
11.34435
9.6011095
10.039045
10.800118
10.039045
10.693824
9.928498
10.255888
10.255888
10.145341
10.366435
10.255888
10.366435
10.9106655
10.47273
10.039045
10.039045
9.494814
10.693824
10.039045
9.822204
10.693824
9.822204
9.388519
11.016961
9.711657
9.711657
10.039045
10.039045
10.362183
10.476982
10.9106655
9.822204
9.711657
10.149592
10.800118
10.366435
9.605361
9.928498
9.711657
10.47273
9.711657
9.822204
9.494814
9.384267
10.583277
9.494814
10.366435
10.145341
10.366435
10.039045
9.822204
9.494814
10.149592
9.277972
9.605361
9.388519
9.061131
9.171678
9.171678
8.954835
9.171678
8.083215
8.627446
8.087466
8.631698
7.9769197
7.3263927
7.870624
7.870624
7.764329
7.3263927
6.454773
7.4326887
6.7821617
7.1052995
7.2158465
8.414855
7.109551
6.348478
7.4369397
6.9990044
8.087466
7.2158465
8.198013
8.193762
8.631698
9.065381
8.193762
8.954835
8.083215
9.065381
9.282225
8.737993
9.171678
9.277972
9.061131
9.171678
9.499066
9.499066
9.171678
8.737993
8.410604
8.848539
7.8663726
8.193762
8.083215
8.304308
8.410604
8.087466
7.760078
7.4326887
7.543235
8.087466
8.414855
6.7821617
7.543235
6.892709
7.543235
6.9990044
8.087466
7.9769197
6.671615
6.9990044
7.543235
7.3263927
7.109551
7.4326887
6.9990044
8.521151
7.649531
8.087466
8.848539
8.087466
8.521151
7.9769197
8.631698
8.410604
7.649531
8.631698
8.193762
7.9769197
8.737993
7.538984
8.737993
8.304308
7.649531
7.9769197
7.1052995
7.649531
7.760078
8.304308
7.760078
7.4326887
6.8884573
7.760078
6.9990044
6.7821617
7.3263927
7.870624
6.237931
8.087466
7.3263927
7.543235
6.671615
7.003256
7.3263927
6.9990044
7.870624
7.760078
6.7821617
7.543235
6.9990044
7.109551
7.543235
8.198013
7.4326887
7.538984
7.653782
7.1052995
6.9990044
7.653782
7.760078
6.9990044
7.4326887
6.9990044
7.3263927
6.561068
8.414855
7.649531
7.109551
7.543235
6.9990044
6.7821617
7.760078
7.543235
7.870624
7.2158465
6.7821617
7.870624
7.3263927
6.671615
6.7821617
6.892709
7.649531
6.348478
6.56532
6.671615
6.56532
6.7821617
6.1273837
7.3263927
7.109551
6.237931
7.653782
6.56532
7.109551
6.671615
7.109551
7.2158465
7.109551
7.653782
7.4369397
7.3263927
6.1316357
7.109551
7.109551
7.4369397
6.348478
7.653782
6.56532
6.7821617
6.892709
6.0210886
7.4369397
6.7821617
7.2158465
6.7821617
6.56532
6.9990044
6.56532
7.109551
5.914794
6.7821617
7.109551
7.109551
6.237931
6.56532
6.348478
6.892709
6.671615
7.109551
7.2158465
6.892709
6.454773
6.7821617
6.454773
5.4768577
6.7821617
6.1316357
7.3263927
6.6758666
7.220098
6.9990044
6.56532
7.653782
5.9105415
6.7821617
6.237931
6.6758666
6.454773
6.348478
7.4369397
6.1316357
6.6758666
6.7821617
6.7821617
7.4369397
5.9105415
7.330645
6.348478
6.0210886
5.6937
6.892709
6.237931
6.348478
6.454773
6.348478
6.9990044
6.0210886
6.7821617
6.454773
5.804247
7.109551
6.0210886
6.56532
6.0210886
6.0210886
6.0210886
7.003256
6.0210886
6.4590244
5.4768577
6.0210886
5.804247
6.348478
6.237931
6.892709
6.9990044
5.914794
6.0210886
5.804247
6.454773
6.237931
6.237931
5.2600155
6.0210886
6.56532
6.0210886
5.6937
6.2421827
6.671615
6.6758666
6.237931
7.4369397
6.237931
5.4768577
6.237931
6.6758666
5.6937
5.4768577
6.0210886
6.6758666
6.892709
5.804247
6.1316357
5.4768577
6.7821617
6.0210886
7.003256
6.56532
6.56532
6.1316357
6.237931
6.56532
6.2421827
5.914794
5.804247
5.914794
5.804247
6.892709
6.6758666
5.6937
6.0210886
6.348478
6.0210886
5.804247
6.1316357
5.6937
5.914794
5.4768577
6.6758666
4.9326262
6.1316357
5.0431733
6.237931
5.804247
6.6758666
6.56532
5.1494684
6.892709
5.804247
5.6937
5.5874047
5.4768577
6.1316357
5.804247
5.4768577
6.0210886
6.348478
6.1316357
6.4590244
5.804247
5.6979513
5.804247
5.914794
6.56532
6.0210886
6.56532
6.4590244
6.0210886
6.1316357
6.1316357
5.804247
5.4768577
5.5874047
6.1316357
6.4590244
5.6937
5.6937
6.237931
5.0431733
6.348478
5.804247
5.5874047
5.804247
5.914794
6.892709
6.6758666
6.0210886
5.804247
5.4768577
6.348478
5.804247
5.914794
5.0431733
5.804247
6.4590244
5.4768577
5.3663106
5.5874047
6.56532
6.6758666
5.5874047
5.914794
5.0431733
5.5874047
4.9326262
5.2600155
5.3705626
5.4768577
5.2600155
6.0210886
5.481109
5.804247
5.3705626
5.4768577
6.348478
5.1537204
6.348478
5.0431733
5.804247
5.4768577
6.1316357
5.804247
5.3705626
5.5874047
6.1316357
5.5874047
5.0431733
5.914794
5.0431733
4.4989424
5.2600155
6.0253406
4.826331
5.0431733
5.0431733
5.6979513
4.715784
5.8084984
5.481109
5.1537204
4.826331
4.936878
4.6094894
4.3926473
5.3705626
4.826331
4.936878
4.4989424
4.065258
4.6094894
3.848416
5.264267
5.264267
4.826331
4.936878
4.3926473
4.826331
4.826331
4.3926473
4.6094894
3.737869
5.0474253
5.264267
3.5210268
5.264267
4.503194
4.065258
3.5210268
4.1758046
4.6094894
3.631574
5.0474253
4.936878
4.503194
3.9589627
3.5210268
4.3926473
4.3926473
4.830583
3.848416
3.848416
4.3926473
4.06951
3.848416
3.631574
3.848416
3.737869
3.848416
3.9589627
3.848416
3.9589627
3.848416
3.631574
4.065258
3.631574
3.631574
4.065258
3.414732
3.631574
3.848416
3.3041847
3.7421207
4.065258
3.631574
3.9589627
4.3926473
3.3041847
3.631574
4.1758046
3.414732
2.8705006
2.9810476
3.0873425
3.631574
3.414732
4.2863517
4.1758046
3.414732
3.414732
2.8705006
2.8705006
3.3041847
2.4368165
3.1978896
4.2863517
2.6536584
3.5252786
2.4368165
3.414732
2.4368165
3.7421207
3.1978896
2.6536584
3.0873425
3.631574
3.5252786
3.7421207
2.1094272
3.5252786
2.8705006
3.7421207
4.2863517
3.414732
3.1978896
2.6536584
3.5252786
3.9589627
3.3084364
3.7421207
2.8705006
3.9589627
2.8705006
3.9589627
4.06951
4.180057
3.7421207
3.5252786
4.06951
2.8705006
3.5252786
3.5252786
3.6358256
3.6358256
3.5252786
3.7421207
2.7642052
3.5252786
3.1978896
3.0915945
2.7642052
2.9810476
3.1978896
3.5252786
3.8526678
4.06951
4.2863517
2.9810476
4.613741
3.414732
3.8526678
3.414732
3.1978896
3.8526678
3.5252786
3.5252786
2.9810476
4.06951
3.5252786
2.8705006
3.1978896
3.0915945
3.8526678
3.0915945
4.3968987
2.6536584
3.8526678
2.7642052
3.2021413
4.06951
3.3084364
3.8526678
3.0915945
3.5252786
3.5252786
2.9810476
3.1978896
3.7421207
3.2021413
3.1978896
2.8747523
3.8526678
3.3084364
3.5252786
4.06951
4.06951
3.8526678
3.7421207
3.3084364
4.613741
3.8526678
4.2863517
2.9810476
2.4368165
4.180057
3.9632149
3.3084364
3.5252786
3.9632149
2.9810476
2.7642052
3.9589627
2.8747523
3.6358256
3.0915945
3.0915945
3.5252786
3.0915945
3.6358256
3.6358256
3.7421207
3.4189837
3.414732
3.3084364
3.9632149
3.1978896
2.6536584
3.8526678
3.9632149
3.4189837
3.9632149
3.1978896
3.5252786
3.6358256
3.7421207
3.9632149
4.06951
3.6358256
3.4189837
3.6358256
3.5252786
3.3084364
3.7421207
3.1978896
2.9810476
3.9632149
4.3968987
2.7642052
4.180057
3.5295303
2.9810476
2.9810476
3.6358256
3.1978896
3.9632149
3.1978896
3.3084364
3.9589627
4.180057
3.0915945
3.6358256
4.3968987
2.8747523
3.9632149
3.0915945
3.8526678
4.06951
3.6358256
3.7463725
3.8526678
4.2906036
3.6358256
3.414732
3.2021413
3.5252786
3.4189837
4.507446
3.3084364
3.8526678
2.8747523
3.4189837
3.0915945
3.3084364
2.9810476
3.7463725
4.180057
2.2199743
3.4189837
3.0915945
3.0915945
4.06951
3.2021413
3.0915945
2.6536584
4.2906036
3.8526678
3.0915945
3.5252786
3.7463725
3.4189837
2.9810476
3.9632149
2.8747523
3.0915945
3.6358256
3.0915945
4.180057
2.5473633
2.8747523
4.507446
3.631574
3.8526678
3.6358256
2.8747523
3.9632149
3.0915945
3.4189837
3.4189837
3.9632149
3.3084364
2.8747523
3.5252786
3.4189837
4.180057
2.8747523
3.4189837
3.4189837
3.3084364
4.507446
3.4189837
3.7463725
3.3084364
3.9632149
4.180057
2.6536584
3.6358256
2.5473633
4.617993
3.6358256
3.0915945
3.6358256
4.180057
2.8747523
2.9852993
3.9632149
3.4189837
3.4189837
3.7463725
3.0915945
2.65791
3.4189837
3.0915945
3.4189837
3.6358256
3.2021413
3.9632149
3.3084364
3.3084364
3.8526678
3.4189837
3.9632149
2.65791
3.7463725
3.0915945
3.3084364
2.5473633
3.8526678
4.3968987
3.3084364
3.7463725
3.4189837
4.613741
3.9632149
3.4189837
3.1978896
4.507446
3.0915945
3.3084364
3.7421207
3.4189837
3.3084364
3.8526678
3.9632149
3.0915945
4.3968987
3.4189837
3.4189837
2.7642052
3.3084364
4.06951
3.4189837
3.6358256
3.5252786
3.9632149
3.8526678
3.6358256
3.6358256
4.507446
3.4189837
4.180057
3.0915945
4.507446
3.2021413
3.4189837
3.3084364
3.6358256
3.2021413
3.4189837
2.65791
3.7463725
3.312688
3.4189837
2.330521
4.0737615
3.7463725
3.2021413
2.9852993
4.2906036
2.7642052
3.3084364
2.8747523
3.7463725
2.9852993
2.65791
3.9632149
2.8747523
3.4189837
3.8526678
3.9632149
3.7463725
3.4189837
3.2021413
3.8526678
3.9632149
2.6536584
4.94113
3.9632149
4.507446
3.6358256
4.06951
3.0915945
3.0915945
3.2021413
4.180057
3.6358256
3.9632149
2.7642052
4.724288
3.5295303
3.8526678
2.7642052
4.3968987
3.8526678
4.613741
3.4189837
3.4189837
2.9810476
3.2021413
4.724288
3.8569195
3.8526678
3.2021413
3.0915945
3.6358256
3.4189837
4.180057
3.4189837
3.5295303
3.5295303
3.9632149
3.0915945
4.180057
3.0915945
3.4189837
3.3084364
4.2906036
2.8747523
3.6358256
2.5473633
4.507446
2.8747523
3.5252786
3.2021413
4.180057
2.9852993
3.6358256
2.65791
4.507446
3.2021413
3.6358256
2.9810476
4.507446
3.8569195
2.9810476
3.9632149
3.6358256
3.4189837
2.65791
4.507446
2.9852993
4.06951
3.2021413
3.0915945
3.7463725
2.5473633
3.0915945
3.3084364
3.7463725
2.8747523
3.6358256
3.0915945
4.617993
2.9852993
3.4189837
3.8526678
3.4189837
3.3084364
4.613741
3.0915945
4.507446
4.724288
4.724288
4.613741
4.724288
3.6358256
3.8526678
3.8526678
3.9632149
4.06951
3.5252786
4.3968987
3.6358256
4.06951
4.3968987
4.180057
4.724288
3.5252786
4.3968987
3.5252786
3.9632149
3.5252786
3.7463725
3.5252786
3.4189837
4.180057
3.4189837
3.2021413
3.6358256
4.2906036
3.5252786
3.0915945
3.9632149
3.2021413
4.2906036
3.2021413
3.6358256
3.2021413
3.8526678
3.3084364
3.9632149
4.180057
3.9632149
3.9632149
3.6358256
3.2021413
3.9632149
4.2906036
4.507446
3.6358256
3.4189837
4.617993
3.9632149
3.9632149
2.7642052
4.507446
3.8526678
4.3968987
4.180057
4.4011507
3.4189837
3.5295303
3.6358256
3.5295303
3.4189837
3.5295303
4.507446
2.8747523
3.9632149
3.3084364
3.9632149
3.7421207
3.2021413
4.8348346
2.8747523
4.06951
3.9632149
4.3968987
4.06951
3.3084364
4.724288
3.5252786
3.9632149
3.414732
3.6358256
3.5252786
3.4189837
4.06951
3.8526678
3.0915945
4.06951
4.507446
3.8526678
3.3084364
4.1843085
4.3968987
3.9632149
4.94113
3.6358256
3.7463725
3.3084364
4.0737615
3.0915945
3.6358256
3.0915945
3.9632149
3.8526678
3.2021413
4.2906036
3.9632149
4.2863517
4.2863517
3.5252786
3.9632149
3.1978896
3.3084364
4.180057
4.180057
4.3968987
3.7463725
4.507446
3.7463725
4.180057
3.8526678
3.9632149
4.3968987
3.8526678
4.180057
3.3084364
4.3968987
3.1978896
3.6358256
4.06951
4.06951
4.3968987
3.3084364
3.6358256
3.6358256
3.9632149
4.06951
4.06951
4.3968987
3.8526678
4.180057
3.5252786
4.06951
4.503194
3.3084364
4.06951
4.3968987
4.613741
3.3084364
4.180057
4.06951
3.3084364
4.503194
4.2863517
4.830583
3.631574
5.0516768
3.7421207
3.5252786
4.2863517
3.9632149
3.8526678
4.613741
4.3968987
4.180057
4.3968987
4.2906036
4.830583
3.7421207
3.8526678
3.9589627
3.7421207
4.613741
3.0915945
4.06951
3.7421207
3.8526678
4.3968987
4.830583
3.6358256
4.06951
3.9589627
4.8348346
4.2863517
3.6358256
4.613741
3.5252786
4.94113
4.503194
4.613741
4.613741
4.3968987
4.94113
3.7421207
4.3968987
4.3968987
3.5252786
4.2863517
3.7421207
4.94113
5.0474253
4.3968987
4.2863517
4.830583
3.8526678
4.830583
3.5252786
5.1579723
3.6358256
4.06951
3.5252786
4.3968987
4.2863517
3.5252786
3.7421207
3.1978896
4.507446
4.613741
4.613741
4.06951
4.503194
4.613741
4.613741
4.830583
3.7421207
4.180057
4.2863517
4.3968987
4.613741
4.613741
4.06951
4.06951
3.8526678
4.1758046
4.3968987
4.503194
4.06951
3.7421207
4.613741
4.830583
4.2863517
4.613741
4.503194
3.9589627
4.720036
4.180057
4.503194
4.3926473
5.0474253
4.503194
5.1579723
4.06951
4.720036
4.613741
3.9589627
5.1579723
3.9589627
4.2863517
4.830583
4.1758046
4.507446
4.830583
4.613741
3.7421207
4.2863517
4.720036
4.830583
3.9589627
4.503194
4.1758046
4.613741
4.3968987
4.830583
4.2863517
4.830583
4.830583
3.7421207
3.9589627
4.830583
4.1758046
5.264267
4.613741
4.503194
3.9589627
5.264267
4.830583
4.2863517
4.830583
4.2863517
3.9589627
4.2863517
4.936878
5.0474253
4.06951
4.1758046
4.613741
4.830583
4.1758046
4.2863517
3.9589627
4.830583
4.94113
4.613741
4.503194
4.2863517
4.830583
5.0474253
4.830583
3.9589627
4.94113
4.2863517
4.1758046
4.503194
5.0474253
4.06951
4.613741
4.830583
4.503194
4.720036
4.830583
4.2863517
4.1758046
3.848416
4.06951
4.503194
4.720036
4.503194
4.6094894
5.3748145
4.3926473
5.1579723
4.503194
4.503194
5.1579723
4.830583
5.264267
4.1758046
3.9589627
4.2863517
4.6094894
4.1758046
5.0474253
4.3926473
4.3968987
3.9589627
5.0474253
5.1537204
4.2863517
4.826331
4.1758046
4.6094894
5.0474253
3.848416
3.954711
5.0474253
3.9589627
4.2863517
4.6094894
4.503194
4.936878
4.1758046
4.613741
4.720036
3.848416
4.720036
4.720036
4.826331
3.848416
4.936878
5.1537204
3.7421207
5.1537204
4.936878
4.720036
4.3926473
4.503194
5.1537204
4.3926473
4.830583
4.6094894
4.4989424
5.481109
4.6094894
5.264267
4.826331
3.9589627
5.1537204
4.065258
4.936878
4.936878
4.826331
5.481109
4.3926473
3.848416
3.737869
4.2821
4.830583
4.503194
4.6094894
5.1537204
5.591656
4.6094894
3.631574
5.481109
5.264267
5.1537204
5.264267
4.6094894
4.826331
4.3926473
5.0431733
4.1758046
4.936878
4.1758046
5.264267
4.720036
4.3926473
4.3926473
5.1537204
4.065258
4.3926473
4.720036
4.720036
4.936878
3.848416
5.264267
4.3926473
4.2863517
4.065258
4.720036
4.936878
4.3926473
4.720036
5.1537204
4.4989424
5.1537204
4.6094894
4.2821
5.8084984
5.3705626
3.954711
5.0431733
4.6094894
5.2600155
5.264267
5.1537204
4.6094894
5.2600155
4.6094894
4.826331
4.936878
5.3705626
4.720036
4.826331
4.826331
4.936878
5.1537204
4.720036
4.6094894
4.936878
5.3705626
5.481109
5.1537204
4.6094894
5.481109
5.6979513
4.826331
4.826331
5.804247
5.481109
4.4989424
4.2821
4.826331
4.9326262
4.1758046
5.914794
4.936878
5.1537204
4.2821
5.3705626
4.720036
4.826331
4.826331
5.1537204
5.1537204
4.4989424
5.5874047
4.936878
5.0431733
5.1537204
4.936878
5.914794
4.826331
5.0431733
4.9326262
5.3705626
5.5874047
5.0431733
5.914794
4.826331
5.0431733
5.4768577
5.1537204
6.1316357
4.4989424
5.5874047
4.9326262
5.914794
5.3705626
4.715784
4.4989424
5.6979513
4.6094894
4.6094894
4.4989424
5.4768577
4.3883953
5.804247
5.3705626
5.5874047
5.6979513
4.826331
5.5874047
4.065258
5.3705626
5.8084984
5.1537204
4.3926473
5.1537204
5.1537204
5.1537204
5.0431733
4.3926473
4.826331
5.1537204
5.481109
5.0474253
3.848416
4.720036
4.720036
4.503194
4.3926473
4.720036
4.6094894
4.1758046
5.1537204
4.503194
4.2863517
4.503194
3.9589627
4.720036
4.1758046
4.503194
4.503194
4.724288
4.936878
5.0474253
4.503194
3.848416
5.1579723
3.848416
4.503194
4.3926473
4.613741
4.1758046
3.631574
4.94113
4.830583
3.7421207
3.7421207
4.6094894
4.2863517
4.2863517
4.3968987
4.613741
3.9589627
4.2863517
4.613741
4.06951
4.724288
4.3968987
3.9632149
5.1579723
3.6358256
4.1758046
4.613741
4.2863517
4.2863517
4.2863517
3.3084364
4.724288
4.3968987
4.3968987
3.5252786
5.7022033
3.6358256
3.6358256
5.1579723
4.06951
3.8526678
4.180057
4.94113
4.3968987
3.8526678
4.507446
3.7463725
3.6358256
4.3968987
4.507446
4.3968987
4.180057
4.180057
3.6358256
4.0737615
4.724288
4.180057
4.94113
3.8526678
4.507446
3.5295303
4.94113
4.0737615
3.7463725
4.180057
3.9632149
4.180057
3.5295303
3.312688
3.5295303
4.8348346
4.2906036
3.9632149
2.8747523
4.0737615
3.7463725
3.6400774
3.9632149
3.9632149
4.8348346
3.7463725
3.7463725
3.4189837
3.7463725
4.507446
3.7506244
4.2906036
3.6400774
5.162224
4.180057
4.1843085
4.9453816
3.6400774
4.4011507
3.7463725
3.312688
4.4011507
3.312688
4.1843085
4.0737615
4.1843085
3.312688
3.7506244
4.0737615
3.0958462
4.511698
3.5295303
4.1843085
4.0737615
3.8569195
2.879004
4.8390865
3.312688
2.879004
4.2948556
3.6400774
3.5337825
3.9674666
2.879004
4.2948556
3.6400774
4.0780134
4.4011507
3.7506244
3.7506244
3.4232354
3.2063932
3.2063932
2.879004
3.4232354
3.2063932
3.2063932
4.1843085
3.2063932
3.9674666
3.2063932
2.44532
4.511698
2.989551
4.2948556
3.3169398
3.1000981
3.8611712
2.662162
3.1000981
4.0780134
3.3169398
4.0780134
3.5337825
3.5337825
3.8611712
2.662162
4.5159492
2.662162
2.989551
3.3169398
3.644329
3.8611712
2.44532
3.2063932
2.662162
3.3169398
3.8611712
3.644329
2.989551
2.662162
3.210645
3.8611712
2.772709
3.1000981
2.883256
2.772709
3.8611712
3.210645
3.9717183
2.1221828
3.644329
2.555867
2.3390248
3.1000981
2.1221828
2.883256
2.883256
3.7548761
3.644329
3.210645
3.3169398
2.993803
3.644329
3.210645
2.4495716
3.1000981
2.1221828
2.993803
2.4495716
3.210645
2.0116355
3.5380342
2.3390248
1.2505624
2.2327297
2.7769608
2.993803
1.5779516
3.321192
2.993803
1.6884984
3.210645
2.4495716
2.6664138
1.5779516
3.5380342
1.6884984
2.6664138
2.4495716
2.5601187
1.9053404
2.4495716
2.8875077
1.5822034
3.1043499
2.4495716
2.2327297
1.5779516
2.2327297
1.5779516
1.3611094
2.5601187
1.9053404
1.6884984
2.7769608
2.7769608
2.883256
2.6664138
1.6884984
1.7947936
2.1221828
2.7769608
2.7769608
1.2548143
2.7769608
2.0158875
1.9053404
1.9053404
2.4495716
1.6884984
1.9053404
2.2327297
2.7769608
2.2327297
2.3432765
2.1221828
1.7990454
2.7769608
1.4716563
2.2327297
1.4716563
2.2327297
1.7990454
2.2327297
2.7769608
2.0158875
0.92742515
2.8875077
1.4716563
1.4716563
2.2327297
1.9095924
1.1442673
1.4716563
1.9095924
1.2548143
1.6884984
2.8875077
2.1264346
1.6884984
1.1442673
1.9053404
1.2548143
2.0158875
1.1485192
2.3432765
2.1264346
1.3653612
1.5822034
1.3653612
2.4538236
0.92742515
2.1264346
1.7990454
1.0379721
2.3432765
1.9095924
1.7990454
1.3653612
0.82113004
1.1442673
1.9095924
2.1264346
1.3653612
1.5822034
0.49374095
2.0158875
1.6927503
1.2548143
1.2548143
1.9095924
1.3653612
1.7990454
1.5822034
1.3653612
1.7990454
1.3653612
2.2369814
1.2548143
1.7990454
1.2548143
1.5822034
1.5822034
1.3653612
1.2548143
0.7105831
1.6927503
1.0379721
1.5822034
2.1264346
1.7990454
1.4716563
1.2548143
1.3653612
1.5822034
1.1442673
1.1442673
1.7990454
1.2548143
1.1442673
0.82113004
1.7990454
1.9095924
1.1485192
1.5822034
1.3653612
1.0379721
1.7990454
1.5822034
1.4716563
1.2548143
1.0379721
1.9095924
1.7990454
0.7105831
1.9095924
1.3653612
1.5822034
1.4759082
1.4759082
1.5822034
1.2548143
1.5822034
1.5822034
1.9095924
1.3653612
1.0379721
1.3653612
1.3653612
0.92742515
1.5822034
0.7105831
1.5822034
1.5822034
1.7990454
1.3653612
1.3653612
1.5822034
2.1264346
1.7990454
0.82113004
1.0379721
1.1485192
1.9095924
2.5643704
1.4759082
1.0379721
0.49374095
1.6927503
1.1485192
0.9316769
1.5822034
2.2369814
0.92742515
0.9316769
1.2548143
1.3653612
1.5822034
1.4716563
1.2548143
1.9095924
1.0379721
1.6927503
1.8032973
1.3653612
1.5822034
0.82113004
1.3653612
1.0379721
1.1485192
0.7105831
1.0379721
1.6927503
1.3653612
2.4538236
1.6927503
1.0379721
1.1485192
0.6042879
1.9095924
1.1485192
1.0379721
1.3653612
1.5822034
1.2548143
1.9095924
0.82113004
1.9095924
1.9095924
0.82113004
1.9095924
1.3653612
1.5822034
1.3653612
1.4759082
1.5822034
1.4716563
1.5822034
1.3653612
1.9095924
1.0379721
1.4759082
1.3653612
1.3653612
2.4538236
1.3653612
2.0201392
1.5822034
1.2548143
1.6927503
2.4538236
1.1485192
1.5822034
1.0379721
2.5643704
1.5822034
1.4759082
1.3653612
1.6927503
1.3653612
1.3653612
1.2548143
1.6927503
1.1485192
0.9316769
1.9095924
2.1306863
1.6927503
1.5822034
2.0201392
1.5822034
1.6927503
2.2369814
1.3653612
1.0379721
1.4759082
2.2369814
1.1485192
1.6927503
1.1485192
1.2548143
1.8032973
1.1485192
2.1264346
1.3653612
1.9095924
1.2548143
1.9095924
0.82113004
2.4538236
1.6927503
1.3653612
1.8032973
2.0201392
1.5822034
1.4759082
1.9095924
1.3653612
1.5822034
1.8032973
1.3653612
2.2369814
1.3653612
1.6927503
1.3653612
1.6927503
1.259066
1.6927503
2.1306863
1.0379721
1.8032973
1.1485192
2.1264346
1.1485192
1.3653612
0.6042879
1.1485192
2.0201392
1.6927503
1.6927503
1.5822034
1.3653612
1.1485192
1.2548143
1.1485192
1.4759082
1.4759082
1.4759082
1.4759082
1.0379721
1.7990454
1.5822034
2.0201392
1.8032973
1.4759082
1.2548143
2.1306863
1.3653612
1.5864551
1.4759082
1.8032973
2.8917594
1.1485192
1.6927503
1.2548143
2.0201392
0.9316769
1.4716563
1.6927503
1.8032973
1.4759082
1.4759082
1.259066
1.3653612
1.4759082
1.9095924
1.6927503
2.3475285
1.6927503
1.4759082
2.1264346
1.6927503
2.0201392
1.3653612
2.2369814
2.3475285
1.9095924
1.4759082
1.4759082
1.5822034
1.8032973
2.2369814
0.9316769
2.0201392
1.6927503
2.4538236
1.6927503
1.0379721
2.1306863
1.0422239
1.9095924
2.0201392
1.8032973
1.6927503
2.3475285
1.1485192
1.259066
1.8032973
1.3653612
1.4759082
2.2369814
1.259066
1.9095924
1.4759082
1.6927503
1.9095924
1.6927503
1.8032973
1.259066
1.3653612
1.0379721
1.3653612
1.4759082
0.9316769
1.6927503
1.3653612
2.1306863
1.4759082
2.3475285
1.3653612
1.259066
0.9316769
1.4759082
1.6927503
1.4759082
0.82113004
2.5643704
1.259066
2.2369814
1.1485192
1.259066
1.9138441
1.1485192
1.8032973
1.6927503
1.2548143
0.9316769
1.8032973
0.82113004
1.8032973
1.4759082
1.8032973
2.0201392
1.6927503
1.1485192
1.6927503
1.8032973
1.259066
1.6927503
1.259066
1.8032973
1.4759082
2.0201392
0.82113004
0.6042879
1.6927503
2.1306863
2.2369814
0.17060372
1.1485192
0.8253819
1.6927503
1.4759082
2.6749175
1.0422239
1.259066
0.6042879
2.1306863
0.3874458
1.259066
2.0201392
1.0422239
1.6927503
0.49799278
2.0201392
1.0422239
2.1306863
0.3874458
2.0201392
0.71483487
1.4759082
0.6042879
1.5864551
1.259066
1.6927503
1.4759082
1.4759082
2.0201392
1.259066
1.3653612
1.0422239
1.259066
0.71483487
2.0201392
1.4759082
0.6042879
1.6927503
0.49799278
1.259066
1.259066
1.5864551
2.1306863
0.8253819
1.4759082
1.8032973
0.9316769
2.1306863
1.5864551
1.259066
0.6042879
1.8032973
0.49799278
0.9316769
1.8032973
1.5864551
1.259066
1.8032973
1.1527709
0.17060372
2.1306863
1.5864551
1.8032973
0.8253819
1.9138441
1.4759082
1.5864551
0.3874458
1.1527709
1.5864551
0.6085397
0.8253819
1.5864551
1.0422239
0.6085397
1.0422239
0.8253819
0.71483487
1.5864551
0.28115067
1.0422239
1.369613
1.0422239
1.259066
1.8032973
0.8253819
1.8032973
0.49799278
1.369613
1.697002
0.28115067
1.259066
1.9138441
1.369613
2.1306863
1.369613
1.369613
1.259066
1.0422239
1.1527709
1.369613
0.93592876
1.48016
1.9138441
1.369613
0.6085397
1.1527709
0.28115067
1.5864551
0.6085397
1.369613
1.369613
1.0422239
0.71483487
1.369613
0.49799278
1.4759082
1.5864551
0.3874458
0.71483487
0.28115067
0.28115067
1.0422239
0.7190867
1.697002
0.3874458
0.6085397
1.48016
1.1527709
0.28115067
1.259066
1.369613
-0.04623839
0.8253819
0.39169762
0.93592876
1.1527709
0.28115067
-0.2630805
1.5864551
0.71483487
0.06430857
1.9138441
0.6085397
1.0422239
1.1527709
0.28115067
1.259066
0.7190867
1.2633178
1.48016
0.49799278
0.6085397
1.369613
1.1527709
0.49799278
0.7190867
1.259066
0.06430857
0.49799278
0.6085397
-0.2630805
1.1527709
-0.15253355
0.6085397
0.28115067
0.39169762
0.93592876
0.6085397
0.7190867
0.9316769
0.17485553
1.48016
1.369613
1.369613
1.369613
0.93592876
0.6085397
0.6085397
1.2633178
1.2633178
0.39169762
0.49799278
1.1527709
0.7190867
0.93592876
0.6085397
0.5022446
0.39169762
1.0464758
0.17485553
1.1527709
0.39169762
0.93592876
0.7190867
0.8253819
1.697002
0.17485553
0.8253819
0.06430857
0.8296336
0.6085397
0.8253819
1.48016
0.17485553
0.39169762
1.48016
-0.2630805
0.8253819
0.6085397
0.28115067
-0.15253355
0.28115067
0.7190867
0.17485553
0.39169762
0.28540248
1.1527709
0.39169762
1.1527709
-0.041986585
0.7190867
0.7190867
1.5907068
0.6085397
0.39169762
1.1527709
0.06430857
0.6085397
-0.15253355
0.28540248
0.28540248
0.8253819
1.1527709
0.6085397
0.7190867
0.7190867
1.0464758
1.0422239
-0.36937565
0.5022446
0.6085397
0.17485553
0.7190867
0.5022446
0.8296336
-0.041986585
0.17485553
1.0464758
0.5022446
0.28540248
0.61279154
0.17485553
0.06856038
1.2633178
0.39169762
0.17485553
-0.041986585
1.2633178
0.39169762
0.39169762
-0.041986585
0.7190867
0.17485553
-0.15253355
0.39169762
0.8296336
0.28540248
-0.14828174
-0.041986585
0.06856038
0.28540248
0.28540248
0.5022446
0.28540248
-0.36512384
1.0464758
0.28540248
0.61279154
0.28540248
0.5022446
-0.2588287
0.06856038
0.7190867
0.39169762
0.17485553
0.7190867
0.17485553
-0.36937565
0.5022446
1.3738648
-0.9136068
0.39169762
0.06856038
0.8296336
0.28540248
0.28540248
1.0464758
-0.8030599
0.61279154
-0.2588287
0.28540248
-0.4756708
-0.4756708
0.5022446
0.06856038
0.39594942
-0.6925129
0.8296336
-0.8030599
0.93592876
0.06856038
0.8296336
-0.4756708
-0.2588287
-0.14828174
-0.8030599
0.17910734
-1.0199019
0.61279154
-0.2588287
-0.6925129
0.39594942
0.39594942
-0.4756708
-0.14828174
-0.58621776
-0.037734777
-0.8030599
-0.6925129
-1.0199019
-1.0199019
-0.14828174
0.8296336
0.06856038
-0.6925129
-0.2588287
-0.58621776
-0.58621776
-0.36937565
-0.4756708
-0.5819659
0.61279154
-0.14828174
0.06856038
0.39594942
-0.6925129
-0.6925129
-0.2588287
-0.14828174
-0.36512384
0.28540248
-0.6925129
-0.2545769
-0.6925129
-0.8030599
-1.236744
0.7233385
-0.14828174
-0.4756708
-0.2588287
-0.36512384
-0.58621776
0.06856038
0.17910734
-0.4756708
-0.14828174
-0.2588287
-0.5819659
-0.47141898
0.06856038
0.06856038
-0.36512384
-0.90935504
0.17910734
-0.14828174
-1.1261971
-0.14402993
-0.6925129
-0.037734777
0.07281218
-0.36512384
-0.2588287
-0.4756708
0.9401806
-0.36512384
-0.14828174
-0.4756708
-1.236744
-0.041986585
-1.236744
0.7233385
-1.0156502
0.17910734
-1.236744
0.06856038
0.39594942
0.07281218
-0.037734777
-0.6925129
-0.36512384
-0.14828174
-0.6925129
-0.14828174
-0.6925129
-0.36512384
-0.14828174
-0.6925129
-0.14828174
-1.5641332
0.39594942
-0.6925129
-0.6925129
-0.36512384
-0.14828174
-0.6925129
0.17910734
-0.36512384
-0.4756708
-0.4756708
-0.90935504
0.61279154
-0.79880804
0.17910734
-0.8030599
0.06856038
-0.14828174
-0.5819659
-0.14828174
-1.1261971
0.83388543
-0.79880804
-0.6925129
-0.14828174
0.28540248
-0.2588287
-1.236744
0.17910734
-1.236744
-0.5819659
-0.4756708
0.39594942
-0.36512384
-0.36512384
-0.36512384
-0.36512384
-0.14828174
-0.8030599
0.06856038
-0.90935504
-0.041986585
-0.4756708
0.06856038
-0.5819659
-0.36512384
-0.14828174
-1.347291
-0.6925129
-0.36512384
-0.14828174
0.39594942
-0.90935504
-0.037734777
-0.14828174
-0.8030599
-0.36512384
-0.36512384
-0.90935504
-0.5819659
0.06856038
1.1570227
-0.14828174
-0.4756708
0.07281218
-0.6925129
-0.037734777
-1.0199019
-0.36512384
-0.79880804
-0.36512384
-0.14828174
-0.6925129
0.07281218
-0.5819659
0.17910734
-0.6925129
-0.4756708
-0.2545769
-0.90935504
-0.6925129
-0.5819659
-0.14828174
-0.4756708
-0.14828174
-0.041986585
-0.6925129
-0.2588287
-0.79880804
0.39594942
-0.5819659
-0.2545769
-0.2545769
-1.1261971
-0.90935504
-0.6925129
0.39594942
-0.5819659
0.39594942
0.5064964
-0.36512384
0.7233385
0.17910734
-0.36512384
-0.14828174
0.17910734
-0.4756708
-1.236744
0.17910734
-1.1261971
-0.36512384
-1.3430393
-0.2545769
-0.037734777
0.39594942
-1.1261971
-0.037734777
-0.5819659
0.28540248
-0.4756708
0.17910734
-0.037734777
0.06856038
-1.0199019
-0.14828174
0.5022446
0.17910734
-0.14828174
-1.0156502
0.7233385
-0.2545769
0.17910734
-0.8030599
0.17910734
-0.14828174
-0.5819659
0.17910734
-0.6925129
-0.6925129
-0.36512384
-0.36512384
-0.4756708
-0.041986585
-1.236744
0.17910734
-0.36512384
0.83388543
-0.037734777
-0.5819659
-0.4756708
-0.79880804
0.5064964
-0.037734777
0.5064964
-0.6925129
-0.14828174
-0.037734777
0.06856038
-1.4535861
0.61279154
-0.6925129
-0.14828174
-1.0199019
-0.14828174
-0.90935504
0.61279154
-0.5819659
-0.037734777
-0.14828174
-0.36512384
-0.6925129
-0.14828174
-0.037734777
-0.14828174
-1.347291
0.06856038
-0.6925129
0.28540248
0.17910734
-0.2588287
-0.14828174
-0.2545769
0.39594942
-1.236744
0.06856038
-0.4756708
-0.14828174
-0.90935504
0.39594942
-0.36512384
-0.36512384
-0.79880804
0.39594942
-1.1261971
0.28965428
-0.36512384
-0.4756708
-0.14828174
-0.14828174
-0.4756708
0.06856038
-0.58621776
-0.14828174
-0.4756708
-0.6925129
-0.5819659
0.28965428
-0.2545769
-0.037734777
-0.79880804
-0.6925129
-0.90935504
0.06856038
0.61279154
-0.2545769
0.06856038
-0.037734777
0.28540248
-0.14828174
-0.2588287
0.06856038
0.61279154
-0.90935504
0.39594942
0.06856038
-1.3430393
-0.037734777
-1.0199019
-0.36512384
-0.6925129
0.39594942
0.06856038
-0.90935504
-0.4756708
-0.4756708
-0.6925129
0.06856038
0.39594942
-0.14828174
-0.8030599
-0.6925129
-0.5819659
0.17910734
-0.79880804
0.39594942
-0.2545769
-0.5819659
-0.14828174
-0.36512384
0.28965428
-0.14828174
-0.2545769
-0.2545769
-0.14828174
-0.79880804
0.06856038
-0.6925129
-0.90935504
0.7233385
-0.2545769
-0.36512384
-0.90935504
-0.79880804
0.06856038
-0.90935504
0.17910734
-0.36512384
-0.5819659
-0.14828174
-0.6925129
0.28540248
-0.4756708
0.7233385
-1.236744
0.06856038
-0.4756708
-0.5819659
-0.90935504
0.39594942
-1.1261971
-0.14828174
-0.79880804
-0.47141898
-0.5819659
-0.14828174
-0.36512384
-1.236744
0.61279154
-0.6925129
-0.14828174
-0.90935504
0.5064964
-0.5819659
-0.6925129
-0.9136068
0.5064964
-0.36512384
-1.0199019
-0.6925129
-0.47141898
-1.236744
-0.6925129
-0.36512384
-0.2588287
0.39594942
0.17910734
0.7233385
-0.6925129
0.06856038
-0.14828174
0.28965428
-0.037734777
-0.2588287
-0.4756708
-0.14828174
-0.9136068
-0.037734777
-0.36512384
-1.236744
-0.14828174
-0.6925129
0.8296336
-0.8030599
-0.5819659
-0.037734777
0.7233385
0.39594942
0.17910734
-0.90935504
-0.6925129
0.39594942
-0.36512384
-0.14828174
-1.236744
0.39594942
-0.36512384
-0.5819659
-0.6925129
-0.037734777
-0.2545769
0.39594942
-0.6925129
-0.14828174
0.17910734
0.39594942
-0.5819659
-0.14828174
-0.36512384
-0.5819659
-0.14828174
-0.14828174
-0.2545769
-0.14828174
-0.4756708
-0.14828174
-0.36512384
0.06856038
-1.236744
0.7233385
-0.2588287
-0.14828174
-0.90935504
0.28540248
-0.36512384
-0.4756708
-0.90935504
-0.36512384
0.17910734
0.17910734
-0.2545769
-1.0199019
-0.2545769
-0.90935504
-0.14828174
-0.2588287
-0.36512384
-0.90935504
0.39594942
-0.36512384
-0.4756708
-0.14828174
0.7233385
-0.79880804
0.28540248
-0.8030599
0.06856038
-0.90935504
0.61279154
-0.14828174
-1.0199019
0.17910734
-1.236744
0.17910734
-0.6925129
0.39594942
-0.36512384
-1.236744
-0.5819659
-0.47141898
0.06856038
-0.2588287
-0.2588287
0.7233385
-0.14828174
-0.79880804
0.17910734
-0.14828174
0.17910734
-0.36512384
0.61279154
-0.6925129
1.0507276
-0.037734777
-0.037734777
-0.6925129
-0.6925129
-0.4756708
-0.5819659
0.5064964
-0.36512384
-0.6925129
-1.5641332
0.5064964
-0.36512384
-0.2588287
-0.36512384
-0.36512384
-0.90935504
-0.8030599
0.17910734
-0.58621776
0.06856038
-0.79880804
-0.4756708
-0.5819659
-0.2545769
-0.6925129
-0.041986585
-0.037734777
0.17910734
0.06856038
0.17910734
-0.36512384
0.39594942
-0.4756708
0.39594942
-0.5819659
0.39594942
0.61279154
-0.14828174
-0.14828174
-0.36512384
-1.0199019
0.39594942
-0.4756708
-0.037734777
-0.36512384
0.06856038
-1.0199019
-0.14828174
-0.36512384
-0.4756708
-0.36512384
-0.90935504
0.61279154
-0.2588287
-0.2588287
-1.1261971
-0.36512384
-0.36512384
-1.0199019
-0.4756708
-0.037734777
0.39594942
-1.3430393
0.17910734
0.06856038
-0.4756708
0.39594942
0.5064964
-0.14828174
-1.236744
0.39594942
-0.36512384
0.39594942
0.39594942
0.06856038
-0.90935504
-0.58621776
-1.347291
-0.36512384
0.28540248
-0.58621776
-0.4756708
0.06856038
-0.2588287
-0.90935504
0.17910734
-0.14828174
-1.0199019
0.17910734
-0.4756708
0.17910734
-0.36512384
-0.14828174
-0.6925129
-1.0199019
1.2675697
-1.0199019
-0.6925129
-0.14828174
-0.4756708
-0.5819659
0.17910734
-0.5819659
0.9401806
-0.36512384
-0.4756708
-0.5819659
-1.1261971
0.17485553
-1.3430393
-0.037734777
-1.3430393
-0.6925129
-1.0199019
-0.36512384
-0.041986585
-0.2588287
0.06856038
-1.1261971
-0.6925129
-0.8030599
-0.2545769
-0.8030599
-0.8030599
0.61279154
-0.6925129
-0.36512384
-0.2545769
0.7233385
-0.037734777
-0.90935504
-0.36512384
-0.90935504
-0.4756708
-0.6925129
-0.36512384
-0.36512384
-1.5641332
0.17910734
-0.90935504
-0.2545769
-1.1261971
-0.037734777
0.17910734
-0.6925129
-0.041986585
-0.36512384
0.17910734
-0.6925129
-0.5819659
-0.2588287
-0.4756708
0.61279154
0.5064964
-0.8030599
-0.4756708
-0.14828174
0.5064964
-0.6925129
-0.2545769
0.39594942
-0.90935504
-0.2545769
-0.36512384
-0.6925129
-0.4756708
-0.36512384
0.06856038
-0.36512384
-0.14828174
-0.037734777
-0.8030599
-0.90935504
0.28540248
-1.1261971
0.17910734
-0.14828174
-0.6925129
-1.1304489
0.83388543
0.39594942
-1.0199019
-0.14828174
-0.36512384
-0.5819659
0.06856038
0.17910734
-0.037734777
0.06856038
-0.6925129
-0.037734777
0.06856038
0.39594942
-0.2588287
-0.037734777
0.39594942
-0.5819659
0.17910734
-0.14828174
-0.90935504
-0.14828174
-0.14828174
-0.6925129
-0.037734777
-0.2588287
-0.14828174
0.39594942
-0.6925129
0.06856038
-0.36512384
-0.5819659
-0.36512384
-0.14828174
-0.6925129
0.17910734
-0.14828174
-0.90935504
-0.36512384
-0.5819659
0.39594942
-0.14828174
0.5064964
-0.36512384
-0.90935504
0.7233385
-0.5819659
-0.36512384
-0.79880804
-0.2588287
-0.6925129
-0.36512384
-0.90935504
-0.14828174
0.06856038
-0.14828174
-0.14828174
-0.4756708
0.06856038
-0.5819659
-0.14828174
0.39594942
-0.4756708
0.06856038
-1.1261971
0.17910734
-0.90935504
-0.14828174
-0.6925129
0.06856038
-0.6925129
0.28965428
-0.041986585
-0.90935504
0.5064964
-1.0199019
0.17910734
-1.1261971
0.06856038
-1.0199019
-0.14828174
-1.236744
-0.037734777
-0.14828174
-0.36512384
-1.236744
-0.5819659
-0.90935504
-0.037734777
-0.14828174
-0.037734777
-0.2588287
-1.347291
0.17910734
-0.14828174
0.39594942
-0.4756708
-0.5819659
-0.36512384
-1.1261971
-0.36512384
-1.1261971
-0.14828174
-0.037734777
-0.037734777
-0.36512384
-0.36512384
-0.14828174
-0.6925129
0.17910734
-0.6925129
0.39594942
-0.037734777
-0.2588287
-0.6925129
0.39594942
-0.2545769
-0.90935504
-0.90935504
0.7233385
-0.36512384
0.17910734
0.06856038
-1.0199019
0.28540248
-0.90935504
-0.14828174
-0.6925129
0.17910734
0.06856038
-0.5819659
0.39594942
-0.2545769
-0.037734777
-0.14828174
0.17910734
-0.90935504
-1.4535861
0.17910734
-0.6925129
0.28965428
-0.36512384
-0.79880804
0.28965428
-0.6925129
-1.3430393
0.06856038
-0.79880804
0.17910734
-1.4535861
0.17910734
-1.3430393
-0.36512384
-0.79880804
-1.4535861
0.17910734
-1.236744
0.17910734
-0.6925129
-0.36512384
-0.4756708
-1.1261971
-0.79880804
-1.6704283
-0.037734777
-1.1261971
-0.79880804
-1.0199019
-0.5819659
-0.037734777
-0.14828174
-0.5819659
-0.2545769
-0.037734777
-1.0156502
0.28965428
-1.0199019
-0.5819659
-0.5819659
-1.3430393
-0.2545769
-1.1261971
-0.14828174
-1.0199019
-0.36512384
-0.79880804
-0.4756708
-0.90935504
-0.6925129
-1.4535861
0.07281218
-0.36512384
-1.3430393
-0.90935504
-0.5819659
-1.1261971
-1.4535861
-0.037734777
-0.2545769
-0.2545769
-0.6882611
0.07281218
-0.79880804
-1.3430393
-0.037734777
-1.1261971
0.06856038
-1.7809752
-1.4535861
-0.037734777
-0.36512384
-1.0156502
-0.037734777
-1.0156502
-0.90935504
-0.36512384
-0.5819659
-0.90935504
-1.1261971
0.28965428
-0.79880804
-1.4535861
-0.5819659
0.28965428
-1.2324922
-0.36512384
-0.79880804
0.28965428
-1.1261971
-0.4756708
-0.36512384
-0.037734777
-0.2545769
-0.47141898
-0.47141898
-1.3430393
-0.5819659
-1.3430393
-0.5819659
-1.236744
-0.47141898
-0.90935504
-1.1261971
-0.79880804
-0.2545769
-0.79880804
-1.3430393
-0.47141898
-1.0156502
-0.6925129
-0.5819659
-1.3430393
-1.0156502
-0.79880804
-1.1261971
-0.79880804
-0.79880804
-1.6704283
-0.037734777
-1.3430393
-1.3430393
-1.0156502
-1.0156502
-0.6882611
-0.6882611
-1.1261971
-1.3430393
-0.2545769
-0.6925129
-1.1261971
-0.6882611
-0.47141898
-1.0156502
-1.5598813
-0.2545769
-1.1261971
-0.9051032
-1.1261971
-1.6704283
-1.3430393
-1.5598813
-0.36512384
-0.79880804
-0.47141898
-0.79880804
-0.90935504
-1.3430393
-0.6882611
-1.2324922
-0.6882611
-1.1261971
-0.47141898
-1.1261971
-0.2545769
-1.0156502
-1.3430393
-1.1219453
-1.0156502
-0.5819659
-0.5819659
-0.79880804
-0.5819659
-0.5819659
-0.2545769
-0.47141898
-1.0156502
-1.2324922
-0.5819659
-0.14402993
-1.3430393
-0.5819659
-0.5819659
-0.47141898
-0.5819659
-1.1261971
-0.14402993
-0.5819659
-0.14402993
-1.1261971
-0.36087203
-1.1261971
-0.5819659
-0.90935504
-0.36512384
-0.90935504
-1.5598813
-0.79880804
-0.79880804
-0.47141898
-1.6704283
-0.36087203
-0.79880804
-0.14402993
-1.6704283
-1.3430393
-0.90935504
-0.79880804
-1.9978173
-0.36087203
-1.6704283
-0.36087203
-1.3430393
-1.0156502
-1.1261971
-1.4493344
-1.4493344
-1.0156502
-0.037734777
-1.2324922
-1.2324922
-1.6704283
-1.0156502
-0.14402993
-1.0156502
-1.0156502
-0.79880804
-2.1041124
-1.0156502
-0.037734777
-0.14402993
-0.79880804
-1.6704283
-1.4493344
-0.57771415
-1.1219453
-1.2324922
-0.57771415
-1.7767235
-1.0156502
-1.6704283
-0.6882611
-1.0156502
-1.2324922
-0.6882611
-1.5598813
-0.14402993
-1.5598813
-0.6882611
-1.3430393
-1.0156502
-2.1041124
-0.14402993
-1.3430393
-1.3430393
-0.6882611
-0.9051032
-0.9051032
-2.2146595
-0.79880804
-1.3430393
-1.0156502
-1.2324922
-1.0156502
-1.0156502
-1.1261971
-1.1261971
-1.1261971
-1.8872703
-1.2324922
-1.2324922
-0.57771415
-0.36087203
-0.6882611
-1.2324922
-1.2324922
-1.0156502
-1.5598813
-0.6882611
-0.6882611
-0.9051032
-0.6882611
-0.9051032
-0.79880804
-1.3430393
-2.1041124
-1.0156502
-0.79880804
-2.2146595
-0.9051032
-1.3430393
-1.2324922
-1.4493344
-1.0156502
-0.6882611
-0.9051032
-1.4493344
-0.6882611
-1.0156502
-1.0156502
-1.7767235
-1.2324922
-1.0156502
-1.0156502
-1.3430393
-1.2324922
-1.0156502
-1.5598813
-0.6882611
-1.3430393
-0.79880804
-1.5598813
-1.4493344
-1.5598813
-0.9051032
-1.0156502
-1.9935656
-0.6882611
-1.0156502
-1.8872703
-1.7767235
-0.9051032
-1.4493344
-0.9051032
-2.1041124
-1.0156502
-0.6882611
-1.4493344
-1.2324922
-1.8872703
-1.2324922
-1.2324922
-1.5598813
-1.3430393
-1.3430393
-1.4493344
-1.0156502
-1.7767235
-1.9935656
-1.2324922
-0.9051032
-0.9051032
-1.2324922
-2.1041124
-1.2324922
-1.8872703
-1.3387874
-1.7767235
-0.6882611
-1.0156502
-1.6661764
-1.3430393
-0.03348297
-1.5598813
-1.2324922
-0.6882611
-1.2324922
-0.6882611
-1.4493344
-0.6882611
-1.3430393
-1.0156502
-0.9051032
-0.6882611
-0.6882611
-1.5598813
-0.36087203
-1.2324922
-0.6882611
-1.2324922
-0.79880804
-1.7767235
-1.5598813
-1.3430393
-1.6704283
-1.1261971
-1.2324922
-0.79455626
-1.7767235
-1.0156502
-0.79880804
-1.0156502
-1.8872703
-1.4493344
-1.0156502
-1.4493344
-0.6882611
-1.5598813
-0.14402993
-1.8872703
-0.6882611
-1.2324922
-1.3430393
-0.9051032
-1.0156502
-1.4535861
-0.6882611
-1.6661764
-1.3430393
-1.8872703
-0.9051032
-0.6882611
-2.4315016
-1.0156502
-1.9935656
-0.9051032
-1.5598813
-1.4493344
-1.8872703
-1.2324922
-0.9051032
-1.2324922
-1.7767235
-1.7767235
-1.7767235
-1.1219453
-0.9051032
-1.5598813
-1.0156502
-1.2324922
-1.6661764
-0.6882611
-2.1041124
-1.5598813
-1.4493344
-0.9051032
-1.0156502
-2.4315016
-0.03348297
-1.7767235
-1.8872703
-1.7767235
-0.47141898
-1.7767235
-1.4493344
-1.9935656
-1.2324922
-1.1219453
-0.9051032
-1.8872703
-1.0156502
-0.9051032
-1.0156502
-2.4315016
-1.2324922
-1.7767235
-1.6704283
-1.4493344
-1.3387874
-1.5556295
-1.0156502
-2.2104075
-0.9051032
-1.6661764
-0.6882611
-1.4535861
-1.4493344
-1.6661764
-1.7767235
-1.0156502
-1.6661764
-1.2324922
-1.6661764
-1.2324922
-0.6882611
-1.0156502
-1.1219453
-2.5377967
-0.6882611
-1.2324922
-1.8830186
-1.1219453
-1.6661764
-1.1219453
-1.3430393
-1.5598813
-1.4493344
-2.1041124
-1.0156502
-0.79455626
-1.6661764
-2.2104075
-0.57771415
-1.4493344
-1.9935656
-1.3387874
-1.4493344
-0.6882611
-2.3209546
-0.36087203
-1.8830186
-1.2324922
-1.6661764
-1.3387874
-1.0156502
-1.0156502
-0.57771415
-1.6661764
-1.2324922
-1.7767235
-0.25032508
-1.2324922
-1.6661764
-1.6704283
-1.2324922
-1.0156502
-1.5598813
-1.4493344
-1.0156502
-1.4493344
-2.3209546
-0.36087203
-1.8830186
-1.8872703
-2.2104075
-1.1219453
-1.5598813
-0.6882611
-0.6882611
-1.7767235
-1.5598813
-1.4493344
-1.6661764
-1.7767235
-2.1041124
-1.7767235
-1.4493344
-1.2324922
-1.3387874
-1.5598813
-1.3430393
-0.9051032
-2.1041124
-1.4493344
-1.7767235
-1.2324922
-1.3430393
-1.2324922
-1.3430393
-0.9051032
-1.0156502
-1.7767235
-1.8872703
-1.0156502
-1.5598813
-1.0156502
-0.9051032
-0.9051032
-1.9935656
-1.4493344
-1.9935656
-0.9051032
-1.1219453
-0.6882611
-2.2104075
-1.7767235
-1.1219453
-1.9935656
-0.6882611
-1.2324922
-1.9935656
-2.2104075
-1.2324922
-1.6661764
-1.1219453
-1.7767235
-1.4493344
-1.2324922
-1.9935656
-1.2324922
-1.1219453
-1.9935656
-0.9051032
-2.5377967
-2.3209546
-1.3430393
-1.7767235
-1.6704283
-1.4493344
-2.2104075
-0.47141898
-1.9935656
-1.6661764
-1.3387874
-1.9935656
-1.4493344
-1.1219453
-0.57771415
-1.4493344
-1.4493344
-0.9051032
-2.3209546
-0.36087203
-1.9935656
-1.2324922
-1.9935656
-1.2324922
-2.1041124
-2.1041124
-1.9935656
-1.6661764
-2.1041124
-1.2324922
-1.0156502
-1.5598813
-2.2146595
-1.0156502
-0.57771415
-1.4493344
-2.2104075
-1.3430393
-1.7767235
-0.36087203
-1.7767235
-1.5598813
-1.6661764
-1.6661764
-1.3387874
-2.4272497
-1.9935656
-2.754639
-2.6440918
-1.1219453
-1.6661764
-1.3430393
-1.7767235
-2.6483436
-1.1219453
-1.9935656
-1.4493344
-1.6661764
-1.4493344
-1.7767235
-0.36087203
-1.4493344
-2.5377967
-1.9935656
-1.7767235
-1.8830186
-1.7767235
-1.1219453
-2.2104075
-1.4493344
-1.4493344
-0.47141898
-2.5377967
-1.4493344
-1.8830186
-1.7767235
-1.1219453
-1.9935656
-0.6882611
-1.4493344
-1.9935656
-2.5377967
-1.6661764
-1.3387874
-1.8830186
-2.5377967
-1.9935656
-1.6661764
-1.6661764
-1.5598813
-1.1219453
-1.4493344
-2.1041124
-2.6440918
-0.79455626
-1.8830186
-1.6661764
-0.6882611
-1.4493344
-1.7767235
-1.2324922
-1.5598813
-1.4493344
-1.4493344
-2.4272497
-0.79455626
-1.9935656
-1.4493344
-1.9935656
-1.2324922
-1.7767235
-1.6661764
-1.2324922
-1.2324922
-1.5598813
-1.2324922
-1.2324922
-0.79880804
-0.57771415
-0.9051032
-1.7767235
-1.2324922
-1.9935656
-1.2324922
-0.6882611
-1.5598813
-0.9051032
-2.3209546
-1.4493344
-1.7767235
-1.9935656
-2.6440918
-1.0156502
-1.9935656
-1.3430393
-1.9935656
-0.9051032
-1.8830186
-1.0113984
-2.4272497
-1.3387874
-2.4272497
-0.6882611
-1.0156502
-1.0156502
-1.2324922
-2.1041124
-1.2324922
-1.5598813
-1.4493344
-1.4493344
-2.2104075
-0.9051032
-1.7767235
-0.9051032
-1.6661764
-1.4493344
-1.7767235
-1.7767235
-1.4493344
-2.2104075
-1.2324922
-1.8830186
-2.754639
-1.6661764
-0.9051032
-2.0998607
-0.79455626
-1.6661764
-1.2324922
-1.5598813
-1.2324922
-1.2324922
-1.7767235
-1.5598813
-1.8830186
-1.1219453
-2.2104075
-1.1219453
-1.2324922
-0.9051032
-1.2324922
-1.4493344
-2.3209546
-0.9051032
-1.9935656
-1.9935656
-1.8830186
-0.6882611
-1.0156502
-0.6882611
-1.8830186
-1.0113984
-2.2104075
-2.3209546
-1.9935656
-0.9051032
-1.9935656
-1.4493344
-2.2104075
-0.6882611
-1.3430393
-1.2324922
-0.36087203
-1.9935656
-1.2324922
-2.4272497
-1.6661764
-1.1219453
-2.5377967
-1.3387874
-1.7767235
-0.9051032
-1.1219453
-1.9935656
-0.6882611
-1.7767235
-1.7767235
-1.2324922
-2.754639
-1.4493344
-1.3387874
-1.9935656
-1.1219453
-1.3387874
-1.4493344
-2.4272497
-0.6882611
-0.9051032
-2.5377967
-1.1219453
-1.4450827
-1.7767235
-1.4493344
-1.6661764
-1.6661764
-1.6661764
-0.57771415
-1.9935656
-1.8872703
-0.57771415
-1.6661764
-1.1219453
-1.8830186
-1.1219453
-1.6661764
-1.9935656
-0.9051032
-1.7767235
-2.1041124
-1.8830186
-1.6661764
-1.9935656
-1.8830186
-1.1219453
-1.5556295
-0.9051032
-1.7767235
-1.4493344
-1.9935656
-2.2104075
-0.79455626
-1.2282405
-0.9051032
-2.2104075
-1.0113984
-1.4493344
-0.6882611
-0.9051032
-2.1041124
-1.4493344
-1.6661764
-1.7767235
-1.4493344
-2.5377967
-1.1219453
-1.7767235
-1.8830186
-1.6661764
-2.3209546
-1.1219453
-1.2324922
-1.2324922
-1.2324922
-1.9935656
-1.4493344
-2.0998607
-1.5556295
-1.5598813
-1.8830186
-0.57771415
-1.2324922
-2.1041124
-1.3387874
-1.4493344
-1.4493344
-2.2104075
-1.0113984
-2.4272497
-0.79455626
-1.9935656
-1.6661764
-1.2324922
-2.5377967
-1.8830186
-1.6661764
-0.79455626
-2.2104075
-0.9051032
-0.9051032
-2.2104075
-1.7767235
-2.2104075
-2.1041124
-1.2324922
-1.2324922
-1.6661764
-1.6661764
-1.6661764
-1.9935656
-2.754639
-1.8830186
-2.0998607
-1.9935656
-0.9051032
-1.6661764
-1.2324922
-1.6661764
-1.6661764
-1.3387874
-2.754639
-1.4493344
-2.3209546
-1.4493344
-1.2324922
-0.79455626
-1.1219453
-1.6661764
-1.4493344
-1.1219453
-2.5377967
-0.14402993
-1.5598813
-2.3209546
-1.1219453
-1.6661764
-0.9051032
-2.2104075
-1.6661764
-0.57771415
-1.8830186
-1.3387874
-1.9935656
-2.4272497
-0.79455626
-2.4272497
-1.6661764
-1.4493344
-0.9051032
-1.4493344
-2.4272497
-1.3387874
-1.9935656
-2.5377967
-1.9935656
-1.5556295
-0.79455626
-2.2104075
-0.9051032
-2.0998607
-1.8830186
-3.0820277
-1.3387874
-1.4493344
-1.3387874
-1.4493344
-1.6661764
-0.57771415
-2.6440918
-1.4493344
-1.9935656
-1.9935656
-1.6661764
-2.0998607
-1.6661764
-1.7767235
-2.3209546
-1.4493344
-1.8830186
-1.4493344
-1.6661764
-1.4493344
-1.3387874
-1.1219453
-1.7767235
-2.5377967
-1.1219453
-2.5377967
-1.4493344
-2.2104075
-1.7767235
-1.7767235
-1.5556295
-1.7767235
-1.6661764
-1.4493344
-2.3209546
-1.1219453
-1.8872703
-1.4493344
-1.8872703
-1.4493344
-1.7767235
-2.5377967
-0.36087203
-1.8830186
-1.7767235
-1.8830186
-1.9935656
-1.2324922
-1.7767235
-0.9051032
-1.2324922
-1.4493344
-0.6882611
-1.9935656
-1.5598813
-0.57771415
-2.2104075
-1.2324922
-1.9935656
-1.0156502
-1.9935656
-0.57771415
-1.9935656
-1.4493344
-0.9051032
-1.5598813
-1.1219453
-1.1219453
-2.1041124
-2.3209546
-1.9935656
-1.6661764
-1.9935656
-2.3209546
-1.1219453
-1.5598813
-1.3387874
-1.0156502
-1.1219453
-1.2324922
-2.754639
-0.9051032
-2.2104075
-1.3430393
-1.6661764
-1.2324922
-1.2324922
-1.7767235
-1.9935656
-0.57771415
-1.3430393
-1.4493344
-1.7767235
-1.2324922
-1.5598813
-1.2324922
-1.2324922
-1.5598813
-0.36087203
-1.0156502
-1.2324922
-0.9051032
-1.9935656
-1.5598813
-2.1041124
-1.9935656
-0.9051032
-1.1219453
-1.3430393
-1.4493344
-1.4493344
-1.4493344
-2.5377967
-0.36087203
-1.0156502
-1.0156502
-0.57771415
-2.3209546
-0.6882611
-1.4493344
-1.2324922
-1.2324922
-1.8872703
-1.2324922
-0.90935504
-2.1041124
-1.3430393
-1.7767235
-1.8872703
-1.0156502
-1.0156502
-1.2324922
-1.2324922
-1.5598813
-2.1041124
-2.1041124
-1.0156502
-1.2324922
-1.4493344
-1.7767235
-1.5598813
-1.2324922
-1.1219453
-1.6661764
-1.5598813
-0.6882611
-1.3430393
-1.2324922
-1.5598813
-1.4493344
-1.1219453
-0.36087203
-0.6882611
-1.9935656
-0.57771415
-0.6882611
-1.5598813
-1.4493344
-1.0156502
-1.2324922
-1.8872703
-0.14402993
-1.2324922
-1.5598813
-1.0156502
-1.1261971
-1.3430393
-0.5819659
-0.47141898
-0.36512384
-0.79880804
-0.47141898
-1.2324922
-1.4493344
-1.5598813
-0.9051032
-1.0156502
-1.5598813
-0.2545769
-1.5598813
-1.0156502
-1.3430393
-0.36087203
-1.0156502
-1.2324922
-0.037734777
-1.3430393
0.07281218
-1.0156502
-0.90935504
-0.5819659
-0.79880804
-0.6882611
-0.79880804
-0.47141898
-1.3430393
-0.79880804
-0.6925129
-1.8872703
0.07281218
-0.79880804
-1.1261971
-1.1261971
-1.5598813
-1.7767235
-0.36087203
-0.14402993
-1.2324922
-0.90935504
-0.5819659
-1.0156502
-1.0156502
-1.3430393
-0.79880804
-0.2545769
0.18335913
-0.90935504
-0.47141898
-1.1261971
-1.3430393
-0.79880804
-0.47141898
-1.4535861
-0.90935504
-1.1261971
-0.79880804
-0.79880804
-0.90935504
-0.14828174
-1.3430393
-0.037734777
-0.5819659
-0.90935504
-1.1261971
-1.3430393
0.07281218
-0.4756708
-0.5819659
-0.14828174
-1.1261971
-0.5819659
-1.8872703
-0.36512384
-1.1261971
-0.5819659
0.7233385
-0.2545769
0.39594942
-0.6925129
-0.79880804
-0.36512384
-1.1261971
-0.037734777
0.39594942
-0.36512384
0.17910734
-0.36512384
-0.5819659
-1.4535861
0.39594942
-0.2588287
0.5064964
-1.7809752
-0.5819659
-1.0156502
-1.3430393
-0.79880804
0.28965428
-0.5819659
-0.14828174
-0.6925129
0.28965428
-1.1261971
-1.1261971
-1.236744
-0.037734777
-0.47141898
0.7233385
-0.14828174
0.28965428
-0.037734777
0.17910734
-0.8030599
0.39594942
-0.4756708
-0.4756708
0.28540248
-0.90935504
0.17910734
0.5064964
0.61279154
0.06856038
0.17910734
-0.36512384
0.06856038
-0.6925129
-0.36512384
-1.0199019
-0.14828174
-1.1261971
0.17910734
-0.36512384
-0.36512384
-0.14828174
0.39594942
-0.6925129
-0.58621776
-0.6925129
-0.5819659
-0.36512384
0.39594942
0.7233385
0.7233385
-0.2588287
0.7233385
0.17910734
-0.2588287
-0.36512384
-0.037734777
0.39594942
-0.4756708
-0.36512384
-0.037734777
-0.36512384
-0.36512384
0.8296336
0.39594942
0.7233385
-0.36512384
0.5064964
-1.1261971
-0.36512384
-0.90935504
-0.14828174
-0.14828174
-0.14828174
-0.36512384
0.61279154
-0.36512384
0.17910734
0.39594942
-0.2588287
0.8296336
-0.14828174
-0.037734777
-0.14828174
-0.4756708
0.17910734
0.06856038
-0.14828174
0.7233385
-1.347291
-0.4756708
0.39594942
-0.14828174
-0.041986585
-0.6925129
0.28540248
-0.2588287
0.17910734
0.61279154
0.06856038
0.39594942
-0.041986585
-0.14828174
-0.037734777
-0.36512384
0.17910734
0.28540248
0.39594942
0.8296336
-1.0199019
-0.2588287
-0.4756708
-0.037734777
0.8296336
-0.4756708
-0.14828174
0.5064964
-0.2588287
-0.14828174
0.06856038
-0.14828174
-0.14828174
-0.6925129
0.06856038
-0.5819659
-0.2588287
-0.5819659
-0.58621776
0.39594942
0.61279154
-0.4756708
-0.2588287
-0.36512384
0.7233385
-0.90935504
0.9401806
0.06856038
-0.14828174
0.06856038
-0.4756708
-0.2588287
0.39594942
0.39594942
0.28540248
0.06856038
-0.14828174
-0.8030599
0.17910734
-0.6925129
0.17910734
0.5064964
-1.0199019
0.39594942
-0.037734777
-0.14828174
0.61279154
0.39594942
0.28540248
-0.4756708
-0.36512384
0.8296336
-0.14828174
0.17910734
-0.2588287
0.8296336
0.39594942
1.1570227
-0.36512384
-0.6925129
1.1570227
-0.14828174
0.8296336
-0.041986585
-0.4756708
-0.2588287
-0.8030599
0.9401806
-0.15253355
-0.58621776
0.61279154
-0.14828174
-0.15253355
0.61279154
0.39169762
-0.041986585
0.39169762
0.8296336
-0.58621776
0.5022446
-0.8030599
0.8296336
0.28540248
0.5022446
0.06856038
0.06856038
0.28540248
-0.36512384
0.06856038
-0.4756708
0.28540248
0.17485553
-0.041986585
0.5022446
-0.58621776
0.8296336
-0.2588287
-0.15253355
-0.15253355
1.0464758
0.06856038
0.28540248
1.0464758
0.5022446
0.61279154
-0.2588287
0.61279154
-0.041986585
0.06856038
-0.2588287
0.8296336
1.0464758
0.7190867
0.28540248
0.28540248
-0.14828174
0.17485553
0.5022446
0.8296336
-0.36937565
0.28540248
-0.6925129
-0.2588287
0.06856038
-0.041986585
0.28540248
0.5022446
0.61279154
0.5022446
0.8296336
0.61279154
-0.041986585
0.8296336
0.17485553
0.28540248
0.17485553
-0.2588287
0.06856038
1.2633178
0.17485553
1.0464758
-0.58621776
-0.6967647
0.8296336
0.61279154
-0.2588287
0.8296336
0.28540248
0.8296336
0.06856038
0.17485553
0.7190867
-0.36937565
0.06856038
0.7190867
-0.15253355
0.8296336
0.28540248
0.17485553
0.17485553
-0.2588287
0.28540248
-0.36937565
0.5022446
-0.58621776
0.28540248
1.0464758
1.0464758
0.39169762
-0.041986585
-0.041986585
0.7190867
1.0464758
0.5022446
1.5907068
0.17485553
-0.041986585
0.39594942
1.697002
0.17485553
0.06856038
1.0464758
-0.15253355
1.1527709
1.0464758
1.0464758
1.2633178
0.93592876
0.28115067
-0.2630805
1.5907068
0.17485553
-0.15253355
1.48016
-0.041986585
0.28540248
0.28540248
-0.58621776
0.39169762
0.6085397
-0.041986585
1.1527709
-0.041986585
0.17485553
-0.36937565
-0.15253355
0.93592876
0.17485553
0.17485553
0.93592876
0.7190867
0.8253819
0.7190867
1.3738648
0.7190867
0.7190867
0.6085397
0.7190867
-0.15253355
1.697002
0.28540248
1.0464758
0.7190867
0.5022446
-0.36937565
0.93592876
1.2633178
0.93592876
0.7190867
0.5022446
0.6085397
-0.2588287
0.17485553
1.2633178
2.0243912
0.28115067
1.0464758
0.7190867
-0.36937565
1.1527709
0.93592876
1.369613
-0.2630805
0.93592876
0.39169762
0.39169762
1.48016
1.369613
0.8253819
0.93592876
0.28115067
1.2633178
0.06430857
2.2412333
0.28115067
0.6085397
-0.47992262
0.17485553
1.2633178
0.8253819
1.5864551
1.1527709
0.6085397
-0.2588287
1.48016
0.93592876
0.93592876
0.6085397
1.369613
0.93592876
0.6085397
1.1527709
0.6085397
0.6085397
0.28115067
1.5907068
0.17485553
0.06430857
0.7190867
1.0422239
0.8253819
0.93592876
0.93592876
0.93592876
0.39169762
0.39169762
1.8032973
1.1527709
1.1527709
0.49799278
0.06430857
1.697002
1.48016
1.697002
1.369613
0.06430857
1.0422239
0.06430857
1.5864551
1.697002
1.369613
0.28115067
1.369613
1.259066
1.1527709
0.9316769
1.5864551
1.48016
0.8253819
-0.04623839
1.2633178
1.259066
0.6085397
1.5864551
1.259066
0.8253819
1.697002
1.369613
2.0201392
1.9138441
1.0422239
0.9316769
0.6085397
2.0243912
1.1527709
1.4759082
1.369613
1.369613
0.71483487
0.28115067
1.259066
2.2412333
1.0422239
1.697002
0.8253819
0.17060372
1.5864551
0.8253819
1.5864551
2.1306863
0.71483487
1.369613
0.3874458
0.8253819
2.3475285
2.0201392
1.8032973
0.6085397
0.28115067
1.369613
1.697002
2.0201392
1.8032973
1.0422239
1.0422239
0.6085397
1.5864551
2.2412333
1.697002
0.9316769
0.8253819
1.1527709
0.28115067
1.8032973
0.9316769
1.8032973
1.0422239
0.71483487
1.0422239
0.93592876
1.9138441
1.4759082
1.5864551
1.259066
1.1527709
1.9138441
1.0422239
2.1306863
1.697002
1.8032973
1.1527709
0.6085397
1.807549
1.0422239
1.8032973
1.0422239
1.0422239
0.8253819
1.259066
0.71483487
2.3475285
1.5864551
0.9316769
0.28115067
1.369613
1.807549
1.369613
1.8032973
1.48016
0.28115067
1.5864551
0.8253819
2.4580753
2.0201392
1.5864551
0.8253819
0.8253819
0.8253819
1.5864551
2.0201392
1.3653612
0.6085397
1.9138441
1.48016
2.0201392
1.8032973
1.259066
1.259066
0.49799278
0.8253819
1.0422239
1.8032973
1.697002
0.8253819
0.06430857
1.697002
1.1527709
1.1485192
1.5864551
2.4580753
0.28115067
1.48016
1.9138441
1.259066
1.8032973
1.0422239
1.5864551
0.6085397
1.369613
0.28115067
2.4580753
1.5864551
1.0422239
0.93592876
1.0422239
2.3475285
1.259066
1.48016
1.9138441
1.5864551
1.1527709
1.259066
1.5864551
1.259066
1.9138441
0.8253819
0.8253819
-0.04623839
1.369613
1.0422239
1.8032973
0.8253819
0.49799278
1.697002
0.7190867
1.5864551
0.71483487
1.2633178
1.5864551
-0.15253355
2.1306863
0.8253819
1.9138441
1.1527709
1.48016
0.8253819
1.48016
1.1527709
0.8253819
1.369613
0.28115067
0.28115067
0.49799278
0.06430857
2.4580753
0.49799278
0.93592876
0.6085397
0.17485553
1.0422239
0.49799278
1.697002
1.0422239
1.2633178
0.17485553
-0.2630805
1.2633178
1.4759082
2.2412333
1.1527709
1.1527709
-0.15253355
2.3517802
0.8253819
1.369613
0.6085397
1.1527709
-0.15253355
0.39169762
0.93592876
0.8253819
0.8253819
-0.041986585
0.8296336
0.93592876
0.49799278
2.1306863
1.48016
0.8253819
-0.041986585
0.7190867
0.17060372
1.369613
1.1527709
1.369613
0.6085397
-0.15253355
1.5864551
0.49799278
0.28115067
0.28115067
0.39169762
0.6085397
0.8253819
1.259066
1.0464758
0.6085397
-0.2630805
0.93592876
0.06430857
1.1527709
0.8253819
0.8253819
0.71483487
0.06430857
1.0422239
0.93592876
0.28115067
1.697002
0.6085397
1.1527709
0.39169762
1.48016
0.7190867
1.1527709
-0.2588287
0.93592876
0.7190867
0.6085397
-0.36937565
0.39169762
1.1527709
0.39169762
1.1527709
0.7190867
1.0464758
-0.2630805
0.8296336
0.06430857
-0.4756708
1.1527709
0.5022446
0.7190867
-0.2588287
0.17485553
0.8296336
-0.041986585
0.7190867
-0.2588287
-0.36937565
0.39169762
-0.15253355
1.2633178
0.7190867
1.48016
-0.041986585
0.17485553
1.2633178
0.28540248
0.5022446
0.5022446
0.17485553
0.5022446
-0.2588287
0.93592876
0.5022446
0.93592876
-0.58621776
0.5022446
0.39594942
-0.2588287
0.7190867
-0.2588287
0.61279154
0.06856038
0.5022446
0.7190867
0.93592876
0.61279154
0.39169762
-0.8030599
-0.041986585
1.0464758
0.5022446
0.7190867
0.17485553
0.39169762
-0.15253355
0.28540248
0.93592876
0.7190867
1.0464758
0.17485553
0.06856038
0.17485553
-0.041986585
-0.041986585
-0.041986585
1.1570227
-0.2588287
-0.041986585
-0.041986585
0.28540248
-0.2588287
-1.0199019
0.8296336
0.28540248
-0.041986585
-0.041986585
0.17910734
-0.15253355
-0.58621776
1.0464758
0.5022446
0.28540248
1.3738648
-0.14828174
-0.15253355
0.17485553
-0.36937565
0.06856038
-0.041986585
0.28540248
0.28540248
-0.4756708
0.39594942
-0.8030599
0.7190867
-0.2588287
0.8296336
0.5022446
-0.8030599
0.9401806
-0.14828174
-0.14828174
-0.58621776
0.61279154
-0.041986585
-0.041986585
0.9401806
-1.0199019
0.06856038
-0.14828174
0.61279154
-0.2588287
0.06856038
0.61279154
0.06856038
0.8296336
-0.2588287
0.28540248
0.06856038
-0.14828174
-0.041986585
-0.041986585
-0.4756708
-0.4756708
-0.14828174
0.5022446
-1.236744
0.7233385
-0.4756708
0.5064964
-0.36512384
-0.037734777
-0.14828174
0.17910734
-0.6925129
-0.58621776
0.8296336
0.28540248
-0.14828174
0.39594942
-0.58621776
-0.14828174
-0.2588287
-0.14828174
0.39594942
0.06856038
-0.4756708
-0.36512384
-0.6925129
-0.4756708
-1.0199019
-0.4756708
-0.36512384
-0.6925129
-0.037734777
-0.6925129
-0.90935504
-0.14828174
-0.2588287
-0.037734777
0.28965428
-0.4756708
0.39594942
-0.2545769
-0.90935504
-0.4756708
0.06856038
-0.5819659
0.8296336
-0.14828174
-0.6925129
-0.14828174
-0.90935504
-0.90935504
-1.0199019
-0.6925129
-0.14828174
-0.36512384
0.7233385
0.39594942
-1.1304489
0.28540248
-0.36512384
-0.90935504
0.7233385
-0.36512384
0.06856038
-0.14828174
-1.236744
0.17910734
-0.14828174
-0.36512384
0.39594942
-0.2545769
-1.1261971
-0.79880804
0.7233385
-0.90935504
-0.6925129
-0.90935504
-0.6925129
-0.79880804
-0.14828174
-0.36512384
-0.6925129
-0.36512384
-1.4535861
-0.5819659
-0.2545769
-0.5819659
-0.5819659
-0.5819659
-0.2545769
-0.14828174
-0.6925129
0.5064964
-0.6925129
0.17910734
-0.5819659
-0.36512384
-0.36512384
0.06856038
-0.6925129
-0.4756708
-1.0199019
-0.79880804
0.17910734
-0.90935504
-0.36512384
-0.79880804
-0.79880804
-0.037734777
-0.36512384
-1.1261971
-0.5819659
-0.79880804
-0.5819659
-0.36512384
-1.1261971
-0.2545769
0.39594942
-1.1261971
-0.5819659
-1.1261971
-1.0199019
-0.037734777
-1.3430393
-1.1261971
-0.47141898
-0.79880804
-0.90935504
-1.1261971
-0.36512384
-0.4756708
-1.6704283
-0.2545769
-0.90935504
-0.90935504
-0.90935504
-1.4535861
-1.4535861
-0.36512384
-1.3430393
-0.2545769
-0.5819659
-0.5819659
-1.4535861
-1.236744
-0.79880804
-0.47141898
-0.6925129
-0.47141898
-0.2545769
-0.5819659
-0.5819659
-0.36512384
-0.5819659
-0.79880804
-0.5819659
-1.3430393
-0.037734777
-1.0156502
-0.36512384
-0.79880804
-1.1261971
-0.79880804
-1.0199019
-1.0156502
-0.5819659
-1.3430393
-0.14402993
-0.6882611
-0.2545769
-1.6704283
-0.2545769
-1.1261971
-1.236744
-1.1261971
-1.0156502
-1.3430393
-1.3430393
-0.14402993
-0.47141898
-1.0156502
-1.4535861
-0.6882611
-1.5598813
-0.79880804
-1.0156502
-1.3430393
-0.2545769
-1.4535861
-1.2324922
-1.3430393
-1.0156502
-0.79880804
-1.2324922
-1.4535861
-1.5598813
-1.4535861
-0.79880804
-0.79880804
-1.2324922
-0.79880804
-0.5819659
-1.3430393
-1.8872703
-0.6882611
-1.1261971
-1.1261971
-0.79880804
-1.2324922
-1.1261971
-1.1261971
-1.1261971
-0.36087203
-0.79880804
-0.2545769
-1.6704283
-0.2545769
-1.1261971
-1.6704283
-0.90935504
0.07281218
-1.3430393
-1.3430393
-1.1261971
-0.36087203
-0.47141898
-0.79880804
-1.6704283
-1.2324922
-1.6704283
-1.0156502
-0.6882611
-1.6704283
-1.1261971
-2.2146595
0.07281218
-0.79880804
-1.0156502
-0.90935504
-1.2324922
-1.1261971
-0.6882611
-0.9051032
-1.0156502
-1.1261971
-0.79880804
-0.47141898
-0.79880804
-0.79880804
-1.3430393
-1.1261971
-1.4535861
-0.2545769
-0.79880804
-1.1261971
-0.90935504
-0.5819659
-1.0156502
-0.79880804
-1.3430393
-0.47141898
-0.79880804
-0.47141898
-1.4535861
0.07281218
-0.79880804
-0.47141898
-1.236744
-0.47141898
-1.236744
-0.6882611
-1.6704283
-0.90935504
-1.4535861
-0.14402993
-1.3430393
-1.3430393
-0.5819659
-0.79880804
-0.6925129
-0.2545769
-0.36512384
-0.5819659
-0.5819659
-0.5819659
-0.47141898
-0.90935504
-1.0156502
-0.36512384
-0.2545769
-0.6925129
-0.14828174
-1.236744
-0.14828174
-1.6704283
-0.037734777
-0.2545769
-0.5819659
0.39594942
-0.36512384
-0.14828174
-0.4756708
-0.2545769
0.28540248
-0.90935504
-0.14828174
-1.0199019
-0.90935504
-0.2545769
-0.5819659
-0.36512384
-0.4756708
-0.36512384
-1.236744
-0.6925129
-0.6925129
-0.47141898
-0.14828174
-0.5819659
-0.14828174
-0.4756708
-0.36512384
0.7233385
-0.14828174
-0.14828174
-0.14828174
-0.36512384
-0.2588287
-0.90935504
-0.6925129
-0.36512384
-0.8030599
0.9401806
-0.90935504
0.5064964
0.5022446
-0.36937565
-0.037734777
-0.90935504
-0.14828174
0.06856038
-0.4756708
0.5022446
0.39594942
-0.6925129
0.61279154
-0.6925129
0.39594942
0.28540248
-0.6925129
0.7233385
-1.0199019
-0.2588287
-0.6925129
0.06856038
-0.36512384
0.7233385
0.17910734
0.17910734
-0.14828174
0.06856038
0.28540248
-1.1261971
-0.037734777
-0.6925129
-0.36512384
0.17910734
-0.6925129
-0.14828174
0.39594942
0.9401806
-0.2588287
0.28540248
0.06856038
-0.4756708
0.39594942
-0.90935504
-0.36512384
0.06856038
-0.14828174
-0.2588287
-0.8030599
-0.14828174
-1.0199019
-0.041986585
-0.6925129
0.28540248
-1.0199019
0.17910734
-0.4756708
0.06856038
-0.8030599
0.61279154
-0.6925129
0.7233385
0.06856038
0.61279154
-0.4756708
0.17910734
-0.4756708
0.5064964
0.61279154
-0.36512384
0.39594942
-0.90935504
0.39594942
-0.6925129
0.7233385
0.5064964
0.61279154
-0.4756708
0.7233385
-1.1261971
-0.2588287
-0.36512384
-0.037734777
-0.6925129
-0.5819659
-0.14828174
-0.14828174
-0.2588287
-0.8030599
0.39594942
-0.4756708
0.06856038
-0.90935504
0.17910734
-0.041986585
0.06856038
-0.2588287
0.06856038
0.06856038
-0.6925129
0.06856038
-0.14828174
-0.8030599
-0.4756708
-1.236744
0.7233385
-0.14828174
0.39594942
-0.4756708
-0.36512384
0.61279154
-0.8030599
0.6170434
0.06856038
0.06856038
-0.14828174
0.5064964
-0.90935504
-0.5819659
0.17910734
-0.037734777
0.8296336
-0.6925129
-0.14828174
-1.0199019
0.28540248
-0.36512384
-0.36512384
-0.6925129
0.28540248
-0.36512384
-0.5819659
0.28965428
-0.4756708
-0.14828174
-0.2545769
-0.6925129
-0.2545769
-0.2588287
0.83388543
-0.14828174
-0.4756708
0.28540248
0.17910734
-0.14828174
0.39594942
-1.236744
-0.36512384
0.17910734
-0.36512384
-0.037734777
-0.037734777
-0.14828174
-0.14828174
-0.2588287
0.39594942
-1.236744
0.7233385
-1.0199019
0.5064964
0.39594942
-0.6925129
0.5022446
0.06856038
0.17910734
-0.5819659
0.06856038
-0.90935504
0.28965428
-0.36512384
0.06856038
0.61279154
-0.14828174
0.06856038
-1.236744
0.39594942
-0.041986585
-0.2588287
-0.4756708
-0.14828174
0.61279154
-0.4756708
-0.6925129
-1.0199019
-0.037734777
0.39594942
-0.2588287
0.61279154
-0.6925129
-0.6925129
0.06856038
0.28540248
-0.14828174
-0.79880804
0.17910734
-0.2545769
-0.6925129
-0.037734777
-0.14828174
-0.037734777
-0.36512384
-0.5819659
0.39594942
-1.1261971
-0.6925129
0.06856038
-0.8030599
0.8296336
-1.1261971
-0.36512384
-0.6925129
0.5064964
-0.6925129
-0.037734777
0.17910734
-0.79880804
0.28540248
-1.0199019
-0.36512384
-0.90935504
-0.14828174
-1.4535861
0.06856038
0.17910734
-0.6925129
-0.36512384
-0.6925129
0.28540248
-0.037734777
0.28965428
-0.6925129
-0.2588287
0.7233385
0.28540248
-0.14828174
-0.6925129
-0.14828174
0.06856038
-0.4756708
-0.36512384
-0.037734777
0.39594942
-0.4756708
-1.347291
0.7233385
-0.14828174
-0.041986585
0.5064964
0.28540248
-1.236744
-0.58621776
-0.14828174
0.06856038
0.17910734
0.17910734
-0.037734777
0.61279154
0.06856038
0.06856038
-0.14828174
-0.2588287
-0.041986585
-0.6925129
-0.041986585
-0.4756708
-0.4756708
-1.0199019
0.9401806
-0.14828174
-0.14828174
-0.6925129
-0.037734777
0.28540248
-0.2588287
0.28540248
-0.8030599
0.28540248
0.17485553
-0.041986585
0.8296336
-0.9136068
0.5064964
0.06856038
-0.2588287
0.28540248
0.61279154
-0.2588287
-0.2588287
0.17910734
-0.36512384
0.39594942
0.06856038
-0.4756708
-0.2588287
0.06856038
-0.4756708
-0.6925129
-0.14828174
-0.4756708
-0.36512384
0.06856038
0.28540248
-0.14828174
0.06856038
-0.14828174
0.8296336
-0.14828174
0.06856038
-0.14828174
-0.14828174
-0.6925129
0.06856038
-0.36512384
1.0464758
-0.6925129
-0.4756708
-0.90935504
-0.14828174
-0.8030599
0.28540248
0.93592876
-0.8030599
-0.36512384
-0.6925129
0.06856038
-0.14828174
0.5064964
-0.5819659
0.39594942
0.28540248
0.5022446
0.61279154
-0.14828174
0.5022446
0.28540248
-0.14828174
0.28540248
-0.041986585
-0.041986585
-0.041986585
0.28540248
0.06856038
-0.6925129
0.61279154
-0.36512384
0.61279154
-0.58621776
1.1570227
0.8296336
0.28540248
0.28540248
-0.2588287
-0.2588287
0.28540248
-0.2588287
-0.2588287
0.17910734
0.39594942
-0.041986585
0.7190867
-0.6925129
0.61279154
0.06856038
0.06856038
-0.14828174
0.9401806
0.06856038
0.61279154
-0.4756708
-0.037734777
-0.6925129
-0.8030599
-0.14828174
0.61279154
-0.14828174
0.17910734
-0.14828174
-0.36512384
-0.36512384
-0.4756708
-0.6925129
0.06856038
-0.6925129
-0.14828174
-0.14828174
0.17910734
0.61279154
0.06856038
-0.36512384
0.06856038
0.17910734
-0.4756708
-0.36512384
0.39594942
0.17485553
0.5022446
0.9401806
-0.041986585
-0.14828174
0.06856038
-1.0199019
1.3738648
-0.2588287
0.61279154
-0.041986585
-0.4756708
0.28540248
-0.2588287
0.17485553
0.61279154
-0.15253355
-0.6967647
-0.4756708
1.0464758
0.61279154
0.28540248
-0.4756708
0.28540248
0.39594942
0.5022446
1.0464758
-0.4756708
0.8296336
0.39169762
0.5022446
0.28540248
-0.041986585
0.61279154
0.61279154
-0.15253355
-0.8030599
0.61279154
0.8296336
-0.2588287
-0.041986585
0.9401806
0.39594942
-0.2588287
0.61279154
-0.2588287
0.28540248
0.06856038
-0.14828174
-0.36512384
0.17910734
1.0464758
-0.2588287
-0.14828174
-1.0199019
0.28540248
-0.36512384
0.28540248
-0.4756708
-0.6925129
0.39594942
0.06856038
0.61279154
-0.4756708
0.28540248
0.06856038
0.8296336
0.28540248
-1.236744
0.17910734
-0.36512384
-0.36512384
0.17485553
-0.90935504
0.17910734
-0.4756708
-0.6925129
0.17485553
-0.36512384
0.5022446
0.06856038
-0.8030599
-0.037734777
0.17910734
-0.4756708
-0.14828174
-0.4756708
0.8296336
-1.1261971
0.28540248
-0.90935504
-0.2588287
-1.1304489
0.9401806
0.8296336
0.61279154
0.17485553
0.8296336
0.8296336
-0.4756708
1.0464758
0.28540248
0.17485553
-0.36937565
-0.041986585
-0.041986585
-0.4756708
-0.14828174
-0.6925129
-0.6925129
-0.8030599
0.06856038
0.28540248
-0.4756708
0.61279154
-0.14828174
0.7190867
0.61279154
0.39594942
-0.8030599
0.5022446
0.06856038
-0.6925129
0.8296336
-0.6925129
0.5022446
-0.4756708
-0.58621776
1.0464758
-0.6925129
-0.041986585
0.93592876
-0.2588287
0.8296336
-0.041986585
-0.2588287
0.39594942
0.28540248
-0.041986585
0.5022446
0.39169762
-0.36937565
1.1570227
0.8296336
0.17485553
0.61279154
-0.36937565
0.61279154
0.17485553
0.5022446
0.7190867
0.93592876
0.61279154
0.7190867
0.8296336
0.8296336
1.0464758
0.17485553
0.39169762
0.28540248
-0.36937565
1.3738648
0.8296336
-0.2588287
0.5022446
0.7190867
0.28540248
0.8253819
-0.041986585
0.8253819
0.6085397
0.06856038
0.17485553
0.39169762
2.0243912
0.61279154
1.0464758
0.39169762
0.93592876
0.17485553
1.0464758
0.8296336
1.2633178
0.06430857
0.5022446
-0.36937565
0.7190867
0.17485553
0.28540248
1.0464758
0.17485553
0.17485553
0.17485553
1.0464758
1.0464758
1.2633178
0.93592876
0.61279154
0.6085397
-0.36937565
1.1527709
0.39169762
-0.041986585
0.5022446
1.0464758
0.8253819
0.5022446
0.93592876
0.6085397
0.17485553
1.1527709
0.6085397
0.93592876
1.48016
0.5022446
1.48016
0.5022446
1.1527709
-0.041986585
1.48016
0.39169762
1.3738648
0.93592876
-0.041986585
1.5864551
1.2633178
1.807549
0.7190867
0.8296336
1.0422239
0.6085397
0.28115067
0.8296336
1.697002
0.17485553
1.2633178
0.8253819
0.8253819
1.48016
-0.15253355
1.48016
0.06430857
0.93592876
0.71483487
0.17485553
0.5022446
0.39169762
1.1527709
0.8253819
1.2633178
1.5864551
0.28115067
1.1527709
0.7190867
0.6085397
0.93592876
1.2633178
0.7190867
0.8253819
-0.041986585
0.49799278
0.93592876
0.93592876
0.39169762
1.1527709
0.7190867
0.28115067
0.7190867
1.3738648
1.369613
0.5022446
1.3738648
1.0464758
-0.36937565
0.7190867
1.2633178
0.39169762
1.3738648
-0.15253355
0.39169762
1.48016
0.93592876
0.39169762
0.7190867
0.7190867
0.39169762
0.6085397
0.39169762
0.7190867
1.0464758
1.1527709
1.48016
0.6085397
0.49799278
0.5022446
0.93592876
0.8296336
1.48016
0.28540248
1.48016
1.1527709
1.0464758
1.1527709
0.17485553
1.48016
0.7190867
0.17485553
0.8296336
1.1570227
0.5022446
1.0464758
0.61279154
0.28540248
1.0464758
0.7190867
0.39594942
1.48016
0.93592876
1.697002
1.0464758
0.8296336
0.93592876
1.0464758
0.93592876
0.17485553
0.8296336
1.1527709
0.17485553
0.17485553
0.7190867
0.7190867
0.39169762
0.93592876
1.2633178
0.17485553
0.5022446
1.1570227
0.5022446
1.5907068
0.28540248
0.61279154
1.5907068
0.28540248
0.28540248
0.7190867
0.06856038
1.1570227
0.5022446
0.61279154
0.5022446
0.17485553
0.8296336
0.5022446
1.1570227
1.0464758
0.5022446
0.7190867
-0.041986585
0.7190867
0.61279154
0.7233385
0.06430857
-0.36937565
0.8296336
0.5022446
0.6085397
-0.58621776
0.9401806
0.28540248
0.39594942
0.06856038
-0.041986585
0.7190867
0.39169762
1.1570227
0.7190867
0.5022446
1.2633178
0.7190867
0.5022446
0.7190867
-0.2588287
0.28540248
0.5022446
0.5022446
0.17485553
0.17485553
1.4844118
-0.2588287
1.0464758
0.5022446
-0.2588287
0.5022446
0.17485553
-0.58621776
1.2633178
0.5022446
-0.041986585
1.1527709
-0.36937565
0.93592876
0.28540248
0.39169762
1.2633178
0.7190867
0.93592876
0.17485553
-0.041986585
1.807549
0.93592876
0.7190867
1.1527709
0.39169762
0.7190867
1.48016
0.28540248
0.93592876
1.1570227
0.8296336
0.7190867
0.5022446
0.7190867
0.06856038
0.8296336
-0.58621776
0.17485553
0.06856038
0.61279154
0.06856038
0.8296336
0.5022446
1.0464758
0.8296336
0.93592876
0.5022446
0.06430857
0.7190867
0.5022446
0.93592876
1.1527709
0.6085397
1.1527709
0.8253819
0.17485553
1.2633178
0.93592876
-0.36937565
1.0464758
0.5022446
-0.041986585
0.39169762
0.17485553
0.7190867
0.8296336
-0.2588287
-0.15253355
1.0464758
0.5022446
0.39169762
0.28540248
1.5907068
0.17485553
0.7190867
-0.15253355
0.5022446
1.0464758
-0.2588287
1.3738648
0.5022446
-0.041986585
0.39169762
0.5022446
-0.041986585
0.39169762
0.17485553
1.2633178
0.93592876
0.39169762
1.0464758
1.1527709
-0.15253355
1.2633178
0.5022446
0.7190867
-0.041986585
0.7190867
0.06856038
-0.2588287
0.61279154
0.7190867
0.39169762
1.4844118
0.5022446
0.17485553
-0.2588287
0.61279154
0.39594942
0.17485553
-0.58621776
0.28540248
0.8296336
0.8296336
0.61279154
0.7190867
0.93592876
0.39169762
0.5022446
0.28540248
1.3738648
0.06856038
1.1570227
-0.041986585
0.39594942
-0.4756708
0.06856038
0.06856038
0.8296336
-0.4756708
0.28540248
-0.041986585
-0.58621776
-0.2588287
0.61279154
0.5022446
1.0464758
1.0464758
-0.2588287
-0.2588287
0.06856038
0.39594942
0.06856038
0.06856038
-0.2588287
-0.2588287
-0.041986585
-0.6925129
0.39594942
-0.14828174
-0.041986585
0.7233385
-1.1304489
0.61279154
0.7233385
-0.2588287
0.28540248
0.17910734
-0.6925129
0.28540248
-0.6925129
-0.2588287
-0.041986585
-0.6925129
0.61279154
-1.0199019
0.7233385
-0.36512384
-0.037734777
-0.14828174
-0.5819659
0.28540248
-0.14828174
-0.2588287
0.5064964
-0.58621776
0.06856038
-0.36512384
-0.6925129
-0.14828174
-0.4756708
-0.14828174
-1.0199019
-0.36512384
0.17910734
-0.5819659
-0.5819659
-0.4756708
-0.79880804
0.39594942
-0.79880804
0.17910734
-0.36512384
-0.6925129
-1.0199019
-0.2545769
-0.6925129
-0.037734777
-0.6925129
-0.90935504
0.5064964
-0.90935504
-0.5819659
-0.36512384
-0.4756708
-0.6925129
0.17910734
0.39594942
-0.4756708
-1.0199019
-0.14828174
0.39594942
-0.36512384
-0.2545769
-1.4535861
-0.36512384
-1.4535861
-0.36512384
-1.6704283
-0.037734777
-1.3430393
-0.6882611
-1.6704283
-0.6882611
-0.90935504
0.07281218
-0.79880804
-0.2545769
0.28965428
-0.6882611
-1.1261971
-0.5819659
-1.5598813
0.07281218
-0.2545769
-1.1261971
-1.236744
-0.47141898
-0.2545769
-1.4535861
-1.3430393
-0.2545769
-0.47141898
-0.79880804
-0.79880804
-1.1261971
-0.79880804
-1.2324922
-1.0156502
-0.79880804
0.07281218
-1.3430393
-1.3430393
-0.5819659
-1.3430393
-1.1261971
-1.2324922
-1.6704283
-1.6704283
-1.7767235
-0.79880804
-1.7767235
-1.6704283
-0.5819659
-1.5598813
-0.6882611
-1.3430393
-1.0156502
-1.2324922
-1.5598813
-1.5598813
-1.5598813
-1.6661764
-0.9051032
-1.1261971
-1.2324922
-0.2545769
-1.0156502
-1.4535861
-0.6882611
-0.6882611
-0.47141898
-0.36087203
-0.79880804
-1.5598813
-0.14402993
-0.36087203
-1.3430393
-1.9978173
-1.2324922
-1.4535861
-1.2324922
-1.2324922
-1.0156502
-0.6882611
-1.3430393
-1.5598813
-0.14402993
-1.6704283
-0.47141898
-0.79880804
-0.79880804
-1.3430393
-0.47141898
-0.79880804
-1.1261971
-1.3430393
-1.4535861
-1.4493344
-1.5598813
-1.0156502
-1.3430393
-1.7767235
-0.9051032
-1.9978173
-1.2324922
-0.5819659
-0.57771415
-1.2324922
-0.9051032
-0.79880804
-1.5598813
-0.6882611
-1.7767235
-0.36087203
-1.7767235
-0.6882611
-1.0156502
-0.6882611
-1.5598813
-1.3430393
-1.2324922
-1.5598813
-0.9051032
-1.0156502
-0.6882611
-1.8872703
-1.7767235
-1.7767235
-1.5598813
-0.6882611
-1.7767235
-1.0156502
-0.14402993
-1.5598813
-0.14402993
-1.2324922
-1.2324922
-1.2324922
-0.9051032
-1.0156502
-1.7767235
-0.6882611
-1.8872703
-1.3430393
-1.1261971
-0.6882611
-0.6882611
-1.2324922
-0.9051032
-1.4493344
-1.2324922
-1.3430393
-2.1041124
-0.6882611
-2.2146595
-0.36087203
-1.0156502
-1.3430393
-0.6882611
-1.8830186
-0.9051032
-1.2324922
-0.6882611
-1.2324922
-1.7767235
-1.0156502
-1.9935656
-1.2324922
-1.0156502
-1.1219453
-1.6704283
-2.4315016
-1.8872703
-1.2324922
-1.0156502
-1.8872703
-1.5598813
-1.8872703
-1.7767235
-0.47141898
-1.6661764
-0.6882611
-0.9051032
-1.1219453
-1.2324922
-1.7767235
-1.0156502
-1.3387874
-1.9935656
-2.4272497
-2.2104075
-1.2324922
-2.1041124
-1.0113984
-1.8830186
-2.2104075
-1.1219453
-1.5556295
-2.2104075
-1.4493344
-2.2104075
-1.2324922
-2.3209546
-1.9935656
-1.8830186
-2.5377967
-1.7767235
-1.6661764
-1.5556295
-1.1219453
-1.3387874
-1.6661764
-1.7767235
-1.3387874
-1.3387874
-1.4493344
-2.754639
-2.2104075
-1.4493344
-1.5556295
-0.9051032
-1.4450827
-1.6661764
-2.5335448
-1.6661764
-1.8830186
-1.4493344
-1.6661764
-1.5556295
-2.0998607
-2.6440918
-1.1219453
-2.2104075
-1.5556295
-2.754639
-1.8830186
-1.9935656
-1.4493344
-0.9051032
-1.6661764
-2.5377967
-2.4272497
-2.0998607
-2.0998607
-1.9893138
-1.9935656
-2.6440918
-1.3387874
-2.6440918
-1.2282405
-2.860934
-1.5556295
-1.7724715
-2.6440918
-2.0998607
-2.9714808
-2.0998607
-1.5556295
-2.0998607
-2.5377967
-2.2104075
-2.3167028
-2.0998607
-2.0998607
-1.2282405
-2.860934
-2.2104075
-1.8830186
-1.5556295
-2.2104075
-1.4493344
-3.188323
-1.4450827
-2.2061558
-2.4272497
-1.7724715
-2.0998607
-2.3167028
-3.077776
-1.4493344
-2.860934
-1.4493344
-2.860934
-2.2104075
-2.0998607
-1.6661764
-1.5556295
-2.0998607
-1.2282405
-2.9714808
-2.2104075
-2.4272497
-2.0998607
-1.1219453
-2.3167028
-1.1219453
-2.860934
-1.8830186
-2.860934
-1.8830186
-2.0998607
-1.5556295
-2.4272497
-2.5377967
-0.9051032
-2.0998607
-0.9051032
-0.79455626
-2.6440918
-1.8830186
-1.3387874
-1.6661764
-1.1219453
-1.4493344
-1.4493344
-1.0113984
-2.5377967
-1.6661764
-1.8830186
-1.8830186
-1.5556295
-1.4493344
-0.9051032
-1.1219453
-1.7767235
-1.9935656
-2.5377967
-1.3387874
-1.8830186
-1.8830186
-1.7767235
-2.2104075
-1.7724715
-1.6661764
-1.4493344
-2.5377967
-0.79455626
-1.8830186
-1.8830186
-1.9935656
-2.5377967
-1.4493344
-1.9935656
-1.2324922
-1.5556295
-1.4493344
-1.4493344
-1.8830186
-0.36087203
-1.6661764
-1.7767235
-1.0156502
-1.6661764
-1.3387874
-1.7767235
-1.4493344
-2.2104075
-0.57771415
-1.7724715
-1.2324922
-1.6661764
-1.6661764
-0.6882611
-1.4493344
-0.57771415
-1.4493344
-1.1261971
-0.9051032
-1.2324922
-2.1041124
-0.6882611
-0.9051032
-0.6882611
-0.6882611
-0.6882611
-0.57771415
-2.2104075
-1.2324922
-2.2146595
-0.6882611
-0.9051032
-1.6661764
-1.4493344
-2.3209546
-1.4493344
-2.3209546
-0.57771415
-1.0156502
-1.6661764
-0.9051032
-1.5598813
-1.2324922
-1.4493344
-0.9051032
-0.57771415
-1.5598813
-1.5598813
-1.7767235
-1.2324922
-0.79880804
-0.6882611
-1.3430393
-1.2324922
-0.6882611
-1.0156502
-1.0156502
-1.3430393
-1.5598813
-1.3430393
-1.3430393
-1.0156502
-1.4535861
-1.3430393
-0.5819659
-0.14402993
-2.1041124
-0.9051032
-1.1219453
-1.6704283
-0.79880804
-1.8872703
-1.1261971
-0.47141898
-0.79880804
-1.1261971
-1.0156502
-1.1261971
-1.4535861
-1.3430393
-0.79880804
-1.1261971
-0.037734777
-1.6704283
-0.037734777
-0.36512384
-0.5819659
-1.1261971
-0.79880804
-0.47141898
-1.4535861
-0.2545769
-0.36512384
-1.3430393
-0.5819659
-0.90935504
-0.2588287
-0.037734777
-0.90935504
-1.236744
-0.5819659
-0.037734777
-0.36512384
-0.2545769
-1.0199019
-0.4756708
-0.90935504
-0.36512384
-0.2588287
-1.236744
-0.14828174
-0.90935504
0.61279154
-0.8030599
0.06856038
-0.14828174
0.28540248
-1.5641332
-0.36512384
-0.037734777
0.06856038
-0.36512384
0.17910734
0.17910734
-0.90935504
-0.2588287
-0.041986585
-0.14828174
-0.2588287
0.06856038
0.5022446
0.5022446
0.61279154
-0.041986585
1.0464758
1.1570227
-0.041986585
-0.4756708
1.0464758
0.5022446
-0.041986585
0.6085397
-0.041986585
0.8296336
0.8296336
0.17485553
0.8296336
-0.041986585
0.7190867
0.28540248
0.39169762
-0.15253355
0.5022446
1.2633178
0.39169762
0.06430857
0.17485553
0.7190867
0.17485553
0.7190867
0.5022446
0.17485553
0.93592876
0.06430857
0.8253819
0.6085397
0.28540248
1.2633178
-0.2630805
1.1570227
1.1527709
0.06430857
0.7190867
1.697002
0.7190867
1.5907068
1.2633178
0.6085397
1.48016
1.0464758
0.93592876
-0.15253355
0.93592876
0.5022446
0.28540248
0.39169762
0.5022446
0.17485553
0.7190867
0.5022446
1.2633178
1.1527709
0.7190867
0.28115067
1.1527709
1.697002
1.259066
1.369613
1.5864551
0.49799278
1.0422239
0.71483487
2.1306863
2.1306863
0.49799278
2.1306863
0.8253819
1.369613
1.0422239
1.369613
0.71483487
1.9138441
1.697002
1.369613
0.6042879
1.259066
1.4759082
2.1306863
0.9316769
1.8032973
1.5864551
1.259066
2.3475285
1.4759082
1.4759082
2.7812126
2.0201392
2.2369814
1.4759082
1.3653612
2.1306863
1.3653612
1.4759082
1.4759082
1.8032973
2.3475285
2.0201392
2.2369814
1.4759082
1.6927503
1.6927503
1.5822034
2.1306863
2.5643704
1.6927503
2.3475285
1.6927503
1.9095924
1.8032973
1.259066
2.2369814
1.9095924
1.0379721
1.6927503
1.9095924
1.5864551
1.4759082
2.1264346
1.8032973
1.9095924
1.6927503
1.9095924
2.0201392
1.259066
2.2369814
1.8032973
1.3653612
1.9095924
2.1306863
2.1264346
1.8032973
2.4538236
1.4759082
1.9095924
2.7812126
1.1485192
2.3475285
2.2369814
1.7990454
2.4538236
1.9095924
2.1264346
1.3653612
2.4538236
1.6927503
1.9095924
2.1264346
2.1264346
2.4538236
1.7990454
1.9095924
3.214897
2.3432765
1.9095924
2.7812126
1.6927503
1.7990454
2.3432765
2.7812126
1.9095924
1.6927503
3.214897
2.3432765
2.4538236
2.9980547
1.5822034
2.6706657
2.4538236
2.1264346
2.4538236
2.6706657
1.7990454
2.3432765
2.1264346
2.7769608
2.2369814
2.0201392
1.5822034
2.3475285
2.3432765
1.3653612
2.2369814
2.2369814
1.9095924
2.8875077
2.3432765
2.1264346
1.9095924
2.3432765
2.0201392
2.6706657
1.2548143
1.9095924
2.2369814
2.1264346
1.5822034
1.9095924
2.4538236
2.4538236
2.8875077
2.1264346
2.1264346
1.6927503
2.8875077
1.5822034
2.0201392
1.9095924
2.4538236
1.6927503
1.5822034
2.0201392
2.1264346
2.6706657
2.0201392
2.3432765
2.5643704
1.7990454
2.2369814
1.5822034
1.7990454
2.4538236
2.4538236
1.9095924
2.4538236
2.7812126
2.8875077
2.9980547
1.9095924
2.5601187
1.6884984
2.5601187
2.1264346
2.3432765
2.8875077
3.1043499
2.7769608
2.2327297
2.7812126
2.3432765
2.5601187
2.1264346
2.1264346
2.2327297
1.7990454
1.5822034
1.5822034
2.7812126
1.9095924
2.6706657
2.3432765
1.4716563
2.0158875
3.1043499
1.9095924
1.7990454
2.2327297
2.8875077
3.1043499
2.6706657
2.5601187
1.9095924
2.1264346
3.214897
2.0158875
2.4538236
2.8875077
1.9095924
2.4538236
2.8875077
2.2369814
2.6706657
1.9095924
2.7812126
3.214897
2.3475285
1.9095924
2.3432765
1.2548143
2.9980547
2.6706657
2.0158875
2.9980547
2.3432765
2.993803
2.8875077
2.8875077
2.3432765
2.8875077
1.7990454
2.9980547
2.6706657
2.1264346
2.5601187
2.6706657
2.3432765
2.0158875
1.7990454
2.9980547
1.7990454
2.5601187
2.0158875
2.3432765
2.5601187
2.1264346
1.6927503
2.6706657
2.1264346
2.4538236
2.9980547
2.0158875
2.3432765
3.4317389
1.9053404
3.1043499
2.6664138
3.3254437
3.6485808
2.8875077
3.6485808
2.2327297
2.4538236
2.993803
2.6706657
1.7990454
1.7990454
2.5643704
2.8875077
1.7990454
3.3254437
2.4538236
2.1264346
2.9980547
2.8875077
2.3475285
1.7990454
1.3653612
2.8875077
1.7990454
2.7812126
3.214897
2.2369814
2.2327297
1.5822034
2.0201392
1.5822034
2.2369814
2.1264346
1.3653612
1.9095924
1.5822034
1.9095924
2.8875077
1.4716563
2.3475285
1.3653612
2.5643704
1.9095924
1.7990454
2.7812126
2.5643704
1.6927503
2.4538236
2.0201392
1.7990454
2.3432765
2.5601187
1.7990454
1.7990454
1.5822034
2.3432765
2.9980547
1.4759082
2.2369814
1.3653612
2.4538236
1.3653612
2.0158875
2.3475285
1.8032973
2.0158875
1.3653612
2.7812126
1.9095924
2.5643704
1.3653612
1.4759082
1.9095924
2.1264346
1.5822034
1.6927503
2.2369814
2.1264346
1.5822034
2.2369814
1.0379721
2.7812126
1.6927503
1.0379721
2.5643704
1.5822034
2.0201392
1.9095924
2.9980547
1.3653612
2.2369814
1.4759082
2.3475285
1.3653612
1.5822034
1.8032973
1.0379721
1.4759082
2.2369814
2.2369814
1.5822034
1.4759082
1.1485192
2.0201392
2.1264346
1.1485192
1.5822034
0.9316769
1.9095924
2.0201392
1.4759082
1.5822034
2.0201392
1.2548143
1.259066
2.1306863
1.4759082
1.3653612
1.6927503
1.5864551
0.82113004
1.6927503
1.3653612
1.4759082
1.3653612
2.0201392
2.5643704
1.1485192
2.2369814
1.3653612
2.0201392
1.6927503
1.2548143
1.6927503
1.4759082
1.1485192
2.3432765
2.5643704
2.2369814
1.9095924
2.2369814
2.0201392
2.2369814
1.2548143
2.5643704
2.0201392
1.3653612
1.2548143
2.3432765
1.6927503
2.2369814
2.4538236
1.4759082
2.2369814
1.3653612
1.9095924
2.5643704
1.1485192
1.3653612
1.6927503
2.2369814
1.6927503
1.6927503
1.6927503
1.6927503
1.259066
2.4538236
1.3653612
2.2369814
1.1485192
1.8032973
1.4759082
1.259066
1.8032973
0.82113004
1.4759082
1.259066
1.4759082
1.0422239
2.3475285
1.5864551
0.71483487
1.4759082
0.49799278
2.1306863
0.93592876
1.259066
1.8032973
2.0201392
0.9316769
0.71483487
1.9095924
0.82113004
1.5864551
0.49799278
1.4759082
1.9095924
1.5864551
1.1485192
2.1306863
1.259066
2.4538236
0.9316769
1.6927503
1.4759082
1.3653612
1.4759082
1.4759082
1.6927503
1.8032973
1.1485192
1.6927503
1.6927503
0.9316769
1.8032973
1.6927503
2.0201392
1.6927503
1.1485192
1.4759082
2.0201392
2.7812126
0.9316769
1.6927503
2.0201392
2.4538236
1.4759082
1.4759082
2.7812126
1.8032973
2.0201392
0.82113004
2.5643704
1.259066
2.2369814
0.9316769
2.2369814
1.5864551
0.71483487
2.1306863
1.5864551
1.0422239
1.0422239
0.49799278
1.259066
0.71483487
0.7190867
1.5864551
0.39169762
1.0422239
0.28115067
1.1527709
0.93592876
-0.37362745
1.2633178
1.1527709
0.93592876
1.1527709
1.1527709
0.8253819
1.369613
0.49799278
0.28115067
1.1527709
0.06430857
1.1527709
0.6085397
-0.15253355
0.7190867
0.5022446
0.5022446
0.5022446
0.7190867
0.8296336
-0.2588287
0.17485553
0.5022446
0.6085397
-0.36937565
1.48016
0.6085397
0.06430857
1.0422239
0.8253819
0.71483487
0.28115067
2.3517802
1.369613
1.1527709
1.259066
1.1527709
1.1527709
0.39169762
1.5864551
1.369613
0.71483487
1.9138441
0.93592876
0.8253819
0.28115067
1.369613
0.8253819
0.28115067
0.6085397
2.0243912
-0.041986585
0.49799278
1.369613
0.8253819
0.8253819
0.49799278
2.0243912
0.93592876
0.39169762
0.8253819
0.39169762
0.6085397
-0.2630805
1.48016
0.71483487
1.369613
0.39169762
0.28115067
0.49799278
-0.04623839
0.39169762
0.6085397
1.369613
-0.2588287
1.2633178
0.17485553
-0.041986585
1.2633178
0.17485553
-0.041986585
0.39169762
-0.041986585
0.06856038
0.5022446
-0.58621776
-0.4756708
-0.4756708
-0.36937565
0.06856038
0.28540248
0.93592876
-0.8030599
-0.041986585
0.17485553
-0.4756708
0.8296336
0.61279154
0.06856038
-0.041986585
-0.36937565
0.5022446
-0.8030599
-0.58621776
-0.041986585
-0.58621776
0.61279154
-0.8030599
-0.2588287
-0.4756708
-0.8030599
-0.36937565
-0.6925129
-0.6925129
-0.8030599
0.17485553
1.0464758
-0.041986585
0.39169762
-0.9136068
0.5022446
0.17485553
-0.58621776
0.7190867
0.7190867
0.06430857
-0.36937565
0.93592876
0.28115067
0.17485553
1.2633178
0.28115067
0.6085397
-0.2630805
0.39169762
-0.2588287
0.17485553
0.7190867
-0.58621776
0.7190867
0.7190867
0.7190867
0.17485553
1.1527709
0.06430857
1.1527709
0.06430857
0.8253819
0.28115067
0.8253819
0.6085397
0.39169762
0.7190867
0.93592876
0.17485553
0.17485553
1.1527709
0.17485553
0.5022446
0.8296336
-0.15253355
0.06430857
-0.041986585
-0.58621776
0.8253819
0.17485553
0.39169762
0.17485553
0.28540248
0.7190867
0.5022446
1.1527709
-0.15253355
1.5907068
0.17485553
-0.9136068
1.0464758
0.06430857
0.5022446
1.48016
0.17485553
0.6085397
0.6085397
-0.58621776
0.7190867
-0.041986585
0.39169762
0.39169762
-1.1304489
0.17485553
0.39169762
0.06430857
0.6085397
1.1527709
0.17485553
0.8253819
0.06430857
1.2633178
1.259066
1.0422239
1.8032973
1.48016
0.8253819
1.0422239
1.9138441
0.93592876
0.71483487
0.28115067
0.71483487
1.6927503
0.71483487
1.4759082
1.697002
1.0422239
0.28115067
1.259066
1.369613
1.369613
1.697002
0.71483487
1.8032973
1.5864551
0.8253819
2.1306863
1.3653612
1.8032973
1.4759082
1.259066
2.5643704
1.5864551
1.1485192
1.5864551
0.8253819
1.1527709
2.0201392
0.8253819
1.9138441
0.49799278
1.5864551
1.1527709
1.0464758
1.0422239
0.8253819
1.9138441
0.49799278
1.9138441
1.8032973
1.8032973
2.0201392
1.4759082
1.4759082
0.9316769
1.5864551
1.369613
1.1527709
1.8032973
0.28115067
1.48016
0.28115067
-0.04623839
2.0243912
1.9138441
1.1527709
0.6085397
1.1527709
1.5864551
1.697002
1.697002
1.369613
2.0201392
0.49799278
1.0422239
1.259066
0.9316769
1.9138441
1.259066
1.5864551
0.9316769
1.4759082
1.6927503
2.5643704
1.4759082
2.1306863
2.5643704
1.4759082
1.4759082
1.1485192
2.3475285
1.8032973
0.71483487
1.4759082
2.1306863
2.2369814
1.3653612
1.4759082
2.3475285
1.6927503
1.9095924
1.1485192
1.9095924
1.1485192
2.0201392
2.0201392
1.8032973
2.3475285
0.82113004
2.0201392
1.6927503
1.1485192
1.5822034
2.1264346
2.1264346
1.7990454
1.1485192
2.4538236
1.3653612
1.6927503
1.3653612
2.0201392
2.4538236
1.6927503
1.4759082
1.0379721
1.3653612
2.1264346
1.3653612
2.2369814
1.3653612
1.6927503
2.2369814
1.9095924
1.7990454
2.5643704
1.7990454
1.6927503
2.0201392
2.4538236
2.4538236
1.9095924
2.4538236
1.1485192
2.3475285
2.1264346
2.2369814
1.6927503
1.4759082
3.1086018
1.9095924
1.9095924
2.2369814
2.1264346
1.3653612
1.3653612
1.2548143
2.2369814
2.2369814
1.9095924
2.5643704
1.9095924
1.6927503
1.1485192
2.0158875
1.9095924
2.1264346
1.9095924
2.1264346
2.3432765
2.3432765
0.82113004
2.4538236
1.5822034
3.214897
1.3653612
2.9980547
1.5822034
3.1043499
2.1264346
2.1264346
1.5822034
1.4759082
2.2327297
2.3432765
1.9095924
2.4538236
2.6664138
2.5601187
2.5601187
1.7990454
2.8875077
1.9053404
1.9095924
2.8875077
2.2327297
2.2327297
2.1221828
2.5601187
2.8875077
2.6706657
3.1043499
2.7769608
2.6706657
2.3432765
2.8875077
2.4495716
2.0158875
2.2327297
2.3432765
1.9095924
2.6706657
2.6706657
3.1043499
2.3432765
3.4317389
2.3432765
2.7769608
1.4716563
2.0158875
2.3432765
2.7769608
2.1264346
2.3432765
1.7990454
2.3432765
1.6927503
2.1264346
2.2369814
1.9095924
1.9095924
2.0158875
1.5822034
2.3432765
1.5822034
2.3432765
1.7990454
2.2369814
1.7990454
1.6927503
1.9095924
1.9095924
2.6706657
2.4538236
2.8875077
2.1264346
2.1264346
1.4716563
2.4538236
2.5643704
2.9980547
2.3432765
2.4538236
2.4538236
2.5643704
2.2369814
1.5822034
2.2369814
1.5822034
2.7769608
2.6706657
2.6706657
2.1264346
2.2369814
2.2327297
3.214897
1.9095924
3.1043499
2.6664138
1.7990454
2.3432765
2.5601187
2.5601187
2.3432765
2.1221828
2.0158875
2.3432765
1.7990454
2.5601187
2.4495716
2.7769608
2.6706657
2.7769608
3.321192
2.5601187
2.5601187
3.214897
1.7990454
2.2369814
2.6664138
3.214897
2.2327297
1.9053404
2.4538236
2.5601187
1.7990454
3.1043499
1.9095924
2.5601187
1.4716563
2.8875077
1.7990454
1.9095924
1.2548143
2.5601187
1.9095924
2.1264346
1.5779516
2.5601187
2.3432765
1.6884984
2.9980547
1.2548143
2.1264346
1.5822034
1.3653612
2.7812126
1.6927503
2.2369814
1.9095924
1.3653612
0.9316769
1.4759082
1.9095924
1.4759082
1.1485192
2.3475285
2.2369814
1.2548143
2.7812126
1.4759082
2.7812126
2.0201392
1.8032973
2.0201392
1.4759082
1.9095924
2.2369814
1.4759082
1.259066
1.8032973
2.1306863
0.9316769
1.259066
2.0201392
1.6927503
1.4759082
2.5643704
1.6927503
1.5822034
1.8032973
1.1485192
1.9095924
2.2369814
1.8032973
1.6927503
1.7990454
2.0201392
2.1264346
1.6927503
2.0158875
2.1264346
1.9095924
2.1264346
1.7990454
2.4538236
1.5822034
2.1264346
2.2369814
1.1485192
2.4538236
1.3653612
1.5822034
1.9095924
1.5822034
2.6706657
1.9095924
1.9095924
2.1264346
2.0158875
2.6706657
1.7990454
2.8875077
2.8875077
1.4716563
2.1264346
1.2548143
2.5643704
2.0158875
1.2548143
2.4538236
2.4538236
1.6927503
1.1485192
2.5643704
1.1485192
2.1264346
2.7812126
1.3653612
2.6706657
1.3653612
2.1264346
1.1485192
1.4716563
2.1264346
2.0201392
2.3432765
1.3653612
2.7812126
2.0201392
1.5822034
2.0201392
0.71483487
1.8032973
2.0201392
1.259066
1.9095924
1.4759082
1.8032973
1.6927503
1.5864551
2.2369814
2.2369814
1.259066
1.5822034
1.1485192
2.0201392
1.9095924
1.8032973
1.9095924
1.6927503
2.4538236
1.6927503
1.6927503
2.2369814
1.5822034
1.1485192
2.5643704
1.8032973
1.1485192
2.1306863
1.3653612
1.3653612
0.9316769
2.2369814
0.9316769
1.1485192
2.4580753
1.5822034
1.1485192
2.1264346
2.2369814
2.4538236
1.6927503
1.3653612
2.2369814
1.9095924
1.1485192
2.9980547
1.8032973
2.0201392
1.9095924
1.6927503
2.1264346
2.1264346
1.6927503
1.8032973
1.1485192
1.5822034
1.4759082
0.9316769
1.6927503
1.259066
2.2369814
1.4759082
1.1485192
1.2548143
1.259066
1.3653612
3.1086018
1.4759082
1.4759082
1.9095924
1.6927503
2.0201392
1.4759082
1.6927503
0.82113004
2.3475285
1.6927503
2.0201392
1.1485192
1.8032973
1.4759082
1.0422239
0.9316769
2.1306863
0.71483487
0.49799278
1.5864551
1.6927503
0.6042879
2.1306863
1.259066
0.8253819
1.369613
0.49799278
1.697002
0.28115067
1.0422239
0.6085397
1.697002
1.4759082
2.2412333
1.4759082
1.0422239
2.0201392
0.71483487
1.9138441
1.0422239
0.8253819
1.259066
0.8253819
2.2369814
1.259066
1.8032973
1.259066
1.0422239
1.1485192
1.369613
1.4759082
1.9138441
1.259066
1.8032973
1.259066
1.5822034
3.1086018
1.6927503
2.2369814
1.9095924
1.7990454
1.9095924
2.2369814
1.4759082
2.1264346
2.5643704
1.4759082
1.1485192
2.1306863
1.5864551
1.9095924
1.0422239
1.8032973
1.6927503
0.9316769
1.697002
1.4759082
1.259066
2.2369814
1.4759082
1.259066
0.9316769
0.3874458
1.4759082
0.9316769
1.5864551
1.8032973
0.6085397
2.2412333
1.6927503
1.259066
2.3475285
1.1485192
-0.15678534
0.9316769
1.0422239
1.1527709
1.5864551
0.6085397
1.369613
0.39169762
1.1527709
1.2633178
0.17060372
1.2633178
-0.2630805
0.28115067
-0.47992262
1.1527709
0.17485553
0.5022446
-0.47992262
0.5022446
0.6085397
0.6085397
0.06430857
0.7190867
0.6085397
0.39169762
0.39169762
-0.15253355
-0.36937565
1.0464758
0.5022446
0.93592876
-0.041986585
0.5022446
0.8253819
0.7190867
0.17485553
0.17485553
-0.15253355
0.93592876
-0.47992262
0.7190867
0.5022446
0.39169762
0.39169762
0.93592876
0.28540248
0.7190867
0.17485553
0.6085397
0.39169762
0.7190867
0.6085397
0.39169762
0.93592876
0.6085397
0.7190867
0.6085397
0.7190867
0.7190867
0.06430857
0.39169762
0.6085397
0.17485553
0.28115067
-0.15253355
0.06430857
1.1527709
-0.15253355
1.48016
0.17485553
-0.2630805
0.6085397
0.17485553
0.8253819
0.7190867
0.49799278
-0.2630805
1.1527709
-0.47992262
1.0464758
-0.041986585
-0.15253355
-0.36937565
0.93592876
1.1527709
0.06430857
0.93592876
0.06430857
-0.15253355
0.8296336
-0.041986585
-0.2588287
0.39169762
0.8296336
-0.15253355
-0.58621776
0.7190867
0.06856038
1.1527709
0.39169762
0.8296336
-0.58621776
0.8296336
-0.47992262
-0.041986585
1.0464758
0.28540248
-0.2588287
0.39169762
-0.15253355
-0.6967647
0.7190867
0.39169762
-0.8030599
0.5022446
0.17485553
0.7190867
-0.36937565
-0.041986585
0.8253819
0.39169762
0.6085397
0.93592876
0.06430857
0.7190867
-0.15253355
-0.2630805
-0.47992262
0.06430857
-0.15253355
0.7190867
-0.15253355
0.93592876
-0.36937565
0.06430857
0.39169762
0.5022446
-0.15253355
0.6085397
-0.36937565
0.5022446
-0.15253355
-0.47992262
0.7190867
0.17485553
-0.47992262
0.93592876
-0.15253355
0.8253819
-0.041986585
0.28115067
-0.15253355
-0.15253355
-0.041986585
-0.8030599
0.6085397
0.17485553
0.5022446
-0.041986585
0.93592876
-0.15253355
0.06430857
0.39169762
-0.041986585
0.28115067
-0.041986585
0.93592876
0.6085397
0.93592876
0.17060372
0.93592876
0.39169762
0.17485553
1.1527709
1.48016
-0.15253355
1.2633178
0.6085397
0.17485553
0.49799278
1.0422239
0.28115067
0.93592876
0.49799278
0.8253819
0.93592876
1.697002
1.259066
0.39169762
1.369613
1.0422239
1.0422239
1.1527709
1.0422239
1.5864551
0.06430857
0.39169762
0.71483487
0.8253819
0.6085397
0.8253819
1.1527709
0.93592876
0.6085397
1.807549
-0.041986585
0.8253819
0.93592876
0.93592876
0.8253819
0.28115067
0.6085397
0.28115067
1.0422239
0.71483487
0.8253819
1.369613
0.17060372
1.0422239
0.06430857
0.6085397
0.17485553
0.5022446
0.7190867
0.06430857
0.28540248
0.39169762
0.7190867
0.06856038
-0.9136068
-0.36937565
-0.15253355
-0.4756708
-0.2588287
0.9401806
0.17485553
0.5022446
0.5022446
1.0464758
0.93592876
0.6085397
0.17485553
0.39169762
-0.15253355
0.17485553
0.06430857
0.7190867
0.39169762
-0.2588287
0.17485553
-0.58621776
-0.2588287
-0.6925129
0.28540248
-1.236744
0.61279154
0.61279154
0.93592876
-0.2588287
0.06430857
-0.15253355
0.5022446
0.6085397
-0.36937565
0.49799278
0.28115067
1.0422239
0.93592876
1.369613
0.71483487
1.369613
0.28115067
1.807549
0.8253819
0.28115067
1.1527709
0.06430857
1.1527709
0.6085397
1.697002
-0.04623839
1.0422239
1.1527709
0.8253819
0.49799278
0.71483487
0.49799278
1.48016
0.93592876
1.1485192
0.49799278
1.369613
0.28115067
1.259066
0.17060372
0.39169762
1.0422239
1.4759082
1.9138441
0.71483487
0.71483487
0.28115067
0.8253819
0.6085397
1.8032973
1.259066
0.06430857
1.697002
0.06430857
0.28115067
0.71483487
1.697002
0.93592876
0.71483487
-0.04623839
1.9138441
-0.04623839
0.71483487
0.71483487
1.697002
1.4759082
1.369613
1.5864551
0.71483487
1.4759082
0.49799278
1.259066
1.1527709
0.71483487
-0.37362745
1.9138441
0.28115067
1.369613
1.369613
1.5864551
1.4759082
1.0422239
2.1306863
1.48016
1.0422239
0.71483487
1.259066
0.71483487
1.1485192
1.4759082
1.3653612
1.8032973
0.3874458
1.1485192
1.8032973
1.259066
0.9316769
1.6927503
1.259066
1.0422239
0.3874458
1.1485192
1.5864551
2.0201392
0.71483487
1.6927503
2.0201392
2.0201392
0.71483487
1.5864551
1.259066
0.3874458
1.1485192
0.8253819
1.8032973
0.71483487
1.4759082
1.8032973
1.8032973
1.259066
1.6927503
0.28115067
1.3653612
1.1485192
2.3475285
0.9316769
0.6042879
1.1485192
0.9316769
2.5643704
0.9316769
1.6927503
1.369613
0.6042879
1.4759082
1.6927503
0.9316769
0.71483487
1.259066
1.0422239
1.8032973
1.4759082
1.6927503
0.71483487
1.3653612
0.71483487
1.0422239
1.0422239
1.8032973
1.4759082
1.1485192
0.3874458
1.6927503
0.71483487
1.9138441
0.8253819
0.06430857
1.369613
1.8032973
1.5864551
1.0422239
0.82113004
0.6042879
1.3653612
1.5864551
2.5643704
1.5822034
1.5822034
0.82113004
1.4759082
1.4759082
1.1485192
0.9316769
0.9316769
2.0201392
0.71483487
1.0422239
1.5864551
1.259066
1.259066
1.0422239
1.259066
0.8253819
1.0422239
0.49799278
0.8253819
1.1527709
0.6085397
1.0422239
1.0422239
1.259066
0.49799278
1.9138441
0.17060372
1.5864551
1.259066
1.369613
0.28115067
0.8253819
0.6085397
0.8253819
0.8253819
0.06430857
0.8253819
0.17485553
0.17485553
0.17485553
0.8253819
0.6085397
0.7190867
-0.04623839
0.8253819
0.49799278
1.369613
1.9138441
0.06005676
1.9138441
0.28115067
0.17060372
-0.15678534
1.259066
1.697002
1.0422239
1.5864551
0.3874458
1.4759082
0.9316769
2.3475285
0.71483487
1.8032973
0.6042879
1.6927503
1.259066
1.1485192
1.4759082
1.6927503
1.3653612
1.259066
2.5643704
0.71483487
0.9316769
1.6927503
1.1485192
1.1485192
0.82113004
2.5643704
1.259066
1.3653612
0.6042879
2.0201392
0.9316769
1.1485192
1.6927503
1.1485192
1.9095924
1.3653612
1.3653612
1.1485192
1.6927503
0.9316769
2.1306863
1.6927503
1.0379721
0.71483487
0.6042879
1.2548143
0.3874458
2.1306863
0.9316769
1.6927503
0.27689886
1.259066
1.259066
1.6927503
1.259066
0.9316769
1.5822034
1.5822034
1.1485192
0.9316769
1.5864551
0.71483487
1.5864551
0.9316769
1.4759082
2.3475285
1.9095924
1.4759082
1.1485192
2.1306863
1.4759082
1.2548143
0.49374095
2.2369814
1.9095924
1.4759082
1.3653612
1.0379721
1.5822034
2.3432765
2.3432765
1.9053404
1.2548143
1.7990454
2.3432765
1.0379721
2.5601187
1.6927503
1.5822034
0.92742515
2.3432765
2.0158875
1.6884984
2.0158875
1.4716563
2.1264346
0.92742515
2.8875077
2.1264346
1.5822034
0.92742515
2.8875077
1.5822034
1.4716563
2.6706657
1.2548143
2.0158875
1.2548143
2.0158875
1.6884984
2.3432765
2.2327297
2.2327297
2.3432765
2.0158875
1.6884984
1.5779516
2.0158875
2.0158875
1.7990454
2.3432765
2.0158875
2.5601187
1.7990454
2.3432765
2.2327297
1.6884984
2.6706657
2.0158875
1.9053404
2.0158875
2.2327297
2.8875077
2.1221828
2.2327297
2.7769608
2.4495716
1.9053404
2.4495716
2.1221828
2.1264346
1.6927503
1.9095924
2.1264346
1.7990454
2.1264346
1.6927503
2.0158875
1.6927503
1.9095924
2.4538236
1.7990454
2.5601187
1.5822034
2.5601187
2.0158875
1.7990454
2.6664138
1.6884984
2.5601187
2.4495716
3.321192
1.5779516
2.7769608
2.7769608
2.4495716
2.7769608
3.1043499
2.4495716
2.1264346
2.7769608
2.3432765
2.5601187
1.9053404
2.7769608
1.6884984
2.2327297
2.2327297
3.1043499
3.210645
2.5601187
2.6664138
2.3390248
3.1043499
2.6664138
2.2327297
2.4495716
2.4495716
3.210645
2.2327297
2.4495716
1.9053404
2.3432765
1.4716563
1.5779516
2.2327297
1.3611094
2.7769608
1.6884984
3.321192
2.5601187
2.1221828
1.3611094
2.8875077
2.0158875
2.2327297
2.4538236
2.1264346
2.3432765
2.7769608
2.5601187
2.4538236
1.6884984
2.0158875
2.7769608
1.7990454
2.0158875
2.2327297
1.1442673
2.2327297
2.4538236
1.6884984
2.5601187
2.5601187
2.6706657
2.2327297
1.4716563
1.4716563
2.2327297
2.0158875
2.4495716
1.9053404
2.5601187
1.6884984
1.7990454
2.993803
2.8875077
2.2327297
2.4495716
1.9053404
2.7769608
1.9053404
2.883256
2.4495716
2.993803
3.1000981
2.993803
2.883256
3.1000981
3.4274871
2.7769608
3.8611712
2.6664138
3.644329
2.555867
2.883256
2.989551
2.3390248
2.883256
3.644329
3.1000981
3.4274871
3.8611712
3.644329
3.5337825
3.2063932
3.644329
3.7506244
2.879004
3.1000981
3.3169398
2.3390248
3.9717183
3.1000981
3.210645
4.405402
2.44532
3.3169398
3.8611712
3.644329
3.644329
4.2948556
2.555867
3.2063932
3.7506244
3.3169398
3.8611712
3.3169398
3.2063932
3.2063932
3.1000981
4.2991076
3.1000981
1.9053404
2.993803
3.210645
2.6664138
3.7548761
2.3390248
2.3390248
3.3169398
2.3390248
3.7548761
2.555867
3.5380342
2.555867
3.210645
3.5337825
2.6664138
3.210645
3.210645
2.4495716
2.2327297
2.2327297
1.6884984
1.9053404
2.0116355
2.993803
2.1221828
1.4716563
2.2327297
1.6884984
3.214897
2.7769608
2.2327297
3.321192
2.883256
3.1043499
3.9717183
2.555867
2.993803
2.993803
2.1221828
2.7769608
2.883256
2.5601187
2.1221828
2.6664138
2.3390248
3.3169398
2.989551
2.883256
3.7548761
2.772709
3.321192
4.0780134
2.772709
3.1000981
2.883256
2.228478
3.1000981
3.3169398
2.772709
3.5337825
2.555867
2.0116355
2.3390248
2.3390248
2.993803
2.772709
2.3390248
3.1000981
2.4495716
2.228478
3.644329
3.4274871
2.555867
3.3169398
3.3169398
3.5337825
3.2063932
3.1000981
2.662162
2.1221828
2.3390248
2.989551
1.7947936
3.4274871
3.210645
2.883256
2.993803
2.6664138
2.6664138
3.1000981
2.6664138
2.993803
2.993803
3.2063932
1.7947936
3.6485808
2.883256
2.6664138
2.993803
2.3390248
1.5779516
2.7769608
3.1043499
1.7990454
1.9053404
1.0379721
2.0158875
2.7769608
2.7769608
1.6884984
1.3611094
1.7990454
1.7990454
1.3653612
1.7990454
1.7990454
2.4495716
1.5822034
2.7769608
2.3432765
2.0158875
2.5601187
2.0158875
2.4495716
2.6706657
2.8875077
2.0158875
2.7769608
2.4495716
1.9053404
2.7769608
2.1264346
2.3390248
1.3611094
2.993803
1.7990454
2.0158875
2.4495716
1.9053404
3.4317389
2.4495716
3.1043499
2.4495716
1.6884984
3.321192
2.1221828
2.4495716
3.210645
1.9053404
2.6664138
2.3390248
2.3390248
3.210645
1.3611094
3.321192
2.883256
2.4495716
2.4495716
2.4495716
2.4495716
1.6884984
1.9053404
2.3390248
2.0158875
2.4495716
2.0158875
2.4495716
1.6884984
2.7769608
1.7947936
1.9053404
2.2327297
1.6884984
1.9053404
2.1221828
1.7990454
1.7947936
1.2548143
2.5601187
1.2548143
1.4716563
2.3432765
1.6927503
2.1264346
0.7105831
2.2369814
1.0379721
0.9316769
1.9095924
1.3653612
1.1485192
1.4759082
1.1485192
1.3653612
0.6042879
1.5822034
1.2548143
1.1485192
1.1485192
1.4759082
1.1485192
1.1485192
0.82113004
1.6927503
1.9095924
0.6042879
1.3653612
1.5822034
1.6927503
1.1485192
0.9316769
1.3653612
1.3653612
0.9316769
1.1485192
1.9095924
1.6927503
1.1485192
2.4538236
1.1485192
2.2369814
0.9316769
0.9316769
1.7990454
0.82113004
1.6927503
1.1485192
0.3874458
1.4759082
0.3874458
1.1485192
0.49374095
0.82113004
0.9316769
1.4716563
1.6927503
1.9095924
1.2548143
0.82113004
1.9095924
1.5822034
1.2548143
2.1264346
1.3653612
1.2548143
1.9095924
0.7105831
1.2548143
1.0379721
2.2369814
1.2548143
0.6042879
1.0379721
0.82113004
1.259066
0.71483487
1.8032973
1.3653612
0.6042879
1.259066
0.27689886
0.82113004
0.6042879
0.71483487
1.3653612
0.9316769
0.82113004
1.1527709
0.6042879
1.1485192
0.9316769
0.9316769
0.8253819
0.17060372
1.1527709
-0.2630805
1.1527709
1.369613
-0.47992262
1.0422239
1.0422239
-0.04623839
0.49799278
0.49799278
0.8253819
0.28115067
0.28115067
0.17060372
0.28115067
0.6085397
0.06430857
0.17060372
0.06430857
0.28115067
0.3874458
1.1527709
0.71483487
0.49799278
-0.37362745
0.06430857
0.49799278
0.06430857
0.28115067
0.8253819
0.28115067
-0.59046954
-0.47992262
-0.47992262
-0.04623839
0.49799278
1.1527709
0.8253819
0.49799278
0.6042879
0.17060372
1.259066
-0.4841744
1.259066
0.6042879
0.17060372
0.82113004
0.9316769
0.82113004
0.6042879
1.8032973
0.71483487
1.4759082
0.3874458
1.259066
-0.04623839
0.17060372
0.9316769
0.71483487
1.0422239
0.17060372
0.9316769
0.28115067
0.82113004
0.3874458
0.6042879
1.369613
-0.04623839
0.49799278
0.17060372
0.6042879
1.1527709
0.3874458
0.9316769
0.82113004
0.3874458
0.6042879
0.71483487
0.49799278
-0.04623839
-0.15678534
0.17060372
0.71483487
0.17060372
1.259066
0.9316769
0.49799278
-0.37362745
0.28115067
0.06430857
0.8253819
-0.9136068
-0.37362745
-0.47992262
-0.37362745
0.49799278
0.06430857
-0.59046954
1.0422239
-0.80731165
0.28115067
0.28115067
-0.04623839
-0.9136068
-0.15253355
0.39169762
0.39169762
-0.36937565
0.7190867
-0.041986585
0.39169762
-0.36937565
-0.47992262
0.17485553
-0.9136068
0.39169762
-0.6967647
0.8253819
-0.47992262
-0.2630805
-0.36937565
-0.04623839
0.93592876
-0.04623839
0.6085397
0.39169762
-0.47992262
0.6085397
-0.91785866
0.49799278
0.17060372
0.17060372
0.6085397
-0.15253355
0.93592876
-0.2630805
1.1527709
0.3874458
0.49799278
-0.36937565
0.39169762
0.6085397
0.49799278
0.6085397
0.17485553
0.06430857
-0.80731165
0.49799278
0.17060372
0.8253819
0.49799278
-0.80731165
0.17060372
-0.2630805
-0.04623839
0.28115067
-0.2630805
-0.2630805
0.71483487
0.17060372
-0.15678534
0.28115067
-0.47992262
0.06430857
-0.04623839
-0.04623839
-0.2630805
0.3874458
0.17060372
-0.59046954
-0.59046954
0.49799278
-0.2630805
-0.041986585
-0.15253355
0.06430857
-0.6967647
0.28115067
0.39169762
0.39169762
-1.0241537
-0.36937565
-1.1304489
-0.36937565
-0.9136068
-0.15253355
-0.15253355
0.06430857
0.7190867
-0.58621776
-0.80731165
-0.9136068
0.28115067
0.8253819
-0.6967647
-0.041986585
-1.0241537
-0.36937565
0.5022446
-0.47992262
0.17485553
-1.2409959
0.8296336
-1.0241537
-0.58621776
0.7190867
-0.36937565
-0.9136068
-0.36937565
-0.9136068
-1.2409959
-0.6967647
-0.8030599
-0.47992262
-0.9136068
0.06856038
-0.36937565
0.17485553
0.6085397
-0.6967647
0.39169762
-1.0241537
0.93592876
0.39169762
-0.041986585
-0.041986585
-0.9136068
-0.15253355
-0.47992262
-0.58621776
-0.15253355
-1.2409959
0.17485553
-0.15253355
-0.58621776
0.6085397
-0.15253355
0.28540248
-0.15253355
-0.6967647
-0.04623839
-0.36937565
-0.6967647
-0.15253355
-0.80731165
0.17060372
-0.15253355
-0.9136068
-0.15253355
-0.15253355
-0.36937565
0.7190867
-0.47992262
0.6085397
-0.36937565
-1.347291
-0.041986585
-1.1304489
-0.36937565
-1.1304489
-0.9136068
-0.2630805
-0.9136068
-0.041986585
-0.36937565
-1.4578379
0.06856038
-1.1304489
-1.347291
-0.4756708
-1.5641332
-1.1304489
-1.4578379
-0.8030599
-1.347291
-1.4578379
-1.347291
-1.7809752
-1.347291
-1.0199019
-1.347291
-0.8030599
-1.5641332
-1.1304489
-0.8030599
-0.4756708
-0.58621776
-1.7809752
-0.9136068
-1.0199019
-0.8030599
-1.347291
-0.9136068
-0.8030599
-0.36937565
-0.9136068
-0.9136068
-0.2588287
0.17485553
-1.347291
-0.58621776
-1.2409959
-0.9136068
0.28540248
-1.347291
0.17485553
-1.5641332
-0.58621776
-0.15253355
-0.6967647
-0.15253355
-0.6967647
0.39169762
0.39169762
0.17485553
0.28115067
-0.9136068
0.7190867
-0.47992262
-0.15253355
-0.36937565
-0.6967647
0.7190867
-0.36937565
-0.15253355
-0.6967647
-0.8030599
-0.80731165
-1.1304489
0.39169762
-1.0241537
-0.58621776
-0.041986585
-1.1304489
-0.47992262
0.06430857
0.39169762
-0.2630805
-0.59046954
0.6085397
0.06430857
-0.15253355
0.5022446
-1.1304489
0.06856038
-1.347291
-0.2588287
-0.47992262
-1.0241537
-0.36937565
-1.0199019
-0.15253355
-0.6967647
-0.041986585
-0.2588287
-1.5641332
-0.8030599
-1.1304489
-1.568385
-0.58621776
-1.1304489
-0.36937565
-0.36937565
-0.15253355
-0.8030599
-0.4756708
0.06856038
-1.5641332
-0.58621776
-0.041986585
-1.1304489
-0.6967647
-0.6967647
-1.0241537
0.17485553
-0.6967647
-0.9136068
-0.58621776
-0.47992262
-0.58621776
-0.9136068
-0.8030599
-2.0020692
-0.8030599
-1.67468
-0.14828174
-0.36937565
-0.041986585
-0.15253355
-1.4578379
-0.58621776
-0.36937565
-0.041986585
-0.9136068
-0.2588287
0.17485553
-1.2409959
0.06430857
0.17485553
0.17485553
-0.15253355
-1.7852271
-0.9136068
-0.15253355
-0.6967647
0.17485553
0.8253819
0.06430857
0.6085397
-0.80731165
-0.04623839
0.49799278
-1.0241537
0.17060372
-0.15253355
0.93592876
-0.2630805
-0.47992262
-0.47992262
-1.2409959
-0.47992262
0.6085397
-0.6967647
0.06430857
-1.2409959
-0.47992262
-0.6967647
-1.4578379
-0.041986585
-0.9136068
0.5022446
-0.2630805
-0.15253355
0.71483487
-0.04623839
0.28115067
-0.47992262
0.39169762
-0.2630805
0.17485553
0.6085397
-0.47992262
-0.36937565
0.6085397
0.06430857
-0.15253355
-0.9136068
-0.6967647
0.17485553
-0.47992262
0.06430857
-0.9136068
-0.041986585
-0.2630805
-0.6967647
0.5022446
-0.15253355
0.28115067
-0.04623839
-0.6967647
-0.041986585
0.17485553
-0.58621776
-0.80731165
0.28115067
-0.041986585
-1.2409959
0.39169762
-0.2630805
0.8253819
0.28115067
-1.0241537
0.6085397
0.28115067
0.6042879
-0.37362745
1.1527709
0.71483487
-0.4841744
0.9316769
0.3874458
0.9316769
0.27689886
0.17060372
0.17060372
0.3874458
1.1485192
0.6042879
0.3874458
0.17060372
-0.15678534
1.0422239
0.49799278
0.8253819
0.6042879
-0.15678534
1.259066
0.82113004
0.9316769
0.9316769
0.49374095
0.49374095
0.82113004
1.3653612
1.0379721
0.49374095
1.7990454
1.3653612
0.82113004
1.4759082
0.82113004
0.38319403
1.5822034
0.7105831
0.82113004
1.1485192
0.27689886
0.7105831
1.3653612
1.5822034
0.82113004
1.1485192
1.2548143
0.7105831
1.9095924
1.2548143
1.1485192
1.5822034
1.6927503
1.3653612
1.0379721
0.92742515
1.9095924
1.0379721
1.5822034
0.7105831
1.4716563
1.2548143
0.49374095
1.5822034
0.82113004
0.16635191
0.82113004
1.3653612
1.0379721
1.2548143
0.49374095
1.3653612
1.6927503
0.7105831
1.5822034
1.5822034
1.7990454
1.3653612
1.2548143
1.6927503
1.5822034
0.82113004
1.9095924
1.5822034
1.2548143
0.82113004
1.5822034
1.3653612
2.4538236
1.7990454
1.7990454
1.2548143
1.7990454
1.9095924
1.6927503
1.5822034
1.7990454
1.0379721
1.4716563
1.4716563
0.7105831
1.7990454
1.1485192
1.2548143
0.27689886
1.3653612
1.7990454
0.49374095
1.5822034
0.49374095
1.1442673
0.60003614
1.9095924
0.27689886
1.0379721
1.0379721
1.3653612
1.6927503
1.1485192
1.3653612
0.16635191
0.82113004
0.49374095
0.49374095
1.1485192
1.3653612
-0.2673323
0.7105831
1.259066
1.4759082
1.8032973
0.6042879
0.27689886
-0.15678534
0.9316769
0.3874458
-0.15678534
1.6927503
0.27689886
1.259066
-0.37362745
0.82113004
0.6042879
1.1485192
0.6042879
1.5864551
1.5822034
0.06005676
0.71483487
0.7105831
1.1485192
1.1485192
1.4759082
0.82113004
0.49374095
0.3874458
1.1485192
1.5822034
0.82113004
1.0379721
0.82113004
1.9095924
1.6927503
1.5822034
1.9095924
0.82113004
1.5822034
1.3653612
1.2548143
1.7990454
1.3653612
1.5822034
0.9316769
0.27689886
1.9095924
1.0379721
1.4759082
0.82113004
1.6927503
1.4716563
1.9095924
1.5822034
1.0379721
1.5822034
1.3653612
1.3653612
0.49374095
1.9095924
0.7105831
0.92742515
1.9095924
1.6927503
0.60003614
2.1264346
1.5822034
1.6927503
0.9316769
1.1442673
1.3653612
1.4716563
2.1264346
0.3874458
1.1485192
1.3653612
0.82113004
0.82113004
0.92742515
1.4716563
1.3653612
0.49374095
0.7105831
1.6927503
1.6927503
0.3874458
1.4759082
0.6042879
0.17060372
0.27689886
0.82113004
1.9095924
1.1485192
1.0379721
0.82113004
0.82113004
0.7105831
1.4759082
1.1485192
1.3653612
0.71483487
0.17060372
0.49799278
0.17060372
0.17060372
0.3874458
-0.050490197
1.4759082
0.17060372
0.6042879
0.71483487
1.4759082
0.27689886
0.71483487
2.2369814
0.6042879
1.0379721
1.4716563
0.49374095
1.7990454
0.49374095
1.7990454
1.2548143
0.49374095
1.5864551
0.6042879
0.9316769
2.0201392
1.1485192
1.1485192
1.7990454
1.5779516
1.4716563
0.7105831
1.3653612
0.92742515
0.38319403
1.2548143
0.49374095
1.0379721
1.5822034
0.82113004
2.0158875
2.1264346
1.9053404
1.5779516
1.2548143
0.92742515
0.16635191
1.1485192
1.0379721
1.5822034
1.3653612
1.9095924
0.82113004
0.82113004
1.7990454
1.0379721
0.7105831
0.82113004
0.38319403
0.82113004
1.0379721
1.4759082
1.0379721
0.17060372
1.0379721
1.3653612
1.9095924
1.3653612
0.92742515
1.5822034
0.82113004
1.0379721
1.0379721
1.0379721
0.92742515
0.9316769
1.0379721
0.49374095
0.7105831
1.0379721
0.82113004
0.82113004
1.0379721
0.06005676
0.9316769
0.82113004
0.49374095
0.06005676
1.0379721
1.3653612
0.6042879
1.2548143
1.5822034
1.1485192
0.38319403
1.0379721
1.2548143
1.0379721
1.4759082
1.2548143
1.3653612
1.2548143
0.7105831
1.5822034
0.92742515
1.6927503
0.49374095
0.7105831
1.3653612
0.82113004
0.92742515
0.7105831
0.7105831
2.2369814
1.4716563
1.4716563
1.7990454
1.7990454
1.3653612
1.1442673
2.1264346
1.0379721
1.2548143
2.3432765
1.5822034
1.7990454
1.5822034
1.7990454
2.5601187
1.4716563
2.1264346
1.5822034
0.92742515
2.0158875
1.4716563
2.3432765
1.9053404
1.9053404
2.8875077
2.1221828
2.5601187
2.6664138
2.4495716
1.6884984
2.1221828
1.7947936
1.9053404
1.5779516
1.9053404
1.6884984
3.1043499
2.0158875
2.2327297
2.0158875
0.81687826
1.9053404
2.2327297
2.1221828
3.3169398
2.0116355
2.6664138
2.228478
1.7947936
2.555867
1.9053404
2.3390248
3.1000981
2.0116355
3.5380342
1.3611094
2.555867
1.6884984
3.1000981
2.555867
1.7947936
2.2327297
2.0116355
2.0116355
1.9053404
1.9053404
1.6884984
2.883256
1.5779516
2.555867
1.7947936
2.989551
2.555867
2.883256
2.883256
1.4674045
3.1000981
3.1000981
3.4274871
3.210645
2.772709
2.883256
1.9010887
2.993803
2.989551
2.6664138
2.772709
2.0116355
2.555867
2.3390248
3.1000981
3.2063932
2.4495716
2.555867
2.6664138
2.4495716
3.3169398
2.772709
3.4274871
3.5337825
2.44532
3.3169398
3.1000981
3.3169398
3.7506244
3.5337825
3.2063932
3.644329
2.772709
2.44532
2.989551
3.1000981
2.989551
2.555867
3.1000981
2.4495716
2.555867
2.0116355
2.6664138
2.883256
2.228478
3.2063932
2.228478
3.3169398
3.1000981
2.555867
3.1000981
2.6664138
3.9717183
2.0116355
2.883256
2.772709
2.772709
2.883256
3.8611712
2.772709
2.883256
3.210645
2.2327297
2.883256
2.1221828
2.555867
3.210645
2.772709
3.7548761
1.9010887
2.3390248
3.3169398
3.321192
2.555867
2.555867
2.883256
2.3390248
2.3390248
2.555867
1.9053404
3.644329
2.228478
3.9717183
3.1000981
3.3169398
1.7947936
2.993803
2.4495716
1.7947936
1.7947936
2.4495716
2.1221828
2.3390248
2.0116355
2.6664138
2.0116355
2.6664138
1.9053404
3.644329
1.9053404
3.1000981
1.1400155
3.210645
2.4495716
2.228478
2.0116355
3.5337825
2.44532
2.44532
2.555867
3.7506244
3.210645
2.989551
2.228478
2.883256
2.228478
2.989551
2.44532
3.8611712
2.989551
4.0780134
2.989551
4.511698
2.555867
2.662162
2.555867
3.5337825
1.9053404
2.228478
2.883256
3.1000981
2.44532
3.5337825
2.772709
3.4232354
2.3390248
2.662162
2.772709
2.989551
2.6664138
3.4232354
1.9010887
2.989551
2.772709
2.989551
2.879004
3.3169398
1.9053404
2.6664138
2.883256
2.1221828
2.555867
1.5779516
3.3169398
3.3169398
2.117931
3.3169398
3.6400774
2.883256
3.5337825
2.6664138
3.7506244
2.989551
2.117931
3.3169398
2.3347728
2.989551
3.3169398
2.662162
3.1000981
3.7506244
2.228478
3.4274871
3.2063932
2.989551
3.7506244
3.3169398
4.0780134
2.0116355
4.2948556
3.3169398
2.662162
3.2063932
3.8569195
3.8611712
3.8611712
2.879004
3.5337825
3.1000981
3.2063932
4.0780134
2.883256
2.555867
3.3169398
3.312688
3.3169398
1.7905419
4.6222444
2.772709
2.662162
3.7506244
3.4232354
2.44532
3.9674666
3.5337825
3.4232354
2.879004
3.7506244
2.989551
2.879004
2.989551
2.772709
3.5337825
2.772709
3.7506244
2.3390248
2.989551
3.8611712
2.662162
4.0780134
2.555867
2.662162
2.662162
3.3169398
2.44532
2.772709
3.4274871
3.1000981
3.3169398
2.772709
4.0780134
3.4274871
3.4232354
2.44532
3.2063932
1.9010887
2.883256
3.7506244
2.555867
2.772709
3.4232354
3.9674666
1.9010887
3.1000981
1.7947936
3.7506244
3.7548761
3.5337825
2.772709
3.4274871
2.772709
2.883256
3.1000981
2.3390248
3.5337825
2.993803
2.228478
3.4274871
2.772709
2.44532
2.228478
3.210645
3.3169398
2.3390248
3.644329
2.228478
2.555867
2.228478
3.5380342
2.3390248
2.4495716
2.555867
1.9053404
2.1221828
1.2505624
3.321192
1.6884984
2.3432765
1.2548143
2.4495716
1.6884984
2.883256
2.0158875
2.2327297
1.7990454
2.4495716
1.3611094
2.1264346
2.2327297
2.4495716
1.4674045
2.6706657
1.7990454
2.0158875
1.5822034
2.5601187
2.6706657
1.2548143
1.2548143
1.6884984
1.4759082
2.1264346
0.92742515
1.2548143
1.2548143
1.0379721
1.0379721
0.49374095
0.6042879
0.9316769
1.4716563
1.3653612
1.4759082
1.0379721
1.5822034
1.5822034
1.9095924
0.82113004
0.82113004
1.7990454
1.2548143
1.5779516
2.6706657
1.3653612
0.92742515
2.0158875
1.1485192
1.1485192
1.5822034
1.1442673
1.3653612
0.82113004
1.5822034
0.7105831
1.3653612
1.4759082
0.3874458
1.7990454
0.3874458
1.5822034
1.3653612
1.1485192
2.1264346
1.0379721
1.3653612
2.1264346
1.9095924
1.2548143
0.81687826
1.4716563
1.4716563
1.6884984
1.3653612
1.9095924
1.3653612
1.5822034
1.6927503
1.4716563
0.49374095
2.0158875
1.3653612
1.1485192
1.1485192
1.3653612
2.1264346
0.82113004
1.5822034
0.7105831
0.7105831
2.4538236
0.92742515
1.5822034
2.3432765
1.0379721
1.6884984
2.0158875
1.9095924
1.4716563
1.5822034
1.3653612
1.4716563
1.7990454
2.2369814
0.7105831
1.2548143
2.2369814
1.7990454
1.9095924
2.0158875
0.92742515
1.0379721
0.92742515
1.5822034
1.5822034
1.1442673
1.3653612
1.5822034
2.2327297
1.2548143
1.2548143
1.5822034
2.3432765
1.6884984
1.4716563
1.7947936
1.2505624
3.4317389
2.5601187
2.3432765
2.0158875
1.6884984
2.3390248
1.2548143
2.3432765
1.6884984
1.3611094
2.7812126
1.4716563
1.4716563
1.9095924
1.0379721
2.0158875
1.4716563
1.5822034
2.7769608
2.2327297
3.1043499
1.4716563
2.0158875
2.6664138
1.4716563
1.6884984
2.7769608
1.6884984
2.0158875
1.0379721
2.5601187
0.27689886
2.3432765
2.3432765
2.1264346
1.4716563
1.3653612
2.2369814
1.4716563
1.2548143
2.1264346
1.1442673
1.2548143
1.4716563
1.7990454
1.4716563
1.1442673
2.1264346
2.2327297
1.0379721
1.4716563
2.3432765
0.92742515
1.9095924
0.81687826
2.0158875
2.2327297
1.5779516
1.7990454
2.0158875
2.1264346
1.2548143
2.3432765
2.0158875
0.92742515
2.4538236
1.3611094
1.7990454
1.4716563
1.6927503
1.6884984
1.6884984
2.1264346
1.6884984
1.3653612
1.5822034
2.3432765
1.4716563
1.6927503
2.2327297
1.4716563
1.4716563
2.2327297
1.7990454
1.3611094
1.3611094
1.9053404
2.0158875
1.5822034
2.3432765
1.6884984
1.6884984
2.7769608
2.0158875
2.6664138
2.2327297
1.2548143
1.9053404
2.4495716
2.0158875
2.7769608
0.92742515
2.3432765
1.4716563
2.5601187
2.3390248
2.2327297
2.5601187
2.3390248
2.7769608
1.9053404
1.1442673
3.1043499
1.5779516
1.3611094
2.4495716
2.0158875
2.4495716
1.5779516
1.9053404
2.1221828
1.4716563
2.4495716
2.2327297
2.0158875
2.1221828
2.0158875
2.2327297
1.9053404
3.1043499
3.4274871
3.210645
2.2327297
2.6664138
1.5779516
2.2327297
2.2327297
2.1221828
2.3390248
2.883256
1.9053404
2.3390248
3.1000981
2.772709
3.644329
2.883256
2.3390248
2.993803
2.555867
2.772709
2.6664138
3.4274871
1.9010887
2.772709
3.1000981
4.0780134
3.1000981
2.772709
3.2063932
2.772709
4.1885605
2.228478
2.772709
2.772709
2.6664138
3.2063932
2.44532
3.8611712
3.4232354
2.44532
4.0780134
2.555867
4.0780134
3.2063932
3.5337825
3.5337825
3.0958462
3.9717183
2.662162
4.2948556
2.879004
3.5337825
3.9674666
3.6400774
3.4232354
3.7506244
2.879004
4.0780134
2.3347728
2.44532
2.879004
3.3169398
4.1843085
3.7506244
4.0737615
3.7506244
3.2063932
4.9453816
3.6400774
3.7506244
4.0737615
3.5337825
4.72854
3.0958462
3.644329
4.1843085
4.1843085
3.9674666
3.4232354
2.879004
4.1843085
3.9674666
3.3169398
3.7506244
2.555867
2.662162
3.8611712
2.883256
2.555867
3.7506244
2.989551
2.772709
2.772709
3.3169398
3.644329
2.883256
4.0780134
2.772709
3.3169398
2.879004
3.9674666
3.7506244
2.989551
3.1000981
2.772709
2.44532
3.1000981
3.7506244
3.2063932
3.7506244
2.989551
3.4232354
3.3169398
3.8611712
2.989551
2.117931
3.3169398
3.7506244
3.3169398
3.5337825
2.3347728
3.3169398
2.44532
3.644329
2.989551
2.3390248
3.4274871
3.1000981
2.772709
2.772709
2.3390248
3.7506244
2.989551
3.644329
3.4232354
3.644329
2.772709
2.883256
3.3169398
3.5337825
3.5337825
3.3169398
2.228478
2.555867
1.7947936
3.7506244
3.210645
2.772709
2.883256
4.0780134
3.210645
3.4274871
3.3169398
3.1000981
3.8611712
3.644329
2.989551
3.8611712
2.772709
3.1000981
3.8611712
2.662162
3.3169398
2.883256
2.772709
3.3169398
2.989551
3.3169398
2.883256
3.3169398
4.4011507
3.4232354
4.1843085
4.9453816
3.4232354
3.5337825
3.9674666
3.4232354
4.1843085
4.0780134
3.4232354
3.2063932
3.6400774
3.8569195
4.0780134
4.0780134
3.4232354
3.8569195
4.1885605
2.772709
3.644329
3.0958462
4.2948556
2.662162
4.72854
4.1843085
3.6400774
3.6400774
3.6400774
3.6400774
3.7506244
3.6400774
3.312688
4.9453816
3.9674666
3.7506244
3.8569195
5.166476
3.6400774
4.2948556
3.8569195
4.0780134
4.0737615
4.0780134
3.0958462
3.5337825
4.2948556
3.0958462
3.8611712
3.8611712
4.0780134
3.8569195
3.2063932
3.4232354
3.644329
3.5337825
4.72854
3.8569195
4.9453816
3.3169398
3.8569195
3.8611712
3.6400774
3.7506244
4.8390865
4.511698
4.9453816
4.1843085
4.617993
3.4232354
4.617993
3.5337825
3.6400774
3.7506244
5.055929
3.5337825
4.0737615
3.6400774
3.7506244
3.5337825
3.9674666
3.5337825
4.405402
3.2063932
2.879004
4.511698
2.989551
3.9674666
4.4011507
3.8569195
4.0737615
3.312688
4.8390865
3.3169398
3.0958462
4.72854
4.2948556
3.4232354
3.8569195
3.9674666
4.0780134
5.055929
4.8390865
4.2948556
3.7506244
3.5337825
3.9674666
3.8611712
4.72854
4.617993
4.8390865
4.0780134
3.8569195
4.72854
4.1843085
4.4011507
3.4232354
4.2948556
3.0958462
3.9674666
3.312688
4.1885605
3.7506244
2.662162
3.9717183
3.7506244
2.989551
4.1885605
3.4274871
2.772709
3.5337825
2.6664138
3.1000981
3.4274871
2.7769608
3.4274871
2.989551
3.8611712
2.555867
3.7548761
3.8611712
3.1000981
2.883256
3.1000981
2.993803
2.989551
2.44532
3.4274871
2.228478
2.6664138
3.644329
3.4274871
1.9053404
3.4274871
3.3169398
2.555867
3.7548761
2.883256
2.6664138
3.1000981
2.1221828
3.7548761
3.644329
2.883256
2.4495716
2.1221828
3.5380342
2.6664138
3.321192
2.555867
3.4274871
3.7548761
2.772709
3.4274871
2.44532
3.1000981
3.7506244
3.3169398
3.2063932
3.3169398
3.1000981
2.555867
3.4274871
2.555867
2.772709
2.555867
3.210645
3.1000981
3.210645
3.210645
3.210645
2.555867
1.6884984
4.0822654
2.993803
2.4495716
3.210645
2.4495716
2.772709
3.5380342
2.4495716
3.8611712
2.772709
3.5337825
2.2327297
3.4274871
2.772709
2.4495716
2.993803
1.7947936
3.5380342
2.0158875
2.555867
2.5601187
2.1264346
2.0158875
2.2327297
2.1221828
2.993803
2.555867
2.2327297
2.993803
3.1000981
2.4495716
2.3390248
3.321192
2.993803
2.993803
1.9053404
2.5601187
2.7769608
2.4495716
2.4495716
3.1000981
2.6664138
1.9053404
2.4495716
1.6884984
3.1043499
2.0116355
2.6664138
2.993803
1.9053404
1.7947936
2.555867
2.2327297
2.3390248
2.555867
1.6884984
1.6884984
3.210645
2.6664138
2.7769608
2.3390248
1.4716563
2.0158875
2.2327297
1.9053404
2.3432765
2.3390248
2.993803
2.2327297
2.2327297
2.6664138
1.9053404
2.4495716
1.5779516
2.6706657
1.2548143
1.9095924
2.0158875
2.2327297
2.0158875
2.5601187
1.1442673
2.2327297
3.4317389
1.5779516
2.8875077
2.7769608
1.6884984
2.555867
1.3611094
2.7769608
2.2327297
2.1221828
2.6664138
2.0158875
2.993803
2.2327297
2.2327297
2.5601187
2.3432765
2.5601187
2.1221828
1.3611094
2.993803
1.2548143
2.5601187
1.1442673
2.5601187
2.0158875
2.3432765
3.1043499
2.3432765
2.6664138
2.1221828
3.1043499
2.4495716
1.7990454
3.321192
2.7769608
2.993803
3.210645
1.6884984
2.2327297
2.3432765
1.5822034
1.0379721
2.5601187
2.0158875
1.4716563
2.1264346
1.7990454
2.0158875
1.6884984
1.2548143
2.2327297
1.2548143
1.3653612
2.3432765
1.2548143
1.9095924
1.2548143
0.92742515
1.5822034
1.5822034
1.4716563
2.0158875
1.7990454
1.9095924
2.1264346
1.6884984
2.1264346
1.9053404
2.1264346
1.9095924
1.6884984
1.0379721
2.9980547
1.7990454
2.0158875
1.2548143
2.1264346
2.0158875
0.49374095
1.5822034
1.9095924
1.5822034
1.2548143
0.38319403
3.214897
2.1264346
1.7990454
1.7990454
2.5601187
1.5822034
2.1264346
2.1264346
1.7990454
2.0158875
1.5822034
2.3432765
1.5822034
1.6884984
1.7990454
2.3432765
2.3432765
1.6884984
3.321192
2.1221828
2.3432765
2.4495716
2.0158875
1.1442673
2.7769608
1.6884984
2.7769608
1.3611094
2.3432765
2.2327297
1.7990454
3.214897
1.7990454
1.6884984
2.8875077
2.5601187
2.6664138
2.4495716
1.4716563
2.7769608
2.6664138
2.0158875
3.321192
1.6884984
2.3432765
2.3432765
1.9053404
1.6884984
2.4495716
2.5601187
2.4495716
3.210645
1.5822034
2.1221828
2.4495716
2.5601187
3.1043499
1.7990454
2.7769608
2.0158875
1.2548143
2.2327297
3.1043499
1.2548143
1.9053404
2.2327297
1.5822034
2.4495716
1.6884984
2.3432765
1.9053404
1.3611094
2.2327297
2.5601187
1.9053404
3.1043499
2.3432765
1.1442673
2.7769608
1.7990454
2.8875077
1.1442673
1.6884984
2.2327297
2.2327297
1.9053404
3.5380342
2.772709
2.4495716
3.3169398
2.883256
3.4274871
2.2327297
3.4274871
2.883256
3.644329
3.3169398
1.9053404
3.321192
2.883256
2.1221828
3.321192
3.1043499
2.4495716
3.4317389
2.0158875
1.6884984
2.993803
3.210645
2.6664138
1.9053404
2.7769608
3.7548761
2.6664138
3.5380342
3.210645
2.7769608
3.1000981
2.6664138
3.210645
2.6664138
3.1043499
2.4495716
2.0158875
1.9053404
2.5601187
2.3390248
2.7769608
3.210645
2.7769608
2.1221828
2.2327297
2.5601187
2.4495716
2.1221828
2.6664138
1.9053404
2.3432765
2.2327297
2.7769608
1.7990454
2.5601187
2.4495716
2.0158875
2.1264346
2.4495716
1.5779516
2.0158875
1.1442673
3.5380342
2.0158875
2.555867
3.1043499
3.1000981
2.7769608
2.4495716
1.5779516
2.883256
2.4495716
3.1043499
2.1221828
2.0158875
2.6664138
2.3390248
2.3390248
2.7769608
2.6664138
1.9053404
2.2327297
3.7548761
2.772709
3.644329
3.210645
3.8654232
2.1221828
3.1000981
1.5779516
3.210645
1.7947936
3.321192
1.5779516
3.321192
1.9053404
2.6664138
3.4274871
2.8875077
3.210645
3.210645
2.1221828
2.883256
2.772709
3.5380342
2.6664138
4.0780134
2.6664138
2.4495716
3.3169398
2.555867
3.8611712
2.883256
3.7548761
2.883256
3.4274871
2.883256
3.1043499
1.9053404
3.210645
2.6664138
3.3169398
2.993803
3.5337825
3.1000981
4.0780134
2.772709
4.2948556
4.405402
3.7506244
4.2948556
4.6222444
3.2063932
3.8569195
4.4011507
4.72854
3.7506244
4.2948556
3.7506244
4.6222444
3.2063932
2.989551
4.1885605
3.3169398
3.7506244
3.4232354
3.7506244
4.511698
4.0737615
3.6400774
4.0737615
4.511698
3.2063932
4.511698
3.6400774
3.6400774
3.7506244
3.312688
3.5295303
3.0958462
4.617993
3.0958462
4.0737615
3.6400774
4.4011507
3.5295303
4.2906036
4.180057
5.379066
4.9453816
4.4011507
3.7463725
3.6400774
4.8348346
4.8390865
2.9852993
3.9674666
4.0780134
4.1843085
3.7506244
4.2948556
3.4232354
4.405402
3.7506244
3.4232354
3.7506244
3.7506244
4.1843085
3.0958462
4.1885605
3.2063932
3.4232354
3.7506244
3.9674666
4.511698
3.4232354
2.772709
4.1843085
3.9632149
3.7506244
3.9674666
3.644329
3.7506244
3.9674666
3.7506244
3.2021413
3.5337825
4.1843085
4.1843085
2.3347728
4.405402
3.7506244
3.1000981
4.7327914
3.4232354
3.7506244
3.4232354
2.3347728
2.989551
2.662162
2.662162
4.2948556
2.989551
4.405402
2.772709
3.644329
3.8611712
3.2063932
3.3169398
3.8611712
2.989551
3.5337825
2.989551
2.0116355
2.989551
2.44532
3.1000981
2.772709
2.44532
2.772709
3.3169398
2.3390248
3.1000981
2.6664138
3.4274871
3.4274871
2.989551
3.1000981
2.555867
3.5380342
3.644329
2.228478
3.3169398
3.1000981
2.1221828
3.210645
2.1221828
2.6664138
2.993803
2.5601187
1.7990454
2.4495716
2.3390248
2.6664138
3.5380342
2.555867
1.6842467
2.4495716
3.1000981
1.7947936
3.4274871
2.772709
3.1000981
3.5380342
3.210645
2.993803
3.210645
2.555867
2.772709
1.9010887
3.1043499
2.3390248
2.883256
2.7769608
2.883256
2.1221828
1.9053404
2.0116355
2.993803
2.1221828
4.1885605
3.1000981
3.644329
2.228478
3.644329
2.662162
3.644329
2.0116355
3.4274871
2.228478
1.9053404
2.4495716
2.0116355
3.210645
1.9053404
2.993803
2.3390248
1.7947936
3.210645
1.7947936
3.321192
3.3169398
2.555867
2.555867
1.5779516
2.555867
2.6664138
2.993803
2.1221828
1.0337203
2.0158875
1.9053404
1.9053404
2.7769608
2.0158875
1.4716563
2.0158875
1.5779516
2.555867
1.7947936
2.993803
2.3390248
2.3390248
3.1000981
2.0116355
1.1400155
2.883256
2.3390248
1.5779516
2.3432765
1.4716563
2.3432765
2.883256
2.7769608
1.6884984
2.4495716
2.1221828
2.1221828
2.6664138
1.2505624
1.3611094
2.772709
2.1221828
2.0116355
2.3390248
2.4495716
2.4495716
2.0116355
2.7769608
2.3432765
2.4495716
2.993803
1.7947936
2.3390248
3.321192
2.1221828
2.4495716
2.883256
2.3390248
3.4274871
3.5337825
2.3390248
2.44532
2.555867
2.6664138
2.883256
2.4495716
3.210645
1.9053404
2.2327297
2.883256
1.6884984
1.6884984
2.1221828
2.2327297
1.9053404
1.7947936
1.7990454
3.210645
3.210645
2.7769608
3.210645
2.883256
2.3390248
3.210645
2.989551
2.0116355
3.3169398
2.555867
2.3390248
2.883256
3.644329
2.4495716
3.644329
2.228478
2.883256
2.993803
2.772709
2.772709
1.7947936
2.228478
3.644329
2.6664138
3.4274871
3.1000981
1.6842467
3.1000981
2.883256
2.883256
3.1000981
2.883256
3.1000981
2.662162
2.3390248
3.3169398
2.0116355
2.989551
2.989551
2.772709
2.772709
3.1000981
3.5337825
2.662162
4.1885605
3.3169398
3.5337825
4.2948556
3.7506244
4.0780134
2.989551
2.555867
3.5337825
2.0073838
3.8611712
3.644329
2.989551
2.228478
1.7947936
2.989551
2.117931
4.405402
2.555867
3.1000981
3.6400774
2.772709
3.2063932
3.4232354
3.7506244
3.7506244
3.2063932
3.5337825
2.555867
3.5337825
3.8611712
2.989551
2.44532
3.8611712
3.2063932
2.989551
3.2063932
3.2063932
3.9674666
3.2063932
4.1885605
3.3169398
2.662162
3.5337825
2.772709
3.8611712
2.879004
3.8611712
3.5337825
2.5516152
4.405402
3.1000981
3.0958462
2.772709
2.989551
3.7506244
3.4232354
3.4232354
3.4232354
3.9674666
3.6400774
3.6400774
3.0958462
4.72854
2.9852993
3.4232354
3.5295303
3.4232354
3.9674666
3.7506244
3.0958462
3.312688
2.662162
4.1843085
3.2063932
4.0780134
3.9674666
3.4232354
3.7506244
3.7506244
3.0958462
3.8569195
3.4232354
4.0737615
3.9674666
3.0958462
3.8569195
2.989551
3.2063932
2.879004
3.8611712
3.6400774
2.44532
3.7506244
3.2063932
3.4232354
4.2906036
3.6400774
4.9453816
3.9674666
3.4232354
4.4011507
3.6400774
3.7506244
2.7684572
3.9674666
4.511698
3.2063932
4.0737615
3.9674666
3.0958462
4.0780134
3.3169398
2.989551
3.0958462
2.44532
3.3169398
3.8569195
2.879004
3.7506244
3.4232354
3.6400774
3.6400774
3.0958462
4.617993
3.6400774
3.7463725
4.2906036
3.5295303
4.2906036
3.2021413
3.5295303
3.8569195
3.2063932
3.9674666
3.8569195
3.8569195
4.2906036
4.1843085
3.7463725
2.9852993
4.4011507
3.5295303
4.4011507
4.507446
3.8569195
3.6400774
3.8569195
3.5295303
2.9852993
3.4232354
4.617993
3.9674666
3.6400774
3.4232354
4.617993
3.6400774
3.7506244
5.272771
4.4011507
3.9632149
3.8569195
3.5295303
4.0737615
3.8569195
4.4011507
3.8569195
3.7463725
3.0958462
4.1843085
3.9674666
4.1843085
3.312688
4.0737615
3.0958462
3.7463725
3.8569195
4.8348346
4.2906036
3.312688
4.1843085
3.8569195
3.6400774
3.7506244
3.9674666
4.2906036
4.9453816
3.0958462
4.2906036
2.9852993
5.162224
3.7506244
4.4011507
3.8569195
4.1843085
3.312688
4.724288
4.2906036
4.9453816
4.4011507
4.724288
4.617993
4.3968987
3.9632149
4.617993
3.8569195
5.162224
3.5295303
3.5295303
3.8569195
3.6400774
3.312688
3.2021413
4.0737615
3.7506244
4.1843085
3.2063932
4.4011507
4.0737615
4.617993
4.507446
4.724288
4.0737615
4.4011507
4.507446
4.0737615
3.9632149
4.06951
4.8348346
3.9632149
4.72854
4.0737615
3.9674666
4.4011507
4.507446
4.1843085
3.6400774
4.617993
3.8569195
4.1843085
3.0958462
3.6400774
4.4011507
3.4232354
3.4232354
3.7463725
3.5295303
3.8569195
3.5295303
4.8348346
3.5295303
4.8348346
4.72854
4.0737615
4.0737615
4.0737615
3.9674666
5.162224
4.8348346
5.0516768
4.94113
4.94113
5.1579723
4.724288
5.0516768
5.0516768
5.1579723
3.9632149
4.8348346
3.9674666
4.0737615
3.4189837
4.2906036
4.507446
3.312688
4.72854
4.617993
3.5295303
4.2906036
3.6400774
4.4011507
4.0737615
4.2906036
4.8348346
4.94113
4.617993
5.0516768
4.2906036
4.2906036
3.4189837
4.2906036
4.724288
5.0516768
3.7463725
4.507446
3.9632149
4.0737615
4.507446
4.0737615
4.724288
4.2906036
3.4189837
4.617993
3.5295303
3.9632149
3.7463725
4.72854
3.5295303
2.7684572
3.4232354
3.6400774
3.0958462
4.4011507
4.2948556
3.9674666
2.9852993
3.5337825
3.4232354
3.5295303
3.7463725
3.9674666
4.0737615
5.0516768
3.8569195
3.7463725
3.2021413
3.5295303
3.6400774
3.4232354
3.5295303
3.4232354
3.6400774
4.4011507
3.8569195
4.1843085
3.312688
3.9674666
4.4011507
2.7684572
3.7506244
4.4011507
3.5337825
3.8569195
2.989551
2.7684572
3.7506244
3.7506244
2.772709
3.7506244
2.879004
3.2063932
3.6400774
2.879004
2.0073838
4.2948556
3.7506244
2.5516152
3.5337825
3.9674666
2.44532
3.312688
2.7684572
3.4232354
2.879004
2.879004
2.989551
4.0780134
3.312688
2.228478
3.8611712
2.772709
3.210645
2.772709
2.0116355
2.1221828
2.3390248
3.4274871
2.44532
3.3169398
2.772709
3.1000981
3.2063932
2.989551
3.8611712
3.3169398
2.44532
2.879004
2.3390248
2.989551
2.772709
2.772709
2.989551
2.555867
2.879004
1.9010887
2.772709
1.7947936
3.210645
2.0116355
1.9010887
3.3169398
2.228478
2.0116355
2.117931
2.4495716
2.0116355
1.6884984
2.993803
1.9053404
2.6664138
2.883256
1.5779516
1.9053404
1.5779516
2.4495716
1.7947936
1.5779516
2.555867
2.0158875
2.6664138
2.0116355
1.3611094
2.5601187
1.6884984
1.9053404
2.2327297
1.6884984
2.1221828
1.6884984
2.2327297
1.9053404
1.6884984
2.0158875
1.1442673
1.3611094
1.7990454
2.0158875
1.4716563
1.6884984
2.0158875
0.7105831
0.7105831
1.4716563
0.49374095
1.2548143
1.0379721
1.4716563
1.3653612
0.7105831
1.5822034
1.5822034
0.92742515
1.1442673
1.2548143
1.4716563
0.92742515
1.4716563
1.4716563
1.0379721
1.7990454
1.2548143
1.0379721
1.4716563
0.82113004
1.4716563
0.49374095
1.2548143
1.0379721
0.82113004
1.6927503
0.92742515
1.3653612
1.0379721
1.0379721
1.2548143
1.2548143
1.5822034
2.1264346
1.5779516
2.2327297
1.6884984
1.4674045
1.7947936
1.1442673
1.9053404
0.7105831
2.5601187
0.92742515
1.4716563
1.6884984
2.0158875
1.0379721
0.82113004
0.7105831
1.0379721
1.2548143
1.0379721
1.5822034
0.92742515
1.4716563
1.7990454
0.92742515
1.7990454
0.92742515
1.0379721
1.7990454
1.0379721
1.5822034
1.7990454
1.4716563
1.3611094
1.1442673
1.4716563
0.60003614
2.3432765
1.3611094
2.5601187
1.7947936
1.6884984
1.3611094
1.0337203
2.0158875
2.2327297
1.6884984
2.2327297
1.5822034
1.7947936
1.9053404
2.1264346
1.5822034
0.92742515
1.1442673
0.92742515
1.0379721
1.0379721
1.7990454
1.6884984
1.9053404
1.3611094
1.6884984
1.6884984
1.6884984
2.2327297
1.0337203
2.5601187
0.82113004
1.6884984
2.4495716
2.4495716
1.9053404
1.3611094
1.5779516
1.7990454
1.3653612
0.60003614
2.2327297
1.0337203
1.4716563
2.5601187
0.92742515
1.7990454
1.6884984
2.0158875
1.4716563
1.6884984
2.1264346
1.2548143
0.82113004
1.0379721
1.2548143
1.3653612
1.2548143
1.2548143
1.3653612
1.0379721
1.7990454
1.2548143
1.7990454
0.92742515
1.6927503
1.2548143
1.2548143
1.5822034
1.0379721
1.0379721
0.7105831
2.2369814
1.0379721
1.1442673
1.0379721
1.2548143
1.3653612
0.82113004
1.4716563
1.3653612
1.0379721
2.1264346
1.3653612
1.2548143
1.3653612
0.9316769
1.2548143
1.2548143
2.1264346
1.2548143
0.7105831
0.92742515
1.3653612
1.3611094
0.38319403
2.1264346
1.4716563
1.4716563
2.6664138
2.2327297
2.883256
1.7947936
2.3390248
2.5601187
2.4495716
2.1221828
2.4495716
2.1221828
1.1442673
1.4716563
1.0379721
1.7990454
1.7990454
2.0158875
1.6884984
1.5779516
1.6884984
2.1221828
1.5779516
1.7947936
2.883256
2.2327297
1.6884984
1.2548143
2.1221828
2.2327297
2.3390248
1.3568575
2.993803
2.883256
1.7947936
2.4495716
1.7947936
2.1221828
2.1221828
2.4495716
2.2327297
2.7769608
2.555867
2.6664138
3.1000981
2.228478
2.6664138
2.662162
2.883256
2.0116355
2.555867
2.2327297
2.1221828
1.0337203
2.772709
2.883256
3.3169398
2.989551
2.44532
2.3390248
2.6664138
2.555867
2.3390248
2.228478
2.555867
2.0116355
2.555867
2.44532
3.4232354
3.4232354
2.989551
2.44532
3.1000981
1.6842467
3.2063932
1.9010887
2.662162
2.1221828
2.44532
2.0116355
3.210645
2.555867
1.7947936
2.0116355
2.1221828
1.4674045
2.772709
1.4674045
2.989551
1.9053404
2.0116355
2.6664138
2.228478
2.989551
2.44532
2.117931
2.989551
1.9010887
1.7905419
2.772709
2.3390248
2.7769608
2.555867
2.989551
2.6664138
1.7947936
2.6664138
1.4716563
1.3611094
2.0158875
0.92742515
1.6927503
0.38319403
1.6884984
1.1442673
1.3611094
1.6884984
2.993803
2.3390248
1.9053404
3.210645
3.1000981
1.3568575
2.879004
2.228478
2.772709
1.6884984
2.6664138
1.5779516
2.3432765
1.3611094
1.9053404
1.1442673
1.9053404
1.5779516
1.0337203
1.2505624
0.92742515
0.92742515
1.7990454
1.7990454
0.7105831
1.2548143
2.2327297
1.2548143
1.2548143
0.7105831
2.4538236
0.38319403
1.1442673
1.1442673
2.3390248
2.5601187
2.0116355
2.993803
1.6884984
1.6884984
2.0116355
2.883256
2.4495716
1.2505624
2.555867
2.1221828
2.883256
2.993803
1.9053404
1.9053404
2.3432765
1.9053404
2.0158875
1.6884984
1.4716563
1.5779516
1.9053404
2.2327297
1.1442673
2.1221828
2.4495716
1.6884984
2.2327297
1.4674045
3.5380342
1.9053404
2.6664138
2.6664138
2.0116355
2.993803
2.883256
2.0158875
2.4495716
2.1221828
2.1221828
2.0116355
2.883256
2.772709
3.210645
2.555867
2.993803
2.555867
3.1000981
3.2063932
2.555867
2.883256
2.662162
2.1221828
2.883256
1.9053404
2.4495716
2.4495716
1.6842467
2.772709
2.4495716
3.3169398
1.7947936
2.989551
3.1000981
2.883256
1.7947936
3.1000981
2.555867
2.883256
3.3169398
2.7769608
1.7947936
1.6884984
2.6664138
2.0116355
2.1221828
2.555867
2.4495716
2.4495716
1.1442673
2.1221828
2.0158875
2.6664138
1.0337203
2.4495716
1.7947936
2.993803
0.81687826
2.5601187
1.1442673
1.4716563
1.0337203
1.3653612
1.2548143
1.6884984
2.1221828
1.4716563
2.1221828
2.1221828
2.2327297
2.2327297
1.2548143
2.3390248
1.6884984
1.5779516
1.6884984
1.4716563
2.3390248
0.81687826
1.7990454
1.2548143
0.92742515
1.0379721
1.9095924
1.0379721
1.4716563
1.7990454
1.2548143
1.3653612
2.4538236
1.7990454
2.3390248
1.1442673
2.993803
1.1442673
2.0158875
1.4716563
1.3653612
2.1264346
1.4716563
2.1264346
1.0379721
1.2548143
1.6884984
1.7990454
2.5601187
1.2548143
2.0158875
1.7990454
1.4716563
0.81687826
2.0158875
2.2327297
0.7105831
1.5822034
2.3432765
1.7990454
1.2548143
2.1264346
0.27689886
1.4716563
1.2548143
2.1264346
2.2327297
1.5822034
1.3611094
1.5822034
1.2548143
1.3611094
2.5601187
2.1221828
2.228478
1.9053404
2.0116355
2.6664138
1.4716563
2.883256
2.2327297
2.6664138
1.4716563
2.0116355
2.1221828
2.772709
2.555867
2.3390248
1.3611094
1.4716563
1.6884984
1.4716563
1.3611094
2.3390248
2.3390248
2.7769608
2.883256
1.7947936
2.993803
1.9053404
2.3390248
1.5736997
2.989551
2.555867
2.989551
2.772709
2.555867
3.9674666
3.2063932
3.7506244
3.0958462
2.989551
4.0780134
3.8611712
2.44532
3.3169398
3.1000981
3.1000981
3.3169398
2.0116355
2.772709
2.3390248
2.555867
2.3390248
2.555867
2.555867
2.4495716
2.772709
3.1000981
4.2991076
4.1843085
3.3169398
4.511698
2.989551
3.4232354
2.989551
3.3169398
3.9674666
3.0958462
3.9674666
3.6400774
3.8569195
2.662162
4.511698
3.4232354
2.989551
2.879004
4.2948556
3.6400774
2.228478
3.4232354
3.9674666
2.5516152
4.0780134
2.44532
3.8611712
3.2063932
4.405402
3.2063932
3.4232354
3.6400774
3.4232354
3.6400774
3.6400774
3.6400774
4.0737615
4.4011507
4.4011507
4.2948556
4.0737615
3.9632149
3.9632149
3.6400774
4.1843085
3.0958462
3.8569195
3.5295303
4.0737615
3.8569195
3.8569195
3.6400774
3.5337825
3.8611712
4.1843085
3.7506244
3.8569195
4.2948556
4.0737615
4.511698
4.4011507
2.879004
4.72854
3.6400774
3.7463725
3.9674666
3.5295303
3.4189837
4.72854
4.4011507
2.7684572
4.180057
4.4011507
3.4189837
3.6400774
4.507446
4.4011507
4.507446
4.1843085
4.0737615
3.8569195
3.5295303
4.511698
2.989551
4.72854
2.7684572
4.1843085
3.2063932
3.6400774
3.6400774
4.2948556
3.5337825
4.0780134
3.6400774
3.9674666
3.6400774
4.4011507
4.507446
3.6400774
3.8569195
4.0737615
4.1843085
3.2021413
4.511698
3.8569195
3.2063932
3.8569195
3.5337825
3.8569195
3.6400774
3.7506244
2.44532
3.644329
3.0958462
3.7506244
4.72854
3.7506244
3.7506244
1.9010887
3.9717183
2.0116355
2.772709
3.1000981
2.883256
3.1000981
2.989551
2.44532
3.3169398
3.5337825
3.5337825
3.1000981
3.7506244
2.5516152
4.405402
3.644329
3.644329
3.8611712
3.644329
2.555867
2.555867
3.7506244
3.1000981
3.1000981
2.772709
2.1221828
1.9053404
2.4495716
2.5601187
1.4716563
2.6664138
1.6884984
3.210645
2.883256
2.6664138
3.210645
2.1221828
2.4495716
1.1442673
1.6884984
2.2327297
2.1221828
2.6664138
2.4495716
1.3611094
1.7990454
1.4716563
1.9053404
1.4716563
1.6884984
2.5601187
1.9053404
1.5779516
2.1264346
2.1264346
0.38319403
1.3653612
1.5822034
1.3653612
1.3653612
1.3653612
2.1264346
0.82113004
0.27689886
0.82113004
1.259066
0.82113004
0.27689886
2.0201392
0.3874458
1.0379721
0.49374095
0.49374095
1.0422239
1.0422239
0.27689886
1.0422239
-0.04623839
0.49799278
1.1527709
1.259066
-0.04623839
0.06430857
0.49799278
-0.04623839
-0.47992262
0.6085397
0.17060372
0.28115067
0.8253819
-0.47992262
-0.041986585
-0.041986585
-1.2409959
0.39169762
-0.6967647
-0.59046954
-0.6967647
-0.041986585
-0.58621776
-0.36937565
-1.2409959
0.5022446
-0.15253355
0.06430857
-0.9136068
-0.2630805
-0.59046954
-0.04623839
-0.47992262
-0.2630805
-0.47992262
0.06430857
-0.58621776
-0.15253355
-1.347291
-0.58621776
-1.891522
-0.8030599
-1.4535861
-1.236744
-2.2146595
-1.8872703
-2.5420485
-1.6704283
-1.3430393
-2.1041124
-1.6704283
-1.7767235
-2.2146595
-2.5377967
-1.5598813
-1.5598813
-2.6483436
-2.4315016
-1.2324922
-2.3209546
-2.9757328
-1.8872703
-2.3209546
-1.9935656
-2.3209546
-3.192575
-1.5598813
-2.6483436
-1.3430393
-2.8651857
-1.4493344
-3.0820277
-1.9935656
-3.2988698
-2.2104075
-3.0820277
-3.0820277
-2.2104075
-2.5377967
-1.9935656
-3.0820277
-2.4315016
-3.192575
-2.1041124
-2.1041124
-1.8872703
-1.9978173
-2.6483436
-1.5598813
-1.9978173
-1.5598813
-2.9757328
-1.6704283
-1.8872703
-1.6704283
-1.5598813
-2.7588906
-1.7767235
-3.0820277
-3.515712
-1.7767235
-1.3430393
-2.6483436
-3.192575
-2.8651857
-2.6483436
-2.5377967
-2.9757328
-1.5598813
-2.5377967
-2.5377967
-2.1041124
-1.9935656
-2.2146595
-2.1041124
-1.7767235
-2.754639
-1.9935656
-2.8651857
-2.1041124
-1.8872703
-3.192575
-1.6704283
-1.8872703
-1.3430393
-2.5377967
-1.5598813
-2.2146595
-2.3209546
-1.7767235
-2.2104075
-1.5598813
-2.1041124
-2.5377967
-2.3209546
-1.9935656
-3.7368062
-1.6661764
-1.8872703
-1.3430393
-2.3209546
-1.0156502
-2.2146595
-1.7809752
-2.9757328
-1.5598813
-2.4315016
-2.1041124
-1.8872703
-1.1261971
-1.3430393
-2.2146595
-1.3430393
-1.6704283
-2.7588906
-1.1261971
-1.5598813
-2.3252065
-1.3430393
-1.8872703
-1.6704283
-1.9978173
-1.4535861
-1.8872703
-2.1041124
-1.8872703
-1.7809752
-1.8872703
-2.1041124
-1.3430393
-1.6704283
-1.1261971
-1.4535861
-1.6704283
-0.90935504
-0.8030599
-1.4535861
-1.236744
-1.347291
-1.4535861
-0.58621776
-1.0199019
-0.4756708
-0.041986585
-0.8030599
-0.8030599
-1.0199019
-1.236744
-1.891522
-0.4756708
-2.1083643
-0.8030599
-1.6704283
-1.7809752
-0.36512384
-1.0199019
-0.6925129
-1.1304489
-1.5641332
-0.9136068
-0.58621776
-1.347291
-0.2630805
-0.80731165
0.39169762
0.39169762
-0.47992262
0.39169762
-0.36937565
-0.2630805
0.49799278
1.5864551
0.28115067
0.8253819
0.3874458
0.17060372
0.71483487
0.8253819
-0.15253355
-0.6967647
0.06005676
-0.6967647
-0.59046954
0.3874458
-1.1347008
0.06430857
0.17060372
-0.04623839
0.06430857
-0.2630805
0.17060372
-0.15678534
0.8253819
1.3653612
0.3874458
1.6927503
0.7105831
0.7105831
1.3653612
1.5822034
0.27689886
1.4716563
0.82113004
1.9095924
0.9316769
1.1485192
0.38319403
0.82113004
0.92742515
1.0379721
1.5822034
1.4716563
1.0379721
1.9095924
1.1485192
1.3653612
1.4759082
2.5643704
0.7105831
1.0379721
1.7990454
1.3653612
0.82113004
1.5822034
1.3653612
1.2548143
1.5822034
1.7990454
1.5779516
2.1221828
1.6884984
1.5779516
2.555867
2.1221828
2.44532
2.3390248
2.3390248
2.989551
2.6664138
3.1000981
2.1221828
2.1221828
1.6842467
2.1221828
2.555867
3.1000981
2.3390248
3.1000981
3.2063932
1.9010887
3.8611712
3.4232354
3.0958462
3.7506244
3.9674666
2.5516152
3.8611712
3.0958462
3.2063932
3.7506244
3.7506244
3.4232354
3.3169398
2.879004
3.2063932
3.8611712
2.555867
2.662162
4.0780134
2.228478
2.117931
3.1000981
2.989551
1.5736997
2.989551
4.1843085
2.662162
2.883256
2.989551
2.555867
2.989551
2.989551
2.3347728
3.7506244
3.0958462
3.0958462
4.1843085
3.0958462
3.0958462
3.6400774
3.0958462
2.879004
3.9674666
2.662162
2.662162
2.117931
2.772709
2.117931
2.555867
3.5337825
3.6400774
3.2063932
2.44532
1.9010887
2.989551
2.228478
2.883256
2.44532
2.879004
3.5337825
3.4232354
3.4232354
4.0780134
3.0958462
2.7684572
4.2948556
3.2063932
3.3169398
3.1000981
2.3347728
3.7506244
3.5295303
3.2063932
2.662162
2.879004
2.662162
3.1000981
2.662162
3.3169398
3.4232354
2.772709
2.0116355
2.0116355
2.3390248
2.6664138
2.0116355
2.44532
2.989551
2.0116355
2.6664138
2.883256
2.3390248
2.6664138
2.0116355
2.44532
2.228478
3.4232354
2.3347728
3.6400774
2.44532
1.9010887
2.989551
1.9010887
1.4674045
2.883256
2.228478
2.662162
2.883256
2.555867
1.7947936
2.3390248
1.7947936
1.2505624
1.7947936
2.555867
2.3390248
1.9053404
1.0337203
1.7947936
1.7947936
2.993803
2.1221828
2.1221828
2.555867
2.555867
1.6842467
2.228478
2.0116355
1.7947936
2.3390248
1.7947936
2.0116355
2.44532
2.879004
2.662162
2.772709
2.662162
2.3390248
2.0158875
2.1221828
1.9053404
2.4495716
1.4674045
0.81687826
1.5779516
2.0158875
2.1221828
1.3611094
1.5779516
1.3611094
0.81687826
2.993803
0.92742515
1.1442673
1.3611094
1.4716563
1.3611094
2.1221828
1.7990454
1.3611094
1.5779516
2.1221828
2.0158875
1.9053404
1.4716563
2.1221828
1.5779516
1.5822034
1.4674045
1.6884984
1.6884984
2.0116355
1.4674045
0.81687826
1.3611094
1.6884984
1.1442673
0.81687826
0.92742515
2.4495716
1.2505624
1.5779516
2.6664138
1.1442673
2.0116355
1.7947936
1.3611094
2.989551
1.9010887
1.7947936
2.44532
0.70633125
2.555867
1.2505624
1.7947936
2.228478
1.9010887
2.3347728
2.3347728
3.1000981
1.7947936
1.1400155
1.4674045
2.4495716
2.0116355
1.4674045
2.555867
1.4674045
2.228478
1.6842467
2.44532
2.883256
2.555867
2.228478
2.228478
3.2063932
3.2063932
3.0958462
3.8569195
3.4232354
4.0780134
2.662162
2.5516152
2.989551
3.9674666
3.9674666
3.2063932
2.228478
2.117931
3.4232354
3.1000981
3.2063932
2.989551
2.44532
1.9010887
2.989551
2.3347728
2.772709
2.772709
2.989551
2.9852993
3.8569195
3.2021413
3.5295303
4.2906036
3.2063932
3.312688
3.6400774
3.4232354
4.2906036
2.9852993
4.0737615
3.5295303
3.7463725
3.7463725
4.0737615
3.4232354
3.8569195
3.312688
4.4011507
3.7463725
4.1843085
3.2021413
2.879004
3.8569195
3.2063932
3.5295303
3.2063932
3.6400774
2.5516152
3.8569195
3.9674666
3.7506244
3.312688
3.4232354
3.312688
2.9852993
4.4011507
3.0915945
3.4189837
4.2906036
3.312688
3.5295303
3.312688
4.1843085
2.7684572
2.7684572
3.6400774
3.4232354
3.312688
4.511698
4.0737615
3.312688
4.0737615
4.1843085
3.7463725
2.65791
3.8569195
4.0737615
2.7684572
4.0737615
3.0958462
3.2021413
2.9852993
4.8348346
3.2021413
4.8348346
2.9852993
3.5295303
3.2021413
3.2021413
3.9632149
3.9632149
4.724288
3.4189837
4.617993
3.7463725
3.6400774
2.9852993
4.724288
3.7463725
4.8348346
3.5295303
2.9852993
3.312688
4.0737615
3.312688
4.8348346
4.2906036
4.4011507
3.9632149
4.8348346
5.0516768
4.8348346
4.180057
3.9632149
4.724288
4.507446
4.2906036
3.8526678
3.9632149
5.0516768
4.3968987
3.8569195
4.180057
3.5295303
4.4011507
4.507446
4.507446
4.507446
3.5295303
4.724288
5.4853616
3.9632149
3.7463725
5.4853616
4.724288
4.2906036
5.4853616
4.180057
4.2863517
5.1579723
3.9632149
4.94113
5.0474253
4.2863517
4.503194
4.507446
4.2863517
5.4853616
5.0516768
4.94113
5.3748145
4.8348346
3.6358256
4.94113
4.3968987
4.0737615
4.724288
3.8526678
3.8526678
4.94113
4.724288
4.617993
4.3968987
4.724288
5.0516768
4.724288
4.94113
3.8526678
4.724288
5.0516768
4.724288
4.507446
3.4189837
4.3968987
3.5252786
3.4189837
4.1843085
3.4189837
4.0737615
5.162224
3.6358256
4.0737615
4.4011507
3.7463725
3.312688
3.7463725
2.9852993
2.5516152
3.5295303
3.2063932
3.0958462
4.0737615
3.6400774
3.0958462
3.5295303
3.6400774
2.7684572
3.6400774
3.8569195
2.3347728
3.6400774
3.5295303
3.6400774
3.312688
3.5295303
3.7463725
3.312688
3.5295303
2.662162
4.0737615
3.312688
2.879004
3.312688
3.7506244
3.7506244
2.662162
3.7506244
2.5516152
3.312688
4.1843085
2.44532
3.0958462
4.1843085
2.879004
3.6400774
3.6400774
2.879004
4.511698
3.6400774
2.989551
4.4011507
3.5295303
3.8569195
2.9852993
2.8747523
3.9674666
3.312688
3.0958462
3.8569195
3.5295303
3.5295303
3.4232354
4.0780134
2.879004
1.4631528
3.4232354
2.228478
2.555867
2.989551
3.5337825
3.312688
2.8747523
3.0958462
3.8569195
2.7684572
3.4232354
3.312688
4.0737615
2.662162
3.2063932
4.0737615
3.0958462
3.8569195
3.7463725
2.224226
3.4232354
3.0958462
2.3347728
3.7506244
3.4232354
2.3347728
2.224226
3.0958462
2.989551
2.7684572
4.0737615
2.7684572
3.6400774
3.312688
2.4410682
3.8569195
3.6400774
2.662162
4.4011507
3.2021413
4.4011507
3.8526678
4.613741
4.2906036
4.2906036
3.4189837
3.312688
4.0737615
3.7463725
3.2021413
4.511698
2.9852993
2.224226
3.7506244
2.879004
2.879004
3.6400774
2.7684572
2.879004
3.6400774
2.662162
2.662162
3.9674666
2.662162
3.0958462
2.7684572
2.662162
3.312688
2.8747523
3.5295303
2.7684572
2.5516152
3.0958462
2.3347728
2.9852993
4.1843085
2.9852993
4.511698
3.7463725
3.312688
3.7463725
3.312688
3.9674666
3.8569195
2.3347728
3.4232354
3.0958462
2.879004
3.5337825
3.4232354
1.5736997
3.5337825
2.772709
2.117931
3.5295303
2.772709
3.2063932
3.6400774
2.7684572
2.879004
2.5516152
4.1843085
2.879004
3.312688
4.507446
3.5295303
4.0737615
3.4232354
3.7506244
3.8569195
2.44532
2.989551
3.0958462
3.5337825
3.4232354
2.989551
3.4232354
2.989551
2.989551
3.3169398
2.989551
3.2063932
2.555867
2.555867
3.5337825
3.3169398
2.662162
2.879004
2.3347728
3.4232354
2.7684572
2.662162
3.4232354
1.6799948
4.0780134
3.6400774
2.662162
2.772709
4.1843085
2.7684572
2.879004
3.312688
2.3347728
2.989551
2.879004
2.117931
2.44532
3.4232354
2.117931
3.2063932
3.0958462
3.7506244
2.879004
3.0958462
2.5516152
3.7506244
2.3347728
2.7684572
3.0958462
2.989551
1.7905419
2.772709
3.5337825
3.2063932
3.2063932
3.8569195
3.2063932
2.4410682
3.6400774
2.228478
2.555867
2.772709
1.7947936
3.5337825
3.0958462
2.228478
2.3390248
2.44532
2.6664138
2.0116355
2.4495716
1.3611094
1.6842467
1.7947936
2.0116355
2.993803
2.6664138
2.3390248
1.7947936
1.7947936
2.44532
3.4232354
2.662162
2.662162
2.117931
3.1000981
2.228478
3.1000981
2.0116355
1.3568575
3.2063932
1.0337203
1.2505624
2.883256
1.6884984
2.4495716
2.0116355
1.1442673
2.1221828
3.3169398
1.7947936
2.772709
2.0116355
1.1400155
3.3169398
2.3347728
3.210645
2.989551
2.3390248
2.555867
2.44532
2.117931
3.5337825
2.5516152
2.117931
2.772709
2.879004
2.772709
2.555867
2.662162
2.883256
2.0116355
2.555867
1.4674045
2.3390248
2.44532
1.9010887
3.3169398
1.6842467
2.772709
3.3169398
1.9010887
2.44532
2.3390248
3.7506244
1.9010887
3.2063932
2.879004
2.3347728
3.5337825
2.44532
2.772709
2.879004
2.3347728
3.5337825
3.4232354
2.662162
1.6842467
2.662162
2.44532
2.44532
2.989551
3.3169398
2.3347728
2.117931
3.2063932
2.44532
2.662162
2.228478
2.989551
2.44532
3.4232354
2.879004
3.8569195
2.662162
2.44532
1.7905419
2.879004
3.2063932
3.9674666
2.879004
3.312688
3.6400774
2.5516152
3.8569195
4.0737615
2.989551
3.6400774
2.662162
3.0958462
2.7684572
2.879004
3.2063932
2.7684572
4.72854
2.44532
3.8569195
3.0958462
4.0780134
3.9674666
3.7463725
3.2063932
3.8569195
3.5337825
2.555867
4.0737615
2.9852993
4.1843085
3.5295303
3.8569195
3.0958462
3.5295303
3.0958462
4.0737615
3.4232354
3.2021413
3.6400774
3.312688
1.7905419
4.2948556
3.7506244
2.662162
2.5516152
3.6400774
2.662162
2.879004
2.0073838
3.5337825
3.312688
3.2063932
3.8569195
3.0958462
3.0958462
3.312688
3.312688
2.879004
3.312688
3.2063932
2.989551
2.662162
3.4232354
2.7684572
3.8569195
3.7506244
1.9010887
2.3390248
2.117931
2.3390248
3.3169398
2.117931
2.555867
2.772709
2.228478
2.989551
3.5337825
3.312688
1.9010887
3.9674666
2.879004
3.0958462
2.5516152
2.3347728
2.5516152
2.879004
2.879004
3.7506244
2.7684572
3.0958462
2.989551
3.4232354
2.879004
2.555867
3.7506244
3.1000981
1.9010887
2.555867
2.662162
2.117931
4.1843085
1.7905419
2.5516152
3.4232354
1.9010887
4.2948556
2.7684572
3.2063932
3.4232354
2.117931
2.772709
2.662162
3.0958462
3.4232354
2.662162
3.312688
2.879004
2.7684572
2.879004
2.662162
3.6400774
2.879004
2.5516152
2.662162
3.5337825
2.5516152
3.7506244
2.5516152
2.5516152
3.4232354
2.44532
2.0073838
2.989551
1.9010887
3.4232354
1.7905419
2.989551
2.228478
2.228478
2.772709
2.662162
3.3169398
1.9010887
3.5337825
1.7905419
2.0073838
3.2063932
2.989551
1.9010887
2.5516152
2.44532
3.4232354
2.3347728
1.2505624
2.6664138
1.5779516
1.5779516
2.772709
1.7905419
2.662162
1.5736997
2.879004
2.772709
1.9010887
2.989551
3.1000981
2.5516152
1.7905419
3.2063932
2.117931
2.879004
2.3347728
3.5337825
1.6799948
2.662162
3.5337825
2.3347728
1.7905419
2.879004
2.228478
2.0116355
2.879004
1.1400155
2.3390248
2.662162
2.662162
3.1000981
2.117931
2.228478
1.7905419
2.117931
2.662162
2.662162
3.0958462
1.7905419
3.6400774
2.3347728
3.4232354
2.7684572
2.772709
3.312688
3.2063932
2.228478
2.662162
2.3347728
2.228478
3.1000981
2.989551
2.0116355
2.44532
2.772709
2.0116355
1.5736997
2.228478
2.3390248
2.4495716
2.3390248
1.7947936
1.9010887
2.879004
1.4674045
2.228478
3.3169398
1.6842467
2.0073838
3.2063932
2.0116355
2.879004
3.4232354
2.44532
2.879004
2.772709
2.117931
2.879004
3.0958462
2.228478
2.989551
0.70633125
2.1221828
2.44532
1.4674045
2.883256
1.6842467
1.1400155
2.989551
1.6842467
1.5779516
2.879004
1.2505624
2.228478
2.44532
3.4232354
2.117931
2.879004
1.3568575
2.228478
2.44532
2.555867
2.772709
1.6842467
2.228478
1.9010887
2.772709
1.6842467
2.772709
1.9010887
1.9053404
2.883256
0.9231734
1.6884984
2.555867
1.3611094
2.2327297
1.0337203
1.9053404
2.1221828
1.2505624
2.555867
2.0116355
2.0116355
1.5779516
1.6842467
2.117931
1.2505624
2.3390248
2.3347728
2.989551
3.5337825
2.228478
2.772709
1.4674045
2.772709
1.2505624
2.555867
2.1221828
1.6884984
2.2327297
0.27264705
1.2505624
1.4674045
1.1442673
1.3611094
1.9053404
1.6884984
2.1221828
1.7947936
0.9231734
2.6664138
1.7947936
1.5779516
2.6664138
2.555867
2.228478
2.883256
1.4674045
1.1400155
3.5337825
1.2505624
2.0116355
1.6842467
2.1221828
1.3611094
1.7947936
2.555867
0.9231734
1.6884984
1.1442673
1.6884984
2.3390248
1.6884984
2.4495716
1.4674045
0.38319403
2.3390248
1.0337203
1.4716563
1.3611094
2.2327297
1.3611094
0.70633125
2.3390248
1.2505624
1.2505624
1.9053404
1.3611094
1.6842467
2.6664138
1.2505624
2.1221828
1.9053404
1.2505624
1.9053404
1.6884984
1.1442673
1.9053404
1.9053404
1.1442673
1.4716563
0.92742515
0.4894892
0.81687826
1.3611094
1.2505624
1.6884984
1.4716563
1.2505624
1.0337203
1.3611094
1.5779516
1.2505624
2.0116355
1.6842467
1.7947936
2.228478
1.1400155
1.3611094
2.44532
1.3611094
1.9053404
2.3390248
1.5779516
2.1221828
1.5779516
1.5779516
1.6884984
0.38319403
1.0379721
0.60003614
1.6884984
1.3611094
2.4495716
1.4674045
1.0337203
2.0116355
1.5779516
2.1221828
1.3611094
2.228478
1.5779516
1.5779516
1.9053404
1.9053404
1.6842467
0.9231734
2.989551
2.0116355
2.883256
2.228478
1.1442673
1.3611094
1.3611094
0.60003614
1.6884984
0.81687826
2.0158875
2.1221828
1.1400155
2.228478
0.70633125
2.3390248
1.6842467
1.6884984
1.4674045
1.1442673
2.6664138
2.662162
1.1400155
2.6664138
2.772709
1.9010887
2.6664138
2.772709
2.228478
2.772709
1.6842467
1.7947936
2.117931
2.1221828
2.44532
2.662162
3.7506244
2.772709
2.44532
2.117931
2.228478
2.0116355
2.0116355
2.228478
2.44532
3.2063932
2.3347728
2.662162
3.2063932
2.0073838
3.6400774
2.3347728
3.5295303
4.1843085
3.4232354
3.7463725
3.8569195
3.312688
3.5295303
3.312688
3.7506244
3.2021413
4.9453816
3.312688
3.312688
3.312688
3.8569195
3.6400774
3.312688
4.0737615
4.72854
4.0737615
3.9674666
2.9852993
3.4189837
3.2021413
3.4189837
2.7684572
4.4011507
3.6400774
3.4232354
3.4189837
3.9632149
4.2906036
4.617993
3.5295303
3.5295303
3.9632149
3.5295303
3.9632149
3.7463725
2.5516152
3.6400774
2.989551
3.2063932
3.8569195
3.312688
4.511698
3.0958462
2.65791
3.5295303
2.224226
3.6400774
3.4232354
3.312688
3.6358256
3.9632149
3.5295303
3.9632149
4.2906036
2.8747523
4.507446
4.507446
4.2906036
2.9852993
4.0737615
2.9852993
4.2906036
3.7463725
2.9852993
3.9632149
3.2021413
3.4189837
3.2021413
4.724288
3.8569195
3.9632149
2.65791
4.2906036
2.9852993
3.9632149
3.8526678
4.617993
3.7463725
4.06951
3.0915945
4.613741
3.5252786
3.8526678
4.507446
4.724288
3.7463725
3.9632149
3.9632149
4.3968987
4.2906036
5.268519
3.0915945
4.180057
5.0516768
4.180057
3.9632149
3.5252786
3.6358256
4.3968987
3.8526678
4.180057
4.2906036
4.94113
4.06951
4.94113
4.613741
5.1579723
4.503194
4.720036
5.1579723
5.0474253
4.613741
5.4853616
4.3968987
4.503194
5.0474253
4.507446
4.503194
5.0474253
5.8084984
4.936878
4.503194
5.3748145
4.6094894
5.3748145
5.0474253
4.503194
5.591656
4.720036
5.481109
4.826331
5.481109
5.1537204
4.3926473
5.264267
5.804247
6.6758666
5.6979513
6.4590244
4.826331
4.715784
6.348478
6.0210886
5.804247
6.348478
6.0210886
6.4590244
6.1316357
5.914794
4.826331
5.5874047
6.0253406
6.348478
5.914794
7.220098
5.804247
6.0210886
7.3263927
6.9990044
6.671615
6.1273837
7.3263927
6.1273837
6.237931
6.348478
6.0210886
6.7821617
6.9990044
6.348478
6.9990044
7.4326887
7.870624
6.9990044
6.348478
7.543235
6.3442264
7.543235
7.2158465
6.561068
7.760078
7.4326887
6.9990044
7.3221416
7.9769197
7.649531
6.8884573
7.3263927
6.9990044
6.9990044
6.454773
7.653782
6.8884573
6.9990044
7.3263927
7.4326887
7.4326887
6.7821617
7.2158465
6.56532
7.3263927
6.454773
7.109551
6.237931
8.087466
7.870624
6.671615
7.9769197
6.671615
6.9990044
7.9769197
7.649531
6.454773
7.870624
6.8884573
6.671615
8.198013
6.9990044
6.8884573
7.4326887
7.870624
6.671615
6.016837
7.543235
6.1273837
6.9990044
6.7821617
7.760078
6.56532
6.9990044
6.9990044
7.543235
8.083215
7.649531
8.414855
6.8884573
7.3263927
7.543235
6.561068
6.8884573
8.737993
7.2158465
7.760078
7.649531
7.649531
7.4326887
7.8663726
8.083215
7.2158465
7.649531
6.9990044
7.1052995
7.649531
7.1052995
7.649531
7.4326887
6.9990044
7.4326887
7.649531
7.760078
7.760078
6.671615
7.870624
7.2158465
6.237931
7.9769197
6.8884573
6.7821617
7.543235
7.9769197
6.9990044
8.193762
7.4326887
7.543235
7.9769197
6.8884573
6.9947524
7.7558255
8.193762
7.538984
7.9769197
7.649531
7.760078
7.760078
6.9990044
6.9990044
6.454773
7.3263927
7.1052995
6.9990044
7.543235
6.671615
6.9990044
8.410604
7.543235
7.2158465
7.9769197
6.3442264
6.9990044
7.649531
6.8884573
8.737993
7.8663726
7.649531
8.304308
7.649531
7.870624
6.9990044
6.7821617
7.220098
6.454773
7.981171
7.3263927
6.454773
7.109551
6.454773
6.4590244
6.56532
6.4590244
7.109551
6.7821617
6.1316357
7.003256
6.1316357
6.2421827
6.237931
6.0210886
6.4590244
6.56532
6.1316357
7.5474873
6.6758666
5.6979513
5.6979513
5.264267
5.3748145
5.264267
5.591656
5.3748145
4.503194
4.830583
5.0474253
4.3968987
5.595908
5.264267
4.94113
5.0474253
5.9232974
4.3968987
4.507446
5.0516768
4.94113
4.830583
5.0474253
4.613741
5.1579723
4.720036
4.830583
5.1579723
4.3968987
4.724288
5.268519
4.724288
4.724288
5.1579723
5.0516768
3.5295303
4.507446
3.0958462
4.9453816
2.65791
3.8569195
4.2906036
3.9632149
4.1843085
3.2063932
4.617993
3.5295303
4.4011507
3.2021413
3.8569195
3.2021413
4.8348346
3.8569195
4.2906036
3.312688
4.72854
3.2021413
4.4011507
4.8348346
3.4189837
4.2948556
4.4011507
3.7506244
3.2063932
3.5337825
3.312688
3.6400774
3.5337825
2.879004
2.989551
3.644329
2.228478
2.117931
3.3169398
2.772709
3.3169398
3.4232354
1.9010887
3.2063932
2.772709
3.5337825
3.2063932
2.879004
3.8611712
2.772709
2.0116355
2.772709
1.3568575
3.1000981
2.883256
3.3169398
2.555867
1.4674045
2.883256
2.0116355
1.7947936
2.993803
2.5601187
2.3390248
2.1221828
2.4495716
1.9053404
2.0116355
2.4495716
2.1221828
1.3611094
1.6842467
2.555867
2.228478
3.1000981
2.3390248
2.772709
2.0116355
2.3390248
2.883256
1.3611094
2.7769608
1.7947936
3.1000981
2.4495716
1.7947936
1.9053404
2.2327297
1.6884984
1.6884984
2.4495716
1.5779516
0.81687826
2.4495716
1.3611094
2.2327297
1.9053404
2.555867
2.7769608
2.772709
2.0116355
2.3390248
2.1221828
1.9053404
2.1221828
1.9053404
2.1221828
3.2063932
1.4674045
3.3169398
2.555867
1.6842467
3.1000981
2.6664138
2.3390248
2.3390248
2.1221828
2.1221828
1.4674045
2.6664138
1.7947936
2.3390248
2.555867
2.228478
3.1000981
2.0116355
3.210645
3.3169398
2.993803
3.5337825
2.44532
3.6400774
2.44532
3.4232354
3.7506244
3.2063932
2.3347728
3.3169398
2.555867
2.0116355
2.44532
2.555867
3.3169398
3.8611712
3.5337825
3.3169398
2.44532
2.883256
3.5337825
2.662162
3.5337825
2.3347728
3.8611712
3.6400774
3.7506244
3.6400774
3.0958462
4.511698
2.879004
4.0737615
2.7684572
3.7506244
4.0737615
3.2063932
3.6400774
3.2063932
2.7684572
4.72854
4.0737615
3.9674666
3.9674666
3.8569195
3.312688
3.312688
4.9453816
4.1843085
3.8569195
2.879004
3.2063932
4.0780134
2.9852993
3.8569195
2.9852993
3.6400774
4.0737615
4.0737615
3.7463725
3.5295303
4.507446
3.2021413
4.72854
3.4189837
3.6400774
4.1843085
3.4232354
3.0958462
3.6400774
3.5295303
3.9632149
3.7463725
3.312688
2.9852993
4.0737615
4.1843085
3.8569195
3.0958462
3.5295303
4.72854
3.6400774
4.2906036
2.8747523
4.9453816
4.0737615
5.0516768
3.9632149
5.0516768
4.8348346
4.724288
4.2906036
5.162224
3.5295303
4.94113
4.2906036
5.0516768
3.8569195
4.507446
4.0737615
4.724288
5.268519
4.613741
3.7463725
5.0516768
4.2906036
4.94113
4.180057
5.4853616
4.06951
4.2863517
4.3968987
5.1579723
5.268519
4.94113
3.8526678
4.3968987
5.0516768
4.06951
4.94113
4.3968987
4.94113
4.180057
4.8348346
5.595908
4.06951
4.94113
4.720036
5.0516768
4.94113
4.94113
4.3968987
5.8127503
3.6358256
4.94113
5.4853616
4.06951
5.7022033
3.7421207
5.268519
3.9632149
4.180057
3.8526678
4.617993
4.8348346
3.9632149
4.180057
4.2906036
4.613741
4.724288
4.724288
4.724288
3.9632149
4.613741
4.613741
4.613741
5.7022033
5.268519
4.724288
4.830583
4.613741
4.94113
5.3748145
5.595908
4.3968987
4.830583
5.0474253
4.830583
4.830583
4.503194
5.1579723
5.3748145
4.94113
5.1579723
4.2863517
3.8526678
5.595908
4.830583
3.8526678
5.1579723
4.180057
4.180057
4.94113
4.3968987
4.613741
4.613741
4.830583
5.1579723
5.0474253
4.3968987
5.0474253
5.268519
4.3968987
4.3968987
3.6358256
5.7022033
3.6358256
3.7463725
5.268519
4.06951
3.8526678
5.0516768
4.4011507
3.7463725
4.2906036
4.507446
4.507446
3.6400774
3.8569195
3.5295303
4.2906036
4.507446
4.180057
4.507446
4.2906036
4.507446
3.8526678
4.617993
4.8348346
4.180057
5.0516768
4.180057
4.2906036
4.4011507
3.4189837
4.180057
3.2021413
3.8569195
4.8348346
3.0958462
4.0737615
4.0737615
3.9674666
2.9852993
3.9674666
4.0737615
3.9632149
4.4011507
3.2021413
3.8569195
4.507446
4.4011507
4.8348346
4.0737615
4.4011507
4.2906036
2.9852993
5.162224
3.5295303
3.2021413
4.0737615
3.5295303
3.8569195
3.5295303
2.8747523
2.8747523
2.5516152
4.4011507
3.2063932
3.9674666
3.8569195
3.5295303
3.5295303
3.5295303
3.8569195
3.8569195
3.2021413
4.507446
3.4189837
3.9674666
3.4189837
2.9852993
4.617993
3.5295303
2.9852993
3.9632149
3.8569195
3.5295303
3.2021413
4.617993
3.7463725
3.8569195
3.8569195
2.879004
3.4232354
2.879004
2.5516152
3.6400774
2.9852993
2.9852993
2.8747523
3.7463725
3.0958462
4.1843085
3.5295303
3.7463725
3.312688
2.9852993
3.0958462
3.6358256
3.5295303
3.2021413
3.7463725
3.7463725
3.5252786
3.8526678
4.2906036
3.2021413
4.0737615
3.5295303
4.0737615
2.9852993
1.896837
3.4232354
2.879004
2.7684572
2.7684572
3.8569195
3.5295303
3.5295303
2.8747523
2.879004
3.5295303
3.9632149
4.2906036
3.8526678
3.6358256
4.724288
3.5252786
5.1579723
3.8526678
4.507446
4.06951
3.6358256
3.8526678
3.7463725
4.3968987
3.4189837
4.3968987
3.9632149
4.2906036
3.4189837
2.8747523
3.6358256
3.3084364
4.507446
3.4189837
3.2021413
3.6358256
3.9632149
4.180057
4.830583
5.0516768
3.8526678
4.503194
3.5252786
4.3968987
4.3968987
4.503194
3.414732
4.94113
3.9632149
4.180057
4.06951
4.3968987
4.180057
3.414732
4.180057
4.06951
3.8526678
4.2863517
3.7421207
4.180057
4.830583
4.3968987
4.830583
4.2863517
5.3748145
4.613741
3.7421207
4.613741
4.3968987
4.2863517
4.2863517
4.2863517
4.3926473
5.4853616
4.613741
4.06951
4.2863517
5.0474253
5.3748145
4.503194
3.9589627
4.830583
4.2863517
4.830583
3.7421207
4.2863517
5.3748145
4.830583
4.3968987
5.0474253
5.1579723
4.936878
4.3926473
5.4853616
4.936878
4.6094894
5.591656
4.503194
5.481109
4.6094894
4.503194
4.613741
4.503194
5.591656
4.936878
5.1579723
5.591656
4.2863517
4.180057
4.613741
4.94113
4.724288
4.06951
4.94113
4.06951
4.507446
4.724288
4.1758046
4.1758046
5.0516768
4.503194
4.720036
5.1579723
5.264267
4.2863517
4.2863517
4.94113
4.720036
4.830583
5.1579723
5.0474253
4.830583
4.1758046
4.613741
5.1579723
4.503194
4.503194
4.830583
3.9589627
4.3968987
4.613741
3.8526678
4.180057
4.065258
5.4853616
5.264267
4.1758046
4.724288
4.936878
4.503194
5.3748145
5.0474253
4.720036
4.613741
4.1758046
5.1579723
5.0474253
4.613741
5.264267
4.065258
4.613741
4.720036
3.7421207
4.503194
4.94113
4.830583
4.06951
4.180057
3.7421207
4.830583
4.830583
4.724288
3.8526678
3.8526678
3.9632149
4.3968987
3.7421207
5.268519
4.2863517
4.2863517
4.3968987
4.503194
4.613741
4.613741
3.9589627
3.8526678
3.631574
3.6358256
3.9632149
3.5252786
3.3084364
4.3968987
3.5252786
4.617993
4.2863517
3.3084364
5.0516768
3.7463725
3.3084364
4.2906036
2.7684572
3.6358256
3.0915945
4.2906036
4.2863517
3.5252786
4.180057
3.9589627
3.8526678
4.613741
3.7421207
4.724288
4.3968987
3.6400774
2.65791
3.0915945
3.6400774
2.8747523
3.2021413
3.7463725
2.7684572
3.5295303
3.3084364
3.0958462
2.8747523
3.5295303
4.2906036
2.4410682
3.6358256
3.3084364
3.9632149
3.8526678
3.9632149
2.65791
4.180057
3.6358256
3.3084364
2.65791
3.7463725
3.5295303
4.8348346
3.4189837
4.3968987
4.507446
2.9810476
3.2021413
4.180057
3.4189837
3.6358256
3.5295303
3.6358256
3.9632149
3.6358256
3.8526678
3.4189837
3.8526678
3.0915945
4.724288
4.06951
3.9632149
3.7421207
3.7463725
3.3084364
3.3084364
3.8526678
3.8569195
4.06951
3.0915945
5.0516768
4.06951
3.9632149
2.9810476
3.9632149
3.6358256
4.2906036
4.3968987
4.613741
4.613741
4.503194
4.613741
3.5252786
3.8526678
4.830583
4.830583
4.503194
3.5252786
5.591656
3.8526678
4.3968987
4.06951
4.06951
4.503194
3.7421207
4.3968987
4.06951
3.5252786
3.5252786
3.6358256
3.8526678
3.9632149
5.0516768
4.2906036
3.5252786
4.180057
4.613741
4.94113
4.2863517
4.830583
4.613741
4.2863517
4.3968987
3.8526678
5.1579723
3.6358256
3.7421207
3.7421207
4.613741
5.1579723
3.7421207
4.617993
3.2021413
3.8569195
3.8526678
3.4189837
4.180057
4.0737615
4.3968987
3.3084364
3.7463725
4.06951
3.6358256
4.180057
3.3084364
4.3968987
4.507446
4.180057
3.6358256
4.180057
2.7642052
4.180057
4.3968987
4.8348346
3.3084364
3.7463725
4.06951
4.94113
4.180057
4.0737615
3.4189837
4.507446
4.180057
4.2863517
4.8348346
4.2906036
3.5252786
4.830583
5.0516768
4.830583
3.9589627
4.830583
5.1579723
5.0474253
4.936878
4.503194
4.613741
4.613741
5.1579723
4.613741
3.9589627
4.3926473
5.3748145
4.503194
5.1579723
5.0474253
5.264267
5.3748145
4.503194
5.1579723
4.720036
4.503194
5.481109
4.613741
5.0474253
4.720036
4.613741
5.4853616
4.3968987
4.613741
4.830583
5.591656
4.2863517
5.1579723
4.503194
4.3926473
5.7022033
5.0474253
5.264267
5.3748145
4.613741
4.94113
4.830583
4.3968987
5.0516768
4.1758046
4.06951
4.720036
4.503194
5.7022033
4.720036
4.2863517
4.94113
3.8526678
4.8348346
5.1579723
5.1579723
4.830583
4.6094894
5.9190454
4.503194
5.0474253
6.0253406
5.0431733
4.720036
5.1537204
5.264267
4.1758046
4.1758046
4.94113
4.3926473
5.1579723
3.631574
4.720036
4.507446
4.2863517
5.4853616
5.264267
4.613741
4.503194
4.503194
4.830583
5.3748145
5.264267
5.3748145
5.8084984
5.264267
5.4853616
5.8084984
5.591656
5.1579723
5.0474253
3.9589627
4.830583
4.503194
5.1579723
4.503194
4.830583
4.94113
3.9589627
3.9589627
5.268519
4.94113
4.3968987
4.2863517
5.0516768
5.7022033
4.3968987
4.613741
5.8084984
3.9589627
5.3748145
4.613741
5.0474253
5.268519
4.720036
4.830583
4.94113
4.830583
4.94113
4.2863517
4.3968987
4.94113
4.720036
4.830583
4.3968987
4.507446
5.1579723
3.7421207
4.724288
5.1579723
4.94113
5.7022033
4.830583
5.4853616
4.06951
4.830583
5.0516768
5.1579723
4.613741
5.268519
4.830583
4.94113
4.3926473
5.7022033
4.503194
4.06951
4.94113
4.507446
4.94113
4.2863517
4.0737615
4.507446
3.3084364
4.06951
4.180057
3.8526678
4.724288
4.94113
4.613741
4.507446
5.0474253
4.830583
4.613741
4.94113
4.3926473
4.724288
4.830583
5.4853616
4.613741
3.8526678
3.5252786
4.503194
4.830583
4.0737615
4.3968987
4.507446
4.0737615
4.0737615
4.1843085
3.0915945
4.0737615
3.4189837
2.9852993
4.617993
2.879004
4.1843085
2.65791
4.4011507
4.8348346
4.0737615
4.1843085
3.9632149
3.2021413
4.8348346
4.724288
3.7463725
4.1843085
3.8569195
3.5295303
4.511698
4.1843085
2.5516152
3.5337825
3.0958462
2.662162
3.9674666
2.662162
2.989551
4.1843085
3.4232354
3.7506244
3.9674666
3.1000981
4.1843085
3.0958462
4.4011507
3.4189837
2.5516152
4.617993
3.0958462
3.6400774
2.9852993
2.879004
3.8569195
4.0737615
3.5337825
3.5295303
2.7684572
3.4232354
3.8569195
3.6400774
3.6400774
3.9674666
2.662162
2.883256
3.2063932
3.5337825
2.772709
3.3169398
2.772709
2.228478
2.555867
2.772709
2.228478
2.989551
3.6400774
3.7506244
4.511698
3.2063932
3.3169398
3.2063932
1.7905419
2.117931
1.9010887
2.555867
2.44532
2.44532
1.4674045
2.555867
2.228478
1.9010887
2.44532
1.6842467
2.883256
2.7769608
2.6664138
1.4674045
1.3611094
1.6842467
1.2505624
2.6664138
3.3169398
2.555867
2.772709
2.772709
1.7947936
2.555867
2.555867
3.1000981
3.3169398
1.2505624
3.1000981
2.555867
2.1221828
1.7947936
2.6664138
1.6884984
1.5779516
2.228478
2.555867
3.2063932
2.44532
2.883256
2.228478
1.9010887
2.117931
3.3169398
1.6842467
2.0116355
2.228478
1.2505624
1.4674045
2.883256
2.228478
2.2327297
2.6664138
1.0337203
2.2327297
2.6664138
1.7947936
2.0116355
1.7947936
2.4495716
2.6664138
1.5779516
1.9053404
1.4674045
1.6884984
1.7947936
1.3611094
2.6664138
2.6664138
0.81687826
2.4495716
1.0337203
1.0337203
2.883256
1.6884984
1.2505624
1.0337203
0.92742515
1.7990454
1.5779516
1.1485192
1.1442673
1.4716563
0.92742515
0.16635191
0.38319403
0.81687826
1.2548143
1.6884984
0.92742515
1.0379721
1.9053404
0.7105831
2.1264346
1.2548143
1.3611094
1.9053404
0.92742515
1.3611094
1.0337203
1.9053404
0.81687826
1.2548143
1.1485192
1.2548143
1.1442673
1.4716563
0.81687826
1.5779516
1.4716563
1.0379721
1.2548143
0.7105831
0.92742515
0.16635191
2.1264346
1.7990454
0.7105831
2.0158875
0.81687826
1.0379721
2.883256
1.2548143
1.4716563
1.4716563
0.16635191
0.92742515
1.2548143
1.3653612
1.2548143
2.0158875
1.2548143
0.92742515
0.38319403
0.7105831
0.7105831
0.49374095
1.4716563
1.3653612
-0.37787926
0.7105831
0.16635191
0.38319403
0.38319403
0.16635191
0.7105831
0.38319403
0.81687826
1.2548143
0.49374095
0.38319403
0.38319403
0.055804953
0.7105831
-0.16103715
1.6927503
0.16635191
0.16635191
0.06005676
0.6042879
0.06005676
0.17060372
0.3874458
-0.2673323
0.6042879
0.06005676
0.6042879
-0.37787926
0.7105831
0.60003614
1.4716563
0.49374095
0.6042879
0.7105831
0.6042879
1.3653612
-0.050490197
1.0379721
0.27689886
0.27689886
-0.050490197
0.82113004
0.38319403
0.6042879
0.06005676
0.9316769
-0.15678534
0.82113004
0.27689886
0.3874458
0.6042879
1.1485192
0.6042879
0.9316769
0.6042879
0.82113004
0.7105831
0.49374095
1.3653612
-0.4841744
0.27689886
1.1442673
0.38319403
1.2548143
0.27264705
1.0379721
0.27689886
-0.050490197
0.6042879
0.49799278
-0.37362745
-0.7010165
0.3874458
-0.4841744
1.0379721
-0.5947214
1.1485192
0.16635191
0.49374095
1.2548143
0.49374095
0.49374095
0.7105831
0.16635191
1.0379721
0.7105831
1.5822034
0.7105831
1.2548143
0.82113004
1.5822034
-0.054742
1.2548143
0.49374095
0.60003614
0.16635191
0.16635191
0.7105831
0.7105831
0.92742515
0.7105831
0.7105831
0.16635191
-0.050490197
0.38319403
-0.050490197
1.1442673
1.0379721
1.4716563
0.27264705
1.4716563
1.3611094
2.6664138
1.3568575
1.2505624
1.0337203
1.7947936
1.6884984
1.5779516
1.7947936
0.38319403
1.5779516
0.7105831
0.16635191
1.3611094
1.3611094
1.1442673
2.2327297
1.3611094
1.1442673
1.1442673
0.81687826
1.5779516
0.60003614
1.2548143
1.1442673
1.2548143
2.0116355
2.228478
1.2505624
2.117931
1.9010887
2.1221828
1.6842467
1.7947936
2.3390248
2.1221828
1.6884984
1.1400155
2.0158875
1.5779516
1.7947936
2.0116355
1.9053404
1.4674045
0.4894892
1.3568575
2.228478
1.9010887
1.3568575
2.772709
2.117931
2.228478
3.9674666
3.0958462
2.662162
3.8569195
2.555867
2.117931
1.9010887
2.0116355
1.9010887
1.6842467
2.44532
2.224226
2.44532
2.989551
2.44532
3.1000981
2.117931
2.555867
2.44532
2.117931
3.7506244
3.6400774
2.224226
3.4232354
3.312688
2.4410682
2.8747523
3.7463725
3.2021413
2.4410682
3.0958462
2.9852993
3.0958462
3.6400774
3.2063932
3.312688
1.7905419
2.989551
2.44532
2.117931
3.2063932
2.0073838
2.117931
2.5516152
2.3347728
3.8569195
2.879004
3.8569195
2.224226
3.0958462
3.312688
3.6400774
2.65791
3.2021413
3.312688
2.65791
3.0915945
3.4189837
3.7463725
3.5295303
2.8747523
3.8569195
3.6400774
2.330521
2.7684572
2.5516152
2.3347728
2.989551
2.44532
2.989551
3.2063932
2.879004
3.4232354
2.4410682
2.662162
3.4232354
1.7905419
3.6400774
2.7684572
2.1136792
3.0958462
3.0958462
2.9852993
3.8569195
3.0958462
3.2021413
3.2021413
3.8569195
3.312688
2.3347728
3.0958462
2.117931
3.2063932
2.3347728
2.4410682
3.8569195
2.3347728
3.0958462
2.117931
2.117931
2.989551
2.879004
2.117931
3.7506244
2.879004
2.8747523
2.65791
3.4232354
3.8569195
2.9852993
3.5295303
2.5516152
2.7684572
2.5516152
2.772709
2.3347728
3.0958462
2.5516152
3.2063932
3.5295303
2.224226
2.879004
2.7684572
2.117931
2.879004
2.5516152
2.9852993
3.0958462
2.989551
3.312688
2.7684572
3.4189837
3.7463725
2.7684572
3.9632149
2.65791
3.2021413
2.65791
2.879004
3.8569195
2.5516152
3.0958462
2.65791
3.6400774
2.7684572
2.7684572
2.3347728
3.0958462
2.3347728
3.2063932
2.4410682
2.9852993
2.4410682
2.65791
3.312688
3.0958462
3.5295303
3.9632149
3.2021413
3.7463725
2.5473633
3.312688
2.5516152
3.312688
2.9852993
2.9852993
2.65791
3.7506244
3.312688
3.312688
2.4410682
3.2063932
3.4189837
2.9852993
3.5295303
2.4410682
2.3347728
2.5516152
2.224226
2.224226
3.4232354
2.44532
3.8569195
3.312688
2.5516152
2.662162
2.7684572
2.5516152
2.7684572
2.879004
2.7684572
2.7684572
2.662162
2.879004
2.0073838
2.989551
3.2063932
2.879004
3.7506244
2.3347728
2.224226
3.4232354
2.662162
3.8569195
2.8747523
4.0737615
3.4189837
2.9852993
4.507446
3.4189837
3.9632149
4.724288
3.9632149
3.5252786
3.8526678
4.94113
3.8526678
2.65791
4.507446
4.180057
3.4189837
4.3968987
4.2906036
3.6358256
3.4189837
2.9852993
3.4189837
4.2906036
4.613741
5.1579723
3.8526678
4.3968987
4.503194
4.503194
4.613741
4.613741
5.3748145
4.1758046
4.3968987
4.830583
4.2863517
4.830583
4.3968987
3.5252786
4.94113
3.9589627
4.613741
3.7421207
4.613741
4.724288
4.613741
4.613741
4.830583
3.414732
4.3968987
4.2863517
4.1758046
4.613741
3.848416
4.724288
4.3926473
4.3968987
5.1579723
5.0474253
4.2863517
3.9589627
4.830583
5.0474253
5.1579723
4.2863517
4.1758046
5.1579723
4.2863517
4.830583
5.0474253
4.720036
5.1579723
4.720036
5.0474253
4.06951
4.1758046
4.936878
4.830583
5.481109
4.1758046
5.0474253
4.3926473
5.0474253
4.720036
4.503194
5.264267
4.830583
4.613741
5.4853616
5.264267
5.481109
5.1579723
4.830583
4.1758046
4.936878
4.936878
5.1579723
5.8084984
4.936878
5.7022033
4.1758046
5.264267
5.1537204
4.936878
5.0474253
5.3705626
4.6094894
6.0253406
4.826331
4.936878
5.5874047
5.1537204
5.0474253
5.481109
5.481109
4.1758046
4.613741
5.0474253
4.503194
4.830583
5.3748145
4.936878
4.613741
5.481109
4.830583
5.3705626
4.936878
5.264267
4.936878
4.503194
6.0253406
4.720036
4.826331
5.481109
5.481109
5.914794
4.936878
5.3705626
5.481109
4.720036
5.0474253
5.8084984
4.936878
4.830583
4.720036
5.481109
5.1537204
4.503194
4.936878
4.720036
5.0474253
5.591656
5.8084984
6.35273
5.0474253
5.3705626
4.9326262
6.7864137
5.804247
6.892709
5.914794
5.1494684
6.0253406
5.1537204
6.2421827
5.3705626
6.2421827
5.3705626
5.0431733
6.237931
6.7864137
5.804247
6.348478
6.892709
6.7821617
6.237931
6.237931
6.237931
6.348478
6.8884573
6.892709
6.56532
6.348478
6.671615
6.671615
7.2158465
6.7821617
6.454773
5.804247
5.804247
6.892709
6.1273837
6.7821617
6.1316357
4.9326262
7.220098
6.1316357
7.109551
6.237931
5.3705626
6.348478
6.4590244
5.5874047
7.4369397
7.003256
6.892709
5.6937
6.7864137
6.56532
6.7864137
5.804247
5.914794
7.003256
5.6979513
6.0253406
5.914794
5.6979513
4.826331
7.003256
6.2421827
6.348478
5.914794
6.4590244
5.804247
6.1316357
4.3926473
6.7864137
5.0431733
6.0253406
6.1316357
6.348478
6.892709
6.6758666
6.56532
7.003256
6.6758666
5.804247
5.914794
6.1358876
5.6979513
5.1537204
6.5695715
6.2421827
5.9190454
5.9190454
4.3926473
5.8084984
5.0474253
4.94113
5.9190454
4.94113
4.720036
4.6094894
5.591656
5.0474253
6.0253406
5.8084984
5.8084984
5.3748145
5.8084984
5.264267
5.3748145
5.3748145
5.1579723
4.503194
5.264267
5.591656
5.591656
6.1358876
4.724288
4.94113
5.7022033
5.9190454
5.0474253
5.1579723
5.1579723
5.0474253
5.7022033
5.591656
4.830583
5.3748145
4.503194
5.1579723
5.0474253
5.1579723
4.6094894
5.0474253
5.3748145
6.029592
4.503194
5.4853616
5.3748145
5.3748145
5.4853616
4.613741
4.94113
4.3968987
5.264267
5.0516768
4.94113
4.94113
5.0516768
5.4853616
5.1579723
5.4853616
5.4853616
5.4853616
4.3968987
4.94113
5.4853616
4.507446
5.3748145
5.1579723
5.0474253
5.4853616
5.3748145
5.4853616
5.1579723
4.830583
5.0516768
4.613741
5.268519
4.830583
4.724288
5.1579723
5.0516768
5.0516768
5.8127503
5.1579723
5.3748145
5.162224
5.1579723
5.1579723
4.830583
5.0474253
5.0474253
4.613741
6.463277
5.264267
5.264267
5.591656
5.591656
5.1579723
5.1579723
5.379066
4.94113
4.180057
5.268519
4.3968987
5.4853616
5.1579723
4.724288
4.724288
4.94113
4.8348346
4.724288
4.180057
4.3968987
5.1579723
4.94113
5.379066
5.3748145
5.1579723
6.029592
5.3748145
4.94113
5.1579723
4.724288
5.706455
5.379066
4.180057
4.8348346
4.2948556
5.8127503
4.724288
5.489613
5.0516768
4.180057
4.724288
4.8348346
4.0737615
4.8348346
5.595908
4.8348346
4.0737615
5.055929
4.724288
4.830583
5.7022033
4.94113
5.0516768
5.591656
5.268519
5.268519
5.4853616
5.595908
4.8348346
4.3968987
4.613741
5.379066
4.180057
4.724288
5.595908
5.4853616
4.507446
6.140139
6.140139
5.268519
6.029592
5.7022033
4.720036
5.264267
5.591656
5.591656
4.830583
4.830583
5.7022033
4.724288
5.4853616
5.268519
5.379066
4.507446
4.8348346
4.507446
3.8569195
4.511698
4.72854
3.8569195
3.9674666
5.489613
5.379066
4.617993
5.9232974
5.595908
5.8127503
6.790666
6.029592
5.9190454
5.1579723
6.140139
5.3748145
5.4853616
5.591656
5.8127503
5.268519
4.94113
5.8127503
4.8348346
5.4853616
4.4011507
4.724288
5.272771
5.379066
4.180057
5.272771
4.617993
4.617993
4.724288
4.724288
5.1579723
5.595908
5.591656
5.9232974
5.268519
5.595908
5.3748145
6.029592
6.029592
5.481109
5.4853616
4.613741
6.029592
5.9190454
5.595908
5.268519
4.3968987
4.724288
4.9453816
5.0516768
5.595908
4.8348346
6.029592
5.268519
5.8127503
5.3748145
5.268519
5.8127503
5.268519
5.162224
5.0516768
5.595908
5.4853616
5.268519
4.06951
6.140139
5.0516768
4.613741
5.9232974
6.3569813
5.268519
5.4853616
5.4853616
5.595908
5.264267
6.5738235
5.9190454
6.029592
6.1358876
5.7022033
6.463277
5.3748145
6.4675283
5.4853616
4.724288
5.7022033
5.379066
5.8127503
4.94113
5.706455
5.4853616
4.180057
5.0516768
5.489613
4.8348346
5.162224
4.9453816
5.379066
5.379066
4.1843085
5.162224
5.1579723
5.162224
5.595908
5.379066
5.0516768
4.507446
4.511698
4.507446
4.511698
4.9453816
3.9674666
3.5295303
5.379066
5.4853616
5.162224
5.0516768
4.72854
4.2906036
4.2906036
4.617993
4.4011507
4.72854
3.6400774
4.511698
4.0780134
4.0780134
4.1843085
4.1843085
4.9453816
4.507446
5.489613
4.1843085
4.8348346
5.595908
4.724288
5.1579723
4.507446
5.706455
5.268519
4.2906036
5.595908
4.4011507
5.272771
5.272771
5.055929
5.055929
4.2948556
3.4232354
4.72854
4.0737615
4.9453816
4.0737615
3.8611712
5.055929
2.662162
4.1885605
2.883256
3.8611712
3.4232354
3.7548761
4.405402
4.0780134
3.8611712
3.210645
3.3169398
2.883256
2.883256
3.1000981
2.772709
4.0822654
2.7769608
2.883256
1.6884984
2.4495716
3.644329
2.883256
3.3169398
2.6664138
3.4274871
2.993803
2.1221828
3.210645
1.6884984
2.5601187
1.4716563
1.2548143
1.5779516
2.2327297
1.7947936
2.3390248
1.2548143
1.5822034
1.3653612
1.4716563
1.9095924
1.5822034
2.3432765
0.92742515
1.7990454
2.0158875
1.7990454
2.2327297
2.0158875
2.1264346
0.7105831
1.3653612
1.259066
0.9316769
1.6927503
1.9095924
1.6927503
1.259066
1.4759082
0.49374095
1.1485192
1.4759082
0.3874458
0.8253819
0.6085397
0.6085397
0.39169762
-0.47992262
0.9316769
-0.7010165
1.5864551
0.6042879
0.6042879
0.6042879
0.17060372
-0.04623839
0.06430857
-0.47992262
0.06430857
0.28115067
0.8253819
0.6085397
0.06430857
-0.2630805
-1.4578379
-0.58621776
-0.6967647
-0.8030599
-1.1304489
-0.36937565
-1.0199019
-1.4578379
-2.1083643
-0.90935504
-1.5641332
-1.0199019
-0.9136068
-0.90935504
-1.4535861
-0.6925129
-1.5641332
0.06856038
-1.347291
-0.58621776
-1.4578379
0.17485553
0.28540248
-0.36937565
-0.6967647
-1.347291
-1.236744
-1.7809752
-1.6704283
-2.3252065
-0.90935504
-2.2146595
-1.7809752
-1.9978173
-1.0156502
-1.7809752
-1.3430393
-1.9978173
-1.8872703
-1.7767235
-1.7809752
-3.192575
-1.8872703
-1.3430393
-2.6483436
-1.8872703
-3.192575
-2.6483436
-2.2146595
-1.6704283
-1.1261971
-2.6525953
-1.236744
-3.303122
-2.5420485
-2.5420485
-2.6483436
-2.8651857
-2.6483436
-3.0820277
-1.9935656
-4.059943
-2.5377967
-3.303122
-2.5377967
-2.6483436
-3.409417
-3.0820277
-3.2988698
-2.3167028
-2.8651857
-3.188323
-4.1704903
-3.626259
-3.2988698
-2.8651857
-4.059943
-3.409417
-3.0820277
-4.059943
-2.9714808
-3.9493964
-4.2767854
-2.9714808
-4.3830805
-3.515712
-3.8388493
-4.4936275
-3.9493964
-4.7104697
-3.6220074
-4.1662383
-3.2988698
-3.7325544
-3.515712
-3.7325544
-3.515712
-3.626259
-3.0820277
-3.2988698
-3.953648
-2.9714808
-4.1704903
-3.843101
-4.059943
-3.6220074
-3.626259
-3.7325544
-4.5999227
-3.9493964
-4.4936275
-3.515712
-3.6220074
-3.515712
-3.9493964
-4.059943
-3.843101
-4.9315634
-2.5377967
-3.626259
-3.0820277
-3.515712
-3.515712
-3.409417
-3.9493964
-4.059943
-2.9714808
-3.7325544
-4.059943
-3.843101
-3.7325544
-4.604174
-3.6220074
-4.1704903
-4.8210163
-3.4051652
-3.515712
-3.7325544
-2.9714808
-3.7368062
-2.3252065
-1.7809752
-3.1968267
-2.5420485
-2.6525953
-2.5420485
-1.7809752
-2.1083643
-1.7809752
-2.6525953
-1.9978173
-2.5420485
-3.0862796
-2.6525953
-3.4136686
-3.519964
-3.0862796
-2.6483436
-2.2146595
-2.3252065
-2.3252065
-1.4535861
-2.5420485
-1.9978173
-1.891522
-1.67468
-2.112616
-1.7852271
-0.37362745
-0.2630805
-0.050490197
-0.5947214
0.27689886
0.06005676
0.3874458
-1.3515428
0.17060372
-0.4841744
-0.59046954
0.28115067
-1.7852271
-1.0241537
-2.1083643
-2.1083643
-1.347291
-2.1083643
-0.8030599
-1.891522
-2.1083643
-1.2409959
-1.891522
-1.1347008
-1.1347008
1.0422239
0.49374095
0.7105831
1.7990454
0.81687826
1.0337203
2.3390248
1.3611094
2.555867
1.4674045
1.2505624
2.44532
1.3568575
2.555867
1.0337203
0.4894892
2.4495716
1.0337203
1.3611094
1.1442673
1.1442673
1.0337203
0.70633125
1.2505624
1.3568575
1.9010887
2.5516152
1.0294685
2.0073838
2.0073838
2.989551
2.9852993
2.9852993
3.9632149
3.0958462
2.1136792
3.9632149
2.8747523
2.9852993
4.724288
2.8747523
4.180057
3.5295303
3.5295303
4.0737615
3.6358256
3.4189837
3.5295303
3.0958462
3.7463725
3.2021413
4.0737615
2.9852993
3.9632149
4.06951
2.8747523
4.613741
3.3084364
4.06951
4.720036
3.848416
5.1579723
4.065258
3.848416
4.503194
4.720036
3.631574
4.830583
4.2863517
4.2863517
4.3926473
3.9589627
4.1758046
4.1758046
4.720036
3.848416
4.936878
4.936878
3.848416
4.715784
3.737869
4.2821
4.936878
5.0431733
4.6094894
4.6094894
4.6094894
4.1758046
4.936878
4.503194
4.3926473
5.1537204
4.1758046
4.503194
3.631574
4.503194
4.065258
3.737869
5.3705626
5.1537204
4.715784
5.2600155
6.1316357
5.4768577
4.9326262
5.804247
5.4768577
5.3663106
5.6937
5.1494684
5.1494684
4.605237
5.4768577
5.1494684
5.3663106
6.1273837
5.2557635
6.3442264
4.8220797
6.8884573
5.583153
6.1273837
5.4726057
5.3663106
5.2557635
5.3663106
6.7821617
5.9105415
5.2600155
6.8884573
5.3663106
6.671615
6.016837
6.0210886
5.6937
6.1273837
6.3442264
5.583153
5.1494684
6.7821617
4.8220797
5.4768577
5.1494684
5.6937
6.348478
5.4768577
5.3663106
4.9326262
4.6094894
5.3705626
4.9326262
5.2600155
5.3663106
6.56532
6.016837
5.2557635
4.9326262
5.1494684
5.1494684
5.4768577
4.715784
5.0431733
4.8220797
5.5874047
5.4768577
4.715784
4.715784
4.9326262
5.0431733
5.3705626
5.3705626
4.6094894
3.954711
4.720036
4.9326262
4.171553
5.4768577
5.5874047
5.0431733
5.2600155
5.2600155
5.3705626
5.2600155
4.2821
4.9326262
5.2600155
5.1537204
4.9326262
4.2821
4.3926473
5.481109
4.6094894
4.720036
4.1758046
4.1758046
4.720036
4.3926473
3.631574
3.631574
4.503194
3.848416
4.180057
4.1758046
2.8705006
3.7421207
3.1978896
2.4368165
4.06951
3.3084364
3.414732
3.1978896
3.9632149
4.503194
2.9810476
3.5252786
3.631574
2.8705006
3.7421207
2.3262694
3.7421207
4.503194
2.5473633
3.414732
3.3084364
3.6358256
2.9810476
3.0915945
3.7421207
2.5473633
3.6358256
3.7421207
2.224226
3.2021413
3.6358256
2.330521
2.7642052
2.65791
2.8747523
2.5473633
3.0915945
4.2906036
2.4410682
2.4368165
2.7642052
3.0915945
3.5252786
3.3084364
3.5252786
3.1978896
2.9810476
3.7421207
3.1978896
2.9810476
3.7421207
3.0915945
3.5252786
4.06951
3.631574
2.8705006
3.5252786
3.1978896
3.5295303
2.6536584
2.8747523
2.9852993
2.224226
1.896837
2.9852993
2.4410682
1.5736997
2.9852993
3.4189837
3.5252786
3.8526678
2.5473633
4.06951
2.003132
4.2906036
2.6536584
3.4189837
3.5252786
3.0915945
4.1758046
3.1978896
3.2021413
2.8747523
1.896837
2.9852993
2.9852993
2.003132
2.8747523
2.330521
3.4189837
3.3084364
2.003132
2.2199743
2.9810476
2.8747523
3.0915945
2.8705006
2.9810476
3.414732
3.9589627
2.9810476
4.503194
3.9589627
3.0915945
3.9589627
3.7421207
4.06951
3.848416
3.6358256
3.9589627
4.06951
2.7642052
3.414732
3.631574
4.830583
2.9810476
3.5252786
4.065258
3.631574
4.3968987
3.848416
4.830583
4.503194
4.3926473
4.720036
4.1758046
3.7421207
3.414732
4.3968987
3.848416
3.0873425
4.180057
3.1978896
3.7421207
2.9810476
3.5295303
3.0915945
3.3084364
3.4189837
2.7642052
3.0915945
3.1978896
3.631574
4.2863517
3.414732
3.0873425
4.1758046
3.9589627
4.2863517
4.065258
4.06951
3.631574
4.720036
4.2863517
4.06951
2.9810476
4.06951
4.3968987
2.8705006
4.507446
2.4410682
3.0915945
2.9810476
3.9632149
2.9810476
2.330521
3.8526678
2.8747523
2.7642052
2.9810476
3.0915945
3.0915945
3.7421207
2.9810476
4.3968987
3.7421207
4.1758046
3.1978896
4.06951
3.1978896
3.5252786
2.9810476
4.180057
2.8747523
4.180057
2.65791
2.7684572
2.4410682
1.5694479
3.0915945
3.0958462
3.5295303
2.4410682
2.4410682
4.0737615
3.0958462
3.4189837
2.9852993
3.312688
2.8747523
3.0958462
3.9632149
2.8747523
3.4189837
2.9810476
2.8747523
2.65791
2.7684572
3.4232354
2.224226
2.5516152
2.5516152
2.4410682
2.662162
2.4410682
3.5295303
1.7862899
2.7684572
2.117931
3.0958462
2.989551
2.5516152
2.772709
1.3568575
2.117931
1.7905419
2.555867
1.4631528
1.3568575
2.44532
2.0116355
1.9010887
1.5736997
1.6842467
2.0116355
2.44532
0.8126264
1.4674045
1.5736997
1.1400155
2.44532
2.989551
2.3347728
2.0116355
1.7905419
1.9010887
2.7684572
2.224226
2.4410682
3.0958462
2.9852993
3.2021413
2.7684572
2.224226
3.8569195
1.7905419
1.896837
2.117931
2.117931
2.117931
2.0116355
1.4674045
1.7947936
1.6842467
0.4894892
1.6884984
1.0337203
0.60003614
0.9231734
1.1442673
0.9231734
1.2505624
2.2327297
1.4674045
0.9231734
2.1221828
1.5779516
0.27264705
1.7947936
1.0337203
0.4894892
1.1400155
0.81687826
0.81687826
0.27264705
-0.16103715
0.92742515
0.7105831
0.7105831
1.0379721
-0.27158412
-0.4841744
0.6042879
0.06005676
-1.2452477
-0.37362745
-0.80731165
-0.80731165
-2.006321
-1.1304489
-0.80731165
-0.6967647
-0.80731165
-1.678932
-0.36937565
-1.2409959
-1.3515428
-0.6967647
-1.895774
-1.7852271
-0.58621776
-1.1304489
-1.1304489
-1.891522
-1.7809752
-1.7809752
-2.2146595
-2.2146595
-2.8694377
-2.3252065
-2.3252065
-3.1968267
-2.1041124
-3.303122
-3.1968267
-2.9757328
-2.5420485
-2.5420485
-2.4357533
-2.5420485
-1.7809752
-2.4357533
-1.891522
-2.6525953
-1.891522
-1.347291
-2.6525953
-1.2409959
-1.4578379
-1.5641332
-1.0241537
-2.0020692
-1.4578379
-1.4578379
-2.1083643
-0.6967647
-2.3294582
-1.568385
-0.6967647
-1.67468
-1.347291
-2.6525953
-2.1083643
-0.8030599
-1.5641332
-1.2409959
-1.891522
-0.6967647
-2.1083643
-1.347291
-2.2189112
-1.891522
-1.1304489
-1.67468
-1.1304489
-0.4756708
-0.8030599
-0.9136068
-0.8030599
-1.67468
-0.36937565
-0.2588287
-0.47992262
-0.6967647
-0.9136068
-0.47992262
-1.0241537
-0.15253355
-1.4578379
-0.58621776
-0.4756708
-1.5641332
-0.041986585
-0.9136068
-1.1304489
-0.8030599
-1.5641332
-1.347291
-1.568385
-0.4756708
-0.47992262
-0.36937565
0.93592876
-0.36937565
-0.15253355
-0.2630805
-0.36937565
-0.9136068
-1.1304489
-0.2588287
-0.041986585
0.7190867
0.49799278
1.9095924
3.2063932
4.94113
5.268519
3.8569195
1.7947936
1.0379721
-0.47992262
-2.4315016
-2.4272497
-3.077776
-2.5377967
-2.3209546
-3.0820277
-4.3873324
-6.338911
-7.750511
-4.591419
-4.378829
-2.856682
-1.6661764
0.07281218
-0.041986585
0.49799278
2.6664138
3.312688
4.720036
6.6758666
6.8969607
4.830583
4.3926473
5.481109
5.3748145
4.94113
3.7463725
2.555867
2.44532
1.1442673
2.0116355
1.3611094
0.60003614
1.5779516
0.81687826
0.60003614
0.7105831
-0.2673323
-0.59046954
-0.050490197
2.228478
3.6400774
4.724288
5.914794
7.109551
7.538984
8.300056
8.516899
10.47273
12.645402
12.318013
12.968539
11.76953
11.76953
12.968539
13.185382
12.751698
11.884329
10.583277
9.932751
8.300056
7.870624
9.175928
7.870624
8.525402
7.1052995
7.2158465
7.538984
8.737993
8.516899
8.516899
9.277972
11.884329
13.291677
14.05275
14.159045
13.8316555
13.074835
13.402225
12.530604
13.8316555
15.787488
15.787488
15.676941
15.243257
14.048498
14.4821825
15.676941
16.331718
16.327467
14.59273
14.265341
12.853741
12.747446
11.875826
11.986373
12.30951
14.486434
14.59273
15.026414
14.4821825
14.59273
14.044247
14.809572
14.4821825
15.1327095
15.455847
15.1327095
15.893782
17.194834
16.216919
16.977993
16.000078
16.216919
14.801068
15.1327095
14.911615
13.9337
15.898033
15.1327095
13.937951
15.349551
15.1327095
15.349551
15.56214
16.106373
16.540056
17.411676
17.739065
17.084288
16.650602
17.517971
17.739065
19.040117
18.279045
18.929573
19.146414
18.71273
18.274794
18.279045
17.955908
17.522224
17.194834
17.849613
17.088541
16.327467
16.114876
15.676941
14.371635
14.59273
15.570645
15.136961
14.4821825
14.4821825
15.464349
15.676941
15.787488
15.893782
16.327467
16.110624
17.522224
16.540056
17.849613
18.062202
16.650602
17.522224
18.17275
18.279045
18.50014
18.17275
17.624268
18.17275
17.415928
16.331718
15.791739
13.619065
11.119004
9.388519
7.6452785
4.2778482
3.737869
4.503194
4.1758046
4.3926473
5.0431733
7.4326887
8.516899
10.689571
11.663235
12.09692
12.530604
12.857993
13.185382
13.500016
15.243257
16.977993
15.889531
17.084288
15.124206
13.712605
12.194712
10.676816
9.052627
8.840036
6.8842053
5.4726057
5.3620586
4.928375
6.339974
7.317889
7.8621206
6.561068
6.671615
8.193762
9.499066
9.061131
9.605361
9.932751
10.039045
12.1011715
13.729612
15.791739
14.809572
13.8316555
13.287426
12.207466
11.233803
9.388519
8.742245
7.985423
6.463277
4.94113
5.481109
5.481109
4.6094894
2.330521
2.5516152
0.81687826
1.0337203
0.60003614
0.70633125
0.81687826
1.1442673
1.1400155
2.3390248
1.5736997
2.8747523
2.9810476
4.720036
4.613741
4.3926473
5.0474253
5.0474253
7.007508
6.7864137
7.330645
8.087466
7.653782
7.9769197
7.2158465
8.300056
8.848539
8.300056
9.171678
8.304308
7.330645
5.0474253
3.312688
0.8126264
1.2505624
1.1442673
0.92742515
0.38319403
0.06005676
-0.59046954
-1.5641332
-3.0862796
-2.8694377
-2.1083643
-1.67468
0.28115067
0.7105831
0.82113004
1.0337203
2.3390248
2.3347728
2.772709
2.0073838
3.1000981
2.0116355
3.5337825
2.772709
3.4232354
4.0780134
1.5779516
1.2548143
0.82113004
0.82113004
0.16635191
1.6927503
0.9316769
0.6042879
1.1527709
0.7190867
-1.67468
-0.2588287
-0.6925129
0.06430857
-0.59046954
-0.2673323
1.2548143
0.7105831
-0.4841744
0.28115067
-0.15253355
-1.1304489
0.17060372
0.6042879
1.2548143
2.1221828
0.70633125
0.81687826
1.1400155
1.7947936
3.644329
3.5337825
4.0780134
4.511698
3.6400774
4.4011507
4.511698
4.507446
4.617993
4.8390865
5.706455
4.9453816
4.8348346
4.4011507
5.595908
4.2863517
5.0516768
5.489613
3.7506244
3.4232354
4.0780134
3.1000981
1.7947936
3.1000981
4.0737615
3.0958462
2.772709
2.0116355
1.5779516
2.772709
2.44532
3.4232354
5.162224
4.1843085
5.0516768
5.0516768
4.724288
5.4853616
5.268519
5.1579723
7.22435
7.109551
7.441192
7.764329
8.087466
7.3263927
7.870624
6.7821617
7.981171
7.109551
7.764329
8.414855
7.4369397
6.1358876
5.8084984
5.3748145
5.7022033
5.1579723
5.481109
7.764329
6.348478
8.414855
7.760078
7.543235
6.9990044
6.892709
7.3263927
8.198013
8.521151
9.715908
9.932751
9.061131
9.061131
8.516899
9.932751
8.627446
9.282225
8.414855
7.330645
5.1579723
6.250686
4.617993
2.772709
3.7548761
3.1000981
4.0780134
6.029592
6.6801186
8.852792
8.737993
10.260139
10.043297
10.800118
10.906414
12.1011715
13.512772
13.402225
13.512772
12.857993
11.119004
10.689571
10.579024
9.711657
9.277972
8.300056
9.175928
7.220098
6.5695715
5.3748145
5.7022033
5.1579723
5.7022033
6.0253406
6.2421827
6.0210886
7.109551
8.304308
9.605361
11.127508
12.1011715
11.340097
12.207466
12.424308
11.773782
12.964288
13.291677
12.964288
12.857993
11.990624
11.55694
10.795867
11.123256
10.906414
9.605361
10.043297
9.065381
8.304308
7.8663726
8.737993
10.260139
9.061131
9.171678
9.061131
9.061131
8.733741
9.061131
8.733741
9.277972
9.384267
10.255888
11.884329
11.55694
11.773782
11.663235
11.667487
11.773782
11.773782
11.663235
11.773782
11.233803
10.906414
10.689571
11.016961
12.534855
12.972792
12.313762
12.641151
11.446393
11.012709
10.47273
10.583277
10.476982
9.928498
9.605361
10.9106655
10.583277
10.039045
11.127508
10.906414
10.145341
11.123256
10.362183
10.47273
9.822204
8.844288
9.061131
10.039045
12.322266
11.667487
10.795867
12.211719
10.68532
11.55694
11.233803
10.579024
9.605361
9.499066
8.193762
9.499066
9.822204
9.822204
10.149592
9.388519
9.605361
8.516899
9.277972
9.388519
9.826455
9.499066
9.388519
11.13176
10.583277
9.822204
10.255888
9.6011095
9.928498
10.689571
10.689571
10.689571
9.928498
10.476982
9.499066
8.737993
7.8663726
9.175928
8.737993
8.304308
9.065381
6.8884573
7.9769197
6.9990044
7.5474873
7.003256
6.892709
7.653782
8.30856
9.065381
8.627446
10.043297
9.388519
9.822204
9.605361
9.932751
8.631698
7.760078
7.981171
7.981171
7.109551
8.419107
9.392771
7.760078
7.109551
5.481109
5.6979513
5.481109
6.1358876
4.830583
5.8084984
4.3926473
5.481109
6.348478
6.671615
8.844288
9.171678
8.954835
8.627446
7.760078
7.870624
7.870624
7.870624
7.870624
7.003256
7.874876
5.6979513
6.56532
7.981171
7.3263927
8.521151
7.653782
8.631698
7.5474873
7.4369397
6.348478
6.1358876
6.7864137
6.7864137
6.6801186
6.35273
5.0474253
6.8969607
5.1537204
6.5695715
5.6979513
6.2421827
7.003256
6.348478
7.5474873
7.220098
6.6758666
7.003256
5.9190454
6.8969607
5.481109
6.790666
6.5695715
5.591656
6.2421827
6.2421827
6.2421827
6.892709
7.543235
7.9769197
7.9769197
9.499066
9.171678
8.516899
8.304308
7.649531
6.892709
6.5695715
6.6801186
6.2421827
8.30856
8.304308
7.220098
7.870624
7.653782
7.760078
9.282225
8.627446
10.9106655
9.494814
9.605361
10.583277
10.034794
10.906414
11.773782
12.207466
12.534855
11.22955
11.667487
10.034794
9.167425
8.406352
9.282225
9.499066
8.959086
9.503318
7.653782
8.631698
7.9769197
7.9769197
7.9769197
7.760078
10.043297
9.499066
10.370686
9.388519
10.260139
9.928498
10.255888
11.012709
11.233803
11.123256
10.579024
10.906414
11.667487
9.822204
10.47273
10.034794
10.47273
11.340097
11.994876
11.773782
12.1011715
11.335847
11.55694
11.663235
12.751698
12.751698
13.402225
12.313762
12.747446
13.619065
12.853741
12.853741
12.964288
14.159045
14.375887
13.72111
15.570645
16.221172
15.349551
15.566394
15.566394
15.783235
15.460098
15.566394
15.783235
16.654856
16.548561
16.327467
16.221172
15.128457
16.76115
17.194834
17.084288
17.734814
17.084288
18.279045
17.30113
18.279045
17.955908
18.17275
18.606434
19.473803
20.345423
20.341171
19.79694
19.142162
18.819025
19.469551
21.20854
21.642225
20.553762
20.33692
19.035866
18.385342
16.650602
16.756899
15.460098
15.681192
13.72111
12.09692
10.251636
8.521151
6.0253406
3.5295303
2.7769608
3.6485808
4.086517
4.192812
4.6222444
5.379066
5.7022033
6.4590244
8.087466
9.928498
12.322266
13.402225
15.25176
14.920118
15.136961
15.676941
14.699025
15.239004
16.221172
15.239004
14.920118
13.070583
12.424308
10.357931
9.494814
7.6452785
7.2158465
6.9990044
5.9105415
6.77791
6.8842053
6.667363
5.038922
6.1316357
5.1537204
3.6358256
3.2063932
3.4189837
2.7684572
5.3748145
5.1494684
7.4284363
9.822204
9.707404
9.490562
10.800118
9.711657
9.822204
10.039045
10.043297
9.171678
9.711657
9.6011095
10.039045
9.388519
7.9769197
6.56532
4.9326262
5.3748145
4.06951
3.2021413
0.60003614
-1.0241537
-3.1968267
-2.5420485
-0.9136068
-0.80731165
0.06005676
-0.15678534
0.60003614
0.38319403
1.9053404
2.44532
3.6400774
4.180057
4.724288
5.591656
6.2421827
5.5874047
5.914794
5.0431733
5.6979513
5.8084984
4.830583
4.06951
3.3084364
2.0116355
0.70633125
1.5822034
-0.4841744
0.9316769
0.06005676
1.4759082
0.71483487
-0.59046954
-0.91785866
-1.2452477
0.49374095
1.4716563
1.2548143
2.4495716
3.3169398
2.3390248
3.644329
3.2063932
1.0379721
2.0158875
2.8875077
1.5822034
2.0201392
1.3653612
-0.80731165
-0.9136068
-1.7809752
-2.5420485
-1.6704283
-1.6704283
-1.5598813
-0.2588287
-0.79880804
-1.5598813
-1.6704283
-1.3430393
-1.4535861
-0.4756708
-1.236744
-1.3430393
-1.1304489
-1.347291
-1.1304489
-1.236744
-1.67468
0.17910734
-1.0199019
-1.0199019
-0.79880804
-1.9935656
-3.9493964
-5.79468
-4.92306
-5.684133
-5.684133
-6.2241125
-7.0957327
-6.1135654
-6.6577964
-7.308323
-8.396785
-8.613627
-8.719922
-8.50308
-8.069396
-7.742007
-7.6357117
-6.9809337
-7.852554
-7.852554
-7.4146185
-7.742007
-7.4146185
-6.75984
-6.542998
-7.8440504
-10.675754
-11.32628
-12.631584
-12.74213
-10.135774
-9.918932
-6.0072703
-8.29049
-7.9673533
-8.0779
-9.4895
-8.732677
-5.577838
-5.58209
-3.0862796
-3.4136686
-1.236744
-1.678932
-0.59046954
0.9316769
0.71483487
1.0422239
0.49799278
0.6085397
0.17060372
0.3874458
0.49799278
0.28115067
-1.67468
-1.0199019
-1.1261971
-0.14828174
-0.15253355
-0.041986585
-1.347291
-1.0199019
-2.1083643
-2.0020692
-0.04623839
0.06005676
1.9095924
1.1485192
1.9095924
1.7990454
1.4716563
2.3432765
3.4274871
3.8569195
5.379066
6.4675283
4.617993
5.379066
4.617993
4.2948556
3.4274871
3.4317389
1.6884984
1.6884984
2.5601187
1.0337203
0.4894892
0.60003614
-0.37787926
-0.37787926
0.38319403
0.16635191
0.7105831
1.2548143
0.38319403
-0.050490197
0.38319403
0.60003614
1.5779516
3.4232354
3.0958462
4.9453816
4.3968987
5.1579723
5.9190454
6.0253406
6.7864137
7.109551
6.7821617
6.9990044
7.2158465
7.1052995
7.4326887
7.1052995
6.7821617
6.7821617
6.237931
5.0474253
4.2863517
4.936878
4.8348346
4.0737615
4.3968987
4.724288
3.6358256
4.180057
3.6358256
4.830583
4.2863517
5.7022033
6.029592
4.94113
6.3569813
4.613741
5.3748145
5.3705626
6.56532
7.653782
7.2158465
8.087466
8.742245
7.220098
6.5695715
6.35273
5.0474253
5.0474253
5.595908
5.1579723
4.2906036
5.706455
4.724288
4.507446
3.8569195
3.9632149
5.162224
3.6400774
4.9453816
4.617993
5.162224
5.268519
5.7022033
4.830583
4.830583
4.936878
6.5695715
5.481109
6.6758666
6.2421827
6.1316357
7.6580343
5.6979513
5.914794
6.35273
5.1579723
5.591656
6.7864137
6.7864137
6.5695715
7.220098
6.1316357
6.6758666
6.5695715
5.8084984
6.8969607
5.6979513
6.1316357
5.6979513
6.4590244
6.0253406
6.7864137
7.330645
6.5695715
6.35273
6.35273
6.1358876
5.264267
6.35273
5.914794
5.0474253
5.7022033
5.8084984
5.7022033
5.9190454
5.595908
6.1358876
5.481109
5.264267
5.8084984
5.0474253
4.6094894
5.591656
6.2464347
5.3748145
4.830583
4.94113
4.613741
4.720036
4.724288
5.7022033
4.830583
4.613741
4.94113
4.613741
5.1579723
4.724288
6.029592
4.830583
5.1579723
5.8084984
4.936878
4.830583
5.264267
5.264267
6.5695715
6.4590244
5.914794
5.1537204
6.2421827
5.264267
5.264267
5.1579723
5.0474253
4.720036
4.613741
5.268519
5.4853616
4.3968987
4.830583
4.613741
5.1579723
5.4853616
5.1579723
4.94113
5.4853616
4.503194
5.268519
5.3748145
5.264267
5.481109
5.591656
6.1358876
5.8084984
5.591656
6.35273
5.591656
5.7022033
5.591656
5.1579723
6.5738235
5.1579723
5.1579723
5.1579723
5.3748145
6.2464347
6.6801186
5.481109
4.94113
5.7022033
5.264267
4.613741
6.1358876
5.3748145
5.4853616
4.830583
5.3748145
5.3748145
6.1358876
5.9190454
6.0253406
6.1358876
5.264267
5.8084984
5.0474253
5.264267
5.3748145
5.3748145
5.3748145
6.6801186
5.481109
5.8084984
5.3705626
5.5874047
4.936878
6.8969607
5.6979513
5.0474253
4.720036
5.3748145
5.1579723
5.7022033
5.4853616
5.3748145
5.4853616
5.3748145
4.180057
4.2863517
5.3748145
4.503194
4.830583
5.0474253
4.830583
4.94113
6.1358876
4.613741
5.3748145
6.5695715
6.4590244
5.0431733
5.481109
5.6979513
4.720036
6.5695715
7.003256
5.6979513
6.348478
5.914794
6.2421827
6.2421827
5.591656
6.0253406
5.8084984
6.2421827
6.0253406
5.8084984
4.936878
5.0474253
6.6801186
6.6801186
5.914794
6.1316357
5.914794
5.2600155
6.6758666
6.2421827
6.56532
5.6937
6.2421827
5.6979513
6.4590244
5.481109
6.1316357
6.7864137
6.35273
6.2421827
5.264267
5.6979513
4.936878
5.0474253
5.3748145
5.0474253
6.029592
5.1579723
4.94113
4.3968987
5.4853616
4.3926473
4.613741
5.3748145
5.3748145
5.1579723
5.8084984
5.481109
5.591656
5.7022033
5.6979513
5.591656
6.463277
5.7022033
6.0253406
5.1537204
5.9190454
5.3748145
5.268519
5.0474253
5.268519
5.0474253
4.613741
4.724288
5.1579723
3.6358256
4.613741
3.8526678
5.3748145
3.9632149
5.268519
4.06951
4.2906036
4.180057
3.312688
4.1843085
3.312688
4.617993
4.507446
4.2906036
4.8348346
3.7463725
3.0958462
3.312688
3.8569195
3.4189837
4.1843085
2.879004
2.662162
2.228478
3.1000981
2.879004
2.7684572
3.2063932
2.228478
3.1000981
1.6842467
0.92742515
1.1442673
0.92742515
2.0158875
0.81687826
0.60003614
2.4495716
0.92742515
1.2548143
0.49374095
1.2548143
0.60003614
0.6042879
1.0379721
1.2548143
1.2548143
0.7105831
1.0379721
-0.2673323
1.2548143
0.82113004
-0.37787926
1.259066
0.9316769
-0.050490197
-0.15678534
-0.4841744
0.71483487
-0.15678534
0.17060372
-0.2673323
-0.4841744
-0.15678534
0.06005676
-0.15678534
0.27689886
0.6042879
0.27689886
0.27689886
0.27689886
0.82113004
0.3874458
0.06005676
1.1485192
1.1442673
-0.050490197
0.49374095
0.06005676
0.82113004
-0.4841744
0.82113004
0.17060372
0.6042879
-0.04623839
-0.2673323
-0.050490197
0.27689886
0.17060372
-0.4841744
-0.04623839
-0.2630805
-1.2409959
-2.0020692
-2.4357533
-2.5420485
-2.7588906
-3.519964
-2.5420485
-2.4315016
-2.8651857
-2.8651857
-1.7767235
-2.9757328
-2.3252065
-0.90935504
-1.9978173
-1.347291
-2.2189112
-0.8030599
-0.04623839
-0.59046954
0.49374095
0.82113004
0.49374095
1.3653612
0.7105831
-0.15678534
0.3874458
-0.2630805
-0.80731165
-1.0241537
-0.9136068
-0.8030599
-0.8030599
-1.4535861
-2.1083643
-2.3252065
-1.7809752
-1.2409959
-1.895774
-1.3515428
-0.47992262
-1.895774
0.06430857
0.06005676
0.17060372
0.82113004
-0.4884262
0.38319403
0.38319403
0.38319403
-0.27158412
0.7105831
-0.5947214
-0.15678534
-1.0284055
-0.15678534
0.16635191
-0.37787926
1.0379721
0.49374095
-0.2673323
0.27689886
-0.7010165
0.3874458
1.1485192
0.49374095
1.0379721
0.60003614
1.9053404
1.0337203
0.60003614
0.92742515
1.4716563
1.2505624
1.3611094
2.1221828
1.0337203
-0.16103715
1.2548143
0.60003614
1.4716563
0.92742515
1.1442673
2.228478
1.7905419
3.1000981
1.9010887
2.228478
2.44532
1.2505624
2.989551
2.879004
2.7684572
2.5516152
2.4410682
3.6400774
2.7684572
2.7684572
3.6400774
2.228478
2.5516152
2.3347728
3.3169398
2.989551
1.6842467
2.3347728
1.5736997
2.228478
2.5516152
2.44532
3.8569195
2.8747523
3.5295303
3.9632149
2.4410682
4.2906036
3.312688
4.2906036
4.180057
4.180057
4.3968987
3.6358256
4.94113
4.613741
4.503194
4.830583
4.503194
4.2863517
4.936878
4.936878
5.481109
5.3705626
6.1316357
6.4590244
5.804247
6.1316357
6.892709
6.237931
6.892709
6.9990044
6.1316357
6.671615
7.2158465
7.4326887
6.7821617
6.348478
6.3442264
5.6937
6.7821617
6.7821617
5.6937
6.56532
6.892709
6.7821617
6.892709
6.6758666
6.892709
7.4369397
6.1273837
5.6937
6.892709
6.56532
5.6937
6.7864137
6.4590244
5.8084984
5.914794
5.3748145
5.0431733
5.1537204
4.936878
5.3705626
4.715784
6.0253406
5.5874047
5.6979513
6.9990044
6.671615
7.538984
6.667363
7.649531
8.083215
7.538984
8.189509
8.406352
8.078962
8.512647
9.277972
8.840036
8.406352
8.844288
8.733741
9.061131
8.300056
9.171678
8.083215
8.083215
8.300056
8.737993
8.516899
8.521151
7.8621206
9.061131
9.061131
8.627446
8.733741
7.8621206
8.623194
7.9726677
9.061131
8.840036
8.840036
9.711657
10.039045
8.840036
8.078962
8.733741
8.733741
8.300056
8.300056
8.954835
8.300056
7.649531
8.300056
8.410604
8.193762
7.3221416
7.538984
8.410604
7.8663726
7.4284363
8.521151
7.7558255
7.538984
8.516899
7.9726677
8.410604
8.406352
8.733741
8.300056
9.061131
8.516899
8.844288
8.733741
8.516899
8.078962
8.844288
9.605361
8.733741
9.171678
8.733741
9.061131
8.733741
8.950583
8.950583
8.840036
9.605361
9.277972
8.516899
9.384267
9.494814
9.061131
7.8621206
9.171678
8.516899
8.189509
9.171678
9.277972
10.149592
9.6011095
9.167425
9.27372
8.295805
9.711657
9.384267
9.061131
9.061131
9.822204
8.733741
8.733741
8.512647
9.167425
9.167425
9.167425
9.27372
8.950583
8.623194
8.623194
9.388519
8.950583
8.733741
8.844288
9.388519
8.189509
7.8621206
9.822204
9.6011095
8.946331
10.034794
9.056878
9.711657
8.733741
9.277972
8.189509
8.189509
8.950583
9.711657
9.167425
9.494814
9.167425
9.494814
8.512647
9.277972
9.494814
8.078962
9.061131
9.711657
9.605361
8.295805
9.277972
10.039045
9.27372
10.255888
10.034794
9.056878
9.817951
9.707404
10.145341
9.490562
10.145341
9.711657
9.6011095
10.47273
9.167425
9.605361
8.840036
8.950583
8.406352
9.277972
9.061131
9.822204
9.711657
8.950583
9.056878
9.167425
9.056878
8.623194
9.061131
9.928498
8.623194
8.406352
10.039045
9.056878
9.928498
9.6011095
9.817951
9.928498
9.711657
9.817951
9.277972
7.8621206
9.277972
9.167425
9.822204
9.494814
9.384267
8.406352
9.494814
8.840036
10.366435
8.840036
9.494814
8.733741
8.623194
9.494814
9.388519
9.277972
9.061131
9.494814
9.384267
9.056878
9.384267
10.039045
8.406352
9.499066
9.277972
8.844288
8.516899
8.954835
8.516899
8.733741
8.623194
9.388519
8.516899
7.7558255
8.516899
8.954835
9.171678
8.844288
8.516899
9.171678
8.516899
9.388519
8.627446
9.061131
8.300056
9.388519
8.844288
8.410604
8.844288
8.410604
9.061131
8.410604
8.193762
7.8663726
7.9726677
7.538984
8.300056
7.8663726
7.8663726
7.538984
7.760078
8.521151
7.649531
8.521151
8.300056
8.516899
8.083215
8.516899
9.061131
8.083215
8.406352
8.083215
8.627446
7.7558255
8.083215
9.061131
8.516899
9.171678
8.410604
8.193762
8.410604
7.3263927
7.3221416
7.760078
8.414855
7.2158465
8.087466
7.4326887
8.087466
7.9769197
7.760078
8.304308
7.649531
8.193762
8.193762
7.538984
7.9769197
7.9769197
7.649531
7.760078
7.4326887
7.1052995
7.4369397
6.7821617
6.348478
6.7821617
7.4369397
6.9990044
7.3263927
6.0210886
6.237931
6.0210886
7.220098
6.9990044
7.220098
5.5874047
7.4369397
5.6937
7.3263927
7.543235
7.3263927
6.892709
6.7821617
6.454773
6.7821617
6.6758666
6.892709
6.348478
5.6979513
6.6758666
6.0253406
5.3705626
5.8084984
5.1537204
7.113803
6.1316357
5.914794
5.591656
5.6979513
5.914794
5.481109
5.3705626
5.8084984
6.0253406
5.9190454
5.6979513
5.591656
5.481109
5.591656
4.830583
5.0474253
5.7022033
4.6094894
5.1579723
5.591656
5.0474253
4.2863517
5.7022033
4.830583
4.3926473
5.4853616
4.613741
5.0474253
5.3748145
4.6094894
4.830583
5.8127503
5.3748145
4.720036
3.9589627
4.613741
4.720036
4.503194
3.8526678
4.2863517
4.3968987
4.94113
4.180057
5.268519
4.06951
4.06951
5.379066
5.7022033
4.2863517
3.8526678
4.503194
4.503194
5.3748145
4.2863517
5.0474253
5.268519
5.1579723
4.720036
5.268519
5.0474253
4.503194
4.507446
4.830583
4.503194
4.180057
4.724288
4.830583
4.06951
5.4853616
4.724288
4.2906036
4.613741
4.613741
5.268519
5.0474253
5.268519
5.1579723
4.503194
5.268519
4.830583
4.830583
4.830583
5.1579723
5.1579723
4.936878
5.595908
4.94113
5.268519
4.3968987
5.264267
4.503194
4.503194
4.720036
4.613741
4.94113
5.0474253
5.379066
4.613741
5.3748145
5.3748145
5.1579723
5.264267
5.0474253
5.591656
5.9190454
5.3748145
4.613741
5.9190454
5.3748145
5.3748145
4.720036
5.7022033
5.8084984
5.6979513
5.9190454
5.3748145
5.0474253
4.613741
4.720036
5.1579723
5.9190454
4.94113
5.1579723
5.3748145
4.830583
5.3748145
4.830583
4.613741
5.8084984
4.936878
4.936878
5.0474253
4.720036
5.264267
4.720036
5.0474253
5.7022033
6.1358876
4.503194
5.0474253
5.8084984
6.35273
5.1537204
5.1537204
6.0253406
5.264267
5.591656
5.264267
5.0474253
6.463277
6.35273
5.481109
5.0474253
5.8084984
5.6979513
4.936878
5.7022033
5.1579723
5.3748145
5.9190454
5.481109
5.591656
6.0253406
5.8084984
6.2421827
5.914794
6.454773
6.0210886
6.892709
7.2158465
5.6937
7.109551
5.804247
6.6758666
5.804247
6.892709
7.109551
6.0210886
6.348478
6.892709
6.454773
6.0210886
6.1316357
7.003256
6.56532
6.1316357
6.348478
6.348478
6.0210886
6.671615
6.671615
6.9990044
6.3442264
7.760078
6.7821617
7.2158465
7.760078
7.4326887
7.9769197
8.083215
7.4326887
7.2158465
7.543235
6.7821617
6.9990044
7.2158465
7.4326887
7.3263927
6.9990044
7.3263927
7.109551
7.870624
7.2158465
6.237931
7.4369397
7.2158465
6.56532
7.109551
6.454773
7.109551
7.2158465
6.9990044
7.109551
6.7821617
7.1052995
7.760078
7.649531
7.4326887
7.9769197
7.4326887
6.8884573
7.4326887
6.8884573
6.8884573
7.2158465
7.4326887
6.9990044
6.9990044
6.8884573
6.7821617
6.7821617
6.56532
6.7821617
6.348478
7.109551
7.109551
6.892709
6.454773
7.109551
6.1273837
7.4326887
7.109551
7.9769197
7.1052995
7.649531
7.760078
6.9947524
7.653782
8.193762
6.77791
8.087466
8.193762
7.649531
7.2158465
8.304308
7.538984
7.2158465
7.1052995
6.9990044
7.764329
7.2158465
6.454773
6.8884573
6.9990044
7.109551
6.454773
6.237931
6.56532
6.454773
6.9990044
6.9990044
7.3221416
6.561068
6.8884573
6.671615
6.9990044
7.760078
7.1052995
8.414855
7.1052995
7.760078
7.543235
7.9769197
7.2158465
7.4326887
7.760078
7.2158465
7.649531
6.9990044
7.2158465
8.087466
6.892709
7.760078
6.454773
7.3263927
7.3263927
7.2158465
7.543235
7.870624
7.4326887
8.304308
8.304308
6.77791
7.9769197
6.561068
6.3442264
7.760078
7.1052995
7.543235
8.193762
6.9947524
7.538984
8.410604
8.193762
8.300056
7.9726677
7.649531
8.300056
7.760078
7.9769197
7.9769197
6.561068
8.193762
6.8884573
6.8884573
7.4326887
6.8884573
7.760078
7.649531
7.4326887
7.3263927
7.543235
6.892709
7.109551
6.7821617
7.653782
7.109551
6.237931
7.653782
6.9990044
7.760078
7.760078
6.454773
7.109551
6.454773
6.348478
6.348478
6.56532
6.9990044
7.109551
6.671615
7.109551
7.4369397
6.561068
7.109551
6.892709
7.3263927
6.454773
6.237931
7.543235
7.109551
6.892709
6.1273837
7.4369397
6.237931
7.3263927
6.237931
6.348478
5.6937
7.109551
7.2158465
6.348478
7.109551
6.56532
6.237931
7.109551
6.7821617
7.2158465
6.671615
7.543235
6.561068
6.8884573
8.193762
7.543235
7.1052995
8.087466
8.087466
6.454773
6.454773
6.1316357
6.0210886
5.804247
6.6758666
5.804247
6.4590244
6.6758666
6.892709
7.109551
5.914794
6.1316357
6.56532
6.348478
6.9990044
7.543235
6.892709
6.671615
7.760078
7.2158465
6.8884573
6.671615
7.760078
7.4326887
7.3263927
6.9990044
6.6758666
6.237931
6.1316357
6.6758666
5.6979513
6.4590244
6.1316357
6.5695715
5.5874047
6.7864137
6.0253406
7.003256
5.914794
6.1316357
5.804247
7.5474873
6.6758666
6.892709
7.220098
7.003256
7.4369397
6.6758666
6.9990044
7.220098
6.348478
6.6758666
6.56532
6.7864137
7.220098
5.8084984
5.6979513
5.481109
6.0253406
5.1537204
5.591656
5.1537204
6.0253406
5.1537204
6.5695715
5.3705626
5.1537204
5.1537204
5.8084984
6.2421827
6.6801186
4.720036
6.1358876
5.9190454
5.264267
5.8084984
5.264267
6.7864137
5.591656
5.481109
5.264267
5.8084984
6.2464347
5.0474253
6.1358876
5.1579723
6.2464347
5.0474253
5.8084984
5.6979513
5.9190454
5.0474253
5.7022033
5.0474253
5.0474253
6.029592
5.591656
5.8127503
5.0474253
5.268519
5.3748145
4.830583
5.3748145
5.0474253
4.830583
4.936878
5.264267
6.1316357
6.35273
6.5695715
5.264267
6.790666
4.6094894
6.1358876
5.3705626
5.264267
5.6979513
5.264267
5.7022033
5.264267
5.4853616
5.3748145
5.268519
4.724288
4.720036
5.4853616
4.94113
5.7022033
4.830583
5.8127503
5.3748145
5.1579723
6.35273
5.8084984
5.9190454
5.8084984
5.8084984
6.1358876
5.0474253
5.264267
5.3748145
5.9190454
5.0474253
6.1358876
5.3748145
5.7022033
4.830583
4.830583
5.1579723
5.0474253
6.2464347
4.830583
5.9232974
5.264267
5.3748145
5.591656
5.591656
5.1579723
5.0474253
4.936878
5.4853616
6.35273
5.1537204
6.35273
5.9190454
5.591656
5.0474253
5.9190454
5.3748145
5.9190454
5.3748145
5.4853616
5.0474253
4.720036
5.8127503
5.0474253
4.6094894
5.8127503
4.830583
4.830583
5.4853616
5.3748145
4.720036
5.0474253
4.94113
5.4853616
6.1358876
5.0474253
5.591656
5.591656
5.3748145
5.3748145
6.0253406
6.35273
6.1358876
6.0253406
6.1358876
6.6758666
6.4590244
6.6758666
6.6758666
7.003256
5.804247
6.6758666
6.7864137
5.481109
6.5695715
5.481109
5.3705626
6.6758666
6.1316357
6.348478
5.6979513
6.35273
7.003256
6.0253406
6.7864137
5.804247
5.6979513
7.220098
6.6758666
7.003256
7.003256
6.892709
6.1316357
7.4369397
7.653782
6.9990044
7.4369397
6.56532
6.9990044
6.1316357
7.653782
6.892709
6.0210886
6.6758666
7.220098
6.892709
7.003256
6.6758666
5.4768577
6.56532
6.8969607
7.003256
6.56532
7.4369397
7.653782
6.348478
7.220098
6.6758666
6.892709
6.7821617
6.454773
7.003256
7.653782
7.653782
7.220098
7.653782
6.454773
6.9990044
8.087466
6.7821617
6.56532
7.3263927
6.7821617
7.109551
6.7821617
6.1316357
7.3263927
6.348478
6.454773
7.3263927
7.543235
7.9769197
7.653782
6.7821617
7.3263927
6.348478
6.5695715
7.330645
7.003256
6.5695715
6.1316357
6.4590244
6.8969607
6.4590244
6.56532
7.6580343
6.6758666
5.6979513
6.5695715
7.003256
6.2421827
7.003256
6.5695715
6.0253406
6.7864137
6.1316357
7.003256
7.109551
6.6758666
6.6758666
7.220098
6.4590244
6.1316357
6.6758666
6.35273
5.264267
5.1537204
6.7864137
5.0431733
6.1316357
6.237931
6.4590244
5.804247
5.804247
5.591656
6.35273
5.5874047
6.0253406
5.8084984
6.1316357
6.7864137
6.892709
6.348478
6.6758666
6.1316357
6.7821617
7.330645
7.4369397
5.914794
6.6758666
6.1316357
6.0210886
5.914794
6.4590244
5.2600155
6.6758666
6.0253406
6.1358876
6.0253406
6.2421827
5.264267
6.1358876
5.264267
5.1537204
5.3748145
5.8084984
5.0474253
5.9190454
5.9190454
4.936878
6.6801186
6.2421827
5.914794
6.2421827
6.0210886
6.4590244
6.892709
6.6758666
5.2600155
5.1537204
5.804247
5.6979513
6.2421827
6.348478
6.35273
5.264267
4.720036
5.268519
5.0474253
4.613741
5.7022033
4.503194
4.180057
4.830583
4.06951
4.1758046
4.94113
5.0474253
5.591656
6.5695715
6.2421827
7.220098
6.9990044
6.9990044
7.9769197
8.193762
8.083215
7.2115946
8.193762
6.9990044
7.870624
5.804247
7.113803
4.936878
4.830583
5.3748145
4.830583
4.2821
6.0253406
6.6758666
6.0210886
6.9990044
7.2158465
7.2158465
7.8663726
7.2158465
7.3221416
6.237931
7.109551
5.914794
7.4369397
5.804247
5.914794
6.1316357
7.1052995
8.410604
7.9726677
9.277972
8.406352
8.623194
7.9726677
8.627446
7.9726677
9.171678
7.8663726
7.649531
6.671615
6.237931
5.9105415
6.1273837
6.9990044
8.410604
7.3221416
8.410604
7.1052995
7.9769197
7.538984
7.870624
6.9947524
6.7821617
7.4369397
6.1316357
5.6979513
6.0210886
8.087466
9.061131
9.817951
9.924246
10.251636
10.1410885
9.6011095
9.388519
9.061131
8.300056
8.300056
8.516899
8.516899
7.9726677
7.8621206
8.950583
8.844288
8.193762
8.516899
7.7558255
7.8663726
7.9726677
6.9947524
8.083215
7.3221416
7.7558255
8.733741
8.189509
8.189509
8.954835
7.7515736
7.4284363
9.388519
8.623194
7.9726677
7.538984
8.083215
7.9769197
6.3442264
7.1052995
7.4284363
9.061131
7.9726677
8.516899
7.9684157
10.468477
10.247384
10.902162
10.681068
10.1410885
8.078962
8.406352
7.3221416
7.653782
6.1316357
5.6979513
5.804247
5.804247
6.1273837
7.1052995
7.543235
7.543235
7.2158465
7.9726677
9.384267
9.928498
9.490562
10.251636
10.030542
9.269468
10.574773
10.468477
9.6011095
8.185258
8.406352
8.623194
8.844288
8.300056
8.516899
8.406352
7.6452785
8.189509
7.8663726
7.3221416
5.6937
4.826331
5.3705626
4.830583
4.503194
5.5874047
6.8884573
9.061131
10.1410885
9.8137
9.8137
11.119004
10.030542
10.464226
9.707404
9.490562
9.6011095
10.145341
8.618942
9.056878
8.512647
9.277972
7.9726677
6.77791
5.9105415
5.591656
4.3968987
3.7421207
3.8526678
3.2021413
4.94113
5.0474253
6.0210886
6.892709
7.870624
5.6937
8.193762
8.627446
7.9684157
7.207342
6.9947524
7.543235
5.6937
5.6979513
5.3663106
5.2600155
5.264267
6.35273
5.3748145
5.0474253
5.9190454
5.0474253
4.720036
4.3926473
4.3926473
5.264267
4.065258
4.3926473
5.914794
5.481109
6.0253406
5.264267
4.826331
4.3926473
5.264267
5.0474253
4.06951
4.1758046
4.2863517
4.830583
4.94113
5.264267
4.94113
3.5252786
4.3926473
4.2821
4.936878
7.764329
6.56532
7.9769197
7.870624
6.9990044
6.671615
6.3442264
6.454773
5.583153
5.2600155
4.503194
4.830583
4.94113
5.3748145
5.3748145
5.6979513
4.503194
4.830583
3.4189837
4.3968987
4.3926473
4.503194
5.5874047
5.804247
6.4590244
6.454773
6.237931
6.8969607
5.264267
4.2863517
4.613741
3.8526678
3.5295303
4.613741
3.9589627
4.3926473
3.954711
5.3705626
5.6937
6.56532
5.481109
6.8969607
4.06951
2.879004
3.0958462
1.9010887
2.44532
1.9010887
2.879004
3.7506244
4.0737615
4.507446
2.9852993
2.8747523
2.4410682
2.224226
3.3084364
4.180057
4.724288
5.6979513
5.0431733
6.1273837
6.016837
4.826331
4.1758046
3.8569195
4.0737615
2.3347728
3.6358256
2.4410682
3.3084364
2.8747523
4.2906036
3.9632149
3.7463725
3.312688
3.4232354
2.44532
1.0337203
0.81687826
-0.16528895
1.5779516
2.9852993
3.9632149
5.0474253
5.264267
6.0210886
4.826331
4.826331
4.720036
4.613741
4.2863517
6.029592
5.1579723
4.507446
4.724288
2.4410682
3.0958462
4.2906036
3.6358256
3.4189837
5.162224
3.8569195
1.9010887
2.9852993
2.7684572
3.4189837
4.180057
4.0737615
3.7463725
3.9589627
1.6757431
3.4189837
3.5252786
5.1579723
5.268519
4.3968987
4.94113
3.4232354
3.0958462
4.0737615
3.6358256
5.4853616
4.720036
4.2863517
3.414732
3.3084364
3.6358256
4.3968987
6.3569813
6.1358876
6.1358876
5.8127503
4.503194
5.0474253
5.1579723
4.503194
4.503194
3.5295303
4.94113
4.613741
3.9632149
4.0737615
2.3347728
4.6222444
3.4232354
4.0737615
5.0516768
4.503194
4.830583
4.94113
5.0474253
4.503194
4.94113
4.503194
5.1579723
5.4853616
5.7022033
5.0474253
4.936878
4.3968987
5.3748145
4.503194
5.591656
5.3705626
4.2863517
5.1579723
4.06951
4.180057
4.724288
3.8526678
3.7463725
3.7463725
2.65791
3.8569195
2.8747523
4.180057
4.2863517
3.9589627
4.830583
4.94113
5.3748145
7.113803
5.3748145
5.481109
5.595908
3.4189837
3.5252786
4.720036
5.3748145
7.330645
7.3263927
7.981171
6.454773
5.0431733
6.1358876
6.1358876
6.6801186
5.9190454
5.595908
4.8348346
2.9852993
4.180057
4.3968987
5.1579723
4.720036
5.264267
5.914794
6.348478
7.109551
6.9990044
7.109551
6.892709
7.220098
7.2158465
7.760078
7.543235
7.543235
6.35273
5.591656
3.7463725
3.4189837
5.8127503
5.914794
6.348478
5.8084984
5.481109
5.481109
6.35273
6.1316357
6.6758666
7.003256
5.481109
4.613741
3.7421207
4.06951
4.3926473
5.0474253
6.463277
6.6758666
6.6758666
7.109551
6.454773
6.6758666
7.113803
6.348478
6.0253406
5.481109
6.348478
6.6758666
8.737993
7.3263927
7.3263927
7.981171
6.237931
6.0253406
6.348478
6.892709
6.1316357
6.1316357
6.892709
6.237931
7.1052995
6.348478
7.760078
6.1273837
7.981171
6.6758666
5.5874047
6.5695715
6.892709
5.481109
5.8084984
5.264267
6.4590244
8.087466
9.715908
9.822204
9.711657
8.950583
8.844288
6.3442264
7.220098
6.35273
6.6801186
6.5695715
7.109551
6.0210886
7.109551
6.56532
7.3263927
7.3263927
6.7864137
6.6758666
6.454773
8.193762
7.4326887
7.649531
7.3221416
7.3263927
7.538984
7.649531
9.282225
8.954835
9.388519
7.8663726
7.1052995
5.6937
5.5874047
8.198013
7.870624
8.848539
7.9769197
7.3263927
6.9990044
6.237931
6.892709
6.892709
7.981171
9.282225
9.605361
8.950583
9.494814
8.516899
8.189509
8.300056
8.521151
7.543235
7.5474873
7.874876
7.4369397
6.2421827
5.591656
4.3926473
5.1579723
6.1358876
6.1358876
5.1579723
5.3748145
5.0474253
4.720036
6.0210886
5.9105415
9.065381
8.083215
10.043297
8.954835
6.9947524
6.348478
6.1316357
5.481109
5.3748145
5.1579723
4.94113
4.830583
5.9190454
6.1316357
5.0431733
6.35273
5.0474253
6.2464347
5.0431733
6.1358876
6.4590244
6.0210886
7.4326887
7.8663726
7.538984
6.77791
6.892709
6.1316357
5.914794
5.481109
6.1358876
6.2464347
4.720036
4.830583
4.830583
5.0474253
6.1358876
6.1316357
6.7821617
6.1273837
8.087466
7.4326887
7.109551
6.7821617
5.0474253
5.481109
6.029592
5.481109
5.6979513
4.94113
6.56532
5.583153
7.760078
8.300056
8.954835
8.300056
8.737993
8.091719
5.8084984
5.4853616
3.6358256
4.1843085
3.2063932
3.0958462
5.379066
4.3968987
4.830583
5.264267
4.2821
5.7022033
5.0516768
4.724288
4.94113
5.8127503
6.35273
6.1316357
5.2600155
6.56532
6.454773
6.348478
7.109551
6.4590244
6.4590244
5.7022033
4.613741
3.2021413
3.5295303
3.6400774
4.1843085
5.0516768
3.8526678
5.268519
4.6094894
4.503194
6.1358876
4.613741
4.503194
5.1579723
4.8348346
3.5252786
4.507446
3.9589627
4.3968987
5.591656
5.591656
6.35273
5.5874047
4.936878
5.3748145
4.503194
3.4189837
3.8526678
3.8569195
3.9674666
5.706455
4.180057
5.4853616
4.94113
5.1579723
5.0474253
4.724288
3.9589627
4.507446
3.1978896
5.7022033
4.613741
4.2863517
3.9589627
5.4853616
5.1579723
4.94113
5.0474253
4.503194
5.8127503
5.3748145
5.1579723
4.3968987
4.0737615
4.1843085
4.613741
5.3705626
6.2421827
5.3705626
5.481109
5.3705626
5.914794
5.2600155
6.892709
6.2421827
6.4590244
7.109551
7.220098
5.3663106
4.720036
4.503194
3.4189837
3.4232354
1.6842467
2.883256
3.5337825
4.0780134
3.9632149
4.1758046
5.2600155
6.1273837
7.3263927
7.3221416
9.061131
9.171678
9.171678
7.5347314
9.388519
6.016837
4.826331
5.591656
4.0737615
3.5295303
3.5295303
4.0737615
2.8747523
3.7463725
2.1136792
2.879004
3.9632149
3.9632149
4.830583
6.1358876
4.6094894
5.4768577
4.826331
4.3926473
5.6979513
5.3705626
7.4369397
7.1052995
7.543235
7.543235
6.1273837
5.4768577
5.0431733
5.5874047
6.6758666
5.481109
5.3705626
6.348478
6.348478
6.2421827
5.3705626
6.0253406
5.3705626
6.1316357
7.113803
7.109551
6.9990044
6.1316357
6.4590244
5.4768577
6.3442264
7.538984
7.1052995
7.2158465
6.9990044
6.7864137
6.237931
7.764329
6.7821617
7.543235
6.9990044
5.2600155
5.9105415
7.4326887
7.649531
7.4326887
7.4369397
5.914794
6.1358876
5.0474253
7.330645
7.760078
8.516899
9.932751
8.516899
6.556816
6.561068
7.1052995
7.1052995
8.087466
7.330645
7.543235
5.804247
6.6801186
6.56532
6.348478
7.220098
6.671615
6.6758666
6.892709
6.3442264
6.4590244
6.892709
6.0210886
6.892709
7.2158465
7.760078
9.171678
9.277972
8.844288
8.406352
6.9947524
7.3221416
8.300056
7.8663726
7.1052995
7.4326887
7.2158465
5.0431733
6.4590244
6.7821617
5.6937
7.5474873
6.0253406
5.6979513
5.6979513
4.826331
5.914794
7.3263927
6.3442264
6.8884573
7.538984
7.7558255
8.844288
8.078962
8.627446
7.2115946
5.0431733
6.1316357
5.9105415
6.56532
7.870624
8.516899
8.300056
8.627446
7.7558255
8.410604
7.1052995
7.9769197
8.516899
8.193762
7.9769197
7.1052995
5.3663106
6.1273837
6.450521
7.7558255
8.733741
8.189509
7.7558255
8.189509
7.760078
7.760078
6.7821617
7.653782
6.7821617
7.109551
8.521151
6.9947524
8.516899
8.516899
8.516899
9.711657
8.729489
10.579024
10.68532
10.795867
10.145341
8.729489
9.384267
9.277972
8.840036
8.406352
7.4284363
6.454773
6.1316357
4.6094894
3.9589627
4.830583
4.3968987
5.268519
4.1758046
5.4768577
8.521151
9.056878
9.919995
11.986373
11.875826
11.871573
12.203215
12.420057
11.986373
11.012709
9.928498
7.4284363
7.3221416
6.3442264
6.561068
6.77791
8.087466
7.649531
7.538984
9.499066
7.538984
6.450521
8.193762
7.1052995
7.2158465
6.9947524
8.083215
8.078962
9.056878
9.707404
9.27372
8.295805
9.277972
7.9726677
7.9769197
8.848539
7.8663726
8.083215
8.954835
7.3221416
8.733741
8.950583
9.6011095
9.494814
8.840036
8.623194
7.760078
5.6937
5.0431733
6.5695715
6.237931
6.6758666
6.454773
6.454773
6.56532
5.9105415
6.237931
6.4590244
7.2158465
7.4326887
9.499066
8.840036
9.817951
11.22955
10.681068
10.251636
10.1410885
10.68532
10.034794
9.707404
8.623194
8.844288
7.1052995
6.237931
7.109551
7.981171
7.760078
7.3263927
7.2158465
6.2336793
6.3442264
6.3442264
6.237931
6.56532
6.7864137
6.1358876
6.348478
7.4326887
6.7821617
7.649531
8.516899
8.950583
8.078962
9.494814
9.277972
8.410604
8.954835
7.3263927
6.8884573
6.237931
5.5874047
6.6758666
5.8084984
7.220098
6.1273837
6.671615
6.6758666
4.065258
4.503194
4.613741
5.264267
5.591656
4.720036
6.56532
6.237931
5.1494684
6.9990044
6.56532
6.0253406
6.5695715
5.481109
5.264267
6.56532
6.3442264
6.2336793
8.083215
6.561068
5.6937
6.56532
4.830583
4.507446
5.1579723
4.94113
3.8526678
5.8084984
5.6979513
6.9990044
8.189509
8.406352
9.282225
7.9726677
7.1052995
6.0210886
6.1316357
6.2421827
5.1579723
4.507446
5.1579723
4.3968987
5.914794
4.2821
4.936878
4.2821
5.0474253
6.463277
5.0474253
6.6801186
5.591656
4.2863517
6.1358876
4.503194
5.481109
5.8084984
4.6094894
5.6979513
6.6758666
5.5874047
5.804247
6.1273837
5.1579723
5.268519
4.724288
4.4011507
2.879004
2.0116355
0.7105831
2.555867
1.6842467
2.3390248
2.0116355
4.180057
3.9589627
5.3748145
6.2421827
6.4590244
5.6979513
5.3705626
4.830583
5.0516768
4.06951
2.9852993
4.180057
4.2863517
4.94113
5.4853616
5.1579723
3.2021413
3.7506244
2.44532
2.883256
2.772709
2.772709
2.883256
1.7947936
1.3568575
2.9852993
2.6536584
4.830583
5.591656
5.3748145
5.3748145
4.503194
4.2906036
2.5516152
4.2906036
4.724288
5.7022033
6.029592
6.35273
4.720036
4.94113
3.4189837
2.7684572
3.4232354
1.9010887
2.117931
2.883256
3.6400774
3.9632149
5.264267
4.2863517
4.180057
2.662162
1.9010887
3.4232354
2.0116355
2.883256
2.0116355
1.2505624
1.7947936
2.228478
3.0958462
3.5295303
3.9632149
4.507446
4.180057
4.3968987
4.8348346
3.2021413
3.7463725
2.9852993
2.662162
3.5295303
3.5252786
3.5252786
4.613741
3.2021413
3.0958462
1.5736997
2.0116355
3.312688
3.8611712
3.9674666
3.4232354
2.9852993
1.6799948
4.507446
4.0737615
4.613741
4.06951
4.507446
3.5337825
4.1843085
3.4232354
4.0780134
3.2063932
3.0958462
2.879004
3.8569195
3.7506244
2.989551
2.4410682
3.5337825
2.7684572
3.2021413
3.0958462
4.2906036
2.7684572
3.5295303
3.9674666
3.9632149
4.724288
5.0516768
5.4853616
5.0474253
4.94113
4.613741
4.830583
3.0915945
3.5295303
2.8747523
3.2021413
5.595908
5.268519
5.379066
5.0516768
4.3968987
4.3968987
3.5252786
3.5295303
3.5295303
2.879004
3.6400774
3.4232354
2.5516152
2.224226
2.224226
2.65791
4.507446
4.830583
5.9190454
6.0253406
7.220098
5.591656
5.0474253
4.1758046
4.830583
4.94113
4.720036
5.264267
4.936878
5.3705626
4.4989424
6.8969607
5.8084984
6.35273
6.1358876
5.3748145
5.0474253
4.720036
5.8084984
5.264267
4.720036
5.264267
5.0474253
5.8084984
7.220098
7.3263927
6.6758666
6.8969607
5.1537204
4.720036
6.892709
6.6758666
6.348478
6.892709
6.348478
6.0253406
5.481109
5.591656
5.0474253
5.3748145
5.3748145
5.0474253
5.591656
4.936878
5.481109
5.804247
6.237931
7.109551
8.304308
7.3263927
6.892709
6.1316357
5.0474253
5.264267
4.720036
5.1579723
5.481109
5.6979513
7.4369397
5.4768577
5.2600155
6.4590244
5.914794
5.6979513
6.892709
5.804247
5.804247
5.6979513
4.936878
3.848416
4.2863517
5.591656
5.1537204
4.830583
4.830583
4.6094894
5.591656
6.1316357
5.264267
5.6979513
5.264267
6.7864137
5.481109
6.1316357
5.914794
5.804247
5.914794
6.0210886
6.348478
5.9105415
7.003256
6.7821617
5.1537204
6.4590244
6.1316357
6.4590244
5.914794
5.591656
5.595908
4.503194
5.268519
5.3748145
4.936878
6.35273
5.6979513
3.9589627
4.724288
5.481109
6.0253406
6.2421827
6.0253406
6.1316357
4.715784
5.5874047
5.6979513
5.914794
6.348478
7.003256
7.220098
6.237931
6.7821617
6.0253406
5.6979513
5.0474253
4.2863517
3.7421207
4.94113
5.1579723
5.8084984
4.936878
4.830583
5.264267
4.94113
6.1358876
4.613741
5.0474253
4.613741
4.720036
5.3748145
5.3748145
4.503194
4.94113
4.830583
4.503194
5.1537204
5.481109
5.4853616
5.1579723
4.830583
4.830583
4.503194
4.830583
5.1579723
4.94113
5.591656
5.3748145
5.1579723
5.0474253
4.613741
3.8526678
3.8526678
4.94113
4.3968987
5.3748145
4.2863517
5.0474253
5.264267
5.0474253
5.0474253
5.591656
5.1579723
5.591656
5.0474253
5.7022033
4.724288
4.720036
5.4853616
4.830583
4.830583
4.830583
6.0253406
4.720036
6.1358876
5.3748145
5.591656
5.268519
5.1579723
4.724288
4.503194
5.0474253
5.1579723
4.720036
5.3748145
5.1579723
4.613741
5.268519
4.3968987
5.3748145
5.591656
4.2863517
4.2863517
5.4853616
5.4853616
5.3748145
4.503194
5.3748145
5.481109
4.503194
5.4853616
5.3748145
5.591656
4.6094894
4.830583
4.503194
4.2863517
4.94113
4.3968987
4.613741
4.3968987
4.3968987
4.94113
4.613741
4.830583
5.1579723
4.830583
4.1758046
5.0474253
5.0516768
4.503194
5.4853616
4.503194
5.1579723
4.936878
4.503194
6.2421827
4.6094894
5.591656
5.6979513
5.7022033
5.9190454
5.481109
5.9190454
5.9190454
4.830583
5.264267
4.830583
4.3968987
5.3748145
4.720036
5.3748145
4.830583
5.268519
4.3968987
4.613741
5.3748145
4.2863517
4.2863517
5.0474253
4.830583
4.1758046
5.4853616
5.264267
4.3926473
5.4853616
4.720036
5.1579723
5.591656
4.830583
4.936878
5.1537204
4.503194
5.1579723
5.1579723
4.830583
3.9589627
4.613741
5.0474253
5.595908
5.1579723
4.613741
5.0516768
4.3968987
5.3748145
5.595908
4.830583
4.2863517
4.503194
4.720036
4.3968987
5.8127503
4.830583
4.503194
4.720036
5.0474253
5.0474253
5.1537204
5.1537204
5.6979513
5.804247
5.6979513
5.3705626
5.5874047
5.1537204
5.6979513
4.503194
5.1579723
4.94113
4.3926473
4.3968987
4.830583
4.720036
5.0474253
5.1579723
5.4853616
4.3968987
5.3748145
5.264267
4.830583
4.503194
4.2863517
5.3748145
5.0474253
5.3748145
5.591656
5.591656
5.264267
5.264267
5.6979513
5.8084984
5.481109
5.591656
5.591656
4.503194
4.503194
4.2863517
4.613741
5.1579723
4.94113
4.720036
5.7022033
4.830583
3.5252786
5.268519
5.3748145
5.0474253
4.94113
5.4853616
4.830583
4.830583
5.3748145
5.591656
5.0474253
5.1579723
5.0474253
5.3748145
4.830583
5.3748145
4.830583
5.268519
5.0474253
4.94113
4.94113
4.720036
4.3926473
4.613741
5.7022033
4.1758046
4.613741
4.613741
4.613741
4.724288
4.724288
4.830583
4.06951
4.180057
4.613741
4.720036
5.591656
4.830583
4.830583
4.3968987
4.06951
4.830583
4.720036
4.724288
4.830583
5.264267
4.830583
4.720036
5.264267
4.613741
5.0474253
4.720036
4.2863517
4.830583
4.2863517
4.94113
5.0474253
4.613741
4.830583
5.1579723
4.830583
5.0474253
5.7022033
4.720036
5.3748145
4.720036
5.1579723
4.830583
5.8084984
5.8084984
6.1358876
5.9190454
5.3705626
5.6979513
6.35273
5.8084984
4.503194
5.264267
5.0474253
4.830583
5.8084984
4.3926473
6.1358876
5.8084984
5.8084984
4.936878
6.7864137
6.348478
6.892709
6.454773
7.653782
6.454773
6.9947524
7.4326887
8.844288
8.083215
8.189509
7.6452785
9.061131
9.277972
8.406352
8.189509
8.733741
7.8621206
8.733741
8.406352
8.627446
8.189509
8.410604
9.388519
7.7558255
8.300056
8.189509
9.061131
8.733741
9.167425
8.950583
9.167425
10.145341
10.362183
10.800118
9.707404
10.795867
10.357931
11.012709
10.902162
11.119004
10.247384
12.207466
11.2253
10.7916155
12.641151
12.313762
11.658983
11.875826
13.18113
12.636899
12.420057
12.526352
13.287426
13.287426
13.504267
14.044247
14.809572
14.367384
15.566394
14.801068
14.801068
15.889531
14.801068
14.367384
12.849489
11.221047
11.335847
8.512647
7.3221416
5.4768577
5.3748145
4.830583
3.5295303
4.0780134
1.9053404
2.6664138
2.3390248
3.4232354
4.617993
5.7022033
5.8084984
8.959086
8.954835
9.388519
10.145341
10.579024
11.884329
10.906414
10.47273
9.715908
9.392771
8.304308
7.3263927
7.109551
6.4590244
6.6758666
5.1537204
5.6979513
3.848416
4.3926473
4.6094894
3.737869
5.591656
4.4989424
4.1758046
3.9589627
4.936878
4.720036
4.171553
4.720036
4.3926473
3.737869
5.264267
5.3705626
4.065258
4.503194
4.06951
4.94113
5.268519
4.830583
5.268519
4.06951
5.0474253
5.9190454
5.0474253
4.830583
4.2863517
4.830583
4.3926473
4.830583
4.830583
5.1579723
3.9589627
5.3748145
5.1579723
4.06951
4.4011507
2.879004
2.662162
2.9852993
2.9852993
4.2906036
3.2021413
3.8569195
2.7684572
2.44532
3.0958462
3.2021413
4.2906036
3.9632149
3.5295303
3.5295303
3.0915945
3.9632149
2.4410682
3.5295303
2.9852993
2.44532
2.3347728
3.312688
2.662162
3.8611712
2.989551
2.3390248
2.4495716
1.5779516
1.1442673
1.6884984
1.0379721
1.2548143
0.38319403
1.4716563
1.1485192
1.1442673
1.0379721
-0.050490197
0.38319403
1.0379721
-0.2673323
0.27689886
0.17060372
-0.4841744
-0.80731165
0.06430857
-2.112616
-0.8030599
-1.2409959
-1.568385
-0.9136068
-0.58621776
-0.2588287
-0.4756708
-2.1083643
-0.8030599
-1.4578379
-1.67468
-0.80731165
-0.9136068
0.8253819
0.06005676
0.06005676
1.0422239
-0.47992262
-1.3515428
-0.47992262
-0.58621776
-0.041986585
0.17485553
0.17485553
-0.15253355
-2.1083643
-0.79880804
-1.9978173
-3.303122
-2.9714808
-3.515712
-4.4936275
-5.144154
-4.4893756
-5.577838
-6.776847
-6.772596
-6.560005
-6.343163
-5.5863414
-4.718973
-3.5242157
-2.9842362
-0.4841744
-0.7052683
-0.27158412
0.37894222
1.2505624
2.224226
1.896837
2.879004
3.0958462
2.5516152
2.5516152
3.3084364
3.4189837
4.507446
5.1579723
4.830583
4.3968987
5.0474253
4.3968987
5.4853616
3.5252786
3.9632149
4.8348346
4.0737615
3.7463725
5.595908
4.8348346
4.2906036
5.1579723
5.1579723
4.94113
5.264267
5.3748145
4.503194
5.591656
5.6979513
5.914794
6.4590244
6.56532
5.3705626
5.5874047
6.1273837
6.454773
7.1052995
6.3442264
6.8884573
5.2557635
5.2557635
7.649531
6.561068
7.538984
7.6452785
7.7558255
7.7558255
7.538984
7.9726677
8.189509
8.078962
7.5347314
7.9726677
8.083215
8.300056
7.2115946
8.193762
7.1052995
6.8884573
6.9947524
7.760078
7.8663726
7.649531
7.649531
7.8663726
6.9947524
8.078962
8.516899
8.623194
8.512647
9.167425
9.711657
9.6011095
10.255888
10.034794
9.27372
10.034794
9.056878
9.27372
9.596858
10.468477
9.052627
9.707404
9.707404
9.167425
8.729489
10.47273
10.145341
8.729489
9.277972
8.189509
8.078962
7.7558255
7.6452785
8.844288
8.733741
8.189509
8.627446
8.950583
8.516899
8.189509
8.189509
8.083215
8.300056
7.9726677
8.627446
8.516899
8.189509
9.494814
8.950583
8.512647
8.406352
9.494814
9.715908
9.605361
8.516899
8.193762
8.083215
7.538984
6.9947524
8.410604
7.538984
7.1052995
8.300056
6.671615
8.410604
7.538984
6.8842053
7.9726677
7.649531
8.410604
7.8663726
8.083215
6.77791
8.521151
7.7558255
8.193762
8.083215
7.9769197
6.77791
6.77791
7.3263927
6.561068
6.671615
7.649531
6.3442264
6.671615
6.3442264
7.3263927
6.56532
6.0210886
7.3263927
6.9990044
6.56532
7.109551
7.2158465
5.6937
6.4590244
5.1494684
5.0431733
5.5874047
5.1537204
6.1316357
5.804247
5.5874047
6.1316357
6.454773
5.2600155
5.481109
4.9326262
4.6094894
5.0431733
5.481109
4.936878
5.0431733
4.6094894
5.264267
4.936878
4.3926473
5.6979513
5.0431733
5.1537204
5.6979513
5.1537204
6.1316357
6.348478
5.804247
6.348478
5.9105415
5.3705626
5.6979513
5.6937
5.804247
5.5874047
5.0431733
5.1537204
6.2421827
5.914794
4.715784
5.3705626
4.6094894
4.6094894
5.3748145
5.0474253
4.94113
4.06951
3.9589627
3.848416
4.94113
4.2863517
5.0474253
4.613741
4.6094894
4.2863517
4.3926473
4.830583
4.1758046
3.5252786
4.3968987
4.2863517
3.5252786
5.268519
4.3968987
3.6358256
3.3084364
3.5295303
4.2906036
4.3968987
3.8526678
4.613741
2.8705006
4.94113
4.06951
2.9810476
4.507446
3.4189837
4.06951
3.5252786
5.3748145
4.3968987
3.8526678
4.2906036
3.8526678
3.9632149
3.9632149
3.7463725
3.6358256
3.5295303
3.0915945
3.4189837
3.6358256
3.8526678
3.2021413
2.8747523
3.312688
3.3084364
4.180057
2.8747523
3.8526678
4.180057
3.6358256
3.9632149
2.7642052
3.9632149
2.65791
2.9852993
2.4410682
3.0958462
2.7684572
4.1843085
2.5473633
3.7463725
3.0915945
3.4189837
3.3084364
4.724288
2.7642052
3.9632149
3.4189837
2.8747523
2.330521
3.6358256
4.180057
3.5252786
4.06951
4.94113
4.3968987
3.414732
4.180057
4.613741
4.94113
4.613741
3.9589627
4.2863517
3.9589627
4.1758046
4.613741
4.830583
4.503194
4.826331
4.720036
5.264267
4.720036
5.8084984
3.954711
4.830583
4.3926473
5.0474253
4.826331
5.481109
5.3705626
5.3705626
5.3748145
4.6094894
5.0474253
4.1758046
4.613741
4.830583
4.503194
4.6094894
4.3926473
4.2863517
4.1758046
4.613741
5.0474253
4.06951
4.503194
4.613741
5.1537204
3.848416
5.591656
5.591656
5.914794
5.5874047
6.0210886
6.2421827
6.1316357
5.0431733
4.826331
4.3926473
5.0474253
5.1537204
4.826331
5.481109
4.6094894
4.826331
4.3926473
4.6094894
4.3926473
5.0474253
4.503194
5.6979513
4.1758046
5.1537204
4.936878
5.1537204
5.0431733
4.715784
5.804247
4.4989424
5.5874047
5.2600155
6.1273837
6.4590244
5.2600155
5.914794
5.804247
5.914794
5.3705626
6.237931
6.0210886
6.0210886
4.826331
4.826331
4.4989424
5.1537204
5.1537204
5.1537204
5.3705626
5.0431733
4.826331
5.914794
5.5874047
5.0431733
5.0431733
6.237931
5.804247
6.348478
6.454773
6.237931
6.348478
5.2600155
6.237931
6.1316357
5.1494684
5.914794
5.0431733
5.6979513
5.6979513
4.936878
5.5874047
4.1758046
5.3705626
4.2821
4.4989424
4.720036
4.3926473
4.720036
4.065258
4.2863517
5.1579723
4.503194
5.591656
4.936878
4.936878
4.4989424
5.3705626
3.954711
5.1537204
4.830583
5.264267
5.264267
4.830583
4.830583
4.503194
4.1758046
4.06951
4.06951
4.2863517
4.720036
4.2863517
3.3084364
3.8526678
3.0915945
3.6358256
3.5252786
4.830583
4.613741
4.2863517
3.631574
3.7421207
3.5252786
4.06951
4.06951
3.3084364
2.4410682
3.9632149
3.7463725
2.8747523
3.7463725
3.0915945
2.9810476
3.7463725
2.65791
3.6358256
2.7684572
2.330521
3.7463725
1.896837
2.8747523
2.7684572
3.4189837
4.2906036
3.9632149
2.8747523
3.6358256
3.2021413
3.4189837
2.65791
2.8747523
2.5516152
1.5736997
3.0958462
2.3347728
2.0073838
2.662162
2.224226
2.224226
2.7684572
2.5516152
2.5516152
2.0073838
2.9852993
2.7684572
1.5736997
1.6799948
2.5516152
3.312688
2.3347728
1.896837
2.9852993
1.7905419
2.65791
2.224226
1.3526058
3.5295303
2.65791
3.312688
2.228478
3.312688
2.224226
2.5516152
2.3347728
2.3390248
1.3568575
2.44532
1.0294685
3.0958462
2.44532
1.2505624
1.3568575
1.2463106
1.9010887
2.117931
3.312688
3.0958462
2.224226
2.65791
2.117931
2.117931
2.0073838
1.7905419
2.9852993
2.3347728
2.5516152
2.7684572
2.4410682
3.312688
2.5516152
2.9852993
2.117931
2.7684572
2.117931
1.5736997
2.662162
1.3568575
2.117931
2.989551
1.6799948
3.2021413
1.896837
2.1136792
4.0737615
2.3347728
2.8747523
2.4410682
1.6799948
2.9852993
2.0073838
3.5295303
3.0958462
3.312688
2.8747523
2.4410682
1.6799948
2.9852993
2.224226
2.0073838
3.4232354
2.224226
2.3347728
2.3347728
2.117931
2.4410682
2.9852993
2.4410682
3.3084364
3.7463725
3.0915945
4.2863517
3.2021413
2.5473633
3.4189837
2.9852993
3.2021413
3.2021413
3.5252786
4.3968987
3.6358256
4.180057
2.8747523
3.0915945
3.3084364
2.7642052
4.180057
2.9852993
4.2906036
4.180057
3.0915945
4.06951
4.724288
4.2863517
4.2863517
4.1758046
2.9810476
5.1579723
3.9632149
3.9632149
3.4189837
4.06951
3.7421207
4.2906036
4.3968987
3.3084364
3.6358256
3.7421207
4.830583
3.5295303
4.06951
3.6358256
3.8526678
3.3084364
2.8747523
3.4189837
3.3084364
3.0915945
4.3968987
3.8526678
4.3968987
3.2021413
3.9632149
2.9852993
2.65791
3.3084364
2.9852993
3.8526678
3.7463725
3.9632149
3.9589627
3.4189837
3.6358256
4.0737615
2.8747523
4.507446
3.7463725
3.4189837
2.7684572
4.2906036
2.65791
3.4189837
4.3968987
2.7642052
3.8526678
4.180057
4.180057
3.9632149
2.8747523
3.0915945
3.7463725
2.9852993
3.6358256
3.9632149
2.7684572
2.8747523
3.2021413
2.224226
3.2021413
1.896837
2.7684572
3.7463725
2.8747523
4.180057
3.9632149
3.1978896
4.06951
3.9589627
4.3968987
4.180057
3.631574
4.3968987
3.3084364
4.06951
3.7463725
3.7463725
3.3084364
2.8747523
4.180057
3.8526678
3.7421207
5.1579723
3.8526678
4.613741
3.6358256
4.180057
4.06951
3.9632149
4.2863517
3.9589627
4.1758046
3.631574
4.830583
4.613741
5.0474253
3.9589627
4.065258
4.936878
4.2863517
4.830583
4.06951
4.3926473
5.0474253
4.94113
3.9589627
4.720036
4.3926473
4.1758046
5.0474253
4.06951
3.414732
3.5252786
4.1758046
4.720036
4.3968987
3.9589627
3.631574
4.613741
5.0474253
4.2821
4.830583
4.720036
4.720036
4.503194
4.503194
4.613741
4.06951
3.631574
4.06951
4.1758046
4.503194
4.503194
4.06951
4.724288
3.3041847
5.0474253
4.2863517
3.9589627
4.830583
4.503194
5.0474253
4.503194
4.06951
4.2863517
3.9589627
4.503194
4.720036
4.1758046
4.720036
4.2821
5.0474253
4.503194
5.0474253
4.2863517
4.2863517
4.2863517
3.9589627
4.1758046
4.1758046
4.830583
4.613741
4.613741
4.1758046
4.2863517
4.503194
4.503194
4.2863517
3.848416
4.1758046
5.481109
4.3926473
6.1316357
4.4989424
4.826331
5.1537204
5.0474253
4.065258
4.6094894
4.503194
4.720036
5.0474253
4.720036
4.720036
4.503194
5.481109
5.7022033
4.936878
4.6094894
4.826331
4.936878
4.6094894
5.264267
4.065258
4.1758046
3.631574
4.2821
5.4768577
6.1316357
5.804247
5.5874047
5.4768577
5.2600155
5.8084984
4.3926473
4.503194
3.848416
4.6094894
4.065258
4.720036
4.826331
4.2821
5.5874047
4.720036
4.3926473
4.830583
3.848416
4.6094894
3.9589627
3.848416
4.1758046
4.503194
4.6094894
4.2821
4.936878
4.3926473
4.6094894
4.936878
4.6094894
4.936878
4.826331
4.503194
3.9589627
5.481109
5.1537204
3.954711
5.481109
4.936878
3.954711
3.9589627
4.503194
3.9589627
4.6094894
4.1758046
3.9589627
3.737869
5.1579723
4.830583
5.264267
5.1537204
3.737869
4.715784
5.1537204
3.9589627
4.2863517
4.720036
4.503194
3.848416
4.3926473
4.065258
5.0431733
5.3705626
4.3926473
4.936878
4.065258
4.1758046
4.613741
4.613741
5.0474253
4.3926473
4.1758046
4.720036
4.2821
4.1758046
4.3926473
4.2821
4.4989424
4.3926473
4.3926473
4.065258
5.0474253
4.503194
4.065258
3.631574
4.3968987
4.3926473
4.830583
3.631574
3.848416
3.414732
3.3084364
2.7642052
2.8747523
4.503194
3.4189837
4.2863517
4.06951
3.7421207
4.724288
3.7421207
4.2863517
4.720036
3.5210268
4.613741
3.5252786
3.9589627
4.06951
4.3968987
3.0915945
4.180057
3.5252786
2.7642052
3.9632149
2.9810476
4.180057
2.6536584
3.4189837
3.2021413
2.9810476
3.4189837
2.330521
3.2021413
3.0915945
3.0915945
3.5252786
4.180057
2.9810476
3.1978896
3.8526678
3.414732
4.1758046
3.5252786
4.3968987
2.7642052
4.3968987
4.06951
3.7421207
3.0873425
4.6094894
3.7421207
3.414732
4.06951
3.5210268
4.830583
4.830583
3.848416
4.830583
3.5252786
3.9589627
3.9589627
4.1758046
4.1758046
4.3926473
4.503194
4.1758046
3.9589627
4.065258
4.1758046
4.3968987
4.3926473
3.631574
3.5210268
5.1537204
4.2863517
4.936878
4.6094894
4.830583
3.631574
3.848416
4.3926473
4.2821
3.631574
4.720036
4.830583
4.1758046
3.954711
4.1758046
4.1758046
3.7421207
3.7421207
3.3084364
3.5252786
3.8526678
3.5295303
2.8747523
2.4410682
2.7642052
2.7642052
3.631574
3.5252786
3.7421207
3.7421207
3.848416
4.1758046
4.720036
4.3926473
4.1758046
4.1758046
4.1758046
3.631574
4.3926473
3.9589627
3.414732
3.631574
3.7421207
2.8705006
4.180057
2.5473633
3.4189837
2.8747523
2.1136792
3.4189837
3.0915945
2.9810476
3.1978896
2.9810476
4.06951
2.8705006
4.3968987
2.003132
3.3084364
3.7421207
2.6536584
3.9589627
3.631574
3.7421207
3.631574
4.503194
3.414732
4.1758046
4.1758046
3.414732
4.06951
3.8526678
3.7421207
3.5252786
3.5252786
4.503194
4.1758046
3.414732
4.503194
3.9589627
3.848416
3.0873425
3.414732
3.9589627
3.5252786
4.06951
3.3041847
4.1758046
4.613741
4.1758046
4.065258
3.737869
4.1758046
3.848416
4.065258
3.3041847
3.848416
3.1978896
3.5252786
3.0873425
4.2863517
4.503194
4.2863517
3.7421207
3.5210268
4.503194
3.5210268
4.503194
4.720036
3.7421207
4.3968987
3.3041847
4.2863517
4.065258
4.830583
4.2821
3.9589627
4.065258
4.06951
3.3041847
5.0474253
3.7421207
2.330521
3.8526678
2.5473633
3.4189837
3.9632149
2.6536584
3.8526678
3.2021413
2.5473633
2.7684572
3.2021413
2.3347728
2.117931
2.3347728
1.2463106
1.7905419
2.0073838
2.7684572
3.0915945
1.5694479
1.7862899
2.0073838
1.2463106
2.1136792
2.3347728
1.4631528
1.3568575
1.3568575
1.6842467
1.7905419
2.224226
2.224226
1.7905419
2.5516152
1.3568575
1.2463106
2.117931
1.6842467
1.1400155
0.8126264
0.70633125
1.9010887
1.9010887
1.0294685
1.5736997
2.0073838
1.1357636
1.2463106
1.1357636
1.5736997
0.8126264
0.5957843
0.9231734
0.8126264
1.0294685
2.3347728
1.6799948
2.224226
1.7905419
1.896837
2.1136792
1.4631528
2.1136792
2.9852993
2.117931
2.3347728
1.7905419
1.6799948
3.312688
2.4410682
3.0915945
2.8747523
2.9810476
2.8747523
2.2199743
3.6358256
3.9632149
2.4410682
1.896837
2.65791
2.4410682
2.65791
2.330521
2.65791
2.9810476
2.8747523
2.224226
2.224226
2.5516152
1.6799948
2.9852993
2.1136792
3.4189837
2.5473633
3.0915945
3.3084364
2.9810476
3.1978896
3.7421207
2.7642052
2.8747523
2.8747523
2.330521
2.7642052
2.9810476
3.3084364
3.7421207
3.414732
2.5473633
2.7642052
1.7862899
2.0073838
2.003132
2.224226
2.1136792
2.224226
1.896837
2.65791
2.65791
2.7642052
3.414732
2.8705006
2.7642052
3.3084364
3.0915945
2.4368165
3.3084364
3.6358256
3.0915945
2.330521
3.1978896
3.414732
3.7421207
3.5252786
3.5252786
3.5252786
3.0915945
3.3084364
2.9810476
2.65791
3.6358256
2.1136792
2.7642052
3.6358256
3.9589627
3.3041847
3.848416
2.8705006
3.631574
3.1978896
3.3084364
3.5252786
3.5252786
2.8705006
3.7421207
4.2863517
4.2821
3.848416
2.7599535
3.9589627
4.06951
3.9589627
3.631574
3.1978896
3.414732
4.3968987
2.7642052
3.7421207
2.6536584
3.631574
3.7421207
3.737869
4.503194
3.1978896
3.631574
4.830583
3.9589627
4.503194
3.7421207
4.065258
4.1758046
3.5210268
3.631574
3.9589627
4.1758046
4.2863517
3.9589627
4.503194
2.3262694
3.1978896
4.180057
3.5252786
3.1978896
2.8705006
3.5252786
3.9589627
3.9589627
3.414732
3.7421207
4.1758046
3.414732
3.631574
4.1758046
3.631574
4.503194
4.503194
3.848416
3.737869
4.1758046
4.830583
3.8526678
3.1978896
3.7421207
2.6536584
3.9589627
3.5252786
2.7642052
2.8705006
4.06951
3.0873425
3.9589627
3.8526678
2.9810476
3.7421207
2.4368165
2.6536584
4.06951
2.7642052
2.4368165
2.003132
2.6536584
2.7642052
2.4368165
2.8705006
2.3262694
2.7642052
4.06951
3.0915945
2.4368165
2.5473633
2.8747523
2.330521
3.0915945
3.6358256
3.3041847
3.414732
3.7421207
4.06951
3.9589627
3.1978896
2.9810476
3.1978896
3.7463725
2.003132
3.6358256
2.6536584
3.1978896
3.3084364
2.6536584
3.5252786
2.9810476
3.0915945
2.9810476
3.2021413
2.8747523
2.2199743
1.7862899
3.3084364
3.0915945
4.06951
3.414732
3.0873425
2.7642052
2.4368165
2.4368165
3.6358256
2.1136792
2.0073838
1.7905419
1.5694479
1.2463106
1.896837
2.224226
2.224226
1.6799948
2.1136792
2.1136792
2.0073838
1.7905419
2.3347728
1.4631528
1.2463106
2.44532
1.6799948
2.65791
1.7862899
3.2021413
1.4631528
1.896837
2.0073838
2.117931
1.2463106
1.5736997
0.48523736
1.0294685
0.5957843
1.9010887
1.4674045
0.7020795
0.48523736
1.7905419
1.4674045
0.5957843
-0.38213107
0.05155315
-0.81581527
0.81687826
0.26839525
-0.054742
2.0073838
0.48523736
2.117931
0.7020795
1.6799948
0.26839525
0.70633125
0.70633125
0.5957843
0.37894222
0.1621001
0.1621001
-0.054742
0.37894222
1.1400155
0.81687826
0.9231734
-0.054742
-0.59897316
-0.4884262
-0.054742
1.1442673
-0.054742
0.055804953
0.1621001
1.2505624
0.4894892
0.9231734
0.37894222
0.8126264
0.37894222
0.5957843
0.4894892
0.60003614
-0.27158412
1.1400155
0.38319403
-0.054742
0.81687826
0.70633125
0.4894892
-0.38213107
0.81687826
0.1621001
-0.054742
0.60003614
-0.054742
0.27264705
0.05155315
0.27264705
0.055804953
0.1621001
1.2505624
0.8126264
0.9231734
0.60003614
1.0337203
1.3611094
-0.27158412
0.4894892
0.37894222
-0.38213107
0.05155315
0.5957843
-0.16528895
-0.054742
-0.054742
-0.054742
-0.054742
-0.27158412
-0.38213107
-0.59897316
0.81687826
-0.16103715
-0.38213107
-0.59897316
-0.16528895
0.8126264
0.37894222
0.7020795
0.1621001
0.26839525
1.1400155
0.9231734
-0.054742
-0.16528895
-0.054742
0.37894222
1.1400155
0.1621001
0.37894222
-0.16528895
0.70633125
0.055804953
0.4894892
1.0294685
0.1621001
1.1400155
0.4894892
0.05155315
1.1400155
0.48523736
1.4674045
0.9231734
0.8126264
1.6842467
0.7020795
1.3568575
1.6842467
0.5957843
1.7905419
1.3568575
1.5736997
1.5736997
1.7905419
2.224226
1.7905419
1.4631528
2.5516152
0.8126264
1.4631528
1.0294685
1.3568575
1.2463106
0.8126264
1.1357636
1.4631528
1.0294685
1.896837
2.5516152
1.2463106
1.2463106
0.9189216
0.9189216
2.0073838
1.5736997
1.7905419
2.0073838
2.4410682
2.7684572
2.879004
1.6799948
2.7684572
2.5516152
2.3347728
3.0958462
1.896837
2.1136792
2.1136792
2.1136792
2.5473633
2.5473633
2.330521
2.330521
2.5473633
2.330521
1.6799948
2.1136792
2.3347728
1.1357636
2.662162
2.7684572
2.330521
2.330521
3.2021413
2.003132
2.003132
2.65791
1.5694479
2.5473633
2.4410682
1.6799948
1.7905419
2.8747523
2.3347728
2.0073838
2.1136792
2.003132
2.4410682
2.5516152
1.7862899
1.6799948
2.224226
2.4410682
2.0073838
2.5516152
2.4410682
2.8747523
2.5516152
1.896837
2.7684572
1.3526058
1.3526058
2.117931
2.3347728
2.0073838
1.5736997
1.6799948
2.7684572
2.8747523
3.4189837
2.330521
3.1978896
2.2199743
2.7642052
2.5473633
3.5252786
2.65791
2.4410682
2.330521
1.896837
2.5473633
2.2199743
2.7642052
1.6799948
1.896837
2.5516152
2.3347728
1.7905419
1.4631528
1.0294685
2.3347728
1.2463106
2.224226
2.330521
3.7463725
3.0915945
2.7642052
2.9810476
2.65791
2.7642052
2.5473633
3.5295303
2.4410682
3.7463725
1.6799948
3.4189837
2.4410682
2.4410682
2.330521
2.330521
2.2199743
2.8747523
2.65791
3.2021413
2.65791
2.5516152
2.7684572
2.4410682
2.330521
2.6536584
2.2199743
3.5252786
2.5473633
2.65791
3.0915945
2.9852993
3.4189837
3.2021413
3.2021413
3.0915945
2.8747523
2.9810476
2.8747523
3.312688
2.8747523
3.0958462
2.3347728
3.2021413
2.0073838
2.0073838
3.3084364
3.3084364
3.1978896
3.4189837
3.6358256
3.8526678
3.7463725
2.65791
2.8747523
3.2021413
2.5473633
2.4410682
1.7862899
3.2021413
3.312688
2.330521
2.7642052
2.8747523
2.5473633
2.224226
2.4368165
1.6799948
2.330521
3.312688
2.330521
2.7642052
2.4368165
2.8747523
3.5252786
3.414732
3.848416
3.3041847
3.5252786
3.5252786
3.4189837
3.414732
2.8747523
2.9810476
3.5252786
2.9810476
4.06951
2.8705006
4.06951
2.8747523
3.414732
3.0915945
3.8526678
3.3084364
2.7642052
3.7463725
3.0915945
4.06951
3.4189837
3.631574
4.2863517
3.631574
4.830583
3.414732
3.414732
3.6358256
2.9810476
3.6358256
2.8747523
2.4368165
3.3084364
2.5473633
3.5252786
3.3084364
3.7421207
2.7642052
3.0915945
2.8747523
1.7862899
2.8747523
2.7642052
2.9810476
2.6536584
2.7642052
2.7599535
3.848416
4.2863517
4.503194
3.7421207
3.631574
3.1978896
4.065258
4.2863517
3.7421207
3.7463725
2.9810476
3.0915945
2.9810476
2.4368165
3.0915945
2.4368165
2.6536584
2.6536584
3.0915945
2.8747523
3.3084364
3.1978896
2.9810476
3.631574
2.8705006
2.6536584
3.848416
3.631574
3.5210268
3.414732
3.9589627
2.7642052
3.1978896
3.5252786
1.8925852
2.8705006
3.9589627
2.2199743
2.7642052
2.2199743
2.003132
3.0915945
1.7862899
1.7862899
2.2199743
2.4368165
3.5252786
3.1978896
3.5210268
3.631574
3.848416
3.9589627
3.7421207
4.1758046
3.9589627
2.8705006
2.9810476
2.2199743
3.7421207
2.2199743
4.2863517
4.1758046
3.414732
3.1978896
3.1978896
3.5252786
2.7642052
2.9767957
2.9810476
3.9589627
3.1978896
3.3041847
3.414732
3.848416
4.6094894
3.848416
3.631574
3.5210268
3.5252786
2.5473633
3.631574
2.8705006
2.8705006
3.1978896
3.5252786
3.0873425
3.414732
3.7421207
3.3041847
3.3041847
3.1978896
3.0873425
2.8705006
3.414732
3.3084364
2.6536584
3.5252786
2.9810476
4.1758046
3.0873425
3.631574
3.414732
3.5210268
3.5252786
2.3262694
2.9810476
3.3084364
2.65791
2.4368165
3.9589627
3.631574
3.9589627
3.848416
3.848416
3.414732
3.1978896
3.3041847
3.7421207
3.848416
4.06951
2.8705006
3.414732
3.1936376
4.3926473
3.1936376
3.9589627
3.3041847
4.065258
3.631574
3.5210268
3.631574
3.954711
3.848416
3.3041847
4.1758046
3.4104798
3.737869
3.631574
4.1758046
3.0873425
3.848416
4.6094894
3.3041847
3.414732
3.631574
3.0873425
3.9589627
3.848416
4.065258
3.3041847
4.2821
3.631574
3.0873425
3.7421207
3.3041847
4.065258
3.631574
2.7599535
3.631574
3.4104798
3.1936376
3.6273217
3.3041847
2.9767957
2.5431116
2.3262694
3.1978896
2.8705006
3.1978896
3.1978896
3.0873425
2.5431116
3.3041847
3.3041847
3.848416
3.737869
2.9767957
4.065258
4.1758046
3.1936376
3.9589627
3.3041847
4.065258
3.4104798
4.065258
3.848416
3.1936376
3.3041847
3.5210268
3.5210268
3.0873425
3.3041847
3.0873425
3.414732
3.5210268
3.3041847
2.8705006
3.5210268
4.1758046
3.737869
2.8662488
3.5210268
4.065258
3.3041847
3.0873425
3.0873425
3.0873425
2.8705006
3.3041847
3.5210268
2.7599535
3.4104798
2.9767957
3.3041847
3.848416
2.8662488
3.1936376
3.848416
3.4104798
2.8705006
3.3041847
3.844164
3.5210268
3.848416
3.5210268
3.737869
4.2821
3.848416
3.5210268
3.5210268
2.9767957
3.4104798
3.848416
3.954711
4.4989424
2.9767957
3.1936376
3.954711
3.3041847
3.3041847
3.0830908
3.631574
3.4104798
3.631574
3.5210268
2.9767957
3.737869
3.1936376
3.7421207
2.6494067
3.1936376
3.414732
3.848416
2.9767957
3.5210268
2.6536584
3.848416
3.631574
4.065258
3.6273217
3.737869
2.9767957
3.5210268
3.414732
3.5210268
3.3041847
2.5431116
3.5210268
3.5210268
2.9767957
3.5210268
3.5210268
3.414732
2.6494067
3.3041847
2.5431116
2.6536584
2.6536584
1.9988803
2.4368165
1.7862899
2.3262694
2.1094272
2.4368165
3.0873425
2.4368165
2.3262694
2.3262694
1.7820382
2.9810476
2.1094272
2.6536584
2.9810476
2.4368165
3.0873425
1.565196
2.8705006
3.737869
3.0873425
2.7599535
2.1094272
1.565196
1.7862899
1.4589009
0.69782764
1.1357636
0.48098555
1.1357636
2.1136792
1.5694479
1.7862899
1.2420589
1.3526058
2.1136792
1.2420589
1.7862899
1.5694479
1.5694479
1.4589009
1.896837
1.1315118
2.1094272
1.8925852
2.003132
2.3262694
2.003132
1.4589009
1.4589009
1.0252168
1.4631528
1.2420589
0.8083746
1.3526058
1.5694479
1.1357636
1.3526058
0.15359649
0.8083746
1.0252168
0.9189216
1.1357636
0.59153247
1.0252168
0.69782764
1.6757431
1.8925852
1.348354
1.7862899
2.2199743
1.4589009
2.5473633
1.6757431
1.2420589
1.4589009
1.2420589
0.9189216
1.0252168
0.69782764
0.3704386
1.5694479
1.2420589
1.2420589
1.896837
0.9189216
1.1357636
1.896837
1.4631528
0.48098555
1.5694479
1.2420589
1.6757431
1.6757431
1.6757431
1.2420589
2.2199743
1.1315118
1.8925852
1.4589009
1.0252168
1.7862899
1.0252168
1.2420589
2.003132
0.8083746
1.3526058
1.5694479
1.3526058
1.2420589
1.1315118
1.3526058
2.2199743
1.0252168
1.3526058
2.5473633
1.6757431
2.1094272
1.6757431
1.7820382
2.5473633
1.8925852
2.2199743
2.003132
1.4589009
3.1978896
1.565196
1.7820382
2.4368165
1.6757431
2.1094272
2.3262694
2.5431116
2.4368165
2.4368165
1.1315118
2.4368165
2.003132
1.2420589
2.003132
1.6757431
0.58728075
2.4368165
1.1315118
2.2199743
2.1094272
0.25989163
2.1136792
1.7862899
0.91466975
2.7642052
2.2199743
3.5210268
3.3041847
1.9988803
2.9767957
2.2157223
2.5431116
1.9988803
3.5210268
3.0873425
2.1094272
2.2157223
2.3262694
2.3262694
2.2199743
2.5431116
1.9988803
1.9988803
2.2157223
1.8925852
2.2199743
1.8925852
2.1094272
2.4368165
1.7862899
1.8925852
2.3262694
1.348354
2.9810476
1.8925852
1.565196
2.1094272
1.348354
2.003132
1.4589009
1.5694479
1.6757431
2.003132
1.8925852
1.6757431
2.4368165
1.7862899
1.4589009
2.003132
1.6757431
2.2199743
1.1315118
2.003132
2.4368165
1.6757431
1.020965
2.9810476
1.4589009
1.565196
1.020965
2.7642052
1.348354
1.8925852
1.348354
1.8925852
2.003132
0.91466975
2.9810476
2.1094272
2.5431116
2.4368165
2.1094272
2.6536584
1.565196
2.2199743
1.4589009
2.2199743
2.003132
1.4589009
2.6536584
1.348354
2.3262694
0.8041228
2.4368165
2.2199743
2.003132
2.8705006
1.9988803
2.2199743
2.4368165
1.6757431
2.6536584
3.0873425
2.8705006
3.1978896
1.8925852
2.1094272
2.1094272
2.1094272
2.4368165
2.1094272
1.1315118
1.4589009
0.91466975
2.1094272
2.3262694
1.9988803
2.2157223
1.348354
1.8925852
3.1978896
1.348354
0.69782764
2.2199743
1.6757431
0.91466975
1.565196
2.2199743
1.8925852
2.5473633
1.8925852
2.6536584
1.8925852
2.2199743
2.5431116
1.7820382
2.3262694
1.348354
3.0915945
2.003132
2.2157223
2.8705006
2.2199743
2.6536584
2.4368165
2.5431116
2.6536584
1.8925852
1.8925852
1.237807
2.5473633
2.5431116
1.348354
1.6757431
2.2199743
2.4368165
1.7820382
1.8925852
1.8925852
2.1094272
1.4589009
1.237807
2.4368165
1.4589009
1.9988803
1.8925852
1.6714911
2.2157223
1.565196
2.2157223
2.1094272
2.4368165
1.1315118
2.4368165
2.3262694
2.1094272
3.0873425
2.7599535
2.5431116
2.4325645
2.4325645
3.5210268
3.3041847
2.9767957
2.6494067
3.3041847
3.1936376
3.3041847
3.1936376
2.4325645
2.8662488
2.9767957
2.7599535
3.5210268
2.4325645
2.2157223
3.3041847
2.5431116
2.9767957
2.9767957
3.5210268
3.0830908
3.0873425
2.7599535
2.9767957
2.7599535
2.7599535
2.8705006
1.8883334
3.0873425
2.5431116
1.9988803
1.7820382
2.7599535
2.7599535
2.1051755
3.3041847
1.5609442
3.3041847
3.1936376
2.5431116
3.1936376
3.4104798
2.9767957
3.848416
2.7599535
4.065258
3.0873425
3.1936376
2.6494067
3.3041847
2.6494067
2.7557018
2.9767957
3.1936376
3.3041847
3.4104798
3.1936376
3.414732
3.848416
3.737869
2.4283128
3.1936376
2.6494067
3.3041847
2.5388596
2.6494067
3.5210268
2.5388596
2.7599535
2.9767957
3.6273217
2.6494067
2.7599535
2.4325645
2.6494067
2.9767957
2.9767957
3.5210268
3.737869
2.9767957
2.6494067
3.4104798
3.1936376
3.4104798
4.065258
3.6273217
3.6273217
2.6494067
3.6273217
2.4325645
2.9767957
3.737869
3.3041847
4.065258
3.4104798
3.4104798
3.954711
2.7557018
3.737869
3.1936376
4.605237
3.406228
4.4946904
4.8220797
4.4946904
4.167301
4.0610065
5.038922
3.5167751
4.0610065
4.0610065
4.3841434
5.038922
5.038922
4.4946904
4.7115326
4.7115326
4.4946904
4.928375
4.7115326
3.9504592
4.3841434
4.8178277
5.1452165
5.0346694
5.0346694
6.450521
5.578901
5.3620586
5.90629
5.0346694
5.90629
4.928375
5.795743
5.3620586
5.3620586
5.0346694
5.578901
5.0346694
5.3620586
4.7115326
5.2557635
3.9504592
4.605237
4.167301
4.2778482
3.078839
3.8399122
4.0610065
5.1452165
3.9504592
4.3841434
4.0610065
3.9504592
4.8220797
4.7115326
5.1452165
4.2735963
5.3620586
5.251512
5.2557635
5.1452165
5.795743
4.6009855
4.8178277
3.8399122
5.4726057
5.2557635
5.583153
4.7115326
5.1452165
4.167301
3.9504592
3.844164
4.605237
4.2778482
3.9504592
4.2778482
4.0610065
3.5167751
4.0610065
4.167301
5.4768577
3.9504592
4.167301
4.7115326
4.928375
5.795743
5.0346694
4.928375
4.928375
4.4946904
5.038922
4.7072806
5.3663106
4.167301
4.167301
4.2778482
5.038922
4.4946904
4.167301
3.189386
4.2778482
4.0610065
3.0830908
3.4104798
4.171553
3.1936376
3.0830908
3.1936376
3.0830908
3.1936376
3.0830908
3.631574
3.1936376
3.1978896
4.065258
3.0830908
3.1936376
3.0830908
4.2821
3.954711
3.954711
3.844164
3.844164
3.189386
4.715784
2.9767957
3.4104798
2.8662488
3.1936376
3.5210268
3.4104798
3.4104798
2.8662488
3.1936376
2.7599535
2.4325645
2.4325645
1.7820382
2.7599535
1.9988803
1.565196
2.9767957
2.7599535
2.7599535
3.3041847
3.3041847
3.3041847
2.4325645
3.5210268
3.848416
2.5388596
3.5210268
3.1936376
3.4104798
3.0830908
3.737869
3.3041847
2.5388596
2.4325645
3.3041847
3.3041847
2.5431116
3.0873425
2.3220174
3.848416
3.3041847
2.9767957
2.9767957
3.6273217
2.7599535
3.848416
3.737869
3.4104798
2.9767957
2.9767957
2.7599535
2.7599535
3.5210268
3.1936376
3.1936376
3.0830908
2.8662488
3.3041847
3.4104798
2.9767957
3.737869
3.3041847
2.9767957
3.3041847
3.5210268
2.9767957
3.3041847
3.3041847
3.6273217
3.737869
2.8662488
3.1936376
2.6494067
3.737869
2.9767957
2.9767957
2.9767957
3.1936376
2.6494067
3.0830908
2.9767957
2.8662488
3.5210268
3.6273217
3.4104798
2.7599535
3.0830908
3.1936376
3.3041847
3.4104798
3.737869
2.9767957
3.737869
3.737869
3.848416
3.1936376
3.1936376
3.3041847
3.848416
3.5210268
3.737869
3.1936376
3.954711
3.1936376
3.4104798
3.954711
2.8662488
4.171553
3.5167751
3.4104798
3.5210268
3.631574
3.6273217
3.5210268
3.4104798
3.4104798
3.5210268
3.0830908
3.5210268
3.1936376
3.631574
2.8662488
3.4104798
3.3041847
3.848416
2.6494067
3.737869
3.5210268
3.1936376
2.9767957
3.6273217
3.848416
3.1936376
3.3041847
3.737869
3.5210268
2.9767957
3.5210268
3.5210268
2.8705006
3.631574
2.4368165
3.3041847
2.5431116
3.0873425
2.6536584
3.414732
2.5431116
3.1978896
2.2157223
1.9988803
2.6536584
2.5431116
2.5431116
2.3262694
2.6494067
2.5431116
3.5210268
2.8705006
2.9810476
2.2199743
1.237807
2.4368165
1.8925852
2.3262694
2.3262694
1.6757431
2.3262694
1.2420589
1.0252168
2.003132
1.6799948
0.9189216
1.0294685
0.15359649
2.1136792
0.26414344
1.3526058
0.04730134
1.3526058
0.3746904
0.59153247
0.3746904
0.59153247
1.1357636
0.69782764
0.8083746
0.26414344
1.5694479
1.0252168
1.896837
0.69782764
1.7862899
2.6536584
2.2199743
3.5252786
2.7599535
2.7599535
1.7820382
1.8925852
1.7820382
0.91466975
1.7862899
0.8083746
1.7862899
0.91466975
2.7642052
2.6536584
1.8925852
2.4368165
1.6714911
3.3041847
2.3262694
3.1978896
2.003132
2.4368165
1.9988803
3.631574
3.1936376
3.5210268
2.8705006
2.6536584
3.3041847
2.8705006
2.8705006
2.7642052
2.8705006
2.1094272
2.8705006
2.2199743
2.4325645
2.7599535
2.5431116
3.0873425
3.3041847
3.3041847
3.1936376
2.7599535
3.414732
3.954711
3.3041847
3.1936376
3.3041847
2.6494067
3.5210268
2.5431116
2.9767957
2.5431116
3.1978896
3.848416
2.6494067
3.631574
2.2157223
3.3041847
2.4325645
3.1936376
3.631574
3.1936376
2.9767957
3.737869
2.6494067
3.631574
3.954711
3.1936376
4.2821
4.171553
3.7336173
4.0610065
3.4104798
4.4946904
3.844164
4.0610065
3.844164
3.844164
4.171553
4.2778482
4.715784
3.4104798
3.844164
4.0610065
4.605237
4.605237
3.7336173
4.4946904
4.8220797
4.7115326
3.9504592
5.4726057
5.2557635
4.7115326
3.844164
4.8220797
5.038922
5.1452165
5.578901
5.251512
5.578901
5.578901
5.0346694
6.123132
5.468354
6.667363
6.339974
6.012585
6.2294273
6.9905005
6.4462695
5.902038
7.096796
7.207342
6.5525646
6.4420176
7.313638
6.5525646
7.6410265
7.207342
6.769407
7.4241843
6.663111
6.5525646
6.3357224
7.5304804
7.636775
8.2915535
7.309386
7.74307
8.070459
8.614691
7.309386
7.092544
8.508395
9.158921
8.614691
9.15467
8.720985
7.853617
6.3314705
6.986249
6.2251754
7.5304804
7.636775
8.504144
9.15467
9.482059
9.375764
7.309386
8.181006
7.203091
8.508395
7.74307
9.809448
8.933577
9.36726
10.128334
10.23888
11.437889
10.566269
10.243132
10.132585
10.02629
10.455723
11.539933
13.925196
14.137786
16.306208
18.699974
18.47888
18.26204
18.368332
17.615763
17.071531
14.682017
13.920944
13.270417
12.292503
12.079912
12.628395
11.646228
11.323091
10.23888
9.15467
8.8315325
8.508395
8.720985
10.132585
11.323091
13.491511
15.336795
17.938902
18.26204
18.257786
18.80627
18.699974
17.505217
15.770479
14.792564
13.920944
14.469427
14.903111
15.013659
13.712605
13.1726265
11.654732
10.893659
10.136837
9.15467
9.588354
11.216796
12.411553
13.278922
13.929449
15.230501
15.659932
15.876775
16.527302
16.960987
17.18208
17.071531
15.987322
15.447342
14.14629
12.951532
12.301006
12.407301
12.411553
11.101996
11.646228
11.969365
11.646228
12.301006
11.216796
10.455723
10.6725645
11.106249
12.407301
12.840985
15.230501
15.226248
16.204163
15.761976
15.770479
15.659932
15.226248
15.664186
15.447342
14.575723
14.469427
13.929449
13.278922
12.734691
12.407301
13.602058
13.708355
13.274671
13.385218
13.168375
11.973618
12.517848
11.973618
12.951532
13.495763
12.730438
13.708355
13.597807
14.035743
13.597807
14.690521
13.168375
13.062079
11.867322
11.756775
11.867322
11.977869
11.867322
12.084165
11.323091
11.65048
11.65048
10.999953
11.216796
11.1105
10.566269
10.783112
10.455723
11.327342
11.327342
10.783112
11.1105
11.327342
10.6725645
10.128334
11.327342
10.999953
10.349427
10.132585
10.676816
10.459974
10.566269
10.999953
10.889407
11.327342
11.327342
10.999953
10.893659
9.698901
7.857869
6.663111
6.012585
5.3620586
4.3883953
3.1936376
-0.7180237
-2.0148246
-5.709644
-3.7495613
-2.771646
-0.38213107
0.05155315
0.1578483
-0.7137719
0.3746904
2.1094272
4.8220797
7.207342
10.349427
12.947281
13.049324
13.155619
14.682017
15.447342
15.56214
13.39372
11.875826
8.623194
4.8220797
2.4325645
1.1315118
-0.06324561
0.26414344
1.6799948
0.9189216
-0.4884262
-2.006321
-2.006321
0.055804953
1.9010887
4.6094894
6.450521
8.295805
9.486311
10.783112
12.738942
12.301006
13.066331
10.999953
11.004206
8.725238
7.313638
5.689448
4.4989424
3.0873425
1.2420589
1.5694479
1.5694479
1.5694479
1.2420589
1.4631528
-0.8200671
0.5957843
0.59153247
2.4325645
4.0610065
6.450521
6.663111
8.835785
8.185258
9.052627
7.317889
5.3620586
5.689448
5.583153
5.3663106
6.1273837
5.2557635
4.928375
4.8220797
3.954711
3.848416
3.7421207
2.6536584
2.65791
0.8083746
1.6799948
0.7020795
2.2199743
3.3041847
3.737869
4.3883953
5.2557635
4.3883953
3.299933
3.4104798
3.5210268
3.5210268
3.0873425
2.6536584
2.7642052
2.5473633
2.9810476
2.8705006
4.065258
2.9767957
3.631574
3.3041847
3.0873425
2.9767957
3.3084364
3.0915945
2.8747523
2.4368165
2.9810476
3.0873425
4.3926473
2.9767957
3.631574
2.8705006
2.9767957
2.6536584
3.414732
3.1978896
3.631574
2.7599535
2.8705006
3.631574
3.1978896
2.7642052
3.1978896
3.1978896
3.3041847
3.5210268
2.7599535
3.5210268
2.8705006
2.7599535
2.4368165
3.631574
2.1094272
3.1978896
1.8925852
2.003132
1.7862899
2.1136792
2.2199743
2.003132
2.330521
1.1357636
1.7862899
1.2420589
2.2199743
2.330521
3.414732
1.9988803
3.631574
1.7820382
2.9810476
2.3262694
2.003132
3.3084364
2.5473633
2.7642052
3.0873425
3.3041847
3.0873425
2.8705006
2.5431116
3.848416
2.9767957
2.1094272
3.3084364
2.6536584
2.8705006
2.4368165
2.6536584
3.7421207
3.1978896
3.414732
3.631574
3.848416
2.9767957
3.3041847
3.3041847
3.631574
3.414732
3.3041847
3.631574
3.3041847
4.3926473
3.414732
3.3041847
2.9767957
2.9767957
3.631574
3.7421207
3.3041847
4.065258
3.3041847
3.1978896
3.0873425
3.1978896
3.3041847
3.631574
3.3041847
3.8526678
2.4368165
4.1758046
3.737869
3.737869
3.5210268
4.065258
3.4104798
4.065258
4.1758046
4.1758046
3.414732
3.9589627
3.631574
2.3262694
3.414732
2.6536584
3.3084364
3.0915945
2.1094272
3.1978896
3.1978896
3.7421207
2.6536584
3.3041847
3.414732
3.5252786
3.414732
3.414732
4.065258
3.5210268
4.065258
3.954711
4.6094894
3.848416
4.2821
4.171553
4.065258
4.065258
3.5210268
3.1936376
4.2863517
3.737869
3.848416
4.6094894
3.848416
3.5210268
4.1758046
4.065258
3.3041847
3.3041847
3.5210268
4.720036
4.065258
3.414732
3.3041847
3.954711
3.5210268
4.2821
3.631574
3.0873425
4.065258
4.065258
4.065258
3.5210268
4.065258
3.9589627
4.1758046
3.414732
4.065258
3.5210268
4.3926473
3.631574
3.3041847
4.065258
3.848416
4.1758046
4.1758046
3.9589627
3.0873425
3.737869
3.848416
3.848416
4.065258
3.848416
4.503194
3.414732
3.737869
2.9767957
4.2821
4.720036
4.065258
3.737869
3.737869
5.0474253
3.5210268
3.631574
3.954711
3.414732
3.5210268
3.0873425
3.9589627
3.737869
3.631574
3.0873425
4.065258
4.1758046
3.848416
4.1758046
4.720036
4.1758046
3.848416
2.5431116
3.414732
3.0873425
3.848416
3.3041847
3.848416
4.1758046
3.631574
3.5252786
3.5210268
3.414732
3.631574
2.9810476
3.3084364
3.631574
3.8526678
3.848416
3.7421207
4.06951
2.9810476
2.8705006
4.06951
2.1094272
3.1978896
3.7421207
3.9589627
3.3041847
3.3041847
2.4368165
3.7421207
2.9810476
3.6358256
2.8747523
3.3084364
2.6536584
3.0915945
2.7642052
3.1978896
3.1978896
3.0873425
2.9810476
2.8747523
3.414732
4.06951
4.2863517
4.1758046
3.414732
3.7421207
4.3926473
4.2863517
4.2821
4.613741
4.720036
3.0873425
4.2863517
3.5210268
3.848416
3.4104798
3.9589627
3.3041847
3.631574
3.631574
3.631574
3.631574
3.1978896
3.848416
2.8705006
4.1758046
3.7421207
3.631574
4.503194
4.2863517
3.848416
2.8705006
4.1758046
3.3041847
3.414732
3.1978896
3.631574
3.848416
4.1758046
4.6094894
3.3041847
3.848416
3.3041847
4.503194
4.3926473
4.3926473
3.631574
4.503194
4.1758046
3.9589627
4.6094894
4.2821
4.1758046
3.848416
4.3926473
3.631574
3.737869
4.503194
3.848416
3.3041847
3.631574
4.826331
4.826331
5.5874047
4.9326262
5.0431733
4.826331
3.6273217
4.4989424
4.9326262
4.605237
4.9326262
4.4989424
5.2600155
5.9105415
6.016837
5.6937
5.799995
5.583153
5.5874047
6.1273837
5.038922
4.8220797
5.4726057
5.583153
6.454773
6.8884573
6.016837
5.583153
5.038922
4.9326262
5.6937
5.2600155
5.4768577
5.3663106
5.2600155
5.038922
4.4946904
5.583153
5.583153
6.1273837
4.9326262
5.038922
4.9326262
5.583153
5.3663106
6.3442264
4.928375
6.016837
5.90629
5.583153
5.689448
5.90629
6.2336793
5.4726057
5.583153
5.038922
5.583153
5.799995
6.1273837
6.454773
5.583153
4.7115326
5.583153
5.2557635
6.77791
5.4726057
6.1273837
5.799995
6.123132
5.799995
7.3221416
6.1273837
5.799995
6.1273837
5.90629
6.2336793
7.1052995
6.450521
6.450521
6.016837
5.2557635
5.2557635
6.671615
5.583153
6.016837
5.3663106
6.671615
6.016837
5.4726057
6.016837
6.1273837
5.2557635
5.3663106
4.605237
5.1494684
5.4726057
5.2557635
5.3663106
4.605237
5.038922
4.9326262
5.1494684
5.583153
5.4768577
4.2778482
4.3883953
5.1537204
4.8220797
3.844164
5.1494684
4.605237
4.3883953
4.171553
4.065258
4.2821
4.4989424
4.2821
4.715784
4.3883953
4.9326262
4.715784
4.4989424
5.0431733
4.4989424
3.844164
5.3705626
4.4989424
4.171553
5.2600155
4.8220797
3.0830908
5.0431733
4.4989424
3.737869
4.4989424
4.4989424
4.2821
4.065258
4.715784
4.065258
4.3926473
4.1758046
3.4104798
3.631574
3.848416
3.1936376
4.4989424
3.3041847
3.3041847
3.848416
3.737869
3.3041847
3.414732
3.414732
3.848416
3.9589627
3.631574
3.0873425
2.9810476
3.3084364
2.7642052
1.6757431
2.6536584
3.3084364
2.8705006
2.2199743
2.8747523
2.4368165
2.3262694
3.1978896
3.9589627
3.1978896
2.4368165
2.2199743
3.3084364
2.4368165
1.896837
2.003132
1.1357636
2.1136792
2.330521
1.8925852
2.7642052
1.7862899
2.8747523
1.7862899
2.2199743
2.003132
2.330521
2.1136792
2.4368165
2.4368165
2.7642052
3.631574
3.737869
2.9767957
3.3041847
4.2821
2.9810476
2.8705006
3.5210268
3.3041847
3.1978896
3.631574
2.9767957
3.737869
3.3041847
3.4104798
4.3926473
3.737869
3.737869
4.2821
4.2821
4.171553
3.6273217
5.0431733
3.954711
4.2821
5.0431733
5.0431733
4.605237
4.8220797
5.3663106
5.9105415
5.3663106
4.8220797
5.4768577
3.844164
5.1494684
5.799995
5.3663106
5.799995
5.4726057
5.038922
5.9105415
4.7115326
5.038922
5.3663106
4.8220797
4.7115326
6.3442264
5.2557635
5.1452165
5.689448
5.689448
6.2336793
6.450521
6.016837
5.578901
6.123132
6.450521
6.339974
6.450521
6.012585
6.339974
6.4462695
5.578901
6.123132
7.317889
5.90629
7.317889
6.7736583
6.8842053
6.556816
7.1010475
7.6452785
7.317889
6.450521
7.1010475
7.096796
7.4241843
7.096796
7.4241843
7.096796
8.406352
8.185258
7.7515736
7.9684157
7.8621206
7.7515736
7.096796
7.5304804
8.074712
8.185258
8.835785
8.835785
7.9684157
8.4021
7.096796
7.857869
8.835785
7.857869
8.618942
8.725238
8.2915535
9.375764
8.725238
8.508395
9.486311
9.809448
9.158921
9.158921
9.375764
8.725238
9.269468
8.287301
9.048374
8.725238
8.2915535
9.8137
8.397848
9.158921
9.486311
8.397848
9.596858
9.703153
8.397848
10.030542
9.809448
9.482059
10.459974
10.132585
9.809448
10.459974
10.02629
10.570521
10.570521
10.353679
11.004206
10.353679
10.02629
10.02629
9.698901
9.919995
9.809448
9.375764
9.265217
10.02629
10.132585
9.482059
10.787363
9.915743
10.459974
9.375764
10.459974
10.570521
9.698901
9.809448
9.915743
9.805196
9.915743
10.676816
9.915743
10.787363
10.243132
9.809448
9.375764
9.698901
9.809448
9.698901
9.919995
9.375764
9.158921
9.703153
9.158921
9.592606
9.048374
8.725238
10.02629
9.809448
9.592606
9.265217
9.919995
9.703153
9.048374
9.15467
10.353679
9.048374
9.375764
8.176754
9.703153
9.592606
9.158921
8.720985
8.287301
9.592606
8.725238
8.94208
9.269468
9.809448
8.508395
8.614691
8.397848
7.9641643
8.94208
9.158921
9.158921
7.9641643
9.269468
9.380016
9.809448
9.809448
9.048374
8.94208
8.397848
8.070459
9.052627
9.158921
9.596858
9.158921
7.9641643
8.725238
8.508395
7.9641643
7.853617
9.052627
7.9641643
8.2915535
8.181006
8.508395
8.508395
9.052627
7.747322
8.508395
7.203091
8.185258
7.5304804
8.185258
6.8799534
7.7515736
8.2915535
7.857869
7.203091
8.185258
7.7515736
7.6410265
7.5347314
7.096796
7.9684157
7.6410265
7.6410265
7.7515736
7.5347314
8.078962
7.5347314
7.8621206
7.317889
7.317889
7.207342
7.8621206
7.317889
7.317889
7.9726677
7.4284363
6.012585
6.123132
5.90629
5.90629
6.3442264
6.3442264
5.2557635
5.799995
6.1273837
4.928375
5.583153
6.3442264
5.4768577
4.715784
4.715784
4.4989424
3.4104798
3.631574
3.5210268
4.065258
3.1936376
3.737869
4.936878
3.5210268
3.848416
3.631574
3.0873425
3.848416
4.503194
4.2863517
4.2863517
3.631574
4.1758046
3.5210268
3.631574
3.5210268
3.631574
3.848416
3.414732
2.9810476
4.06951
3.0915945
2.330521
3.3084364
2.5473633
2.65791
1.7862899
1.896837
2.4410682
1.1357636
2.1136792
2.224226
2.117931
0.48523736
1.0294685
1.6799948
1.4631528
2.65791
1.6799948
0.7020795
1.2463106
0.26839525
1.4674045
0.5957843
0.70633125
0.5957843
-0.4884262
0.05155315
0.9231734
-0.058993805
1.6842467
0.37894222
-0.16528895
-0.27158412
0.05155315
0.4894892
-0.054742
-0.054742
0.05155315
-0.054742
0.05155315
-0.38213107
0.5957843
-0.054742
-0.054742
0.27264705
-1.0326574
0.055804953
-0.054742
-0.27158412
0.27264705
-0.27158412
-0.27158412
-0.054742
0.055804953
-2.116868
-1.7852271
-3.0905313
-3.7410579
-3.7410579
-3.519964
-5.0421104
-3.9493964
-5.803184
-4.8252683
-4.9315634
-4.8210163
-4.3873324
-4.3873324
-4.1704903
-3.519964
-4.1747417
-3.8473527
-2.8736894
-2.7631423
-3.4179204
-2.8736894
-3.0905313
-3.3073738
-3.3073738
-4.9358153
-4.604174
-6.776847
-7.9716043
-7.8568063
-8.945269
-7.529417
-7.8610573
-6.6663
-5.7989316
-6.343163
-6.993689
-6.126321
-6.0200257
-5.6968884
-4.1747417
-4.9358153
-4.285289
-3.851605
-3.9578998
-3.0905313
-4.502131
-5.2632046
-5.1526575
-5.803184
-5.5863414
-6.45371
-5.475795
-5.692637
-6.343163
-6.338911
-6.560005
-6.45371
-5.369499
-3.8473527
-4.1747417
-4.068447
-3.6305108
-3.6347628
-3.5284674
-3.5284674
-3.2010784
-2.4357533
-3.1968267
-4.502131
-3.9578998
-4.4978795
-4.3873324
-4.3873324
-5.2589526
-5.2589526
-5.475795
-6.6705523
-6.126321
-5.7989316
-5.2589526
-4.502131
-4.1747417
-4.068447
-2.9799845
-4.068447
-4.285289
-2.5420485
-3.1968267
-2.7631423
-3.7410579
-4.068447
-3.851605
-3.0905313
-3.3073738
-3.4179204
-3.8473527
-4.2810373
-4.9315634
-6.015774
-5.58209
-4.714721
-4.714721
-3.851605
-3.1968267
-2.8736894
-2.4400053
-2.006321
-1.678932
-2.4400053
-2.223163
-2.6568472
-3.851605
-2.3294582
-2.4400053
-2.3294582
-2.4400053
-2.767394
-2.006321
-2.223163
-3.4179204
-3.0905313
-2.9842362
-2.0020692
-2.6568472
-2.5505521
-2.767394
-1.9000257
-1.9000257
-0.37787926
-1.7937305
-0.8115635
0.16635191
-1.2494994
-0.9221104
-1.1389525
-0.4884262
-1.0326574
-0.27158412
-0.7052683
-0.81581527
0.055804953
0.27264705
-0.81581527
-0.16528895
0.9189216
1.5694479
2.5473633
3.7421207
4.065258
5.038922
6.8884573
7.317889
7.317889
7.7515736
7.096796
6.7736583
7.1010475
6.016837
5.038922
3.5210268
1.2420589
0.5957843
-1.5768886
-1.7937305
-0.38213107
-0.2758359
2.224226
2.4368165
3.1978896
3.6358256
2.9810476
2.65791
3.3084364
3.9589627
4.9326262
5.2557635
6.556816
6.5525646
6.8799534
7.1010475
5.4726057
2.9767957
1.6799948
0.1621001
0.4894892
-0.9263622
0.055804953
0.8126264
0.7020795
2.8747523
2.5473633
3.1978896
4.1758046
3.631574
3.3041847
3.954711
4.605237
5.9105415
4.928375
5.799995
5.689448
5.583153
5.9105415
4.7115326
3.299933
3.631574
2.6494067
2.9767957
2.3262694
2.9810476
3.414732
3.1978896
4.1758046
3.631574
3.0830908
3.737869
4.605237
4.4946904
6.2336793
5.038922
5.4726057
5.583153
3.844164
4.2821
4.2821
4.1758046
4.4989424
3.5210268
4.715784
3.737869
3.954711
4.171553
4.065258
3.848416
3.848416
3.3041847
3.848416
3.5210268
4.3926473
3.848416
3.9589627
5.4768577
5.3663106
4.2778482
3.9504592
4.167301
5.4726057
6.016837
6.016837
5.4726057
4.3883953
3.6273217
3.954711
3.4104798
3.848416
3.737869
3.5210268
3.5210268
3.0830908
3.3041847
2.6536584
3.0873425
3.4104798
3.3041847
4.2821
3.844164
5.1494684
5.038922
4.0610065
5.3663106
4.9326262
4.715784
3.737869
4.4989424
3.6273217
4.0610065
4.8220797
4.8220797
5.583153
4.605237
3.848416
3.848416
2.8662488
4.3926473
3.5210268
3.4104798
3.5210268
2.8662488
3.3041847
3.1936376
3.954711
4.4989424
3.844164
4.3883953
4.4946904
4.3883953
4.171553
4.2821
4.2821
3.954711
3.954711
3.5210268
3.954711
4.171553
4.171553
4.605237
4.2778482
4.0610065
3.844164
3.954711
3.844164
3.4104798
3.844164
3.954711
4.715784
4.4946904
4.4946904
5.2557635
4.3841434
4.8220797
3.7336173
3.844164
3.844164
4.605237
4.0610065
4.0610065
4.9326262
5.0431733
3.6273217
3.299933
3.4104798
3.848416
4.065258
3.5210268
3.6273217
3.5210268
3.954711
2.6494067
3.848416
3.5210268
3.1936376
3.844164
4.171553
4.171553
4.3883953
3.299933
3.5210268
4.3926473
4.065258
3.4104798
3.737869
3.848416
3.5210268
3.0830908
3.1936376
3.1936376
4.3883953
4.4946904
4.4946904
3.954711
3.954711
3.6273217
3.631574
3.5210268
3.1936376
3.844164
4.0610065
4.2778482
4.2778482
3.189386
3.4104798
3.0830908
3.5210268
2.9767957
2.6494067
3.954711
2.972544
4.3883953
3.4104798
3.6273217
4.715784
3.844164
4.3883953
3.9504592
4.2778482
4.928375
4.0610065
4.4989424
3.4104798
3.5210268
3.1936376
3.848416
3.5210268
3.631574
2.3262694
2.7599535
4.065258
4.0610065
5.1494684
3.844164
4.4989424
3.737869
4.4989424
3.5210268
4.9326262
3.737869
4.605237
3.844164
4.715784
3.6273217
3.1936376
4.171553
4.0610065
4.605237
3.844164
3.4104798
3.737869
4.171553
3.4104798
2.7599535
3.5210268
3.5210268
3.954711
3.1936376
2.8662488
3.4104798
3.4104798
2.8662488
3.737869
3.0873425
3.3041847
3.5210268
3.5210268
3.5210268
3.3041847
2.9767957
3.848416
3.5210268
3.1936376
4.826331
4.2821
3.954711
4.3883953
4.171553
3.844164
4.2821
3.737869
3.848416
3.5210268
4.3926473
3.844164
3.4104798
4.3883953
4.3883953
4.3883953
4.8220797
4.8220797
3.954711
3.737869
3.6273217
2.9767957
4.171553
4.605237
5.2600155
4.171553
3.4104798
4.2821
3.954711
2.7599535
3.631574
3.4104798
3.3041847
2.8662488
3.737869
4.171553
4.2821
3.954711
3.954711
4.065258
4.2821
3.737869
4.065258
3.737869
3.3041847
3.4104798
4.715784
4.171553
4.9326262
4.171553
4.4946904
4.9326262
4.4989424
3.5210268
3.5210268
4.4989424
4.065258
3.737869
3.954711
3.954711
3.737869
3.844164
4.605237
3.299933
3.4104798
4.4989424
3.848416
3.5210268
4.2821
3.631574
2.7599535
3.3041847
3.737869
3.5210268
3.6273217
3.737869
3.6273217
4.3883953
3.737869
3.4104798
3.954711
4.065258
3.737869
3.954711
3.737869
3.1936376
4.6094894
3.6273217
3.954711
3.737869
4.2821
4.6094894
3.1936376
3.5210268
3.631574
3.1936376
3.631574
3.848416
3.5210268
4.065258
3.3041847
3.631574
2.4325645
3.1936376
3.5210268
3.5210268
3.3041847
2.9767957
3.5210268
3.5210268
2.8662488
3.5210268
3.6273217
3.631574
3.414732
2.6494067
3.3041847
3.4104798
3.5210268
3.737869
3.4104798
3.4104798
3.1936376
4.065258
3.737869
3.737869
3.0873425
3.5210268
2.9767957
3.9589627
3.9589627
2.7599535
2.9767957
3.3041847
3.5210268
4.065258
3.0873425
4.065258
2.9767957
3.631574
3.3041847
3.1936376
4.503194
3.631574
3.4104798
3.1978896
3.3041847
2.7599535
2.7599535
2.7599535
3.414732
3.0873425
2.3262694
2.5431116
3.3041847
3.5210268
3.737869
2.6536584
3.414732
2.1094272
2.6536584
3.3041847
3.0873425
2.8705006
3.848416
3.4104798
2.5431116
3.3041847
2.7599535
2.4325645
3.5210268
3.414732
2.5431116
2.7599535
3.5210268
2.9767957
2.7599535
4.065258
2.8662488
4.065258
3.0873425
3.1936376
3.6273217
4.065258
3.6273217
4.605237
4.3883953
3.954711
4.9326262
3.844164
4.715784
4.0610065
3.7336173
4.8220797
4.2778482
4.3883953
5.1494684
4.171553
4.715784
4.8220797
4.0610065
4.0610065
5.038922
4.167301
4.2778482
4.9326262
4.0610065
5.038922
4.605237
5.038922
5.2557635
4.928375
4.167301
5.4726057
5.4726057
5.9105415
4.8220797
4.4946904
5.038922
4.8220797
5.799995
5.689448
5.3620586
5.578901
6.016837
5.2557635
5.4726057
5.1452165
4.928375
5.90629
4.7115326
5.038922
5.90629
5.2557635
6.2336793
6.2336793
5.3620586
5.1452165
5.1452165
5.4726057
5.1452165
5.4726057
5.1452165
5.3620586
4.928375
5.3620586
5.689448
5.689448
5.2557635
5.578901
5.2557635
5.038922
4.6009855
5.038922
6.1273837
5.799995
5.578901
6.1273837
6.561068
5.2557635
6.1273837
5.2557635
4.8220797
5.038922
5.583153
6.016837
5.689448
5.583153
5.1452165
4.7115326
5.799995
4.8220797
5.583153
5.2557635
5.038922
5.689448
4.928375
5.9105415
5.2557635
4.7115326
5.3663106
5.3663106
5.1452165
5.689448
5.4726057
6.339974
5.90629
5.578901
6.450521
5.578901
5.4726057
5.799995
5.038922
4.928375
5.799995
5.689448
5.689448
5.90629
5.038922
5.0346694
4.928375
5.038922
5.583153
4.8220797
5.038922
5.038922
5.3620586
5.3663106
5.038922
5.799995
5.2557635
4.8220797
5.3663106
4.7115326
4.7115326
5.799995
3.9504592
5.038922
4.3883953
4.4989424
4.4989424
4.2778482
5.1494684
4.4946904
3.7336173
4.3883953
3.954711
4.605237
4.4946904
4.3883953
4.0610065
4.171553
3.4104798
3.954711
4.171553
4.3883953
3.737869
4.171553
3.0830908
2.8662488
3.737869
3.737869
3.954711
4.3883953
3.1936376
3.1936376
3.737869
4.065258
4.3883953
3.1936376
3.5210268
4.065258
3.848416
3.3041847
3.954711
2.9767957
3.737869
2.6494067
3.5210268
3.954711
3.1936376
3.6273217
3.1936376
3.848416
3.1936376
4.2821
3.6273217
3.737869
4.2821
3.6273217
3.6273217
3.737869
3.5210268
3.737869
2.8705006
2.5431116
3.1936376
3.5210268
3.7421207
3.5210268
3.737869
3.3041847
3.5210268
3.414732
3.631574
2.5431116
3.414732
2.7599535
3.414732
2.8705006
3.7421207
2.9810476
3.1978896
2.003132
3.0915945
1.7862899
1.0252168
0.9189216
1.1357636
1.1357636
0.3746904
1.1357636
0.9189216
1.3526058
0.9189216
1.7862899
1.5694479
1.1357636
1.3526058
0.7020795
0.8126264
-0.2758359
1.1400155
-0.058993805
0.8126264
-0.16528895
0.05155315
0.4894892
-0.054742
-0.27158412
-0.49267802
-0.054742
-1.1432043
-1.5768886
-1.0326574
-0.38213107
-0.49267802
-1.6874356
-0.16528895
-0.59897316
-0.16528895
-0.70952016
-0.59897316
-0.70952016
-0.59897316
-0.49267802
-1.1474562
-0.49267802
-1.2537513
-0.38213107
-1.0369092
-0.38213107
-1.2537513
-0.38213107
-0.27158412
-0.70952016
-0.4884262
-1.3600464
-1.6874356
-1.4705935
-0.054742
-0.9263622
0.27264705
-1.1432043
0.26839525
0.05155315
1.0294685
0.7020795
1.3526058
-0.058993805
0.48523736
-0.49267802
0.26839525
-1.1432043
-0.59897316
-0.4884262
-0.38213107
-0.70952016
-0.054742
-0.054742
-0.16528895
-0.38213107
-0.49267802
-0.81581527
-1.3600464
-1.3600464
-0.4884262
-0.38213107
-0.38213107
-0.054742
-0.16528895
-0.16528895
-0.38213107
0.27264705
-0.4884262
-0.38213107
-0.81581527
-0.4884262
-0.4884262
-0.70952016
-0.27158412
0.27264705
0.1621001
-0.59897316
-0.38213107
-0.16528895
-0.49267802
-0.9263622
-0.70952016
-0.38213107
0.1621001
0.48523736
1.2463106
1.6799948
0.8126264
0.26414344
1.2463106
-0.16528895
-0.81581527
-0.81581527
-0.27158412
-0.16528895
0.5957843
0.05155315
0.05155315
0.1578483
0.7020795
1.3526058
2.224226
0.48098555
1.2463106
1.0294685
0.1621001
0.7020795
1.5736997
0.5957843
-0.058993805
0.9189216
1.1357636
1.6757431
1.348354
2.3262694
1.9988803
2.9767957
2.972544
4.171553
5.3663106
5.9105415
5.3620586
5.799995
4.928375
5.689448
6.016837
5.578901
7.1052995
5.90629
5.3620586
5.90629
5.90629
5.90629
6.016837
5.2557635
4.2778482
5.2600155
5.4768577
5.2557635
5.799995
6.339974
6.4462695
6.986249
7.6410265
8.074712
7.857869
7.313638
8.295805
8.4021
8.074712
6.8799534
7.6410265
7.7515736
7.4241843
7.207342
6.7736583
7.1010475
5.795743
6.016837
6.2336793
5.689448
6.667363
6.016837
5.251512
5.90629
6.667363
6.339974
6.4462695
7.207342
8.078962
7.207342
7.6410265
7.857869
9.052627
8.512647
8.2915535
7.9684157
6.986249
8.2915535
8.2915535
6.8799534
7.096796
6.663111
8.078962
7.857869
7.203091
7.5304804
7.5304804
7.207342
6.8799534
6.8799534
7.096796
8.4021
7.419933
8.725238
9.809448
8.720985
9.371511
10.349427
10.132585
10.243132
9.486311
9.158921
8.725238
8.614691
9.703153
10.02629
9.482059
10.566269
11.221047
11.216796
10.570521
10.353679
8.397848
8.074712
7.9684157
7.6410265
7.747322
9.375764
9.698901
11.437889
11.765279
9.698901
8.181006
7.207342
6.339974
6.556816
5.468354
6.2294273
7.5347314
7.857869
7.9641643
9.375764
7.853617
8.074712
7.7515736
6.556816
6.339974
7.317889
6.8799534
7.636775
9.265217
9.698901
9.048374
8.94208
7.747322
8.4021
7.9684157
7.207342
7.6410265
6.663111
7.4241843
8.725238
8.937827
10.681068
10.787363
10.02629
8.508395
7.096796
6.2294273
5.4726057
4.7115326
6.016837
6.667363
6.7736583
7.096796
7.4241843
7.1010475
6.2294273
6.339974
5.578901
5.3620586
5.251512
5.578901
6.2294273
6.3357224
7.6410265
7.6410265
8.512647
7.6410265
7.207342
6.7736583
5.6851964
6.9905005
5.902038
6.986249
7.857869
7.9641643
7.857869
7.4241843
6.8799534
6.9905005
7.1010475
6.9905005
6.667363
5.902038
5.795743
7.207342
7.5304804
7.313638
7.857869
7.096796
7.4241843
7.207342
7.5347314
7.207342
7.8621206
7.4241843
7.7515736
7.207342
6.1188803
7.4241843
8.4021
7.4241843
7.5347314
6.8799534
6.4462695
6.7736583
5.795743
5.90629
5.3620586
5.1452165
5.6937
4.605237
4.605237
4.171553
4.171553
4.605237
4.171553
4.9326262
3.844164
4.4989424
4.3883953
3.6273217
4.3883953
5.3663106
5.038922
5.038922
5.2557635
5.1494684
5.1494684
4.8220797
4.4946904
5.799995
6.016837
4.4946904
5.583153
5.3663106
4.7115326
5.583153
4.4946904
5.038922
4.8220797
4.605237
4.8220797
4.0610065
4.2778482
5.1494684
4.605237
3.5167751
4.8220797
4.605237
5.3620586
5.2557635
5.583153
5.3663106
4.0610065
4.715784
4.605237
4.167301
5.799995
4.2778482
5.1452165
4.3841434
5.4726057
4.928375
5.1452165
5.2557635
4.605237
5.038922
4.2778482
4.605237
4.9326262
4.8220797
4.8220797
5.2557635
5.2557635
5.3620586
6.016837
5.689448
6.2336793
5.583153
5.4726057
5.689448
4.928375
6.016837
4.928375
5.583153
5.4726057
5.1452165
5.799995
5.4726057
5.2557635
6.016837
5.2557635
4.7115326
5.3663106
4.8220797
4.2778482
4.3883953
3.844164
4.715784
4.715784
3.4104798
4.715784
4.3883953
4.4989424
5.1494684
3.844164
3.954711
4.2778482
3.954711
3.954711
4.715784
4.4989424
4.0610065
5.038922
4.2778482
3.954711
4.8220797
3.844164
3.4104798
4.3883953
5.6937
4.8220797
4.605237
4.605237
4.605237
4.0610065
4.8220797
4.9326262
5.3663106
5.6937
4.7115326
4.605237
4.8220797
4.2778482
4.928375
6.123132
5.578901
6.123132
5.689448
4.928375
5.689448
5.3620586
4.928375
6.2336793
5.4726057
6.450521
5.90629
5.90629
5.3620586
5.4726057
5.795743
6.2336793
5.90629
5.4726057
5.689448
5.90629
5.689448
5.3620586
6.123132
6.450521
5.468354
5.90629
5.4726057
5.3620586
4.605237
5.2557635
6.1273837
5.1452165
5.689448
5.4726057
5.3663106
5.583153
5.1494684
5.038922
4.605237
4.9326262
4.605237
5.038922
5.038922
5.2557635
4.605237
4.8220797
3.844164
4.7115326
5.2600155
5.583153
4.2778482
4.4946904
4.9326262
4.7115326
5.583153
6.016837
5.038922
5.1494684
4.9326262
5.3663106
4.2778482
4.928375
4.7115326
5.799995
4.8178277
5.4726057
5.4726057
4.7115326
4.605237
5.2557635
5.583153
5.2557635
5.4726057
5.038922
5.583153
5.038922
5.583153
5.689448
5.90629
5.038922
6.339974
5.2557635
6.016837
4.8178277
6.123132
6.016837
6.556816
5.90629
5.90629
6.016837
6.016837
6.123132
5.0346694
6.016837
5.1452165
5.799995
5.90629
6.450521
5.1452165
6.123132
6.339974
6.016837
5.0346694
5.799995
5.799995
6.123132
5.2557635
6.123132
6.339974
6.339974
6.9905005
5.6851964
6.667363
6.2336793
5.689448
6.667363
6.016837
4.928375
5.2557635
6.3442264
5.689448
6.016837
5.578901
6.1273837
5.3663106
5.038922
5.2557635
4.7115326
5.4726057
5.3663106
5.1494684
5.1494684
4.928375
5.689448
5.4726057
6.2336793
6.1273837
5.583153
4.2778482
5.9105415
5.799995
4.7115326
5.583153
5.3663106
4.171553
5.3663106
5.3663106
5.4726057
5.1494684
4.7115326
4.4946904
5.2557635
4.715784
4.8220797
5.1494684
4.9326262
4.605237
5.4726057
5.4726057
5.4726057
5.578901
5.4726057
4.928375
6.2336793
6.2336793
5.90629
5.689448
5.038922
5.689448
5.90629
5.1452165
6.2336793
5.3620586
5.578901
6.667363
5.4726057
6.012585
6.450521
6.561068
5.90629
5.799995
4.928375
6.016837
5.583153
5.90629
5.689448
6.3442264
7.2115946
5.689448
6.2336793
5.583153
6.016837
5.689448
5.038922
6.1273837
6.450521
6.123132
5.90629
6.2336793
6.016837
6.016837
5.2557635
5.038922
6.1273837
4.8220797
5.3663106
5.3663106
4.4946904
6.237931
5.1494684
5.3663106
5.4726057
5.3663106
5.1494684
4.605237
4.171553
5.0431733
4.9326262
4.8220797
5.804247
5.583153
4.605237
6.237931
5.689448
4.7115326
5.1494684
5.9105415
5.4768577
4.8220797
5.2600155
5.3663106
4.0610065
5.038922
6.1273837
5.4726057
5.799995
4.9326262
5.2557635
4.171553
4.3883953
4.9326262
4.9326262
4.4989424
5.3663106
4.9326262
5.6937
5.2557635
5.4768577
5.1494684
5.038922
5.3663106
5.038922
4.4946904
5.799995
5.2557635
6.561068
6.339974
6.123132
6.2336793
6.667363
6.012585
6.556816
6.339974
5.90629
6.8842053
5.90629
5.689448
6.123132
5.90629
6.2336793
6.667363
6.8842053
7.4284363
6.556816
7.1010475
6.7736583
6.123132
7.6452785
7.317889
7.8621206
8.078962
6.4462695
6.4462695
7.5347314
6.667363
6.667363
6.667363
5.795743
5.2557635
5.90629
5.799995
6.77791
5.799995
6.454773
6.561068
4.8220797
5.799995
6.450521
6.016837
6.1273837
5.689448
5.90629
6.2336793
5.799995
5.1452165
6.123132
5.3663106
5.799995
6.016837
5.6937
5.2557635
4.605237
4.2778482
5.1494684
4.8220797
5.4768577
5.3663106
5.038922
5.799995
5.4726057
4.8220797
5.4726057
5.689448
6.671615
6.016837
5.4726057
5.583153
6.450521
5.4726057
6.3442264
5.2557635
4.8220797
5.3663106
5.799995
5.038922
6.561068
5.4726057
5.2557635
5.90629
5.689448
6.016837
6.123132
6.561068
6.123132
6.2336793
6.450521
6.9947524
5.795743
6.667363
6.450521
5.799995
6.2336793
5.90629
6.123132
5.689448
6.016837
5.90629
5.1452165
6.8884573
6.123132
6.2336793
6.2336793
5.799995
6.561068
6.123132
6.123132
6.339974
5.689448
6.2336793
5.4726057
4.7115326
6.454773
5.583153
4.8220797
5.2557635
5.038922
5.2557635
5.1494684
5.1494684
5.6937
6.237931
4.605237
4.8220797
4.9326262
4.715784
5.1494684
4.3883953
5.804247
5.2600155
4.3883953
5.2600155
4.605237
4.605237
5.6937
5.2600155
4.715784
6.0210886
4.605237
4.605237
4.8220797
4.4946904
4.605237
4.7115326
5.3663106
4.605237
4.0610065
4.8220797
4.9326262
5.6937
4.0610065
5.2600155
4.9326262
4.3883953
4.4989424
5.038922
4.605237
4.171553
5.2600155
4.9326262
4.715784
5.4768577
5.583153
5.799995
5.2557635
6.016837
5.4726057
5.4726057
6.561068
6.016837
5.1452165
6.1273837
5.2557635
5.3663106
5.3663106
5.9105415
5.583153
5.583153
5.2557635
6.016837
6.454773
5.689448
5.799995
6.671615
5.3620586
5.90629
6.77791
5.799995
5.038922
5.583153
6.3442264
6.016837
6.016837
5.2557635
5.3663106
4.9326262
5.0431733
4.605237
4.605237
4.2821
3.954711
4.6094894
4.2821
3.737869
4.4989424
4.065258
4.3926473
4.4989424
3.737869
4.2821
4.826331
4.065258
4.4989424
4.2821
4.3926473
3.954711
4.4989424
3.9589627
4.2821
3.5210268
4.826331
4.2821
3.3041847
3.848416
4.065258
3.1936376
4.826331
3.4104798
4.1758046
4.2821
3.5210268
3.848416
4.065258
3.954711
3.5210268
3.9589627
3.737869
3.5210268
3.848416
3.1936376
3.954711
3.5210268
2.5431116
3.0873425
4.065258
3.5210268
4.2821
2.9767957
3.3041847
3.9589627
2.9767957
4.1758046
3.5210268
3.737869
3.3041847
4.065258
3.737869
4.1758046
4.1758046
3.5210268
3.631574
3.414732
3.9589627
4.065258
3.848416
3.5210268
4.065258
3.9589627
4.720036
4.1758046
3.5210268
4.065258
3.5210268
4.065258
3.3041847
3.7421207
4.1758046
4.1758046
3.0873425
3.631574
3.631574
3.3041847
3.1978896
3.631574
2.9810476
3.8526678
2.4368165
2.9810476
3.6358256
2.6536584
2.5473633
2.7642052
2.5473633
3.1978896
2.4410682
2.7642052
2.5473633
2.65791
2.5473633
2.9810476
2.2199743
3.5252786
1.7862899
2.7642052
2.9810476
2.2199743
3.3084364
2.330521
2.6536584
2.4368165
3.5252786
3.1978896
3.631574
2.8705006
3.631574
3.0915945
2.2199743
1.5694479
2.6536584
2.7642052
2.9810476
2.6536584
3.414732
3.9589627
3.3041847
2.7599535
2.8705006
2.9810476
3.631574
3.0873425
3.848416
3.631574
3.848416
2.7599535
3.631574
3.9589627
2.9767957
3.9589627
3.631574
3.5210268
3.737869
3.631574
4.065258
3.848416
3.631574
3.5210268
4.1758046
3.3041847
3.954711
4.826331
4.6094894
4.4989424
3.954711
4.8220797
4.826331
5.2600155
4.171553
4.4989424
5.5874047
4.171553
5.1494684
5.1494684
4.715784
4.2821
4.715784
3.3041847
4.1758046
4.6094894
4.065258
3.954711
4.4989424
4.6094894
3.954711
4.4989424
4.171553
5.3705626
3.954711
3.7336173
4.605237
4.9326262
4.2821
4.3883953
4.3883953
4.715784
5.0431733
5.5874047
4.2821
5.1494684
5.2600155
5.1537204
4.715784
3.954711
4.6094894
5.0431733
4.4989424
4.4989424
4.715784
5.4768577
4.3883953
5.2600155
4.4989424
5.0431733
3.844164
3.954711
4.4989424
4.171553
4.171553
5.0431733
4.8220797
4.3883953
5.1494684
4.3883953
4.171553
4.605237
4.605237
4.928375
6.016837
6.3442264
5.583153
5.583153
6.77791
5.689448
6.77791
6.667363
7.2115946
5.689448
6.123132
5.795743
6.016837
7.2115946
6.450521
7.317889
7.4284363
6.2294273
6.8842053
6.7736583
7.317889
7.1010475
6.8842053
7.5347314
6.123132
6.2294273
6.7736583
6.8842053
7.317889
6.7736583
7.1010475
7.317889
6.556816
7.538984
6.012585
6.450521
6.556816
6.7736583
7.317889
7.6452785
6.9905005
7.7558255
7.1010475
6.8842053
6.9905005
6.8842053
6.012585
7.2115946
6.339974
6.556816
7.207342
7.1010475
6.9905005
7.1010475
7.317889
7.1010475
6.663111
7.4241843
7.6410265
8.078962
7.1010475
7.1010475
7.4241843
6.9905005
8.078962
7.4241843
7.4241843
7.9684157
6.8799534
6.8799534
7.5347314
7.6452785
7.207342
7.7515736
7.5347314
8.406352
7.6410265
8.078962
8.189509
7.9684157
8.185258
8.4021
7.857869
7.857869
8.618942
7.857869
8.618942
8.618942
8.725238
8.835785
8.508395
8.074712
7.857869
9.056878
8.074712
7.6410265
7.5304804
8.185258
7.857869
8.185258
7.9684157
8.185258
7.7515736
7.747322
7.747322
8.074712
8.185258
8.4021
7.9684157
7.4241843
7.5347314
7.207342
8.295805
8.185258
7.5304804
8.185258
8.078962
8.295805
7.6410265
6.8799534
8.406352
8.185258
7.9684157
7.9684157
7.5347314
7.5347314
7.207342
7.096796
8.295805
7.6410265
8.078962
8.185258
8.4021
8.185258
8.729489
7.7515736
7.4241843
8.185258
7.4241843
7.4241843
7.313638
8.074712
7.7515736
8.078962
7.7515736
8.295805
7.4241843
7.4241843
7.207342
8.078962
7.096796
8.185258
7.5347314
6.9905005
7.4241843
7.4241843
7.4241843
7.207342
7.317889
8.078962
7.6410265
6.9905005
7.5347314
7.207342
7.4241843
7.207342
7.207342
7.1010475
7.317889
6.9905005
7.6452785
7.207342
6.9905005
6.339974
6.556816
6.2294273
6.8842053
6.9905005
8.078962
7.317889
7.317889
7.207342
6.9905005
7.5347314
7.5347314
7.317889
6.9905005
7.8621206
7.8621206
6.8799534
6.7736583
7.4284363
6.8842053
6.339974
6.8842053
5.1452165
5.799995
5.4726057
5.038922
5.9105415
4.2778482
5.1494684
4.9326262
5.2600155
5.4768577
4.9326262
4.715784
4.9326262
5.804247
5.2557635
5.9105415
6.016837
5.583153
4.4946904
5.583153
5.2557635
5.038922
5.689448
5.2557635
6.1273837
5.2557635
5.4768577
5.1494684
4.0610065
4.605237
5.799995
5.3663106
4.8220797
5.4768577
4.9326262
4.8220797
4.605237
4.4989424
4.605237
3.954711
4.826331
4.3883953
4.0610065
4.9326262
4.605237
4.2778482
5.4768577
4.171553
4.605237
4.8220797
4.8220797
4.9326262
4.715784
4.715784
4.605237
4.715784
5.1494684
4.715784
4.605237
4.9326262
4.4989424
4.715784
4.0610065
4.9326262
5.1494684
5.4768577
4.605237
5.0431733
5.583153
4.9326262
5.4768577
4.0610065
4.3883953
4.8220797
4.9326262
4.8220797
4.715784
5.583153
4.605237
5.583153
5.2600155
4.3883953
4.2821
4.715784
3.631574
4.4989424
3.737869
3.737869
4.6094894
3.4104798
4.6094894
4.6094894
4.6094894
3.631574
3.5210268
4.3926473
3.5210268
3.631574
4.503194
3.5210268
3.3041847
4.830583
3.848416
3.6273217
4.065258
4.065258
4.936878
4.2821
4.2821
3.737869
4.3926473
3.737869
4.3926473
3.5210268
5.1537204
3.737869
3.6273217
4.171553
4.065258
3.3041847
4.3926473
3.848416
4.065258
4.936878
4.6094894
2.9767957
4.2821
4.826331
3.737869
4.2821
4.715784
4.4989424
5.0431733
4.715784
4.8220797
4.715784
4.9326262
4.605237
4.3883953
5.1494684
4.8220797
5.583153
5.3663106
4.171553
5.3663106
4.4989424
3.6273217
5.0431733
4.715784
4.4989424
5.038922
4.8220797
5.3663106
4.928375
5.2557635
6.016837
4.8220797
5.6937
5.2557635
5.689448
5.583153
6.1273837
5.799995
6.3442264
5.799995
6.016837
5.583153
5.583153
4.605237
4.715784
5.6979513
4.9326262
4.9326262
4.9326262
4.9326262
4.9326262
4.3883953
4.8220797
5.1494684
5.6937
5.3663106
5.038922
5.583153
5.9105415
6.237931
5.6937
5.6937
5.1494684
5.038922
5.583153
5.038922
5.799995
5.3663106
5.3663106
5.4726057
4.9326262
4.9326262
5.583153
5.4726057
6.1273837
5.9105415
6.016837
5.689448
5.689448
5.4726057
5.583153
4.928375
6.3442264
5.9105415
6.2336793
5.4726057
6.77791
6.450521
6.2336793
6.9947524
6.2336793
6.123132
5.4726057
6.450521
6.450521
6.339974
6.123132
6.561068
6.123132
5.90629
6.667363
7.1010475
6.123132
7.1010475
7.1010475
6.8842053
6.8842053
6.9947524
6.123132
6.339974
7.4284363
6.556816
6.7736583
6.556816
7.1010475
6.339974
7.6452785
7.1010475
7.538984
7.4284363
5.795743
7.7558255
6.339974
7.2115946
6.561068
6.2336793
6.016837
5.795743
6.2336793
6.77791
6.450521
6.77791
6.450521
6.561068
5.583153
6.3442264
6.671615
6.3442264
5.90629
5.3663106
6.9947524
5.689448
5.799995
6.3442264
5.3663106
6.561068
5.689448
6.561068
6.2336793
5.689448
6.450521
6.016837
6.2336793
6.450521
6.3442264
7.2115946
6.123132
5.90629
6.450521
7.3221416
6.016837
6.3442264
6.450521
6.561068
5.4726057
6.450521
6.2336793
6.3442264
6.8884573
5.90629
6.2336793
6.3442264
6.450521
5.689448
5.583153
5.583153
5.799995
5.9105415
5.689448
5.689448
6.671615
5.2557635
5.4726057
6.2336793
6.450521
6.667363
6.450521
6.9947524
5.689448
6.450521
5.90629
6.450521
6.450521
6.3442264
6.667363
6.2336793
6.8884573
6.77791
5.689448
6.3442264
6.016837
6.2336793
6.2336793
7.3221416
5.689448
6.561068
5.583153
5.799995
6.1273837
6.016837
5.2557635
6.0210886
6.1273837
5.2557635
5.583153
5.2557635
5.799995
5.9105415
6.1273837
5.038922
5.9105415
5.799995
4.8220797
5.583153
5.6937
5.3663106
6.237931
5.799995
5.038922
6.237931
5.2557635
4.7115326
5.799995
5.038922
5.2557635
6.454773
5.9105415
5.4768577
5.4768577
4.8220797
4.605237
6.237931
5.2600155
4.605237
5.1494684
5.583153
5.1494684
5.2600155
5.6937
5.3663106
4.9326262
5.799995
5.1494684
6.454773
5.3663106
5.4726057
6.1273837
5.6937
6.2336793
5.583153
5.799995
5.3663106
5.689448
6.3442264
6.2336793
5.2557635
5.799995
5.4726057
6.1273837
5.9105415
5.799995
5.9105415
6.1273837
6.77791
5.583153
7.1052995
6.561068
5.4726057
6.1273837
6.450521
6.450521
6.123132
5.90629
6.3442264
6.3442264
5.2557635
6.016837
5.2557635
5.583153
6.561068
5.9105415
5.4768577
5.038922
5.799995
6.454773
6.237931
4.2778482
5.2600155
4.8220797
5.2600155
4.715784
4.605237
5.0431733
5.3663106
4.9326262
6.237931
5.9105415
6.0210886
5.1494684
5.1494684
4.715784
5.3663106
5.0431733
5.4768577
5.4768577
5.2600155
5.1494684
5.6937
4.9326262
5.6937
5.2557635
5.6937
5.9105415
5.583153
5.3663106
5.583153
5.3663106
5.6937
5.799995
5.4726057
6.1273837
6.450521
5.799995
6.561068
5.2557635
5.583153
6.77791
5.799995
6.3442264
6.561068
6.450521
6.7736583
6.8842053
7.2115946
6.2336793
6.2336793
7.3221416
6.9947524
6.123132
7.1010475
7.2115946
6.450521
6.667363
6.667363
6.556816
8.189509
6.8842053
7.1010475
7.4284363
7.6452785
7.317889
7.6452785
7.6452785
6.7736583
8.078962
7.7515736
7.5347314
7.7515736
7.8621206
7.8621206
7.207342
7.1010475
8.078962
7.7558255
7.8621206
7.8621206
7.6452785
6.8842053
6.9947524
6.9947524
7.317889
7.1052995
6.450521
5.4726057
6.8884573
6.3442264
5.689448
6.77791
6.9947524
7.1052995
6.8842053
6.561068
7.3221416
6.2336793
7.538984
6.77791
7.3221416
7.6452785
7.6452785
8.300056
7.5347314
6.8842053
6.556816
7.3221416
7.9726677
6.8842053
7.7558255
6.7736583
7.538984
6.8842053
7.1010475
6.8842053
7.4284363
7.1010475
7.2115946
6.8842053
7.5347314
6.556816
6.8799534
7.5347314
8.078962
7.4241843
7.5347314
8.078962
8.078962
7.5347314
7.8621206
7.313638
8.406352
6.9905005
7.207342
7.7515736
7.317889
7.8621206
7.8621206
8.623194
8.078962
8.295805
6.9905005
8.295805
8.295805
6.7736583
7.5347314
8.295805
7.5347314
8.295805
8.623194
8.512647
8.295805
8.078962
7.4241843
7.7515736
7.207342
7.4241843
7.8621206
7.9684157
7.317889
7.317889
7.6452785
7.1010475
6.8842053
7.3221416
6.8842053
6.77791
7.3221416
5.90629
6.561068
6.77791
6.3442264
6.9947524
6.77791
7.4284363
6.339974
7.2115946
6.339974
6.77791
6.8842053
7.3221416
7.538984
6.450521
6.2336793
6.9947524
5.90629
7.2158465
6.667363
6.9947524
7.1010475
6.77791
6.450521
6.450521
5.799995
6.3442264
6.123132
5.4726057
6.2336793
6.667363
5.4726057
6.667363
6.667363
6.339974
6.667363
6.123132
6.450521
6.556816
6.667363
6.8842053
6.9905005
7.2115946
7.317889
7.317889
6.8842053
7.5347314
7.5347314
8.078962
7.317889
6.7736583
8.295805
7.7515736
7.7515736
7.8621206
6.8799534
8.189509
7.096796
7.9684157
7.317889
7.9684157
7.9684157
7.8621206
8.185258
7.7515736
8.4021
8.078962
7.6410265
8.185258
8.946331
7.7515736
8.840036
8.295805
7.7515736
7.207342
8.406352
7.317889
7.7515736
8.185258
8.623194
8.078962
8.295805
7.7515736
7.7515736
8.406352
7.7515736
8.078962
7.6452785
7.207342
8.078962
7.8621206
7.207342
7.8621206
7.7515736
7.8621206
7.8621206
7.5347314
7.5347314
8.078962
7.207342
7.8621206
7.207342
8.516899
8.295805
7.4241843
8.406352
7.5347314
7.207342
7.5347314
7.8621206
7.5347314
6.2294273
6.8842053
6.7736583
6.667363
8.300056
7.6452785
8.078962
7.5347314
6.663111
7.5347314
7.207342
7.1010475
7.1010475
7.1010475
7.5347314
7.7515736
7.8621206
8.078962
7.317889
7.8621206
7.6410265
7.7515736
8.189509
8.512647
7.7515736
7.6452785
7.9684157
6.663111
8.295805
7.7515736
7.5347314
8.078962
7.9684157
7.207342
7.207342
7.7515736
6.9905005
7.9726677
7.5347314
7.7515736
7.9684157
7.207342
8.512647
7.207342
8.295805
7.317889
7.7515736
8.078962
7.317889
6.556816
7.8621206
7.5347314
7.5347314
7.1010475
7.7558255
6.9947524
5.795743
7.1052995
7.4284363
7.2115946
7.7558255
6.9947524
6.450521
6.667363
7.9726677
7.9726677
7.6452785
7.317889
7.6452785
7.317889
6.8842053
6.556816
6.450521
6.123132
6.450521
6.016837
6.339974
6.450521
6.9947524
5.578901
6.667363
5.689448
6.671615
5.4726057
5.583153
5.583153
5.583153
5.583153
5.689448
5.799995
6.671615
5.3663106
5.6937
4.8220797
5.583153
5.6937
5.038922
6.1273837
5.3663106
5.799995
6.3442264
5.3663106
5.4726057
5.3663106
5.6937
5.9105415
5.689448
5.9105415
5.583153
5.038922
6.9990044
6.3442264
6.3442264
6.77791
6.016837
5.689448
6.556816
6.667363
6.123132
6.9947524
6.3442264
5.799995
6.8884573
6.667363
6.77791
7.1052995
6.77791
5.90629
6.012585
6.2336793
6.339974
6.450521
5.583153
6.016837
5.689448
5.583153
6.454773
6.77791
6.450521
5.689448
6.3442264
6.339974
5.90629
6.8884573
6.450521
6.3442264
6.123132
6.667363
6.561068
7.2115946
5.4726057
5.90629
6.2336793
5.90629
6.667363
6.9990044
5.578901
5.583153
6.454773
6.016837
5.578901
6.450521
6.123132
6.016837
6.8842053
6.8842053
6.667363
7.6452785
6.9947524
6.667363
6.667363
6.561068
7.1010475
7.1010475
7.1052995
6.2336793
5.90629
7.4284363
7.5347314
6.556816
6.8842053
6.556816
5.90629
6.667363
7.2115946
6.9947524
7.2115946
7.9769197
6.8842053
6.556816
7.1010475
6.663111
7.4284363
7.317889
7.8621206
6.7736583
7.317889
7.2115946
6.8842053
7.4284363
7.5347314
7.4284363
7.5347314
7.317889
7.5347314
7.207342
7.6452785
6.7736583
6.663111
7.8621206
7.6452785
6.8842053
7.5347314
6.4462695
7.317889
6.7736583
7.317889
7.317889
6.663111
7.7558255
6.9947524
6.339974
6.8842053
6.450521
6.9905005
6.556816
7.317889
6.663111
7.4284363
6.556816
6.8842053
7.317889
7.5347314
7.317889
6.9905005
7.317889
7.6452785
7.317889
6.8799534
7.6410265
6.9905005
6.9905005
7.317889
6.7736583
7.207342
7.5347314
8.406352
7.1010475
7.207342
7.317889
6.8799534
7.9684157
7.5347314
7.8621206
7.8621206
7.8621206
7.6410265
7.4241843
7.7515736
7.313638
7.4241843
7.6410265
8.406352
8.185258
8.078962
7.9684157
7.4241843
7.207342
7.6452785
7.317889
8.295805
7.207342
6.9905005
7.1010475
7.207342
7.2115946
7.1010475
7.317889
7.207342
7.5347314
7.207342
7.8621206
7.5347314
8.295805
7.6410265
7.7515736
7.207342
7.9684157
7.7515736
7.4241843
7.317889
8.078962
7.207342
6.7736583
7.2115946
7.6452785
6.556816
6.556816
6.2294273
7.2115946
6.339974
5.795743
5.90629
6.450521
6.561068
6.339974
6.012585
6.667363
7.317889
6.8842053
7.2115946
7.6452785
6.7736583
7.1010475
6.8842053
6.339974
6.8842053
7.1010475
6.339974
7.6452785
7.1010475
6.8842053
7.3221416
6.556816
6.8842053
7.1010475
6.7736583
6.339974
6.9947524
6.556816
6.2336793
7.4284363
7.1010475
6.339974
6.667363
6.556816
6.339974
7.4284363
6.556816
6.450521
7.1010475
6.77791
6.77791
6.123132
6.561068
7.6452785
6.2294273
7.2115946
6.9905005
6.7736583
7.6452785
7.5347314
6.8842053
7.9726677
7.1010475
7.4284363
7.538984
7.207342
6.4462695
6.8842053
7.317889
6.9905005
7.8621206
6.556816
7.1010475
6.8842053
6.556816
6.7736583
6.9947524
6.450521
6.339974
7.6452785
7.317889
7.5347314
7.8621206
7.1010475
6.9947524
7.7558255
7.1052995
6.2336793
5.90629
6.2336793
6.123132
6.9947524
6.2336793
6.016837
5.90629
6.1273837
6.237931
5.1494684
4.8220797
5.3663106
5.1494684
6.016837
5.583153
5.2557635
5.9105415
6.016837
5.583153
5.4726057
5.1494684
5.9105415
5.9105415
5.4726057
5.1494684
5.9105415
5.583153
5.038922
6.561068
6.2336793
5.4726057
5.799995
5.799995
5.4726057
6.1273837
5.583153
5.2557635
6.237931
5.2557635
4.8220797
6.2336793
5.689448
6.123132
6.2336793
5.90629
5.583153
5.799995
6.450521
6.2336793
6.561068
5.90629
6.2336793
6.2336793
6.450521
5.799995
6.561068
5.799995
5.689448
6.8884573
6.667363
5.799995
5.799995
6.450521
5.3620586
6.1273837
6.016837
6.450521
6.9947524
6.2336793
6.9947524
6.667363
6.450521
6.3442264
6.450521
6.450521
7.2115946
6.123132
6.123132
6.2336793
6.561068
6.561068
6.2336793
5.689448
6.1273837
5.799995
4.8220797
5.1494684
5.3663106
5.1494684
5.3663106
4.8220797
4.2778482
4.9326262
5.3663106
4.605237
5.6937
5.583153
6.0210886
4.9326262
5.804247
5.1494684
5.038922
4.9326262
5.6937
5.583153
5.3663106
4.8220797
4.4989424
5.4768577
5.4768577
5.1494684
4.8220797
5.583153
4.9326262
6.1273837
4.9326262
5.9105415
5.6937
4.8220797
6.1273837
5.9105415
4.605237
5.2557635
5.0431733
4.8220797
4.605237
5.038922
5.2600155
5.3663106
4.605237
5.2557635
4.605237
5.1494684
5.1494684
5.583153
5.799995
5.3663106
5.2557635
6.1273837
5.689448
5.799995
5.689448
6.8884573
5.689448
6.561068
5.2557635
6.454773
5.799995
5.2557635
5.799995
5.799995
6.2336793
5.689448
6.667363
6.561068
6.9947524
6.77791
6.77791
6.016837
6.9947524
5.689448
5.799995
5.90629
5.583153
6.016837
5.583153
6.1273837
5.9105415
6.016837
5.038922
6.1273837
5.038922
5.4726057
5.3663106
6.348478
5.3663106
6.0210886
5.1494684
4.4946904
5.2557635
4.8220797
5.3663106
6.0210886
5.6937
4.928375
6.016837
6.237931
6.2336793
6.454773
6.016837
7.1052995
6.016837
6.2336793
6.3442264
6.450521
6.016837
6.450521
7.1052995
6.450521
6.3442264
6.9947524
5.90629
6.123132
5.90629
5.90629
6.667363
6.3442264
6.77791
6.123132
6.77791
6.667363
6.667363
6.8842053
6.667363
7.4284363
6.7736583
6.8842053
6.8842053
6.9905005
7.317889
7.317889
6.9905005
7.5347314
7.317889
8.189509
7.1010475
7.1010475
8.295805
7.6452785
8.078962
7.207342
7.4241843
7.207342
7.1010475
7.5347314
7.7515736
6.9905005
7.207342
8.078962
7.317889
7.5347314
7.317889
7.8621206
7.5347314
6.9905005
6.7736583
6.556816
7.1010475
7.6452785
6.9905005
6.8842053
8.189509
7.317889
6.556816
6.77791
6.667363
6.8842053
6.561068
6.9947524
6.8842053
7.2115946
6.2294273
7.8663726
7.1010475
6.667363
7.1010475
7.2115946
5.90629
7.3221416
6.556816
6.7736583
7.538984
6.667363
6.339974
5.795743
6.450521
6.667363
6.016837
6.77791
6.667363
5.90629
6.667363
6.9947524
6.77791
5.90629
6.339974
6.2336793
6.8842053
6.339974
6.339974
7.3221416
6.556816
6.123132
6.7736583
6.556816
6.556816
7.2115946
7.1010475
6.339974
7.2115946
7.317889
7.6452785
6.339974
6.450521
7.538984
7.2115946
6.339974
6.339974
7.7558255
7.4284363
6.450521
6.4462695
6.339974
6.667363
6.450521
7.1010475
6.7736583
7.1010475
6.556816
6.8842053
6.667363
6.8842053
7.9726677
5.902038
7.6452785
6.7736583
6.339974
7.5347314
6.8842053
7.2115946
7.1010475
6.8842053
7.2115946
7.2115946
6.450521
6.667363
6.2336793
6.2336793
6.339974
6.9947524
6.450521
6.123132
6.123132
6.556816
6.450521
7.1010475
7.317889
6.9905005
7.8621206
7.317889
7.4284363
7.317889
6.7736583
8.406352
7.207342
7.207342
7.5347314
7.6452785
7.317889
7.317889
7.8621206
7.317889
7.6410265
7.5347314
6.8799534
7.9684157
7.5347314
7.1010475
8.078962
6.8842053
7.6452785
7.6452785
7.207342
7.317889
7.9684157
7.5347314
7.4241843
7.6452785
8.406352
7.7515736
6.9905005
7.9684157
8.078962
6.9905005
8.078962
8.078962
7.207342
8.406352
8.406352
6.7736583
7.8621206
6.7736583
7.5347314
7.5347314
7.4284363
7.5347314
6.7736583
8.516899
7.5347314
7.207342
8.406352
7.7515736
7.5347314
8.623194
7.7515736
7.7515736
8.295805
7.9684157
7.4241843
7.8621206
7.6452785
7.8621206
8.189509
7.8621206
6.8842053
7.4284363
7.6452785
6.556816
6.8842053
7.4284363
6.123132
7.649531
6.8842053
5.795743
7.2115946
7.2115946
7.5347314
7.4284363
7.6452785
7.207342
7.317889
7.317889
8.406352
8.189509
7.6452785
7.317889
7.317889
7.4284363
8.078962
6.8799534
8.189509
6.9905005
6.339974
7.4284363
6.8842053
6.123132
7.7558255
6.123132
6.123132
6.8842053
6.8842053
6.8842053
7.4284363
6.8842053
6.556816
6.9905005
6.556816
7.2115946
6.556816
7.8621206
6.8842053
6.556816
7.1010475
7.317889
7.4284363
8.189509
6.667363
7.5347314
6.7736583
6.9947524
6.8842053
6.8842053
7.2115946
7.4284363
6.556816
7.2115946
7.1010475
6.667363
7.4284363
6.7736583
8.189509
6.9905005
7.5347314
7.8621206
6.667363
7.6452785
6.2294273
7.6452785
7.1010475
6.556816
7.317889
7.1010475
7.207342
6.339974
6.667363
6.450521
5.689448
6.2336793
6.561068
6.77791
7.317889
6.339974
7.317889
6.667363
6.450521
6.667363
6.8842053
7.2115946
6.339974
7.317889
7.9726677
7.8621206
7.2115946
6.77791
7.1010475
6.123132
7.4326887
6.339974
6.123132
6.671615
6.77791
6.3442264
7.1052995
6.2336793
5.689448
6.9947524
7.2115946
6.123132
7.4284363
7.1010475
6.9947524
7.1010475
6.8842053
6.556816
7.8621206
7.4284363
7.317889
7.1010475
6.7736583
7.4284363
6.9905005
6.667363
7.4284363
6.7736583
6.561068
7.2115946
7.1010475
7.7558255
7.8621206
6.556816
7.538984
6.9947524
7.1010475
6.8842053
7.5347314
7.5347314
7.6452785
8.295805
6.7736583
7.5347314
7.6410265
7.4241843
8.189509
7.317889
6.9905005
7.7515736
7.5347314
6.7736583
7.317889
7.7515736
6.9905005
6.7736583
7.7558255
8.078962
7.4284363
7.2115946
6.2336793
6.450521
7.538984
7.2115946
6.561068
7.3221416
6.9947524
6.8842053
6.9947524
6.339974
6.339974
6.77791
6.450521
6.2336793
6.9947524
6.1273837
5.799995
6.450521
5.4726057
6.016837
6.2336793
6.2336793
6.2336793
5.90629
5.038922
5.799995
6.123132
5.689448
6.77791
6.2336793
5.583153
6.77791
6.9947524
7.3221416
6.7736583
6.2336793
6.450521
7.2115946
6.667363
7.1052995
6.450521
6.2336793
6.667363
6.016837
6.450521
6.123132
6.9947524
6.450521
6.2336793
6.667363
5.3620586
6.450521
6.8842053
6.8884573
6.9947524
7.3221416
6.339974
6.2336793
6.9947524
6.454773
6.9947524
6.667363
6.667363
7.2115946
6.3442264
6.667363
6.3442264
6.339974
5.689448
7.538984
6.561068
6.450521
6.450521
6.450521
6.8842053
6.667363
6.012585
6.2336793
6.667363
6.8884573
6.8842053
6.450521
7.1052995
6.123132
6.671615
6.1273837
5.799995
5.3663106
6.1273837
5.3663106
6.237931
5.583153
5.583153
5.799995
5.038922
6.454773
5.6937
5.1494684
5.799995
6.1273837
5.9105415
5.799995
6.1273837
5.4726057
5.799995
6.77791
6.016837
7.2115946
6.561068
5.90629
6.016837
6.2336793
6.671615
6.016837
5.2557635
5.799995
6.3442264
5.4726057
6.2336793
6.454773
5.9105415
5.583153
6.0210886
5.689448
5.3663106
6.3442264
6.561068
6.2336793
5.4726057
6.016837
6.556816
5.799995
6.8884573
5.90629
6.561068
6.667363
6.016837
6.2336793
6.123132
6.8884573
6.450521
6.8842053
7.6452785
6.8842053
7.2115946
6.8842053
6.2336793
6.450521
6.77791
5.795743
6.8842053
6.339974
7.9726677
7.4284363
7.1010475
6.9905005
7.317889
6.667363
7.2115946
6.2336793
6.450521
6.556816
7.4284363
7.1010475
6.667363
6.8842053
6.450521
6.667363
6.8884573
6.450521
6.77791
6.9947524
6.9947524
5.795743
7.2115946
6.561068
6.2336793
5.689448
6.016837
6.450521
6.2336793
7.1010475
6.556816
6.9947524
6.9947524
6.016837
6.9947524
6.450521
7.4326887
7.3221416
5.799995
6.8884573
6.561068
5.689448
5.3620586
6.016837
5.689448
6.450521
5.689448
6.8884573
6.016837
6.123132
6.2336793
6.016837
6.016837
6.2336793
6.2336793
6.016837
6.9947524
5.4726057
6.2336793
6.2336793
6.2336793
5.799995
6.667363
6.2336793
5.799995
6.2336793
5.689448
6.2336793
5.2557635
6.1273837
6.450521
6.3442264
5.799995
6.77791
5.90629
7.1052995
6.667363
5.90629
7.2115946
6.8842053
6.123132
6.450521
7.6452785
6.450521
7.4284363
7.6452785
6.7736583
7.317889
7.1010475
7.4241843
7.5347314
7.8621206
6.9905005
7.8621206
7.5347314
7.5347314
7.6452785
7.8621206
7.4284363
7.8621206
7.5347314
7.317889
6.663111
7.7515736
6.8842053
8.078962
7.207342
7.1010475
8.078962
7.207342
7.8621206
7.7515736
8.078962
8.406352
7.6410265
7.5347314
8.078962
7.7515736
7.7515736
7.317889
7.317889
7.8621206
7.317889
8.078962
7.4241843
6.8799534
7.5347314
6.9905005
7.8621206
7.5347314
6.9905005
8.406352
7.4241843
8.295805
8.295805
8.4021
7.6410265
7.5347314
8.623194
7.4241843
7.6410265
8.185258
7.7515736
7.6410265
7.5347314
7.4241843
8.4021
7.5347314
8.295805
7.7515736
7.6410265
7.7515736
7.8621206
7.5347314
7.4241843
7.5347314
8.078962
7.7515736
7.7515736
8.512647
7.9684157
7.5347314
7.207342
8.295805
8.295805
8.406352
8.185258
7.9684157
7.7515736
8.074712
7.9684157
7.857869
7.5304804
8.078962
8.185258
7.7515736
8.078962
7.4241843
8.516899
7.8621206
6.9905005
7.7515736
7.5347314
7.096796
7.317889
7.6452785
7.317889
7.1010475
7.4284363
8.078962
7.207342
7.207342
7.5347314
7.9726677
7.317889
7.1010475
8.078962
7.1010475
6.667363
7.317889
6.7736583
6.556816
6.556816
8.083215
7.5347314
7.207342
7.1010475
6.9905005
7.4241843
7.4241843
7.6410265
7.207342
7.4241843
7.747322
7.207342
7.4241843
7.9684157
7.4241843
7.7515736
7.9684157
7.207342
6.663111
7.207342
7.7515736
6.663111
7.1010475
6.8842053
6.123132
7.317889
6.556816
7.1010475
7.5347314
6.7736583
6.7736583
7.1010475
6.7736583
7.4284363
7.317889
6.4462695
7.6452785
7.207342
7.8621206
7.4241843
7.5304804
7.207342
7.4241843
7.317889
7.4241843
6.663111
7.317889
6.8799534
7.207342
7.5347314
7.207342
6.9905005
6.8799534
7.5347314
7.317889
6.663111
7.7515736
6.7736583
7.6452785
6.7736583
7.317889
7.5347314
6.4462695
6.8842053
7.7515736
6.339974
7.8621206
6.7736583
7.6452785
6.012585
7.8621206
6.556816
6.339974
7.7558255
6.7736583
7.4284363
7.4284363
7.4284363
7.4284363
6.7736583
6.556816
6.7736583
6.450521
7.2115946
7.1010475
7.2115946
6.9905005
7.2115946
6.9905005
6.4462695
7.317889
7.5347314
6.8842053
6.9947524
7.4284363
6.77791
7.1010475
7.1010475
6.339974
6.7736583
6.9905005
6.7736583
7.2115946
6.8842053
5.90629
7.538984
5.689448
5.90629
6.339974
6.339974
6.7736583
7.7515736
7.207342
7.7558255
6.9905005
7.317889
7.6452785
7.8621206
7.317889
7.317889
7.7515736
7.207342
7.7515736
6.9905005
8.623194
7.317889
7.317889
6.9905005
6.9905005
6.8842053
7.7515736
7.5347314
7.317889
6.9905005
6.9905005
7.6452785
7.4284363
8.078962
7.7515736
6.2294273
7.317889
7.317889
6.8842053
7.1010475
6.667363
6.556816
6.2294273
7.8663726
7.7558255
6.556816
6.2294273
7.1010475
5.90629
6.3442264
6.450521
5.578901
6.450521
6.016837
6.667363
6.2336793
6.561068
6.9947524
5.90629
6.77791
6.339974
6.012585
5.578901
5.799995
5.9105415
5.0346694
6.671615
6.450521
5.689448
6.2336793
6.2336793
5.3620586
6.2336793
5.689448
5.689448
5.4726057
5.799995
5.4726057
6.016837
6.016837
5.578901
6.2336793
6.1273837
5.4726057
6.016837
5.4726057
4.8220797
6.016837
6.016837
5.1452165
6.77791
6.450521
6.667363
6.450521
6.2336793
6.667363
6.4462695
6.2294273
7.2115946
7.4284363
7.538984
6.9905005
6.8842053
7.1010475
7.6452785
6.7736583
7.4284363
6.9905005
6.9905005
7.8621206
6.7736583
8.078962
6.8842053
6.450521
7.1010475
6.9947524
7.5347314
7.5347314
6.9905005
7.4284363
6.9947524
7.1052995
6.339974
6.561068
6.450521
5.578901
6.9947524
6.2336793
6.123132
5.3620586
6.2336793
5.90629
5.4726057
6.671615
5.799995
6.450521
6.123132
6.2336793
7.2115946
6.123132
6.2336793
6.77791
6.3442264
5.90629
7.1052995
6.2336793
6.3442264
6.561068
6.016837
6.450521
5.795743
6.8842053
6.667363
7.2115946
6.450521
6.9947524
6.339974
6.339974
6.450521
6.2336793
6.123132
6.339974
6.667363
6.7736583
7.1010475
6.667363
6.667363
6.667363
6.9947524
7.8621206
6.7736583
7.207342
7.317889
6.8799534
7.7515736
6.9905005
7.6410265
8.074712
7.7515736
8.406352
7.207342
7.5347314
6.9905005
6.8799534
7.6452785
7.317889
6.9905005
7.1010475
7.5347314
7.5347314
7.8621206
7.096796
7.7515736
6.9905005
7.8621206
7.317889
7.4241843
7.4241843
7.4241843
7.4241843
7.096796
8.512647
8.295805
7.317889
8.295805
7.6452785
7.1010475
7.5347314
6.7736583
7.8621206
7.1010475
7.317889
7.4284363
6.339974
6.339974
7.5347314
8.189509
6.7736583
6.8842053
7.1010475
6.8842053
8.189509
7.317889
7.207342
7.207342
6.9905005
7.5347314
6.9905005
7.7515736
6.9905005
8.078962
7.317889
7.1010475
7.1010475
6.7736583
7.317889
7.317889
7.5347314
6.9905005
7.317889
6.556816
7.4284363
6.7736583
7.7558255
6.9905005
6.8842053
6.8842053
7.5347314
6.9905005
7.7515736
7.7515736
7.5347314
7.5347314
7.9684157
7.5304804
7.8621206
7.7515736
7.5347314
8.078962
8.078962
6.8799534
8.623194
8.074712
8.185258
7.9684157
7.5347314
7.4241843
8.295805
7.5347314
7.4241843
8.512647
8.074712
8.2915535
9.163173
8.181006
8.512647
8.725238
9.052627
8.835785
8.946331
8.4021
8.295805
8.185258
8.946331
8.185258
8.729489
8.185258
7.6410265
7.6410265
7.8621206
7.7515736
7.4241843
7.5347314
7.5347314
6.9905005
7.8621206
7.8621206
7.207342
8.189509
7.5347314
6.9905005
7.207342
8.295805
7.5347314
6.8842053
6.556816
6.9905005
6.8799534
7.8621206
7.8621206
7.4241843
7.4241843
6.9905005
7.4241843
8.623194
7.207342
7.5347314
7.6452785
7.317889
7.4284363
6.4462695
7.317889
6.667363
6.339974
6.9905005
6.8842053
6.8842053
6.8842053
6.2336793
6.123132
5.689448
7.1010475
6.450521
6.450521
7.2115946
6.450521
5.795743
6.667363
6.123132
7.4284363
6.667363
6.016837
6.450521
6.339974
6.8842053
7.538984
6.123132
7.3221416
6.667363
6.450521
7.3221416
6.77791
5.689448
6.561068
7.2115946
6.123132
6.7736583
7.4284363
6.556816
6.123132
5.90629
6.339974
6.2336793
6.9947524
7.2115946
6.450521
6.016837
7.3221416
6.450521
5.689448
6.77791
6.016837
5.1494684
5.1494684
5.3663106
4.3883953
4.715784
4.9326262
4.8220797
4.715784
5.1494684
4.3883953
4.3883953
5.1494684
4.0610065
4.8220797
4.3883953
5.1494684
4.605237
4.4989424
4.9326262
4.8220797
4.715784
5.3663106
4.171553
4.605237
5.1494684
4.4946904
5.3663106
5.1494684
4.715784
5.2600155
5.1494684
4.171553
5.038922
5.038922
4.8220797
4.4946904
4.0610065
5.038922
4.8220797
4.605237
5.6937
5.4726057
4.8220797
5.038922
5.9105415
5.583153
5.689448
5.799995
5.583153
5.583153
5.3663106
5.2557635
5.2557635
4.605237
4.605237
5.6937
5.038922
4.928375
6.016837
6.3442264
5.3663106
6.016837
4.8220797
5.1494684
5.1494684
5.583153
4.8220797
5.799995
5.2557635
5.799995
4.928375
4.7115326
5.3663106
4.8220797
5.4768577
5.1494684
4.826331
5.3663106
5.583153
4.605237
4.715784
4.715784
5.5874047
5.1494684
5.1494684
5.6937
4.9326262
4.2778482
5.0431733
5.3663106
4.715784
5.1494684
5.1494684
5.4768577
6.0210886
5.1494684
5.038922
4.715784
4.9326262
5.1494684
4.9326262
5.3663106
5.6937
5.4768577
5.4768577
5.6937
5.038922
5.038922
5.038922
4.9326262
5.3663106
5.3663106
5.9105415
5.038922
4.8220797
5.1494684
5.038922
4.8220797
5.799995
5.9105415
4.7115326
5.1494684
4.8220797
5.2557635
5.583153
4.4946904
5.3663106
5.799995
5.9105415
4.8220797
4.4946904
5.9105415
4.7115326
5.583153
6.016837
5.9105415
5.583153
5.583153
5.2557635
6.450521
6.450521
6.123132
6.667363
6.016837
5.689448
5.689448
6.2336793
5.4726057
5.799995
6.2336793
5.795743
6.9947524
6.556816
6.450521
7.3221416
6.7736583
6.339974
6.8842053
6.339974
5.4726057
6.561068
6.016837
5.2557635
6.016837
6.123132
5.4726057
5.689448
5.799995
4.8220797
5.4768577
5.4726057
5.3663106
5.9105415
4.605237
5.038922
5.799995
5.2557635
5.4726057
5.583153
6.2336793
5.2557635
5.1452165
6.3442264
6.1273837
5.2557635
6.3442264
6.2336793
5.2557635
6.016837
5.689448
5.4726057
5.2557635
6.016837
5.2557635
5.4726057
6.016837
6.016837
5.90629
6.667363
6.2336793
5.4726057
6.450521
6.016837
5.583153
5.795743
6.667363
5.90629
6.1273837
5.689448
6.450521
6.123132
7.1010475
5.902038
7.6452785
6.9905005
7.317889
7.4284363
6.339974
6.556816
7.2115946
7.8621206
6.8842053
8.295805
7.6452785
7.7515736
7.7515736
7.5347314
7.207342
6.663111
7.317889
6.9905005
8.406352
7.7515736
7.207342
8.623194
7.5347314
8.406352
8.185258
7.207342
6.9905005
7.5347314
7.8621206
6.9905005
6.9905005
8.295805
6.9905005
7.8621206
7.5347314
7.5347314
6.9905005
7.7515736
7.1010475
6.556816
6.7736583
7.317889
7.4241843
6.9905005
7.207342
7.6452785
7.317889
7.207342
7.5347314
6.9905005
8.078962
6.556816
7.1010475
6.2294273
6.8842053
6.7736583
7.5347314
7.317889
7.1010475
6.7736583
6.339974
7.5347314
6.4462695
7.5347314
7.8621206
6.9905005
6.2294273
7.207342
7.207342
6.9905005
6.8799534
6.9905005
7.1010475
8.078962
7.313638
6.9905005
7.4241843
7.7515736
7.5347314
7.5347314
7.5347314
8.623194
7.7515736
7.857869
8.078962
7.8621206
7.7515736
7.4241843
8.078962
7.4241843
7.9684157
7.8621206
7.6410265
7.9684157
7.7515736
7.9684157
8.2915535
8.074712
9.380016
8.074712
8.618942
7.857869
8.835785
7.857869
8.185258
8.185258
7.7515736
8.946331
7.9684157
7.5304804
7.857869
8.185258
7.5347314
7.4241843
7.6452785
7.317889
7.9726677
6.9905005
7.7558255
7.5347314
7.207342
7.5347314
7.4241843
6.8842053
6.339974
7.4284363
6.9905005
7.317889
8.295805
8.078962
6.556816
7.5347314
7.317889
6.663111
6.7736583
6.9905005
6.9905005
7.317889
7.5347314
7.5347314
6.339974
6.667363
6.7736583
8.295805
6.9905005
7.6410265
7.6410265
7.8621206
7.8621206
7.4241843
7.207342
6.4462695
7.4284363
6.9905005
6.8799534
8.840036
7.6410265
7.313638
7.8621206
7.9684157
7.4241843
8.623194
7.5347314
6.9905005
7.8621206
7.4241843
8.078962
8.185258
7.9684157
7.096796
7.6410265
8.078962
7.8621206
7.4241843
8.078962
7.6410265
7.7515736
7.7515736
8.295805
7.207342
7.207342
7.7515736
8.185258
7.096796
7.9684157
7.9684157
7.7515736
8.295805
7.6410265
8.295805
8.185258
7.857869
7.4241843
7.6410265
8.189509
7.096796
6.9905005
7.7515736
8.078962
6.7736583
8.189509
7.207342
6.9905005
7.317889
7.8621206
8.623194
7.9684157
7.5347314
7.8621206
8.078962
7.096796
8.078962
7.7515736
8.078962
7.4241843
8.185258
8.078962
7.7515736
7.5347314
8.078962
7.207342
7.4241843
7.8621206
6.9905005
6.8842053
6.7736583
6.339974
7.6452785
7.8621206
6.7736583
7.8621206
6.7736583
7.1010475
7.1010475
6.012585
6.667363
6.556816
6.339974
7.1010475
7.4284363
7.6452785
7.8621206
7.6452785
6.9905005
6.556816
7.6452785
7.317889
7.7558255
7.1010475
6.9947524
7.4284363
7.317889
7.317889
8.078962
7.7515736
7.317889
7.8621206
7.317889
7.4284363
7.6452785
7.6452785
7.6452785
6.7736583
7.6410265
6.7736583
7.6410265
7.7515736
7.207342
7.5347314
7.317889
6.7736583
7.317889
7.5347314
7.317889
7.4284363
7.5347314
6.3357224
7.1010475
6.7736583
5.578901
6.556816
6.8842053
6.123132
6.9947524
6.556816
7.1010475
7.9726677
6.9905005
6.012585
6.8842053
7.1010475
6.9947524
7.7558255
7.207342
7.5347314
7.317889
6.339974
7.1010475
7.317889
6.450521
7.2115946
7.5347314
6.9905005
6.8842053
6.667363
7.317889
6.77791
7.317889
6.9947524
7.2115946
7.5347314
6.9905005
8.078962
7.5347314
6.2294273
6.7736583
6.8842053
6.556816
6.7736583
6.339974
6.8842053
6.556816
6.9947524
6.450521
6.77791
7.2115946
6.9947524
6.667363
6.339974
5.90629
7.1010475
6.556816
6.667363
7.538984
6.8842053
6.123132
6.667363
6.7736583
6.339974
7.2115946
7.538984
5.90629
5.90629
6.450521
6.77791
6.1273837
5.689448
6.77791
6.123132
5.90629
6.8842053
6.016837
6.012585
6.123132
6.016837
5.689448
6.561068
6.123132
6.016837
6.2336793
6.561068
5.1452165
6.016837
5.4726057
6.2336793
6.2336793
5.689448
5.90629
6.8884573
5.689448
6.2336793
5.689448
6.667363
5.90629
5.689448
6.2336793
5.038922
5.689448
5.2557635
6.016837
5.2557635
5.2557635
4.928375
5.799995
5.038922
5.583153
5.583153
5.2557635
5.583153
5.2557635
5.799995
5.038922
5.2557635
6.016837
5.799995
6.2336793
5.689448
5.799995
5.799995
5.1494684
4.8220797
4.8220797
5.583153
5.2557635
4.8220797
3.844164
5.038922
5.1494684
4.9326262
5.4726057
5.1494684
4.171553
3.954711
4.9326262
5.3663106
4.605237
5.799995
5.4726057
4.4946904
4.4946904
5.1494684
4.605237
5.038922
5.9105415
5.3663106
5.799995
6.1273837
4.7115326
5.9105415
4.928375
6.016837
6.2336793
5.3620586
5.4726057
5.583153
4.928375
5.799995
5.4726057
4.8220797
6.1273837
5.4726057
4.7115326
5.9105415
6.016837
5.3620586
5.583153
5.2557635
4.8220797
5.3663106
5.038922
4.7115326
6.1273837
5.583153
5.799995
5.4726057
5.583153
6.3442264
6.016837
4.8220797
5.1494684
4.9326262
4.2778482
4.715784
5.3663106
5.3663106
5.1494684
4.8220797
5.583153
6.016837
5.4726057
5.2557635
6.1273837
6.2336793
5.4726057
5.90629
6.450521
6.77791
6.8842053
6.123132
5.578901
6.667363
5.90629
6.2336793
6.561068
5.4726057
6.671615
5.90629
5.689448
5.689448
6.123132
5.4726057
5.4726057
7.1052995
6.012585
5.90629
6.450521
6.667363
6.556816
6.556816
7.4284363
7.5347314
7.6452785
7.313638
7.317889
7.4241843
7.207342
7.7515736
6.7736583
7.317889
7.1010475
7.317889
6.556816
6.556816
7.8621206
7.7515736
6.9905005
6.9905005
6.7736583
6.7736583
7.5347314
7.317889
7.317889
7.8621206
7.317889
7.4284363
6.556816
6.8842053
6.667363
6.667363
6.8842053
6.9905005
6.556816
6.7736583
6.9905005
6.8842053
7.1010475
5.90629
7.538984
6.8842053
6.8842053
6.450521
6.339974
6.123132
7.538984
7.4284363
5.902038
7.1010475
6.339974
7.5347314
6.9905005
6.7736583
7.096796
7.1010475
7.5347314
6.9905005
7.7515736
7.313638
7.207342
7.313638
7.5347314
7.4241843
7.6452785
7.207342
7.5347314
7.7515736
7.7515736
7.7515736
7.4241843
7.7515736
6.9905005
6.663111
7.207342
7.4241843
7.096796
7.6410265
8.295805
6.8799534
7.5347314
6.8799534
7.4241843
8.185258
8.074712
7.857869
8.185258
7.857869
7.4241843
7.6410265
7.6410265
7.207342
7.6410265
7.207342
7.9684157
7.9684157
8.295805
8.512647
8.4021
7.857869
8.4021
8.295805
8.074712
7.857869
8.508395
8.185258
8.512647
8.185258
7.6410265
8.512647
7.207342
7.207342
7.5347314
7.5347314
7.207342
7.7515736
7.4284363
7.207342
6.556816
7.6452785
6.8842053
6.2294273
7.6452785
7.317889
7.1010475
7.4241843
7.313638
7.5347314
7.4284363
8.406352
7.4241843
6.9905005
8.078962
7.4241843
8.295805
7.5347314
7.317889
7.096796
7.207342
7.4241843
6.9905005
7.8621206
7.096796
7.207342
7.207342
7.207342
7.207342
6.9905005
7.207342
7.313638
7.5347314
7.207342
7.207342
7.4241843
7.096796
7.7515736
7.6410265
8.4021
7.313638
7.6410265
7.857869
7.747322
7.747322
8.4021
8.835785
7.5304804
8.4021
8.074712
9.052627
8.4021
8.2915535
7.4241843
8.512647
7.7515736
7.6410265
8.074712
8.729489
8.185258
8.074712
8.618942
8.185258
7.4241843
7.6410265
7.857869
8.618942
8.185258
7.4241843
8.4021
8.2915535
7.5304804
7.857869
7.313638
7.6410265
7.8621206
7.317889
6.9905005
8.189509
7.6452785
7.5347314
7.317889
7.1010475
7.4284363
7.2115946
6.450521
6.9947524
6.8842053
6.9947524
7.2115946
6.123132
6.123132
6.9947524
7.317889
6.667363
6.4462695
7.317889
7.1010475
6.663111
7.5347314
6.663111
7.4241843
6.9905005
6.9905005
7.5347314
6.9905005
7.4241843
7.207342
6.012585
7.317889
6.667363
6.7736583
7.317889
6.4462695
6.8842053
6.9905005
6.7736583
6.4462695
7.207342
6.4462695
7.5347314
6.4462695
8.078962
7.317889
7.317889
7.5347314
7.7515736
7.096796
7.207342
6.8799534
7.7515736
6.8799534
7.9684157
7.4241843
7.4241843
7.4241843
7.9684157
7.5347314
7.9684157
7.7515736
7.4241843
7.5347314
7.5347314
8.512647
8.078962
6.8799534
8.512647
7.207342
8.623194
8.4021
8.078962
7.6410265
8.074712
7.7515736
7.4241843
7.4241843
6.7736583
7.8621206
7.207342
6.9905005
7.317889
6.556816
6.123132
7.2115946
6.450521
6.667363
5.468354
7.3221416
6.123132
5.795743
6.450521
7.1010475
6.556816
6.667363
6.7736583
6.123132
7.4284363
6.012585
7.1010475
7.207342
7.317889
7.317889
7.5347314
6.7736583
6.012585
6.2294273
6.7736583
6.8842053
6.556816
5.578901
5.795743
5.795743
5.90629
6.667363
5.795743
6.339974
5.795743
6.123132
6.339974
6.7736583
6.2294273
6.7736583
6.556816
6.9905005
7.317889
6.2294273
7.6452785
7.5347314
7.5347314
7.207342
7.8621206
7.317889
6.8799534
7.5347314
6.7736583
7.8621206
7.7515736
7.5347314
7.317889
7.317889
7.4284363
6.9905005
6.556816
7.317889
7.5347314
7.207342
7.1010475
6.2294273
6.339974
7.5347314
6.7736583
6.339974
7.7558255
7.1010475
5.795743
7.4284363
6.556816
6.123132
7.1010475
5.795743
5.90629
6.2336793
6.77791
5.4726057
6.77791
5.689448
5.689448
5.9105415
5.3663106
5.3663106
5.799995
5.799995
4.7115326
5.3663106
5.3663106
4.605237
5.2557635
6.2336793
6.016837
5.3620586
5.9105415
4.8220797
4.4946904
5.583153
5.799995
5.583153
6.016837
6.016837
4.8220797
5.038922
5.3663106
4.4946904
4.928375
5.583153
4.2778482
5.3663106
5.1494684
4.0610065
5.583153
5.3663106
4.8220797
4.8220797
5.2557635
4.8220797
5.689448
6.2336793
5.3663106
5.2557635
6.450521
5.90629
6.556816
6.556816
5.795743
6.556816
6.123132
6.450521
6.123132
5.799995
6.9947524
6.123132
5.90629
5.795743
6.9947524
6.012585
6.556816
6.339974
7.7558255
6.8842053
7.1010475
6.9947524
6.450521
6.339974
6.123132
6.9947524
7.1010475
6.77791
6.77791
6.2336793
6.016837
6.450521
5.90629
6.454773
5.2557635
5.583153
5.1494684
5.1494684
4.3883953
5.2600155
4.3883953
3.954711
4.715784
4.4989424
4.826331
5.0431733
4.826331
4.936878
5.804247
4.171553
5.4768577
5.1494684
5.5874047
4.715784
5.1494684
5.6937
4.605237
4.9326262
5.1494684
4.9326262
4.3883953
4.171553
4.9326262
4.605237
4.605237
4.8220797
4.0610065
4.0610065
4.171553
4.4989424
4.4989424
4.171553
4.0610065
5.1494684
5.4768577
4.8220797
4.4946904
5.9105415
4.8220797
5.038922
5.2557635
5.038922
5.3663106
6.77791
5.90629
6.3442264
6.123132
6.016837
5.799995
6.016837
5.2557635
6.8884573
5.689448
6.3442264
6.2336793
5.3620586
5.90629
6.450521
6.016837
6.3442264
5.90629
6.016837
7.2115946
6.2336793
6.667363
7.1010475
6.339974
7.2115946
6.8842053
6.450521
6.450521
6.123132
6.3442264
6.450521
5.799995
5.799995
6.016837
5.799995
5.9105415
5.799995
6.237931
5.6937
4.9326262
5.804247
5.3663106
5.2600155
5.4768577
5.6937
6.0210886
6.454773
5.3663106
5.804247
5.6937
5.3663106
6.237931
5.3663106
5.9105415
5.583153
5.4726057
5.799995
6.3442264
5.583153
5.9105415
6.1273837
5.2557635
5.583153
5.4726057
5.689448
6.8884573
5.583153
6.016837
5.038922
5.583153
5.2557635
5.4726057
6.123132
5.90629
5.795743
5.795743
6.8842053
6.123132
6.77791
6.8842053
7.4284363
6.8799534
6.7736583
7.5347314
6.9905005
6.7736583
7.6452785
6.9905005
7.5347314
8.189509
8.189509
7.5347314
7.317889
8.078962
7.7515736
7.317889
8.189509
6.9905005
7.317889
8.623194
7.5347314
7.4241843
8.189509
8.189509
8.078962
7.9684157
8.406352
7.5347314
7.207342
7.4284363
7.5347314
7.317889
8.516899
8.078962
8.078962
8.078962
7.6452785
7.1010475
7.1010475
6.9947524
6.667363
6.8842053
6.9947524
6.667363
6.450521
7.2115946
7.2115946
7.3221416
7.2115946
6.012585
6.77791
6.77791
7.3221416
5.3620586
6.9947524
6.556816
6.8842053
6.667363
6.667363
6.556816
6.556816
6.667363
6.8842053
5.578901
5.689448
7.2115946
6.339974
6.77791
6.012585
6.2336793
6.561068
5.689448
6.3442264
6.339974
6.450521
6.450521
5.689448
6.454773
6.9947524
5.689448
6.8884573
6.2336793
6.667363
6.671615
6.2336793
5.578901
6.450521
6.561068
7.2115946
6.450521
6.016837
5.90629
5.4726057
5.799995
5.4726057
6.3442264
5.583153
7.1052995
5.90629
5.689448
6.3442264
6.77791
5.4726057
5.689448
6.667363
6.450521
6.556816
6.2336793
6.77791
6.561068
6.123132
6.3442264
6.561068
5.90629
5.9105415
5.4726057
5.9105415
4.9326262
6.1273837
5.2557635
5.4768577
5.3663106
5.0431733
4.4989424
4.3883953
5.0431733
4.9326262
5.3663106
5.0431733
4.8220797
4.9326262
4.9326262
5.3663106
6.237931
5.3663106
6.0210886
6.671615
5.6937
5.1494684
5.2557635
5.1494684
5.038922
5.0431733
4.8220797
5.799995
5.038922
5.038922
5.6937
6.016837
6.016837
5.799995
5.4726057
6.450521
5.1452165
6.1273837
6.016837
6.016837
5.90629
6.2336793
7.2115946
6.016837
6.123132
7.2115946
5.90629
6.123132
6.667363
6.8842053
7.2115946
6.450521
6.8842053
6.556816
7.1010475
7.317889
6.561068
6.9947524
7.1010475
7.9726677
8.300056
6.7736583
6.667363
6.8842053
7.317889
6.8842053
7.1010475
8.078962
7.317889
6.7736583
7.8621206
7.5347314
7.317889
7.317889
7.4284363
7.6452785
7.8621206
6.8842053
7.7515736
7.7515736
6.7736583
6.9905005
7.4284363
7.7558255
6.667363
6.667363
6.450521
7.4284363
6.9947524
6.450521
6.667363
6.667363
6.123132
6.667363
7.2115946
6.123132
6.8842053
7.7558255
7.317889
6.4462695
8.078962
7.5347314
7.5347314
7.4284363
7.6452785
8.078962
7.8621206
7.4241843
7.8621206
7.4241843
6.663111
7.5347314
7.207342
6.9905005
7.8621206
7.317889
7.1010475
7.2115946
6.7736583
6.7736583
6.8842053
6.9905005
6.7736583
7.4284363
7.5347314
6.7736583
7.7558255
7.317889
7.317889
6.9905005
7.4241843
6.7736583
6.9905005
7.9684157
7.317889
7.7515736
7.4241843
8.185258
8.623194
7.7515736
7.9684157
7.7515736
6.9905005
7.5347314
7.4241843
7.5347314
7.5347314
7.9684157
7.9684157
7.6410265
8.185258
8.512647
7.4241843
7.7515736
7.8621206
7.9684157
6.8799534
7.857869
7.4241843
7.4241843
8.295805
7.6410265
7.7515736
7.207342
7.207342
7.7515736
7.096796
8.623194
7.207342
6.7736583
7.207342
7.4241843
7.207342
6.8842053
6.7736583
6.9905005
6.9905005
7.6452785
7.317889
6.2294273
6.8799534
7.6452785
6.3357224
7.5347314
6.8799534
7.9684157
7.6410265
6.663111
7.317889
7.096796
7.207342
7.1010475
7.1010475
6.663111
7.207342
7.4241843
7.207342
7.313638
7.7515736
7.7515736
7.313638
7.207342
7.317889
7.317889
6.9905005
7.207342
7.313638
8.295805
7.096796
7.4241843
7.5347314
7.5347314
7.7515736
7.4241843
8.618942
8.185258
6.8799534
7.4241843
7.857869
7.096796
8.618942
8.508395
8.4021
8.2915535
8.618942
8.185258
8.074712
8.074712
7.6410265
7.857869
7.096796
7.5304804
8.618942
8.181006
7.9641643
9.596858
8.946331
8.2915535
8.074712
8.618942
7.5304804
8.618942
8.508395
7.747322
8.185258
7.5304804
8.074712
8.074712
8.074712
7.5304804
7.6410265
8.618942
8.074712
7.096796
8.185258
7.9684157
7.9684157
7.6410265
8.512647
7.5347314
7.4241843
7.9684157
7.9684157
8.078962
7.6410265
7.313638
7.9684157
7.313638
8.835785
8.618942
8.181006
8.2915535
8.074712
7.857869
7.6410265
8.185258
6.8799534
8.185258
7.857869
7.096796
7.207342
8.078962
7.207342
7.857869
7.207342
6.3357224
7.4241843
6.9905005
7.9684157
7.9684157
6.9905005
7.4241843
7.313638
6.9905005
7.5347314
7.096796
8.078962
7.9684157
7.096796
6.663111
7.207342
6.8799534
6.9905005
7.7515736
8.189509
6.2294273
7.1010475
7.1010475
6.8842053
6.123132
6.556816
6.7736583
6.4462695
6.7736583
6.9905005
6.7736583
7.4284363
6.9905005
6.556816
6.450521
6.8842053
6.556816
6.667363
5.90629
6.667363
6.2294273
6.016837
6.123132
5.799995
6.016837
5.3663106
4.8220797
5.1494684
5.4768577
4.605237
4.8220797
4.8220797
4.2778482
4.171553
4.7115326
5.3663106
5.038922
4.8220797
5.2557635
4.4946904
5.3663106
5.4726057
5.2557635
4.2778482
5.583153
5.2557635
5.583153
5.689448
5.689448
5.2557635
5.583153
5.583153
4.605237
5.2600155
5.2600155
4.2821
3.954711
4.171553
4.171553
3.737869
3.4104798
3.737869
3.4104798
4.4989424
4.3883953
4.715784
3.6273217
3.954711
3.6273217
3.954711
4.171553
3.954711
3.5210268
3.5210268
4.3926473
3.4104798
3.737869
3.954711
3.5210268
4.2821
4.2821
4.2821
3.1936376
3.848416
4.1758046
4.065258
3.1936376
3.954711
3.631574
3.954711
2.9767957
3.6273217
4.171553
3.737869
4.4989424
4.3883953
3.5210268
4.171553
4.4989424
3.5210268
4.2821
4.826331
3.6273217
3.954711
3.954711
4.171553
3.5210268
4.4989424
4.6094894
4.4989424
4.065258
4.4989424
4.1758046
4.3926473
3.737869
4.3883953
4.826331
4.9326262
4.9326262
5.2600155
3.954711
4.171553
3.4104798
4.2821
3.848416
3.954711
3.5210268
3.848416
3.3041847
3.848416
4.065258
4.065258
4.715784
3.737869
3.3041847
4.3926473
4.2821
4.715784
4.715784
4.171553
4.8220797
5.038922
5.1494684
5.038922
4.2778482
4.928375
5.3663106
4.605237
4.8178277
4.928375
5.3663106
5.3663106
5.038922
4.3883953
5.583153
4.928375
5.038922
5.799995
5.1452165
5.689448
6.016837
5.3620586
6.123132
5.689448
5.583153
5.689448
5.4726057
5.3620586
6.450521
5.578901
6.556816
5.795743
6.123132
6.450521
5.90629
6.123132
5.90629
5.689448
6.667363
6.339974
7.3221416
7.2115946
6.8842053
6.012585
6.7736583
6.8842053
6.123132
7.1010475
6.667363
6.556816
6.7736583
7.207342
7.8621206
6.8842053
6.1188803
6.339974
7.317889
7.1010475
6.9947524
7.5347314
6.7736583
7.1010475
7.7558255
6.7736583
6.4462695
7.207342
7.5347314
8.078962
7.4241843
6.9905005
7.207342
7.6410265
7.207342
7.9684157
8.078962
8.185258
7.6410265
7.9684157
8.185258
6.769407
7.207342
7.5347314
7.317889
7.7515736
7.4241843
7.4241843
7.9684157
7.4241843
7.207342
8.295805
8.295805
8.4021
7.857869
8.4021
7.857869
7.6410265
8.618942
7.747322
8.508395
9.486311
8.835785
8.618942
9.596858
8.618942
8.618942
9.380016
9.269468
8.185258
8.946331
8.618942
7.5304804
8.181006
8.725238
9.163173
8.725238
9.596858
9.163173
9.490562
8.4021
8.185258
9.380016
9.486311
8.725238
9.269468
9.052627
8.729489
8.946331
8.185258
7.9684157
7.7515736
8.4021
8.185258
7.6410265
7.9684157
7.4241843
7.7515736
8.185258
8.078962
7.857869
7.5347314
8.4021
7.313638
6.663111
8.512647
7.857869
7.313638
8.4021
8.618942
7.857869
8.623194
8.4021
7.096796
8.406352
7.9684157
7.7515736
7.6410265
8.185258
7.857869
7.313638
7.747322
8.074712
7.857869
7.6410265
7.9684157
7.207342
8.078962
7.747322
7.313638
8.2915535
8.618942
8.618942
9.052627
9.158921
8.508395
9.052627
9.703153
8.725238
8.835785
9.052627
8.618942
10.034794
9.596858
8.397848
9.380016
9.596858
8.2915535
8.946331
9.8137
7.9641643
8.946331
8.835785
8.074712
9.163173
8.835785
8.2915535
9.052627
8.725238
8.508395
9.486311
9.269468
8.835785
8.508395
7.857869
8.835785
9.163173
9.052627
9.269468
8.185258
9.163173
7.313638
7.4241843
7.9684157
7.207342
7.7515736
7.7515736
7.4241843
8.512647
8.512647
7.747322
8.295805
8.729489
7.096796
8.185258
7.5304804
8.078962
8.189509
7.7515736
7.5347314
8.295805
7.096796
8.295805
7.6410265
7.857869
7.9684157
8.295805
7.9684157
7.4241843
7.7515736
7.5347314
7.4241843
8.078962
8.406352
7.4241843
7.8621206
7.4241843
6.9905005
7.1010475
7.4284363
6.663111
6.7736583
7.5347314
7.5347314
7.096796
7.1010475
7.8621206
7.9726677
7.317889
6.8842053
7.6452785
7.9726677
7.5347314
6.8842053
6.8842053
6.7736583
6.7736583
6.8842053
7.538984
7.1010475
6.8842053
6.7736583
6.667363
6.9947524
6.450521
5.689448
5.795743
5.689448
6.2336793
6.8884573
5.3620586
5.799995
5.799995
6.3442264
5.799995
5.3663106
5.038922
4.8220797
5.3663106
5.9105415
4.171553
5.0431733
4.4989424
3.737869
3.631574
4.6094894
4.6094894
3.5210268
3.3041847
3.5210268
4.065258
3.1936376
3.5210268
3.3041847
3.0873425
4.1758046
3.9589627
4.3926473
3.3041847
3.848416
3.5210268
3.0873425
2.3262694
3.3041847
3.3041847
3.3041847
3.631574
3.737869
3.3041847
3.3041847
3.0873425
3.1978896
2.7642052
2.9810476
2.4368165
3.414732
3.1978896
3.848416
3.848416
3.631574
4.3926473
3.3041847
3.3041847
3.9589627
3.631574
3.0873425
3.7421207
3.414732
3.631574
3.9589627
3.414732
2.8705006
3.7421207
3.3041847
3.1978896
4.1758046
3.631574
3.5252786
3.9589627
3.414732
2.9810476
3.5252786
3.0873425
3.3041847
2.7599535
3.414732
3.5252786
3.5252786
3.414732
3.414732
4.2863517
3.5210268
3.848416
3.631574
3.4104798
4.3926473
3.631574
3.3041847
3.7421207
3.8526678
2.9810476
3.1978896
3.1978896
3.1978896
3.1978896
3.1978896
3.0873425
2.5473633
2.4410682
3.0915945
2.5473633
3.3084364
3.8526678
2.5473633
2.7642052
2.7642052
3.3084364
2.9810476
3.9589627
4.3926473
4.503194
3.414732
3.631574
4.2863517
4.503194
3.848416
4.06951
3.737869
3.848416
3.848416
3.9589627
3.5210268
3.5210268
4.1758046
3.0873425
3.5210268
2.8705006
3.631574
3.954711
3.9589627
4.3926473
4.2821
3.631574
3.7421207
3.848416
4.065258
4.720036
3.5210268
3.414732
4.3926473
4.2821
4.065258
4.2821
4.3883953
3.954711
4.4989424
4.2821
5.0431733
4.9326262
5.0431733
4.065258
5.2600155
5.1494684
5.0431733
5.1494684
4.3883953
4.715784
5.6937
5.038922
5.1494684
5.038922
5.2557635
5.6937
6.561068
5.2557635
6.2336793
5.799995
6.016837
6.2336793
6.450521
6.2336793
5.799995
5.689448
6.1273837
4.9326262
5.2600155
4.9326262
4.3883953
5.5874047
4.0610065
5.0431733
5.4768577
4.171553
5.5874047
4.4989424
4.6094894
4.6094894
4.4989424
4.6094894
5.3705626
4.2821
4.3883953
5.2600155
5.2600155
4.605237
4.605237
5.038922
4.2821
4.6094894
4.715784
4.715784
4.3883953
5.2600155
4.9326262
5.4768577
5.3663106
4.2778482
5.1494684
4.9326262
4.4989424
4.3883953
5.4768577
4.8220797
5.583153
6.3442264
6.3442264
6.1273837
5.9105415
5.3663106
6.3442264
5.3620586
5.2557635
5.583153
6.1273837
5.689448
5.4726057
6.450521
5.90629
5.578901
6.339974
6.450521
6.123132
6.450521
6.561068
7.2115946
6.8842053
7.8621206
7.207342
7.317889
7.5347314
7.1010475
7.8621206
7.4241843
7.6452785
8.078962
6.9905005
7.207342
7.7515736
6.663111
7.9684157
8.512647
7.7515736
8.189509
7.5347314
7.207342
7.317889
7.4284363
7.7558255
7.1010475
7.2115946
7.317889
7.5347314
7.317889
7.1010475
7.5347314
7.5347314
7.5347314
7.2115946
7.207342
7.9726677
7.207342
7.1010475
6.8799534
6.7736583
7.5347314
7.857869
6.9905005
7.8621206
8.078962
6.7736583
7.5347314
6.663111
7.8621206
7.207342
7.207342
7.9684157
7.4241843
7.5347314
7.207342
8.078962
8.185258
6.9905005
7.096796
7.313638
7.4241843
8.729489
7.096796
8.185258
8.835785
7.9641643
8.618942
9.380016
9.269468
7.747322
8.4021
8.4021
8.725238
8.181006
8.2915535
8.508395
8.614691
9.596858
8.94208
8.725238
8.94208
8.94208
9.052627
9.486311
9.375764
9.486311
9.486311
9.703153
8.8315325
9.269468
10.464226
8.725238
8.94208
9.703153
8.94208
9.707404
9.486311
8.835785
9.8137
9.158921
9.703153
8.94208
8.94208
8.725238
8.614691
9.703153
8.618942
8.618942
8.835785
8.512647
9.596858
9.269468
8.94208
8.725238
8.618942
8.508395
7.6410265
8.185258
8.729489
8.623194
8.4021
8.185258
7.857869
8.4021
7.857869
8.4021
8.835785
8.4021
8.074712
7.6410265
7.6410265
8.295805
8.074712
8.2915535
8.185258
8.725238
7.419933
7.9641643
8.2915535
8.074712
7.313638
7.313638
6.8799534
7.9684157
7.207342
7.4241843
7.9641643
8.2915535
8.618942
7.857869
8.618942
8.074712
7.5304804
7.857869
8.074712
8.618942
7.857869
9.052627
8.508395
8.508395
9.269468
8.725238
7.5304804
8.946331
8.074712
8.074712
8.185258
8.4021
7.857869
9.052627
8.508395
8.725238
9.380016
8.94208
8.94208
8.94208
8.2915535
9.052627
9.380016
9.163173
9.596858
8.2915535
8.618942
8.725238
8.074712
8.946331
7.4241843
8.729489
7.4241843
7.6410265
6.9905005
8.078962
7.317889
6.663111
7.8621206
7.207342
6.4462695
8.295805
7.5347314
7.8621206
7.5347314
7.317889
7.317889
7.1010475
6.9905005
7.207342
8.078962
7.5347314
7.317889
7.7515736
7.4241843
6.8799534
7.8621206
7.317889
6.556816
6.8842053
6.7736583
7.1010475
7.1010475
6.9905005
6.9905005
6.4462695
6.4462695
7.317889
6.7736583
6.8842053
6.556816
7.4284363
6.9905005
6.4462695
6.7736583
6.7736583
6.7736583
7.317889
6.8799534
7.5347314
7.317889
7.317889
6.9905005
7.317889
7.5347314
6.2294273
6.9905005
6.7736583
6.556816
7.317889
7.4241843
6.9905005
6.8799534
7.4241843
7.317889
7.207342
7.317889
6.7736583
8.078962
7.7515736
7.207342
7.207342
7.6410265
7.6410265
7.5347314
6.7736583
6.339974
7.4284363
7.317889
6.339974
7.317889
6.7736583
5.578901
6.123132
7.4284363
6.123132
6.7736583
6.2336793
6.016837
5.4726057
6.2336793
6.450521
6.123132
6.016837
6.2336793
6.339974
6.2336793
6.667363
5.689448
5.2557635
6.016837
5.3620586
6.561068
6.77791
6.667363
6.667363
6.556816
5.795743
5.795743
6.450521
5.3620586
5.4726057
6.561068
5.0346694
5.578901
6.450521
5.3620586
6.123132
6.016837
4.928375
6.2336793
5.2557635
5.689448
5.3620586
5.689448
5.799995
5.251512
6.450521
6.123132
5.0346694
6.667363
6.012585
6.4462695
6.339974
7.317889
6.123132
6.450521
6.450521
5.90629
6.123132
6.8842053
5.795743
6.556816
5.795743
6.9947524
6.450521
5.578901
5.90629
5.1452165
5.90629
5.90629
6.8842053
6.556816
6.339974
6.2294273
5.795743
7.2115946
6.2294273
5.795743
7.1010475
6.339974
6.556816
6.4462695
6.9947524
6.450521
5.90629
6.450521
6.016837
5.2557635
5.689448
5.2557635
5.4726057
5.799995
5.038922
6.016837
4.928375
6.2336793
4.928375
5.90629
6.012585
5.3620586
6.667363
7.1010475
6.8842053
6.4462695
6.012585
6.7736583
7.5347314
7.7515736
6.9905005
6.8799534
7.6410265
7.207342
7.207342
7.6410265
7.5347314
7.4241843
7.096796
7.207342
6.7736583
6.9905005
6.663111
7.207342
7.6410265
6.663111
7.5347314
7.4241843
6.4462695
7.4241843
6.8799534
6.8799534
7.7515736
7.096796
6.8799534
7.8621206
7.096796
6.8799534
7.857869
7.4241843
7.096796
6.3357224
7.6410265
7.7515736
7.4241843
7.7515736
7.5347314
6.663111
7.7515736
7.096796
6.9905005
7.6410265
7.9684157
7.313638
7.6410265
7.5304804
7.6410265
7.857869
7.313638
7.6410265
8.074712
7.096796
7.6410265
8.729489
7.6410265
7.9684157
7.4241843
8.078962
7.096796
7.313638
7.207342
7.4241843
7.857869
6.8799534
7.6410265
6.8799534
8.078962
7.857869
7.7515736
7.857869
7.5304804
7.6410265
8.946331
7.4241843
7.857869
7.5304804
8.512647
7.7515736
7.9684157
7.096796
7.5304804
8.2915535
7.313638
7.313638
7.4241843
7.7515736
7.4241843
6.8799534
7.857869
7.4241843
7.9684157
7.096796
7.6410265
7.207342
6.8799534
7.4241843
7.207342
7.9684157
7.207342
6.8799534
7.5304804
7.207342
7.6410265
7.4241843
7.6410265
7.4241843
7.9684157
7.7515736
7.096796
7.7515736
8.185258
7.6410265
6.8799534
7.4241843
7.9684157
7.6410265
7.4241843
7.6410265
7.6410265
8.185258
7.7515736
7.207342
7.096796
7.313638
7.5347314
7.5347314
7.7515736
7.9684157
8.185258
7.207342
7.096796
7.5347314
7.7515736
7.4241843
6.8799534
7.7515736
7.4241843
7.317889
7.5347314
7.317889
7.317889
6.123132
7.4284363
6.339974
6.77791
6.8842053
6.123132
7.4284363
6.8842053
6.8842053
5.90629
5.689448
6.8842053
6.123132
6.450521
5.90629
5.578901
6.667363
5.795743
6.450521
5.3620586
6.016837
5.2557635
5.4726057
6.2336793
4.928375
6.450521
5.1452165
6.016837
5.799995
5.689448
4.928375
6.2336793
5.90629
6.016837
6.123132
5.4726057
5.4726057
6.450521
6.123132
6.2336793
5.90629
6.450521
5.4726057
5.90629
5.1452165
6.450521
6.450521
5.689448
5.3620586
5.90629
6.123132
6.2336793
6.561068
5.689448
6.9947524
5.2557635
5.578901
5.4726057
6.2336793
6.561068
6.123132
6.1273837
6.450521
5.90629
6.556816
6.77791
5.3620586
6.123132
6.667363
6.450521
6.667363
6.450521
5.689448
6.77791
5.689448
6.016837
6.1273837
5.9105415
5.2557635
5.2557635
5.4726057
5.2557635
5.689448
5.2557635
5.3620586
5.2557635
5.9105415
5.583153
6.123132
5.2557635
6.3442264
5.4726057
6.1273837
6.016837
5.689448
5.799995
6.016837
5.583153
5.799995
5.4726057
5.038922
6.671615
5.1452165
5.583153
5.4726057
5.2557635
5.799995
6.1273837
5.689448
4.8220797
6.561068
4.928375
5.689448
6.123132
5.689448
5.689448
6.2336793
6.016837
5.689448
6.3442264
5.1452165
5.4726057
6.2336793
5.583153
5.1452165
5.799995
5.3663106
5.4726057
5.799995
5.799995
5.90629
5.689448
6.77791
6.450521
5.1452165
6.8884573
6.2336793
5.90629
6.016837
6.561068
5.4726057
6.3442264
5.3620586
5.90629
5.4726057
5.583153
5.689448
5.3620586
6.2336793
6.1273837
5.90629
6.77791
6.561068
5.689448
5.038922
5.4726057
4.8220797
5.3663106
5.1494684
5.583153
5.6937
5.799995
4.605237
5.1494684
5.1494684
5.1494684
5.4768577
4.9326262
4.9326262
5.4768577
4.9326262
5.4768577
4.9326262
4.605237
4.0610065
5.5874047
4.4989424
4.171553
6.237931
5.1494684
4.4989424
4.2821
4.9326262
4.605237
3.737869
4.4989424
4.2821
3.954711
4.171553
4.8220797
4.605237
3.5167751
5.0431733
4.2821
2.9767957
4.2821
4.6094894
3.954711
4.2821
3.954711
3.954711
4.171553
3.5210268
3.3041847
4.065258
4.715784
3.954711
5.2600155
4.9326262
4.715784
4.826331
4.715784
4.9326262
4.4989424
4.9326262
5.4768577
4.4989424
4.171553
4.9326262
5.2600155
5.2600155
5.0431733
4.826331
5.5874047
5.1494684
5.583153
5.6937
5.1494684
5.799995
5.799995
5.6937
4.9326262
5.4768577
5.1494684
6.454773
5.1494684
5.3663106
5.038922
5.799995
5.9105415
4.2778482
5.2600155
4.605237
3.6273217
4.826331
4.4989424
3.844164
5.3663106
5.3663106
5.038922
4.715784
4.3883953
4.8220797
5.583153
6.1273837
5.2557635
6.016837
5.799995
5.3663106
6.8884573
6.016837
6.016837
6.2336793
5.583153
5.2557635
5.583153
5.1494684
5.799995
6.1273837
5.90629
5.799995
6.2336793
6.123132
5.90629
6.123132
6.016837
5.799995
6.016837
5.799995
5.9105415
6.016837
6.3442264
6.667363
5.2557635
6.2336793
6.8842053
6.667363
6.339974
6.8842053
7.3221416
6.9905005
6.667363
6.9947524
6.450521
6.123132
7.2115946
7.317889
7.4284363
7.8621206
7.5347314
7.207342
7.7515736
7.7515736
6.9905005
7.7515736
7.5347314
7.7515736
7.6452785
7.6410265
7.207342
8.295805
7.6410265
7.7515736
7.5347314
8.078962
6.556816
7.1010475
6.9905005
7.207342
7.6452785
7.9726677
7.207342
8.406352
7.317889
7.4284363
7.8621206
6.339974
6.667363
6.8842053
6.667363
6.8842053
7.8621206
7.4284363
7.317889
6.8842053
6.9947524
6.8842053
7.1010475
7.2115946
6.450521
5.90629
5.90629
6.561068
6.667363
6.77791
6.556816
6.77791
6.667363
5.90629
6.77791
6.450521
6.450521
6.450521
5.4726057
6.450521
6.123132
6.339974
6.8842053
5.795743
6.9947524
6.9947524
5.90629
6.561068
6.2336793
5.689448
5.689448
5.90629
5.578901
7.2115946
6.7736583
5.689448
6.667363
5.689448
5.4726057
6.2336793
6.667363
6.016837
6.8842053
6.556816
6.012585
6.7736583
7.317889
6.663111
7.6452785
6.339974
6.450521
6.9947524
7.2115946
6.123132
6.556816
7.317889
6.8842053
7.317889
7.317889
6.012585
7.2115946
6.667363
5.90629
5.689448
6.667363
6.016837
6.450521
6.123132
5.90629
5.795743
6.667363
6.016837
5.689448
5.038922
5.038922
5.4726057
6.016837
6.561068
5.90629
6.450521
7.1010475
5.90629
6.2336793
5.90629
5.689448
6.561068
6.561068
6.2336793
7.538984
5.468354
5.795743
6.339974
7.5347314
6.556816
7.2115946
6.8842053
6.667363
6.7736583
6.123132
6.012585
6.012585
7.1010475
7.4284363
6.663111
6.9905005
7.317889
7.207342
7.1010475
7.317889
6.4462695
6.8842053
6.9905005
7.317889
7.207342
6.7736583
7.5347314
7.4241843
7.207342
7.6410265
7.8621206
8.295805
7.8621206
7.7515736
7.4241843
7.8621206
7.317889
7.5347314
7.6410265
7.4241843
8.185258
7.6410265
7.7515736
7.4241843
7.096796
7.317889
7.6452785
7.5347314
7.7515736
7.5347314
8.078962
8.295805
8.185258
7.4241843
7.4241843
6.9905005
7.317889
7.1010475
6.7736583
6.667363
6.667363
7.4284363
6.8842053
6.556816
7.2115946
6.123132
6.123132
6.339974
6.2336793
6.450521
6.237931
5.90629
5.689448
6.339974
6.339974
7.1010475
6.8842053
6.450521
7.1010475
6.016837
7.2115946
6.9947524
7.4284363
6.339974
6.556816
6.9905005
6.7736583
7.7558255
6.9905005
7.317889
6.9905005
6.9905005
7.317889
6.556816
6.8842053
7.4284363
7.1010475
6.556816
7.317889
7.2115946
6.667363
6.7736583
6.8842053
6.339974
6.556816
5.795743
6.8842053
6.9905005
6.339974
6.556816
7.8621206
6.4462695
6.7736583
6.2294273
7.4284363
6.9905005
7.1010475
7.4284363
6.8842053
7.317889
6.667363
6.339974
7.317889
6.339974
6.7736583
7.317889
6.667363
6.2336793
5.3620586
6.9947524
6.7736583
6.7736583
7.317889
6.9905005
6.556816
6.2294273
6.8842053
6.450521
6.667363
6.016837
6.9947524
5.90629
6.339974
6.450521
5.4726057
5.799995
6.016837
5.1452165
5.9105415
6.3442264
4.2778482
5.9105415
5.038922
5.583153
5.3663106
5.038922
4.4946904
6.1273837
5.6937
5.4768577
5.2557635
5.3663106
5.1494684
5.038922
5.9105415
6.2336793
6.2336793
6.561068
6.450521
6.339974
5.90629
6.2336793
4.928375
6.016837
6.016837
5.799995
6.2336793
5.4726057
5.4726057
5.3663106
5.799995
6.3442264
6.2336793
4.8178277
5.4726057
6.016837
6.123132
5.689448
6.450521
6.667363
5.689448
6.2336793
6.556816
6.339974
6.450521
6.8842053
6.450521
6.339974
6.450521
5.689448
6.3442264
6.2336793
5.1452165
6.016837
6.450521
6.556816
6.7736583
7.317889
6.9905005
7.5347314
7.5347314
7.1010475
6.8799534
7.4241843
6.5525646
7.207342
7.7515736
7.4241843
7.317889
7.8621206
7.2115946
7.317889
6.9905005
5.90629
6.339974
5.90629
6.667363
6.450521
6.012585
7.2115946
7.207342
6.7736583
6.556816
6.9905005
7.1010475
6.8842053
6.339974
6.450521
6.339974
6.123132
6.012585
6.7736583
6.7736583
6.339974
7.207342
5.795743
5.795743
6.012585
6.339974
6.123132
6.339974
5.795743
6.9947524
6.339974
7.5347314
6.4462695
7.317889
7.7515736
6.2294273
6.2294273
6.7736583
7.1010475
6.9905005
7.8621206
7.6452785
6.7736583
7.6452785
6.1188803
6.556816
7.8621206
6.4462695
7.6452785
6.7736583
7.207342
7.5347314
6.2294273
7.317889
7.207342
6.339974
7.1010475
6.9905005
6.556816
7.1010475
8.078962
7.096796
7.7515736
7.207342
6.663111
6.9905005
7.6452785
6.663111
8.078962
7.7515736
7.7515736
7.9684157
8.295805
7.096796
7.4241843
7.313638
7.7515736
7.096796
7.6410265
7.6410265
6.9905005
6.9905005
7.4241843
6.8799534
7.7515736
7.5347314
7.207342
7.5347314
7.317889
6.556816
6.667363
6.9947524
6.556816
6.663111
6.9905005
7.6410265
7.8621206
7.207342
7.7515736
7.5347314
6.769407
7.6410265
7.4241843
7.7515736
7.7515736
7.857869
7.4241843
7.207342
7.9684157
7.7515736
7.857869
6.8799534
7.6410265
7.096796
7.096796
7.317889
7.4241843
7.5347314
6.5525646
6.8799534
7.207342
8.078962
7.9684157
7.207342
7.6410265
7.6410265
7.5347314
7.207342
7.9684157
7.7515736
7.857869
8.074712
7.6410265
8.4021
8.4021
8.623194
8.4021
7.313638
8.295805
7.857869
7.9684157
7.857869
8.512647
8.295805
7.207342
8.078962
7.7515736
7.9684157
8.074712
8.2915535
7.6410265
8.185258
8.4021
7.9684157
8.4021
8.295805
7.857869
8.295805
7.9684157
8.185258
8.4021
7.6410265
7.9684157
7.5347314
6.9905005
7.7515736
7.7515736
7.5347314
7.207342
7.7515736
8.185258
7.4241843
8.618942
8.074712
8.078962
7.747322
7.5347314
8.835785
7.747322
8.074712
7.5304804
7.6410265
7.4241843
6.8799534
7.4241843
8.4021
7.857869
7.6410265
7.6410265
7.857869
7.6410265
8.078962
8.4021
8.074712
7.9684157
8.618942
7.9641643
8.4021
7.9684157
8.2915535
7.9684157
7.6410265
7.9684157
7.857869
9.052627
7.857869
8.4021
8.074712
8.4021
7.857869
8.074712
7.5304804
8.4021
7.7515736
8.185258
8.2915535
8.185258
9.052627
8.508395
8.508395
9.380016
8.2915535
8.181006
8.074712
8.729489
8.397848
8.835785
8.835785
8.2915535
7.5304804
8.618942
8.508395
8.2915535
8.725238
8.2915535
7.747322
9.052627
7.747322
7.9684157
7.9684157
8.074712
7.6410265
7.6410265
7.207342
7.7515736
7.207342
6.9905005
6.4462695
6.663111
7.207342
7.5347314
8.623194
7.857869
7.313638
7.857869
8.2915535
7.5347314
8.078962
7.7515736
7.6410265
7.5347314
7.7515736
6.8799534
7.7515736
7.7515736
7.7515736
7.207342
7.4241843
7.5347314
7.4241843
7.6410265
7.5347314
7.5347314
7.1010475
6.8799534
6.7736583
6.8799534
7.9684157
7.4241843
8.512647
7.207342
7.207342
7.7515736
7.4241843
6.663111
7.4241843
7.8621206
7.5347314
7.317889
7.207342
7.317889
7.6452785
7.207342
8.078962
6.8799534
6.7736583
7.5347314
7.317889
7.1010475
6.9947524
7.4284363
7.1010475
7.4284363
7.2115946
7.317889
6.667363
6.4462695
6.667363
6.8842053
6.2336793
6.450521
6.561068
6.561068
5.795743
6.450521
5.90629
6.77791
5.578901
6.2336793
5.1452165
6.671615
5.4726057
4.8220797
5.2557635
5.1494684
5.9105415
5.4726057
6.1273837
4.715784
4.3883953
5.4768577
4.2821
4.171553
3.954711
4.171553
4.6094894
4.171553
3.954711
4.936878
3.954711
4.171553
3.844164
5.1537204
4.9326262
5.4768577
4.715784
4.715784
4.2821
4.9326262
4.9326262
5.4768577
4.2821
4.4989424
4.2821
4.4989424
4.605237
4.3883953
4.4989424
4.715784
3.954711
3.1936376
4.715784
3.954711
3.737869
3.5210268
4.3926473
4.171553
3.299933
4.826331
4.3883953
4.9326262
4.171553
4.171553
4.0610065
4.9326262
5.3663106
4.3883953
5.1494684
4.7115326
5.3663106
5.689448
5.038922
5.038922
5.583153
5.3663106
5.9105415
5.4726057
5.90629
6.123132
6.2336793
6.9947524
6.561068
6.339974
6.77791
6.339974
6.339974
6.8842053
6.450521
6.77791
5.583153
5.2557635
5.799995
5.2557635
6.0210886
5.2557635
5.1494684
5.583153
5.038922
5.1494684
4.9326262
4.826331
4.3883953
4.0610065
4.3883953
4.3883953
5.2600155
4.0610065
3.954711
4.9326262
4.2778482
4.8220797
4.605237
5.6937
4.9326262
5.1494684
4.3883953
5.4768577
4.605237
6.56532
5.1494684
4.171553
4.826331
4.715784
4.3883953
4.4946904
5.583153
5.2557635
4.605237
5.3663106
5.038922
5.6937
5.799995
5.6937
5.1494684
5.3663106
5.038922
5.4726057
5.689448
5.4726057
5.799995
4.928375
5.038922
5.583153
5.038922
5.799995
6.123132
6.667363
5.90629
6.339974
5.795743
5.90629
6.339974
6.339974
7.1010475
6.012585
6.339974
6.2294273
7.1010475
7.317889
6.2294273
7.6452785
5.795743
6.123132
7.1010475
6.2294273
6.4462695
6.9947524
6.7736583
6.556816
7.207342
6.7736583
8.295805
7.6452785
6.4462695
6.4462695
7.317889
6.556816
6.8842053
6.2294273
6.667363
6.339974
5.3620586
6.2336793
6.2336793
6.450521
6.2336793
4.928375
5.583153
5.583153
5.6937
5.9105415
5.689448
6.1273837
6.3442264
4.3841434
6.1273837
5.583153
6.016837
6.561068
6.2336793
5.1452165
5.689448
6.450521
5.689448
6.016837
6.450521
5.689448
5.90629
5.578901
5.689448
5.689448
5.689448
5.1452165
5.689448
5.2557635
5.90629
5.90629
6.016837
5.90629
5.689448
5.90629
5.3620586
5.689448
5.795743
6.7736583
6.2294273
6.556816
7.7515736
7.207342
6.663111
7.096796
7.1010475
6.9905005
6.7736583
7.317889
6.556816
7.5347314
7.317889
6.8799534
7.207342
7.9684157
7.6410265
7.8621206
6.9905005
7.9684157
7.6410265
7.096796
7.9684157
7.6410265
7.207342
8.185258
7.857869
7.7515736
7.9684157
8.4021
7.4241843
7.5347314
7.5347314
6.7736583
6.7736583
6.7736583
6.2294273
7.9726677
6.4462695
7.5347314
7.4241843
6.339974
5.795743
7.1010475
6.012585
6.7736583
6.556816
7.8621206
7.1010475
6.9905005
7.5347314
7.4241843
7.5347314
7.8621206
6.7736583
6.9947524
7.1010475
6.339974
6.667363
6.7736583
6.450521
6.7736583
7.1010475
7.6452785
7.6452785
6.9905005
7.317889
6.556816
6.556816
6.7736583
6.012585
6.4462695
6.7736583
6.8842053
7.317889
6.9905005
6.7736583
8.295805
6.8799534
7.207342
7.7515736
6.5525646
7.4241843
6.9905005
7.317889
7.4241843
7.096796
7.6452785
7.4241843
7.4241843
7.4241843
7.096796
7.6410265
7.4241843
7.6410265
7.207342
7.7515736
7.6410265
8.074712
7.857869
8.946331
8.4021
7.9684157
7.6410265
7.207342
7.857869
7.857869
6.8799534
7.6410265
7.207342
7.5347314
8.185258
7.4241843
7.6410265
8.078962
6.339974
7.317889
6.012585
7.4284363
6.9905005
7.1010475
6.8842053
6.667363
6.8842053
5.90629
6.339974
6.339974
5.689448
6.556816
6.8842053
6.556816
6.8842053
5.578901
6.8842053
6.8842053
6.8842053
6.9905005
6.339974
6.8842053
7.207342
6.012585
6.667363
5.578901
6.2336793
6.8884573
6.8842053
6.7736583
6.556816
6.7736583
5.90629
6.8842053
6.339974
6.2336793
6.561068
5.4726057
6.2294273
6.556816
6.8842053
7.6452785
7.207342
7.317889
7.4241843
6.663111
6.9905005
6.556816
6.8842053
7.317889
7.8621206
7.7515736
8.078962
7.207342
6.7736583
6.9905005
6.9905005
7.1010475
7.5347314
7.8621206
7.5347314
6.9905005
7.317889
7.5347314
7.207342
7.5347314
7.7515736
7.857869
8.189509
7.4241843
7.857869
8.078962
7.7515736
6.9905005
8.078962
7.5347314
7.096796
7.6410265
7.7515736
8.078962
7.6410265
7.8621206
7.317889
7.317889
6.339974
6.9947524
7.7515736
7.317889
6.7736583
7.5347314
7.5347314
7.9684157
6.9905005
7.8621206
7.207342
7.207342
7.317889
7.317889
7.207342
7.5347314
7.317889
7.207342
6.9905005
7.317889
7.207342
7.1010475
7.6452785
6.7736583
6.556816
7.2115946
6.8842053
6.4462695
7.7515736
6.556816
6.7736583
7.4284363
6.9905005
6.9905005
7.6452785
6.8842053
6.8842053
7.1010475
7.5347314
6.8842053
6.7736583
7.4241843
6.7736583
7.7558255
7.5347314
6.8799534
7.4284363
6.8842053
6.012585
6.9905005
6.339974
6.9905005
7.317889
6.339974
7.2115946
6.450521
6.9947524
6.8842053
6.7736583
6.7736583
6.556816
8.078962
6.9905005
7.7515736
8.078962
7.7515736
7.7515736
8.078962
7.5347314
8.406352
8.078962
6.9905005
6.556816
6.667363
6.556816
5.795743
6.77791
6.561068
5.2557635
5.4726057
6.3442264
6.77791
5.689448
6.2336793
5.038922
5.1494684
5.038922
5.799995
6.561068
6.2336793
6.2336793
6.1273837
5.4726057
5.038922
5.3663106
5.1494684
5.2600155
4.0610065
5.5874047
5.038922
5.4768577
5.3663106
4.8220797
4.7115326
5.799995
5.038922
5.4726057
5.3663106
5.9105415
5.583153
5.038922
5.2557635
5.583153
4.605237
5.038922
5.1494684
4.9326262
5.0431733
4.065258
3.737869
4.2821
4.1758046
3.737869
5.0431733
4.2821
4.2821
4.826331
4.4989424
4.9326262
3.954711
4.9326262
4.826331
3.844164
4.2821
5.4768577
4.9326262
5.9105415
4.3883953
5.0431733
4.605237
4.065258
4.826331
3.5210268
4.826331
3.848416
4.3926473
4.6094894
5.1537204
4.826331
5.0431733
3.848416
4.3926473
3.5210268
3.848416
4.1758046
4.065258
4.826331
3.848416
4.065258
3.848416
3.9589627
3.631574
3.848416
3.5252786
3.3041847
2.4368165
2.6536584
2.65791
2.8747523
3.5252786
2.4410682
2.2199743
3.4189837
2.7642052
3.3084364
3.631574
3.414732
4.1758046
4.2863517
4.1758046
4.06951
3.3041847
3.737869
4.3926473
4.1758046
3.414732
3.1978896
3.848416
4.3926473
3.0873425
3.631574
3.9589627
3.9589627
2.8705006
2.9810476
3.0915945
2.5473633
3.414732
3.0915945
3.414732
3.1978896
2.8705006
2.4368165
3.1978896
3.631574
3.9589627
3.848416
3.414732
2.8705006
3.631574
4.1758046
3.631574
4.1758046
3.9589627
3.848416
3.848416
4.3968987
3.631574
4.2821
3.7421207
4.1758046
4.826331
4.605237
3.954711
4.9326262
4.9326262
4.2778482
4.826331
5.0431733
3.954711
4.826331
5.0431733
5.1494684
4.9326262
4.8220797
4.9326262
4.2821
4.2821
4.065258
3.414732
4.065258
3.631574
4.6094894
4.3926473
3.9589627
3.954711
3.1936376
3.4104798
3.9589627
3.848416
4.065258
4.3926473
5.0431733
4.065258
4.715784
4.826331
4.715784
4.4989424
3.954711
4.065258
3.848416
3.5210268
3.737869
5.0431733
4.6094894
4.065258
4.171553
4.2821
4.171553
4.3883953
4.826331
4.171553
3.954711
4.065258
4.3883953
4.3883953
4.4989424
4.171553
3.737869
4.826331
4.9326262
4.715784
4.2821
4.3883953
5.4768577
3.6273217
4.826331
4.8220797
4.605237
4.715784
4.8220797
4.715784
6.0210886
5.583153
5.583153
5.9105415
5.9105415
6.454773
6.1273837
5.799995
6.671615
6.450521
5.90629
6.450521
6.2336793
6.016837
6.3442264
5.90629
5.799995
6.450521
6.016837
6.9947524
5.689448
6.450521
6.2336793
6.2336793
6.016837
5.90629
6.1273837
6.9990044
6.3442264
5.9105415
5.038922
6.0210886
4.8220797
5.1494684
5.2600155
4.9326262
5.0431733
5.804247
5.2600155
4.2821
4.715784
4.826331
4.6094894
5.3663106
4.4989424
4.065258
4.9326262
4.2821
5.3705626
5.1494684
4.2778482
4.0610065
4.605237
4.4989424
4.2821
4.605237
3.954711
4.715784
4.171553
4.715784
4.4989424
4.4989424
4.4989424
4.2821
4.4989424
4.6094894
4.4989424
4.4989424
4.9326262
5.4768577
4.605237
5.038922
5.583153
5.6937
6.237931
5.3663106
5.4726057
5.4726057
5.038922
6.1273837
5.2557635
5.2557635
6.1273837
5.3620586
6.1273837
6.561068
5.038922
5.799995
5.4726057
5.583153
6.561068
6.123132
5.4726057
6.016837
6.2336793
6.450521
6.667363
6.561068
6.556816
6.016837
6.450521
5.90629
6.2336793
6.77791
6.561068
5.689448
5.90629
6.339974
6.016837
5.799995
5.3620586
5.799995
6.2336793
5.799995
6.1273837
6.77791
5.90629
6.77791
6.2336793
5.90629
6.9947524
6.8842053
6.9947524
7.1010475
6.123132
7.2115946
6.556816
6.9905005
6.339974
7.1010475
6.2294273
6.450521
6.7736583
6.8842053
6.012585
6.556816
6.9905005
6.7736583
7.317889
7.317889
7.6452785
7.5347314
7.5347314
7.5347314
7.207342
7.317889
6.7736583
7.207342
7.4241843
7.4241843
7.7515736
7.5347314
7.207342
6.8799534
7.9684157
7.5347314
7.096796
7.5347314
7.7515736
6.9905005
7.096796
7.6410265
8.185258
8.074712
7.313638
7.857869
7.5304804
7.5304804
7.857869
7.6410265
7.5304804
8.074712
8.181006
8.4021
8.4021
8.2915535
7.9641643
8.2915535
8.508395
8.074712
7.313638
7.9641643
8.4021
7.096796
8.295805
8.946331
8.074712
7.857869
7.857869
7.207342
7.313638
7.313638
7.5304804
6.8799534
7.313638
7.207342
7.313638
7.096796
7.207342
7.7515736
7.4241843
7.096796
7.7515736
7.5304804
6.8799534
7.9684157
7.9684157
7.4241843
7.096796
7.9684157
7.4241843
7.4241843
7.6410265
7.4241843
7.857869
6.9905005
7.096796
8.295805
6.8799534
7.6410265
7.317889
7.5347314
7.317889
6.8799534
6.663111
6.3357224
7.207342
6.4462695
7.1010475
7.096796
7.5347314
7.317889
6.4462695
7.317889
6.7736583
6.7736583
6.663111
7.207342
7.317889
7.207342
6.5525646
7.317889
7.096796
6.9905005
7.5347314
6.9905005
6.1188803
7.5347314
6.339974
6.556816
6.556816
6.7736583
6.339974
6.667363
5.90629
6.2336793
5.689448
5.4726057
5.3620586
6.450521
5.3620586
5.578901
6.450521
5.3620586
4.8178277
5.1452165
5.799995
6.016837
4.928375
4.7115326
5.799995
4.7115326
4.4946904
4.928375
4.4946904
4.2778482
4.4946904
4.8220797
5.2557635
4.0610065
4.2778482
4.8220797
5.3663106
3.6273217
4.171553
5.4768577
4.3883953
5.038922
4.4946904
4.171553
4.8220797
4.3883953
4.2778482
4.8220797
4.4946904
4.2778482
4.605237
4.9326262
5.038922
5.1494684
4.7115326
4.4946904
4.928375
4.8220797
3.7336173
4.9326262
4.8220797
4.605237
4.605237
4.0610065
5.1494684
4.3883953
4.171553
4.2778482
4.8220797
4.4946904
5.2557635
4.2778482
4.715784
4.605237
4.0610065
4.605237
4.8220797
4.605237
4.7115326
5.3663106
4.4946904
5.4726057
4.4946904
4.7115326
4.9326262
5.038922
5.038922
4.4946904
5.4726057
5.3663106
5.583153
5.2557635
4.7115326
5.689448
5.038922
5.038922
4.2778482
5.038922
4.4989424
4.8220797
3.6273217
4.9326262
4.715784
3.844164
4.0610065
4.3883953
4.4989424
4.171553
4.2821
3.631574
3.4104798
4.065258
3.3041847
3.1936376
4.065258
3.737869
4.4989424
3.844164
3.954711
4.171553
4.715784
3.299933
3.5210268
4.171553
4.4989424
4.4989424
4.715784
3.6273217
4.171553
4.2778482
4.3883953
4.4989424
3.5167751
4.171553
3.5167751
3.6273217
3.954711
3.844164
4.171553
4.4989424
3.954711
4.171553
4.171553
3.737869
3.5167751
3.6273217
4.171553
3.4104798
3.0830908
3.954711
3.299933
4.2821
4.3883953
4.715784
4.3883953
4.7115326
4.7115326
4.4946904
4.2778482
4.3883953
3.5167751
4.605237
5.1494684
5.1452165
5.90629
5.3620586
4.6009855
4.928375
4.2778482
4.605237
4.0610065
4.0610065
4.4946904
5.689448
5.689448
5.3620586
5.468354
5.1452165
5.3620586
5.2557635
5.4726057
4.6009855
5.689448
5.3620586
5.2557635
5.4726057
5.4726057
4.7115326
5.1452165
4.4946904
4.4946904
5.3663106
3.954711
4.171553
4.3883953
4.605237
4.3883953
4.4989424
4.0610065
4.9326262
4.605237
5.1494684
5.1452165
4.7115326
5.583153
5.799995
4.2778482
5.1494684
4.4946904
5.689448
5.689448
5.689448
5.4726057
5.038922
5.2557635
6.016837
4.7115326
5.583153
5.1494684
4.928375
4.928375
4.928375
4.7115326
4.2778482
5.038922
5.2557635
4.8220797
5.4726057
4.4946904
5.3663106
4.167301
4.7115326
5.799995
4.7115326
5.2557635
4.928375
5.3620586
5.2557635
5.578901
5.689448
5.689448
4.928375
5.4726057
5.4726057
4.167301
4.928375
4.7115326
5.3620586
5.4726057
5.689448
5.578901
5.689448
5.0346694
5.4726057
5.2557635
5.4726057
5.038922
4.4946904
5.1494684
4.8220797
4.2778482
5.3663106
4.0610065
4.715784
3.6273217
3.0830908
3.737869
3.5210268
3.954711
3.5210268
3.737869
3.6273217
3.737869
4.171553
2.8662488
4.065258
3.1936376
2.6494067
2.9767957
3.5210268
3.4104798
3.5210268
3.4104798
3.737869
3.737869
3.737869
3.1936376
3.737869
3.0830908
3.737869
3.954711
3.1936376
3.7336173
3.4104798
4.3883953
4.171553
3.5167751
3.844164
3.844164
4.171553
3.737869
3.6273217
3.5210268
2.8662488
3.1936376
3.5210268
3.737869
3.5210268
3.737869
4.2821
3.4104798
3.954711
3.848416
3.848416
3.4104798
3.6273217
2.8662488
4.605237
4.171553
3.6273217
4.3883953
2.972544
4.171553
3.4104798
3.1936376
4.171553
3.954711
4.605237
4.715784
3.9504592
4.3883953
4.605237
3.6273217
3.844164
3.1936376
3.737869
3.954711
4.605237
4.171553
4.4989424
3.4104798
3.6273217
3.5210268
3.4104798
2.6494067
3.5210268
3.4104798
3.5210268
3.631574
3.1936376
3.3041847
3.3041847
3.5210268
3.5210268
2.7599535
3.4104798
3.3041847
2.4325645
3.5210268
3.5210268
3.5210268
2.9767957
3.3041847
3.3041847
3.3041847
3.4104798
3.631574
3.737869
4.065258
3.1936376
2.9767957
4.4989424
3.954711
3.844164
3.844164
4.0610065
3.4104798
4.065258
4.171553
3.954711
3.4104798
3.954711
3.1936376
3.737869
4.171553
3.4104798
4.2821
3.3041847
3.848416
3.6273217
3.0830908
3.737869
4.3883953
4.605237
4.0610065
4.9326262
4.605237
4.4946904
4.9326262
4.4946904
4.4946904
5.2557635
5.2557635
4.605237
5.038922
4.7115326
5.038922
4.4946904
4.7115326
5.1494684
4.4946904
5.038922
4.4946904
5.038922
4.2778482
5.1494684
4.8220797
3.8399122
5.038922
4.8220797
4.3883953
4.7115326
4.8220797
4.7115326
4.8220797
4.715784
4.0610065
4.2778482
3.737869
3.0830908
4.2821
2.9767957
3.4104798
4.4989424
3.4104798
4.1758046
3.5210268
3.4104798
3.5210268
3.737869
3.5210268
3.414732
4.065258
2.9767957
3.0873425
3.631574
3.5210268
3.954711
4.826331
3.4104798
3.4104798
3.1936376
3.1936376
2.9767957
3.954711
3.6273217
3.4104798
4.171553
3.4104798
3.6273217
3.844164
2.8662488
3.6273217
3.737869
3.299933
3.844164
3.737869
3.954711
3.844164
4.9326262
4.2778482
4.2778482
4.3883953
4.9326262
4.0610065
5.038922
4.4946904
5.3620586
4.8178277
5.799995
5.90629
4.928375
5.1452165
5.3620586
5.2557635
5.4726057
4.3841434
5.2557635
5.90629
4.928375
5.689448
6.123132
5.689448
6.016837
6.667363
5.0346694
5.90629
6.2336793
4.7115326
6.016837
5.4726057
5.2557635
5.689448
5.689448
5.4726057
5.689448
6.016837
4.6009855
5.4726057
4.7115326
5.038922
5.038922
5.3663106
4.3883953
5.038922
5.038922
4.4946904
4.928375
4.7115326
5.038922
3.9504592
5.799995
5.2557635
5.583153
6.016837
4.4946904
4.3841434
5.90629
5.1452165
5.1452165
6.450521
5.795743
5.6851964
6.667363
5.3620586
5.4726057
4.7115326
5.1452165
5.90629
5.3620586
5.90629
5.4726057
5.0346694
6.339974
6.556816
6.339974
6.123132
5.795743
5.4726057
5.0346694
6.123132
6.012585
6.9905005
6.123132
7.207342
6.8799534
6.4462695
7.5347314
7.207342
6.9905005
7.5347314
6.9905005
6.769407
7.7515736
6.9905005
6.9905005
7.7515736
7.313638
6.7736583
7.5347314
6.8799534
6.663111
6.9905005
7.7515736
7.207342
6.663111
6.8799534
7.207342
7.096796
7.6410265
7.096796
7.096796
7.7515736
7.857869
7.7515736
8.185258
7.313638
7.857869
7.096796
7.8621206
7.207342
7.4241843
7.9684157
7.317889
7.5347314
6.8842053
6.663111
7.207342
6.4462695
7.9684157
7.5347314
6.8799534
7.4241843
6.663111
8.078962
7.317889
6.8799534
7.5347314
7.207342
7.4241843
7.7515736
7.207342
7.6410265
7.4241843
7.9684157
7.207342
7.207342
6.9905005
6.8799534
7.096796
7.207342
7.096796
7.4241843
7.096796
7.207342
6.663111
7.9684157
7.4241843
7.4241843
7.313638
7.6410265
8.835785
8.074712
9.052627
7.853617
9.269468
8.94208
9.703153
9.158921
9.158921
8.181006
9.052627
8.94208
8.94208
9.592606
9.048374
10.570521
9.809448
10.02629
10.570521
9.698901
11.221047
9.698901
10.459974
10.783112
10.455723
11.654732
11.433638
11.761026
11.65048
11.867322
11.544185
12.194712
12.198963
11.654732
11.871573
11.327342
10.893659
11.216796
11.765279
11.437889
11.437889
11.327342
11.327342
11.437889
10.893659
10.676816
11.437889
11.327342
11.654732
11.327342
11.327342
10.889407
11.761026
11.977869
11.327342
11.544185
11.327342
10.893659
10.889407
11.221047
11.221047
11.327342
10.783112
10.999953
11.216796
10.999953
10.893659
12.088415
10.566269
10.893659
11.327342
11.654732
10.6725645
10.893659
11.65048
11.544185
11.761026
11.761026
11.433638
11.977869
12.194712
11.977869
12.194712
12.845238
11.65048
11.433638
12.084165
12.955785
12.628395
13.1726265
13.1726265
12.301006
12.845238
12.517848
13.716857
12.407301
12.628395
12.951532
13.278922
13.278922
13.389469
13.062079
12.628395
13.389469
13.278922
12.301006
12.955785
12.734691
12.411553
12.738942
12.084165
12.5220995
12.194712
12.084165
12.305258
12.738942
11.871573
11.871573
11.761026
11.1105
11.761026
12.305258
11.1105
12.088415
12.198963
11.327342
10.999953
11.1105
11.654732
11.654732
11.654732
11.654732
11.761026
10.566269
11.654732
10.455723
11.9821205
11.544185
11.544185
11.548436
11.437889
10.893659
11.437889
11.761026
10.893659
10.783112
11.327342
11.327342
11.761026
10.783112
11.654732
11.654732
11.221047
11.544185
11.221047
10.566269
10.893659
11.654732
11.1105
11.221047
10.893659
11.1105
11.437889
10.676816
11.216796
10.566269
10.893659
12.092668
11.654732
11.654732
10.893659
11.221047
11.331594
11.004206
10.243132
10.02629
10.353679
10.787363
10.243132
11.004206
9.809448
10.353679
9.809448
10.030542
10.353679
8.8315325
9.8137
9.809448
9.375764
9.486311
9.158921
8.614691
8.2915535
8.618942
8.2915535
8.185258
7.6410265
8.185258
7.9684157
7.9684157
8.185258
7.096796
7.5304804
7.4241843
7.207342
8.078962
6.4462695
8.078962
7.5347314
7.317889
7.7515736
7.7515736
7.207342
7.7515736
7.7515736
7.317889
8.406352
8.512647
7.857869
8.185258
8.185258
7.313638
7.5347314
7.4241843
7.5304804
8.512647
7.313638
8.078962
8.185258
7.4241843
7.6410265
7.6410265
8.185258
7.096796
7.313638
7.4241843
7.7515736
7.5347314
7.4241843
7.7515736
6.9905005
6.9905005
7.317889
7.5347314
7.096796
8.078962
7.4241843
7.4241843
7.4241843
7.857869
8.295805
8.295805
7.313638
7.4241843
9.056878
8.840036
8.074712
8.2915535
8.4021
8.2915535
7.9684157
7.6410265
7.7515736
8.295805
8.946331
8.074712
8.623194
8.4021
8.512647
8.729489
8.512647
8.729489
7.6410265
9.056878
8.840036
8.074712
7.6410265
7.9684157
7.313638
8.840036
7.7515736
7.7515736
7.8621206
8.185258
7.6452785
8.512647
7.5347314
7.1010475
6.667363
6.450521
6.556816
6.450521
6.8842053
7.7558255
7.1010475
6.2294273
7.317889
7.2115946
7.2115946
6.8842053
6.123132
6.8842053
7.5347314
6.9905005
7.317889
7.207342
6.9905005
6.663111
7.317889
7.317889
7.317889
7.9726677
7.6452785
6.450521
6.016837
6.2336793
6.8842053
6.123132
6.556816
6.450521
6.339974
5.795743
6.8842053
6.556816
7.1010475
6.123132
6.556816
6.339974
7.2115946
6.9905005
8.078962
7.9684157
7.5347314
7.4241843
7.317889
7.1010475
6.7736583
7.2115946
7.1010475
6.8842053
6.123132
6.8842053
6.667363
7.6452785
7.4284363
7.8621206
6.556816
8.078962
7.7515736
7.9684157
7.4241843
7.5347314
6.7736583
7.8621206
7.6452785
6.556816
7.5347314
7.5347314
7.317889
7.538984
6.8842053
7.1010475
7.3221416
7.2115946
6.9947524
6.561068
6.450521
6.667363
6.339974
5.90629
7.538984
6.339974
6.016837
6.450521
5.9105415
6.671615
6.1273837
5.799995
6.9990044
6.561068
5.799995
5.583153
6.2336793
5.4726057
6.016837
6.450521
6.3442264
5.799995
6.1273837
5.1452165
5.1494684
6.016837
5.9105415
5.6937
5.9105415
5.3663106
4.715784
4.9326262
5.038922
4.3883953
4.8220797
5.3663106
5.2557635
5.2557635
6.3442264
5.2557635
5.038922
5.3663106
5.3663106
5.804247
5.3663106
5.3663106
5.583153
6.237931
5.6937
5.3663106
5.9105415
6.561068
6.450521
5.799995
6.2336793
5.689448
6.2336793
6.7736583
7.4284363
6.123132
6.667363
6.667363
6.7736583
6.9947524
6.2336793
6.450521
6.454773
5.90629
6.9947524
6.667363
6.9947524
5.90629
6.016837
5.799995
5.583153
5.9105415
5.038922
6.454773
5.1494684
6.016837
5.3663106
5.4726057
6.671615
6.016837
5.799995
6.671615
5.799995
5.689448
5.689448
6.016837
6.77791
6.2336793
6.667363
6.9947524
6.339974
7.2115946
7.5347314
7.4284363
6.7736583
7.5347314
6.556816
6.7736583
7.5347314
7.317889
7.7515736
7.9684157
7.4241843
6.556816
7.317889
6.556816
6.7736583
6.667363
6.7736583
6.8842053
6.012585
7.207342
6.556816
6.667363
7.5347314
6.012585
7.317889
6.123132
6.556816
6.7736583
7.1010475
7.5347314
6.9905005
7.8621206
7.207342
7.5347314
7.8621206
7.207342
8.295805
7.317889
7.096796
8.189509
7.207342
8.406352
7.317889
6.663111
7.7515736
7.5347314
6.8799534
7.5347314
6.9905005
7.5347314
6.9905005
6.9947524
6.667363
6.556816
7.1010475
7.207342
5.795743
7.317889
6.9905005
6.8842053
6.9905005
6.123132
6.450521
5.0346694
6.123132
7.2115946
5.795743
7.1010475
6.9947524
6.556816
6.7736583
6.7736583
7.7515736
7.4241843
7.207342
7.096796
7.207342
8.295805
7.5347314
7.207342
8.295805
7.5347314
8.295805
6.9905005
7.4241843
7.207342
6.9905005
6.9905005
7.1010475
7.317889
6.8799534
7.7515736
6.9905005
7.5347314
6.9905005
6.9905005
7.4241843
7.1010475
6.663111
6.7736583
6.450521
7.207342
6.663111
7.317889
6.986249
7.7515736
6.9905005
8.295805
7.4241843
7.7515736
6.9905005
6.4462695
7.317889
7.096796
7.207342
7.9684157
7.5347314
7.5347314
7.207342
6.7736583
6.1188803
7.317889
6.9905005
7.207342
6.8799534
6.663111
7.6410265
6.9905005
6.7736583
7.317889
6.9905005
7.1010475
7.317889
5.6851964
6.123132
6.450521
6.2294273
6.339974
6.667363
6.123132
6.450521
5.90629
5.799995
5.3620586
5.90629
5.689448
5.2557635
5.90629
5.90629
5.795743
5.578901
6.450521
6.7736583
6.7736583
6.7736583
6.556816
6.339974
5.578901
6.012585
6.556816
6.9905005
7.5347314
6.8799534
6.2294273
6.556816
5.902038
7.207342
6.2294273
6.2294273
6.8842053
6.2294273
7.1010475
6.556816
6.7736583
6.556816
5.578901
6.7736583
6.2294273
6.7736583
6.7736583
6.339974
5.90629
6.2294273
6.7736583
6.4462695
6.663111
6.663111
6.9905005
7.207342
7.207342
6.663111
6.7736583
6.2294273
6.4462695
6.663111
5.795743
6.2294273
7.1010475
5.795743
6.556816
6.339974
5.578901
6.2336793
6.8842053
6.450521
6.012585
6.667363
6.2294273
6.123132
7.1010475
6.556816
5.6851964
6.556816
6.556816
6.339974
6.8842053
6.450521
6.123132
6.556816
6.123132
5.90629
6.77791
6.123132
5.3620586
6.450521
5.90629
5.1452165
5.1452165
6.123132
5.1452165
5.90629
7.2115946
6.123132
5.795743
6.012585
6.123132
5.90629
6.123132
6.012585
6.123132
5.795743
6.556816
6.667363
6.9905005
6.556816
6.123132
6.339974
5.799995
5.3620586
6.450521
6.339974
4.928375
6.123132
6.012585
5.795743
6.012585
6.556816
6.556816
6.339974
5.795743
6.8842053
6.556816
5.6851964
7.7515736
6.7736583
6.4462695
6.7736583
6.2294273
6.8799534
6.9905005
6.339974
6.012585
6.556816
6.012585
6.556816
5.578901
6.123132
6.556816
6.556816
6.7736583
6.663111
7.1010475
6.663111
7.207342
6.9905005
6.556816
6.339974
7.096796
7.7515736
6.9905005
7.9684157
6.9905005
6.3357224
5.6851964
5.578901
5.795743
5.90629
6.012585
5.90629
6.8842053
5.251512
5.90629
5.689448
5.689448
5.3620586
5.689448
5.578901
5.689448
5.90629
6.016837
5.0346694
5.689448
6.2294273
5.795743
6.556816
5.795743
5.90629
5.3620586
5.0346694
6.450521
5.468354
5.0346694
6.8842053
6.2294273
5.795743
5.468354
6.123132
5.795743
6.123132
6.4462695
6.7736583
5.795743
5.902038
5.468354
5.3620586
5.90629
6.2294273
6.2294273
5.795743
6.663111
6.4462695
5.902038
6.8842053
6.7736583
5.795743
6.2294273
6.4462695
6.7736583
6.7736583
7.1010475
6.556816
7.207342
6.663111
6.9905005
6.012585
5.902038
6.5525646
6.5525646
7.096796
7.207342
6.3357224
6.8799534
7.096796
7.207342
7.207342
7.4241843
6.9905005
6.7736583
6.556816
6.1188803
6.4462695
6.339974
7.1010475
6.556816
6.556816
5.90629
5.689448
5.689448
5.4726057
5.3620586
4.928375
5.3620586
5.90629
4.7115326
6.1273837
4.8220797
5.1452165
5.1494684
5.90629
5.2557635
4.7115326
5.1452165
4.8178277
5.2557635
5.038922
4.8220797
5.2557635
5.2557635
4.605237
5.799995
5.4726057
5.689448
5.799995
5.2557635
5.1452165
5.3663106
5.799995
6.123132
4.6009855
5.799995
5.583153
5.3663106
4.167301
5.3663106
4.4946904
4.8220797
5.2557635
4.7115326
5.1452165
5.583153
3.9504592
4.167301
4.4946904
5.038922
4.2778482
5.2557635
5.2557635
5.1452165
5.689448
5.90629
5.3620586
5.795743
5.3620586
5.795743
6.556816
6.339974
5.1452165
6.667363
5.90629
5.795743
6.8842053
6.012585
6.123132
5.90629
5.795743
5.578901
7.1010475
5.90629
5.795743
6.667363
5.799995
6.016837
6.339974
5.578901
5.3620586
5.90629
4.928375
4.4946904
4.605237
5.3663106
4.2778482
5.0431733
4.715784
4.8220797
4.8220797
4.4946904
5.038922
4.9326262
4.9326262
4.0610065
4.8220797
5.583153
4.4946904
4.3883953
5.2557635
5.2557635
5.4726057
6.1273837
4.6009855
5.3663106
4.8220797
5.038922
4.6009855
4.7115326
4.2778482
4.8220797
4.2778482
4.2778482
4.4946904
4.0610065
4.4946904
4.2778482
4.8220797
5.038922
5.038922
5.2557635
5.2557635
5.038922
5.90629
5.1452165
5.578901
6.667363
5.795743
6.4462695
6.012585
6.9947524
5.90629
5.689448
5.578901
5.90629
5.795743
5.795743
6.123132
6.2336793
5.689448
5.578901
6.123132
6.339974
6.123132
6.561068
5.795743
6.2294273
6.7736583
7.1010475
6.556816
6.339974
7.317889
6.339974
6.339974
6.556816
6.667363
5.3620586
5.578901
5.90629
5.799995
5.578901
5.2557635
5.038922
6.1273837
4.4946904
5.3663106
5.038922
5.038922
4.4946904
4.8220797
4.4946904
4.3841434
4.8220797
4.8220797
5.3663106
4.8220797
5.2557635
5.4726057
5.799995
5.4726057
5.689448
5.583153
5.799995
5.689448
6.450521
5.3620586
6.8884573
5.689448
5.4726057
5.251512
5.3620586
6.667363
5.3620586
6.667363
6.450521
5.3620586
5.578901
4.4946904
5.3663106
4.928375
6.1273837
5.2557635
4.4946904
6.2336793
5.90629
5.251512
5.795743
5.4726057
6.123132
5.90629
5.90629
5.578901
6.8842053
6.556816
5.795743
7.4284363
5.90629
6.7736583
5.90629
6.8842053
6.8842053
6.2294273
6.012585
6.556816
6.556816
6.012585
5.795743
6.2294273
6.556816
7.1010475
6.9905005
7.7515736
6.7736583
6.2294273
6.7736583
6.9905005
6.2294273
7.4241843
7.6452785
6.012585
6.7736583
6.556816
6.556816
6.450521
6.561068
5.4726057
6.2336793
5.799995
5.799995
5.583153
5.4726057
6.667363
6.2336793
6.016837
6.667363
6.77791
6.123132
6.9947524
5.795743
6.8842053
6.556816
6.9905005
6.7736583
6.4462695
6.556816
7.317889
6.2294273
6.4462695
6.663111
6.012585
6.4462695
6.556816
5.90629
6.123132
6.667363
5.1452165
6.123132
5.689448
5.578901
6.016837
5.2557635
6.2336793
6.667363
6.123132
6.7736583
6.4462695
7.207342
7.4241843
7.096796
6.769407
6.8799534
6.663111
6.1188803
6.7736583
6.7736583
6.556816
7.5347314
6.663111
7.5347314
7.4241843
7.5347314
7.7515736
7.5347314
7.7515736
7.5347314
6.7736583
7.207342
7.5347314
7.5347314
8.295805
7.7515736
7.8621206
6.9905005
6.663111
7.4241843
7.4241843
6.9905005
6.8842053
7.1010475
7.317889
7.1010475
7.317889
6.663111
6.9905005
7.1010475
6.339974
6.4462695
7.2115946
6.9905005
6.7736583
6.4462695
7.1010475
7.1010475
7.6452785
7.7515736
6.9905005
6.9905005
6.7736583
6.9905005
6.9905005
7.6452785
7.6452785
6.2294273
6.556816
7.317889
6.7736583
7.317889
6.9905005
7.207342
7.207342
6.2294273
6.2294273
6.556816
6.9905005
7.6452785
7.207342
7.207342
6.7736583
7.317889
6.339974
6.123132
6.7736583
6.339974
6.7736583
5.6851964
6.123132
7.317889
5.902038
6.8842053
6.7736583
6.450521
6.7736583
7.1010475
6.4462695
7.1010475
7.1010475
6.556816
6.9905005
7.207342
7.5347314
6.4462695
7.4241843
6.556816
6.556816
6.2294273
7.2115946
7.5347314
6.2294273
6.663111
7.207342
6.9905005
7.317889
6.7736583
7.4284363
6.9905005
6.2294273
7.4284363
6.2336793
6.556816
6.667363
6.012585
6.123132
6.339974
6.339974
6.450521
6.8842053
6.450521
5.689448
6.450521
6.016837
5.799995
6.016837
5.90629
6.561068
6.339974
5.689448
5.689448
6.339974
6.016837
6.123132
6.8842053
5.90629
6.8842053
6.450521
5.689448
5.90629
6.667363
6.77791
6.9947524
5.583153
5.90629
6.3442264
5.4726057
5.795743
5.4726057
5.799995
5.689448
5.90629
6.123132
6.123132
6.9947524
6.339974
6.2336793
6.123132
5.689448
5.3620586
6.450521
6.123132
7.2115946
6.339974
6.77791
6.8842053
5.689448
6.450521
6.667363
6.450521
6.8842053
6.2336793
6.2336793
5.689448
6.2336793
5.689448
5.578901
6.77791
6.667363
6.012585
7.4284363
7.3221416
6.339974
6.667363
5.90629
6.450521
6.9947524
6.77791
7.317889
6.7736583
7.7558255
6.556816
6.2294273
6.7736583
5.689448
6.450521
5.795743
7.1052995
6.556816
6.8842053
7.6452785
7.4284363
6.339974
6.012585
6.667363
6.8842053
6.8842053
7.317889
7.2115946
7.207342
7.1010475
8.078962
7.4241843
7.207342
7.317889
7.4284363
8.078962
6.9905005
6.7736583
6.9905005
6.663111
7.7515736
6.9905005
7.207342
7.317889
6.7736583
7.317889
6.9905005
7.207342
7.6410265
7.7515736
7.207342
7.7515736
7.5347314
7.4241843
7.9684157
7.207342
8.512647
8.618942
7.6410265
7.9684157
7.5304804
7.096796
8.840036
8.2915535
8.618942
8.729489
9.269468
8.2915535
8.508395
8.074712
8.4021
9.269468
9.052627
8.2915535
9.269468
8.725238
9.703153
8.614691
9.269468
9.375764
10.02629
9.265217
10.570521
10.136837
10.136837
10.02629
9.919995
10.353679
9.592606
10.030542
9.919995
10.136837
9.592606
10.570521
9.592606
8.94208
9.048374
9.375764
9.703153
8.8315325
9.703153
9.375764
8.614691
10.247384
9.809448
10.136837
10.030542
10.464226
9.158921
9.486311
9.486311
8.725238
10.030542
9.375764
8.725238
9.486311
8.94208
9.269468
9.703153
9.158921
9.596858
9.375764
9.048374
9.809448
9.703153
9.375764
9.703153
9.380016
9.158921
8.397848
9.486311
9.269468
8.94208
9.375764
8.94208
8.618942
9.052627
8.94208
9.158921
9.052627
8.508395
9.052627
8.725238
8.725238
9.269468
8.725238
9.596858
9.486311
9.596858
9.052627
9.158921
8.94208
8.725238
8.835785
8.4021
8.2915535
9.052627
8.94208
8.181006
9.269468
9.269468
9.596858
9.703153
9.703153
8.618942
8.618942
9.27372
9.052627
7.857869
7.747322
8.2915535
8.074712
8.078962
8.185258
6.9905005
7.8621206
7.7515736
6.9905005
7.5347314
7.4284363
6.7736583
6.2294273
7.2115946
7.7515736
7.5347314
6.7736583
6.556816
6.7736583
6.7736583
6.339974
6.8842053
7.317889
6.9905005
6.9905005
7.5347314
6.8799534
7.5347314
7.4241843
7.207342
7.317889
6.8842053
6.123132
7.7558255
6.9905005
6.339974
6.556816
6.012585
6.667363
6.8842053
6.8842053
6.667363
6.012585
6.667363
5.689448
6.9947524
6.667363
7.317889
6.556816
6.339974
7.1010475
6.667363
6.7736583
6.339974
6.7736583
7.1010475
5.3620586
6.339974
6.450521
5.90629
5.689448
6.77791
6.8842053
6.8842053
7.2115946
7.1010475
7.2115946
6.7736583
6.9947524
7.2115946
5.90629
6.667363
6.2336793
6.450521
5.4726057
6.1273837
6.1273837
4.7115326
5.3663106
4.9326262
4.715784
5.3663106
4.715784
5.3663106
4.171553
4.3883953
4.171553
4.3883953
4.4989424
5.1537204
4.2821
4.065258
3.954711
4.2821
3.954711
3.954711
5.0431733
4.4989424
4.715784
4.171553
4.4989424
4.0610065
5.9105415
5.1494684
4.715784
4.8220797
4.2778482
4.9326262
4.9326262
4.171553
4.715784
4.605237
5.1494684
4.0610065
4.0610065
4.9326262
4.715784
3.737869
4.715784
3.1936376
3.737869
3.5210268
3.1936376
4.4989424
3.5210268
4.2821
4.2821
3.954711
4.3883953
3.844164
3.954711
4.171553
4.2778482
3.954711
4.715784
4.171553
3.9504592
4.9326262
3.5167751
4.3883953
4.605237
4.0610065
4.9326262
3.844164
3.844164
4.4989424
3.737869
4.605237
3.954711
4.8220797
4.9326262
5.2557635
5.038922
5.90629
4.605237
4.2778482
5.1494684
4.3883953
4.4946904
4.9326262
4.605237
4.4946904
4.3883953
3.299933
4.2821
3.5210268
3.5210268
3.5210268
3.3041847
4.065258
3.4104798
3.1936376
4.171553
3.737869
3.737869
3.5210268
4.2821
3.848416
4.715784
3.4104798
3.844164
3.954711
3.737869
2.9767957
4.171553
4.0610065
4.2778482
4.8220797
4.605237
4.8220797
4.3883953
4.171553
3.7336173
4.3883953
4.0610065
3.954711
4.4989424
4.826331
3.6273217
4.3883953
3.844164
3.844164
3.844164
4.605237
3.954711
4.0610065
4.715784
4.8220797
5.583153
4.167301
4.7115326
5.583153
4.8220797
5.2557635
5.3620586
5.0346694
5.799995
5.3663106
4.8220797
5.689448
4.928375
5.3620586
5.1452165
5.90629
6.667363
6.667363
5.578901
5.3620586
6.667363
5.90629
6.450521
6.012585
7.1010475
6.4462695
7.8621206
7.317889
6.7736583
7.1010475
6.8842053
6.556816
5.795743
6.012585
5.1452165
5.90629
5.90629
5.90629
6.123132
5.578901
6.561068
5.2557635
5.689448
4.928375
5.578901
5.90629
6.2336793
6.339974
6.339974
7.1010475
6.556816
6.012585
6.339974
6.667363
5.3620586
5.6851964
7.1010475
6.556816
6.012585
7.1010475
6.4462695
6.4462695
5.578901
6.339974
6.667363
6.123132
5.3620586
6.123132
6.77791
6.339974
6.012585
6.123132
6.556816
6.016837
6.77791
5.795743
6.339974
6.339974
6.450521
5.578901
5.689448
5.799995
6.2336793
5.0346694
6.339974
6.012585
6.7736583
6.123132
6.012585
5.90629
4.8178277
5.799995
5.4726057
6.123132
5.689448
6.450521
5.578901
5.795743
6.667363
6.556816
6.663111
6.012585
6.4462695
7.317889
6.663111
6.4462695
6.9905005
6.012585
5.90629
5.578901
5.689448
5.795743
5.90629
5.795743
5.4726057
5.689448
4.4946904
3.9504592
5.1494684
4.0610065
4.167301
4.605237
4.8220797
4.2778482
4.2778482
5.583153
4.9326262
4.7115326
5.038922
4.4946904
5.799995
5.689448
5.4726057
5.4726057
5.689448
5.038922
5.4726057
4.3841434
5.90629
4.7115326
5.2557635
4.490439
5.4726057
5.1452165
5.3620586
4.3841434
4.928375
4.7115326
5.2557635
4.3841434
5.689448
4.8220797
5.038922
4.4946904
4.7115326
5.1452165
5.583153
5.689448
5.90629
5.2557635
5.689448
5.583153
5.689448
5.1452165
6.77791
5.1452165
6.2336793
5.0346694
5.578901
5.3620586
5.1452165
5.4726057
5.1452165
6.123132
5.795743
5.3620586
6.339974
6.339974
5.3620586
6.556816
5.3620586
6.450521
5.0346694
6.667363
5.6851964
5.4726057
6.123132
5.795743
6.012585
6.123132
6.339974
5.578901
6.123132
6.2336793
5.90629
6.123132
5.90629
5.90629
6.450521
5.251512
5.4726057
6.77791
5.578901
6.339974
6.2294273
6.339974
6.339974
5.578901
6.667363
6.7736583
5.902038
6.7736583
6.339974
5.251512
6.667363
5.90629
6.123132
6.123132
5.578901
5.578901
5.90629
6.450521
5.578901
6.450521
6.2336793
6.339974
6.556816
5.795743
5.468354
6.450521
6.450521
6.667363
5.251512
6.8842053
6.339974
6.556816
6.556816
5.795743
6.123132
6.2294273
5.578901
6.667363
5.90629
6.561068
6.667363
5.795743
6.123132
6.2294273
6.339974
6.667363
6.2294273
6.556816
7.207342
6.8842053
7.5347314
6.9905005
6.1188803
8.078962
6.663111
6.663111
7.5347314
6.8799534
7.4241843
6.9905005
7.1010475
6.9905005
6.556816
6.556816
6.556816
6.2294273
6.7736583
6.012585
6.667363
6.4462695
5.578901
5.578901
6.123132
5.578901
6.2336793
5.90629
6.2294273
7.4241843
6.012585
6.016837
6.556816
6.2294273
5.90629
5.90629
5.3620586
5.578901
5.578901
6.012585
5.795743
6.012585
5.578901
5.90629
5.578901
6.8842053
6.7736583
6.2294273
6.556816
6.667363
6.556816
6.4462695
6.4462695
6.012585
7.317889
6.556816
6.8842053
6.663111
6.339974
6.667363
6.012585
6.339974
5.795743
7.2115946
6.339974
7.317889
6.667363
6.7736583
5.902038
7.6452785
7.1010475
6.1188803
6.9905005
6.556816
6.8799534
6.663111
6.8799534
7.7515736
6.4462695
7.1010475
6.1188803
6.556816
6.8842053
5.795743
7.1010475
6.556816
6.556816
6.2294273
6.667363
6.339974
5.6851964
7.4284363
7.1010475
6.667363
6.8842053
6.450521
6.556816
5.90629
5.578901
6.667363
6.016837
6.2336793
5.689448
6.556816
6.556816
6.123132
5.90629
5.90629
5.90629
6.450521
5.90629
6.450521
6.016837
6.123132
5.468354
5.578901
6.339974
5.3620586
5.689448
5.689448
5.795743
6.2336793
6.450521
6.450521
6.123132
6.339974
5.578901
6.450521
5.3620586
6.667363
6.339974
5.6851964
6.556816
6.7736583
6.4462695
6.339974
5.90629
6.8842053
5.578901
6.339974
5.3620586
5.3620586
6.667363
5.251512
6.450521
6.667363
6.339974
6.667363
6.667363
5.90629
6.2294273
6.556816
6.7736583
7.317889
7.7515736
6.8799534
7.207342
6.4462695
7.4241843
6.3357224
6.8799534
6.2294273
7.207342
6.012585
6.8842053
6.339974
7.207342
7.4241843
7.207342
6.4462695
7.317889
7.317889
7.1010475
6.8842053
6.8842053
5.795743
5.795743
6.667363
6.012585
7.317889
6.339974
6.556816
5.795743
6.123132
5.90629
6.667363
6.9947524
5.689448
6.450521
6.123132
6.2336793
6.450521
5.3620586
5.90629
6.667363
5.795743
6.123132
5.90629
5.689448
6.77791
6.2336793
5.689448
5.795743
6.667363
6.339974
6.123132
6.123132
5.3620586
6.339974
5.90629
6.450521
5.4726057
5.2557635
5.2557635
5.689448
4.928375
5.2557635
6.016837
5.4726057
5.578901
6.2336793
5.4726057
6.016837
5.578901
6.2336793
5.689448
6.667363
6.123132
6.123132
6.012585
6.2336793
6.2336793
5.689448
5.689448
6.450521
6.1273837
6.123132
6.450521
5.1452165
6.016837
5.4726057
6.450521
6.2336793
5.3620586
5.1452165
6.2336793
6.123132
6.8842053
6.339974
5.689448
5.689448
6.2336793
6.450521
5.90629
6.77791
5.689448
5.1452165
5.4726057
5.583153
5.038922
5.583153
5.3663106
4.605237
5.6937
4.605237
4.0610065
5.1494684
4.715784
4.715784
4.4989424
3.844164
3.5210268
4.9326262
4.715784
4.3883953
3.954711
4.9326262
4.2821
4.065258
4.2821
4.065258
4.171553
5.1494684
4.8220797
4.3883953
4.9326262
3.848416
3.954711
4.2821
4.4989424
3.1936376
3.954711
4.171553
3.954711
4.6094894
4.4989424
3.737869
3.5210268
3.737869
3.6273217
3.848416
3.954711
3.3041847
5.2600155
3.848416
3.5210268
4.171553
3.954711
4.0610065
3.737869
3.954711
4.0610065
4.715784
3.737869
4.715784
4.171553
4.171553
4.715784
4.8220797
5.3663106
5.038922
4.3883953
4.9326262
4.715784
3.844164
4.9326262
4.3883953
5.3663106
3.844164
5.3663106
5.3663106
4.9326262
4.3883953
4.3883953
3.4104798
5.0431733
4.605237
4.2821
5.0431733
3.954711
3.737869
3.954711
4.1758046
4.1758046
4.065258
3.954711
4.065258
4.065258
4.1758046
4.3926473
3.954711
5.0431733
4.8220797
3.844164
4.826331
3.954711
4.171553
4.4989424
4.9326262
3.844164
4.715784
4.2778482
4.3883953
4.2778482
4.2778482
4.171553
4.8220797
4.605237
4.2778482
3.954711
4.0610065
5.2600155
3.844164
4.8220797
5.583153
5.2557635
6.1273837
5.1494684
4.4946904
5.038922
4.171553
4.8220797
4.8220797
4.605237
5.3663106
5.2557635
5.3663106
4.7115326
4.8220797
4.605237
5.583153
6.016837
5.583153
5.689448
4.9326262
5.1494684
4.8220797
5.799995
5.1452165
6.561068
5.2557635
5.038922
5.799995
5.90629
6.016837
6.450521
5.795743
6.667363
5.3620586
5.689448
6.2336793
5.90629
5.90629
5.4726057
6.2336793
4.167301
4.7115326
5.583153
5.2557635
5.3663106
5.4726057
5.2557635
5.038922
5.038922
4.8220797
5.3663106
4.605237
3.844164
4.9326262
5.3663106
4.8220797
5.578901
5.90629
5.1452165
5.583153
6.016837
4.7115326
5.1452165
5.799995
5.2557635
5.2557635
5.4726057
4.928375
5.4726057
6.016837
5.4726057
6.2336793
6.016837
5.90629
6.2336793
4.928375
6.016837
6.3442264
6.2336793
5.1452165
6.450521
5.90629
5.578901
6.2294273
6.2294273
6.012585
6.450521
5.90629
5.578901
5.795743
6.667363
6.9905005
6.4462695
6.663111
6.9905005
6.2294273
7.5347314
7.317889
7.317889
7.207342
7.207342
7.207342
8.4021
7.313638
7.313638
8.618942
8.508395
7.6410265
8.2915535
8.618942
8.508395
8.835785
8.94208
8.614691
8.94208
8.94208
8.2915535
8.181006
8.725238
8.618942
8.074712
8.397848
8.94208
8.2915535
8.397848
7.747322
8.074712
9.596858
8.181006
9.596858
9.592606
8.94208
9.703153
9.919995
8.94208
9.375764
9.375764
9.375764
9.592606
9.265217
9.265217
10.136837
8.8315325
8.287301
9.703153
8.725238
9.375764
9.158921
9.809448
8.8315325
10.02629
9.592606
10.464226
10.136837
9.048374
8.8315325
9.703153
9.592606
9.698901
9.698901
10.132585
11.221047
9.482059
9.809448
10.243132
10.459974
10.787363
10.459974
9.698901
10.02629
10.353679
10.02629
10.570521
10.243132
11.437889
10.243132
10.893659
11.437889
11.437889
9.805196
11.1105
11.327342
11.544185
10.459974
11.871573
10.566269
11.327342
10.889407
10.23888
11.221047
10.893659
10.459974
10.349427
10.243132
10.676816
10.243132
10.349427
11.221047
10.459974
10.243132
10.676816
9.698901
10.02629
10.570521
9.915743
9.915743
9.482059
10.349427
9.588354
10.459974
9.915743
10.132585
10.243132
10.243132
10.353679
10.459974
9.482059
10.676816
9.809448
10.566269
9.915743
9.371511
11.221047
10.243132
9.265217
9.915743
9.265217
9.809448
9.375764
10.136837
9.915743
10.132585
9.482059
10.676816
9.265217
9.809448
9.482059
9.265217
9.375764
9.592606
10.02629
9.158921
10.136837
9.698901
9.809448
9.158921
9.375764
9.265217
9.048374
9.592606
8.8315325
9.703153
9.158921
10.136837
8.720985
8.94208
8.287301
8.504144
7.9641643
9.269468
8.2915535
8.835785
8.8315325
8.508395
8.181006
7.9641643
8.94208
8.508395
8.2915535
8.618942
8.074712
7.747322
6.986249
7.313638
7.203091
7.6410265
7.6410265
6.8799534
6.769407
6.8799534
8.078962
7.096796
6.9905005
7.207342
6.7736583
6.663111
6.663111
6.9905005
6.4462695
6.8799534
7.7515736
6.556816
7.5347314
6.663111
6.9905005
7.4241843
6.7736583
6.008333
6.5525646
7.317889
6.2294273
6.7736583
6.4462695
6.556816
5.140965
6.556816
6.012585
5.251512
5.574649
6.4462695
5.578901
6.012585
4.924123
6.123132
6.012585
5.795743
5.6851964
6.7736583
5.795743
6.012585
6.556816
5.795743
5.468354
6.2294273
6.012585
6.012585
6.2294273
6.556816
5.795743
6.012585
6.556816
6.012585
5.251512
5.795743
6.012585
5.90629
6.1188803
6.123132
6.123132
5.6851964
5.578901
5.689448
5.578901
5.251512
6.012585
6.667363
7.317889
5.6851964
5.468354
5.795743
5.578901
5.799995
6.2336793
5.90629
5.038922
5.4726057
5.251512
4.6009855
4.6009855
4.3841434
4.8220797
4.7115326
4.8220797
3.9504592
5.2557635
5.038922
4.605237
5.2557635
5.799995
4.7115326
4.4946904
5.3620586
5.4726057
4.2778482
5.583153
3.9504592
4.167301
4.605237
5.038922
4.4946904
4.4946904
3.7336173
4.2778482
4.171553
3.954711
4.605237
3.4104798
3.6273217
4.171553
3.299933
4.0610065
4.4946904
4.2778482
3.844164
5.038922
4.0610065
3.844164
4.3883953
4.7115326
3.5167751
5.3663106
4.167301
4.4946904
4.4946904
4.8220797
4.3841434
4.2778482
4.605237
4.0610065
5.3663106
4.4946904
4.4946904
4.9326262
4.167301
4.4946904
4.928375
4.605237
4.2778482
4.8220797
4.7115326
3.5167751
4.8220797
5.2600155
4.4946904
5.799995
5.1452165
4.7115326
5.1452165
5.583153
5.4726057
4.8220797
4.7115326
3.9504592
4.3883953
4.715784
3.954711
4.3883953
2.972544
3.954711
3.5210268
3.4104798
3.737869
3.844164
3.5167751
3.737869
3.954711
3.1936376
3.737869
3.5210268
3.6273217
3.954711
4.065258
4.171553
3.4104798
3.954711
4.6094894
2.9767957
4.065258
3.3041847
3.0830908
2.8662488
3.6273217
3.6273217
3.954711
3.848416
3.954711
4.065258
3.1936376
3.5210268
3.737869
3.0830908
3.5210268
3.737869
3.3041847
3.737869
3.5210268
3.4104798
3.4104798
2.9767957
3.737869
3.737869
3.5210268
3.6273217
2.8662488
3.4104798
3.6273217
3.4104798
4.826331
2.9767957
3.5210268
3.954711
3.4104798
3.737869
3.954711
3.737869
4.2821
4.2821
2.9767957
4.3926473
3.1936376
3.5210268
4.065258
3.5210268
3.4104798
3.737869
3.6273217
3.4104798
3.1936376
3.631574
2.8705006
2.9767957
3.3041847
2.9767957
3.5252786
3.631574
2.3262694
2.5431116
2.3262694
2.5431116
2.9767957
3.0873425
2.9767957
3.5210268
3.3041847
3.0873425
3.0873425
2.5431116
3.1936376
3.631574
3.4104798
3.1936376
3.5210268
3.1936376
3.1936376
4.065258
3.5210268
3.0873425
2.9767957
3.0873425
3.3041847
3.631574
3.0830908
3.631574
3.0873425
3.848416
2.7599535
3.9589627
4.065258
2.7599535
3.737869
2.9767957
2.5431116
2.8662488
3.3041847
3.3041847
3.5210268
2.6494067
3.3041847
3.737869
3.848416
2.9767957
3.1936376
2.7599535
3.737869
3.3041847
2.5431116
3.737869
2.9767957
3.0873425
4.065258
2.9767957
3.848416
3.5210268
3.4104798
3.1936376
3.5210268
3.737869
3.954711
2.8662488
3.737869
4.065258
3.848416
3.848416
2.9767957
3.848416
3.414732
3.5210268
3.3041847
3.5210268
3.3041847
3.631574
3.1978896
3.3041847
3.0873425
2.9767957
3.4104798
3.3041847
3.737869
3.0873425
3.631574
2.9767957
2.6536584
3.848416
3.631574
3.414732
3.1978896
3.0873425
3.9589627
3.1978896
3.0873425
3.5210268
2.9767957
3.414732
3.848416
3.5210268
2.8705006
3.737869
3.631574
3.848416
2.9767957
2.5431116
3.0873425
3.737869
2.8662488
4.1758046
3.1978896
2.8705006
3.414732
3.7421207
3.414732
2.9767957
3.3041847
4.1758046
3.5210268
2.9767957
2.7599535
2.9767957
3.414732
3.631574
3.0873425
3.1978896
3.848416
3.3041847
2.9767957
4.4989424
3.954711
3.954711
3.954711
3.3041847
2.9767957
3.844164
3.737869
3.4104798
3.4104798
4.4989424
3.954711
4.3883953
3.844164
4.715784
5.1494684
4.9326262
4.4946904
4.605237
3.844164
4.3883953
3.737869
4.715784
4.171553
3.5210268
4.3883953
4.171553
4.2778482
3.6273217
4.065258
4.0610065
3.954711
4.4989424
4.171553
4.0610065
4.605237
4.171553
4.2778482
4.8220797
5.583153
5.3663106
5.2557635
5.1494684
4.8220797
4.928375
5.799995
6.016837
4.928375
5.6937
4.8220797
4.4946904
5.1494684
5.4726057
4.928375
6.016837
5.038922
4.2778482
4.4946904
5.583153
5.038922
5.583153
6.2336793
5.90629
6.339974
6.9905005
6.339974
5.90629
6.339974
6.667363
6.9947524
5.795743
7.6452785
7.317889
6.7736583
7.317889
6.8842053
7.317889
7.317889
6.9905005
6.663111
6.7736583
6.663111
7.6410265
7.313638
8.185258
7.9684157
7.7515736
7.4241843
7.5304804
7.9684157
6.8799534
7.9684157
7.4241843
7.5347314
7.096796
7.7515736
7.8621206
7.9684157
7.096796
8.078962
7.5304804
8.078962
7.6410265
7.4241843
7.7515736
7.4241843
6.663111
7.7515736
8.185258
6.663111
7.6410265
8.4021
8.078962
8.2915535
8.508395
8.185258
8.185258
7.7515736
8.512647
7.857869
7.7515736
7.7515736
8.623194
7.857869
7.207342
8.508395
8.185258
7.6410265
7.5304804
8.185258
7.6410265
8.725238
8.185258
8.2915535
8.725238
8.946331
8.2915535
8.835785
9.052627
8.946331
8.618942
8.835785
8.074712
8.618942
9.052627
9.052627
8.4021
9.052627
8.397848
8.4021
7.857869
8.2915535
8.618942
8.2915535
8.618942
8.074712
7.9684157
8.185258
8.946331
8.835785
8.074712
8.508395
7.857869
9.596858
7.9641643
9.707404
8.2915535
8.618942
8.185258
8.074712
9.486311
8.508395
10.1410885
8.94208
10.1410885
9.486311
9.269468
9.380016
7.747322
9.052627
8.835785
8.835785
9.269468
8.508395
8.725238
8.835785
8.835785
8.078962
8.295805
7.4241843
7.8621206
7.7515736
7.7515736
7.8621206
7.313638
8.512647
7.6410265
7.207342
7.9684157
8.185258
7.207342
7.4241843
7.207342
7.4241843
7.5347314
7.096796
6.9905005
7.207342
7.6410265
8.295805
8.078962
7.4241843
7.4241843
7.4241843
7.4241843
7.7515736
7.9684157
8.078962
7.207342
6.663111
7.8621206
7.207342
7.317889
7.8621206
8.406352
7.317889
7.5347314
7.9684157
7.5347314
7.207342
7.9684157
7.8621206
7.5347314
7.7515736
7.207342
7.7515736
8.295805
7.9684157
7.4241843
8.729489
8.185258
8.946331
7.9684157
8.4021
8.185258
6.9905005
7.9684157
8.946331
7.4241843
8.623194
7.9684157
7.6410265
7.8621206
8.078962
7.317889
7.5347314
7.8621206
7.8621206
7.9726677
7.4241843
7.6410265
7.4241843
7.9684157
7.5347314
6.9905005
7.1010475
7.7558255
7.1010475
7.2115946
6.8842053
7.4284363
7.317889
7.7558255
7.7515736
7.4241843
8.512647
7.096796
7.4241843
6.9905005
8.516899
6.7736583
7.6452785
7.7515736
7.7515736
7.5347314
7.207342
7.9684157
8.078962
7.4241843
8.406352
7.4241843
7.313638
7.7515736
6.556816
7.4284363
7.4241843
7.4241843
7.4241843
7.7515736
7.6410265
8.295805
8.078962
7.7515736
7.9684157
7.857869
6.8799534
7.5304804
7.4241843
8.512647
7.313638
8.840036
8.074712
7.5304804
8.508395
8.618942
8.185258
8.946331
8.2915535
7.4241843
8.618942
8.946331
8.618942
8.4021
8.185258
8.074712
8.4021
8.4021
7.313638
7.9684157
8.2915535
7.5304804
8.074712
8.4021
8.2915535
9.163173
9.052627
8.181006
8.835785
8.835785
8.946331
8.074712
7.5304804
8.074712
7.9641643
8.4021
7.857869
8.618942
8.2915535
8.4021
8.618942
8.618942
7.7515736
8.835785
8.185258
8.4021
8.4021
8.729489
7.747322
9.163173
9.380016
8.725238
8.4021
7.9641643
8.508395
8.181006
8.94208
8.181006
9.596858
7.747322
8.185258
8.2915535
8.946331
8.2915535
8.074712
8.4021
9.163173
7.747322
8.4021
8.2915535
8.618942
9.163173
8.4021
7.857869
8.835785
8.2915535
8.618942
8.4021
7.9641643
9.596858
8.508395
9.596858
8.725238
8.835785
8.618942
8.618942
8.2915535
8.508395
9.163173
8.4021
8.508395
8.2915535
8.074712
7.857869
7.313638
8.185258
7.747322
8.512647
8.2915535
7.9641643
8.4021
8.074712
9.163173
8.508395
8.508395
7.9684157
7.6410265
7.4241843
7.4241843
7.6410265
7.4241843
7.5347314
7.7515736
7.4241843
7.207342
7.1010475
7.4284363
6.339974
7.317889
6.7736583
6.7736583
7.1010475
7.7558255
7.7558255
6.7736583
7.1010475
7.5347314
6.8799534
7.6452785
8.078962
7.7515736
6.9905005
7.5347314
7.6410265
6.9905005
8.295805
8.185258
6.8799534
7.9684157
7.4241843
7.207342
7.5347314
7.207342
8.406352
7.207342
7.5347314
7.1010475
6.556816
6.8842053
6.7736583
7.317889
7.207342
7.8621206
7.7515736
7.317889
7.8621206
7.6452785
7.5347314
6.9905005
7.8621206
8.295805
6.8799534
7.207342
7.9684157
7.8621206
7.4241843
8.406352
8.185258
7.8621206
7.9684157
7.6410265
8.074712
7.747322
7.9684157
8.295805
7.9684157
8.295805
8.512647
7.7515736
8.623194
7.9684157
7.6410265
8.295805
8.078962
7.5347314
8.840036
7.6410265
7.096796
8.074712
8.295805
8.729489
7.5304804
8.295805
7.096796
8.4021
7.6410265
8.078962
9.380016
8.835785
9.27372
7.9684157
8.185258
8.618942
8.729489
9.052627
8.074712
8.618942
8.185258
8.835785
8.835785
9.596858
9.269468
8.2915535
8.835785
8.725238
8.181006
9.486311
10.136837
9.269468
10.1410885
9.8137
8.508395
9.052627
8.725238
8.2915535
8.725238
9.596858
9.269468
9.592606
10.247384
8.725238
8.725238
8.4021
9.380016
7.747322
9.707404
9.486311
9.375764
9.052627
9.919995
8.614691
9.269468
9.269468
9.269468
8.725238
8.94208
9.809448
8.614691
9.919995
9.375764
9.592606
9.809448
10.030542
9.919995
8.725238
9.486311
9.486311
9.269468
8.94208
8.94208
8.2915535
9.596858
9.158921
8.946331
8.074712
8.725238
8.835785
8.074712
7.857869
7.5304804
7.9684157
8.623194
8.4021
8.4021
8.074712
7.9641643
8.295805
8.835785
8.512647
8.074712
8.623194
8.4021
8.295805
8.074712
8.946331
7.9641643
8.074712
8.2915535
7.9684157
6.986249
7.313638
7.857869
8.074712
7.4241843
7.4241843
7.313638
7.4241843
7.5304804
8.295805
7.096796
7.6410265
7.4241843
7.207342
7.857869
8.295805
8.4021
7.313638
7.6410265
7.096796
7.857869
7.4241843
8.4021
7.7515736
8.074712
7.6410265
7.313638
7.6410265
8.185258
6.8799534
8.4021
7.096796
7.096796
7.6410265
8.295805
8.185258
7.7515736
7.7515736
7.7515736
7.313638
7.4241843
6.663111
7.7515736
6.8799534
7.207342
6.663111
6.556816
7.1010475
6.2294273
6.9905005
7.1010475
6.8842053
6.4462695
6.7736583
6.9905005
6.123132
6.8842053
5.795743
5.90629
6.012585
6.123132
6.012585
6.9947524
7.1010475
5.90629
6.667363
5.90629
6.8842053
5.689448
6.450521
5.4726057
6.2336793
6.123132
6.339974
6.556816
6.556816
7.317889
6.663111
7.207342
6.339974
6.2294273
7.1010475
7.5347314
6.9905005
6.556816
6.9905005
7.4241843
6.4462695
6.4462695
6.556816
6.123132
6.8842053
6.339974
6.2294273
6.8842053
6.667363
5.6851964
6.667363
6.4462695
6.2294273
6.339974
7.1010475
5.902038
7.6452785
6.3357224
7.313638
7.096796
6.5525646
7.8621206
7.207342
6.3357224
6.663111
7.1010475
6.2294273
5.468354
6.012585
5.90629
6.012585
6.339974
6.8842053
5.795743
5.795743
6.9947524
5.578901
6.9905005
6.339974
6.556816
6.556816
6.012585
6.9905005
6.339974
7.1010475
6.7736583
7.2115946
6.339974
6.339974
7.1010475
5.689448
5.689448
4.8220797
6.016837
5.4768577
6.016837
5.1452165
5.1452165
4.7115326
4.8220797
5.4726057
4.4946904
5.583153
4.6009855
5.4726057
5.038922
5.689448
5.1452165
6.556816
6.8799534
5.795743
6.8842053
5.6851964
5.90629
6.339974
5.251512
5.4726057
5.578901
5.1452165
4.8178277
5.689448
5.689448
5.799995
5.2557635
4.4946904
5.038922
4.8220797
4.7115326
4.7115326
5.799995
4.4946904
5.3620586
5.038922
4.8178277
5.90629
5.689448
5.578901
5.689448
4.928375
5.689448
5.3620586
5.3620586
6.450521
5.4726057
5.90629
5.2557635
5.4726057
5.90629
5.795743
5.578901
6.123132
5.90629
4.8178277
5.4726057
5.689448
6.123132
6.123132
6.123132
5.689448
6.012585
5.795743
5.4726057
5.3620586
5.1452165
5.3620586
6.016837
5.1452165
5.4726057
4.928375
4.7115326
5.578901
4.3841434
5.038922
4.928375
5.689448
5.689448
4.6009855
5.2557635
5.1452165
4.928375
6.016837
5.578901
5.251512
5.251512
5.1452165
6.667363
5.795743
6.7736583
6.7736583
5.902038
6.123132
5.468354
6.667363
6.7736583
6.1188803
6.556816
6.012585
5.6851964
5.468354
5.578901
5.6851964
4.928375
5.90629
5.251512
5.251512
5.795743
5.3620586
6.8842053
6.012585
5.3620586
6.123132
5.3620586
5.795743
5.795743
5.795743
5.90629
5.1452165
6.123132
5.3620586
6.450521
5.578901
5.689448
6.667363
5.689448
5.4726057
4.7115326
5.038922
4.4946904
4.8220797
4.4946904
4.7115326
4.8220797
5.038922
4.0610065
4.3841434
5.3663106
4.171553
3.7336173
4.9326262
4.3883953
4.171553
3.844164
4.171553
4.3883953
3.6273217
4.171553
3.954711
3.4104798
3.954711
3.4104798
3.4104798
3.954711
4.171553
4.9326262
3.299933
4.605237
4.8220797
4.0610065
4.2778482
4.2778482
4.7115326
4.167301
5.2557635
4.928375
4.928375
5.3620586
5.4726057
5.3620586
4.6009855
5.689448
5.3663106
3.9504592
5.038922
5.038922
3.844164
4.605237
4.9326262
3.189386
4.0610065
5.1494684
4.2778482
3.844164
4.0610065
3.844164
4.3883953
3.299933
4.0610065
3.6273217
4.715784
4.171553
4.4946904
4.8220797
4.2778482
4.171553
4.0610065
4.2778482
3.7336173
4.2778482
4.171553
3.954711
3.5167751
4.171553
5.1494684
4.171553
4.0610065
3.7336173
4.2778482
4.715784
4.0610065
3.844164
3.844164
3.844164
3.844164
4.0610065
4.0610065
4.9326262
3.6273217
4.3883953
3.4104798
4.171553
3.5167751
4.171553
4.3883953
3.6273217
4.171553
4.4989424
3.954711
3.6273217
4.3883953
3.4104798
3.954711
4.8220797
4.0610065
4.2778482
4.3841434
3.62307
4.715784
5.1494684
4.3883953
4.2778482
3.7336173
4.0610065
5.038922
4.2778482
4.8220797
3.7336173
3.7336173
4.0610065
3.4104798
4.171553
4.0610065
3.9504592
4.605237
4.8220797
5.2557635
4.2778482
5.038922
5.799995
5.1452165
6.2336793
5.3620586
5.1452165
6.016837
5.0346694
6.450521
5.468354
6.012585
6.667363
5.468354
6.339974
6.2294273
6.2294273
6.663111
6.123132
5.902038
6.4462695
6.123132
6.7736583
6.556816
6.667363
6.667363
5.795743
6.339974
5.468354
6.556816
6.2294273
6.7736583
5.90629
5.578901
6.339974
5.902038
7.1010475
6.2294273
6.556816
6.123132
5.0346694
6.450521
6.339974
6.339974
6.2336793
6.016837
5.2557635
5.689448
6.77791
6.450521
5.3620586
6.339974
5.1452165
5.4726057
5.1452165
5.2557635
5.4726057
4.928375
5.583153
5.038922
4.6009855
5.90629
5.1452165
5.578901
5.3620586
6.123132
5.795743
6.2336793
5.689448
5.689448
5.3620586
5.90629
6.123132
5.90629
6.123132
5.3620586
6.339974
5.1452165
5.578901
5.4726057
6.016837
5.3620586
6.450521
6.667363
6.556816
5.3620586
7.2115946
6.7736583
6.8842053
6.1188803
7.317889
6.339974
6.556816
6.9905005
6.9905005
7.1010475
6.9905005
7.317889
6.4462695
6.556816
6.556816
6.667363
6.8842053
6.012585
6.556816
6.7736583
7.1010475
5.6851964
7.1010475
7.6452785
7.317889
6.8799534
7.317889
6.663111
7.8621206
6.556816
7.207342
6.2294273
7.6452785
6.123132
6.8842053
6.8842053
6.339974
5.90629
5.4726057
5.689448
4.7115326
5.689448
5.689448
5.0346694
5.4726057
5.4726057
5.689448
5.689448
6.3442264
6.3442264
6.667363
5.3620586
6.667363
6.339974
6.9947524
5.795743
6.450521
6.123132
5.578901
5.3620586
6.3442264
5.2557635
4.7115326
4.3841434
5.2557635
5.038922
5.583153
4.7115326
4.4989424
4.3883953
4.4989424
3.844164
4.4989424
4.8220797
3.844164
4.8220797
4.4946904
5.038922
4.171553
3.9504592
4.3883953
4.605237
4.9326262
4.171553
3.6273217
4.171553
4.4989424
4.3883953
4.605237
4.0610065
4.8220797
3.844164
4.3883953
4.9326262
3.6273217
4.3883953
4.171553
4.4989424
3.954711
4.3883953
4.9326262
4.605237
5.2600155
3.844164
5.2600155
4.3883953
4.4989424
3.737869
4.826331
3.5210268
3.737869
3.5210268
3.9589627
3.631574
3.848416
2.3262694
2.4368165
3.1978896
3.1978896
3.3041847
3.631574
3.414732
2.8705006
2.2199743
3.7421207
2.9810476
2.2199743
3.0873425
2.8705006
3.3041847
3.3041847
2.8705006
3.5210268
3.0873425
2.6536584
2.6536584
2.6536584
3.1978896
3.631574
2.3262694
3.848416
2.8705006
3.414732
2.4325645
3.7421207
2.8705006
2.4368165
3.848416
2.9810476
3.3041847
2.6536584
2.1094272
2.5431116
2.7599535
2.5431116
3.414732
3.0873425
3.3041847
3.631574
2.8705006
3.631574
2.6536584
3.3041847
2.6536584
4.503194
3.9589627
3.3041847
3.631574
3.414732
3.0873425
2.9810476
2.8705006
3.631574
3.848416
3.414732
4.2863517
3.7421207
2.9767957
3.9589627
4.065258
3.414732
3.631574
3.0873425
3.5252786
2.4368165
3.848416
2.8747523
2.8705006
2.8705006
2.8705006
2.4368165
2.5473633
3.1978896
2.003132
2.9810476
2.7642052
3.4189837
3.1978896
2.65791
3.7421207
2.7642052
3.0873425
2.6536584
3.9589627
2.8705006
3.848416
3.848416
4.3926473
3.3041847
4.3926473
3.848416
3.7421207
4.1758046
3.848416
4.2821
3.0873425
3.631574
3.3041847
3.848416
4.1758046
3.848416
4.2821
3.414732
3.5210268
4.2821
4.826331
4.2821
3.737869
4.2821
3.4104798
4.715784
3.848416
3.737869
3.954711
3.737869
4.2821
4.826331
4.6094894
3.954711
4.4989424
4.605237
5.2600155
4.8220797
4.9326262
5.2600155
3.954711
5.1494684
4.715784
5.2600155
5.1494684
5.804247
5.2557635
5.9105415
5.9105415
5.3663106
5.3663106
5.4726057
6.016837
5.4726057
5.583153
6.1273837
4.8220797
5.1494684
4.928375
6.237931
6.016837
5.3663106
5.9105415
5.2600155
4.605237
4.605237
4.4989424
4.9326262
5.1494684
4.4989424
5.0431733
4.605237
4.9326262
5.804247
5.3663106
4.2821
5.804247
4.4989424
4.605237
5.3663106
4.9326262
5.1494684
4.605237
5.3663106
4.605237
4.605237
5.9105415
5.799995
4.7115326
5.3663106
5.3663106
4.8220797
4.9326262
5.4768577
4.0610065
5.583153
5.2557635
6.2336793
6.2336793
6.2336793
6.9947524
6.450521
5.90629
6.556816
7.1010475
6.9947524
6.667363
6.8842053
6.8842053
7.1010475
7.207342
7.2115946
7.1010475
6.012585
6.8799534
7.1010475
6.123132
7.4284363
6.2294273
7.9726677
7.7515736
6.7736583
6.7736583
7.5347314
6.339974
7.2115946
6.8842053
6.77791
6.8842053
6.8842053
7.317889
7.317889
7.207342
7.317889
6.9947524
6.4462695
7.1010475
6.9947524
7.2115946
6.339974
6.667363
6.123132
6.667363
6.9905005
6.339974
7.1010475
6.9905005
7.1010475
7.1010475
6.77791
6.7736583
7.317889
6.9905005
7.317889
7.1010475
7.5347314
7.317889
7.317889
6.4462695
5.795743
7.538984
6.667363
6.450521
7.5347314
6.9905005
6.2294273
7.4241843
7.096796
7.5347314
7.5347314
7.4241843
6.556816
6.8799534
7.6452785
7.317889
7.5347314
7.207342
7.313638
7.6410265
8.078962
8.074712
8.074712
7.857869
8.729489
7.6410265
7.7515736
7.313638
8.185258
8.618942
7.857869
8.618942
8.181006
8.4021
7.5304804
8.729489
8.508395
8.074712
8.835785
8.725238
8.2915535
8.508395
8.725238
8.835785
10.030542
10.247384
9.919995
9.809448
9.375764
10.136837
9.375764
8.504144
9.486311
9.375764
9.375764
9.375764
9.158921
9.919995
9.809448
8.508395
9.596858
7.9641643
8.725238
9.269468
9.269468
9.486311
9.596858
9.375764
9.703153
9.375764
9.048374
9.703153
10.243132
10.89791
10.353679
10.570521
11.331594
10.459974
9.915743
10.570521
9.698901
9.482059
9.809448
9.809448
10.243132
11.004206
9.809448
10.353679
9.048374
9.592606
10.459974
9.809448
11.2253
11.004206
10.243132
10.459974
11.437889
9.915743
10.243132
10.570521
10.02629
10.570521
11.114753
10.570521
10.243132
11.221047
11.331594
10.893659
11.331594
10.676816
10.676816
11.114753
11.765279
10.243132
10.243132
10.243132
9.915743
11.004206
10.566269
11.1105
10.783112
11.548436
10.455723
9.805196
9.698901
10.459974
9.698901
10.459974
10.570521
9.592606
10.570521
10.02629
9.592606
9.809448
10.02629
10.570521
9.592606
10.136837
9.698901
9.048374
9.809448
10.570521
9.158921
9.265217
9.703153
9.265217
9.269468
8.181006
8.725238
8.181006
8.725238
8.614691
9.158921
9.269468
8.614691
9.158921
9.380016
9.596858
7.9641643
8.508395
9.052627
8.2915535
8.074712
8.074712
8.618942
7.9641643
9.052627
8.181006
8.835785
8.618942
8.618942
7.6410265
7.7515736
8.618942
7.857869
7.6410265
8.729489
8.074712
7.9684157
7.9684157
7.5347314
7.6410265
8.078962
6.8799534
7.207342
7.6452785
7.5347314
7.207342
7.4241843
7.4241843
7.207342
7.7515736
6.663111
7.317889
7.096796
6.7736583
8.295805
6.8799534
7.313638
7.7515736
7.6410265
7.4241843
7.7515736
7.6410265
8.078962
7.207342
6.9905005
6.339974
6.667363
6.339974
6.450521
6.556816
6.8884573
6.339974
5.3620586
5.583153
5.4726057
5.3663106
4.167301
5.799995
5.4726057
5.689448
5.799995
5.1452165
5.1452165
5.2557635
5.038922
5.2557635
5.799995
5.3663106
5.2557635
5.1452165
6.016837
6.3442264
5.3620586
6.016837
6.016837
5.4726057
6.2336793
5.90629
6.450521
6.77791
6.339974
6.339974
6.339974
6.2336793
6.450521
5.795743
6.667363
5.3620586
7.2115946
5.3620586
6.450521
5.689448
5.689448
5.468354
5.90629
5.689448
5.90629
6.339974
6.8842053
6.450521
5.795743
6.012585
6.556816
7.1010475
6.4462695
7.5347314
6.4462695
6.556816
7.207342
6.4462695
7.1010475
6.339974
6.8842053
7.317889
6.7736583
7.7515736
7.9684157
7.4241843
7.096796
8.623194
7.9684157
7.7515736
7.5347314
7.4241843
7.7515736
6.9905005
7.8621206
7.317889
6.339974
6.7736583
6.9905005
6.123132
6.8842053
6.339974
6.339974
5.90629
6.77791
6.9947524
6.9905005
7.317889
7.6452785
6.9905005
6.9905005
6.7736583
7.5347314
7.6452785
7.7558255
7.5347314
7.207342
7.7515736
8.078962
7.7515736
7.7515736
7.317889
7.7515736
6.8799534
7.4241843
7.5347314
7.207342
7.7515736
6.663111
7.7515736
7.207342
7.5347314
6.9905005
7.5347314
7.317889
6.8799534
7.207342
7.4241843
7.7515736
7.313638
7.5304804
7.6410265
7.096796
7.857869
7.857869
7.313638
8.618942
8.512647
8.185258
7.6410265
8.508395
8.508395
8.725238
8.508395
8.508395
7.9641643
8.185258
8.725238
7.4241843
8.618942
8.508395
8.074712
8.94208
9.269468
8.725238
8.2915535
8.835785
8.725238
7.747322
8.618942
8.2915535
8.4021
7.857869
7.857869
8.2915535
7.5304804
8.618942
7.9641643
7.4241843
6.8799534
7.6410265
8.078962
7.4241843
8.2915535
7.747322
8.185258
7.313638
8.4021
8.2915535
8.074712
8.2915535
8.729489
8.618942
8.508395
9.052627
8.725238
8.2915535
8.181006
8.508395
7.857869
8.946331
8.508395
8.508395
9.269468
8.618942
8.618942
7.313638
8.508395
7.6410265
8.4021
7.747322
8.2915535
6.875702
8.074712
8.508395
9.052627
9.158921
9.269468
9.048374
9.269468
9.158921
8.94208
9.592606
8.8315325
9.052627
8.397848
8.2915535
8.181006
8.835785
9.052627
8.397848
9.269468
8.8315325
9.048374
9.375764
9.8137
9.375764
8.8315325
9.703153
9.919995
9.703153
9.919995
9.809448
9.919995
9.375764
9.592606
9.809448
9.592606
9.919995
8.397848
9.596858
8.181006
9.380016
9.158921
8.508395
8.397848
8.94208
8.508395
8.2915535
7.747322
8.2915535
9.052627
9.375764
8.2915535
8.614691
8.181006
9.158921
8.725238
8.725238
8.181006
8.074712
8.074712
7.6410265
8.508395
8.725238
8.614691
9.486311
8.835785
8.508395
8.2915535
8.074712
7.4241843
8.4021
7.5304804
8.618942
7.9641643
9.269468
8.2915535
8.074712
8.181006
7.6410265
7.857869
7.313638
7.7515736
6.769407
8.074712
7.096796
7.857869
8.512647
8.074712
7.6410265
8.074712
7.313638
7.096796
7.096796
7.5347314
6.8799534
6.986249
7.4241843
7.857869
7.857869
7.5347314
6.9905005
7.8621206
7.4241843
6.4462695
6.9905005
7.7515736
7.7515736
7.4241843
7.313638
7.6410265
7.313638
7.6410265
7.207342
7.7515736
6.012585
7.317889
6.556816
6.556816
6.7736583
6.8842053
6.667363
6.667363
6.667363
6.123132
5.689448
5.578901
6.450521
5.689448
6.667363
5.795743
7.1010475
6.2294273
7.317889
6.7736583
6.9905005
7.4284363
6.556816
7.317889
6.8842053
6.8842053
7.4284363
6.450521
6.667363
6.123132
6.8842053
6.123132
5.578901
5.3620586
6.016837
5.4726057
5.583153
6.450521
5.90629
5.4726057
6.2336793
5.4726057
6.77791
5.689448
5.4726057
4.928375
4.8220797
5.1452165
5.9105415
5.4726057
5.1452165
5.1494684
4.605237
4.715784
5.038922
4.9326262
4.605237
4.171553
4.171553
4.9326262
5.9105415
5.1494684
5.6937
4.8220797
5.3663106
4.4946904
5.799995
5.6937
5.583153
5.3663106
5.583153
5.038922
5.3663106
5.038922
5.6937
4.8220797
4.0610065
4.171553
3.5210268
3.737869
3.737869
3.5210268
4.4989424
3.954711
4.2821
4.4989424
3.6273217
4.171553
3.844164
4.065258
4.065258
3.4104798
4.1758046
5.0431733
3.954711
4.9326262
4.605237
4.171553
4.605237
4.4989424
4.9326262
4.9326262
5.5874047
4.9326262
5.038922
5.2557635
4.715784
5.6937
5.3663106
4.9326262
4.8220797
4.605237
4.3883953
4.9326262
4.4989424
4.2821
4.715784
4.605237
4.605237
4.605237
4.4989424
4.605237
3.1936376
4.4989424
3.848416
4.2821
3.3041847
4.4989424
3.954711
4.065258
4.2821
4.065258
3.848416
3.5210268
3.737869
4.171553
4.4989424
4.2821
4.3883953
5.3663106
5.689448
6.2336793
5.2557635
5.038922
6.2336793
5.583153
5.578901
5.3620586
5.689448
6.3442264
6.016837
5.583153
5.799995
5.799995
5.1494684
4.715784
5.0431733
4.3883953
5.3705626
4.3883953
4.9326262
3.844164
4.9326262
4.171553
4.3883953
3.954711
4.171553
4.9326262
4.9326262
4.715784
5.1494684
4.8220797
5.1494684
5.3663106
5.1494684
5.3663106
5.038922
4.8220797
5.799995
6.016837
6.016837
4.7115326
6.2336793
6.3442264
6.2336793
5.689448
5.799995
5.689448
5.038922
5.2557635
5.3663106
4.605237
5.1494684
4.9326262
5.1494684
5.2557635
6.016837
5.038922
5.2557635
4.8220797
4.8220797
4.4989424
4.9326262
5.1494684
5.1494684
5.3663106
6.3442264
5.9105415
4.8220797
5.1452165
5.3663106
6.3442264
5.9105415
5.799995
5.689448
6.561068
5.90629
6.339974
6.339974
6.450521
6.77791
6.450521
6.123132
5.689448
6.667363
6.2336793
6.450521
5.9105415
6.339974
6.3442264
5.689448
6.454773
5.583153
4.4946904
5.583153
5.2600155
4.3883953
4.605237
4.0610065
5.3663106
5.1494684
4.8220797
4.9326262
5.2557635
5.038922
4.7115326
5.038922
6.1273837
6.7821617
5.4726057
5.689448
5.90629
7.2115946
6.8842053
6.667363
6.667363
7.1010475
7.6452785
6.667363
7.4284363
6.8842053
6.450521
6.7736583
6.556816
6.8842053
6.339974
6.8842053
6.123132
6.339974
6.123132
5.90629
6.561068
6.8884573
6.450521
6.2294273
6.123132
6.667363
6.123132
7.1010475
6.8842053
5.795743
6.7736583
6.8842053
6.2294273
6.9905005
6.9905005
7.5347314
6.8799534
6.9905005
8.078962
7.7515736
7.4241843
6.9905005
7.9684157
7.5347314
8.295805
8.295805
7.4241843
7.207342
7.7515736
7.7515736
7.7515736
7.6410265
7.7515736
7.6410265
7.207342
7.6410265
6.8799534
6.8799534
7.4241843
7.9684157
7.6410265
7.9684157
7.207342
7.207342
7.5347314
7.207342
7.096796
7.5304804
8.618942
7.857869
7.9684157
7.5304804
7.6410265
7.313638
8.295805
8.512647
7.4241843
8.946331
8.835785
8.181006
7.9641643
8.725238
8.618942
9.703153
8.2915535
9.158921
8.835785
8.725238
9.380016
9.269468
10.136837
8.94208
8.181006
9.158921
7.747322
8.074712
8.618942
7.207342
7.9684157
7.313638
7.857869
8.618942
9.163173
8.835785
8.618942
7.9641643
8.618942
8.2915535
8.074712
8.835785
7.747322
8.074712
8.94208
9.158921
9.158921
8.94208
8.2915535
8.835785
8.508395
8.508395
9.375764
8.720985
9.703153
9.919995
9.265217
9.919995
9.919995
8.720985
9.919995
9.809448
8.397848
9.486311
8.614691
8.725238
9.592606
9.919995
9.048374
8.614691
7.9641643
8.397848
8.508395
8.94208
8.618942
8.508395
7.9641643
8.2915535
9.158921
8.8315325
10.243132
9.15467
9.698901
9.915743
10.459974
10.893659
10.02629
10.787363
10.570521
10.349427
10.349427
10.570521
10.566269
10.243132
9.809448
10.136837
8.94208
9.592606
9.375764
9.048374
9.048374
8.8315325
8.614691
8.725238
9.052627
8.614691
7.9641643
7.9641643
9.375764
8.397848
9.375764
9.048374
9.375764
8.94208
8.397848
8.397848
8.725238
8.070459
9.269468
8.835785
8.508395
9.486311
8.397848
8.94208
9.158921
9.269468
9.052627
9.158921
8.725238
8.397848
8.725238
9.158921
8.835785
9.809448
9.919995
9.698901
8.720985
8.614691
8.725238
8.397848
8.618942
7.419933
7.9641643
8.508395
8.181006
8.2915535
9.052627
7.9641643
7.857869
7.9641643
8.181006
8.508395
7.9641643
8.725238
8.397848
8.614691
9.592606
8.8315325
9.919995
9.482059
8.287301
9.269468
8.725238
8.725238
9.269468
8.725238
8.725238
8.181006
8.8315325
8.614691
8.2915535
9.052627
7.747322
7.313638
6.769407
7.1010475
7.207342
7.313638
7.4241843
6.8799534
6.8799534
6.9905005
7.7515736
6.9905005
6.8799534
7.7515736
6.7736583
6.9905005
6.339974
7.317889
6.9905005
6.2294273
7.317889
6.123132
6.556816
6.2294273
6.450521
6.7736583
5.90629
6.339974
6.012585
6.2294273
6.2294273
5.90629
5.578901
6.012585
5.90629
5.3620586
5.3620586
5.3620586
5.1452165
5.1452165
5.2557635
5.583153
5.90629
4.7115326
4.167301
4.3883953
4.0610065
3.7336173
3.4104798
3.954711
4.3883953
4.0610065
5.038922
5.1494684
4.167301
4.4946904
5.038922
4.171553
4.171553
3.954711
4.826331
4.8220797
4.3883953
5.4726057
5.3663106
5.2557635
4.3841434
4.8220797
5.4726057
4.2778482
4.8220797
4.8220797
4.8220797
4.2778482
4.0610065
4.605237
4.4989424
4.171553
3.954711
3.4104798
3.4104798
3.5210268
3.4104798
4.2821
3.1936376
3.631574
3.5210268
3.4104798
3.3041847
3.6273217
3.631574
3.3041847
2.8705006
3.631574
3.3041847
3.4104798
2.6494067
3.3041847
3.0873425
2.1051755
3.1936376
3.5210268
2.8662488
4.065258
3.1936376
3.0830908
4.065258
4.2821
4.065258
3.1936376
3.844164
3.954711
3.1936376
3.1936376
3.6273217
3.1936376
4.065258
3.3041847
3.5210268
2.9767957
3.3041847
3.3041847
3.0873425
2.6536584
3.848416
2.7599535
3.1936376
3.3041847
3.954711
3.5210268
3.3041847
3.1936376
1.8883334
2.7599535
3.631574
3.848416
3.0873425
2.9767957
4.065258
3.1936376
3.0873425
2.9767957
3.299933
3.631574
3.5210268
3.3041847
3.5210268
2.7599535
3.414732
3.737869
3.5210268
3.4104798
3.737869
3.737869
3.954711
3.848416
3.1936376
2.8662488
3.9589627
3.848416
3.737869
3.737869
3.5210268
3.5210268
3.3041847
2.9767957
3.5210268
2.8705006
3.414732
2.9767957
3.414732
3.5210268
3.1936376
3.5210268
3.6273217
3.5210268
3.954711
3.1936376
3.954711
3.1936376
3.1936376
3.0830908
3.6273217
4.3883953
3.299933
4.4946904
4.715784
4.3883953
4.9326262
3.299933
3.844164
4.065258
3.1936376
3.4104798
3.4104798
3.954711
3.5210268
3.1936376
3.737869
4.6094894
3.4104798
2.7599535
3.4104798
2.7599535
3.737869
3.4104798
3.737869
3.0830908
3.4104798
3.1936376
4.065258
3.4104798
3.954711
3.4104798
3.737869
3.299933
3.3041847
3.1936376
3.737869
4.171553
3.1936376
3.1936376
3.737869
4.171553
4.3883953
4.605237
4.8220797
4.3841434
4.4946904
4.0610065
4.2778482
5.038922
4.4946904
3.4104798
4.2778482
3.4104798
3.6273217
3.4104798
4.0610065
3.844164
3.1936376
3.299933
3.737869
3.1936376
3.1936376
4.2821
3.0830908
3.5210268
2.8662488
3.4104798
3.954711
4.3883953
4.4989424
4.8220797
3.954711
3.844164
4.3883953
3.954711
3.954711
3.737869
4.2778482
4.715784
4.605237
4.0610065
4.4946904
4.8220797
4.605237
3.844164
4.9326262
4.4989424
3.5167751
3.844164
3.844164
5.1494684
4.2778482
3.7336173
4.2778482
3.7336173
4.0610065
4.3883953
4.0610065
4.605237
5.038922
5.2557635
5.038922
5.1452165
5.038922
5.251512
5.1452165
5.689448
5.4726057
5.799995
5.4726057
5.1452165
5.689448
5.578901
6.123132
6.667363
6.1188803
5.689448
4.8178277
5.3620586
5.251512
5.689448
5.799995
5.1452165
5.689448
5.90629
5.4726057
5.1452165
5.3620586
4.7115326
4.3841434
4.7115326
4.4946904
5.799995
5.1452165
5.3620586
5.3620586
5.90629
5.251512
6.2336793
5.689448
4.3841434
5.799995
4.4946904
5.583153
4.928375
5.038922
6.123132
5.90629
6.012585
6.123132
5.3620586
6.556816
5.4726057
6.667363
6.339974
6.556816
6.2294273
6.4462695
6.663111
7.207342
6.3357224
6.9905005
6.663111
5.6851964
6.339974
5.795743
6.2294273
6.012585
6.7736583
5.3620586
6.339974
5.795743
5.90629
6.339974
6.2294273
6.556816
5.3620586
6.1188803
6.4462695
6.663111
7.096796
7.096796
7.6410265
7.096796
8.074712
7.313638
7.313638
6.875702
8.074712
7.636775
7.5304804
8.508395
7.5304804
8.2915535
8.725238
7.526228
8.397848
8.94208
8.181006
7.857869
7.747322
8.074712
8.397848
7.636775
8.725238
8.181006
7.9641643
8.508395
7.9641643
8.835785
7.747322
8.2915535
7.74307
7.747322
8.725238
8.397848
8.725238
8.504144
8.397848
8.397848
8.070459
8.725238
9.048374
10.464226
8.614691
9.809448
9.592606
8.720985
10.02629
9.15467
9.048374
10.243132
9.265217
8.937827
9.371511
8.937827
9.809448
8.720985
9.375764
9.482059
8.504144
9.158921
9.158921
8.614691
9.592606
9.048374
9.809448
9.809448
9.265217
9.588354
9.919995
9.915743
9.592606
9.265217
9.048374
10.02629
10.02629
10.676816
9.69465
11.437889
10.566269
10.349427
10.23888
10.566269
11.1105
11.1105
10.23888
10.893659
10.783112
11.327342
10.999953
10.783112
11.1105
10.783112
11.327342
10.566269
10.0220375
10.459974
11.327342
10.999953
11.654732
10.999953
11.437889
10.566269
10.455723
10.893659
11.004206
10.455723
11.437889
11.437889
11.544185
10.999953
10.893659
10.893659
10.893659
11.327342
9.911491
10.783112
10.893659
10.999953
11.654732
11.327342
10.6725645
10.893659
10.566269
10.676816
10.6725645
11.327342
11.004206
10.6725645
10.999953
11.437889
9.911491
10.566269
10.783112
9.911491
10.132585
11.1105
9.698901
10.570521
9.915743
9.048374
8.82728
9.371511
10.02629
10.0220375
10.570521
9.805196
9.265217
10.459974
10.566269
10.676816
10.566269
10.132585
10.349427
10.566269
11.1105
10.132585
10.893659
9.805196
10.459974
9.915743
10.570521
10.353679
9.482059
9.915743
10.570521
8.937827
9.698901
10.243132
9.265217
9.482059
10.353679
9.048374
9.809448
8.720985
9.809448
9.15467
8.614691
8.181006
8.508395
7.857869
8.2915535
7.747322
7.5304804
7.4241843
6.986249
7.857869
7.857869
8.2915535
8.618942
7.747322
8.2915535
8.2915535
7.5304804
8.2915535
9.052627
8.070459
9.052627
8.94208
8.2915535
8.946331
7.747322
7.4241843
7.857869
7.5304804
7.313638
7.096796
7.096796
7.207342
6.3357224
6.7736583
6.7736583
6.123132
6.556816
6.123132
5.795743
6.016837
5.3620586
5.689448
5.689448
5.90629
5.4726057
5.2557635
6.123132
5.1452165
6.016837
6.016837
5.3620586
6.339974
5.578901
5.90629
5.3620586
4.7115326
4.7115326
4.7115326
5.2557635
4.928375
5.2557635
4.928375
5.4726057
5.4726057
5.583153
5.9105415
4.7115326
5.3663106
4.7115326
3.954711
4.4989424
3.6273217
4.6094894
3.4104798
3.5210268
2.9767957
3.848416
4.065258
3.3041847
3.5210268
2.5431116
2.6494067
2.6536584
3.3041847
2.6536584
2.3262694
3.5210268
3.3041847
3.3041847
3.1936376
3.5210268
3.3041847
3.1936376
3.5210268
3.0873425
2.6494067
2.4325645
3.9589627
3.1936376
3.631574
2.9767957
3.3041847
2.5473633
2.3262694
1.6757431
2.8705006
2.9810476
2.3262694
2.6536584
2.2199743
2.6536584
1.8925852
1.5694479
1.896837
1.8925852
2.7642052
1.2420589
2.2199743
0.91466975
1.7862899
1.5694479
1.2420589
1.1315118
1.6757431
1.5694479
1.4589009
2.6536584
1.4589009
2.330521
1.5694479
1.896837
1.4589009
1.6757431
2.1094272
2.6536584
1.4589009
1.7862899
1.2420589
1.7862899
1.2420589
2.5473633
1.1315118
2.330521
2.003132
2.003132
1.5694479
1.896837
1.4631528
1.3526058
0.9189216
0.59153247
1.0294685
1.4631528
0.59153247
1.6799948
1.0294685
0.26839525
1.2463106
1.1357636
0.59153247
1.1357636
0.48098555
1.1357636
1.5694479
2.1136792
0.48098555
1.2420589
1.3526058
1.6757431
1.2420589
2.8705006
2.2157223
2.2157223
2.2199743
2.8705006
3.414732
3.3041847
3.0873425
3.631574
2.3262694
2.3262694
3.1978896
2.4368165
2.003132
1.4589009
1.7820382
2.4368165
1.565196
1.8925852
2.4368165
2.9810476
2.003132
2.003132
1.7862899
1.6757431
2.003132
1.4589009
2.003132
2.003132
2.003132
1.6757431
2.5473633
1.1315118
2.4368165
1.7862899
2.1094272
2.003132
2.5473633
1.6757431
2.8705006
2.1094272
2.8705006
1.9988803
2.2199743
2.3262694
2.003132
1.6757431
2.3262694
2.6536584
3.414732
1.565196
2.5431116
2.4368165
2.003132
1.7862899
1.8925852
1.348354
2.4368165
2.003132
2.2199743
2.2199743
0.69782764
2.003132
1.2420589
2.2199743
1.2420589
2.003132
2.1094272
1.6757431
2.003132
1.8925852
2.4368165
2.4368165
2.3262694
2.1094272
1.9988803
2.7599535
1.8925852
2.6536584
1.9988803
1.4546491
2.7599535
2.2157223
2.5431116
2.7599535
2.1094272
2.4325645
2.6494067
2.7599535
1.6714911
2.6536584
2.2157223
2.3220174
3.3041847
2.2157223
3.3041847
2.6536584
2.3262694
2.3262694
1.7820382
1.9988803
3.414732
1.6714911
2.5431116
2.3262694
2.9767957
2.5431116
3.0873425
3.1936376
2.9767957
2.2157223
3.0830908
3.5210268
2.9767957
3.4104798
2.9767957
2.7599535
2.6494067
4.171553
3.6273217
3.4104798
3.954711
2.7557018
2.7557018
3.5167751
2.7557018
3.6273217
3.954711
3.1936376
3.6273217
3.299933
3.844164
2.972544
4.2821
2.3220174
3.5210268
2.8662488
2.8662488
4.0610065
4.0610065
4.171553
2.972544
2.861997
3.954711
3.844164
3.0830908
4.4989424
4.715784
2.972544
4.928375
4.490439
4.167301
5.3663106
3.9504592
4.2778482
4.928375
4.0610065
4.4946904
5.038922
4.167301
5.2557635
4.8178277
4.928375
4.3841434
4.6009855
4.167301
4.7115326
3.8399122
3.9504592
4.4946904
2.534608
4.0610065
3.2956812
3.078839
4.2778482
3.189386
3.7336173
3.8399122
4.7115326
4.2735963
4.2735963
5.038922
4.167301
4.2735963
4.490439
4.490439
4.7072806
3.9462075
5.468354
4.2735963
3.9462075
5.251512
5.251512
3.9462075
5.0346694
5.795743
5.90629
4.924123
4.8178277
5.251512
3.8356605
4.8178277
4.7072806
4.5967336
5.251512
4.1630497
5.468354
4.1630497
4.3841434
5.0346694
3.5125234
4.2735963
3.7293656
5.038922
3.7293656
4.056754
4.3841434
3.2956812
3.9504592
4.167301
3.9504592
4.8178277
3.8399122
5.038922
3.5125234
4.7115326
4.6009855
4.7115326
4.8178277
4.167301
3.9504592
5.3620586
3.6188183
4.8178277
4.490439
4.167301
4.928375
4.490439
4.6009855
3.7293656
5.3620586
5.3620586
4.1630497
4.8178277
4.7072806
3.8399122
3.8399122
4.6009855
4.3841434
3.9462075
3.8399122
4.8178277
3.8399122
4.167301
4.2735963
4.2735963
4.8178277
4.7072806
5.689448
4.8135757
5.0346694
5.030418
4.7030287
5.0346694
4.1630497
4.490439
5.0346694
4.490439
5.0346694
4.5967336
4.4861865
4.7072806
5.0346694
5.0346694
5.0346694
3.7293656
3.8399122
4.928375
4.928375
4.8178277
4.1630497
6.123132
4.490439
5.1452165
4.2735963
4.2735963
4.2735963
3.7251134
4.6009855
4.924123
4.924123
5.3620586
4.379892
5.578901
4.7072806
4.7072806
4.8178277
4.490439
3.9462075
4.167301
3.078839
3.5125234
5.2557635
5.0346694
4.490439
4.924123
5.3620586
4.2735963
3.8356605
4.7115326
5.1452165
4.1630497
4.7072806
5.578901
5.251512
4.7072806
4.5967336
4.7072806
4.8135757
5.902038
4.924123
4.379892
5.251512
4.3841434
4.7072806
4.056754
5.3620586
4.490439
4.490439
5.251512
5.251512
4.8178277
5.0346694
5.3620586
4.056754
3.9462075
5.0346694
5.578901
4.8178277
5.140965
4.379892
3.9419558
4.056754
4.3841434
4.924123
3.9462075
5.468354
4.379892
4.924123
5.140965
4.7072806
5.468354
4.4861865
4.379892
5.251512
5.251512
5.795743
4.379892
3.9462075
4.379892
3.4019763
4.2735963
3.7293656
3.5125234
4.7115326
3.2956812
4.3841434
3.9462075
3.2956812
4.2735963
3.8399122
4.7115326
3.9462075
4.2735963
4.269345
5.574649
5.6851964
4.8135757
5.468354
5.791491
5.574649
5.6851964
6.008333
5.574649
6.008333
4.37564
5.902038
6.3357224
4.8135757
5.902038
4.5967336
5.6851964
5.24726
5.6851964
5.140965
4.4861865
5.468354
5.468354
4.8135757
4.924123
5.468354
5.574649
6.012585
6.3357224
6.663111
6.5525646
6.663111
6.5525646
6.5525646
6.5525646
5.8977866
6.5525646
6.114629
7.5304804
6.8799534
6.2251754
7.313638
6.986249
6.986249
6.769407
6.2251754
5.5703974
7.313638
6.986249
6.769407
6.986249
6.986249
6.6588597
5.7872396
6.986249
6.114629
6.114629
7.9641643
6.6588597
7.203091
6.875702
6.3314705
6.986249
6.114629
6.769407
7.096796
6.986249
6.769407
6.2251754
6.4420176
6.3314705
7.4241843
8.074712
7.419933
7.092544
7.747322
7.9641643
6.4420176
7.309386
7.853617
7.203091
7.636775
8.070459
8.725238
8.070459
8.393597
8.287301
7.74307
7.526228
7.849365
7.853617
7.419933
7.1988387
7.74307
8.504144
8.720985
7.9599123
8.176754
9.375764
7.849365
7.9599123
8.720985
7.521976
9.048374
8.720985
8.176754
8.610438
9.592606
8.82728
8.610438
9.15467
8.606187
9.371511
9.15467
9.588354
9.477807
9.371511
9.911491
10.132585
9.915743
9.588354
9.260964
9.584103
9.039871
10.0220375
8.929324
10.566269
10.128334
9.911491
10.0220375
9.477807
9.588354
9.805196
9.805196
9.805196
9.911491
10.0220375
9.477807
9.260964
9.915743
9.044123
9.588354
10.0220375
10.132585
8.933577
10.349427
10.128334
9.805196
10.676816
10.893659
10.23888
9.805196
11.1105
9.800944
10.566269
10.234629
9.800944
10.128334
10.23888
10.6725645
11.1105
10.455723
10.349427
11.216796
10.6725645
10.23888
10.017787
10.999953
10.455723
10.455723
10.455723
11.327342
10.128334
10.783112
10.345176
10.783112
10.6725645
10.128334
10.345176
10.017787
10.6725645
11.216796
10.234629
11.216796
10.999953
10.889407
11.433638
11.216796
10.885155
11.106249
10.340923
10.77886
11.323091
10.128334
11.323091
10.889407
11.973618
10.889407
11.2125435
11.323091
10.340923
10.889407
11.106249
10.455723
10.889407
10.77886
10.889407
10.455723
10.783112
10.017787
10.783112
10.783112
10.6725645
10.128334
10.128334
10.6725645
10.783112
10.562017
10.349427
10.128334
10.23888
11.221047
10.562017
10.893659
9.69465
11.1105
10.783112
11.327342
10.783112
10.455723
10.128334
10.566269
10.6725645
10.23888
10.349427
10.128334
10.349427
11.1105
9.911491
9.805196
10.676816
10.0220375
9.588354
10.349427
9.698901
9.260964
9.260964
9.371511
9.805196
9.698901
10.459974
9.805196
9.698901
10.23888
9.805196
9.69465
9.371511
10.349427
9.477807
10.132585
10.0220375
9.584103
10.893659
9.584103
10.0220375
9.150418
9.915743
9.588354
9.260964
10.676816
10.23888
10.349427
9.915743
9.260964
9.588354
9.477807
9.69465
9.588354
9.698901
8.937827
9.371511
9.588354
10.02629
9.371511
8.82728
9.809448
8.610438
9.048374
9.15467
9.048374
9.048374
9.482059
9.048374
9.375764
8.8315325
7.636775
8.8315325
8.504144
8.614691
7.853617
8.8315325
7.309386
7.9641643
8.287301
7.9599123
8.504144
8.508395
7.309386
7.853617
7.853617
7.415681
8.614691
8.94208
8.725238
8.614691
8.397848
8.070459
7.74307
7.747322
8.508395
7.74307
7.636775
7.526228
8.181006
7.526228
8.287301
7.1988387
8.070459
7.9599123
6.765155
7.9641643
7.1988387
7.853617
7.747322
7.9641643
8.181006
8.618942
7.636775
7.526228
8.070459
7.419933
7.9641643
7.419933
8.614691
8.2915535
8.397848
7.526228
8.397848
8.181006
7.9641643
8.614691
7.9599123
7.309386
8.94208
8.070459
8.181006
8.181006
7.636775
7.9641643
7.9641643
6.986249
7.419933
7.747322
6.769407
6.2251754
6.986249
6.8799534
6.114629
6.2251754
7.4241843
6.8799534
7.096796
7.5304804
7.313638
7.313638
7.313638
6.5525646
7.857869
6.5525646
7.7515736
7.313638
7.5304804
7.857869
6.765155
6.5525646
7.5304804
6.875702
7.313638
7.313638
7.6410265
7.6410265
7.4241843
6.2251754
7.313638
7.313638
6.2251754
7.4241843
7.096796
6.769407
7.313638
7.096796
6.4420176
7.207342
6.5525646
6.986249
7.4241843
6.986249
6.2251754
6.3357224
6.8799534
7.096796
6.008333
6.5525646
7.096796
6.769407
6.3357224
6.114629
7.096796
6.769407
6.8799534
6.769407
6.5525646
6.3357224
6.986249
7.6410265
6.5525646
6.986249
7.096796
6.769407
6.5525646
7.6410265
6.008333
6.5525646
6.663111
5.791491
6.2294273
6.3357224
6.012585
6.012585
5.6851964
6.339974
6.556816
5.902038
6.123132
6.012585
6.012585
6.2294273
5.902038
6.012585
6.008333
6.2294273
5.574649
5.791491
6.3357224
6.3357224
6.663111
6.4462695
7.7515736
6.5525646
6.7736583
6.008333
5.791491
6.663111
7.096796
5.791491
7.4241843
6.008333
5.464102
6.663111
6.663111
5.464102
6.1188803
6.5525646
6.008333
6.4462695
5.902038
6.012585
6.008333
5.574649
5.791491
6.4462695
6.1188803
7.096796
6.2251754
6.008333
6.008333
6.3357224
6.7736583
6.663111
5.574649
6.8799534
6.663111
6.8799534
6.5525646
6.1188803
6.3357224
5.791491
6.663111
5.791491
5.353555
6.8799534
6.8799534
6.3357224
6.1188803
7.313638
5.7872396
5.8977866
6.4420176
6.5525646
6.008333
6.7736583
6.8799534
5.791491
7.096796
6.5525646
5.026166
6.5525646
6.5525646
5.8977866
6.4462695
6.008333
5.902038
6.9905005
6.3357224
5.136713
6.4462695
6.008333
6.8799534
5.353555
6.1188803
6.5525646
6.769407
5.791491
6.2251754
6.986249
5.8977866
6.008333
6.5525646
6.5525646
5.6809444
5.5703974
6.8799534
7.096796
5.353555
5.8977866
6.4420176
5.5703974
6.5525646
6.986249
6.3314705
6.2209234
6.3314705
6.0040812
6.114629
6.3314705
6.2209234
7.092544
6.654608
6.981997
7.636775
6.433514
6.654608
6.5483127
6.654608
8.181006
7.1988387
7.632523
6.9777446
8.066207
9.044123
7.738818
7.738818
8.716734
9.371511
9.044123
8.278798
9.044123
9.911491
9.911491
10.455723
9.039871
9.584103
10.0220375
8.8230295
8.933577
9.36726
9.36726
9.36726
9.69465
9.584103
9.584103
9.69465
8.606187
9.039871
9.044123
9.36726
8.49564
9.477807
9.36726
9.473556
9.911491
9.473556
10.017787
8.929324
10.128334
9.473556
10.345176
9.800944
9.690397
10.128334
11.106249
10.45147
10.45147
11.323091
11.429386
11.318839
11.429386
10.774608
10.234629
9.57985
11.106249
10.45147
10.013535
11.429386
10.013535
10.340923
10.013535
10.45147
10.45147
10.668313
9.907239
9.690397
9.252461
10.889407
10.668313
10.77886
9.3630085
9.796692
10.77886
10.885155
10.995702
11.101996
11.101996
11.318839
11.208292
11.101996
12.079912
10.991449
11.535681
12.301006
12.186207
10.119829
11.752523
11.429386
11.8630705
11.425134
12.190459
11.8630705
10.119829
10.557766
10.124082
10.774608
9.796692
10.995702
10.124082
9.3630085
10.562017
10.017787
10.668313
9.473556
9.252461
9.907239
9.473556
9.473556
10.128334
9.473556
10.77886
9.469303
10.345176
10.447219
9.796692
10.230376
10.668313
10.664061
9.796692
10.230376
10.336672
10.230376
10.119829
10.668313
10.885155
9.57985
9.3630085
9.473556
9.690397
9.035619
9.473556
9.256713
9.256713
9.035619
9.800944
9.146166
7.4071774
9.911491
8.49564
8.606187
7.4114294
8.1725025
9.039871
8.716734
9.3630085
9.911491
10.017787
9.039871
9.473556
9.69465
9.36726
9.039871
9.690397
9.256713
8.8230295
9.69465
9.69465
9.146166
9.911491
8.606187
9.150418
8.933577
8.061955
9.482059
8.716734
7.738818
8.393597
7.1988387
7.0882916
7.415681
7.0882916
6.765155
5.6766925
6.875702
6.6588597
6.114629
6.3314705
7.092544
5.243008
6.5483127
7.203091
6.4420176
7.092544
6.114629
6.5525646
6.3314705
7.203091
7.9641643
6.544061
7.636775
7.309386
6.654608
6.765155
6.875702
6.114629
6.5525646
6.769407
6.875702
6.3357224
6.4420176
5.5703974
6.769407
6.4420176
6.2251754
6.4420176
6.2251754
5.243008
7.207342
5.6809444
5.353555
6.008333
5.8977866
5.7872396
6.986249
5.4598503
5.5703974
5.8977866
5.5703974
5.6809444
6.5483127
5.5703974
6.0040812
7.092544
6.0040812
6.981997
6.4377656
7.092544
6.544061
7.1988387
7.9599123
8.504144
7.521976
7.521976
8.82728
7.738818
8.287301
7.849365
7.6282716
7.849365
7.6282716
7.9599123
6.9777446
6.981997
7.419933
6.110377
7.203091
7.203091
6.327219
5.7872396
6.5483127
6.986249
6.0040812
6.3314705
6.765155
6.3314705
7.203091
6.3314705
6.0040812
7.092544
7.092544
6.654608
7.415681
7.1988387
7.415681
7.526228
7.415681
6.654608
8.614691
7.1945877
6.87145
7.9599123
7.632523
7.1945877
9.265217
8.606187
7.4114294
9.15467
8.499891
7.5177245
7.955661
7.6282716
7.632523
7.9599123
7.305134
7.521976
7.738818
8.393597
8.061955
9.371511
8.606187
8.061955
7.7345667
8.933577
9.260964
8.389345
9.477807
8.057704
9.69465
9.911491
9.796692
10.128334
9.473556
10.234629
10.999953
9.796692
10.77886
10.995702
10.230376
11.429386
10.557766
10.774608
10.885155
11.8630705
11.318839
10.234629
10.77886
10.45147
9.907239
10.234629
9.584103
9.252461
9.911491
9.36726
9.584103
8.601935
8.8230295
9.039871
9.150418
9.911491
9.584103
9.800944
9.473556
9.473556
10.017787
10.017787
10.234629
8.929324
10.017787
9.796692
10.345176
10.234629
9.469303
10.995702
10.668313
9.9029875
9.57985
10.017787
10.234629
9.584103
10.455723
9.800944
8.712482
9.256713
10.017787
9.256713
8.601935
9.584103
9.800944
8.8230295
8.933577
9.039871
8.385093
9.907239
9.911491
9.907239
9.36726
7.951409
8.933577
8.49564
7.7345667
8.389345
9.584103
9.146166
9.584103
9.690397
9.690397
10.128334
9.584103
9.473556
9.584103
9.146166
9.69465
10.234629
10.6725645
9.800944
9.584103
10.128334
9.477807
7.8451138
8.389345
8.1725025
8.499891
8.393597
7.521976
7.9599123
7.305134
8.066207
7.6282716
7.955661
7.9599123
8.1725025
7.1945877
8.176754
7.1945877
6.9777446
7.74307
6.760903
6.9777446
6.87145
7.415681
7.305134
6.110377
7.415681
7.415681
6.5483127
6.544061
7.415681
7.305134
6.981997
7.849365
7.9599123
7.1945877
7.305134
6.765155
7.0882916
6.765155
7.1988387
6.327219
7.309386
6.760903
6.981997
6.0040812
4.915619
6.114629
6.3314705
5.5703974
5.243008
5.243008
6.008333
6.114629
6.3314705
6.3314705
6.3314705
5.7872396
6.114629
6.2209234
6.5483127
7.526228
6.433514
7.309386
6.9777446
6.87145
7.305134
8.499891
7.521976
7.521976
7.305134
8.066207
7.305134
7.9599123
6.760903
7.632523
8.720985
7.1945877
7.0882916
7.632523
6.9777446
6.544061
7.632523
7.0882916
8.610438
6.544061
8.720985
7.305134
6.544061
8.504144
6.760903
6.327219
6.327219
6.981997
7.0882916
6.216672
7.849365
6.9734936
7.305134
8.606187
7.738818
8.28305
7.955661
8.1725025
9.039871
8.389345
8.606187
9.911491
7.951409
8.393597
9.150418
7.955661
8.1725025
8.716734
7.521976
8.28305
6.539809
8.176754
8.393597
8.28305
8.066207
8.28305
6.9777446
7.415681
6.6503563
7.9599123
7.1988387
6.544061
7.632523
7.1945877
8.610438
8.716734
7.6282716
8.28305
7.0840406
8.82728
7.738818
8.499891
8.716734
8.49564
8.1725025
9.911491
8.278798
8.933577
10.0220375
9.473556
9.039871
8.389345
8.8230295
8.716734
8.8230295
9.805196
9.69465
8.49564
9.15467
7.738818
7.6282716
8.066207
8.28305
6.6503563
6.9777446
6.9777446
7.1945877
6.8671985
8.176754
7.3008823
7.738818
7.6282716
6.9777446
8.1725025
8.393597
7.6282716
8.1725025
9.15467
8.061955
8.606187
9.36726
7.6282716
7.8451138
8.28305
7.6282716
7.951409
8.061955
9.584103
8.168251
9.36726
9.473556
10.0220375
9.800944
7.4071774
9.150418
8.8230295
9.588354
8.389345
8.061955
7.955661
8.716734
7.5177245
8.82728
7.955661
8.066207
7.3008823
8.066207
8.393597
7.849365
7.521976
8.610438
8.499891
8.1725025
9.36726
8.716734
8.8230295
8.389345
9.584103
8.716734
8.712482
9.911491
9.911491
9.146166
10.128334
8.491387
8.8230295
9.256713
9.36726
10.234629
10.455723
9.146166
8.712482
9.911491
9.473556
8.606187
9.256713
7.8451138
8.716734
7.951409
8.389345
8.1725025
8.499891
8.716734
7.7345667
9.150418
8.929324
8.712482
8.601935
8.712482
9.800944
9.36726
9.256713
8.929324
8.491387
9.150418
9.146166
10.017787
8.929324
9.800944
9.584103
9.690397
9.035619
9.469303
9.911491
10.45147
9.256713
8.601935
9.800944
9.146166
9.039871
9.150418
7.6240196
8.8230295
7.951409
8.278798
8.1725025
8.057704
8.278798
9.039871
9.256713
9.150418
8.061955
8.385093
8.712482
8.278798
8.8230295
8.389345
9.36726
8.385093
8.274546
8.601935
9.035619
9.146166
8.0534525
10.345176
9.256713
9.584103
8.929324
10.017787
8.929324
9.57985
9.473556
9.907239
8.929324
9.473556
9.584103
9.146166
8.929324
8.712482
8.385093
7.6240196
7.951409
7.6240196
8.278798
7.5177245
8.168251
7.3008823
8.389345
8.601935
8.49564
9.800944
9.3630085
9.146166
9.690397
7.7303147
8.8230295
9.473556
9.252461
10.128334
8.818777
9.035619
9.57985
9.358756
9.907239
9.252461
9.252461
9.584103
9.3630085
8.491387
9.473556
8.70823
9.146166
9.473556
8.929324
9.035619
9.035619
8.491387
9.57985
8.601935
8.274546
9.256713
9.035619
9.3630085
9.584103
9.3630085
8.925072
9.690397
8.163999
9.035619
9.035619
8.491387
9.146166
9.3630085
10.234629
10.013535
9.57985
9.469303
10.885155
10.009283
10.664061
11.318839
11.097745
10.991449
11.535681
10.880902
11.641976
10.770356
10.991449
9.9029875
9.141914
9.907239
9.035619
10.017787
9.3630085
8.491387
10.562017
9.796692
10.013535
10.45147
10.447219
9.9029875
9.686145
9.686145
9.690397
10.668313
10.013535
10.557766
10.340923
10.557766
10.124082
10.991449
10.5535145
10.336672
11.425134
11.425134
10.664061
10.880902
10.447219
11.318839
10.5535145
11.752523
10.880902
10.664061
10.226125
10.880902
11.425134
10.987199
11.535681
11.097745
10.447219
10.991449
9.686145
10.995702
9.9029875
9.686145
10.885155
9.686145
10.013535
10.77886
10.774608
10.230376
10.45147
10.664061
9.575599
10.124082
9.9029875
10.119829
11.2125435
10.447219
11.097745
11.318839
10.880902
11.752523
11.752523
10.876652
10.119829
10.880902
11.858818
10.880902
11.097745
11.318839
10.774608
10.336672
11.314588
10.119829
10.009283
10.230376
10.774608
10.013535
9.686145
10.336672
10.119829
10.885155
10.557766
9.358756
10.013535
10.557766
8.814526
9.3630085
8.925072
8.597683
10.013535
9.9029875
10.880902
10.230376
11.318839
10.664061
11.2125435
10.336672
10.447219
10.447219
9.9029875
10.45147
10.885155
11.535681
10.447219
10.880902
10.45147
10.885155
10.774608
9.9029875
10.013535
10.013535
10.124082
9.57985
9.57985
9.690397
10.230376
8.597683
9.252461
9.035619
9.907239
9.907239
9.690397
9.3630085
9.690397
9.796692
9.146166
9.3630085
9.035619
9.035619
9.252461
9.907239
9.3630085
10.557766
11.101996
10.119829
10.230376
10.557766
10.447219
11.535681
9.9029875
10.995702
10.119829
10.885155
10.885155
10.230376
10.124082
10.557766
9.792441
10.668313
9.57985
9.57985
9.690397
9.800944
8.601935
8.712482
8.8230295
8.601935
8.49564
9.911491
9.256713
7.840862
8.385093
8.818777
9.36726
10.128334
8.491387
9.039871
9.911491
9.690397
9.800944
9.800944
9.256713
9.039871
9.584103
8.818777
8.712482
9.256713
9.800944
9.473556
8.818777
10.017787
10.128334
9.907239
10.128334
9.146166
9.035619
8.49564
9.256713
8.49564
7.8451138
8.061955
8.061955
7.3008823
7.0840406
7.305134
7.4114294
6.760903
7.0882916
6.433514
7.0882916
7.305134
7.6282716
7.4114294
9.044123
8.389345
8.389345
7.8451138
8.1725025
8.389345
8.499891
7.955661
7.7345667
8.066207
8.716734
8.1725025
8.610438
8.1725025
7.3008823
8.610438
7.3008823
7.8451138
7.3008823
6.9734936
7.632523
7.849365
6.9777446
7.415681
6.216672
6.5483127
6.544061
6.760903
7.849365
7.1945877
6.9777446
7.849365
7.849365
5.99983
7.415681
6.544061
6.4377656
6.327219
6.327219
6.765155
6.981997
7.74307
6.760903
6.760903
7.415681
7.415681
7.849365
7.632523
7.632523
7.521976
7.632523
8.066207
8.28305
7.4114294
8.499891
7.5177245
6.539809
7.1945877
7.632523
6.760903
6.544061
7.1988387
6.87145
5.893534
7.0882916
7.526228
7.526228
7.74307
6.654608
6.87145
6.87145
7.526228
7.0882916
6.654608
7.0882916
7.849365
7.0882916
7.521976
7.521976
7.415681
7.415681
7.521976
7.0882916
7.9599123
8.1725025
8.716734
9.039871
7.7345667
8.176754
8.389345
8.49564
9.371511
8.82728
8.716734
8.066207
8.393597
7.305134
8.176754
7.1945877
7.305134
7.305134
7.0882916
6.544061
7.9599123
6.433514
6.654608
7.415681
7.0882916
6.87145
7.415681
7.74307
6.87145
7.849365
7.305134
7.415681
8.720985
7.1988387
8.393597
8.1725025
8.176754
9.805196
9.36726
9.805196
8.933577
9.911491
9.477807
9.150418
9.36726
10.0220375
9.36726
9.800944
8.712482
8.606187
8.499891
8.933577
8.49564
8.8230295
7.840862
9.150418
9.260964
8.818777
9.584103
9.690397
10.455723
8.929324
9.039871
8.385093
9.146166
8.818777
9.907239
9.252461
10.234629
10.124082
10.013535
10.45147
10.557766
11.535681
10.991449
10.336672
12.079912
12.186207
12.730438
12.292503
12.513597
11.858818
12.079912
10.447219
10.991449
10.557766
10.119829
10.230376
10.340923
10.774608
11.429386
11.208292
11.539933
10.340923
10.557766
10.45147
10.995702
9.907239
9.690397
10.234629
10.889407
10.664061
10.5535145
12.407301
11.420882
10.987199
10.987199
11.208292
12.079912
11.535681
10.336672
11.973618
11.8630705
10.880902
11.752523
11.531429
11.208292
10.770356
11.641976
10.991449
10.447219
10.557766
10.45147
10.340923
9.57985
10.017787
10.230376
9.473556
9.800944
9.907239
10.885155
10.557766
9.796692
8.925072
9.035619
10.455723
9.473556
9.146166
9.800944
10.128334
10.017787
10.889407
9.796692
9.907239
9.796692
10.668313
10.124082
11.2125435
10.124082
10.345176
9.690397
9.039871
9.584103
9.584103
9.039871
10.23888
9.473556
9.477807
10.234629
9.256713
9.805196
8.278798
8.82728
8.1725025
7.3008823
7.8451138
8.82728
7.955661
7.4114294
8.066207
7.305134
6.6503563
7.526228
6.760903
7.305134
7.636775
6.654608
6.654608
7.309386
6.981997
6.110377
8.070459
5.99983
6.3314705
7.092544
5.6766925
6.114629
6.114629
6.875702
6.875702
7.309386
6.3314705
7.092544
6.875702
6.986249
6.5483127
5.243008
7.203091
5.6766925
5.5703974
5.5703974
6.6588597
5.7872396
5.7872396
6.5525646
6.2251754
6.2251754
5.24726
4.8135757
4.7030287
4.269345
5.791491
5.030418
4.9198713
5.574649
5.464102
6.114629
6.0040812
5.4598503
6.114629
6.3314705
5.7872396
8.181006
7.092544
6.6588597
7.747322
7.092544
6.986249
7.1988387
6.3314705
7.9641643
6.4377656
7.9641643
7.092544
7.5304804
6.114629
5.8977866
6.3314705
6.114629
6.114629
6.6588597
6.981997
7.74307
8.614691
7.521976
7.74307
7.0882916
7.526228
6.2209234
5.6766925
7.203091
5.7872396
5.243008
6.3314705
5.7872396
6.4377656
7.9599123
7.632523
8.287301
7.632523
7.415681
8.504144
7.738818
8.720985
8.716734
8.606187
10.0220375
10.455723
10.23888
10.668313
10.995702
10.234629
10.668313
10.562017
10.128334
9.911491
8.8230295
9.260964
8.28305
8.720985
7.1945877
7.305134
7.632523
8.499891
6.544061
8.176754
7.849365
7.521976
8.610438
8.933577
8.389345
9.805196
9.146166
9.584103
10.562017
8.70823
10.345176
10.562017
10.013535
10.995702
10.668313
11.429386
10.774608
10.447219
10.885155
10.885155
11.318839
11.756775
10.230376
10.124082
10.668313
10.668313
10.124082
10.345176
10.124082
9.907239
10.668313
9.796692
10.562017
9.252461
9.796692
9.907239
9.252461
9.256713
9.473556
9.690397
9.911491
9.473556
10.017787
8.818777
9.3630085
10.017787
9.57985
10.234629
9.146166
9.690397
9.800944
9.911491
9.690397
9.469303
10.668313
11.867322
10.336672
9.792441
11.101996
10.557766
10.885155
9.358756
10.995702
9.57985
9.57985
9.800944
9.57985
8.818777
9.473556
8.712482
9.256713
9.800944
9.473556
9.690397
8.163999
9.584103
8.70823
9.256713
9.690397
9.146166
9.035619
9.584103
9.907239
10.234629
9.57985
9.57985
8.70823
9.469303
9.792441
10.340923
11.101996
10.013535
10.774608
11.646228
10.774608
11.323091
10.668313
9.469303
10.562017
9.907239
9.252461
9.256713
9.256713
9.800944
8.385093
9.800944
9.584103
9.36726
8.712482
8.278798
7.951409
9.256713
9.473556
8.929324
9.690397
8.818777
8.712482
9.907239
9.256713
10.017787
8.818777
8.929324
9.584103
8.818777
10.128334
9.907239
10.017787
9.035619
10.017787
9.473556
9.907239
10.668313
10.995702
9.3630085
10.77886
10.345176
9.796692
9.473556
9.473556
9.907239
10.345176
9.146166
9.57985
10.345176
10.128334
9.035619
10.017787
9.146166
10.345176
8.818777
8.8230295
8.606187
8.278798
8.28305
8.061955
8.49564
9.477807
9.146166
9.146166
9.150418
10.017787
9.473556
9.150418
10.455723
10.017787
10.345176
10.0220375
10.345176
9.690397
10.345176
10.23888
10.124082
9.473556
9.800944
9.69465
9.584103
9.911491
10.345176
9.800944
9.588354
9.477807
8.606187
7.738818
9.371511
8.389345
8.393597
8.28305
8.28305
8.28305
9.265217
8.28305
7.738818
8.610438
7.738818
8.82728
8.720985
8.499891
7.3008823
8.389345
9.911491
9.36726
10.676816
9.3630085
10.017787
10.23888
9.911491
9.256713
9.150418
9.584103
7.951409
10.349427
9.039871
8.061955
8.933577
8.278798
8.061955
8.716734
7.738818
7.6282716
8.937827
8.066207
7.849365
8.287301
7.632523
6.9777446
8.393597
7.3008823
8.278798
8.606187
9.039871
8.061955
8.8230295
8.601935
9.477807
9.473556
10.349427
9.039871
8.929324
9.260964
8.49564
9.36726
8.8230295
8.929324
9.477807
9.477807
9.146166
9.69465
9.800944
8.8230295
9.36726
8.712482
8.274546
8.712482
8.49564
9.477807
8.606187
7.951409
9.477807
8.8230295
7.4071774
8.933577
7.6282716
7.5177245
7.6282716
8.393597
7.6282716
8.278798
9.044123
8.82728
9.044123
9.915743
9.256713
9.256713
9.69465
9.146166
9.039871
10.017787
9.69465
9.3630085
9.3630085
9.800944
9.146166
9.690397
10.23888
10.6725645
10.889407
9.473556
10.345176
10.455723
9.911491
8.929324
9.911491
9.150418
9.150418
9.260964
9.260964
9.044123
8.933577
9.150418
9.36726
8.606187
8.1725025
9.260964
8.8230295
8.712482
8.8230295
9.256713
10.0220375
8.70823
9.800944
10.23888
9.146166
10.128334
10.128334
9.690397
10.6725645
10.345176
10.783112
9.584103
10.345176
10.234629
10.889407
10.017787
9.907239
10.45147
10.6725645
10.017787
9.907239
9.800944
9.800944
10.128334
9.36726
10.234629
9.039871
10.6725645
10.017787
9.911491
10.455723
9.911491
9.69465
8.606187
8.933577
9.69465
8.8230295
9.800944
9.039871
9.039871
9.36726
9.805196
9.800944
10.128334
8.929324
10.128334
8.49564
9.584103
10.23888
8.49564
9.256713
10.128334
10.128334
9.911491
8.929324
10.783112
10.0220375
10.128334
8.929324
8.278798
9.044123
7.955661
8.499891
7.1903353
8.499891
8.066207
7.1945877
8.393597
7.1945877
8.720985
8.499891
7.1945877
8.614691
8.610438
7.955661
8.82728
8.720985
8.1725025
9.371511
8.933577
9.150418
8.389345
9.805196
9.69465
8.49564
8.610438
8.82728
8.1725025
8.28305
9.698901
8.933577
8.499891
9.260964
8.278798
7.955661
8.28305
8.82728
7.849365
8.28305
6.544061
7.415681
8.066207
8.070459
8.176754
7.632523
7.526228
7.415681
7.1988387
6.875702
7.092544
6.327219
6.0040812
5.7872396
6.875702
6.875702
6.765155
7.0882916
7.526228
7.092544
6.433514
8.287301
7.738818
7.849365
8.066207
8.82728
9.15467
8.28305
8.82728
8.066207
7.74307
8.181006
7.1988387
5.893534
7.747322
7.853617
6.2209234
7.636775
6.654608
6.654608
6.4420176
6.114629
5.243008
5.8977866
7.5304804
5.4598503
7.203091
6.0040812
6.0040812
5.893534
7.9641643
7.309386
6.0040812
6.4377656
7.092544
7.5304804
7.853617
7.853617
7.857869
8.287301
6.765155
8.397848
7.632523
7.1988387
8.070459
7.526228
8.181006
8.287301
6.981997
7.853617
7.9641643
6.654608
7.419933
6.6588597
5.8977866
7.313638
6.4420176
6.4420176
6.8799534
6.3314705
5.7872396
6.114629
6.3314705
5.7872396
6.986249
6.3314705
6.3314705
6.5525646
5.8977866
5.5703974
6.3314705
6.2209234
6.3314705
6.327219
6.765155
6.654608
6.87145
6.765155
7.1988387
6.981997
7.092544
7.74307
7.0882916
8.070459
7.305134
6.654608
7.0882916
8.176754
6.981997
8.070459
8.176754
7.74307
7.309386
6.654608
6.4377656
6.765155
6.0040812
6.765155
5.7872396
5.8977866
6.3314705
5.464102
6.5525646
5.6809444
5.4598503
6.769407
6.3314705
6.3314705
6.5483127
6.765155
6.765155
7.9641643
7.415681
7.9599123
8.066207
7.955661
7.521976
8.610438
7.955661
9.15467
9.044123
9.15467
7.632523
7.9599123
7.0882916
7.309386
7.849365
8.070459
8.614691
7.74307
7.521976
7.415681
7.305134
7.9599123
8.287301
7.9599123
7.74307
7.74307
6.760903
7.305134
8.614691
7.305134
7.526228
7.526228
7.632523
8.614691
8.720985
7.305134
8.504144
8.720985
8.066207
8.393597
8.610438
8.066207
7.9599123
8.504144
8.716734
8.610438
10.132585
8.1725025
8.499891
9.044123
8.066207
8.393597
7.849365
8.176754
8.937827
8.720985
7.738818
8.937827
7.738818
8.287301
8.066207
7.0882916
8.937827
8.070459
8.720985
7.521976
7.521976
8.176754
9.371511
8.499891
9.36726
9.256713
10.6725645
9.36726
10.0220375
9.69465
9.260964
9.805196
10.455723
9.911491
10.345176
10.349427
10.23888
11.216796
9.800944
10.999953
9.911491
9.256713
9.69465
10.017787
9.690397
10.566269
9.256713
8.8230295
10.23888
9.800944
9.69465
9.150418
8.1725025
8.1725025
8.389345
9.588354
9.477807
8.610438
9.15467
8.933577
9.588354
9.36726
9.36726
10.23888
9.039871
9.146166
9.256713
10.128334
10.128334
10.345176
9.473556
9.035619
11.323091
11.2125435
10.562017
10.995702
10.995702
10.995702
10.885155
10.45147
10.124082
10.124082
10.128334
9.57985
9.690397
10.566269
9.256713
10.017787
9.911491
9.035619
10.124082
10.455723
9.473556
10.234629
9.256713
9.911491
9.473556
9.584103
9.57985
9.57985
11.2125435
11.101996
10.124082
10.77886
10.447219
10.340923
10.668313
11.539933
10.45147
11.429386
11.101996
11.646228
11.429386
11.101996
10.013535
11.101996
10.45147
11.2125435
10.885155
10.128334
10.668313
11.106249
10.995702
10.345176
10.345176
10.128334
10.234629
9.57985
10.455723
9.57985
10.455723
10.6725645
10.128334
9.3630085
10.6725645
10.6725645
10.345176
11.433638
10.23888
10.128334
9.805196
9.69465
9.477807
10.455723
11.106249
10.77886
10.6725645
10.45147
10.017787
11.433638
10.45147
10.23888
10.6725645
9.800944
11.216796
9.907239
9.800944
10.345176
9.907239
10.783112
9.473556
9.150418
9.260964
8.933577
9.15467
8.389345
8.606187
9.588354
8.8230295
8.933577
8.1725025
8.933577
9.150418
8.933577
9.911491
8.933577
9.36726
9.588354
9.477807
9.477807
9.039871
10.0220375
9.69465
8.389345
8.716734
9.477807
8.933577
9.039871
10.349427
9.260964
8.8230295
8.933577
8.82728
8.716734
9.588354
8.933577
7.0882916
7.526228
7.526228
8.176754
7.415681
7.0882916
7.415681
6.760903
6.760903
7.74307
7.415681
6.981997
6.327219
6.2209234
6.4377656
6.87145
6.9777446
8.176754
8.393597
7.4114294
8.389345
8.49564
9.260964
8.49564
8.389345
8.278798
8.389345
8.716734
7.849365
8.499891
6.760903
8.176754
6.216672
7.9599123
6.760903
8.28305
7.0840406
8.176754
7.6282716
6.3229666
6.539809
6.544061
6.87145
5.4555984
7.0882916
5.99983
8.176754
7.521976
7.4114294
8.716734
7.5177245
8.393597
8.499891
6.9777446
8.066207
7.521976
7.1988387
7.738818
7.521976
9.371511
7.955661
8.933577
8.606187
9.150418
9.800944
10.128334
9.039871
9.039871
10.23888
9.690397
8.389345
9.69465
9.805196
9.911491
10.0220375
10.459974
8.933577
7.955661
7.1945877
8.287301
8.937827
7.521976
8.720985
7.849365
9.592606
9.375764
8.1725025
8.066207
8.504144
8.720985
8.720985
9.698901
8.82728
9.588354
9.477807
8.82728
8.933577
9.477807
8.606187
10.676816
10.676816
8.933577
10.459974
10.132585
9.260964
9.698901
9.584103
9.260964
10.0220375
10.349427
9.69465
10.0220375
9.911491
9.915743
9.588354
9.911491
9.588354
9.477807
9.809448
8.28305
8.499891
9.265217
9.265217
9.15467
9.371511
10.23888
8.933577
10.132585
10.23888
9.36726
10.128334
9.477807
10.345176
9.800944
10.999953
11.106249
11.539933
10.45147
10.345176
10.562017
9.800944
10.345176
9.69465
10.566269
9.477807
9.805196
9.260964
10.0220375
10.349427
9.588354
9.260964
8.716734
8.061955
9.371511
10.02629
8.716734
8.393597
8.933577
9.260964
9.915743
10.23888
9.36726
9.800944
9.256713
8.49564
8.716734
8.389345
7.8451138
9.698901
10.23888
9.477807
8.8230295
9.150418
9.69465
9.805196
10.0220375
9.584103
10.0220375
10.23888
9.36726
11.437889
10.566269
9.584103
10.893659
10.999953
10.783112
10.455723
10.128334
9.69465
10.893659
9.36726
9.371511
8.82728
8.720985
9.809448
8.499891
7.849365
8.504144
7.849365
8.614691
8.8315325
8.176754
8.504144
10.243132
9.477807
9.260964
8.933577
9.371511
10.566269
10.132585
10.02629
10.132585
10.676816
9.809448
10.566269
11.1105
10.676816
10.349427
10.132585
10.676816
9.805196
10.566269
11.327342
10.349427
10.349427
10.459974
9.482059
9.265217
8.614691
7.9641643
8.725238
7.853617
8.2915535
8.8315325
7.632523
7.309386
8.614691
7.853617
8.397848
8.94208
7.636775
7.636775
8.725238
7.9599123
7.853617
8.504144
9.375764
8.614691
9.048374
9.048374
8.614691
8.066207
8.397848
8.94208
7.526228
8.94208
9.703153
8.287301
8.720985
7.853617
8.287301
7.526228
8.181006
8.397848
8.508395
6.986249
7.747322
7.203091
7.747322
6.765155
6.6588597
6.986249
5.6809444
6.5525646
6.769407
6.5525646
6.2251754
6.986249
6.986249
6.2251754
7.419933
7.419933
7.419933
7.526228
6.4420176
7.419933
7.747322
7.9641643
8.508395
8.397848
8.181006
8.614691
8.614691
8.287301
7.9599123
8.070459
8.508395
7.747322
7.636775
7.853617
6.986249
7.4241843
6.769407
6.6588597
6.3314705
6.6588597
6.6588597
6.6588597
7.096796
5.8977866
6.986249
7.096796
7.6410265
7.7515736
5.6809444
7.207342
6.5525646
7.6410265
6.986249
7.096796
6.4420176
6.5525646
6.769407
7.313638
8.074712
7.203091
8.4021
6.986249
7.313638
7.7515736
7.313638
6.986249
7.747322
7.203091
8.508395
7.419933
7.5304804
6.986249
6.5525646
7.096796
7.207342
6.3357224
6.3357224
6.4462695
5.357807
5.902038
7.5347314
5.791491
6.3357224
6.8799534
5.791491
6.4462695
6.5525646
6.3357224
6.5525646
6.4420176
7.4241843
7.4241843
7.096796
6.769407
8.074712
7.4241843
7.5304804
7.4241843
7.419933
7.203091
8.4021
6.769407
7.857869
7.313638
6.769407
7.096796
6.769407
6.3357224
7.5347314
6.008333
6.1188803
7.7515736
6.8799534
6.8799534
6.3357224
6.556816
6.9905005
5.140965
6.2294273
6.3357224
5.795743
6.556816
6.2294273
6.4462695
6.7736583
6.4462695
6.7736583
6.2294273
6.663111
6.8799534
6.2294273
7.096796
6.9905005
6.5525646
7.207342
7.4241843
7.9684157
7.313638
7.5304804
6.5525646
7.6410265
6.8799534
6.3357224
7.313638
7.5347314
6.8799534
7.5347314
6.1188803
6.9905005
5.791491
6.9905005
5.902038
6.339974
6.123132
5.468354
6.012585
5.468354
6.4462695
5.791491
6.7736583
7.1010475
6.4462695
6.9905005
6.3357224
5.464102
6.3357224
6.008333
6.663111
7.096796
6.4420176
6.769407
6.986249
6.986249
7.5304804
7.747322
7.313638
7.203091
8.074712
6.8799534
6.986249
6.6588597
6.4420176
7.313638
6.5483127
7.096796
6.986249
7.203091
6.986249
7.096796
7.4241843
6.5483127
6.3314705
6.5525646
7.5304804
7.203091
6.4420176
6.986249
7.5304804
6.769407
7.5304804
7.636775
7.203091
8.8315325
7.853617
7.636775
9.269468
7.74307
8.066207
7.1988387
8.181006
8.504144
8.610438
9.482059
8.82728
9.482059
9.15467
9.15467
9.048374
10.02629
9.698901
10.243132
8.937827
8.610438
8.393597
9.265217
9.371511
8.937827
9.044123
7.955661
9.15467
8.610438
9.592606
8.393597
9.265217
9.048374
8.389345
9.265217
9.915743
8.82728
9.915743
9.915743
9.915743
10.459974
8.933577
9.805196
10.676816
11.1105
9.477807
9.805196
10.566269
10.787363
10.132585
8.933577
9.69465
10.349427
9.588354
9.69465
10.893659
9.36726
9.477807
8.933577
10.132585
8.933577
9.915743
9.260964
9.371511
8.933577
10.570521
9.477807
8.937827
9.371511
10.02629
9.809448
9.698901
9.809448
9.260964
9.371511
9.698901
9.805196
9.477807
9.805196
9.150418
10.459974
10.893659
10.676816
9.477807
10.132585
10.455723
10.783112
10.6725645
10.783112
10.23888
9.805196
11.327342
10.0220375
9.150418
9.584103
9.805196
10.0220375
9.044123
8.8230295
8.937827
9.588354
8.393597
9.048374
8.8315325
8.070459
8.070459
8.070459
8.176754
8.28305
8.28305
9.260964
9.044123
8.933577
10.0220375
8.933577
9.371511
8.1725025
9.698901
8.499891
9.805196
9.477807
9.805196
9.800944
9.805196
9.911491
10.783112
9.911491
10.783112
9.911491
10.566269
10.0220375
10.459974
9.36726
9.482059
9.36726
8.933577
9.809448
8.933577
9.698901
8.28305
8.720985
8.82728
8.82728
10.0220375
9.698901
9.15467
9.044123
8.610438
8.716734
8.937827
9.375764
10.02629
10.128334
10.566269
9.588354
10.455723
10.132585
10.23888
9.36726
10.132585
9.805196
9.911491
10.0220375
9.805196
10.566269
10.999953
9.69465
10.783112
10.783112
10.889407
10.6725645
10.783112
9.260964
10.132585
9.477807
9.805196
9.805196
8.933577
9.588354
9.805196
9.477807
9.15467
10.243132
9.698901
8.176754
8.8315325
8.393597
8.176754
9.809448
9.044123
8.937827
8.28305
8.937827
9.15467
8.82728
10.243132
9.805196
9.260964
10.459974
8.933577
8.499891
9.809448
9.915743
9.265217
9.698901
8.937827
8.614691
8.8315325
8.504144
7.747322
7.636775
6.5483127
7.309386
7.203091
6.986249
7.096796
6.008333
7.096796
6.4420176
5.8977866
7.6410265
6.3314705
5.464102
6.2251754
6.2251754
6.2251754
6.5525646
6.1188803
6.3357224
5.6809444
6.663111
6.2251754
6.2251754
6.3357224
6.6588597
6.4420176
6.769407
6.5525646
7.313638
6.5525646
6.769407
6.2251754
5.8977866
6.008333
5.24726
4.379892
4.2735963
4.8178277
4.056754
3.9504592
3.2956812
3.5125234
2.968292
3.9504592
4.056754
3.299933
3.5167751
3.406228
3.9504592
2.6451547
3.954711
3.189386
3.299933
4.4946904
4.4946904
4.490439
4.6009855
4.3841434
4.3841434
3.9462075
4.8220797
3.62307
4.0610065
3.844164
3.189386
3.7336173
3.844164
3.954711
3.7336173
2.8662488
3.299933
3.4104798
2.7557018
3.1936376
3.5167751
3.0830908
3.6273217
2.5388596
2.6494067
2.9767957
2.3262694
2.9767957
1.6714911
2.6494067
2.9767957
2.8705006
1.7777863
2.7599535
3.5210268
1.9988803
2.9767957
2.4325645
1.5609442
2.8705006
2.3262694
2.2157223
3.631574
3.1936376
3.0873425
2.9767957
3.1936376
3.4104798
3.0830908
3.5167751
3.5210268
2.9767957
3.5210268
3.737869
2.8705006
2.7599535
3.0873425
3.4104798
2.8662488
2.5431116
2.7599535
1.6714911
3.0873425
2.7642052
2.3262694
2.6536584
1.6757431
1.6757431
1.6757431
2.003132
2.4368165
1.348354
2.2199743
2.1094272
2.4368165
1.6757431
2.4368165
2.7642052
1.4546491
3.0873425
3.414732
2.7599535
2.6536584
3.0873425
4.065258
3.0873425
3.631574
4.065258
2.8705006
2.9767957
3.0873425
2.7599535
2.2157223
2.7599535
2.2199743
2.1094272
3.3041847
1.6757431
2.3262694
3.0873425
2.2199743
2.3262694
1.2420589
1.5694479
1.6757431
1.5694479
2.1136792
1.348354
0.91466975
2.1094272
2.2199743
1.9988803
3.0873425
2.8705006
2.5473633
2.6536584
2.6536584
2.2199743
2.8705006
2.8705006
2.2157223
2.8705006
3.3041847
2.2157223
3.631574
3.3041847
2.2157223
2.3262694
3.1978896
3.3041847
3.5210268
2.7599535
2.7599535
3.3041847
2.9767957
2.2157223
2.3262694
2.4368165
1.348354
1.8925852
1.1357636
0.3704386
1.0252168
2.5473633
1.8925852
1.7862899
2.4368165
2.003132
2.9810476
1.8925852
2.6536584
2.3262694
2.3262694
2.9767957
4.065258
3.848416
2.7599535
3.5210268
3.737869
3.7421207
3.414732
2.3262694
2.5431116
3.414732
2.8705006
3.3041847
2.8705006
2.5431116
2.3262694
2.2199743
2.4368165
2.2199743
2.2199743
1.6757431
1.565196
2.7642052
1.7862899
1.6757431
1.6757431
1.2420589
1.1357636
0.69782764
2.224226
0.59153247
0.26414344
1.1357636
0.9189216
1.1357636
0.7020795
1.0252168
1.6799948
0.8126264
0.1578483
0.5957843
1.2463106
0.1621001
0.9231734
0.05155315
0.26839525
0.8126264
1.4631528
0.9189216
0.48523736
0.7020795
0.8126264
0.8126264
0.26839525
0.37894222
-0.9263622
-0.70952016
0.055804953
-0.4884262
-1.3600464
-0.9263622
-1.0326574
-2.444257
-1.7894788
-2.5505521
-2.6568472
-2.6568472
-2.4400053
-2.6568472
-1.895774
-3.2010784
-2.6568472
-2.9842362
-2.8736894
-3.6347628
-3.6347628
-3.2010784
-2.9799845
-3.5242157
-3.7453096
-3.4179204
-4.1789937
-3.6347628
-3.1968267
-3.9578998
-4.502131
-4.285289
-5.2632046
-4.285289
-3.7410579
-4.391584
-5.6968884
-4.391584
-5.0421104
-6.674804
-6.0200257
-6.0200257
-6.45371
-6.6705523
-6.887394
-8.082151
-7.4316254
-7.4316254
-7.6484675
-7.104236
-7.5379205
-7.9716043
-7.9716043
-8.515836
-8.298994
-7.6442156
-7.4316254
-5.9094787
-6.4579616
-4.1789937
-5.050614
-4.506383
-3.5284674
-3.4221725
-2.116868
-2.006321
-1.9042777
-1.2537513
-0.59897316
-0.9263622
0.26839525
-0.49267802
0.05155315
-0.16528895
-1.1474562
-0.2758359
-0.38638288
-0.7137719
0.48098555
0.59153247
0.15359649
-0.93486583
0.3704386
1.2420589
0.15359649
1.1315118
0.8041228
0.91466975
0.47673374
1.9988803
2.2157223
1.237807
2.5431116
2.1094272
1.020965
2.3262694
2.5431116
2.9767957
2.6494067
2.6494067
3.4104798
4.171553
4.3883953
4.0610065
4.2735963
5.578901
5.578901
7.317889
7.207342
7.4241843
8.295805
7.4241843
7.207342
7.9641643
7.203091
8.074712
8.508395
7.313638
7.6410265
7.4241843
7.4241843
7.747322
8.185258
8.074712
7.857869
7.747322
7.857869
7.4241843
7.4241843
8.181006
6.986249
7.636775
9.052627
9.919995
8.504144
9.915743
10.349427
10.243132
11.1105
11.437889
11.1105
11.327342
12.088415
11.65048
11.433638
11.544185
12.517848
12.411553
12.628395
12.845238
12.628395
11.973618
12.517848
12.301006
12.084165
12.734691
11.429386
12.407301
13.60631
12.624144
13.168375
13.385218
14.473679
13.491511
14.363132
13.925196
13.602058
13.274671
14.035743
14.035743
14.469427
14.35888
14.796817
14.035743
14.796817
14.252585
14.575723
15.557889
14.68627
14.68627
13.708355
13.708355
13.708355
14.035743
14.035743
13.602058
13.60631
13.929449
12.084165
12.194712
11.973618
10.783112
10.6725645
10.893659
9.911491
9.477807
9.698901
9.044123
9.698901
9.698901
9.588354
10.349427
10.459974
9.805196
8.82728
8.066207
7.853617
7.747322
6.663111
5.791491
6.4462695
5.8977866
7.313638
7.096796
6.114629
6.114629
7.747322
7.203091
7.6410265
7.313638
6.8799534
7.4241843
7.636775
7.9641643
8.2915535
8.504144
8.181006
8.287301
8.725238
7.9641643
7.9684157
7.096796
6.986249
7.5347314
6.2294273
6.4462695
5.578901
5.795743
5.0346694
5.2557635
5.689448
5.3620586
5.583153
4.7115326
4.0610065
4.4946904
5.3663106
4.0610065
4.6009855
5.1452165
5.3620586
4.7072806
6.2294273
6.8799534
6.5525646
7.313638
7.313638
8.2915535
6.875702
7.747322
6.4377656
7.419933
6.986249
6.8799534
7.6410265
6.5525646
6.1188803
5.791491
6.2294273
4.924123
6.123132
5.578901
5.3620586
5.1452165
4.3841434
4.6009855
6.2294273
5.578901
6.012585
5.464102
6.1188803
6.2294273
5.791491
7.096796
6.9905005
5.791491
5.468354
5.795743
5.578901
6.339974
6.450521
5.468354
6.123132
4.379892
4.928375
4.928375
3.5125234
4.928375
4.3841434
4.6009855
5.0346694
6.012585
6.1188803
5.6851964
6.7736583
5.251512
5.251512
5.578901
4.8178277
4.7072806
4.1630497
5.3620586
3.9462075
4.6009855
4.8178277
5.3620586
5.2557635
6.123132
4.8178277
5.1452165
4.490439
5.0346694
5.90629
5.140965
5.6851964
6.1188803
6.3357224
6.5525646
6.8799534
6.008333
6.4462695
6.9905005
6.4462695
6.556816
7.207342
6.2251754
6.8799534
5.6851964
5.468354
6.9905005
5.0346694
5.0346694
5.251512
4.8178277
4.3841434
4.379892
4.2735963
3.6188183
4.056754
4.056754
4.4946904
3.8399122
3.5125234
3.406228
3.8399122
3.5167751
4.2735963
3.2956812
4.6009855
3.8399122
4.3841434
4.928375
4.6009855
4.056754
4.4946904
5.4726057
4.7072806
4.2735963
4.924123
4.8135757
5.468354
5.574649
5.902038
6.1188803
4.9198713
6.2294273
5.6851964
6.2294273
4.8135757
5.468354
5.357807
5.0346694
5.90629
4.379892
5.1452165
5.140965
4.7072806
4.6009855
4.7072806
5.357807
4.1630497
4.7072806
4.7072806
5.468354
4.490439
4.490439
5.795743
4.7072806
4.8135757
6.012585
5.357807
5.140965
6.4462695
5.140965
6.012585
6.012585
5.90629
5.468354
4.8135757
6.339974
6.1188803
5.791491
6.5525646
6.3314705
7.857869
6.6588597
6.663111
7.313638
6.663111
6.4462695
6.3357224
5.140965
5.6851964
5.24726
5.902038
5.791491
5.6851964
5.791491
4.924123
5.6851964
6.012585
4.7072806
4.924123
5.90629
6.2294273
4.7030287
5.902038
6.4462695
6.5525646
6.008333
6.5525646
6.012585
6.7736583
6.4462695
6.2251754
6.8799534
6.2251754
7.4241843
6.986249
6.4420176
6.8799534
7.313638
7.207342
6.114629
6.663111
6.4462695
5.6851964
4.8135757
5.90629
5.251512
4.928375
4.2735963
3.7293656
4.7115326
3.8399122
3.7336173
3.7293656
3.1851342
5.038922
4.7115326
4.7115326
3.8399122
3.9504592
4.167301
3.9504592
5.2557635
5.0346694
4.8178277
5.578901
4.8178277
4.8178277
3.4019763
4.3841434
4.1630497
4.167301
3.7336173
4.6009855
3.62307
4.3841434
3.5125234
3.5167751
4.167301
3.5167751
3.6273217
2.972544
2.5388596
2.4325645
2.5388596
2.972544
2.3220174
2.2114706
2.7557018
2.4283128
2.972544
2.1051755
2.2114706
1.5609442
3.0830908
2.2157223
2.6494067
2.5388596
2.6494067
2.5388596
1.7777863
2.6494067
1.9946285
1.4503974
2.3220174
3.1936376
3.1936376
3.737869
3.6273217
2.6494067
3.848416
2.5388596
3.0830908
2.4325645
2.3220174
1.5609442
3.414732
1.3441021
1.4546491
1.237807
1.565196
2.4368165
1.4589009
0.3704386
0.91466975
1.1315118
-0.3906347
1.4589009
1.020965
1.565196
0.8041228
1.237807
2.1094272
2.2157223
1.6714911
1.4546491
2.7599535
2.3262694
1.7820382
1.3441021
2.4368165
2.1094272
2.7599535
2.9767957
2.7599535
1.8883334
3.3041847
2.6494067
2.3262694
2.8705006
2.4325645
1.9988803
2.8705006
2.7599535
3.0830908
2.9767957
2.9767957
3.3041847
1.9988803
2.7599535
2.1094272
2.4368165
2.1094272
1.565196
1.348354
1.348354
2.3262694
0.3704386
1.4589009
2.1136792
1.2420589
1.4589009
2.003132
1.3526058
0.69782764
0.91466975
2.1094272
2.5431116
2.2157223
2.6494067
3.1978896
2.9767957
3.5210268
2.8705006
2.9767957
2.3262694
2.5431116
2.3262694
1.9988803
2.3262694
1.6714911
2.4325645
2.2199743
2.8705006
1.6757431
1.6757431
1.8925852
1.6757431
1.6757431
1.1315118
0.8041228
1.8925852
2.6536584
1.6757431
1.4589009
1.8925852
1.348354
1.7820382
1.1315118
2.4368165
1.8925852
2.7599535
2.5431116
2.5431116
3.631574
2.2157223
3.3041847
2.7599535
3.414732
3.0830908
3.848416
3.1936376
2.6494067
3.737869
2.8662488
2.8662488
2.4325645
2.7599535
2.6494067
2.1051755
3.737869
1.8883334
2.7599535
1.8883334
3.414732
2.9810476
2.003132
2.2199743
1.565196
2.4368165
1.9988803
2.1094272
2.5431116
2.7599535
3.3041847
2.4325645
3.1936376
1.9988803
2.5431116
2.9767957
3.4104798
2.6494067
3.1936376
3.737869
3.0830908
3.631574
3.1936376
3.737869
3.5210268
3.954711
4.065258
2.6494067
4.6094894
4.171553
4.171553
3.4104798
3.737869
3.6273217
2.9767957
3.737869
3.0873425
3.954711
3.737869
2.9767957
3.299933
3.3041847
2.7557018
3.5210268
3.3041847
2.9767957
3.0830908
2.8662488
3.0873425
2.7599535
3.5210268
2.8662488
3.4104798
3.189386
4.605237
4.605237
4.0610065
4.4946904
5.038922
4.605237
5.2600155
4.605237
4.4946904
5.038922
5.4726057
5.038922
5.038922
4.7115326
4.605237
4.605237
4.9326262
4.0610065
4.4989424
4.171553
3.954711
3.6273217
3.6273217
4.065258
2.3220174
2.9767957
3.5210268
3.737869
3.954711
3.1936376
3.5210268
3.4104798
3.0830908
4.2821
4.8220797
4.2778482
5.3663106
3.62307
5.1494684
4.2778482
5.3663106
5.2557635
5.038922
5.1452165
5.90629
5.90629
5.468354
6.123132
5.4726057
5.795743
5.583153
5.689448
5.4726057
5.578901
6.123132
5.3663106
5.689448
5.2557635
5.3663106
4.7115326
3.844164
4.2778482
4.9326262
3.7336173
4.8220797
4.8220797
5.4726057
4.2735963
5.4726057
4.8178277
5.1452165
5.357807
5.3620586
5.578901
5.251512
6.450521
6.2294273
6.7736583
6.9905005
6.450521
5.468354
6.4462695
6.339974
6.4462695
6.8799534
6.9905005
6.9905005
6.7736583
7.207342
6.556816
6.3357224
7.207342
6.663111
6.2294273
6.2294273
5.902038
5.468354
6.7736583
6.2294273
6.9905005
5.795743
6.7736583
5.791491
6.556816
6.012585
6.9905005
6.663111
6.2294273
7.5347314
6.663111
6.663111
6.8799534
7.207342
7.4241843
6.663111
7.096796
6.663111
6.9905005
7.4241843
6.8799534
7.4241843
7.096796
7.4241843
7.096796
7.207342
7.207342
6.9905005
7.207342
7.5347314
6.5525646
7.6410265
7.096796
7.6410265
7.096796
7.4241843
6.9905005
6.2294273
6.7736583
6.339974
6.556816
7.1010475
6.7736583
6.4462695
6.8799534
6.1188803
7.9684157
7.207342
6.8799534
6.663111
6.4462695
6.8799534
7.207342
7.096796
8.185258
7.5304804
8.185258
8.074712
7.419933
7.6410265
6.769407
7.4241843
7.9684157
6.8799534
7.4241843
7.9684157
7.096796
7.4241843
7.4241843
7.096796
8.295805
7.207342
7.4241843
6.769407
6.9905005
7.4241843
6.769407
7.4241843
7.5304804
6.8799534
7.7515736
6.663111
7.207342
6.769407
6.7736583
7.317889
6.2294273
5.791491
6.7736583
7.313638
7.207342
7.7515736
7.313638
7.6410265
7.6410265
7.096796
7.096796
7.7515736
7.5304804
8.4021
7.203091
7.857869
7.5304804
7.313638
7.6410265
7.096796
7.313638
7.6410265
6.5525646
7.313638
6.986249
7.096796
6.769407
6.5525646
5.6851964
6.8799534
6.4462695
6.1188803
5.902038
6.5525646
6.1188803
7.5347314
5.464102
7.096796
6.663111
6.663111
6.3357224
6.663111
7.4241843
6.008333
6.663111
7.207342
6.3357224
7.313638
7.5347314
7.096796
7.313638
6.8799534
7.096796
7.096796
7.317889
7.207342
7.4241843
7.6410265
7.096796
7.313638
7.6410265
6.4420176
7.313638
7.6410265
6.2251754
7.6410265
7.313638
6.4462695
6.8799534
5.902038
6.2294273
6.1188803
6.4462695
5.791491
6.2294273
6.663111
6.663111
6.012585
7.7515736
5.902038
7.4241843
6.5525646
6.5525646
7.313638
6.5525646
6.008333
7.5304804
7.9641643
7.5304804
7.5304804
7.5304804
6.986249
7.096796
6.769407
6.986249
6.2251754
7.4241843
7.313638
6.769407
7.207342
6.663111
6.8799534
6.1188803
6.4462695
6.8842053
5.140965
5.3620586
6.2336793
4.928375
4.928375
4.928375
4.2735963
5.3620586
5.3620586
5.0346694
4.3841434
5.3620586
5.3620586
4.4946904
5.4726057
5.799995
5.2557635
5.799995
5.1452165
3.7293656
4.7115326
5.2557635
4.6009855
5.038922
4.8220797
4.171553
4.3883953
4.8220797
4.3841434
4.4946904
4.928375
4.3841434
4.928375
4.928375
3.6273217
3.299933
3.0830908
3.5210268
2.9767957
3.6273217
3.737869
4.3883953
3.299933
3.299933
3.0830908
2.9767957
3.631574
3.1936376
2.8662488
3.848416
3.5210268
3.4104798
4.4989424
3.4104798
3.9504592
4.7115326
4.6009855
4.2778482
4.7115326
3.9504592
2.972544
3.844164
3.4104798
3.6273217
3.6273217
4.3883953
3.189386
3.5167751
3.0830908
2.7557018
2.8662488
2.4325645
2.1094272
2.7642052
1.4589009
2.2199743
1.4546491
1.565196
2.1094272
2.6536584
2.6494067
1.9988803
1.565196
1.7820382
3.414732
1.6714911
2.7599535
3.4104798
3.5210268
3.3041847
3.0873425
2.9767957
3.3041847
3.737869
2.7599535
2.4325645
3.0873425
3.3041847
3.3041847
2.9767957
3.3041847
2.9767957
3.0873425
1.8925852
2.1094272
1.237807
1.9988803
1.7820382
1.237807
2.003132
1.348354
1.8925852
2.2199743
0.91466975
0.8041228
1.6757431
1.565196
2.1094272
1.4589009
1.6757431
1.4589009
0.8041228
1.4589009
0.58728075
1.348354
2.5431116
1.6714911
2.8705006
3.4104798
2.8662488
3.4104798
2.3220174
3.954711
2.8662488
2.9767957
3.737869
2.6494067
3.737869
3.954711
3.6273217
3.299933
4.605237
2.972544
3.844164
3.4104798
3.5210268
3.414732
3.1936376
2.9767957
2.4368165
3.631574
2.6494067
3.9589627
2.9767957
3.5210268
3.737869
3.954711
3.5210268
2.8662488
3.5210268
2.4325645
4.2821
2.7557018
3.0873425
2.9767957
2.9767957
2.4325645
2.5431116
1.9988803
3.0873425
1.7820382
1.6714911
2.6536584
3.737869
2.3262694
3.631574
3.848416
3.4104798
3.299933
3.0873425
3.5210268
3.0830908
3.954711
2.7599535
2.7599535
2.7599535
3.0873425
2.7599535
2.3262694
2.6494067
2.3220174
1.4546491
2.5431116
1.7820382
2.3262694
2.5431116
2.6536584
2.3262694
2.9767957
3.1936376
1.8883334
2.2157223
2.7599535
2.6494067
2.2157223
3.0873425
3.3041847
3.1936376
2.8662488
2.6494067
4.4989424
3.0830908
4.065258
3.1936376
2.9767957
3.737869
3.5210268
3.5210268
3.1936376
3.4104798
3.737869
2.8662488
3.954711
3.5210268
3.1936376
3.6273217
2.8662488
2.9767957
3.5210268
3.4104798
2.8662488
4.171553
3.0830908
2.8662488
3.4104798
3.1936376
2.3220174
2.8662488
3.954711
3.0830908
3.737869
3.844164
3.4104798
4.171553
3.5167751
3.5167751
3.954711
4.3883953
3.5167751
4.0610065
4.605237
3.5167751
3.4104798
5.1494684
3.7336173
4.4946904
4.8220797
4.3883953
3.7336173
4.8220797
4.0610065
3.9504592
4.605237
4.3883953
3.954711
4.171553
3.5167751
3.5167751
4.167301
3.9504592
4.3883953
3.7336173
4.3883953
4.3883953
4.167301
4.3841434
5.038922
5.038922
5.4726057
4.928375
4.6009855
4.6009855
4.928375
5.689448
6.012585
5.251512
6.7736583
5.902038
6.2294273
6.012585
6.556816
5.90629
6.339974
6.012585
6.556816
6.4462695
6.1188803
6.663111
5.464102
6.4462695
7.317889
5.6851964
6.012585
6.9947524
5.2557635
5.0346694
6.123132
5.795743
6.556816
6.2294273
5.6851964
6.9905005
6.012585
6.339974
6.556816
5.574649
5.6851964
6.7736583
6.7736583
6.4462695
6.8799534
7.4241843
7.096796
7.5304804
7.4241843
7.317889
6.9905005
7.4241843
6.769407
7.096796
7.5304804
7.857869
6.0040812
7.857869
7.096796
7.4241843
7.207342
7.313638
6.9905005
6.663111
7.096796
6.3357224
6.769407
6.3357224
7.096796
7.4241843
6.7736583
6.3357224
6.769407
7.4241843
7.7515736
6.2251754
7.857869
7.203091
8.618942
8.181006
6.986249
7.092544
7.203091
7.203091
7.419933
6.6588597
7.313638
7.5304804
6.986249
8.074712
6.986249
7.203091
8.185258
6.4420176
7.313638
7.096796
7.6410265
7.313638
6.8799534
6.986249
7.6410265
6.986249
6.6588597
6.114629
6.3357224
7.5347314
6.1188803
6.1188803
6.663111
6.663111
6.9905005
6.769407
6.4420176
6.3357224
6.8799534
6.3357224
5.902038
6.123132
6.1188803
6.2294273
6.1188803
6.012585
5.6851964
5.795743
6.2294273
5.140965
5.578901
6.012585
5.578901
5.0346694
5.689448
5.578901
4.8178277
4.6009855
5.689448
5.0346694
4.8178277
5.689448
4.6009855
3.62307
3.62307
4.4946904
3.7336173
4.0610065
4.3841434
2.968292
4.6009855
4.4946904
4.605237
4.7115326
4.167301
4.167301
4.4946904
5.3620586
4.928375
5.2557635
5.2557635
5.3620586
5.583153
5.1452165
4.056754
5.038922
5.583153
4.2735963
4.4946904
6.016837
5.1452165
4.7115326
4.7115326
3.62307
4.7115326
5.3663106
4.2778482
3.844164
4.715784
2.7557018
4.0610065
3.0830908
2.8662488
3.1936376
4.2821
3.1936376
3.631574
3.3041847
2.2114706
3.3041847
3.1936376
2.3220174
3.6273217
3.6273217
3.189386
4.171553
3.737869
2.972544
3.3041847
3.1936376
3.6273217
3.737869
3.299933
3.1936376
3.299933
4.065258
3.1936376
3.737869
3.3041847
3.737869
3.414732
3.1936376
2.6494067
3.5210268
3.0873425
3.1978896
3.5210268
2.6536584
2.3262694
2.6536584
2.4368165
2.1094272
2.6536584
1.348354
2.1094272
2.5431116
2.2199743
1.565196
2.4368165
2.2199743
2.1094272
1.565196
2.6536584
2.003132
2.3262694
3.631574
2.6536584
2.7599535
3.631574
2.7599535
2.3262694
2.5431116
1.8925852
2.3262694
2.6536584
2.4368165
2.8705006
2.7599535
2.2157223
2.2157223
1.7820382
2.8705006
1.6757431
2.330521
1.6757431
1.4589009
2.1094272
2.003132
1.348354
1.8925852
2.2157223
1.8925852
2.2157223
2.9767957
2.1094272
2.1094272
2.5431116
1.7820382
3.0873425
2.7599535
2.003132
2.3262694
2.4325645
2.7599535
3.0873425
3.631574
1.8883334
3.0873425
2.6494067
2.8705006
3.5210268
3.5210268
2.5431116
2.2157223
2.6494067
2.2157223
2.6494067
3.631574
3.0873425
1.5609442
2.5431116
2.4325645
2.1051755
1.7820382
2.2157223
2.6494067
2.8705006
2.3262694
2.5473633
2.4368165
2.7599535
3.0873425
2.9767957
2.9767957
2.9767957
2.4325645
2.2157223
2.3262694
2.9767957
2.8705006
2.7599535
3.631574
2.9767957
2.9767957
3.3041847
2.4283128
2.9767957
3.3041847
3.1936376
3.3041847
2.9767957
2.8705006
2.2157223
2.8705006
2.3262694
2.8705006
1.9988803
3.5210268
2.9767957
1.7820382
2.9810476
2.003132
1.8925852
1.0252168
2.003132
1.4589009
1.7820382
1.6757431
0.8083746
0.48098555
-0.06324561
0.8083746
-0.058993805
0.9189216
0.26839525
0.48523736
0.9189216
1.2463106
1.3526058
1.0252168
0.04730134
0.59153247
0.3746904
0.1578483
1.1357636
0.9189216
1.0252168
1.896837
1.5694479
1.2420589
1.7862899
1.3526058
0.3746904
0.1578483
0.1578483
0.8126264
-0.16528895
0.7020795
-0.16954076
0.48523736
-0.49692985
-0.49692985
-0.603225
-0.70952016
-0.81581527
-1.4705935
-0.27158412
-2.3379617
-1.3600464
-2.2274148
-3.0947833
-2.8779414
-4.1832457
-3.8558567
-3.3073738
-4.1789937
-4.506383
-3.851605
-5.0463624
-3.5242157
-3.851605
-3.4179204
-3.4179204
-2.9842362
-2.9842362
-3.5284674
-3.4179204
-3.4179204
-3.4179204
-3.851605
-2.6568472
-2.8736894
-3.3116255
-3.0947833
-3.6390145
-3.4179204
-3.6347628
-3.851605
-4.1789937
-4.718973
-4.718973
-5.8074355
-4.502131
-5.8074355
-4.612678
-3.5242157
-4.289541
-3.7453096
-3.7453096
-3.6390145
-2.4400053
-2.5505521
-2.661099
-2.010573
-2.1211197
-0.38213107
-1.4748453
-0.2758359
-0.16954076
1.0252168
1.0252168
1.4589009
1.4589009
1.565196
1.8925852
1.9988803
2.9767957
3.299933
3.1936376
2.5388596
3.299933
3.299933
3.5167751
3.954711
4.8220797
2.861997
3.5125234
4.8178277
4.924123
5.578901
6.339974
6.1188803
6.4462695
7.4241843
6.769407
6.769407
7.5304804
7.313638
7.6410265
8.2915535
7.6410265
7.747322
7.857869
8.2915535
7.9641643
9.8137
8.94208
9.158921
10.02629
9.915743
10.570521
10.676816
11.221047
10.570521
9.809448
9.375764
10.787363
9.809448
10.787363
10.353679
10.893659
9.805196
9.809448
10.787363
9.592606
9.592606
9.919995
9.809448
9.919995
9.482059
11.004206
11.1105
10.893659
10.566269
10.783112
11.1105
11.216796
11.216796
11.544185
12.738942
12.084165
12.194712
13.389469
12.301006
11.867322
12.084165
10.562017
11.323091
12.411553
11.646228
12.190459
13.062079
12.296754
12.730438
12.403049
12.186207
14.035743
13.380964
13.708355
13.925196
13.597807
13.818902
14.35888
14.35888
14.903111
15.119954
15.336795
14.02724
15.119954
15.553638
14.792564
14.031491
14.68627
14.68627
14.252585
14.35888
14.903111
14.248333
14.248333
13.814649
14.796817
13.380964
13.602058
13.712605
13.602058
13.057828
14.579974
13.491511
14.252585
11.858818
12.624144
10.557766
11.544185
10.6725645
9.146166
9.36726
9.146166
8.933577
9.477807
9.800944
9.256713
9.473556
9.035619
8.929324
9.690397
8.712482
8.1725025
7.955661
6.2209234
5.132461
4.698777
4.592482
3.9419558
4.0482507
3.9419558
4.269345
3.9462075
4.7072806
3.2914293
3.9462075
4.924123
4.7030287
4.269345
4.5967336
3.7251134
5.251512
4.7030287
5.140965
5.574649
6.5525646
6.769407
6.114629
6.114629
6.5483127
6.114629
6.4420176
6.1188803
5.357807
4.2735963
4.928375
5.1452165
4.490439
5.578901
4.056754
3.6188183
4.490439
4.1630497
3.2914293
4.8178277
4.928375
5.1452165
5.90629
5.795743
6.4462695
6.663111
7.6410265
6.4420176
6.008333
6.2251754
5.464102
5.6851964
5.140965
5.468354
5.0346694
5.038922
4.490439
4.490439
4.1630497
4.269345
4.7072806
5.795743
3.6188183
4.2735963
4.2735963
4.2735963
3.8356605
5.468354
4.0525026
4.0525026
5.140965
5.353555
5.136713
4.9198713
5.357807
4.8135757
4.8178277
5.251512
4.7072806
4.1630497
3.9462075
3.8399122
3.5125234
4.7072806
4.8178277
5.795743
6.556816
5.6851964
5.574649
7.096796
6.3357224
5.030418
6.4462695
5.791491
4.592482
5.140965
5.357807
4.490439
5.795743
5.030418
3.6145666
4.8135757
4.5967336
3.6188183
4.5967336
3.4019763
4.6009855
4.490439
4.924123
4.8135757
5.357807
6.3357224
6.2251754
6.2251754
6.3314705
6.5525646
6.1188803
6.986249
7.313638
6.4420176
6.4420176
7.853617
7.5304804
8.181006
7.092544
6.6588597
6.3314705
5.464102
4.9198713
5.902038
4.7030287
6.1188803
4.265093
6.663111
5.8977866
6.0040812
7.313638
6.875702
6.0040812
6.2251754
5.7872396
5.030418
5.791491
6.3357224
5.6809444
6.986249
7.096796
6.875702
5.5703974
7.9684157
7.419933
6.4420176
6.2251754
5.791491
5.902038
6.339974
5.140965
4.7072806
6.4462695
5.6851964
4.8135757
5.140965
5.574649
6.2294273
6.4462695
6.4462695
5.24726
6.7736583
5.574649
5.24726
5.6851964
6.4462695
5.902038
5.791491
5.357807
4.924123
6.012585
5.902038
5.357807
5.689448
5.578901
4.924123
5.140965
5.795743
4.379892
6.123132
5.902038
5.6851964
6.2294273
6.1188803
5.464102
5.357807
6.4462695
5.6851964
5.6851964
6.012585
5.468354
5.357807
6.012585
5.902038
6.2294273
6.008333
5.791491
6.663111
6.008333
5.030418
6.4462695
6.339974
5.251512
6.556816
5.6851964
6.2294273
6.8799534
6.9905005
5.574649
6.663111
5.791491
6.556816
5.795743
6.556816
5.902038
5.468354
6.012585
6.2294273
5.357807
5.251512
6.2294273
5.6851964
6.123132
6.2336793
4.490439
5.578901
6.012585
4.3841434
5.1452165
5.3620586
5.1452165
5.578901
4.7115326
4.4946904
3.5125234
4.928375
4.7115326
4.928375
4.8178277
4.928375
4.056754
4.3841434
4.928375
3.406228
3.189386
3.6273217
3.6273217
4.3883953
4.4946904
4.2778482
4.8220797
3.078839
3.406228
4.0610065
3.844164
3.299933
3.737869
3.299933
3.6273217
4.605237
3.299933
4.3841434
4.6009855
3.9504592
3.7336173
4.6009855
3.844164
3.844164
3.5167751
3.5167751
3.9504592
2.861997
4.605237
3.9504592
4.3883953
3.7336173
3.6273217
3.5167751
2.8662488
3.5210268
3.4104798
3.4104798
3.737869
3.844164
3.62307
4.7115326
4.6009855
4.4946904
5.038922
3.299933
4.715784
3.7336173
4.171553
4.8220797
3.4104798
4.171553
3.5167751
3.844164
3.5167751
3.1936376
3.6273217
3.5210268
3.954711
2.8662488
3.6273217
4.4989424
3.299933
3.844164
3.0830908
3.1936376
3.0830908
4.2821
2.6451547
3.737869
3.5167751
3.1936376
3.0830908
2.9767957
3.954711
3.299933
3.189386
3.844164
3.1936376
3.4104798
3.1936376
3.6273217
2.5388596
3.1936376
2.7557018
3.299933
2.5388596
4.171553
4.065258
3.5167751
2.8662488
3.954711
3.6273217
4.3883953
3.5167751
3.299933
4.715784
2.861997
3.7336173
3.299933
3.954711
3.4104798
2.8662488
3.4104798
3.4104798
3.6273217
3.6273217
4.171553
3.0830908
3.7336173
3.9504592
3.0830908
4.3883953
3.954711
4.3883953
3.4104798
4.3883953
3.6273217
2.972544
3.1936376
3.737869
3.0830908
2.7557018
3.954711
4.171553
3.299933
3.737869
3.299933
4.3883953
3.9504592
3.078839
4.4946904
3.6273217
4.715784
3.7336173
5.1494684
3.5167751
4.4946904
4.715784
4.2778482
4.928375
4.2778482
5.038922
4.167301
4.3883953
3.4104798
4.3883953
2.972544
3.954711
4.605237
4.7115326
4.2778482
5.038922
3.7336173
4.0610065
4.0610065
3.8399122
3.7336173
3.5167751
5.038922
4.8220797
5.1452165
4.2778482
4.8178277
4.2778482
4.3841434
5.038922
4.4946904
4.0610065
4.8220797
3.7336173
4.605237
3.8399122
4.6009855
5.689448
5.0346694
5.4726057
5.3620586
4.8178277
4.8178277
5.689448
4.3841434
5.3620586
6.012585
5.1452165
6.7736583
5.468354
5.030418
6.556816
6.4462695
5.0346694
5.795743
5.2557635
4.924123
5.4726057
5.3620586
5.1452165
4.3841434
5.251512
4.5967336
5.578901
5.3620586
4.924123
4.8178277
6.012585
5.795743
5.574649
6.123132
6.123132
5.3620586
4.928375
6.123132
4.7115326
5.1452165
5.689448
4.6009855
4.2778482
5.038922
5.799995
4.7115326
5.4726057
5.2557635
4.7115326
4.4946904
4.3841434
5.3663106
5.038922
4.8220797
4.3841434
4.3841434
5.4726057
4.7115326
4.928375
4.2778482
3.7336173
4.2778482
4.0610065
4.3841434
5.038922
4.928375
4.167301
4.4946904
5.2557635
3.9462075
4.8220797
4.4946904
4.167301
4.2778482
4.605237
4.8220797
3.7336173
5.038922
5.2557635
5.583153
4.928375
5.1452165
3.7336173
4.605237
4.715784
4.171553
3.7336173
4.0610065
3.6273217
3.406228
3.844164
3.844164
3.5167751
4.2778482
4.2778482
3.5167751
4.0610065
4.171553
3.0830908
3.299933
3.7336173
3.6273217
4.2778482
3.5167751
2.6451547
4.2778482
3.737869
3.0830908
3.1936376
2.7557018
3.1936376
3.4104798
3.299933
3.4104798
3.4104798
3.0830908
3.4104798
2.7557018
4.2821
3.737869
3.954711
3.844164
2.5388596
2.4325645
3.631574
3.1936376
2.6494067
3.0873425
2.7599535
3.3041847
2.7557018
3.6273217
4.171553
2.4283128
2.8662488
3.6273217
3.0830908
3.1936376
2.9767957
3.4104798
1.7777863
3.4104798
2.972544
2.9767957
3.4104798
2.7557018
3.0830908
3.4104798
2.6451547
3.5210268
2.3220174
2.2157223
2.4325645
3.4104798
3.0830908
3.6273217
3.844164
2.6451547
3.5167751
4.2778482
3.7336173
3.4104798
2.8662488
2.8662488
3.954711
4.4989424
3.406228
4.171553
4.0610065
3.299933
3.6273217
3.5167751
2.4283128
3.1936376
3.6273217
3.189386
4.605237
4.2778482
3.9504592
5.038922
3.9504592
4.7115326
5.3663106
5.038922
3.7336173
4.4946904
5.2557635
3.8399122
4.8220797
5.2557635
5.038922
5.799995
4.3841434
4.2778482
5.038922
3.6273217
3.954711
4.8220797
3.62307
5.038922
5.038922
4.7115326
5.799995
4.928375
5.799995
4.8220797
5.038922
5.578901
5.038922
5.689448
5.3620586
5.90629
5.2557635
5.3620586
5.1452165
5.90629
5.583153
4.928375
4.3841434
5.4726057
5.3620586
4.928375
5.90629
5.795743
6.2336793
6.123132
5.795743
5.795743
6.450521
6.012585
6.123132
6.8842053
6.667363
6.663111
5.902038
6.1188803
6.556816
6.012585
5.795743
6.4462695
6.1188803
6.012585
6.339974
5.6851964
6.2294273
6.7736583
6.5525646
6.556816
6.012585
5.251512
5.251512
6.123132
6.012585
6.9905005
6.4462695
7.207342
6.7736583
6.556816
6.7736583
6.2294273
5.902038
6.4462695
6.9905005
6.2294273
6.2294273
6.339974
6.9905005
5.902038
6.012585
5.140965
6.012585
6.012585
6.012585
5.3620586
5.468354
5.795743
6.339974
6.339974
5.24726
5.3620586
5.90629
5.3620586
4.928375
5.4726057
5.2557635
4.4946904
5.4726057
4.2735963
4.8178277
5.1452165
5.1452165
5.468354
5.0346694
5.2557635
5.2557635
4.8220797
5.4726057
6.2336793
5.574649
5.578901
6.339974
5.357807
6.4462695
5.6851964
6.339974
4.8178277
5.2557635
4.8178277
5.3620586
6.123132
5.795743
5.251512
5.795743
5.357807
4.8178277
6.016837
4.8178277
4.7115326
5.2557635
5.4726057
4.490439
5.1452165
5.1452165
5.3620586
5.3620586
4.6009855
4.928375
5.038922
4.2778482
4.605237
4.3883953
4.3883953
3.9504592
5.1494684
4.167301
5.038922
4.2778482
5.1452165
4.4946904
5.038922
4.4989424
3.7336173
4.2778482
3.9504592
5.038922
4.7115326
4.167301
4.4946904
4.8220797
4.2778482
4.605237
4.605237
3.9504592
3.6273217
4.605237
3.9504592
3.6273217
2.8662488
3.737869
2.7557018
3.737869
3.5210268
2.2157223
3.848416
2.3262694
3.3041847
2.6536584
2.5431116
2.3262694
2.5431116
2.6536584
1.237807
1.7820382
2.003132
2.2199743
2.5473633
1.565196
2.003132
1.348354
0.91466975
2.1094272
1.6757431
1.6757431
1.0252168
1.2420589
1.896837
1.896837
2.003132
1.1315118
1.8925852
1.7862899
1.2420589
1.4589009
0.48098555
0.48098555
1.1357636
1.3526058
0.59153247
1.1357636
0.26414344
0.9189216
-0.16954076
-0.16954076
0.1578483
-0.38213107
-1.1432043
-0.59897316
-1.3600464
-2.010573
-2.2274148
-2.771646
-2.116868
-2.8779414
-2.8779414
-3.2010784
-3.5284674
-3.7453096
-3.0905313
-3.851605
-4.068447
-5.156909
-4.395836
-4.1747417
-4.285289
-5.4800463
-5.0421104
-5.2589526
-5.9137306
-5.369499
-5.369499
-6.24112
-5.0421104
-5.692637
-6.130573
-6.3474145
-5.475795
-6.8916464
-6.126321
-6.887394
-7.5379205
-7.3210783
-6.887394
-6.236868
-6.564257
-4.9358153
-4.1747417
-5.5905933
-4.612678
-3.851605
-3.6347628
-2.8779414
-2.661099
-2.010573
-1.1432043
-0.70952016
-0.2758359
-0.38213107
-0.603225
-1.1474562
-0.058993805
-0.06324561
0.04730134
-0.49692985
0.69782764
0.25989163
1.020965
2.7599535
2.7599535
2.6494067
2.7557018
2.8662488
2.972544
3.8399122
4.4946904
4.3841434
3.7293656
5.578901
3.7293656
5.0346694
5.038922
4.490439
4.8178277
3.8399122
5.2557635
3.9504592
5.2557635
5.0346694
5.578901
5.90629
7.5347314
6.7736583
6.3357224
7.4241843
7.857869
7.6410265
8.2915535
8.074712
8.725238
8.070459
8.614691
9.486311
9.048374
9.048374
9.703153
8.504144
8.725238
8.397848
7.857869
8.074712
7.5304804
8.2915535
8.181006
8.397848
9.158921
8.287301
8.614691
8.720985
8.397848
9.158921
8.8315325
8.720985
9.482059
9.809448
9.588354
9.805196
10.349427
10.566269
10.132585
9.805196
9.805196
10.0220375
9.911491
10.345176
10.23888
10.128334
10.128334
9.690397
11.433638
11.2125435
11.101996
12.186207
12.513597
13.057828
13.48726
13.053576
13.164123
14.031491
12.509345
13.164123
14.031491
13.704102
14.792564
14.465176
14.57147
15.336795
15.659932
16.199913
16.31046
17.071531
17.39467
17.500965
17.06728
18.26204
18.26204
18.589426
18.045197
18.151491
17.500965
17.06728
17.500965
16.523048
16.306208
15.655681
14.460924
14.137786
13.814649
13.708355
12.403049
11.097745
10.774608
10.77886
10.995702
8.601935
9.039871
9.256713
8.057704
9.36726
8.925072
10.017787
8.818777
9.690397
8.929324
8.274546
9.256713
9.9029875
9.358756
10.557766
9.141914
8.270294
9.3630085
7.5134726
7.951409
7.6282716
7.521976
5.0219145
4.698777
3.7208617
4.0525026
3.3934724
4.0482507
5.6809444
6.6588597
6.0040812
5.6766925
6.2209234
6.6588597
6.875702
7.309386
8.2915535
6.3314705
7.9641643
7.853617
6.544061
6.4377656
6.769407
6.4420176
6.2251754
6.1188803
6.012585
5.140965
4.490439
3.9462075
3.5082712
5.6851964
6.1188803
6.3357224
5.902038
5.791491
4.5967336
4.7072806
6.2294273
6.5525646
6.008333
7.6410265
6.2251754
6.7736583
6.2251754
5.6809444
6.5525646
6.5525646
6.663111
5.140965
5.6851964
4.924123
6.1188803
5.574649
4.8093243
4.37564
5.902038
5.574649
4.8135757
5.6851964
4.8135757
3.9419558
4.379892
4.269345
3.8356605
5.6851964
5.574649
4.4861865
4.1630497
3.9462075
3.074587
2.6451547
3.0830908
2.861997
2.534608
3.189386
4.7115326
2.861997
3.2956812
2.861997
2.534608
3.189386
1.7735345
1.8840815
3.6273217
2.7557018
2.3177657
2.1009235
3.0830908
1.9946285
1.0124613
2.6494067
1.6672394
1.8840815
2.7599535
2.1051755
2.3220174
2.1051755
2.8662488
3.0830908
2.8662488
2.8662488
2.2114706
1.9946285
1.7777863
2.4283128
3.1936376
2.7599535
1.9946285
2.9767957
2.8662488
2.972544
2.5388596
1.4503974
2.6494067
2.7557018
2.1051755
2.5388596
3.4104798
2.4325645
3.1936376
3.1936376
3.299933
4.2778482
3.9504592
2.2072186
3.0830908
2.6451547
2.8662488
3.6273217
2.861997
3.0830908
3.844164
2.7557018
2.3177657
2.2114706
3.1936376
3.1936376
2.6494067
2.6494067
3.299933
2.8662488
3.0830908
3.1936376
2.7557018
3.5167751
3.5167751
3.5167751
3.5167751
4.171553
4.715784
3.299933
4.2778482
4.4946904
5.038922
4.7115326
4.4946904
4.8220797
5.1494684
4.8220797
4.605237
4.9326262
4.4946904
3.5167751
3.9504592
3.9504592
4.2778482
4.4946904
4.2778482
3.844164
2.8662488
2.972544
2.6494067
3.0830908
3.299933
4.0610065
3.2956812
3.9504592
4.7115326
4.928375
4.7115326
5.583153
5.583153
4.167301
4.3841434
5.583153
4.8178277
6.339974
5.578901
5.468354
5.0346694
4.7115326
5.2557635
4.928375
3.5167751
4.9326262
5.1494684
4.928375
4.3841434
5.689448
5.3620586
4.4946904
4.7115326
5.3620586
5.0346694
4.2735963
4.8178277
4.8178277
4.490439
5.0346694
6.556816
6.012585
6.3357224
5.902038
7.207342
6.123132
5.574649
5.6851964
5.6851964
5.6851964
6.8842053
7.207342
6.008333
7.207342
6.3357224
6.663111
6.3357224
5.902038
6.663111
5.6851964
6.7736583
7.207342
6.8799534
5.6809444
7.6410265
6.5525646
6.2251754
7.6410265
7.9684157
6.663111
6.9905005
7.7515736
5.902038
6.8799534
6.1188803
6.1188803
6.4462695
6.5525646
6.3357224
7.207342
7.4241843
6.9905005
7.096796
7.313638
6.4462695
7.096796
6.012585
6.4462695
6.8799534
6.1188803
5.6851964
6.1188803
5.140965
5.578901
5.468354
6.4462695
6.012585
5.357807
5.251512
5.578901
5.795743
6.123132
5.6851964
5.357807
6.9905005
5.574649
6.4462695
5.8977866
6.2294273
6.663111
5.795743
6.2294273
5.251512
6.667363
5.0346694
5.1452165
5.795743
5.578901
5.0346694
5.795743
6.012585
6.4462695
5.6851964
6.012585
6.123132
6.012585
5.902038
6.4462695
6.4462695
6.7736583
5.357807
6.667363
5.140965
6.7736583
5.795743
6.012585
4.924123
5.3620586
5.689448
5.251512
5.3620586
6.556816
5.251512
4.8178277
4.928375
4.8178277
4.6009855
4.605237
4.8178277
5.578901
5.578901
6.123132
5.140965
5.795743
5.578901
5.140965
4.8178277
6.123132
6.2336793
5.90629
5.1452165
5.4726057
5.1452165
5.4726057
5.3620586
5.90629
5.4726057
6.016837
4.4946904
4.7115326
5.038922
5.038922
5.583153
5.4726057
5.583153
5.578901
6.016837
5.90629
5.1452165
5.038922
4.9326262
3.7336173
5.1494684
4.4946904
5.038922
4.4946904
3.5125234
4.928375
4.0610065
3.7336173
4.605237
4.0610065
4.171553
4.2778482
5.038922
5.689448
4.2735963
4.8178277
5.90629
4.7115326
5.689448
4.7115326
5.583153
3.9504592
4.6009855
5.2557635
4.928375
5.90629
5.1452165
4.928375
4.3841434
5.1452165
5.4726057
5.1452165
5.689448
5.583153
5.583153
5.799995
5.4726057
4.7115326
5.1452165
4.7115326
5.4726057
5.578901
4.7115326
5.038922
5.4726057
5.2557635
4.2778482
4.7115326
5.038922
4.2778482
4.4946904
5.038922
4.928375
4.8220797
5.038922
5.799995
4.8220797
4.4946904
5.4726057
4.6009855
4.4946904
4.8220797
3.6273217
3.844164
4.605237
4.2778482
4.3883953
5.2557635
4.167301
5.038922
5.4726057
4.605237
4.2778482
4.605237
4.715784
4.8220797
4.4946904
5.038922
5.3663106
4.4946904
5.4726057
4.6009855
4.167301
4.4946904
4.3883953
5.3663106
4.0610065
4.0610065
4.826331
3.737869
4.715784
4.9326262
4.605237
5.038922
4.715784
4.605237
4.605237
4.4946904
4.605237
4.171553
4.8220797
4.4946904
4.3841434
5.038922
5.6937
4.3883953
4.9326262
4.065258
3.6273217
3.6273217
4.065258
3.737869
4.171553
3.5210268
3.737869
3.4104798
3.737869
3.1936376
3.4104798
2.9767957
3.0873425
2.6494067
3.631574
3.0830908
3.3041847
2.7599535
3.954711
3.5210268
3.631574
3.3041847
2.7599535
2.5431116
3.414732
2.9810476
2.5431116
3.631574
4.065258
3.737869
3.3041847
3.737869
2.7599535
2.9767957
2.7599535
3.1978896
2.3262694
1.7820382
2.2157223
3.1978896
1.9988803
2.8662488
2.7599535
1.7820382
2.1094272
2.4368165
1.348354
1.2420589
1.7862899
1.2420589
1.4589009
1.7862899
2.3262694
2.2199743
2.1094272
2.8705006
2.6536584
2.3262694
1.8925852
3.0873425
2.7599535
2.5431116
2.8705006
2.9767957
2.9767957
2.9767957
3.631574
3.848416
2.5431116
2.3262694
2.6536584
1.348354
2.330521
1.8925852
1.8925852
1.8925852
1.7820382
1.8925852
1.7820382
1.9988803
2.3262694
2.1094272
3.414732
1.8925852
2.3262694
1.565196
2.3262694
2.7599535
1.1315118
2.1094272
1.8925852
2.2199743
2.4368165
2.3262694
1.7820382
2.3262694
1.237807
2.5431116
2.1094272
1.020965
1.6757431
1.4589009
1.565196
2.4325645
2.6494067
2.9767957
3.5210268
3.414732
2.4325645
3.5210268
3.0873425
2.3262694
3.1936376
2.7599535
3.3041847
2.9767957
2.4325645
2.2157223
2.7599535
2.4325645
2.2157223
2.5431116
3.3041847
2.9767957
3.0873425
2.9767957
2.8662488
3.1936376
2.4325645
3.4104798
4.3883953
4.0610065
4.171553
4.605237
3.299933
3.844164
3.844164
4.2778482
4.928375
5.3620586
4.6009855
4.3841434
4.8178277
5.4726057
4.7115326
4.4946904
3.9504592
5.4726057
4.928375
5.038922
4.490439
5.689448
6.012585
6.012585
5.578901
5.795743
5.4726057
6.450521
5.795743
5.578901
6.450521
6.339974
5.0346694
6.339974
5.357807
5.468354
6.012585
5.357807
6.123132
6.4462695
5.791491
6.3357224
7.7515736
6.3357224
6.8799534
6.8799534
7.203091
7.096796
7.203091
7.313638
7.096796
7.207342
6.3357224
6.5525646
7.4241843
6.2251754
7.313638
7.4241843
5.4598503
6.008333
6.769407
5.6809444
7.4241843
6.5525646
6.5525646
5.6809444
6.769407
5.8977866
6.4420176
6.4420176
6.5525646
6.3357224
7.096796
6.008333
6.8799534
6.769407
6.114629
6.769407
7.096796
7.5304804
7.203091
7.747322
6.769407
7.5304804
7.203091
6.769407
7.857869
6.986249
6.114629
7.207342
7.313638
6.114629
6.769407
7.096796
6.4420176
6.6588597
6.5525646
6.008333
6.663111
7.4241843
6.114629
6.1188803
7.4241843
7.096796
6.9905005
6.4420176
6.5525646
6.663111
6.3357224
7.6410265
7.096796
5.464102
6.8799534
6.8799534
6.9905005
6.663111
5.6809444
6.012585
6.3357224
5.574649
6.663111
7.4241843
6.3357224
6.1188803
6.4462695
5.902038
6.556816
6.663111
6.2294273
6.2294273
5.140965
5.251512
5.468354
6.123132
5.0346694
6.123132
6.123132
5.689448
4.6009855
5.038922
4.928375
5.1452165
4.2778482
3.078839
5.038922
3.2956812
4.167301
4.7115326
4.3841434
5.038922
4.8178277
4.3841434
4.8178277
5.689448
5.578901
5.4726057
4.8220797
5.583153
4.605237
4.0610065
4.171553
4.171553
3.5167751
3.737869
3.954711
2.4283128
2.8662488
3.6273217
3.0830908
3.4104798
2.9767957
3.737869
3.954711
2.9767957
2.4325645
2.9767957
2.3220174
2.5431116
2.9767957
1.7820382
2.5431116
1.9988803
1.4546491
1.6714911
2.8705006
2.1094272
2.7599535
3.1936376
1.7777863
1.6714911
2.2157223
2.6536584
1.2420589
2.003132
0.69782764
2.330521
1.4589009
1.348354
2.3262694
2.1094272
1.7820382
2.6536584
1.348354
1.1315118
0.91466975
1.6757431
1.3526058
2.1094272
2.9810476
1.6757431
3.0873425
3.5210268
2.6494067
2.2157223
3.3041847
1.4546491
1.8925852
1.020965
1.8925852
1.2420589
2.003132
1.020965
2.4368165
1.565196
1.8925852
2.1094272
1.3526058
2.330521
1.2420589
1.7862899
1.2420589
1.0252168
1.2420589
2.7642052
1.8925852
2.3262694
2.7599535
3.0873425
2.9767957
3.3041847
3.5210268
2.9767957
2.3220174
3.3041847
2.8662488
3.1936376
3.5210268
2.8662488
2.7599535
2.9767957
2.6494067
3.631574
2.9767957
3.3041847
3.3041847
3.1936376
3.5210268
2.8662488
2.7557018
2.9767957
3.1936376
2.7599535
2.4325645
2.2157223
3.1936376
2.3220174
3.0830908
3.4104798
3.4104798
4.171553
4.2778482
4.0610065
5.1494684
4.167301
4.605237
5.1452165
5.3620586
5.1452165
4.8178277
5.90629
5.90629
5.3620586
5.4726057
5.4726057
4.928375
4.8178277
5.2557635
5.1494684
3.9504592
5.6937
5.583153
4.928375
5.689448
4.4946904
5.1452165
4.7115326
5.2557635
5.578901
5.0346694
5.90629
5.3620586
5.251512
5.1452165
6.016837
5.3620586
5.4726057
5.2557635
5.038922
6.2336793
5.251512
6.556816
6.7736583
6.3357224
7.207342
7.857869
7.857869
7.6410265
7.6410265
7.313638
6.9905005
7.6410265
7.6410265
7.9684157
7.5304804
7.747322
7.419933
8.508395
7.203091
8.2915535
8.181006
8.074712
8.94208
9.158921
7.74307
8.725238
9.375764
8.8315325
8.937827
9.048374
9.809448
8.176754
8.8315325
10.459974
10.676816
10.132585
9.698901
11.1105
9.150418
9.805196
10.787363
9.915743
9.371511
9.371511
10.787363
10.23888
9.698901
10.787363
10.676816
9.048374
9.915743
9.698901
9.482059
10.02629
9.482059
8.610438
9.375764
9.048374
8.720985
9.809448
8.720985
9.375764
8.937827
8.8315325
9.375764
9.371511
8.614691
8.8315325
9.269468
7.636775
8.181006
8.2915535
8.070459
7.203091
7.6410265
7.747322
7.9641643
7.6410265
7.4241843
7.4241843
7.096796
6.986249
7.747322
6.986249
7.203091
7.096796
8.185258
7.203091
6.769407
8.074712
8.508395
7.419933
7.747322
8.725238
7.747322
7.747322
7.096796
6.2251754
6.8799534
7.9684157
6.4420176
7.207342
6.769407
6.3357224
6.8799534
7.7515736
7.207342
6.4462695
7.207342
5.6851964
5.791491
5.574649
6.4462695
6.2294273
7.207342
7.096796
7.857869
6.4420176
7.857869
8.4021
6.986249
7.6410265
7.4241843
7.207342
6.8799534
6.8799534
7.4241843
6.769407
6.5525646
7.1010475
6.1188803
6.012585
6.1188803
6.556816
5.251512
5.795743
6.339974
5.030418
5.578901
6.339974
5.3620586
5.2557635
4.8220797
5.578901
5.689448
6.339974
5.578901
5.578901
6.2336793
6.339974
5.6851964
6.7736583
6.339974
6.012585
5.0346694
5.578901
5.689448
5.795743
5.4726057
4.8178277
4.928375
4.8220797
4.167301
4.167301
4.0610065
4.2778482
3.7336173
4.3883953
4.9326262
3.9504592
4.2778482
4.2821
4.2778482
2.861997
4.4946904
5.3663106
4.3841434
4.6009855
4.3841434
5.038922
4.7115326
4.3841434
5.2557635
4.7115326
4.928375
4.2778482
4.3883953
4.4946904
5.2557635
4.928375
5.90629
6.339974
5.90629
6.2336793
5.578901
5.4726057
5.3620586
5.90629
4.7115326
5.1452165
6.012585
5.902038
5.90629
6.667363
6.012585
5.6851964
6.4462695
6.2294273
5.3620586
5.578901
4.8178277
5.689448
6.123132
6.2294273
6.012585
5.6851964
7.1010475
5.791491
6.663111
6.663111
6.1188803
6.7736583
6.1188803
5.902038
6.339974
5.902038
6.8799534
6.8799534
6.2251754
7.6410265
7.313638
7.4241843
7.203091
7.313638
6.6588597
7.636775
7.747322
7.092544
8.397848
8.614691
8.2915535
8.725238
7.849365
8.614691
9.048374
8.393597
8.070459
8.725238
7.9599123
8.287301
8.614691
8.504144
7.9599123
8.287301
7.9641643
6.981997
7.203091
7.747322
7.853617
7.9641643
8.508395
8.176754
7.853617
8.614691
8.070459
7.747322
8.2915535
8.2915535
7.313638
7.747322
6.875702
8.2915535
8.074712
6.5525646
6.769407
7.6410265
6.2251754
7.4241843
6.114629
6.5525646
6.9905005
6.3357224
5.6851964
5.578901
5.795743
5.795743
5.0346694
5.689448
4.928375
5.1452165
4.2735963
4.167301
5.2557635
3.7336173
4.2778482
4.3883953
3.299933
2.8662488
3.6273217
3.0830908
4.605237
3.189386
4.171553
4.4989424
3.0830908
3.4104798
2.8662488
3.737869
3.5210268
2.7599535
3.0873425
3.5210268
3.1936376
2.6494067
3.3041847
2.6536584
2.8705006
2.3262694
2.5431116
1.237807
1.8925852
0.58728075
0.48098555
1.2420589
1.7862899
0.26414344
0.26414344
1.4631528
0.48523736
0.1578483
1.4631528
0.7020795
0.8083746
0.26414344
0.59153247
0.48098555
1.8925852
0.91466975
0.91466975
2.2199743
1.5694479
1.4589009
1.3526058
0.91466975
0.04730134
0.8083746
1.0252168
0.48098555
1.5694479
1.4589009
0.15359649
0.48098555
1.7862899
2.4410682
-0.06324561
1.0252168
1.0252168
1.7862899
0.8083746
1.0252168
1.6799948
0.8083746
1.4589009
2.003132
0.91466975
1.3526058
0.8126264
1.1357636
0.48098555
-0.16954076
0.59153247
0.7020795
0.48523736
0.48523736
0.48523736
0.1621001
-1.3642982
-1.0369092
0.05155315
-0.59897316
-0.054742
-0.59897316
-0.70952016
-1.0369092
-0.70952016
-0.2758359
-0.38213107
-0.70952016
-0.38213107
0.37894222
-0.49267802
0.37894222
0.05155315
0.05155315
-0.59897316
-0.49267802
-0.058993805
-0.2758359
0.1621001
-0.49267802
-0.8200671
-0.2758359
-0.2758359
1.0294685
0.9189216
0.59153247
0.9189216
1.8925852
1.4589009
1.2420589
1.6799948
1.1357636
1.4631528
1.4631528
0.8083746
1.3526058
2.2199743
1.0252168
2.003132
2.2199743
2.65791
3.1978896
2.4368165
2.3262694
3.0873425
3.0873425
3.631574
3.0873425
3.4104798
3.5210268
3.737869
3.4104798
3.0873425
3.737869
3.3041847
3.3041847
3.5210268
3.848416
3.5210268
2.9767957
4.065258
3.5210268
2.9767957
3.5210268
3.848416
3.1936376
4.1758046
4.3926473
3.954711
3.954711
4.605237
4.171553
4.0610065
4.605237
4.2821
4.605237
4.9326262
4.171553
4.9326262
4.605237
4.171553
4.3883953
4.715784
4.3883953
3.954711
3.954711
4.715784
4.065258
3.1936376
3.7336173
3.954711
3.737869
4.2821
3.737869
3.4104798
4.4989424
3.954711
3.954711
4.715784
4.0610065
4.065258
4.8220797
4.4946904
4.0610065
3.844164
3.844164
3.737869
4.715784
3.954711
4.9326262
3.1936376
3.954711
4.3883953
4.715784
3.844164
5.1494684
4.605237
3.299933
4.171553
4.3883953
3.844164
3.4104798
3.844164
3.7336173
4.171553
3.844164
4.4946904
4.8220797
3.844164
4.171553
4.826331
4.171553
4.3883953
4.605237
5.799995
5.4726057
4.167301
5.689448
4.4946904
4.8178277
5.689448
5.4726057
5.799995
6.016837
5.90629
5.4726057
5.4726057
6.450521
5.0346694
5.90629
6.450521
5.4726057
5.4726057
5.689448
5.3620586
5.689448
5.578901
4.8178277
6.123132
6.667363
6.667363
5.3620586
5.689448
5.038922
4.2778482
4.605237
5.038922
5.038922
4.6009855
5.90629
4.605237
4.7115326
5.799995
4.8220797
5.038922
5.3663106
5.583153
5.4726057
5.2557635
5.90629
6.450521
5.90629
6.123132
6.9947524
5.0346694
4.928375
6.016837
5.2557635
5.1494684
5.9105415
5.2557635
5.4726057
5.689448
5.2557635
5.4726057
5.4726057
5.2557635
4.928375
5.799995
5.689448
5.1452165
5.3620586
5.251512
6.339974
6.339974
6.450521
6.7736583
6.339974
5.90629
6.339974
5.795743
5.1452165
5.90629
6.123132
5.4726057
4.6009855
5.583153
5.9105415
4.6009855
6.561068
6.012585
5.90629
5.795743
7.1010475
6.339974
6.4462695
7.1010475
6.556816
6.123132
5.578901
5.689448
6.123132
6.450521
5.795743
5.0346694
6.450521
5.689448
5.689448
5.1452165
5.2557635
5.4726057
5.2557635
5.689448
5.4726057
5.2557635
5.689448
6.339974
6.123132
5.90629
6.012585
5.578901
6.339974
6.339974
5.3620586
5.3620586
5.038922
5.4726057
5.4726057
5.583153
5.689448
5.583153
3.9504592
4.171553
4.4946904
4.9326262
3.844164
3.954711
3.6273217
4.171553
4.171553
5.0431733
4.0610065
3.9504592
4.3883953
4.3883953
4.605237
3.6273217
3.6273217
4.171553
4.3883953
3.299933
4.4989424
3.6273217
2.3220174
3.848416
3.954711
2.8662488
3.0830908
3.0873425
3.1936376
3.299933
3.1936376
4.065258
3.1936376
3.5210268
3.0830908
3.737869
3.737869
3.954711
3.6273217
3.954711
4.715784
4.171553
3.6273217
3.4104798
3.954711
3.4104798
3.0830908
3.5210268
3.848416
3.4104798
3.3041847
3.4104798
4.2821
3.954711
3.4104798
2.5388596
3.954711
3.954711
3.0830908
3.737869
3.5210268
3.0873425
2.7599535
3.414732
2.8705006
3.0873425
2.8705006
2.7599535
2.6536584
2.1094272
2.3262694
2.8705006
2.8705006
2.8705006
2.3262694
2.8705006
2.6536584
2.6536584
3.1978896
2.003132
1.4589009
2.003132
1.7862899
1.5694479
2.003132
1.5694479
-0.17379257
1.0252168
1.896837
0.04730134
0.7020795
0.48523736
0.48523736
-0.2758359
0.37894222
-0.9263622
-0.70952016
-0.16528895
-0.38213107
-1.3600464
-1.1432043
-0.4884262
-1.7937305
-1.1432043
-1.3557947
-2.771646
-2.771646
-2.882193
-1.2494994
-2.444257
-1.5726367
-1.5726367
-2.33371
-2.771646
-1.6831837
-2.444257
-1.7937305
-1.6831837
-1.9042777
-1.2494994
-1.5768886
-1.9000257
-2.5505521
-2.771646
-2.5505521
-2.767394
-3.6390145
-2.5505521
-2.661099
-3.6390145
-3.099035
-2.771646
-3.4221725
-2.5505521
-2.5505521
-4.61693
-3.4179204
-3.4179204
-3.9621515
-3.9621515
-2.9842362
-3.6390145
-3.2053301
-2.2274148
-2.010573
-2.5548038
-2.444257
-3.2053301
-2.665351
-2.5548038
-3.0947833
-3.5284674
-3.4221725
-2.444257
-2.661099
-1.6831837
-2.1211197
-2.661099
-2.116868
-2.9842362
-4.0726986
-3.9621515
-3.4179204
-4.1789937
-3.3116255
-2.767394
-2.9842362
-3.2053301
-3.6347628
-3.4179204
-3.7453096
-4.833772
-4.506383
-4.506383
-4.289541
-3.3073738
-3.2010784
-3.6347628
-3.5284674
-3.0947833
-3.8558567
-2.9842362
-2.9842362
-3.3116255
-3.4221725
-2.33371
-3.7495613
-2.771646
-2.010573
-2.444257
-2.444257
-2.1211197
-1.6831837
-2.5548038
-2.9884882
-2.5505521
-1.9000257
-3.4221725
-2.882193
-2.3379617
-2.2274148
-2.010573
-1.9042777
-1.5768886
-1.2494994
-2.665351
-1.6831837
-2.661099
-2.8779414
-1.5768886
-1.9000257
-1.3600464
-1.0326574
-0.4884262
-1.9085294
-0.9263622
-0.59897316
-1.4705935
-1.9042777
-1.1432043
-0.27158412
-1.0369092
-1.0369092
0.26839525
-0.38638288
-0.49692985
0.8083746
1.4631528
1.1357636
0.9189216
1.3526058
0.69782764
2.2199743
2.6536584
1.565196
2.3262694
2.8705006
3.0873425
2.5431116
2.8705006
1.7820382
1.9988803
2.4368165
1.348354
2.4368165
2.8747523
1.348354
2.2199743
2.4368165
2.4325645
3.0873425
2.7599535
3.5210268
3.1936376
3.737869
2.8662488
3.299933
2.972544
3.954711
3.844164
4.2778482
2.6451547
3.844164
3.6273217
2.4283128
2.6451547
2.6451547
3.299933
3.5167751
2.5388596
4.3883953
4.167301
4.0610065
5.038922
4.167301
5.3620586
4.6009855
6.016837
5.2557635
4.8178277
5.3620586
5.1452165
5.578901
5.468354
5.902038
6.663111
5.902038
5.251512
5.795743
4.056754
4.928375
3.299933
4.2821
2.5388596
2.8705006
3.1936376
3.5210268
3.6273217
4.4989424
4.0610065
4.2735963
5.795743
5.689448
6.450521
4.490439
5.795743
4.928375
5.795743
6.2294273
6.556816
6.1188803
6.2294273
5.795743
5.251512
5.90629
5.2557635
5.0346694
4.6009855
3.8399122
4.605237
4.8220797
4.167301
4.928375
4.2735963
4.4946904
4.4946904
4.4946904
3.7336173
4.8178277
5.3620586
5.1452165
5.689448
4.8178277
5.578901
4.924123
5.0346694
5.4726057
5.1452165
4.2735963
3.62307
4.928375
4.6009855
5.90629
4.3841434
5.689448
4.6009855
5.3620586
6.123132
5.251512
5.578901
5.689448
4.928375
5.583153
4.928375
4.4946904
4.3841434
4.2735963
4.4946904
4.9326262
3.7336173
4.2778482
3.7336173
4.3883953
4.8220797
3.9504592
4.2778482
3.6273217
4.2778482
2.972544
4.2778482
4.171553
3.954711
2.7557018
4.605237
4.8220797
3.299933
4.0610065
3.844164
3.9504592
4.167301
4.4946904
3.844164
3.7336173
4.171553
3.1936376
3.1936376
2.5388596
3.0873425
2.9767957
3.1936376
3.5210268
3.848416
3.4104798
3.4104798
2.4325645
2.4325645
3.1936376
3.3041847
2.3220174
3.5210268
2.9767957
2.972544
2.6494067
2.9767957
3.1936376
2.5431116
2.8705006
2.9767957
2.1094272
2.8705006
2.3262694
2.3262694
3.1936376
2.9767957
2.8662488
3.6273217
2.2157223
3.3041847
3.0830908
2.3220174
3.3041847
3.848416
2.1009235
3.6273217
3.1936376
4.3883953
3.4104798
3.844164
4.3883953
5.2557635
4.4946904
4.4946904
4.3841434
3.844164
4.605237
4.0610065
3.189386
4.0610065
4.4946904
4.8220797
4.3841434
5.3663106
5.689448
4.167301
4.7115326
4.8220797
4.171553
4.605237
4.7115326
4.0610065
4.171553
3.5167751
3.0830908
4.167301
4.4946904
4.8178277
5.4726057
4.8220797
4.928375
3.7336173
4.928375
4.4946904
4.3883953
5.1494684
4.2778482
4.0610065
5.038922
4.056754
4.928375
4.928375
4.7115326
4.3883953
4.715784
3.844164
3.62307
5.038922
4.3841434
4.056754
5.689448
5.902038
5.468354
6.012585
5.3620586
5.3620586
5.038922
5.2557635
3.844164
3.9504592
4.0610065
4.490439
5.3620586
5.578901
5.1452165
5.251512
4.2735963
4.8220797
4.8220797
4.3883953
4.605237
4.3841434
5.2557635
4.928375
4.7072806
6.012585
5.902038
5.578901
6.123132
5.1452165
4.4946904
4.9326262
4.8220797
4.2778482
4.7115326
5.799995
3.8399122
4.167301
4.4946904
4.4946904
4.9326262
4.4946904
3.7336173
4.3883953
4.605237
3.62307
3.7336173
4.2778482
4.7115326
4.7115326
4.167301
5.038922
4.4946904
3.844164
4.4989424
2.8662488
2.8662488
2.6494067
3.1936376
3.0830908
2.9767957
2.6494067
2.8662488
3.1936376
2.6494067
3.1936376
2.3220174
3.0873425
2.9767957
2.7557018
3.1936376
3.299933
3.0830908
4.171553
2.6494067
3.4104798
2.3220174
2.5431116
2.4325645
2.1094272
1.4546491
1.348354
0.8041228
1.7862899
1.2420589
-0.06324561
0.91466975
0.58728075
0.91466975
1.2420589
1.7862899
0.91466975
0.04730134
0.48523736
-0.38638288
-1.0369092
-0.2758359
0.48523736
-0.2758359
0.05155315
-1.2537513
-0.9263622
-1.4705935
-1.6874356
-1.0326574
-1.0369092
-0.27158412
-1.9042777
-2.0148246
-0.70952016
-0.9263622
-1.6874356
-0.9263622
-1.3642982
-0.9263622
-1.0369092
-1.3642982
-1.0326574
-2.1211197
-2.882193
-2.771646
-2.2274148
-3.4221725
-3.9664037
-4.0726986
-3.9621515
-5.050614
-4.506383
-4.1789937
-4.940067
-4.502131
-4.82952
-5.8074355
-6.0242777
-5.4800463
-4.9358153
-4.8252683
-6.0242777
-4.718973
-5.4800463
-5.369499
-5.5863414
-5.8074355
-5.4800463
-6.24112
-5.5863414
-5.4800463
-6.674804
-5.803184
-5.475795
-7.4316254
-6.9979415
-6.126321
-8.082151
-7.8653097
-7.4316254
-7.8653097
-7.214783
-6.8916464
-7.1084886
-6.9979415
-7.104236
-7.975857
-7.4273734
-7.975857
-7.8653097
-8.409541
-6.9979415
-7.214783
-6.9979415
-7.3253303
-7.6527195
-7.7590146
-7.1084886
-7.1084886
-6.8916464
-5.4800463
-6.0242777
-5.7011404
-4.7232246
-4.506383
-5.378003
-4.1832457
-4.0726986
-4.61693
-3.4179204
-4.7274766
-4.1832457
-3.7453096
-3.7495613
-3.4221725
-1.9000257
-2.1211197
-3.647518
-1.9042777
-2.665351
-2.9884882
-2.5548038
-3.4221725
-4.1874976
-2.116868
-3.5327191
-2.9884882
-3.2053301
-2.444257
-2.010573
-3.099035
-2.444257
-2.8779414
-2.5505521
-2.8779414
-2.2274148
-2.2274148
-2.771646
-2.882193
-1.5768886
-2.3379617
-1.5768886
-0.4884262
-1.1432043
-0.38213107
-0.59897316
-0.9263622
-0.38638288
1.4631528
1.3526058
0.59153247
0.69782764
0.8083746
1.7862899
1.2420589
1.7862899
1.4589009
0.48098555
1.1315118
1.2420589
1.6757431
1.6757431
1.348354
0.91466975
1.8925852
2.2199743
2.1094272
1.6757431
1.020965
2.3262694
2.6494067
2.8662488
3.954711
4.2778482
3.5167751
3.5167751
4.8220797
4.928375
4.3841434
4.167301
4.8178277
4.7072806
3.7293656
5.251512
6.450521
5.357807
4.928375
5.0346694
5.578901
4.8135757
5.0346694
5.030418
5.6851964
6.3357224
6.3357224
6.8799534
5.6809444
6.9905005
7.4241843
7.096796
7.6410265
8.185258
7.096796
7.313638
7.636775
8.074712
7.636775
8.181006
7.419933
8.181006
8.725238
7.636775
8.618942
6.875702
7.313638
6.875702
6.6588597
7.203091
7.203091
6.875702
7.096796
7.857869
7.203091
7.207342
7.419933
6.769407
7.313638
6.114629
6.769407
7.096796
6.114629
7.096796
5.8977866
7.6410265
6.008333
6.7736583
5.902038
5.791491
6.3357224
6.7736583
6.3357224
5.353555
5.464102
6.986249
6.2294273
5.574649
5.6851964
5.578901
5.1452165
4.490439
5.4726057
5.3620586
4.7072806
4.7072806
6.4462695
6.7736583
6.663111
5.574649
6.7736583
5.902038
6.769407
7.857869
7.096796
7.4241843
6.875702
6.769407
7.5304804
6.5525646
7.5304804
6.2294273
6.556816
5.6851964
6.5525646
6.1188803
5.6851964
5.6851964
6.123132
7.6452785
6.556816
7.4241843
6.663111
7.4241843
6.8799534
6.4462695
6.8799534
6.008333
7.207342
6.4462695
6.663111
6.663111
5.795743
5.468354
5.251512
5.578901
4.6009855
4.7072806
5.0346694
5.578901
5.1452165
5.251512
5.0346694
5.251512
5.902038
6.3357224
7.096796
7.096796
5.5703974
6.3357224
6.663111
6.1188803
5.8977866
6.008333
6.986249
5.6809444
6.1188803
5.140965
6.7736583
6.1188803
5.902038
6.1188803
5.357807
5.791491
5.468354
5.6851964
6.1188803
6.4462695
5.357807
7.207342
7.313638
7.747322
6.87145
6.986249
6.5483127
6.875702
6.6588597
6.5525646
6.663111
6.9905005
6.2251754
6.986249
6.114629
6.3314705
6.008333
7.096796
7.096796
6.3314705
6.114629
7.096796
6.2251754
5.8977866
5.8977866
6.2251754
6.6588597
6.3314705
7.203091
7.853617
7.853617
7.419933
6.986249
7.853617
6.2251754
7.5304804
7.5304804
7.5304804
6.5483127
7.419933
7.313638
6.3314705
7.096796
6.5525646
6.3357224
7.4241843
6.114629
5.7872396
6.6588597
7.5304804
6.4420176
7.313638
7.096796
6.5525646
5.7872396
6.2251754
6.769407
6.5525646
6.986249
6.114629
5.8977866
6.4420176
6.8799534
6.008333
6.3357224
6.986249
6.114629
6.986249
6.6588597
6.5483127
5.5703974
6.986249
6.2251754
6.114629
7.9641643
7.636775
7.526228
8.614691
7.9599123
7.632523
7.849365
8.610438
7.738818
8.287301
9.482059
7.415681
9.052627
8.614691
7.0882916
8.8315325
8.287301
7.74307
7.521976
8.066207
7.9599123
8.937827
8.176754
8.397848
9.158921
9.482059
8.499891
8.82728
8.28305
8.716734
9.588354
9.69465
9.588354
9.915743
8.499891
7.9599123
7.9599123
7.305134
8.720985
8.610438
7.74307
8.176754
9.044123
8.393597
8.937827
8.287301
9.698901
8.606187
8.610438
9.15467
8.606187
8.937827
9.477807
9.15467
8.82728
9.371511
7.738818
8.720985
8.937827
8.720985
7.632523
8.176754
8.937827
7.849365
8.176754
8.82728
7.6282716
8.504144
8.066207
8.393597
9.482059
8.28305
7.74307
8.504144
8.066207
7.738818
7.849365
8.1725025
8.28305
8.720985
8.716734
9.371511
8.937827
8.504144
7.849365
8.393597
9.044123
7.521976
8.610438
9.588354
8.066207
9.044123
8.066207
9.371511
9.805196
8.389345
8.499891
9.588354
8.933577
8.716734
8.389345
8.82728
9.150418
9.477807
8.389345
9.039871
8.8230295
9.260964
9.800944
9.477807
9.256713
9.039871
9.36726
9.039871
9.150418
9.477807
9.150418
9.588354
8.933577
8.8230295
9.477807
9.36726
9.690397
10.017787
8.712482
8.49564
8.606187
9.588354
8.82728
6.9777446
8.287301
7.521976
7.6282716
7.849365
8.28305
7.521976
7.3008823
7.849365
8.066207
7.0882916
8.504144
7.1945877
6.6503563
7.521976
7.849365
7.305134
8.066207
7.9599123
7.526228
6.9777446
7.526228
8.614691
7.309386
7.853617
7.1988387
7.1988387
8.393597
8.070459
8.504144
7.415681
7.419933
6.87145
7.747322
7.309386
6.5483127
6.6588597
6.981997
6.3314705
7.526228
6.110377
7.092544
7.419933
6.6588597
6.769407
7.419933
7.203091
6.875702
6.875702
6.2209234
6.2209234
5.5661454
6.765155
6.5525646
5.4598503
6.769407
6.986249
5.8977866
6.2251754
5.4598503
5.353555
6.986249
5.243008
6.769407
5.5703974
5.6809444
6.114629
5.8977866
5.8977866
7.313638
6.2251754
6.5483127
6.114629
6.6588597
6.0040812
6.3314705
7.309386
6.0040812
6.986249
6.769407
6.2251754
6.3314705
5.8977866
6.2251754
5.6809444
5.6809444
6.3357224
5.791491
4.9198713
5.902038
5.357807
5.140965
5.357807
4.924123
4.379892
6.1188803
5.464102
5.24726
5.140965
5.030418
4.8135757
5.357807
5.030418
4.4861865
4.7030287
3.7293656
4.379892
2.419809
4.7072806
3.9462075
3.2956812
3.5125234
3.7293656
3.8356605
4.056754
4.490439
4.1630497
2.8577452
4.1630497
4.1630497
4.056754
5.251512
3.1808825
4.6009855
4.2735963
3.9462075
5.1452165
4.6009855
3.078839
3.2956812
2.5388596
3.7336173
2.1009235
2.5388596
2.4283128
2.1009235
2.5388596
2.7557018
3.0830908
4.3841434
3.62307
2.972544
4.0610065
2.6451547
3.299933
3.0830908
3.299933
2.3220174
2.5388596
3.1936376
2.7557018
2.5388596
3.844164
2.8662488
2.972544
2.7557018
2.8662488
2.7557018
3.4104798
4.167301
3.62307
3.189386
3.2956812
3.2956812
2.861997
3.5167751
4.167301
3.406228
3.62307
4.4946904
3.5167751
4.167301
4.928375
4.056754
3.5167751
4.605237
3.406228
3.299933
4.8220797
3.7336173
3.5167751
4.3883953
4.4946904
4.7115326
5.2557635
5.3620586
3.7293656
5.251512
5.3620586
4.8135757
5.795743
5.6851964
5.251512
6.123132
6.8842053
5.468354
6.1188803
6.008333
5.574649
5.574649
5.574649
5.251512
4.924123
5.251512
6.012585
6.1188803
5.140965
5.6851964
5.140965
5.251512
5.251512
5.0346694
4.2735963
4.6009855
4.8178277
5.578901
5.0346694
5.6851964
6.008333
5.902038
5.8977866
6.769407
6.5525646
6.2251754
6.5525646
6.3357224
5.5703974
5.902038
6.3357224
6.1188803
6.008333
6.3357224
6.3357224
6.008333
6.5525646
6.5525646
6.2251754
6.4420176
5.24726
5.902038
6.4462695
6.012585
4.924123
5.795743
5.24726
6.663111
5.574649
6.663111
5.791491
6.5525646
6.4420176
7.313638
7.4241843
6.769407
6.3357224
6.769407
7.4241843
7.096796
7.4241843
6.4420176
5.464102
6.8799534
6.5525646
6.5525646
6.769407
5.8977866
6.5525646
6.008333
7.313638
7.313638
6.769407
6.986249
6.5525646
6.8799534
6.3314705
7.4241843
7.096796
6.769407
6.5525646
7.096796
7.207342
6.4420176
7.096796
6.5525646
6.5525646
6.769407
7.096796
7.313638
6.8799534
6.663111
7.096796
6.9905005
5.902038
6.4462695
6.1188803
7.317889
6.012585
7.5347314
6.4462695
7.4241843
6.4462695
7.207342
6.2251754
7.207342
6.5525646
7.096796
6.663111
7.7515736
6.3357224
6.8799534
7.207342
5.7872396
6.4462695
6.663111
5.574649
7.1010475
5.902038
5.468354
6.2294273
6.556816
5.902038
6.9905005
6.5525646
6.4462695
6.663111
6.1188803
6.9905005
6.2294273
6.9905005
5.795743
5.574649
6.556816
6.2294273
6.4462695
6.5525646
5.795743
6.556816
6.556816
5.578901
5.90629
6.9905005
5.795743
6.012585
5.795743
5.0346694
6.2294273
5.902038
6.2294273
6.556816
5.6851964
6.339974
6.663111
6.2294273
6.012585
5.6851964
6.2294273
6.9905005
5.791491
5.0346694
6.2294273
5.578901
5.90629
5.795743
6.2294273
5.140965
6.556816
5.902038
6.012585
5.251512
6.123132
6.123132
5.578901
5.251512
4.928375
6.016837
4.8178277
5.3620586
5.689448
5.578901
5.251512
5.90629
5.3620586
5.3620586
5.578901
5.90629
6.561068
5.0346694
5.0346694
6.123132
4.7072806
5.468354
5.795743
6.012585
5.795743
6.123132
6.012585
5.795743
5.90629
5.0346694
4.379892
5.689448
5.0346694
5.3620586
6.123132
5.251512
5.578901
5.0346694
5.251512
5.578901
4.3841434
5.3620586
5.468354
5.251512
5.578901
5.795743
4.8135757
5.468354
5.574649
6.8799534
6.2294273
6.663111
6.4462695
5.6851964
6.663111
6.4462695
6.123132
5.578901
6.012585
5.251512
5.578901
4.924123
4.928375
5.689448
5.90629
4.6009855
5.6851964
5.251512
6.339974
5.578901
5.689448
5.3620586
4.8178277
5.1452165
4.056754
4.928375
5.1452165
4.928375
5.1452165
5.1452165
4.7115326
4.8220797
4.0610065
3.844164
4.4946904
3.406228
2.8662488
4.4946904
4.4946904
3.406228
4.2778482
5.038922
5.1452165
4.4946904
4.3841434
4.167301
3.7336173
3.9462075
4.3841434
5.0346694
5.1452165
5.1452165
5.4726057
4.6009855
3.7293656
4.3841434
4.4946904
2.6451547
3.0830908
3.4104798
3.4104798
3.844164
4.0610065
4.3841434
5.038922
4.490439
5.1452165
5.4726057
4.3841434
4.167301
4.7115326
4.928375
4.2778482
5.038922
4.056754
5.038922
4.056754
4.167301
5.038922
3.9504592
3.1936376
3.954711
2.7557018
2.8662488
4.4989424
4.0610065
4.4946904
4.4946904
4.3841434
4.4946904
4.4946904
3.9504592
4.7115326
3.406228
5.1494684
3.7336173
3.189386
3.844164
3.844164
3.844164
3.6273217
2.5388596
2.6494067
3.737869
3.0830908
2.8662488
2.9767957
3.5210268
2.8662488
2.6494067
3.5210268
3.5167751
2.8662488
4.0610065
3.4104798
3.1936376
2.5388596
2.6494067
2.6494067
4.065258
2.7557018
3.4104798
2.6494067
2.3220174
3.0830908
3.4104798
2.2114706
2.5388596
3.0873425
2.8662488
2.8662488
2.6494067
3.631574
3.6273217
2.8662488
2.8662488
2.9767957
2.8662488
1.9946285
3.1936376
2.3220174
2.7599535
3.4104798
2.6451547
2.8662488
2.3220174
2.7557018
3.0830908
3.5210268
2.8662488
3.0830908
2.4325645
3.0830908
3.4104798
2.8662488
3.1936376
3.737869
3.4104798
2.972544
3.1936376
3.954711
2.8662488
3.299933
3.4104798
3.299933
3.299933
3.189386
3.844164
4.171553
2.8662488
2.7599535
3.4104798
2.4325645
1.9946285
3.3041847
2.9767957
2.3262694
2.5431116
2.4325645
2.4325645
3.737869
2.7599535
2.6494067
2.9767957
2.7557018
2.2157223
2.7599535
3.5210268
3.4104798
2.7599535
3.4104798
2.3220174
2.6494067
2.3262694
1.12726
1.9988803
2.5431116
2.5431116
3.0873425
2.6536584
2.7599535
2.7599535
3.299933
2.8662488
2.7599535
3.1936376
1.9946285
2.4325645
3.1978896
1.565196
2.5431116
2.1094272
2.6494067
2.7599535
1.4546491
3.0873425
2.6536584
1.565196
1.6757431
1.6757431
1.6757431
1.348354
2.2199743
2.8705006
2.2157223
2.6494067
2.8705006
2.8662488
2.7599535
2.8705006
2.3262694
3.414732
1.7820382
2.3262694
2.5431116
2.9767957
2.2157223
3.1936376
3.0830908
2.6494067
2.6494067
2.3220174
1.6714911
3.0873425
2.7599535
2.9767957
3.1936376
2.8662488
2.1051755
3.0873425
2.7557018
3.299933
3.5210268
3.737869
2.1051755
2.6494067
3.0873425
1.6714911
3.5210268
2.6494067
2.7599535
3.737869
2.9767957
3.631574
2.5431116
1.7820382
2.2157223
2.3262694
2.4368165
2.4368165
1.6757431
2.3262694
2.9767957
2.8705006
2.5431116
2.4368165
1.4546491
2.2157223
3.0873425
1.6757431
2.9810476
2.3262694
1.4546491
2.8705006
2.9767957
1.237807
2.003132
2.003132
1.348354
1.1315118
2.1094272
1.7820382
1.237807
2.4368165
1.8925852
1.565196
2.2157223
2.5431116
2.5431116
3.1936376
3.5210268
2.6494067
3.0830908
3.1936376
2.3220174
2.6494067
2.9767957
3.954711
3.6273217
3.848416
3.5210268
2.8662488
2.9767957
2.2114706
3.5210268
3.1936376
3.4104798
3.844164
4.171553
3.737869
4.171553
3.4104798
3.737869
2.8662488
3.1936376
3.737869
3.1936376
3.5210268
3.4104798
3.6273217
3.631574
3.737869
3.631574
3.5210268
2.5431116
2.6494067
3.414732
3.1936376
2.9767957
3.5210268
3.5210268
3.6273217
3.844164
4.605237
2.7599535
3.5210268
4.065258
2.9767957
3.0830908
3.844164
4.3883953
3.6273217
4.0610065
3.299933
3.4104798
3.4104798
3.4104798
3.4104798
3.631574
3.4104798
2.8662488
2.6494067
3.4104798
3.954711
3.3041847
3.5210268
3.954711
3.1936376
4.3883953
3.5210268
3.737869
2.8662488
3.1936376
3.6273217
3.4104798
3.6273217
3.6273217
2.9767957
3.4104798
2.8662488
4.065258
2.9767957
3.3041847
3.5210268
3.5210268
3.6273217
3.5210268
3.6273217
3.844164
4.3883953
4.4946904
3.844164
3.7336173
4.4989424
5.583153
3.954711
4.2778482
4.171553
4.0610065
5.1494684
4.171553
4.171553
3.844164
3.6273217
3.737869
3.3041847
4.065258
3.5210268
2.7599535
2.7599535
2.8662488
3.1936376
3.6273217
3.6273217
3.954711
3.4104798
3.737869
4.065258
3.1936376
3.737869
3.5210268
3.4104798
3.4104798
3.4104798
3.848416
3.631574
2.7599535
3.5210268
2.4368165
1.8925852
3.0873425
2.4368165
3.848416
3.1936376
3.848416
3.3041847
3.0873425
3.1936376
3.0873425
1.8883334
3.3041847
2.5431116
2.3262694
2.003132
2.7642052
1.4589009
2.2199743
1.3526058
1.0252168
0.69782764
0.9189216
1.0252168
0.69782764
0.8083746
0.7020795
-0.058993805
-0.058993805
-0.49267802
0.59153247
0.8126264
0.05155315
0.05155315
-1.4705935
-0.49267802
-0.058993805
-0.058993805
0.1578483
0.9189216
0.26839525
0.26839525
0.48523736
-0.49267802
-0.59897316
-0.27158412
-1.0326574
-2.3379617
-2.1211197
-1.5768886
-2.3379617
-0.81581527
-0.81581527
-1.9042777
-1.4663416
-2.444257
-1.7894788
-3.0947833
-3.2053301
-3.2053301
-2.5505521
-2.5505521
-3.5284674
-3.4221725
-2.33371
-2.661099
-2.767394
-3.4221725
-2.223163
-3.2010784
-3.3116255
-3.4179204
-3.9621515
-2.8736894
-3.4179204
-3.0947833
-2.661099
-2.33371
-2.116868
-2.33371
-2.8736894
-3.3116255
-2.3294582
-3.6347628
-3.5284674
-2.767394
-2.9842362
-3.5284674
-1.895774
-2.6568472
-2.9842362
-3.6347628
-3.4179204
-4.7232246
-3.6347628
-3.6347628
-4.068447
-3.5242157
-3.7410579
-3.2010784
-3.2010784
-2.8736894
-3.4179204
-4.1789937
-4.285289
-4.285289
-4.502131
-4.068447
-3.851605
-4.068447
-3.9621515
-4.1789937
-3.3073738
-3.9621515
-3.2010784
-3.6347628
-3.7453096
-3.2010784
-3.7453096
-3.4179204
-3.7453096
-2.9842362
-3.6347628
-3.2010784
-2.9842362
-2.767394
-3.4221725
-3.8558567
-4.0726986
-3.0905313
-3.7453096
-3.5284674
-2.8736894
-3.4179204
-2.4400053
-3.0905313
-2.9842362
-3.2010784
-2.5505521
-4.289541
-3.4179204
-3.6347628
-4.61693
-3.6347628
-3.851605
-4.940067
-4.506383
-4.289541
-3.5284674
-3.3116255
-3.7453096
-2.767394
-2.9842362
-3.4179204
-2.9842362
-2.223163
-2.444257
-1.9000257
-1.3557947
-1.9000257
-1.6831837
-2.5548038
-1.4663416
-1.2494994
-2.116868
-2.444257
-2.006321
-1.6831837
-2.444257
-2.010573
-1.1389525
-2.771646
-2.010573
-1.0326574
-0.9263622
-1.1432043
-1.3600464
-1.2537513
-0.81581527
-0.38213107
-0.9263622
-0.59897316
-0.9263622
-0.70952016
-0.9263622
-0.38213107
-0.054742
-1.7979825
-0.38213107
-0.8200671
-0.2758359
-0.38213107
0.05155315
0.5957843
-0.38213107
0.7020795
0.8083746
-0.38638288
0.04730134
0.1578483
-0.38638288
0.8083746
0.3746904
0.7020795
0.8083746
1.3526058
1.3526058
2.003132
1.4589009
0.91466975
1.4631528
0.15359649
0.91466975
1.2420589
1.0252168
0.8083746
1.2420589
1.896837
0.9189216
1.3526058
0.48523736
0.3746904
-0.16954076
0.1578483
-0.058993805
0.9189216
-0.28008774
1.2420589
1.4589009
1.4589009
1.8925852
1.2420589
1.5694479
2.330521
1.3526058
0.8083746
1.4589009
1.7862899
1.4589009
1.896837
1.5694479
1.5694479
2.1136792
3.4189837
3.3084364
1.6757431
2.003132
2.2199743
1.7862899
2.7642052
2.003132
2.7642052
2.2199743
1.565196
2.4368165
1.6757431
1.1357636
0.48098555
0.9189216
0.3746904
1.7905419
1.0294685
0.8083746
0.8083746
1.1357636
0.91466975
0.91466975
1.5694479
0.91466975
1.348354
2.4368165
1.8925852
1.348354
1.8925852
2.6536584
2.8705006
2.1094272
3.5210268
4.065258
3.0873425
1.7820382
3.1978896
1.4546491
2.4368165
2.4368165
1.7862899
2.2199743
2.1094272
2.7599535
3.3041847
2.1094272
3.0873425
2.4368165
2.2199743
2.003132
1.1315118
1.3526058
1.3526058
0.3746904
0.91466975
1.5694479
1.0252168
0.8083746
1.3526058
0.26414344
0.8083746
0.1578483
0.3746904
-0.38638288
0.7020795
0.1578483
0.59153247
1.0252168
1.7862899
0.91466975
1.4589009
2.003132
2.330521
2.2199743
1.5694479
2.2199743
1.4589009
1.2420589
1.1315118
2.5473633
1.348354
1.1315118
1.6799948
0.69782764
0.69782764
0.69782764
0.48098555
0.9189216
-0.930614
0.9189216
0.7020795
0.04730134
0.59153247
0.7020795
0.04730134
0.48098555
1.1357636
1.6799948
0.69782764
0.48098555
1.0252168
0.8083746
0.91466975
0.8041228
1.5694479
1.2420589
1.3526058
0.04730134
0.04730134
0.8083746
0.8083746
1.1357636
0.8083746
0.59153247
0.8083746
1.2420589
1.7862899
1.2420589
0.59153247
1.2420589
1.6757431
1.0252168
1.4589009
1.8925852
1.237807
2.2199743
2.1094272
1.2420589
0.48098555
1.0252168
0.48098555
-0.38638288
-0.16954076
0.8083746
0.59153247
0.9189216
1.2420589
0.8083746
1.8925852
1.020965
0.043049537
1.5694479
0.9189216
-0.603225
-0.16954076
0.05155315
-0.9263622
-1.0369092
0.1621001
0.05155315
0.59153247
0.9189216
0.59153247
1.0252168
0.48098555
1.4589009
1.6757431
0.69782764
1.7862899
1.2420589
1.0252168
2.2199743
1.6757431
1.0252168
0.48098555
0.48523736
-0.603225
-0.49692985
-0.49267802
-0.9263622
-1.7979825
-0.9263622
-0.49267802
-0.058993805
-1.0369092
-0.8200671
-0.38213107
-0.70952016
-0.8200671
-0.603225
-0.16954076
-0.38638288
-1.0369092
-0.38638288
-0.16954076
0.3704386
1.1315118
1.6757431
0.15359649
1.348354
0.8083746
1.8925852
0.8083746
1.2420589
0.59153247
0.04730134
1.4589009
2.8705006
2.6536584
2.2199743
2.003132
0.48098555
0.59153247
0.1578483
0.3746904
0.1578483
0.1578483
0.1578483
0.59153247
0.48098555
1.3526058
0.8083746
0.3746904
0.9189216
0.1578483
0.59153247
0.59153247
0.7020795
0.04730134
-0.7137719
-0.38638288
0.26839525
-0.603225
0.59153247
1.2463106
0.04730134
0.48523736
0.04730134
-0.2758359
0.37894222
-0.38638288
0.05155315
1.2463106
0.1578483
0.9189216
-0.06324561
2.1136792
0.9189216
0.15359649
1.0252168
0.3746904
0.48523736
0.04730134
0.26414344
0.26839525
0.1578483
0.1578483
0.1578483
0.04730134
0.48523736
0.48523736
0.26839525
0.26839525
-0.16528895
-0.70952016
-0.38638288
-0.8200671
0.3746904
0.1578483
-1.0369092
-0.054742
-0.70952016
-0.16528895
-0.81581527
-0.70952016
-1.4705935
-0.81581527
-1.2537513
-0.8200671
0.70633125
0.1621001
-1.2537513
-0.70952016
-0.49267802
-0.81581527
-1.0369092
-0.16528895
0.27264705
-0.59897316
-0.49267802
-0.603225
0.26839525
0.05155315
-0.16528895
-0.70952016
-0.38213107
-0.27158412
-1.2537513
-0.9263622
-0.9263622
-1.7979825
-0.38213107
0.05155315
-1.1432043
-0.9263622
-1.3600464
-1.9042777
-1.1432043
-1.3600464
-1.1432043
-0.70952016
-0.59897316
-0.9263622
-0.38213107
-1.1432043
-1.0369092
-0.59897316
-0.70952016
-0.49267802
-1.7979825
-1.1432043
-0.9263622
-1.2537513
-0.59897316
-0.70952016
0.05155315
-0.16528895
-0.49267802
-0.49267802
-0.27158412
-0.59897316
-0.81581527
-0.38213107
-0.59897316
-0.16528895
-0.9263622
0.48523736
-0.49267802
0.1578483
0.3746904
-1.1474562
0.26839525
-0.8200671
-1.7979825
-1.1432043
-0.054742
-1.2537513
-1.1432043
-1.1432043
-1.7979825
-0.70952016
-0.9263622
-1.5811403
-0.81581527
-1.4705935
-1.7979825
-0.81581527
-1.6874356
-0.9263622
-0.49267802
-0.49267802
-0.2758359
0.05155315
0.7020795
0.1578483
0.5957843
-0.49267802
-0.59897316
0.37894222
-0.49267802
0.37894222
0.3746904
0.1578483
0.9189216
0.59153247
-1.0369092
-0.058993805
-1.0369092
-0.49267802
-0.38213107
-0.70952016
-1.1432043
-0.9263622
-0.59897316
-1.2537513
-0.9263622
-1.4705935
-1.3600464
-1.0369092
-1.1432043
-1.7979825
-1.4705935
-1.1432043
-0.8200671
-0.38213107
-1.3642982
-0.8200671
0.05155315
0.48523736
-0.7137719
1.0252168
0.59153247
0.04730134
0.9189216
-0.16954076
-0.2758359
1.1357636
-0.058993805
0.48523736
0.8083746
0.1578483
0.8083746
-0.06324561
1.1357636
0.59153247
0.3746904
0.3746904
0.05155315
-0.058993805
0.05155315
0.8126264
0.7020795
0.1578483
0.9189216
0.48523736
-0.058993805
0.26839525
-0.38638288
-0.8200671
-0.058993805
0.48523736
-0.49267802
-0.058993805
0.48523736
-0.2758359
1.1357636
0.1578483
0.1578483
1.2463106
-0.7137719
0.3746904
1.2463106
0.8083746
1.5694479
0.59153247
1.1357636
1.2420589
0.59153247
1.1357636
1.3526058
0.3746904
0.3746904
1.1357636
0.5957843
0.59153247
1.896837
0.8083746
1.0252168
1.1357636
0.59153247
0.3746904
1.2463106
-0.058993805
-0.38638288
1.0294685
-0.2758359
-0.058993805
-0.2758359
1.0294685
0.9189216
-0.38213107
-0.38213107
-0.2758359
-0.2758359
-1.0369092
-0.058993805
-0.603225
0.59153247
-0.2758359
-0.49267802
0.7020795
0.48523736
0.59153247
1.0252168
0.3746904
0.04730134
0.7020795
0.5957843
-0.16954076
0.8083746
1.2463106
0.3746904
1.1357636
0.26414344
1.7862899
0.69782764
1.0252168
0.9189216
-0.058993805
1.2463106
0.48523736
-0.7137719
0.1578483
0.3746904
-0.16954076
0.7020795
0.9189216
-0.058993805
-0.16528895
-0.9263622
-1.0369092
0.26839525
-1.0369092
-0.058993805
-0.2758359
0.48523736
1.0252168
0.8083746
0.26414344
1.0252168
0.26839525
0.48523736
-0.603225
0.1578483
0.7020795
-0.38638288
0.3746904
0.3746904
1.0252168
1.1315118
0.8083746
2.330521
1.1357636
0.8083746
1.0252168
0.9189216
0.26414344
0.26414344
-0.38638288
0.48523736
-0.7137719
0.04730134
0.3746904
-0.7137719
-0.16954076
0.1621001
-1.2537513
-0.70952016
-0.16528895
-0.16528895
-0.70952016
-0.70952016
-0.49267802
-0.603225
0.9189216
0.3746904
-0.7137719
0.48523736
-0.38638288
-0.70952016
0.3746904
0.26839525
-0.38638288
1.4631528
-0.2758359
0.3746904
0.7020795
-0.058993805
0.1578483
-0.38638288
-0.70952016
0.70633125
-0.49267802
0.1621001
0.26839525
-0.2758359
0.05155315
1.2463106
-0.49692985
0.48523736
0.37894222
-0.2758359
-0.2758359
-0.16528895
-0.38213107
-1.1432043
-0.59897316
-0.81581527
-1.2537513
-0.38213107
0.05155315
-0.38213107
-0.70952016
-0.7052683
-1.6874356
-1.1432043
-0.81581527
-0.9263622
-0.9263622
-0.59897316
0.5957843
-0.058993805
0.9189216
0.9189216
1.3526058
0.59153247
0.59153247
1.1357636
1.5694479
0.8083746
0.91466975
1.896837
1.1357636
0.59153247
1.7862899
0.91466975
0.59153247
0.59153247
1.0294685
0.48523736
0.48523736
0.7020795
0.3746904
1.0294685
0.48523736
0.1578483
-0.058993805
0.8126264
0.48523736
-0.38638288
1.2463106
0.3746904
0.1578483
0.3746904
0.9189216
0.3746904
0.59153247
0.1578483
0.3746904
-0.49267802
0.26839525
-0.2758359
0.05155315
0.26839525
0.9189216
0.48523736
0.04730134
1.4631528
2.0073838
0.9189216
0.59153247
2.1136792
1.5694479
1.0252168
1.5736997
0.7020795
0.9189216
0.8083746
0.59153247
1.6799948
0.3746904
0.8083746
0.7020795
-0.058993805
-0.49267802
0.26839525
0.1621001
0.7020795
-0.8200671
0.3746904
0.5957843
1.1357636
0.04730134
1.3526058
0.48523736
0.3746904
1.3568575
0.3746904
1.6799948
0.59153247
1.0252168
2.003132
1.5694479
2.2199743
2.003132
2.4368165
2.330521
2.003132
1.2420589
1.896837
1.896837
1.4589009
2.1136792
0.26414344
1.5694479
0.69782764
1.7862899
1.896837
1.896837
1.7862899
1.3526058
1.0252168
0.8083746
1.896837
1.1357636
1.6799948
0.91466975
2.003132
1.8925852
1.8925852
2.2199743
1.4589009
1.4589009
1.896837
1.1357636
2.1136792
0.8083746
1.3526058
1.1357636
1.2420589
1.8925852
2.8705006
2.2199743
2.1094272
2.003132
2.2199743
0.91466975
1.4589009
2.003132
2.7642052
2.7642052
2.2199743
2.1094272
2.003132
2.5473633
2.003132
2.003132
1.1357636
1.4589009
2.1136792
0.8083746
1.4631528
1.2420589
2.2199743
1.0252168
2.1094272
1.1315118
2.2199743
1.565196
2.003132
1.7862899
1.5694479
2.003132
2.1136792
1.1315118
2.1136792
1.8925852
1.8925852
1.5694479
2.330521
0.91466975
2.65791
1.5694479
2.8705006
2.7642052
1.8925852
2.7642052
2.6536584
3.0873425
2.7599535
3.0873425
3.631574
2.1094272
2.6536584
2.2199743
2.6536584
2.9810476
3.1978896
3.3041847
3.3041847
2.8705006
3.848416
2.1094272
2.6536584
2.1094272
1.6757431
2.4368165
1.8925852
2.330521
2.2199743
1.4589009
2.330521
1.1357636
1.7862899
1.7862899
2.65791
1.0252168
1.4589009
1.7862899
1.8925852
2.4368165
2.4368165
2.003132
2.4368165
2.6536584
3.414732
2.4368165
2.3262694
2.9810476
1.4589009
2.3262694
2.2199743
1.8925852
2.4368165
1.7862899
2.003132
1.4589009
1.3526058
1.1357636
2.330521
1.5694479
2.003132
2.5473633
1.8925852
2.7642052
2.3262694
1.8925852
1.8925852
1.8925852
1.5694479
1.2420589
1.3526058
1.0252168
1.3526058
1.2420589
1.2420589
1.2420589
2.003132
1.6757431
2.2199743
1.1315118
2.4368165
1.5694479
1.3526058
1.4589009
1.5694479
1.3526058
1.5694479
2.5473633
1.7862899
1.8925852
3.3041847
2.2199743
2.4368165
2.7642052
2.003132
1.5694479
1.6757431
3.3084364
2.2199743
2.1094272
2.5473633
1.5694479
2.1094272
3.3084364
2.3262694
1.6757431
1.4589009
1.7862899
0.48098555
0.91466975
2.1136792
1.1357636
1.1357636
1.1357636
1.3526058
1.7862899
1.7862899
1.3526058
1.5694479
0.48098555
1.5694479
1.896837
1.896837
1.2420589
1.5694479
1.3526058
1.896837
1.0252168
2.1136792
2.003132
1.7862899
0.59153247
0.9189216
1.1357636
0.1578483
1.6799948
1.4631528
1.3526058
2.0073838
1.2463106
0.9189216
0.9189216
0.5957843
-0.2758359
-0.16528895
0.05155315
-0.2758359
-0.9263622
-1.0369092
0.5957843
-0.49267802
-0.9263622
0.37894222
-0.70952016
-0.38213107
0.05155315
-0.70952016
0.26839525
-0.8200671
-0.058993805
0.48523736
-0.38638288
0.1578483
0.26839525
-0.058993805
0.48523736
-0.38638288
0.8083746
0.5957843
-0.49267802
0.48523736
-0.603225
-0.2758359
0.48523736
0.26839525
-0.058993805
0.7020795
-0.058993805
-0.058993805
0.59153247
0.48523736
-0.058993805
1.0294685
-0.2758359
-0.49267802
0.7020795
0.48523736
-0.70952016
-0.38213107
-0.9263622
-1.6874356
-0.9263622
-0.59897316
-1.2537513
-1.6874356
0.1621001
-0.70952016
-0.70952016
-0.49267802
-0.4884262
-1.3600464
-0.16528895
-0.81581527
-0.70952016
-0.9263622
-0.27158412
-0.49267802
-0.49267802
-0.38213107
-0.38213107
-1.5811403
-0.603225
-0.9263622
-1.2537513
-0.70952016
-0.9263622
-0.9263622
-1.0369092
-0.59897316
0.37894222
-0.27158412
-0.9263622
-0.49267802
-0.49267802
-1.0369092
-0.38213107
-0.81581527
-0.38213107
-0.9263622
-0.9263622
-0.59897316
-1.5811403
-0.8200671
-1.4705935
-1.7979825
-0.70952016
-0.27158412
-1.4705935
-1.0369092
-0.9263622
-2.0148246
-0.81581527
-0.59897316
-0.9263622
-1.7979825
-0.70952016
-1.3642982
-0.16528895
-0.59897316
-1.0369092
-0.70952016
-1.0369092
-1.0369092
-0.38213107
-1.2537513
-0.49267802
-0.16528895
-0.38638288
-0.603225
-0.2758359
-0.8200671
-0.058993805
-0.70952016
-0.49267802
0.4894892
-0.9263622
-1.0369092
-0.70952016
-1.7979825
-0.16528895
-0.16528895
0.05155315
-0.16528895
-0.38213107
-0.2758359
-0.70952016
-0.8200671
0.05155315
0.05155315
-1.1474562
-0.058993805
-1.1474562
-0.058993805
-0.058993805
-1.1474562
-0.49267802
-0.70952016
-1.2580031
-0.2758359
-1.3642982
-0.70952016
-0.38638288
-0.2758359
-0.16954076
0.59153247
0.04730134
0.59153247
0.48098555
1.3526058
0.8083746
0.15359649
0.7020795
-0.17379257
1.0252168
0.04730134
0.48098555
1.896837
0.48098555
-0.5011816
0.26414344
-0.7137719
0.04730134
0.15359649
0.3746904
1.0252168
-0.28008774
0.04730134
-0.16954076
0.15359649
-0.6074768
0.3704386
0.48098555
0.69782764
0.04730134
0.15359649
-0.06324561
0.91466975
0.69782764
0.58728075
1.0252168
1.3526058
1.0252168
1.4589009
-0.06324561
1.2420589
0.8083746
0.59153247
1.1357636
1.3526058
0.04730134
0.48098555
0.8083746
0.04730134
-0.06324561
0.69782764
0.58728075
-0.3906347
0.69782764
0.91466975
0.48098555
1.0252168
0.8083746
0.91466975
0.91466975
1.4589009
1.1315118
0.3704386
-0.17379257
1.2420589
-0.8243188
-0.93486583
0.04730134
0.04730134
-0.930614
0.04730134
-0.28008774
0.3704386
0.59153247
1.0252168
-0.28008774
1.7862899
0.26414344
0.043049537
0.8083746
0.58728075
0.8083746
1.4589009
-0.17379257
0.043049537
0.15359649
-0.38638288
-0.16954076
-0.8200671
-0.70952016
-1.0369092
-1.3642982
-0.603225
-0.49267802
-1.2537513
-1.4748453
-1.2537513
-0.70952016
-0.49267802
-1.0369092
-1.0369092
-1.2537513
-1.4705935
-1.9042777
-1.5768886
-2.3379617
-2.5590558
-1.5768886
-2.5548038
-2.882193
-2.010573
-2.771646
-2.767394
-3.4221725
-4.400088
-3.9664037
-4.7274766
-4.400088
-3.4221725
-3.7495613
-2.767394
-3.9664037
-3.2053301
-2.9884882
-2.444257
-3.099035
-2.661099
-2.771646
-3.2053301
-2.771646
-2.2274148
-1.5726367
-3.4264243
-2.771646
-3.3158772
-2.2274148
-2.444257
-3.2053301
-2.661099
-3.0947833
-3.6390145
-3.0947833
-3.9664037
-3.6390145
-3.9664037
-3.2053301
-3.099035
-3.2095819
-2.3379617
-4.081202
-2.771646
-3.6432662
-3.320129
-1.1432043
-2.5590558
-2.0148246
-1.9042777
-1.9042777
-3.103287
-1.5768886
-3.8601084
-3.4221725
-4.1832457
-4.833772
-4.400088
-5.271708
-3.4221725
-4.4043393
-2.5548038
-2.1211197
-1.9042777
-0.81581527
-1.4748453
-2.1253715
-1.9085294
-0.70952016
-1.7979825
-1.1474562
-0.603225
-0.70952016
-1.2537513
-0.70952016
-2.1253715
-0.9263622
-2.1253715
-1.0326574
-2.1211197
-2.3379617
-3.099035
-2.444257
-3.8601084
-2.3379617
-2.8864448
-1.7979825
-1.5811403
-1.7979825
-2.4527607
-0.930614
-0.930614
-0.603225
-0.8243188
-1.3642982
-0.70952016
-0.38638288
-0.7137719
-0.49267802
-0.603225
-1.8022342
-1.1517079
-1.0369092
-0.49267802
-1.6916873
-0.70952016
-1.2537513
-1.6874356
-2.2359185
-1.4748453
-0.8243188
-0.2758359
-1.1517079
0.26414344
-0.6074768
1.0252168
0.3746904
-0.28433952
-0.6074768
-0.16954076
0.15359649
1.348354
0.910418
1.6757431
1.6757431
0.47673374
1.348354
1.6714911
2.2157223
1.3441021
1.8883334
1.565196
1.3441021
2.8662488
2.8662488
2.3220174
2.8662488
1.4461455
1.8840815
3.299933
3.189386
3.5125234
3.1851342
4.171553
3.5125234
4.0610065
3.8399122
4.4946904
4.4946904
4.167301
3.406228
2.861997
4.2778482
2.861997
3.2956812
3.078839
4.928375
3.7293656
4.6009855
5.0346694
4.7072806
4.1630497
5.795743
4.8135757
4.924123
4.8135757
5.357807
5.574649
5.6809444
6.4462695
5.791491
4.1587977
4.5967336
5.357807
4.8135757
5.030418
5.795743
4.1630497
4.2735963
3.6188183
4.167301
6.123132
6.012585
4.7072806
5.578901
5.468354
5.251512
5.140965
5.578901
6.7736583
5.24726
5.357807
6.012585
5.251512
5.791491
4.8135757
6.123132
4.924123
4.056754
5.251512
4.7072806
6.012585
5.6851964
4.5967336
5.468354
5.357807
5.1452165
5.578901
4.8135757
4.8178277
4.1630497
5.0346694
5.140965
5.251512
6.2294273
4.5967336
4.924123
5.468354
5.140965
6.1188803
5.468354
4.8178277
4.924123
4.5967336
5.1452165
4.490439
3.7293656
4.7072806
4.7072806
4.6009855
4.1630497
4.7072806
6.123132
4.7072806
5.90629
4.928375
3.9462075
5.578901
4.7072806
5.0346694
5.0346694
4.056754
4.7072806
4.1630497
5.0346694
4.056754
3.9462075
5.038922
4.490439
3.9504592
4.056754
3.2956812
3.9504592
2.861997
3.189386
4.167301
4.2735963
5.3663106
3.8399122
3.2956812
4.7115326
4.3841434
3.9504592
4.4946904
3.62307
4.056754
4.8178277
5.0346694
5.251512
3.8356605
4.7115326
3.8399122
3.8399122
4.0610065
4.167301
3.189386
4.3883953
3.6273217
3.5167751
5.1452165
4.6009855
4.8178277
3.9462075
5.2557635
5.038922
3.9462075
5.038922
4.7115326
2.968292
3.9504592
2.861997
3.078839
2.968292
3.5167751
4.0610065
2.861997
1.7735345
4.0610065
3.406228
3.9504592
3.078839
3.078839
3.954711
3.9504592
3.406228
4.490439
3.2956812
4.3841434
2.313514
4.056754
4.4946904
4.0610065
3.8399122
3.299933
2.534608
3.8399122
4.3841434
4.167301
2.8577452
3.5167751
3.9504592
2.861997
2.6451547
3.7336173
2.7514498
3.406228
3.62307
3.8399122
5.038922
3.8399122
3.62307
3.7336173
3.9504592
3.5167751
4.0610065
3.0830908
3.5167751
3.7336173
3.299933
2.972544
4.8220797
3.406228
3.299933
4.0610065
3.5167751
2.7557018
3.6273217
3.0830908
2.972544
2.972544
2.2114706
2.2114706
4.3883953
3.406228
3.844164
3.0830908
2.7557018
2.972544
3.6273217
4.0610065
2.972544
3.6273217
3.406228
2.7557018
3.7336173
3.62307
2.6451547
3.9504592
2.2114706
2.6494067
2.5388596
2.5388596
2.5388596
2.4283128
1.6672394
3.1936376
3.7336173
2.861997
3.9504592
2.534608
2.6451547
2.8662488
2.5388596
1.9946285
3.1936376
2.3220174
1.7820382
2.9767957
2.1051755
1.7777863
1.6714911
1.6757431
0.47673374
0.91466975
2.5473633
1.8925852
1.348354
1.237807
0.69357586
0.69357586
1.12726
1.8883334
2.2157223
1.9988803
1.9988803
0.799871
2.7599535
0.3661868
1.7820382
0.3661868
-0.3948865
1.2420589
-0.28008774
-0.17379257
-0.16954076
-1.2580031
-1.3685501
-0.28008774
-0.8243188
-0.06324561
-0.28008774
0.48098555
0.3704386
0.69782764
0.58728075
0.58728075
1.1315118
1.565196
0.58728075
0.69357586
1.7820382
0.47673374
0.8041228
0.69357586
0.04730134
0.48098555
0.25989163
0.3746904
1.3526058
0.48098555
-0.28008774
-0.16954076
-0.3906347
-0.17379257
1.4589009
0.58728075
0.15359649
0.3704386
-0.06324561
0.043049537
-0.17379257
0.04730134
0.69782764
-0.16954076
0.59153247
1.0252168
0.15359649
-0.06324561
0.9189216
-0.49692985
0.04730134
0.15359649
-0.49692985
-0.49692985
-0.2758359
-1.6916873
-0.603225
-0.7137719
-1.6916873
0.1578483
-1.4748453
-1.2537513
-0.603225
-1.0369092
0.7020795
-1.0411611
-0.49692985
0.26414344
-1.1474562
-0.38638288
0.9189216
0.3746904
-0.3906347
-0.28008774
-0.8243188
-0.28008774
0.15359649
1.4589009
0.3704386
0.59153247
0.3746904
-0.930614
0.04730134
-0.06324561
-1.2580031
-0.16954076
-0.603225
-0.38638288
-0.7137719
-0.930614
1.4631528
-0.2758359
-0.058993805
-1.0411611
-0.06324561
-0.28008774
-0.3906347
0.1578483
0.59153247
-0.16954076
0.7020795
0.48098555
-0.06324561
0.3746904
-0.06324561
-2.0190763
0.3746904
0.15359649
-0.3906347
1.0252168
0.69782764
-0.93486583
0.26414344
0.26414344
0.3704386
0.3746904
1.5694479
-0.06324561
1.3526058
0.48098555
1.0252168
-1.1517079
0.48098555
0.26414344
0.1578483
-0.49692985
0.3704386
0.3704386
-0.16954076
0.8083746
-0.7137719
-0.49692985
-0.7137719
-0.8243188
0.1578483
-0.8243188
-0.38638288
-2.0190763
-0.49692985
0.04730134
-1.0411611
-0.38638288
-0.603225
-1.6916873
-1.0411611
-0.8200671
-0.8200671
-1.5811403
-1.3642982
-0.38213107
-1.4748453
0.3746904
0.59153247
-0.058993805
-1.2537513
-1.9085294
-2.1253715
-1.5853921
-0.9263622
-2.5633075
-0.70952016
-1.1432043
-1.2537513
-2.5633075
-0.9263622
-1.0369092
-2.4527607
-1.5811403
-1.3642982
-2.0148246
-0.9263622
-2.0148246
-2.7758977
-2.1211197
-1.4705935
-1.3642982
-1.4748453
-1.0369092
-1.7979825
-2.8864448
-2.5590558
-1.4705935
-1.9085294
-2.0148246
-1.5768886
-1.6874356
-3.2138338
-1.0369092
-0.8200671
-0.8200671
-0.058993805
-1.1432043
-1.6916873
-1.3642982
-0.2758359
-1.0369092
-2.0148246
-2.9969919
-1.6916873
-1.2537513
-2.4527607
-1.2537513
-0.8200671
-0.49267802
-2.1253715
-2.6696026
-1.6916873
-2.3464653
-1.4705935
-1.4748453
-1.5811403
-1.0369092
-0.603225
-1.9085294
-1.1474562
-1.4748453
-2.4527607
-2.1253715
-0.70952016
-1.9085294
-1.4748453
-1.5811403
-1.7979825
-2.0190763
-1.7979825
-0.2758359
-0.16528895
-2.7801497
-2.6696026
-1.5811403
-2.1253715
-1.3642982
-1.1474562
-1.7979825
-0.59897316
-0.70952016
-2.2359185
-1.0411611
-1.1474562
-1.1474562
-2.0190763
-1.1474562
0.05155315
-1.2537513
-1.6916873
-0.8200671
-1.3642982
-2.5633075
0.05155315
-1.1474562
-0.603225
-0.70952016
-0.8200671
-2.3464653
-0.49267802
-0.70952016
-2.6696026
-1.5811403
-0.9263622
-1.0369092
-0.8200671
-0.59897316
-1.7979825
-1.6916873
-1.9085294
-1.5811403
-1.2580031
-0.930614
-0.70952016
-1.1474562
-0.8200671
-0.8200671
-0.7137719
-0.93486583
1.1357636
0.48098555
-1.0411611
0.1578483
-0.49692985
-1.2580031
-0.2758359
0.59153247
-1.8022342
-0.603225
-0.28008774
-0.28008774
-0.06324561
1.7862899
0.15359649
-0.3906347
0.69782764
-0.06749742
-0.3948865
0.8083746
0.58728075
0.043049537
1.0252168
-0.6117286
-0.17379257
1.348354
0.14934468
-0.06324561
0.3704386
0.15359649
1.3526058
1.3526058
0.26414344
0.043049537
1.0252168
-0.3906347
-0.17379257
1.6714911
1.565196
0.14934468
1.2420589
0.47673374
-0.06749742
1.020965
0.5830289
1.020965
0.47673374
1.565196
0.03879773
1.237807
1.3441021
1.9946285
1.237807
1.8883334
1.020965
0.3661868
0.799871
2.4368165
0.25989163
1.4546491
0.799871
1.6714911
1.9946285
1.6672394
1.2335552
0.910418
0.47248197
1.348354
1.3441021
1.237807
1.7820382
1.237807
1.2335552
2.2157223
2.7557018
1.5566925
2.2157223
1.4546491
1.4503974
1.0167131
2.6494067
1.4503974
1.12726
1.6714911
1.9988803
1.12726
2.1051755
2.5388596
1.7777863
1.7777863
2.6494067
1.6672394
1.9946285
2.3220174
2.1009235
3.1936376
1.9946285
1.7735345
2.5388596
2.1009235
1.3398503
1.6672394
1.9946285
0.90616614
1.2335552
1.5609442
0.90616614
0.90616614
2.3220174
1.2335552
2.5388596
1.3398503
2.7557018
1.9946285
1.9946285
1.4461455
3.299933
2.972544
2.1009235
3.5167751
2.1009235
2.1009235
3.0830908
3.62307
2.968292
3.189386
1.9946285
1.5566925
2.4283128
2.5388596
2.7557018
1.9946285
3.0830908
2.6494067
2.3220174
2.4283128
1.8840815
3.0830908
3.0830908
2.2114706
1.5566925
2.4283128
2.6451547
2.4283128
2.5388596
2.5388596
1.6672394
1.6672394
3.6273217
1.9946285
2.3220174
1.8883334
1.9988803
1.0167131
2.1051755
1.0167131
2.4325645
1.9946285
1.6714911
0.47248197
3.0873425
2.4283128
1.8840815
2.8662488
2.7557018
1.0124613
2.8662488
2.3220174
1.9946285
2.4325645
2.4283128
2.2114706
2.972544
3.078839
1.6672394
1.9946285
3.0830908
2.6451547
2.4283128
1.9946285
1.8840815
2.7557018
1.3398503
2.6494067
1.7735345
3.0830908
2.6451547
2.1009235
2.8662488
2.3220174
1.5566925
2.2114706
1.7777863
2.3220174
2.2114706
1.4503974
2.1051755
2.6494067
2.3177657
2.972544
3.0830908
2.1009235
2.5431116
2.3220174
2.3220174
2.8662488
1.5609442
1.8883334
2.1051755
1.7777863
2.1051755
2.5388596
1.8840815
2.4283128
1.9946285
2.4325645
2.2114706
3.0830908
1.9946285
2.3220174
2.972544
1.3441021
1.7777863
3.189386
3.0830908
2.3220174
3.1936376
1.7777863
0.90616614
2.8662488
2.1051755
1.5609442
1.12726
0.799871
2.6494067
1.5609442
2.8662488
2.4283128
3.0830908
1.2335552
2.2114706
2.3220174
2.4283128
2.8662488
1.4503974
2.5388596
2.1051755
2.6494067
2.5388596
1.9946285
2.3220174
3.0873425
2.1009235
2.861997
2.5388596
2.8662488
2.5388596
2.6494067
2.5388596
2.8662488
3.4104798
2.8662488
3.4104798
2.8662488
3.0830908
1.6672394
2.2114706
3.848416
2.1009235
2.1051755
1.7777863
2.6494067
2.9767957
2.3177657
1.6672394
2.8662488
3.4104798
3.0830908
2.4283128
3.4104798
2.8662488
1.9946285
3.189386
2.6494067
2.8662488
4.167301
3.5167751
3.189386
2.6451547
2.2114706
2.2114706
3.5167751
3.189386
2.6451547
3.844164
2.2114706
1.9946285
3.7336173
3.078839
4.0610065
3.5167751
2.7557018
3.844164
4.2778482
4.2778482
3.406228
2.6494067
2.7557018
3.299933
2.972544
3.6273217
4.2778482
2.6451547
3.299933
2.4283128
3.4104798
4.0610065
2.4283128
3.189386
2.972544
2.5388596
3.0830908
3.078839
3.9504592
3.7336173
4.0610065
3.0830908
3.844164
3.189386
2.972544
3.299933
3.0830908
2.3220174
2.8662488
2.4283128
4.3883953
4.6009855
4.2778482
3.406228
3.9504592
4.167301
4.167301
5.1452165
4.167301
4.8220797
3.7293656
3.9504592
4.928375
4.924123
4.8178277
4.7115326
3.7293656
5.4726057
4.167301
4.2735963
4.7115326
4.0610065
4.605237
3.9504592
4.490439
4.8178277
5.251512
4.928375
5.3620586
3.62307
4.8178277
4.8178277
6.2336793
4.056754
4.7115326
3.406228
4.7115326
6.123132
5.6851964
6.2294273
5.6851964
4.490439
5.795743
6.7736583
6.4462695
6.556816
4.924123
5.0346694
4.7072806
6.556816
6.9905005
6.8799534
6.4462695
5.791491
6.663111
5.574649
6.1188803
7.096796
6.5525646
4.592482
6.8799534
5.791491
7.207342
6.769407
7.313638
6.986249
7.203091
6.875702
7.6410265
7.309386
6.986249
7.6410265
6.769407
6.663111
6.769407
7.6410265
6.5525646
6.4462695
5.6809444
6.1188803
6.5525646
6.5525646
7.6410265
7.096796
6.4462695
6.2251754
6.3357224
7.5304804
8.181006
8.2915535
7.203091
7.313638
6.114629
7.203091
7.096796
6.8799534
6.4420176
7.207342
7.313638
6.008333
7.313638
6.8799534
6.769407
6.114629
6.4420176
6.8799534
6.3357224
6.8799534
5.6809444
5.574649
6.3357224
7.4241843
6.6588597
6.8799534
7.096796
6.4420176
7.313638
6.6588597
7.857869
6.3314705
7.857869
5.8977866
6.663111
7.9641643
7.747322
7.419933
8.074712
7.9599123
8.8315325
8.720985
9.265217
8.066207
9.375764
8.070459
7.636775
7.1988387
8.287301
7.853617
7.636775
7.203091
7.419933
7.309386
6.6588597
8.2915535
6.5483127
7.203091
7.6410265
6.8799534
6.986249
7.4241843
7.419933
7.309386
7.419933
7.747322
7.092544
7.419933
8.181006
6.986249
6.986249
7.096796
7.313638
7.5304804
8.185258
7.203091
7.857869
6.986249
7.096796
6.6588597
7.6410265
7.6410265
6.663111
6.008333
6.4462695
5.140965
6.012585
7.5347314
6.012585
5.90629
6.2336793
5.1452165
5.1452165
5.795743
4.8178277
4.928375
4.7115326
4.2735963
4.928375
5.2557635
4.928375
6.016837
5.2557635
3.9504592
4.2778482
4.8220797
2.972544
2.9767957
3.4104798
2.4325645
2.6494067
2.8662488
2.7599535
2.9767957
2.6494067
2.8662488
3.5210268
2.8662488
3.6273217
3.737869
2.8662488
3.3041847
3.3041847
3.6273217
3.6273217
4.0610065
4.4946904
4.0610065
3.0830908
2.3220174
3.4104798
2.8662488
2.2114706
2.8705006
2.6536584
1.565196
1.4546491
2.3262694
2.7599535
2.8705006
3.631574
2.2157223
2.7599535
3.4104798
3.3041847
2.7599535
3.0873425
3.0873425
1.6757431
2.2199743
2.7599535
2.9810476
0.910418
1.6757431
1.7820382
1.8925852
2.8705006
2.7599535
2.7599535
2.1094272
1.565196
1.1315118
2.5473633
3.5210268
3.3041847
2.3262694
2.3262694
2.6536584
2.6536584
2.8705006
3.0873425
2.330521
1.6757431
1.7862899
2.7642052
2.2199743
2.1094272
3.5252786
2.3262694
2.2157223
2.4368165
2.2157223
2.8705006
2.7642052
1.8925852
1.8925852
2.6536584
3.3041847
2.5431116
2.2157223
2.2157223
2.7599535
2.6494067
2.9767957
4.065258
3.3041847
3.1936376
3.631574
1.6714911
2.8705006
2.6494067
3.1936376
3.5210268
2.9767957
2.7599535
2.7599535
2.9767957
3.4104798
3.3041847
3.3041847
2.9767957
2.7599535
3.3041847
3.954711
3.954711
3.4104798
4.065258
3.1936376
3.5167751
4.8220797
4.9326262
3.844164
3.7336173
4.0610065
4.2778482
4.8220797
5.4726057
4.928375
5.2557635
4.2778482
3.62307
3.9504592
4.7115326
4.4946904
4.605237
3.0830908
3.4104798
3.737869
3.299933
4.7115326
5.038922
4.7115326
3.844164
5.038922
5.1452165
5.795743
6.339974
6.556816
4.924123
6.123132
5.90629
6.556816
5.6851964
6.556816
6.556816
6.339974
5.90629
6.556816
7.317889
6.123132
6.012585
5.90629
5.689448
6.123132
6.012585
5.6851964
6.4462695
6.012585
6.012585
5.6851964
7.5347314
7.096796
7.096796
7.5347314
6.556816
5.468354
6.2294273
6.663111
6.5525646
7.4241843
7.207342
6.3357224
6.8799534
6.8799534
6.8799534
7.313638
6.769407
6.5525646
6.5525646
6.769407
7.6410265
8.181006
7.747322
7.203091
6.4420176
8.074712
7.636775
7.853617
8.2915535
8.508395
6.765155
7.853617
8.287301
8.614691
8.937827
9.592606
8.614691
9.048374
9.265217
8.937827
8.716734
8.720985
8.504144
7.632523
8.614691
9.919995
9.482059
9.592606
8.82728
9.809448
9.698901
9.150418
9.477807
9.69465
9.915743
9.371511
8.610438
10.787363
11.1105
10.455723
10.999953
10.345176
10.459974
10.349427
10.0220375
10.132585
10.676816
10.132585
9.592606
9.15467
9.915743
10.459974
10.455723
10.676816
8.82728
9.588354
10.349427
10.0220375
10.893659
10.455723
9.805196
10.676816
10.128334
9.690397
10.783112
10.455723
11.654732
10.0220375
9.805196
10.783112
11.327342
10.23888
9.809448
9.371511
8.610438
10.243132
10.132585
9.371511
9.915743
8.499891
8.937827
11.004206
10.893659
10.676816
10.566269
10.455723
9.371511
10.787363
10.349427
10.676816
9.911491
10.132585
9.482059
9.265217
10.349427
9.15467
9.588354
9.15467
9.592606
8.393597
8.176754
8.393597
9.15467
8.937827
9.048374
9.265217
7.853617
8.287301
9.592606
9.698901
9.048374
8.28305
7.1988387
7.74307
8.610438
8.176754
8.937827
8.287301
7.74307
8.070459
8.610438
8.720985
8.614691
7.636775
6.4420176
6.114629
6.4420176
6.6588597
6.6588597
6.4420176
6.3314705
6.986249
6.4420176
6.2251754
7.857869
7.313638
6.2251754
6.8799534
6.008333
6.008333
7.4241843
6.4420176
7.096796
6.5525646
5.791491
5.6851964
6.008333
6.012585
5.574649
5.468354
5.578901
3.5125234
4.928375
4.6009855
5.689448
3.6188183
3.9504592
4.3841434
4.167301
3.9462075
4.056754
4.056754
3.7293656
3.189386
2.861997
3.7336173
3.9504592
4.3841434
3.189386
3.5167751
2.972544
2.861997
3.078839
2.7514498
3.0830908
2.972544
3.189386
3.1936376
2.972544
3.7336173
4.2778482
3.406228
2.972544
3.6273217
3.189386
3.078839
2.861997
2.861997
2.2114706
2.8662488
1.9946285
2.7599535
2.5388596
2.3220174
2.8662488
3.0830908
3.1936376
1.8840815
2.7557018
3.299933
1.5566925
3.3041847
2.8662488
1.6672394
2.4325645
3.4104798
1.6714911
1.9946285
2.1051755
2.1051755
2.2157223
2.1051755
1.12726
2.1094272
1.12726
0.47673374
1.237807
1.7820382
2.8705006
1.9988803
2.1094272
1.348354
0.910418
1.5609442
2.1051755
2.2157223
2.3262694
1.6757431
1.12726
0.3704386
1.8925852
0.69357586
1.020965
0.91466975
0.8041228
1.237807
1.4546491
1.020965
0.91466975
1.237807
-0.5011816
0.043049537
0.47673374
1.348354
1.8925852
-0.06749742
1.6757431
0.69357586
0.8041228
0.47673374
1.1315118
0.8041228
-0.06324561
0.26414344
-0.93486583
-0.8243188
0.8083746
-0.6074768
0.15359649
0.8041228
-0.5011816
0.3661868
2.3262694
1.020965
0.3704386
0.69357586
0.91466975
1.12726
1.5609442
2.2157223
1.8883334
0.799871
2.2157223
0.25563982
2.7599535
1.4546491
2.2157223
1.4546491
1.12726
0.3661868
1.6714911
1.2335552
1.4503974
2.6494067
2.6494067
1.6672394
1.9946285
3.0830908
3.189386
2.6451547
2.3220174
1.3398503
2.6494067
2.5388596
2.6451547
2.5388596
1.8840815
2.5388596
2.3220174
2.2114706
2.5388596
3.4104798
2.5388596
2.1051755
2.6494067
1.6672394
0.90616614
2.1051755
1.9946285
2.7557018
2.3220174
1.4503974
2.7557018
1.9946285
2.4283128
2.5388596
2.7557018
1.3398503
1.9946285
2.1051755
2.4283128
2.7557018
1.7735345
1.6672394
2.4283128
2.1009235
2.4283128
3.299933
2.972544
2.1009235
2.8662488
1.9946285
3.844164
3.406228
2.534608
2.861997
2.2114706
2.2072186
1.4461455
4.2778482
1.5566925
2.2114706
2.7557018
2.4283128
2.972544
2.2072186
3.7336173
3.406228
3.8399122
4.0610065
3.1851342
2.968292
4.7115326
3.1851342
2.4283128
2.534608
2.972544
3.7336173
3.078839
3.078839
3.078839
3.9504592
3.62307
2.861997
3.2956812
3.62307
4.2778482
4.6009855
3.62307
4.167301
3.4019763
3.2956812
4.8220797
3.7293656
3.2956812
3.189386
3.5167751
2.861997
3.189386
3.5167751
2.5388596
2.4283128
2.972544
2.6451547
2.2114706
4.167301
2.861997
2.861997
2.4283128
2.3177657
2.968292
4.056754
3.8399122
3.9504592
4.6009855
2.968292
3.2956812
5.1452165
4.490439
5.0346694
3.9462075
2.3177657
4.167301
2.8577452
3.406228
4.4946904
2.7557018
1.8840815
2.972544
3.299933
3.189386
3.189386
2.7514498
3.9504592
2.7514498
4.2778482
3.9462075
3.074587
4.6009855
3.7293656
2.0966718
3.62307
3.6188183
2.7514498
3.8399122
3.9504592
3.62307
2.7514498
3.5125234
3.7293656
3.6188183
4.6009855
3.5125234
2.534608
4.167301
3.8399122
2.968292
4.2735963
4.056754
3.2956812
4.3841434
3.406228
3.5125234
4.1630497
4.379892
3.7293656
4.7072806
4.924123
4.0525026
5.795743
6.4462695
4.7030287
6.012585
5.030418
5.468354
6.556816
5.574649
5.140965
5.574649
4.924123
5.468354
4.8135757
4.5967336
5.6851964
5.030418
4.924123
4.924123
4.7072806
5.795743
5.6851964
5.140965
4.5967336
5.357807
4.1587977
5.251512
4.9198713
5.6851964
6.1188803
5.24726
4.924123
5.90629
5.030418
4.4861865
5.140965
4.924123
4.3841434
4.1630497
3.4019763
5.140965
5.6851964
4.8135757
5.251512
5.468354
3.7293656
4.7072806
5.251512
5.24726
4.37564
5.136713
4.37564
6.1188803
6.4420176
6.3357224
6.769407
4.8135757
5.251512
4.5967336
4.37564
5.574649
5.464102
5.030418
4.8135757
5.902038
4.5967336
6.3357224
6.3357224
6.2294273
6.008333
4.8093243
5.6851964
5.24726
6.2251754
6.9905005
6.4420176
6.008333
6.2251754
6.114629
6.5525646
6.769407
6.4420176
6.986249
6.114629
6.5525646
7.313638
6.6588597
7.5304804
7.419933
7.203091
7.747322
7.092544
7.313638
6.875702
5.8977866
7.5304804
7.419933
6.765155
7.203091
7.309386
7.9641643
8.504144
6.765155
6.765155
6.981997
7.853617
7.526228
7.632523
7.9599123
7.9599123
7.849365
8.8315325
8.499891
8.499891
9.805196
9.371511
8.720985
7.738818
7.849365
8.393597
8.720985
9.044123
8.610438
9.048374
7.955661
8.176754
8.937827
8.937827
9.371511
9.15467
9.048374
8.28305
8.393597
8.937827
9.260964
8.82728
8.82728
9.15467
8.933577
10.132585
9.477807
10.23888
10.132585
9.584103
8.716734
9.915743
9.800944
10.566269
10.783112
9.36726
9.805196
9.584103
10.455723
10.783112
9.69465
10.0220375
9.260964
8.933577
10.349427
10.455723
9.911491
9.477807
9.69465
9.588354
9.915743
10.128334
11.1105
10.999953
10.455723
10.0220375
10.0220375
11.544185
10.999953
11.327342
10.995702
10.783112
11.216796
10.889407
11.433638
11.539933
11.65048
11.106249
10.562017
10.889407
11.216796
10.6725645
10.562017
11.539933
10.889407
10.999953
10.668313
10.234629
11.977869
10.562017
10.234629
9.800944
10.23888
10.017787
10.6725645
10.562017
10.017787
10.455723
10.017787
9.911491
10.345176
11.539933
9.800944
11.433638
10.128334
10.234629
11.323091
12.084165
11.867322
10.340923
11.106249
10.668313
11.433638
11.429386
10.995702
11.756775
10.668313
10.995702
11.539933
9.690397
11.106249
10.889407
10.345176
10.562017
10.999953
9.800944
10.6725645
10.668313
10.995702
11.756775
10.340923
10.017787
11.101996
11.867322
11.429386
11.429386
11.323091
10.45147
10.234629
10.889407
11.2125435
10.668313
11.1105
10.017787
10.0220375
10.017787
10.783112
11.2125435
11.323091
10.889407
11.216796
10.889407
10.45147
11.2125435
11.425134
11.106249
10.995702
10.234629
11.106249
10.124082
11.65048
11.646228
10.345176
10.77886
10.23888
9.473556
9.3630085
9.907239
10.999953
10.889407
9.146166
10.783112
10.45147
10.6725645
10.885155
10.995702
11.106249
10.45147
10.234629
10.340923
11.756775
11.2125435
11.646228
10.885155
10.77886
11.539933
11.2125435
11.756775
11.429386
11.106249
9.907239
10.6725645
11.756775
10.45147
11.216796
10.889407
10.77886
10.017787
10.889407
11.433638
11.106249
11.2125435
9.907239
11.106249
10.017787
10.562017
10.340923
11.216796
10.234629
10.783112
10.6725645
10.128334
10.999953
10.995702
10.77886
10.345176
11.106249
9.800944
9.473556
11.433638
10.562017
10.345176
10.128334
9.256713
9.690397
10.017787
9.800944
10.999953
10.783112
10.017787
10.23888
10.234629
10.6725645
10.6725645
10.783112
9.690397
9.3630085
10.349427
10.45147
10.234629
10.6725645
9.800944
9.473556
10.128334
9.473556
10.017787
9.911491
10.6725645
9.800944
10.0220375
9.36726
9.256713
10.566269
9.800944
9.146166
9.36726
9.69465
9.256713
10.6725645
9.800944
9.805196
10.23888
9.36726
9.690397
9.907239
10.6725645
9.911491
10.6725645
10.23888
8.933577
9.69465
10.23888
10.0220375
10.0220375
9.588354
9.371511
8.389345
9.588354
9.260964
9.69465
9.473556
9.150418
9.584103
9.690397
10.017787
9.911491
9.800944
9.584103
8.929324
8.8230295
10.566269
9.584103
9.584103
10.566269
8.49564
10.676816
9.146166
10.23888
10.77886
10.345176
9.584103
10.455723
10.345176
9.473556
10.455723
10.77886
10.017787
10.128334
10.128334
10.345176
9.57985
9.690397
9.800944
10.23888
8.601935
9.36726
9.911491
10.566269
10.889407
10.345176
10.345176
9.473556
10.128334
9.690397
10.455723
10.6725645
9.907239
9.584103
10.128334
9.800944
10.345176
11.1105
11.106249
10.017787
10.6725645
11.216796
9.907239
10.345176
10.017787
10.340923
9.473556
10.128334
9.473556
10.889407
10.345176
10.345176
10.6725645
9.36726
9.907239
11.433638
10.234629
11.323091
10.45147
10.345176
9.800944
9.57985
10.124082
11.756775
10.885155
10.885155
10.017787
11.101996
11.646228
10.885155
10.447219
10.668313
10.6725645
9.800944
10.45147
9.584103
11.539933
10.77886
10.999953
9.584103
10.6725645
10.345176
10.6725645
10.885155
10.234629
10.124082
9.690397
9.800944
10.345176
10.45147
11.867322
11.2125435
11.323091
10.995702
11.2125435
10.774608
11.101996
12.301006
11.977869
11.539933
11.101996
10.557766
11.101996
10.995702
10.124082
11.65048
9.690397
10.234629
10.562017
10.013535
10.889407
10.999953
9.473556
9.146166
10.77886
10.45147
11.323091
11.756775
11.646228
10.668313
10.668313
12.079912
11.318839
12.079912
12.624144
11.539933
10.774608
11.646228
11.646228
12.301006
12.296754
11.752523
11.323091
10.45147
11.2125435
12.084165
11.208292
10.885155
10.889407
10.885155
10.668313
12.301006
11.752523
12.624144
11.535681
11.318839
11.8630705
11.969365
12.624144
12.403049
12.403049
12.619891
12.840985
12.730438
12.730438
13.491511
12.726187
13.380964
12.730438
11.641976
11.756775
11.858818
12.075661
12.186207
12.619891
11.858818
12.407301
10.880902
11.969365
12.079912
11.531429
11.425134
11.535681
12.296754
12.296754
12.730438
12.075661
12.509345
11.969365
12.624144
11.314588
13.274671
12.513597
13.057828
13.164123
11.641976
11.973618
11.8630705
12.730438
11.752523
12.296754
12.190459
10.230376
10.557766
10.774608
11.973618
12.296754
12.840985
10.991449
11.752523
11.969365
12.296754
13.057828
12.186207
12.513597
11.752523
11.646228
11.425134
11.318839
11.646228
11.208292
10.991449
11.323091
10.991449
10.557766
11.752523
12.730438
11.8630705
11.539933
10.774608
11.535681
12.190459
11.318839
11.425134
12.407301
11.535681
12.840985
12.079912
12.730438
12.836734
12.840985
12.730438
12.186207
12.407301
12.407301
11.208292
12.734691
12.624144
11.969365
10.880902
12.301006
11.429386
11.756775
11.8630705
11.2125435
12.084165
11.318839
10.668313
10.668313
11.8630705
11.425134
11.208292
10.557766
10.668313
11.2125435
10.995702
10.668313
10.774608
9.800944
9.800944
9.690397
9.035619
10.999953
10.562017
10.45147
10.668313
11.323091
9.690397
10.889407
10.995702
10.668313
10.455723
10.995702
9.473556
10.017787
10.562017
10.562017
10.6725645
10.562017
9.800944
10.345176
9.69465
10.128334
10.45147
10.345176
10.885155
10.013535
10.128334
10.668313
9.57985
11.433638
10.668313
10.45147
10.455723
9.584103
9.690397
10.455723
11.327342
9.800944
9.800944
9.256713
10.128334
10.455723
9.911491
10.345176
10.017787
10.999953
10.128334
9.911491
10.45147
11.65048
10.995702
10.234629
10.345176
10.017787
9.690397
10.017787
10.23888
10.455723
10.455723
10.128334
9.805196
10.566269
9.69465
10.128334
8.49564
9.371511
9.477807
8.610438
9.477807
9.805196
10.783112
9.800944
10.566269
10.345176
10.23888
9.800944
10.6725645
9.800944
9.911491
10.345176
8.610438
9.477807
9.69465
9.36726
10.128334
10.0220375
9.044123
9.482059
8.716734
9.805196
10.132585
8.499891
9.265217
8.393597
8.393597
9.69465
9.371511
10.566269
8.8230295
9.805196
9.805196
9.150418
9.36726
10.349427
9.260964
8.28305
8.720985
9.15467
9.260964
9.150418
10.349427
10.455723
7.8451138
8.720985
9.260964
10.132585
9.915743
8.82728
9.048374
8.176754
7.9599123
8.066207
8.066207
8.716734
8.720985
8.504144
8.720985
8.1725025
7.955661
8.606187
9.482059
8.606187
7.955661
9.371511
8.82728
9.044123
9.805196
9.584103
9.588354
8.933577
9.260964
10.0220375
10.132585
9.588354
9.805196
9.044123
9.260964
10.23888
10.349427
10.017787
10.889407
10.349427
9.36726
9.260964
10.345176
9.911491
10.455723
10.23888
10.345176
10.455723
10.23888
10.128334
9.69465
10.017787
10.783112
9.800944
9.69465
9.805196
10.128334
10.889407
9.473556
9.584103
9.150418
8.8230295
9.584103
10.23888
10.0220375
10.349427
9.911491
10.23888
9.36726
9.256713
9.473556
10.566269
10.455723
9.584103
10.017787
10.23888
10.345176
10.6725645
10.128334
9.800944
10.455723
9.150418
10.783112
10.6725645
10.017787
10.6725645
10.455723
9.584103
9.911491
10.23888
10.455723
10.017787
10.999953
9.690397
10.889407
11.433638
10.45147
11.433638
10.6725645
10.6725645
9.911491
9.690397
10.345176
10.6725645
10.234629
9.911491
10.6725645
10.017787
10.345176
9.256713
10.345176
9.800944
11.106249
10.995702
10.455723
11.216796
10.017787
10.889407
10.23888
10.017787
10.557766
10.889407
10.6725645
9.800944
10.128334
9.800944
10.77886
10.668313
10.889407
10.45147
9.3630085
10.017787
10.017787
10.6725645
10.562017
11.216796
9.57985
9.473556
10.995702
10.557766
10.45147
9.800944
10.234629
10.45147
10.345176
11.323091
11.646228
10.668313
11.65048
10.340923
9.907239
10.995702
10.880902
11.867322
11.756775
10.447219
10.45147
10.774608
10.668313
12.084165
11.101996
10.889407
10.234629
9.690397
10.455723
11.106249
10.45147
11.106249
11.216796
10.6725645
10.45147
9.146166
11.106249
11.2125435
10.562017
10.991449
10.668313
10.774608
10.234629
11.646228
11.973618
12.190459
10.557766
10.889407
10.447219
10.230376
10.885155
11.973618
11.318839
11.2125435
11.429386
10.340923
10.340923
11.101996
11.429386
11.539933
11.2125435
9.907239
10.45147
10.668313
11.646228
12.190459
12.079912
11.429386
11.101996
10.774608
11.973618
12.624144
12.079912
11.318839
11.756775
10.885155
11.106249
10.77886
11.429386
11.867322
10.774608
10.995702
11.106249
11.323091
10.885155
10.995702
10.995702
10.234629
10.455723
11.216796
11.323091
12.084165
12.084165
12.517848
11.318839
10.234629
11.756775
10.774608
10.995702
11.323091
10.45147
10.45147
10.128334
10.45147
10.45147
10.234629
10.889407
10.77886
10.999953
10.345176
10.889407
9.907239
10.45147
10.017787
10.783112
10.562017
10.234629
10.6725645
11.433638
10.999953
10.128334
10.45147
10.23888
10.455723
10.124082
10.889407
11.539933
10.340923
10.45147
10.345176
10.45147
10.668313
10.455723
10.77886
10.6725645
10.783112
10.566269
10.6725645
10.562017
10.6725645
10.6725645
10.349427
10.566269
9.36726
10.0220375
10.566269
9.800944
9.477807
10.132585
9.911491
9.477807
10.455723
10.345176
9.805196
9.800944
9.911491
9.584103
10.0220375
10.0220375
9.477807
9.044123
10.0220375
9.371511
8.066207
9.809448
10.0220375
9.805196
10.0220375
10.132585
9.477807
10.132585
10.136837
10.455723
8.933577
9.915743
8.82728
8.287301
9.592606
8.393597
9.15467
7.1988387
8.070459
8.287301
8.8315325
7.9599123
8.614691
10.136837
8.499891
9.592606
8.504144
9.048374
9.371511
8.499891
9.048374
8.937827
8.937827
8.176754
8.614691
8.504144
8.287301
9.375764
7.853617
8.508395
6.875702
7.1988387
7.636775
7.9641643
7.636775
6.875702
7.747322
6.4420176
7.747322
7.853617
7.853617
7.853617
8.181006
7.747322
7.9641643
8.614691
7.526228
8.397848
8.181006
8.074712
7.203091
6.6588597
6.4420176
7.5304804
7.636775
6.875702
7.313638
7.419933
6.2251754
8.074712
7.526228
7.092544
8.181006
7.526228
7.853617
7.747322
8.287301
8.397848
8.287301
7.9641643
6.875702
6.6588597
6.5483127
7.203091
7.419933
6.765155
7.203091
6.5525646
7.313638
6.6588597
7.747322
7.207342
6.769407
6.986249
6.2251754
8.074712
6.5525646
7.857869
7.5304804
7.9641643
8.4021
6.875702
7.747322
7.313638
7.419933
7.313638
7.313638
6.875702
6.769407
7.6410265
6.5525646
7.5304804
7.5304804
6.875702
6.986249
7.6410265
7.5304804
6.986249
7.6410265
6.769407
7.636775
7.5304804
7.092544
8.725238
6.875702
8.070459
8.070459
9.048374
8.28305
8.393597
7.092544
7.203091
7.203091
7.096796
7.747322
7.203091
7.853617
7.9599123
6.986249
7.092544
8.181006
9.158921
8.287301
8.8315325
8.8315325
8.070459
8.94208
8.614691
8.720985
9.375764
8.937827
9.265217
7.9599123
8.937827
8.720985
9.915743
9.044123
8.720985
8.393597
7.632523
8.393597
8.937827
8.937827
9.698901
10.0220375
9.809448
9.15467
10.132585
10.676816
10.999953
10.349427
10.999953
9.371511
10.0220375
9.477807
10.676816
9.911491
9.69465
10.676816
10.128334
10.132585
10.566269
10.783112
10.345176
11.544185
11.1105
10.77886
10.23888
10.017787
11.433638
11.2125435
11.544185
11.867322
11.761026
10.566269
10.234629
11.106249
12.084165
10.562017
10.017787
10.455723
10.77886
10.889407
10.345176
10.77886
11.977869
10.885155
11.106249
11.65048
10.885155
11.646228
12.079912
11.208292
12.296754
12.840985
11.969365
11.752523
13.062079
12.840985
12.079912
12.407301
11.425134
12.194712
11.535681
12.517848
12.517848
12.079912
11.756775
11.101996
12.084165
12.079912
13.389469
13.491511
12.079912
12.517848
11.535681
12.734691
13.602058
12.513597
13.274671
11.752523
11.531429
11.8630705
11.2125435
12.190459
11.641976
12.517848
12.407301
11.646228
12.190459
12.079912
12.513597
13.168375
13.278922
11.8630705
11.646228
11.969365
13.168375
13.053576
12.186207
13.818902
11.858818
12.513597
12.730438
13.602058
13.385218
12.840985
11.969365
11.646228
11.858818
11.756775
13.057828
11.646228
11.101996
11.646228
11.65048
11.756775
11.208292
11.756775
11.8630705
11.646228
12.084165
11.756775
12.296754
11.8630705
12.951532
12.296754
11.318839
12.079912
12.301006
11.318839
11.646228
11.756775
11.425134
11.65048
11.429386
11.2125435
11.429386
10.668313
12.084165
10.668313
11.761026
10.889407
10.234629
10.234629
11.539933
11.646228
10.995702
10.885155
10.557766
10.995702
10.774608
10.885155
11.2125435
11.323091
10.017787
10.017787
11.106249
10.885155
11.8630705
10.668313
10.77886
10.234629
10.668313
10.77886
10.562017
10.668313
11.216796
9.907239
9.911491
9.57985
9.690397
9.911491
10.124082
10.345176
10.128334
9.800944
9.473556
10.23888
10.566269
10.566269
9.584103
10.893659
9.69465
10.455723
9.146166
9.800944
10.128334
9.146166
9.146166
8.385093
9.36726
8.929324
10.0220375
9.039871
8.606187
9.260964
8.389345
8.389345
8.49564
8.716734
9.36726
8.499891
9.805196
8.82728
7.955661
9.371511
8.499891
8.168251
7.955661
10.23888
8.389345
9.150418
9.584103
9.3630085
9.256713
9.69465
9.256713
10.0220375
8.606187
8.499891
8.389345
8.716734
8.937827
8.061955
7.632523
8.066207
8.061955
8.389345
9.588354
7.8451138
8.716734
8.389345
7.8451138
7.6282716
8.061955
8.933577
8.499891
9.588354
8.1725025
8.1725025
8.28305
7.8451138
9.911491
8.933577
8.1725025
7.849365
7.955661
7.8451138
8.720985
8.499891
7.849365
7.849365
7.738818
6.327219
8.937827
8.716734
7.955661
8.066207
7.521976
6.654608
7.415681
8.176754
6.654608
8.287301
7.632523
7.632523
9.15467
7.738818
8.066207
8.610438
8.716734
9.260964
8.28305
8.1725025
7.9599123
7.738818
7.1945877
8.614691
8.393597
7.305134
8.504144
8.176754
8.066207
8.499891
7.1945877
8.287301
8.1725025
8.393597
7.9599123
8.176754
7.74307
8.8315325
8.82728
8.393597
8.28305
7.738818
7.415681
8.393597
8.937827
8.389345
9.915743
9.260964
8.504144
8.610438
7.5177245
8.610438
8.82728
8.82728
7.738818
7.632523
6.760903
7.9599123
8.28305
8.937827
8.82728
8.389345
8.066207
7.955661
8.066207
8.720985
8.610438
8.066207
8.393597
7.849365
8.393597
8.499891
9.150418
9.36726
8.933577
8.499891
7.8451138
7.3008823
7.8451138
7.1945877
9.265217
8.066207
7.521976
8.82728
7.9599123
8.610438
9.044123
9.69465
9.150418
9.15467
8.278798
6.981997
8.393597
8.716734
9.15467
8.82728
8.393597
7.9599123
7.632523
7.632523
7.849365
9.15467
8.499891
8.8315325
7.849365
7.74307
7.305134
7.1988387
8.393597
9.265217
7.955661
8.393597
8.070459
8.720985
8.82728
8.499891
8.720985
8.393597
8.720985
8.287301
8.28305
7.6282716
9.265217
8.393597
7.1988387
7.74307
7.526228
8.066207
8.393597
8.716734
9.150418
7.955661
9.260964
7.955661
9.371511
8.933577
9.044123
8.933577
8.937827
9.805196
8.061955
8.606187
8.8230295
8.28305
9.044123
7.8451138
8.28305
8.499891
9.044123
8.499891
9.15467
9.588354
9.698901
9.69465
10.566269
8.606187
9.911491
9.69465
10.562017
10.128334
8.712482
9.150418
9.044123
8.499891
8.716734
8.933577
9.044123
10.349427
8.1725025
8.287301
8.28305
9.150418
9.260964
9.256713
9.150418
9.588354
9.044123
9.256713
9.477807
9.69465
9.690397
9.911491
10.017787
7.951409
9.260964
9.36726
9.800944
9.584103
9.371511
8.606187
7.521976
8.499891
8.933577
9.588354
9.371511
8.28305
9.482059
9.588354
8.28305
9.69465
9.69465
9.150418
8.716734
8.606187
8.385093
10.23888
9.800944
9.800944
9.69465
10.0220375
8.606187
9.36726
9.150418
9.473556
9.260964
9.36726
9.260964
8.389345
8.389345
9.260964
9.584103
9.044123
9.69465
9.36726
8.499891
10.23888
9.584103
9.473556
10.783112
9.911491
9.473556
10.128334
10.017787
8.929324
10.345176
10.455723
9.36726
10.349427
8.8230295
9.800944
9.584103
10.017787
9.473556
9.911491
10.128334
9.911491
10.345176
9.256713
10.128334
11.216796
11.433638
10.124082
9.584103
10.234629
10.124082
11.323091
11.539933
10.013535
10.345176
9.57985
9.907239
10.783112
10.893659
10.562017
10.345176
10.345176
10.6725645
10.234629
10.45147
10.889407
11.425134
11.8630705
12.084165
11.429386
11.106249
10.668313
11.429386
11.646228
12.079912
11.318839
11.752523
10.013535
11.106249
10.45147
10.013535
11.867322
10.885155
10.77886
10.562017
10.889407
10.345176
9.252461
10.77886
11.2125435
11.973618
10.885155
11.323091
10.991449
10.991449
12.084165
12.075661
11.973618
11.323091
11.101996
11.2125435
10.999953
11.101996
10.345176
10.45147
10.889407
10.6725645
10.668313
10.991449
12.084165
10.447219
11.323091
10.995702
9.690397
11.539933
10.234629
12.301006
11.973618
11.2125435
10.774608
11.101996
12.513597
10.664061
11.429386
11.973618
10.340923
9.469303
10.6725645
11.2125435
10.230376
11.867322
12.301006
10.017787
10.995702
10.995702
11.2125435
11.646228
10.562017
10.77886
10.562017
10.995702
11.65048
11.539933
11.2125435
10.340923
11.101996
11.646228
10.668313
11.756775
11.433638
11.973618
10.562017
11.106249
10.995702
10.885155
10.885155
11.433638
10.991449
11.756775
11.318839
12.301006
10.557766
11.101996
11.756775
11.752523
11.756775
10.995702
10.230376
10.77886
10.013535
10.234629
10.885155
11.973618
11.2125435
10.889407
9.57985
10.45147
10.77886
10.995702
11.646228
11.2125435
10.77886
11.2125435
11.323091
11.539933
11.323091
12.084165
11.8630705
10.013535
9.690397
10.995702
10.668313
11.216796
11.761026
10.455723
10.017787
9.584103
10.017787
10.23888
10.345176
9.911491
9.800944
11.1105
10.455723
9.473556
10.999953
9.256713
11.106249
11.65048
10.995702
10.995702
9.256713
10.562017
10.128334
9.911491
10.455723
10.999953
10.455723
10.562017
10.0220375
9.039871
9.150418
9.36726
10.23888
9.911491
9.588354
9.044123
9.911491
9.150418
9.805196
9.256713
9.150418
10.23888
9.690397
10.017787
10.128334
9.256713
10.783112
9.256713
9.039871
10.349427
9.36726
8.499891
9.805196
10.0220375
8.606187
10.783112
9.044123
8.1725025
10.23888
9.911491
9.256713
10.0220375
9.150418
9.371511
9.805196
10.566269
9.477807
9.473556
10.783112
9.584103
9.150418
8.82728
9.256713
10.349427
9.69465
9.911491
8.389345
8.499891
8.8230295
9.150418
8.499891
7.8451138
8.937827
8.82728
9.150418
7.521976
7.955661
9.915743
8.066207
9.15467
8.610438
8.066207
8.28305
8.066207
9.044123
8.610438
7.738818
8.610438
8.176754
7.955661
7.9599123
8.610438
7.6282716
9.260964
9.698901
8.937827
8.066207
7.305134
7.849365
8.937827
7.9599123
9.15467
8.176754
7.632523
8.070459
7.632523
8.610438
7.849365
8.610438
7.632523
7.415681
8.28305
8.499891
8.389345
8.716734
9.150418
8.716734
9.15467
8.82728
8.610438
10.459974
9.911491
8.389345
8.499891
7.4114294
7.521976
8.393597
9.698901
8.066207
8.82728
9.044123
7.738818
7.526228
8.28305
7.521976
9.371511
6.8671985
9.265217
8.937827
7.4114294
9.15467
9.048374
8.499891
9.044123
9.698901
10.349427
8.82728
8.610438
9.048374
9.260964
8.606187
10.132585
8.716734
8.389345
8.1725025
8.393597
9.482059
9.260964
8.1725025
9.584103
8.499891
8.716734
9.371511
8.82728
8.716734
8.606187
9.69465
8.389345
9.260964
9.260964
8.82728
10.0220375
8.933577
8.28305
9.588354
8.1725025
9.150418
9.039871
9.36726
10.0220375
10.349427
9.584103
9.260964
10.243132
8.606187
9.15467
9.915743
9.044123
9.039871
8.933577
8.389345
9.150418
9.588354
10.455723
9.473556
9.044123
9.371511
8.499891
8.82728
9.15467
8.716734
8.82728
9.698901
9.044123
9.044123
9.588354
9.69465
9.805196
10.455723
9.584103
9.69465
8.929324
10.0220375
9.690397
10.893659
9.36726
10.455723
9.911491
9.800944
9.371511
10.893659
9.69465
9.588354
9.477807
9.371511
10.455723
8.389345
9.69465
9.477807
9.044123
10.0220375
9.588354
10.783112
10.0220375
9.039871
10.6725645
10.345176
11.433638
10.124082
9.3630085
10.783112
9.584103
9.800944
10.6725645
10.345176
9.69465
10.566269
9.69465
7.955661
10.23888
9.36726
9.584103
9.146166
10.0220375
10.455723
8.8230295
10.0220375
9.473556
10.0220375
11.327342
9.36726
10.455723
9.911491
10.345176
10.128334
9.039871
9.800944
10.999953
9.690397
9.36726
10.0220375
9.36726
9.588354
9.477807
10.128334
9.805196
9.36726
8.933577
9.690397
10.455723
10.6725645
9.800944
9.805196
10.455723
9.473556
10.6725645
10.345176
10.783112
9.907239
10.017787
10.128334
10.562017
10.017787
10.889407
10.562017
10.562017
10.6725645
9.035619
10.345176
10.128334
9.907239
10.234629
10.128334
10.234629
10.017787
9.584103
10.77886
9.690397
12.190459
10.668313
9.800944
11.216796
8.818777
10.345176
9.800944
10.017787
10.128334
10.783112
9.800944
9.584103
10.017787
10.128334
10.455723
10.124082
9.907239
11.433638
10.668313
10.345176
10.889407
11.106249
10.234629
11.106249
11.323091
9.690397
10.128334
10.6725645
10.017787
10.77886
9.800944
9.36726
9.800944
8.601935
9.36726
10.455723
9.36726
10.345176
9.473556
10.6725645
9.911491
10.345176
10.77886
9.800944
10.447219
11.2125435
11.323091
10.340923
9.3630085
10.45147
9.800944
9.252461
10.345176
10.783112
10.124082
9.146166
9.69465
9.473556
9.57985
10.124082
9.256713
9.256713
9.800944
10.128334
9.039871
9.584103
10.566269
9.473556
10.017787
9.3630085
10.017787
10.234629
10.124082
11.2125435
10.995702
9.796692
10.017787
8.712482
10.128334
10.345176
9.805196
9.69465
10.349427
10.455723
8.606187
8.606187
9.690397
8.712482
10.345176
8.929324
8.712482
9.035619
10.23888
9.146166
9.584103
9.800944
9.800944
9.690397
9.57985
10.345176
10.45147
9.3630085
10.562017
10.45147
9.146166
10.562017
9.035619
8.8230295
9.69465
8.49564
9.805196
10.017787
9.256713
8.712482
9.039871
9.690397
9.800944
10.128334
10.124082
9.800944
10.345176
8.929324
9.256713
10.345176
9.260964
10.23888
10.562017
10.128334
9.800944
9.039871
9.36726
10.234629
9.473556
10.562017
9.584103
10.128334
9.473556
8.278798
8.168251
8.278798
9.584103
10.017787
9.150418
9.256713
7.8451138
10.889407
8.274546
9.584103
9.146166
8.499891
9.911491
8.389345
8.8230295
8.712482
9.150418
9.69465
8.601935
9.584103
8.601935
9.36726
10.889407
9.256713
9.473556
9.256713
9.039871
9.039871
9.039871
10.345176
8.933577
8.389345
9.36726
8.49564
9.584103
8.278798
9.584103
8.601935
9.256713
8.49564
8.168251
9.477807
9.039871
9.260964
8.606187
9.69465
9.039871
9.146166
10.128334
9.252461
10.017787
10.234629
10.991449
9.907239
10.013535
10.124082
9.146166
9.256713
9.800944
8.929324
8.278798
9.588354
9.69465
8.061955
8.933577
8.818777
9.800944
9.473556
8.601935
8.606187
8.389345
9.039871
8.929324
9.800944
9.146166
8.929324
9.800944
8.601935
9.473556
10.234629
10.017787
9.3630085
9.690397
8.929324
8.818777
8.712482
10.345176
9.911491
8.49564
9.039871
9.584103
9.57985
9.256713
8.712482
9.690397
8.70823
8.818777
9.690397
9.473556
9.57985
9.473556
9.690397
8.491387
9.690397
9.256713
9.473556
9.146166
9.035619
9.146166
9.035619
9.3630085
10.013535
10.124082
9.146166
8.818777
8.49564
9.473556
8.49564
9.911491
8.929324
9.039871
9.907239
8.818777
9.035619
9.146166
9.690397
9.146166
8.712482
8.8230295
9.473556
9.473556
9.584103
8.712482
9.256713
10.566269
8.8230295
8.929324
8.712482
9.473556
9.473556
9.3630085
9.146166
8.929324
8.818777
9.473556
9.473556
9.690397
8.49564
8.929324
8.385093
9.36726
9.256713
8.818777
8.601935
8.163999
8.818777
9.473556
9.256713
9.146166
9.035619
8.929324
9.256713
9.36726
9.690397
9.146166
10.128334
9.256713
9.256713
9.584103
9.690397
8.38084
10.340923
10.017787
9.57985
8.274546
8.8230295
9.039871
8.278798
9.36726
8.385093
7.5177245
9.039871
7.4071774
8.278798
8.168251
9.36726
8.057704
7.951409
7.3008823
7.6282716
7.738818
8.8230295
7.5177245
8.933577
7.6240196
7.8451138
8.49564
8.712482
9.039871
8.601935
7.840862
7.8451138
7.8451138
7.1903353
7.305134
6.8671985
8.1725025
7.632523
7.3008823
6.539809
7.305134
8.606187
7.7345667
8.389345
7.6282716
6.3229666
7.8451138
6.9777446
8.066207
6.8671985
6.760903
7.738818
6.7566514
7.4114294
7.0840406
7.1945877
7.6282716
6.7566514
7.6282716
8.499891
6.8671985
7.305134
6.9777446
6.6503563
6.433514
6.9777446
6.6503563
7.849365
7.4114294
6.6503563
7.632523
7.8451138
6.21242
8.8230295
7.1903353
7.632523
6.9777446
6.7566514
7.0882916
7.0840406
6.8671985
7.849365
6.539809
8.393597
7.6282716
6.8671985
7.6240196
7.4071774
7.5177245
7.4071774
6.539809
6.539809
6.7566514
7.4114294
8.066207
6.216672
7.521976
6.6503563
6.760903
7.521976
7.0840406
7.6282716
7.5177245
7.6282716
7.955661
6.9777446
8.061955
6.9777446
7.521976
7.0840406
7.955661
6.539809
8.066207
7.6282716
7.1903353
8.1725025
8.49564
7.4071774
8.061955
7.951409
6.6503563
8.061955
6.101873
7.4114294
7.738818
7.1945877
7.305134
6.539809
6.21242
7.4114294
7.5177245
8.168251
8.168251
7.2966304
8.49564
7.1903353
7.8451138
8.1725025
8.061955
8.933577
8.499891
9.473556
8.385093
8.168251
8.929324
7.5177245
9.256713
8.601935
7.3008823
7.7345667
7.5177245
7.5177245
8.1725025
7.5177245
8.499891
8.8230295
8.49564
8.168251
8.057704
8.49564
8.712482
9.3630085
9.57985
9.690397
8.601935
8.601935
8.601935
8.385093
9.36726
8.712482
8.385093
9.584103
9.907239
8.601935
9.469303
9.035619
9.800944
9.035619
8.38084
9.256713
9.146166
8.274546
9.800944
8.818777
9.146166
10.017787
9.252461
10.557766
9.796692
9.9029875
10.119829
10.991449
10.885155
9.686145
10.668313
8.491387
8.818777
9.141914
9.146166
10.234629
10.124082
9.3630085
10.45147
8.818777
9.035619
10.340923
9.686145
10.5535145
10.119829
10.336672
9.358756
10.557766
10.664061
10.340923
10.664061
10.447219
11.318839
11.314588
10.991449
11.097745
11.314588
11.535681
10.876652
9.9029875
10.664061
10.664061
9.9029875
10.119829
10.013535
11.425134
10.5535145
10.5535145
11.965114
12.181956
11.748272
12.177704
12.943029
12.611388
13.049324
13.48726
12.288251
11.310335
12.398798
12.398798
12.943029
12.832482
12.398798
12.943029
12.505093
10.982946
12.726187
12.288251
12.726187
12.403049
12.509345
11.093493
11.204041
11.748272
12.403049
12.181956
13.270417
13.704102
13.155619
13.704102
13.483009
14.354629
13.266166
14.465176
14.02724
13.266166
12.832482
12.61564
12.61564
12.726187
13.057828
12.726187
12.730438
11.093493
12.292503
11.7440195
12.726187
12.943029
13.814649
13.920944
12.943029
13.266166
13.704102
12.832482
13.810397
14.02724
13.483009
14.682017
13.5935545
13.045072
13.372462
13.045072
14.02724
13.372462
14.57147
13.483009
13.5935545
13.266166
13.376713
13.920944
13.810397
13.810397
13.810397
13.810397
14.465176
14.02724
14.02724
13.806146
14.460924
15.221997
14.2440815
14.460924
14.677766
13.69985
13.372462
14.89886
13.372462
13.69985
13.810397
13.806146
13.810397
14.02724
13.916693
14.57147
14.460924
13.916693
13.049324
14.137786
13.049324
14.248333
13.704102
14.248333
14.575723
14.2440815
12.938777
14.682017
13.155619
14.465176
13.483009
12.832482
13.704102
13.159871
13.920944
13.053576
12.726187
12.398798
12.071408
11.637725
13.274671
12.61564
12.943029
12.61564
14.469427
14.137786
13.704102
14.575723
14.248333
13.5935545
13.704102
13.159871
13.814649
13.376713
13.053576
13.814649
13.053576
12.398798
13.380964
11.965114
12.403049
13.380964
12.403049
12.947281
12.292503
12.079912
11.097745
11.208292
12.947281
11.641976
13.708355
14.35888
13.159871
13.266166
13.920944
13.920944
13.810397
13.704102
13.920944
13.48726
12.61564
12.071408
12.403049
12.292503
12.186207
12.947281
13.708355
12.075661
12.403049
12.513597
11.752523
12.730438
11.748272
12.951532
11.641976
11.752523
13.168375
12.292503
11.858818
13.164123
11.858818
12.730438
12.181956
13.274671
13.597807
11.752523
13.491511
13.164123
12.947281
13.380964
13.168375
12.730438
12.190459
11.323091
12.734691
11.425134
11.429386
11.535681
12.407301
12.730438
11.641976
12.079912
12.292503
12.296754
13.164123
13.168375
12.407301
12.951532
12.079912
13.168375
12.947281
12.840985
13.274671
12.296754
12.407301
12.947281
11.969365
12.730438
11.752523
10.885155
11.8630705
12.845238
11.535681
11.969365
10.995702
11.429386
11.867322
11.8630705
12.079912
12.407301
11.969365
11.8630705
10.995702
11.539933
11.2125435
11.2125435
11.323091
11.106249
11.761026
10.889407
10.999953
11.323091
10.77886
12.411553
12.301006
11.756775
11.101996
11.323091
12.517848
10.995702
10.885155
11.323091
10.340923
11.216796
11.433638
10.6725645
11.327342
10.6725645
10.455723
11.216796
10.017787
11.65048
11.323091
10.345176
10.6725645
11.433638
10.783112
10.562017
10.562017
11.106249
10.345176
11.216796
10.345176
10.562017
11.327342
11.756775
11.429386
11.65048
11.2125435
10.562017
10.668313
11.433638
11.2125435
10.6725645
11.544185
10.562017
10.23888
11.106249
11.1105
10.345176
10.562017
10.234629
11.323091
11.323091
10.345176
11.544185
10.562017
10.889407
10.889407
10.6725645
10.889407
10.234629
10.668313
11.539933
10.562017
11.101996
10.999953
11.433638
10.885155
10.889407
11.539933
10.889407
11.216796
10.999953
9.911491
10.77886
10.6725645
10.017787
9.690397
10.566269
10.45147
10.995702
11.106249
11.433638
10.999953
9.584103
10.455723
9.911491
10.128334
10.6725645
10.128334
9.36726
10.783112
9.911491
9.473556
9.800944
9.907239
10.6725645
9.800944
10.128334
10.345176
9.584103
10.0220375
10.6725645
11.327342
10.566269
9.911491
9.911491
10.23888
9.911491
9.36726
10.566269
10.345176
9.69465
9.584103
9.800944
9.477807
9.477807
9.15467
10.128334
9.805196
10.0220375
10.345176
9.805196
10.0220375
10.455723
9.36726
10.017787
9.584103
9.69465
9.800944
9.584103
9.805196
10.999953
9.36726
10.345176
9.36726
9.146166
10.566269
9.584103
10.128334
9.36726
9.36726
10.128334
10.345176
9.36726
9.800944
9.588354
9.69465
9.69465
8.933577
10.455723
9.477807
10.128334
10.234629
10.562017
9.907239
10.345176
9.584103
10.455723
10.783112
10.128334
9.690397
9.690397
9.473556
9.256713
10.349427
9.800944
10.999953
10.017787
9.69465
9.800944
9.039871
10.349427
10.345176
9.584103
9.800944
9.800944
10.23888
9.800944
10.017787
9.800944
9.907239
9.911491
10.77886
10.999953
9.911491
10.128334
10.128334
10.234629
9.690397
9.911491
10.017787
9.69465
9.800944
9.588354
9.69465
9.044123
9.588354
8.716734
8.606187
8.8230295
9.588354
9.800944
9.800944
10.23888
9.800944
8.933577
10.128334
8.929324
9.150418
9.800944
10.0220375
9.150418
8.168251
9.477807
10.455723
8.933577
9.150418
8.929324
9.36726
9.477807
9.150418
8.716734
9.69465
8.1725025
8.82728
8.606187
8.499891
9.477807
8.8230295
8.716734
10.0220375
8.278798
9.36726
8.8230295
8.712482
9.150418
9.044123
7.6282716
8.716734
8.278798
7.8451138
8.389345
9.588354
9.044123
9.150418
9.477807
10.0220375
8.061955
9.150418
8.8230295
8.389345
9.805196
9.36726
8.28305
9.044123
8.278798
8.82728
8.716734
8.82728
7.955661
8.8230295
8.061955
8.389345
8.610438
8.716734
8.8230295
8.716734
9.260964
8.610438
8.716734
7.6282716
7.3008823
8.716734
8.1725025
9.698901
9.911491
8.389345
10.349427
9.800944
9.69465
10.23888
8.385093
8.8230295
9.69465
8.1725025
9.044123
8.1725025
8.066207
8.716734
7.6282716
8.937827
7.738818
8.066207
7.415681
6.87145
7.632523
8.066207
8.066207
8.066207
7.0882916
8.504144
8.610438
7.305134
7.8451138
7.955661
8.716734
8.82728
8.716734
8.499891
8.499891
8.28305
9.260964
9.15467
7.521976
8.066207
7.0882916
8.176754
8.287301
7.415681
7.419933
7.526228
7.74307
7.0882916
6.327219
6.760903
8.066207
7.521976
8.610438
7.1988387
7.309386
6.654608
6.544061
6.87145
6.87145
7.849365
7.632523
6.760903
8.176754
8.610438
6.433514
7.955661
7.738818
7.849365
7.0882916
6.981997
6.765155
7.849365
6.5483127
7.305134
6.765155
6.981997
7.0882916
7.305134
8.066207
7.738818
7.415681
7.632523
8.066207
6.760903
7.1945877
8.393597
8.28305
8.287301
6.9777446
7.1945877
6.9777446
6.3229666
7.632523
7.955661
7.955661
7.4114294
7.521976
8.176754
7.1945877
7.849365
8.28305
8.176754
9.039871
8.49564
8.1725025
9.150418
9.256713
8.82728
8.933577
8.933577
9.477807
8.389345
9.260964
8.8230295
9.039871
8.499891
7.738818
7.1945877
7.305134
8.066207
6.544061
7.74307
6.216672
7.1988387
8.287301
8.28305
7.955661
7.738818
7.8451138
8.606187
7.955661
8.606187
8.499891
9.260964
9.371511
7.8451138
8.82728
9.371511
7.849365
7.738818
7.632523
8.499891
8.393597
7.6282716
8.716734
8.061955
7.9599123
7.415681
8.176754
7.415681
8.1725025
7.955661
8.716734
8.606187
8.389345
8.278798
9.150418
9.256713
10.234629
9.3630085
9.36726
9.800944
10.017787
9.146166
9.584103
8.712482
10.345176
10.128334
8.8230295
9.911491
10.017787
9.473556
9.584103
10.017787
9.584103
9.256713
10.017787
9.36726
10.128334
9.150418
9.584103
9.473556
10.562017
10.128334
10.345176
9.473556
9.3630085
10.783112
10.124082
9.907239
10.45147
11.2125435
9.57985
9.146166
9.256713
9.57985
10.455723
10.128334
9.473556
9.800944
10.889407
10.128334
8.70823
10.017787
9.256713
9.907239
10.995702
10.889407
10.6725645
10.885155
9.57985
10.995702
11.101996
9.686145
11.756775
11.101996
11.429386
11.101996
11.208292
10.885155
11.539933
10.340923
10.774608
11.646228
11.425134
11.973618
10.880902
11.318839
10.668313
10.885155
12.079912
10.774608
11.2125435
10.230376
10.013535
11.641976
12.513597
12.951532
13.057828
12.186207
11.646228
12.407301
10.774608
12.084165
11.752523
11.646228
12.951532
11.858818
11.641976
11.965114
11.752523
12.513597
12.292503
10.991449
11.973618
11.752523
11.8630705
12.407301
11.097745
11.535681
11.531429
12.075661
12.947281
12.947281
13.380964
11.969365
12.403049
12.296754
11.748272
11.748272
12.075661
12.186207
13.164123
12.079912
12.292503
12.403049
12.730438
13.164123
13.597807
12.943029
13.483009
13.814649
14.903111
13.5935545
13.376713
13.814649
13.5935545
13.159871
13.380964
13.704102
13.159871
13.380964
14.248333
12.721935
14.575723
14.031491
13.704102
14.031491
14.465176
13.704102
14.142038
14.575723
14.248333
14.031491
13.704102
14.792564
14.248333
15.336795
14.248333
14.02724
14.35888
14.89886
14.575723
15.009407
14.354629
14.35888
13.920944
14.465176
14.682017
14.682017
15.009407
15.009407
13.5935545
14.575723
13.920944
12.943029
14.35888
13.920944
13.5935545
14.792564
14.02724
14.031491
14.682017
14.792564
14.35888
15.009407
14.137786
13.5935545
14.248333
15.009407
13.920944
14.35888
15.119954
13.810397
14.35888
13.810397
13.704102
14.903111
13.810397
13.376713
14.469427
14.142038
13.159871
13.380964
13.48726
13.270417
13.708355
13.380964
14.248333
12.947281
13.925196
13.48726
13.925196
14.031491
13.270417
13.708355
12.836734
13.597807
12.726187
14.252585
13.164123
12.292503
12.619891
13.164123
13.48726
13.274671
13.925196
13.164123
12.730438
13.053576
12.947281
14.142038
13.380964
13.164123
12.726187
13.708355
13.708355
13.164123
13.602058
13.164123
12.296754
13.168375
13.164123
12.513597
12.624144
12.186207
12.951532
11.973618
12.296754
12.730438
12.186207
13.057828
12.513597
12.517848
12.407301
11.8630705
12.186207
13.602058
12.624144
12.619891
12.079912
11.8630705
12.186207
11.969365
11.425134
11.646228
11.973618
11.752523
11.969365
12.190459
12.296754
11.2125435
11.646228
11.429386
11.973618
11.752523
12.190459
11.8630705
10.774608
11.318839
12.624144
11.973618
12.190459
10.991449
10.995702
11.318839
12.301006
11.752523
11.101996
12.734691
11.973618
11.429386
12.079912
11.646228
11.646228
11.101996
11.429386
10.340923
10.6725645
10.889407
12.194712
10.234629
11.2125435
10.017787
10.45147
10.345176
11.433638
11.106249
10.999953
10.6725645
10.234629
10.455723
10.017787
10.345176
10.6725645
10.562017
9.911491
10.783112
10.017787
10.345176
10.345176
10.017787
10.6725645
10.23888
10.562017
10.999953
10.783112
9.800944
10.349427
10.566269
10.6725645
9.256713
10.0220375
10.6725645
9.584103
10.128334
10.0220375
9.69465
10.23888
10.234629
10.562017
10.783112
9.150418
9.477807
9.800944
10.23888
10.783112
9.473556
9.911491
10.459974
9.911491
9.69465
11.216796
10.345176
9.805196
9.36726
10.349427
10.6725645
9.800944
10.017787
10.455723
9.256713
10.999953
10.455723
10.128334
10.999953
9.69465
9.256713
10.0220375
10.349427
10.349427
10.349427
9.473556
10.0220375
9.482059
9.371511
9.15467
9.698901
9.588354
9.15467
10.132585
9.371511
9.15467
10.893659
10.23888
10.23888
10.566269
10.455723
10.0220375
10.893659
10.893659
10.345176
10.455723
10.562017
10.128334
10.132585
10.132585
9.477807
8.610438
9.158921
8.393597
7.305134
8.610438
9.048374
9.477807
9.482059
9.15467
8.28305
9.044123
9.588354
9.809448
9.477807
10.0220375
9.915743
9.260964
10.566269
11.1105
9.69465
10.459974
9.911491
9.477807
9.588354
9.36726
9.915743
9.36726
9.15467
9.15467
9.915743
8.933577
9.048374
9.260964
9.15467
8.720985
9.048374
9.15467
9.477807
8.716734
10.243132
9.805196
8.937827
8.933577
10.02629
10.02629
9.69465
9.915743
10.132585
9.805196
9.36726
9.044123
9.588354
10.132585
9.588354
8.28305
10.349427
9.371511
8.82728
9.592606
9.15467
8.82728
8.504144
9.15467
9.265217
8.610438
8.070459
7.74307
8.504144
9.482059
9.044123
8.499891
8.28305
9.371511
8.937827
9.048374
10.02629
8.610438
8.937827
8.393597
9.482059
8.066207
9.265217
7.955661
8.393597
8.8315325
7.849365
8.937827
8.610438
9.698901
7.955661
9.265217
9.698901
8.937827
8.82728
9.15467
9.915743
9.371511
8.82728
9.809448
8.610438
8.937827
8.720985
8.610438
8.504144
8.1725025
9.809448
8.393597
8.393597
8.720985
8.614691
8.8315325
8.610438
9.265217
8.614691
7.849365
7.9599123
8.614691
8.176754
9.15467
8.176754
8.720985
7.9599123
8.937827
8.610438
8.066207
8.393597
7.849365
8.937827
8.8315325
8.614691
8.066207
8.287301
7.632523
8.393597
7.9599123
7.849365
7.74307
7.9599123
7.632523
7.74307
7.9599123
7.74307
7.521976
8.610438
8.82728
8.28305
9.044123
9.150418
7.738818
9.044123
8.49564
9.044123
10.349427
10.128334
9.150418
9.477807
9.039871
9.805196
10.132585
10.0220375
9.15467
8.389345
8.82728
9.805196
9.260964
8.499891
8.8230295
9.044123
10.459974
10.0220375
9.69465
10.566269
10.345176
9.150418
11.216796
9.69465
9.584103
10.999953
9.256713
9.584103
10.128334
10.23888
11.106249
10.349427
10.345176
10.562017
9.256713
9.800944
10.0220375
10.562017
9.36726
9.36726
9.039871
9.69465
9.146166
9.690397
10.23888
9.911491
10.017787
10.345176
10.128334
10.45147
9.907239
11.106249
10.995702
10.557766
10.995702
10.124082
10.345176
10.234629
10.017787
11.2125435
9.57985
9.907239
11.2125435
10.124082
9.3630085
10.017787
10.45147
9.800944
10.234629
10.77886
10.455723
10.234629
10.783112
10.128334
10.45147
10.017787
10.234629
10.340923
11.106249
11.106249
10.45147
10.562017
11.106249
10.45147
11.327342
10.345176
9.57985
10.128334
10.77886
9.800944
10.345176
10.013535
11.433638
11.323091
10.562017
11.544185
9.473556
10.345176
10.995702
11.2125435
10.668313
10.124082
9.796692
9.690397
10.234629
9.256713
10.345176
10.345176
9.800944
10.017787
9.690397
11.216796
9.690397
9.256713
9.690397
9.146166
10.455723
9.800944
9.146166
10.455723
9.907239
8.929324
9.584103
9.039871
9.907239
10.455723
10.017787
9.035619
9.911491
9.907239
9.473556
9.800944
10.017787
8.818777
9.584103
9.36726
10.124082
10.128334
10.128334
10.017787
9.69465
9.800944
7.955661
8.606187
8.606187
8.1725025
8.82728
9.36726
8.49564
9.477807
9.473556
9.039871
8.818777
9.800944
9.584103
8.385093
9.69465
9.36726
9.473556
10.999953
8.929324
9.146166
9.800944
9.57985
9.57985
9.473556
8.712482
8.168251
8.278798
8.061955
8.1725025
8.061955
8.278798
7.5177245
8.1725025
8.933577
8.606187
7.951409
8.1725025
6.8629465
7.305134
7.955661
7.849365
7.6240196
7.4114294
9.044123
7.6282716
7.7345667
8.82728
8.278798
7.7345667
8.716734
7.8451138
6.9777446
8.1725025
7.0840406
7.4114294
8.28305
7.3008823
7.4114294
7.6282716
7.4114294
8.28305
7.955661
5.99983
7.1988387
7.632523
7.1945877
6.3229666
7.4114294
7.521976
6.6503563
7.305134
7.0840406
6.216672
6.8671985
6.9734936
6.8671985
6.539809
6.9777446
7.305134
8.066207
6.3229666
6.9777446
6.7566514
6.9777446
6.8671985
6.9734936
6.539809
7.0882916
6.433514
6.216672
7.1945877
6.539809
6.9777446
7.6282716
6.216672
6.87145
6.9777446
6.327219
6.4377656
5.8892827
5.5661454
7.0882916
6.110377
6.0040812
6.110377
6.110377
6.0040812
6.5483127
6.433514
5.0219145
5.7829876
5.8892827
6.327219
6.654608
7.0882916
7.1988387
6.760903
6.760903
7.738818
7.6282716
6.8671985
8.066207
6.9777446
5.99983
6.8671985
5.99983
6.216672
7.415681
5.5661454
6.765155
6.110377
7.0882916
6.106125
7.1945877
7.1945877
6.760903
8.176754
6.8671985
7.3008823
7.738818
7.3008823
7.7345667
7.6282716
7.7345667
8.499891
7.5177245
7.3008823
8.1725025
8.1725025
7.4114294
7.6282716
7.1903353
7.8451138
8.1725025
7.5177245
7.4114294
7.7345667
8.393597
8.716734
7.951409
9.371511
7.8451138
7.0840406
7.738818
8.278798
7.840862
9.150418
9.584103
8.28305
8.8230295
8.278798
8.716734
7.951409
7.7345667
9.36726
8.49564
8.606187
8.278798
7.5177245
8.606187
9.039871
8.061955
8.933577
9.039871
8.061955
9.473556
9.690397
9.473556
9.039871
9.584103
9.256713
8.385093
8.933577
8.712482
7.951409
9.473556
8.49564
9.473556
9.146166
8.491387
9.584103
8.163999
8.601935
7.7345667
8.8230295
8.278798
7.840862
7.7345667
8.606187
7.5134726
7.7345667
7.7345667
8.057704
7.8451138
8.929324
8.389345
8.389345
8.057704
9.69465
8.712482
9.473556
9.039871
9.256713
8.601935
7.7303147
8.8230295
9.69465
7.7345667
8.28305
6.8629465
7.955661
7.4114294
7.5177245
7.4114294
8.061955
8.1725025
8.168251
7.1903353
6.8629465
7.8451138
7.4114294
6.6503563
7.6282716
8.606187
8.1725025
8.061955
8.278798
7.4071774
7.3008823
7.7345667
8.716734
7.5177245
7.4071774
8.389345
7.5177245
7.0840406
6.6461043
7.0840406
6.21242
7.738818
6.9734936
7.738818
7.1945877
5.668189
6.9777446
6.3229666
6.433514
7.4114294
7.849365
7.1945877
6.106125
6.216672
6.87145
7.632523
6.3229666
7.0882916
6.6503563
6.8671985
6.429262
6.3229666
7.3008823
7.632523
6.429262
6.106125
6.539809
7.305134
6.9777446
6.7566514
7.305134
7.4114294
6.433514
7.521976
6.9777446
7.632523
6.539809
6.327219
6.87145
6.216672
6.110377
6.6503563
7.849365
7.738818
7.1945877
7.7345667
7.7345667
8.49564
8.49564
8.061955
8.061955
7.4114294
7.305134
7.3008823
7.738818
7.6282716
8.1725025
6.3229666
7.305134
7.521976
7.4114294
6.7566514
6.9777446
6.6503563
7.0882916
5.8892827
5.5618935
7.738818
6.8671985
7.6282716
8.278798
8.1725025
8.066207
8.1725025
6.6461043
8.278798
8.389345
7.7345667
9.039871
9.044123
8.8230295
7.840862
7.1945877
6.9734936
7.632523
7.738818
7.7345667
7.8451138
7.8451138
6.760903
7.305134
7.74307
8.389345
8.389345
8.49564
8.061955
8.606187
8.712482
8.49564
9.256713
8.712482
8.278798
7.951409
8.8230295
8.274546
8.929324
9.146166
8.712482
8.712482
9.256713
8.929324
8.712482
8.8230295
9.69465
9.800944
8.712482
9.584103
8.601935
9.039871
9.146166
9.256713
9.911491
8.929324
10.345176
9.256713
8.385093
9.035619
9.256713
9.584103
9.146166
9.146166
9.473556
10.017787
9.36726
9.256713
9.36726
9.690397
10.128334
10.128334
9.256713
9.800944
9.039871
10.0220375
9.256713
8.385093
10.128334
9.473556
10.234629
9.256713
9.035619
10.345176
9.690397
9.256713
9.800944
9.584103
9.256713
9.907239
9.473556
10.45147
9.3630085
10.128334
8.38084
11.216796
10.234629
9.907239
9.473556
9.690397
9.473556
8.601935
10.017787
9.473556
9.473556
9.473556
9.3630085
10.562017
10.017787
8.385093
9.800944
9.690397
9.690397
9.584103
10.017787
9.690397
10.77886
10.013535
9.146166
9.473556
10.017787
10.234629
10.77886
10.345176
9.252461
9.473556
9.473556
9.57985
10.345176
9.907239
9.146166
9.690397
9.473556
9.146166
9.252461
10.128334
10.128334
8.389345
9.911491
9.473556
10.345176
9.690397
9.3630085
9.800944
9.252461
9.690397
9.690397
10.124082
10.345176
9.796692
9.907239
9.800944
9.690397
9.57985
9.473556
9.57985
10.128334
9.57985
9.800944
9.584103
9.035619
10.017787
10.889407
9.57985
9.69465
9.473556
10.345176
10.017787
9.800944
9.3630085
9.690397
9.035619
9.800944
9.800944
9.800944
9.911491
10.234629
10.23888
9.473556
10.017787
9.256713
9.800944
9.690397
10.017787
9.69465
9.911491
9.911491
10.455723
9.911491
10.6725645
9.800944
9.690397
10.889407
9.800944
9.907239
10.889407
10.889407
9.800944
9.146166
10.455723
10.017787
9.146166
10.783112
9.584103
9.36726
9.584103
9.473556
10.128334
9.473556
9.800944
10.23888
9.035619
10.128334
9.584103
10.23888
10.999953
9.473556
8.929324
10.562017
9.473556
10.017787
10.345176
10.017787
9.473556
9.800944
10.45147
10.013535
10.995702
10.340923
11.539933
10.77886
10.234629
9.690397
9.3630085
10.234629
11.327342
10.6725645
9.035619
11.216796
9.800944
10.345176
10.23888
10.128334
10.128334
10.783112
10.234629
9.907239
10.562017
9.3630085
10.455723
10.017787
10.562017
11.106249
10.45147
10.889407
10.017787
10.345176
9.584103
10.017787
11.1105
10.124082
10.340923
11.216796
11.539933
10.124082
10.017787
9.907239
10.455723
10.995702
10.562017
11.323091
11.539933
10.345176
10.345176
9.907239
10.6725645
10.45147
10.124082
10.562017
10.345176
10.562017
10.345176
10.345176
11.106249
10.234629
11.2125435
11.101996
11.433638
11.106249
10.77886
10.124082
11.216796
10.77886
9.57985
10.999953
10.995702
11.539933
11.2125435
11.646228
11.101996
11.65048
11.318839
11.867322
11.429386
11.429386
10.995702
12.628395
11.429386
10.668313
11.429386
10.995702
11.539933
11.756775
11.429386
10.995702
11.973618
11.318839
10.668313
11.2125435
11.318839
10.562017
11.756775
11.429386
11.539933
11.539933
11.101996
10.340923
11.2125435
11.535681
11.429386
12.079912
11.969365
12.845238
11.8630705
12.513597
11.8630705
11.973618
12.513597
11.8630705
12.951532
12.079912
12.407301
11.097745
12.517848
11.8630705
11.752523
12.517848
12.190459
11.752523
12.079912
12.734691
12.840985
11.208292
12.079912
10.774608
11.756775
11.973618
11.425134
11.867322
12.301006
11.752523
12.845238
12.190459
11.535681
12.734691
11.973618
12.079912
12.079912
12.845238
11.752523
11.973618
11.535681
10.336672
11.973618
12.624144
10.991449
12.407301
12.624144
11.425134
11.425134
12.734691
11.752523
12.296754
12.407301
11.858818
13.602058
12.836734
12.186207
13.491511
12.403049
13.491511
12.292503
12.947281
13.491511
12.075661
13.274671
12.186207
11.969365
12.403049
12.730438
13.929449
12.730438
13.380964
13.385218
12.075661
11.858818
13.057828
12.292503
13.057828
13.385218
12.186207
12.513597
12.840985
12.403049
12.509345
12.619891
12.947281
13.159871
13.164123
13.270417
14.142038
14.469427
12.513597
12.947281
11.748272
12.840985
12.619891
12.947281
12.619891
12.186207
12.840985
12.840985
12.186207
13.168375
13.602058
13.385218
13.168375
12.186207
12.840985
12.075661
13.164123
11.965114
13.385218
12.947281
12.292503
14.035743
13.380964
13.380964
12.947281
12.726187
13.380964
12.619891
13.380964
12.730438
12.296754
12.186207
12.619891
12.730438
12.296754
11.969365
12.079912
12.840985
12.075661
11.8630705
12.296754
13.062079
11.752523
11.752523
12.840985
12.730438
12.619891
13.380964
13.380964
12.513597
12.730438
12.840985
12.947281
12.079912
11.969365
12.951532
12.190459
11.969365
12.951532
11.641976
12.951532
11.641976
12.840985
12.403049
12.296754
13.274671
13.818902
13.708355
12.075661
13.380964
13.602058
12.836734
14.142038
13.597807
14.256837
13.053576
13.818902
13.925196
13.164123
13.925196
12.509345
14.363132
13.597807
13.597807
13.818902
12.726187
12.730438
12.296754
13.708355
13.602058
12.624144
12.947281
12.624144
11.969365
12.513597
12.947281
11.969365
13.274671
12.726187
12.730438
13.818902
12.619891
12.836734
12.726187
13.602058
13.274671
13.814649
13.164123
13.708355
13.48726
14.031491
13.380964
13.159871
13.164123
13.053576
13.057828
12.836734
13.057828
12.624144
12.292503
13.164123
13.057828
12.513597
13.274671
12.407301
12.190459
12.403049
12.730438
12.836734
13.057828
12.836734
13.385218
12.836734
13.270417
14.035743
13.708355
13.270417
13.053576
13.597807
13.597807
12.726187
13.708355
12.730438
12.292503
12.836734
12.186207
12.403049
12.403049
11.425134
11.858818
11.858818
12.407301
11.641976
11.752523
12.407301
12.517848
11.646228
12.079912
11.8630705
11.429386
11.973618
11.097745
12.624144
11.969365
11.314588
11.641976
12.186207
11.208292
12.407301
12.296754
11.318839
11.535681
11.208292
11.429386
11.318839
10.885155
11.539933
10.885155
10.557766
10.668313
10.885155
9.792441
10.557766
11.318839
10.991449
11.318839
11.318839
11.101996
10.991449
10.557766
10.336672
10.447219
9.9029875
10.230376
10.995702
10.668313
10.340923
11.323091
10.557766
10.124082
11.2125435
10.774608
9.469303
10.234629
9.686145
9.796692
9.907239
9.796692
10.345176
10.889407
9.035619
9.3630085
9.690397
10.124082
10.562017
9.796692
9.907239
10.45147
10.995702
9.57985
10.017787
10.45147
10.668313
9.796692
10.77886
10.45147
9.907239
9.473556
10.017787
9.800944
8.38084
9.473556
9.690397
9.800944
9.800944
9.035619
10.128334
9.256713
9.146166
9.035619
10.017787
9.3630085
9.690397
9.146166
9.035619
10.234629
9.256713
9.252461
9.473556
9.796692
9.3630085
9.907239
9.911491
9.800944
8.70823
9.146166
8.491387
8.929324
9.800944
9.3630085
9.907239
9.256713
9.473556
9.146166
10.017787
9.150418
8.8230295
9.146166
10.234629
10.017787
9.252461
9.584103
8.601935
8.601935
9.690397
9.690397
9.690397
10.128334
9.584103
10.128334
9.800944
9.3630085
10.345176
9.36726
10.234629
9.690397
8.601935
9.690397
9.256713
9.146166
10.017787
9.36726
8.168251
8.933577
9.584103
8.929324
9.69465
9.690397
9.150418
8.606187
9.256713
8.8230295
9.584103
9.800944
9.256713
9.3630085
9.146166
8.49564
10.345176
9.584103
9.477807
9.039871
8.601935
9.150418
9.473556
8.933577
8.061955
8.168251
8.389345
9.150418
9.044123
7.8451138
7.7345667
8.1725025
7.5177245
7.955661
8.389345
7.305134
6.9777446
6.760903
8.066207
7.3008823
8.610438
7.521976
7.0840406
8.393597
8.1725025
7.6282716
7.5177245
8.061955
7.7345667
8.389345
8.385093
7.955661
7.6282716
7.6282716
8.176754
8.176754
6.433514
7.305134
6.87145
6.760903
8.070459
7.521976
6.544061
7.849365
7.955661
6.6503563
7.738818
7.4114294
7.4114294
8.610438
7.6282716
7.955661
8.933577
8.278798
7.8451138
9.805196
9.039871
7.4071774
8.82728
7.1903353
8.1725025
7.6282716
8.1725025
7.0840406
8.393597
7.4114294
6.3229666
8.82728
6.7566514
7.0882916
7.849365
7.521976
7.1945877
7.738818
7.738818
6.9777446
8.066207
7.738818
6.8671985
7.6282716
7.3008823
8.82728
8.061955
8.933577
8.278798
7.7345667
9.044123
7.4071774
7.738818
8.393597
7.6282716
7.849365
7.738818
7.3008823
6.8671985
5.995578
7.305134
7.521976
7.0840406
8.066207
8.066207
6.429262
7.1945877
7.8451138
6.7566514
7.6282716
7.1903353
7.0840406
7.8451138
8.49564
6.429262
8.389345
8.49564
7.738818
7.7345667
7.079788
7.951409
9.150418
7.951409
8.49564
8.49564
8.061955
7.3008823
8.28305
7.6282716
7.4114294
7.5177245
7.738818
6.6461043
6.7566514
7.6282716
7.6282716
8.061955
8.389345
8.716734
7.7345667
8.712482
9.150418
8.929324
7.079788
8.278798
8.8230295
7.951409
7.951409
7.4071774
8.061955
7.5177245
7.5177245
8.8230295
8.061955
9.260964
8.278798
8.389345
8.28305
7.7345667
8.278798
8.606187
7.3008823
7.8451138
8.8230295
8.061955
8.385093
7.840862
8.278798
8.712482
8.278798
8.929324
8.70823
8.385093
9.800944
9.473556
7.840862
8.712482
8.278798
8.385093
8.168251
8.601935
8.712482
8.168251
8.168251
7.6240196
9.473556
9.473556
8.929324
8.601935
9.146166
8.606187
9.146166
9.584103
9.035619
9.146166
9.473556
9.473556
9.3630085
8.274546
9.800944
9.473556
9.146166
9.473556
9.035619
8.49564
9.256713
8.929324
9.907239
9.584103
9.035619
8.168251
9.146166
9.800944
8.70823
9.69465
9.256713
9.473556
9.800944
9.146166
8.168251
9.800944
8.491387
9.473556
9.3630085
9.584103
9.146166
9.800944
8.818777
9.039871
9.3630085
8.601935
9.473556
9.146166
9.3630085
8.818777
9.690397
9.146166
9.3630085
9.3630085
9.473556
8.818777
8.274546
9.690397
9.146166
9.800944
9.690397
9.3630085
8.818777
9.146166
8.929324
9.3630085
8.929324
9.252461
9.3630085
9.473556
9.256713
8.929324
9.035619
8.601935
9.146166
9.800944
8.491387
8.929324
9.690397
9.907239
9.57985
9.473556
8.163999
8.712482
9.800944
8.818777
9.3630085
9.690397
9.473556
9.256713
9.146166
8.818777
9.035619
9.473556
9.039871
8.163999
8.491387
8.925072
9.800944
9.035619
9.800944
9.907239
10.345176
10.124082
8.929324
9.3630085
9.035619
9.146166
8.929324
10.017787
9.800944
9.473556
9.800944
9.473556
9.3630085
9.256713
9.256713
9.584103
9.256713
8.818777
8.601935
9.3630085
9.252461
9.256713
9.256713
8.274546
9.039871
8.385093
8.712482
9.584103
8.818777
9.256713
8.818777
9.3630085
9.584103
8.929324
8.929324
9.690397
8.385093
9.473556
9.473556
9.039871
9.36726
8.278798
9.256713
8.712482
9.473556
8.818777
9.584103
9.146166
8.818777
9.3630085
8.601935
8.818777
9.800944
9.473556
9.146166
9.800944
9.3630085
8.491387
9.800944
8.491387
8.712482
9.256713
8.929324
9.473556
8.712482
8.929324
9.150418
9.256713
9.473556
9.039871
8.601935
8.168251
8.712482
9.039871
9.039871
9.36726
8.061955
8.606187
8.818777
8.49564
10.345176
8.70823
8.712482
8.491387
9.035619
8.929324
8.818777
8.8230295
8.601935
9.039871
8.385093
8.389345
8.8230295
7.079788
7.0840406
6.9777446
7.6282716
7.0840406
7.738818
7.849365
7.4114294
7.1945877
7.6282716
7.1945877
7.1945877
8.499891
8.1725025
7.955661
8.061955
8.499891
8.278798
8.49564
8.606187
8.278798
8.389345
8.82728
8.606187
8.606187
8.49564
8.8230295
8.499891
7.6282716
7.5177245
6.544061
7.1945877
6.760903
7.1945877
6.87145
7.8451138
6.6503563
7.849365
7.4114294
6.6503563
7.955661
8.82728
7.0840406
8.499891
8.061955
8.28305
8.49564
8.933577
8.278798
7.7345667
8.28305
7.8451138
8.933577
8.82728
7.6282716
7.955661
6.9777446
6.9777446
6.9777446
8.176754
8.28305
6.9734936
8.610438
7.7345667
7.521976
8.1725025
8.389345
8.28305
8.610438
7.8451138
7.305134
8.28305
8.066207
8.499891
6.8671985
8.937827
7.6282716
7.305134
7.5177245
8.393597
7.738818
8.1725025
7.738818
7.1945877
7.849365
7.305134
6.9777446
7.9599123
7.4114294
7.0882916
8.610438
7.6282716
7.521976
6.760903
6.9777446
6.216672
8.287301
7.1945877
6.87145
8.176754
8.066207
8.28305
7.955661
8.389345
8.28305
6.7566514
7.4114294
8.610438
7.738818
8.176754
8.504144
7.1945877
7.849365
6.544061
6.87145
7.305134
7.415681
7.849365
7.849365
8.066207
7.849365
8.176754
7.9599123
7.305134
6.760903
7.521976
7.1945877
6.6503563
7.9599123
7.4114294
6.9777446
8.610438
8.066207
7.521976
7.849365
8.82728
9.260964
8.061955
9.039871
7.8451138
8.061955
8.606187
8.389345
8.716734
8.168251
8.278798
9.044123
8.606187
8.393597
9.044123
8.28305
7.955661
7.738818
7.521976
8.937827
8.716734
7.738818
8.937827
7.955661
6.9777446
8.82728
8.82728
7.3008823
8.393597
8.716734
8.82728
8.061955
8.49564
9.044123
9.371511
9.36726
8.278798
10.0220375
9.584103
9.588354
9.256713
9.36726
9.146166
9.371511
8.82728
8.606187
7.738818
8.389345
9.260964
8.393597
8.499891
8.933577
8.610438
8.499891
9.260964
8.933577
9.044123
8.49564
8.061955
9.260964
10.345176
9.146166
10.6725645
9.800944
9.800944
9.584103
10.45147
10.562017
10.234629
11.106249
9.473556
10.017787
9.690397
9.800944
10.6725645
9.584103
9.36726
9.473556
10.455723
9.690397
10.6725645
9.800944
10.455723
10.345176
9.690397
10.566269
10.234629
9.907239
10.889407
10.345176
11.323091
10.995702
10.885155
11.535681
12.407301
10.774608
11.208292
10.991449
11.646228
11.318839
10.447219
10.885155
10.995702
11.429386
10.234629
10.77886
10.885155
11.539933
11.2125435
11.539933
10.885155
10.557766
11.101996
12.407301
11.973618
11.867322
10.774608
11.756775
11.318839
11.756775
12.840985
11.858818
11.646228
12.517848
12.079912
12.951532
12.840985
12.079912
12.845238
10.880902
12.407301
10.885155
12.084165
11.969365
10.991449
12.517848
11.2125435
10.885155
11.867322
11.8630705
10.995702
11.429386
11.646228
12.190459
11.208292
12.845238
13.168375
12.403049
11.752523
11.969365
13.057828
12.947281
13.270417
13.164123
13.385218
12.836734
13.164123
13.274671
13.164123
13.929449
12.730438
13.491511
12.296754
12.947281
13.491511
13.712605
12.619891
13.057828
13.057828
12.730438
12.075661
13.385218
13.491511
13.164123
13.057828
13.818902
13.164123
13.057828
12.403049
14.035743
13.818902
13.491511
14.142038
13.48726
14.252585
14.031491
13.708355
13.270417
13.708355
14.252585
13.814649
13.708355
14.035743
13.708355
13.929449
12.186207
12.624144
13.057828
12.407301
12.403049
12.513597
12.624144
12.513597
12.075661
12.951532
14.035743
13.057828
13.164123
13.708355
14.68627
14.35888
14.796817
14.35888
14.035743
13.925196
13.814649
13.708355
13.270417
14.469427
13.925196
13.380964
13.597807
13.925196
14.796817
13.708355
13.925196
14.68627
14.142038
14.142038
14.579974
14.142038
14.031491
13.057828
13.274671
13.818902
13.814649
14.35888
14.469427
14.903111
13.380964
13.597807
13.597807
14.142038
13.48726
14.142038
14.792564
14.142038
14.248333
14.35888
14.142038
14.248333
15.013659
14.68627
13.708355
14.575723
14.142038
14.142038
14.252585
14.035743
14.252585
14.469427
13.380964
12.943029
13.818902
14.469427
13.491511
13.491511
13.818902
13.164123
13.491511
13.929449
14.579974
14.035743
13.597807
13.708355
14.142038
14.252585
14.031491
14.035743
13.814649
13.708355
12.509345
13.602058
13.380964
13.818902
12.947281
12.947281
13.712605
12.730438
12.513597
12.951532
12.186207
12.730438
13.602058
12.947281
13.712605
12.947281
12.513597
12.836734
14.14629
13.385218
12.513597
12.840985
12.947281
12.730438
13.164123
12.292503
12.840985
12.951532
12.513597
12.951532
12.079912
12.296754
12.190459
13.495763
12.407301
12.301006
12.407301
11.535681
11.8630705
12.734691
12.730438
12.624144
11.535681
12.190459
12.407301
11.429386
12.517848
12.624144
12.407301
12.190459
13.385218
12.951532
12.513597
13.712605
12.403049
12.296754
12.296754
13.274671
13.168375
12.296754
12.079912
12.190459
12.517848
11.973618
12.301006
12.079912
11.756775
11.429386
11.318839
11.756775
11.646228
10.774608
11.429386
12.079912
10.885155
11.539933
11.101996
11.318839
12.845238
12.513597
12.734691
11.535681
11.646228
12.296754
11.752523
13.062079
12.951532
11.756775
10.774608
12.411553
11.429386
11.756775
11.646228
11.646228
10.668313
10.124082
10.234629
10.885155
10.45147
11.106249
11.433638
10.783112
10.995702
10.562017
11.106249
10.885155
11.106249
11.323091
11.323091
11.977869
10.995702
11.318839
10.77886
10.995702
10.774608
11.106249
10.995702
10.124082
11.761026
10.995702
10.128334
10.128334
10.77886
10.562017
11.216796
10.345176
10.45147
10.889407
10.668313
10.999953
10.889407
11.539933
11.433638
10.889407
11.101996
11.106249
10.124082
10.562017
10.995702
11.323091
10.562017
10.77886
10.447219
10.995702
10.995702
10.77886
11.65048
11.539933
11.323091
11.106249
10.668313
11.106249
11.216796
11.106249
9.690397
10.345176
11.323091
10.889407
10.234629
10.128334
10.889407
10.6725645
10.6725645
10.017787
9.907239
11.216796
11.433638
10.124082
10.77886
10.995702
9.907239
10.234629
10.995702
10.562017
10.345176
10.128334
10.128334
10.6725645
10.345176
10.345176
9.690397
9.3630085
10.128334
10.345176
10.234629
10.345176
10.128334
10.783112
9.584103
10.6725645
10.128334
10.455723
10.017787
10.6725645
10.6725645
9.584103
10.6725645
10.6725645
10.128334
10.6725645
9.907239
11.216796
10.455723
9.256713
10.345176
10.128334
10.017787
10.455723
9.473556
10.128334
9.800944
9.256713
10.349427
10.455723
9.907239
10.455723
10.0220375
10.23888
9.584103
9.911491
10.017787
10.0220375
9.800944
10.017787
10.455723
10.349427
9.473556
10.6725645
10.128334
9.69465
10.783112
10.128334
10.017787
10.017787
10.128334
9.911491
9.800944
9.69465
9.584103
9.3630085
9.911491
9.690397
9.907239
10.017787
9.911491
9.69465
10.0220375
10.017787
10.23888
10.128334
10.23888
9.150418
10.345176
10.128334
9.256713
9.256713
9.584103
9.911491
10.345176
10.128334
9.473556
9.36726
9.584103
10.345176
10.45147
10.234629
10.345176
9.69465
9.473556
10.345176
10.45147
9.146166
10.345176
10.017787
9.690397
9.473556
9.690397
9.3630085
10.017787
9.690397
9.800944
10.349427
9.690397
9.911491
9.584103
10.128334
10.017787
10.455723
10.345176
9.473556
10.783112
9.473556
10.017787
10.6725645
10.45147
9.473556
10.889407
9.690397
9.473556
9.3630085
10.345176
10.017787
9.57985
10.234629
9.907239
10.562017
10.562017
10.017787
9.800944
9.256713
9.800944
9.256713
9.039871
10.23888
9.907239
10.6725645
10.345176
9.907239
10.345176
10.995702
9.473556
10.889407
10.668313
10.124082
11.106249
11.756775
10.124082
9.796692
11.323091
10.995702
10.45147
10.124082
11.106249
10.45147
9.690397
9.690397
9.3630085
10.017787
9.473556
10.017787
9.584103
9.473556
10.128334
9.473556
9.584103
10.128334
9.800944
9.911491
9.911491
10.345176
9.800944
10.340923
10.999953
9.57985
10.234629
10.45147
10.124082
10.128334
10.77886
9.3630085
9.907239
10.6725645
10.77886
9.907239
10.345176
10.345176
10.017787
9.256713
9.146166
9.256713
10.345176
10.455723
10.6725645
9.584103
9.36726
10.017787
10.345176
9.911491
9.473556
9.473556
9.3630085
10.562017
9.800944
9.800944
8.818777
9.69465
10.017787
10.345176
9.690397
9.800944
10.345176
10.455723
9.690397
10.455723
9.3630085
9.473556
9.690397
9.584103
10.017787
9.690397
10.889407
10.017787
10.234629
10.23888
9.800944
9.584103
10.128334
9.473556
10.345176
9.146166
10.455723
9.690397
10.017787
9.907239
10.6725645
10.017787
9.800944
9.146166
10.345176
10.017787
9.584103
9.146166
9.584103
10.345176
10.455723
9.035619
10.6725645
9.690397
9.473556
9.800944
10.345176
10.23888
10.017787
9.907239
10.128334
8.818777
9.256713
10.017787
10.6725645
10.340923
10.234629
9.800944
10.128334
10.128334
10.234629
10.234629
10.668313
9.690397
10.124082
10.6725645
10.77886
10.124082
10.557766
10.562017
9.686145
10.234629
10.45147
9.690397
11.106249
10.340923
10.889407
10.124082
9.907239
9.256713
9.800944
9.690397
9.907239
8.818777
10.999953
10.345176
9.473556
10.124082
10.562017
10.124082
10.017787
9.252461
9.800944
10.45147
10.999953
9.252461
9.584103
9.796692
9.800944
9.473556
9.800944
10.234629
10.124082
10.6725645
10.562017
9.800944
9.907239
9.584103
9.584103
9.473556
9.907239
9.256713
9.146166
10.23888
10.234629
9.69465
9.473556
10.345176
10.124082
10.562017
10.45147
9.473556
9.800944
10.017787
10.345176
9.252461
10.889407
9.690397
10.562017
10.340923
10.124082
10.995702
9.3630085
10.562017
10.668313
9.3630085
10.45147
10.234629
10.562017
10.017787
10.455723
10.017787
9.690397
9.36726
10.128334
9.57985
10.345176
9.146166
9.252461
9.473556
9.690397
9.3630085
9.690397
9.039871
10.562017
10.45147
10.562017
10.45147
10.6725645
10.345176
10.557766
9.035619
10.234629
10.45147
10.562017
10.340923
10.889407
9.57985
9.035619
10.345176
9.690397
9.57985
10.017787
10.345176
9.473556
10.128334
9.256713
9.3630085
9.911491
10.345176
9.252461
9.473556
9.584103
9.690397
9.907239
9.57985
10.345176
10.017787
10.124082
9.57985
9.690397
10.77886
9.690397
10.128334
10.77886
9.690397
9.800944
10.557766
9.907239
10.995702
10.124082
10.124082
9.907239
10.562017
9.690397
10.017787
9.473556
9.473556
9.907239
10.6725645
10.234629
9.252461
9.690397
9.796692
9.469303
10.128334
9.57985
9.907239
11.106249
10.45147
9.690397
10.017787
10.124082
9.57985
10.455723
10.668313
9.800944
9.252461
9.473556
10.234629
10.124082
10.234629
10.234629
10.124082
10.128334
9.146166
9.800944
10.345176
9.907239
8.929324
10.455723
9.146166
9.584103
9.584103
10.345176
10.128334
9.035619
10.128334
10.345176
10.017787
10.6725645
9.473556
9.907239
9.256713
9.146166
10.562017
10.6725645
9.256713
10.455723
10.017787
8.929324
9.473556
9.035619
10.783112
10.017787
9.035619
10.128334
8.818777
9.035619
10.0220375
9.690397
9.584103
9.911491
9.146166
9.911491
9.584103
9.800944
9.477807
10.128334
9.146166
9.256713
9.800944
9.146166
10.23888
9.473556
9.477807
8.712482
9.039871
10.017787
9.150418
8.929324
8.712482
9.911491
9.150418
8.49564
8.49564
8.49564
9.260964
8.8230295
7.7345667
8.499891
7.955661
8.933577
7.738818
9.371511
8.606187
8.1725025
7.955661
7.6282716
8.716734
7.7345667
7.305134
8.937827
8.1725025
8.28305
9.15467
8.1725025
7.5177245
8.937827
8.28305
8.716734
8.389345
7.6282716
8.937827
8.716734
7.738818
8.499891
7.6282716
8.716734
7.4114294
8.393597
8.066207
8.176754
6.760903
7.9599123
7.305134
7.632523
7.738818
8.176754
7.305134
8.393597
8.610438
7.521976
8.393597
7.738818
7.1945877
7.738818
8.499891
9.044123
8.499891
7.955661
8.393597
7.8451138
8.1725025
8.82728
8.610438
7.955661
8.28305
7.849365
7.9599123
7.849365
7.521976
7.849365
8.066207
7.521976
7.521976
7.9599123
8.504144
7.849365
7.415681
7.415681
7.305134
8.504144
7.632523
7.0882916
8.937827
7.0840406
6.981997
7.526228
7.74307
7.738818
7.305134
8.393597
6.9777446
7.74307
7.738818
7.521976
8.610438
8.720985
8.82728
7.521976
7.1988387
7.632523
8.176754
7.1988387
7.305134
7.632523
7.74307
6.760903
7.632523
7.9599123
7.521976
7.632523
8.176754
7.632523
8.393597
8.176754
7.955661
7.632523
7.8451138
7.0840406
7.0840406
7.0882916
8.610438
7.955661
7.305134
8.610438
7.738818
7.1945877
8.610438
9.044123
7.632523
8.176754
7.632523
6.9777446
8.1725025
8.287301
8.070459
7.849365
6.654608
8.070459
6.87145
7.415681
8.287301
8.176754
7.1988387
7.632523
7.632523
8.393597
8.720985
8.82728
7.1945877
6.9777446
6.654608
8.181006
8.287301
7.849365
7.632523
7.0882916
8.287301
7.305134
6.87145
7.1988387
7.415681
7.955661
8.066207
7.526228
8.070459
6.760903
5.7829876
7.309386
7.526228
6.87145
6.4377656
7.092544
6.981997
6.765155
6.544061
7.309386
7.849365
6.327219
7.74307
8.287301
7.632523
7.9599123
7.1988387
8.176754
8.066207
6.760903
7.9599123
7.632523
6.760903
7.9599123
8.070459
7.1988387
6.544061
6.87145
7.415681
8.070459
7.1988387
6.87145
7.853617
7.309386
7.526228
7.74307
7.1988387
7.309386
7.203091
6.4377656
7.1988387
6.87145
7.853617
7.305134
8.287301
7.526228
7.415681
7.0882916
6.654608
7.309386
7.9599123
7.309386
6.654608
8.504144
8.287301
7.415681
7.74307
7.1988387
7.415681
7.1988387
8.397848
8.287301
7.526228
6.4377656
7.853617
7.309386
7.415681
7.74307
7.309386
8.070459
7.74307
6.4377656
6.765155
7.305134
7.9599123
7.9599123
7.526228
8.070459
7.4114294
8.397848
7.74307
7.9599123
7.521976
6.9777446
7.74307
8.504144
7.1945877
8.287301
8.720985
7.632523
7.74307
7.632523
7.305134
8.176754
7.305134
7.632523
7.526228
8.176754
7.526228
7.849365
7.4114294
8.070459
7.9599123
7.74307
6.87145
7.9599123
7.526228
7.415681
7.1945877
8.614691
7.849365
8.070459
8.066207
7.849365
8.504144
8.610438
8.28305
8.82728
8.82728
9.698901
9.588354
8.1725025
9.698901
8.606187
9.260964
9.371511
8.610438
8.28305
7.849365
7.74307
8.614691
6.765155
7.309386
7.74307
6.4377656
8.287301
7.415681
6.760903
9.048374
8.499891
7.9599123
8.82728
8.716734
9.482059
8.716734
9.044123
8.176754
8.499891
7.8451138
9.371511
8.28305
9.809448
7.4114294
7.74307
8.720985
7.849365
8.937827
8.393597
7.849365
8.937827
8.393597
9.265217
8.499891
7.8451138
8.937827
9.044123
9.044123
8.716734
9.044123
9.044123
8.066207
8.1725025
8.937827
9.15467
8.499891
9.809448
9.69465
9.371511
9.482059
8.610438
8.499891
7.955661
9.698901
10.459974
8.8230295
9.36726
9.69465
9.039871
9.690397
11.327342
10.017787
10.783112
10.455723
10.349427
9.584103
9.69465
9.260964
9.36726
9.588354
10.455723
9.588354
9.584103
10.783112
10.349427
9.473556
10.455723
10.128334
10.128334
10.6725645
10.889407
10.234629
10.345176
11.216796
11.106249
9.800944
11.106249
9.690397
10.345176
9.907239
10.017787
9.911491
10.345176
10.562017
10.455723
10.128334
10.562017
10.562017
10.345176
11.323091
9.690397
10.345176
10.455723
9.584103
9.57985
10.6725645
10.566269
10.128334
10.999953
10.999953
11.216796
11.106249
10.6725645
10.783112
10.345176
10.6725645
11.216796
10.345176
10.6725645
10.889407
9.911491
9.800944
10.345176
11.327342
10.6725645
10.017787
10.128334
10.345176
11.216796
10.6725645
11.327342
10.234629
9.800944
10.45147
9.805196
10.455723
10.017787
10.0220375
10.783112
10.562017
9.911491
9.36726
10.345176
9.800944
10.017787
10.455723
9.473556
10.128334
10.999953
10.889407
10.234629
10.6725645
10.017787
10.345176
11.1105
10.234629
9.907239
10.999953
9.907239
10.6725645
10.455723
9.690397
10.562017
10.23888
10.455723
10.455723
9.584103
9.800944
10.783112
9.800944
9.146166
10.999953
9.473556
10.999953
10.128334
10.562017
10.889407
10.45147
9.907239
10.889407
10.017787
10.562017
10.345176
11.323091
10.45147
10.999953
10.999953
10.128334
10.128334
9.800944
10.128334
10.889407
10.017787
10.128334
10.889407
10.345176
10.889407
11.1105
10.566269
10.017787
9.256713
11.106249
10.783112
10.889407
11.216796
11.216796
11.106249
10.345176
10.999953
10.128334
10.345176
10.999953
10.889407
10.017787
10.455723
10.77886
10.345176
11.106249
10.668313
10.124082
11.323091
10.668313
9.907239
11.65048
11.2125435
11.101996
11.323091
11.539933
11.2125435
10.995702
10.995702
10.562017
11.65048
11.756775
10.885155
12.084165
10.995702
10.774608
11.101996
11.756775
11.646228
11.2125435
11.977869
10.885155
11.65048
11.101996
11.101996
11.429386
11.646228
11.646228
11.429386
11.101996
12.190459
11.646228
11.535681
11.539933
11.8630705
11.646228
11.756775
12.190459
11.646228
11.646228
11.646228
11.8630705
11.646228
12.845238
11.425134
12.194712
12.190459
10.885155
11.101996
11.756775
11.973618
11.65048
11.973618
10.885155
11.646228
11.323091
11.318839
12.084165
11.8630705
11.318839
12.517848
11.8630705
11.973618
12.079912
11.752523
12.079912
12.840985
12.513597
12.407301
12.513597
12.624144
12.730438
11.752523
12.730438
11.8630705
12.840985
12.840985
13.168375
12.947281
11.969365
11.641976
12.840985
11.641976
12.513597
12.624144
13.602058
13.057828
12.624144
13.057828
11.425134
12.407301
12.947281
13.164123
12.296754
12.186207
12.403049
13.712605
13.380964
12.509345
13.818902
13.053576
13.270417
12.730438
13.053576
12.726187
13.053576
13.491511
13.380964
12.619891
12.840985
13.708355
12.836734
13.602058
12.836734
12.947281
12.947281
13.925196
13.376713
14.469427
14.142038
13.920944
13.704102
14.35888
14.682017
14.248333
14.68627
14.792564
14.248333
13.704102
14.792564
14.137786
14.248333
14.792564
15.009407
13.704102
14.031491
13.810397
15.119954
13.920944
14.248333
14.35888
14.792564
14.354629
14.137786
15.009407
14.792564
14.137786
14.89886
14.57147
15.115701
14.137786
15.336795
14.133534
15.332544
14.465176
15.770479
14.460924
15.226248
15.332544
15.549385
14.57147
15.332544
15.226248
15.009407
14.682017
14.89886
14.8946085
14.2440815
15.115701
15.221997
14.792564
15.876775
14.460924
15.443091
15.005156
15.876775
15.987322
14.677766
14.137786
15.770479
14.677766
14.682017
14.57147
15.221997
15.226248
15.443091
14.89886
15.115701
14.792564
14.682017
14.465176
14.465176
14.792564
14.682017
15.005156
14.354629
15.115701
14.2440815
15.226248
13.916693
14.02724
15.221997
14.89886
14.89886
15.005156
14.354629
14.57147
15.005156
15.443091
14.57147
15.332544
14.354629
15.115701
13.920944
13.920944
14.57147
15.659932
14.354629
13.810397
15.009407
14.354629
15.005156
14.89886
14.2440815
15.43884
15.659932
15.005156
15.005156
14.465176
14.354629
15.005156
14.682017
14.682017
14.677766
15.336795
15.226248
14.460924
14.677766
14.788313
13.916693
13.69985
14.465176
13.69985
14.682017
13.5935545
14.2440815
14.354629
15.226248
14.792564
15.009407
14.792564
14.354629
14.031491
14.465176
13.376713
13.5935545
14.903111
14.682017
15.226248
14.248333
14.575723
14.02724
13.704102
14.354629
13.810397
14.682017
14.137786
13.5935545
14.354629
13.704102
13.814649
13.704102
13.597807
14.248333
12.832482
13.704102
13.814649
14.031491
14.142038
12.505093
12.836734
13.159871
14.142038
14.031491
12.832482
13.708355
13.48726
13.925196
12.943029
13.925196
12.61564
12.509345
13.48726
13.48726
13.708355
12.509345
13.380964
13.270417
13.270417
13.708355
12.509345
12.619891
12.509345
12.292503
12.836734
11.748272
12.186207
12.836734
11.641976
12.186207
11.420882
11.969365
12.181956
12.186207
12.619891
11.531429
13.057828
11.531429
11.535681
11.752523
12.079912
11.8630705
12.079912
12.190459
10.880902
10.885155
10.885155
11.756775
10.880902
11.2125435
10.991449
11.429386
10.885155
10.447219
11.539933
10.880902
11.756775
10.447219
10.995702
11.756775
10.45147
10.995702
10.230376
11.106249
10.668313
10.128334
10.345176
10.128334
9.473556
9.146166
10.234629
10.45147
9.3630085
10.234629
9.3630085
9.690397
10.562017
9.473556
9.911491
9.146166
9.473556
9.473556
9.3630085
10.128334
10.017787
10.45147
10.234629
10.234629
9.584103
9.690397
9.473556
9.911491
9.69465
9.146166
10.0220375
8.8230295
9.911491
9.146166
9.800944
9.36726
10.017787
8.929324
8.716734
9.371511
8.061955
8.389345
8.499891
8.8230295
8.610438
9.044123
8.606187
9.15467
9.477807
8.499891
8.933577
8.49564
8.82728
8.82728
9.260964
8.389345
8.933577
8.933577
8.937827
9.044123
7.849365
7.849365
7.955661
7.955661
8.610438
7.8451138
8.82728
8.716734
8.28305
8.937827
7.5177245
7.521976
9.482059
7.849365
7.305134
8.610438
8.176754
8.937827
7.521976
8.28305
8.061955
6.8671985
8.287301
7.1945877
7.0882916
8.504144
8.1725025
7.0882916
8.610438
7.1945877
7.0882916
8.176754
7.738818
7.9599123
7.521976
7.305134
6.87145
7.521976
8.499891
7.632523
8.066207
7.9599123
6.87145
6.87145
7.305134
8.066207
7.0882916
7.849365
7.521976
7.74307
6.87145
7.092544
7.9599123
7.632523
6.875702
6.765155
6.654608
6.981997
7.74307
6.433514
8.181006
7.0882916
5.99983
8.070459
7.849365
7.1988387
7.1988387
7.632523
6.327219
7.74307
6.4377656
7.415681
6.765155
6.765155
7.853617
6.544061
5.893534
7.853617
6.2209234
6.6588597
7.5304804
5.6766925
5.893534
6.769407
5.7872396
6.769407
6.3314705
6.3314705
6.654608
5.6766925
5.6766925
6.5483127
6.327219
6.765155
6.4377656
6.981997
6.986249
6.981997
6.5483127
5.5661454
6.765155
6.654608
6.544061
7.526228
7.1988387
6.765155
6.114629
4.8050723
6.875702
6.4377656
5.4598503
6.765155
6.3314705
6.2209234
5.132461
5.8977866
7.203091
6.110377
5.893534
6.6588597
6.3314705
5.893534
6.0040812
6.0040812
5.5703974
6.3314705
5.5703974
5.7872396
6.5525646
6.6588597
5.4598503
6.0040812
6.3314705
6.114629
5.7872396
5.132461
5.243008
7.096796
5.8977866
6.5525646
5.5703974
6.114629
5.5703974
5.026166
6.0040812
5.026166
6.2209234
5.8977866
5.7872396
5.7872396
6.114629
5.243008
5.6809444
5.8977866
5.5703974
5.6809444
5.6809444
6.008333
6.4420176
5.7872396
5.243008
5.6766925
5.5703974
6.0040812
6.114629
5.5703974
6.4420176
5.8977866
5.243008
5.5703974
6.2209234
5.5703974
6.3314705
6.3314705
6.986249
6.5483127
6.3314705
6.875702
6.2209234
5.6766925
5.7872396
5.7872396
5.7872396
6.114629
5.7872396
6.6588597
5.893534
5.7872396
6.3314705
6.875702
6.2209234
6.769407
5.7872396
4.915619
6.4420176
6.3314705
5.7872396
5.243008
6.3314705
6.114629
6.3314705
5.7872396
6.765155
5.7872396
6.114629
5.893534
6.114629
6.3314705
5.7872396
5.243008
5.5703974
6.654608
6.0040812
5.7872396
5.4598503
6.3314705
5.8977866
6.6588597
6.0040812
6.2251754
6.6588597
5.7872396
5.132461
6.3314705
5.4598503
5.4598503
6.4420176
6.2251754
5.353555
6.4420176
6.2251754
5.4598503
6.765155
6.2209234
6.5483127
6.2209234
6.2209234
5.6766925
6.3314705
6.4377656
5.6766925
6.986249
6.114629
5.6809444
6.114629
6.3314705
5.3493037
5.5661454
6.4377656
6.110377
6.5483127
5.4598503
5.7872396
5.243008
6.986249
5.893534
6.0040812
5.5703974
6.2209234
6.765155
6.3314705
7.309386
6.110377
5.4598503
6.5483127
5.4598503
6.0040812
7.092544
6.654608
5.7829876
6.981997
7.092544
6.654608
6.110377
6.4377656
7.309386
6.4377656
6.765155
7.636775
6.654608
6.0040812
7.74307
6.654608
6.654608
6.4377656
6.4377656
6.327219
7.309386
6.765155
6.981997
6.544061
6.4377656
7.309386
6.4377656
6.327219
6.4377656
7.1988387
6.4377656
6.765155
6.654608
5.7829876
6.2209234
7.526228
6.544061
7.415681
6.544061
6.9777446
6.216672
7.632523
7.74307
6.760903
7.9599123
7.738818
7.849365
6.216672
7.305134
6.9777446
6.760903
7.1945877
7.1945877
7.305134
7.849365
7.521976
7.632523
7.521976
7.955661
7.521976
8.610438
7.0840406
8.176754
6.9777446
8.176754
7.738818
7.4114294
8.066207
8.278798
7.1945877
8.176754
7.955661
7.738818
8.176754
7.4114294
7.521976
7.0840406
6.9777446
7.6282716
8.933577
8.1725025
7.6282716
7.738818
8.1725025
8.1725025
7.738818
9.260964
7.8451138
8.1725025
8.066207
8.716734
7.951409
8.499891
7.7345667
9.588354
8.712482
7.955661
9.260964
7.521976
8.82728
8.1725025
7.738818
8.278798
7.1945877
8.28305
8.061955
8.716734
7.955661
8.716734
7.7345667
8.061955
9.150418
8.389345
8.389345
8.49564
8.278798
7.7345667
9.039871
9.477807
8.8230295
9.039871
8.278798
8.606187
9.146166
8.385093
9.473556
8.712482
9.800944
8.601935
9.039871
9.690397
9.473556
9.477807
9.911491
9.150418
8.929324
8.712482
9.473556
9.146166
8.385093
9.256713
9.584103
10.128334
9.584103
10.128334
9.256713
8.385093
8.929324
9.146166
10.128334
8.929324
10.017787
9.473556
8.274546
9.36726
9.146166
9.800944
10.345176
9.473556
9.150418
9.256713
8.8230295
8.929324
9.584103
8.49564
10.128334
9.800944
8.601935
9.911491
9.690397
8.818777
9.256713
9.36726
9.690397
10.455723
9.584103
9.911491
9.800944
9.800944
9.584103
8.929324
9.36726
9.800944
9.800944
9.690397
9.039871
8.8230295
8.274546
10.455723
9.473556
9.690397
9.584103
9.690397
9.36726
9.035619
9.690397
8.929324
9.473556
10.017787
9.690397
9.3630085
10.345176
8.818777
10.455723
9.473556
9.584103
9.3630085
10.345176
9.473556
9.907239
9.146166
10.345176
9.035619
9.800944
10.128334
9.57985
8.818777
9.800944
9.146166
9.473556
8.8230295
8.712482
7.951409
9.36726
9.911491
9.800944
9.911491
9.690397
8.929324
8.929324
8.601935
8.606187
9.039871
9.36726
9.256713
8.716734
9.36726
8.278798
7.951409
9.044123
8.385093
9.044123
7.7345667
7.8451138
9.044123
8.933577
7.955661
7.4114294
9.150418
8.061955
8.1725025
8.933577
8.278798
8.1725025
8.606187
8.933577
8.716734
8.389345
8.933577
8.712482
8.061955
8.8230295
8.606187
8.28305
7.4114294
8.499891
8.933577
7.4114294
9.260964
8.606187
7.1903353
8.061955
8.8230295
8.168251
7.7345667
9.477807
8.389345
7.8451138
8.606187
9.371511
8.8230295
7.3008823
9.15467
8.1725025
6.6461043
8.1725025
8.1725025
7.8451138
8.1725025
8.168251
7.738818
8.933577
9.36726
7.8451138
9.044123
8.606187
7.6282716
8.28305
7.8451138
7.955661
8.066207
8.499891
7.521976
8.82728
8.933577
7.955661
8.066207
8.28305
8.176754
7.738818
6.433514
7.1945877
7.521976
7.849365
8.610438
6.9734936
8.610438
8.28305
7.955661
7.955661
7.415681
7.305134
6.327219
6.5483127
7.74307
7.305134
6.4377656
8.397848
7.738818
7.0882916
7.526228
7.1988387
6.654608
6.9777446
6.2209234
6.87145
6.981997
6.654608
6.875702
6.760903
6.110377
7.74307
6.433514
5.893534
7.526228
7.0882916
6.760903
7.74307
7.74307
6.2209234
6.981997
6.216672
6.110377
6.433514
7.0882916
5.99983
5.4598503
5.6766925
6.654608
6.3314705
5.99983
6.654608
6.87145
6.87145
6.87145
6.9777446
7.1988387
7.309386
6.87145
6.110377
7.1988387
7.0882916
6.216672
7.305134
6.8671985
6.433514
7.1988387
7.0882916
6.87145
6.544061
6.0040812
6.765155
5.893534
5.893534
6.4377656
5.3493037
6.765155
6.981997
5.2387567
6.110377
5.893534
5.2387567
6.5483127
5.99983
6.2209234
7.092544
5.893534
6.4377656
7.309386
6.327219
6.327219
6.2209234
6.327219
7.1988387
6.4377656
6.765155
5.4598503
7.092544
6.4377656
6.4377656
5.7872396
6.4377656
5.3493037
6.3314705
6.2209234
4.698777
6.114629
5.7829876
5.132461
5.6766925
6.4420176
5.7872396
6.2209234
6.0040812
5.7872396
6.6588597
6.3314705
6.110377
6.5483127
6.0040812
6.654608
5.8977866
6.114629
6.0040812
6.2209234
5.4598503
6.2209234
6.4377656
5.6766925
5.7872396
6.5483127
6.4377656
6.110377
5.132461
6.5483127
5.7872396
6.4377656
5.6766925
6.5483127
7.419933
6.765155
6.2209234
5.7829876
6.2209234
6.5483127
6.654608
6.981997
6.110377
5.7872396
6.875702
6.2209234
6.875702
5.7872396
7.092544
6.875702
6.2209234
6.765155
6.654608
6.765155
6.4377656
6.0040812
6.3314705
5.6766925
6.875702
6.0040812
6.765155
6.2209234
6.5483127
6.2209234
6.5483127
6.87145
6.87145
6.87145
6.981997
6.981997
7.1988387
6.765155
6.327219
7.853617
6.87145
5.5661454
5.893534
7.636775
6.110377
7.092544
7.636775
6.433514
6.2209234
7.415681
7.738818
7.632523
7.9599123
7.305134
6.216672
7.526228
8.066207
6.327219
8.176754
7.4114294
7.521976
7.4114294
8.28305
7.738818
6.9777446
7.1945877
7.6282716
7.0840406
7.305134
8.28305
8.1725025
7.738818
8.393597
7.4114294
7.849365
7.738818
8.606187
8.061955
8.389345
8.061955
8.499891
8.720985
7.3008823
6.9777446
8.176754
8.499891
7.4114294
8.1725025
7.5177245
7.6282716
8.716734
9.044123
8.716734
7.4114294
8.393597
8.1725025
7.8451138
7.3008823
9.044123
8.389345
8.389345
8.933577
8.716734
9.044123
9.044123
8.933577
7.0840406
8.82728
8.066207
7.0840406
8.066207
8.716734
7.955661
9.044123
9.69465
7.5177245
9.260964
9.36726
7.8451138
9.36726
9.477807
8.385093
8.8230295
8.385093
8.8230295
8.712482
9.150418
9.039871
9.256713
9.69465
9.150418
8.606187
7.7345667
9.477807
8.385093
8.8230295
8.712482
10.6725645
9.690397
10.128334
9.800944
9.907239
10.345176
10.017787
8.929324
10.562017
9.256713
9.690397
9.800944
9.907239
9.584103
10.017787
9.911491
9.256713
9.796692
9.473556
10.234629
8.929324
10.889407
10.124082
9.3630085
10.017787
9.796692
9.907239
9.57985
9.800944
10.455723
9.3630085
9.800944
10.995702
9.796692
9.907239
9.907239
9.252461
10.124082
10.77886
10.124082
9.907239
11.106249
10.45147
9.469303
9.57985
11.106249
10.885155
9.690397
10.013535
10.234629
10.340923
10.447219
10.447219
10.774608
10.230376
10.230376
11.2125435
10.119829
10.557766
10.557766
10.880902
10.991449
10.447219
10.991449
11.752523
10.557766
11.756775
11.318839
10.45147
9.907239
11.429386
10.230376
11.429386
11.208292
11.318839
10.774608
10.774608
11.208292
11.8630705
10.774608
12.407301
12.296754
10.880902
11.425134
12.840985
11.858818
11.8630705
12.296754
11.641976
11.425134
11.204041
11.8630705
12.186207
12.840985
12.734691
11.425134
12.079912
12.403049
11.420882
11.641976
12.186207
11.8630705
12.840985
11.535681
13.057828
11.8630705
12.513597
12.075661
11.858818
13.274671
11.965114
12.075661
12.403049
13.274671
12.730438
11.858818
12.619891
12.947281
13.057828
12.403049
11.969365
12.619891
12.619891
11.748272
12.947281
11.641976
11.531429
12.947281
12.186207
11.531429
12.513597
12.619891
13.274671
12.292503
12.947281
13.164123
12.947281
12.730438
12.403049
11.858818
12.730438
12.403049
11.858818
12.730438
13.274671
12.181956
12.403049
12.509345
12.509345
12.619891
12.403049
12.730438
12.075661
12.513597
12.075661
12.730438
12.619891
12.836734
12.730438
12.619891
12.619891
12.075661
12.181956
13.164123
13.708355
12.403049
12.509345
12.075661
13.274671
12.947281
11.637725
13.491511
13.602058
12.836734
11.969365
12.403049
11.637725
13.274671
12.840985
11.965114
12.075661
11.858818
12.619891
13.385218
13.274671
12.186207
12.730438
13.274671
12.730438
12.836734
12.619891
12.619891
13.708355
13.057828
12.619891
13.491511
11.858818
13.385218
11.969365
11.8630705
11.535681
11.752523
12.624144
13.057828
12.186207
12.403049
12.840985
11.858818
11.314588
12.734691
13.274671
12.296754
12.186207
12.403049
12.513597
12.840985
12.075661
11.969365
13.057828
12.947281
12.840985
12.624144
11.641976
12.730438
13.057828
12.075661
11.858818
13.385218
12.075661
12.296754
12.513597
12.947281
12.947281
13.385218
11.858818
13.057828
13.385218
13.053576
13.164123
12.403049
12.181956
12.292503
12.836734
12.943029
12.836734
13.597807
12.619891
12.730438
12.296754
13.708355
12.075661
12.186207
12.075661
11.531429
13.274671
12.292503
12.619891
12.730438
11.858818
12.075661
12.951532
12.840985
11.858818
13.385218
12.619891
11.969365
12.836734
13.491511
12.947281
12.836734
12.513597
12.619891
12.730438
12.296754
12.079912
12.075661
13.385218
12.403049
12.403049
13.602058
12.730438
13.164123
13.164123
13.164123
12.075661
13.057828
13.380964
12.836734
12.730438
12.730438
12.292503
13.164123
12.075661
13.380964
12.513597
12.292503
13.385218
13.385218
13.385218
11.748272
12.186207
12.186207
12.509345
13.491511
12.836734
12.619891
12.619891
13.274671
12.509345
13.491511
13.274671
12.730438
14.035743
13.708355
13.385218
13.818902
12.726187
13.708355
13.814649
13.818902
12.730438
13.164123
13.380964
13.491511
13.925196
13.491511
13.491511
13.380964
13.491511
13.274671
12.509345
13.380964
12.947281
12.836734
12.840985
13.274671
12.075661
12.730438
12.947281
13.380964
13.602058
13.491511
12.186207
12.730438
13.818902
12.730438
13.274671
12.292503
12.186207
12.509345
13.057828
12.840985
12.730438
12.947281
12.730438
12.186207
12.730438
12.947281
13.057828
12.730438
12.186207
12.296754
12.186207
11.748272
13.164123
12.947281
12.403049
12.513597
12.947281
13.057828
11.969365
12.186207
13.385218
12.513597
11.969365
12.624144
11.535681
12.186207
12.951532
13.168375
12.951532
12.296754
13.062079
12.730438
12.296754
13.057828
12.075661
13.712605
13.274671
13.164123
13.164123
12.947281
11.858818
12.296754
13.168375
12.840985
13.168375
13.164123
12.403049
12.730438
12.840985
11.858818
12.407301
13.274671
12.840985
12.513597
12.296754
11.425134
11.8630705
11.969365
12.079912
12.840985
13.057828
12.079912
13.278922
11.969365
12.624144
13.057828
11.969365
12.403049
12.403049
12.734691
12.403049
12.075661
13.168375
13.602058
12.075661
12.296754
12.836734
13.274671
13.385218
13.168375
12.513597
12.403049
12.407301
12.840985
13.057828
12.513597
12.624144
11.641976
12.734691
11.641976
12.951532
13.385218
12.730438
13.168375
12.513597
11.641976
13.062079
13.168375
12.079912
13.495763
12.403049
12.403049
12.624144
12.624144
11.969365
12.734691
12.513597
11.208292
12.079912
12.407301
12.296754
12.619891
12.513597
13.057828
12.624144
11.641976
12.624144
12.403049
12.840985
12.947281
12.513597
13.385218
13.380964
13.274671
13.057828
14.252585
12.726187
13.385218
12.947281
12.403049
14.14629
13.925196
12.403049
14.14629
12.292503
13.274671
12.619891
13.708355
12.509345
12.947281
12.181956
12.181956
13.929449
13.164123
12.292503
13.818902
13.602058
12.619891
13.48726
13.491511
13.708355
13.818902
12.836734
13.814649
13.053576
14.142038
13.704102
12.938777
12.836734
13.708355
13.814649
13.380964
13.597807
12.61564
13.164123
13.270417
12.730438
13.164123
13.274671
13.053576
12.840985
13.708355
13.708355
14.363132
14.35888
12.836734
13.159871
13.380964
14.142038
13.48726
14.469427
13.925196
13.057828
13.270417
14.035743
13.597807
12.836734
13.270417
13.708355
12.947281
13.164123
12.730438
13.818902
12.726187
12.947281
13.597807
13.708355
12.947281
12.836734
13.814649
13.814649
13.814649
12.943029
13.491511
12.726187
13.380964
13.602058
13.704102
13.380964
13.597807
13.491511
14.142038
13.270417
13.053576
14.252585
12.726187
13.380964
13.491511
12.947281
13.380964
12.836734
13.48726
12.836734
13.48726
12.509345
13.48726
14.252585
13.491511
13.380964
13.164123
13.164123
13.491511
13.270417
13.491511
12.836734
14.035743
13.597807
14.142038
12.947281
13.053576
12.619891
13.818902
13.053576
12.403049
12.947281
13.818902
13.057828
12.619891
13.929449
13.053576
13.708355
13.48726
14.252585
12.509345
13.164123
12.619891
13.929449
13.491511
12.836734
12.513597
13.164123
13.164123
13.270417
13.708355
13.597807
13.164123
12.509345
12.403049
12.836734
12.947281
12.726187
13.708355
13.270417
13.164123
13.818902
12.619891
13.704102
13.925196
13.164123
13.380964
13.164123
13.164123
13.491511
14.363132
13.814649
13.270417
13.925196
13.159871
13.597807
14.35888
13.925196
13.597807
14.142038
14.142038
13.491511
13.597807
14.14629
13.270417
13.270417
13.491511
13.159871
14.031491
13.814649
13.380964
13.053576
13.164123
13.270417
13.708355
13.376713
13.708355
13.48726
13.925196
14.579974
13.270417
12.726187
13.597807
13.814649
13.164123
12.943029
14.035743
13.164123
13.925196
13.708355
14.690521
12.726187
14.035743
13.818902
12.403049
12.947281
13.597807
12.943029
12.730438
12.726187
12.947281
13.274671
13.380964
12.403049
12.403049
13.057828
12.513597
11.641976
13.274671
13.164123
11.531429
13.818902
13.380964
12.619891
14.035743
12.075661
13.491511
12.509345
12.730438
13.164123
12.181956
13.057828
12.836734
12.947281
13.164123
12.947281
13.057828
13.270417
13.491511
13.274671
11.310335
12.403049
13.380964
12.296754
12.619891
13.380964
13.274671
13.491511
12.509345
13.057828
12.509345
12.624144
12.403049
12.403049
12.947281
12.296754
12.726187
12.403049
12.836734
12.947281
13.491511
12.181956
12.730438
12.292503
13.164123
13.164123
13.164123
12.836734
12.624144
12.292503
13.380964
13.274671
12.943029
13.385218
12.509345
12.624144
13.274671
12.513597
12.403049
12.403049
12.296754
12.186207
13.274671
11.531429
12.075661
12.730438
13.057828
12.186207
12.513597
11.969365
12.513597
12.186207
12.296754
13.057828
13.164123
12.509345
12.403049
13.057828
13.164123
11.858818
12.836734
13.385218
13.057828
12.619891
12.296754
12.840985
12.619891
12.840985
12.403049
13.164123
13.057828
12.403049
12.186207
13.602058
13.270417
12.186207
13.602058
12.836734
13.274671
12.296754
12.947281
12.619891
13.385218
12.947281
12.403049
13.385218
12.619891
13.385218
12.509345
12.836734
12.403049
12.947281
12.292503
13.274671
12.403049
12.513597
13.057828
12.075661
12.947281
13.491511
12.619891
13.491511
12.403049
12.836734
12.947281
12.513597
12.619891
13.274671
12.947281
12.403049
13.164123
12.292503
12.403049
13.380964
12.840985
12.619891
13.053576
12.624144
12.292503
12.403049
12.079912
12.947281
13.274671
13.274671
12.407301
12.075661
13.168375
12.186207
13.164123
13.057828
13.164123
13.274671
13.168375
13.274671
11.748272
12.296754
12.730438
12.513597
12.734691
12.840985
12.730438
12.840985
11.858818
12.292503
11.752523
12.513597
12.730438
12.186207
12.840985
12.730438
11.858818
13.495763
12.186207
12.403049
12.296754
13.491511
12.619891
12.624144
12.403049
12.619891
13.057828
12.730438
12.947281
12.186207
12.403049
12.509345
12.619891
12.513597
12.292503
12.075661
12.730438
12.075661
12.186207
12.186207
13.274671
12.513597
12.075661
13.057828
12.075661
13.057828
13.385218
12.513597
12.513597
12.730438
12.509345
11.969365
12.509345
11.531429
12.513597
12.730438
12.509345
12.186207
13.164123
12.730438
12.403049
11.969365
12.075661
11.858818
12.730438
13.164123
12.840985
12.840985
11.969365
12.186207
12.730438
12.730438
12.513597
12.509345
12.513597
12.947281
12.403049
12.186207
12.296754
12.619891
11.858818
11.969365
11.531429
12.730438
12.624144
11.535681
12.301006
12.513597
11.969365
13.602058
13.380964
12.513597
12.403049
12.836734
12.403049
12.513597
13.380964
12.075661
13.274671
12.292503
12.513597
12.726187
13.491511
13.164123
12.181956
12.403049
11.965114
13.057828
12.947281
12.292503
13.491511
13.053576
13.380964
13.164123
12.726187
13.491511
13.708355
13.164123
13.602058
12.181956
12.947281
13.053576
12.943029
13.380964
12.726187
13.053576
13.270417
12.726187
13.708355
13.053576
12.619891
12.836734
12.619891
12.836734
13.597807
12.730438
13.053576
12.726187
13.48726
12.836734
12.943029
13.159871
13.053576
12.61564
12.292503
14.252585
13.814649
13.380964
13.376713
14.142038
14.248333
13.053576
13.376713
13.48726
12.943029
13.053576
13.053576
13.159871
14.248333
13.48726
13.376713
13.376713
14.252585
13.920944
12.943029
13.814649
14.465176
13.376713
13.814649
12.943029
12.832482
12.726187
13.380964
13.814649
12.836734
13.053576
13.814649
13.159871
12.832482
14.142038
13.704102
14.469427
14.35888
13.704102
13.5935545
13.704102
14.031491
14.142038
14.137786
14.248333
13.5935545
14.248333
13.48726
14.248333
13.704102
13.376713
14.35888
14.02724
13.159871
15.119954
13.704102
14.575723
13.049324
14.142038
13.376713
13.48726
14.137786
13.920944
13.48726
13.704102
14.35888
13.376713
13.48726
12.938777
14.792564
14.354629
14.35888
15.226248
13.376713
13.814649
14.354629
14.792564
13.810397
13.704102
13.810397
13.810397
13.920944
12.938777
14.35888
14.137786
13.376713
13.920944
14.354629
14.465176
13.376713
14.031491
14.465176
14.031491
14.031491
13.920944
13.704102
14.137786
14.903111
14.682017
13.376713
13.920944
14.575723
14.142038
14.248333
13.053576
13.376713
13.270417
13.049324
13.597807
14.35888
14.142038
13.159871
12.943029
13.491511
12.726187
14.35888
13.597807
13.925196
12.726187
13.925196
13.814649
13.164123
13.597807
13.814649
13.925196
12.943029
13.380964
13.48726
13.164123
13.814649
14.035743
13.380964
12.836734
14.035743
12.726187
13.491511
12.398798
12.947281
13.597807
13.380964
13.708355
13.053576
12.730438
13.057828
12.947281
13.164123
13.380964
12.947281
13.270417
13.597807
13.491511
13.053576
12.947281
13.491511
12.509345
12.947281
12.947281
12.296754
12.947281
13.380964
12.513597
12.186207
12.292503
12.292503
13.164123
11.641976
13.057828
12.075661
11.969365
12.951532
12.403049
11.858818
12.186207
12.292503
12.730438
12.513597
12.619891
12.186207
12.079912
12.186207
11.8630705
13.057828
12.403049
12.292503
12.947281
13.274671
11.531429
12.513597
12.292503
12.619891
12.186207
12.079912
12.186207
11.969365
11.641976
11.646228
12.186207
12.403049
11.8630705
11.8630705
11.425134
11.425134
11.425134
11.535681
11.752523
11.969365
11.969365
12.296754
11.969365
11.535681
11.8630705
12.296754
12.624144
11.752523
11.535681
11.8630705
10.880902
11.752523
11.318839
11.646228
11.973618
12.186207
11.429386
12.079912
11.646228
10.991449
11.756775
11.752523
12.079912
10.774608
11.973618
11.101996
10.230376
11.2125435
10.991449
11.208292
12.190459
11.8630705
10.447219
11.429386
12.190459
11.318839
10.880902
11.8630705
11.646228
11.535681
12.301006
10.885155
11.101996
11.539933
11.323091
10.447219
10.45147
10.774608
10.668313
11.323091
10.991449
10.668313
10.995702
10.774608
11.101996
11.101996
10.885155
10.77886
10.340923
10.013535
11.539933
11.429386
10.77886
11.2125435
10.340923
11.433638
9.907239
10.562017
10.562017
10.234629
10.562017
10.234629
10.77886
9.690397
10.668313
11.544185
10.668313
10.45147
9.907239
10.562017
10.124082
9.690397
10.6725645
10.668313
10.234629
11.106249
11.539933
9.907239
10.885155
11.323091
10.017787
10.45147
10.889407
10.77886
10.017787
10.455723
9.690397
9.252461
10.562017
10.345176
10.562017
11.544185
10.668313
10.017787
10.45147
10.889407
11.106249
10.234629
9.907239
10.999953
10.017787
10.345176
10.017787
10.128334
10.6725645
9.57985
10.6725645
9.3630085
10.999953
9.911491
10.345176
9.911491
9.690397
10.45147
10.345176
10.889407
10.124082
10.6725645
10.885155
10.017787
10.455723
10.234629
10.128334
9.473556
10.345176
9.256713
10.234629
10.017787
10.45147
10.45147
10.017787
9.473556
10.234629
10.017787
10.6725645
10.017787
10.345176
9.473556
10.017787
11.433638
10.455723
9.3630085
10.455723
10.562017
9.584103
10.234629
9.584103
10.128334
10.234629
9.800944
10.23888
9.800944
11.327342
10.017787
9.800944
10.23888
10.017787
9.473556
9.584103
10.128334
10.999953
9.911491
10.128334
10.455723
10.017787
10.783112
9.584103
9.800944
10.128334
9.36726
9.477807
10.783112
9.584103
9.371511
9.911491
10.0220375
10.128334
9.36726
9.69465
10.23888
9.584103
10.783112
9.36726
9.256713
10.23888
10.128334
10.23888
10.455723
9.36726
9.477807
9.260964
10.455723
9.800944
10.128334
10.017787
10.566269
9.69465
9.911491
9.039871
10.128334
8.929324
10.783112
9.800944
9.911491
10.23888
9.800944
10.345176
9.911491
10.455723
10.77886
10.345176
9.584103
10.562017
10.455723
10.999953
9.800944
9.69465
9.800944
10.234629
9.690397
10.345176
10.455723
9.584103
9.911491
10.6725645
10.128334
9.690397
10.345176
10.128334
9.584103
10.23888
9.584103
10.6725645
10.783112
9.36726
10.23888
10.128334
10.128334
9.584103
9.800944
10.128334
9.039871
9.146166
10.132585
10.128334
9.800944
9.69465
10.128334
9.584103
10.999953
9.256713
9.69465
10.893659
10.6725645
10.566269
10.999953
9.911491
10.455723
10.128334
9.3630085
9.584103
10.783112
10.017787
8.929324
9.805196
10.23888
8.606187
9.911491
9.36726
9.911491
9.911491
10.128334
9.911491
10.132585
9.69465
9.69465
9.805196
9.69465
8.712482
10.349427
9.805196
9.911491
8.929324
10.566269
10.455723
10.0220375
9.36726
9.800944
10.676816
9.584103
8.933577
10.455723
9.477807
9.473556
9.69465
9.477807
10.455723
9.69465
9.584103
10.345176
9.260964
9.36726
10.0220375
10.0220375
10.345176
9.36726
9.805196
9.800944
9.911491
9.805196
9.150418
9.805196
10.566269
9.69465
10.017787
9.039871
10.566269
10.0220375
9.477807
9.911491
10.23888
9.477807
9.805196
9.039871
9.588354
9.69465
9.911491
9.588354
10.132585
9.36726
9.36726
9.371511
10.455723
9.805196
10.0220375
10.566269
9.584103
8.933577
9.150418
10.23888
9.69465
9.256713
9.69465
9.800944
10.349427
10.566269
9.800944
10.676816
9.150418
8.606187
9.482059
8.933577
8.82728
10.132585
9.69465
8.716734
10.0220375
8.8230295
10.132585
9.588354
9.477807
9.044123
8.933577
9.260964
9.044123
8.610438
9.805196
9.698901
9.698901
8.933577
9.260964
10.349427
9.915743
10.0220375
9.915743
8.499891
8.1725025
8.499891
8.82728
9.588354
9.044123
9.698901
9.477807
8.610438
8.716734
9.044123
8.610438
8.937827
8.610438
8.716734
9.371511
8.610438
9.482059
9.36726
9.044123
10.459974
8.716734
9.260964
8.933577
9.044123
9.805196
8.1725025
8.389345
9.044123
9.371511
8.610438
9.265217
8.066207
8.937827
9.15467
8.937827
9.592606
8.716734
9.915743
9.044123
8.393597
8.82728
9.15467
9.482059
8.499891
8.28305
8.933577
8.610438
8.720985
9.15467
8.176754
8.937827
7.849365
8.720985
8.937827
8.8315325
9.15467
7.632523
9.592606
8.610438
7.74307
9.158921
7.305134
8.176754
8.393597
8.8315325
8.610438
8.176754
7.738818
8.287301
8.937827
7.521976
8.610438
8.066207
8.287301
8.393597
8.393597
8.287301
7.632523
8.287301
7.305134
8.937827
7.9599123
9.375764
7.955661
8.066207
8.393597
7.74307
8.8315325
8.610438
8.82728
9.15467
7.955661
9.265217
8.720985
8.499891
8.287301
8.937827
7.849365
8.8315325
8.8315325
8.176754
8.8315325
8.610438
8.720985
8.28305
8.066207
8.28305
7.415681
8.720985
7.849365
8.070459
9.15467
7.738818
8.504144
8.066207
8.504144
8.393597
8.28305
8.28305
8.393597
8.82728
7.632523
8.28305
7.849365
8.287301
8.287301
7.849365
7.9599123
7.849365
8.499891
7.9599123
8.504144
7.849365
8.8315325
8.937827
7.9599123
8.504144
7.738818
8.8315325
8.28305
7.849365
8.937827
8.82728
8.393597
8.287301
8.504144
8.610438
8.287301
8.287301
8.393597
7.74307
8.181006
8.8315325
8.070459
8.176754
8.720985
8.287301
8.066207
8.504144
8.720985
7.632523
7.853617
8.287301
7.526228
7.9599123
7.9599123
7.849365
7.526228
8.504144
7.415681
8.614691
8.287301
6.87145
7.309386
7.526228
7.74307
7.853617
8.287301
7.415681
7.853617
7.526228
6.87145
8.070459
7.1988387
6.87145
8.508395
8.287301
8.176754
8.397848
8.720985
7.849365
7.526228
7.849365
7.0882916
8.176754
9.158921
7.74307
7.74307
7.74307
7.305134
8.176754
8.504144
7.74307
7.632523
7.853617
7.526228
8.287301
7.1988387
7.415681
7.1988387
7.9599123
8.720985
7.853617
8.8315325
7.849365
7.526228
8.504144
8.287301
7.9641643
8.393597
7.853617
7.9599123
7.74307
8.94208
8.720985
8.287301
8.287301
8.176754
8.287301
8.287301
7.632523
7.853617
8.94208
8.504144
7.526228
8.614691
8.070459
7.632523
8.94208
8.287301
7.526228
7.9599123
8.94208
7.9599123
8.287301
7.526228
8.287301
8.504144
8.070459
8.070459
7.526228
7.9599123
8.397848
7.526228
7.74307
7.747322
7.526228
7.74307
7.632523
7.526228
8.287301
7.9599123
8.181006
8.070459
7.636775
7.419933
8.181006
8.287301
7.526228
8.614691
7.636775
7.636775
7.636775
7.415681
7.853617
8.070459
6.765155
7.747322
8.181006
7.419933
8.2915535
8.504144
7.853617
7.636775
8.397848
7.526228
7.526228
7.747322
8.287301
7.0882916
6.875702
7.526228
7.309386
6.986249
7.9641643
8.176754
7.853617
7.0882916
7.747322
7.747322
8.176754
8.070459
6.87145
8.2915535
7.526228
7.74307
7.636775
8.181006
6.765155
7.636775
8.074712
7.74307
7.1988387
8.181006
7.853617
6.981997
6.981997
7.526228
8.181006
8.397848
7.526228
8.94208
8.614691
7.092544
7.9599123
7.632523
7.636775
8.614691
7.0882916
7.526228
7.9641643
7.74307
6.5483127
7.636775
8.2915535
6.765155
8.074712
8.074712
7.74307
8.181006
7.419933
7.636775
8.070459
7.747322
8.618942
7.636775
7.747322
8.725238
8.397848
6.4377656
8.074712
7.309386
7.419933
8.397848
7.526228
7.9641643
7.853617
7.9641643
7.747322
8.725238
7.1988387
7.309386
7.415681
7.747322
7.747322
8.181006
7.309386
8.725238
7.1988387
7.636775
8.181006
8.070459
6.87145
8.181006
8.397848
7.74307
7.203091
7.9641643
7.849365
8.614691
7.526228
8.504144
8.287301
8.070459
7.9599123
7.526228
8.725238
8.8315325
7.853617
8.614691
6.87145
8.504144
8.181006
8.287301
7.9599123
8.181006
7.309386
7.636775
8.070459
7.415681
8.070459
9.048374
7.74307
8.504144
8.287301
8.070459
8.176754
8.504144
8.287301
7.9599123
6.981997
8.2915535
8.504144
7.9599123
8.070459
8.070459
8.070459
8.614691
8.287301
7.415681
8.181006
7.853617
7.853617
7.526228
7.9599123
8.176754
8.504144
8.176754
8.504144
8.070459
9.703153
8.8315325
7.849365
7.9599123
8.504144
9.048374
8.610438
8.504144
8.504144
7.415681
8.287301
7.849365
8.94208
8.393597
7.305134
6.981997
8.287301
7.74307
7.9641643
8.504144
7.9599123
7.853617
7.632523
7.526228
8.287301
7.0882916
8.397848
8.176754
7.415681
9.158921
7.849365
8.070459
8.397848
8.504144
9.265217
7.9599123
8.066207
7.74307
7.853617
8.504144
8.393597
8.176754
9.265217
7.415681
7.9599123
8.614691
8.937827
8.614691
8.720985
7.853617
8.504144
8.720985
8.8315325
8.610438
8.066207
8.504144
8.8315325
8.610438
8.287301
8.504144
9.265217
8.610438
8.8315325
7.849365
8.94208
9.15467
8.070459
8.8315325
8.28305
8.504144
8.393597
9.265217
8.720985
8.066207
8.937827
9.265217
8.720985
8.28305
9.482059
8.610438
8.504144
9.265217
7.632523
9.698901
7.9599123
9.048374
8.937827
8.937827
9.265217
9.265217
8.720985
8.610438
8.066207
8.720985
9.482059
8.176754
8.720985
8.937827
8.937827
9.15467
8.504144
8.610438
8.176754
8.716734
8.610438
8.176754
8.393597
9.919995
8.82728
8.1725025
8.720985
8.937827
8.393597
8.720985
8.82728
8.393597
9.048374
9.698901
8.716734
8.937827
7.738818
8.287301
9.698901
8.610438
9.15467
8.28305
9.482059
9.260964
8.937827
8.82728
9.592606
8.937827
8.720985
9.265217
9.048374
9.048374
8.933577
9.265217
9.588354
9.044123
9.805196
8.937827
8.82728
8.933577
9.150418
9.371511
9.044123
9.044123
9.260964
9.698901
10.0220375
10.243132
9.588354
8.933577
10.132585
10.0220375
9.588354
9.15467
10.23888
9.044123
9.805196
9.588354
9.150418
9.36726
10.0220375
9.805196
9.150418
9.477807
9.584103
9.915743
10.676816
9.36726
10.893659
9.69465
9.69465
9.260964
9.69465
9.69465
10.566269
9.477807
10.345176
11.1105
10.23888
9.584103
9.911491
9.69465
10.0220375
10.23888
10.676816
9.805196
10.0220375
10.676816
10.128334
9.69465
9.911491
10.999953
10.0220375
9.69465
10.566269
10.6725645
10.455723
9.36726
10.128334
9.584103
11.1105
10.128334
9.800944
10.0220375
10.349427
9.039871
9.805196
10.676816
10.455723
9.584103
9.260964
10.566269
10.566269
8.933577
10.349427
9.69465
8.8230295
10.459974
10.455723
9.584103
9.805196
10.562017
10.23888
10.0220375
10.783112
9.911491
10.676816
10.23888
9.039871
10.676816
10.349427
9.584103
10.566269
10.455723
8.8230295
10.132585
10.128334
10.455723
9.69465
9.473556
10.0220375
9.915743
9.69465
8.8230295
10.0220375
10.893659
9.150418
9.36726
10.783112
10.783112
10.234629
10.459974
9.911491
9.69465
10.23888
10.23888
9.36726
11.1105
9.69465
10.128334
10.0220375
10.23888
9.36726
10.132585
10.6725645
8.929324
10.455723
10.23888
10.017787
10.0220375
9.800944
9.800944
10.455723
10.0220375
9.800944
11.1105
10.132585
10.345176
10.566269
10.566269
9.36726
10.0220375
9.36726
10.783112
10.999953
10.6725645
10.128334
11.327342
10.6725645
9.584103
10.999953
9.911491
9.146166
10.0220375
10.455723
10.017787
10.566269
10.783112
9.800944
10.23888
10.893659
10.234629
10.889407
10.349427
10.345176
10.128334
10.23888
9.584103
10.23888
10.128334
9.690397
10.345176
10.017787
10.124082
10.23888
10.566269
9.800944
10.455723
10.783112
10.455723
10.128334
9.911491
10.562017
9.911491
9.800944
10.6725645
10.566269
9.911491
10.128334
10.017787
9.800944
10.6725645
10.999953
10.23888
10.017787
10.999953
10.0220375
10.345176
10.455723
10.889407
10.889407
9.911491
10.23888
10.234629
9.911491
10.6725645
10.349427
10.999953
10.345176
10.23888
10.128334
10.345176
10.23888
10.345176
10.455723
11.327342
10.345176
10.562017
10.889407
9.911491
10.017787
10.234629
10.999953
10.345176
10.6725645
10.6725645
10.017787
9.800944
10.562017
11.327342
9.907239
11.106249
10.455723
10.234629
10.566269
10.6725645
11.106249
10.345176
11.977869
10.45147
10.668313
10.668313
10.013535
10.340923
11.106249
11.2125435
10.562017
11.433638
10.77886
10.124082
11.977869
11.323091
10.562017
10.562017
10.562017
11.216796
11.106249
10.234629
10.77886
11.539933
10.889407
10.124082
11.2125435
10.562017
10.562017
11.65048
11.539933
10.995702
11.216796
10.562017
11.323091
10.45147
11.106249
11.433638
10.995702
11.106249
10.77886
10.562017
10.234629
10.668313
10.234629
11.106249
10.234629
10.77886
10.340923
10.562017
11.65048
11.867322
10.995702
11.106249
10.995702
10.013535
10.234629
11.106249
11.2125435
10.668313
11.106249
10.668313
10.995702
10.6725645
10.340923
11.433638
10.345176
10.668313
10.017787
10.128334
9.690397
10.6725645
10.995702
10.017787
11.106249
11.318839
10.774608
10.885155
10.995702
10.557766
10.668313
11.65048
11.101996
11.2125435
11.2125435
10.885155
10.557766
10.340923
10.45147
11.429386
11.2125435
11.65048
11.101996
10.668313
10.234629
10.668313
10.668313
10.557766
10.995702
11.425134
11.2125435
11.323091
10.45147
10.885155
11.2125435
11.429386
10.668313
11.646228
11.318839
11.101996
11.973618
11.318839
11.646228
10.995702
11.2125435
12.190459
11.429386
11.101996
11.646228
11.756775
12.190459
11.8630705
11.318839
12.301006
11.752523
11.646228
11.752523
11.101996
11.429386
10.991449
11.2125435
12.190459
12.517848
12.186207
12.190459
12.407301
12.407301
10.5535145
12.734691
11.752523
10.880902
11.646228
12.734691
11.208292
11.752523
11.208292
12.186207
11.8630705
12.190459
11.752523
11.752523
11.314588
12.517848
12.730438
11.314588
11.973618
12.186207
12.407301
12.951532
12.075661
12.951532
11.752523
12.186207
12.407301
12.730438
11.425134
12.840985
13.385218
12.730438
12.075661
13.057828
12.624144
13.057828
11.858818
12.947281
12.292503
13.057828
13.274671
12.840985
13.274671
13.385218
12.292503
12.075661
13.057828
12.730438
12.181956
13.168375
13.708355
13.491511
13.274671
12.726187
12.403049
12.509345
13.053576
13.818902
13.053576
13.380964
13.925196
13.274671
13.708355
13.708355
13.597807
12.943029
13.814649
13.925196
13.270417
13.053576
13.491511
13.704102
13.049324
13.597807
14.252585
13.380964
12.943029
13.380964
14.252585
12.943029
13.159871
13.270417
12.943029
13.053576
14.252585
13.48726
12.836734
14.142038
14.465176
14.252585
13.159871
13.270417
14.142038
13.270417
13.159871
13.814649
13.270417
14.142038
13.925196
13.376713
13.48726
13.814649
13.48726
13.925196
13.920944
14.142038
14.792564
13.376713
14.142038
14.248333
12.943029
13.920944
13.814649
13.704102
13.159871
13.704102
14.248333
13.704102
13.920944
14.465176
14.68627
13.270417
14.68627
13.376713
14.031491
13.814649
14.575723
14.142038
14.248333
14.35888
14.137786
12.943029
14.682017
14.031491
14.248333
13.266166
13.376713
13.814649
13.5935545
13.48726
13.920944
13.48726
13.920944
13.597807
14.031491
13.270417
13.704102
13.376713
13.48726
13.920944
14.248333
12.832482
14.137786
14.248333
13.376713
14.465176
13.704102
13.920944
13.925196
13.704102
13.266166
13.48726
13.920944
13.159871
13.376713
14.575723
14.35888
13.814649
13.159871
13.814649
13.376713
13.48726
14.575723
13.920944
14.575723
13.814649
13.5935545
14.575723
13.920944
13.920944
13.5935545
14.35888
13.483009
13.483009
14.137786
13.5935545
14.031491
13.5935545
14.031491
13.920944
13.704102
13.597807
13.266166
13.159871
14.35888
13.48726
13.5935545
14.248333
14.465176
13.376713
14.792564
13.704102
13.266166
13.48726
13.270417
13.704102
14.248333
12.943029
14.031491
14.465176
13.159871
14.248333
13.704102
13.049324
13.704102
13.704102
13.920944
13.48726
13.376713
14.575723
13.48726
13.48726
13.5935545
14.031491
13.48726
12.943029
14.35888
13.814649
13.704102
13.814649
13.376713
12.832482
13.380964
14.031491
13.48726
13.376713
13.48726
14.137786
14.031491
14.35888
13.5935545
13.376713
14.35888
14.465176
13.159871
13.48726
13.704102
14.137786
12.938777
13.049324
13.704102
13.810397
13.814649
13.5935545
13.049324
13.814649
13.376713
13.920944
13.5935545
13.704102
13.5935545
13.704102
13.376713
14.792564
13.5935545
13.920944
14.465176
13.483009
13.376713
14.248333
13.049324
12.832482
14.248333
13.5935545
14.248333
14.354629
13.5935545
13.483009
14.465176
14.02724
13.704102
13.5935545
13.049324
13.704102
13.920944
14.137786
13.376713
14.35888
14.248333
14.248333
14.248333
13.5935545
13.483009
14.248333
13.920944
13.704102
15.009407
14.354629
13.704102
13.920944
14.02724
13.376713
14.031491
14.575723
13.920944
12.832482
14.031491
14.248333
14.137786
13.48726
14.57147
13.920944
13.704102
13.920944
13.376713
13.704102
14.248333
13.5935545
14.031491
14.137786
13.704102
14.248333
13.810397
13.376713
14.35888
13.5935545
14.248333
13.920944
14.137786
13.376713
13.704102
13.270417
13.810397
13.376713
13.053576
14.469427
13.48726
12.61564
13.704102
13.48726
13.704102
14.248333
13.270417
14.792564
12.832482
13.5935545
13.704102
13.48726
13.810397
13.920944
13.376713
13.48726
13.920944
13.704102
13.925196
13.159871
13.380964
14.35888
13.597807
12.832482
14.031491
12.726187
14.031491
14.35888
12.398798
13.597807
13.920944
13.483009
13.159871
12.726187
14.142038
13.704102
12.832482
13.708355
12.832482
13.270417
13.814649
13.925196
12.726187
13.491511
13.925196
13.053576
12.61564
13.380964
13.053576
13.597807
12.292503
12.947281
13.053576
12.509345
13.818902
13.053576
13.049324
12.075661
12.181956
12.619891
12.509345
13.708355
12.836734
12.726187
12.181956
13.380964
12.943029
12.292503
13.380964
12.726187
12.726187
13.053576
12.288251
13.270417
13.053576
12.726187
12.619891
12.509345
13.380964
12.619891
12.403049
12.403049
12.619891
13.602058
12.726187
12.181956
12.619891
12.075661
12.730438
12.403049
12.836734
12.836734
11.641976
11.641976
11.637725
12.947281
12.186207
12.619891
13.385218
12.186207
12.186207
12.619891
12.619891
12.186207
13.164123
12.624144
12.513597
11.858818
11.641976
12.186207
11.531429
12.292503
12.513597
12.292503
11.641976
12.840985
12.186207
12.403049
11.969365
12.403049
11.969365
12.186207
12.624144
12.292503
12.513597
11.969365
11.531429
11.748272
12.619891
12.517848
12.186207
12.075661
12.624144
12.075661
11.531429
12.079912
12.509345
11.641976
12.296754
11.531429
11.314588
11.969365
11.314588
12.619891
12.840985
11.531429
11.752523
12.296754
12.513597
11.425134
12.079912
11.969365
11.314588
12.624144
11.204041
12.186207
12.079912
12.513597
11.314588
12.079912
13.168375
12.730438
12.513597
12.079912
11.425134
11.8630705
12.186207
11.969365
11.8630705
11.752523
11.097745
12.296754
12.186207
11.208292
11.969365
11.318839
12.296754
11.425134
12.513597
11.752523
11.8630705
12.513597
11.969365
11.208292
11.425134
12.079912
12.079912
11.535681
11.318839
12.296754
10.447219
12.407301
12.296754
11.208292
11.8630705
10.991449
10.991449
10.774608
11.318839
11.318839
11.318839
11.646228
11.101996
11.973618
11.318839
11.318839
11.535681
11.2125435
11.535681
11.539933
10.557766
10.885155
10.77886
10.557766
10.336672
10.774608
11.2125435
11.429386
10.885155
11.973618
10.885155
10.995702
10.668313
10.557766
10.230376
10.345176
10.557766
10.234629
10.345176
10.45147
10.124082
10.45147
11.106249
10.668313
10.995702
10.562017
10.124082
10.234629
10.340923
10.562017
11.323091
11.106249
10.017787
9.035619
10.999953
9.796692
10.345176
9.800944
11.327342
10.77886
10.345176
9.3630085
10.345176
10.017787
10.455723
10.23888
9.584103
10.345176
9.57985
9.584103
10.128334
10.017787
9.69465
9.800944
10.017787
9.800944
10.562017
9.800944
9.473556
9.800944
9.690397
9.584103
10.017787
9.690397
9.584103
9.477807
9.584103
8.8230295
8.712482
9.911491
9.584103
9.044123
9.039871
9.800944
9.039871
9.256713
10.132585
9.477807
8.933577
9.039871
10.0220375
9.36726
9.150418
10.23888
9.911491
8.8230295
10.23888
9.69465
9.477807
9.477807
9.260964
9.260964
8.716734
8.933577
10.0220375
8.49564
9.805196
9.477807
8.499891
9.260964
7.955661
9.371511
8.610438
8.066207
9.15467
8.716734
7.738818
8.389345
8.610438
8.82728
9.265217
8.937827
8.606187
8.066207
8.82728
9.482059
7.955661
8.937827
8.499891
9.15467
8.720985
9.482059
8.610438
7.632523
7.521976
9.048374
8.82728
7.849365
8.720985
7.849365
7.305134
8.504144
8.287301
8.176754
7.415681
7.74307
7.849365
7.853617
7.1988387
7.74307
8.176754
7.74307
8.176754
8.066207
8.504144
9.158921
8.393597
6.9777446
8.720985
7.9599123
8.504144
8.066207
8.720985
8.070459
8.720985
7.415681
7.853617
7.853617
8.070459
6.87145
8.287301
8.287301
7.849365
7.636775
7.636775
7.632523
7.9599123
8.070459
7.526228
7.74307
7.632523
7.74307
7.9599123
8.070459
8.070459
7.9599123
6.87145
7.9599123
7.415681
6.87145
8.070459
7.415681
7.853617
7.309386
7.526228
6.2209234
7.9641643
6.765155
7.526228
6.0040812
6.875702
7.309386
7.415681
7.526228
7.853617
7.9599123
7.309386
7.092544
7.853617
6.4377656
6.981997
6.765155
6.87145
6.981997
7.203091
8.074712
7.853617
6.765155
8.181006
7.853617
6.5483127
7.9641643
7.526228
6.981997
6.2209234
7.203091
7.419933
7.419933
6.4377656
6.2209234
7.5304804
7.313638
6.4420176
5.7872396
7.857869
8.070459
6.875702
7.9641643
6.875702
6.765155
7.309386
7.747322
7.526228
6.875702
6.765155
6.0040812
7.092544
7.747322
7.092544
7.9641643
6.875702
6.114629
7.203091
6.986249
6.875702
7.203091
6.986249
6.6588597
6.2209234
7.203091
6.765155
7.092544
7.6410265
7.419933
6.3314705
7.203091
6.875702
6.4420176
7.5304804
6.875702
5.7872396
7.747322
6.765155
6.5483127
7.419933
7.419933
6.5483127
7.313638
7.203091
6.875702
6.4420176
6.875702
6.3314705
6.875702
7.203091
6.875702
6.6588597
7.203091
6.6588597
7.5304804
6.4420176
5.7872396
6.769407
7.313638
6.986249
7.096796
7.6410265
6.5483127
7.6410265
7.203091
5.8977866
7.857869
6.2251754
6.4420176
7.313638
6.986249
6.5525646
7.5304804
6.6588597
7.313638
6.986249
6.3314705
6.6588597
6.769407
6.114629
6.114629
7.313638
6.6588597
6.4420176
7.203091
6.986249
6.0040812
6.2251754
6.986249
5.8977866
6.986249
7.313638
5.5703974
7.096796
6.986249
6.4420176
6.8799534
6.5525646
5.6809444
7.4241843
6.986249
5.7872396
7.6410265
6.2251754
6.114629
6.6588597
6.986249
6.008333
7.313638
6.4420176
6.769407
6.5525646
6.2251754
7.313638
6.663111
6.8799534
6.2251754
6.008333
6.3357224
6.769407
6.1188803
6.6588597
5.8977866
5.464102
7.096796
6.5525646
6.769407
7.313638
5.5703974
6.3314705
6.8799534
7.096796
6.114629
6.5525646
6.4420176
6.8799534
5.8977866
6.769407
7.4241843
6.8799534
6.008333
7.096796
6.2251754
6.8799534
7.6410265
6.4420176
6.008333
6.114629
5.8977866
7.4241843
6.2251754
6.1188803
6.5525646
6.5525646
6.4420176
7.207342
6.9905005
6.2251754
6.769407
6.0040812
7.4241843
7.096796
6.769407
6.3357224
6.8799534
6.3357224
6.5525646
6.5525646
6.4420176
6.769407
6.9905005
6.4420176
6.5525646
6.2251754
6.986249
6.2251754
7.6410265
6.5525646
6.8799534
6.3357224
6.663111
6.008333
7.096796
7.096796
6.2251754
7.096796
7.313638
6.6588597
6.4420176
6.2251754
7.4241843
7.857869
6.986249
7.203091
6.2209234
6.4420176
6.769407
7.092544
7.096796
7.203091
6.769407
7.419933
7.096796
7.857869
6.5483127
6.6588597
6.6588597
7.419933
6.986249
7.526228
6.981997
6.6588597
7.9641643
7.747322
7.092544
7.526228
8.074712
7.419933
7.203091
7.096796
7.747322
7.203091
7.747322
6.6588597
6.769407
6.875702
6.5483127
6.3314705
7.203091
6.875702
6.6588597
7.203091
7.857869
6.765155
7.092544
8.2915535
7.092544
7.526228
7.747322
7.636775
7.092544
6.986249
7.526228
6.3314705
7.747322
8.397848
6.5483127
7.9641643
8.287301
6.765155
7.853617
7.526228
6.87145
8.397848
8.070459
6.2209234
7.636775
7.1988387
7.747322
8.181006
8.181006
6.765155
7.9641643
7.853617
6.875702
7.9641643
7.092544
7.9641643
8.397848
7.853617
8.070459
7.74307
8.397848
8.614691
6.433514
8.508395
7.853617
7.0882916
8.181006
7.853617
7.9599123
8.8315325
8.397848
7.9599123
8.614691
7.415681
8.070459
8.725238
8.070459
8.070459
7.309386
8.070459
8.614691
8.614691
8.070459
8.287301
8.8315325
7.1988387
7.9599123
9.265217
7.632523
7.853617
8.8315325
8.397848
8.397848
8.610438
8.8315325
9.265217
7.849365
8.504144
8.393597
9.048374
8.610438
8.614691
8.393597
7.849365
8.610438
8.393597
8.720985
9.265217
8.610438
9.265217
9.809448
8.937827
8.504144
9.15467
8.176754
8.8315325
9.482059
8.8315325
9.15467
8.393597
9.371511
9.698901
8.610438
8.610438
8.614691
9.15467
9.588354
8.504144
9.265217
9.260964
8.716734
9.048374
9.150418
10.02629
9.044123
8.933577
9.15467
9.265217
10.02629
8.82728
9.809448
9.15467
9.915743
9.698901
9.588354
9.260964
9.477807
8.8230295
9.698901
9.805196
8.720985
9.371511
9.260964
8.28305
9.915743
9.15467
9.698901
9.477807
10.23888
10.243132
9.915743
9.044123
9.048374
8.716734
9.265217
9.588354
9.044123
8.82728
9.588354
8.82728
9.69465
9.15467
10.349427
9.044123
9.482059
9.15467
9.044123
9.588354
9.260964
9.371511
9.260964
9.698901
9.477807
9.698901
10.459974
9.69465
10.0220375
9.36726
9.36726
10.459974
9.150418
10.132585
9.150418
9.698901
9.36726
10.0220375
9.915743
8.716734
10.349427
9.371511
9.371511
9.915743
10.132585
10.459974
9.36726
8.716734
9.36726
10.0220375
9.915743
9.260964
10.566269
9.588354
10.0220375
9.911491
9.805196
10.455723
8.933577
9.69465
10.128334
9.477807
10.0220375
10.132585
9.915743
9.69465
9.588354
9.805196
9.36726
9.69465
10.566269
9.150418
10.893659
10.455723
10.787363
10.0220375
10.0220375
9.150418
9.260964
10.02629
10.23888
9.477807
9.915743
10.893659
9.477807
10.566269
10.0220375
9.69465
9.371511
10.566269
10.23888
10.0220375
10.455723
9.911491
10.0220375
11.1105
9.805196
10.893659
9.588354
9.915743
10.893659
9.588354
10.0220375
10.349427
10.23888
10.132585
10.566269
9.69465
11.1105
10.999953
10.893659
10.455723
9.911491
11.327342
10.23888
11.437889
10.562017
10.999953
10.6725645
10.128334
10.23888
10.893659
9.911491
9.69465
10.128334
10.455723
10.783112
10.455723
11.327342
11.1105
9.911491
9.800944
10.783112
10.455723
10.23888
10.345176
10.017787
10.455723
10.345176
10.345176
10.889407
10.017787
10.455723
10.999953
10.017787
10.6725645
10.566269
9.800944
10.783112
10.455723
10.23888
11.1105
10.23888
11.1105
10.783112
10.783112
10.562017
10.566269
10.783112
10.345176
10.783112
11.327342
10.999953
10.562017
10.6725645
11.327342
10.345176
11.327342
10.234629
10.562017
11.761026
10.889407
11.106249
11.327342
11.323091
10.23888
10.999953
10.45147
10.6725645
11.106249
11.106249
10.999953
11.539933
10.889407
10.999953
10.77886
10.999953
11.433638
11.1105
11.106249
10.783112
11.761026
11.539933
11.216796
11.544185
10.889407
11.106249
11.323091
10.995702
11.65048
11.867322
11.106249
10.995702
11.65048
10.889407
11.216796
11.65048
10.783112
11.216796
11.216796
11.867322
10.999953
10.995702
11.2125435
11.761026
10.668313
11.867322
11.106249
10.340923
11.323091
10.999953
10.77886
11.65048
11.544185
10.562017
10.783112
12.088415
11.2125435
11.216796
11.106249
10.889407
11.977869
11.867322
10.889407
11.871573
10.562017
11.323091
10.999953
10.889407
11.867322
11.65048
11.2125435
10.999953
11.433638
11.756775
10.889407
11.539933
11.106249
10.562017
11.539933
10.562017
11.433638
11.867322
10.889407
10.889407
11.106249
11.327342
11.323091
10.6725645
11.544185
11.65048
10.345176
10.889407
11.761026
10.234629
11.216796
11.977869
11.433638
11.216796
11.323091
11.106249
11.106249
10.889407
11.106249
12.194712
11.429386
11.65048
11.539933
11.539933
11.977869
10.995702
12.305258
11.429386
12.194712
11.2125435
11.867322
11.323091
10.995702
11.216796
11.539933
11.756775
11.216796
10.995702
10.995702
11.761026
11.539933
10.995702
11.106249
11.216796
11.433638
10.995702
11.977869
11.761026
11.756775
11.216796
11.106249
10.562017
11.433638
11.433638
10.45147
11.761026
11.867322
10.562017
11.2125435
11.539933
10.885155
12.194712
11.65048
10.77886
11.539933
10.995702
10.668313
12.194712
11.756775
12.084165
11.867322
11.65048
10.885155
11.323091
12.084165
10.889407
11.65048
11.323091
10.889407
11.977869
11.65048
11.433638
11.756775
11.323091
11.65048
11.867322
11.539933
11.867322
11.539933
11.973618
11.106249
11.973618
11.867322
11.539933
12.301006
11.539933
12.190459
11.646228
12.517848
12.190459
11.101996
11.867322
11.65048
11.867322
11.756775
11.867322
11.323091
12.084165
11.539933
11.323091
11.539933
11.867322
12.084165
11.433638
11.2125435
10.995702
11.216796
10.995702
11.761026
11.867322
10.668313
11.433638
12.411553
11.101996
11.433638
11.539933
11.539933
11.544185
10.668313
10.77886
11.977869
11.539933
11.977869
11.977869
10.995702
11.216796
11.106249
11.106249
12.088415
10.45147
10.455723
11.761026
10.889407
11.977869
11.323091
11.429386
11.106249
11.977869
11.2125435
11.761026
10.562017
10.889407
11.216796
11.539933
10.889407
10.562017
10.999953
10.345176
11.433638
12.088415
10.889407
11.106249
10.783112
11.106249
11.323091
11.871573
11.761026
11.433638
10.017787
10.6725645
10.234629
11.106249
10.77886
11.106249
11.761026
11.761026
11.544185
11.216796
11.216796
11.216796
10.889407
10.6725645
10.6725645
10.889407
11.327342
11.106249
11.327342
10.562017
11.216796
11.106249
10.999953
10.6725645
10.6725645
10.77886
11.216796
11.327342
11.323091
10.889407
10.562017
11.433638
10.345176
10.345176
10.455723
10.345176
11.1105
10.6725645
11.216796
10.455723
10.999953
10.234629
9.911491
10.6725645
10.128334
10.783112
11.216796
10.889407
11.544185
10.128334
10.562017
10.455723
10.45147
10.893659
11.433638
10.889407
10.455723
10.455723
10.889407
11.216796
10.77886
10.566269
10.128334
10.017787
10.566269
10.345176
10.455723
10.889407
10.6725645
10.345176
10.455723
9.911491
10.455723
10.234629
10.566269
10.783112
10.566269
11.216796
10.566269
11.216796
10.455723
10.128334
10.889407
10.566269
10.455723
10.23888
10.562017
10.6725645
10.128334
10.6725645
11.1105
11.1105
10.349427
10.783112
10.783112
10.6725645
11.1105
10.999953
10.349427
10.783112
10.0220375
10.999953
10.455723
10.783112
10.889407
11.327342
10.455723
10.6725645
10.566269
10.783112
10.0220375
10.999953
11.221047
10.999953
9.911491
11.437889
10.893659
9.805196
11.327342
10.23888
10.566269
10.23888
9.800944
10.783112
10.345176
10.6725645
10.783112
11.327342
9.911491
10.783112
10.349427
10.455723
11.327342
10.128334
10.455723
10.23888
10.999953
10.455723
10.676816
10.6725645
11.654732
10.128334
10.566269
10.455723
10.455723
10.0220375
9.256713
10.349427
10.893659
10.23888
10.566269
9.69465
9.36726
10.783112
11.216796
10.566269
10.783112
10.999953
10.783112
10.999953
10.455723
11.544185
10.783112
10.6725645
10.566269
10.783112
10.783112
10.345176
10.6725645
9.911491
10.566269
10.566269
10.783112
10.566269
9.36726
10.6725645
10.455723
10.455723
10.6725645
9.805196
9.911491
10.566269
10.23888
10.128334
10.23888
10.566269
10.132585
10.999953
10.23888
10.889407
11.1105
10.893659
11.216796
10.6725645
11.1105
10.23888
10.455723
10.893659
11.221047
10.999953
10.349427
10.23888
9.69465
10.676816
10.455723
9.911491
9.260964
10.676816
10.0220375
10.0220375
11.437889
11.1105
9.150418
10.459974
9.911491
10.349427
10.566269
10.455723
10.566269
10.132585
11.1105
9.477807
10.566269
10.23888
10.566269
10.455723
9.805196
10.783112
10.23888
10.349427
10.566269
9.69465
10.566269
10.566269
10.999953
10.455723
10.566269
9.911491
10.783112
10.128334
10.0220375
10.889407
10.6725645
10.566269
10.23888
10.455723
10.783112
10.893659
10.783112
10.676816
10.0220375
10.345176
10.676816
10.349427
10.6725645
9.150418
11.221047
9.911491
9.69465
10.0220375
11.1105
10.455723
10.23888
10.566269
9.260964
10.566269
9.584103
9.911491
10.893659
10.0220375
9.150418
10.893659
10.455723
10.455723
10.349427
10.349427
10.566269
10.893659
10.23888
9.477807
10.893659
10.0220375
10.893659
10.893659
10.455723
10.349427
10.566269
9.911491
9.69465
11.221047
10.23888
9.477807
10.349427
10.783112
10.132585
10.23888
10.0220375
10.132585
10.999953
10.23888
10.0220375
10.783112
11.1105
9.69465
10.676816
10.455723
10.23888
11.327342
10.999953
10.0220375
11.327342
10.23888
10.23888
9.690397
10.566269
10.566269
10.455723
10.783112
10.23888
10.999953
10.349427
10.132585
10.345176
10.0220375
9.911491
10.128334
10.349427
10.349427
9.911491
10.566269
10.566269
10.455723
11.1105
10.455723
9.477807
10.676816
10.128334
10.455723
10.349427
10.017787
8.716734
10.23888
9.69465
10.0220375
10.566269
10.23888
9.805196
9.805196
10.893659
9.260964
9.805196
10.349427
10.23888
10.459974
10.23888
10.345176
10.349427
10.23888
11.1105
9.911491
11.221047
10.0220375
10.566269
10.893659
10.999953
10.23888
10.23888
10.455723
10.128334
10.349427
11.437889
9.911491
10.455723
10.999953
10.345176
10.0220375
10.566269
10.783112
11.327342
9.911491
10.566269
10.566269
9.477807
10.132585
10.999953
10.455723
10.783112
10.0220375
10.23888
10.128334
9.36726
10.783112
10.459974
9.69465
10.566269
11.437889
9.69465
9.69465
10.23888
10.128334
10.345176
10.345176
9.911491
10.999953
10.455723
10.23888
10.23888
9.69465
9.36726
9.805196
9.69465
11.1105
10.132585
10.349427
10.566269
10.783112
9.911491
10.783112
10.566269
10.23888
10.23888
10.349427
10.566269
10.0220375
9.805196
10.455723
9.911491
10.23888
9.69465
10.6725645
10.6725645
10.783112
11.437889
11.327342
10.455723
11.1105
10.0220375
10.0220375
10.23888
10.23888
10.566269
10.6725645
10.345176
10.23888
10.783112
10.455723
10.345176
10.455723
10.23888
10.999953
10.017787
10.566269
10.455723
9.911491
9.69465
10.566269
10.566269
10.23888
10.345176
10.345176
10.345176
10.455723
9.69465
9.911491
10.566269
10.6725645
9.800944
10.893659
10.6725645
10.6725645
10.783112
10.999953
10.455723
10.23888
10.566269
9.584103
10.23888
10.23888
10.455723
10.23888
10.349427
10.889407
10.999953
10.455723
10.6725645
10.893659
10.999953
9.911491
10.345176
9.911491
9.800944
11.1105
9.69465
10.783112
11.1105
10.455723
9.473556
10.783112
11.216796
10.566269
10.893659
11.327342
10.999953
10.783112
9.584103
9.69465
10.566269
11.1105
10.566269
10.783112
11.327342
10.23888
9.911491
10.23888
10.566269
10.128334
10.455723
10.23888
10.455723
10.455723
10.6725645
9.800944
11.1105
10.128334
10.783112
10.999953
10.783112
10.0220375
10.349427
10.455723
10.455723
11.1105
10.783112
9.477807
10.128334
10.893659
9.800944
10.676816
10.6725645
9.69465
10.676816
9.477807
10.999953
9.805196
9.911491
10.893659
10.893659
10.345176
10.893659
10.455723
9.69465
9.69465
11.1105
9.915743
9.477807
10.893659
10.0220375
9.260964
10.132585
9.477807
10.0220375
9.69465
10.132585
10.0220375
10.787363
10.566269
10.349427
10.455723
9.371511
10.676816
9.477807
10.23888
9.69465
10.23888
10.999953
10.783112
9.800944
11.1105
9.805196
10.349427
10.455723
9.588354
9.69465
9.260964
11.004206
9.911491
9.915743
9.039871
10.676816
10.459974
9.260964
10.349427
10.243132
9.911491
10.349427
9.039871
8.933577
9.588354
9.911491
9.477807
9.69465
9.039871
9.477807
10.676816
9.371511
10.459974
9.805196
10.0220375
11.221047
10.676816
10.0220375
9.805196
9.260964
9.69465
9.588354
10.455723
9.805196
9.805196
8.82728
10.02629
9.588354
9.805196
9.371511
9.371511
9.371511
10.132585
9.588354
8.504144
10.132585
9.371511
9.260964
9.371511
8.933577
10.02629
9.805196
9.698901
8.82728
9.588354
9.805196
10.459974
9.698901
9.588354
9.698901
8.937827
9.915743
9.15467
9.044123
8.937827
8.82728
8.82728
9.265217
9.588354
8.937827
8.937827
8.499891
8.937827
9.588354
8.066207
10.132585
9.588354
9.044123
10.02629
8.937827
8.937827
8.610438
8.82728
9.371511
7.955661
9.371511
8.610438
8.82728
10.02629
9.805196
9.371511
8.610438
8.82728
8.393597
8.720985
8.610438
8.610438
9.15467
8.393597
8.393597
8.610438
8.720985
8.504144
8.937827
8.82728
8.614691
8.176754
8.610438
7.74307
8.28305
7.849365
8.937827
8.720985
9.048374
9.592606
8.499891
8.720985
8.176754
7.849365
9.158921
8.614691
7.9599123
9.048374
8.720985
7.305134
8.504144
8.287301
9.158921
8.176754
7.526228
8.504144
8.393597
8.070459
9.592606
8.937827
8.176754
9.592606
7.9599123
8.181006
9.375764
8.393597
8.94208
9.158921
8.176754
8.504144
9.048374
7.9599123
7.74307
8.287301
8.176754
8.720985
9.158921
8.504144
8.614691
8.720985
7.632523
8.287301
7.853617
8.614691
8.94208
8.176754
7.74307
8.070459
8.287301
8.070459
8.94208
7.849365
8.504144
7.853617
8.720985
7.853617
8.720985
8.070459
8.397848
8.614691
7.9599123
7.526228
7.526228
6.87145
7.9641643
7.415681
6.765155
8.2915535
8.181006
7.309386
7.309386
8.614691
7.1988387
7.1988387
8.725238
9.052627
7.853617
7.309386
8.397848
7.853617
7.9599123
8.614691
8.287301
8.504144
7.9641643
7.526228
7.74307
7.1988387
7.9641643
8.181006
8.397848
7.526228
7.092544
7.5304804
8.614691
8.397848
7.9641643
7.853617
8.181006
6.765155
8.725238
7.526228
8.397848
7.853617
7.309386
7.419933
7.526228
7.1988387
6.986249
8.508395
6.981997
7.9641643
7.9641643
7.309386
8.181006
7.309386
7.636775
7.636775
8.508395
8.181006
7.9641643
8.181006
7.526228
8.070459
8.508395
8.720985
7.74307
7.853617
8.070459
8.504144
7.526228
8.725238
8.070459
8.287301
8.070459
8.508395
7.526228
7.092544
8.074712
7.419933
7.636775
7.853617
7.1988387
8.508395
7.526228
6.4377656
7.9641643
7.1988387
6.981997
7.526228
8.397848
7.092544
7.5304804
7.853617
8.070459
7.092544
8.397848
7.853617
7.74307
7.9641643
7.9641643
8.397848
8.614691
6.981997
8.181006
7.526228
7.309386
8.508395
7.1988387
7.853617
8.070459
8.287301
6.981997
7.853617
7.9641643
6.87145
8.181006
7.853617
8.070459
7.636775
8.614691
8.8315325
7.74307
6.875702
8.070459
8.397848
7.419933
8.181006
8.397848
7.853617
8.070459
8.287301
7.419933
8.397848
7.9641643
7.853617
7.853617
8.504144
8.397848
8.070459
8.287301
7.526228
8.397848
8.8315325
7.526228
7.636775
7.636775
7.526228
8.070459
7.526228
8.070459
7.853617
8.835785
8.070459
7.1988387
8.8315325
7.853617
8.070459
7.853617
7.74307
8.397848
8.725238
8.070459
7.9599123
8.070459
7.853617
7.9599123
7.74307
8.614691
8.397848
8.070459
7.9599123
7.309386
7.9641643
8.504144
8.614691
8.070459
8.070459
8.397848
7.74307
8.287301
8.287301
7.74307
8.725238
7.632523
7.1988387
8.070459
8.287301
8.287301
7.853617
8.176754
7.0882916
7.092544
7.526228
8.287301
8.614691
8.397848
8.070459
8.504144
8.614691
7.309386
7.526228
7.9599123
7.74307
8.725238
9.375764
8.176754
8.287301
8.8315325
7.526228
7.74307
7.9641643
9.048374
7.74307
7.526228
8.504144
9.048374
8.176754
7.74307
8.504144
7.849365
8.176754
7.74307
9.592606
8.070459
7.9599123
8.397848
8.720985
7.849365
8.614691
9.265217
8.504144
8.720985
9.265217
7.9599123
8.720985
9.048374
8.393597
8.937827
8.176754
9.048374
8.720985
8.720985
9.375764
9.375764
8.397848
8.937827
9.15467
7.849365
9.592606
9.698901
8.176754
9.265217
9.698901
7.955661
9.375764
9.482059
8.610438
8.720985
8.8315325
8.499891
9.15467
8.504144
8.937827
8.82728
8.610438
8.499891
8.720985
8.720985
8.499891
8.937827
9.265217
8.066207
9.15467
8.499891
9.698901
9.371511
8.82728
9.588354
8.610438
8.82728
9.371511
9.698901
8.28305
9.698901
8.610438
9.915743
9.044123
9.15467
9.588354
9.15467
9.371511
8.82728
9.15467
9.265217
8.937827
9.698901
9.044123
9.588354
9.044123
9.371511
8.82728
10.570521
9.044123
10.02629
8.610438
9.265217
9.698901
9.371511
8.937827
9.260964
9.044123
9.698901
9.805196
9.371511
10.243132
9.698901
8.82728
8.937827
9.265217
9.482059
9.588354
9.15467
9.371511
8.82728
10.243132
9.477807
8.937827
9.371511
8.937827
9.15467
9.477807
9.588354
10.676816
10.0220375
9.260964
10.132585
9.588354
10.132585
10.0220375
9.698901
10.0220375
9.588354
9.805196
8.610438
10.132585
8.716734
9.698901
10.23888
9.482059
9.588354
8.933577
9.15467
9.915743
10.243132
9.805196
8.393597
10.02629
10.132585
9.915743
9.260964
9.371511
9.915743
8.716734
9.044123
10.23888
8.716734
9.915743
9.260964
9.371511
10.132585
9.698901
10.349427
9.15467
9.260964
10.349427
8.82728
10.0220375
8.933577
10.132585
9.805196
10.0220375
8.933577
9.15467
9.260964
9.150418
10.349427
10.783112
10.349427
9.044123
9.805196
10.132585
9.150418
9.477807
10.243132
10.349427
10.349427
10.0220375
9.69465
10.0220375
10.893659
10.455723
9.69465
10.566269
9.477807
9.911491
10.0220375
9.805196
10.783112
10.455723
9.698901
10.23888
9.150418
9.588354
10.23888
10.0220375
10.0220375
10.349427
10.999953
9.800944
9.69465
10.783112
9.584103
9.36726
10.6725645
10.999953
10.783112
9.477807
10.455723
9.911491
10.455723
10.6725645
9.69465
10.566269
10.0220375
9.588354
10.23888
10.6725645
9.911491
10.017787
9.477807
10.6725645
9.584103
9.584103
10.999953
10.128334
9.584103
10.455723
10.128334
9.584103
10.349427
11.216796
10.455723
10.23888
10.566269
9.584103
11.1105
10.455723
10.6725645
10.23888
10.893659
9.800944
9.69465
11.327342
10.234629
10.23888
10.349427
9.150418
10.455723
9.69465
9.36726
10.783112
11.327342
10.128334
10.345176
10.23888
10.128334
10.999953
10.6725645
9.473556
10.783112
9.911491
10.23888
10.999953
10.999953
10.23888
9.907239
10.893659
9.690397
9.800944
10.999953
10.455723
10.128334
10.783112
11.1105
9.256713
10.999953
10.345176
10.889407
10.783112
10.455723
9.911491
9.911491
10.783112
10.6725645
10.23888
11.216796
10.6725645
10.6725645
10.999953
10.999953
10.345176
10.783112
10.6725645
10.6725645
10.128334
10.889407
10.999953
10.562017
10.349427
10.345176
11.1105
10.783112
10.889407
10.128334
10.017787
11.327342
10.999953
10.455723
9.907239
10.128334
10.6725645
11.323091
10.455723
11.216796
10.77886
10.562017
10.234629
10.345176
10.455723
11.216796
10.889407
10.345176
10.889407
11.544185
10.345176
10.783112
10.345176
10.562017
11.544185
11.65048
10.6725645
10.783112
11.106249
10.999953
10.889407
11.65048
10.017787
10.128334
10.562017
10.889407
10.23888
10.345176
11.323091
10.995702
10.345176
10.889407
11.216796
9.907239
10.345176
11.433638
11.106249
11.65048
9.907239
11.323091
11.323091
10.562017
10.889407
10.45147
11.216796
11.323091
10.6725645
12.194712
11.216796
10.455723
11.106249
11.65048
11.65048
11.106249
10.885155
10.889407
12.305258
10.668313
11.433638
12.088415
11.433638
10.45147
10.77886
10.889407
11.977869
11.106249
11.106249
10.45147
11.433638
10.995702
11.539933
11.761026
10.889407
10.889407
11.106249
11.2125435
10.45147
11.977869
10.995702
11.106249
11.761026
11.2125435
11.433638
12.194712
11.323091
10.562017
11.323091
11.756775
11.323091
11.977869
10.995702
11.433638
11.867322
11.2125435
11.756775
11.756775
12.084165
11.646228
10.885155
10.995702
11.65048
11.539933
10.6725645
11.977869
11.2125435
11.433638
10.668313
10.562017
11.539933
11.756775
11.977869
12.084165
11.867322
11.106249
11.539933
11.323091
11.65048
11.65048
11.539933
11.867322
10.995702
11.323091
11.65048
11.2125435
10.995702
11.977869
11.756775
11.65048
11.544185
11.106249
11.867322
11.65048
11.327342
11.433638
10.562017
11.433638
10.885155
10.562017
11.977869
11.539933
11.433638
11.106249
10.889407
11.977869
11.539933
11.216796
11.106249
10.77886
11.433638
11.323091
11.756775
10.889407
11.216796
10.995702
11.544185
10.885155
11.65048
12.194712
10.77886
10.999953
11.539933
11.106249
10.889407
11.65048
11.433638
9.907239
11.106249
10.889407
10.995702
10.45147
11.216796
11.106249
10.668313
10.889407
11.65048
10.668313
11.216796
12.084165
10.562017
11.433638
12.194712
11.323091
11.323091
11.867322
11.429386
11.2125435
10.77886
10.995702
10.562017
12.411553
11.867322
11.433638
11.433638
10.995702
10.889407
12.084165
10.995702
10.77886
10.889407
11.323091
11.977869
10.995702
11.106249
11.761026
10.562017
10.999953
11.216796
11.539933
11.216796
12.194712
10.995702
10.77886
11.977869
11.2125435
10.6725645
10.455723
10.455723
10.889407
11.106249
10.668313
11.323091
10.889407
10.562017
10.345176
10.6725645
11.216796
10.995702
11.106249
10.562017
10.6725645
10.995702
10.455723
11.433638
11.106249
10.889407
11.106249
10.995702
11.761026
10.889407
11.323091
10.999953
10.77886
10.889407
11.977869
12.088415
11.323091
10.345176
10.889407
11.429386
10.562017
11.539933
12.194712
11.761026
10.45147
11.544185
12.411553
10.77886
10.557766
10.6725645
11.323091
10.45147
10.45147
11.544185
11.544185
10.345176
11.323091
11.216796
11.106249
10.455723
11.65048
10.77886
10.889407
11.65048
11.65048
11.761026
10.234629
11.106249
10.889407
11.106249
10.562017
11.106249
11.65048
11.761026
10.995702
11.977869
10.995702
11.433638
11.216796
11.433638
11.106249
10.668313
11.323091
11.973618
10.889407
11.106249
10.995702
11.323091
12.084165
11.756775
11.216796
11.756775
10.889407
10.995702
11.216796
12.194712
11.433638
11.65048
10.995702
11.65048
11.2125435
11.323091
12.305258
10.995702
12.194712
11.101996
11.867322
11.433638
11.539933
11.429386
11.433638
11.539933
11.323091
12.194712
11.2125435
11.539933
11.323091
10.995702
11.539933
12.628395
11.977869
11.2125435
10.77886
11.539933
11.101996
12.194712
11.429386
10.995702
11.977869
12.301006
11.65048
11.429386
11.65048
11.539933
11.646228
11.539933
12.411553
12.190459
11.867322
12.628395
10.991449
11.433638
11.973618
12.079912
12.084165
11.539933
11.756775
11.429386
12.734691
12.407301
12.734691
12.084165
11.756775
12.411553
12.190459
12.624144
12.301006
11.973618
10.995702
11.65048
11.646228
12.407301
11.8630705
12.301006
11.539933
11.535681
12.190459
12.084165
12.517848
10.774608
12.517848
11.535681
12.301006
12.624144
12.951532
12.628395
12.517848
11.646228
11.8630705
12.079912
12.734691
11.973618
13.278922
12.513597
11.752523
13.062079
12.951532
11.429386
11.756775
12.951532
12.079912
12.951532
12.190459
12.517848
11.756775
11.318839
12.734691
12.301006
13.062079
11.8630705
12.734691
12.301006
12.624144
12.951532
12.845238
13.1726265
12.301006
11.8630705
12.079912
11.8630705
11.973618
11.756775
12.628395
12.517848
12.084165
11.2125435
12.624144
12.079912
11.535681
12.194712
11.646228
11.973618
12.407301
12.079912
12.190459
11.973618
12.403049
12.190459
12.734691
13.712605
12.407301
12.190459
12.407301
12.190459
12.951532
12.513597
12.190459
13.495763
11.641976
12.296754
12.624144
12.624144
13.495763
11.535681
11.646228
12.734691
11.752523
12.951532
12.624144
11.752523
12.517848
11.8630705
11.752523
13.389469
12.840985
12.951532
12.301006
12.407301
11.646228
12.407301
12.296754
12.407301
12.517848
11.8630705
11.756775
13.057828
12.296754
12.407301
12.517848
11.8630705
12.301006
12.190459
12.840985
12.734691
11.535681
13.062079
12.517848
11.969365
12.079912
12.734691
11.969365
12.951532
11.8630705
12.079912
12.624144
13.602058
11.8630705
11.8630705
11.429386
12.624144
12.734691
12.730438
12.296754
12.296754
12.730438
11.8630705
13.057828
12.730438
12.190459
12.951532
11.535681
12.079912
12.296754
11.752523
12.407301
11.646228
12.517848
12.190459
11.8630705
12.079912
12.079912
11.969365
11.973618
12.517848
11.535681
12.628395
12.190459
11.752523
11.646228
12.517848
11.318839
12.411553
12.734691
12.079912
11.646228
12.845238
11.425134
11.429386
12.407301
11.969365
12.734691
11.973618
12.845238
12.407301
12.734691
11.8630705
11.8630705
11.8630705
10.774608
12.084165
12.079912
12.517848
13.1726265
12.296754
11.973618
12.194712
11.429386
11.973618
13.278922
13.385218
12.084165
12.517848
12.301006
11.65048
12.407301
12.734691
12.301006
10.774608
10.995702
11.756775
12.084165
12.301006
12.190459
11.106249
10.77886
10.995702
11.539933
11.429386
12.517848
11.65048
11.756775
11.323091
11.433638
11.539933
11.977869
11.429386
10.77886
11.433638
11.65048
10.995702
12.084165
11.429386
10.889407
10.455723
10.995702
10.889407
10.995702
12.084165
11.867322
10.562017
11.216796
10.45147
10.995702
11.867322
11.2125435
10.783112
10.889407
10.017787
11.761026
10.995702
11.761026
11.216796
10.995702
11.761026
11.867322
10.77886
11.216796
10.6725645
10.783112
10.455723
11.216796
11.216796
10.889407
10.999953
10.6725645
10.889407
11.327342
10.455723
10.6725645
10.349427
11.544185
9.911491
10.783112
9.584103
10.128334
10.566269
10.128334
10.6725645
10.6725645
10.783112
10.0220375
10.999953
10.6725645
11.1105
11.1105
10.0220375
9.911491
10.23888
10.6725645
10.017787
10.349427
10.0220375
8.716734
10.893659
10.455723
9.69465
10.23888
10.349427
9.044123
8.82728
10.23888
10.349427
10.676816
11.1105
9.15467
9.371511
9.36726
10.132585
10.893659
11.004206
9.911491
9.044123
9.482059
9.584103
9.371511
9.915743
9.371511
8.720985
9.15467
8.937827
8.937827
9.805196
9.15467
8.937827
9.048374
8.287301
8.82728
8.82728
9.371511
9.260964
8.720985
8.720985
8.393597
8.82728
9.482059
10.02629
8.287301
8.504144
7.74307
8.504144
9.048374
9.703153
8.720985
7.636775
7.526228
7.74307
9.048374
8.181006
8.393597
8.070459
8.074712
7.853617
8.94208
8.504144
8.393597
7.853617
8.181006
7.9599123
7.74307
8.725238
8.070459
9.048374
7.415681
6.6588597
7.313638
8.508395
6.986249
7.9641643
7.309386
7.747322
7.203091
7.636775
7.5304804
8.618942
8.397848
7.309386
6.769407
6.2251754
6.5525646
7.419933
7.203091
7.419933
6.8799534
6.769407
6.4420176
7.096796
6.875702
6.5525646
7.096796
6.986249
6.008333
7.207342
6.5525646
6.769407
7.747322
6.8799534
7.096796
6.008333
6.3357224
6.5525646
6.2251754
6.5525646
6.4420176
5.5703974
7.207342
6.769407
6.769407
6.5525646
6.008333
6.769407
7.4241843
6.008333
7.6410265
6.769407
6.769407
7.207342
6.008333
6.3357224
6.1188803
6.9905005
6.5525646
6.4462695
5.791491
5.791491
6.2294273
5.902038
7.207342
6.5525646
6.4462695
6.556816
4.9198713
5.357807
6.663111
6.4420176
7.207342
6.3357224
5.357807
6.339974
4.8135757
6.1188803
6.1188803
6.1188803
6.1188803
5.030418
5.3620586
5.468354
6.2294273
6.667363
5.0346694
5.795743
5.90629
5.0346694
5.3620586
6.2294273
5.140965
4.7072806
5.6851964
5.1452165
6.123132
4.5967336
6.339974
6.2294273
5.468354
5.795743
6.123132
5.578901
6.556816
5.030418
5.578901
5.468354
3.9462075
5.90629
5.0346694
5.0346694
5.251512
5.578901
4.490439
4.8178277
5.689448
4.490439
5.3620586
4.7072806
4.928375
5.4726057
4.056754
4.7115326
5.689448
5.1452165
5.90629
5.4726057
5.3620586
3.8399122
5.4726057
4.2735963
5.3620586
4.8178277
5.0346694
4.7115326
4.056754
3.62307
4.4946904
4.3841434
4.3841434
3.9504592
4.167301
5.038922
4.2778482
4.2778482
4.3841434
3.8399122
4.6009855
4.167301
5.2557635
3.406228
4.167301
4.2778482
4.2778482
3.62307
3.9504592
4.3841434
4.7115326
4.4946904
4.4946904
4.2778482
4.605237
3.189386
4.0610065
3.7336173
3.62307
4.4946904
4.3883953
4.0610065
3.1936376
3.299933
3.406228
3.7336173
4.715784
4.6009855
2.534608
3.4104798
4.171553
2.6451547
4.0610065
3.9504592
3.9504592
3.0830908
3.954711
3.844164
3.0830908
3.844164
5.3663106
3.954711
2.8662488
3.0830908
3.299933
3.299933
3.299933
4.171553
3.1936376
2.6451547
3.4104798
3.4104798
3.5167751
3.844164
3.4104798
3.5210268
3.0830908
3.6273217
2.3220174
3.6273217
3.189386
3.0830908
2.6494067
3.6273217
2.6494067
3.6273217
2.5388596
3.1936376
3.954711
2.8662488
2.5388596
3.0873425
3.737869
2.3220174
3.1936376
3.0830908
2.8662488
2.7599535
2.7557018
2.4325645
3.0873425
3.5210268
3.299933
2.7599535
2.5388596
3.3041847
2.6494067
2.6494067
2.8662488
3.0873425
3.3041847
2.1051755
2.6494067
3.1936376
2.1051755
2.9767957
3.3041847
2.1051755
3.0873425
3.1936376
1.9946285
3.1936376
2.8662488
2.9767957
2.6494067
2.9767957
2.3262694
2.3262694
1.348354
2.3262694
2.2157223
2.3262694
1.7820382
2.1094272
1.565196
2.3262694
2.5431116
1.5609442
2.7599535
2.9810476
1.6714911
2.7599535
2.5431116
1.6714911
2.8705006
2.1094272
2.6536584
2.3262694
1.565196
1.9988803
2.4325645
2.8705006
2.8705006
1.9988803
2.4368165
1.565196
2.4368165
1.348354
2.1094272
1.6757431
1.348354
2.003132
1.5694479
1.6757431
0.91466975
1.348354
2.003132
0.69357586
2.003132
1.2420589
0.91466975
2.7642052
1.348354
2.2199743
2.003132
2.330521
2.003132
1.7862899
0.8041228
1.4589009
0.69357586
1.2420589
2.330521
0.48098555
1.4589009
1.1315118
1.2420589
1.4589009
1.5694479
0.48098555
0.9189216
0.15359649
1.1357636
1.7862899
1.0252168
0.91466975
2.1136792
0.69782764
1.2420589
0.8083746
1.3526058
1.4589009
1.4589009
0.8083746
1.0252168
0.91466975
1.2420589
1.7862899
1.4589009
1.2420589
2.003132
0.3704386
1.0252168
1.6757431
0.58728075
2.1136792
1.7862899
1.5694479
2.2199743
0.8083746
1.4589009
1.1315118
1.4589009
1.3526058
1.896837
-0.2758359
0.3746904
-0.2758359
-0.058993805
0.05155315
-1.1474562
0.05155315
0.26839525
-0.8200671
0.7020795
0.59153247
0.48098555
0.48098555
0.3746904
0.3746904
0.59153247
-0.2758359
-0.16528895
-0.49267802
-1.3642982
-0.8200671
-0.81581527
-0.81581527
-1.1432043
-0.9263622
-1.3600464
-1.1474562
-0.9263622
-0.70952016
-1.6874356
-1.3600464
-1.0369092
-0.054742
-0.81581527
-1.4663416
-1.1432043
-1.0326574
-1.0369092
-0.4884262
-0.49267802
-0.2758359
-0.058993805
-0.16528895
-0.49267802
-1.0369092
-1.2537513
-1.2537513
-1.3600464
-1.4705935
-0.9263622
-1.0369092
-0.7052683
-1.3600464
-0.9263622
-1.1432043
-0.9263622
-0.4884262
-1.4663416
-1.1432043
-1.9042777
-2.2274148
-1.0326574
-1.3600464
-1.3600464
-1.5768886
-1.6874356
-0.81581527
-0.81581527
-1.1432043
-0.59897316
-1.1432043
-0.4884262
-1.9042777
-0.81581527
-1.5768886
-1.5768886
-1.6874356
-0.59897316
-1.1432043
-1.5768886
-1.0326574
-1.9000257
-2.3379617
-1.4663416
-2.116868
-2.5548038
-1.4663416
-2.2274148
-2.771646
-2.116868
-2.661099
-2.2274148
-2.665351
-1.1389525
-2.5548038
-1.4663416
-2.661099
-2.010573
-1.0326574
-2.448509
-0.9263622
-1.4663416
-1.0326574
-0.59897316
-1.0326574
-2.2316666
-0.7052683
-2.3379617
-1.6874356
-2.882193
-1.5768886
-2.116868
-2.1211197
-1.9000257
-1.2494994
-2.010573
-2.5548038
-2.2274148
-2.5548038
-2.5548038
-2.010573
-2.5548038
-1.7937305
-1.6831837
-1.9000257
-3.099035
-2.444257
-2.444257
-1.5768886
-1.7937305
-2.2274148
-1.3557947
-2.661099
-1.6831837
-1.5726367
-2.3379617
-1.0326574
-1.2494994
-2.010573
-1.6831837
-2.661099
-1.9000257
-2.771646
-2.1211197
-1.5768886
-2.2274148
-1.4663416
-1.4663416
-2.010573
-2.771646
-1.9000257
-0.9221104
-1.7937305
-1.4663416
-1.3600464
-2.665351
-1.9000257
-1.5768886
-2.448509
-0.81581527
-1.3600464
-1.1432043
-1.4663416
-1.2494994
-1.5768886
-1.5768886
-2.1211197
-0.7052683
-1.7937305
-1.4663416
-2.3379617
-2.2274148
-1.5768886
-2.448509
-1.2494994
-1.2494994
-1.6831837
-1.9042777
-2.99274
-2.1211197
-0.9221104
-2.3379617
-1.6874356
-1.5768886
-2.448509
-1.3600464
-1.4663416
-1.7937305
-0.9221104
-1.6831837
-0.7052683
-1.9042777
-1.4663416
-1.2494994
-1.9000257
-1.6831837
-2.7758977
-1.7937305
-1.2494994
-2.3379617
-2.444257
-1.5768886
-2.3379617
-1.2494994
-1.4663416
-1.5768886
-2.448509
-1.9042777
-1.4663416
-1.3600464
-1.7937305
-2.1211197
-1.6874356
-0.4884262
-1.9042777
-1.3600464
-1.4705935
-0.9263622
-2.1253715
-0.16528895
-0.59897316
-0.9263622
-1.3600464
-1.7979825
-1.3600464
-0.16103715
-1.5811403
-1.4705935
-0.9263622
-1.2537513
-1.4705935
-1.6874356
-1.2537513
-0.9263622
-0.4884262
-1.6874356
-0.59897316
-0.59897316
-0.9263622
-1.0326574
-0.38213107
-1.4705935
-1.3642982
-0.81581527
-0.81581527
-0.70952016
-0.9263622
-0.38213107
-1.1432043
-1.5811403
-0.054742
-0.9263622
-1.2537513
-0.38213107
-0.59897316
-0.9263622
-0.9263622
-1.2537513
0.055804953
-1.4705935
-1.1432043
-0.9263622
-1.2537513
-1.2537513
-1.4705935
-0.16528895
0.05155315
-1.2537513
-0.8200671
-1.4705935
-0.38213107
-0.49267802
-0.49267802
-0.59897316
-0.16528895
-0.16528895
-0.70952016
-0.058993805
-1.2537513
-0.603225
-1.1474562
-0.16528895
-0.603225
-0.70952016
0.37894222
-1.2537513
-0.70952016
-1.1474562
0.5957843
-0.058993805
-0.2758359
-0.2758359
-1.0369092
-0.38213107
-1.1474562
-0.16954076
-0.49692985
-0.930614
-0.2758359
-0.38638288
0.26839525
-0.16528895
0.26839525
-0.603225
1.0294685
-0.38638288
0.48523736
-0.058993805
0.05155315
-0.2758359
-0.8200671
0.48523736
0.7020795
0.26414344
1.2463106
0.7020795
0.7020795
0.48523736
-0.058993805
0.26414344
0.04730134
1.3526058
0.48523736
0.04730134
0.26414344
0.3746904
0.8083746
0.04730134
0.9189216
0.9189216
1.1357636
-0.49692985
0.59153247
0.59153247
0.48523736
0.59153247
-0.06324561
1.0252168
0.9189216
-0.28008774
0.59153247
0.59153247
1.6799948
2.1136792
0.9189216
1.0252168
0.9189216
0.8083746
-0.06324561
1.896837
0.48098555
1.0252168
0.3704386
0.59153247
1.0252168
0.8083746
0.9189216
1.0252168
1.4589009
0.8083746
1.4589009
1.5694479
1.1357636
0.8083746
0.48098555
1.0252168
1.2420589
1.4589009
1.7862899
1.020965
0.69782764
1.5694479
1.0252168
0.69782764
2.330521
1.8925852
1.4546491
1.565196
1.1315118
1.6757431
1.8925852
1.4589009
2.6536584
2.4368165
2.2199743
2.6536584
1.8925852
1.2420589
2.4368165
2.6536584
1.4546491
3.1978896
1.8883334
1.565196
1.7820382
1.8925852
1.6757431
3.414732
2.3262694
3.1978896
2.7599535
2.1094272
2.1094272
2.9810476
2.5431116
3.414732
3.1936376
2.4325645
2.7599535
2.3262694
2.6536584
1.4546491
2.3262694
2.8705006
2.9767957
3.848416
3.3041847
2.8705006
2.2157223
1.8925852
3.1936376
2.2114706
2.3220174
3.414732
3.0873425
2.9767957
3.3041847
2.4325645
2.3220174
3.3041847
3.4104798
3.0830908
3.631574
3.0830908
2.8662488
3.3041847
2.8662488
3.3041847
2.5388596
2.9767957
3.5210268
2.4325645
3.3041847
3.1936376
2.9767957
2.8662488
3.737869
2.6494067
4.065258
3.3041847
2.8662488
3.5210268
3.5210268
3.848416
3.0830908
4.2821
3.737869
2.8662488
2.5388596
3.5210268
2.9767957
3.4104798
3.737869
3.0830908
3.299933
3.6273217
2.9767957
2.8662488
2.972544
4.065258
3.1936376
3.6273217
3.954711
2.972544
3.737869
3.954711
3.1936376
3.954711
4.605237
4.715784
4.715784
3.844164
4.9326262
3.4104798
3.737869
4.2821
4.3883953
3.844164
3.5167751
3.844164
4.605237
3.299933
4.171553
3.7336173
4.0610065
3.7336173
3.844164
4.605237
4.0610065
4.3883953
4.2778482
3.844164
5.038922
4.0610065
5.038922
5.038922
4.0610065
4.9326262
3.299933
4.4989424
4.0610065
4.8220797
3.8399122
4.2778482
5.1494684
4.2778482
4.2778482
4.7115326
3.7336173
5.038922
5.2557635
3.9504592
4.2778482
4.4946904
4.167301
4.6009855
4.7115326
4.4946904
4.928375
4.928375
4.7115326
4.167301
4.8220797
4.167301
4.7115326
5.1452165
5.4726057
4.3841434
5.2557635
4.7115326
5.038922
3.5125234
5.3663106
5.1452165
5.038922
5.2557635
4.3841434
5.583153
3.62307
4.4946904
4.7115326
4.3841434
5.4726057
5.3620586
4.7115326
5.4726057
5.1452165
5.2557635
5.1452165
5.4726057
5.4726057
4.6009855
5.578901
4.6009855
4.490439
4.6009855
4.167301
5.4726057
4.3841434
5.578901
5.689448
4.3841434
5.3620586
5.799995
5.1452165
6.123132
5.689448
4.6009855
5.578901
5.795743
4.7115326
4.928375
5.0346694
4.490439
5.1452165
5.1452165
5.1452165
5.468354
5.578901
5.90629
5.4726057
5.1452165
5.1452165
4.2735963
5.90629
4.924123
4.8178277
4.924123
4.8178277
5.3620586
5.0346694
5.1452165
6.450521
5.0346694
5.468354
5.795743
5.578901
4.6009855
5.578901
5.468354
4.8178277
6.012585
6.012585
5.468354
4.924123
5.578901
5.468354
4.5967336
5.578901
6.8842053
5.0346694
5.3620586
5.468354
5.140965
5.578901
5.90629
5.468354
5.578901
6.012585
6.556816
5.251512
5.795743
5.468354
5.3620586
6.339974
5.6851964
5.902038
6.2294273
5.795743
5.795743
5.902038
6.012585
6.2294273
6.556816
5.468354
6.1188803
6.1188803
6.1188803
6.012585
5.3620586
4.924123
6.556816
6.012585
7.1010475
5.902038
6.8799534
6.008333
6.012585
5.795743
5.6851964
5.574649
6.1188803
6.4462695
6.4462695
6.8799534
6.663111
5.574649
6.2294273
6.339974
6.1188803
7.096796
6.4462695
7.4241843
6.4462695
6.663111
6.4462695
5.24726
6.2294273
6.8799534
6.3357224
6.3357224
6.008333
6.4462695
6.4462695
5.791491
6.663111
6.4462695
5.902038
6.3357224
6.9905005
7.096796
6.4462695
6.663111
6.663111
6.5525646
6.9905005
6.3357224
7.096796
6.5525646
6.3357224
7.096796
5.6809444
6.9905005
6.1188803
7.6410265
6.769407
6.8799534
6.008333
6.3357224
6.1188803
6.3357224
5.464102
7.096796
6.2251754
7.096796
6.3357224
7.6410265
6.8799534
6.8799534
7.096796
7.7515736
6.8799534
7.096796
7.857869
7.313638
6.8799534
6.986249
7.6410265
7.203091
7.096796
6.2251754
6.9905005
7.4241843
7.096796
6.1188803
6.3357224
6.008333
6.8799534
7.096796
6.8799534
7.6410265
6.008333
7.5304804
6.6588597
7.096796
6.5525646
6.2251754
7.096796
7.313638
7.857869
7.5304804
7.6410265
6.986249
7.7515736
7.6410265
7.4241843
7.5304804
8.2915535
7.5304804
7.4241843
7.096796
7.203091
6.986249
6.4420176
7.747322
6.769407
7.9684157
6.4420176
7.4241843
7.096796
7.096796
6.3357224
7.5304804
7.419933
6.986249
6.5483127
8.2915535
6.986249
7.5304804
5.893534
7.5304804
6.986249
6.875702
7.747322
7.747322
7.747322
7.747322
7.419933
7.747322
6.765155
7.5304804
6.4420176
8.618942
7.857869
8.2915535
7.5304804
7.5304804
7.313638
6.769407
6.6588597
7.6410265
7.419933
6.875702
7.747322
7.853617
7.5304804
6.875702
7.857869
7.747322
6.986249
6.875702
7.857869
6.765155
7.313638
7.9684157
7.203091
6.769407
7.313638
6.986249
6.769407
6.6588597
6.5525646
6.6588597
6.875702
7.747322
7.5304804
7.5304804
7.5304804
8.181006
7.092544
7.9599123
6.981997
7.203091
7.1988387
6.6588597
8.508395
7.747322
8.181006
7.74307
8.504144
6.981997
7.419933
7.419933
7.747322
7.203091
7.632523
8.074712
9.158921
8.937827
8.504144
8.94208
8.176754
7.747322
8.070459
7.853617
7.632523
8.8315325
8.176754
8.610438
8.610438
8.720985
9.482059
8.82728
9.482059
9.592606
8.82728
9.048374
9.809448
8.389345
8.504144
9.371511
7.9599123
9.809448
9.482059
9.265217
8.716734
9.371511
9.809448
9.260964
9.15467
8.610438
9.371511
8.389345
10.132585
9.588354
9.698901
9.477807
8.937827
9.371511
8.393597
8.720985
9.265217
9.371511
10.349427
10.349427
9.915743
10.128334
9.150418
9.260964
9.69465
9.15467
9.36726
9.805196
9.805196
10.783112
8.389345
9.588354
8.8230295
8.933577
10.459974
9.36726
9.36726
10.0220375
10.132585
9.477807
9.805196
10.132585
9.260964
10.0220375
10.566269
9.69465
9.800944
10.566269
10.23888
9.69465
10.349427
10.349427
8.716734
10.459974
10.23888
8.712482
9.36726
9.588354
9.911491
9.588354
9.911491
9.477807
10.23888
10.345176
10.999953
11.437889
9.911491
9.150418
10.349427
9.805196
9.150418
10.0220375
11.1105
10.128334
10.455723
10.345176
10.345176
10.893659
10.23888
10.23888
10.893659
10.128334
10.128334
10.455723
10.23888
10.6725645
10.349427
9.911491
9.805196
10.566269
9.69465
10.23888
11.1105
10.455723
9.584103
10.999953
10.23888
10.349427
10.999953
10.128334
10.23888
10.23888
10.562017
10.128334
11.327342
10.017787
10.23888
10.128334
10.23888
10.783112
10.23888
10.128334
10.999953
10.6725645
10.783112
9.588354
10.132585
9.800944
10.999953
10.455723
10.783112
9.69465
10.6725645
10.455723
10.23888
10.23888
10.783112
9.800944
10.6725645
10.23888
10.783112
9.690397
10.128334
9.800944
9.584103
9.69465
10.783112
10.783112
10.455723
10.999953
10.6725645
10.23888
10.017787
9.588354
11.1105
9.911491
10.349427
10.23888
10.23888
9.584103
10.23888
10.6725645
9.805196
10.0220375
9.039871
10.0220375
10.889407
10.999953
10.345176
10.999953
9.911491
9.588354
10.566269
10.566269
9.36726
10.783112
10.017787
9.805196
10.889407
10.455723
10.566269
10.455723
10.23888
10.23888
9.911491
11.433638
10.128334
10.783112
10.999953
9.800944
10.566269
10.893659
9.473556
10.128334
10.566269
9.800944
10.128334
10.23888
10.23888
10.455723
10.345176
9.911491
9.69465
9.36726
10.455723
10.0220375
9.911491
10.23888
9.911491
9.690397
10.455723
10.999953
10.345176
10.455723
10.345176
10.345176
10.345176
10.783112
10.345176
10.562017
10.23888
10.6725645
11.1105
9.69465
10.345176
9.800944
10.345176
10.128334
10.566269
10.017787
10.455723
10.0220375
9.584103
9.911491
10.566269
9.584103
10.999953
9.584103
9.690397
9.911491
10.017787
10.23888
10.455723
9.36726
10.6725645
10.455723
10.0220375
9.584103
9.584103
10.23888
10.128334
10.345176
9.69465
10.23888
9.039871
10.455723
9.911491
10.017787
10.455723
10.566269
9.36726
9.911491
10.0220375
9.36726
9.36726
10.455723
9.69465
9.584103
10.783112
10.889407
10.0220375
10.128334
9.911491
9.477807
9.690397
9.911491
9.584103
9.911491
10.455723
9.69465
10.455723
10.6725645
9.69465
9.473556
10.017787
9.800944
9.805196
9.36726
9.911491
10.455723
10.455723
9.584103
9.911491
10.455723
9.584103
10.999953
10.6725645
10.234629
10.128334
10.128334
9.911491
9.473556
10.128334
9.800944
10.455723
10.6725645
10.345176
10.128334
9.800944
9.584103
10.566269
10.017787
10.017787
10.783112
10.23888
9.473556
10.783112
9.584103
10.128334
9.584103
10.455723
10.349427
10.128334
10.455723
10.455723
9.584103
10.017787
10.017787
10.128334
10.455723
9.690397
9.36726
10.6725645
10.562017
10.23888
10.23888
10.783112
9.473556
9.911491
9.256713
10.455723
10.455723
9.584103
10.23888
10.455723
9.146166
10.0220375
10.6725645
9.473556
10.345176
10.23888
10.345176
10.6725645
10.128334
9.800944
10.128334
10.345176
10.128334
10.345176
9.36726
10.562017
9.36726
10.455723
10.128334
10.0220375
9.36726
10.23888
10.234629
9.800944
10.345176
9.800944
9.69465
10.128334
10.6725645
10.128334
9.69465
9.473556
10.455723
10.345176
9.800944
9.800944
9.473556
9.911491
9.800944
9.039871
10.6725645
10.345176
10.999953
10.0220375
9.473556
9.911491
9.473556
10.562017
10.23888
9.911491
10.6725645
9.911491
10.345176
10.999953
10.6725645
9.584103
10.0220375
9.911491
10.455723
10.23888
10.345176
10.128334
9.911491
10.234629
10.23888
9.800944
9.584103
10.455723
10.455723
9.907239
9.69465
9.473556
10.6725645
10.455723
9.911491
10.128334
9.800944
10.23888
10.234629
9.584103
10.0220375
9.911491
10.999953
9.800944
9.584103
10.889407
9.256713
9.911491
10.23888
9.800944
9.36726
10.345176
10.6725645
10.23888
9.146166
10.0220375
10.455723
9.146166
10.783112
9.690397
10.128334
10.566269
10.0220375
10.128334
10.566269
9.473556
9.477807
10.345176
9.800944
9.911491
10.345176
9.800944
9.800944
10.6725645
10.017787
11.216796
10.23888
10.455723
10.889407
10.128334
10.128334
9.69465
10.6725645
9.69465
9.800944
10.23888
10.345176
9.690397
9.800944
10.23888
9.039871
9.256713
10.234629
10.566269
10.23888
10.455723
10.345176
9.800944
10.017787
9.690397
10.562017
10.017787
9.911491
10.455723
9.146166
10.23888
9.800944
9.584103
9.36726
10.999953
10.455723
9.584103
10.455723
9.584103
9.911491
10.128334
10.128334
9.69465
10.017787
10.6725645
10.23888
9.584103
9.911491
10.6725645
11.1105
9.800944
10.345176
10.23888
10.345176
10.455723
10.23888
9.256713
10.566269
9.911491
10.0220375
10.017787
10.455723
10.455723
9.473556
10.455723
10.23888
9.69465
9.584103
9.3630085
10.566269
9.690397
10.455723
10.23888
9.800944
10.566269
10.455723
9.907239
9.911491
9.36726
10.783112
10.6725645
9.911491
10.566269
10.345176
11.544185
9.907239
10.128334
9.911491
10.345176
9.800944
10.128334
10.23888
10.128334
9.911491
10.783112
9.473556
9.473556
10.017787
9.3630085
9.473556
9.911491
10.23888
10.6725645
10.23888
10.017787
10.566269
9.57985
11.1105
10.017787
10.128334
10.234629
11.216796
9.800944
10.6725645
10.017787
10.128334
10.455723
9.690397
10.889407
9.800944
10.6725645
10.562017
9.690397
9.911491
10.345176
10.455723
9.584103
9.146166
10.345176
10.128334
9.690397
9.690397
10.128334
10.128334
9.690397
10.455723
10.128334
10.345176
10.783112
9.911491
10.234629
10.562017
9.911491
9.907239
10.6725645
10.345176
10.128334
9.690397
9.69465
10.566269
10.999953
10.345176
10.455723
10.889407
9.256713
10.6725645
9.800944
10.128334
9.584103
9.36726
10.128334
9.911491
10.6725645
10.234629
9.800944
10.999953
10.128334
9.69465
10.566269
9.911491
9.800944
10.017787
9.911491
10.017787
10.6725645
10.6725645
10.23888
10.6725645
10.017787
9.584103
10.345176
10.128334
10.0220375
10.23888
10.562017
9.911491
10.345176
9.690397
9.36726
10.128334
9.256713
9.36726
10.017787
9.800944
9.911491
10.128334
10.6725645
9.800944
10.128334
10.23888
10.566269
11.327342
10.0220375
10.349427
10.349427
10.345176
10.017787
10.783112
10.566269
10.345176
10.349427
10.128334
9.584103
9.915743
10.6725645
9.039871
10.455723
9.584103
9.584103
10.349427
10.345176
9.584103
10.345176
10.783112
10.23888
9.146166
10.0220375
10.23888
10.345176
10.6725645
9.911491
9.584103
10.999953
10.128334
10.017787
10.566269
9.256713
9.911491
10.0220375
10.566269
9.477807
11.1105
9.256713
10.566269
9.584103
10.345176
10.017787
10.345176
10.455723
9.36726
10.017787
10.23888
9.800944
10.234629
10.455723
9.256713
10.566269
10.6725645
10.566269
10.999953
9.473556
9.911491
10.783112
9.907239
9.584103
9.584103
10.234629
9.800944
10.6725645
10.77886
9.36726
9.584103
9.800944
9.36726
10.234629
10.128334
10.345176
10.128334
9.911491
10.889407
9.473556
10.6725645
10.017787
10.345176
10.128334
9.69465
9.36726
9.584103
9.800944
10.128334
10.017787
10.999953
9.911491
9.584103
10.566269
10.345176
10.128334
10.783112
10.128334
9.800944
10.889407
10.345176
10.128334
10.23888
9.69465
10.6725645
9.69465
10.455723
9.911491
10.0220375
9.584103
10.345176
10.566269
9.36726
9.911491
9.584103
10.0220375
9.584103
9.584103
10.566269
9.36726
10.128334
9.36726
10.345176
9.800944
10.23888
10.345176
10.345176
10.455723
9.473556
9.911491
10.0220375
10.128334
9.911491
10.017787
9.473556
10.6725645
8.929324
9.69465
9.69465
10.566269
10.349427
9.36726
10.132585
9.911491
10.234629
9.805196
9.911491
10.128334
9.800944
10.455723
9.800944
9.477807
9.36726
9.477807
8.8230295
9.800944
9.69465
10.0220375
10.455723
9.256713
10.128334
10.349427
10.345176
10.0220375
9.805196
9.36726
9.69465
10.243132
9.69465
9.477807
10.0220375
9.039871
10.0220375
10.23888
10.017787
9.36726
9.588354
9.36726
8.606187
10.676816
9.039871
8.933577
10.349427
9.473556
10.0220375
9.911491
9.36726
10.0220375
9.260964
9.039871
8.606187
9.477807
10.23888
9.260964
9.477807
9.911491
9.805196
9.69465
10.23888
9.260964
9.36726
9.150418
10.0220375
8.8230295
9.69465
9.36726
9.584103
9.584103
10.132585
9.805196
9.477807
10.0220375
9.36726
9.371511
8.933577
9.371511
9.477807
9.477807
9.584103
9.69465
9.911491
9.911491
9.477807
10.23888
8.933577
8.606187
9.260964
9.915743
9.260964
8.716734
9.36726
9.911491
9.477807
9.044123
8.712482
8.82728
8.606187
8.8230295
10.128334
9.69465
9.260964
8.1725025
8.716734
8.716734
8.061955
9.69465
10.349427
8.933577
9.039871
9.256713
8.82728
9.588354
8.716734
8.716734
9.477807
8.49564
8.8230295
9.911491
8.716734
10.0220375
8.499891
10.132585
8.716734
8.393597
10.02629
8.8230295
9.805196
8.716734
9.805196
9.150418
9.260964
10.349427
8.82728
9.69465
9.044123
8.933577
9.698901
9.477807
8.1725025
9.044123
9.69465
9.260964
9.044123
9.044123
9.150418
8.82728
9.69465
9.044123
9.260964
9.15467
9.15467
9.044123
8.499891
9.477807
9.588354
9.044123
9.15467
8.933577
9.044123
8.716734
9.260964
9.588354
9.588354
8.499891
8.066207
9.044123
9.15467
8.716734
8.82728
9.69465
8.606187
9.044123
8.061955
9.915743
9.044123
7.955661
9.265217
8.610438
8.28305
8.610438
9.371511
8.499891
8.716734
9.371511
7.6282716
9.044123
8.28305
8.610438
8.393597
8.610438
8.499891
7.955661
9.15467
8.937827
8.499891
8.610438
8.499891
8.393597
8.393597
8.1725025
8.28305
9.371511
8.28305
7.4114294
8.393597
8.82728
8.393597
7.955661
9.15467
9.260964
8.066207
8.82728
8.933577
8.610438
8.28305
7.6282716
8.28305
7.849365
7.9599123
8.176754
8.066207
8.937827
8.504144
9.044123
8.499891
8.176754
8.82728
7.849365
7.849365
8.389345
8.937827
8.393597
8.389345
9.592606
9.15467
7.738818
7.849365
8.28305
7.738818
8.176754
8.610438
7.955661
9.265217
9.15467
8.610438
7.6282716
8.499891
8.720985
8.610438
8.937827
7.632523
8.82728
8.066207
8.610438
7.849365
7.9599123
8.937827
8.28305
8.393597
8.393597
7.9599123
7.849365
8.28305
7.738818
8.393597
8.066207
8.393597
8.066207
8.066207
8.393597
7.849365
8.393597
7.632523
7.521976
7.632523
7.849365
8.28305
6.9777446
8.393597
7.305134
7.849365
8.176754
7.849365
8.614691
8.504144
8.393597
8.504144
7.415681
8.287301
8.066207
7.9599123
7.632523
7.632523
7.1945877
8.287301
8.066207
8.720985
8.393597
8.066207
7.853617
7.9599123
6.981997
8.504144
7.305134
7.0882916
8.397848
8.066207
7.632523
8.066207
7.738818
7.9599123
7.849365
7.415681
7.1988387
7.849365
7.74307
7.9599123
7.305134
7.0882916
7.74307
7.521976
7.738818
7.415681
6.981997
8.8315325
7.526228
7.0882916
6.654608
7.415681
7.415681
7.1988387
7.9599123
6.9777446
7.305134
8.176754
7.415681
7.415681
7.526228
8.176754
7.74307
8.504144
7.415681
7.9599123
7.521976
7.9599123
7.632523
6.9777446
8.176754
7.74307
7.853617
8.176754
7.849365
7.0882916
7.632523
7.849365
6.760903
7.415681
6.87145
7.74307
8.287301
7.305134
6.544061
8.287301
7.632523
6.87145
7.9599123
8.176754
6.8671985
7.849365
7.0882916
7.309386
8.287301
7.415681
6.981997
8.287301
7.1988387
7.305134
8.070459
8.614691
8.937827
8.287301
7.521976
8.504144
7.849365
7.74307
8.287301
7.9599123
7.9599123
7.1988387
8.181006
7.415681
8.176754
7.9599123
6.9777446
7.415681
7.9599123
6.654608
8.070459
7.526228
7.632523
7.636775
7.632523
6.981997
7.526228
8.504144
6.981997
8.176754
8.393597
7.0882916
8.176754
6.760903
7.526228
7.632523
8.287301
7.526228
7.415681
7.853617
7.526228
7.9599123
6.654608
7.74307
6.87145
7.632523
7.1988387
7.415681
7.415681
7.309386
7.853617
7.74307
8.181006
7.74307
8.287301
7.309386
7.1988387
7.309386
7.092544
8.176754
7.415681
8.287301
7.849365
7.305134
7.74307
7.415681
7.415681
7.526228
8.287301
6.4377656
6.765155
7.309386
7.1988387
6.4377656
7.74307
7.9599123
8.070459
8.070459
7.1988387
7.309386
8.181006
6.87145
7.1988387
7.526228
7.9599123
6.5483127
8.508395
7.1988387
6.87145
7.853617
7.74307
7.526228
7.636775
7.1988387
6.654608
6.765155
7.526228
6.327219
7.419933
6.87145
8.070459
6.765155
7.092544
7.415681
6.654608
6.87145
6.765155
7.9599123
7.526228
7.853617
7.9599123
7.74307
7.092544
8.070459
6.981997
6.875702
7.1988387
6.654608
7.636775
6.765155
7.1988387
7.1988387
6.87145
8.397848
8.070459
7.419933
7.092544
6.5483127
7.526228
8.070459
7.636775
7.526228
6.87145
7.74307
7.419933
7.526228
7.092544
7.74307
6.2209234
7.092544
7.636775
7.1988387
7.419933
7.853617
6.654608
6.765155
7.526228
7.415681
6.765155
7.309386
6.986249
7.636775
7.309386
7.203091
8.181006
7.309386
8.181006
7.1988387
6.981997
8.181006
7.853617
6.5483127
7.9641643
7.636775
6.981997
6.5483127
6.981997
6.110377
7.092544
7.526228
6.3314705
7.9641643
6.654608
7.203091
7.309386
6.769407
7.419933
6.654608
6.875702
7.309386
6.654608
7.309386
6.87145
6.981997
7.309386
6.654608
6.981997
6.981997
7.853617
7.853617
7.092544
7.092544
7.526228
6.3314705
6.765155
7.092544
6.769407
7.092544
7.203091
7.747322
8.181006
6.5483127
6.4377656
6.875702
6.765155
6.3314705
6.981997
7.419933
6.3314705
7.9641643
7.092544
6.0040812
6.875702
6.5483127
7.747322
6.3314705
7.9641643
6.4377656
6.986249
7.309386
7.419933
6.3314705
7.092544
6.981997
8.074712
7.853617
7.092544
7.203091
7.419933
6.6588597
7.203091
7.092544
7.636775
6.875702
7.092544
7.309386
7.419933
7.309386
6.5483127
6.2209234
7.419933
7.853617
7.313638
7.309386
6.3314705
7.9641643
6.765155
7.419933
6.6588597
6.769407
7.5304804
7.636775
6.5483127
7.203091
6.654608
6.765155
7.419933
6.5483127
6.3314705
6.875702
6.4377656
6.875702
6.2209234
7.203091
7.526228
6.4420176
6.6588597
7.6410265
7.203091
6.5483127
6.765155
6.986249
7.092544
6.4420176
7.092544
6.769407
6.875702
6.875702
6.3314705
6.769407
6.6588597
5.8977866
6.769407
7.5304804
6.3314705
8.185258
6.765155
6.875702
7.747322
7.309386
6.6588597
7.74307
6.6588597
7.092544
6.765155
5.7872396
7.747322
6.5483127
6.875702
6.2209234
6.114629
6.986249
6.875702
7.309386
7.5304804
7.419933
6.875702
6.986249
6.6588597
6.986249
7.419933
6.765155
7.747322
6.3314705
6.6588597
7.203091
6.6588597
6.3314705
7.419933
7.313638
6.3314705
6.765155
7.096796
6.3314705
6.875702
6.769407
6.5483127
7.203091
6.6588597
7.203091
6.769407
7.313638
7.203091
6.986249
7.6410265
6.765155
6.769407
7.203091
7.5304804
7.092544
7.096796
6.875702
6.769407
7.313638
7.092544
7.313638
6.0040812
6.986249
6.875702
6.5525646
7.419933
7.313638
6.114629
6.5483127
7.5304804
7.9641643
6.6588597
7.096796
7.309386
6.5525646
6.986249
7.313638
7.313638
6.5483127
7.313638
6.5483127
7.419933
6.6588597
6.4420176
7.6410265
7.5304804
6.769407
6.6588597
6.2251754
7.203091
6.2251754
8.074712
7.857869
6.769407
6.3314705
7.4241843
7.747322
6.875702
6.986249
6.6588597
6.769407
8.074712
6.2209234
6.875702
6.4420176
7.203091
6.986249
7.096796
7.203091
6.5525646
8.074712
6.4420176
7.313638
6.765155
7.313638
7.5304804
6.0040812
6.6588597
6.769407
7.5304804
6.114629
7.6410265
6.769407
6.4420176
6.769407
6.2251754
6.769407
7.313638
6.6588597
6.4420176
7.096796
6.5483127
6.769407
7.096796
7.5304804
6.875702
5.8977866
7.313638
7.313638
6.6588597
6.0040812
7.203091
6.6588597
5.8977866
7.4241843
7.419933
6.986249
7.5304804
7.747322
7.096796
6.769407
7.5304804
6.769407
6.986249
6.986249
6.4420176
7.313638
7.203091
7.203091
6.6588597
7.857869
7.313638
6.5525646
7.857869
6.875702
7.6410265
6.875702
7.5304804
6.5525646
6.769407
6.986249
7.313638
6.6588597
6.769407
6.6588597
6.769407
7.203091
6.986249
6.114629
6.6588597
7.313638
6.769407
7.313638
7.096796
7.096796
6.5525646
7.313638
7.313638
5.8977866
7.203091
7.203091
6.769407
6.8799534
6.986249
7.5304804
6.6588597
6.4420176
7.096796
7.313638
7.203091
6.6588597
7.313638
6.986249
6.8799534
5.8977866
6.769407
6.769407
6.986249
6.8799534
6.4420176
6.8799534
6.4420176
7.313638
7.203091
6.2251754
6.769407
6.986249
6.2251754
6.2251754
7.203091
6.2251754
7.096796
7.096796
6.8799534
6.4420176
7.096796
7.203091
7.313638
7.313638
6.769407
7.096796
7.203091
6.986249
6.986249
7.203091
6.4420176
7.313638
6.6588597
7.857869
7.4241843
6.6588597
6.5525646
7.313638
6.5525646
7.096796
7.5304804
6.4420176
6.8799534
7.5304804
6.986249
7.4241843
6.5525646
7.096796
7.5304804
6.769407
7.096796
6.2251754
7.203091
7.313638
6.4420176
6.6588597
6.8799534
6.769407
6.769407
7.096796
7.096796
7.313638
6.6588597
7.857869
7.5304804
6.3357224
7.4241843
6.875702
6.2251754
6.769407
6.5525646
6.769407
7.4241843
6.5525646
7.313638
6.769407
6.8799534
7.096796
7.096796
7.5304804
6.8799534
6.5525646
6.5525646
6.114629
6.5525646
6.4420176
6.5525646
7.096796
6.769407
6.5525646
6.5525646
6.8799534
6.3357224
7.096796
7.5347314
6.4420176
6.769407
6.769407
6.2251754
7.6410265
6.769407
7.096796
7.207342
6.6588597
6.663111
6.8799534
6.769407
7.313638
7.096796
6.5525646
7.096796
6.3357224
7.096796
7.207342
6.5525646
7.207342
6.2251754
6.8799534
6.663111
6.2251754
7.096796
7.207342
6.5525646
6.5525646
6.663111
6.663111
7.096796
7.6410265
7.096796
7.6410265
6.5525646
6.769407
7.7515736
6.008333
5.8977866
6.5525646
6.2251754
7.096796
6.5525646
6.4420176
7.096796
7.4241843
6.3357224
6.769407
6.4420176
6.8799534
6.4420176
6.769407
6.5525646
8.185258
6.2251754
6.8799534
6.769407
6.8799534
7.096796
6.769407
6.008333
7.096796
6.4420176
6.4462695
6.5525646
6.4420176
6.8799534
6.663111
7.207342
6.3357224
6.8799534
5.6809444
7.5347314
7.096796
6.4420176
6.8799534
7.207342
6.8799534
6.8799534
6.8799534
6.5525646
7.096796
6.5525646
5.791491
7.4241843
7.4241843
5.791491
6.1188803
7.4241843
7.4241843
7.207342
6.663111
6.9905005
6.1188803
6.663111
6.769407
7.207342
6.3357224
6.5525646
6.769407
6.8799534
7.207342
6.2251754
6.1188803
6.4462695
6.9905005
6.5525646
5.574649
6.9905005
6.663111
6.5525646
6.9905005
6.2251754
6.5525646
6.008333
7.5347314
6.4462695
5.6851964
7.096796
7.207342
7.207342
6.008333
6.5525646
6.663111
6.3357224
6.663111
6.8799534
6.2251754
6.4462695
6.663111
6.1188803
6.8799534
6.556816
6.4462695
5.574649
6.9905005
6.008333
6.2294273
6.3357224
5.902038
6.7736583
6.5525646
6.8799534
6.012585
6.4462695
6.5525646
6.9905005
6.008333
5.357807
6.5525646
6.663111
6.5525646
6.4462695
7.317889
5.464102
5.791491
7.207342
6.012585
6.9905005
6.008333
5.795743
6.4462695
6.4462695
6.4462695
6.008333
6.663111
6.008333
6.4462695
5.902038
6.3357224
6.7736583
7.207342
6.2294273
6.663111
6.4462695
7.207342
6.3357224
6.7736583
6.663111
5.6851964
6.2294273
5.6851964
5.902038
6.4462695
5.6851964
6.012585
5.357807
6.7736583
5.902038
6.2294273
7.317889
6.1188803
6.012585
5.030418
6.2294273
6.2294273
6.012585
6.4462695
6.7736583
6.663111
6.1188803
6.556816
6.012585
5.6851964
6.012585
5.791491
5.578901
6.339974
6.556816
6.012585
6.339974
5.795743
6.012585
6.556816
5.902038
6.012585
5.6851964
5.578901
6.556816
6.4462695
5.902038
6.2294273
6.339974
5.251512
6.1188803
5.6851964
6.2294273
5.6851964
4.7030287
6.012585
5.468354
5.030418
5.795743
6.012585
5.795743
6.339974
5.140965
5.689448
5.6851964
5.251512
5.578901
5.468354
6.012585
5.357807
6.667363
5.795743
5.357807
6.339974
6.339974
5.468354
5.578901
6.012585
5.357807
5.468354
6.012585
5.578901
5.140965
4.924123
5.689448
5.90629
5.90629
4.924123
6.123132
5.578901
5.1452165
4.924123
5.795743
5.251512
6.012585
5.0346694
5.3620586
6.2336793
5.468354
4.7072806
6.667363
5.251512
5.795743
5.578901
6.123132
5.140965
6.016837
5.251512
5.251512
5.468354
5.2557635
5.3620586
6.2294273
5.1452165
5.799995
5.90629
4.6009855
4.2735963
5.468354
4.6009855
5.578901
5.251512
5.90629
5.3620586
5.3620586
5.3620586
5.1452165
6.339974
5.90629
5.3620586
5.251512
5.795743
5.251512
5.4726057
5.251512
5.3620586
4.2735963
4.8178277
6.123132
5.6851964
5.0346694
5.2557635
5.795743
4.6009855
4.928375
5.3620586
4.8178277
4.928375
5.1452165
5.0346694
5.4726057
5.689448
5.4726057
4.7115326
4.8178277
5.0346694
4.928375
6.016837
5.689448
5.3620586
4.2735963
5.3620586
5.90629
4.6009855
4.7115326
5.140965
5.1452165
5.3620586
4.6009855
5.1452165
5.4726057
5.0346694
5.1452165
5.1452165
4.3841434
5.4726057
5.2557635
4.928375
4.928375
4.490439
3.8399122
4.928375
4.6009855
4.7115326
5.799995
5.0346694
4.2735963
4.928375
4.3841434
4.3841434
5.2557635
5.4726057
4.3841434
5.4726057
4.8178277
4.928375
5.038922
5.3620586
4.7115326
4.2735963
4.928375
4.3841434
5.2557635
4.6009855
5.038922
4.928375
4.0610065
4.167301
4.6009855
4.056754
4.4946904
4.8178277
4.4946904
4.7115326
5.1452165
4.056754
5.038922
5.4726057
4.7115326
4.4946904
5.583153
4.6009855
5.2557635
5.583153
5.2557635
4.3841434
5.689448
4.167301
4.2778482
4.928375
4.3841434
4.8220797
4.7115326
5.038922
4.3841434
4.4946904
4.9326262
4.167301
4.928375
4.056754
4.605237
4.8220797
5.038922
4.4946904
3.62307
4.167301
5.2557635
3.62307
5.038922
4.7115326
4.2778482
4.928375
5.1494684
3.7336173
4.7115326
4.4946904
4.4946904
4.0610065
4.8220797
4.4946904
4.605237
4.7115326
4.8220797
4.2778482
4.8220797
4.0610065
4.4946904
5.038922
4.2778482
4.7115326
3.62307
4.4946904
4.0610065
4.3841434
4.4946904
5.038922
4.2778482
4.2778482
4.8220797
3.406228
4.605237
3.62307
4.0610065
5.038922
4.0610065
4.171553
3.7336173
3.406228
4.4946904
4.2778482
3.844164
4.605237
4.2778482
3.62307
4.0610065
3.299933
4.167301
3.9504592
3.189386
4.605237
4.2778482
3.5167751
4.8220797
4.171553
4.605237
3.406228
4.605237
4.3883953
4.167301
3.844164
4.3841434
3.9504592
4.0610065
4.605237
3.9504592
4.0610065
4.2778482
4.0610065
3.299933
3.9504592
3.5167751
4.167301
4.2778482
3.299933
4.0610065
4.4946904
3.7336173
4.4946904
3.5167751
4.2778482
3.7336173
4.3883953
4.2778482
3.299933
4.8220797
3.406228
4.605237
4.8220797
3.5167751
3.7336173
3.5167751
4.2778482
4.605237
4.0610065
4.605237
4.4946904
3.7336173
3.9504592
4.0610065
3.954711
3.7336173
3.6273217
3.9504592
3.299933
4.605237
4.2778482
3.6273217
4.0610065
3.6273217
4.3883953
4.0610065
3.189386
3.844164
4.2778482
3.9504592
2.972544
3.844164
3.189386
4.0610065
3.6273217
3.844164
4.3883953
3.7336173
3.954711
4.3883953
3.954711
3.844164
3.299933
3.954711
4.4989424
4.171553
4.065258
2.5388596
3.954711
3.6273217
2.8662488
3.4104798
3.6273217
2.5388596
3.737869
3.6273217
3.299933
3.4104798
3.954711
3.844164
3.954711
3.954711
3.737869
4.171553
3.4104798
3.299933
3.954711
3.954711
3.299933
4.2778482
3.954711
3.6273217
3.6273217
3.0830908
3.4104798
4.3883953
3.737869
3.0830908
4.4989424
3.6273217
2.972544
4.171553
2.7557018
3.4104798
4.3883953
3.299933
3.954711
3.4104798
3.737869
3.4104798
3.954711
4.171553
3.848416
3.844164
3.0830908
3.954711
2.7557018
3.4104798
3.5210268
2.5388596
4.171553
4.3883953
3.6273217
3.844164
2.8662488
2.7557018
4.715784
3.4104798
3.1936376
3.737869
3.737869
3.299933
3.737869
3.0830908
3.5210268
4.0610065
3.954711
2.8662488
3.5167751
3.6273217
3.954711
3.0830908
3.954711
4.171553
3.6273217
3.954711
4.171553
3.299933
3.4104798
3.4104798
4.171553
3.737869
3.6273217
3.954711
3.4104798
3.5167751
3.0830908
3.6273217
3.0830908
3.4104798
2.7557018
4.4989424
3.1936376
3.5210268
4.6094894
3.299933
3.954711
3.0830908
4.065258
3.299933
2.9767957
4.171553
2.8662488
3.954711
4.171553
2.8662488
3.954711
3.954711
3.4104798
3.0830908
3.844164
3.0830908
3.4104798
2.8662488
3.954711
3.737869
2.5388596
3.299933
3.6273217
3.954711
3.6273217
4.171553
3.4104798
3.6273217
3.6273217
4.4989424
3.6273217
3.4104798
4.3883953
3.0830908
3.954711
3.844164
3.5210268
3.737869
3.0830908
4.171553
3.4104798
4.3883953
3.6273217
2.5388596
3.844164
3.6273217
4.2821
3.4104798
4.4989424
3.4104798
3.6273217
2.8662488
3.844164
3.6273217
3.737869
2.6494067
4.2821
3.5210268
3.4104798
3.844164
3.844164
3.844164
3.4104798
3.6273217
3.844164
4.171553
3.4104798
4.2778482
3.6273217
3.4104798
4.171553
3.4104798
3.4104798
4.171553
4.171553
3.6273217
3.737869
4.715784
3.4104798
3.844164
3.844164
4.2821
3.189386
3.844164
3.4104798
3.844164
3.4104798
4.715784
3.4104798
4.4989424
3.6273217
4.171553
3.3041847
3.6273217
3.4104798
3.954711
4.2821
4.715784
4.171553
3.5167751
3.0830908
3.844164
3.844164
3.299933
3.4104798
4.0610065
3.737869
3.6273217
4.2821
3.4104798
4.6094894
3.737869
3.4104798
3.5167751
2.7557018
3.844164
4.3883953
4.0610065
3.954711
4.6094894
4.715784
3.1936376
4.171553
3.844164
3.844164
4.171553
4.171553
4.171553
4.9326262
3.844164
3.4104798
4.3883953
3.299933
4.715784
3.6273217
4.2821
4.605237
4.171553
4.715784
4.171553
3.954711
3.954711
4.171553
3.5167751
4.3883953
3.4104798
3.954711
5.2600155
4.171553
4.065258
4.715784
3.844164
3.6273217
4.715784
3.0830908
4.605237
4.171553
4.171553
4.0610065
4.2778482
3.954711
3.954711
3.954711
4.0610065
3.4104798
4.171553
4.3883953
4.171553
4.171553
4.4989424
3.844164
4.715784
3.844164
3.6273217
4.2821
3.737869
4.171553
3.844164
3.844164
3.844164
3.844164
4.3883953
4.715784
4.0610065
4.9326262
3.6273217
4.3883953
4.171553
3.844164
4.3883953
3.844164
4.2778482
3.6273217
4.171553
4.171553
3.844164
4.171553
4.826331
3.4104798
5.0431733
3.844164
3.844164
4.3883953
4.3883953
3.299933
5.1494684
4.0610065
4.715784
4.0610065
3.6273217
4.9326262
4.171553
4.715784
4.171553
3.4104798
4.171553
3.7336173
3.4104798
3.844164
4.0610065
3.6273217
4.3883953
4.3883953
3.954711
4.171553
4.605237
3.954711
4.171553
3.737869
4.171553
3.954711
3.6273217
4.4989424
4.6094894
3.844164
3.954711
3.6273217
4.4989424
4.171553
3.4104798
4.0610065
4.2778482
4.171553
4.171553
4.826331
3.737869
3.6273217
3.844164
4.715784
4.3883953
3.844164
4.605237
4.171553
3.844164
4.2821
4.2778482
3.954711
4.9326262
3.844164
4.2821
4.4989424
4.171553
4.171553
4.715784
4.9326262
4.3883953
4.3883953
4.3883953
3.844164
4.9326262
4.0610065
4.715784
4.8220797
3.954711
4.2778482
4.3883953
4.3883953
4.4989424
4.9326262
4.2778482
3.7336173
4.2778482
4.2778482
3.844164
4.605237
4.3883953
4.3883953
4.4946904
4.3883953
4.715784
3.954711
4.3883953
4.9326262
4.3883953
3.844164
4.715784
4.2778482
3.6273217
4.9326262
3.6273217
4.605237
4.4989424
4.171553
3.844164
4.4989424
3.844164
4.605237
3.7336173
4.715784
4.3883953
4.0610065
3.6273217
4.4989424
4.3883953
3.6273217
4.605237
4.3883953
4.3883953
4.0610065
4.605237
4.715784
4.3883953
4.0610065
3.6273217
4.9326262
4.9326262
4.605237
4.715784
5.4768577
4.2778482
4.171553
5.2600155
4.8220797
3.844164
4.605237
4.2778482
4.605237
4.2778482
4.171553
4.605237
5.1494684
4.171553
4.715784
5.4768577
4.0610065
4.3883953
4.8220797
4.3883953
4.605237
4.605237
3.844164
4.171553
5.2600155
5.1494684
4.605237
5.1494684
4.715784
4.171553
4.8220797
4.0610065
3.844164
5.038922
4.2778482
3.954711
4.605237
4.605237
4.3883953
4.3883953
4.171553
4.715784
3.844164
4.605237
4.0610065
3.9504592
4.8220797
3.7336173
4.715784
5.038922
4.3883953
4.3883953
3.844164
4.0610065
4.605237
4.0610065
4.9326262
4.3883953
3.7336173
4.3883953
4.2778482
4.171553
4.3883953
4.8220797
5.1494684
4.0610065
4.605237
4.605237
4.0610065
3.844164
3.844164
4.605237
4.171553
4.3883953
4.715784
4.171553
4.4989424
4.8220797
4.3883953
4.0610065
4.3883953
4.605237
4.3883953
5.1494684
4.171553
5.1494684
4.605237
4.605237
4.3883953
5.038922
4.2778482
5.1494684
4.3883953
4.171553
4.605237
4.3883953
4.2778482
5.4768577
5.1494684
4.3883953
5.3663106
4.605237
4.605237
5.3663106
5.3663106
5.1494684
4.8220797
4.8220797
4.0610065
4.8220797
4.8220797
3.7336173
4.9326262
4.9326262
4.2778482
5.2600155
4.3883953
4.9326262
4.605237
4.8220797
4.2778482
4.9326262
4.3883953
5.1494684
3.844164
4.3883953
5.1494684
4.9326262
4.605237
4.715784
4.715784
4.3883953
4.605237
4.0610065
4.3883953
5.4768577
4.715784
4.0610065
5.1494684
4.3883953
4.0610065
4.3883953
4.3883953
4.9326262
3.954711
4.171553
5.3663106
4.605237
3.954711
5.1494684
4.8220797
4.9326262
4.3883953
4.4989424
4.9326262
4.605237
4.171553
5.1494684
4.9326262
4.3883953
4.8220797
5.6937
4.605237
4.605237
4.9326262
4.7115326
4.8220797
4.3883953
4.9326262
4.4946904
5.4768577
4.8220797
4.605237
5.1494684
4.715784
4.8220797
4.9326262
3.9504592
4.8220797
4.3883953
4.4946904
5.038922
4.8220797
5.2600155
4.605237
5.1494684
4.605237
4.3883953
4.3883953
5.1494684
4.8220797
4.3883953
4.605237
4.171553
4.605237
4.3883953
4.605237
4.3883953
4.3883953
5.3663106
5.1494684
5.3663106
5.038922
5.3663106
4.605237
4.8220797
5.3663106
4.8220797
4.0610065
5.2557635
5.1494684
4.3883953
5.1494684
4.3883953
4.605237
4.8220797
4.715784
5.3663106
4.8220797
5.1494684
4.2778482
5.1494684
4.8220797
5.4768577
4.4946904
4.605237
4.715784
4.8220797
4.605237
5.2600155
5.4768577
5.1494684
4.605237
4.605237
5.4768577
4.7115326
5.4768577
4.3883953
5.1494684
3.9504592
5.1494684
4.605237
4.3883953
4.3883953
4.3883953
4.605237
4.171553
5.1494684
4.4989424
4.605237
4.171553
4.3883953
3.844164
4.605237
4.8220797
4.171553
4.3883953
4.605237
4.4946904
4.9326262
5.3663106
3.954711
4.3883953
5.4768577
4.171553
4.9326262
3.844164
5.3663106
4.3883953
5.038922
5.2600155
4.9326262
4.9326262
5.4768577
4.715784
4.715784
4.3883953
5.1494684
4.3883953
4.9326262
4.2778482
5.038922
4.8220797
4.715784
4.3883953
4.8220797
4.9326262
5.0431733
5.038922
4.8220797
4.715784
5.4768577
4.715784
4.3883953
4.715784
3.844164
4.605237
4.9326262
5.038922
4.605237
4.7115326
5.6937
4.171553
4.9326262
5.2600155
5.2600155
4.8220797
4.171553
4.4946904
4.605237
4.9326262
4.605237
5.1494684
4.715784
4.9326262
5.3663106
4.4989424
4.171553
5.3663106
4.171553
4.4989424
4.7115326
4.2778482
4.0610065
4.605237
4.605237
4.605237
4.4989424
5.038922
4.3883953
4.3883953
5.1494684
4.0610065
4.4989424
4.8220797
4.3883953
5.2600155
4.171553
4.8220797
4.9326262
4.9326262
5.1494684
5.1494684
4.171553
5.4768577
5.1494684
4.8220797
5.1494684
4.8220797
5.1494684
5.1494684
4.8220797
4.715784
5.1494684
5.4768577
4.715784
4.4946904
4.8220797
4.8220797
4.0610065
5.1494684
4.9326262
4.8220797
4.605237
5.038922
4.2778482
4.3883953
5.3663106
5.038922
4.9326262
5.3663106
4.9326262
4.715784
4.605237
4.605237
4.605237
5.3663106
4.3883953
5.3663106
4.8220797
4.715784
5.4768577
4.9326262
5.804247
5.3663106
4.0610065
4.8220797
5.3663106
4.9326262
4.9326262
5.3663106
4.4946904
4.8220797
5.1494684
4.0610065
5.9105415
5.1494684
4.8220797
5.038922
5.1494684
4.3883953
5.0431733
5.1494684
5.1494684
5.1494684
5.1494684
4.9326262
5.804247
5.2600155
4.715784
4.9326262
5.1494684
4.3883953
5.1494684
4.605237
4.8220797
4.9326262
5.3663106
4.605237
4.3883953
4.4946904
4.605237
4.9326262
5.6937
4.605237
5.3663106
4.2778482
5.3663106
5.1494684
4.8220797
4.605237
5.1494684
5.3663106
4.3883953
5.4768577
4.605237
5.0431733
5.4768577
5.3663106
4.0610065
5.3663106
4.8220797
5.1494684
5.038922
4.0610065
5.1494684
4.715784
5.4768577
4.9326262
4.0610065
4.9326262
4.8220797
4.715784
4.171553
5.6937
4.8220797
4.3883953
4.8220797
4.605237
4.171553
5.6937
4.9326262
4.605237
4.605237
5.1494684
4.605237
4.605237
4.4946904
4.8220797
4.9326262
4.605237
5.6937
5.1494684
4.171553
4.2778482
5.1494684
4.605237
4.9326262
5.1494684
4.605237
4.605237
5.3663106
4.9326262
4.3883953
5.6937
4.715784
4.605237
4.8220797
4.3883953
4.3883953
5.1494684
5.1494684
5.1494684
5.1494684
4.9326262
4.9326262
5.2600155
5.583153
4.8220797
4.4989424
4.8220797
5.2557635
4.3883953
4.605237
5.038922
4.9326262
4.715784
5.1494684
4.8220797
4.605237
4.8220797
4.8220797
5.4768577
4.9326262
5.4768577
5.038922
4.605237
4.605237
5.1494684
4.2778482
6.0210886
5.4768577
4.605237
5.6937
5.4768577
5.1494684
5.3663106
4.3883953
5.2557635
4.3883953
4.9326262
4.605237
4.0610065
5.4768577
5.3663106
4.8220797
5.4768577
4.8220797
5.1494684
4.2778482
5.038922
4.8220797
4.9326262
4.605237
4.4946904
5.6937
5.4768577
4.3883953
4.4946904
5.9105415
5.1494684
5.6937
4.3883953
4.605237
4.8220797
5.4768577
4.3883953
5.6937
4.8220797
5.038922
5.3663106
4.605237
5.1494684
4.9326262
4.3883953
4.9326262
4.2821
4.2778482
4.8220797
5.3663106
5.3663106
4.605237
4.8220797
5.3663106
4.4989424
5.6937
5.2557635
5.1494684
4.3883953
5.6937
5.6937
4.171553
5.3663106
4.605237
5.3663106
5.583153
5.3663106
4.3883953
5.583153
4.715784
5.4768577
5.2557635
5.1494684
4.0610065
5.6937
5.2557635
4.605237
4.8220797
5.3663106
5.038922
4.715784
5.4768577
4.8220797
4.7115326
4.9326262
4.4946904
5.1494684
4.715784
4.4946904
5.9105415
4.9326262
4.9326262
5.038922
5.4768577
5.6937
4.8220797
5.1494684
5.583153
4.605237
4.9326262
5.6937
4.8220797
4.9326262
5.3663106
4.3883953
5.1494684
4.9326262
4.0610065
5.6937
5.3663106
5.038922
4.605237
5.038922
4.2778482
4.9326262
5.6937
4.9326262
5.1494684
4.9326262
4.8220797
4.605237
4.605237
5.1494684
6.1273837
4.8220797
5.804247
4.9326262
4.2778482
5.6937
5.1494684
4.8220797
5.038922
5.2557635
4.2778482
5.3663106
5.6937
4.8220797
5.4768577
5.4768577
4.2778482
5.6937
5.2557635
4.8220797
5.1494684
5.1494684
5.038922
4.715784
5.583153
4.8220797
5.4768577
5.038922
5.3663106
5.2600155
4.2778482
5.2557635
5.1494684
4.4946904
4.8220797
5.3663106
5.1494684
5.1494684
5.583153
4.171553
4.9326262
4.605237
4.9326262
4.7115326
4.715784
4.9326262
4.715784
5.583153
4.715784
4.8220797
4.605237
4.605237
5.2557635
4.9326262
4.605237
4.9326262
4.605237
5.6937
4.605237
4.605237
4.605237
4.715784
5.4768577
4.8220797
5.3663106
4.605237
5.038922
5.3663106
4.8220797
5.1494684
4.605237
4.3883953
5.3663106
5.038922
6.0210886
5.6937
4.9326262
4.9326262
4.8220797
5.2557635
4.3883953
4.9326262
4.9326262
5.3663106
5.9105415
4.171553
4.715784
5.2557635
4.605237
5.9105415
4.3883953
5.583153
4.8220797
4.715784
4.605237
4.0610065
4.9326262
4.3883953
4.8220797
4.605237
4.3883953
4.9326262
5.038922
4.0610065
5.1494684
5.3663106
4.0610065
5.1494684
4.605237
4.4946904
4.605237
5.038922
4.8220797
4.9326262
4.0610065
5.1494684
5.038922
4.8220797
4.9326262
5.1494684
3.844164
4.9326262
5.038922
4.9326262
4.605237
5.3663106
4.3883953
5.1494684
4.715784
4.605237
4.3883953
5.0431733
4.0610065
4.715784
5.583153
4.9326262
4.4946904
4.8220797
5.1494684
5.0431733
5.1494684
4.605237
4.0610065
5.1494684
4.3883953
4.605237
4.9326262
4.8220797
4.171553
4.9326262
4.605237
5.583153
4.8220797
4.715784
4.605237
5.1494684
4.0610065
4.605237
4.9326262
3.844164
5.1494684
4.4989424
4.8220797
4.3883953
4.3883953
4.7115326
4.4989424
4.9326262
4.2778482
4.9326262
4.9326262
4.605237
5.2600155
4.715784
4.171553
4.3883953
5.0431733
4.0610065
4.0610065
4.0610065
5.3663106
4.715784
5.4768577
4.171553
4.605237
4.0610065
4.715784
4.605237
4.715784
5.2600155
4.715784
3.844164
4.4989424
5.1494684
4.605237
4.171553
4.715784
4.8220797
4.171553
4.9326262
4.9326262
4.2778482
4.9326262
5.1494684
3.954711
4.715784
4.4989424
3.954711
5.4768577
5.1494684
4.605237
4.9326262
4.4989424
3.954711
4.605237
4.605237
4.605237
5.0431733
5.0431733
4.0610065
4.2821
3.844164
4.171553
4.3883953
4.065258
4.8220797
4.2821
4.605237
4.715784
4.3883953
4.3883953
4.4989424
3.954711
4.9326262
4.171553
4.4989424
4.715784
5.1494684
3.6273217
4.3883953
5.2600155
4.0610065
3.844164
4.715784
4.0610065
4.171553
3.954711
5.1494684
4.9326262
4.605237
4.171553
4.826331
4.715784
3.6273217
5.0431733
4.3883953
3.954711
4.9326262
4.171553
3.737869
4.3883953
4.4989424
4.3883953
4.715784
4.3883953
4.3883953
4.3883953
4.4989424
4.171553
3.954711
4.3883953
3.844164
5.1494684
4.2821
3.6273217
4.4989424
3.954711
4.4989424
4.9326262
4.0610065
4.9326262
4.171553
4.2821
3.844164
4.715784
5.0431733
4.8220797
4.715784
5.0431733
4.3883953
3.954711
4.715784
4.171553
4.4989424
4.4989424
4.9326262
3.7336173
4.826331
4.9326262
3.844164
4.715784
4.4989424
4.171553
5.0431733
4.605237
3.954711
5.1494684
4.2778482
3.844164
5.1494684
4.715784
4.715784
4.715784
4.9326262
4.605237
4.715784
3.954711
4.171553
4.2821
4.2821
4.715784
4.9326262
3.844164
4.171553
4.171553
4.9326262
4.171553
4.605237
4.3883953
4.605237
4.4989424
3.954711
4.171553
4.171553
3.844164
4.605237
5.4768577
4.715784
3.844164
4.171553
3.954711
3.844164
4.715784
4.605237
4.0610065
4.9326262
4.2821
4.2821
4.171553
3.954711
3.6273217
4.3883953
3.954711
4.4989424
4.2821
4.715784
4.3883953
4.715784
4.4989424
4.3883953
4.605237
4.171553
4.171553
3.954711
4.4989424
4.3883953
4.4989424
4.065258
4.605237
5.0431733
4.715784
3.954711
4.4989424
4.715784
3.4104798
4.3883953
4.0610065
3.6273217
4.4989424
3.954711
3.737869
4.4989424
4.715784
4.4989424
3.844164
4.171553
4.2778482
4.065258
3.5167751
4.4989424
4.3883953
4.171553
3.844164
4.4989424
3.737869
3.954711
4.715784
4.3883953
4.4989424
4.171553
4.171553
3.844164
3.954711
4.2821
4.3883953
4.9326262
4.171553
4.2821
4.715784
4.065258
3.737869
4.4989424
4.3883953
4.715784
4.9326262
4.171553
4.171553
4.2821
4.715784
3.844164
4.2821
5.2600155
3.6273217
4.2821
4.2821
3.737869
4.826331
4.171553
3.4104798
4.605237
4.3883953
4.2821
4.715784
4.171553
4.4989424
4.3883953
4.0610065
4.171553
4.9326262
4.3883953
4.171553
4.4989424
4.171553
3.4104798
4.4989424
3.954711
4.171553
4.4989424
3.844164
4.2821
4.0610065
3.6273217
3.844164
4.9326262
3.844164
4.2821
3.737869
3.844164
4.3883953
4.3883953
4.171553
3.954711
3.6273217
4.4989424
3.954711
3.737869
4.715784
4.065258
4.171553
4.9326262
4.171553
4.171553
4.4989424
3.954711
3.954711
3.954711
4.9326262
4.2821
3.4104798
4.715784
4.3883953
4.171553
3.954711
4.4989424
4.715784
4.4989424
3.954711
3.844164
4.171553
3.737869
3.6273217
4.171553
4.171553
3.737869
4.715784
3.737869
3.4104798
4.2821
4.2821
4.4989424
4.715784
4.4989424
4.171553
4.2821
3.954711
3.7336173
4.4989424
3.737869
3.737869
3.737869
4.4989424
3.737869
3.4104798
4.3883953
4.2821
4.826331
4.715784
4.2821
3.6273217
3.6273217
3.844164
4.4989424
4.4989424
3.954711
3.4104798
3.844164
4.4989424
4.3883953
4.2821
4.4989424
4.3883953
3.4104798
3.954711
4.4989424
4.715784
3.954711
3.954711
4.715784
4.3883953
3.954711
4.171553
3.737869
3.6273217
4.3883953
3.954711
4.171553
4.171553
4.171553
4.2821
4.4989424
3.4104798
4.171553
4.3883953
3.954711
4.065258
3.844164
3.954711
3.4104798
4.4989424
5.0431733
4.065258
4.2821
3.954711
4.4989424
3.1936376
4.171553
3.737869
3.954711
4.715784
4.171553
3.954711
3.6273217
4.715784
3.4104798
3.954711
3.3041847
4.605237
4.826331
4.2821
3.737869
3.954711
4.171553
4.2821
3.4104798
3.4104798
5.2600155
3.5210268
4.4989424
4.171553
3.6273217
3.4104798
3.954711
4.3883953
4.171553
3.844164
3.954711
4.2821
4.171553
3.954711
3.954711
4.4989424
3.954711
4.171553
3.1936376
4.2821
2.9767957
3.954711
4.2821
4.715784
3.954711
3.954711
3.954711
4.0610065
4.3883953
4.065258
4.715784
3.954711
4.2821
4.065258
3.954711
4.4989424
3.6273217
4.171553
4.3883953
3.954711
3.954711
3.6273217
4.4989424
4.715784
4.171553
3.737869
4.3883953
3.737869
3.954711
3.6273217
4.171553
3.954711
4.171553
4.3883953
4.2821
3.844164
4.0610065
3.954711
3.954711
3.954711
4.715784
3.4104798
4.171553
3.844164
4.171553
3.5167751
3.844164
4.2821
4.171553
4.715784
3.6273217
4.171553
3.6273217
3.6273217
4.2821
4.171553
3.954711
3.954711
3.954711
4.171553
4.715784
4.171553
3.954711
4.3883953
4.715784
3.4104798
3.844164
4.171553
3.737869
3.4104798
3.737869
4.2821
3.737869
4.715784
4.171553
3.954711
3.737869
3.954711
4.171553
4.6094894
4.065258
3.6273217
3.954711
3.6273217
4.2821
4.715784
3.4104798
3.6273217
4.3883953
3.5210268
4.2821
4.171553
4.171553
3.954711
4.0610065
4.065258
4.171553
3.954711
4.171553
4.3926473
4.2821
4.3883953
3.737869
3.4104798
4.826331
3.4104798
3.954711
4.171553
3.6273217
4.2821
4.171553
4.826331
4.4989424
4.171553
4.4989424
4.826331
3.737869
4.171553
4.171553
4.171553
3.6273217
4.2821
3.4104798
3.737869
4.605237
4.171553
3.954711
4.4989424
3.4104798
3.954711
4.6094894
3.6273217
3.954711
4.6094894
3.4104798
4.065258
3.954711
4.171553
4.4989424
4.171553
3.6273217
3.737869
5.2600155
3.737869
4.171553
3.954711
3.954711
3.737869
3.6273217
3.6273217
3.737869
3.954711
4.4989424
4.3883953
3.737869
3.954711
4.171553
3.4104798
3.737869
4.2821
3.954711
3.954711
4.171553
4.4989424
4.065258
3.954711
3.5210268
4.4989424
3.5210268
3.954711
3.844164
3.954711
3.737869
4.826331
4.065258
4.065258
3.737869
3.1936376
4.065258
3.954711
4.4989424
3.4104798
3.954711
3.737869
4.2821
4.2821
3.737869
3.954711
4.065258
3.1936376
3.737869
3.954711
3.848416
3.1936376
4.2821
3.6273217
3.737869
3.954711
3.4104798
3.1936376
3.848416
3.5210268
4.171553
3.6273217
2.9767957
3.954711
3.954711
4.065258
3.954711
3.954711
3.631574
4.065258
4.4989424
3.631574
4.2821
3.954711
4.171553
3.737869
4.3883953
3.4104798
4.2821
3.844164
4.065258
3.737869
3.6273217
3.737869
3.6273217
3.1936376
3.5210268
3.5210268
4.2821
4.171553
3.737869
3.737869
4.065258
3.4104798
3.954711
2.9767957
4.065258
2.9767957
3.1936376
3.6273217
3.848416
3.844164
3.5210268
3.737869
3.5210268
3.848416
3.6273217
3.3041847
3.737869
4.3883953
3.737869
3.5210268
4.2821
3.737869
3.737869
4.2821
5.0431733
3.954711
3.954711
4.4989424
4.4989424
3.1936376
3.954711
4.4989424
3.4104798
4.2821
3.6273217
3.737869
5.0431733
4.2821
3.5210268
4.2821
3.4104798
3.5210268
3.737869
4.1758046
4.2821
3.1936376
3.5210268
3.737869
3.5210268
4.1758046
4.065258
3.5210268
3.5210268
3.5210268
4.065258
4.065258
3.5210268
3.4104798
4.065258
4.3926473
4.065258
4.2821
3.5210268
3.5210268
4.065258
3.6273217
4.3883953
3.5210268
4.4989424
4.715784
3.737869
4.3883953
4.171553
4.3926473
4.715784
5.2600155
4.065258
5.1494684
4.715784
4.715784
4.715784
4.605237
5.3705626
4.171553
4.826331
5.2600155
3.954711
5.0431733
4.171553
4.9326262
4.826331
5.0431733
4.2821
5.3705626
3.737869
5.3705626
4.2821
4.6094894
4.3883953
3.6273217
5.264267
4.9326262
4.2821
5.1537204
4.2821
4.4989424
5.0431733
5.0431733
5.2600155
4.715784
4.2821
5.0431733
5.4768577
4.715784
4.6094894
5.2600155
5.1494684
4.826331
5.804247
5.3705626
5.914794
5.2600155
5.2600155
5.914794
5.3705626
5.2600155
5.0431733
4.605237
6.4590244
4.9326262
4.715784
5.804247
5.2600155
4.826331
5.5874047
6.0210886
5.4768577
5.3705626
5.6937
5.0431733
6.56532
6.237931
5.0431733
6.348478
5.6979513
5.804247
5.6937
6.1316357
5.804247
4.9326262
5.914794
5.0431733
4.9326262
5.3705626
6.56532
5.4768577
6.6758666
5.3705626
6.1316357
5.914794
5.3705626
5.804247
5.4768577
5.5874047
5.804247
5.2600155
5.804247
6.6758666
6.56532
6.4590244
6.348478
5.2600155
7.220098
6.0210886
5.4768577
6.892709
6.454773
5.4768577
6.892709
6.1316357
5.9105415
6.0210886
5.804247
6.1316357
6.892709
6.6758666
6.6758666
6.237931
5.804247
6.237931
5.4768577
6.892709
6.0210886
6.1316357
7.220098
6.454773
6.892709
7.3263927
6.1316357
6.56532
6.348478
7.003256
6.9990044
5.6937
6.6758666
7.3263927
6.7821617
6.892709
6.56532
5.804247
7.109551
7.2158465
6.0210886
7.4369397
6.9990044
5.6937
7.003256
7.4326887
7.3263927
6.9990044
6.237931
6.237931
7.5474873
6.237931
6.892709
6.237931
7.109551
6.237931
7.764329
7.2158465
7.4369397
7.4326887
6.892709
6.7821617
6.56532
6.9990044
6.56532
7.870624
7.109551
7.653782
6.237931
7.220098
7.981171
6.6758666
6.671615
7.4369397
6.892709
6.237931
7.870624
6.9990044
7.4369397
7.109551
6.892709
7.3263927
7.870624
7.4369397
7.3263927
6.9990044
6.6758666
6.7821617
7.109551
7.3263927
6.9990044
6.892709
6.671615
6.892709
6.671615
6.348478
6.9990044
6.9990044
7.653782
6.7821617
7.3263927
6.7821617
6.348478
6.9990044
6.7821617
7.4326887
6.348478
7.760078
7.109551
6.9990044
6.237931
7.3263927
6.56532
7.653782
6.56532
7.220098
6.9990044
7.3263927
6.7821617
6.7821617
7.543235
6.454773
6.7821617
7.543235
7.109551
6.671615
7.2158465
7.653782
6.9990044
6.7821617
6.7821617
6.7821617
6.6758666
6.671615
6.348478
6.56532
6.7821617
7.3263927
6.671615
7.4369397
6.8884573
6.1273837
6.892709
6.237931
6.671615
5.9105415
7.870624
6.454773
7.3263927
6.7821617
7.220098
6.7821617
5.9105415
7.109551
7.2158465
5.804247
7.4369397
6.7821617
5.6937
5.6937
6.237931
6.454773
6.56532
6.6758666
7.3263927
7.109551
7.109551
6.7821617
5.6937
7.003256
6.348478
7.109551
6.892709
6.237931
6.56532
5.914794
6.237931
5.583153
6.56532
6.7821617
5.804247
6.348478
6.454773
5.6937
6.237931
6.237931
6.237931
6.237931
5.1494684
6.56532
5.3663106
6.56532
6.454773
6.1316357
6.0210886
5.6937
6.1316357
6.56532
6.237931
6.0210886
6.237931
5.583153
5.804247
5.6937
5.1494684
6.892709
6.348478
5.804247
5.9105415
5.1494684
6.348478
5.804247
6.1273837
6.0210886
6.1316357
6.0210886
5.5874047
5.804247
5.2600155
5.3663106
5.1494684
5.6937
5.5874047
5.5874047
5.804247
4.9326262
5.2600155
6.237931
6.1316357
5.9105415
5.1494684
6.348478
5.4768577
5.1494684
4.8220797
5.2600155
5.1494684
5.5874047
5.9105415
5.4768577
5.9105415
5.6937
5.3663106
6.4590244
4.9326262
4.3883953
5.804247
5.4768577
4.715784
5.6937
5.804247
5.804247
5.6937
4.9326262
5.4768577
5.3663106
4.4989424
5.1494684
5.4768577
5.804247
5.0431733
5.6937
5.4768577
4.9326262
5.1537204
6.0210886
6.348478
4.715784
6.2421827
5.4768577
5.5874047
6.0210886
5.1494684
5.1494684
5.3663106
4.605237
4.715784
5.4768577
4.9326262
6.0210886
5.6937
5.2600155
5.2600155
5.1494684
5.4768577
4.9326262
4.605237
5.5874047
5.2600155
4.715784
6.1316357
5.1494684
4.4989424
5.4768577
5.2600155
4.715784
5.1537204
5.4768577
5.0431733
4.9326262
4.3883953
5.2600155
5.4768577
5.0431733
5.5874047
5.2600155
6.1316357
5.0431733
4.715784
6.348478
5.0431733
5.0431733
4.9326262
5.1537204
6.0210886
4.9326262
5.0431733
5.9105415
4.9326262
6.1316357
6.0210886
4.826331
6.0210886
6.0210886
5.4768577
6.348478
5.804247
5.804247
6.348478
5.2600155
5.2600155
5.3705626
6.1316357
5.1494684
4.9326262
5.914794
5.804247
4.8220797
5.914794
6.1316357
5.1537204
5.4768577
5.6937
5.804247
5.2600155
5.6937
4.9326262
6.4590244
5.3663106
5.4768577
6.6758666
6.1316357
5.4768577
6.7821617
5.9105415
6.56532
5.4768577
5.914794
5.9105415
5.6937
7.003256
6.454773
5.3663106
6.454773
5.804247
5.804247
5.804247
6.0210886
6.892709
5.5874047
6.0210886
5.804247
6.56532
6.0210886
6.1316357
6.0210886
6.0210886
6.1316357
6.237931
6.454773
6.892709
6.237931
6.7821617
6.237931
6.56532
6.7821617
6.892709
6.56532
6.237931
5.9105415
6.7821617
6.237931
6.237931
6.7821617
6.7821617
5.9105415
7.3263927
6.454773
6.0210886
7.109551
6.7821617
6.7821617
7.109551
6.892709
6.892709
7.653782
7.3263927
6.1316357
7.3263927
6.348478
6.8884573
7.870624
7.3263927
7.543235
6.454773
6.9990044
7.653782
7.2158465
6.7821617
7.981171
6.9990044
7.4326887
6.454773
8.087466
6.56532
7.653782
7.9769197
6.7821617
7.981171
7.109551
6.7821617
7.3263927
7.543235
7.3263927
8.414855
7.870624
6.9990044
7.870624
7.109551
7.870624
8.631698
6.9990044
7.2158465
7.760078
7.2158465
7.109551
8.087466
7.760078
7.3263927
8.414855
8.087466
7.4326887
7.870624
8.193762
8.304308
8.198013
7.870624
7.760078
7.4326887
7.653782
8.304308
8.304308
7.3263927
7.870624
7.543235
8.631698
7.4326887
7.543235
8.631698
7.649531
8.959086
8.414855
9.065381
7.760078
7.760078
8.414855
8.087466
8.193762
8.631698
8.521151
8.848539
8.521151
7.8663726
8.848539
8.954835
8.631698
8.198013
9.065381
8.521151
8.848539
9.175928
8.631698
8.521151
8.848539
8.737993
8.087466
8.521151
8.737993
7.760078
8.848539
8.087466
8.959086
8.737993
9.065381
8.521151
8.954835
8.193762
9.392771
9.609612
9.282225
8.304308
8.848539
8.737993
8.193762
8.737993
8.631698
8.631698
9.609612
8.193762
8.954835
9.609612
8.737993
8.631698
8.954835
8.737993
8.737993
8.193762
9.065381
8.410604
8.737993
8.193762
8.737993
9.065381
9.175928
9.937002
8.737993
8.193762
9.065381
8.737993
9.282225
8.954835
9.388519
8.848539
8.848539
8.737993
8.193762
9.72016
9.282225
9.065381
9.499066
8.627446
9.499066
9.282225
8.521151
9.065381
9.826455
8.521151
8.304308
9.065381
8.193762
9.065381
9.282225
9.609612
9.065381
9.392771
9.282225
9.282225
8.954835
9.065381
8.737993
8.737993
9.937002
9.282225
9.388519
8.521151
9.826455
8.410604
8.627446
9.499066
9.065381
9.499066
8.410604
9.499066
8.521151
9.826455
8.627446
9.171678
9.609612
9.282225
9.065381
8.737993
8.410604
9.826455
9.826455
8.737993
9.065381
9.392771
8.848539
9.609612
8.954835
9.609612
8.954835
9.499066
9.826455
8.521151
9.065381
8.737993
9.388519
9.065381
9.826455
8.844288
9.392771
9.392771
8.521151
9.065381
8.954835
9.826455
9.388519
8.627446
9.826455
9.499066
8.627446
10.043297
9.826455
9.826455
9.932751
9.171678
9.605361
9.061131
10.370686
9.171678
9.388519
9.388519
9.061131
9.171678
10.043297
9.061131
8.954835
8.844288
9.826455
9.932751
10.370686
9.171678
10.370686
9.499066
10.370686
8.844288
10.043297
9.499066
8.627446
9.499066
10.043297
8.300056
10.043297
8.627446
10.260139
9.499066
9.605361
10.043297
8.844288
9.171678
9.061131
9.282225
9.499066
9.715908
8.844288
9.826455
9.605361
8.844288
9.061131
8.627446
9.499066
8.844288
9.932751
9.715908
9.171678
9.499066
9.826455
9.605361
9.171678
9.282225
8.516899
9.715908
9.499066
8.627446
9.715908
9.171678
8.737993
9.826455
9.171678
8.627446
9.282225
9.171678
9.388519
9.499066
9.715908
8.844288
9.609612
10.043297
9.277972
8.737993
9.499066
10.043297
9.171678
8.410604
9.171678
9.715908
8.627446
9.065381
9.715908
9.282225
9.826455
10.043297
9.499066
8.844288
8.627446
8.627446
8.954835
8.954835
9.171678
9.826455
10.043297
9.826455
9.715908
9.715908
9.715908
9.826455
8.954835
9.715908
10.260139
8.627446
10.043297
10.370686
9.499066
9.171678
8.954835
10.153844
8.844288
9.282225
9.826455
9.388519
8.954835
9.171678
9.499066
9.171678
9.171678
9.388519
8.627446
9.826455
9.171678
9.499066
9.826455
9.715908
9.932751
9.932751
8.954835
9.388519
9.932751
10.043297
9.282225
9.715908
9.499066
9.605361
9.499066
9.061131
9.171678
9.715908
9.388519
9.932751
9.605361
9.061131
10.153844
9.499066
9.932751
10.043297
9.932751
9.171678
10.587528
10.043297
9.715908
9.932751
9.932751
9.605361
10.587528
9.715908
9.499066
9.499066
10.153844
9.822204
10.260139
10.043297
9.061131
9.388519
9.499066
9.388519
9.826455
10.043297
9.932751
9.499066
9.499066
10.043297
9.826455
9.715908
10.043297
10.260139
9.932751
9.499066
10.043297
9.932751
9.388519
9.499066
10.80437
10.587528
11.13176
10.698075
9.171678
10.476982
10.260139
10.149592
10.587528
10.80437
9.605361
10.260139
10.370686
10.260139
10.587528
10.149592
10.587528
9.826455
9.388519
9.605361
10.370686
10.149592
9.715908
10.043297
9.932751
9.609612
10.587528
9.932751
10.043297
10.043297
10.693824
10.476982
10.260139
9.932751
11.021213
10.693824
11.13176
10.693824
10.80437
10.043297
10.476982
9.605361
9.932751
10.043297
10.693824
9.715908
11.13176
11.238055
10.80437
10.476982
10.583277
10.693824
11.13176
10.260139
10.693824
10.370686
10.260139
11.348601
10.366435
10.043297
10.80437
11.238055
10.476982
10.914917
11.565443
10.587528
11.348601
10.476982
10.476982
10.476982
10.260139
10.366435
10.587528
10.914917
10.039045
11.786537
10.693824
10.476982
11.238055
10.476982
11.021213
11.565443
11.348601
11.242307
11.13176
11.454897
10.476982
11.021213
11.13176
11.454897
11.13176
12.2202215
10.583277
10.260139
11.021213
10.80437
11.13176
11.454897
11.238055
11.565443
11.67174
11.13176
11.238055
11.348601
10.260139
11.021213
11.021213
11.782287
10.9106655
11.786537
11.238055
11.454897
11.021213
11.13176
11.565443
10.9106655
11.13176
11.565443
11.565443
12.109674
10.693824
11.13176
11.999128
10.80437
11.021213
11.348601
12.326517
11.454897
11.348601
11.13176
11.348601
11.565443
11.782287
11.13176
12.21597
11.67174
11.565443
11.348601
11.454897
11.565443
11.238055
11.565443
11.238055
11.454897
11.565443
11.782287
11.999128
10.693824
11.238055
11.999128
10.9106655
10.9106655
10.9106655
10.693824
11.021213
11.892833
11.454897
12.109674
11.565443
11.238055
11.67174
10.9106655
11.892833
11.67174
10.47273
11.238055
11.348601
11.565443
11.238055
11.565443
11.348601
11.999128
11.021213
11.67599
11.782287
11.34435
11.238055
11.021213
11.127508
11.127508
11.021213
11.67599
11.34435
10.693824
11.782287
10.800118
10.80437
11.782287
11.238055
11.454897
12.547611
11.127508
11.021213
11.238055
12.109674
11.127508
11.454897
11.238055
11.782287
10.693824
11.021213
12.326517
11.782287
11.565443
11.021213
11.238055
11.67174
11.021213
11.454897
11.016961
11.454897
12.54336
11.67174
11.454897
11.565443
12.109674
11.454897
11.892833
11.999128
11.888581
11.127508
11.782287
11.67174
11.67174
10.9106655
11.565443
11.021213
12.21597
11.782287
10.800118
11.454897
11.782287
11.34435
12.109674
10.9106655
10.800118
12.437064
11.892833
11.782287
11.565443
11.454897
11.34435
11.238055
11.454897
11.67174
11.999128
11.238055
11.888581
11.348601
11.67599
10.583277
11.67174
11.238055
12.21597
11.67174
10.80437
11.892833
10.800118
12.2202215
11.782287
11.238055
11.238055
11.782287
11.999128
11.999128
11.888581
12.326517
11.999128
11.127508
11.565443
11.454897
11.782287
11.782287
11.782287
11.454897
11.127508
10.9106655
11.348601
11.454897
11.454897
11.565443
11.127508
11.021213
11.67174
11.238055
11.67174
11.892833
11.782287
11.999128
11.238055
11.782287
11.238055
11.565443
12.326517
11.782287
11.67174
11.021213
10.9106655
10.9106655
12.326517
11.5611925
11.348601
11.238055
11.127508
11.13176
11.999128
11.888581
11.021213
11.021213
11.238055
11.67174
10.800118
11.67174
12.109674
11.127508
12.2202215
11.67174
10.583277
11.454897
10.9106655
11.565443
11.454897
11.999128
10.9106655
11.238055
11.67174
12.21597
11.021213
12.326517
11.34435
11.67174
11.892833
11.238055
11.127508
12.109674
11.782287
10.693824
11.454897
11.34435
12.326517
11.34435
11.999128
11.127508
11.34435
11.127508
11.67174
11.021213
11.454897
11.999128
10.476982
11.782287
11.127508
11.238055
11.565443
11.454897
11.348601
11.127508
11.238055
11.565443
11.238055
11.565443
11.782287
11.127508
12.109674
11.454897
11.565443
11.782287
11.238055
11.238055
11.888581
12.54336
11.565443
12.437064
11.238055
12.21597
11.34435
11.454897
12.326517
12.109674
11.454897
11.565443
11.238055
11.565443
11.34435
12.54336
11.782287
11.999128
12.21597
11.5611925
11.565443
11.5611925
10.800118
11.454897
11.454897
10.9106655
11.565443
11.454897
11.67174
11.454897
11.021213
12.21597
11.238055
11.782287
12.21597
11.454897
11.888581
12.21597
11.782287
11.454897
11.782287
11.782287
12.326517
12.54336
10.9106655
12.21597
11.454897
11.238055
12.21597
11.67174
11.888581
11.454897
12.21597
11.999128
11.999128
12.21597
11.999128
11.999128
11.782287
11.565443
11.999128
12.21597
12.870748
12.432813
11.34435
11.782287
12.760201
11.34435
11.782287
12.432813
12.326517
11.782287
12.21597
12.760201
12.109674
12.760201
12.760201
12.54336
11.888581
11.782287
11.999128
12.105423
12.109674
12.54336
12.105423
11.999128
11.999128
11.888581
12.326517
11.888581
11.34435
12.109674
11.67174
11.34435
12.326517
12.54336
11.67174
11.888581
12.54336
11.5611925
12.105423
12.870748
12.21597
11.67174
12.54336
12.54336
12.54336
12.432813
12.977044
12.109674
11.999128
12.432813
12.54336
11.888581
11.782287
11.782287
12.105423
11.999128
12.326517
12.760201
12.105423
12.21597
12.21597
12.649654
11.454897
12.105423
12.326517
11.67174
12.432813
12.760201
12.21597
11.999128
12.760201
12.760201
12.21597
11.888581
12.760201
12.432813
12.760201
11.888581
12.432813
12.21597
11.67174
13.08759
12.432813
11.999128
11.999128
12.21597
12.432813
11.999128
12.54336
11.888581
12.870748
12.109674
11.778034
12.105423
11.999128
12.977044
12.322266
12.870748
13.304433
12.977044
11.888581
13.304433
13.193886
11.782287
11.999128
13.08759
12.21597
11.5611925
12.870748
12.21597
11.67174
12.760201
12.326517
12.977044
11.999128
12.21597
11.67174
12.54336
12.21597
12.760201
12.649654
11.782287
12.760201
12.21597
11.999128
12.105423
12.21597
12.326517
12.54336
11.994876
11.67174
12.105423
12.866496
12.21597
12.54336
12.760201
11.778034
12.760201
12.54336
11.999128
11.67174
12.54336
12.870748
12.21597
12.760201
11.67174
12.977044
12.322266
12.21597
12.870748
12.105423
12.54336
12.21597
11.888581
12.432813
11.888581
12.211719
12.21597
12.109674
12.649654
11.454897
12.870748
12.21597
12.322266
11.782287
12.760201
12.760201
12.649654
11.782287
12.760201
11.888581
11.238055
12.54336
12.977044
12.109674
12.326517
11.999128
11.999128
11.34435
12.21597
12.322266
11.67174
12.21597
12.760201
12.432813
11.67174
11.999128
12.322266
11.778034
11.999128
11.999128
11.34435
11.888581
11.999128
11.888581
11.999128
12.432813
12.109674
12.432813
11.5611925
11.238055
12.21597
12.760201
11.454897
12.21597
11.5611925
11.454897
12.105423
11.5611925
12.326517
12.432813
11.888581
11.34435
12.54336
12.432813
11.999128
12.54336
12.432813
12.432813
12.326517
11.888581
12.322266
11.782287
12.326517
12.322266
11.127508
11.67174
11.782287
11.67174
11.127508
12.54336
12.105423
11.782287
12.326517
11.67174
11.888581
11.888581
11.454897
11.5611925
11.782287
11.999128
11.34435
12.54336
12.21597
11.782287
12.322266
11.454897
11.782287
11.67174
11.888581
11.454897
12.870748
11.778034
11.127508
12.432813
12.105423
11.67174
11.67174
11.233803
11.888581
11.778034
12.326517
11.888581
11.5611925
11.5611925
11.782287
12.105423
11.67174
11.67174
12.21597
12.326517
11.016961
12.105423
11.454897
11.454897
12.432813
11.127508
12.21597
11.127508
12.21597
11.34435
12.432813
12.326517
11.888581
10.366435
12.432813
12.105423
11.67174
11.238055
11.994876
11.999128
11.782287
12.432813
11.454897
10.9106655
11.999128
11.778034
12.21597
11.454897
12.21597
11.450645
11.782287
11.67174
11.34435
11.999128
11.238055
11.778034
11.888581
11.238055
11.888581
11.67174
11.999128
12.21597
11.5611925
11.999128
11.67174
12.432813
11.454897
11.888581
11.454897
11.5611925
10.9106655
11.454897
11.34435
11.888581
12.21597
11.778034
10.9106655
11.454897
11.67174
11.888581
12.432813
11.994876
11.454897
11.782287
11.782287
12.105423
12.109674
11.778034
11.016961
11.454897
12.54336
12.432813
11.782287
12.322266
12.105423
12.326517
12.21597
12.326517
12.54336
11.5611925
11.016961
11.782287
11.34435
12.21597
11.888581
11.888581
11.238055
12.432813
11.565443
11.454897
11.454897
11.888581
11.238055
11.565443
11.888581
11.238055
12.105423
12.432813
11.454897
11.888581
12.326517
12.21597
11.999128
12.326517
12.432813
11.999128
10.583277
11.892833
12.432813
11.782287
11.999128
12.432813
11.454897
11.233803
12.649654
11.782287
11.454897
11.67174
12.54336
12.21597
12.21597
12.21597
12.326517
11.67174
11.454897
11.67174
11.999128
12.21597
11.67174
11.127508
12.870748
12.322266
11.454897
11.888581
12.21597
11.999128
11.5611925
11.782287
11.5611925
11.999128
11.999128
11.454897
11.238055
11.994876
11.782287
11.778034
11.5611925
11.782287
11.888581
11.67174
11.233803
11.34435
11.782287
11.778034
12.653906
11.454897
11.34435
12.21597
11.67174
11.454897
12.866496
12.21597
11.888581
11.233803
11.67174
12.105423
11.67174
11.454897
11.999128
12.649654
11.34435
11.5611925
12.54336
12.977044
12.326517
12.760201
11.888581
11.782287
12.760201
12.432813
12.21597
12.105423
11.888581
11.888581
12.760201
12.21597
12.760201
12.105423
11.34435
11.778034
11.888581
11.778034
12.21597
12.326517
11.999128
12.870748
11.999128
12.432813
11.999128
12.870748
12.760201
12.326517
11.5611925
12.760201
11.34435
12.432813
12.432813
12.653906
12.977044
12.105423
11.67174
11.888581
12.105423
11.67174
12.649654
12.21597
12.649654
12.21597
12.105423
12.105423
11.454897
12.977044
12.977044
11.782287
11.67174
11.782287
12.105423
12.649654
12.432813
11.782287
12.432813
12.21597
11.5611925
11.999128
12.649654
11.5611925
12.21597
11.994876
11.454897
12.760201
12.105423
12.105423
12.760201
11.999128
11.782287
12.326517
11.888581
11.34435
11.888581
11.888581
11.67174
12.432813
12.105423
11.67174
12.21597
12.105423
12.54336
12.432813
12.760201
11.34435
12.539107
11.888581
12.432813
12.432813
11.782287
12.760201
13.083339
11.888581
12.326517
12.649654
11.454897
11.888581
11.888581
11.782287
12.977044
12.437064
11.999128
11.888581
12.653906
12.432813
11.454897
11.782287
12.21597
11.454897
11.888581
12.322266
12.326517
12.105423
12.432813
11.5611925
12.21597
12.105423
11.888581
11.999128
12.649654
12.21597
12.432813
11.5611925
11.34435
11.888581
11.67174
12.326517
12.326517
12.432813
11.34435
12.760201
11.67174
12.21597
11.5611925
12.866496
11.999128
11.5611925
12.760201
12.21597
12.649654
11.999128
11.888581
11.888581
11.782287
12.432813
12.105423
11.67174
12.432813
11.999128
11.34435
11.888581
11.778034
11.67174
11.67174
11.888581
12.326517
11.888581
11.454897
12.326517
11.67174
11.888581
12.760201
11.782287
12.105423
11.5611925
10.800118
12.105423
11.233803
12.653906
12.105423
12.432813
12.21597
11.67174
12.322266
12.21597
11.67174
11.67174
11.34435
12.432813
12.105423
11.454897
11.34435
12.870748
11.67174
11.34435
11.782287
11.782287
12.21597
12.326517
11.888581
11.34435
11.888581
11.67174
11.5611925
11.782287
12.21597
11.127508
12.870748
11.67174
11.127508
11.67174
11.67174
11.999128
12.326517
11.34435
10.800118
11.454897
12.21597
11.67174
12.326517
11.454897
11.233803
11.454897
11.34435
11.888581
11.999128
11.34435
11.127508
12.21597
12.21597
10.9106655
12.21597
11.782287
11.778034
12.105423
11.67174
11.34435
11.34435
11.999128
11.994876
11.016961
11.67174
10.906414
11.454897
11.999128
12.105423
11.5611925
11.67174
11.565443
11.999128
11.67174
11.999128
12.326517
12.21597
11.888581
10.800118
11.454897
11.34435
11.999128
12.21597
11.999128
12.432813
11.5611925
11.454897
11.778034
12.54336
12.432813
11.454897
11.454897
11.67174
11.778034
11.454897
11.888581
12.21597
11.5611925
11.5611925
11.5611925
11.778034
11.34435
11.782287
11.888581
11.34435
11.999128
10.9106655
12.21597
12.105423
11.021213
12.21597
12.109674
11.999128
11.127508
12.326517
12.432813
11.127508
11.782287
11.67174
11.999128
11.454897
12.649654
11.778034
11.34435
11.5611925
12.21597
11.34435
11.34435
12.326517
12.649654
11.127508
11.238055
11.127508
11.999128
11.34435
11.888581
11.888581
11.127508
11.782287
11.888581
12.326517
11.999128
11.67174
11.016961
11.999128
11.888581
12.432813
12.21597
11.127508
11.67174
11.5611925
11.016961
11.238055
12.105423
10.800118
12.432813
11.5611925
11.34435
12.326517
12.105423
11.34435
12.105423
11.454897
11.999128
11.5611925
11.888581
12.109674
11.454897
11.454897
11.454897
11.67174
11.888581
11.233803
11.127508
12.326517
11.67174
11.34435
12.54336
11.999128
11.67174
12.21597
11.34435
12.432813
12.21597
11.238055
11.67174
11.67174
11.888581
11.454897
11.34435
10.800118
11.782287
12.322266
11.5611925
11.999128
12.105423
11.34435
11.565443
12.322266
11.888581
11.67174
11.5611925
11.34435
11.67174
11.5611925
12.432813
11.888581
12.432813
11.233803
11.238055
11.888581
12.105423
11.67174
11.34435
11.778034
11.565443
12.760201
11.888581
11.454897
12.21597
11.778034
11.782287
12.649654
11.5611925
11.454897
12.54336
11.016961
11.5611925
11.34435
12.21597
11.454897
11.565443
12.105423
12.437064
12.21597
11.67174
11.565443
11.454897
12.432813
11.34435
11.565443
11.67174
11.238055
12.105423
12.760201
11.5611925
12.21597
11.454897
11.5611925
12.105423
12.326517
11.5611925
11.454897
11.233803
11.67174
12.105423
11.450645
11.127508
11.34435
12.432813
11.127508
11.5611925
11.5611925
12.432813
11.454897
12.105423
11.999128
11.667487
11.565443
12.105423
11.127508
11.454897
12.105423
12.432813
11.454897
11.778034
11.999128
12.21597
12.432813
11.999128
11.5611925
11.888581
12.105423
11.34435
12.539107
11.34435
12.649654
11.67174
12.326517
11.999128
12.432813
12.21597
11.34435
11.999128
12.432813
11.888581
11.5611925
12.432813
11.34435
11.450645
11.778034
12.432813
12.21597
11.67174
12.105423
12.432813
12.326517
12.760201
11.5611925
11.888581
11.127508
11.34435
11.888581
11.782287
11.888581
12.326517
11.888581
12.432813
11.34435
11.348601
12.21597
12.21597
12.326517
12.322266
11.454897
12.539107
11.34435
12.432813
12.432813
12.105423
12.322266
11.999128
11.454897
12.432813
11.888581
11.778034
11.67174
11.5611925
11.454897
12.649654
12.105423
11.888581
11.450645
12.21597
12.105423
11.34435
12.21597
11.888581
11.67174
11.888581
11.782287
11.5611925
10.689571
11.999128
12.21597
11.778034
12.326517
11.778034
12.432813
12.105423
11.782287
11.34435
11.67174
12.54336
11.782287
12.105423
11.999128
11.888581
12.432813
12.109674
11.5611925
11.127508
11.999128
11.778034
11.34435
11.565443
11.34435
10.9106655
12.54336
12.105423
11.021213
12.760201
12.105423
11.999128
11.454897
11.888581
11.238055
12.21597
11.999128
11.454897
12.21597
12.866496
11.233803
12.21597
11.454897
11.67174
11.67174
11.67174
12.109674
12.432813
12.54336
11.450645
10.9106655
11.888581
11.454897
12.109674
12.21597
11.888581
11.67174
12.432813
11.34435
11.127508
11.999128
11.67174
12.432813
11.67174
11.888581
13.08759
11.34435
11.34435
12.326517
11.34435
11.5611925
11.994876
11.238055
12.105423
12.54336
11.565443
12.105423
11.565443
11.888581
12.322266
11.67174
11.454897
10.689571
11.5611925
12.21597
11.888581
11.127508
12.760201
11.888581
12.54336
12.105423
11.5611925
12.21597
12.105423
11.34435
12.432813
11.34435
10.9106655
11.5611925
11.67174
11.454897
11.67174
12.105423
11.67174
11.016961
11.888581
11.454897
11.888581
12.432813
11.5611925
11.67174
12.432813
11.67174
11.127508
12.326517
12.432813
11.888581
12.21597
11.888581
11.454897
12.105423
11.782287
11.34435
11.34435
11.67174
11.999128
11.127508
11.999128
11.888581
11.67174
11.888581
11.5611925
11.888581
11.016961
11.238055
11.34435
11.888581
11.34435
11.127508
11.5611925
12.54336
11.67174
11.67174
11.238055
11.454897
12.105423
11.5611925
11.67174
11.5611925
11.565443
11.34435
11.888581
11.34435
11.5611925
11.233803
11.127508
11.450645
11.233803
11.67174
11.238055
12.21597
12.105423
10.800118
12.211719
11.888581
11.454897
12.539107
12.21597
11.454897
11.127508
12.432813
11.5611925
10.9106655
12.432813
11.67174
11.454897
11.778034
12.326517
11.888581
12.105423
12.109674
11.5611925
11.238055
11.782287
11.888581
11.127508
11.782287
12.322266
11.778034
11.888581
11.778034
10.9106655
11.34435
12.326517
11.34435
11.34435
11.67174
12.54336
11.34435
11.454897
12.21597
11.888581
12.105423
11.67174
11.34435
11.5611925
11.34435
11.016961
11.67174
11.999128
11.016961
12.105423
12.105423
11.782287
12.105423
11.67174
11.888581
12.322266
11.454897
12.21597
11.5611925
12.54336
11.5611925
10.800118
11.34435
11.127508
11.888581
12.432813
11.34435
11.999128
11.021213
11.782287
11.778034
11.999128
12.54336
11.778034
12.432813
10.9106655
11.782287
11.454897
11.888581
11.888581
11.34435
11.5611925
11.016961
12.105423
11.34435
11.999128
11.67174
11.565443
12.326517
12.322266
11.782287
12.21597
11.34435
11.999128
12.432813
11.67174
11.888581
11.888581
12.21597
11.67174
11.999128
12.21597
11.5611925
11.454897
11.67174
11.34435
11.454897
11.999128
12.322266
12.21597
11.454897
12.432813
11.888581
11.34435
11.454897
12.649654
12.21597
11.67174
11.778034
11.565443
11.888581
11.454897
12.432813
12.105423
12.109674
12.432813
11.5611925
11.782287
11.778034
11.782287
11.888581
12.322266
11.888581
12.432813
12.760201
11.782287
11.994876
11.454897
12.322266
11.67174
11.888581
11.888581
11.127508
12.21597
11.454897
11.454897
11.127508
12.326517
12.105423
11.34435
11.67174
12.432813
11.778034
11.67174
12.21597
12.105423
10.9106655
11.454897
12.105423
11.888581
11.5611925
12.322266
11.782287
11.34435
11.34435
11.888581
10.906414
12.760201
12.105423
11.233803
12.21597
11.34435
11.450645
11.888581
10.800118
11.5611925
12.21597
11.233803
11.888581
12.105423
11.888581
11.454897
12.21597
11.888581
12.54336
11.67174
11.999128
11.999128
12.432813
11.238055
11.34435
11.67174
11.5611925
11.454897
11.238055
11.233803
11.5611925
12.432813
11.999128
11.888581
11.67174
12.21597
10.9106655
11.67174
11.999128
11.67174
12.54336
12.322266
11.238055
11.454897
11.67174
12.21597
11.888581
11.34435
11.127508
11.888581
11.999128
11.34435
11.233803
12.21597
11.888581
10.800118
12.54336
12.322266
11.34435
11.782287
12.322266
11.127508
11.454897
12.105423
11.67174
11.999128
11.127508
11.999128
11.888581
12.322266
11.238055
12.54336
11.34435
11.5611925
11.999128
12.105423
11.233803
11.67174
11.888581
11.454897
11.454897
11.888581
10.583277
12.54336
11.67599
11.127508
11.999128
12.105423
12.54336
11.454897
11.888581
10.9106655
12.54336
11.238055
12.105423
11.782287
11.67174
11.5611925
11.67174
11.233803
12.21597
11.994876
11.127508
11.127508
11.782287
11.778034
11.34435
11.5611925
11.127508
11.454897
11.34435
11.888581
12.432813
11.888581
11.34435
11.67174
12.105423
12.326517
11.34435
11.67174
12.649654
11.454897
12.54336
11.782287
11.999128
11.016961
11.999128
11.454897
12.21597
12.105423
11.127508
11.450645
12.326517
11.5611925
11.67174
11.5611925
11.127508
11.238055
11.233803
12.432813
11.782287
11.454897
12.54336
11.888581
11.454897
10.800118
11.999128
12.322266
11.127508
11.888581
12.54336
11.5611925
11.999128
11.233803
11.238055
11.016961
10.800118
11.454897
11.34435
11.127508
11.454897
11.999128
11.67174
11.016961
12.54336
12.649654
11.67174
11.67174
11.67174
12.21597
11.778034
11.999128
11.778034
11.782287
12.105423
11.34435
11.67174
12.21597
11.999128
11.888581
11.34435
11.888581
11.888581
11.778034
11.888581
12.432813
11.450645
12.54336
11.999128
11.888581
11.450645
11.016961
11.782287
11.888581
12.649654
11.999128
11.127508
11.238055
11.454897
11.34435
11.34435
11.127508
11.127508
11.892833
11.5611925
11.5611925
11.888581
11.016961
11.34435
12.653906
11.67174
10.9106655
12.54336
12.105423
11.67174
11.999128
11.67174
10.906414
11.238055
12.432813
11.994876
11.888581
11.565443
12.105423
11.454897
11.238055
12.21597
11.778034
11.238055
11.67174
11.67174
12.105423
12.21597
11.454897
11.888581
11.454897
11.888581
10.800118
11.67174
11.34435
12.21597
12.432813
12.21597
11.016961
11.999128
11.888581
11.67174
11.67174
11.34435
11.127508
12.21597
11.127508
11.999128
11.5611925
11.888581
10.9106655
11.888581
12.105423
12.21597
11.888581
10.800118
11.238055
11.782287
11.450645
11.888581
12.54336
11.994876
10.9106655
11.888581
11.233803
11.454897
12.105423
12.105423
11.34435
11.67174
11.994876
11.67174
11.888581
11.782287
11.127508
11.999128
11.888581
10.9106655
11.67174
12.21597
11.454897
11.34435
12.21597
11.238055
11.233803
11.888581
12.21597
11.127508
11.67174
11.888581
12.105423
11.999128
11.5611925
11.888581
11.450645
11.454897
11.454897
12.21597
12.432813
12.105423
11.127508
11.778034
11.5611925
11.778034
12.21597
11.454897
11.34435
11.016961
12.109674
11.999128
11.34435
11.016961
12.322266
11.5611925
11.888581
12.21597
11.888581
10.9106655
11.5611925
12.21597
11.999128
11.5611925
11.127508
11.999128
11.778034
11.34435
11.778034
11.34435
11.127508
11.5611925
11.5611925
11.999128
11.888581
11.127508
12.21597
11.34435
12.649654
11.127508
11.782287
11.67174
11.67174
12.21597
12.21597
11.127508
11.565443
11.778034
11.67174
11.67174
12.105423
11.238055
11.67174
11.34435
11.782287
11.67174
11.5611925
11.782287
11.782287
11.454897
11.888581
11.782287
11.994876
10.800118
11.5611925
12.649654
11.127508
11.888581
11.454897
11.127508
12.54336
11.778034
11.127508
11.782287
11.778034
11.016961
11.888581
11.888581
11.34435
11.127508
12.105423
11.999128
12.21597
11.127508
11.888581
11.888581
11.999128
11.5611925
12.105423
12.21597
11.67174
11.016961
11.67174
12.326517
11.127508
12.21597
12.105423
10.800118
11.888581
11.34435
11.450645
12.21597
11.888581
11.016961
11.67174
11.888581
11.5611925
11.67174
12.105423
11.454897
12.21597
11.67174
11.34435
11.67174
11.999128
12.105423
11.233803
12.432813
11.67174
12.21597
11.67174
12.105423
11.454897
11.67174
11.994876
11.999128
11.778034
12.105423
11.999128
11.667487
11.888581
11.778034
10.9106655
11.999128
12.21597
11.999128
11.34435
11.016961
11.999128
11.67174
11.999128
12.21597
12.105423
11.127508
11.999128
10.9106655
11.454897
12.432813
11.454897
12.322266
12.432813
11.5611925
11.127508
11.888581
11.454897
12.105423
11.67174
11.67174
11.67174
12.760201
11.782287
11.5611925
12.54336
11.5611925
11.5611925
11.888581
11.67174
11.778034
11.454897
11.999128
12.432813
11.454897
11.454897
12.649654
11.127508
11.782287
12.105423
10.9106655
11.34435
12.105423
12.54336
11.778034
11.34435
11.127508
11.67174
12.21597
11.782287
11.888581
12.54336
11.450645
11.67174
11.778034
11.127508
12.21597
11.888581
11.888581
11.127508
11.5611925
11.238055
11.999128
11.34435
11.238055
11.999128
12.437064
12.322266
11.999128
11.778034
11.67174
11.34435
11.778034
11.5611925
11.67174
12.21597
11.888581
11.454897
11.999128
12.105423
11.888581
12.109674
11.5611925
12.105423
11.67174
12.432813
12.322266
12.105423
11.454897
11.34435
12.21597
11.565443
11.888581
12.432813
12.21597
11.888581
11.565443
11.782287
11.5611925
11.34435
11.999128
12.21597
11.888581
12.21597
11.34435
11.238055
11.454897
11.127508
11.67174
11.778034
11.450645
11.888581
11.888581
10.800118
11.34435
11.778034
10.9106655
12.432813
12.105423
10.9106655
12.432813
11.888581
11.454897
11.67174
12.760201
11.34435
11.454897
12.21597
11.888581
11.127508
11.238055
11.67174
11.127508
12.649654
11.450645
11.67174
11.778034
11.5611925
11.34435
11.34435
12.432813
11.67174
10.800118
11.999128
11.34435
12.21597
12.105423
11.999128
12.21597
12.105423
12.105423
11.454897
11.67174
10.689571
11.888581
11.127508
12.105423
11.782287
12.21597
11.34435
11.782287
11.016961
12.21597
12.649654
11.454897
10.9106655
11.454897
11.67174
11.67174
11.016961
11.999128
12.105423
11.999128
11.34435
12.322266
11.016961
11.999128
11.67174
11.782287
12.649654
11.34435
11.67174
12.21597
12.432813
12.21597
11.233803
11.888581
12.649654
11.999128
11.778034
11.454897
11.994876
11.34435
12.21597
12.322266
11.999128
11.5611925
11.450645
11.34435
11.999128
11.233803
11.34435
12.105423
11.34435
12.21597
11.34435
11.67174
12.326517
11.888581
12.21597
11.454897
11.127508
11.778034
10.800118
11.67174
11.34435
12.21597
11.34435
11.454897
11.450645
10.9106655
11.888581
11.67174
11.67174
10.906414
12.54336
11.778034
11.67174
12.105423
12.326517
11.782287
12.105423
12.326517
11.127508
11.67174
12.54336
11.34435
11.782287
11.233803
11.999128
11.778034
11.34435
12.54336
11.34435
12.21597
11.454897
11.454897
11.238055
11.34435
11.127508
11.888581
11.454897
11.5611925
11.782287
11.454897
11.888581
10.9106655
12.21597
12.21597
12.105423
11.454897
11.888581
11.67174
12.21597
11.34435
11.782287
11.67174
11.5611925
11.782287
12.21597
11.888581
12.21597
12.21597
11.888581
11.999128
11.67174
10.800118
11.888581
12.21597
11.67174
11.5611925
11.454897
11.888581
11.454897
11.127508
12.21597
11.888581
10.9106655
12.21597
12.21597
11.565443
12.432813
11.5611925
11.454897
11.5611925
11.34435
12.105423
11.127508
11.454897
11.778034
11.127508
12.760201
12.432813
11.888581
11.67174
11.67174
11.782287
11.127508
11.778034
11.127508
12.432813
12.322266
11.888581
11.67174
12.105423
11.454897
11.5611925
11.34435
11.999128
11.67174
11.34435
11.888581
11.888581
12.105423
11.999128
12.432813
11.999128
10.906414
10.800118
11.782287
11.778034
12.105423
11.67174
11.5611925
11.454897
11.238055
12.105423
10.9106655
12.432813
11.67174
12.322266
11.454897
10.47273
11.67174
11.5611925
11.5611925
11.67174
11.782287
12.326517
11.778034
12.432813
11.67174
12.105423
11.5611925
11.34435
11.67174
11.67174
12.326517
11.127508
12.109674
11.778034
11.016961
12.326517
12.211719
11.127508
11.999128
11.454897
11.67174
11.67174
11.5611925
11.454897
12.649654
12.322266
10.9106655
12.21597
12.105423
11.127508
11.565443
11.778034
11.238055
11.778034
11.5611925
11.565443
11.888581
12.105423
11.454897
11.67174
12.21597
11.127508
11.67174
11.67174
11.888581
12.21597
11.34435
11.233803
11.127508
11.782287
11.016961
12.21597
12.21597
11.888581
11.67174
11.888581
12.105423
11.565443
12.432813
11.34435
11.016961
11.34435
11.888581
11.34435
11.34435
12.432813
11.233803
11.778034
12.326517
11.454897
11.127508
11.34435
11.67174
11.233803
11.67174
11.454897
11.888581
12.54336
11.233803
11.34435
12.21597
11.778034
10.255888
11.454897
12.105423
11.233803
11.999128
11.450645
11.454897
10.906414
12.432813
11.233803
11.238055
11.5611925
11.233803
11.016961
11.67174
11.34435
10.800118
12.105423
11.450645
11.454897
12.326517
11.778034
10.583277
11.67174
11.67174
11.67174
11.34435
12.105423
10.9106655
11.782287
12.21597
11.238055
11.778034
11.5611925
10.9106655
11.34435
11.34435
11.016961
11.778034
11.454897
11.999128
11.233803
11.127508
12.21597
10.47273
12.21597
12.105423
11.67174
12.21597
11.454897
11.67174
11.233803
11.34435
11.454897
11.888581
11.888581
11.888581
11.454897
11.782287
11.34435
11.233803
11.999128
12.432813
11.67174
12.105423
11.454897
12.105423
12.21597
12.105423
11.238055
11.782287
11.34435
12.105423
11.999128
12.105423
11.127508
12.21597
11.778034
11.67174
12.21597
11.34435
11.999128
11.67174
11.450645
11.5611925
11.888581
11.782287
10.800118
12.109674
11.34435
10.9106655
12.21597
11.888581
11.34435
11.348601
11.233803
11.5611925
11.238055
11.454897
11.778034
11.565443
11.34435
11.34435
11.454897
11.34435
11.016961
11.67174
12.322266
11.34435
11.34435
11.994876
11.67174
11.67174
11.778034
11.67174
12.21597
12.21597
10.9106655
11.454897
11.021213
11.782287
11.34435
10.9106655
11.565443
12.105423
12.322266
11.34435
11.34435
11.5611925
12.21597
11.67174
11.454897
12.105423
11.34435
12.54336
11.34435
11.450645
11.127508
12.105423
11.782287
12.322266
11.238055
11.999128
11.454897
11.999128
11.5611925
11.888581
11.238055
11.5611925
11.778034
11.67174
11.999128
12.105423
11.999128
11.999128
12.105423
11.67174
11.67174
12.105423
11.127508
12.21597
11.127508
11.454897
11.888581
11.888581
11.778034
11.999128
12.432813
10.800118
11.999128
11.67174
11.127508
11.454897
11.5611925
11.778034
12.21597
12.322266
10.583277
11.67174
11.5611925
10.9106655
11.34435
11.454897
11.454897
11.67174
11.67174
12.21597
11.67174
11.127508
10.9106655
12.21597
11.016961
10.9106655
11.67174
11.888581
12.21597
11.454897
12.105423
12.21597
11.34435
12.21597
11.667487
11.021213
11.127508
11.888581
11.999128
11.34435
11.454897
11.888581
11.34435
12.54336
11.888581
11.782287
11.782287
11.888581
11.888581
11.67174
11.778034
11.999128
11.67174
11.5611925
11.67174
11.778034
11.565443
11.5611925
11.016961
11.67174
11.5611925
11.888581
10.906414
11.888581
11.34435
11.994876
11.999128
11.778034
11.67174
11.888581
11.5611925
11.34435
11.34435
12.21597
11.454897
11.233803
11.782287
12.432813
12.322266
11.778034
11.67174
11.888581
12.326517
11.999128
10.9106655
12.322266
11.454897
11.999128
11.34435
11.67174
11.778034
11.888581
11.67174
12.432813
11.888581
12.109674
11.778034
11.999128
11.999128
11.888581
11.999128
11.5611925
11.238055
12.105423
11.999128
11.999128
12.105423
11.888581
11.67174
11.778034
11.565443
11.888581
11.34435
11.5611925
11.888581
11.67174
11.782287
11.5611925
10.9106655
11.5611925
12.21597
11.67174
10.800118
12.649654
12.105423
12.21597
11.67174
11.5611925
11.67174
11.565443
11.994876
11.34435
11.999128
11.778034
11.565443
11.233803
11.67174
11.127508
11.34435
11.999128
11.778034
10.800118
11.233803
11.888581
11.67174
11.778034
12.54336
12.326517
12.21597
11.016961
11.454897
12.432813
11.782287
11.999128
11.778034
11.999128
11.127508
11.454897
11.5611925
10.9106655
11.888581
11.5611925
12.105423
11.782287
11.5611925
12.432813
11.888581
11.67174
11.5611925
11.454897
11.5611925
10.583277
11.5611925
12.326517
11.67174
11.888581
11.34435
11.778034
12.105423
11.888581
11.67174
11.888581
11.127508
12.21597
11.34435
11.888581
11.67174
12.105423
10.9106655
11.5611925
11.016961
11.127508
11.34435
12.326517
11.67174
11.5611925
12.54336
11.5611925
11.888581
12.21597
12.105423
11.999128
11.67174
11.016961
11.782287
11.5611925
12.21597
11.238055
11.34435
11.454897
12.21597
11.5611925
12.105423
11.127508
11.5611925
12.21597
11.34435
11.888581
11.34435
11.454897
11.454897
12.105423
11.5611925
11.67174
12.322266
11.67174
11.34435
11.778034
11.67174
11.454897
11.127508
11.67174
11.67174
10.9106655
12.54336
11.5611925
11.127508
12.21597
12.432813
10.800118
11.782287
11.67174
10.9106655
11.782287
12.105423
11.888581
12.105423
12.105423
11.127508
12.760201
12.105423
11.888581
12.105423
11.454897
11.34435
10.47273
11.67174
12.105423
11.454897
12.432813
11.782287
11.888581
11.127508
11.782287
12.21597
11.123256
12.109674
11.233803
12.326517
12.105423
12.21597
11.34435
11.34435
11.34435
12.432813
11.888581
12.54336
11.67174
11.233803
11.454897
11.34435
11.233803
11.454897
11.778034
11.888581
11.67174
11.892833
11.67174
11.67174
11.778034
11.888581
12.326517
12.21597
11.5611925
12.54336
11.454897
10.9106655
11.34435
11.34435
11.999128
11.999128
11.34435
10.9106655
12.21597
11.888581
11.565443
11.994876
11.888581
11.454897
11.67174
12.105423
11.67174
11.454897
11.450645
11.127508
11.782287
11.67174
11.34435
11.888581
11.233803
11.67174
11.888581
11.888581
11.454897
11.34435
12.105423
11.67174
11.67174
11.34435
11.782287
11.016961
11.67174
11.67174
11.233803
11.34435
11.127508
11.994876
11.454897
11.127508
11.67174
12.21597
11.888581
11.34435
11.67174
11.67174
11.34435
11.454897
11.888581
11.67174
11.127508
11.67174
11.34435
12.54336
12.322266
11.34435
11.999128
11.888581
11.238055
11.34435
11.233803
12.105423
11.67174
12.105423
11.999128
11.67174
11.5611925
11.888581
11.5611925
11.34435
12.326517
11.348601
11.34435
10.9106655
12.326517
11.016961
12.105423
11.454897
11.5611925
11.238055
11.450645
11.5611925
11.67174
10.800118
11.67174
11.5611925
10.800118
11.67174
11.450645
11.127508
11.782287
11.778034
11.016961
11.454897
11.34435
11.67174
11.454897
11.888581
11.888581
11.782287
12.322266
11.67174
11.34435
11.67174
11.782287
11.67174
11.34435
11.238055
11.67174
11.888581
10.800118
12.432813
12.21597
11.127508
11.5611925
12.432813
12.649654
11.127508
11.67174
11.999128
11.67174
12.432813
11.999128
11.127508
11.34435
12.105423
11.454897
11.888581
11.127508
11.782287
11.888581
11.454897
11.454897
11.34435
11.67174
11.454897
11.67174
11.450645
11.34435
11.999128
12.21597
12.105423
12.54336
11.5611925
10.9106655
12.326517
11.5611925
11.5611925
12.432813
11.016961
11.778034
11.888581
11.238055
11.34435
11.127508
11.127508
11.34435
11.348601
12.21597
11.016961
11.67174
11.454897
10.689571
11.233803
11.888581
11.34435
11.67174
11.778034
11.016961
11.67174
11.34435
11.67174
11.454897
11.5611925
10.800118
12.54336
12.432813
11.127508
11.016961
12.21597
10.906414
11.565443
11.782287
12.105423
11.994876
11.5611925
11.888581
11.238055
11.67174
11.233803
11.888581
11.888581
12.21597
11.34435
11.565443
11.34435
12.105423
11.238055
11.016961
11.34435
12.432813
11.127508
11.5611925
12.432813
10.9106655
11.67174
11.994876
10.800118
12.870748
11.450645
10.689571
12.326517
12.54336
12.105423
11.127508
12.649654
12.322266
11.127508
12.105423
11.888581
11.127508
11.127508
11.5611925
11.999128
11.233803
12.21597
11.238055
11.5611925
12.21597
11.127508
11.888581
11.67174
11.888581
11.67174
11.454897
12.21597
11.34435
12.21597
12.432813
11.888581
11.238055
11.34435
11.782287
11.782287
11.778034
10.906414
11.565443
12.760201
11.127508
11.892833
12.322266
11.5611925
11.454897
12.105423
11.016961
12.21597
12.322266
11.016961
12.54336
11.888581
11.888581
11.34435
12.539107
11.782287
11.67174
11.5611925
11.782287
11.778034
11.888581
11.67174
11.016961
12.432813
11.233803
11.127508
11.127508
10.800118
11.999128
11.667487
11.454897
11.888581
11.67174
12.432813
11.454897
11.999128
12.105423
11.999128
11.888581
11.34435
12.54336
10.800118
11.67174
11.5611925
11.016961
12.432813
12.105423
11.238055
11.5611925
12.105423
11.5611925
11.5611925
11.454897
11.127508
10.800118
11.565443
11.778034
11.016961
11.454897
11.34435
11.999128
11.34435
12.21597
10.9106655
11.34435
11.238055
11.67174
12.105423
11.888581
11.888581
11.016961
11.238055
11.34435
11.778034
11.67174
12.105423
11.34435
12.870748
11.34435
12.326517
12.105423
11.127508
11.34435
11.888581
12.21597
12.105423
11.233803
11.999128
11.67174
11.127508
11.999128
11.778034
11.999128
11.67174
10.9106655
12.54336
11.454897
12.432813
12.21597
11.888581
11.67174
12.105423
11.454897
11.778034
12.649654
11.67174
11.888581
11.454897
11.67174
11.5611925
12.326517
11.778034
12.21597
11.016961
12.326517
11.123256
11.999128
11.5611925
11.016961
11.999128
11.34435
12.653906
12.105423
11.999128
12.432813
11.34435
11.5611925
12.105423
11.888581
11.67174
11.782287
11.999128
11.34435
11.5611925
12.105423
11.233803
12.432813
11.67174
11.67174
11.994876
11.454897
12.105423
12.21597
12.326517
11.67174
11.021213
11.67174
12.21597
11.999128
11.999128
12.21597
11.5611925
11.127508
11.67174
10.9106655
11.5611925
11.016961
11.454897
12.105423
11.67174
11.454897
11.34435
12.21597
12.105423
11.34435
11.565443
11.127508
11.34435
11.888581
12.326517
11.778034
11.34435
11.5611925
10.800118
11.454897
12.21597
10.800118
11.450645
12.105423
12.326517
11.888581
11.34435
11.999128
11.34435
11.782287
11.888581
11.016961
12.54336
11.123256
11.238055
12.105423
11.5611925
12.21597
12.105423
11.67174
11.454897
11.888581
12.21597
11.5611925
11.565443
12.21597
11.5611925
10.9106655
12.54336
11.5611925
10.800118
11.127508
12.322266
11.888581
12.326517
11.778034
11.888581
11.454897
11.778034
11.67174
12.432813
11.5611925
11.778034
12.21597
12.105423
11.238055
12.21597
12.21597
10.9106655
11.34435
11.34435
11.888581
12.21597
12.21597
11.016961
11.5611925
11.34435
11.999128
12.326517
11.34435
11.021213
11.67174
10.906414
11.34435
11.67174
11.67174
10.9106655
12.105423
11.778034
11.5611925
11.888581
11.888581
11.67174
11.233803
11.888581
11.778034
11.67174
11.34435
12.105423
11.67174
11.127508
11.67174
11.888581
10.689571
12.437064
11.5611925
11.34435
11.782287
11.233803
10.9106655
11.67174
11.888581
11.454897
11.999128
12.21597
12.326517
11.67174
11.778034
11.782287
11.454897
11.667487
11.238055
11.5611925
12.105423
11.888581
11.778034
11.454897
12.105423
11.5611925
11.999128
12.105423
11.454897
11.34435
11.238055
11.5611925
11.454897
12.21597
11.5611925
11.782287
11.888581
11.238055
12.21597
12.105423
11.67174
11.127508
11.127508
11.888581
11.454897
12.760201
11.127508
12.105423
12.105423
11.34435
11.123256
12.653906
11.778034
11.450645
11.127508
11.67174
11.67174
11.888581
11.888581
11.5611925
11.999128
11.888581
11.127508
12.54336
11.34435
11.34435
12.21597
12.105423
11.888581
11.888581
11.450645
11.454897
12.432813
12.54336
11.67174
12.21597
12.21597
11.67174
12.21597
11.34435
12.21597
11.016961
12.105423
11.888581
11.016961
12.432813
12.21597
11.238055
12.21597
11.5611925
11.565443
11.454897
10.9106655
11.888581
11.34435
11.34435
12.54336
11.34435
11.565443
11.34435
12.322266
11.454897
11.999128
11.5611925
12.105423
11.34435
11.888581
11.5611925
11.127508
12.21597
11.34435
11.34435
11.888581
11.34435
11.454897
11.67174
11.34435
11.454897
11.778034
11.454897
12.760201
11.778034
12.21597
11.888581
11.233803
12.432813
11.67174
11.888581
11.34435
12.109674
12.322266
10.800118
12.760201
11.5611925
11.016961
11.34435
11.778034
11.888581
11.238055
11.123256
11.016961
12.326517
11.888581
11.454897
11.34435
12.432813
11.34435
12.21597
11.999128
11.5611925
12.21597
11.34435
11.127508
11.67174
12.322266
11.238055
12.54336
11.123256
11.67174
11.233803
12.432813
11.565443
11.127508
12.105423
10.583277
12.432813
11.454897
11.34435
11.016961
12.105423
12.21597
11.34435
11.782287
12.21597
11.454897
11.782287
11.454897
10.9106655
11.450645
11.999128
11.999128
11.34435
11.778034
12.105423
11.999128
11.5611925
11.67174
11.454897
11.454897
11.888581
11.888581
11.016961
11.34435
12.432813
10.583277
11.67174
11.450645
11.127508
12.109674
12.21597
10.583277
11.67174
12.760201
11.67174
12.21597
12.105423
11.127508
11.5611925
11.888581
11.888581
11.016961
11.34435
11.888581
11.782287
11.778034
11.67174
11.34435
10.583277
12.109674
11.778034
10.9106655
11.888581
11.888581
11.34435
11.67174
12.54336
11.5611925
11.5611925
12.54336
10.9106655
11.67174
11.5611925
11.888581
11.34435
10.9106655
12.105423
11.34435
11.999128
11.127508
11.34435
11.67174
10.906414
12.21597
12.105423
11.67174
11.67174
11.233803
11.888581
11.233803
11.454897
11.67174
11.34435
11.67174
11.778034
11.999128
12.105423
11.67174
11.454897
11.34435
11.016961
11.454897
12.105423
11.34435
11.565443
11.34435
11.233803
10.800118
11.5611925
11.34435
11.127508
11.016961
11.127508
11.999128
11.994876
11.016961
11.454897
11.67174
12.432813
12.105423
11.454897
11.5611925
11.888581
10.689571
11.454897
12.105423
10.800118
11.888581
11.233803
11.238055
12.21597
11.888581
11.888581
11.238055
11.233803
11.127508
11.5611925
11.34435
11.888581
11.016961
11.127508
11.778034
11.016961
12.322266
11.67174
11.999128
11.016961
11.454897
11.34435
11.5611925
12.21597
12.109674
11.454897
11.238055
12.54336
11.782287
11.454897
12.432813
11.67174
11.127508
11.5611925
10.800118
11.888581
12.432813
11.67174
11.454897
12.21597
11.888581
11.778034
12.326517
11.778034
11.016961
11.67174
12.21597
12.105423
10.583277
11.782287
12.105423
11.67174
11.233803
12.653906
11.778034
11.127508
11.565443
11.5611925
11.34435
10.906414
11.34435
12.326517
11.888581
12.326517
11.67174
12.21597
11.127508
11.67174
11.5611925
11.238055
11.67174
12.21597
12.326517
11.5611925
11.999128
11.888581
11.454897
11.888581
11.34435
11.127508
11.34435
11.888581
11.454897
11.450645
12.21597
11.994876
11.999128
11.127508
11.016961
12.109674
11.34435
10.800118
12.432813
10.9106655
11.127508
11.34435
11.454897
11.5611925
10.47273
11.5611925
12.21597
11.67174
10.689571
12.432813
11.233803
11.127508
11.778034
11.67174
12.21597
11.233803
11.34435
12.105423
11.34435
10.800118
11.016961
12.432813
11.016961
11.34435
11.34435
11.778034
11.021213
12.322266
11.454897
11.67174
11.888581
12.105423
11.888581
11.5611925
11.888581
11.016961
11.999128
11.454897
12.105423
12.105423
10.9106655
11.888581
11.782287
12.105423
11.999128
11.5611925
12.21597
11.454897
11.127508
11.34435
11.5611925
11.127508
12.326517
11.994876
11.021213
12.54336
11.67174
11.67174
12.432813
11.34435
11.454897
11.67174
12.432813
11.127508
12.21597
11.888581
11.888581
11.34435
11.565443
12.649654
10.800118
11.454897
12.322266
11.999128
11.888581
12.432813
11.67174
11.123256
11.565443
11.67174
11.233803
12.649654
11.454897
11.127508
11.34435
11.778034
11.238055
12.21597
12.105423
11.999128
12.326517
11.127508
11.888581
11.782287
12.21597
11.888581
11.999128
11.67174
12.21597
11.67174
11.454897
12.54336
11.454897
11.34435
12.326517
12.54336
11.34435
11.67174
12.105423
11.016961
11.34435
12.105423
12.322266
11.782287
11.454897
11.782287
11.127508
11.016961
11.454897
11.999128
11.994876
11.016961
11.34435
11.454897
11.021213
11.888581
11.999128
11.888581
11.778034
12.21597
11.016961
11.34435
11.67174
12.21597
11.233803
11.999128
12.649654
10.9106655
12.326517
12.105423
10.800118
12.21597
11.888581
11.454897
11.782287
12.21597
11.238055
11.778034
11.5611925
11.021213
12.21597
12.105423
11.5611925
12.54336
11.67174
11.782287
11.999128
12.105423
11.127508
12.432813
11.450645
11.5611925
12.432813
12.105423
11.999128
12.105423
11.888581
11.127508
11.67174
12.649654
11.67174
11.238055
11.67174
11.34435
12.21597
11.67174
11.016961
11.454897
11.67174
10.800118
12.21597
11.67174
11.233803
12.54336
11.34435
11.127508
11.127508
12.105423
12.432813
11.34435
12.21597
11.888581
11.67174
11.67174
12.21597
11.888581
12.326517
11.5611925
11.888581
11.999128
11.5611925
11.34435
11.888581
11.454897
11.454897
12.21597
11.999128
11.5611925
11.233803
11.67174
11.778034
12.322266
12.21597
11.5611925
11.34435
11.34435
12.21597
11.888581
11.016961
11.238055
11.5611925
10.800118
11.999128
11.5611925
10.9106655
11.778034
12.322266
11.016961
11.67174
11.67174
11.016961
11.34435
11.450645
11.127508
11.454897
12.432813
11.5611925
12.432813
12.109674
11.778034
11.888581
11.999128
11.34435
11.450645
11.999128
11.34435
11.233803
11.127508
12.432813
11.778034
10.800118
11.888581
12.105423
11.127508
12.54336
12.105423
10.9106655
11.67174
11.34435
11.888581
12.21597
11.5611925
11.127508
12.54336
12.105423
10.800118
11.782287
12.322266
10.9106655
11.454897
12.105423
11.127508
12.653906
11.888581
11.34435
11.454897
11.5611925
11.34435
11.34435
12.432813
11.127508
12.21597
12.322266
11.454897
11.999128
11.888581
12.539107
10.9106655
11.67174
12.432813
11.34435
11.34435
11.34435
11.888581
11.34435
12.105423
10.800118
11.782287
12.105423
11.999128
12.105423
11.888581
11.454897
12.105423
11.016961
11.782287
12.432813
11.34435
11.999128
11.67174
11.127508
10.800118
12.105423
11.34435
11.67174
12.105423
11.34435
10.9106655
11.34435
11.238055
11.67174
11.778034
11.454897
11.454897
12.432813
12.105423
11.782287
11.778034
11.34435
11.34435
11.778034
11.34435
11.454897
11.5611925
11.5611925
10.583277
11.34435
11.5611925
11.5611925
12.21597
11.667487
11.454897
11.888581
12.322266
11.34435
11.999128
11.888581
10.47273
11.999128
11.5611925
10.9106655
12.54336
12.21597
12.105423
11.34435
11.5611925
11.34435
11.233803
12.21597
11.999128
11.5611925
12.326517
11.34435
11.233803
12.21597
11.778034
11.238055
11.454897
12.105423
11.67174
11.5611925
12.322266
11.888581
12.105423
11.34435
11.67174
12.105423
12.105423
11.34435
12.21597
11.34435
11.67174
11.999128
12.326517
11.233803
10.800118
12.54336
11.667487
11.67174
11.999128
11.888581
11.888581
11.238055
11.454897
11.34435
11.016961
11.5611925
12.322266
12.21597
12.109674
11.999128
12.432813
11.127508
11.999128
11.5611925
11.67174
12.21597
11.233803
11.454897
11.999128
11.67174
11.67174
11.888581
12.21597
11.999128
11.67174
11.238055
11.34435
11.34435
11.5611925
11.782287
12.322266
10.800118
12.54336
12.322266
11.999128
11.888581
11.34435
10.693824
12.326517
11.016961
11.778034
11.454897
11.999128
11.233803
11.34435
11.123256
12.21597
11.34435
10.800118
11.67174
11.34435
11.999128
12.54336
11.34435
11.999128
11.34435
11.888581
12.432813
11.5611925
11.782287
11.999128
12.432813
10.800118
12.21597
11.233803
11.450645
12.105423
11.5611925
11.454897
11.778034
11.454897
12.105423
11.34435
11.67174
11.67174
10.800118
11.888581
11.888581
12.105423
11.888581
11.994876
12.21597
12.322266
12.432813
11.34435
11.016961
11.565443
11.5611925
11.127508
12.109674
11.34435
11.238055
12.105423
11.016961
12.109674
11.127508
12.21597
11.34435
11.67174
11.999128
12.21597
11.34435
11.454897
11.34435
12.105423
12.21597
11.5611925
11.454897
11.67174
12.21597
11.233803
11.233803
12.21597
11.5611925
11.888581
11.999128
11.888581
11.999128
12.105423
10.47273
11.127508
11.34435
11.888581
10.689571
11.5611925
11.34435
11.67174
11.999128
12.432813
11.999128
12.21597
11.233803
11.34435
12.21597
12.326517
11.233803
11.67174
11.127508
11.67174
11.778034
11.238055
11.5611925
11.888581
11.5611925
11.454897
12.105423
12.432813
11.67174
10.366435
12.21597
12.322266
11.999128
11.999128
11.34435
11.238055
12.21597
12.322266
11.782287
12.21597
12.432813
11.34435
11.782287
11.778034
11.233803
11.238055
11.34435
11.67174
11.5611925
11.565443
11.67174
12.432813
11.454897
11.5611925
11.778034
11.67174
12.109674
11.67174
11.778034
12.21597
11.450645
11.5611925
11.994876
11.999128
11.67174
11.5611925
11.127508
11.127508
12.649654
12.105423
11.016961
12.326517
11.888581
11.127508
11.999128
11.454897
11.778034
11.5611925
10.9106655
11.34435
11.999128
10.9106655
11.778034
11.67174
11.233803
11.667487
10.800118
11.34435
12.105423
11.127508
12.105423
11.5611925
11.888581
11.67174
11.5611925
11.67174
11.454897
12.322266
11.888581
11.782287
11.888581
11.34435
11.782287
11.67174
11.34435
11.888581
11.5611925
11.5611925
11.565443
11.016961
11.778034
11.450645
11.34435
10.9106655
11.782287
11.888581
11.778034
11.67174
12.326517
11.450645
12.21597
11.34435
11.5611925
11.888581
11.67174
11.34435
11.782287
11.999128
11.34435
12.54336
10.800118
10.800118
11.782287
11.34435
11.5611925
11.67174
12.322266
12.21597
11.67174
11.67174
11.454897
11.888581
11.454897
10.693824
11.450645
11.999128
11.999128
10.800118
11.454897
12.322266
11.233803
11.888581
11.450645
11.127508
11.67174
11.888581
11.450645
11.5611925
11.999128
11.5611925
11.34435
11.67174
11.34435
11.888581
11.782287
11.127508
11.888581
11.454897
11.888581
11.127508
11.999128
11.565443
11.233803
11.454897
11.127508
11.127508
12.21597
11.565443
11.450645
11.888581
11.34435
11.450645
11.999128
12.105423
11.127508
11.454897
11.5611925
11.67174
11.454897
11.778034
11.34435
11.127508
12.432813
11.450645
12.326517
12.21597
11.34435
11.454897
11.123256
11.782287
12.760201
11.667487
11.127508
11.67174
11.5611925
11.016961
11.999128
11.778034
11.778034
12.21597
11.67174
11.127508
11.782287
12.105423
11.999128
11.34435
11.888581
11.999128
12.21597
12.21597
11.5611925
11.888581
11.34435
11.127508
12.432813
11.5611925
11.999128
11.888581
12.105423
11.238055
11.778034
11.34435
11.782287
11.5611925
12.432813
11.782287
11.67174
12.21597
12.326517
12.326517
11.67174
11.67174
12.326517
12.105423
12.21597
12.432813
11.454897
11.782287
12.432813
11.888581
10.800118
11.888581
11.778034
11.238055
11.888581
11.34435
11.34435
11.016961
11.67174
11.34435
11.127508
11.888581
12.760201
10.583277
11.888581
11.782287
11.016961
11.67174
11.233803
11.67174
11.999128
12.539107
11.888581
12.105423
11.127508
11.454897
11.999128
12.21597
11.999128
11.233803
11.999128
11.888581
12.105423
12.54336
11.994876
11.238055
11.34435
11.888581
10.693824
11.999128
11.778034
11.127508
11.67174
12.105423
10.800118
12.432813
11.888581
10.583277
11.67174
11.778034
10.800118
11.67174
11.778034
11.021213
11.888581
11.888581
11.782287
12.21597
11.5611925
11.888581
12.105423
11.67174
11.67174
11.34435
11.127508
11.233803
11.454897
12.21597
11.778034
11.34435
11.782287
12.105423
11.999128
11.999128
11.016961
11.565443
11.778034
11.016961
11.238055
11.67174
11.67174
11.454897
12.539107
11.123256
11.999128
11.888581
10.800118
11.999128
11.450645
11.888581
12.326517
11.778034
11.127508
12.432813
11.778034
11.34435
11.34435
12.322266
11.34435
11.67174
11.233803
12.322266
11.782287
11.5611925
12.105423
11.454897
11.34435
11.238055
11.127508
11.888581
12.21597
11.454897
11.5611925
11.888581
11.782287
11.127508
11.34435
11.34435
11.016961
11.34435
11.782287
11.888581
11.016961
11.34435
11.67174
11.5611925
11.34435
11.782287
12.322266
11.454897
11.5611925
11.454897
12.21597
11.778034
11.565443
11.888581
10.800118
11.34435
11.450645
11.016961
12.21597
12.105423
11.888581
12.21597
11.67174
11.016961
11.782287
12.432813
11.127508
11.454897
11.450645
11.454897
12.21597
11.888581
12.105423
11.127508
12.21597
11.5611925
11.5611925
11.34435
11.454897
10.800118
10.693824
12.432813
11.67174
11.782287
11.888581
11.994876
11.127508
11.778034
11.888581
11.34435
11.238055
11.233803
12.105423
12.105423
11.454897
11.892833
11.999128
11.34435
11.5611925
11.454897
11.34435
11.999128
11.999128
12.21597
11.565443
11.233803
11.782287
12.105423
12.54336
11.454897
11.888581
12.322266
12.105423
12.539107
11.34435
12.105423
11.67174
12.21597
11.450645
11.67174
11.450645
10.9106655
11.999128
11.5611925
11.454897
11.888581
11.782287
11.778034
11.67174
12.105423
11.67174
11.888581
11.127508
12.54336
11.999128
11.127508
11.999128
11.233803
11.454897
12.54336
12.105423
11.778034
11.016961
11.67174
11.5611925
11.454897
11.778034
12.432813
11.454897
11.888581
11.999128
12.105423
11.888581
11.34435
11.454897
11.999128
11.127508
12.105423
11.34435
11.34435
11.888581
11.5611925
11.5611925
11.888581
11.888581
12.21597
11.994876
11.34435
11.016961
11.016961
11.233803
10.800118
11.565443
11.5611925
11.127508
11.888581
12.105423
11.238055
11.994876
11.999128
11.778034
11.67174
11.016961
11.888581
11.233803
11.67174
11.67174
11.782287
11.5611925
11.67174
12.432813
11.999128
11.67174
12.21597
11.454897
11.778034
11.238055
12.432813
11.34435
11.454897
11.67174
11.34435
11.454897
12.21597
11.5611925
12.105423
11.454897
11.34435
10.689571
11.888581
11.238055
11.127508
12.21597
12.432813
11.5611925
11.127508
11.67174
11.454897
10.693824
11.888581
12.105423
12.109674
11.34435
11.888581
11.778034
10.800118
11.565443
11.5611925
11.782287
12.21597
12.105423
10.800118
11.778034
11.450645
11.127508
11.778034
11.34435
11.34435
11.999128
11.5611925
11.34435
11.888581
11.888581
11.782287
11.782287
11.233803
10.9106655
11.888581
12.105423
11.34435
12.109674
11.778034
11.67174
11.782287
11.016961
11.67174
12.432813
11.778034
11.5611925
11.233803
11.782287
11.999128
10.906414
11.999128
12.21597
11.34435
12.109674
12.432813
11.127508
11.565443
12.21597
10.689571
12.326517
11.5611925
10.800118
12.21597
11.888581
11.34435
11.5611925
11.5611925
11.127508
11.233803
11.34435
11.5611925
11.233803
11.5611925
12.322266
11.127508
11.565443
11.5611925
11.888581
12.326517
11.999128
11.34435
11.888581
11.888581
11.5611925
10.583277
12.326517
12.105423
11.67174
12.105423
11.999128
11.238055
10.906414
11.238055
12.105423
11.348601
11.34435
12.21597
11.454897
10.800118
12.21597
11.016961
11.348601
12.21597
12.21597
12.649654
11.778034
12.870748
11.5611925
11.782287
12.760201
12.432813
11.021213
11.34435
11.454897
11.127508
11.888581
11.67174
11.67174
11.233803
11.888581
11.5611925
11.016961
12.21597
11.34435
12.322266
11.888581
12.326517
11.888581
11.67174
12.21597
12.54336
11.999128
11.127508
11.888581
11.454897
11.016961
12.326517
12.432813
11.127508
11.999128
11.34435
11.127508
11.888581
11.5611925
11.238055
11.233803
11.999128
12.21597
11.778034
11.999128
11.778034
11.34435
11.888581
11.127508
12.21597
12.105423
11.454897
11.454897
11.238055
11.454897
12.432813
10.47273
10.9106655
11.233803
11.454897
11.127508
12.432813
11.5611925
11.238055
11.565443
12.322266
11.67174
12.432813
11.999128
12.21597
12.105423
11.34435
11.994876
11.5611925
12.760201
12.432813
10.800118
11.778034
11.454897
11.888581
10.9106655
11.67174
11.888581
10.9106655
11.5611925
12.54336
12.326517
12.322266
11.892833
11.782287
12.649654
10.9106655
11.888581
12.432813
12.21597
11.233803
11.999128
11.454897
10.800118
11.888581
11.778034
11.127508
10.9106655
11.67174
11.127508
11.67174
11.5611925
11.233803
10.800118
11.888581
11.888581
11.888581
12.326517
12.322266
11.34435
11.778034
11.5611925
11.454897
12.432813
11.238055
11.888581
11.233803
11.127508
11.454897
11.34435
11.782287
11.34435
11.5611925
12.105423
11.999128
11.778034
11.778034
11.238055
11.34435
12.105423
11.67174
12.21597
12.105423
10.800118
11.565443
11.67174
11.67174
11.782287
11.67174
11.34435
11.34435
11.565443
12.54336
11.67174
12.105423
12.105423
11.999128
12.21597
11.016961
11.67174
12.432813
11.67174
11.127508
12.54336
11.127508
11.34435
11.778034
12.322266
11.67174
11.34435
11.67174
12.109674
11.778034
11.238055
11.782287
12.21597
11.999128
11.34435
11.34435
11.127508
11.778034
11.34435
12.437064
12.105423
11.127508
11.782287
11.233803
11.34435
10.800118
11.782287
12.21597
11.888581
10.800118
11.454897
11.67174
11.5611925
11.34435
11.34435
11.454897
12.322266
11.778034
11.127508
12.105423
11.238055
11.5611925
11.5611925
12.432813
11.34435
12.21597
12.21597
12.322266
11.127508
11.888581
11.454897
11.999128
11.016961
12.326517
11.34435
10.47273
12.21597
12.105423
10.583277
11.565443
11.667487
11.67174
12.326517
11.34435
11.127508
12.105423
11.67174
11.67174
11.127508
11.782287
11.888581
11.127508
12.109674
11.888581
11.999128
12.54336
11.450645
11.999128
12.54336
12.109674
11.127508
12.21597
11.67174
11.233803
11.454897
12.54336
11.233803
12.105423
11.238055
11.888581
12.109674
11.888581
11.127508
11.999128
11.127508
10.9106655
11.888581
11.016961
12.105423
11.454897
11.5611925
12.109674
11.67174
11.5611925
11.34435
11.016961
11.67174
11.127508
12.21597
12.432813
11.999128
12.21597
11.5611925
11.999128
11.454897
11.016961
12.21597
11.888581
11.999128
10.800118
11.999128
11.5611925
11.67174
12.21597
11.888581
11.67174
11.016961
11.782287
11.999128
12.105423
11.778034
11.34435
12.326517
12.105423
11.67174
11.34435
12.54336
11.778034
11.778034
12.21597
12.54336
11.34435
11.021213
12.432813
11.778034
11.5611925
11.999128
11.67174
12.105423
11.127508
10.800118
11.67174
11.888581
10.9106655
11.994876
11.454897
11.021213
11.778034
12.21597
11.565443
12.21597
11.994876
11.127508
11.5611925
11.127508
11.454897
12.105423
10.9106655
11.67174
11.888581
11.888581
11.454897
12.322266
11.233803
11.34435
12.649654
11.999128
11.67174
11.888581
11.34435
11.67174
11.67174
11.782287
11.778034
11.34435
11.454897
12.21597
11.450645
11.5611925
12.21597
11.34435
12.105423
12.21597
11.67174
11.34435
10.800118
11.127508
11.454897
12.322266
12.109674
11.778034
12.21597
11.5611925
11.016961
11.233803
11.888581
11.34435
11.127508
11.994876
12.432813
12.432813
11.34435
11.999128
11.67174
11.127508
11.5611925
12.105423
11.016961
11.67174
11.888581
11.67174
12.432813
11.782287
12.105423
11.34435
11.233803
11.233803
10.9106655
11.5611925
12.21597
12.21597
11.454897
11.5611925
11.127508
10.906414
11.888581
11.454897
12.326517
11.34435
11.67174
11.238055
12.432813
11.238055
11.888581
11.127508
11.778034
11.888581
12.21597
11.34435
12.326517
11.34435
11.238055
11.5611925
11.67174
12.432813
11.454897
12.21597
11.127508
11.34435
11.127508
11.34435
11.67174
11.778034
11.67174
11.5611925
11.5611925
12.54336
11.778034
11.778034
12.21597
12.21597
11.778034
10.9106655
12.21597
11.016961
11.67174
11.127508
11.67174
11.34435
11.016961
12.21597
11.016961
12.21597
11.888581
12.21597
11.238055
11.5611925
11.127508
11.5611925
11.67174
11.34435
11.888581
11.016961
12.21597
11.888581
12.21597
12.432813
11.888581
11.888581
12.322266
12.105423
11.999128
11.016961
11.238055
12.105423
11.454897
11.34435
11.67174
11.233803
11.67174
11.016961
12.21597
11.888581
11.454897
12.21597
11.67174
11.999128
12.649654
11.127508
11.565443
11.454897
12.322266
11.888581
11.127508
11.67174
11.454897
11.233803
11.454897
11.34435
10.800118
12.21597
11.233803
11.67174
11.34435
11.67174
11.238055
11.888581
11.782287
11.67174
11.016961
11.999128
11.778034
11.016961
12.326517
11.778034
11.67174
11.454897
11.888581
11.34435
11.999128
12.322266
11.238055
11.888581
11.5611925
11.67174
12.54336
12.105423
10.9106655
12.21597
11.127508
11.999128
11.999128
11.238055
11.67174
11.233803
10.9106655
11.238055
11.778034
11.5611925
11.34435
12.21597
11.888581
10.583277
11.67174
11.67174
11.34435
11.127508
11.67174
12.326517
12.432813
11.888581
11.016961
11.454897
11.34435
10.583277
11.454897
11.778034
11.999128
11.454897
11.888581
10.9106655
11.454897
11.233803
11.782287
11.782287
11.34435
10.800118
11.454897
12.105423
10.689571
11.67174
11.5611925
12.21597
11.782287
11.994876
11.994876
10.9106655
12.54336
12.105423
11.127508
11.67174
11.5611925
11.782287
11.34435
11.454897
12.105423
12.21597
11.888581
11.5611925
11.454897
11.888581
11.454897
12.105423
10.800118
11.999128
11.888581
11.999128
11.450645
11.5611925
11.67174
11.238055
11.888581
12.105423
11.999128
11.778034
12.326517
12.21597
11.127508
12.54336
11.5611925
11.565443
12.21597
11.778034
11.238055
11.016961
11.67174
11.5611925
12.326517
11.454897
11.5611925
11.34435
11.782287
11.34435
11.888581
11.782287
11.34435
11.238055
11.34435
10.9106655
12.21597
11.233803
10.9106655
12.326517
11.5611925
11.999128
12.322266
12.432813
11.34435
11.016961
11.454897
11.233803
12.109674
11.778034
12.322266
11.454897
12.432813
11.127508
11.238055
11.016961
11.782287
11.5611925
10.800118
11.34435
11.34435
11.238055
11.127508
12.21597
11.67174
11.999128
12.105423
11.888581
11.67174
12.211719
11.67174
10.9106655
11.999128
11.5611925
11.34435
11.888581
11.233803
11.67174
12.432813
11.238055
12.21597
10.800118
11.238055
12.322266
11.454897
11.34435
12.322266
10.800118
11.999128
11.778034
11.999128
11.67174
11.994876
11.782287
11.67174
12.54336
12.21597
11.34435
12.105423
12.539107
11.127508
11.778034
11.34435
11.67174
11.016961
11.34435
11.667487
11.238055
12.21597
11.34435
11.127508
11.016961
11.999128
11.888581
11.888581
11.454897
11.888581
11.888581
11.34435
12.432813
11.127508
11.994876
11.888581
11.782287
12.105423
11.34435
11.5611925
10.9106655
11.67174
10.800118
11.454897
11.127508
11.454897
11.5611925
11.454897
12.326517
12.105423
11.782287
11.5611925
11.778034
11.888581
11.016961
11.238055
12.105423
11.127508
11.34435
11.34435
11.34435
10.47273
11.454897
12.322266
11.127508
11.999128
11.016961
10.9106655
11.778034
11.34435
11.5611925
11.888581
11.888581
12.322266
11.888581
12.109674
12.105423
11.454897
12.432813
11.888581
11.454897
11.34435
11.999128
11.021213
11.67174
12.54336
11.999128
11.454897
11.782287
11.67174
11.450645
10.800118
12.54336
12.105423
11.454897
11.888581
12.105423
12.109674
11.454897
12.322266
11.127508
11.888581
12.105423
11.016961
11.34435
11.778034
11.67174
11.233803
12.432813
11.888581
12.432813
11.34435
11.127508
11.67174
11.34435
11.454897
11.5611925
12.326517
11.016961
11.454897
11.34435
11.34435
12.21597
11.778034
11.454897
11.5611925
11.999128
11.778034
11.667487
11.67174
11.994876
11.999128
11.34435
12.21597
12.105423
11.778034
11.888581
12.105423
11.454897
11.994876
12.326517
11.67174
11.67174
11.994876
11.34435
11.888581
11.67174
11.888581
11.233803
11.233803
12.54336
12.105423
11.67174
12.432813
11.782287
11.67174
11.888581
11.34435
12.21597
11.5611925
11.127508
12.326517
11.016961
11.999128
11.5611925
12.105423
12.432813
11.127508
12.326517
12.21597
11.34435
10.583277
12.54336
12.105423
11.127508
11.016961
11.782287
11.34435
11.5611925
11.67174
11.450645
11.782287
12.432813
12.21597
12.322266
11.127508
11.016961
11.999128
12.21597
11.233803
11.999128
11.5611925
11.34435
11.127508
12.432813
11.67174
12.326517
11.238055
11.5611925
11.888581
12.432813
12.21597
11.782287
11.5611925
12.54336
11.994876
11.127508
11.34435
11.5611925
11.888581
12.105423
11.016961
11.454897
12.322266
11.782287
11.67174
11.5611925
11.127508
12.105423
12.326517
11.67174
11.34435
11.888581
12.322266
11.782287
11.454897
12.54336
11.67174
11.888581
12.21597
11.888581
11.888581
12.432813
11.021213
12.21597
11.999128
11.888581
11.450645
11.888581
11.67174
11.34435
11.782287
11.67174
11.888581
11.127508
12.326517
11.233803
12.54336
12.105423
10.9106655
11.67174
12.322266
11.34435
11.34435
12.105423
12.21597
12.432813
11.888581
11.999128
11.888581
12.21597
11.999128
11.5611925
11.999128
11.778034
12.105423
11.454897
11.34435
11.016961
12.653906
11.67174
11.454897
11.454897
11.34435
12.21597
11.888581
11.454897
11.5611925
11.888581
11.5611925
11.454897
11.5611925
11.016961
11.999128
11.450645
11.778034
12.54336
11.5611925
10.800118
11.782287
11.34435
11.67174
12.21597
12.21597
10.9106655
11.67174
12.432813
11.127508
12.322266
11.888581
11.778034
11.999128
12.432813
11.34435
11.888581
12.21597
11.127508
11.5611925
12.21597
12.105423
12.109674
12.105423
12.21597
11.016961
11.778034
11.454897
11.454897
11.5611925
12.326517
11.34435
10.906414
11.454897
11.233803
11.233803
12.109674
11.454897
11.34435
10.9106655
11.127508
11.5611925
11.454897
11.5611925
11.5611925
11.238055
11.127508
11.67174
11.5611925
11.67174
11.67174
11.999128
11.454897
11.778034
11.238055
11.67174
11.5611925
11.127508
11.016961
11.888581
11.454897
11.233803
11.67174
11.454897
11.34435
11.999128
11.454897
12.105423
10.583277
12.21597
11.888581
10.9106655
11.34435
12.432813
11.127508
11.016961
12.21597
12.322266
10.800118
11.127508
12.326517
11.888581
11.888581
11.454897
11.888581
11.454897
11.5611925
11.67174
12.432813
12.105423
11.34435
11.782287
12.21597
10.800118
12.21597
11.5611925
11.999128
11.999128
11.016961
10.800118
11.782287
12.21597
11.888581
11.888581
11.5611925
11.778034
11.67174
12.21597
11.127508
11.5611925
12.21597
11.888581
11.454897
11.34435
11.67174
11.454897
12.432813
10.47273
11.67174
12.432813
11.34435
11.999128
11.5611925
11.450645
11.34435
12.21597
11.5611925
12.21597
12.322266
10.800118
12.326517
12.105423
10.583277
11.782287
12.432813
12.21597
11.67174
11.888581
11.454897
11.5611925
11.454897
11.888581
11.778034
11.127508
11.67174
11.994876
12.21597
11.888581
11.888581
12.326517
11.233803
11.016961
11.888581
11.888581
11.016961
11.34435
12.326517
11.888581
11.450645
11.782287
11.5611925
11.778034
11.5611925
11.778034
11.34435
11.67174
12.21597
11.238055
11.67174
11.127508
11.888581
12.105423
12.21597
12.432813
11.34435
12.326517
12.432813
12.109674
11.67174
11.778034
11.238055
12.760201
12.21597
11.888581
11.5611925
11.782287
11.778034
11.127508
11.34435
12.21597
11.454897
11.888581
12.105423
11.67174
12.21597
12.21597
11.454897
10.583277
12.105423
11.34435
11.127508
12.432813
11.34435
10.9106655
11.999128
12.105423
11.016961
11.67174
11.454897
12.109674
12.322266
11.67174
11.67174
11.778034
11.34435
11.454897
12.105423
11.454897
10.800118
11.127508
12.21597
11.454897
11.5611925
11.778034
11.454897
11.5611925
11.34435
12.21597
11.016961
11.233803
11.454897
11.888581
11.888581
11.127508
11.5611925
12.105423
11.999128
12.54336
11.5611925
11.67174
10.9106655
11.454897
11.454897
12.54336
12.21597
11.016961
12.432813
11.5611925
10.800118
11.67174
12.105423
11.450645
11.34435
11.34435
11.5611925
11.67174
11.454897
11.34435
12.21597
12.105423
11.5611925
11.016961
12.105423
12.21597
11.454897
11.67174
11.67174
12.326517
11.888581
10.9106655
11.5611925
11.34435
11.782287
11.34435
11.34435
11.454897
12.760201
11.34435
11.5611925
11.454897
11.454897
11.778034
12.105423
11.454897
12.105423
11.888581
12.109674
11.5611925
10.800118
11.888581
12.105423
11.999128
11.778034
11.999128
12.432813
11.888581
11.999128
12.649654
11.34435
11.34435
11.5611925
11.34435
11.34435
11.778034
11.016961
12.432813
12.21597
11.450645
11.67174
12.105423
11.778034
11.888581
11.999128
11.667487
12.21597
11.454897
10.906414
11.999128
11.778034
11.34435
11.782287
12.21597
11.782287
11.782287
11.778034
11.782287
11.999128
12.105423
11.999128
12.432813
11.34435
11.454897
11.888581
12.21597
11.127508
12.21597
11.999128
12.21597
12.105423
12.21597
12.21597
11.34435
11.888581
11.67174
12.105423
11.34435
11.778034
11.999128
11.67174
11.454897
11.67174
11.34435
12.21597
12.105423
11.67174
11.454897
11.454897
11.5611925
11.34435
12.21597
12.21597
11.67174
11.454897
12.21597
11.5611925
11.888581
11.34435
11.565443
11.888581
10.9106655
11.34435
11.34435
11.778034
12.326517
11.888581
11.016961
11.888581
12.109674
11.888581
12.105423
11.778034
11.5611925
11.34435
11.5611925
12.105423
11.454897
10.689571
11.34435
12.322266
11.5611925
11.233803
10.800118
11.34435
11.778034
12.21597
11.34435
11.5611925
11.233803
11.238055
11.778034
11.5611925
12.21597
12.432813
11.999128
11.238055
12.105423
12.21597
12.432813
11.888581
11.238055
11.5611925
12.432813
10.800118
11.67174
11.999128
12.539107
11.127508
12.105423
12.105423
11.5611925
11.999128
11.34435
11.454897
11.127508
10.800118
11.999128
11.34435
11.778034
12.54336
11.233803
11.999128
11.450645
11.67174
12.54336
11.127508
11.778034
11.34435
12.432813
11.016961
12.432813
12.54336
11.34435
11.778034
12.432813
12.322266
11.127508
11.888581
11.994876
11.5611925
11.888581
12.54336
11.34435
11.67174
11.454897
11.34435
12.21597
11.782287
11.454897
11.127508
11.238055
11.67174
11.454897
11.016961
11.782287
12.432813
12.21597
12.21597
11.67174
11.888581
11.454897
11.67174
11.5611925
11.34435
11.5611925
11.127508
11.782287
11.888581
12.322266
11.67174
11.5611925
12.21597
11.454897
12.105423
11.782287
12.21597
11.5611925
11.34435
12.105423
11.67174
12.21597
11.5611925
11.34435
12.21597
12.105423
11.238055
11.999128
11.5611925
12.54336
11.34435
11.67174
11.454897
12.432813
10.689571
11.454897
11.67174
12.105423
11.782287
11.778034
11.999128
11.888581
11.34435
12.21597
11.233803
11.778034
12.432813
12.21597
11.233803
11.565443
11.67174
11.999128
12.54336
12.21597
10.9106655
11.127508
11.5611925
11.127508
11.016961
11.34435
11.999128
11.5611925
11.67174
12.105423
11.454897
12.105423
12.54336
12.21597
12.105423
12.54336
11.999128
12.105423
11.454897
11.888581
11.127508
11.34435
11.454897
11.778034
12.432813
10.9106655
11.34435
11.123256
11.238055
11.888581
11.778034
11.888581
11.5611925
11.127508
11.565443
11.34435
11.565443
10.9106655
12.21597
11.888581
11.127508
11.67174
11.778034
11.67174
12.54336
12.54336
11.5611925
11.34435
11.454897
11.016961
11.888581
11.454897
11.5611925
11.238055
11.888581
12.322266
11.127508
12.54336
11.778034
12.105423
11.454897
11.5611925
10.47273
11.454897
11.127508
11.127508
11.999128
11.454897
11.67174
12.54336
11.016961
11.127508
11.454897
11.016961
11.782287
12.105423
11.5611925
11.127508
12.21597
11.778034
11.782287
12.105423
11.233803
11.5611925
11.67174
12.21597
11.454897
11.67174
11.5611925
11.67174
11.888581
11.778034
11.127508
11.34435
11.454897
11.5611925
11.67174
11.999128
12.760201
12.105423
11.999128
11.34435
12.21597
11.127508
11.454897
11.888581
12.105423
12.109674
12.54336
11.994876
12.21597
11.5611925
11.67174
12.21597
11.999128
12.322266
11.454897
11.999128
11.67174
12.21597
12.432813
11.34435
11.127508
11.238055
11.67174
11.454897
11.67174
10.9106655
11.348601
11.34435
10.800118
11.999128
11.888581
11.34435
12.432813
12.21597
12.21597
12.432813
11.778034
11.999128
12.21597
12.21597
11.888581
12.432813
11.5611925
12.21597
12.21597
11.454897
11.888581
11.233803
11.782287
11.233803
11.67174
11.67174
11.127508
11.999128
11.127508
12.21597
12.109674
11.34435
11.016961
12.432813
11.454897
11.5611925
12.21597
11.454897
11.5611925
11.34435
11.67174
11.34435
11.5611925
10.800118
11.999128
12.322266
11.454897
11.999128
11.888581
11.999128
11.5611925
12.432813
11.238055
12.54336
11.5611925
11.5611925
12.326517
11.34435
12.21597
11.233803
11.127508
12.105423
12.105423
10.800118
12.21597
11.34435
11.999128
11.888581
11.34435
11.888581
11.67174
11.782287
12.105423
11.454897
11.999128
12.432813
11.34435
11.34435
11.782287
11.5611925
11.454897
12.54336
12.105423
10.583277
11.67174
11.233803
11.999128
11.67174
12.539107
11.67174
11.782287
12.105423
11.5611925
11.888581
11.238055
11.34435
11.5611925
11.127508
12.21597
11.238055
11.454897
12.326517
11.994876
10.800118
11.454897
12.760201
11.34435
11.454897
11.454897
11.888581
11.016961
12.105423
11.34435
12.54336
11.34435
11.454897
12.105423
12.105423
11.34435
11.34435
11.994876
10.9106655
11.67174
11.450645
11.782287
11.67174
11.5611925
11.67174
11.67174
12.105423
11.565443
11.5611925
12.21597
11.782287
11.888581
11.888581
11.888581
11.34435
11.127508
12.21597
11.994876
11.888581
11.454897
12.21597
11.016961
11.999128
11.34435
12.326517
11.5611925
11.778034
12.54336
11.778034
11.34435
11.127508
11.67174
10.689571
11.127508
11.888581
10.800118
11.127508
11.782287
11.888581
11.782287
12.326517
11.454897
11.450645
11.5611925
10.689571
11.782287
11.888581
11.5611925
12.21597
12.432813
11.34435
12.109674
11.34435
11.127508
11.67174
11.450645
12.21597
11.5611925
11.782287
12.105423
11.454897
11.67174
12.432813
12.21597
11.67174
12.105423
11.454897
11.233803
11.34435
11.34435
11.778034
12.21597
12.432813
12.105423
11.782287
11.34435
11.778034
11.782287
11.888581
11.782287
12.54336
11.34435
11.34435
11.127508
11.34435
12.21597
11.34435
11.5611925
11.34435
12.54336
11.34435
11.238055
12.21597
11.233803
11.999128
11.5611925
11.778034
11.34435
11.016961
11.67174
11.127508
12.326517
11.888581
11.888581
12.21597
12.326517
12.432813
12.21597
12.432813
10.800118
11.67174
11.5611925
11.454897
10.800118
11.888581
12.432813
11.127508
12.105423
11.34435
11.999128
11.34435
11.127508
11.67174
11.233803
11.238055
12.105423
10.9106655
11.5611925
11.34435
11.888581
11.888581
12.21597
12.21597
11.5611925
10.689571
11.67174
11.67174
11.67174
11.67174
11.016961
11.5611925
11.999128
11.5611925
11.782287
12.105423
11.127508
11.778034
11.34435
11.454897
10.9106655
11.892833
11.454897
11.454897
11.5611925
12.21597
12.105423
11.999128
11.34435
12.105423
12.105423
11.5611925
12.21597
12.432813
11.67174
11.67174
12.21597
11.67174
10.800118
11.67174
11.778034
11.999128
12.326517
11.782287
11.34435
11.34435
11.888581
11.67174
11.123256
12.21597
11.5611925
11.34435
11.67174
11.67174
11.5611925
11.782287
12.105423
11.238055
11.34435
12.105423
11.67174
11.888581
12.432813
11.778034
12.21597
12.105423
11.999128
11.34435
11.34435
12.105423
10.583277
12.432813
11.123256
11.454897
11.994876
12.432813
11.888581
11.127508
11.5611925
12.432813
12.105423
12.105423
11.450645
11.34435
11.67174
11.778034
11.67174
11.34435
11.888581
11.5611925
11.450645
11.454897
12.105423
11.888581
11.34435
12.105423
11.454897
12.432813
11.016961
11.999128
12.539107
11.34435
11.67174
11.888581
11.127508
11.565443
11.67174
11.67174
12.326517
11.994876
11.127508
11.999128
11.5611925
11.67174
12.432813
12.211719
11.782287
12.432813
12.105423
11.127508
11.5611925
12.21597
11.238055
12.105423
11.34435
10.9106655
12.105423
11.454897
11.5611925
11.127508
12.326517
12.432813
11.782287
12.21597
11.34435
11.34435
12.432813
11.127508
11.67174
11.888581
11.999128
11.34435
11.888581
11.782287
12.322266
11.238055
11.67174
11.450645
11.34435
12.326517
12.432813
11.782287
11.888581
11.888581
11.999128
11.67174
10.906414
11.127508
11.782287
11.778034
11.67174
11.454897
11.5611925
11.238055
12.322266
11.233803
10.800118
12.105423
11.778034
11.999128
11.778034
11.5611925
12.432813
11.34435
11.67174
12.21597
11.67174
11.5611925
11.67174
12.21597
11.016961
12.21597
11.016961
11.127508
11.67174
11.5611925
11.888581
11.778034
12.105423
11.67174
11.5611925
11.454897
11.778034
10.9106655
11.238055
11.67174
12.21597
11.778034
11.67174
11.994876
11.238055
11.454897
11.778034
11.238055
11.782287
11.67174
11.454897
11.016961
12.21597
11.999128
10.9106655
12.109674
11.233803
11.127508
12.54336
11.888581
11.782287
12.21597
12.322266
11.016961
11.454897
11.782287
11.5611925
11.454897
12.432813
11.34435
11.238055
12.539107
12.21597
11.454897
11.888581
12.54336
12.105423
11.127508
11.67174
12.105423
11.454897
11.888581
11.67174
11.67174
11.233803
10.9106655
11.67174
11.450645
12.21597
11.778034
11.34435
11.5611925
11.565443
11.454897
11.888581
11.5611925
11.34435
11.233803
11.5611925
11.454897
10.800118
12.432813
11.127508
11.34435
12.21597
11.778034
11.888581
11.127508
12.21597
11.888581
11.67174
12.432813
11.5611925
11.67174
12.54336
11.67174
11.892833
11.888581
11.782287
11.67174
11.127508
11.782287
12.21597
10.800118
11.565443
12.105423
11.67174
12.326517
11.888581
11.127508
11.5611925
11.34435
11.127508
11.34435
12.432813
11.888581
11.888581
11.994876
10.800118
11.348601
12.105423
11.34435
12.109674
11.888581
11.450645
11.565443
11.888581
11.127508
12.21597
11.5611925
11.778034
11.782287
11.5611925
11.34435
12.105423
11.454897
11.994876
11.233803
11.888581
11.016961
11.67174
12.432813
11.888581
12.649654
12.432813
11.782287
11.888581
11.888581
11.782287
11.67174
11.233803
11.454897
11.5611925
12.760201
11.34435
12.105423
12.21597
11.34435
11.5611925
12.21597
11.67174
11.999128
11.892833
11.778034
12.105423
11.5611925
11.888581
12.109674
12.54336
11.127508
11.34435
12.432813
11.238055
12.21597
12.322266
11.5611925
11.67174
11.450645
11.999128
11.999128
11.5611925
10.9106655
11.016961
11.34435
11.454897
11.454897
12.977044
11.34435
12.105423
11.127508
11.454897
12.105423
12.21597
11.778034
11.127508
12.105423
12.322266
11.34435
11.5611925
11.127508
11.5611925
11.34435
11.454897
11.888581
10.583277
12.21597
11.999128
11.34435
12.105423
11.888581
11.34435
11.34435
11.888581
11.67174
12.21597
11.5611925
11.888581
12.109674
11.67174
11.454897
12.21597
11.888581
12.105423
11.233803
11.994876
11.454897
11.67174
11.999128
12.21597
11.67174
11.888581
12.21597
12.326517
12.105423
10.689571
11.888581
11.34435
11.34435
11.782287
11.778034
11.238055
12.432813
11.782287
11.67174
11.016961
12.21597
11.34435
10.800118
11.67174
11.888581
11.782287
11.782287
11.778034
11.127508
11.450645
11.5611925
11.238055
11.999128
11.67174
11.127508
12.21597
11.5611925
11.127508
11.67174
11.5611925
11.782287
11.888581
11.233803
12.326517
12.322266
11.238055
12.21597
11.565443
12.322266
10.689571
11.999128
11.888581
12.109674
11.67174
11.782287
11.67174
12.649654
12.54336
11.34435
11.999128
12.105423
12.105423
11.67174
11.67174
12.432813
11.5611925
11.67174
11.778034
12.326517
11.238055
11.454897
10.689571
12.21597
11.34435
11.999128
11.238055
11.238055
11.892833
11.67174
11.5611925
11.778034
11.454897
12.54336
12.105423
11.67174
12.21597
11.34435
12.326517
11.34435
11.021213
11.454897
12.21597
11.67174
11.454897
11.5611925
11.782287
11.454897
11.999128
12.54336
11.34435
11.238055
11.5611925
11.67174
11.778034
11.127508
12.105423
11.999128
12.21597
11.127508
11.34435
11.999128
11.238055
11.994876
11.127508
11.888581
10.9106655
11.565443
11.127508
11.34435
11.127508
11.454897
11.34435
11.888581
11.888581
12.109674
11.454897
11.782287
12.21597
11.34435
11.67174
11.021213
12.322266
11.233803
11.67174
11.67174
11.233803
11.454897
11.888581
12.21597
11.34435
11.888581
11.5611925
12.21597
10.583277
12.326517
11.34435
11.016961
11.999128
12.432813
11.999128
12.432813
12.432813
11.454897
11.888581
12.21597
12.649654
11.67174
11.127508
12.105423
11.999128
12.54336
11.34435
11.67174
11.233803
11.999128
11.999128
11.34435
11.888581
11.67174
11.454897
12.21597
11.888581
11.454897
11.5611925
11.565443
11.67174
11.34435
11.67174
11.888581
11.450645
12.326517
11.34435
11.34435
10.583277
12.54336
11.127508
11.888581
11.34435
11.454897
11.5611925
11.34435
12.326517
12.105423
11.450645
10.9106655
11.888581
11.454897
11.888581
11.34435
11.127508
11.238055
12.21597
11.34435
11.565443
11.999128
11.34435
11.127508
12.326517
11.127508
11.565443
11.67174
11.016961
11.888581
12.21597
11.454897
12.54336
11.34435
11.888581
11.238055
11.454897
11.454897
11.238055
11.67174
11.67174
11.233803
11.888581
11.782287
10.9106655
11.67174
11.127508
11.5611925
11.888581
11.782287
11.454897
12.105423
11.67174
11.34435
11.34435
12.21597
11.5611925
11.34435
12.54336
11.67174
11.016961
11.888581
12.21597
11.67174
11.016961
11.127508
11.016961
11.127508
11.34435
12.109674
11.34435
12.326517
11.454897
12.21597
11.999128
11.782287
11.016961
11.999128
12.105423
11.016961
12.54336
11.5611925
11.238055
12.432813
12.432813
10.9106655
11.999128
11.5611925
11.34435
11.782287
12.322266
10.689571
11.892833
12.21597
10.800118
12.326517
12.432813
11.34435
12.326517
12.21597
11.67174
11.999128
11.67174
11.450645
11.778034
11.238055
11.888581
11.888581
11.34435
11.67174
12.322266
12.21597
12.21597
11.454897
11.999128
11.67174
11.67174
12.105423
11.127508
12.109674
11.123256
11.782287
12.326517
12.432813
11.454897
12.432813
11.34435
11.999128
12.322266
11.67174
12.21597
11.999128
11.34435
11.888581
12.322266
11.34435
10.9106655
11.888581
12.105423
11.454897
11.67174
11.233803
11.5611925
11.5611925
11.233803
12.326517
11.233803
11.454897
11.5611925
11.34435
12.21597
11.454897
11.778034
11.892833
11.5611925
11.233803
11.454897
11.999128
11.994876
11.888581
12.21597
11.67174
12.21597
12.105423
11.67174
11.999128
11.5611925
11.888581
11.454897
12.432813
10.9106655
11.5611925
11.5611925
11.238055
12.21597
12.21597
11.999128
12.21597
11.454897
11.127508
11.999128
12.105423
11.127508
11.999128
11.5611925
11.67174
12.870748
12.105423
11.888581
11.565443
11.5611925
12.105423
11.233803
11.67174
11.5611925
11.34435
11.782287
12.21597
11.34435
11.454897
11.67174
11.34435
11.127508
11.67174
12.322266
11.782287
11.67174
11.67174
11.999128
11.67174
12.21597
12.21597
12.105423
12.54336
12.21597
12.432813
11.888581
11.888581
11.5611925
11.999128
11.5611925
11.5611925
12.54336
11.454897
11.127508
11.454897
11.67174
11.127508
11.67174
12.54336
11.565443
12.322266
11.238055
12.649654
12.21597
11.999128
11.67174
12.760201
11.238055
12.105423
11.565443
11.34435
11.888581
11.999128
12.105423
11.34435
12.432813
12.21597
11.999128
11.5611925
11.778034
11.999128
11.778034
11.999128
12.432813
11.888581
11.782287
12.21597
11.778034
11.888581
11.888581
11.34435
11.454897
12.105423
11.999128
12.21597
11.67174
11.67174
11.888581
12.21597
12.105423
11.34435
12.21597
11.450645
11.782287
11.778034
12.105423
11.127508
12.432813
11.67174
11.34435
11.67174
12.322266
11.127508
12.432813
11.67174
11.34435
10.906414
11.67174
11.34435
11.016961
11.782287
11.016961
11.888581
11.565443
11.34435
11.127508
12.21597
11.888581
11.016961
12.21597
12.54336
10.906414
11.999128
11.888581
10.800118
12.54336
11.5611925
11.67174
11.888581
12.322266
11.238055
12.21597
11.5611925
11.999128
11.450645
11.34435
11.34435
11.34435
11.127508
11.34435
11.67174
11.454897
12.21597
11.67174
12.54336
11.233803
11.34435
11.67174
11.5611925
11.238055
11.454897
11.67174
11.34435
11.999128
12.21597
12.432813
11.888581
11.127508
11.888581
11.999128
11.127508
11.454897
11.67174
11.778034
12.109674
11.5611925
11.454897
11.454897
11.888581
12.322266
11.67174
12.322266
11.782287
12.649654
11.778034
11.454897
11.233803
11.34435
11.5611925
12.105423
11.67174
11.67174
11.67174
11.999128
12.105423
11.888581
11.238055
11.238055
11.67174
11.999128
11.782287
11.888581
11.454897
12.326517
11.34435
11.5611925
11.34435
11.454897
11.888581
12.21597
11.782287
12.21597
11.34435
11.888581
11.67174
11.34435
11.34435
11.565443
11.450645
10.800118
12.54336
11.888581
11.888581
11.34435
12.326517
11.994876
11.782287
11.450645
11.454897
11.778034
12.105423
12.21597
11.454897
11.67174
11.782287
11.888581
10.9106655
11.34435
11.888581
11.999128
11.34435
11.34435
11.67174
11.238055
11.67174
11.999128
11.67174
11.127508
11.782287
11.5611925
11.34435
12.326517
11.67174
11.016961
11.888581
11.999128
11.67174
11.778034
12.105423
12.21597
11.454897
11.888581
11.782287
11.5611925
11.888581
12.432813
11.999128
12.21597
11.888581
11.888581
11.67174
11.34435
11.67174
11.888581
11.454897
12.105423
11.454897
11.34435
11.67174
12.21597
11.127508
12.105423
11.127508
11.67174
12.432813
11.888581
11.999128
12.21597
11.782287
11.5611925
11.016961
12.21597
11.67174
11.565443
11.34435
11.5611925
11.238055
11.5611925
12.21597
12.21597
11.67174
12.21597
12.322266
11.999128
11.778034
11.5611925
11.888581
11.999128
11.999128
11.127508
11.782287
11.994876
10.583277
12.105423
12.21597
12.54336
11.5611925
11.999128
12.432813
12.21597
11.778034
11.238055
11.016961
11.888581
11.999128
11.778034
11.454897
11.888581
11.34435
11.127508
11.67174
12.21597
12.21597
12.432813
11.016961
11.565443
12.21597
11.34435
12.322266
11.888581
11.454897
11.999128
11.888581
11.34435
11.5611925
11.127508
11.34435
11.565443
11.5611925
11.778034
12.21597
11.238055
12.105423
12.109674
11.994876
11.888581
11.5611925
11.34435
12.21597
12.21597
11.999128
12.21597
11.5611925
11.67174
12.54336
11.233803
12.105423
11.67174
11.5611925
11.34435
11.127508
11.67174
11.778034
11.5611925
11.127508
11.67174
11.999128
11.999128
12.539107
11.34435
12.21597
11.888581
11.454897
11.999128
11.34435
11.34435
11.127508
11.233803
11.67174
11.34435
11.5611925
11.127508
11.999128
12.432813
11.454897
11.238055
12.21597
12.105423
11.782287
11.67174
12.105423
11.238055
11.454897
11.454897
11.999128
11.67174
11.454897
11.238055
11.994876
11.450645
11.454897
12.21597
11.5611925
11.127508
11.450645
11.888581
11.454897
12.105423
11.5611925
11.888581
11.778034
11.888581
12.105423
11.454897
11.127508
11.67174
11.778034
11.565443
11.778034
11.34435
12.653906
11.5611925
11.67174
11.888581
11.888581
12.105423
12.326517
11.888581
11.888581
11.127508
11.782287
12.322266
12.109674
11.454897
11.233803
11.565443
11.888581
11.34435
12.54336
12.21597
11.67174
11.233803
12.54336
12.105423
11.34435
12.326517
11.67174
11.999128
12.21597
11.5611925
11.67174
12.105423
11.5611925
11.5611925
11.782287
11.5611925
11.5611925
11.016961
12.54336
11.67174
11.5611925
12.326517
11.565443
11.454897
11.67174
11.127508
11.888581
12.21597
11.238055
12.105423
11.454897
11.999128
11.888581
11.67174
11.238055
12.54336
11.233803
11.67174
11.67174
11.233803
10.9106655
12.432813
11.454897
11.999128
12.54336
11.5611925
11.782287
11.888581
11.34435
11.34435
12.54336
11.888581
11.888581
11.67174
12.539107
11.5611925
11.238055
12.649654
11.127508
11.999128
11.34435
11.5611925
11.565443
11.5611925
12.322266
12.54336
12.326517
11.5611925
11.999128
11.5611925
11.888581
12.21597
11.5611925
11.454897
12.54336
11.888581
11.782287
11.782287
12.105423
12.105423
11.127508
11.67174
11.5611925
10.9106655
12.432813
11.67174
11.5611925
11.999128
11.016961
12.54336
11.5611925
11.999128
11.127508
10.800118
12.105423
12.326517
12.326517
11.67174
12.105423
12.649654
11.999128
12.21597
11.888581
11.016961
11.454897
11.888581
11.888581
12.432813
11.999128
11.454897
12.54336
11.888581
12.326517
12.21597
11.127508
11.233803
11.127508
12.105423
12.432813
11.454897
12.21597
11.67174
11.782287
11.782287
11.67174
11.67174
11.127508
11.999128
11.67174
12.432813
11.127508
11.233803
11.888581
11.67174
12.649654
12.322266
11.127508
12.21597
11.450645
11.127508
11.67174
12.432813
11.454897
11.888581
12.211719
11.67174
11.999128
11.454897
12.322266
11.999128
11.454897
11.778034
11.999128
11.454897
10.9106655
12.326517
11.5611925
11.5611925
11.67174
12.322266
11.888581
12.21597
11.5611925
10.583277
12.109674
12.21597
11.994876
12.21597
12.322266
11.127508
12.54336
11.778034
12.105423
11.34435
12.21597
10.9106655
11.782287
11.888581
11.778034
11.238055
12.322266
11.67174
12.105423
11.888581
11.34435
11.888581
11.67174
11.233803
11.888581
12.653906
11.127508
12.326517
11.5611925
11.454897
12.54336
12.322266
11.999128
11.67174
11.34435
11.67174
12.432813
11.778034
11.238055
12.54336
11.233803
11.888581
11.34435
12.21597
11.454897
11.67174
11.5611925
11.888581
12.21597
12.653906
12.21597
11.5611925
11.454897
12.21597
11.999128
11.888581
11.999128
11.67174
11.67174
11.999128
12.54336
11.67174
11.233803
12.437064
12.432813
11.5611925
11.127508
11.016961
10.9106655
11.127508
11.67174
11.34435
12.649654
11.454897
12.21597
11.999128
11.999128
12.21597
11.34435
11.67174
11.999128
12.432813
11.127508
11.999128
11.888581
11.999128
11.233803
12.21597
11.782287
11.67174
11.67174
12.326517
11.34435
10.800118
11.127508
11.888581
11.888581
11.5611925
11.67174
11.778034
12.105423
10.9106655
12.54336
11.5611925
10.689571
12.432813
11.016961
11.999128
11.782287
12.432813
11.454897
11.127508
11.34435
11.016961
11.454897
11.888581
12.21597
11.34435
11.999128
12.54336
11.34435
11.34435
11.233803
11.454897
11.5611925
11.888581
10.9106655
11.454897
12.54336
12.105423
12.21597
11.67174
12.432813
11.016961
11.888581
12.105423
11.238055
11.999128
11.450645
11.67174
11.778034
11.999128
11.34435
11.778034
11.999128
11.67174
11.34435
12.105423
12.54336
12.105423
11.888581
11.565443
11.999128
12.21597
11.5611925
11.454897
12.105423
11.34435
11.454897
11.454897
11.238055
11.999128
11.233803
11.888581
11.888581
11.67174
11.127508
12.21597
11.5611925
11.888581
12.760201
11.233803
11.454897
12.21597
12.322266
11.238055
11.454897
11.233803
11.454897
12.21597
12.105423
11.5611925
11.999128
11.5611925
11.888581
12.21597
12.105423
11.999128
11.34435
11.454897
12.21597
11.888581
11.67174
11.454897
12.432813
12.21597
11.454897
12.21597
11.67174
11.34435
11.888581
12.54336
11.667487
11.348601
12.54336
12.322266
11.34435
11.5611925
11.67174
12.105423
11.888581
11.778034
11.778034
11.127508
11.5611925
12.105423
11.782287
12.105423
12.326517
11.34435
12.21597
11.778034
11.454897
11.888581
11.999128
11.016961
11.454897
12.432813
11.454897
11.778034
11.778034
11.238055
11.016961
11.782287
12.322266
12.105423
11.5611925
12.21597
12.105423
12.21597
11.233803
11.34435
11.5611925
11.238055
11.888581
11.999128
11.34435
11.454897
11.778034
11.999128
11.778034
10.47273
12.432813
11.999128
11.238055
12.105423
11.5611925
11.016961
11.999128
11.999128
12.21597
11.5611925
11.888581
11.994876
10.800118
11.999128
11.994876
11.888581
11.34435
12.432813
11.34435
11.34435
12.21597
11.34435
11.782287
11.454897
11.888581
12.432813
11.999128
11.999128
11.888581
12.21597
12.54336
11.34435
10.800118
11.67174
11.67174
11.34435
12.54336
12.322266
10.9106655
11.888581
12.105423
12.21597
12.105423
11.233803
11.454897
11.34435
11.5611925
11.34435
11.34435
12.21597
12.326517
11.016961
12.21597
11.34435
11.016961
11.888581
11.888581
11.233803
11.34435
12.109674
11.778034
12.21597
11.34435
11.127508
12.21597
12.21597
11.348601
12.21597
11.994876
11.34435
11.999128
11.778034
11.67174
11.782287
12.649654
11.021213
12.105423
12.432813
11.021213
11.34435
12.432813
10.800118
11.888581
12.105423
11.999128
11.233803
11.782287
11.67174
10.800118
11.34435
12.322266
11.454897
11.67174
11.34435
11.67174
11.238055
11.127508
11.5611925
11.233803
11.565443
12.432813
12.21597
12.54336
11.999128
11.016961
12.326517
11.454897
10.800118
12.21597
11.5611925
11.5611925
11.999128
12.105423
11.5611925
11.454897
12.105423
11.5611925
12.105423
11.5611925
11.016961
11.888581
12.432813
11.888581
12.54336
12.21597
11.454897
12.649654
11.238055
12.109674
11.888581
11.127508
11.999128
11.5611925
11.778034
11.5611925
11.127508
12.326517
11.888581
11.233803
12.21597
11.888581
11.67174
11.5611925
12.432813
11.34435
11.34435
12.21597
12.326517
11.888581
12.21597
12.326517
12.105423
11.67174
12.432813
11.888581
11.778034
11.127508
11.999128
11.34435
12.21597
12.105423
11.238055
12.54336
12.432813
12.21597
11.778034
12.653906
11.888581
11.127508
12.326517
11.34435
11.127508
11.782287
12.21597
10.906414
11.782287
12.322266
11.016961
11.34435
11.5611925
11.127508
11.999128
12.21597
11.67174
11.999128
11.016961
11.778034
11.67174
11.5611925
11.67174
11.5611925
11.67174
11.454897
11.34435
12.326517
12.322266
11.888581
11.454897
11.5611925
10.9106655
11.67174
11.778034
11.782287
11.888581
12.432813
11.67174
11.888581
11.999128
11.016961
11.778034
12.326517
12.326517
10.906414
11.238055
12.105423
10.800118
12.326517
11.34435
11.67174
12.21597
12.432813
12.326517
12.322266
11.888581
11.67174
12.105423
11.127508
11.67174
11.5611925
11.454897
11.5611925
11.454897
11.565443
11.016961
11.888581
11.34435
12.21597
11.67174
11.34435
11.67174
11.454897
12.105423
11.454897
11.782287
12.21597
11.34435
11.454897
11.999128
12.322266
11.782287
12.432813
12.105423
11.67174
11.778034
12.21597
11.67174
11.454897
11.34435
11.454897
12.21597
12.21597
12.54336
12.649654
11.127508
12.21597
12.322266
12.109674
11.994876
11.454897
11.5611925
11.888581
12.326517
11.454897
12.109674
12.649654
11.999128
11.67174
11.888581
12.21597
11.782287
10.800118
11.34435
12.105423
11.888581
11.892833
12.105423
11.67599
12.105423
11.67174
12.21597
11.454897
11.5611925
12.326517
12.21597
11.565443
11.67174
11.454897
12.870748
12.322266
11.782287
12.21597
12.322266
11.127508
10.800118
12.326517
11.34435
11.778034
12.21597
12.21597
11.34435
12.54336
12.322266
11.67174
12.109674
12.105423
11.888581
11.782287
12.105423
11.238055
11.888581
12.649654
10.9106655
11.782287
12.105423
10.689571
11.565443
11.5611925
11.782287
12.109674
11.782287
11.127508
11.67174
11.888581
11.34435
11.454897
12.432813
11.888581
11.454897
11.5611925
11.016961
11.782287
11.5611925
11.999128
11.782287
12.649654
11.888581
12.54336
12.322266
11.999128
12.760201
11.450645
11.67174
12.326517
11.67174
11.888581
11.999128
11.888581
10.9106655
11.67174
11.233803
10.800118
11.67174
11.450645
11.67174
11.782287
12.322266
11.454897
11.454897
11.888581
11.34435
12.432813
11.999128
11.888581
12.432813
11.67174
11.888581
11.454897
12.21597
11.888581
12.21597
10.9106655
11.999128
11.782287
11.016961
11.782287
12.105423
11.238055
11.999128
11.5611925
11.233803
11.454897
12.432813
11.67174
11.5611925
11.888581
11.888581
12.105423
11.454897
12.54336
11.454897
11.778034
11.67174
11.782287
12.105423
12.326517
12.432813
10.800118
11.888581
11.67174
11.34435
12.109674
11.016961
11.782287
11.34435
12.432813
11.67174
12.432813
11.888581
12.54336
11.888581
11.782287
11.5611925
11.34435
11.888581
11.5611925
11.016961
11.5611925
11.999128
11.994876
11.5611925
11.782287
12.21597
12.21597
11.888581
11.016961
11.782287
11.5611925
11.67174
11.782287
11.888581
11.34435
11.888581
11.5611925
11.34435
12.322266
11.778034
11.127508
11.888581
12.649654
11.999128
11.67174
12.105423
12.105423
10.689571
11.782287
12.105423
11.782287
10.800118
11.999128
11.34435
12.21597
11.34435
12.21597
11.67174
11.34435
11.454897
11.67174
11.782287
11.67174
11.999128
11.888581
11.34435
11.238055
11.888581
11.67174
11.999128
11.888581
11.021213
11.67174
12.326517
11.233803
11.565443
11.888581
12.432813
11.127508
11.67174
11.5611925
12.21597
11.888581
12.760201
11.67174
11.238055
11.016961
12.21597
11.233803
10.693824
12.322266
11.565443
11.67174
11.34435
11.67174
11.450645
11.5611925
12.437064
12.21597
11.34435
11.999128
11.67174
12.432813
11.994876
11.67174
11.888581
11.454897
11.34435
12.432813
11.67174
11.454897
11.888581
11.778034
11.782287
12.21597
11.454897
11.34435
11.34435
11.127508
11.892833
11.888581
10.800118
11.67174
12.432813
11.454897
11.34435
12.21597
11.778034
11.67174
11.999128
11.888581
11.34435
12.54336
11.127508
11.999128
12.432813
12.760201
11.34435
12.109674
11.5611925
11.454897
11.888581
11.888581
11.5611925
11.34435
11.238055
11.454897
11.67174
11.782287
11.994876
11.454897
11.454897
11.454897
11.233803
11.999128
12.326517
11.888581
11.782287
11.67174
11.5611925
11.999128
11.999128
11.67174
10.800118
12.432813
12.649654
11.454897
11.34435
12.21597
11.782287
12.105423
12.21597
12.21597
11.888581
11.127508
12.21597
11.238055
11.238055
11.5611925
11.34435
11.454897
11.67174
11.782287
11.999128
11.123256
12.326517
12.105423
11.67174
11.34435
12.105423
12.105423
11.999128
11.5611925
11.34435
11.782287
11.778034
11.5611925
11.016961
10.800118
11.238055
11.999128
11.67174
11.999128
12.760201
11.999128
11.67174
12.105423
11.238055
11.67174
11.34435
12.109674
11.778034
12.432813
11.454897
12.322266
11.34435
11.888581
11.888581
12.21597
11.994876
11.238055
11.888581
11.233803
12.21597
11.5611925
11.67174
12.21597
11.5611925
12.54336
12.432813
11.454897
12.326517
11.778034
11.127508
11.888581
11.454897
11.999128
11.5611925
12.326517
11.454897
11.127508
11.778034
12.432813
11.67174
11.5611925
11.888581
12.432813
11.016961
11.34435
11.127508
11.238055
11.67174
11.67174
11.34435
11.888581
11.67174
11.888581
11.34435
12.21597
11.999128
11.888581
11.888581
11.782287
11.888581
11.127508
12.21597
11.34435
11.454897
12.21597
11.238055
11.238055
11.454897
11.999128
11.016961
11.888581
11.34435
11.34435
11.454897
11.67174
11.454897
11.782287
11.67174
11.888581
11.999128
12.432813
11.888581
11.67174
11.999128
11.016961
12.109674
11.888581
11.127508
11.67174
11.999128
11.67174
12.432813
12.322266
11.999128
12.649654
11.5611925
12.649654
11.34435
11.67174
11.454897
11.127508
11.782287
11.67174
11.888581
11.782287
12.105423
11.016961
12.432813
12.105423
11.67174
12.21597
11.888581
11.454897
11.999128
11.888581
11.999128
11.999128
12.432813
11.999128
11.233803
12.105423
12.109674
12.649654
11.233803
11.454897
11.34435
12.21597
12.109674
11.778034
11.233803
11.016961
11.999128
12.21597
11.5611925
11.888581
11.454897
11.34435
11.67174
11.67174
11.5611925
11.67174
11.67174
12.105423
11.34435
12.432813
11.016961
12.21597
12.21597
11.5611925
12.760201
11.888581
11.34435
11.454897
11.782287
11.5611925
11.127508
12.21597
12.105423
11.454897
12.21597
12.322266
11.67174
11.999128
12.105423
12.432813
10.9106655
11.888581
11.34435
11.999128
11.999128
11.5611925
11.454897
11.450645
11.999128
11.67174
12.105423
11.5611925
11.782287
11.999128
11.67174
12.54336
12.432813
11.778034
11.782287
11.888581
10.9106655
11.782287
12.54336
10.9106655
11.67174
11.233803
10.9106655
12.760201
12.432813
10.689571
11.999128
12.105423
11.888581
11.127508
12.21597
11.888581
12.105423
11.888581
12.105423
12.539107
11.67174
12.21597
11.34435
11.016961
11.34435
11.5611925
12.21597
12.105423
11.888581
12.760201
11.999128
11.67174
12.21597
11.888581
11.454897
11.994876
12.432813
12.109674
11.34435
11.34435
11.778034
11.888581
11.233803
11.454897
11.5611925
11.127508
12.322266
12.105423
11.888581
11.016961
12.760201
12.105423
10.47273
11.999128
11.34435
10.800118
12.326517
11.778034
10.800118
12.432813
12.21597
11.021213
11.888581
11.34435
11.021213
11.782287
12.432813
11.016961
11.454897
11.67174
11.127508
12.760201
12.105423
11.888581
11.67174
12.21597
11.233803
12.21597
11.999128
12.21597
11.34435
11.5611925
12.432813
12.21597
11.454897
11.34435
12.105423
11.127508
11.67174
11.888581
11.67174
12.21597
11.016961
11.782287
12.105423
10.800118
12.653906
11.67174
11.999128
11.34435
11.238055
12.105423
11.67174
11.454897
11.999128
11.233803
11.454897
11.888581
11.34435
12.760201
12.105423
11.127508
11.233803
12.109674
12.21597
11.5611925
11.888581
11.5611925
11.999128
12.326517
11.233803
11.454897
11.127508
12.109674
11.34435
11.127508
12.432813
11.999128
11.5611925
12.105423
11.888581
12.432813
11.778034
11.454897
11.450645
11.888581
11.667487
11.233803
11.34435
12.322266
11.999128
12.54336
12.432813
11.454897
11.238055
11.782287
12.21597
12.21597
11.782287
11.67174
11.67174
10.800118
12.109674
12.21597
11.127508
11.892833
11.5611925
11.233803
11.454897
11.782287
11.778034
11.67174
11.782287
11.454897
12.649654
11.5611925
11.888581
12.21597
11.34435
11.67174
11.34435
12.21597
11.34435
11.67174
11.454897
12.105423
11.454897
11.450645
11.892833
11.999128
11.67174
11.5611925
11.888581
11.999128
12.432813
11.454897
11.454897
12.760201
11.994876
11.454897
11.67174
11.454897
11.888581
12.211719
11.892833
11.994876
11.5611925
11.999128
12.432813
11.67174
12.326517
11.5611925
11.999128
11.238055
11.67174
11.454897
11.888581
11.127508
11.888581
12.322266
12.432813
11.67174
11.782287
11.34435
10.9106655
11.67174
12.105423
11.34435
12.326517
12.432813
12.105423
11.454897
11.233803
11.454897
11.233803
11.34435
11.778034
11.888581
11.67174
11.127508
11.778034
11.778034
11.999128
11.782287
12.21597
11.233803
11.565443
11.454897
11.888581
12.326517
11.888581
11.34435
12.326517
12.54336
10.9106655
11.782287
11.5611925
11.999128
11.888581
11.34435
11.454897
11.67174
12.105423
12.326517
12.105423
12.105423
12.21597
11.999128
11.999128
11.888581
11.016961
11.454897
12.21597
11.348601
11.454897
11.127508
12.21597
11.667487
11.454897
12.21597
11.67174
11.888581
11.34435
11.34435
11.999128
11.34435
11.016961
12.109674
11.454897
11.5611925
11.782287
12.432813
11.5611925
12.54336
11.454897
11.67174
12.109674
11.888581
11.127508
11.782287
12.105423
11.127508
12.21597
11.454897
11.454897
11.888581
11.67174
11.999128
11.34435
11.67174
12.21597
11.127508
11.67174
11.454897
11.782287
11.67174
12.21597
12.432813
11.127508
12.21597
11.994876
11.67174
10.9106655
11.67174
12.54336
11.127508
11.67174
12.105423
11.34435
12.760201
11.233803
11.238055
12.105423
11.67174
11.888581
11.5611925
12.105423
11.565443
11.5611925
11.67174
11.238055
11.67174
11.888581
11.888581
11.34435
12.105423
11.782287
11.5611925
11.127508
11.888581
11.454897
12.432813
12.21597
12.21597
11.67174
11.888581
11.999128
12.21597
11.888581
11.67174
11.888581
12.21597
12.105423
11.016961
12.105423
12.105423
11.127508
11.016961
11.999128
11.565443
12.105423
11.454897
11.67174
11.233803
11.888581
12.54336
11.233803
12.105423
12.21597
11.34435
12.21597
11.994876
11.34435
11.5611925
11.34435
11.778034
12.54336
12.432813
11.782287
11.999128
12.105423
12.21597
11.454897
11.233803
11.238055
12.109674
12.105423
12.326517
12.322266
11.778034
11.782287
11.778034
12.326517
12.432813
11.565443
11.888581
11.34435
11.888581
11.888581
11.67174
11.67174
11.888581
11.67174
12.105423
11.34435
11.888581
12.21597
11.34435
11.778034
11.67174
12.21597
12.432813
11.888581
12.539107
11.34435
12.54336
12.649654
11.888581
11.999128
11.5611925
11.233803
11.888581
11.5611925
11.999128
11.888581
11.5611925
11.565443
12.649654
11.127508
11.67174
11.34435
10.800118
12.54336
11.34435
11.565443
12.21597
12.105423
11.454897
11.778034
11.5611925
12.109674
11.994876
11.778034
11.238055
12.760201
11.5611925
12.21597
11.888581
11.888581
11.454897
11.67174
12.109674
11.34435
11.888581
11.454897
11.778034
11.5611925
11.888581
11.5611925
11.127508
11.778034
11.454897
11.34435
11.67174
11.67174
11.5611925
11.67174
12.21597
12.539107
11.999128
12.432813
11.5611925
11.454897
11.999128
11.5611925
11.34435
11.778034
11.67174
12.105423
11.5611925
12.870748
11.34435
12.21597
12.21597
11.233803
11.888581
11.5611925
11.778034
11.782287
11.888581
11.778034
11.238055
11.999128
12.21597
12.105423
11.233803
11.67174
11.888581
12.322266
11.888581
11.127508
11.888581
11.888581
11.999128
11.778034
12.326517
11.67174
11.127508
11.565443
11.34435
12.105423
12.21597
12.432813
10.800118
12.54336
12.105423
11.454897
12.432813
11.34435
11.999128
10.800118
11.999128
11.67174
12.21597
12.105423
11.782287
11.34435
11.67174
12.54336
12.649654
11.67174
12.21597
11.454897
11.999128
11.888581
11.782287
11.233803
11.021213
11.888581
11.999128
11.454897
12.21597
11.454897
11.888581
12.105423
11.454897
11.34435
11.34435
12.432813
12.21597
11.67174
11.34435
11.67174
11.450645
10.583277
11.67174
11.67174
12.109674
11.5611925
12.21597
12.760201
11.454897
12.21597
12.105423
11.5611925
10.800118
12.54336
12.105423
11.127508
12.21597
11.67174
11.782287
11.778034
11.892833
12.105423
10.9106655
11.782287
11.233803
11.782287
12.432813
11.5611925
11.67174
11.999128
12.54336
12.322266
11.127508
11.34435
11.565443
11.67174
11.67174
11.782287
11.994876
11.782287
11.5611925
11.778034
12.21597
11.34435
11.454897
11.888581
12.105423
12.326517
11.994876
11.5611925
11.454897
12.21597
11.888581
12.432813
11.67174
11.238055
11.34435
12.105423
11.888581
11.888581
11.67174
11.67174
11.888581
12.322266
11.67174
11.5611925
11.016961
11.127508
11.888581
11.127508
11.450645
11.454897
10.9106655
12.21597
11.778034
11.782287
12.105423
11.999128
11.67174
11.778034
11.888581
11.888581
12.432813
11.67174
11.5611925
11.454897
11.999128
11.454897
11.454897
11.999128
11.782287
11.778034
12.21597
12.21597
12.649654
11.565443
11.127508
12.326517
11.999128
12.54336
11.238055
11.67174
11.67174
11.778034
11.888581
12.21597
11.888581
11.999128
12.54336
12.326517
12.322266
11.454897
11.5611925
11.888581
11.5611925
11.888581
11.123256
11.454897
12.322266
11.34435
11.778034
11.67174
12.322266
10.800118
11.5611925
11.5611925
11.5611925
12.432813
11.778034
12.54336
11.67174
12.21597
11.888581
11.34435
12.54336
12.105423
11.888581
11.34435
12.866496
12.432813
11.67174
11.5611925
11.34435
11.888581
11.994876
11.67174
11.67174
11.454897
11.888581
11.34435
11.233803
12.105423
12.322266
11.67174
11.782287
11.994876
12.326517
12.21597
12.105423
11.999128
11.5611925
12.322266
11.888581
11.238055
11.67174
11.888581
11.34435
11.5611925
11.454897
12.105423
12.432813
11.450645
11.999128
12.105423
11.5611925
11.67174
11.454897
12.21597
11.454897
11.5611925
11.999128
11.454897
11.67174
12.432813
11.888581
10.9106655
12.21597
11.454897
11.67174
11.999128
12.322266
11.565443
12.432813
11.016961
12.432813
11.34435
11.999128
10.906414
11.67174
11.67174
11.238055
12.326517
11.5611925
12.21597
11.34435
12.21597
11.34435
11.999128
12.21597
11.999128
12.21597
11.782287
11.888581
11.778034
11.127508
11.888581
11.450645
10.9106655
11.016961
12.109674
11.888581
11.016961
11.999128
11.67174
11.127508
12.105423
11.888581
11.782287
12.649654
12.432813
12.54336
11.999128
12.760201
11.994876
11.238055
11.34435
12.54336
11.999128
11.67174
11.454897
11.34435
12.21597
12.760201
11.34435
11.34435
11.778034
11.67174
12.54336
11.888581
11.782287
11.5611925
11.016961
12.653906
11.565443
11.999128
11.782287
11.5611925
11.238055
11.127508
11.888581
12.54336
11.016961
11.888581
12.54336
12.21597
11.233803
12.21597
12.105423
10.800118
12.326517
12.432813
11.67174
11.994876
11.888581
11.67174
11.888581
11.454897
11.782287
11.888581
12.54336
12.105423
11.238055
12.326517
11.888581
11.999128
12.105423
12.21597
12.21597
11.127508
11.999128
12.432813
11.454897
12.105423
11.016961
11.999128
12.105423
12.54336
12.105423
11.021213
11.999128
11.888581
11.999128
11.016961
11.782287
11.67174
11.016961
11.67174
12.432813
11.67174
12.21597
11.67174
11.238055
11.233803
12.326517
11.67174
11.5611925
11.782287
11.888581
11.127508
12.326517
11.778034
11.127508
12.21597
11.5611925
11.454897
12.21597
11.127508
12.432813
11.999128
12.2202215
12.21597
11.454897
12.649654
12.105423
12.21597
12.21597
12.326517
11.5611925
11.127508
11.782287
11.778034
11.67174
11.454897
12.105423
11.238055
11.34435
12.21597
11.34435
11.233803
11.999128
12.432813
11.021213
11.34435
12.432813
12.21597
11.34435
10.800118
11.999128
12.54336
11.238055
12.326517
12.105423
12.21597
12.21597
11.450645
11.454897
12.21597
11.5611925
11.67174
11.888581
12.432813
12.326517
12.105423
11.5611925
11.888581
11.127508
11.67174
12.105423
11.127508
11.127508
12.21597
11.5611925
11.999128
11.778034
11.016961
11.888581
11.67174
11.238055
11.454897
12.105423
11.67174
12.54336
12.649654
11.454897
11.999128
11.778034
11.021213
12.326517
12.432813
11.5611925
11.892833
11.67174
11.016961
11.782287
11.67174
11.454897
12.432813
12.322266
11.34435
11.778034
11.782287
11.888581
11.999128
11.016961
12.105423
11.238055
12.21597
11.233803
11.67174
11.5611925
11.016961
11.127508
11.233803
12.326517
12.21597
11.127508
12.109674
11.5611925
11.238055
11.67174
11.782287
11.454897
11.233803
12.105423
11.34435
12.105423
11.782287
11.5611925
11.450645
11.565443
11.67174
10.800118
12.870748
12.322266
11.454897
12.326517
11.888581
11.999128
11.994876
11.34435
11.34435
11.34435
11.127508
12.105423
12.326517
11.782287
12.105423
12.649654
11.454897
12.326517
11.34435
11.238055
11.454897
11.233803
11.888581
11.5611925
11.888581
12.105423
11.233803
11.67174
12.105423
12.54336
11.5611925
11.454897
11.67174
11.888581
11.127508
11.67174
12.322266
12.21597
12.105423
11.34435
11.5611925
12.326517
11.888581
11.016961
11.238055
12.105423
11.016961
11.782287
12.105423
11.999128
11.5611925
11.888581
11.34435
11.67174
11.565443
11.34435
11.238055
11.782287
11.778034
12.21597
11.888581
12.432813
11.999128
11.34435
11.5611925
12.105423
11.34435
11.888581
12.105423
11.999128
12.54336
12.21597
10.9106655
11.34435
12.54336
11.782287
11.5611925
11.782287
11.67174
12.326517
11.454897
12.105423
11.565443
11.34435
11.5611925
11.238055
11.454897
11.5611925
11.127508
12.105423
11.5611925
11.782287
12.105423
11.565443
12.21597
10.800118
11.888581
11.454897
11.999128
11.67174
11.67174
11.67174
11.67174
11.888581
11.999128
11.994876
11.999128
11.016961
11.127508
12.322266
11.67174
12.326517
11.5611925
11.238055
11.999128
11.34435
11.454897
11.5611925
12.326517
12.432813
11.016961
12.105423
11.34435
12.21597
12.322266
12.21597
11.67174
11.34435
11.454897
11.999128
11.454897
11.999128
12.54336
11.67174
12.760201
11.888581
12.105423
11.565443
11.5611925
11.782287
12.105423
11.565443
12.21597
12.326517
11.888581
11.450645
12.54336
12.322266
12.21597
11.778034
11.888581
11.5611925
11.67174
11.67174
11.892833
11.999128
12.109674
11.67174
11.67174
11.454897
11.67174
12.109674
11.67174
11.782287
11.888581
11.67174
11.999128
12.105423
11.238055
12.649654
11.5611925
12.432813
11.127508
11.454897
12.21597
11.782287
12.105423
11.238055
11.5611925
11.994876
11.67174
11.34435
11.67174
11.782287
11.67174
11.238055
12.21597
12.326517
11.5611925
11.888581
12.432813
12.870748
12.105423
11.127508
11.34435
11.782287
12.21597
11.778034
12.760201
11.782287
12.432813
12.109674
11.127508
12.54336
11.5611925
10.9106655
12.105423
12.326517
11.778034
11.34435
11.34435
12.326517
12.21597
11.34435
12.105423
12.54336
11.5611925
11.34435
11.67174
11.888581
11.454897
11.999128
11.67174
12.21597
11.67174
11.888581
11.67174
11.67174
11.016961
11.34435
12.437064
11.5611925
12.326517
12.432813
12.21597
11.016961
11.888581
11.67174
12.326517
12.105423
11.888581
12.326517
11.67174
11.565443
12.54336
11.999128
11.454897
11.238055
11.233803
12.322266
12.432813
11.888581
11.888581
12.105423
11.127508
12.21597
11.450645
11.999128
11.34435
12.21597
12.21597
10.689571
12.326517
11.5611925
11.127508
11.888581
12.105423
11.34435
12.432813
12.432813
11.999128
11.67174
12.326517
12.322266
11.778034
11.34435
11.782287
12.432813
11.999128
11.67174
11.34435
11.67174
12.432813
12.21597
11.67174
11.994876
12.21597
11.888581
11.34435
12.326517
12.322266
10.9106655
12.105423
11.888581
12.21597
11.34435
11.016961
11.888581
12.653906
12.105423
12.21597
12.760201
12.21597
11.999128
12.21597
12.326517
12.54336
11.888581
12.21597
11.233803
11.999128
12.105423
11.454897
11.238055
11.5611925
11.34435
11.016961
11.233803
11.565443
11.67174
11.348601
11.34435
11.67599
11.5611925
11.888581
11.782287
11.999128
11.888581
12.432813
11.450645
11.565443
11.67174
11.67174
11.999128
11.5611925
11.999128
11.888581
11.127508
11.888581
12.21597
11.34435
11.888581
11.127508
11.238055
11.888581
12.432813
11.999128
12.21597
12.322266
11.888581
11.888581
12.54336
12.432813
11.34435
11.999128
12.322266
10.9106655
11.5611925
11.34435
12.21597
11.450645
12.432813
11.127508
11.238055
12.326517
11.5611925
12.21597
11.34435
12.432813
12.109674
12.105423
12.105423
11.67174
11.233803
11.5611925
11.127508
11.5611925
11.34435
11.888581
11.999128
11.782287
11.888581
11.016961
11.67174
12.105423
11.127508
12.326517
12.21597
11.888581
11.67174
11.67174
11.5611925
12.21597
11.67174
11.994876
11.127508
12.54336
11.5611925
11.238055
12.760201
11.994876
11.34435
11.999128
11.233803
11.782287
11.67174
11.888581
11.888581
12.105423
12.21597
11.34435
10.800118
12.432813
12.432813
11.782287
11.34435
12.21597
11.67174
10.689571
11.999128
12.105423
12.21597
12.21597
12.105423
11.999128
12.105423
11.67599
11.5611925
11.233803
12.326517
11.778034
11.67174
11.67174
11.67174
12.21597
11.778034
12.760201
11.34435
11.5611925
11.67174
11.778034
11.782287
11.67174
12.21597
12.21597
11.888581
11.565443
11.888581
11.127508
11.67174
11.5611925
11.67174
11.888581
11.782287
12.21597
12.432813
12.653906
12.539107
11.67174
11.999128
11.994876
11.565443
12.760201
11.127508
11.565443
12.322266
11.34435
11.888581
11.999128
12.432813
12.432813
11.454897
11.778034
11.34435
11.34435
11.127508
11.67174
11.888581
11.127508
12.21597
11.778034
10.9106655
11.67174
12.322266
11.999128
11.888581
12.326517
11.888581
11.999128
11.016961
11.999128
12.432813
11.999128
11.34435
12.21597
12.21597
11.127508
12.21597
11.34435
12.326517
11.888581
11.782287
11.67174
12.21597
12.326517
11.667487
11.127508
12.432813
11.888581
11.999128
12.105423
12.760201
11.5611925
11.782287
12.432813
12.977044
11.454897
11.016961
12.109674
12.21597
11.233803
12.326517
11.778034
11.999128
12.21597
11.454897
11.782287
11.999128
11.34435
11.67174
11.454897
11.454897
11.454897
12.21597
11.67174
12.432813
11.454897
11.127508
11.127508
12.870748
12.432813
12.21597
11.5611925
12.54336
11.34435
11.565443
11.67174
12.21597
11.127508
11.34435
11.67174
12.649654
10.800118
12.21597
11.782287
11.238055
11.888581
11.999128
11.67174
11.5611925
11.233803
11.34435
12.21597
12.21597
11.233803
11.782287
11.999128
11.016961
12.326517
12.21597
12.326517
12.105423
11.454897
11.67174
11.888581
11.782287
11.454897
11.127508
11.67174
11.34435
11.67174
11.450645
11.67174
11.778034
11.782287
11.888581
11.565443
12.432813
11.016961
12.21597
11.888581
10.693824
12.21597
11.999128
11.67174
12.649654
12.21597
11.450645
11.67174
12.21597
12.105423
11.127508
12.432813
12.322266
11.454897
12.432813
11.999128
11.34435
11.016961
11.233803
12.21597
11.67174
11.34435
11.778034
11.782287
11.67174
11.454897
12.21597
11.238055
12.21597
11.888581
12.760201
11.667487
11.565443
12.322266
12.760201
12.432813
11.67174
11.778034
11.454897
12.649654
11.565443
11.67174
11.888581
11.888581
11.016961
12.21597
12.432813
11.565443
11.238055
11.782287
11.999128
12.105423
11.782287
11.5611925
12.105423
10.800118
12.105423
11.34435
11.5611925
11.454897
11.5611925
12.326517
11.5611925
11.888581
12.21597
11.34435
11.67174
12.760201
12.322266
11.127508
12.54336
11.888581
12.21597
11.34435
11.782287
12.322266
11.67174
12.21597
11.127508
11.888581
11.782287
12.54336
11.016961
11.67174
12.105423
11.782287
11.454897
11.999128
12.432813
11.778034
11.454897
12.326517
12.432813
11.999128
11.778034
11.888581
11.454897
11.5611925
12.432813
11.778034
11.454897
12.105423
11.888581
11.5611925
11.999128
11.888581
11.67174
11.34435
11.67174
11.127508
11.999128
12.432813
12.21597
12.105423
11.127508
12.760201
11.127508
11.565443
11.888581
11.67174
11.5611925
11.782287
11.238055
11.999128
12.21597
12.21597
11.67174
11.454897
12.432813
11.67174
12.322266
11.999128
11.778034
11.34435
12.105423
11.888581
12.21597
12.21597
11.454897
12.21597
11.778034
11.782287
12.432813
11.565443
12.105423
12.653906
11.67174
11.999128
11.67174
11.34435
11.782287
12.432813
11.565443
11.888581
11.782287
11.5611925
11.238055
12.105423
11.67174
12.21597
11.127508
11.016961
12.760201
11.778034
11.67174
11.5611925
11.999128
12.105423
12.21597
12.326517
12.105423
11.67174
11.67174
11.238055
11.127508
11.67174
11.454897
12.539107
11.892833
11.127508
12.21597
12.105423
12.432813
11.782287
11.999128
12.322266
12.760201
11.888581
11.238055
11.778034
11.565443
12.432813
11.999128
11.5611925
11.888581
11.565443
11.127508
11.888581
11.888581
11.67174
11.5611925
11.233803
11.565443
11.778034
11.34435
12.432813
11.5611925
11.888581
12.21597
11.127508
12.54336
11.127508
11.565443
11.5611925
11.565443
11.67174
11.238055
11.888581
11.67174
11.782287
12.322266
12.432813
11.450645
11.34435
11.34435
11.127508
12.21597
11.016961
12.432813
11.888581
11.782287
11.999128
12.432813
11.67174
11.999128
12.432813
11.782287
12.54336
11.999128
11.888581
11.016961
11.67174
12.432813
11.565443
11.34435
12.432813
12.322266
11.127508
11.888581
11.999128
11.565443
12.432813
12.105423
11.5611925
12.326517
11.454897
12.432813
12.105423
11.016961
11.67174
11.778034
11.5611925
11.778034
12.649654
11.34435
11.5611925
11.999128
11.888581
11.233803
12.760201
12.105423
11.67174
12.21597
12.649654
11.5611925
11.454897
11.127508
12.432813
12.432813
11.127508
12.649654
12.54336
11.127508
11.5611925
11.127508
12.760201
11.34435
11.888581
11.454897
11.888581
11.127508
11.999128
12.211719
11.67174
12.54336
11.67174
11.888581
11.34435
11.5611925
11.127508
11.5611925
11.888581
11.127508
11.782287
12.21597
11.999128
11.67174
11.5611925
10.9106655
12.109674
11.67174
11.999128
11.888581
12.105423
12.21597
11.34435
12.21597
11.5611925
11.67174
11.34435
12.21597
11.888581
11.34435
12.21597
12.21597
12.105423
11.34435
11.67174
11.888581
12.432813
12.322266
11.5611925
11.778034
12.432813
12.21597
11.238055
11.888581
11.5611925
12.21597
11.5611925
12.105423
12.21597
11.454897
11.782287
12.322266
11.016961
12.54336
12.21597
11.016961
11.67174
11.888581
11.67174
12.105423
12.760201
12.322266
12.109674
12.322266
12.649654
11.999128
11.888581
11.999128
12.21597
11.5611925
11.999128
12.539107
11.67174
12.653906
11.34435
12.21597
11.782287
11.67174
12.21597
11.782287
12.105423
11.127508
12.326517
11.778034
11.565443
11.782287
11.994876
12.432813
11.778034
11.67174
11.888581
11.999128
11.782287
12.432813
10.9106655
11.34435
12.21597
11.127508
11.782287
12.322266
11.999128
11.5611925
11.778034
11.34435
11.999128
11.782287
11.348601
11.016961
11.34435
11.454897
11.888581
12.326517
11.888581
10.689571
12.21597
12.649654
11.888581
10.9106655
11.888581
11.778034
11.999128
11.994876
12.326517
11.5611925
10.800118
11.782287
12.649654
12.109674
12.21597
11.5611925
11.782287
11.888581
12.54336
11.999128
12.105423
11.888581
11.67174
11.888581
12.21597
12.653906
11.67174
12.105423
12.54336
12.432813
11.5611925
11.782287
12.105423
12.21597
11.34435
11.67174
11.5611925
11.127508
12.109674
11.67174
12.21597
12.105423
12.432813
11.67174
11.454897
11.565443
12.105423
12.21597
11.888581
12.760201
11.67174
12.21597
11.233803
11.999128
11.778034
11.5611925
11.999128
12.21597
11.5611925
11.238055
11.999128
11.67174
12.54336
12.649654
12.21597
11.67174
11.5611925
12.21597
12.21597
11.888581
11.454897
11.888581
11.999128
11.5611925
12.54336
11.34435
11.5611925
11.127508
12.21597
11.238055
12.322266
11.34435
10.800118
11.782287
11.67174
11.67174
11.454897
12.54336
11.999128
11.67174
12.432813
12.432813
12.105423
12.432813
11.450645
11.5611925
12.21597
12.322266
11.782287
12.432813
12.977044
11.67174
12.109674
11.67174
11.888581
11.67174
12.539107
11.454897
11.778034
11.999128
11.5611925
12.54336
11.5611925
11.127508
12.432813
11.233803
11.67174
12.322266
12.105423
12.21597
11.782287
11.5611925
11.34435
11.888581
11.233803
11.454897
12.105423
12.326517
12.432813
11.34435
11.782287
11.782287
11.34435
12.432813
12.21597
11.67174
11.782287
11.888581
11.565443
11.888581
12.21597
12.432813
11.127508
12.432813
12.760201
10.800118
11.67174
12.54336
11.454897
11.778034
11.67174
11.016961
12.105423
11.67174
11.888581
11.34435
12.870748
11.67174
11.450645
11.5611925
11.994876
11.67174
11.994876
12.21597
11.34435
11.016961
11.782287
11.34435
12.432813
11.5611925
12.21597
12.432813
11.5611925
11.888581
11.888581
11.888581
11.999128
11.5611925
11.021213
11.34435
11.782287
11.999128
11.016961
12.760201
11.450645
11.238055
12.322266
12.326517
11.5611925
12.326517
11.999128
12.322266
11.67174
11.782287
10.689571
11.67174
11.888581
11.888581
11.999128
11.34435
12.649654
10.9106655
12.326517
11.999128
12.105423
11.127508
11.454897
11.5611925
12.21597
11.999128
12.21597
11.67174
11.34435
11.999128
11.892833
12.432813
12.105423
12.326517
11.888581
12.21597
11.67174
11.999128
12.760201
11.67174
11.782287
12.105423
12.649654
11.782287
11.999128
11.016961
12.322266
11.5611925
11.454897
11.67174
11.888581
11.454897
11.67174
11.778034
12.54336
12.432813
11.454897
12.432813
11.999128
11.67174
11.454897
12.432813
12.21597
11.888581
11.34435
11.994876
12.54336
11.34435
11.454897
11.233803
11.67174
12.54336
12.105423
11.5611925
11.999128
11.5611925
10.9106655
11.994876
11.782287
11.888581
11.454897
11.5611925
11.892833
12.21597
11.999128
12.105423
11.34435
11.999128
11.888581
12.326517
11.34435
11.778034
11.67174
11.782287
11.888581
11.999128
11.233803
11.67174
11.67174
11.999128
12.105423
11.454897
12.326517
11.5611925
12.326517
11.34435
12.105423
11.999128
11.5611925
11.782287
11.67174
11.34435
11.782287
11.67174
11.5611925
11.999128
11.888581
12.105423
11.994876
11.5611925
11.67174
11.016961
12.21597
11.782287
11.5611925
11.782287
12.21597
12.322266
12.21597
12.54336
11.5611925
12.326517
11.888581
11.888581
11.888581
11.67174
12.21597
12.105423
11.999128
11.454897
11.127508
11.016961
11.782287
11.67174
11.888581
11.999128
11.233803
11.34435
12.105423
11.016961
11.999128
11.233803
11.782287
12.21597
11.454897
11.999128
11.233803
12.21597
11.999128
11.127508
12.21597
11.454897
11.67174
11.34435
11.34435
12.326517
11.888581
11.454897
11.888581
11.454897
11.888581
11.888581
12.326517
12.432813
11.454897
11.454897
11.454897
11.5611925
11.888581
11.34435
11.67174
12.105423
11.67174
11.888581
11.5611925
12.21597
11.5611925
12.326517
12.21597
11.127508
11.888581
11.238055
12.21597
11.888581
12.326517
11.34435
11.127508
12.21597
11.888581
12.105423
11.999128
12.21597
12.432813
11.999128
11.450645
11.999128
11.999128
11.888581
12.326517
11.016961
11.999128
11.450645
12.109674
12.432813
11.565443
12.539107
11.454897
11.34435
12.21597
11.999128
11.888581
11.34435
11.782287
12.326517
12.21597
11.127508
12.326517
12.21597
11.999128
11.127508
12.322266
12.109674
12.432813
12.21597
11.34435
12.760201
12.432813
11.999128
11.67174
12.21597
12.432813
11.127508
12.54336
11.34435
11.999128
11.34435
11.67174
11.454897
12.322266
12.649654
11.238055
11.016961
12.760201
11.454897
11.67174
12.21597
11.450645
10.9106655
11.34435
12.54336
12.105423
11.888581
12.21597
11.994876
11.999128
11.5611925
11.888581
12.21597
11.127508
11.233803
11.888581
12.432813
11.67174
12.21597
12.326517
12.322266
11.67174
12.21597
12.432813
12.21597
11.127508
11.34435
12.21597
12.432813
11.127508
11.888581
12.21597
12.21597
11.34435
11.782287
12.322266
11.782287
12.326517
12.105423
12.105423
11.782287
11.888581
11.778034
11.67174
11.454897
11.999128
11.67174
11.994876
11.565443
11.34435
11.454897
12.21597
11.778034
12.649654
12.54336
11.888581
11.5611925
11.782287
11.994876
11.34435
11.454897
12.21597
11.34435
12.105423
12.21597
11.999128
12.105423
12.21597
11.67174
12.109674
11.888581
11.454897
11.782287
12.326517
12.432813
11.127508
12.653906
11.994876
11.999128
12.54336
12.649654
11.454897
12.322266
11.67174
11.999128
11.999128
11.34435
12.21597
12.21597
11.999128
12.326517
11.5611925
12.105423
11.999128
11.888581
11.454897
12.432813
11.67174
11.782287
12.21597
11.888581
12.21597
12.760201
11.888581
11.67174
11.888581
11.454897
12.322266
11.782287
12.105423
11.778034
11.67174
12.326517
12.105423
11.5611925
11.67174
11.565443
11.888581
11.999128
11.778034
11.454897
11.34435
11.67174
11.67174
11.888581
12.21597
12.21597
11.999128
11.127508
11.34435
12.432813
11.34435
12.54336
12.322266
11.238055
11.565443
12.322266
12.105423
11.999128
11.778034
12.105423
12.760201
12.322266
11.238055
12.54336
11.67174
11.238055
12.432813
11.238055
11.34435
11.34435
11.67174
11.994876
10.906414
11.782287
13.08759
11.782287
11.127508
12.21597
11.67174
11.34435
11.454897
12.649654
10.9106655
11.782287
11.778034
11.999128
11.999128
11.233803
12.54336
12.432813
12.21597
12.432813
11.888581
12.326517
12.432813
11.016961
11.67174
12.105423
11.34435
11.67174
11.454897
11.5611925
11.67174
12.105423
11.127508
12.54336
11.233803
11.127508
12.432813
11.999128
11.454897
12.21597
12.21597
11.778034
11.127508
11.67174
11.999128
12.432813
11.5611925
11.888581
11.34435
11.999128
12.326517
11.994876
11.565443
11.5611925
12.326517
12.326517
11.67174
11.233803
11.450645
11.778034
11.127508
12.54336
11.67174
11.454897
11.999128
12.54336
11.238055
11.888581
11.34435
11.67174
12.105423
11.782287
12.105423
12.105423
12.21597
11.999128
11.999128
11.5611925
12.105423
11.454897
11.016961
11.778034
11.994876
12.21597
11.67174
11.67174
12.21597
11.999128
12.21597
12.326517
12.322266
11.016961
11.778034
12.54336
12.432813
11.127508
12.21597
12.432813
11.888581
11.454897
11.782287
12.432813
12.21597
11.016961
11.454897
11.67174
11.67174
11.454897
12.326517
12.21597
11.565443
11.016961
12.326517
12.432813
11.454897
11.888581
12.432813
11.233803
12.21597
11.888581
11.999128
11.888581
11.999128
12.105423
11.67174
11.888581
11.454897
11.888581
11.999128
11.5611925
12.326517
12.322266
11.34435
11.999128
11.016961
11.888581
11.782287
11.782287
12.432813
11.888581
12.322266
12.322266
11.5611925
11.67174
12.760201
11.999128
11.888581
12.105423
11.454897
11.888581
12.105423
12.649654
11.454897
11.5611925
11.021213
12.21597
11.67174
11.34435
11.999128
11.5611925
11.233803
11.994876
10.800118
12.21597
11.34435
12.326517
12.21597
12.109674
11.67174
11.34435
12.21597
11.999128
11.127508
12.105423
12.653906
12.105423
11.450645
11.34435
12.105423
12.105423
11.34435
12.105423
12.432813
11.127508
11.782287
11.888581
11.238055
11.127508
12.105423
11.888581
11.67174
11.67174
12.54336
11.778034
11.238055
11.67174
12.21597
11.565443
12.432813
12.760201
11.450645
11.238055
11.5611925
11.778034
11.565443
10.800118
11.67174
12.649654
11.67174
12.54336
12.760201
11.34435
11.778034
12.326517
12.649654
11.888581
11.782287
11.999128
12.109674
11.888581
11.67174
11.67174
11.233803
11.34435
11.888581
12.105423
11.67174
12.105423
11.565443
11.999128
12.432813
11.67174
12.21597
11.888581
12.21597
12.54336
11.127508
12.326517
11.233803
10.9106655
12.653906
12.649654
12.21597
12.432813
12.21597
10.9106655
11.233803
11.782287
12.21597
11.778034
12.21597
12.21597
12.760201
11.016961
12.760201
11.999128
11.782287
11.999128
12.432813
11.454897
11.5611925
12.21597
11.454897
11.450645
11.34435
11.67174
11.778034
12.109674
11.450645
11.454897
12.432813
11.5611925
11.999128
12.432813
12.649654
12.322266
11.454897
12.432813
11.34435
11.999128
12.326517
11.5611925
11.67174
11.454897
11.999128
11.454897
11.5611925
12.653906
11.888581
11.454897
12.322266
12.21597
11.67174
11.34435
12.109674
12.432813
11.565443
11.888581
11.888581
11.999128
12.322266
12.21597
11.454897
10.906414
11.454897
11.67174
12.322266
12.54336
12.432813
11.34435
12.432813
12.21597
12.326517
11.5611925
12.326517
11.999128
12.432813
11.67174
11.999128
11.5611925
11.016961
11.67174
11.782287
11.999128
11.5611925
11.67174
12.54336
11.888581
11.454897
12.21597
11.67174
12.432813
11.454897
11.67174
11.67174
11.67174
12.21597
12.105423
11.454897
11.999128
12.432813
10.9106655
11.67174
11.5611925
11.238055
11.67174
11.565443
12.432813
11.67174
11.782287
12.322266
11.888581
12.432813
12.105423
11.67174
12.326517
11.67174
11.34435
12.105423
11.34435
12.105423
11.450645
12.54336
12.760201
11.888581
11.127508
12.21597
12.54336
11.999128
11.888581
12.432813
11.67174
12.54336
11.34435
11.999128
12.21597
11.450645
11.454897
12.21597
11.34435
12.54336
11.67174
11.454897
11.34435
11.888581
11.888581
11.5611925
11.127508
12.21597
11.994876
11.454897
12.653906
12.21597
11.999128
11.67174
11.238055
11.127508
11.999128
12.432813
12.432813
12.21597
12.105423
11.454897
11.34435
11.5611925
12.432813
12.649654
11.5611925
11.999128
12.322266
11.34435
12.326517
11.454897
11.67174
12.322266
12.432813
12.21597
12.54336
11.888581
12.653906
11.778034
11.454897
12.649654
11.5611925
12.326517
11.888581
11.127508
12.21597
11.67174
11.782287
11.888581
12.322266
11.454897
11.5611925
12.54336
11.67174
11.127508
11.999128
12.211719
11.999128
11.67174
12.105423
11.127508
12.326517
12.105423
12.54336
12.649654
11.67174
11.127508
11.450645
11.67174
11.127508
12.21597
11.782287
11.999128
11.34435
10.800118
12.432813
12.21597
12.21597
11.34435
12.105423
12.432813
12.432813
12.21597
12.322266
11.782287
11.5611925
12.54336
12.326517
11.888581
11.67174
11.5611925
12.322266
12.21597
11.5611925
12.105423
12.54336
11.67174
11.999128
12.432813
11.34435
11.67174
12.105423
12.54336
12.432813
11.67174
11.67174
12.211719
11.016961
11.5611925
12.21597
12.105423
12.105423
11.454897
11.5611925
11.888581
12.326517
11.888581
11.67174
12.432813
12.21597
11.999128
11.016961
11.5611925
11.34435
11.999128
12.760201
11.5611925
11.999128
12.105423
12.21597
11.454897
11.34435
12.977044
11.5611925
11.782287
12.432813
12.54336
11.67174
10.800118
11.888581
12.649654
11.888581
11.67174
11.778034
11.999128
12.54336
12.21597
11.888581
11.454897
11.454897
11.888581
11.67174
11.127508
11.454897
11.667487
11.67174
12.760201
11.016961
11.888581
12.21597
11.999128
10.689571
12.54336
12.21597
11.016961
11.67174
11.5611925
11.888581
12.432813
11.778034
10.9106655
11.67174
12.432813
11.454897
11.67174
12.21597
11.888581
12.105423
11.782287
11.5611925
11.34435
11.782287
12.54336
12.105423
12.326517
11.782287
11.999128
11.782287
11.67174
11.34435
12.21597
11.782287
11.5611925
11.454897
11.67174
12.105423
12.21597
11.5611925
11.34435
12.21597
12.21597
11.34435
11.67174
12.21597
12.21597
11.016961
11.888581
11.778034
12.54336
12.322266
11.888581
11.021213
11.67174
11.778034
11.5611925
11.888581
11.454897
11.5611925
11.127508
12.105423
11.454897
11.5611925
12.432813
12.105423
11.782287
11.994876
11.016961
12.21597
11.454897
11.67174
12.21597
12.432813
12.649654
12.105423
11.67174
12.326517
11.5611925
11.238055
11.34435
11.565443
11.778034
11.888581
11.34435
11.999128
11.34435
10.9106655
11.999128
11.67174
10.9106655
12.54336
11.454897
11.238055
11.5611925
11.782287
11.67174
12.432813
11.565443
11.888581
11.67174
11.67174
12.105423
10.800118
10.906414
11.34435
11.67174
11.999128
11.565443
12.105423
11.999128
12.432813
11.5611925
11.5611925
11.127508
12.21597
11.233803
12.21597
11.34435
11.016961
11.454897
11.994876
11.34435
12.649654
11.999128
11.67174
11.34435
11.782287
12.105423
12.21597
11.34435
11.5611925
12.21597
12.432813
11.999128
11.34435
11.888581
12.21597
11.34435
11.565443
12.105423
11.34435
11.67174
12.432813
11.565443
11.994876
12.54336
12.432813
11.888581
11.454897
11.454897
11.999128
11.67174
11.67174
11.67174
11.127508
11.67174
11.67174
11.999128
11.127508
11.5611925
12.105423
12.432813
12.21597
11.127508
11.888581
11.565443
12.322266
12.326517
11.34435
11.238055
11.5611925
11.782287
11.999128
11.67174
11.34435
12.21597
12.21597
11.016961
11.782287
11.888581
11.34435
11.454897
11.67174
12.105423
11.888581
12.21597
11.778034
12.21597
12.105423
11.999128
11.238055
11.782287
11.5611925
11.34435
12.105423
11.888581
12.326517
12.760201
11.999128
11.67174
12.649654
12.322266
11.999128
12.21597
12.105423
12.105423
11.454897
11.454897
11.450645
12.54336
11.67174
11.67174
11.5611925
11.238055
12.105423
12.432813
11.67174
12.105423
12.105423
11.67174
12.54336
11.994876
11.999128
11.782287
11.5611925
12.432813
12.760201
11.34435
11.5611925
12.760201
12.21597
11.34435
11.888581
12.432813
11.999128
12.21597
12.432813
11.34435
11.5611925
11.127508
12.105423
11.5611925
12.54336
11.238055
12.21597
12.21597
11.67174
11.450645
11.127508
12.105423
11.238055
12.653906
12.432813
11.34435
11.34435
12.54336
11.67174
11.67174
11.5611925
12.105423
11.888581
11.67174
12.105423
11.994876
11.999128
11.34435
11.454897
11.5611925
12.21597
11.778034
11.454897
11.782287
11.888581
11.016961
11.782287
12.105423
11.34435
11.454897
11.888581
11.454897
11.782287
11.999128
11.5611925
11.454897
11.454897
12.432813
11.888581
12.105423
11.021213
12.653906
12.322266
11.782287
11.999128
12.432813
11.454897
12.326517
12.322266
10.800118
11.999128
11.888581
11.454897
11.999128
11.67174
11.888581
12.21597
12.649654
11.34435
11.999128
11.888581
11.5611925
11.999128
11.454897
11.34435
12.21597
12.322266
11.778034
11.888581
11.454897
11.34435
12.432813
11.34435
11.888581
11.454897
11.5611925
11.127508
11.67174
11.888581
11.34435
11.888581
11.888581
12.105423
11.454897
12.21597
11.454897
12.21597
11.888581
11.238055
11.888581
12.21597
10.9106655
11.782287
11.5611925
11.454897
12.432813
11.999128
11.67174
12.21597
11.67174
11.454897
12.21597
11.999128
12.109674
12.21597
12.21597
11.67174
11.34435
11.454897
11.348601
11.778034
11.782287
11.5611925
11.127508
12.326517
11.782287
11.888581
12.326517
12.649654
11.454897
12.21597
12.326517
12.105423
12.21597
11.565443
11.888581
12.21597
12.21597
12.105423
12.21597
12.21597
11.238055
11.782287
11.67174
11.454897
11.454897
11.999128
11.454897
11.999128
11.233803
11.454897
11.5611925
11.999128
11.999128
12.432813
11.999128
11.67174
12.437064
12.105423
11.999128
11.67174
12.432813
12.54336
11.5611925
12.326517
11.5611925
11.454897
11.888581
12.653906
11.34435
11.999128
12.432813
11.782287
11.782287
11.888581
11.888581
11.5611925
11.233803
11.565443
11.778034
11.782287
12.21597
12.54336
12.21597
12.105423
12.109674
12.322266
11.127508
11.888581
11.238055
11.34435
11.67174
12.760201
11.67174
11.127508
11.5611925
12.326517
11.778034
11.34435
11.67174
11.888581
11.34435
11.34435
11.888581
11.450645
12.326517
12.105423
11.565443
12.539107
11.999128
11.999128
12.105423
11.782287
11.888581
11.888581
12.21597
11.888581
11.782287
11.994876
11.454897
11.233803
11.999128
11.34435
11.34435
12.539107
11.34435
12.105423
11.34435
11.454897
11.67174
11.67174
12.432813
11.454897
11.67174
11.021213
12.54336
11.67174
11.127508
11.127508
12.326517
12.649654
12.21597
11.888581
11.999128
11.450645
10.9106655
12.21597
12.432813
11.565443
12.105423
12.54336
11.888581
12.432813
11.892833
12.105423
11.34435
12.54336
12.760201
11.778034
11.67174
11.994876
11.565443
12.54336
12.21597
11.67174
11.67174
11.233803
11.67174
12.21597
12.105423
11.127508
11.67174
12.21597
11.999128
11.5611925
12.105423
12.326517
12.322266
12.432813
11.67174
11.67174
11.454897
11.778034
11.778034
12.21597
11.782287
11.67174
11.67174
11.888581
11.778034
12.326517
12.653906
11.888581
11.5611925
12.54336
12.105423
11.34435
11.34435
12.21597
12.432813
12.109674
11.34435
12.21597
12.54336
11.888581
11.782287
11.5611925
12.21597
11.454897
11.782287
11.34435
11.67174
11.5611925
11.888581
12.653906
12.105423
11.016961
11.782287
11.67174
11.892833
11.67174
11.565443
11.782287
11.238055
12.432813
10.9106655
11.67174
11.999128
11.34435
12.432813
11.888581
11.238055
12.21597
11.778034
12.21597
11.778034
11.999128
11.565443
12.21597
11.67174
11.994876
12.105423
11.67174
11.5611925
11.127508
12.649654
12.21597
11.782287
11.127508
12.21597
12.21597
10.583277
10.800118
12.21597
11.67174
11.999128
12.105423
12.54336
12.649654
11.127508
12.21597
11.999128
11.778034
11.999128
12.432813
12.54336
12.322266
11.454897
12.21597
12.21597
12.21597
11.999128
12.432813
11.888581
11.5611925
11.999128
12.54336
12.54336
11.999128
11.34435
12.870748
11.888581
11.778034
11.888581
12.21597
12.432813
12.54336
11.782287
12.326517
11.127508
11.238055
11.888581
11.782287
11.782287
11.778034
12.21597
12.649654
11.999128
12.326517
11.778034
11.34435
11.5611925
11.021213
11.34435
11.999128
11.67174
11.454897
11.67174
12.54336
12.322266
11.67174
11.888581
11.888581
11.888581
12.54336
12.432813
11.454897
12.105423
12.109674
11.34435
11.782287
11.67174
11.782287
12.21597
11.888581
11.994876
11.565443
12.322266
11.238055
11.994876
11.888581
12.21597
11.888581
11.016961
12.432813
11.233803
11.67174
11.999128
11.5611925
11.233803
12.54336
11.888581
11.888581
11.454897
11.888581
12.54336
11.5611925
12.54336
12.21597
11.34435
12.54336
12.105423
12.432813
11.34435
12.326517
11.34435
11.999128
11.67174
12.21597
12.109674
11.5611925
12.21597
12.21597
12.21597
12.432813
12.109674
11.454897
12.326517
12.432813
11.67174
11.999128
12.21597
12.21597
11.67174
11.999128
12.54336
11.34435
12.21597
11.5611925
11.888581
12.760201
12.322266
11.238055
12.21597
12.326517
11.999128
11.999128
12.326517
12.649654
11.127508
12.109674
11.994876
10.800118
11.454897
11.34435
11.127508
11.454897
12.54336
12.105423
11.127508
12.105423
12.21597
11.34435
11.34435
11.782287
11.999128
11.238055
12.109674
11.34435
12.432813
11.450645
11.67174
11.67174
11.67174
11.454897
12.432813
11.127508
12.54336
12.649654
11.233803
11.67174
12.649654
11.67174
12.21597
11.34435
11.127508
11.67174
12.326517
11.67174
12.105423
11.016961
12.54336
11.888581
11.999128
12.21597
12.432813
11.454897
11.454897
11.454897
11.999128
12.21597
12.977044
11.67174
11.127508
12.105423
12.21597
11.999128
12.105423
11.999128
11.999128
11.888581
11.888581
12.54336
11.454897
12.105423
11.454897
11.34435
11.127508
11.888581
11.999128
12.105423
11.016961
11.454897
12.432813
11.127508
12.54336
12.649654
11.67174
12.760201
11.67174
12.432813
11.5611925
12.326517
11.782287
11.67174
12.326517
11.999128
11.994876
11.5611925
12.760201
11.778034
11.782287
12.432813
11.999128
11.888581
11.999128
11.67174
11.127508
11.67174
11.782287
11.782287
11.450645
12.54336
12.432813
11.454897
11.5611925
12.105423
12.21597
11.34435
12.21597
11.34435
11.454897
12.432813
12.21597
11.454897
11.34435
11.999128
11.67174
11.5611925
12.432813
11.999128
11.67174
12.21597
11.782287
11.994876
10.9106655
12.21597
12.105423
11.67174
12.760201
11.454897
12.21597
12.105423
11.999128
12.21597
12.109674
11.999128
12.54336
12.21597
12.21597
11.999128
11.34435
11.454897
11.5611925
11.888581
11.67174
12.54336
12.105423
11.782287
11.782287
11.888581
11.67174
11.34435
11.782287
12.322266
11.888581
11.999128
11.127508
10.9106655
11.999128
11.454897
11.454897
11.892833
11.5611925
11.565443
11.888581
11.888581
12.21597
12.322266
11.34435
12.432813
12.105423
11.782287
12.322266
11.454897
12.326517
11.5611925
11.233803
11.34435
12.21597
11.238055
12.326517
11.888581
11.34435
11.999128
12.432813
11.238055
12.322266
11.888581
11.67174
12.21597
11.999128
12.21597
10.9106655
12.432813
11.5611925
11.454897
11.778034
11.999128
12.326517
12.105423
12.653906
12.432813
11.67174
12.870748
12.105423
11.127508
12.432813
11.67174
12.760201
12.21597
11.888581
11.994876
12.432813
12.54336
11.67174
11.34435
12.105423
11.454897
11.782287
11.888581
12.54336
12.432813
12.105423
11.782287
12.21597
11.999128
11.782287
11.67174
11.999128
12.322266
11.5611925
12.326517
11.34435
11.888581
12.21597
11.34435
12.54336
11.888581
11.34435
12.870748
11.888581
10.9106655
11.34435
12.649654
11.999128
11.5611925
12.105423
11.565443
12.105423
12.21597
11.782287
11.67174
11.34435
11.999128
12.21597
11.888581
11.888581
12.21597
11.782287
12.21597
11.127508
12.54336
11.34435
11.565443
11.888581
11.888581
11.888581
12.437064
11.782287
11.778034
11.782287
12.432813
12.432813
12.326517
11.999128
11.67174
11.021213
12.870748
11.888581
11.454897
12.54336
12.21597
10.9106655
11.888581
12.977044
12.432813
12.54336
11.454897
11.454897
11.778034
11.67174
11.67174
11.34435
12.109674
12.432813
11.238055
12.105423
12.649654
11.782287
12.326517
12.649654
11.454897
12.432813
11.67174
11.127508
12.322266
11.454897
11.999128
11.454897
11.999128
11.888581
11.67174
11.888581
11.34435
11.348601
12.649654
12.21597
12.326517
12.432813
12.326517
12.432813
11.127508
12.432813
12.432813
11.454897
12.21597
12.322266
11.67174
11.67174
11.888581
11.782287
11.999128
11.127508
12.870748
11.667487
11.238055
11.888581
11.5611925
12.432813
11.5611925
11.782287
12.105423
11.782287
11.67174
11.454897
11.34435
12.105423
12.432813
11.999128
12.105423
11.238055
11.34435
12.760201
11.778034
11.888581
11.127508
12.54336
11.5611925
12.109674
11.34435
12.54336
11.67174
12.326517
11.233803
11.999128
11.5611925
11.888581
11.67174
11.34435
11.782287
11.888581
11.782287
11.233803
12.326517
11.994876
11.454897
11.454897
11.016961
12.760201
11.5611925
11.999128
12.105423
11.782287
11.888581
11.454897
12.432813
11.34435
12.649654
12.109674
11.999128
12.760201
11.454897
11.454897
11.454897
11.782287
11.5611925
11.238055
11.127508
12.326517
12.105423
11.238055
11.782287
11.999128
11.5611925
11.34435
12.760201
12.21597
11.888581
10.800118
12.760201
12.54336
12.21597
12.54336
11.5611925
12.109674
11.34435
11.782287
11.454897
11.892833
11.999128
11.888581
11.450645
12.326517
12.21597
11.999128
11.888581
12.649654
11.454897
11.782287
11.67174
11.127508
11.999128
11.999128
11.67174
11.5611925
11.565443
11.67174
11.67174
11.778034
12.326517
11.67174
11.233803
12.54336
12.21597
12.760201
11.454897
11.888581
11.888581
12.21597
12.21597
11.782287
12.105423
11.999128
11.67174
12.54336
12.105423
12.326517
11.34435
11.999128
11.5611925
12.977044
11.782287
12.760201
11.454897
11.5611925
11.34435
11.348601
12.432813
11.016961
11.782287
12.432813
11.454897
11.127508
11.67174
11.454897
12.54336
11.67174
12.21597
12.21597
11.67174
12.432813
12.105423
12.326517
11.888581
12.21597
12.432813
11.888581
11.999128
11.888581
11.888581
12.21597
11.778034
11.127508
10.9106655
12.326517
11.67174
11.999128
12.21597
11.5611925
11.34435
12.54336
12.322266
11.34435
12.54336
12.105423
11.67174
12.21597
11.782287
11.34435
11.778034
12.54336
11.888581
11.999128
12.54336
11.994876
12.54336
12.21597
12.54336
11.999128
12.105423
12.21597
12.105423
12.326517
12.54336
11.016961
12.54336
11.999128
11.454897
12.21597
11.994876
11.34435
11.888581
11.999128
12.21597
11.454897
12.21597
11.778034
12.21597
11.5611925
11.67174
11.67174
11.999128
12.21597
11.67174
11.67174
11.67174
11.454897
11.782287
11.34435
12.760201
11.888581
11.34435
11.67174
11.5611925
11.565443
11.888581
12.649654
11.888581
12.432813
11.127508
11.67174
11.016961
12.54336
12.105423
11.454897
11.238055
12.432813
12.21597
11.888581
11.5611925
11.782287
11.888581
12.870748
12.21597
11.454897
12.653906
11.888581
11.127508
11.999128
11.888581
11.999128
11.67174
11.888581
11.67174
12.326517
12.21597
12.432813
11.782287
12.21597
11.016961
12.21597
11.888581
11.778034
11.892833
11.34435
12.326517
11.67174
12.322266
12.109674
12.105423
12.432813
11.67174
11.999128
12.653906
11.67174
11.888581
12.54336
11.67174
10.9106655
12.326517
12.105423
11.999128
12.649654
11.67174
12.54336
11.778034
11.782287
12.105423
10.9106655
11.999128
12.105423
11.127508
12.21597
12.977044
12.54336
11.782287
12.322266
11.016961
11.454897
12.432813
11.34435
12.21597
11.999128
12.105423
11.016961
12.21597
11.778034
11.34435
12.432813
12.649654
11.782287
11.888581
11.888581
11.67174
11.778034
11.999128
11.67174
12.105423
12.21597
11.999128
11.127508
11.888581
11.782287
11.34435
11.67174
11.999128
11.994876
12.326517
11.782287
11.5611925
11.127508
12.21597
12.649654
11.565443
11.888581
12.105423
12.105423
11.127508
11.67174
11.782287
11.67174
11.888581
11.999128
12.21597
11.34435
11.999128
11.450645
11.782287
11.5611925
11.454897
12.432813
12.322266
11.999128
11.34435
11.67174
11.67174
11.454897
12.326517
12.21597
11.67174
12.21597
11.454897
11.127508
12.653906
11.67174
10.9106655
11.67174
12.21597
10.9106655
11.5611925
11.34435
11.454897
12.649654
11.999128
11.5611925
11.5611925
11.67174
12.21597
12.21597
11.5611925
11.454897
11.34435
11.34435
12.649654
11.888581
11.999128
12.326517
11.888581
11.67174
12.21597
11.994876
11.127508
12.54336
11.888581
11.021213
13.08759
12.105423
11.454897
11.67174
11.67174
11.782287
11.5611925
11.127508
11.5611925
11.5611925
11.888581
11.892833
11.67174
11.999128
12.105423
12.432813
11.999128
11.5611925
10.800118
12.870748
11.5611925
12.326517
11.67174
11.454897
11.238055
11.34435
12.432813
12.54336
12.105423
11.67174
11.5611925
11.454897
12.760201
11.888581
11.67174
12.326517
12.432813
11.565443
12.432813
11.5611925
12.432813
11.67174
11.67174
11.999128
11.888581
11.999128
12.54336
11.999128
12.21597
11.778034
12.54336
11.016961
11.67174
11.67174
11.888581
11.565443
11.888581
11.782287
11.782287
11.888581
11.34435
12.653906
12.105423
11.127508
12.326517
11.5611925
11.888581
11.782287
12.760201
11.888581
12.432813
12.432813
12.21597
11.782287
11.5611925
10.800118
12.432813
11.67174
11.233803
12.432813
12.21597
11.888581
11.454897
11.67174
12.105423
11.888581
11.5611925
11.67174
11.994876
11.5611925
12.432813
12.105423
12.653906
11.454897
11.34435
11.67174
12.21597
11.5611925
11.67174
12.432813
11.34435
11.454897
11.67174
12.105423
11.67174
11.778034
11.5611925
11.888581
11.888581
12.54336
11.892833
11.5611925
12.21597
11.999128
11.778034
11.238055
11.782287
11.782287
11.127508
12.21597
11.888581
11.34435
12.760201
11.999128
12.21597
11.67174
12.326517
11.778034
11.565443
12.326517
11.5611925
12.109674
11.5611925
12.21597
12.432813
11.999128
11.994876
12.21597
11.34435
11.782287
12.432813
11.238055
12.54336
12.326517
11.782287
11.888581
12.432813
11.67174
11.888581
11.238055
12.21597
11.5611925
11.888581
12.54336
11.34435
11.999128
12.105423
11.999128
12.432813
11.238055
11.5611925
11.892833
11.450645
11.127508
11.67174
11.34435
12.326517
11.999128
12.432813
12.432813
12.105423
12.322266
11.999128
11.888581
12.322266
11.34435
12.326517
12.21597
11.67174
12.21597
11.5611925
11.999128
11.233803
11.565443
12.105423
11.34435
12.109674
11.454897
11.778034
11.67174
11.888581
11.999128
11.888581
12.21597
12.432813
11.999128
12.54336
11.34435
11.999128
12.432813
12.21597
12.21597
11.888581
12.326517
12.326517
11.34435
12.432813
11.778034
11.999128
12.21597
12.432813
12.54336
12.105423
11.454897
12.432813
12.54336
11.999128
11.888581
11.67174
11.888581
12.21597
11.888581
11.67174
11.5611925
12.760201
12.432813
11.127508
12.326517
11.888581
11.454897
11.892833
11.016961
11.127508
11.888581
12.649654
11.67174
11.127508
11.999128
12.760201
12.539107
11.5611925
11.67174
11.994876
11.454897
11.5611925
12.432813
11.127508
11.5611925
12.21597
12.54336
11.999128
11.888581
12.54336
11.5611925
12.109674
12.432813
12.105423
12.21597
11.5611925
11.5611925
11.999128
11.888581
12.54336
11.67174
11.888581
12.649654
11.67174
11.888581
11.888581
12.432813
11.34435
12.21597
12.760201
11.454897
11.888581
11.67174
11.67174
11.5611925
10.9106655
11.888581
12.109674
11.888581
11.67174
12.432813
12.54336
11.778034
11.782287
12.105423
11.888581
11.238055
11.67174
12.21597
11.34435
12.21597
12.21597
12.326517
11.5611925
12.760201
11.782287
11.5611925
11.999128
11.888581
11.778034
12.105423
11.34435
11.127508
12.109674
11.778034
12.105423
11.67174
11.5611925
12.21597
12.432813
12.760201
11.67174
12.21597
12.54336
12.21597
11.888581
12.649654
11.67174
11.888581
11.67174
11.454897
11.67174
11.127508
12.653906
11.778034
11.565443
11.67174
11.34435
12.432813
11.34435
11.888581
12.870748
11.5611925
11.454897
11.892833
11.5611925
11.127508
12.21597
12.21597
11.34435
11.67174
11.454897
11.67174
11.888581
11.454897
11.238055
11.5611925
11.5611925
11.67174
11.888581
11.888581
12.54336
12.21597
11.127508
11.782287
12.432813
11.888581
12.432813
12.432813
11.67174
12.54336
12.760201
11.34435
11.782287
11.782287
11.5611925
11.127508
11.999128
12.432813
11.016961
11.782287
12.21597
12.105423
10.800118
11.67174
12.54336
11.67174
11.5611925
11.454897
11.67174
12.54336
12.977044
11.782287
11.34435
12.326517
11.999128
11.67174
12.326517
12.432813
11.888581
12.653906
11.994876
12.326517
12.54336
11.994876
11.67174
11.999128
12.432813
12.437064
11.778034
12.432813
11.999128
12.322266
11.454897
11.999128
11.5611925
12.326517
12.432813
12.21597
11.999128
12.432813
11.888581
11.999128
11.67174
10.906414
12.109674
12.649654
11.782287
12.21597
11.999128
11.454897
11.782287
11.67174
11.016961
11.999128
11.888581
11.999128
12.21597
11.888581
11.5611925
11.782287
11.782287
12.649654
11.999128
11.565443
11.999128
11.999128
11.233803
11.67174
12.54336
11.999128
11.016961
11.67174
11.5611925
11.454897
11.994876
12.432813
11.67174
11.34435
11.782287
12.105423
12.326517
11.5611925
12.105423
12.21597
11.888581
12.54336
11.67174
12.432813
11.888581
11.454897
12.21597
11.34435
12.21597
12.21597
11.450645
12.21597
11.778034
11.233803
11.127508
12.54336
12.322266
12.21597
11.016961
11.782287
11.999128
11.34435
12.432813
12.105423
10.800118
12.326517
12.105423
11.34435
11.888581
11.999128
11.782287
11.778034
11.782287
11.999128
12.760201
11.67174
11.67174
11.454897
11.5611925
11.127508
11.782287
11.5611925
11.565443
11.999128
11.5611925
11.888581
12.21597
11.5611925
11.778034
13.08759
12.432813
12.109674
12.326517
11.34435
11.454897
12.54336
12.105423
12.326517
12.432813
12.432813
12.21597
11.888581
12.649654
11.999128
11.67174
11.888581
11.565443
12.432813
11.565443
11.888581
11.016961
12.21597
12.105423
11.67174
12.54336
12.54336
11.454897
11.999128
11.565443
11.782287
11.778034
11.67174
11.67174
12.54336
12.432813
11.999128
12.105423
11.782287
11.565443
11.233803
11.454897
12.326517
11.888581
12.760201
11.782287
11.5611925
11.999128
12.432813
12.21597
12.54336
12.21597
11.454897
11.450645
12.54336
11.888581
12.21597
12.54336
12.54336
11.454897
12.105423
11.454897
12.21597
12.432813
11.67174
11.67174
11.454897
12.326517
11.34435
11.454897
11.67174
10.693824
11.782287
11.888581
12.326517
11.999128
11.67174
12.21597
11.454897
11.999128
12.649654
11.450645
12.432813
12.432813
11.67174
12.432813
11.888581
11.999128
11.999128
12.322266
10.800118
12.326517
11.34435
11.782287
12.432813
11.5611925
11.565443
11.888581
12.649654
11.782287
12.649654
12.21597
11.238055
11.67174
12.432813
11.238055
11.34435
11.999128
11.999128
11.888581
11.67174
12.760201
11.34435
11.782287
11.34435
12.21597
12.326517
12.326517
11.5611925
11.67174
12.105423
11.888581
12.760201
12.322266
11.34435
11.67174
12.54336
12.54336
11.233803
11.888581
11.888581
12.105423
12.326517
11.34435
12.432813
12.760201
12.21597
12.432813
11.127508
12.21597
11.67174
12.21597
12.109674
12.326517
11.67174
11.67174
12.105423
11.454897
11.5611925
12.54336
12.432813
12.54336
11.67174
11.34435
12.760201
12.105423
11.016961
11.454897
12.760201
12.54336
12.21597
11.127508
11.127508
11.782287
11.67174
12.105423
11.454897
11.782287
12.21597
11.67174
12.432813
11.782287
11.67174
11.454897
11.888581
11.454897
11.888581
11.999128
11.888581
11.454897
11.999128
11.67174
12.432813
12.54336
11.999128
11.67174
12.432813
11.5611925
11.34435
12.105423
11.782287
11.999128
12.21597
12.322266
12.326517
12.760201
11.34435
11.67174
11.67174
12.54336
11.999128
12.21597
12.760201
12.21597
11.67174
12.432813
11.778034
12.649654
11.127508
12.326517
12.54336
11.778034
11.565443
11.888581
11.5611925
12.54336
10.800118
12.21597
11.5611925
12.21597
12.322266
11.34435
12.105423
12.109674
12.54336
12.432813
11.999128
11.888581
12.326517
11.67174
11.454897
12.105423
11.999128
12.322266
11.454897
11.999128
12.54336
12.105423
12.21597
11.888581
11.454897
11.238055
11.5611925
11.782287
12.432813
11.454897
11.5611925
11.888581
11.5611925
11.67174
11.34435
11.016961
12.539107
11.67174
11.34435
11.67174
12.109674
12.105423
11.782287
11.67174
11.67174
12.105423
11.782287
11.782287
11.888581
12.54336
11.67174
11.238055
12.653906
11.5611925
11.5611925
12.105423
12.54336
11.888581
11.67174
12.760201
12.322266
12.109674
12.105423
12.322266
11.67174
11.34435
11.892833
12.432813
12.21597
11.999128
11.888581
12.21597
12.760201
12.653906
11.999128
11.782287
11.34435
11.67174
11.888581
11.454897
11.999128
12.105423
12.54336
11.34435
12.105423
12.21597
12.105423
11.454897
11.5611925
11.34435
12.105423
11.999128
12.105423
11.34435
11.999128
11.34435
11.565443
11.5611925
12.870748
12.432813
11.021213
11.67174
12.870748
11.454897
11.67174
11.5611925
12.649654
11.67174
11.565443
11.34435
12.326517
11.34435
11.888581
11.238055
11.454897
12.432813
11.34435
11.67174
12.105423
11.999128
11.67174
12.432813
11.34435
11.888581
11.67174
12.54336
12.21597
11.5611925
12.54336
11.233803
11.999128
12.649654
11.782287
12.326517
11.565443
11.778034
11.67174
12.977044
12.326517
12.539107
11.34435
12.870748
12.105423
12.326517
11.34435
12.432813
12.649654
11.888581
11.67174
12.432813
12.105423
11.888581
12.21597
11.999128
11.67174
11.67174
12.432813
11.888581
11.016961
12.432813
11.67174
11.888581
11.454897
11.67174
11.5611925
11.67174
11.782287
12.105423
10.800118
12.326517
12.21597
11.999128
12.760201
11.888581
11.888581
12.21597
11.888581
12.326517
11.778034
12.326517
12.760201
11.5611925
11.454897
12.21597
11.016961
12.21597
12.322266
11.67174
11.450645
12.21597
11.888581
11.888581
11.34435
12.326517
12.649654
11.238055
12.109674
11.67174
12.432813
11.016961
11.892833
12.432813
11.994876
11.565443
12.322266
12.21597
12.432813
11.67174
11.127508
11.34435
11.67174
12.21597
11.127508
12.109674
11.888581
10.9106655
12.109674
12.649654
11.348601
11.782287
12.105423
11.67174
11.5611925
11.67174
12.54336
11.127508
12.432813
12.432813
11.238055
11.888581
11.67174
12.649654
11.5611925
11.999128
11.994876
11.454897
11.67174
12.326517
11.348601
11.67174
11.454897
11.454897
11.888581
11.999128
12.432813
11.34435
11.67174
11.888581
11.454897
12.54336
12.760201
11.454897
11.34435
11.888581
12.21597
11.999128
12.105423
11.5611925
12.649654
11.999128
11.34435
11.999128
11.999128
11.454897
11.67174
11.67174
11.5611925
11.127508
12.326517
12.105423
11.782287
11.5611925
12.21597
11.34435
11.454897
12.653906
12.760201
11.238055
11.67174
11.5611925
11.127508
11.5611925
11.782287
12.432813
11.5611925
12.109674
12.432813
11.999128
11.782287
12.21597
12.54336
12.105423
11.127508
12.326517
11.888581
11.999128
11.454897
11.999128
11.782287
12.432813
11.34435
11.999128
11.999128
11.782287
12.432813
12.432813
12.326517
11.454897
12.105423
12.54336
12.105423
11.782287
12.432813
12.105423
12.54336
11.233803
12.432813
11.67174
11.999128
11.782287
11.782287
12.105423
12.21597
12.54336
11.238055
12.54336
12.21597
12.21597
11.454897
12.977044
12.105423
11.127508
12.432813
11.454897
11.67174
11.238055
12.432813
12.54336
11.565443
11.233803
11.999128
12.54336
11.34435
12.21597
12.432813
11.238055
11.67174
11.778034
12.54336
12.105423
11.454897
11.888581
12.105423
11.454897
12.432813
11.565443
12.649654
12.326517
11.67174
11.454897
12.760201
12.54336
12.21597
12.105423
11.34435
11.892833
12.21597
12.21597
11.999128
12.21597
11.782287
12.54336
12.760201
11.778034
12.326517
11.67174
11.999128
12.326517
11.34435
11.5611925
12.109674
12.105423
11.5611925
11.782287
11.778034
12.21597
12.322266
11.454897
11.999128
11.5611925
11.67174
12.54336
12.105423
11.565443
12.432813
11.34435
11.782287
12.649654
11.34435
12.653906
11.778034
11.127508
11.999128
12.432813
11.454897
11.127508
11.5611925
11.5611925
11.67174
11.34435
11.34435
12.54336
11.888581
11.5611925
11.238055
12.105423
11.34435
11.565443
11.454897
11.888581
11.782287
12.760201
11.999128
12.109674
11.999128
11.5611925
11.5611925
12.21597
11.67174
11.999128
12.21597
12.54336
11.5611925
11.999128
12.21597
11.34435
11.454897
11.5611925
11.888581
12.432813
12.21597
11.999128
12.105423
12.21597
12.432813
11.888581
12.21597
12.21597
12.54336
11.34435
11.999128
11.778034
11.999128
11.999128
11.454897
11.454897
11.454897
12.760201
11.888581
12.54336
12.326517
11.5611925
11.782287
11.34435
11.999128
11.67174
11.67174
12.649654
11.999128
11.67174
11.67174
11.888581
11.67174
11.454897
12.432813
11.782287
12.105423
12.21597
11.999128
12.322266
12.322266
12.21597
11.999128
12.653906
12.760201
11.67174
12.649654
12.109674
12.21597
11.5611925
11.888581
12.432813
11.565443
11.994876
12.54336
11.999128
11.5611925
12.54336
12.105423
11.782287
11.67174
11.565443
11.888581
11.454897
11.888581
12.109674
12.54336
12.437064
11.016961
12.326517
12.649654
11.34435
12.105423
12.326517
11.34435
11.127508
11.67174
11.5611925
12.432813
11.348601
11.5611925
12.54336
12.21597
11.5611925
12.432813
11.782287
12.21597
11.67174
11.454897
11.67174
11.5611925
11.127508
12.54336
12.322266
11.67174
11.5611925
11.34435
12.105423
11.454897
11.888581
12.21597
11.67174
11.565443
11.999128
11.67174
11.888581
11.888581
12.21597
12.326517
12.21597
12.105423
11.238055
12.21597
11.782287
12.322266
11.127508
12.105423
10.800118
11.5611925
11.34435
12.54336
11.67174
11.127508
11.67174
12.866496
12.21597
12.326517
11.67174
12.322266
11.34435
12.21597
11.994876
11.782287
11.565443
11.888581
12.432813
10.583277
11.782287
11.888581
11.67174
12.326517
12.432813
11.34435
12.326517
11.888581
11.565443
11.67174
11.999128
11.565443
12.21597
12.21597
11.67174
11.999128
11.999128
12.105423
11.127508
12.54336
12.432813
12.21597
11.888581
12.649654
12.54336
11.782287
11.888581
12.326517
11.778034
11.782287
12.432813
12.21597
12.326517
11.67174
11.127508
11.999128
11.34435
11.454897
12.21597
11.5611925
12.54336
11.5611925
11.999128
11.999128
11.5611925
11.454897
12.653906
12.432813
10.800118
12.21597
11.778034
11.127508
12.21597
12.105423
11.999128
12.760201
11.888581
12.21597
12.21597
11.778034
10.9106655
11.892833
12.432813
12.21597
12.54336
12.105423
11.127508
12.653906
11.778034
11.233803
11.67174
12.105423
12.21597
12.54336
12.432813
11.454897
12.109674
11.999128
12.21597
11.999128
11.994876
12.432813
11.778034
11.888581
11.5611925
11.888581
12.54336
11.888581
11.127508
12.105423
11.778034
11.999128
12.649654
11.5611925
12.21597
11.778034
12.653906
12.649654
11.454897
11.454897
11.34435
11.016961
11.888581
12.432813
11.016961
12.760201
12.21597
12.54336
11.999128
11.454897
11.238055
11.999128
11.778034
12.326517
11.999128
11.454897
12.21597
12.760201
12.54336
12.21597
11.233803
11.5611925
11.999128
11.454897
11.999128
12.432813
11.127508
12.760201
11.888581
12.54336
11.888581
11.999128
11.5611925
12.653906
12.432813
11.67174
11.888581
12.432813
11.888581
11.782287
12.432813
11.5611925
11.999128
12.432813
11.999128
12.105423
12.432813
12.322266
12.326517
12.105423
11.888581
11.999128
11.5611925
11.34435
12.21597
12.21597
12.54336
11.67174
11.238055
12.326517
11.5611925
11.888581
12.109674
12.760201
11.454897
12.21597
11.565443
12.54336
12.432813
11.67174
12.105423
11.127508
12.54336
12.432813
11.238055
12.432813
11.999128
11.999128
12.21597
11.782287
12.649654
11.454897
11.888581
11.888581
11.454897
12.760201
12.54336
11.888581
11.454897
12.21597
11.5611925
11.999128
11.888581
12.649654
11.454897
11.888581
12.326517
11.888581
11.34435
11.782287
11.667487
11.67174
11.454897
12.21597
11.67174
11.5611925
11.782287
11.5611925
11.888581
12.326517
12.432813
11.34435
11.888581
12.21597
11.565443
12.760201
11.67174
12.21597
12.432813
12.109674
11.67174
12.21597
12.649654
12.432813
12.326517
11.5611925
11.454897
12.432813
11.888581
11.888581
12.54336
11.888581
12.21597
12.432813
11.782287
11.34435
11.127508
11.999128
11.67174
12.21597
12.54336
12.105423
12.54336
12.760201
12.432813
12.760201
12.54336
11.778034
11.888581
11.67174
12.326517
11.999128
11.238055
12.21597
11.454897
10.9106655
12.105423
11.454897
11.454897
12.432813
12.432813
12.105423
12.109674
12.21597
12.21597
12.54336
11.127508
11.782287
11.778034
11.999128
11.888581
11.999128
11.34435
11.67174
11.782287
12.105423
12.326517
11.999128
11.999128
11.565443
11.994876
12.432813
11.5611925
11.67174
11.778034
11.888581
11.67174
11.454897
12.977044
11.238055
12.432813
11.454897
11.565443
12.21597
12.21597
11.67174
11.34435
11.888581
11.999128
12.54336
11.34435
11.999128
11.999128
12.870748
12.21597
11.67174
11.888581
11.888581
11.34435
11.782287
12.54336
12.21597
11.999128
12.432813
11.454897
11.999128
12.760201
11.565443
11.999128
11.67174
11.5611925
11.888581
12.326517
11.67174
11.454897
11.454897
12.21597
11.782287
11.888581
12.54336
12.432813
11.888581
11.999128
11.999128
11.5611925
11.999128
11.67174
11.5611925
12.437064
11.778034
11.238055
12.54336
11.67174
11.999128
11.782287
11.778034
12.326517
12.866496
11.999128
11.778034
11.888581
11.565443
12.21597
11.67174
11.782287
12.760201
11.565443
12.109674
12.432813
11.67174
12.21597
12.653906
12.109674
12.432813
12.54336
11.233803
12.54336
12.432813
12.109674
11.5611925
11.782287
11.782287
11.782287
11.888581
12.54336
11.67174
12.54336
11.999128
12.432813
11.782287
12.977044
11.999128
11.888581
12.432813
11.454897
12.760201
11.454897
12.432813
11.782287
12.326517
11.34435
11.782287
12.649654
11.782287
11.5611925
12.432813
12.21597
12.105423
12.54336
12.760201
11.999128
12.21597
11.67174
11.782287
12.432813
11.999128
11.999128
11.565443
12.21597
11.233803
12.649654
11.565443
12.21597
12.21597
11.67174
11.454897
11.67174
10.689571
11.888581
11.454897
12.21597
10.689571
12.326517
12.54336
11.778034
11.233803
11.5611925
11.5611925
11.888581
11.888581
11.782287
11.5611925
11.565443
11.778034
12.54336
11.67174
11.127508
12.432813
11.888581
12.54336
12.21597
11.778034
12.54336
11.888581
11.67174
12.54336
12.649654
12.326517
12.105423
12.109674
12.105423
11.67174
11.450645
12.653906
12.760201
11.67174
12.432813
12.326517
12.322266
11.999128
12.105423
11.67174
11.782287
12.432813
12.760201
12.21597
11.888581
12.21597
11.67174
12.870748
11.34435
11.782287
11.127508
12.54336
12.105423
12.54336
11.5611925
12.21597
11.67174
12.21597
11.5611925
12.105423
11.888581
12.54336
11.999128
11.999128
12.21597
11.127508
11.888581
11.999128
11.888581
12.326517
12.105423
11.782287
11.888581
12.54336
12.21597
12.21597
11.34435
11.999128
11.5611925
12.649654
11.999128
11.5611925
11.782287
12.760201
11.67174
11.238055
12.21597
11.994876
11.782287
11.5611925
11.999128
11.34435
12.21597
11.782287
11.34435
11.454897
11.238055
11.994876
12.21597
12.105423
11.67174
11.67174
11.888581
11.127508
12.54336
11.5611925
11.454897
11.67174
12.760201
12.54336
11.67174
11.67174
12.322266
11.999128
11.888581
12.21597
12.326517
11.888581
11.565443
12.649654
11.999128
12.653906
11.5611925
11.782287
11.999128
11.67174
12.326517
11.67174
12.326517
11.67174
11.888581
11.888581
12.105423
11.999128
11.67174
12.54336
11.782287
12.760201
12.21597
12.653906
12.432813
11.888581
12.105423
12.21597
12.21597
11.5611925
12.21597
12.432813
12.760201
11.888581
11.348601
12.977044
11.454897
12.109674
12.21597
12.977044
11.238055
11.5611925
11.782287
11.888581
11.888581
12.54336
11.888581
11.565443
12.432813
12.432813
12.21597
12.432813
11.999128
12.109674
12.432813
11.233803
11.454897
12.432813
12.432813
12.326517
12.21597
12.432813
11.454897
12.54336
11.778034
11.67174
11.67174
11.888581
11.238055
11.5611925
12.21597
11.454897
12.649654
11.454897
11.782287
11.782287
12.105423
12.109674
12.21597
11.34435
12.326517
12.105423
11.127508
11.34435
11.888581
11.127508
12.54336
11.5611925
11.34435
12.54336
11.34435
11.67174
11.888581
11.454897
11.999128
11.67174
11.67174
12.21597
12.105423
11.565443
12.432813
11.454897
12.870748
11.67174
11.454897
12.760201
11.67174
11.454897
11.67174
11.67174
11.888581
11.782287
12.21597
11.454897
11.233803
11.782287
12.105423
12.54336
12.21597
11.782287
12.760201
11.127508
11.67174
12.649654
11.34435
12.977044
11.5611925
11.238055
12.54336
11.454897
12.109674
11.999128
12.977044
11.888581
11.127508
13.08759
11.454897
11.565443
11.454897
11.999128
12.432813
11.67174
11.67174
12.649654
12.326517
11.233803
11.999128
12.105423
12.326517
11.999128
11.67174
11.782287
12.21597
11.888581
11.67174
11.999128
11.994876
12.109674
11.127508
11.782287
12.21597
11.233803
12.54336
11.778034
11.999128
11.5611925
11.892833
12.21597
11.233803
12.21597
12.649654
12.109674
12.326517
11.5611925
11.999128
11.999128
11.565443
11.565443
11.5611925
11.999128
11.999128
12.54336
12.21597
11.782287
11.67174
12.21597
11.888581
11.016961
12.653906
11.34435
12.21597
11.888581
12.21597
11.999128
11.454897
11.999128
11.782287
11.67174
12.54336
12.21597
11.454897
11.999128
11.778034
11.782287
11.454897
11.454897
11.127508
11.888581
12.432813
12.977044
12.109674
12.760201
11.5611925
11.999128
12.105423
12.54336
11.34435
11.127508
12.653906
12.105423
12.326517
12.322266
12.322266
12.105423
11.127508
12.432813
11.565443
12.649654
12.21597
11.782287
11.5611925
11.233803
12.760201
11.778034
11.999128
11.34435
12.870748
11.5611925
11.34435
12.653906
11.450645
12.21597
11.999128
11.5611925
12.21597
12.21597
12.54336
11.127508
12.54336
11.67174
11.34435
11.782287
12.105423
12.105423
11.888581
12.21597
11.454897
12.21597
12.432813
11.999128
12.760201
12.105423
12.21597
11.67174
11.999128
11.994876
12.21597
12.649654
12.54336
11.67174
12.21597
11.999128
12.322266
11.34435
11.67174
11.67174
11.565443
12.760201
12.54336
11.454897
11.5611925
11.782287
12.760201
11.34435
11.888581
11.888581
12.760201
12.432813
12.109674
11.5611925
12.432813
12.649654
11.565443
11.233803
11.454897
12.21597
11.999128
12.21597
11.888581
11.999128
12.760201
12.326517
11.888581
11.238055
12.54336
11.888581
11.782287
11.67174
11.888581
11.565443
11.67174
12.432813
12.649654
11.021213
11.782287
12.432813
11.454897
11.782287
12.105423
12.21597
11.999128
12.760201
11.67174
11.5611925
11.67174
11.778034
12.54336
11.999128
12.322266
11.999128
11.892833
11.888581
11.565443
11.888581
11.565443
11.454897
11.34435
12.432813
12.432813
12.109674
11.34435
12.326517
12.760201
11.999128
11.34435
11.67174
11.782287
12.54336
11.67174
12.21597
12.870748
11.34435
12.21597
12.109674
12.21597
12.21597
11.34435
11.888581
12.21597
11.67174
11.67174
12.21597
11.782287
12.760201
11.888581
11.454897
12.977044
12.21597
11.67174
10.9106655
11.34435
12.21597
11.5611925
12.432813
11.5611925
11.67174
12.21597
12.21597
11.999128
11.888581
12.21597
11.5611925
11.5611925
12.105423
11.454897
11.999128
12.432813
12.326517
11.67174
11.454897
12.54336
11.016961
12.21597
11.34435
11.999128
11.999128
12.760201
11.999128
11.454897
12.105423
11.888581
12.432813
12.105423
11.888581
12.326517
11.67174
12.54336
11.888581
11.454897
11.782287
12.432813
12.649654
11.127508
11.888581
12.866496
11.999128
12.105423
12.760201
12.432813
12.109674
12.977044
12.322266
11.67174
12.432813
12.760201
11.454897
12.760201
12.105423
11.67174
11.782287
11.34435
11.888581
12.760201
12.105423
12.21597
12.653906
11.67174
11.782287
11.888581
11.888581
11.67174
11.999128
11.888581
12.432813
11.5611925
11.782287
12.653906
11.888581
11.565443
11.782287
12.21597
11.5611925
11.888581
11.454897
12.105423
11.67174
11.5611925
11.782287
11.5611925
12.21597
11.67174
12.21597
12.539107
11.888581
12.326517
12.54336
11.454897
12.109674
12.105423
11.999128
11.782287
11.67174
11.238055
12.432813
11.34435
11.454897
11.454897
11.782287
11.565443
12.21597
11.782287
11.888581
11.238055
11.782287
12.322266
11.999128
11.888581
12.649654
11.782287
11.454897
11.67174
11.999128
12.105423
11.454897
12.322266
11.888581
13.08759
12.21597
12.21597
12.432813
11.67174
12.109674
11.67174
11.565443
12.653906
11.999128
12.54336
12.432813
11.67174
11.67174
11.999128
11.67174
11.778034
12.870748
11.999128
12.105423
11.782287
12.21597
11.454897
12.54336
12.432813
11.67174
12.760201
11.5611925
11.782287
11.999128
11.67174
12.54336
11.888581
11.34435
11.999128
11.67174
12.326517
12.54336
11.892833
12.54336
11.999128
11.999128
11.5611925
11.5611925
12.21597
12.432813
11.67174
11.454897
12.105423
12.437064
12.432813
11.127508
12.760201
12.432813
11.238055
11.454897
11.67174
12.326517
11.450645
11.999128
12.432813
12.54336
12.21597
11.67174
11.34435
12.432813
11.892833
12.21597
11.5611925
11.67174
12.21597
11.127508
12.21597
11.5611925
12.54336
12.54336
11.67174
12.326517
11.888581
12.105423
12.21597
11.450645
11.454897
11.5611925
12.21597
12.326517
11.5611925
11.454897
12.21597
12.54336
11.127508
11.999128
12.54336
12.653906
11.454897
11.782287
11.454897
11.127508
11.67174
12.432813
11.127508
12.432813
12.21597
11.5611925
12.54336
12.21597
11.67174
11.67174
12.760201
12.54336
11.888581
12.54336
11.888581
11.67174
11.999128
11.778034
12.21597
11.67174
11.999128
12.54336
12.649654
11.782287
11.778034
11.67174
12.326517
11.888581
11.34435
12.54336
12.54336
11.454897
12.326517
12.21597
11.888581
11.782287
12.432813
11.782287
11.778034
11.67174
11.888581
12.105423
10.9106655
12.326517
11.34435
11.782287
12.54336
11.454897
11.999128
12.21597
11.34435
12.653906
11.999128
11.999128
12.760201
11.994876
11.454897
12.326517
11.67174
12.21597
11.888581
12.649654
11.888581
11.888581
11.782287
12.21597
11.34435
11.67174
11.999128
12.432813
11.782287
11.888581
11.34435
11.999128
12.326517
11.67174
11.888581
11.34435
12.432813
11.999128
12.432813
11.34435
11.999128
12.21597
11.888581
12.54336
11.888581
12.21597
12.54336
11.67174
11.5611925
12.326517
12.432813
11.67174
11.888581
12.649654
12.21597
11.999128
11.888581
11.34435
11.888581
11.888581
11.34435
11.5611925
12.109674
12.326517
12.21597
12.870748
12.866496
11.565443
11.67174
12.760201
11.565443
12.760201
12.54336
11.565443
11.5611925
11.233803
12.432813
12.21597
11.67174
11.5611925
12.54336
12.432813
11.016961
11.67174
11.778034
12.432813
11.999128
10.9106655
12.326517
11.67174
11.999128
11.5611925
11.999128
11.782287
11.34435
11.999128
12.432813
11.999128
12.760201
11.67174
11.999128
11.34435
12.760201
11.999128
11.34435
11.888581
11.999128
11.127508
12.105423
12.653906
12.432813
12.21597
12.653906
12.760201
11.778034
11.016961
13.08759
12.21597
11.565443
11.34435
12.54336
11.999128
12.322266
11.67174
11.67174
11.34435
12.653906
12.432813
11.5611925
11.888581
12.326517
11.888581
11.782287
12.760201
11.5611925
12.54336
11.999128
11.888581
11.782287
12.21597
11.454897
12.760201
12.760201
12.21597
12.322266
12.760201
11.454897
12.54336
11.999128
11.782287
11.778034
11.782287
12.760201
11.67174
12.54336
11.888581
12.21597
12.54336
12.432813
11.67174
11.454897
12.105423
11.782287
12.326517
12.432813
12.432813
11.888581
12.760201
12.649654
12.21597
12.109674
11.67174
12.21597
11.67174
11.454897
11.34435
12.21597
12.54336
12.326517
12.105423
11.999128
11.892833
11.888581
11.34435
11.454897
11.888581
11.565443
12.54336
11.5611925
11.782287
11.999128
12.322266
11.888581
12.21597
12.432813
12.54336
11.238055
12.21597
11.782287
11.238055
11.127508
12.54336
11.67174
11.67174
11.454897
12.432813
11.888581
11.782287
12.760201
11.454897
12.432813
12.432813
12.322266
12.760201
11.67174
12.432813
12.21597
12.760201
11.782287
11.778034
11.454897
11.888581
12.649654
11.67174
12.326517
12.54336
11.34435
11.5611925
11.127508
11.34435
11.892833
11.888581
12.653906
12.326517
12.432813
11.782287
12.21597
11.67174
12.432813
12.105423
11.999128
11.888581
11.782287
11.34435
11.67174
12.432813
12.21597
11.782287
11.34435
12.326517
12.54336
12.322266
11.999128
11.67174
12.322266
12.760201
12.105423
12.109674
11.67174
11.888581
11.67174
11.778034
11.888581
12.54336
11.5611925
11.782287
11.888581
11.782287
11.5611925
12.653906
12.105423
11.999128
11.5611925
12.653906
12.432813
12.326517
12.21597
11.454897
12.322266
11.34435
12.54336
12.211719
12.21597
12.54336
12.54336
11.888581
11.67174
11.999128
12.870748
11.999128
12.54336
12.326517
11.888581
12.649654
11.127508
12.432813
12.649654
12.432813
12.21597
11.888581
12.326517
11.34435
11.454897
12.21597
12.21597
11.5611925
11.454897
12.322266
11.67174
12.21597
11.34435
12.649654
12.21597
12.105423
11.127508
12.432813
12.539107
11.782287
11.34435
11.892833
11.778034
11.888581
11.454897
12.760201
12.539107
11.778034
11.67174
11.778034
12.322266
11.5611925
11.782287
11.34435
13.08759
11.454897
11.34435
11.888581
11.127508
12.322266
12.326517
12.105423
12.2202215
11.778034
11.67174
11.888581
11.454897
12.432813
11.34435
12.21597
11.5611925
11.021213
11.888581
11.67174
11.5611925
12.760201
11.67174
12.21597
11.888581
11.778034
12.21597
12.326517
11.994876
12.21597
11.888581
11.67174
12.432813
11.999128
12.870748
11.999128
11.5611925
11.67174
11.888581
11.67174
11.892833
11.34435
11.782287
12.649654
11.454897
12.432813
11.5611925
12.21597
11.233803
12.54336
11.888581
12.21597
11.67174
12.105423
11.454897
12.21597
11.999128
12.432813
11.5611925
12.432813
12.432813
11.454897
11.127508
12.760201
12.977044
11.67174
11.34435
12.54336
12.105423
12.21597
12.54336
12.54336
12.21597
11.565443
12.760201
11.888581
12.870748
11.34435
11.999128
12.54336
11.454897
12.870748
12.539107
11.454897
12.653906
12.649654
12.21597
12.432813
11.67174
11.67174
11.5611925
12.760201
12.760201
11.34435
12.432813
11.888581
11.999128
11.888581
12.21597
11.778034
11.565443
11.67174
11.454897
12.326517
11.5611925
11.999128
12.432813
11.67174
11.67174
12.54336
11.454897
12.432813
11.888581
11.5611925
12.326517
12.322266
12.54336
11.67174
11.450645
11.782287
12.649654
11.565443
11.782287
11.67174
12.326517
12.105423
12.21597
12.54336
11.67174
11.999128
12.54336
10.800118
12.326517
12.432813
11.454897
11.888581
12.21597
11.778034
11.127508
11.454897
12.432813
12.21597
11.67174
11.888581
12.326517
11.34435
12.21597
12.432813
11.67174
11.782287
11.778034
12.54336
11.67174
12.105423
12.54336
11.999128
12.54336
12.760201
11.238055
12.21597
12.432813
11.454897
12.432813
12.322266
11.67174
12.21597
12.326517
12.105423
11.127508
12.432813
11.999128
12.760201
11.67174
11.999128
11.5611925
11.34435
12.54336
12.322266
11.782287
12.21597
12.866496
12.21597
11.233803
11.67174
12.105423
11.238055
11.888581
12.539107
11.454897
11.999128
12.760201
11.888581
11.5611925
11.454897
11.5611925
12.21597
11.888581
11.888581
11.67174
12.21597
12.437064
11.454897
12.649654
11.454897
12.21597
11.454897
12.760201
11.67174
12.54336
12.760201
12.649654
11.67174
11.778034
12.21597
11.67174
11.67174
12.54336
12.432813
12.105423
12.21597
12.21597
11.888581
11.782287
11.888581
11.67174
11.999128
11.67174
12.21597
12.105423
12.760201
12.109674
12.432813
11.888581
12.432813
12.760201
11.450645
11.454897
11.888581
11.454897
11.127508
11.127508
12.54336
11.888581
11.34435
12.54336
11.999128
12.760201
11.5611925
11.888581
11.888581
11.888581
12.870748
11.67174
12.432813
12.21597
11.016961
12.54336
11.999128
11.348601
11.888581
11.999128
12.760201
11.782287
11.888581
12.649654
11.67174
12.649654
12.432813
11.778034
11.233803
11.565443
12.760201
11.778034
11.67174
11.888581
11.67174
12.432813
11.999128
11.888581
11.454897
12.870748
12.322266
11.67174
11.888581
12.54336
11.67174
11.888581
11.782287
12.649654
12.21597
11.888581
11.782287
12.54336
11.888581
12.870748
11.888581
11.565443
11.67174
12.760201
12.21597
11.782287
12.326517
12.649654
11.892833
11.5611925
12.322266
11.5611925
11.454897
11.888581
11.999128
11.67174
11.888581
11.782287
11.778034
12.437064
11.999128
12.432813
11.67174
11.34435
12.54336
12.649654
12.21597
12.54336
12.432813
11.892833
11.5611925
11.782287
11.450645
12.21597
11.888581
11.34435
11.888581
12.54336
12.322266
11.888581
11.5611925
12.54336
12.432813
11.999128
11.778034
12.21597
11.778034
11.892833
12.21597
12.760201
12.105423
12.105423
11.67174
12.105423
12.432813
11.782287
12.432813
11.454897
11.888581
11.892833
12.432813
11.999128
11.888581
11.782287
12.539107
11.782287
11.67174
11.999128
11.999128
11.5611925
12.54336
12.322266
12.109674
11.233803
11.892833
12.105423
11.127508
12.322266
11.999128
12.54336
12.105423
11.782287
11.999128
11.5611925
12.109674
11.67174
11.888581
12.760201
11.888581
11.67174
11.34435
11.782287
12.649654
11.565443
11.888581
12.760201
11.782287
11.238055
12.760201
12.54336
11.888581
11.892833
12.105423
12.54336
12.21597
11.67174
12.432813
12.322266
11.34435
11.233803
12.653906
12.54336
11.892833
12.322266
11.565443
12.649654
12.432813
11.999128
12.109674
12.21597
11.999128
11.994876
11.127508
12.105423
12.432813
11.999128
12.432813
11.454897
12.105423
12.432813
12.21597
12.105423
12.54336
11.34435
11.782287
11.888581
11.127508
11.67174
11.67174
12.649654
11.565443
12.54336
12.649654
11.34435
12.54336
11.782287
11.782287
11.67174
13.08759
11.888581
11.888581
12.21597
11.67174
11.67174
11.778034
11.67174
11.778034
11.454897
12.653906
12.432813
12.54336
11.999128
11.999128
11.888581
11.454897
12.432813
11.67174
11.888581
12.54336
11.888581
12.326517
11.233803
11.454897
11.999128
11.782287
11.233803
12.653906
11.67174
12.54336
11.127508
12.21597
11.782287
12.54336
11.454897
11.892833
12.649654
12.21597
11.888581
12.21597
11.888581
12.21597
11.999128
12.322266
12.653906
12.432813
11.888581
12.760201
12.105423
11.782287
11.782287
12.760201
12.21597
12.432813
11.454897
11.999128
11.34435
11.67174
11.5611925
12.760201
11.233803
12.437064
12.211719
12.54336
11.999128
11.888581
12.105423
11.999128
11.999128
12.2202215
12.977044
12.432813
11.238055
11.127508
12.326517
12.653906
12.760201
12.649654
11.999128
12.21597
11.5611925
12.21597
12.649654
11.127508
11.782287
11.778034
11.999128
12.649654
11.454897
11.5611925
11.778034
11.999128
11.999128
11.67174
12.21597
11.999128
11.454897
12.54336
12.760201
11.888581
11.233803
12.870748
11.888581
11.34435
11.888581
12.21597
11.999128
11.67174
12.21597
11.888581
12.432813
11.999128
11.888581
11.999128
11.994876
11.67174
11.782287
12.105423
12.54336
12.54336
11.450645
12.432813
12.21597
11.454897
11.782287
12.649654
12.21597
12.105423
12.866496
11.127508
12.105423
11.67174
11.999128
12.54336
12.432813
11.67174
11.34435
12.21597
12.322266
11.454897
12.21597
11.67174
11.454897
11.67174
11.888581
11.999128
11.450645
11.67174
11.5611925
11.454897
11.888581
11.67174
12.432813
11.999128
12.54336
12.432813
11.238055
11.888581
11.454897
12.760201
11.888581
12.54336
11.67174
11.782287
12.105423
12.432813
11.454897
12.21597
12.21597
11.999128
12.977044
12.322266
11.5611925
13.08759
11.5611925
12.21597
12.760201
12.105423
11.454897
12.760201
11.888581
12.432813
11.450645
11.999128
12.649654
11.782287
12.653906
11.888581
12.109674
12.326517
12.322266
12.326517
11.999128
12.432813
11.454897
11.67174
11.782287
11.67174
12.539107
11.888581
11.999128
11.67174
12.109674
12.105423
11.454897
12.54336
11.67174
11.5611925
12.760201
12.54336
12.21597
12.54336
11.67174
12.432813
11.888581
11.127508
11.888581
11.778034
11.67174
11.67174
12.760201
11.782287
12.21597
11.999128
11.999128
12.105423
12.21597
12.21597
12.977044
12.21597
12.54336
11.782287
12.326517
11.888581
12.760201
11.999128
11.5611925
11.782287
11.999128
12.21597
12.54336
11.888581
12.21597
11.778034
11.67174
12.432813
12.432813
12.653906
12.21597
11.127508
12.326517
12.322266
12.21597
11.565443
12.105423
11.5611925
11.34435
11.888581
12.21597
12.54336
11.67174
11.565443
11.999128
12.54336
11.454897
11.888581
12.21597
11.999128
11.454897
12.54336
12.977044
11.67174
12.109674
12.105423
11.999128
13.08759
12.977044
12.109674
12.760201
11.782287
11.782287
12.105423
11.782287
12.109674
11.67174
11.565443
11.892833
11.999128
12.105423
11.454897
11.999128
12.326517
11.999128
11.888581
11.782287
11.127508
12.105423
12.21597
12.54336
12.54336
11.34435
11.999128
12.432813
12.21597
12.109674
11.67174
11.5611925
12.54336
12.21597
11.999128
11.778034
12.326517
12.326517
11.454897
12.54336
11.888581
11.348601
11.782287
12.649654
11.888581
11.999128
12.760201
11.454897
12.54336
12.432813
11.454897
12.109674
11.565443
11.454897
12.649654
11.892833
12.432813
11.565443
12.54336
12.54336
12.326517
11.888581
12.432813
11.67174
11.454897
12.54336
11.999128
11.238055
11.67174
12.54336
12.432813
12.21597
12.109674
12.432813
12.54336
12.21597
11.454897
11.67174
11.233803
12.21597
12.54336
11.454897
12.432813
12.322266
11.67174
11.127508
11.999128
11.34435
12.326517
11.888581
11.67174
11.888581
12.432813
11.5611925
12.109674
12.432813
12.105423
11.34435
12.105423
12.105423
11.67174
12.21597
11.782287
11.778034
12.21597
11.888581
11.5611925
11.67174
12.21597
11.999128
12.326517
11.34435
11.454897
11.782287
12.21597
11.999128
12.760201
11.565443
11.67174
12.109674
11.999128
12.21597
12.109674
12.432813
11.454897
12.760201
11.5611925
11.67174
12.649654
11.782287
11.565443
12.432813
12.54336
12.653906
11.5611925
11.565443
12.21597
11.127508
12.326517
12.432813
11.67174
11.999128
11.888581
11.238055
11.782287
12.21597
11.999128
12.649654
12.105423
12.109674
12.105423
11.782287
12.760201
11.454897
12.21597
12.54336
11.454897
11.67174
11.67174
12.21597
12.21597
12.326517
12.432813
12.54336
11.67174
11.67174
12.870748
11.888581
12.54336
11.999128
11.34435
12.326517
12.21597
12.21597
12.653906
11.888581
11.67174
11.454897
11.67174
11.888581
12.105423
12.21597
12.649654
11.454897
11.888581
11.888581
12.54336
11.888581
11.999128
11.999128
11.782287
12.21597
11.34435
12.105423
11.999128
11.888581
11.34435
11.454897
11.67174
12.432813
12.54336
12.21597
11.782287
11.999128
11.888581
12.432813
12.432813
11.5611925
12.54336
12.432813
11.782287
11.888581
11.67174
12.432813
11.5611925
11.778034
12.326517
12.432813
11.67174
12.105423
11.233803
12.54336
11.888581
11.565443
11.127508
11.999128
12.54336
12.105423
12.109674
12.109674
11.233803
12.649654
11.67174
12.109674
12.760201
11.778034
11.67174
12.21597
12.649654
11.67174
11.34435
11.999128
12.21597
12.21597
11.999128
11.892833
11.888581
11.999128
12.870748
11.999128
12.105423
11.34435
12.432813
11.999128
12.326517
11.67174
11.67174
11.888581
11.34435
11.67174
11.888581
11.999128
11.67174
11.565443
11.67174
12.760201
11.34435
12.326517
11.782287
12.326517
11.782287
11.999128
11.5611925
11.238055
11.888581
11.999128
11.999128
11.778034
11.782287
11.67174
12.760201
11.67174
11.34435
12.21597
11.782287
11.5611925
11.888581
12.54336
12.322266
11.999128
12.760201
11.67174
11.778034
12.326517
11.888581
11.565443
12.21597
11.34435
12.760201
12.105423
11.67174
11.888581
12.322266
12.322266
12.760201
11.348601
12.322266
11.67174
11.999128
11.565443
12.21597
12.326517
12.109674
11.5611925
12.54336
11.238055
12.653906
12.322266
11.782287
11.67174
12.54336
12.109674
11.67174
11.5611925
11.67174
11.999128
12.21597
12.760201
11.238055
12.432813
11.999128
12.21597
11.454897
12.21597
11.454897
12.54336
12.109674
12.432813
12.21597
11.67174
11.127508
12.870748
12.977044
12.326517
12.432813
12.54336
12.54336
12.105423
12.105423
12.54336
11.454897
11.888581
12.54336
12.21597
11.34435
11.999128
12.649654
11.999128
12.109674
12.432813
12.21597
12.326517
11.888581
12.54336
11.999128
12.105423
12.437064
12.21597
11.888581
11.782287
11.127508
11.888581
11.454897
11.127508
12.21597
12.649654
11.454897
11.5611925
11.5611925
11.999128
11.5611925
12.326517
12.54336
12.105423
12.870748
11.67174
11.999128
11.999128
11.999128
11.565443
12.870748
11.67174
12.21597
12.432813
12.432813
12.54336
11.34435
12.21597
11.999128
11.67174
11.892833
12.21597
11.233803
12.437064
12.653906
11.5611925
12.21597
12.54336
11.454897
11.67174
12.326517
12.432813
11.67174
11.999128
12.866496
11.127508
12.105423
12.760201
12.105423
12.322266
11.999128
12.437064
12.760201
12.21597
11.127508
12.21597
12.105423
11.782287
11.782287
11.454897
12.870748
12.432813
11.999128
12.21597
11.999128
11.454897
12.105423
11.5611925
12.870748
12.54336
11.34435
12.21597
12.760201
11.999128
12.437064
11.5611925
11.782287
11.5611925
11.5611925
11.999128
11.999128
11.67174
11.782287
11.888581
12.105423
12.105423
11.778034
12.432813
11.999128
12.760201
11.34435
12.54336
12.21597
11.888581
12.21597
11.778034
11.565443
11.888581
11.34435
11.999128
12.105423
11.238055
12.870748
12.54336
11.67174
11.5611925
11.67174
11.565443
11.67174
12.54336
12.322266
11.34435
12.109674
11.778034
11.238055
11.888581
11.888581
11.454897
12.105423
12.54336
12.105423
11.34435
11.999128
12.54336
11.454897
12.54336
11.5611925
11.999128
12.21597
12.437064
11.778034
11.892833
12.432813
12.54336
11.67174
11.999128
11.888581
12.326517
12.432813
12.326517
12.432813
11.67174
11.454897
12.326517
12.21597
12.760201
12.54336
11.999128
12.760201
11.454897
12.54336
12.322266
12.21597
11.5611925
11.892833
11.67174
12.432813
12.326517
12.760201
11.782287
13.08759
11.67174
11.016961
11.782287
11.5611925
11.348601
12.432813
11.454897
12.21597
11.888581
11.782287
11.67174
12.21597
12.432813
12.432813
11.565443
11.999128
11.782287
11.565443
12.649654
12.977044
11.782287
11.67174
11.888581
11.999128
11.999128
11.5611925
11.782287
11.778034
11.67174
11.67174
11.999128
12.649654
12.21597
12.432813
12.432813
12.326517
11.888581
11.5611925
11.892833
11.999128
12.21597
11.454897
11.782287
12.322266
11.454897
11.999128
12.105423
12.21597
11.888581
11.782287
12.760201
11.994876
11.782287
11.999128
12.105423
12.109674
12.326517
11.778034
12.21597
11.888581
11.34435
12.54336
11.778034
12.54336
11.67174
12.54336
12.760201
12.539107
11.67174
12.432813
11.238055
12.326517
11.67174
11.016961
11.67174
11.888581
11.999128
12.54336
11.782287
12.54336
11.778034
11.67174
11.565443
11.34435
12.54336
11.888581
11.238055
12.109674
12.105423
11.999128
11.999128
11.999128
11.999128
11.67174
11.892833
11.782287
12.21597
12.870748
11.5611925
11.34435
11.782287
11.5611925
11.34435
12.870748
11.994876
11.892833
12.109674
11.888581
12.326517
11.888581
11.888581
11.565443
12.326517
11.454897
11.565443
12.649654
12.322266
11.888581
12.54336
12.760201
11.565443
12.432813
12.539107
11.888581
12.109674
12.21597
11.888581
12.977044
11.454897
11.454897
11.999128
11.778034
11.127508
12.326517
12.322266
12.21597
12.109674
11.888581
11.454897
11.888581
11.454897
11.999128
12.21597
11.233803
11.67174
12.432813
12.322266
11.454897
12.760201
12.105423
11.565443
12.21597
11.127508
11.999128
11.888581
11.127508
11.67174
11.67174
12.54336
11.454897
11.782287
12.54336
11.67174
11.67174
12.54336
12.105423
11.34435
12.105423
12.870748
12.105423
11.999128
11.999128
12.21597
12.54336
12.326517
11.999128
11.782287
12.649654
11.782287
12.109674
11.888581
12.326517
12.21597
11.454897
12.109674
11.67174
11.454897
11.888581
12.760201
11.888581
11.5611925
12.326517
12.649654
12.21597
11.67174
11.67174
12.432813
11.454897
12.326517
12.649654
11.782287
11.454897
11.782287
11.34435
11.999128
11.782287
11.782287
11.888581
12.649654
12.21597
12.870748
12.326517
12.326517
12.21597
12.437064
12.105423
11.999128
12.105423
12.326517
11.999128
12.653906
12.54336
12.322266
11.565443
12.322266
12.432813
12.760201
12.109674
11.5611925
11.127508
11.888581
12.760201
12.760201
11.888581
12.981295
12.54336
11.782287
12.432813
11.782287
12.432813
11.454897
11.782287
11.888581
12.109674
12.105423
12.109674
12.760201
12.432813
12.21597
12.21597
11.888581
11.999128
11.999128
12.760201
11.454897
12.432813
12.105423
12.653906
11.67174
12.54336
11.778034
12.870748
11.999128
11.454897
11.67174
12.653906
12.21597
11.782287
12.21597
12.653906
11.888581
12.326517
11.454897
11.67174
11.5611925
12.653906
11.34435
12.653906
12.432813
12.105423
11.67174
11.67174
11.888581
11.565443
11.999128
11.5611925
12.326517
11.127508
12.322266
11.782287
11.67174
11.454897
11.238055
11.999128
11.5611925
11.454897
12.760201
11.778034
12.21597
11.454897
11.34435
11.667487
11.892833
12.977044
11.454897
11.999128
11.67174
11.238055
11.994876
11.888581
12.21597
11.238055
12.432813
12.322266
11.999128
12.21597
12.21597
11.67174
11.34435
12.432813
12.54336
11.888581
12.326517
11.782287
11.34435
11.782287
11.888581
11.888581
12.653906
12.760201
12.105423
12.760201
12.432813
12.326517
11.782287
11.888581
11.454897
12.432813
11.782287
11.888581
11.888581
11.454897
11.888581
11.67174
11.34435
12.432813
11.888581
12.326517
12.105423
12.432813
11.999128
12.649654
12.21597
12.649654
11.999128
12.105423
11.67174
12.432813
11.565443
12.21597
12.322266
11.999128
11.5611925
11.782287
12.54336
11.34435
11.782287
12.105423
11.778034
12.54336
12.649654
11.888581
12.326517
12.432813
11.34435
12.760201
11.999128
11.999128
11.999128
12.21597
12.326517
12.870748
12.54336
11.454897
11.67174
12.21597
11.348601
11.67174
11.782287
12.870748
12.21597
11.67174
12.326517
11.454897
12.760201
11.999128
11.127508
12.54336
12.432813
11.565443
11.67174
12.432813
11.67174
11.5611925
12.109674
11.999128
11.999128
12.432813
11.782287
12.326517
12.326517
12.870748
12.54336
11.888581
11.238055
12.54336
11.888581
12.432813
12.105423
11.782287
11.888581
11.888581
12.54336
11.67174
11.67174
11.454897
11.67174
11.999128
11.34435
11.782287
11.5611925
11.67174
12.109674
12.54336
11.782287
11.888581
11.34435
11.892833
11.888581
11.454897
11.782287
11.67174
11.5611925
12.21597
11.67174
11.892833
12.977044
12.649654
12.432813
12.21597
11.888581
12.760201
11.454897
11.888581
12.649654
12.326517
11.67174
12.21597
12.326517
12.870748
12.432813
11.782287
12.760201
11.999128
12.326517
12.54336
11.782287
11.67174
11.999128
11.454897
12.326517
11.34435
12.760201
12.326517
11.127508
12.21597
12.105423
12.21597
12.760201
12.649654
11.67174
11.778034
12.326517
12.105423
12.21597
11.782287
12.432813
11.565443
11.888581
11.888581
11.67174
12.326517
12.21597
12.21597
12.21597
12.105423
12.432813
11.5611925
11.888581
11.454897
12.653906
11.67174
11.782287
11.888581
11.127508
12.109674
12.21597
11.127508
12.649654
12.105423
11.454897
12.432813
12.54336
11.999128
11.999128
11.999128
11.888581
12.326517
11.888581
12.326517
12.432813
11.127508
12.653906
12.21597
11.34435
12.21597
12.21597
12.109674
12.21597
12.326517
11.888581
11.67174
12.760201
12.653906
11.782287
11.782287
12.54336
12.105423
12.432813
11.888581
12.105423
12.54336
11.67174
11.888581
12.109674
12.653906
11.127508
12.432813
12.54336
12.21597
11.67174
12.326517
12.649654
12.432813
12.326517
12.21597
11.888581
12.760201
12.432813
11.782287
11.888581
11.888581
12.21597
11.454897
11.67174
11.782287
11.67174
12.977044
12.326517
11.67174
11.782287
11.782287
12.21597
11.565443
11.999128
11.67174
11.999128
12.649654
12.105423
12.653906
11.999128
11.238055
12.109674
12.977044
11.999128
12.432813
11.888581
11.67174
12.21597
11.999128
11.34435
11.999128
12.432813
12.326517
12.649654
12.326517
12.977044
11.782287
12.760201
11.454897
12.870748
12.432813
11.782287
11.782287
12.760201
12.109674
12.649654
12.432813
11.999128
12.21597
12.54336
12.432813
11.888581
12.109674
12.54336
11.454897
12.760201
11.888581
12.326517
12.109674
11.888581
12.21597
11.34435
12.760201
11.34435
11.34435
12.21597
12.760201
11.888581
11.782287
12.760201
11.999128
11.5611925
12.54336
12.432813
12.54336
12.21597
11.67174
11.5611925
11.778034
11.67174
12.653906
11.888581
12.432813
11.999128
12.432813
12.21597
12.54336
12.105423
12.21597
12.21597
11.999128
12.54336
12.760201
12.326517
11.999128
11.888581
12.54336
12.105423
11.454897
11.782287
11.999128
12.322266
12.21597
11.888581
12.760201
12.326517
11.999128
11.782287
12.432813
11.565443
11.999128
11.782287
11.999128
11.34435
12.870748
12.21597
12.326517
11.782287
11.34435
12.326517
12.432813
12.105423
11.454897
11.34435
12.54336
11.999128
12.54336
12.54336
12.432813
11.454897
12.105423
12.653906
12.326517
11.34435
11.888581
12.326517
11.782287
11.34435
12.21597
12.21597
11.67174
12.54336
11.999128
12.870748
11.999128
11.5611925
11.892833
11.888581
11.127508
12.870748
11.888581
12.21597
12.432813
11.782287
12.105423
12.21597
11.999128
12.322266
11.238055
12.432813
13.08759
11.5611925
11.782287
12.649654
11.782287
12.760201
11.782287
11.34435
12.760201
11.67174
11.127508
12.326517
12.649654
11.999128
12.326517
11.67174
12.109674
12.21597
12.870748
12.432813
12.21597
12.21597
12.322266
11.454897
11.67174
11.67174
12.54336
12.432813
11.67174
11.778034
12.54336
12.432813
12.760201
12.649654
12.326517
12.432813
11.454897
11.782287
11.888581
13.08759
12.21597
12.21597
12.105423
11.999128
11.999128
12.432813
11.454897
11.888581
12.977044
12.326517
11.999128
11.999128
11.888581
12.105423
11.782287
12.54336
11.67174
11.782287
12.760201
12.322266
11.888581
12.21597
11.67174
12.54336
11.454897
11.999128
12.21597
12.432813
12.870748
11.34435
12.760201
12.649654
12.322266
12.432813
11.999128
11.999128
11.565443
11.016961
11.782287
12.870748
12.432813
11.565443
12.54336
11.34435
12.54336
11.888581
12.54336
11.999128
11.888581
12.326517
12.54336
12.21597
12.54336
11.67174
12.326517
12.432813
12.54336
12.21597
11.67174
11.454897
12.432813
11.888581
11.67174
12.760201
12.760201
11.778034
11.999128
12.21597
11.999128
12.326517
11.016961
12.432813
12.54336
12.21597
11.67174
13.08759
11.888581
12.432813
11.999128
12.649654
11.782287
11.999128
11.888581
11.238055
11.999128
12.432813
11.782287
12.870748
12.760201
12.54336
11.778034
12.326517
11.782287
11.34435
11.782287
12.432813
12.326517
12.322266
11.454897
12.326517
12.54336
11.34435
11.778034
11.233803
12.54336
12.432813
11.238055
12.54336
12.105423
11.238055
13.08759
12.105423
11.999128
11.999128
11.888581
12.21597
12.21597
11.34435
11.454897
12.21597
12.21597
12.326517
12.105423
11.782287
12.760201
12.326517
12.21597
12.977044
11.67599
11.888581
12.105423
12.653906
11.999128
11.34435
11.782287
11.67174
11.127508
12.54336
12.54336
11.782287
12.109674
12.432813
11.999128
11.892833
12.105423
11.999128
12.760201
11.999128
12.649654
11.888581
12.54336
12.21597
11.999128
11.454897
11.67174
11.565443
11.999128
11.888581
12.21597
12.432813
11.67174
11.5611925
12.54336
11.888581
12.760201
11.999128
11.892833
11.999128
11.454897
11.778034
12.870748
12.21597
11.782287
11.999128
12.322266
12.326517
11.782287
12.432813
11.454897
12.21597
11.999128
11.454897
11.888581
11.34435
11.454897
12.109674
12.870748
12.21597
11.782287
11.888581
11.238055
11.888581
11.5611925
12.109674
12.432813
11.5611925
11.565443
12.649654
12.760201
11.67174
11.999128
11.5611925
11.238055
12.432813
11.5611925
11.888581
12.870748
11.999128
11.016961
11.999128
11.999128
12.105423
11.999128
12.432813
11.782287
12.870748
12.322266
12.54336
12.54336
12.105423
12.326517
11.999128
11.999128
11.888581
11.127508
12.54336
12.326517
11.67174
12.21597
11.888581
11.888581
12.54336
12.653906
12.105423
12.21597
12.649654
11.888581
12.432813
12.432813
11.999128
11.67174
11.888581
11.778034
11.67174
12.760201
12.105423
11.999128
11.67174
12.432813
12.21597
12.760201
11.782287
12.21597
11.888581
11.67174
12.105423
12.432813
12.54336
11.999128
12.649654
12.21597
11.999128
11.5611925
10.9106655
12.21597
11.5611925
11.782287
12.539107
12.326517
12.21597
12.649654
11.999128
11.888581
12.432813
12.21597
11.5611925
11.999128
12.105423
11.999128
12.437064
12.21597
11.67174
11.999128
12.54336
11.782287
11.999128
12.105423
11.999128
12.105423
11.888581
11.454897
11.5611925
12.109674
11.888581
11.34435
13.08759
12.105423
11.454897
12.326517
12.105423
11.999128
11.782287
12.54336
12.21597
12.432813
11.565443
12.21597
11.782287
12.432813
12.105423
12.54336
11.888581
13.08759
12.649654
12.21597
11.5611925
11.999128
12.322266
11.892833
12.109674
11.888581
11.454897
12.432813
11.888581
11.565443
12.21597
11.67174
12.54336
11.67174
12.653906
11.999128
11.127508
11.999128
11.888581
12.109674
11.999128
12.649654
11.565443
11.778034
12.432813
11.999128
11.454897
11.999128
12.649654
12.109674
11.778034
11.67174
11.565443
12.649654
12.760201
12.432813
11.999128
11.782287
11.5611925
11.565443
11.999128
11.999128
12.760201
12.432813
13.08759
12.326517
12.432813
11.999128
11.67174
12.432813
11.233803
12.870748
12.649654
12.326517
11.67174
12.21597
11.5611925
11.238055
11.454897
12.649654
12.326517
11.454897
11.888581
11.888581
11.999128
11.5611925
12.326517
11.999128
12.109674
12.54336
11.67174
11.454897
11.888581
12.54336
11.782287
11.34435
11.888581
11.67174
11.999128
11.67174
11.999128
12.105423
11.67174
11.5611925
12.54336
12.54336
11.782287
11.565443
11.888581
11.782287
11.5611925
12.326517
11.67174
11.565443
11.5611925
11.565443
11.999128
11.999128
12.54336
11.67174
12.109674
11.999128
12.21597
11.67174
12.326517
11.888581
11.999128
11.565443
11.67174
11.5611925
11.67174
11.233803
12.109674
12.432813
12.54336
12.105423
11.454897
10.9106655
11.782287
12.54336
12.326517
11.67174
12.326517
12.432813
12.21597
12.21597
12.21597
12.54336
12.105423
12.326517
12.760201
13.198137
11.782287
12.432813
11.127508
11.127508
11.999128
11.5611925
12.21597
11.67174
11.454897
11.888581
12.326517
11.67174
12.109674
11.888581
11.454897
12.54336
12.54336
11.67174
11.888581
11.34435
11.782287
12.977044
11.782287
12.760201
12.54336
12.432813
11.999128
12.109674
12.649654
12.21597
11.67174
12.109674
12.322266
12.21597
11.888581
11.67174
11.782287
11.454897
11.67174
12.21597
12.21597
12.432813
11.782287
11.888581
12.54336
12.21597
11.888581
11.233803
11.5611925
12.21597
11.782287
12.105423
12.432813
12.105423
12.54336
11.34435
11.5611925
11.5611925
12.105423
11.888581
12.21597
11.782287
11.67174
11.999128
12.539107
12.54336
11.888581
11.127508
11.888581
12.105423
12.326517
12.649654
12.977044
12.54336
11.238055
12.21597
12.432813
11.454897
12.432813
12.432813
12.326517
11.782287
11.778034
12.54336
12.977044
11.67174
12.649654
11.782287
12.432813
11.67174
12.109674
11.67174
11.67174
12.21597
11.782287
12.54336
11.782287
12.54336
12.760201
12.326517
11.999128
12.760201
11.565443
12.432813
11.999128
11.888581
12.326517
11.782287
11.999128
11.67174
11.782287
12.870748
11.999128
12.21597
12.54336
11.888581
11.454897
12.105423
12.54336
11.454897
11.67174
12.54336
12.432813
11.127508
12.21597
12.54336
11.238055
11.999128
12.649654
11.565443
11.67174
12.653906
12.432813
11.233803
11.888581
12.105423
12.432813
12.109674
11.565443
12.326517
11.888581
12.54336
11.67174
12.21597
12.21597
11.888581
11.999128
11.34435
12.760201
12.21597
12.326517
11.667487
12.21597
12.21597
11.782287
12.21597
11.67174
11.454897
11.888581
11.999128
11.888581
11.782287
12.977044
12.21597
12.21597
12.109674
11.67174
12.322266
11.454897
13.08759
11.888581
11.454897
12.977044
12.326517
12.54336
12.432813
11.892833
11.67174
11.67174
12.977044
11.67174
12.21597
11.999128
12.432813
11.127508
11.888581
11.67174
12.870748
11.34435
12.109674
11.67174
12.326517
12.105423
11.34435
12.109674
11.67174
12.322266
11.888581
11.782287
11.127508
12.105423
11.888581
12.649654
11.127508
11.999128
11.67174
11.348601
11.5611925
12.760201
12.21597
12.432813
12.54336
11.5611925
11.999128
11.67174
12.432813
12.760201
11.999128
12.322266
11.999128
11.999128
11.5611925
11.999128
12.432813
11.67174
11.999128
12.54336
12.105423
11.016961
12.54336
12.21597
12.109674
12.977044
11.888581
12.54336
12.105423
12.54336
12.54336
11.454897
12.21597
11.5611925
11.888581
12.432813
12.21597
12.54336
12.432813
12.653906
12.432813
11.454897
12.437064
12.760201
11.67174
11.34435
12.326517
11.778034
11.67174
11.5611925
12.653906
12.977044
11.67174
12.649654
11.5611925
11.67174
11.999128
12.326517
12.649654
11.892833
12.432813
11.5611925
12.653906
12.21597
13.08759
11.778034
11.454897
12.21597
11.454897
11.782287
12.21597
12.870748
12.109674
11.782287
11.778034
12.21597
12.54336
11.67174
12.870748
11.67174
12.760201
11.67174
12.760201
11.454897
11.67174
11.238055
11.999128
12.432813
12.653906
11.67174
12.653906
11.999128
11.454897
12.760201
12.54336
12.21597
12.105423
12.870748
12.432813
11.565443
11.888581
11.999128
12.432813
11.127508
12.00338
12.109674
12.326517
12.432813
11.999128
11.565443
12.432813
12.760201
12.649654
11.34435
12.760201
12.649654
11.5611925
11.888581
12.105423
11.454897
12.21597
12.326517
12.105423
12.109674
12.432813
12.54336
12.105423
11.454897
11.999128
11.5611925
12.21597
12.432813
11.888581
11.778034
11.782287
13.08759
12.653906
11.67174
11.34435
12.437064
12.760201
11.782287
12.21597
12.326517
11.888581
12.21597
11.999128
12.21597
11.565443
11.67174
11.999128
12.649654
11.888581
11.67174
12.326517
12.755949
12.437064
11.233803
13.198137
11.888581
11.999128
12.432813
12.649654
12.21597
11.34435
12.109674
12.54336
12.54336
11.888581
11.999128
11.782287
12.432813
12.109674
11.888581
12.54336
12.653906
12.649654
11.782287
12.105423
12.109674
12.21597
11.454897
11.782287
11.888581
11.888581
12.21597
11.782287
11.67174
11.782287
12.760201
12.649654
12.326517
12.870748
12.54336
12.109674
12.322266
12.870748
11.999128
11.5611925
12.326517
11.888581
12.649654
11.999128
12.649654
11.238055
11.892833
11.888581
11.454897
12.326517
12.649654
12.653906
12.21597
11.888581
11.67174
12.760201
11.67174
11.888581
11.34435
12.760201
11.782287
12.760201
12.870748
12.760201
12.21597
11.233803
11.782287
12.21597
12.21597
12.54336
12.432813
12.21597
12.432813
11.778034
11.782287
11.454897
11.782287
12.760201
11.454897
12.870748
12.105423
11.565443
11.67174
11.782287
11.888581
11.782287
11.888581
12.653906
11.67174
11.565443
12.760201
12.21597
11.999128
12.760201
12.54336
12.21597
11.888581
12.870748
11.127508
11.67174
11.5611925
11.67174
12.105423
12.432813
12.54336
11.888581
12.21597
11.999128
12.432813
12.54336
11.5611925
11.565443
11.778034
11.238055
11.999128
11.782287
11.999128
12.322266
12.326517
12.326517
11.454897
12.54336
11.999128
12.21597
11.565443
13.08759
12.649654
12.326517
12.326517
11.999128
12.760201
13.08759
12.326517
11.34435
11.999128
12.54336
12.105423
12.54336
11.778034
11.238055
11.5611925
12.109674
12.437064
12.977044
11.782287
12.870748
11.5611925
12.21597
11.782287
12.54336
12.870748
11.782287
11.888581
12.54336
12.54336
11.999128
12.432813
11.782287
11.782287
12.21597
11.888581
11.782287
11.5611925
12.109674
11.782287
12.54336
11.67174
11.999128
11.454897
12.105423
12.105423
12.109674
12.977044
11.999128
11.67174
12.105423
12.326517
11.778034
11.454897
12.437064
11.999128
12.326517
12.649654
11.999128
12.54336
11.34435
12.2202215
12.54336
11.454897
12.760201
12.326517
11.888581
11.238055
12.21597
11.888581
11.888581
11.778034
12.54336
12.105423
11.888581
11.454897
12.109674
11.34435
12.432813
11.999128
11.67174
11.127508
11.999128
11.888581
12.54336
11.34435
11.999128
11.888581
11.892833
11.67174
11.782287
12.432813
12.21597
11.454897
12.21597
12.54336
12.977044
11.238055
12.54336
11.67174
12.432813
11.999128
12.21597
11.782287
11.454897
13.08759
11.454897
11.888581
12.760201
11.67174
12.760201
12.21597
12.21597
12.109674
11.888581
11.454897
11.999128
11.999128
11.454897
11.999128
12.105423
11.016961
12.109674
12.21597
12.326517
12.322266
12.54336
11.67174
12.432813
11.67174
12.432813
11.782287
11.999128
12.54336
11.999128
12.54336
11.67174
12.870748
11.888581
12.326517
11.5611925
12.649654
11.999128
11.67174
12.870748
11.999128
12.21597
12.326517
11.999128
11.888581
11.348601
12.326517
11.67174
12.653906
11.34435
12.432813
12.54336
12.432813
12.870748
12.432813
12.54336
12.870748
12.432813
11.67174
12.322266
11.999128
12.105423
11.34435
12.432813
12.649654
11.782287
12.21597
11.782287
11.999128
12.105423
12.760201
12.54336
12.105423
12.760201
12.432813
11.782287
11.67174
11.999128
11.454897
11.5611925
11.999128
11.5611925
11.5611925
11.782287
12.21597
12.109674
12.432813
11.999128
11.999128
11.238055
13.08759
12.432813
11.565443
12.54336
12.54336
12.109674
11.888581
12.760201
11.565443
12.432813
11.888581
12.21597
11.5611925
11.888581
11.782287
11.5611925
11.454897
12.432813
11.782287
12.760201
12.432813
11.565443
13.08759
12.432813
11.782287
12.21597
11.888581
11.67174
12.326517
12.54336
11.454897
11.999128
11.888581
11.782287
12.760201
11.888581
11.999128
11.778034
11.67174
11.999128
11.888581
11.782287
12.105423
12.109674
12.54336
12.432813
12.21597
12.432813
12.54336
12.54336
12.432813
11.999128
11.778034
12.54336
12.322266
12.653906
11.782287
11.67174
12.109674
12.432813
12.105423
11.454897
11.999128
11.34435
12.653906
12.105423
11.67174
12.21597
11.67174
11.888581
12.432813
12.653906
11.888581
11.67174
12.760201
11.565443
11.67174
12.432813
12.109674
11.999128
11.454897
12.977044
12.432813
11.454897
11.999128
12.649654
12.21597
12.432813
12.977044
11.565443
12.54336
12.326517
11.994876
12.21597
12.432813
11.67174
11.999128
11.5611925
12.870748
11.888581
11.782287
12.432813
12.432813
11.67174
11.454897
12.21597
11.34435
11.67174
11.782287
12.760201
12.760201
12.21597
12.326517
12.432813
12.54336
11.888581
11.565443
12.54336
12.322266
12.54336
11.999128
11.778034
11.782287
12.21597
11.994876
11.782287
12.760201
12.326517
11.782287
11.450645
12.54336
12.326517
12.105423
13.08759
11.999128
12.105423
11.888581
11.999128
11.994876
11.454897
12.866496
12.54336
11.782287
11.233803
12.760201
12.432813
11.67174
11.999128
12.109674
12.326517
12.54336
12.760201
12.649654
11.888581
12.21597
12.432813
11.34435
12.432813
12.326517
11.888581
11.454897
11.888581
11.999128
11.454897
11.5611925
12.326517
11.999128
11.5611925
11.999128
11.67174
10.9106655
13.08759
11.782287
12.764453
11.450645
11.999128
11.999128
12.105423
11.782287
11.5611925
11.782287
12.432813
12.760201
11.67174
12.649654
11.782287
12.760201
11.67174
12.21597
11.999128
11.67174
11.454897
12.326517
12.432813
11.999128
12.432813
11.348601
11.999128
11.454897
11.999128
11.999128
11.454897
12.432813
12.437064
12.649654
12.21597
12.326517
11.999128
11.999128
12.326517
12.21597
12.760201
12.326517
11.67174
12.105423
11.999128
11.454897
11.782287
11.5611925
11.127508
11.782287
11.999128
11.454897
12.326517
12.649654
11.67174
11.888581
12.21597
11.782287
12.432813
11.5611925
11.778034
11.34435
12.54336
11.999128
12.105423
12.326517
12.649654
12.54336
12.109674
11.888581
11.454897
12.21597
12.21597
12.105423
11.454897
12.21597
12.866496
11.565443
12.432813
11.888581
11.999128
11.888581
12.54336
11.999128
12.21597
12.432813
11.994876
11.999128
12.21597
11.888581
11.454897
12.326517
12.21597
12.109674
11.782287
11.5611925
11.238055
12.649654
12.105423
12.326517
12.432813
11.999128
11.454897
11.778034
12.432813
12.760201
12.432813
12.109674
12.432813
11.5611925
12.432813
11.67174
11.888581
12.54336
11.67174
11.67174
11.67174
11.892833
11.67174
11.67174
11.454897
12.432813
11.454897
11.999128
11.999128
12.21597
12.326517
12.105423
11.127508
12.105423
11.892833
12.977044
11.127508
12.653906
12.21597
11.238055
12.54336
11.994876
11.67174
12.105423
12.21597
12.326517
11.67174
12.326517
12.432813
12.54336
13.198137
11.5611925
11.34435
12.326517
12.760201
11.782287
12.437064
11.888581
12.326517
11.5611925
12.870748
11.888581
12.54336
11.67174
11.782287
11.888581
12.21597
11.999128
12.432813
11.999128
11.888581
12.21597
11.999128
11.888581
12.54336
12.760201
12.21597
12.432813
12.109674
11.5611925
11.782287
12.539107
12.326517
11.999128
11.999128
12.326517
11.67174
11.888581
11.888581
11.782287
12.21597
11.454897
12.760201
11.34435
12.760201
12.870748
11.888581
11.565443
12.326517
11.67174
12.21597
12.432813
12.432813
12.649654
11.454897
12.54336
12.760201
11.892833
11.67174
12.649654
11.888581
11.454897
12.977044
11.888581
11.778034
11.782287
12.21597
12.870748
11.888581
11.565443
12.322266
11.782287
11.67174
12.105423
12.432813
12.432813
12.437064
12.326517
12.653906
12.649654
11.565443
11.999128
12.105423
12.649654
11.782287
13.08759
11.888581
11.999128
11.34435
11.782287
12.760201
11.67174
12.105423
11.782287
11.888581
11.34435
12.760201
12.21597
11.999128
11.454897
12.326517
12.432813
12.326517
11.999128
11.34435
12.322266
11.888581
12.760201
12.21597
12.432813
11.782287
12.54336
11.67174
11.5611925
11.999128
12.870748
12.432813
11.67174
11.999128
12.432813
12.2202215
12.54336
12.105423
11.999128
12.760201
12.105423
11.999128
11.888581
11.565443
11.888581
12.653906
12.760201
11.67174
11.999128
11.999128
12.105423
12.437064
11.67174
11.454897
12.870748
11.34435
12.437064
12.432813
11.999128
11.67174
11.667487
11.999128
12.760201
11.782287
12.54336
11.999128
11.238055
11.999128
12.322266
12.326517
12.432813
12.432813
11.888581
12.21597
11.999128
11.67174
12.105423
11.999128
11.782287
11.778034
11.999128
13.08759
11.5611925
12.21597
11.999128
11.782287
11.888581
11.454897
12.109674
11.5611925
12.432813
12.760201
12.105423
11.67174
11.016961
12.870748
12.432813
11.454897
12.21597
12.760201
12.322266
11.127508
12.109674
12.105423
11.67174
12.21597
11.999128
11.67174
11.888581
11.888581
12.21597
12.539107
12.653906
12.649654
11.999128
12.760201
11.67174
12.211719
12.432813
11.454897
12.322266
12.105423
12.653906
12.21597
12.54336
12.54336
12.760201
11.999128
11.888581
12.54336
12.21597
11.67174
12.432813
12.322266
11.67174
12.760201
11.782287
12.326517
12.977044
11.892833
12.760201
12.760201
12.21597
11.454897
11.999128
12.760201
11.782287
12.21597
11.888581
11.454897
12.21597
11.888581
12.653906
12.21597
11.888581
11.999128
11.999128
11.67174
12.54336
12.322266
11.888581
12.21597
11.888581
12.760201
12.54336
12.21597
12.760201
12.760201
11.999128
12.760201
12.432813
12.21597
11.454897
11.778034
11.782287
12.105423
12.432813
12.870748
12.21597
12.105423
11.782287
12.105423
11.565443
12.649654
12.21597
11.888581
11.888581
11.999128
11.888581
12.870748
11.127508
11.782287
12.326517
12.326517
12.21597
12.326517
11.67174
12.326517
12.437064
12.54336
12.21597
12.432813
11.782287
12.105423
11.454897
12.109674
12.432813
12.21597
12.870748
12.977044
12.432813
12.2202215
11.888581
11.127508
12.760201
11.782287
12.653906
12.760201
12.870748
12.432813
11.67174
11.67174
11.565443
12.326517
11.5611925
11.782287
11.994876
11.454897
12.760201
12.760201
12.21597
11.999128
12.105423
10.800118
12.326517
12.649654
11.454897
12.432813
11.888581
12.432813
12.432813
11.782287
11.454897
11.5611925
11.999128
12.322266
11.782287
12.432813
12.326517
11.565443
11.888581
12.870748
12.105423
11.127508
12.870748
11.999128
12.870748
12.760201
11.67174
12.21597
12.54336
12.653906
11.999128
12.432813
11.999128
12.649654
11.454897
12.54336
12.432813
12.653906
12.432813
12.21597
11.999128
12.54336
12.649654
11.782287
11.888581
12.432813
12.21597
11.999128
12.760201
12.21597
12.432813
11.999128
11.999128
11.454897
12.760201
12.977044
12.432813
12.54336
12.54336
12.54336
13.08759
11.888581
11.67174
11.999128
12.54336
11.782287
12.21597
12.432813
12.21597
12.54336
11.888581
12.105423
12.326517
12.54336
12.760201
12.54336
12.54336
13.198137
11.888581
12.653906
11.888581
11.888581
11.999128
11.67174
12.326517
12.326517
11.67174
11.999128
12.54336
12.326517
12.760201
11.67174
11.888581
11.999128
11.782287
12.322266
11.999128
12.105423
12.649654
11.782287
11.888581
12.54336
12.54336
11.999128
11.888581
12.54336
12.21597
11.454897
12.54336
11.888581
11.999128
12.326517
11.5611925
11.348601
12.649654
11.999128
11.888581
11.999128
12.870748
12.322266
11.999128
11.888581
11.999128
12.649654
11.565443
12.326517
12.322266
12.326517
12.870748
12.760201
12.539107
11.454897
12.870748
13.08759
12.21597
12.54336
12.109674
12.760201
12.326517
11.888581
12.432813
11.782287
11.999128
11.782287
12.105423
11.67174
11.67174
11.999128
12.54336
11.34435
12.870748
12.21597
11.67174
11.999128
12.432813
11.238055
12.109674
12.105423
12.326517
12.21597
12.760201
12.432813
11.888581
12.54336
12.432813
11.127508
11.999128
11.778034
12.326517
11.999128
11.782287
12.54336
11.34435
11.888581
11.5611925
12.326517
11.67174
11.778034
12.764453
12.21597
12.21597
11.454897
12.322266
12.21597
12.432813
11.34435
12.21597
11.994876
11.888581
12.653906
12.54336
11.34435
12.760201
12.21597
12.21597
11.999128
11.999128
11.999128
11.67174
11.67174
11.67174
12.54336
11.34435
13.08759
12.649654
11.999128
12.21597
12.326517
11.67174
11.454897
12.21597
11.999128
12.539107
12.54336
12.21597
12.437064
12.977044
11.999128
13.08759
13.193886
12.432813
12.21597
12.54336
11.994876
11.67174
11.999128
11.782287
12.432813
11.999128
11.999128
11.999128
11.999128
11.67174
11.34435
12.870748
11.888581
11.127508
11.999128
12.649654
11.67174
11.888581
12.54336
12.649654
11.565443
11.999128
11.778034
12.21597
11.999128
12.21597
12.21597
11.454897
11.999128
12.54336
12.326517
12.432813
12.21597
12.870748
11.454897
11.67174
12.326517
12.649654
11.565443
12.109674
11.5611925
12.54336
12.760201
11.67174
11.782287
12.760201
13.08759
11.782287
12.21597
12.326517
12.432813
11.782287
12.326517
12.977044
11.999128
11.67174
12.870748
12.21597
11.565443
12.54336
12.760201
11.67174
12.760201
11.888581
12.870748
12.54336
12.870748
12.21597
12.54336
11.888581
11.565443
12.21597
12.326517
11.888581
11.999128
12.649654
12.326517
12.432813
11.67174
11.67174
12.54336
11.888581
12.326517
12.54336
11.5611925
11.67174
11.67174
12.326517
12.21597
12.21597
12.432813
11.67174
12.866496
11.888581
12.977044
12.105423
12.109674
13.08759
12.653906
12.432813
11.778034
12.109674
11.565443
12.432813
12.653906
12.21597
11.999128
11.999128
12.21597
12.54336
12.109674
12.21597
12.437064
11.999128
12.539107
11.67174
11.782287
11.5611925
12.649654
11.782287
11.565443
11.782287
11.888581
12.21597
12.760201
11.994876
11.999128
12.54336
12.54336
12.54336
12.21597
12.21597
11.999128
10.693824
12.21597
11.888581
11.34435
12.653906
12.109674
11.5611925
12.326517
11.999128
11.5611925
13.08759
12.21597
11.454897
11.782287
12.21597
11.888581
12.653906
11.67174
11.888581
11.999128
12.432813
11.454897
11.999128
12.322266
12.21597
12.326517
12.21597
11.34435
11.999128
12.54336
11.778034
12.760201
11.34435
12.21597
12.105423
12.653906
12.21597
12.105423
11.454897
12.326517
11.67174
11.892833
12.870748
12.977044
12.326517
11.888581
11.782287
12.54336
12.105423
12.760201
11.888581
12.54336
12.326517
11.888581
11.454897
11.999128
12.866496
12.109674
13.08759
12.649654
11.67174
12.760201
13.08759
11.999128
11.999128
12.54336
12.432813
12.432813
11.67174
13.08759
11.888581
11.5611925
12.109674
11.999128
11.67174
12.326517
11.888581
11.454897
11.782287
11.888581
11.454897
12.109674
12.21597
11.888581
12.760201
11.999128
11.34435
12.54336
12.649654
11.888581
11.888581
11.888581
11.34435
12.109674
11.667487
11.565443
12.977044
11.888581
11.999128
12.54336
13.304433
12.653906
11.999128
12.760201
12.326517
12.760201
11.999128
11.782287
11.67174
12.870748
12.870748
11.5611925
12.326517
12.21597
11.34435
12.326517
12.649654
11.454897
11.999128
12.54336
12.432813
12.870748
12.21597
11.238055
12.653906
11.67174
11.016961
12.54336
12.105423
11.888581
12.326517
11.5611925
11.999128
12.21597
11.782287
12.54336
11.238055
12.54336
12.21597
11.782287
12.21597
11.782287
11.454897
12.105423
11.888581
11.782287
11.888581
12.54336
11.999128
12.870748
11.999128
11.67174
11.888581
12.21597
11.782287
12.21597
11.888581
11.999128
11.999128
11.5611925
12.54336
12.432813
11.238055
11.782287
12.432813
11.888581
13.08759
12.21597
12.105423
11.892833
12.432813
11.782287
12.870748
12.977044
11.565443
13.08759
12.105423
12.760201
11.5611925
12.326517
11.999128
12.649654
11.67174
11.999128
11.238055
12.54336
13.193886
12.21597
12.21597
11.782287
12.54336
12.432813
12.437064
12.105423
11.67174
12.760201
12.105423
12.21597
12.432813
12.760201
12.870748
11.888581
12.54336
11.67174
11.67174
12.760201
12.977044
11.999128
12.760201
12.54336
12.870748
12.21597
12.54336
11.454897
12.21597
12.432813
11.782287
12.760201
12.54336
12.870748
12.326517
11.888581
11.999128
12.54336
11.888581
12.760201
12.760201
12.54336
12.326517
11.999128
11.782287
12.21597
11.888581
11.999128
12.649654
12.109674
12.21597
11.888581
12.977044
12.649654
11.016961
12.870748
12.105423
11.782287
12.437064
11.67174
12.54336
11.67174
11.782287
12.54336
11.67174
12.109674
11.782287
11.34435
12.981295
11.999128
12.54336
11.5611925
12.760201
12.326517
11.888581
12.870748
12.977044
12.760201
11.888581
11.892833
11.888581
12.54336
12.54336
12.21597
11.565443
12.326517
12.326517
11.999128
12.760201
11.999128
12.870748
12.105423
13.08759
12.105423
11.888581
12.21597
11.999128
12.432813
12.105423
12.21597
11.888581
11.454897
12.2202215
12.432813
12.653906
12.322266
12.432813
12.326517
11.999128
12.653906
12.21597
11.565443
11.999128
12.432813
11.67174
12.760201
12.977044
11.67174
12.54336
12.649654
12.109674
12.54336
11.888581
11.67174
12.21597
12.760201
11.782287
11.5611925
12.432813
12.977044
11.5611925
12.653906
12.432813
11.782287
12.21597
12.432813
12.432813
12.21597
12.21597
12.54336
12.322266
11.999128
12.21597
11.888581
11.67174
12.760201
12.326517
11.888581
12.870748
12.760201
11.5611925
11.454897
11.999128
12.322266
11.999128
12.105423
11.67174
12.54336
11.888581
12.653906
12.109674
11.888581
12.760201
11.782287
11.127508
12.432813
11.67174
12.109674
12.21597
11.34435
12.109674
12.21597
12.21597
11.565443
11.5611925
11.454897
11.999128
11.67174
11.892833
12.326517
11.888581
11.565443
11.5611925
12.54336
12.109674
12.760201
11.999128
12.760201
12.21597
12.432813
12.105423
12.649654
11.67174
11.233803
12.981295
12.54336
12.21597
12.326517
11.999128
12.326517
11.892833
12.21597
11.34435
12.21597
12.105423
13.08759
12.109674
11.67174
11.67174
12.54336
11.67174
11.67174
12.432813
12.760201
12.649654
12.432813
11.67174
11.999128
12.105423
11.454897
11.778034
11.782287
12.653906
11.888581
12.432813
12.760201
12.109674
12.21597
12.109674
12.21597
11.454897
12.54336
11.888581
11.888581
11.454897
12.432813
12.54336
12.760201
11.454897
11.999128
12.760201
12.432813
12.105423
11.999128
12.322266
12.649654
12.105423
12.109674
12.54336
12.54336
12.105423
13.08759
12.649654
11.782287
11.888581
11.782287
12.760201
12.322266
12.54336
12.326517
11.34435
12.326517
12.653906
11.999128
11.888581
12.870748
12.649654
12.54336
12.21597
11.67174
11.778034
11.454897
11.892833
12.760201
11.5611925
12.326517
11.778034
11.782287
11.999128
12.432813
12.54336
11.565443
11.999128
12.432813
12.977044
12.653906
12.870748
11.67174
11.782287
11.021213
11.999128
12.21597
12.870748
11.454897
12.326517
11.5611925
11.67174
12.54336
12.760201
12.105423
11.892833
12.432813
11.238055
12.2202215
11.782287
12.54336
12.649654
11.454897
12.432813
12.649654
11.999128
12.870748
12.760201
12.870748
11.454897
12.649654
11.127508
12.432813
11.888581
12.653906
12.21597
12.105423
11.782287
12.432813
12.760201
11.67599
12.21597
12.326517
12.105423
12.326517
12.54336
12.432813
12.760201
11.892833
12.21597
12.105423
11.778034
12.653906
12.322266
12.21597
12.109674
11.888581
11.454897
12.760201
12.432813
11.454897
12.21597
13.193886
11.999128
12.21597
12.760201
12.326517
11.892833
11.999128
11.127508
11.999128
11.888581
12.653906
12.870748
11.888581
11.999128
11.888581
12.649654
11.454897
11.999128
11.999128
11.565443
11.67174
11.67174
12.866496
11.782287
12.21597
11.888581
12.977044
11.67174
12.21597
12.432813
12.21597
12.870748
11.5611925
11.67174
13.08759
12.760201
11.565443
11.999128
12.322266
11.5611925
11.999128
12.977044
12.105423
11.782287
12.432813
11.888581
11.999128
12.21597
11.888581
12.653906
12.109674
12.437064
11.67174
11.999128
11.67174
11.999128
12.54336
11.999128
12.649654
12.54336
12.432813
11.888581
11.782287
12.322266
11.999128
11.999128
11.888581
12.109674
12.54336
12.432813
11.782287
11.782287
12.326517
12.105423
11.565443
11.999128
12.760201
12.21597
12.54336
11.888581
11.888581
12.109674
12.760201
11.782287
12.54336
11.999128
11.888581
12.21597
11.34435
11.67174
12.326517
11.67174
12.322266
12.326517
12.54336
11.999128
12.760201
11.999128
11.888581
11.67174
11.892833
12.54336
11.454897
12.54336
12.21597
12.54336
12.54336
11.34435
12.54336
12.870748
10.9106655
12.870748
11.888581
12.21597
12.109674
12.870748
11.67174
12.54336
11.888581
11.454897
12.653906
12.105423
12.326517
12.54336
12.760201
11.565443
12.21597
12.21597
12.21597
12.105423
11.782287
11.782287
11.888581
12.54336
11.999128
12.432813
11.888581
12.326517
11.778034
11.892833
11.999128
12.105423
12.21597
12.54336
11.888581
11.888581
12.21597
12.21597
12.870748
12.326517
11.999128
12.870748
11.782287
12.432813
12.649654
12.870748
12.326517
12.21597
11.454897
12.870748
12.322266
12.760201
12.54336
12.109674
12.21597
11.999128
12.760201
12.54336
11.888581
11.999128
12.432813
11.782287
12.653906
12.21597
12.21597
11.999128
11.888581
12.21597
11.782287
12.54336
11.888581
11.238055
11.888581
13.193886
11.67174
12.326517
11.778034
12.653906
12.649654
11.67174
11.782287
12.760201
12.866496
12.870748
12.432813
11.5611925
11.454897
11.888581
11.999128
12.326517
12.649654
12.432813
11.999128
12.760201
12.760201
12.870748
12.105423
12.760201
11.888581
11.999128
12.21597
11.999128
11.016961
11.999128
12.432813
11.782287
11.888581
12.760201
11.238055
12.760201
12.432813
11.999128
12.54336
12.649654
12.109674
12.326517
11.999128
11.999128
12.326517
12.322266
11.34435
12.326517
12.432813
12.432813
12.326517
12.977044
12.54336
12.21597
11.782287
12.109674
12.760201
13.08759
11.67174
12.105423
12.870748
12.760201
11.127508
12.760201
12.432813
11.67174
11.67174
12.21597
11.565443
12.326517
12.21597
12.437064
12.105423
12.437064
12.649654
12.432813
11.67174
11.67174
12.109674
11.999128
12.760201
12.870748
12.326517
12.653906
12.21597
12.21597
12.105423
12.109674
12.322266
11.999128
12.653906
12.432813
11.999128
13.41498
12.109674
11.888581
11.892833
11.782287
13.304433
12.326517
12.54336
12.21597
11.782287
11.888581
12.54336
11.888581
11.67174
12.21597
12.760201
11.888581
12.432813
11.454897
12.54336
12.21597
12.760201
12.977044
12.109674
11.454897
12.109674
12.760201
11.782287
12.109674
12.649654
12.21597
12.105423
11.67174
12.653906
11.888581
12.326517
12.21597
11.454897
13.198137
12.432813
11.454897
12.21597
12.105423
11.782287
12.105423
11.5611925
11.782287
11.565443
12.54336
11.782287
12.54336
12.977044
11.782287
12.760201
11.238055
12.760201
12.21597
12.977044
12.21597
12.21597
12.870748
11.999128
11.999128
11.999128
11.127508
13.08759
11.999128
11.888581
12.54336
11.999128
12.432813
12.432813
11.67174
11.67174
12.21597
12.54336
12.322266
11.782287
12.54336
12.760201
12.760201
12.653906
12.21597
12.653906
11.999128
12.977044
12.432813
11.782287
12.54336
11.778034
12.105423
12.326517
12.432813
11.34435
13.08759
12.760201
11.782287
11.999128
11.67174
11.782287
11.5611925
12.54336
12.105423
11.454897
12.437064
12.21597
12.653906
12.21597
12.54336
11.782287
11.67174
12.109674
11.888581
12.54336
12.977044
12.54336
11.999128
12.432813
13.08759
13.08759
11.67174
11.67174
11.888581
11.5611925
12.21597
11.782287
11.999128
12.21597
12.54336
12.870748
11.782287
11.999128
13.193886
12.326517
12.21597
12.653906
12.21597
11.238055
12.649654
12.649654
12.432813
11.782287
12.21597
11.782287
12.432813
12.21597
11.999128
12.326517
12.432813
11.67174
12.760201
12.539107
12.54336
12.760201
11.999128
12.326517
11.67174
12.54336
12.432813
12.21597
12.653906
12.760201
12.54336
11.454897
11.782287
11.5611925
11.888581
12.653906
12.21597
12.649654
11.778034
12.760201
12.866496
12.326517
11.67174
12.21597
12.21597
12.109674
12.977044
11.67174
11.454897
12.760201
12.105423
12.54336
12.977044
12.760201
12.105423
11.999128
12.326517
11.999128
12.432813
12.21597
12.21597
11.5611925
11.67174
12.54336
11.888581
12.326517
11.999128
11.999128
12.653906
11.67174
12.54336
12.54336
12.653906
11.888581
11.34435
11.782287
11.994876
12.21597
12.109674
11.999128
11.565443
12.105423
11.454897
11.888581
11.67174
11.999128
11.782287
11.782287
11.994876
12.54336
12.54336
11.67174
12.21597
12.432813
11.67174
12.432813
12.21597
11.5611925
12.981295
11.888581
12.326517
12.21597
12.432813
11.782287
12.109674
12.977044
12.326517
11.5611925
11.999128
12.109674
12.653906
12.977044
11.67174
12.760201
12.54336
11.999128
11.999128
12.109674
12.21597
11.782287
12.326517
12.539107
11.5611925
12.21597
12.870748
11.892833
11.888581
12.109674
12.653906
11.782287
12.760201
12.54336
12.105423
11.999128
11.782287
11.34435
11.999128
11.999128
11.454897
11.999128
11.5611925
12.109674
11.34435
12.109674
12.760201
11.5611925
12.109674
11.888581
11.238055
11.999128
12.649654
11.888581
12.981295
11.778034
11.782287
12.760201
11.565443
12.326517
11.782287
11.34435
12.21597
11.782287
12.54336
11.5611925
11.454897
12.764453
12.866496
11.454897
11.999128
12.760201
11.782287
12.21597
12.21597
11.67174
12.326517
11.888581
11.34435
12.105423
13.08759
12.653906
11.999128
11.999128
12.649654
12.105423
12.326517
12.432813
12.653906
12.54336
11.888581
11.782287
13.08759
12.21597
11.565443
12.105423
12.760201
11.892833
12.649654
11.999128
11.999128
12.760201
12.977044
12.54336
12.21597
11.67174
12.760201
12.432813
11.999128
12.870748
12.977044
12.437064
11.888581
11.454897
13.08759
12.432813
11.782287
12.21597
11.67174
12.109674
11.778034
12.981295
12.54336
11.5611925
11.888581
11.999128
11.34435
12.21597
12.54336
11.999128
11.999128
11.999128
12.760201
12.653906
12.760201
11.34435
12.54336
11.67174
11.34435
12.432813
11.888581
11.565443
11.888581
12.21597
12.21597
12.105423
12.653906
11.999128
12.432813
12.870748
11.999128
12.54336
11.999128
12.105423
11.888581
11.782287
12.322266
12.432813
12.109674
11.994876
11.454897
12.105423
11.67174
12.109674
11.67174
11.888581
12.437064
13.08759
12.977044
11.454897
11.67174
11.999128
11.888581
12.21597
12.870748
12.760201
11.999128
11.999128
12.105423
11.454897
11.999128
11.999128
12.322266
11.454897
11.999128
12.322266
11.67174
12.54336
11.888581
12.54336
12.432813
11.782287
11.565443
12.870748
12.649654
12.105423
13.198137
12.432813
11.782287
12.977044
12.760201
12.54336
12.54336
11.782287
12.432813
12.54336
12.21597
12.109674
12.432813
11.67174
12.54336
12.326517
12.649654
12.21597
12.870748
12.760201
12.54336
12.760201
12.21597
11.999128
11.888581
11.5611925
12.870748
12.105423
12.326517
12.870748
12.760201
11.888581
12.54336
12.870748
11.999128
12.109674
11.999128
12.649654
11.888581
12.54336
11.782287
12.760201
12.21597
12.326517
12.649654
11.892833
12.432813
11.999128
12.432813
12.322266
12.21597
11.888581
12.760201
12.21597
11.782287
11.999128
12.432813
12.326517
12.54336
12.21597
12.54336
13.08759
12.21597
11.5611925
11.454897
12.54336
12.105423
12.109674
12.977044
11.238055
12.54336
11.999128
11.782287
11.888581
12.109674
11.5611925
11.782287
12.54336
12.21597
12.432813
12.760201
13.08759
12.54336
11.782287
11.888581
11.999128
12.760201
11.892833
12.760201
11.999128
12.326517
12.21597
11.565443
12.432813
11.999128
11.782287
12.432813
11.999128
12.54336
12.54336
12.432813
11.67174
11.778034
11.67174
12.21597
12.326517
12.21597
12.21597
11.999128
12.54336
12.54336
13.08759
12.54336
11.238055
12.322266
12.760201
12.21597
11.888581
11.999128
12.649654
11.454897
12.432813
11.888581
12.21597
12.21597
11.67174
12.760201
12.105423
12.432813
11.888581
11.892833
12.432813
12.977044
12.760201
11.127508
11.999128
11.782287
12.437064
11.782287
12.760201
11.999128
12.432813
11.450645
12.54336
11.565443
11.999128
12.105423
11.888581
12.109674
12.437064
12.326517
11.5611925
12.760201
12.870748
11.888581
11.67174
12.21597
11.782287
12.21597
12.432813
11.565443
12.21597
11.888581
13.198137
12.21597
11.67599
12.977044
12.760201
11.999128
12.21597
12.326517
11.888581
11.888581
11.67174
12.760201
12.21597
12.54336
11.782287
12.870748
11.888581
11.999128
12.21597
12.432813
11.999128
11.454897
11.999128
12.326517
12.54336
12.432813
12.432813
11.67174
11.782287
12.760201
12.870748
12.322266
11.888581
11.888581
11.34435
12.54336
11.888581
11.999128
12.432813
12.21597
11.34435
12.21597
11.67174
12.326517
11.888581
12.326517
12.649654
12.870748
11.999128
12.649654
12.109674
12.649654
11.999128
11.5611925
11.999128
12.105423
13.198137
12.54336
12.21597
12.432813
12.54336
11.888581
11.999128
12.760201
11.999128
11.34435
11.565443
13.08759
12.432813
12.432813
11.34435
12.326517
12.21597
11.999128
11.5611925
11.999128
12.21597
11.67174
12.21597
12.870748
11.888581
11.782287
12.977044
12.977044
12.760201
11.999128
11.454897
11.999128
11.888581
11.67174
12.105423
12.437064
12.109674
11.888581
11.5611925
12.326517
12.109674
12.760201
12.432813
12.21597
11.454897
11.888581
11.999128
12.649654
13.08759
12.653906
11.778034
12.653906
11.999128
12.21597
11.238055
12.21597
11.999128
12.870748
12.326517
12.105423
12.326517
11.888581
11.782287
12.21597
12.326517
12.760201
12.54336
12.2202215
11.888581
11.67174
12.21597
11.782287
11.888581
12.54336
11.888581
12.653906
11.67174
11.999128
11.888581
11.67174
11.67174
12.870748
11.782287
12.21597
12.54336
12.54336
11.999128
12.760201
12.870748
12.54336
12.760201
11.454897
11.67174
12.326517
12.977044
13.08759
11.888581
12.432813
11.999128
12.54336
11.454897
12.432813
12.21597
11.782287
12.21597
11.782287
12.432813
11.888581
11.999128
11.34435
11.999128
12.760201
12.326517
11.127508
11.888581
12.653906
11.999128
12.432813
11.888581
12.105423
11.999128
11.782287
11.778034
11.782287
12.326517
11.238055
12.105423
13.08759
11.778034
11.782287
12.432813
11.782287
12.105423
12.760201
11.238055
12.760201
11.999128
12.105423
12.21597
11.34435
12.326517
12.54336
11.999128
12.322266
12.760201
11.782287
12.649654
12.109674
11.127508
12.870748
12.54336
12.105423
12.326517
11.233803
11.782287
11.5611925
12.109674
12.866496
11.999128
11.5611925
12.21597
11.67174
12.432813
12.870748
11.454897
11.999128
11.34435
12.760201
12.54336
12.649654
12.977044
12.653906
11.454897
11.782287
11.888581
12.326517
11.454897
11.999128
12.109674
12.760201
12.760201
12.870748
11.5611925
12.760201
11.888581
12.54336
11.67174
11.454897
12.21597
11.5611925
12.21597
12.21597
12.981295
11.999128
12.21597
12.54336
12.649654
12.981295
11.67174
12.54336
11.454897
12.649654
12.54336
11.999128
12.432813
12.649654
11.782287
12.326517
11.67174
12.432813
12.432813
12.432813
11.892833
12.322266
12.54336
11.67174
11.34435
12.981295
11.999128
11.782287
12.21597
12.54336
11.454897
12.432813
11.782287
11.5611925
12.870748
13.193886
12.326517
11.999128
11.5611925
12.432813
12.21597
11.782287
12.760201
12.21597
12.977044
12.432813
11.238055
12.105423
11.888581
12.54336
11.782287
12.760201
12.21597
12.432813
11.454897
12.21597
12.653906
12.54336
11.238055
12.870748
11.67174
12.432813
11.888581
11.782287
12.760201
11.999128
11.888581
12.54336
12.326517
12.105423
12.109674
12.432813
11.782287
11.127508
11.67174
12.653906
11.888581
11.454897
11.5611925
12.653906
12.21597
12.54336
12.432813
12.326517
11.67174
12.432813
12.109674
11.5611925
12.54336
12.760201
12.54336
12.21597
12.54336
11.782287
12.760201
11.888581
11.34435
12.760201
12.649654
12.21597
11.67174
11.999128
12.109674
12.760201
12.870748
11.888581
12.870748
11.999128
11.888581
12.21597
12.432813
12.760201
11.999128
12.326517
11.999128
11.778034
11.888581
12.760201
12.760201
12.105423
11.999128
12.432813
12.870748
11.67174
12.109674
12.21597
12.432813
11.999128
11.888581
12.21597
12.21597
12.760201
12.326517
12.760201
11.999128
12.432813
12.653906
11.67174
12.870748
12.54336
12.54336
11.238055
12.760201
11.782287
12.326517
12.54336
11.888581
12.870748
12.322266
12.21597
11.782287
12.649654
12.21597
11.888581
12.54336
12.54336
12.760201
11.999128
11.999128
11.454897
12.870748
11.888581
11.999128
11.888581
12.54336
11.782287
11.67174
12.21597
12.326517
12.760201
11.34435
12.105423
12.54336
12.54336
12.109674
11.888581
11.782287
12.105423
12.870748
13.521274
12.653906
11.67174
12.653906
12.21597
11.34435
12.21597
12.432813
12.760201
11.454897
12.105423
11.67174
11.888581
12.105423
12.21597
12.21597
12.54336
12.653906
12.432813
12.105423
11.888581
12.109674
12.977044
13.08759
11.782287
11.565443
11.67174
11.782287
11.888581
11.565443
12.21597
13.08759
12.21597
11.127508
12.326517
12.760201
12.760201
12.870748
12.54336
11.782287
12.21597
11.67174
12.54336
11.5611925
11.782287
11.999128
12.870748
12.109674
11.888581
12.649654
11.67174
12.326517
12.54336
11.67174
11.450645
12.870748
11.67174
11.999128
12.105423
12.54336
12.109674
12.870748
11.999128
12.54336
12.870748
12.760201
12.326517
12.326517
11.999128
12.870748
11.67174
12.760201
11.67174
11.782287
12.432813
11.999128
12.54336
12.649654
11.782287
11.999128
13.08759
11.999128
12.326517
11.454897
12.54336
12.977044
12.54336
12.21597
12.21597
11.782287
12.21597
11.999128
11.454897
12.21597
12.870748
11.888581
11.34435
12.21597
11.67174
11.782287
12.760201
12.54336
12.21597
12.109674
12.653906
12.432813
11.454897
11.888581
12.977044
12.21597
11.999128
12.653906
11.778034
12.870748
12.653906
11.888581
12.653906
11.888581
12.21597
12.649654
11.782287
12.21597
12.21597
12.326517
12.21597
12.760201
11.999128
12.977044
12.653906
12.432813
12.870748
12.760201
11.888581
12.326517
11.888581
12.105423
11.348601
12.54336
12.432813
11.999128
11.67174
12.437064
12.432813
11.782287
11.888581
12.870748
12.760201
11.888581
12.109674
12.54336
12.870748
12.54336
12.21597
12.21597
12.760201
11.454897
11.782287
12.760201
11.348601
11.34435
11.999128
11.999128
11.67174
11.888581
12.326517
12.21597
12.432813
12.432813
12.649654
12.21597
12.760201
12.870748
11.999128
12.105423
12.54336
12.432813
12.326517
12.21597
12.109674
12.649654
12.21597
12.326517
12.432813
11.565443
13.08759
11.782287
11.888581
11.999128
11.888581
11.999128
11.999128
11.888581
12.54336
12.54336
12.21597
12.649654
12.649654
12.653906
11.782287
12.326517
12.760201
12.54336
11.782287
12.326517
11.782287
12.977044
11.782287
11.999128
11.999128
12.653906
11.888581
12.649654
11.888581
12.326517
11.999128
12.870748
11.888581
12.54336
11.5611925
12.326517
12.105423
11.999128
12.326517
12.54336
11.892833
12.326517
12.54336
12.870748
12.649654
12.109674
11.5611925
12.21597
11.454897
12.21597
12.54336
12.105423
11.782287
11.67174
11.454897
11.888581
12.432813
11.67174
11.5611925
12.54336
11.888581
12.326517
12.105423
12.54336
12.977044
12.54336
12.21597
12.21597
12.760201
12.760201
12.870748
12.432813
12.326517
12.326517
11.888581
11.565443
13.304433
12.760201
12.432813
12.432813
12.326517
11.888581
12.653906
12.54336
12.322266
11.67174
12.105423
12.870748
11.67174
11.888581
11.999128
12.432813
12.870748
12.432813
12.54336
11.67174
11.888581
12.432813
12.21597
12.54336
12.760201
12.326517
11.888581
11.999128
12.21597
12.977044
11.999128
12.322266
11.999128
11.67174
12.760201
11.782287
13.083339
12.54336
12.21597
12.870748
11.888581
12.326517
11.888581
12.326517
11.999128
11.782287
12.432813
12.21597
12.109674
12.105423
11.999128
11.999128
11.782287
12.21597
11.67174
11.454897
12.326517
11.782287
11.888581
12.870748
11.454897
12.21597
11.888581
11.67174
12.653906
11.888581
13.08759
12.870748
13.193886
11.67174
11.67174
12.760201
11.888581
12.760201
12.54336
11.5611925
12.21597
11.999128
12.653906
11.999128
11.999128
11.999128
12.432813
12.326517
11.888581
12.54336
12.54336
11.5611925
11.454897
12.326517
11.999128
12.432813
11.67174
11.34435
12.21597
12.109674
12.760201
12.109674
11.238055
12.326517
12.54336
12.649654
12.109674
11.67174
11.999128
11.999128
12.54336
11.888581
11.999128
12.21597
13.08759
12.21597
11.782287
12.21597
12.326517
12.105423
12.54336
12.21597
11.67174
12.326517
12.760201
12.21597
12.326517
11.5611925
11.999128
11.999128
12.432813
12.54336
11.67174
13.304433
12.653906
12.870748
12.326517
11.999128
12.760201
11.67174
11.888581
11.888581
12.326517
13.304433
11.782287
12.649654
11.782287
12.105423
11.999128
12.326517
12.21597
11.454897
12.326517
11.67174
11.778034
12.760201
11.67174
11.999128
12.54336
11.888581
12.326517
12.326517
12.432813
11.999128
12.322266
11.782287
11.5611925
12.870748
12.21597
13.08759
12.21597
12.21597
12.870748
12.649654
11.238055
12.760201
12.760201
12.977044
11.778034
12.21597
12.326517
12.54336
11.999128
11.67174
11.782287
12.54336
12.432813
11.999128
12.54336
12.649654
13.08759
11.888581
12.105423
11.999128
11.67174
13.198137
12.105423
11.67174
12.432813
12.760201
12.432813
11.888581
12.54336
12.54336
12.109674
12.760201
11.34435
12.760201
12.870748
12.21597
12.432813
11.238055
11.888581
11.999128
12.977044
12.326517
11.782287
12.432813
11.999128
11.999128
11.782287
12.649654
13.08759
12.432813
11.999128
12.54336
12.21597
12.870748
11.782287
11.999128
11.233803
12.326517
12.54336
12.105423
12.326517
11.5611925
12.109674
11.565443
13.08759
12.326517
12.54336
12.437064
11.888581
12.432813
12.326517
11.454897
11.892833
11.999128
12.760201
12.54336
11.888581
12.432813
12.870748
11.67174
12.326517
11.454897
12.54336
12.109674
11.888581
11.67174
11.999128
12.432813
12.760201
12.977044
11.999128
12.653906
11.565443
12.21597
12.653906
12.21597
11.565443
12.326517
12.432813
12.54336
11.782287
11.782287
12.326517
11.892833
11.5611925
12.109674
12.21597
11.999128
12.760201
12.432813
11.67174
11.782287
12.760201
12.437064
13.193886
11.67174
12.54336
11.67174
12.432813
12.764453
11.67174
11.778034
11.454897
11.67174
12.21597
11.67174
12.109674
12.649654
11.454897
12.54336
11.565443
12.109674
11.999128
12.54336
12.109674
12.54336
12.653906
11.999128
12.105423
11.454897
11.999128
12.432813
12.432813
12.54336
12.649654
12.54336
11.999128
12.326517
12.105423
12.326517
12.760201
12.21597
12.653906
11.888581
12.54336
12.54336
12.326517
11.999128
12.54336
12.54336
12.326517
11.999128
12.432813
11.565443
12.326517
12.760201
11.888581
12.21597
12.432813
12.54336
12.21597
11.888581
11.67174
12.54336
12.109674
12.870748
12.326517
11.67174
11.999128
11.999128
11.782287
13.08759
12.54336
12.760201
12.109674
12.649654
11.999128
12.21597
12.326517
12.109674
11.67174
12.870748
12.649654
12.870748
12.21597
12.54336
12.326517
11.888581
12.54336
12.432813
12.21597
12.432813
13.08759
11.888581
12.870748
12.326517
12.21597
12.437064
11.888581
11.999128
12.326517
12.54336
11.5611925
12.54336
12.21597
12.21597
12.54336
12.760201
12.54336
12.21597
12.760201
12.653906
12.649654
11.454897
11.888581
12.760201
12.326517
11.67174
11.67174
11.778034
12.54336
13.08759
11.888581
12.54336
11.994876
12.870748
12.760201
12.54336
11.999128
12.21597
12.54336
11.888581
12.326517
11.34435
12.326517
11.999128
12.105423
11.999128
11.34435
12.21597
11.67174
12.760201
11.565443
12.432813
12.653906
11.999128
11.888581
11.782287
12.432813
12.977044
11.892833
12.105423
11.888581
12.21597
11.999128
12.326517
12.21597
11.782287
11.888581
11.782287
12.21597
12.109674
11.127508
11.888581
12.21597
12.21597
12.54336
12.54336
11.782287
12.432813
12.977044
12.105423
13.41498
11.999128
11.999128
11.888581
12.870748
11.999128
12.54336
11.454897
11.5611925
12.54336
12.432813
11.782287
11.888581
12.109674
11.888581
12.105423
11.999128
12.54336
12.109674
12.432813
12.437064
11.888581
11.5611925
12.109674
12.105423
11.782287
11.888581
13.08759
12.870748
11.888581
11.888581
11.34435
12.653906
12.432813
13.08759
12.21597
12.432813
12.870748
12.432813
11.892833
12.21597
12.54336
12.326517
12.54336
11.67174
12.977044
12.326517
11.888581
12.105423
12.21597
12.653906
12.760201
13.08759
12.760201
11.454897
11.233803
12.326517
11.67174
12.54336
12.54336
12.21597
12.105423
12.54336
12.322266
11.67174
11.127508
12.432813
12.649654
11.778034
12.54336
12.54336
12.326517
11.999128
12.649654
12.432813
12.649654
12.432813
12.326517
12.649654
11.565443
11.5611925
12.870748
12.21597
11.994876
11.999128
12.21597
12.54336
12.54336
12.21597
11.999128
11.67174
12.21597
12.437064
12.21597
11.782287
12.649654
11.999128
12.432813
11.454897
11.888581
12.653906
12.54336
12.21597
12.326517
11.999128
12.764453
11.888581
12.649654
12.105423
11.888581
11.782287
12.21597
11.782287
11.999128
11.782287
12.760201
11.782287
11.999128
12.54336
11.999128
12.326517
12.649654
12.21597
11.999128
12.760201
12.54336
12.54336
12.981295
12.977044
12.54336
11.67174
12.432813
12.326517
12.21597
12.109674
12.109674
12.21597
12.977044
12.760201
12.54336
12.105423
12.21597
11.67174
12.760201
12.21597
11.888581
12.870748
11.888581
12.105423
11.782287
12.54336
11.892833
11.778034
12.109674
11.67174
12.105423
12.870748
12.109674
12.870748
11.782287
12.21597
13.08759
11.454897
12.760201
12.109674
11.67174
12.981295
12.760201
12.326517
11.67174
12.760201
13.08759
12.432813
12.21597
12.21597
12.21597
12.764453
12.649654
12.649654
11.67174
11.67174
12.437064
12.432813
11.454897
11.565443
12.105423
12.109674
12.870748
11.888581
12.54336
11.999128
12.21597
12.432813
11.782287
12.432813
12.54336
12.760201
12.760201
12.54336
12.432813
12.870748
12.977044
11.454897
12.326517
12.21597
13.08759
12.109674
12.21597
12.437064
11.67174
13.198137
11.5611925
12.649654
12.326517
12.105423
12.109674
12.54336
12.21597
12.437064
12.54336
12.760201
11.888581
12.326517
12.326517
11.888581
12.54336
12.977044
12.760201
12.326517
12.539107
12.870748
11.454897
12.21597
12.870748
12.432813
12.326517
12.760201
12.54336
11.34435
12.760201
11.999128
12.649654
12.326517
11.34435
11.999128
11.999128
11.5611925
12.21597
11.565443
12.870748
11.67174
11.888581
12.437064
12.432813
11.565443
12.21597
12.109674
11.454897
12.54336
11.454897
11.888581
11.238055
12.54336
12.326517
12.432813
12.760201
11.782287
11.454897
12.21597
11.999128
12.649654
12.326517
11.454897
11.888581
11.999128
11.888581
12.437064
13.08759
11.67174
12.432813
11.782287
11.67174
11.999128
11.888581
12.109674
11.888581
12.870748
11.999128
11.888581
11.67174
12.54336
12.870748
12.21597
12.54336
12.54336
12.21597
12.981295
12.105423
11.782287
11.67174
12.109674
12.870748
12.21597
11.565443
11.888581
12.653906
12.760201
11.888581
11.67174
11.888581
11.999128
11.999128
12.21597
11.454897
12.870748
12.326517
13.521274
12.870748
11.999128
12.21597
12.870748
12.432813
11.888581
11.888581
13.08759
12.432813
12.109674
11.782287
12.760201
12.870748
12.760201
12.326517
11.454897
12.326517
12.54336
12.21597
11.782287
13.08759
11.782287
12.760201
12.326517
12.326517
12.870748
12.432813
12.21597
11.782287
12.322266
12.870748
12.432813
12.54336
12.105423
12.54336
12.432813
11.67174
11.5611925
12.326517
12.105423
11.782287
11.888581
12.437064
12.21597
11.782287
11.454897
12.760201
12.760201
12.21597
12.870748
11.5611925
12.870748
12.760201
11.888581
12.21597
13.08759
12.760201
12.760201
11.67174
12.432813
12.760201
12.21597
11.888581
12.54336
12.649654
11.782287
13.304433
11.999128
12.432813
12.21597
12.649654
11.888581
11.454897
12.54336
12.21597
12.432813
12.21597
12.432813
12.977044
11.782287
12.2202215
11.888581
11.782287
12.21597
11.892833
11.999128
12.54336
11.999128
12.326517
11.888581
12.21597
12.54336
12.21597
11.782287
12.109674
11.67174
12.649654
11.565443
12.870748
11.5611925
12.760201
12.870748
12.326517
11.888581
11.999128
12.21597
12.870748
12.432813
12.326517
12.432813
11.999128
11.5611925
11.999128
11.888581
12.870748
11.782287
12.977044
11.454897
12.870748
11.999128
12.870748
11.34435
12.326517
12.432813
11.782287
11.5611925
12.432813
11.999128
11.454897
12.21597
11.999128
12.54336
11.782287
12.21597
11.888581
12.977044
11.888581
12.109674
12.432813
12.109674
12.105423
12.21597
13.08759
11.67174
12.760201
11.888581
11.888581
12.326517
12.105423
12.54336
12.649654
11.454897
12.653906
12.105423
11.782287
12.21597
11.999128
12.54336
11.892833
11.454897
12.326517
12.432813
11.67174
12.54336
12.437064
12.760201
11.782287
12.54336
12.649654
11.454897
11.999128
11.782287
12.326517
12.649654
12.870748
12.21597
12.21597
11.892833
12.54336
11.67174
13.304433
11.999128
12.54336
12.760201
12.21597
11.999128
12.432813
11.888581
12.653906
11.778034
11.782287
12.54336
11.67174
11.999128
11.34435
12.109674
12.432813
12.432813
12.21597
12.760201
12.109674
12.649654
12.653906
12.109674
12.649654
11.67174
12.109674
12.432813
11.888581
11.999128
12.105423
12.54336
12.432813
12.21597
12.54336
12.760201
12.21597
11.565443
12.21597
12.109674
11.999128
11.782287
11.888581
11.67174
12.437064
11.999128
12.760201
12.54336
11.67174
12.105423
11.888581
11.999128
12.649654
12.760201
12.105423
12.326517
11.782287
12.54336
11.67174
12.109674
12.432813
12.649654
11.999128
12.432813
11.999128
12.649654
11.782287
12.432813
12.54336
12.21597
12.653906
11.67174
12.54336
12.326517
12.326517
11.888581
13.193886
12.21597
11.5611925
12.21597
11.67174
11.454897
11.999128
12.21597
11.999128
12.432813
11.5611925
12.437064
12.54336
12.21597
11.999128
12.977044
11.67174
11.999128
12.870748
11.5611925
12.326517
11.999128
12.21597
13.08759
12.105423
12.326517
11.888581
11.892833
12.21597
12.653906
12.866496
11.888581
11.888581
12.105423
12.54336
12.870748
12.109674
12.760201
11.67174
11.565443
12.649654
12.109674
12.653906
12.54336
12.870748
12.54336
11.34435
12.54336
11.888581
11.999128
12.54336
12.760201
12.21597
11.67174
12.105423
12.870748
12.977044
11.888581
12.326517
11.999128
11.888581
12.54336
12.653906
12.54336
11.67174
11.999128
11.888581
12.977044
11.5611925
11.67174
11.782287
12.105423
11.454897
12.109674
11.782287
11.999128
12.21597
12.21597
12.21597
11.34435
11.782287
12.54336
11.67174
13.193886
11.782287
12.977044
12.326517
12.21597
11.888581
12.760201
12.21597
11.999128
12.21597
12.326517
11.999128
12.21597
11.454897
12.760201
12.539107
11.782287
11.5611925
12.21597
12.54336
12.105423
12.21597
12.760201
12.326517
11.778034
12.432813
12.432813
11.999128
12.649654
11.5611925
12.760201
12.21597
11.999128
11.999128
12.21597
12.432813
11.782287
11.782287
12.105423
11.999128
12.54336
12.432813
12.870748
12.977044
11.888581
12.54336
11.999128
11.778034
12.653906
12.649654
12.54336
12.326517
13.193886
12.109674
12.760201
12.870748
11.67174
11.778034
12.326517
13.193886
12.109674
12.870748
12.649654
11.782287
11.888581
11.67174
11.782287
11.888581
12.432813
12.760201
12.322266
12.21597
12.653906
12.432813
12.653906
11.999128
11.999128
12.760201
12.21597
12.760201
12.977044
11.454897
11.67174
11.888581
12.54336
12.326517
12.326517
11.565443
13.08759
11.999128
12.432813
11.999128
12.432813
11.454897
12.870748
12.870748
12.21597
12.21597
12.649654
11.454897
12.54336
12.21597
12.326517
12.649654
12.109674
11.999128
12.21597
12.760201
11.999128
13.08759
12.54336
12.760201
12.432813
11.999128
12.105423
11.888581
11.999128
12.760201
11.888581
12.54336
11.999128
11.999128
11.782287
11.782287
11.5611925
11.782287
12.109674
11.999128
12.54336
11.999128
12.322266
11.34435
11.454897
12.105423
12.21597
12.105423
12.326517
11.888581
11.888581
12.54336
11.999128
11.67174
12.109674
12.432813
11.888581
11.782287
12.21597
11.778034
12.21597
11.454897
12.326517
12.105423
12.54336
12.105423
11.782287
11.888581
11.454897
12.21597
12.54336
12.54336
11.999128
11.782287
12.21597
11.454897
11.67174
11.454897
11.782287
11.999128
11.67174
11.999128
12.437064
12.432813
11.238055
12.870748
12.977044
12.109674
11.892833
11.999128
11.999128
11.67174
11.67174
12.326517
11.565443
11.67174
11.782287
12.437064
12.54336
12.21597
12.326517
12.432813
12.326517
12.649654
11.999128
11.454897
12.54336
12.432813
12.326517
11.67174
11.5611925
11.888581
11.127508
11.67599
12.432813
11.888581
12.21597
11.999128
11.127508
12.437064
12.54336
11.999128
11.565443
12.326517
11.67174
11.454897
11.999128
11.454897
11.454897
11.67174
12.109674
11.888581
11.127508
12.21597
11.34435
11.782287
11.999128
12.54336
12.21597
11.782287
12.109674
12.54336
12.21597
11.67174
11.999128
11.67174
11.892833
12.21597
11.238055
12.432813
11.348601
11.999128
11.021213
12.326517
11.67599
11.454897
10.9106655
11.782287
11.565443
12.21597
10.9106655
12.21597
11.454897
11.454897
11.34435
11.782287
12.109674
11.999128
10.583277
10.9106655
10.9106655
11.454897
11.782287
10.693824
11.127508
11.127508
10.9106655
10.583277
12.437064
11.67174
11.454897
11.454897
11.34435
11.021213
11.5611925
12.109674
11.238055
11.782287
11.999128
10.800118
11.782287
11.782287
11.892833
11.782287
11.127508
11.782287
11.127508
10.476982
11.67174
11.34435
11.348601
11.238055
11.238055
10.9106655
11.238055
11.565443
11.999128
10.476982
11.454897
12.326517
11.127508
11.127508
11.238055
10.9106655
11.021213
10.476982
11.782287
11.454897
11.238055
11.238055
11.999128
11.238055
11.565443
11.238055
11.127508
11.021213
10.583277
11.021213
12.21597
11.127508
11.888581
11.238055
11.238055
11.67174
10.9106655
10.9106655
10.476982
10.9106655
11.127508
10.476982
11.782287
11.238055
11.782287
10.9106655
10.9106655
11.67174
11.782287
11.782287
11.127508
11.238055
10.583277
10.80437
11.127508
10.583277
11.021213
10.80437
10.476982
11.782287
10.800118
11.021213
10.587528
10.80437
10.476982
12.109674
11.021213
11.13176
10.260139
11.454897
11.021213
10.693824
10.693824
10.587528
10.800118
11.021213
10.693824
11.127508
10.80437
10.693824
10.476982
11.348601
11.238055
10.255888
11.238055
10.476982
11.021213
10.9106655
11.782287
10.260139
11.454897
11.565443
11.782287
10.366435
11.021213
10.693824
11.238055
10.583277
10.476982
10.9106655
10.476982
11.348601
11.238055
10.693824
11.021213
11.454897
11.348601
11.238055
11.454897
11.454897
10.80437
11.348601
10.693824
10.260139
11.021213
10.693824
10.476982
10.587528
10.583277
11.021213
11.021213
11.238055
11.348601
10.693824
11.021213
11.348601
10.149592
10.80437
11.454897
10.693824
10.80437
10.693824
10.80437
10.9106655
10.149592
10.587528
10.80437
10.693824
11.348601
10.80437
9.928498
11.348601
10.800118
9.822204
11.348601
11.67174
9.494814
10.587528
10.583277
10.370686
10.587528
10.366435
10.260139
11.238055
10.583277
11.021213
11.021213
11.127508
10.260139
11.238055
11.238055
9.932751
11.021213
9.822204
10.476982
10.9106655
10.476982
11.565443
10.583277
10.366435
10.693824
10.80437
11.238055
11.021213
10.149592
11.021213
10.366435
9.932751
10.693824
10.80437
10.693824
10.039045
11.021213
10.260139
10.149592
10.260139
11.238055
10.476982
10.476982
10.366435
10.149592
11.021213
10.149592
10.260139
10.149592
10.9106655
11.021213
10.039045
10.80437
10.039045
9.711657
11.021213
10.039045
9.605361
10.260139
10.693824
10.587528
10.366435
9.061131
10.9106655
9.822204
10.260139
9.932751
9.605361
11.13176
10.476982
9.932751
11.13176
10.366435
9.932751
11.13176
9.822204
9.932751
9.715908
9.932751
10.149592
10.366435
10.9106655
10.039045
9.605361
10.587528
10.583277
10.476982
10.149592
9.605361
10.693824
10.039045
9.932751
10.476982
9.715908
10.149592
9.605361
9.932751
9.605361
9.605361
10.149592
10.583277
9.605361
10.476982
9.605361
9.605361
10.80437
10.043297
10.476982
10.587528
10.583277
9.499066
10.149592
9.605361
10.476982
10.149592
10.476982
9.826455
9.388519
9.932751
9.494814
9.932751
10.693824
10.149592
9.061131
10.370686
10.366435
9.388519
10.476982
9.822204
9.388519
9.932751
10.476982
8.950583
10.80437
10.366435
10.149592
9.715908
9.499066
9.932751
10.149592
10.476982
10.039045
9.277972
10.80437
9.277972
9.822204
9.715908
9.494814
9.822204
10.587528
10.260139
9.277972
10.043297
9.932751
9.388519
10.366435
10.149592
9.388519
9.605361
9.061131
10.476982
9.605361
9.822204
9.932751
8.733741
10.260139
9.715908
9.277972
9.171678
10.260139
9.061131
10.260139
9.932751
9.932751
10.80437
9.822204
9.822204
9.932751
9.388519
10.149592
9.605361
9.277972
9.932751
9.388519
10.149592
9.605361
9.388519
9.822204
10.149592
8.516899
9.826455
9.822204
8.733741
9.388519
9.171678
9.277972
9.715908
10.149592
9.605361
9.932751
9.605361
9.171678
9.605361
9.277972
9.388519
10.587528
9.499066
9.605361
9.388519
9.388519
8.516899
9.605361
9.822204
9.605361
10.149592
9.932751
9.715908
9.932751
9.388519
9.499066
10.043297
9.822204
9.494814
10.043297
9.605361
9.822204
9.061131
9.715908
9.388519
9.061131
9.388519
9.171678
9.605361
9.388519
9.061131
9.822204
9.277972
9.277972
10.043297
9.932751
9.061131
9.605361
9.171678
9.932751
8.844288
9.171678
9.605361
9.715908
9.605361
9.932751
9.061131
9.715908
9.171678
9.388519
9.605361
9.715908
9.061131
9.715908
9.277972
9.932751
9.605361
9.171678
9.061131
9.822204
8.627446
9.171678
9.605361
8.950583
9.499066
9.932751
9.061131
9.061131
9.277972
9.499066
9.715908
9.061131
8.733741
9.932751
9.171678
8.300056
9.171678
9.822204
9.171678
8.733741
9.826455
9.171678
9.171678
8.844288
8.516899
9.932751
9.277972
9.277972
8.516899
9.388519
9.388519
9.715908
10.043297
8.954835
9.715908
8.844288
8.733741
9.388519
9.171678
9.282225
9.171678
9.499066
8.627446
8.083215
7.9769197
8.954835
8.083215
8.414855
7.2158465
7.4369397
7.653782
6.348478
7.003256
6.2421827
7.220098
6.6758666
6.0253406
6.348478
5.914794
6.56532
6.1316357
6.9990044
6.1316357
7.003256
5.804247
6.348478
5.5874047
6.1316357
6.348478
6.8969607
6.892709
6.1316357
6.56532
7.220098
7.3263927
6.7821617
6.9990044
8.193762
8.304308
8.410604
9.171678
9.171678
8.300056
8.954835
8.844288
9.388519
8.189509
8.193762
9.282225
8.627446
7.7558255
7.760078
6.56532
7.220098
6.7821617
7.653782
6.7821617
7.330645
6.7821617
6.348478
6.892709
6.1316357
6.348478
6.7821617
6.4590244
6.6758666
6.348478
5.6937
6.7821617
6.348478
6.237931
6.0210886
6.9990044
7.003256
7.109551
6.1316357
7.003256
6.892709
6.6758666
6.6758666
7.3263927
7.109551
7.3263927
7.870624
6.7821617
7.760078
8.087466
6.9990044
7.2158465
6.9990044
8.525402
6.454773
7.653782
7.2158465
7.653782
7.3263927
6.0210886
7.543235
7.653782
7.4369397
6.1316357
6.56532
7.330645
6.7821617
6.6758666
5.804247
6.6758666
6.2421827
5.914794
5.804247
6.1316357
5.5874047
6.6758666
6.1316357
6.348478
5.914794
6.56532
6.1316357
6.6758666
6.5695715
5.914794
6.1316357
6.892709
5.4768577
6.892709
6.237931
6.892709
6.348478
6.0210886
6.56532
6.7864137
6.7821617
7.4369397
6.892709
7.109551
6.0210886
5.6937
6.348478
6.0210886
7.3263927
7.220098
6.237931
6.348478
6.7821617
6.7864137
6.348478
6.454773
6.7864137
5.4768577
5.914794
6.4590244
6.0210886
5.3705626
5.8084984
5.0431733
5.591656
5.1537204
5.6979513
5.1537204
5.3705626
5.264267
5.3705626
5.914794
5.804247
5.4768577
5.914794
6.0253406
6.0253406
6.2421827
5.914794
6.0210886
6.1316357
5.804247
5.914794
5.914794
5.914794
5.6979513
6.5695715
5.1537204
6.0253406
5.914794
6.1316357
6.4590244
6.1316357
5.914794
5.3705626
5.2600155
5.481109
5.804247
5.3705626
5.264267
6.348478
5.6979513
5.591656
6.1316357
5.0474253
4.936878
4.826331
5.481109
5.3705626
4.6094894
4.936878
5.481109
4.720036
6.0253406
5.8084984
5.1537204
4.936878
5.3705626
4.720036
5.264267
4.826331
5.1537204
6.35273
5.481109
5.0431733
5.0431733
5.6979513
5.481109
5.3705626
5.6979513
5.6979513
4.2821
6.35273
4.826331
4.3926473
5.1537204
4.720036
4.720036
5.6979513
4.936878
5.264267
4.826331
4.826331
5.1537204
5.481109
5.6979513
4.936878
5.264267
5.0474253
5.8084984
4.830583
4.2821
5.1579723
5.481109
4.936878
5.9190454
5.1537204
5.481109
4.826331
5.1537204
4.826331
4.1758046
5.481109
5.3705626
4.6094894
5.1537204
4.3926473
4.936878
4.936878
5.481109
4.720036
5.6979513
4.503194
4.826331
5.264267
4.936878
5.1537204
4.830583
4.936878
3.737869
5.1537204
4.3926473
4.6094894
6.2421827
4.503194
5.481109
4.936878
5.264267
4.936878
3.848416
4.6094894
5.6979513
4.2863517
5.264267
5.264267
4.6094894
4.720036
3.848416
4.1758046
5.3705626
4.830583
4.826331
5.264267
5.3748145
4.1758046
4.3926473
4.6094894
5.264267
4.830583
4.6094894
4.720036
5.264267
3.848416
4.830583
5.3705626
4.503194
5.0431733
5.1537204
4.3926473
4.503194
4.3926473
4.830583
4.2821
5.1537204
4.3926473
4.3926473
4.3926473
4.936878
4.720036
3.5210268
5.6979513
4.1758046
3.954711
5.0431733
4.2821
4.1758046
4.830583
4.826331
5.0474253
5.481109
3.9589627
4.830583
4.720036
3.631574
4.065258
4.6094894
4.1758046
4.1758046
4.503194
5.0431733
4.720036
5.264267
4.3926473
4.720036
4.2821
3.848416
5.0474253
4.3926473
4.2821
4.1758046
4.826331
4.936878
5.0474253
4.1758046
4.065258
5.0474253
4.3926473
4.1758046
5.3748145
4.503194
4.065258
4.2863517
4.826331
3.9589627
5.1537204
4.503194
4.936878
4.3926473
5.1579723
4.065258
4.1758046
4.065258
4.720036
5.0474253
4.065258
5.0474253
4.065258
4.503194
4.1758046
4.065258
4.720036
3.848416
3.7421207
4.936878
4.3926473
4.720036
4.503194
3.848416
4.503194
4.3926473
4.1758046
4.936878
3.848416
4.2863517
4.2863517
3.631574
4.3926473
3.737869
3.631574
4.1758046
3.848416
4.2863517
4.503194
3.9589627
3.848416
4.503194
4.1758046
3.848416
4.503194
4.936878
4.720036
4.2821
4.503194
5.0474253
4.6094894
4.830583
3.9589627
4.2863517
4.06951
3.9589627
4.065258
3.9589627
3.737869
4.3926473
4.613741
4.06951
4.2821
4.065258
3.9589627
4.065258
4.503194
4.1758046
3.631574
4.3926473
3.1978896
3.414732
2.8705006
3.737869
3.9589627
3.631574
3.414732
4.503194
3.631574
3.631574
4.1758046
3.414732
4.3926473
4.503194
3.5210268
3.9589627
3.7421207
3.7421207
3.414732
3.7421207
2.7642052
3.1978896
3.7421207
3.0873425
3.414732
3.1978896
3.9589627
3.1978896
2.7642052
2.6536584
3.414732
3.0873425
3.0873425
3.1978896
3.1978896
3.1978896
2.8705006
2.4368165
3.414732
3.1978896
2.3262694
2.7642052
2.7642052
2.5473633
3.5252786
2.003132
3.6358256
2.2199743
2.5473633
2.7642052
2.9810476
2.6536584
2.5473633
2.4368165
1.7862899
3.0915945
2.330521
2.2199743
3.3084364
2.2199743
2.6536584
2.003132
2.9810476
2.5473633
2.2199743
2.4368165
2.330521
1.896837
2.2199743
2.2199743
2.4410682
2.5473633
1.4589009
2.330521
2.1136792
1.3526058
1.6799948
2.330521
0.91466975
2.5473633
2.4410682
1.4589009
2.1136792
2.003132
1.3526058
2.1136792
1.1357636
2.224226
2.1136792
1.7862899
1.5694479
1.4631528
2.1136792
0.9189216
1.7862899
0.9189216
1.3526058
1.3526058
1.7905419
0.8083746
2.224226
1.3526058
1.5694479
1.896837
2.65791
2.224226
1.3526058
1.5694479
1.896837
1.1357636
2.0073838
1.5694479
1.6799948
2.224226
1.0252168
2.65791
1.5736997
1.0252168
2.1136792
1.3526058
0.9189216
2.4410682
2.0073838
2.330521
0.8083746
1.896837
1.6799948
1.896837
1.4631528
2.1136792
1.3526058
2.1136792
1.6799948
2.224226
1.6799948
1.7862899
2.0073838
1.5694479
2.0073838
2.0073838
2.224226
2.65791
2.224226
2.0073838
1.1357636
2.224226
2.4410682
2.1136792
2.65791
0.9189216
2.224226
1.5736997
2.3347728
2.224226
1.1357636
2.0073838
2.0073838
1.896837
1.4631528
1.6799948
2.4410682
2.224226
1.6799948
2.0073838
1.1357636
1.896837
1.3526058
2.5516152
2.0073838
1.896837
1.3526058
1.4631528
1.6799948
1.1357636
1.6799948
1.4631528
1.4631528
2.4410682
1.6799948
1.896837
0.9189216
2.879004
1.7905419
1.1357636
1.896837
0.9189216
2.5516152
1.3526058
1.4631528
1.3526058
2.224226
1.2463106
1.4631528
1.1357636
1.7905419
2.3347728
2.5516152
1.4631528
2.1136792
1.6799948
2.5516152
2.4410682
1.6799948
1.896837
2.0073838
1.2463106
1.7905419
1.7862899
1.2463106
1.4631528
2.879004
1.9010887
1.5736997
1.7905419
1.6799948
2.224226
2.4410682
1.4631528
1.896837
2.1136792
1.6842467
1.6799948
2.224226
2.3347728
2.4410682
1.3526058
1.2463106
1.7905419
2.0073838
2.5516152
2.0073838
0.9189216
1.6799948
1.896837
1.4631528
2.0073838
2.0073838
2.7684572
2.224226
2.3347728
2.4410682
2.0073838
2.0073838
2.4410682
1.4631528
2.4410682
1.896837
1.2463106
2.5516152
1.7905419
2.0073838
2.4410682
2.3347728
1.7905419
1.6799948
1.5736997
2.224226
1.1357636
1.5694479
2.1136792
1.5694479
2.117931
2.65791
2.117931
2.7684572
2.0073838
1.6799948
1.1357636
1.6799948
2.7684572
1.4631528
2.224226
2.662162
0.59153247
2.9852993
2.3347728
2.3347728
1.896837
2.0073838
2.5516152
2.0073838
1.5736997
2.4410682
1.2463106
2.0073838
1.6799948
1.7905419
2.5516152
1.5736997
1.0294685
2.662162
1.2463106
1.3568575
1.4631528
1.4631528
2.9852993
2.662162
1.9010887
2.5516152
1.2463106
2.117931
2.117931
1.4631528
1.7905419
1.7862899
2.0073838
1.7905419
2.224226
1.2463106
2.117931
1.7905419
1.6799948
1.5736997
1.6799948
1.4631528
1.2463106
1.7905419
2.224226
2.228478
1.6799948
1.7905419
2.44532
1.6799948
1.6799948
1.7905419
2.330521
1.7905419
1.7905419
2.0073838
2.0073838
1.896837
2.0073838
1.4631528
2.224226
2.0073838
1.7905419
2.4410682
2.224226
2.0073838
1.6799948
1.5736997
1.7905419
2.224226
1.3568575
1.7905419
2.1136792
1.0294685
2.0073838
2.224226
2.3347728
2.662162
1.6799948
1.7905419
2.5516152
1.6799948
1.5736997
1.6799948
1.9010887
2.5516152
1.2463106
1.4631528
1.896837
2.0073838
1.7905419
1.2463106
1.5736997
2.3347728
1.896837
2.3347728
2.3347728
1.4631528
2.5516152
2.3347728
1.3526058
2.117931
2.3347728
2.0073838
2.5516152
1.5736997
2.3347728
2.7684572
2.5516152
1.7905419
1.7905419
1.2463106
2.44532
2.224226
1.7905419
1.9010887
2.5516152
1.4631528
2.3347728
2.4410682
1.3568575
2.7684572
1.896837
2.0073838
2.0073838
1.2463106
2.44532
1.7905419
0.9189216
2.5516152
2.5516152
1.6799948
2.3347728
1.9010887
2.117931
1.7905419
2.0073838
1.2463106
2.5516152
2.3347728
1.6842467
2.224226
1.0294685
1.7905419
1.5736997
2.5516152
1.1357636
1.4631528
1.7905419
2.224226
2.0073838
2.0073838
1.2463106
2.44532
1.6799948
0.9189216
1.9010887
2.3347728
2.117931
1.4631528
1.896837
2.0073838
2.662162
1.5736997
1.4631528
2.224226
1.5736997
2.3347728
2.7684572
2.224226
1.9010887
2.0073838
1.1357636
1.896837
1.6799948
2.117931
2.224226
1.896837
2.0073838
2.7684572
1.7905419
2.989551
2.224226
2.0073838
1.4631528
1.9010887
2.4410682
1.1357636
2.224226
1.2463106
1.7905419
1.7862899
2.0073838
2.0073838
2.1136792
2.662162
2.224226
2.0073838
2.989551
2.0073838
2.224226
2.3347728
1.4631528
2.7684572
2.3347728
1.2463106
2.3347728
2.4410682
1.4631528
1.7905419
2.879004
1.3568575
1.9010887
1.3568575
1.7905419
2.117931
1.5736997
2.117931
1.5736997
1.4631528
2.117931
1.7905419
2.0073838
2.224226
2.228478
2.879004
2.0073838
3.3169398
1.5736997
1.3568575
2.772709
1.896837
2.7684572
2.117931
2.0073838
2.772709
1.7905419
1.4631528
2.3347728
2.0073838
1.7905419
2.44532
1.5736997
2.3347728
3.0958462
1.7905419
2.117931
2.3347728
2.879004
2.879004
1.896837
2.879004
2.0073838
1.4631528
2.5516152
1.4631528
1.896837
2.879004
1.4631528
1.9010887
2.3347728
2.5516152
1.4631528
2.5516152
2.3347728
2.879004
2.3347728
1.2463106
2.3347728
2.4410682
3.4232354
2.662162
2.5516152
2.5516152
2.662162
2.224226
2.0073838
2.117931
2.224226
1.5694479
2.3347728
2.7684572
1.4631528
2.3347728
1.5736997
1.4631528
3.0958462
1.7905419
1.7905419
2.989551
2.0073838
2.3347728
2.662162
2.0073838
2.0073838
1.5736997
1.896837
1.896837
1.4631528
2.117931
2.9852993
2.662162
2.3347728
2.224226
2.5516152
1.9010887
2.0073838
2.0073838
1.9010887
1.9010887
3.0958462
2.0073838
1.3568575
2.879004
2.5516152
2.224226
2.3347728
2.879004
1.7905419
2.662162
3.312688
1.5736997
2.44532
2.7684572
1.5736997
3.0958462
1.4631528
2.7684572
3.2021413
1.5736997
2.7684572
2.5516152
1.6799948
3.0958462
2.5516152
2.879004
3.5295303
1.5736997
2.4410682
2.330521
1.896837
3.312688
1.896837
2.4410682
1.896837
2.224226
2.1136792
2.5516152
2.879004
2.4410682
2.7684572
2.879004
2.4410682
2.5516152
3.312688
1.6799948
1.6842467
2.7684572
1.4631528
2.9852993
2.224226
2.224226
2.5516152
2.662162
2.224226
2.3347728
1.7905419
2.9852993
2.1136792
2.117931
3.0958462
2.879004
2.9852993
2.0073838
2.224226
3.312688
1.6799948
2.9852993
2.224226
2.7684572
2.3347728
2.5516152
3.312688
2.1136792
1.6799948
2.224226
2.3347728
3.312688
1.3526058
2.4410682
1.7905419
2.5516152
2.5516152
2.1136792
1.896837
2.879004
2.0073838
2.3347728
2.224226
1.896837
1.896837
3.6400774
2.5516152
2.9852993
1.4631528
3.0958462
1.6799948
2.65791
1.5694479
3.312688
2.5516152
2.9852993
2.5516152
2.5516152
2.9852993
1.4631528
2.5516152
1.7905419
2.65791
2.7684572
2.662162
2.879004
1.1357636
3.2021413
1.7905419
2.4410682
2.7684572
2.7684572
2.7684572
2.224226
2.9852993
2.7684572
2.4410682
2.4410682
2.65791
2.7684572
2.8747523
3.2021413
2.224226
2.8747523
2.8747523
2.224226
2.4410682
3.0958462
3.5295303
2.65791
2.8747523
2.224226
3.0958462
2.9852993
2.9852993
2.0073838
3.0958462
2.330521
3.6400774
2.5516152
2.0073838
2.7684572
2.5473633
2.224226
3.5295303
2.65791
2.5473633
3.4189837
2.7684572
2.8747523
2.8747523
2.8747523
3.6358256
2.1136792
2.7684572
2.8747523
2.8747523
3.6400774
2.5473633
2.5473633
2.5516152
2.7684572
2.9852993
2.9852993
2.65791
2.9852993
2.7684572
3.0915945
1.7862899
2.65791
3.6358256
3.2021413
3.2021413
3.2021413
2.330521
2.7684572
2.7642052
2.9810476
3.7463725
3.8526678
2.4410682
3.6400774
2.330521
2.9852993
3.7463725
3.7463725
2.65791
3.2021413
2.8747523
2.330521
2.65791
3.3084364
2.65791
3.8526678
2.2199743
2.5473633
3.6358256
2.7684572
3.9632149
2.5473633
3.4189837
3.6358256
2.8747523
2.8747523
2.8747523
3.3084364
2.7642052
2.7684572
3.4189837
2.9852993
2.330521
2.330521
3.4189837
2.8747523
3.3084364
3.4189837
2.8747523
2.7642052
2.5473633
3.4189837
3.6358256
3.0915945
3.8526678
3.4189837
3.1978896
3.5252786
2.2199743
3.3084364
3.4189837
2.9852993
3.0915945
2.8747523
3.5295303
2.5473633
3.0915945
3.3084364
3.0915945
4.06951
3.5252786
3.3084364
3.3084364
3.0915945
3.6358256
3.6358256
3.5252786
4.0737615
2.9810476
3.6358256
3.6358256
3.6358256
3.0915945
2.9810476
2.330521
3.3084364
3.3084364
3.3084364
3.4189837
3.7421207
2.9810476
3.3084364
2.7642052
3.4189837
3.0915945
2.7642052
3.9632149
3.5252786
2.8747523
4.06951
3.5252786
3.8526678
3.414732
2.5473633
3.1978896
3.5252786
3.8526678
3.7421207
4.2863517
2.7642052
2.8705006
3.3084364
2.7642052
3.5252786
3.1978896
2.8747523
2.5473633
3.6358256
3.3084364
2.2199743
4.180057
3.3084364
3.0915945
2.9810476
3.7421207
3.3084364
2.9810476
3.5252786
2.9810476
2.4368165
3.9589627
3.0915945
3.8526678
3.5252786
2.9810476
3.5252786
3.1978896
4.180057
3.3041847
2.8747523
3.6358256
3.8526678
2.5473633
3.8526678
3.5252786
3.3084364
4.1758046
3.3084364
3.5252786
3.5252786
3.2021413
3.7421207
4.2863517
3.9632149
2.7642052
4.180057
3.5252786
3.7421207
3.5252786
3.414732
2.6536584
3.5252786
3.9589627
3.7421207
3.3084364
4.2863517
3.631574
3.3084364
3.8526678
3.5252786
3.9589627
2.7642052
3.0873425
4.2863517
2.7642052
3.7421207
3.9589627
2.9810476
3.414732
3.5252786
2.6536584
2.6536584
3.631574
3.8526678
3.9589627
3.6358256
2.9810476
3.7421207
3.631574
3.414732
3.1978896
4.503194
3.631574
3.414732
3.414732
2.8705006
3.0873425
3.414732
4.06951
4.2863517
4.613741
3.7421207
4.06951
3.414732
2.9810476
3.9589627
3.5252786
3.1978896
3.414732
4.1758046
3.3084364
3.7421207
3.7421207
2.9810476
3.414732
3.848416
4.2863517
4.2863517
4.503194
3.1978896
3.7421207
3.1978896
3.5252786
4.1758046
3.7421207
3.631574
3.848416
4.2863517
5.0474253
3.8526678
3.5210268
3.9589627
4.3968987
3.9589627
4.503194
3.631574
4.2863517
3.414732
3.7421207
4.2863517
3.9589627
3.0873425
3.848416
3.631574
4.1758046
4.06951
4.1758046
3.7421207
4.1758046
3.9589627
3.631574
4.065258
4.2863517
3.9589627
3.0873425
4.830583
4.503194
3.848416
4.1758046
3.5252786
3.7421207
3.9589627
3.8526678
3.3041847
3.9589627
3.414732
4.1758046
4.503194
3.848416
3.7421207
4.3968987
4.065258
3.1978896
4.065258
3.848416
4.503194
4.503194
3.848416
4.06951
3.848416
3.414732
3.5252786
3.9589627
3.9589627
4.613741
4.1758046
4.06951
3.9589627
3.7421207
3.414732
4.3926473
4.830583
4.1758046
3.9589627
3.631574
3.9589627
3.631574
4.1758046
3.7421207
3.848416
4.1758046
4.065258
3.631574
4.3968987
3.848416
3.3041847
2.9810476
3.9589627
4.2863517
4.06951
3.631574
4.06951
4.3926473
3.1978896
3.848416
3.631574
4.2863517
3.848416
4.1758046
3.414732
3.7421207
3.1978896
4.3926473
3.414732
3.414732
3.3084364
4.503194
3.1978896
3.8526678
4.503194
2.8705006
3.5252786
3.5252786
3.8526678
3.7421207
2.7642052
2.7642052
4.06951
2.9810476
2.5473633
3.0915945
3.0915945
2.65791
2.9810476
3.6358256
2.8747523
3.4189837
2.9810476
2.330521
2.65791
2.5473633
3.2021413
2.330521
3.2021413
3.2021413
2.224226
2.224226
3.5295303
2.65791
2.9852993
1.896837
2.65791
2.5516152
2.4410682
2.879004
2.3347728
2.5516152
2.5516152
2.7684572
2.8747523
3.4232354
2.224226
1.896837
2.9852993
2.0073838
3.2021413
2.3347728
2.9852993
1.6799948
2.5516152
2.5516152
2.3347728
2.662162
2.7684572
3.2021413
1.9010887
3.4232354
1.7905419
2.989551
2.0073838
2.117931
3.0958462
1.7905419
3.4232354
1.6799948
2.44532
3.0958462
2.3347728
2.117931
2.5516152
2.879004
1.6799948
3.2063932
2.662162
2.5516152
2.879004
3.2063932
1.6842467
2.44532
2.879004
2.3347728
2.989551
1.6842467
2.662162
2.0116355
2.117931
1.7905419
1.5736997
2.879004
3.3169398
2.228478
2.555867
2.989551
1.5736997
2.772709
1.4674045
2.228478
2.228478
2.0116355
2.117931
1.6842467
2.3390248
2.3390248
2.44532
2.6664138
3.1000981
1.3611094
2.4495716
1.5779516
2.0116355
2.0116355
1.5779516
1.3568575
2.1221828
2.0116355
0.70633125
2.1221828
1.7947936
1.2505624
1.9053404
1.7947936
2.2327297
2.2327297
2.555867
2.0158875
2.1221828
2.1221828
2.1221828
1.7947936
1.4674045
1.3611094
2.228478
2.1221828
2.1221828
0.92742515
2.6664138
2.2327297
1.2548143
2.2327297
1.1442673
2.1221828
2.1221828
1.9053404
1.9053404
2.5601187
1.5822034
2.0158875
1.3611094
0.92742515
2.4495716
1.3611094
0.81687826
2.2327297
1.5779516
0.81687826
1.5779516
1.7990454
1.4716563
1.2505624
1.0379721
2.2327297
0.81687826
1.4716563
1.4716563
1.9053404
1.4716563
1.4716563
0.92742515
1.7990454
1.5822034
1.4716563
1.5822034
1.2548143
0.7105831
2.1264346
1.5822034
0.27264705
1.3653612
1.5822034
0.92742515
1.7990454
0.6042879
1.3653612
1.6927503
0.7105831
1.7990454
0.92742515
0.49374095
1.3653612
0.7105831
1.2548143
1.1485192
1.1442673
0.7105831
1.3653612
1.0379721
1.5822034
1.1485192
0.49374095
1.7990454
1.3653612
1.7990454
0.49374095
0.60003614
1.5822034
1.7990454
0.7105831
1.6927503
1.2548143
1.3653612
1.9095924
1.6927503
0.27689886
2.0158875
1.1485192
1.3653612
2.1264346
1.4716563
0.49374095
1.2548143
1.9095924
0.7105831
1.5822034
1.1485192
1.4716563
1.8032973
0.7105831
1.9095924
1.1485192
1.3653612
1.5822034
1.3653612
0.82113004
1.0379721
1.7990454
1.3653612
1.9095924
1.0379721
1.0379721
0.82113004
1.3653612
1.5822034
0.6042879
1.9095924
1.2548143
1.3653612
0.9316769
1.259066
1.3653612
0.49374095
1.4759082
1.4759082
0.82113004
0.82113004
1.3653612
0.82113004
2.0201392
0.9316769
1.1485192
0.9316769
-0.050490197
0.49799278
2.1306863
1.3653612
1.4759082
1.259066
0.28115067
1.259066
0.3874458
0.49799278
0.6042879
0.06005676
1.259066
0.27689886
0.3874458
0.3874458
0.71483487
0.3874458
1.0422239
-0.04623839
-0.15678534
0.3874458
0.9316769
0.49799278
-0.04623839
1.259066
1.1485192
-0.04623839
1.5864551
0.3874458
-0.2630805
0.9316769
0.8253819
-0.59046954
0.17060372
0.71483487
-0.15678534
0.28115067
0.06005676
-0.47992262
1.259066
0.3874458
0.49799278
0.49799278
0.9316769
0.17060372
1.259066
-0.15678534
-0.37362745
0.8253819
0.8253819
0.06005676
0.3874458
-0.59046954
-0.15678534
-0.2630805
0.28115067
-0.04623839
0.49799278
-0.37362745
1.0422239
-0.2630805
-0.04623839
0.3874458
0.28115067
0.8253819
0.71483487
-0.91785866
0.17060372
-0.04623839
-0.04623839
0.49799278
-0.80731165
0.49799278
-0.37362745
-0.47992262
0.71483487
-0.2630805
0.49799278
-0.04623839
-0.80731165
0.28115067
-0.2630805
-0.7010165
0.06430857
-0.59046954
1.1527709
-0.2630805
0.39169762
0.28115067
-1.2452477
0.6085397
-0.2630805
-0.80731165
1.0422239
0.6085397
-0.2630805
-1.4620898
-0.2630805
0.49799278
-0.2630805
-0.04623839
-0.9136068
0.06430857
-1.3515428
-0.15253355
-0.04623839
-0.04623839
-0.2630805
-0.47992262
-0.04623839
-0.80731165
0.7190867
0.06430857
0.28115067
0.6085397
-0.2630805
0.17485553
0.28115067
-0.47992262
-0.6967647
-0.80731165
0.06430857
0.28115067
0.28115067
-0.15253355
-0.2630805
0.06430857
-0.6967647
0.28115067
0.49799278
-0.2630805
-0.80731165
-0.15253355
-0.47992262
-0.2630805
-0.04623839
0.06430857
-0.91785866
-0.2630805
0.6085397
0.17060372
-0.47992262
-0.36937565
0.93592876
-0.80731165
0.06430857
0.6085397
-0.59046954
-0.47992262
0.06430857
-0.9136068
-0.47992262
-0.041986585
-0.80731165
-1.0241537
-0.15253355
-0.9136068
-0.6967647
0.28115067
-0.2630805
-0.47992262
0.06430857
-0.80731165
-0.15678534
0.06430857
-1.1347008
0.6085397
-0.04623839
0.06430857
-0.80731165
0.93592876
-0.47992262
-0.47992262
0.49799278
-0.47992262
-0.6967647
0.17485553
0.06430857
-0.2630805
0.17485553
-0.9136068
0.6085397
0.28115067
-0.36937565
0.49799278
-0.2630805
-0.15253355
0.17485553
-1.0241537
0.06430857
0.06430857
-0.47992262
0.39169762
0.6085397
-0.80731165
0.17485553
-0.2630805
-0.47992262
-0.041986585
0.39169762
0.17485553
-0.15253355
-1.0241537
-0.04623839
-0.2630805
0.28115067
0.6085397
-1.0241537
0.6085397
-0.6967647
-0.9136068
0.93592876
-0.36937565
0.93592876
0.93592876
-0.2630805
0.49799278
-0.47992262
0.93592876
-0.2630805
-0.47992262
0.8253819
-0.15253355
-0.15253355
0.39169762
-0.47992262
-0.041986585
0.17485553
-0.04623839
0.17485553
0.93592876
0.6085397
-0.9136068
0.39169762
0.28115067
0.06430857
1.0464758
-0.47992262
-1.0241537
1.1527709
-0.6967647
0.6085397
0.17485553
-0.47992262
0.39169762
-0.15253355
-0.15253355
0.06430857
-0.2630805
0.17485553
0.6085397
0.06430857
0.06430857
0.5022446
-0.80731165
0.06430857
0.6085397
-1.2409959
-0.15253355
0.39169762
-0.15253355
0.93592876
0.17485553
-0.47992262
0.7190867
0.17485553
-0.2630805
0.6085397
-0.47992262
0.8253819
0.06430857
0.39169762
0.39169762
0.8253819
-0.2588287
0.17485553
0.6085397
0.06430857
0.06430857
-0.59046954
-0.15253355
-0.36937565
-0.04623839
-0.9136068
0.06430857
-0.36937565
-0.15253355
0.06430857
0.17485553
0.6085397
0.17485553
0.06430857
-0.58621776
1.1527709
0.28115067
-0.15253355
-0.47992262
0.06430857
-0.36937565
0.39169762
0.6085397
0.17485553
0.39169762
0.17485553
-0.15253355
-0.47992262
0.17485553
-0.15253355
-0.80731165
-0.15253355
0.06430857
-0.041986585
0.06430857
0.17485553
-0.2630805
0.6085397
0.39169762
-0.36937565
-0.36937565
-0.58621776
0.17485553
-0.58621776
-0.36937565
0.17485553
-0.15253355
0.39169762
-0.15253355
-0.6967647
0.7190867
-0.36937565
0.5022446
-0.58621776
0.17485553
1.0464758
0.17485553
0.17485553
0.17485553
1.0464758
-0.47992262
-0.58621776
-0.36937565
0.06856038
-0.041986585
-0.36937565
-0.15253355
0.39169762
-0.47992262
-0.2630805
-0.36937565
0.93592876
-0.47992262
-0.15253355
-0.15253355
-0.6967647
0.17485553
-0.36937565
0.5022446
0.17485553
0.8253819
-1.2409959
1.0464758
-0.2588287
0.39169762
0.17485553
0.7190867
0.17485553
-0.47992262
0.5022446
0.5022446
-0.58621776
-0.15253355
-0.58621776
0.6085397
-0.041986585
0.7190867
-0.36937565
0.17485553
-0.15253355
-0.041986585
0.17485553
-0.041986585
0.39169762
0.06430857
-0.15253355
-0.15253355
0.5022446
-0.58621776
0.06430857
-0.6967647
0.7190867
0.17485553
-0.6967647
-0.2588287
-0.15253355
-0.6925129
-0.8030599
-0.6967647
-0.58621776
0.17485553
0.17485553
-0.36937565
-0.15253355
-0.36937565
0.06856038
-0.58621776
0.17485553
-0.8030599
0.17485553
-0.8030599
0.61279154
-1.0199019
-0.58621776
0.7190867
-0.2588287
-0.041986585
-0.15253355
-0.6967647
-0.041986585
-0.041986585
-0.36937565
-0.6925129
0.28540248
-0.47992262
-1.1304489
-0.041986585
0.17485553
-0.58621776
-0.58621776
-1.1304489
-0.58621776
0.61279154
-0.4756708
-1.0199019
0.61279154
-0.36937565
0.28540248
0.8296336
-0.041986585
-0.2588287
0.39594942
-0.14828174
-0.9136068
-0.041986585
-0.6925129
-0.2588287
-0.041986585
-0.2588287
-0.58621776
-0.6925129
-0.4756708
-0.4756708
-0.58621776
-1.0199019
-0.041986585
-0.14828174
-0.8030599
-0.2588287
-1.0199019
-1.0199019
0.39594942
0.06856038
-0.5819659
0.28540248
-0.8030599
-0.8030599
0.28540248
-0.9136068
-0.4756708
-0.8030599
-0.58621776
-0.58621776
-0.58621776
-1.236744
-0.4756708
-1.0199019
-0.2588287
-0.8030599
-1.1304489
0.06856038
-0.14828174
-0.8030599
-0.4756708
0.28540248
-0.2588287
-1.1261971
-0.8030599
0.39594942
-1.1304489
-1.0199019
-0.6925129
-0.2588287
-1.0199019
0.39594942
-1.347291
-1.5641332
-0.4756708
-1.0199019
-0.6925129
-0.4756708
-1.7809752
0.06856038
-0.14828174
-1.0199019
-1.347291
0.17910734
-0.4756708
-1.236744
-1.236744
-0.14828174
-0.6925129
-1.236744
-0.36512384
-0.4756708
-1.4535861
0.06856038
-1.0199019
-1.0199019
-0.14828174
-0.36512384
-1.0199019
-0.2588287
-0.58621776
-0.58621776
-1.236744
0.17910734
-0.14828174
-1.4535861
-0.90935504
0.06856038
-1.4535861
-0.4756708
-0.58621776
-0.6925129
0.39594942
-1.4535861
-0.90935504
-0.36512384
-1.0199019
-0.2588287
0.17910734
-0.14828174
-1.236744
0.06856038
-0.6925129
-1.0199019
-0.6925129
-0.14828174
-0.14828174
-1.1261971
-0.5819659
0.17910734
-0.8030599
0.06856038
-0.8030599
-0.8030599
-1.236744
-0.9136068
-1.5641332
-0.14828174
-1.347291
-1.236744
-0.90935504
-0.14828174
-0.8030599
-0.79880804
-0.90935504
-0.6925129
-0.4756708
-1.236744
-0.90935504
-0.90935504
-1.0199019
-1.236744
-0.2545769
-1.0199019
-0.90935504
-1.7809752
-0.8030599
0.17910734
-1.4535861
-0.14828174
-0.36512384
-1.7809752
-0.36512384
-1.1261971
-0.5819659
-0.14828174
-0.6925129
-1.5598813
-1.1261971
-1.0156502
-1.3430393
-1.5641332
-1.0156502
-0.79880804
-1.1261971
-0.6925129
-0.90935504
-1.236744
-1.5641332
-1.1261971
-1.3430393
-0.5819659
-1.1261971
-1.9978173
-0.90935504
-1.4535861
-1.3430393
-0.90935504
-1.7809752
-1.0156502
-0.4756708
-1.4535861
-1.1261971
-0.47141898
-1.5598813
-0.037734777
-1.1261971
-1.0156502
-1.1261971
-1.6704283
-0.5819659
-1.4535861
-0.5819659
-0.90935504
-1.236744
-0.47141898
-0.4756708
-1.4535861
-0.5819659
-0.36512384
-1.1261971
-0.79880804
-0.14828174
-1.5641332
-0.47141898
-1.1261971
-1.3430393
-1.3430393
-0.47141898
-0.47141898
-1.5598813
-1.4535861
-1.6704283
-1.0156502
-0.037734777
-1.6704283
-1.0156502
-0.90935504
-1.6704283
-1.4535861
-1.1261971
-1.2324922
-1.3430393
-1.4535861
-1.9978173
-0.36512384
-0.90935504
-2.2146595
-0.79880804
-0.90935504
-1.0156502
-0.79880804
-1.0156502
-1.0156502
-1.5598813
-1.3430393
-0.9051032
-1.8872703
-1.0156502
-1.3430393
-1.1261971
-1.5598813
-0.5819659
-1.0156502
-1.8872703
-1.3430393
-1.6704283
-0.79880804
-0.6882611
-1.3430393
-1.0156502
-1.0156502
-1.0156502
-1.3430393
-2.2146595
-1.5598813
-1.8872703
-1.5598813
-1.3430393
-1.7767235
-1.5598813
-1.3430393
-0.9051032
-1.3430393
-1.0156502
-0.6882611
-1.2324922
-1.9978173
-2.4315016
-1.1261971
-1.4535861
-1.0156502
-1.2324922
-1.5598813
-1.5598813
-1.4493344
-1.8872703
-1.5598813
-1.1261971
-0.9051032
-0.47141898
-1.3430393
-1.0156502
-1.0156502
-1.3430393
-0.6882611
-1.5598813
-1.5598813
-1.2324922
-1.2324922
-1.3430393
-0.6882611
-1.3430393
-0.5819659
-1.0156502
-0.47141898
-1.9978173
-1.5598813
-1.3430393
-1.3430393
-1.7767235
-0.2545769
-1.6704283
-1.5598813
-0.5819659
-1.0156502
-1.0156502
-1.0156502
-1.0156502
-1.5598813
-1.3430393
-1.6704283
-1.8872703
-0.79880804
-1.4535861
-1.6704283
-0.2545769
-1.6704283
-0.6882611
-1.0156502
-1.3430393
-1.1261971
-1.8872703
-0.5819659
-0.5819659
-1.8872703
-0.79880804
-1.8872703
-1.3430393
-1.3430393
-2.1041124
-1.5598813
-0.90935504
-1.1261971
-1.2324922
-1.3430393
-1.3430393
-1.3430393
-1.4535861
-1.6704283
-0.2545769
-1.6704283
-0.5819659
-1.6704283
-1.5598813
-0.6882611
-1.6704283
-0.79880804
-0.47141898
-1.8872703
-0.6882611
-1.6704283
-1.1261971
-1.1261971
-2.1041124
-1.4493344
-1.3430393
-1.3430393
-1.6704283
-1.5598813
-1.8872703
-1.1261971
-1.3430393
-1.3430393
-1.0156502
-1.0156502
-1.4535861
-0.90935504
-1.4535861
-0.79880804
-1.6704283
-0.79880804
-1.2324922
-1.3430393
-1.3430393
-1.3430393
-1.8872703
-1.9978173
-1.9978173
-1.1219453
-1.3430393
-0.6882611
-2.2146595
-1.5598813
-0.79880804
-1.1261971
-1.2324922
-1.0156502
-1.0156502
-1.2324922
-1.1261971
-0.2545769
-0.79880804
-1.4535861
-1.8872703
-0.2545769
-1.3430393
-1.2324922
-1.3430393
-1.6704283
-2.2146595
-1.1261971
-1.8872703
-1.0156502
-1.5598813
-1.8872703
-1.8872703
-1.8872703
-1.3430393
-1.3430393
-0.90935504
-1.6704283
-1.6704283
-0.79880804
-0.6882611
-1.9978173
-1.2324922
-1.8872703
-1.8872703
-1.9978173
-1.0156502
-1.1261971
-1.0156502
-1.5598813
-0.79880804
-1.5598813
-1.0156502
-1.8872703
-1.5598813
-0.9051032
-1.3430393
-1.0156502
-1.5598813
-1.6704283
-1.3430393
-1.6704283
-1.1261971
-1.3430393
-1.3430393
-1.3430393
-1.6704283
-1.2324922
-1.8872703
-1.7767235
-0.6925129
-0.79880804
-1.5598813
-1.3430393
-0.79880804
-1.3430393
-1.1261971
-1.3430393
-1.8872703
-0.47141898
-1.1261971
-1.8872703
-1.3430393
-1.4535861
-1.5598813
-1.8872703
-1.0156502
-1.2324922
-1.3430393
-1.8872703
-1.2324922
-1.8872703
-2.2146595
-1.6704283
-1.6704283
-1.4535861
-1.0156502
-1.8872703
-1.1261971
-1.5598813
-0.5819659
-1.8872703
-1.3430393
-1.8872703
-1.2324922
-0.47141898
-1.0156502
-1.3430393
-1.3430393
-1.0156502
-2.2146595
-1.3430393
-1.0156502
-1.8872703
-1.1261971
-1.4535861
-1.8872703
0.07281218
-0.90935504
-1.7809752
-0.5819659
-1.5598813
-1.3430393
-1.0156502
-0.2545769
-1.3430393
-1.9978173
-1.6704283
-1.4535861
-1.3430393
-1.3430393
-1.1261971
-1.6704283
-1.3430393
-1.6704283
-1.1261971
-0.90935504
-1.1261971
-1.4535861
-1.0156502
-1.1261971
-1.5641332
-0.79880804
-1.4535861
-0.5819659
-1.0156502
-1.4535861
-1.3430393
-1.2324922
-1.6704283
-1.3430393
-0.2545769
-1.6704283
-1.0156502
-0.6925129
-1.6704283
-1.4535861
-0.47141898
-0.79880804
-1.3430393
-1.0156502
-1.3430393
-1.1261971
-1.1261971
-0.5819659
-1.6704283
-1.0156502
-1.3430393
-0.6925129
-0.2545769
-1.1261971
-0.90935504
-1.3430393
-0.79880804
-1.236744
-1.4535861
-0.79880804
-1.0156502
-1.6704283
-0.90935504
-1.3430393
-1.4535861
-1.1261971
-1.1261971
-1.6704283
-0.47141898
-1.3430393
-0.79880804
-1.2324922
-0.2545769
-1.8872703
-0.6882611
-1.0156502
-1.2324922
-0.47141898
-1.4535861
-0.5819659
-0.5819659
-1.8872703
-0.90935504
-0.79880804
-1.2324922
-0.90935504
-0.36512384
-1.1261971
-1.9978173
-1.0156502
-1.3430393
-0.79880804
-0.90935504
-1.7809752
-1.3430393
-1.3430393
-1.5598813
-0.037734777
-0.36512384
-0.79880804
-0.79880804
-0.5819659
-1.3430393
-0.79880804
-0.5819659
-1.2324922
-1.6704283
-1.7809752
-0.6882611
-1.4535861
-1.6704283
-1.1261971
-1.8872703
-0.79880804
-0.5819659
-1.3430393
-1.236744
-1.0156502
-1.2324922
-1.3430393
-0.79880804
-1.0156502
-0.79880804
-0.79880804
-1.3430393
-1.8872703
-1.0156502
-1.5598813
-1.1261971
-0.47141898
-1.3430393
-0.5819659
-1.1261971
-1.3430393
-1.6704283
-1.2324922
-1.7767235
-1.7809752
-0.9051032
-0.6882611
-0.90935504
-0.47141898
-0.79880804
-1.0156502
-1.3430393
-1.0156502
-0.47141898
-1.0156502
-1.6704283
-0.47141898
-0.2545769
-1.5598813
-0.5819659
-0.2545769
-1.6704283
-1.6704283
-1.8872703
-1.0156502
-1.5598813
-1.2324922
-0.14402993
-1.6704283
-0.5819659
-0.5819659
-1.2324922
-1.1261971
-1.6704283
-0.90935504
-1.4535861
-1.9978173
-0.6882611
-1.6704283
-1.7767235
-1.0156502
-1.0156502
-1.5598813
-0.79880804
-0.79880804
-1.0156502
-1.2324922
-1.8872703
-0.14402993
-0.79880804
-0.90935504
-1.1261971
-1.0156502
-1.8872703
-0.9051032
-0.79880804
-1.3430393
-1.4535861
-1.3430393
-1.7767235
-1.8872703
-0.6882611
-1.0156502
-1.3430393
-1.0156502
-1.0156502
-1.2324922
-1.0156502
-1.8872703
-1.5598813
-1.6704283
-1.8872703
-1.3430393
-1.5598813
-1.5598813
-1.0156502
-1.6704283
-1.8872703
-0.6882611
-1.3430393
-1.8872703
-0.6882611
-1.3430393
-1.8872703
-0.6882611
-1.6704283
-2.1041124
-0.9051032
-1.2324922
-1.2324922
-0.6882611
-1.8872703
-1.2324922
-1.1219453
-1.8872703
-1.7767235
-0.47141898
-1.2324922
-1.7767235
-1.4493344
-0.6882611
-2.2104075
-1.1219453
-1.3430393
-1.5598813
-1.9935656
-1.5598813
-0.9051032
-1.4493344
-1.5598813
-0.9051032
-1.7767235
-1.9935656
-1.6704283
-0.79880804
-1.4493344
-0.9051032
-1.3430393
-1.4493344
-0.6882611
-1.1219453
-1.9935656
-2.1041124
-1.3387874
-1.0156502
-2.4272497
-1.7767235
-1.7767235
-1.2324922
-2.5377967
-1.0156502
-0.36087203
-0.9051032
-2.1041124
-1.4493344
-1.4493344
-1.8872703
-1.3387874
-1.2324922
-2.3209546
-1.6661764
-1.2324922
-2.5377967
-1.2324922
-1.0156502
-1.9935656
-1.6661764
-1.7767235
-2.6483436
-1.4493344
-1.5598813
-2.5377967
-1.3387874
-1.6661764
-1.4493344
-1.5598813
-1.9935656
-1.8830186
-1.5598813
-2.2104075
-1.5598813
-0.9051032
-2.6483436
-2.1041124
-1.2324922
-1.6661764
-1.7767235
-1.6661764
-1.7767235
-1.7767235
-1.2324922
-2.754639
-1.7767235
-1.4493344
-2.4272497
-2.2104075
-1.2324922
-1.3387874
-2.5377967
-0.57771415
-1.8872703
-1.6661764
-1.6661764
-1.4493344
-1.9935656
-1.3387874
-1.9935656
-1.6661764
-1.8830186
-1.3387874
-1.4493344
-1.8872703
-0.9051032
-1.3387874
-2.8651857
-2.1041124
-2.3209546
-2.2104075
-2.4272497
-1.8830186
-1.9935656
-1.4493344
-1.2324922
-2.754639
-2.1041124
-1.9935656
-2.5377967
-1.9935656
-2.2104075
-1.6661764
-2.754639
-2.2104075
-2.2104075
-1.3387874
-1.9935656
-1.1219453
-1.8830186
-1.8830186
-1.0156502
-2.2104075
-1.6661764
-2.4272497
-2.2104075
-2.3167028
-2.754639
-2.754639
-1.4493344
-2.2104075
-1.5598813
-2.2104075
-2.4272497
-2.6440918
-2.0998607
-1.7767235
-2.6440918
-1.7767235
-2.2104075
-2.2104075
-1.8830186
-2.3209546
-2.3209546
-1.8830186
-2.2104075
-2.4272497
-1.8830186
-2.0998607
-2.0998607
-1.8830186
-2.2104075
-1.6661764
-1.7724715
-2.2104075
-3.077776
-2.0998607
-2.860934
-1.5556295
-1.5556295
-2.9714808
-1.8830186
-2.3167028
-2.5377967
-2.9714808
-2.860934
-2.4272497
-2.5377967
-1.3387874
-2.4272497
-3.188323
-1.3387874
-3.2988698
-2.0998607
-2.2104075
-2.0998607
-2.5335448
-2.754639
-2.2104075
-1.6661764
-2.4272497
-2.4272497
-3.2988698
-1.8830186
-2.5377967
-1.8830186
-1.9935656
-1.5556295
-2.3167028
-2.4272497
-1.5556295
-2.6440918
-1.3387874
-2.4272497
-2.5377967
-1.6661764
-3.2988698
-2.4272497
-2.6440918
-2.6440918
-2.6440918
-1.0113984
-2.2104075
-1.5556295
-2.0998607
-1.7767235
-1.7724715
-3.0820277
-2.0998607
-2.4272497
-2.860934
-1.8830186
-2.6440918
-3.626259
-2.0998607
-2.4272497
-2.4272497
-1.3387874
-2.9714808
-2.860934
-2.2104075
-2.3167028
-2.754639
-2.9714808
-2.0998607
-2.0998607
-1.8830186
-3.515712
-2.0998607
-3.188323
-1.4493344
-3.188323
-2.5377967
-1.4493344
-3.077776
-1.8830186
-1.8830186
-2.860934
-2.3167028
-1.5556295
-2.5377967
-1.6661764
-2.2104075
-2.0998607
-2.860934
-2.860934
-2.3167028
-2.4272497
-1.9893138
-2.0998607
-1.8830186
-1.5556295
-2.9714808
-1.8830186
-2.860934
-3.077776
-2.3167028
-2.3167028
-2.3167028
-2.5335448
-2.5335448
-2.4272497
-1.3387874
-1.6661764
-2.8651857
-3.2988698
-2.750387
-1.7724715
-2.6440918
-2.3167028
-2.5335448
-2.4272497
-2.860934
-2.860934
-1.9935656
-2.0998607
-2.860934
-2.2104075
-1.5556295
-2.5335448
-2.860934
-2.754639
-2.860934
-2.6440918
-2.4272497
-2.5377967
-1.8830186
-1.3387874
-2.9714808
-2.2104075
-2.0998607
-2.9714808
-2.5335448
-2.3167028
-2.4272497
-1.5556295
-2.4272497
-2.754639
-1.6661764
-2.754639
-2.754639
-2.9714808
-2.2104075
-2.9714808
-1.8830186
-2.3167028
-2.0998607
-1.6661764
-1.2282405
-2.6440918
-1.3387874
-3.0820277
-1.6661764
-2.5377967
-2.9714808
-2.4272497
-1.9893138
-2.3209546
-2.3167028
-3.077776
-2.8651857
-1.6661764
-1.7767235
-2.9714808
-2.4272497
-0.79455626
-2.4272497
-1.3387874
-1.6661764
-2.754639
-1.9935656
-1.4493344
-2.9714808
-1.9893138
-2.3209546
-2.5335448
-2.4272497
-1.6661764
-1.3387874
-2.4272497
-1.6661764
-1.7767235
-2.5377967
-1.9935656
-1.8830186
-1.6661764
-1.9935656
-2.9714808
-1.8830186
-1.9935656
-1.8830186
-2.5377967
-2.1041124
-2.5377967
-1.9935656
-2.754639
-1.9935656
-1.9935656
-2.9714808
-2.2104075
-1.9935656
-2.6440918
-1.3387874
-2.4272497
-2.4272497
-2.2104075
-2.4272497
-2.5377967
-2.2104075
-2.754639
-1.6661764
-1.3387874
-1.8830186
-2.5377967
-1.2324922
-1.9935656
-1.6661764
-1.7767235
-1.9935656
-2.2104075
-1.9935656
-2.5377967
-2.2104075
-1.8830186
-2.6440918
-1.6661764
-1.6661764
-2.5377967
-2.2104075
-2.3209546
-1.7767235
-1.4493344
-1.9935656
-1.9935656
-2.9714808
-2.3209546
-2.2104075
-2.860934
-1.1219453
-2.2104075
-1.8830186
-1.8830186
-2.8651857
-1.7767235
-2.3209546
-1.7767235
-1.4493344
-0.6882611
-1.8830186
-1.8830186
-1.8830186
-2.754639
-1.6661764
-2.5377967
-2.1041124
-0.9051032
-1.4493344
-0.9051032
-1.7767235
-1.1219453
-1.1219453
-1.9935656
-0.9051032
-2.6483436
-1.6661764
-1.7767235
-1.1219453
-1.7767235
-1.2324922
-1.7767235
-1.6661764
-1.7767235
-1.1219453
-0.6882611
-1.6661764
-1.5556295
-1.2324922
-1.4493344
-1.2324922
-2.2104075
-1.2324922
-1.6661764
-1.6661764
-0.9051032
-2.3209546
-1.1219453
-1.9935656
-1.7767235
-0.79455626
-1.4493344
-1.7767235
-1.2324922
-2.3209546
-1.8872703
-2.1041124
-1.4493344
-1.2324922
-1.4493344
-1.1219453
-2.0998607
-1.9935656
-0.57771415
-1.5598813
-1.1219453
-1.5598813
-1.7767235
-1.3430393
-2.1041124
-0.57771415
-1.1219453
-2.5377967
-2.1041124
-2.2104075
-1.4493344
-1.6661764
-1.4493344
-1.1219453
-2.6483436
-1.4493344
-1.6661764
-1.9935656
-2.2104075
-2.4272497
-1.6661764
-1.2324922
-2.1041124
-1.7767235
-0.6882611
-1.7767235
-1.2324922
-2.5377967
-1.6661764
-1.0156502
-1.6661764
-1.7767235
-1.5598813
-1.9935656
-1.5598813
-0.6882611
-1.8872703
-1.5598813
-2.3209546
-2.1041124
-0.9051032
-1.5598813
-1.5598813
-1.7767235
-1.2324922
-0.6882611
-1.8872703
-1.2324922
-1.3430393
-1.3430393
-0.9051032
-1.8872703
-1.7767235
-1.4493344
-1.1219453
-1.7767235
-1.1219453
-1.6661764
-0.6882611
-0.6882611
-1.2324922
-1.1219453
-1.7767235
-1.3430393
-0.9051032
-1.7767235
-1.4493344
-1.0156502
-1.5598813
-1.7767235
-1.6704283
-1.2324922
-2.1041124
-1.5598813
-0.9051032
-1.5598813
-1.1219453
-1.3430393
-1.9935656
-0.79455626
-1.7767235
-1.8872703
-0.9051032
-1.4493344
-1.4493344
-1.2324922
-1.1219453
-1.5598813
-1.4493344
-0.9051032
-1.4493344
-1.5598813
-1.3430393
-0.6882611
-1.7767235
-1.1219453
-1.7767235
-1.5598813
-0.6882611
-1.7767235
-1.7767235
-1.9935656
-1.2324922
-1.7767235
-1.3430393
-1.2324922
-1.5598813
-1.3430393
-1.0156502
-1.4493344
-0.9051032
-1.6661764
-0.57771415
-2.3209546
-0.6882611
-1.5598813
-1.0156502
-1.5598813
-1.9935656
-1.2324922
-1.4493344
-1.7767235
-0.36087203
-2.1041124
-1.2324922
-2.3209546
-0.6882611
-1.2324922
-1.9978173
-0.6882611
-1.7767235
-1.2324922
-0.6882611
-1.1219453
-1.3387874
-1.7767235
-0.6882611
-0.57771415
-1.7767235
-1.0156502
-1.0156502
-0.6882611
-1.4493344
-0.79880804
-0.6882611
-2.3209546
-1.2324922
-1.9935656
-2.1041124
-1.5598813
-1.0156502
-0.47141898
-0.6882611
-1.5598813
-1.6704283
-0.57771415
-1.3430393
-1.2324922
-0.9051032
-0.9051032
-0.79880804
-0.6882611
-1.1219453
-1.7767235
-1.9978173
-0.36087203
-1.0156502
-1.7767235
-0.36087203
-1.0156502
-0.36087203
-1.2324922
-1.3430393
-0.6882611
-1.3430393
-0.6882611
-2.1041124
-1.8872703
-0.9051032
-1.0156502
-1.5598813
-1.4493344
-1.2324922
-1.3430393
-1.5598813
-1.2324922
-1.2324922
-1.0156502
-0.6882611
-1.4493344
-1.0156502
-1.6661764
-1.7767235
-0.6882611
-1.5598813
-1.6704283
-1.5598813
-0.47141898
-1.2324922
-1.2324922
-1.0156502
-0.9051032
-1.6704283
-1.5598813
-1.5598813
-0.57771415
-1.6704283
-1.0156502
-1.8872703
-1.8872703
-1.3430393
-1.2324922
-0.90935504
-1.3430393
-1.0156502
-1.6704283
-1.0156502
-1.2324922
-1.4493344
-0.9051032
-1.2324922
-1.1261971
-0.57771415
-0.2545769
-1.5598813
-0.6882611
-0.2545769
-1.1261971
-1.8872703
-0.5819659
-0.47141898
-1.5598813
-1.3430393
-0.79880804
-1.2324922
-0.6882611
-1.3430393
-0.14402993
-1.3430393
-1.0156502
-1.8872703
-0.5819659
-1.6704283
-0.79880804
-1.6704283
-1.1261971
-0.79880804
-1.0156502
-0.79880804
-0.6882611
-0.47141898
-0.9051032
-0.5819659
-1.5598813
-0.79880804
-1.5598813
-1.0156502
-1.0156502
-0.79880804
-0.6925129
-0.47141898
-1.6704283
-0.5819659
-1.3430393
-0.79880804
-0.47141898
-1.5598813
-0.037734777
-0.47141898
-1.1261971
-1.0156502
-0.36087203
-0.6882611
-0.47141898
-0.47141898
-0.47141898
-1.0156502
-0.79880804
-0.47141898
-0.90935504
-0.79880804
-0.2545769
-0.79880804
-0.037734777
-1.3430393
-1.3430393
-0.5819659
-1.3430393
-0.79880804
-0.47141898
-1.3430393
-0.90935504
-1.1261971
-1.6704283
-1.2324922
-1.1261971
-1.0156502
-0.79880804
-1.4535861
0.07281218
-1.5598813
-0.79880804
-1.0156502
-0.47141898
-1.3430393
-0.79880804
-0.79880804
-0.6882611
-0.14402993
-1.1261971
-1.1261971
-0.2545769
-0.90935504
-0.90935504
-1.1261971
-0.14828174
-0.90935504
-0.037734777
-0.36512384
-1.3430393
-1.0156502
-0.79880804
-0.79880804
-0.79880804
-1.0156502
-0.36512384
-0.6925129
-0.90935504
-0.14828174
-0.90935504
-0.2545769
-0.79880804
-0.79880804
-0.79880804
-0.47141898
-1.0156502
-1.1261971
-0.79880804
-0.5819659
-0.36512384
-0.36512384
-1.1261971
-0.4756708
-0.5819659
-0.2545769
-0.14828174
-1.0156502
-0.6882611
-0.90935504
-0.037734777
-0.47141898
-1.0156502
-0.2545769
-0.79880804
-0.14402993
-1.0156502
-1.0156502
-1.1261971
-0.6882611
0.17910734
-1.0156502
0.07281218
-0.2545769
-0.36512384
-0.5819659
-0.4756708
-1.0156502
-0.36512384
-0.5819659
-0.2545769
0.17910734
-0.79880804
-0.5819659
-1.4535861
-0.79880804
-0.79880804
-1.1261971
0.07281218
-0.36512384
-1.236744
-0.2545769
-1.236744
-1.9978173
-0.6925129
-0.037734777
-0.90935504
-0.4756708
-0.5819659
-0.90935504
0.5064964
-0.14828174
-0.2545769
0.17910734
-0.037734777
-0.14828174
0.39594942
-0.36512384
-1.347291
-0.14828174
0.39594942
-0.2588287
-0.36512384
-0.36512384
0.06856038
0.5064964
-0.4756708
-0.14828174
-0.14828174
-0.14828174
-1.0199019
-0.2588287
0.39594942
-0.90935504
-0.14828174
0.9401806
0.17910734
0.28540248
0.39594942
0.28540248
0.17910734
-0.90935504
0.5064964
-0.36512384
-0.2588287
0.8296336
-0.5819659
0.7233385
0.7190867
0.61279154
0.39594942
0.28540248
-1.0199019
-0.14828174
-0.2588287
-0.6925129
0.61279154
0.8296336
0.06856038
0.28540248
0.06856038
-1.0199019
0.5064964
-0.14828174
-0.58621776
0.17910734
-0.14828174
-0.36512384
-0.14828174
0.17910734
-0.8030599
-0.36512384
-0.2588287
-0.2588287
0.61279154
0.61279154
0.17910734
0.06856038
0.9401806
-0.36512384
-0.36512384
-0.36512384
-0.5819659
0.39594942
-0.2588287
0.17485553
0.9401806
0.17485553
0.17910734
0.61279154
-0.4756708
-0.6925129
-0.2545769
-0.4756708
0.39594942
0.06856038
0.06856038
-0.36512384
0.39594942
0.39594942
0.28540248
0.17910734
-0.4756708
-0.041986585
-0.4756708
0.39594942
1.1570227
0.06856038
-0.2588287
0.9401806
0.39594942
-0.2588287
0.39594942
0.28540248
-0.14828174
0.61279154
-0.041986585
-0.2588287
0.7233385
0.28540248
0.17910734
1.1570227
0.17485553
-0.36937565
1.0464758
0.61279154
-1.0199019
0.06856038
-0.58621776
-0.90935504
1.1570227
0.06856038
-0.8030599
0.5022446
0.28540248
0.39169762
0.17910734
0.06856038
-0.6925129
0.17910734
0.06856038
0.39594942
-0.14828174
0.39594942
0.8296336
-0.8030599
0.06856038
-0.14828174
-1.0199019
0.7233385
-0.2588287
-0.4756708
-0.36512384
0.39594942
0.28540248
0.17910734
0.06856038
-0.36512384
-0.037734777
0.39594942
-0.36512384
-0.36512384
0.17485553
-0.2588287
-0.14828174
-0.4756708
0.06856038
-0.14828174
0.28540248
0.06856038
0.5022446
0.8296336
0.28540248
-0.5819659
0.06856038
0.17910734
-0.4756708
-0.6925129
-0.037734777
-0.041986585
0.61279154
0.5022446
-0.2588287
0.17910734
-1.4535861
-1.3430393
-0.79880804
0.17910734
-0.6925129
0.61279154
0.39594942
0.06856038
0.5064964
0.9401806
0.39594942
-0.5819659
-0.037734777
0.61279154
-0.36512384
0.06856038
0.8296336
-0.6925129
-0.4756708
0.39594942
-0.037734777
-0.14828174
0.9401806
-0.36512384
-0.4756708
0.5064964
-0.5819659
-0.2545769
0.17910734
-0.037734777
-0.4756708
0.61279154
0.06856038
-0.8030599
-0.2545769
0.17910734
-0.5819659
-0.5819659
0.28965428
-0.2545769
0.17910734
0.17910734
0.06856038
-0.58621776
-0.36512384
0.06856038
-0.90935504
-0.037734777
-0.5819659
-1.1261971
0.39594942
-0.79880804
-0.14828174
-0.037734777
0.07281218
-0.4756708
-1.1261971
-1.0156502
-0.2545769
-0.14402993
-1.1261971
-0.6925129
-0.90935504
-1.1261971
-0.79880804
-0.6882611
-1.0199019
-0.037734777
-0.14828174
-0.5819659
-0.36512384
-1.0156502
-1.1261971
-0.2545769
-0.14402993
-1.1261971
0.5064964
0.28540248
-0.79880804
-0.037734777
-0.6925129
-0.79880804
-0.79880804
-0.2545769
-0.36512384
-0.2588287
-0.90935504
-0.47141898
0.7233385
-0.79880804
-1.1261971
0.17910734
-0.47141898
-0.2545769
-1.1261971
-0.47141898
-1.7809752
-0.90935504
-0.037734777
-0.5819659
-0.36512384
0.5064964
-0.5819659
-0.79880804
-0.5819659
-0.90935504
-0.037734777
-0.5819659
-0.037734777
-0.037734777
0.39594942
-1.4535861
-0.4756708
0.5064964
-0.36512384
-0.36512384
0.07281218
0.07281218
-1.0156502
-1.0199019
0.17910734
-1.0199019
-0.6925129
-0.037734777
-1.236744
-0.47141898
-0.2545769
-1.0156502
-0.6925129
0.17910734
0.17910734
-1.2324922
-0.5819659
-0.47141898
-0.5819659
0.6170434
-0.5819659
0.17910734
0.39594942
-0.4756708
-0.2545769
0.5064964
0.28965428
0.6170434
-0.14402993
-0.14828174
-0.037734777
0.07281218
-0.5819659
-0.36512384
0.07281218
-0.6925129
-0.5819659
-0.037734777
-0.14828174
-1.0156502
0.17910734
-0.90935504
-0.90935504
-0.5819659
-0.4756708
-0.5819659
0.7233385
-0.36512384
-0.6925129
-0.90935504
0.5064964
-1.236744
-0.5819659
-0.79880804
-0.90935504
-0.90935504
0.06856038
0.17910734
0.07281218
-0.5819659
-0.5819659
-0.037734777
-0.5819659
0.06856038
1.1570227
-0.36512384
-1.0199019
-0.5819659
0.17910734
-0.5819659
-0.14828174
0.7233385
0.17910734
0.28540248
-0.4756708
-0.4756708
-0.79880804
-0.2545769
-1.0156502
0.28965428
-0.2545769
-0.5819659
-0.6925129
0.17910734
0.17910734
-1.1261971
-0.36512384
-1.1261971
0.17910734
-0.5819659
-0.037734777
-0.36512384
-0.36512384
-1.1261971
-0.90935504
-0.14828174
0.39594942
-0.037734777
0.9401806
-0.5819659
0.17910734
-1.0156502
-0.2545769
-0.90935504
0.5064964
0.39594942
-0.6925129
0.39594942
-0.5819659
-0.90935504
-0.5819659
-0.2588287
-0.14828174
0.7233385
0.39594942
-0.36512384
-0.36512384
-0.037734777
-0.2545769
-0.5819659
-0.14828174
-0.037734777
0.39594942
-0.5819659
-1.1261971
-0.8030599
0.17910734
-0.2545769
0.5064964
0.61279154
-0.36512384
0.17910734
0.28540248
-0.6925129
0.61279154
-0.6925129
0.17910734
0.5064964
-0.90935504
0.9401806
0.06856038
-0.037734777
-0.90935504
-0.14828174
-0.36512384
-0.4756708
0.5064964
0.06856038
0.17910734
-0.037734777
0.39594942
-0.6925129
-0.6925129
-0.037734777
-1.3430393
0.5064964
-0.037734777
0.39594942
0.39594942
-0.90935504
0.17910734
-0.14828174
-0.47141898
-0.4756708
1.4844118
0.06856038
-0.36512384
0.17910734
-0.5819659
0.28540248
0.5064964
0.17910734
-1.0199019
-0.2588287
-0.90935504
-1.1261971
-0.2545769
-0.36512384
-1.0199019
0.28540248
-0.14828174
0.28540248
-0.5819659
0.39594942
0.39594942
0.17910734
-0.14828174
0.39594942
0.17910734
0.5022446
-0.14828174
-0.36512384
-1.4535861
-0.5819659
-0.14828174
0.5022446
0.28540248
0.06856038
0.06856038
0.06856038
-0.36512384
-0.037734777
-0.041986585
-0.2588287
-0.2588287
-0.041986585
-0.36512384
0.7233385
0.28540248
-0.2588287
-0.36937565
0.9401806
-0.6925129
0.28540248
0.39594942
-0.14828174
0.28965428
0.39594942
-0.90935504
0.9401806
-0.4756708
0.39594942
0.17910734
-0.4756708
-0.2588287
-0.14828174
-0.4756708
-0.2588287
0.39594942
-0.6925129
0.61279154
-0.5819659
-0.6925129
-0.4756708
-0.037734777
-0.36512384
0.06856038
0.06856038
-0.14828174
0.39594942
-0.15253355
0.7233385
-0.14828174
0.28540248
-0.2588287
1.1570227
-0.14828174
0.06856038
0.61279154
0.39594942
0.17910734
0.7190867
0.61279154
0.9401806
-0.2588287
-0.2588287
1.2675697
0.61279154
0.61279154
1.0464758
0.5022446
0.28540248
0.8296336
-0.36937565
0.17485553
0.9401806
-0.2588287
0.8296336
-0.041986585
1.4844118
-0.2588287
-0.14828174
1.1570227
0.06856038
0.8296336
0.28540248
-0.2588287
0.61279154
0.8296336
-0.36512384
0.06856038
0.28540248
-0.2588287
0.61279154
1.0464758
0.39594942
-0.041986585
1.2675697
-0.36512384
0.06856038
1.0464758
0.06856038
0.8296336
0.28540248
0.7233385
-0.037734777
0.06856038
0.9401806
-0.6925129
0.5022446
0.5022446
-0.14828174
-0.2588287
-1.347291
-0.041986585
0.7190867
-0.15253355
-0.041986585
1.2633178
-0.2588287
0.5022446
1.1570227
0.7233385
-0.041986585
0.5022446
0.17485553
0.7190867
0.61279154
0.17485553
0.06856038
-0.14828174
-0.47992262
0.8296336
1.5907068
0.17485553
0.28540248
-0.041986585
-0.14828174
1.5907068
0.17485553
0.8296336
0.8296336
-0.2588287
1.0464758
0.61279154
0.9401806
0.06856038
-0.14828174
0.28540248
0.06856038
-0.58621776
0.9401806
0.28540248
-0.14828174
0.06856038
0.28540248
1.0464758
-0.14828174
0.8296336
0.06856038
-0.041986585
1.8118008
0.5022446
0.28540248
-0.58621776
0.17910734
0.28540248
0.28540248
1.0464758
0.5022446
-0.8030599
0.8296336
0.7190867
0.5022446
1.4844118
-0.2588287
0.61279154
0.8296336
-0.041986585
0.39169762
0.7190867
0.06856038
0.5022446
0.61279154
0.8296336
0.8296336
1.701254
0.61279154
1.0422239
0.5022446
0.8296336
1.0464758
1.5907068
0.6085397
1.0464758
0.39169762
0.5022446
0.8296336
-0.041986585
0.39169762
0.49799278
0.5022446
1.0464758
0.5022446
0.17485553
-0.041986585
1.697002
0.6085397
0.93592876
1.48016
1.0464758
1.3738648
0.39169762
1.1527709
1.369613
0.39169762
2.0243912
1.2633178
1.48016
1.2633178
1.369613
1.697002
0.71483487
0.93592876
1.9138441
1.697002
1.807549
0.6085397
1.48016
0.8253819
0.8253819
1.1527709
1.1527709
0.39169762
1.1527709
0.8253819
0.28115067
2.4580753
1.369613
1.369613
2.2412333
1.807549
1.0422239
2.3475285
1.369613
2.1306863
2.2412333
2.4580753
1.9138441
1.4759082
1.5864551
2.5643704
1.8032973
1.697002
1.5864551
1.5864551
1.8032973
1.9138441
0.9316769
3.0023065
1.8032973
1.697002
1.9138441
1.259066
2.1306863
1.8032973
1.9138441
2.5643704
1.1485192
2.0201392
1.369613
2.0201392
2.0201392
1.8032973
2.5643704
0.9316769
2.1306863
1.1485192
2.1306863
2.3475285
1.369613
1.8032973
2.6749175
1.9138441
1.9138441
1.8032973
1.9138441
2.8917594
2.2412333
2.8917594
2.1306863
1.369613
2.7854645
2.5643704
2.0201392
2.5643704
2.5643704
1.6927503
2.7812126
1.259066
1.4759082
1.8032973
2.8917594
2.5643704
1.6927503
2.7812126
1.6927503
2.6749175
2.5643704
1.8032973
1.8032973
2.2369814
1.8032973
2.0201392
2.0201392
1.6927503
3.1086018
1.6927503
2.5643704
2.0201392
1.4759082
2.1306863
2.0201392
1.6927503
2.3475285
2.2369814
2.5643704
1.6927503
1.6927503
1.8032973
1.6927503
2.7812126
2.5643704
2.5643704
1.6927503
1.6927503
1.7990454
2.1264346
3.1086018
1.8032973
2.3475285
2.0201392
2.2369814
2.5643704
1.8032973
2.2369814
3.652833
1.6927503
2.5643704
1.4759082
2.2369814
1.8032973
2.3475285
3.1086018
2.7812126
2.0201392
2.1306863
2.0201392
1.4759082
1.7990454
3.1086018
2.1306863
2.2369814
1.259066
2.2369814
1.9095924
2.4538236
2.6749175
1.6927503
2.2369814
1.259066
2.4538236
2.5643704
2.7812126
2.5643704
2.7812126
1.9095924
2.4538236
1.1485192
2.4538236
2.8875077
2.6706657
2.7812126
2.7812126
2.3475285
2.2369814
1.8032973
2.0201392
1.8032973
1.5822034
2.5643704
1.9095924
2.6749175
2.2369814
2.3475285
2.2369814
2.4538236
1.5822034
2.8917594
2.0201392
1.3653612
2.2369814
2.5643704
2.7812126
2.0201392
3.3254437
1.6927503
2.5643704
1.9095924
2.5643704
2.5643704
2.7812126
1.9095924
2.6706657
2.4538236
1.3653612
3.3254437
2.7812126
2.7812126
2.6706657
2.4538236
2.2369814
1.4759082
2.4538236
2.8875077
2.3432765
3.214897
2.4538236
2.2369814
2.9980547
3.97597
2.6706657
2.7812126
2.6706657
2.4538236
2.6706657
2.8875077
3.214897
3.1043499
2.5601187
2.9980547
3.4317389
2.1264346
2.1264346
4.303359
2.5601187
2.4495716
2.5601187
2.6706657
2.8875077
2.8875077
2.993803
2.5601187
3.1043499
2.3432765
3.542286
2.1264346
2.5643704
3.5380342
3.6485808
3.5380342
2.3432765
3.214897
2.4538236
3.6485808
4.626497
3.6485808
3.214897
2.3432765
2.6706657
3.4317389
3.1043499
2.993803
3.214897
3.6485808
3.214897
3.8654232
2.7769608
3.1043499
3.8654232
3.1000981
2.5601187
3.542286
2.7769608
2.3432765
2.4495716
3.97597
3.8654232
3.321192
2.4495716
2.993803
2.2327297
3.6485808
4.2991076
3.210645
4.5159492
3.7548761
3.5380342
2.883256
3.4317389
3.4274871
4.1885605
2.883256
2.5601187
3.1000981
2.883256
3.7548761
3.9717183
3.4274871
4.192812
3.7548761
3.1043499
2.993803
4.626497
3.210645
3.210645
4.0822654
3.1043499
3.210645
4.2991076
4.1885605
4.1885605
3.8611712
3.210645
2.993803
4.1885605
2.993803
4.2991076
3.8611712
2.6664138
4.2991076
3.9717183
3.9717183
4.2991076
3.1043499
3.4274871
3.5380342
3.210645
3.644329
3.9717183
3.3169398
3.9717183
4.2991076
3.210645
3.9717183
4.1885605
3.1000981
4.1885605
3.1000981
4.7370434
4.6222444
2.883256
4.405402
3.5337825
4.626497
4.2991076
3.3169398
4.2991076
4.0780134
3.9717183
5.166476
4.0780134
3.7548761
4.8433385
3.7548761
3.210645
4.9496336
4.7327914
4.1885605
4.405402
3.4274871
3.9717183
3.644329
4.2991076
4.9496336
4.0780134
4.8433385
3.210645
3.9717183
4.7327914
4.1885605
4.7327914
3.9717183
3.7548761
4.1885605
4.0780134
4.0822654
4.405402
3.3169398
3.644329
2.7769608
3.4274871
3.1000981
3.321192
4.7327914
4.405402
4.0822654
3.9717183
4.1885605
4.5159492
4.7327914
3.644329
3.9717183
4.405402
3.8611712
3.9717183
3.644329
4.405402
4.1885605
4.7327914
3.210645
4.405402
3.5380342
3.7548761
4.1885605
3.2063932
4.0822654
3.8611712
3.210645
4.405402
3.7548761
3.8611712
4.405402
3.9717183
3.9717183
4.0780134
4.405402
4.0780134
4.405402
4.405402
4.1885605
3.3169398
4.1885605
5.166476
3.644329
4.2991076
3.8611712
3.4274871
3.4274871
3.9717183
4.1885605
3.4274871
4.1885605
3.3169398
3.321192
4.7327914
4.0780134
4.5159492
3.3169398
3.4274871
3.321192
3.7548761
3.3169398
3.644329
3.8611712
2.555867
4.2991076
3.4274871
3.9717183
4.0780134
4.1885605
4.409654
3.644329
2.993803
3.5337825
4.0780134
3.210645
4.405402
3.4274871
3.5380342
2.883256
3.5380342
3.8654232
3.7548761
4.405402
2.6664138
3.8654232
3.7548761
3.210645
4.7327914
4.5159492
4.5159492
3.7548761
3.7548761
3.9717183
3.1000981
4.5159492
4.405402
3.7548761
2.6664138
2.4495716
4.5159492
3.210645
4.2991076
2.993803
3.5380342
3.321192
3.1043499
3.9717183
3.321192
4.0822654
2.7769608
2.0158875
3.321192
3.4274871
3.5380342
4.0822654
2.7769608
3.321192
3.210645
2.7769608
3.4274871
3.8611712
3.210645
2.5601187
3.321192
3.4274871
3.8654232
4.0822654
3.210645
2.6664138
2.883256
2.1221828
3.210645
3.4274871
2.6664138
3.8654232
2.6664138
2.993803
3.4274871
2.7769608
3.7548761
2.4495716
2.993803
3.5380342
2.6664138
3.7548761
3.4274871
3.7548761
3.5380342
2.4495716
3.644329
3.210645
4.0822654
2.4495716
2.7769608
2.2327297
2.2327297
2.6664138
2.883256
3.1043499
2.4495716
2.2327297
3.321192
2.883256
4.0822654
3.7548761
3.321192
2.5601187
1.9053404
3.1043499
3.4274871
2.2327297
2.993803
2.7769608
3.1043499
2.7769608
2.8875077
3.5380342
2.5601187
2.7769608
2.4495716
2.7769608
3.5380342
2.2327297
3.321192
3.8654232
3.1043499
2.4495716
3.1043499
2.6664138
3.7548761
2.4495716
3.4317389
3.321192
1.7990454
3.6485808
3.210645
3.321192
3.321192
2.6706657
2.5601187
2.1221828
2.993803
2.993803
2.0158875
3.8654232
2.5601187
3.5380342
2.5601187
3.210645
1.9053404
2.3432765
3.5380342
2.7769608
3.210645
1.6884984
2.3432765
2.8875077
2.6706657
2.1264346
1.9053404
2.6706657
2.7769608
1.6884984
2.0158875
2.4538236
2.3432765
2.7769608
2.8875077
2.7769608
2.5601187
2.3432765
2.3432765
3.1043499
2.4495716
2.4495716
2.6706657
1.4716563
2.1264346
2.5601187
1.9095924
2.7769608
1.9095924
3.1043499
2.2327297
2.6706657
3.1043499
0.92742515
3.4317389
1.3653612
2.1264346
2.3432765
2.1264346
3.1043499
2.0158875
1.6884984
1.9053404
2.3432765
2.3432765
2.4538236
2.4538236
2.3432765
2.4538236
2.3432765
1.3653612
1.6927503
2.1264346
1.0379721
2.6706657
2.1264346
2.8875077
2.7812126
1.6927503
2.3432765
1.0379721
2.0201392
1.5822034
2.0158875
2.2369814
1.3653612
1.6927503
1.3653612
1.5822034
2.4538236
2.5643704
2.1306863
2.4538236
1.7990454
1.2548143
2.3432765
1.4716563
1.3653612
1.6927503
2.0201392
1.6927503
2.6706657
2.2369814
2.1264346
1.3653612
1.4716563
1.5822034
2.1264346
1.9095924
2.0201392
1.4759082
0.82113004
1.5822034
1.3653612
1.9095924
1.2548143
1.4759082
1.5822034
2.1264346
1.4759082
1.1485192
2.7812126
1.6927503
1.4759082
1.5822034
1.8032973
2.3432765
1.259066
2.5643704
1.4759082
1.4759082
2.1306863
1.6927503
1.8032973
2.2369814
2.0201392
1.6927503
1.6927503
3.1086018
1.8032973
1.8032973
1.9095924
1.1485192
2.3475285
0.9316769
1.9138441
1.8032973
0.28115067
2.2369814
2.3475285
2.0201392
2.3475285
1.5864551
1.369613
0.6042879
2.0201392
0.8253819
0.9316769
0.49799278
1.6927503
1.6927503
1.3653612
1.6927503
1.5864551
1.8032973
1.8032973
1.4759082
0.8253819
1.8032973
0.17060372
0.3874458
1.369613
0.8253819
1.5864551
1.5864551
1.697002
1.1527709
0.49799278
1.0422239
0.9316769
0.71483487
1.8032973
1.697002
1.5864551
0.71483487
0.3874458
0.49799278
0.39169762
0.8253819
0.06430857
0.17060372
1.259066
1.259066
1.259066
1.8032973
1.5864551
0.06005676
1.0422239
0.49799278
1.259066
1.0422239
0.3874458
1.0422239
1.369613
0.9316769
0.8253819
0.49799278
0.93592876
1.369613
1.0422239
0.6085397
1.807549
0.06430857
-0.15253355
1.697002
0.8253819
0.06430857
1.369613
1.369613
-0.041986585
0.7190867
0.7190867
0.17485553
1.369613
0.7190867
0.6085397
0.93592876
-0.041986585
0.28115067
0.17485553
0.5022446
0.39169762
-0.04623839
0.39169762
-0.15253355
-0.041986585
1.1527709
0.93592876
1.0422239
1.1527709
0.17485553
0.7190867
-0.041986585
-0.15253355
0.17485553
-0.36937565
0.17485553
0.6085397
-0.47992262
1.5907068
0.06430857
0.7190867
1.0464758
0.7190867
0.93592876
-0.15253355
0.28540248
0.39169762
-1.1304489
0.17485553
0.39169762
-0.36937565
0.39169762
-0.15253355
0.7190867
0.17485553
0.39169762
-0.15253355
-0.4756708
-0.041986585
0.17485553
-0.2588287
-0.36937565
0.06856038
0.17485553
-0.2588287
-0.6925129
-0.90935504
0.28540248
-0.58621776
-1.347291
0.9401806
0.28540248
-0.041986585
-0.2588287
0.6085397
-0.041986585
0.6085397
-0.15253355
0.17485553
0.06856038
-0.041986585
-0.041986585
0.06430857
-0.2588287
-0.041986585
-0.47992262
0.39594942
0.8296336
-0.58621776
0.7190867
-0.8030599
-0.8030599
0.17910734
-0.2588287
0.39594942
-0.2588287
-1.0199019
0.39594942
-0.8030599
-0.041986585
-0.041986585
-0.6925129
-0.36512384
-0.4756708
-1.236744
-0.4756708
-0.8030599
0.17910734
-0.14828174
-0.90935504
0.28540248
-0.8030599
0.9401806
-0.4756708
-0.4756708
-0.4756708
-0.90935504
-0.6925129
-1.4535861
-0.2545769
-0.4756708
-1.3430393
-0.6882611
-0.90935504
-1.0156502
-1.6704283
-0.2545769
-0.36512384
-1.6704283
-0.5819659
-0.4756708
-1.4535861
-0.5819659
-0.5819659
-0.90935504
-1.4535861
-1.4535861
0.06856038
-1.1261971
-1.0199019
-0.79880804
-1.236744
-0.36512384
-1.3430393
-1.0156502
-0.79880804
-2.1041124
-0.90935504
-1.1261971
-1.5598813
-0.90935504
-1.7809752
-1.1261971
-0.5819659
-1.8872703
-1.2324922
-1.4535861
-1.1261971
-0.6882611
-1.6704283
-1.3430393
-1.0156502
-1.3430393
-1.3430393
-1.8872703
-1.5598813
-1.7767235
-1.1261971
-1.5598813
-1.5598813
-1.1261971
-1.2324922
-1.3430393
-0.2545769
-1.8872703
-1.0156502
-1.7809752
-1.8872703
-0.36087203
-1.6704283
-0.79880804
-0.79880804
-1.5598813
-1.3430393
-1.5598813
-1.3430393
-1.6704283
-1.2324922
-1.9978173
-0.47141898
-1.0156502
-1.2324922
-1.3430393
-1.0156502
-1.6704283
-1.5598813
-1.3430393
-1.5598813
-1.6704283
-1.0156502
-1.2324922
-1.3430393
-1.5598813
-0.79880804
-1.1261971
-1.2324922
-1.3430393
-1.5598813
-0.90935504
-1.3430393
-0.6882611
-1.3430393
-1.6704283
-2.1041124
-0.9051032
-1.2324922
-0.6882611
-1.8872703
-1.3430393
-2.1041124
-1.6661764
-1.5598813
-1.5598813
-0.9051032
-1.8872703
-1.6704283
-1.1261971
-1.6704283
-1.2324922
-1.3430393
-1.3430393
-1.7809752
-2.2146595
-1.5598813
-1.5598813
-1.3430393
-0.6882611
-1.3430393
-1.3430393
-1.3430393
-1.3430393
-1.4535861
-1.6704283
-1.1261971
-0.79880804
-1.1261971
-1.6704283
-1.4535861
-1.5598813
-1.3430393
-1.3430393
-2.1041124
-1.3430393
-2.1041124
-1.8872703
-1.1261971
-1.0156502
-0.5819659
-1.8872703
-1.8872703
-1.0156502
-1.3430393
-0.47141898
-1.6704283
-1.1261971
-1.5598813
-1.6704283
-0.90935504
-0.90935504
-0.5819659
-1.5598813
-1.3430393
-1.4535861
-1.3430393
-1.6704283
-1.4535861
-1.236744
-1.236744
-0.47141898
-0.5819659
-1.1261971
-0.14828174
-1.0199019
-1.1261971
-1.9978173
-1.236744
-0.5819659
-1.6704283
-0.90935504
-0.5819659
-1.236744
-0.6925129
-0.4756708
-1.6704283
-0.79880804
-1.4535861
-0.90935504
-1.0199019
-0.90935504
-0.79880804
-1.3430393
-0.90935504
-1.347291
-0.90935504
-0.90935504
-0.5819659
-0.8030599
-1.4535861
-1.4535861
-0.79880804
-1.4535861
-1.7809752
-1.1261971
-1.236744
-1.891522
-1.3430393
-1.0199019
-1.0199019
-1.3430393
-1.0199019
-0.6925129
-1.236744
-0.041986585
-1.236744
-0.36937565
-0.4756708
-1.347291
-0.14828174
-1.5641332
-1.1304489
-0.36937565
-0.14828174
-0.8030599
-0.14828174
-1.5641332
0.17485553
-1.1304489
-1.0199019
-0.6925129
-0.14828174
-0.14828174
0.17485553
-0.4756708
-1.4535861
-0.58621776
-0.6925129
-0.58621776
-0.2588287
-1.1304489
-1.236744
-0.15253355
-0.4756708
-0.041986585
0.5022446
-0.9136068
-0.2588287
0.06430857
-0.58621776
-0.58621776
-0.041986585
0.17485553
-0.36937565
-0.041986585
-1.2409959
0.17485553
0.28540248
-1.347291
-0.041986585
-0.041986585
-0.9136068
0.28540248
-1.1304489
-0.9136068
0.17485553
-0.36937565
0.06430857
0.28115067
0.17485553
-0.15253355
0.7190867
0.17485553
-0.15253355
0.06430857
-0.2630805
0.93592876
0.06430857
0.06430857
-0.15253355
0.17485553
-0.2630805
-0.6967647
0.7190867
-0.04623839
0.17485553
-0.80731165
-0.47992262
0.5022446
-0.47992262
-0.36937565
0.39169762
0.17485553
-0.58621776
-0.80731165
-0.47992262
0.06430857
-0.2630805
-0.37362745
0.8253819
0.49799278
0.17060372
-0.04623839
0.49799278
-0.04623839
0.17060372
0.49799278
0.28115067
0.28115067
0.06430857
0.06430857
0.6085397
-0.47992262
0.71483487
-0.15678534
-0.04623839
-0.80731165
-0.04623839
-0.59046954
0.49799278
-0.37362745
0.3874458
-1.0241537
1.4759082
0.49799278
1.3653612
-0.37362745
1.5864551
0.49799278
0.3874458
1.4759082
0.8253819
0.17060372
-0.4841744
0.28115067
-0.15253355
0.28115067
0.28115067
0.8253819
-0.2630805
-0.04623839
0.8253819
-0.04623839
0.49799278
-0.37362745
0.3874458
0.28115067
0.06005676
1.1485192
0.49799278
1.259066
0.06430857
-0.15678534
0.3874458
0.06005676
1.0422239
1.3653612
-0.2673323
0.9316769
0.6042879
0.6042879
1.1485192
1.259066
0.27689886
0.9316769
1.1485192
0.17060372
0.71483487
-0.15678534
-0.15678534
0.8253819
0.7105831
-0.15678534
0.17060372
0.17060372
0.9316769
0.27689886
1.1485192
0.3874458
0.06005676
1.1485192
1.0379721
1.6927503
0.27689886
1.4759082
1.6927503
1.3653612
0.06005676
0.8253819
0.82113004
0.9316769
0.38319403
0.82113004
1.6927503
0.7105831
0.38319403
0.49374095
0.9316769
1.1485192
0.3874458
1.1485192
0.9316769
0.3874458
0.16635191
-0.2673323
0.6042879
0.38319403
0.6042879
1.0379721
0.06005676
0.82113004
2.2369814
0.6042879
0.7105831
1.3653612
1.1485192
0.82113004
1.1485192
1.6927503
1.5822034
1.2548143
0.82113004
1.5822034
1.5822034
1.0379721
1.6927503
0.71483487
1.2548143
0.82113004
0.6042879
1.3653612
1.0379721
1.3653612
0.92742515
1.0379721
1.3653612
0.16635191
2.1264346
1.7990454
1.5822034
1.0379721
0.16635191
2.1264346
1.5822034
1.0379721
0.7105831
1.2548143
0.49374095
1.7990454
0.82113004
0.7105831
0.49374095
0.92742515
1.5822034
1.0379721
1.0379721
1.3653612
0.82113004
1.0379721
1.0379721
1.9095924
0.92742515
1.9095924
1.1485192
1.0379721
1.2548143
1.1485192
1.5822034
0.38319403
2.0158875
0.49374095
0.92742515
1.1485192
1.1442673
0.92742515
2.0201392
0.82113004
-0.050490197
0.92742515
0.7105831
0.16635191
1.0379721
1.0379721
-0.27158412
1.5822034
1.2548143
0.38319403
1.4716563
0.92742515
0.49374095
1.5822034
1.0379721
0.49374095
1.2548143
1.3653612
1.2548143
1.3653612
0.7105831
1.1442673
1.0379721
0.7105831
1.3653612
1.4716563
1.0379721
1.4716563
1.2548143
1.0379721
0.6042879
0.16635191
1.3653612
1.6927503
0.49374095
1.6884984
0.92742515
1.0379721
1.3653612
1.0379721
1.0379721
2.1264346
0.92742515
0.81687826
1.6927503
1.3653612
0.60003614
1.5822034
0.7105831
1.0379721
2.1264346
1.1442673
1.2548143
1.0379721
0.92742515
1.5822034
1.7990454
1.1442673
1.2548143
1.2548143
1.6884984
1.5822034
0.92742515
0.81687826
0.16635191
1.6884984
1.0379721
1.1442673
0.92742515
1.1442673
1.6884984
0.7105831
1.1442673
0.38319403
1.0379721
1.5822034
1.0379721
0.92742515
1.6884984
1.6884984
0.38319403
1.4716563
1.4716563
1.4716563
0.4894892
1.3611094
1.7990454
1.1442673
2.5601187
1.4716563
1.2548143
1.2548143
1.1442673
1.2548143
0.7105831
1.7990454
2.0158875
1.6884984
0.4894892
1.6884984
1.3611094
0.92742515
1.5779516
1.6884984
2.0158875
1.6884984
1.0337203
1.1442673
1.4716563
1.9053404
1.2548143
2.2327297
1.4716563
0.92742515
2.2327297
1.2548143
0.7105831
1.7990454
1.6884984
1.4716563
1.7990454
1.5779516
0.81687826
1.5822034
1.4716563
1.4716563
1.3611094
1.4716563
1.6884984
1.1442673
1.1442673
1.2505624
1.7990454
2.2327297
1.3611094
1.5779516
2.3390248
2.1221828
2.4495716
1.7947936
1.5779516
1.7990454
2.3390248
1.3611094
1.9053404
1.9053404
1.5779516
0.70633125
0.81687826
1.2505624
1.1442673
2.0158875
1.6884984
1.9053404
1.5779516
2.6664138
1.9053404
2.883256
2.3390248
2.2327297
2.0116355
1.6884984
1.6884984
2.4495716
2.1221828
1.5779516
2.0116355
2.6664138
1.4716563
2.3390248
1.0337203
2.4495716
2.3390248
2.0116355
1.5779516
2.228478
2.3390248
2.6664138
2.0116355
1.5779516
2.993803
2.1221828
3.1000981
2.7769608
2.3390248
2.1221828
2.4495716
3.1000981
3.1000981
3.1000981
1.3611094
2.3390248
2.1221828
2.883256
1.7947936
1.3611094
2.228478
1.5779516
1.2505624
2.4495716
2.1221828
1.0337203
2.3390248
2.228478
2.1221828
1.6842467
1.9053404
1.7947936
2.2327297
1.5779516
2.993803
2.228478
2.1221828
2.6664138
1.6884984
1.3611094
2.6664138
2.3390248
1.7947936
2.228478
2.3390248
2.4495716
2.883256
1.6884984
2.6664138
2.0116355
2.2327297
1.7947936
1.3611094
2.3390248
2.0116355
1.7947936
2.1221828
1.4674045
2.6664138
1.3611094
1.9053404
2.1221828
1.3611094
2.5601187
2.1221828
1.3611094
1.5779516
1.1442673
1.3611094
2.228478
1.7990454
1.2505624
1.6884984
2.7769608
2.2327297
1.9053404
2.7769608
1.3611094
2.6664138
1.2505624
2.1221828
2.3390248
2.0116355
2.6664138
2.6664138
1.9053404
2.2327297
2.3390248
1.2548143
1.3611094
1.9053404
1.1442673
2.555867
0.70633125
2.4495716
1.6884984
0.70633125
0.7105831
1.4716563
1.3611094
0.92742515
2.4495716
1.2548143
1.6884984
2.1221828
0.92742515
1.5779516
1.3611094
1.4716563
2.0158875
1.1442673
1.6884984
2.0158875
2.1221828
0.38319403
1.5822034
1.1442673
1.4716563
1.1442673
1.2548143
0.27264705
1.6884984
0.60003614
0.49374095
1.3653612
0.81687826
0.92742515
1.2548143
2.1264346
0.055804953
2.0158875
1.1442673
1.3611094
1.4716563
2.0158875
1.2548143
1.7947936
0.81687826
2.4495716
0.92742515
2.6664138
1.2505624
1.7947936
2.6664138
2.3390248
2.0116355
3.1000981
2.228478
2.228478
2.0116355
2.6664138
0.4894892
1.6884984
1.2548143
0.38319403
0.06005676
-1.0241537
-1.67468
-0.041986585
-1.0241537
-0.80731165
0.3874458
1.6927503
2.2327297
3.9674666
4.724288
5.9190454
4.720036
5.0474253
4.503194
4.830583
4.2863517
3.7463725
3.7463725
0.81687826
0.27689886
-2.6525953
-3.515712
-4.3830805
-5.577838
-5.2504487
-3.8388493
-2.754639
-1.3430393
-2.1083643
-0.58621776
0.17060372
1.7990454
2.0116355
3.0958462
4.180057
4.2863517
5.268519
4.503194
2.8747523
2.44532
1.5779516
1.1442673
0.92742515
1.0379721
0.71483487
0.17485553
-1.0241537
-2.5463004
-0.8030599
-1.5641332
-1.1304489
-1.7852271
-0.04623839
-0.15678534
0.06005676
-0.37787926
0.82113004
-0.2673323
-0.2673323
-0.8115635
0.06005676
-0.2673323
0.7105831
0.16635191
0.82113004
0.7105831
1.2548143
0.49374095
0.92742515
0.7105831
-0.37362745
1.5822034
1.0379721
-0.59046954
0.06430857
-0.91785866
-0.80731165
0.06430857
-0.37362745
-1.568385
-0.37362745
-1.1347008
-0.15678534
0.6042879
0.06005676
-0.4841744
-0.2673323
-1.0284055
0.17060372
-0.050490197
0.49374095
0.06005676
-0.15678534
0.71483487
-0.37362745
-0.91785866
-0.4841744
-0.4841744
0.49374095
0.6042879
1.0379721
0.055804953
0.06005676
-0.050490197
-0.59046954
0.3874458
0.06005676
-1.0284055
1.0422239
-0.2630805
-0.59046954
-0.6967647
-0.6967647
-1.2409959
-1.2409959
-0.8030599
-0.2630805
-0.36937565
-1.4578379
-0.9136068
-1.2409959
-0.9136068
-0.58621776
-0.9136068
-0.04623839
0.3874458
0.17060372
-0.15678534
0.06005676
1.3653612
0.3874458
0.28115067
-0.04623839
-1.0241537
-0.59046954
-1.1304489
-0.4756708
-1.347291
-1.67468
-2.7631423
-1.5641332
-1.5641332
-1.7809752
-0.58621776
-1.891522
-1.67468
-0.8030599
-1.568385
-0.6967647
-0.36937565
-0.36937565
0.3874458
-0.37362745
0.3874458
-0.37362745
0.49374095
-0.4841744
0.17060372
-0.59046954
-1.3515428
-0.2630805
-2.0020692
-1.67468
-0.58621776
-2.3252065
-1.2409959
-2.0020692
-1.0199019
-0.9136068
-1.7809752
-1.1304489
-1.4578379
-2.0020692
-1.347291
-0.6967647
-1.568385
-0.59046954
-0.9136068
-1.568385
-0.36937565
-1.1304489
-1.1304489
-1.0241537
-0.59046954
0.17060372
-0.4841744
0.17060372
-0.7010165
-1.3515428
-0.15253355
-1.568385
-1.67468
-0.9136068
-0.9136068
-0.6967647
-1.3515428
-0.6967647
-1.568385
-1.568385
-1.347291
-1.347291
-1.891522
-1.7809752
-1.347291
-1.7852271
-0.15253355
-0.8030599
-1.4578379
-1.3515428
-2.112616
-0.2630805
-0.4841744
-0.04623839
-0.2630805
-1.2409959
-0.041986585
-1.347291
-1.4578379
-1.1304489
-1.0241537
-1.4578379
-0.15253355
-0.47992262
-0.80731165
-0.80731165
-0.47992262
-1.1304489
-1.891522
-1.1304489
-0.8030599
-0.6967647
-0.15253355
-0.15678534
-1.2409959
1.0422239
-0.80731165
0.28115067
-0.59046954
-1.7852271
-1.0241537
-1.1304489
-0.8030599
-1.1304489
-1.67468
-0.4756708
-1.67468
-1.347291
-1.2409959
-0.36937565
-0.59046954
-2.0020692
-0.58621776
-0.47992262
-0.47992262
-0.58621776
-0.80731165
-0.2630805
0.8253819
-0.59046954
0.06005676
0.17060372
-0.37362745
0.6042879
-1.3515428
-0.80731165
-0.80731165
-1.0241537
0.28115067
-1.4578379
-0.6967647
-1.2409959
-1.0241537
-0.2630805
-1.0241537
-0.47992262
-0.2630805
-1.1347008
0.06430857
-1.4578379
-1.568385
-0.041986585
-1.0199019
0.17485553
0.17485553
0.06430857
-0.47992262
-0.2630805
-0.9136068
-0.91785866
-0.04623839
-0.04623839
0.17060372
-1.568385
0.6085397
-1.0241537
-1.568385
0.17485553
-1.0241537
-1.0241537
-0.58621776
-0.36937565
0.06430857
-0.6967647
-1.1304489
0.17485553
-1.2409959
0.28540248
-0.58621776
-1.1304489
0.28540248
-1.4578379
-1.1304489
-0.47992262
-0.6967647
-0.47992262
-0.59046954
-0.6967647
0.39169762
-0.80731165
0.71483487
0.28115067
-0.47992262
-0.36937565
-0.2630805
0.06430857
0.28115067
-1.0284055
0.6085397
-0.47992262
-0.59046954
-0.2630805
-0.59046954
-1.0241537
-0.47992262
0.17485553
-0.36937565
-0.15253355
0.06430857
0.06430857
0.06430857
0.49799278
-0.2630805
0.28115067
-0.7010165
0.06430857
0.28115067
-0.80731165
-0.15253355
-0.80731165
0.06430857
-1.3515428
-0.15253355
-0.58621776
-0.6967647
-0.36937565
-1.0199019
-0.2630805
-0.9136068
-0.15253355
0.28115067
-0.9136068
0.39169762
-0.47992262
-0.2630805
0.06430857
-0.4756708
-0.36937565
-0.6967647
-0.041986585
-0.36937565
-0.9136068
0.5022446
-1.0199019
-0.6967647
-0.36937565
-0.9136068
-0.47992262
-1.2409959
-0.36937565
0.28115067
-0.2588287
0.5022446
0.39169762
0.39169762
-0.2630805
-0.2630805
0.06430857
1.1527709
0.17485553
0.17060372
-0.2630805
0.8253819
0.17060372
-0.36937565
0.39169762
0.7190867
-0.36937565
-0.041986585
0.39169762
-0.47992262
1.1527709
0.17485553
1.369613
0.8253819
0.49799278
0.17060372
-0.04623839
1.0422239
0.17060372
0.8253819
0.9316769
1.8032973
1.259066
1.3653612
1.8032973
2.0201392
1.6927503
1.1485192
1.259066
1.5822034
1.3653612
1.9095924
1.5864551
1.1485192
1.4759082
1.0422239
1.8032973
0.6042879
1.6927503
1.6927503
1.0422239
1.5822034
1.1485192
2.0201392
1.8032973
2.3475285
1.6927503
1.4759082
2.0201392
0.6042879
1.8032973
1.259066
2.1306863
1.6927503
1.4759082
2.0201392
1.259066
2.8917594
2.1306863
0.9316769
1.697002
1.369613
1.369613
1.1527709
1.0464758
1.369613
0.93592876
0.17485553
1.48016
-0.041986585
1.0464758
-0.041986585
0.06856038
0.5022446
-0.15253355
0.7190867
2.5643704
2.3475285
2.0201392
2.6749175
3.0023065
1.5864551
3.5465376
1.48016
0.5022446
-0.037734777
-1.4535861
-0.47141898
-1.236744
-1.5641332
-1.0241537
-0.37362745
1.6927503
1.5822034
2.0158875
3.4317389
2.8875077
3.8654232
2.7812126
2.9980547
2.2369814
2.8917594
2.6706657
2.5643704
2.7812126
1.7990454
2.8875077
2.4538236
2.4538236
2.5643704
3.1043499
2.6706657
2.9980547
3.6485808
4.409654
2.4538236
3.4317389
2.6706657
2.0201392
2.4538236
2.5643704
2.1306863
0.93592876
1.1527709
1.0422239
1.3653612
2.8917594
2.6706657
2.8875077
3.97597
4.2991076
5.0601807
5.6001596
5.0601807
4.9538856
3.4317389
3.3254437
2.3475285
1.5864551
2.6749175
2.8917594
2.5643704
1.4759082
2.2369814
2.3475285
2.0201392
2.5601187
4.197064
3.97597
3.97597
4.409654
3.542286
4.303359
2.9980547
2.6749175
3.3254437
1.9095924
2.2369814
2.9980547
2.0201392
2.4538236
2.7812126
2.2369814
2.6706657
3.1043499
3.97597
3.8654232
4.2991076
3.8654232
4.626497
3.9717183
6.038096
4.9496336
5.38757
4.9496336
4.9538856
4.192812
4.626497
3.8654232
3.97597
2.9980547
3.97597
3.5380342
3.6485808
3.7548761
4.0822654
4.7327914
4.5159492
5.493865
4.1885605
5.7107067
5.166476
5.383318
5.821254
5.0601807
3.8611712
4.9538856
4.0822654
4.8433385
5.604412
4.5159492
5.604412
4.626497
5.604412
5.0601807
4.7327914
5.0601807
3.5380342
4.5159492
4.5159492
4.2991076
5.493865
4.0822654
5.277023
5.821254
5.604412
5.0601807
5.1707273
4.8433385
5.38757
4.409654
5.0601807
4.7370434
4.8475904
4.626497
4.520201
4.520201
4.626497
4.0822654
4.0822654
3.6485808
4.9538856
4.2991076
4.520201
4.626497
4.8433385
4.9538856
4.8433385
4.7370434
5.7149587
4.2991076
4.2991076
5.0601807
4.8475904
5.604412
5.0601807
4.8433385
4.8433385
4.7327914
4.7370434
4.409654
4.2991076
5.2812743
5.7149587
4.626497
4.192812
5.38757
4.192812
4.409654
5.1707273
5.3918214
5.931801
4.7370434
6.148643
4.409654
5.1707273
4.626497
4.7370434
4.7370434
5.7149587
4.2991076
5.38757
4.5159492
4.192812
5.1707273
3.8654232
5.0601807
4.409654
4.303359
3.6485808
4.192812
4.6307483
3.7591279
3.1043499
3.542286
3.8654232
3.542286
4.192812
4.520201
3.97597
3.7591279
4.520201
3.214897
4.086517
4.520201
3.3254437
3.7591279
3.869675
3.214897
3.652833
4.086517
3.1086018
3.652833
3.4359908
3.652833
3.869675
3.1086018
3.4359908
2.5643704
3.5465376
2.6749175
3.5465376
3.7633796
2.3475285
2.6749175
3.4359908
3.1086018
3.2191486
2.2369814
2.2369814
2.8917594
3.9802217
2.6749175
2.8917594
3.2191486
3.4359908
2.8917594
2.7854645
2.7854645
3.1086018
4.090769
2.5643704
4.090769
3.3296955
3.0023065
3.0023065
3.0023065
3.0023065
2.3475285
2.8917594
2.7854645
2.7854645
3.1128535
2.6749175
3.7633796
2.6749175
2.1306863
2.4580753
2.568622
3.0023065
2.2412333
2.3517802
2.3517802
2.568622
2.568622
2.462327
2.8960114
1.1570227
2.462327
1.2675697
1.1570227
1.9180961
0.9401806
1.4844118
1.2675697
1.8118008
1.0507276
0.5064964
0.5064964
1.5949587
0.83388543
0.83388543
1.1612744
0.07281218
0.6170434
-0.14402993
1.1612744
0.5064964
0.83388543
0.5064964
0.5064964
0.5064964
0.18335913
-0.14402993
0.5107482
-1.0156502
-0.9051032
-0.57771415
-0.6882611
-0.03348297
-0.47141898
0.40020123
-0.14402993
-0.57771415
0.5107482
-1.3387874
0.2939061
-0.9051032
-1.0113984
-0.46716717
0.2939061
-0.9051032
0.7275903
-0.6882611
-0.9051032
-0.03348297
-1.1219453
-0.36087203
-0.79455626
-0.79455626
-0.90085137
0.077063985
-1.0113984
-1.1219453
-1.1219453
-0.25032508
-1.1219453
-0.90085137
-1.1219453
-1.3345356
-1.1176934
-1.5513777
-2.0956087
-0.7903044
-1.8787668
-1.6619247
-0.35662022
-1.8787668
-2.0998607
-0.68400925
-1.5513777
-1.8787668
-0.8965996
-1.9850619
-2.3124511
-2.750387
-1.7682198
-1.3387874
-2.2061558
-1.1176934
-1.6619247
-1.6619247
-2.856682
-1.3345356
-1.4450827
-3.0735242
-2.529293
-1.2239887
-2.0956087
-1.0071466
-2.7461352
-1.7682198
-2.422998
-1.9850619
-2.0956087
-2.6398401
-1.7682198
-2.529293
-2.2061558
-1.8787668
-1.2239887
-1.2239887
-2.529293
-1.657673
-2.422998
-1.3345356
-2.2061558
-2.0956087
-2.2061558
-2.856682
-1.2239887
-1.7682198
-1.2239887
-2.856682
-2.3124511
-2.0956087
-2.529293
-1.9850619
-2.856682
-1.9850619
-3.4009135
-2.201904
-2.422998
-2.856682
-2.856682
-3.1840713
-1.2239887
-2.201904
-1.8787668
-3.0735242
-2.3124511
-2.529293
-1.6619247
-2.0956087
-1.7682198
-1.7682198
-1.7682198
-2.3124511
-2.3124511
-1.7682198
-2.3124511
-2.3124511
-2.3124511
-1.7682198
-2.2061558
-2.0956087
-2.3124511
-2.3124511
-2.3124511
-2.2061558
-1.6619247
-1.8787668
-1.5513777
-2.0956087
-1.1176934
-2.0956087
-2.422998
-2.2061558
-2.422998
-1.7682198
-1.9850619
-2.6398401
-2.0956087
-3.0735242
-2.529293
-1.3345356
-2.422998
-1.8787668
-2.0956087
-2.422998
-1.3345356
-2.3124511
-1.0071466
-2.9672291
-1.2282405
-2.3167028
-1.9893138
-0.90085137
-2.2061558
-1.4450827
-0.68400925
-2.0998607
-0.25032508
-1.6619247
-2.5335448
-0.68400925
-1.8830186
-1.0113984
-1.2282405
-2.0998607
-1.4450827
-1.9893138
-2.422998
-1.4450827
-2.6398401
-1.9893138
-1.5556295
-1.6619247
-1.0113984
-1.0113984
-1.5556295
-0.90085137
-0.57771415
-1.2282405
-0.90085137
-1.2282405
-0.79455626
-1.5556295
-1.2324922
-2.4272497
-1.2282405
-0.79455626
-1.8830186
-0.68400925
-1.8830186
-1.2282405
-1.4450827
-2.2061558
-1.5556295
-0.90085137
-2.2061558
-1.3345356
-0.5734623
-1.7724715
-1.2282405
-2.422998
-1.0113984
-1.2282405
-2.0998607
-1.2282405
-2.2061558
-1.0113984
-1.6619247
-1.7724715
-1.1176934
-0.90085137
-1.4450827
-1.2282405
-1.8830186
-1.2282405
-1.1219453
-1.9893138
-1.7724715
-1.3387874
-1.6661764
-0.68400925
-1.0113984
-1.5556295
-1.6619247
-1.9893138
-1.7724715
-1.1219453
-1.2282405
-1.2282405
-1.0113984
-1.3387874
-1.6661764
-0.79455626
-1.1219453
-1.3387874
-0.79455626
-1.6661764
-0.57771415
-0.9051032
-0.03348297
-0.9051032
-1.0156502
-0.2545769
-0.6882611
0.07281218
-0.5819659
-0.5819659
-0.79880804
0.5064964
-0.9051032
-0.5819659
-0.79880804
-0.36512384
-0.79880804
0.40020123
-1.4535861
0.28965428
-0.6882611
-0.36512384
-0.6882611
-0.037734777
0.17910734
0.17910734
-1.1261971
0.39594942
-0.5819659
-0.36512384
-0.5819659
-0.037734777
-0.5819659
0.61279154
0.06856038
-0.36512384
0.06856038
0.7233385
0.28540248
0.83388543
0.9401806
0.7233385
0.39594942
0.39594942
0.7233385
-0.36512384
-0.2545769
-0.36512384
-0.4756708
-0.36512384
0.28965428
-1.1261971
-0.14828174
0.28965428
-0.47141898
0.28965428
-0.4756708
-0.2545769
-0.36512384
0.06856038
-0.037734777
0.7233385
0.17910734
0.17910734
-0.037734777
0.61279154
-0.2588287
0.06856038
-0.36512384
0.39594942
0.61279154
0.5022446
-0.14828174
-0.36512384
0.9401806
0.5022446
0.5022446
0.9401806
0.06856038
-0.2588287
0.5022446
-0.2588287
0.8296336
0.8296336
0.93592876
-0.041986585
1.0464758
1.0464758
0.7190867
1.5907068
0.06856038
1.48016
1.0422239
0.39169762
0.7190867
1.48016
1.48016
1.5907068
0.39169762
0.93592876
0.8253819
1.697002
1.369613
1.0422239
-0.04623839
1.369613
1.369613
1.9138441
1.259066
1.369613
1.697002
1.0422239
1.369613
1.0422239
1.697002
1.0422239
1.697002
1.369613
1.0422239
2.4580753
1.8032973
2.6749175
1.697002
1.8032973
2.1306863
2.0201392
1.4759082
1.6927503
1.4759082
2.3475285
1.4759082
0.8253819
1.8032973
1.9095924
1.6927503
1.4759082
1.9138441
2.2369814
0.9316769
2.2369814
1.6927503
1.6927503
2.8917594
1.9095924
2.2369814
2.1264346
1.3653612
3.214897
2.0158875
2.2369814
2.6706657
2.4538236
2.6706657
2.9980547
2.4538236
2.3432765
2.7812126
3.321192
2.7769608
3.321192
3.321192
2.5601187
3.5380342
3.1043499
3.7548761
2.5601187
2.7769608
2.993803
2.993803
4.2991076
3.3169398
4.0780134
3.5380342
4.6222444
2.883256
3.8611712
2.555867
3.1000981
4.405402
3.3169398
4.405402
4.0780134
3.4232354
2.989551
4.405402
3.8611712
3.0958462
4.405402
4.0780134
3.4274871
4.1843085
3.9717183
3.8611712
4.0780134
3.5337825
4.405402
4.0780134
3.644329
3.8611712
3.2063932
3.8611712
4.6222444
4.2991076
4.405402
3.7548761
3.644329
3.210645
4.1885605
3.4232354
3.8611712
4.6222444
4.1885605
4.6222444
3.644329
3.9717183
3.8611712
3.644329
3.8611712
3.2063932
3.644329
4.0780134
3.2063932
3.4274871
4.0780134
4.0822654
3.8611712
2.6664138
3.7548761
4.5159492
3.9717183
4.8390865
2.883256
3.5337825
3.1000981
3.9717183
3.3169398
3.9717183
4.1885605
3.2063932
3.8611712
3.9674666
4.405402
3.9674666
3.8611712
3.7506244
4.2948556
4.6222444
3.3169398
4.9496336
3.5337825
4.6222444
4.6222444
3.8569195
4.8390865
3.9674666
5.055929
4.9453816
4.8390865
3.8569195
5.383318
4.4011507
3.5337825
4.8390865
4.511698
4.511698
4.72854
4.2906036
4.617993
4.9453816
4.72854
4.511698
4.617993
5.272771
3.7506244
4.72854
4.9453816
4.1843085
4.617993
4.4011507
3.9674666
4.4011507
4.617993
5.055929
4.9453816
3.6400774
4.511698
3.9674666
3.6400774
4.2948556
3.8611712
4.511698
3.9674666
4.2948556
3.3169398
3.2063932
4.72854
3.5337825
3.9674666
4.2948556
3.210645
3.8611712
2.883256
4.405402
3.644329
3.8611712
3.3169398
3.1000981
3.3169398
2.228478
3.5337825
3.7548761
3.4274871
3.3169398
3.644329
3.644329
3.4274871
3.4274871
4.6222444
2.772709
4.1885605
3.3169398
3.644329
4.405402
4.1885605
3.210645
3.5337825
3.9717183
3.3169398
3.4274871
3.8611712
3.4274871
3.7506244
4.0780134
3.644329
5.055929
4.1843085
4.511698
4.1843085
3.5337825
4.511698
3.8611712
3.7506244
4.8390865
3.2063932
3.312688
4.2948556
4.0780134
4.8390865
3.9674666
4.0780134
4.0780134
4.2948556
4.4011507
3.644329
4.8390865
3.4232354
3.8611712
3.8569195
3.9674666
5.166476
3.6400774
3.312688
4.8390865
3.6400774
3.4232354
4.0780134
3.7506244
3.7506244
4.0780134
3.8611712
3.4232354
3.9674666
3.4232354
4.405402
4.0780134
2.555867
4.405402
4.0780134
3.3169398
3.5337825
3.8611712
3.644329
3.8611712
3.7506244
2.883256
3.5380342
3.4274871
3.7548761
2.993803
2.993803
2.6664138
2.555867
2.4495716
2.6664138
2.993803
2.555867
1.7947936
2.993803
4.0822654
2.3390248
2.993803
2.993803
3.1043499
3.210645
2.883256
3.644329
3.1000981
3.5337825
3.5380342
3.3169398
2.44532
3.1000981
3.1000981
3.3169398
3.7548761
2.2327297
2.6664138
3.4274871
2.555867
3.4274871
3.3169398
3.7548761
3.8611712
3.3169398
3.7548761
4.0780134
3.1000981
3.4274871
2.772709
2.883256
4.1885605
2.772709
3.2063932
4.0780134
2.989551
4.2948556
2.879004
4.0780134
4.511698
3.2063932
4.405402
2.989551
4.0780134
3.9674666
3.3169398
3.4232354
2.772709
3.3169398
2.772709
3.1000981
3.1000981
3.5337825
2.772709
3.4274871
2.772709
2.3390248
4.0780134
3.3169398
3.7548761
3.3169398
2.228478
3.644329
2.883256
2.6664138
3.4274871
3.210645
3.3169398
2.0116355
2.993803
2.555867
2.6664138
3.7548761
3.1000981
2.662162
3.5337825
2.228478
3.3169398
1.7947936
3.210645
3.210645
1.9053404
2.883256
1.3611094
2.555867
2.3390248
1.9053404
2.883256
2.3390248
3.7548761
2.6664138
2.228478
3.644329
3.1000981
2.989551
3.8611712
2.772709
3.1000981
2.0116355
3.5337825
3.3169398
3.4232354
3.5337825
3.4232354
2.879004
3.2063932
3.7506244
3.8611712
3.7506244
2.44532
3.4232354
2.772709
3.3169398
4.2948556
3.8569195
3.4232354
3.9674666
3.4232354
3.4232354
3.7506244
3.7506244
2.44532
3.1000981
2.989551
3.9674666
4.511698
3.7506244
3.312688
2.989551
4.1843085
3.4232354
3.9674666
3.644329
3.2063932
3.6400774
4.8390865
3.6400774
3.9632149
4.4011507
3.312688
3.7506244
3.4232354
3.7506244
4.1843085
3.7548761
2.989551
2.662162
2.44532
4.0780134
3.7506244
4.0780134
2.44532
4.1885605
2.989551
4.511698
2.879004
4.1843085
4.2948556
3.7506244
2.879004
4.72854
3.9674666
4.617993
3.4232354
4.0737615
3.5337825
4.0737615
3.5295303
3.8569195
3.6400774
4.72854
3.6400774
4.0780134
4.72854
3.9674666
3.7506244
4.511698
3.4232354
3.9674666
3.6400774
4.1843085
3.2021413
3.8569195
3.8569195
4.1843085
4.617993
3.9632149
3.9674666
4.4011507
4.0737615
4.72854
4.1843085
4.617993
4.2906036
5.489613
4.507446
4.2906036
4.507446
4.8348346
3.9632149
4.724288
3.8569195
4.2906036
4.180057
4.8348346
5.3748145
4.94113
5.8127503
4.613741
4.180057
3.9632149
3.6358256
4.9453816
4.0737615
4.2906036
4.180057
4.617993
4.180057
4.724288
3.4189837
5.0516768
4.2906036
3.9632149
4.8348346
3.312688
4.617993
3.5295303
4.2906036
4.2906036
3.7463725
5.379066
4.1843085
4.2906036
4.613741
4.0737615
4.617993
3.8569195
4.72854
5.0516768
4.4011507
4.0737615
4.8348346
4.0737615
3.9674666
3.5295303
4.617993
4.4011507
3.0958462
3.7506244
4.2906036
3.7506244
4.1843085
2.3347728
3.4232354
4.1843085
2.662162
3.9674666
4.2948556
4.0737615
3.3169398
2.879004
3.312688
4.8390865
3.4232354
3.7506244
3.7506244
2.879004
4.511698
2.7684572
3.5295303
4.72854
3.0958462
4.72854
3.9674666
3.2063932
4.1843085
3.2063932
3.4232354
3.7506244
2.662162
3.0958462
4.1843085
3.0958462
4.2906036
3.7463725
3.4232354
4.2906036
4.0737615
3.0958462
3.0958462
3.0958462
4.0737615
3.2063932
4.2948556
3.312688
3.1000981
3.7463725
2.3347728
4.4011507
3.0958462
2.989551
3.4232354
2.879004
2.44532
3.644329
3.5337825
2.772709
2.989551
2.662162
3.3169398
3.5337825
2.989551
2.662162
2.989551
2.3390248
2.772709
1.4674045
2.4495716
1.7947936
1.7947936
2.555867
2.3390248
2.228478
1.5779516
1.3611094
2.772709
0.27264705
1.5822034
0.7105831
1.2548143
1.1442673
0.60003614
1.4716563
0.38319403
1.9095924
0.60003614
0.60003614
1.4716563
0.38319403
1.5822034
1.1442673
1.6884984
1.0337203
1.4716563
0.7105831
0.27264705
1.7990454
0.60003614
2.0158875
1.3611094
1.3611094
0.60003614
0.7105831
1.9053404
1.6884984
1.4716563
1.9053404
1.0337203
1.3611094
1.9053404
0.27264705
1.2505624
1.7947936
0.4894892
2.0158875
0.81687826
0.27264705
2.1264346
0.81687826
1.6884984
0.92742515
1.4716563
1.2505624
1.1442673
1.4716563
1.9053404
0.81687826
1.6884984
1.1442673
0.7105831
1.5779516
0.27264705
0.60003614
1.1442673
1.0337203
1.6884984
0.27264705
2.0158875
0.7105831
1.0379721
1.4716563
0.92742515
0.38319403
0.38319403
0.82113004
0.16635191
0.16635191
0.60003614
0.82113004
-0.16103715
1.0379721
1.0379721
0.38319403
1.0379721
1.0379721
0.16635191
0.38319403
-0.16103715
0.38319403
0.38319403
0.16635191
1.3653612
-0.16103715
0.16635191
-0.2673323
-0.5947214
0.6042879
0.06005676
-0.7010165
0.49374095
-0.15678534
0.27689886
-0.5947214
0.27689886
-0.050490197
0.49374095
0.3874458
0.49374095
-0.37787926
0.9316769
-0.2673323
-1.0284055
0.6042879
0.9316769
-0.37787926
1.0379721
-0.37787926
0.16635191
-0.5947214
0.06005676
0.06005676
0.06005676
0.71483487
0.27689886
-0.91785866
-0.59046954
0.3874458
-1.0284055
0.06005676
-0.15678534
-0.050490197
-0.050490197
-0.4841744
-0.4841744
0.17060372
0.16635191
-0.2673323
0.27689886
0.82113004
-0.2673323
1.2548143
0.16635191
-0.5947214
-0.37787926
-0.7010165
0.06005676
-0.8115635
-0.7010165
0.06005676
-1.0284055
-0.15678534
-1.678932
-1.2452477
-0.4841744
-0.37362745
-0.2630805
-0.5947214
-1.7894788
-0.6967647
-1.1347008
-1.678932
-0.47992262
-2.0020692
-1.678932
-1.7852271
-1.67468
-1.4578379
-1.2409959
-2.4357533
-1.9978173
-3.4136686
-1.7809752
-2.0020692
-1.7809752
-1.347291
-2.4357533
-2.2189112
-2.6525953
-2.6525953
-2.8694377
-1.347291
-2.3252065
-2.5420485
-1.9978173
-2.5420485
-1.891522
-1.347291
-2.7631423
-1.67468
-1.891522
-2.1083643
-2.2189112
-2.2189112
-2.3252065
-1.7852271
-1.7852271
-2.4357533
-1.4578379
-1.67468
-2.1083643
-1.891522
-1.7809752
-1.891522
-1.67468
-2.3294582
-1.4578379
-2.3294582
-0.9136068
-1.1304489
-1.67468
-1.568385
-1.67468
-2.112616
-0.58621776
-1.67468
-1.891522
-1.1304489
-1.4578379
-1.5641332
-1.891522
-1.7852271
-2.4357533
-1.1304489
-0.9136068
-1.1304489
-1.67468
-2.3294582
-2.2189112
-3.0905313
-2.3252065
-2.4357533
-2.9799845
-1.891522
-1.7809752
-2.6525953
-2.6525953
-2.3252065
-2.8694377
-1.5598813
-3.0862796
-3.1968267
-1.9978173
-2.9799845
-3.7410579
-2.7588906
-3.6305108
-2.5420485
-2.2146595
-3.192575
-2.7588906
-2.5420485
-2.8694377
-2.2146595
-2.4315016
-3.6305108
-2.5420485
-2.7588906
-3.0862796
-2.9757328
-2.5420485
-2.6525953
-3.4136686
-3.303122
-2.7588906
-2.7588906
-2.6483436
-2.4315016
-3.192575
-3.519964
-2.4315016
-2.7588906
-2.5420485
-2.4315016
-2.5420485
-2.5420485
-3.0862796
-2.8694377
-3.303122
-2.7588906
-2.9757328
-3.9578998
-3.4136686
-3.0862796
-3.0862796
-2.9799845
-2.9757328
-2.3252065
-3.6305108
-3.0862796
-3.7410579
-2.7588906
-1.6704283
-2.7588906
-2.5420485
-3.5242157
-2.2146595
-3.1968267
-2.3252065
-3.303122
-2.7588906
-3.409417
-3.192575
-4.1704903
-3.519964
-3.192575
-3.7368062
-4.1747417
-3.409417
-2.7588906
-4.1747417
-4.4978795
-3.7368062
-3.953648
-4.2810373
-3.7368062
-3.626259
-3.192575
-3.843101
-3.2988698
-4.064195
-3.192575
-3.519964
-3.843101
-2.3209546
-3.7325544
-3.626259
-4.1662383
-4.604174
-4.8210163
-3.2988698
-4.604174
-3.515712
-4.4978795
-4.8210163
-4.2767854
-4.3830805
-3.6220074
-5.58209
-4.1662383
-4.1662383
-4.9315634
-4.1662383
-4.3873324
-3.7325544
-4.9315634
-3.515712
-4.604174
-3.0820277
-4.604174
-3.192575
-4.059943
-4.059943
-3.9493964
-4.059943
-3.0820277
-4.2810373
-3.626259
-3.843101
-3.9493964
-4.1704903
-4.2810373
-3.953648
-2.8651857
-4.4978795
-4.064195
-3.626259
-3.953648
-2.8651857
-3.8473527
-3.953648
-3.192575
-4.1704903
-3.192575
-3.519964
-3.519964
-3.192575
-2.9757328
-3.519964
-3.0862796
-3.409417
-4.391584
-2.5420485
-3.303122
-2.5420485
-4.1704903
-4.608426
-2.8651857
-3.626259
-3.2988698
-3.409417
-3.953648
-4.1704903
-4.2767854
-3.515712
-4.604174
-5.0378585
-4.8210163
-4.604174
-4.3873324
-4.2767854
-3.9493964
-4.604174
-4.2767854
-4.927312
-4.7104697
-4.816765
-5.7989316
-4.2767854
-4.1662383
-4.7104697
-5.58209
-5.471543
-4.927312
-6.1220694
-6.2326164
-6.2326164
-6.0115223
-5.577838
-4.92306
-5.905227
-4.706218
-5.577838
-5.144154
-4.5999227
-5.688385
-4.927312
-4.816765
-5.905227
-5.58209
-5.688385
-4.816765
-4.927312
-4.1662383
-5.144154
-4.3873324
-3.7325544
-4.059943
-5.0378585
-4.604174
-4.4936275
-4.2767854
-3.626259
-5.0378585
-4.2767854
-5.2589526
-4.9315634
-3.7325544
-4.4936275
-4.604174
-4.3830805
-4.8210163
-3.188323
-4.8210163
-4.2767854
-3.9493964
-4.604174
-3.188323
-3.843101
-4.4978795
-3.2988698
-3.2988698
-2.6483436
-3.626259
-3.192575
-3.626259
-3.953648
-2.6483436
-3.519964
-2.754639
-3.626259
-4.059943
-3.8473527
-4.3873324
-3.953648
-3.0820277
-4.3873324
-4.059943
-3.953648
-3.843101
-3.626259
-3.626259
-3.0820277
-2.8651857
-2.5377967
-3.626259
-4.604174
-3.515712
-2.9714808
-3.192575
-3.0820277
-3.2988698
-4.3873324
-2.8651857
-3.409417
-3.953648
-3.192575
-4.2767854
-3.843101
-3.7325544
-5.1484056
-3.6220074
-3.4051652
-4.3873324
-2.754639
-3.2988698
-4.2810373
-4.059943
-2.9714808
-3.515712
-3.2988698
-3.626259
-3.7368062
-3.2988698
-2.754639
-2.8651857
-3.0862796
-2.9757328
-3.519964
-2.6483436
-2.1041124
-3.409417
-2.7588906
-2.2146595
-3.0862796
-2.8694377
-2.1041124
-2.5420485
-2.5420485
-1.9978173
-1.9978173
-2.2146595
-1.9978173
-2.1083643
-2.2146595
-1.7809752
-2.3252065
-2.6525953
-2.5420485
-2.6525953
-2.7631423
-1.4535861
-2.8694377
-1.5641332
-2.4357533
-2.1083643
-1.7809752
-2.6525953
-2.6525953
-2.1083643
-2.4357533
-1.347291
-1.5641332
-1.7852271
-2.4357533
-2.3294582
-2.7631423
-1.236744
-2.0020692
-2.3252065
-1.7809752
-2.3252065
-2.4357533
-2.1083643
-0.8030599
-2.8694377
-2.6525953
-2.6525953
-3.0862796
-2.7588906
-2.4357533
-2.7588906
-2.3252065
-2.5420485
-2.6483436
-2.5420485
-1.1261971
-2.6525953
-2.5420485
-2.2146595
-2.8694377
-1.6704283
-2.5420485
-1.9978173
-3.409417
-2.2146595
-2.9757328
-2.2146595
-2.7588906
-2.4315016
-2.1041124
-2.8694377
-2.5420485
-3.192575
-2.2146595
-2.2146595
-3.1968267
-3.303122
-2.1041124
-2.5420485
-3.0862796
-2.7588906
-2.4315016
-2.3252065
-1.1261971
-2.8694377
-2.9799845
-1.9978173
-1.1261971
-2.1083643
-1.347291
-1.7809752
-2.0020692
-2.6525953
-0.90935504
-2.4357533
-1.9978173
-2.3252065
-1.891522
-2.1083643
-1.236744
-1.236744
-2.3252065
-2.1083643
-1.347291
-1.236744
-2.2146595
-1.236744
-2.4357533
-2.4357533
-1.0199019
-2.0020692
-1.891522
-1.1304489
-1.347291
-2.2189112
-0.8030599
-2.0020692
-0.9136068
-1.2409959
-1.347291
-1.1304489
-1.4578379
-1.1304489
-0.36937565
-1.1304489
-1.891522
-1.0199019
-1.5641332
-1.347291
-1.4578379
-0.8030599
-0.8030599
-1.2409959
-1.5641332
-1.1304489
-0.36937565
-0.8030599
-1.895774
-0.58621776
-1.2409959
-1.347291
-1.568385
-0.8030599
-2.4357533
-0.58621776
-0.9136068
-1.67468
-1.347291
-1.568385
-1.5641332
-1.891522
-1.0199019
-2.4357533
-1.347291
-1.236744
-1.9978173
-0.6925129
-1.0199019
-0.90935504
-1.7809752
-1.5641332
-1.7809752
-1.9978173
-0.90935504
-1.347291
-2.4357533
-0.6925129
-1.4578379
-1.7809752
-1.347291
-0.58621776
-1.1304489
-1.67468
-1.347291
-1.4535861
-1.7809752
-0.4756708
-1.347291
-2.5463004
-0.58621776
-1.1304489
-1.891522
-0.2588287
-1.1304489
-1.4578379
-1.0199019
-1.0199019
-1.347291
-0.9136068
-1.67468
-0.8030599
-0.6967647
-1.4578379
-1.347291
-0.2588287
-1.2409959
-0.8030599
-1.2409959
-1.2409959
-0.9136068
-0.36937565
-1.2409959
-0.58621776
-0.9136068
-1.7852271
-0.041986585
-0.47992262
-0.6967647
-0.58621776
-1.4578379
-1.4578379
-1.1304489
-0.4756708
-0.36937565
-1.4578379
-1.1304489
-1.1304489
-0.47992262
-0.9136068
-0.6967647
-1.7852271
-0.47992262
-0.36937565
-0.47992262
0.06430857
-0.47992262
-0.6967647
-0.58621776
-0.2630805
-0.58621776
-0.041986585
-0.80731165
-1.0241537
-0.80731165
-0.47992262
-1.568385
0.06430857
0.06430857
-0.2630805
0.28115067
0.17060372
0.17060372
0.6085397
0.17060372
-0.91785866
0.6085397
-0.8115635
-0.37362745
-0.04623839
-0.04623839
-0.4841744
0.17060372
0.49799278
-0.15678534
0.9316769
0.6042879
0.17060372
0.6042879
0.3874458
1.3653612
0.6042879
0.17060372
1.2548143
0.7105831
1.1485192
0.92742515
-0.15678534
1.259066
0.9316769
-0.050490197
1.4759082
0.17060372
0.17060372
1.1485192
0.17060372
0.3874458
1.0422239
-0.2673323
0.6042879
0.6042879
0.3874458
1.3653612
0.27689886
0.27689886
0.06005676
0.6042879
1.5864551
0.17060372
0.49799278
1.0422239
1.0422239
-0.04623839
0.3874458
0.6042879
0.71483487
0.6042879
0.9316769
0.06005676
1.1485192
0.6042879
0.9316769
0.3874458
-0.2673323
1.259066
0.17060372
1.259066
-0.37362745
1.259066
0.3874458
1.1485192
0.27689886
1.5864551
-0.04623839
0.28115067
0.49799278
-0.04623839
0.49799278
0.49799278
0.06005676
1.1485192
0.3874458
0.6042879
0.9316769
0.6042879
0.82113004
0.6042879
1.5822034
1.1485192
0.06005676
1.259066
0.9316769
1.5822034
1.0422239
1.259066
0.6042879
0.06005676
0.8253819
0.49799278
0.06005676
0.71483487
-0.2673323
1.0422239
0.28115067
0.71483487
0.49799278
0.17060372
0.17060372
0.3874458
0.06005676
0.71483487
-0.2630805
0.49799278
-0.7010165
0.6085397
-0.04623839
0.71483487
0.06430857
0.6085397
0.3874458
-0.4841744
1.5864551
0.8253819
-0.2630805
-0.2630805
0.28115067
0.06430857
0.8253819
0.06430857
0.39169762
-0.80731165
0.8253819
0.06430857
0.8253819
-0.15253355
0.06430857
-0.37362745
0.28115067
0.17485553
0.8253819
-0.36937565
-0.9136068
-0.6967647
-0.9136068
0.17485553
-0.2630805
0.06430857
0.6085397
-0.59046954
0.28115067
-0.47992262
0.8253819
-0.2630805
0.93592876
-0.80731165
-0.15253355
0.28115067
-0.15678534
0.28115067
0.8253819
-0.04623839
0.06430857
0.06430857
0.06430857
-0.47992262
-0.47992262
-0.58621776
-0.58621776
-0.4756708
-1.0241537
-0.36937565
-0.36937565
0.93592876
0.17485553
-0.36937565
-0.2630805
-0.9136068
0.17485553
0.17485553
-0.47992262
-0.2630805
-0.36937565
-0.80731165
-0.9136068
-0.2630805
-0.15253355
-0.58621776
0.17485553
-0.6967647
-0.2630805
0.06430857
-0.9136068
0.5022446
0.17485553
-1.67468
-0.2588287
-1.347291
-1.7809752
-1.236744
-1.4535861
-2.1083643
-0.36937565
-0.4756708
-0.8030599
0.7190867
-0.37362745
0.49799278
1.3653612
0.71483487
1.8032973
1.9095924
0.49374095
1.3653612
1.3653612
1.3653612
1.259066
1.1527709
-0.59046954
-0.6967647
-0.2588287
-1.6704283
-1.8872703
-1.3430393
-1.5641332
-1.347291
0.28115067
1.6927503
1.5822034
1.5822034
1.6884984
2.1221828
1.6884984
1.9095924
0.9316769
0.28115067
-0.9136068
-1.7809752
-1.6704283
-1.4535861
-1.236744
-1.0199019
0.17485553
1.0422239
1.1485192
2.1264346
1.5822034
2.0158875
2.7769608
3.9717183
3.5337825
3.3169398
3.9674666
2.879004
4.9453816
4.511698
2.989551
3.210645
2.44532
1.9095924
1.6927503
0.82113004
0.9316769
1.1485192
1.259066
1.0422239
1.3653612
1.4759082
2.4538236
2.2327297
2.3432765
2.3432765
2.883256
2.883256
2.989551
3.644329
3.8569195
3.9674666
3.9632149
4.724288
5.0516768
5.706455
4.0737615
5.162224
4.8348346
3.8569195
4.405402
2.989551
2.3390248
3.4274871
3.3169398
2.989551
2.44532
3.2063932
3.2063932
3.2063932
3.3169398
1.7947936
1.9053404
3.644329
2.44532
2.879004
4.511698
4.1843085
4.1843085
4.617993
4.4011507
5.268519
4.507446
4.9453816
4.0737615
3.312688
4.9453816
4.0737615
3.6400774
4.4011507
3.7506244
3.4232354
3.644329
3.6400774
2.772709
4.0780134
2.883256
3.7506244
3.8611712
2.883256
3.7506244
4.8390865
4.4011507
3.9674666
4.2948556
3.7506244
4.1843085
4.4011507
4.4011507
3.9674666
3.6400774
4.0737615
4.511698
3.9674666
3.8569195
4.2948556
4.8390865
4.0780134
3.7506244
3.9674666
3.4232354
3.7506244
4.511698
3.2063932
4.2948556
3.6400774
3.6400774
5.055929
4.9453816
3.9674666
4.511698
4.1843085
4.9453816
4.72854
5.162224
4.4011507
4.0737615
5.489613
4.617993
4.8348346
5.268519
5.4853616
5.379066
5.8127503
5.0516768
4.8348346
5.8127503
5.4853616
4.9453816
5.595908
5.9232974
5.9232974
4.507446
5.0516768
5.9232974
4.2906036
4.724288
5.379066
4.617993
5.268519
5.595908
5.4853616
5.9232974
5.268519
4.724288
5.4853616
4.94113
5.379066
5.4853616
5.8127503
5.4853616
5.7022033
6.029592
5.706455
4.94113
5.268519
5.379066
6.140139
5.3748145
5.595908
5.595908
5.1579723
5.4853616
5.8127503
5.4853616
5.1579723
6.4675283
6.029592
5.8127503
6.029592
6.029592
4.830583
6.029592
5.9190454
5.8127503
4.94113
5.268519
6.029592
6.1358876
5.8127503
6.6801186
7.007508
6.35273
5.8084984
6.35273
5.8084984
6.1358876
7.007508
6.4590244
6.8969607
6.8969607
6.348478
7.7685814
7.5474873
6.6801186
7.113803
6.5695715
6.0253406
7.551739
5.9190454
5.591656
6.5695715
6.6801186
6.6801186
6.0253406
7.7685814
6.4590244
6.0253406
6.7864137
6.2421827
6.8969607
6.4590244
6.7864137
7.6580343
7.220098
7.874876
7.4369397
7.5474873
7.764329
8.30856
7.653782
7.764329
7.003256
6.7821617
7.220098
7.003256
7.764329
7.4369397
7.220098
7.5474873
7.653782
7.653782
7.874876
7.764329
7.5474873
6.892709
7.4369397
7.4369397
6.7821617
7.870624
7.870624
7.653782
8.087466
7.220098
7.981171
8.521151
8.742245
8.631698
8.410604
8.304308
8.087466
7.870624
8.414855
8.304308
8.193762
9.392771
8.954835
8.737993
8.954835
9.499066
8.300056
9.282225
9.499066
8.844288
9.392771
8.521151
8.193762
9.065381
9.392771
8.954835
9.282225
10.149592
8.733741
10.476982
9.932751
8.844288
9.388519
8.844288
9.609612
9.171678
9.171678
9.282225
9.715908
9.388519
9.499066
9.499066
9.282225
8.627446
8.521151
8.737993
9.171678
8.193762
9.499066
8.627446
9.499066
8.954835
8.193762
8.631698
8.30856
8.742245
8.198013
6.56532
7.003256
7.220098
7.981171
7.8663726
8.193762
9.061131
8.844288
8.954835
9.609612
9.499066
8.521151
9.175928
7.981171
7.4369397
7.113803
7.330645
6.8969607
7.330645
7.653782
7.5474873
7.4369397
8.30856
8.852792
8.087466
7.764329
7.981171
7.764329
6.35273
6.8969607
6.6801186
6.35273
5.9190454
5.9190454
5.9190454
5.9190454
6.6801186
5.9190454
7.330645
7.764329
8.631698
7.870624
7.981171
7.3263927
7.760078
8.304308
8.635949
7.764329
6.7864137
7.6580343
7.113803
6.35273
6.463277
5.9190454
5.7022033
5.591656
4.94113
6.463277
6.2464347
6.6801186
7.441192
6.463277
6.35273
6.7864137
7.985423
7.220098
6.7864137
7.4369397
7.003256
6.7864137
7.330645
6.348478
5.8084984
6.2421827
6.35273
7.22435
6.1358876
5.9190454
6.8969607
6.35273
7.007508
5.481109
6.8969607
5.3748145
7.007508
5.8127503
6.029592
5.3748145
5.379066
5.4853616
6.140139
5.379066
5.379066
5.595908
4.94113
5.379066
5.8127503
5.379066
6.029592
6.029592
5.595908
5.268519
5.8127503
5.706455
5.1579723
5.268519
4.830583
5.595908
5.268519
5.4853616
6.0338445
4.617993
5.4853616
5.0516768
5.379066
5.595908
4.617993
4.1843085
4.9453816
4.617993
5.9232974
4.180057
5.0516768
4.8348346
4.613741
5.595908
5.0516768
5.9232974
5.9232974
5.489613
5.4853616
5.595908
5.379066
5.162224
4.8348346
4.8348346
4.617993
4.617993
5.489613
4.9453816
5.6001596
3.8569195
4.9453816
4.617993
4.8390865
4.4011507
4.4011507
5.162224
4.4011507
3.6400774
4.8390865
4.72854
3.7506244
4.2948556
4.0780134
3.6400774
4.6222444
3.9674666
4.6222444
4.9453816
3.5337825
4.1843085
3.8569195
4.405402
2.879004
4.405402
3.8611712
4.405402
3.8611712
3.644329
3.6400774
3.9674666
3.5337825
4.0780134
3.3169398
3.9717183
3.5380342
3.1000981
3.210645
3.9717183
2.993803
2.555867
2.7769608
3.4274871
3.210645
3.321192
3.644329
3.4274871
3.5380342
2.3390248
2.3390248
3.210645
2.883256
2.6664138
4.0822654
3.5380342
2.2327297
2.4495716
2.6664138
2.8875077
3.5380342
1.6884984
1.9053404
3.214897
2.0158875
2.4495716
2.6706657
2.4495716
1.9053404
3.4317389
3.210645
2.7769608
3.1043499
2.4495716
3.6485808
2.7769608
2.4495716
3.210645
2.7769608
3.5380342
2.3390248
3.5380342
3.5380342
2.555867
2.5601187
2.4495716
3.321192
2.2327297
2.5601187
2.993803
2.0158875
1.9053404
3.1043499
2.2327297
2.4538236
2.7769608
2.7769608
2.7769608
3.321192
2.5601187
2.6706657
2.4495716
2.2369814
2.1264346
1.1442673
2.8875077
2.1264346
0.92742515
2.8875077
2.4495716
2.0158875
2.5643704
1.3611094
2.5601187
2.0158875
2.1264346
1.6884984
2.8875077
1.9095924
2.3432765
2.6706657
1.7990454
2.1264346
0.92742515
1.0379721
2.7812126
2.0158875
1.9095924
2.4538236
1.8032973
1.5822034
1.5822034
1.5822034
2.4538236
1.7990454
2.3475285
2.3432765
2.4538236
2.0158875
0.82113004
2.6706657
1.3653612
1.1485192
1.6927503
1.8032973
2.2369814
1.5822034
1.9095924
3.1043499
1.6884984
2.5601187
2.1264346
1.6927503
1.9095924
0.82113004
1.6927503
2.0158875
1.3653612
1.9095924
1.5822034
1.9095924
1.7990454
1.6927503
1.0379721
1.1485192
1.3653612
2.1264346
1.6927503
1.6927503
1.259066
1.1485192
1.8032973
2.2369814
1.9095924
1.3653612
1.9095924
1.5822034
2.1264346
2.2369814
1.5822034
2.1264346
2.4538236
2.4538236
1.5822034
1.9095924
0.82113004
1.6927503
1.9095924
1.9095924
2.3432765
0.82113004
1.3653612
1.3653612
1.9095924
1.2548143
2.5643704
1.259066
2.0158875
2.1264346
1.0379721
1.6927503
1.4716563
1.5822034
2.4538236
1.0379721
1.7990454
1.6927503
0.82113004
2.6706657
1.3653612
1.3653612
1.7990454
1.9095924
2.0158875
1.6927503
0.92742515
1.4759082
1.3653612
1.1485192
2.0201392
1.3653612
1.5822034
1.0379721
2.1264346
1.6927503
2.2369814
1.9095924
1.4716563
2.1264346
2.8875077
2.0158875
2.1264346
2.1264346
1.2548143
2.1264346
1.7990454
2.9980547
2.8875077
1.2548143
1.9095924
2.6706657
2.4538236
1.9095924
1.5822034
2.1264346
2.6706657
1.2548143
3.652833
2.8875077
2.0158875
2.5601187
2.993803
2.7769608
3.1043499
2.7769608
3.321192
3.210645
3.8654232
3.1000981
3.210645
2.555867
4.1885605
3.2063932
3.321192
4.0780134
4.0780134
3.210645
3.3169398
2.772709
3.7548761
3.4274871
3.4274871
4.0780134
3.5337825
3.4274871
4.6222444
2.883256
4.1843085
2.555867
3.7506244
3.0958462
3.6400774
4.8390865
3.4232354
4.2948556
4.1843085
3.5337825
4.72854
4.511698
3.4232354
4.1843085
4.2948556
4.405402
3.8569195
3.4232354
4.0780134
4.511698
3.4232354
4.511698
5.055929
3.7506244
3.2063932
4.1843085
4.511698
4.511698
4.511698
4.507446
4.9453816
5.272771
3.5295303
4.72854
4.4011507
3.312688
5.055929
5.162224
4.4011507
4.8390865
3.7506244
3.9674666
4.6222444
3.9674666
3.9674666
4.9453816
4.72854
5.272771
3.9674666
4.72854
4.9453816
3.7463725
5.055929
4.507446
3.8569195
4.617993
5.272771
3.8569195
4.4011507
3.7463725
3.4232354
3.9674666
4.2948556
4.511698
4.2948556
4.9453816
4.4011507
4.1843085
3.0958462
4.1843085
5.162224
4.1843085
4.8348346
3.9632149
4.8390865
4.724288
4.724288
4.9453816
4.507446
4.9453816
4.8348346
5.268519
5.0516768
5.7022033
5.489613
4.94113
4.0737615
4.2906036
4.1843085
5.9232974
4.507446
4.1843085
5.162224
4.2906036
4.617993
5.268519
4.507446
4.94113
5.8127503
5.379066
5.9232974
5.4853616
4.3968987
4.180057
4.613741
5.379066
4.507446
4.724288
4.507446
4.507446
4.613741
4.94113
5.595908
5.268519
5.595908
5.0516768
5.8127503
3.7463725
5.9232974
5.268519
5.268519
5.595908
5.1579723
5.595908
5.0516768
5.0516768
5.7022033
5.9190454
4.613741
5.379066
4.9453816
4.724288
4.2906036
5.0516768
5.162224
5.4853616
5.4853616
5.268519
5.595908
4.830583
5.595908
6.4675283
5.268519
4.94113
4.94113
4.613741
6.250686
6.029592
4.3968987
5.268519
5.595908
4.830583
4.724288
5.268519
5.591656
5.4853616
5.9190454
5.379066
5.595908
5.595908
6.4675283
5.1579723
6.2464347
5.3748145
5.7022033
5.595908
5.3748145
5.9190454
5.7022033
6.2464347
6.140139
5.4853616
5.7022033
5.7022033
5.7022033
5.1579723
5.268519
5.595908
5.8127503
5.4853616
6.1358876
5.7022033
5.264267
4.94113
5.591656
5.268519
5.591656
6.029592
5.7022033
6.029592
5.1579723
4.613741
6.4675283
5.1579723
5.706455
5.706455
5.7022033
4.3968987
5.4853616
5.8127503
5.1579723
5.3748145
5.1579723
5.4853616
5.3748145
4.830583
5.0474253
5.264267
5.7022033
5.595908
5.1579723
5.706455
5.0516768
4.507446
5.0516768
4.613741
5.0516768
5.4853616
5.0516768
5.4853616
5.4853616
5.7022033
5.379066
5.706455
5.595908
4.94113
4.613741
5.1579723
5.1579723
6.029592
5.1579723
4.94113
5.8127503
4.724288
4.507446
5.162224
4.613741
5.8127503
5.0516768
4.94113
5.595908
5.1579723
5.0474253
5.268519
4.613741
5.0474253
5.0474253
5.0516768
5.0516768
5.4853616
4.617993
4.94113
4.2906036
5.4853616
4.06951
5.0516768
5.3748145
5.4853616
4.94113
4.613741
4.617993
3.6400774
4.4011507
5.162224
4.8348346
4.724288
5.268519
4.94113
5.0516768
4.94113
4.507446
4.8348346
3.312688
4.9453816
5.0516768
4.617993
4.617993
4.724288
4.613741
4.2906036
4.507446
5.0516768
4.8348346
4.8348346
3.312688
4.2948556
4.0737615
3.4189837
4.9453816
3.8569195
4.1843085
4.3968987
4.72854
4.0737615
3.7463725
3.6358256
4.72854
2.879004
3.8569195
3.8569195
4.4011507
4.0737615
4.8348346
5.379066
5.595908
4.8348346
4.8348346
4.724288
3.8569195
4.617993
4.2906036
4.4011507
4.8348346
4.507446
5.1579723
4.2906036
5.595908
4.0737615
3.6400774
4.507446
4.8348346
5.0516768
5.0516768
4.507446
4.0737615
5.706455
4.06951
4.4011507
4.617993
3.7463725
4.507446
4.06951
4.724288
5.0516768
4.3968987
5.595908
5.0474253
5.706455
4.06951
4.613741
4.724288
5.0516768
5.3748145
4.3968987
5.3748145
4.94113
4.94113
5.379066
5.268519
4.507446
4.94113
4.507446
4.830583
4.94113
5.0516768
5.7022033
3.8526678
4.724288
4.94113
4.2863517
5.268519
4.724288
5.268519
4.613741
4.613741
5.4853616
4.830583
4.724288
5.4853616
5.0474253
5.4853616
5.268519
4.720036
4.94113
5.1579723
4.720036
4.94113
4.503194
4.830583
5.8127503
5.4853616
5.0516768
5.1579723
4.613741
5.268519
5.264267
4.720036
5.7022033
4.613741
4.94113
5.268519
5.1579723
5.7022033
5.264267
4.720036
6.1358876
4.830583
4.3926473
6.0253406
4.830583
5.1537204
4.94113
5.1579723
3.9589627
5.4853616
6.2464347
5.1579723
4.3926473
5.1579723
5.9190454
4.936878
5.264267
5.264267
4.503194
4.830583
5.8084984
4.830583
4.720036
5.591656
5.8084984
4.6094894
5.8084984
5.0474253
5.4853616
5.0474253
5.9190454
5.3748145
5.264267
5.0474253
5.591656
4.613741
5.0474253
4.830583
5.8084984
4.06951
4.720036
4.503194
5.0474253
5.9190454
4.936878
5.3748145
5.3748145
4.3926473
5.1579723
4.830583
5.4853616
4.2863517
4.613741
5.0516768
5.1579723
4.2863517
4.724288
5.1579723
5.3748145
5.3748145
5.1579723
4.94113
5.0474253
4.830583
4.503194
4.830583
4.503194
4.2863517
4.94113
5.1579723
4.830583
4.94113
5.3748145
4.503194
5.268519
4.613741
4.3968987
4.613741
4.06951
4.94113
4.724288
5.3748145
4.94113
4.613741
5.1579723
4.94113
4.503194
4.507446
5.1579723
3.631574
5.0516768
4.613741
4.724288
4.830583
4.3968987
4.720036
4.94113
4.613741
5.0474253
5.3748145
5.9190454
5.1579723
4.2863517
5.3748145
4.830583
4.2863517
4.2863517
5.268519
4.613741
4.613741
5.268519
5.1579723
3.7421207
4.613741
4.180057
4.613741
4.724288
3.7421207
4.06951
4.94113
5.3748145
4.94113
4.3968987
4.3968987
3.9632149
3.9632149
4.617993
4.613741
3.9632149
4.724288
4.613741
3.8526678
5.268519
3.3084364
3.6358256
3.4189837
3.5295303
3.7463725
3.0915945
3.312688
3.0915945
2.9852993
3.9632149
4.2906036
2.8747523
3.7463725
3.9632149
3.8569195
4.0737615
3.5295303
3.2063932
3.6400774
2.4410682
2.3347728
3.8569195
2.9852993
4.180057
3.7463725
3.9632149
4.180057
3.2021413
3.5295303
3.6400774
3.312688
2.3347728
2.44532
3.7463725
3.0958462
2.65791
3.2021413
2.879004
3.2063932
2.5516152
3.5337825
3.7463725
3.4232354
2.879004
1.896837
3.312688
2.4410682
2.4410682
3.312688
3.5295303
3.2063932
3.6400774
2.4410682
3.2063932
2.5516152
3.2063932
2.117931
2.3347728
2.662162
2.879004
2.7684572
2.5516152
2.4410682
2.7684572
2.117931
2.7684572
1.3568575
2.44532
1.6842467
2.662162
3.4232354
2.228478
2.662162
2.3347728
2.228478
2.228478
2.117931
1.1442673
2.3390248
1.4674045
1.2505624
1.5779516
1.6842467
1.9053404
1.4674045
1.7947936
2.3390248
1.2505624
2.44532
2.4495716
1.5779516
1.6842467
1.5779516
0.5957843
1.9053404
2.1221828
1.2505624
1.0337203
2.0158875
1.9053404
1.4716563
0.27264705
0.92742515
0.055804953
1.2548143
-0.27158412
0.92742515
0.27264705
0.38319403
0.81687826
1.6884984
1.6884984
0.16635191
0.60003614
0.1621001
0.60003614
1.4716563
0.38319403
0.92742515
0.38319403
1.5822034
0.27264705
0.92742515
0.60003614
1.1442673
0.16635191
1.4716563
0.4894892
1.2548143
0.92742515
0.16635191
-0.2673323
-0.16103715
0.92742515
0.06005676
1.0379721
-0.37787926
-0.050490197
-0.2673323
0.49374095
0.38319403
0.16635191
-0.2673323
0.38319403
0.27689886
-0.8115635
0.06005676
-0.2630805
-0.37362745
-0.59046954
0.17060372
-0.59046954
-0.2673323
-0.4841744
-0.15678534
-1.2452477
-0.37362745
-0.91785866
-0.2630805
-2.112616
-1.1347008
-1.0241537
-1.3515428
-1.0241537
-1.7852271
-1.568385
-1.2409959
-0.47992262
-0.80731165
-0.80731165
-1.7852271
-0.47992262
-1.7852271
-1.1347008
-2.006321
-0.59046954
-2.223163
-1.7852271
-2.112616
-0.6967647
-1.0241537
-0.80731165
-0.59046954
-1.67468
-1.0241537
-2.223163
-0.58621776
-1.1304489
-0.6967647
-1.0241537
-0.6967647
-0.80731165
-1.1304489
-1.2409959
-1.2409959
-1.347291
-1.67468
-0.9136068
-1.1304489
-1.0241537
-1.3515428
-0.47992262
-1.3515428
-0.6967647
-1.1347008
-0.47992262
-1.4620898
0.17060372
-0.04623839
-1.1347008
-0.6967647
-1.3515428
-1.568385
-0.6967647
-1.2409959
-1.2409959
-0.9136068
-1.0241537
-1.0241537
-1.895774
-1.3515428
-2.5463004
-1.0199019
-1.7809752
-1.236744
-2.3252065
-1.891522
-0.9136068
-1.67468
-1.4578379
-0.9136068
-1.891522
-1.4578379
-2.1083643
-0.8030599
-2.5420485
-2.2146595
-2.2146595
-2.8694377
-1.9978173
-2.3252065
-2.1083643
-1.5641332
-2.6525953
-2.1083643
-2.0020692
-1.891522
-1.347291
-2.8694377
-2.6525953
-1.7809752
-2.4357533
-2.1083643
-1.67468
-1.347291
-1.5641332
-2.6525953
-2.3252065
-2.3252065
-2.5420485
-2.1041124
-2.9757328
-2.5420485
-2.2146595
-2.5420485
-2.7588906
-2.3252065
-2.3252065
-2.4357533
-1.7809752
-2.6525953
-1.67468
-1.891522
-1.891522
-0.8030599
-1.347291
-1.891522
-1.1304489
-1.4578379
-1.2409959
-1.347291
-1.1304489
-1.347291
-1.4578379
-0.9136068
-0.58621776
-1.1304489
-2.0020692
-1.4578379
-1.2409959
-2.0020692
-0.47992262
-0.47992262
-1.0241537
-1.1347008
-1.568385
-1.2409959
-1.3515428
-2.0020692
-0.47992262
-0.59046954
-1.1347008
-0.04623839
0.17060372
-0.7010165
-0.37362745
-0.2630805
-1.568385
-0.15253355
-0.80731165
-0.59046954
-0.47992262
-1.1347008
-0.2673323
-0.15678534
-0.91785866
-0.37362745
-1.568385
-0.04623839
-1.0241537
-0.37362745
-0.04623839
0.27689886
-0.15678534
-0.47992262
-0.15678534
0.17060372
-0.47992262
0.06005676
-0.15678534
-0.15678534
-0.59046954
-0.4841744
-0.04623839
-0.04623839
-1.2452477
-0.37362745
-0.4841744
-0.4841744
-0.7010165
0.06430857
0.06005676
0.3874458
0.49799278
-0.59046954
0.06005676
-0.59046954
0.28115067
-0.04623839
-0.15678534
0.06005676
0.28115067
0.27689886
-0.8115635
-0.91785866
-0.59046954
-1.0284055
-0.91785866
0.27689886
-0.37362745
-0.37787926
0.06005676
0.82113004
0.49374095
0.49374095
0.49374095
-0.2673323
0.38319403
-0.15678534
0.27689886
0.38319403
-0.8115635
0.06005676
0.3874458
-0.2673323
0.9316769
-0.8115635
0.6042879
0.06005676
-0.15678534
-0.050490197
0.3874458
-0.4841744
0.6042879
0.27689886
-0.2673323
0.16635191
-0.050490197
0.49374095
0.27689886
-0.050490197
0.27689886
0.27689886
1.0379721
1.0379721
0.16635191
1.0379721
0.6042879
-0.050490197
1.4759082
0.16635191
-0.4841744
1.0379721
-0.050490197
-0.16103715
0.06005676
0.16635191
0.6042879
-0.050490197
0.16635191
0.49374095
0.06005676
1.0379721
1.0379721
-0.050490197
1.0379721
0.16635191
0.7105831
1.1442673
0.49374095
-0.050490197
1.0379721
0.38319403
0.82113004
1.0379721
0.82113004
0.16635191
1.2548143
2.0158875
0.16635191
0.81687826
1.0379721
0.92742515
0.38319403
1.6927503
1.0379721
0.4894892
1.6884984
1.1442673
1.1442673
1.1485192
1.1442673
0.81687826
1.5822034
1.1442673
1.0379721
1.4716563
0.60003614
0.92742515
0.92742515
0.92742515
0.49374095
1.4716563
0.38319403
0.92742515
1.4716563
0.92742515
0.60003614
0.27264705
1.2548143
0.38319403
0.38319403
1.1442673
1.3611094
0.60003614
0.38319403
0.49374095
0.92742515
1.0379721
1.7990454
0.92742515
0.60003614
0.38319403
0.81687826
1.1442673
1.1442673
1.3611094
1.1442673
0.4894892
1.7990454
0.38319403
0.82113004
0.60003614
0.38319403
0.92742515
1.1442673
0.81687826
0.81687826
1.7947936
0.4894892
1.6884984
1.7990454
0.38319403
1.7990454
1.1442673
1.6884984
1.9053404
1.0337203
1.4716563
0.9231734
0.60003614
2.1221828
1.4674045
1.6884984
2.1221828
1.7947936
2.4495716
1.9053404
1.4674045
2.3390248
2.989551
1.7947936
3.1000981
2.44532
1.9010887
3.3169398
2.555867
2.0116355
2.989551
2.44532
3.3169398
2.3347728
2.0116355
2.989551
3.5337825
2.989551
2.44532
3.312688
2.662162
3.312688
2.5516152
3.5295303
2.117931
3.2063932
1.9010887
2.555867
3.4232354
2.5516152
2.228478
3.2063932
3.2063932
2.879004
4.1843085
3.0958462
3.7506244
2.989551
4.2948556
3.0958462
3.0958462
3.4232354
3.5295303
3.7463725
3.6400774
3.8526678
3.4189837
3.4232354
3.9674666
2.772709
3.2063932
3.3169398
1.6842467
3.3169398
3.7506244
3.0958462
3.2063932
3.4232354
2.4410682
3.4232354
4.0737615
2.4410682
2.4410682
4.0737615
3.312688
3.312688
4.9453816
3.2063932
3.0958462
3.6400774
2.8747523
3.4232354
4.72854
3.9674666
3.8569195
3.6400774
3.0958462
2.662162
3.3169398
3.2021413
2.662162
3.312688
4.2906036
3.312688
4.4011507
4.507446
3.5295303
3.8569195
4.1843085
4.0737615
3.4189837
4.2906036
3.9632149
3.2021413
3.4189837
4.2906036
3.0915945
3.7463725
3.8569195
3.6400774
3.7506244
4.0737615
3.8569195
2.7684572
4.2906036
4.0737615
3.6400774
4.2906036
3.4189837
5.162224
4.2906036
3.7463725
3.5295303
4.8348346
4.1843085
3.5295303
3.8569195
5.0516768
4.0737615
4.507446
4.507446
4.8348346
4.0737615
3.4232354
4.0737615
3.0958462
4.2906036
4.180057
4.3968987
4.3968987
5.268519
3.7421207
5.162224
4.507446
4.3968987
5.268519
4.8348346
4.4011507
4.724288
3.7463725
4.724288
3.8526678
5.268519
4.724288
3.8569195
3.9632149
3.7463725
4.180057
4.180057
4.2906036
5.268519
4.507446
5.1579723
5.268519
4.06951
4.503194
5.0516768
4.94113
4.06951
5.4853616
4.3968987
3.5252786
4.94113
4.2906036
4.3968987
5.1579723
5.706455
5.1579723
4.180057
4.724288
5.379066
5.268519
4.724288
4.8348346
4.507446
4.507446
5.268519
3.9632149
4.94113
4.613741
4.06951
5.268519
5.1579723
5.4853616
4.94113
5.0516768
4.507446
3.7463725
5.268519
4.507446
4.2906036
4.507446
4.830583
5.379066
5.0474253
3.9632149
4.724288
5.162224
4.180057
4.8348346
4.94113
5.706455
4.2863517
4.06951
4.830583
4.724288
4.94113
4.2906036
3.6358256
3.3084364
4.0737615
3.7463725
5.268519
4.724288
4.507446
5.162224
4.180057
4.830583
4.507446
4.180057
5.3748145
5.268519
4.94113
4.830583
5.1579723
4.94113
4.830583
5.8127503
5.4853616
4.94113
5.268519
4.94113
5.264267
4.724288
4.94113
4.3968987
5.1579723
5.7022033
5.8084984
5.9190454
5.591656
5.264267
5.1579723
4.503194
5.591656
5.3748145
5.0474253
5.0516768
4.94113
5.9190454
5.8084984
5.264267
5.6979513
5.3748145
6.463277
5.8084984
4.6094894
6.5695715
5.591656
5.8084984
5.6979513
6.2421827
6.35273
5.6979513
5.591656
6.0253406
5.481109
5.6979513
6.0253406
6.5695715
6.463277
6.0253406
5.591656
5.8084984
6.0253406
5.9190454
6.4590244
7.003256
6.7864137
6.5695715
6.1358876
5.264267
6.35273
6.0253406
5.591656
6.0253406
6.4590244
5.8084984
6.8969607
7.003256
6.7864137
7.22435
6.7864137
6.0253406
7.330645
6.1358876
5.6979513
5.914794
5.8084984
6.5738235
6.5695715
6.5695715
7.113803
5.264267
5.4853616
6.35273
5.8084984
6.463277
6.5695715
6.5695715
6.2421827
6.2421827
5.5874047
6.5695715
6.0253406
5.481109
6.35273
5.3705626
6.029592
6.463277
5.6979513
5.591656
6.463277
6.8969607
5.8084984
6.6801186
6.0253406
5.0474253
6.2464347
6.35273
5.264267
6.790666
6.4590244
5.6979513
5.3705626
5.8084984
5.8084984
6.35273
5.3705626
5.591656
5.7022033
6.0253406
6.2464347
6.2421827
7.113803
5.8084984
6.35273
7.113803
6.0253406
6.7864137
6.2421827
6.8969607
6.7864137
5.914794
6.6758666
6.2421827
6.0253406
7.003256
5.3748145
6.35273
5.591656
5.591656
6.2464347
5.264267
5.0474253
5.264267
6.0253406
5.591656
6.1358876
5.591656
6.790666
6.35273
6.1358876
6.029592
5.591656
5.264267
6.2464347
6.5695715
6.0253406
6.5738235
5.7022033
5.591656
5.4853616
5.9190454
4.720036
6.140139
5.3748145
5.3748145
6.3569813
5.8127503
5.1579723
5.9190454
6.2464347
5.595908
5.8127503
4.830583
5.4853616
5.1579723
5.268519
5.268519
6.029592
5.7022033
5.7022033
6.029592
5.8127503
4.94113
5.1579723
5.3748145
5.4853616
6.1358876
6.029592
6.790666
6.35273
5.481109
6.0253406
5.9190454
6.1358876
6.463277
5.3748145
4.830583
5.1579723
5.7022033
4.724288
5.9232974
5.268519
4.507446
5.4853616
5.268519
5.268519
5.595908
5.1579723
5.3748145
5.3748145
5.4853616
5.591656
5.6979513
6.8969607
5.8084984
5.9190454
6.140139
4.830583
4.724288
5.7022033
5.0516768
4.511698
3.8569195
4.1843085
5.383318
4.617993
4.2906036
5.9232974
5.268519
5.0516768
5.8127503
6.1358876
6.35273
5.481109
5.8084984
6.0253406
5.8084984
7.551739
6.35273
7.007508
5.9190454
5.1579723
6.1358876
5.4853616
6.2464347
5.3748145
6.029592
5.4853616
6.140139
5.9190454
5.595908
6.3569813
5.3748145
5.3748145
5.3748145
5.7022033
6.1358876
6.029592
5.8084984
6.1358876
6.8969607
6.790666
6.2464347
6.8969607
7.441192
7.007508
6.1358876
6.463277
6.1358876
4.830583
5.7022033
5.7022033
5.4853616
5.595908
5.0516768
4.94113
6.3569813
5.4853616
5.268519
6.029592
5.8127503
5.3748145
5.591656
6.2464347
6.029592
5.9190454
5.8127503
5.268519
4.830583
5.595908
6.5738235
5.7022033
5.7022033
5.3748145
5.4853616
5.706455
5.7022033
4.724288
5.4853616
5.9232974
5.4853616
5.595908
5.595908
5.4853616
4.720036
5.8127503
5.3748145
5.1579723
5.9232974
5.268519
4.94113
6.029592
5.4853616
5.4853616
5.1579723
6.029592
5.268519
5.1579723
5.268519
5.4853616
4.94113
5.4853616
5.9232974
4.94113
5.7022033
5.0516768
6.029592
5.3748145
5.595908
6.029592
5.1579723
5.8127503
5.8127503
5.3748145
5.8127503
5.268519
5.1579723
5.9232974
5.7022033
5.3748145
5.9232974
5.3748145
5.379066
5.8127503
5.0516768
5.595908
5.4853616
6.029592
4.94113
5.268519
5.268519
5.4853616
5.1579723
5.706455
4.94113
5.268519
5.595908
5.4853616
4.724288
6.4675283
5.4853616
5.268519
5.9232974
4.2906036
5.272771
4.94113
4.4011507
5.379066
4.724288
5.595908
5.268519
4.507446
4.724288
5.4853616
3.9632149
5.9232974
4.724288
5.162224
5.595908
4.0737615
4.2906036
3.8569195
4.9453816
4.0737615
4.4011507
4.511698
3.9674666
3.4232354
3.8569195
5.379066
4.0737615
5.489613
3.312688
4.4011507
4.4011507
4.6222444
4.617993
4.617993
3.5295303
3.9632149
3.7463725
5.055929
3.9674666
3.8569195
3.0958462
3.6400774
4.0737615
4.2948556
4.1843085
3.9674666
3.5295303
5.162224
3.6358256
3.312688
3.7463725
4.4011507
4.0737615
3.9674666
4.1843085
3.9674666
4.8348346
4.4011507
4.9453816
2.9852993
4.1843085
4.72854
4.72854
3.2021413
3.9674666
4.4011507
3.4232354
3.6400774
4.2906036
4.4011507
4.617993
4.617993
3.9632149
4.9453816
4.8348346
4.617993
4.72854
3.2021413
5.055929
4.511698
4.8390865
3.8569195
4.8390865
4.1843085
3.0958462
4.511698
4.2948556
4.0780134
3.9674666
3.0958462
3.7506244
3.7506244
4.4011507
3.6400774
3.8569195
3.5337825
4.2948556
3.4232354
4.72854
2.9852993
3.6400774
3.7506244
3.6400774
3.7506244
4.6222444
4.2948556
3.4232354
3.7506244
2.989551
4.1885605
3.2063932
2.879004
3.2063932
2.44532
2.662162
2.772709
2.879004
3.5295303
3.7506244
3.6400774
3.2063932
3.7506244
3.2063932
4.2948556
3.4232354
3.5337825
3.4232354
3.2063932
2.772709
3.9674666
3.9674666
3.312688
4.2948556
3.2063932
3.4232354
3.9674666
3.0958462
3.7506244
3.4232354
3.5337825
4.1885605
3.3169398
3.210645
2.772709
1.6842467
3.210645
2.993803
2.3390248
2.883256
1.6842467
2.555867
2.772709
2.1221828
2.989551
2.44532
2.3390248
3.644329
2.883256
3.210645
2.3390248
2.4495716
2.1221828
2.3390248
1.9053404
2.555867
2.6664138
3.321192
1.9053404
1.5779516
2.6664138
2.3390248
3.3169398
2.772709
1.9053404
1.7947936
1.5779516
2.0158875
2.0116355
1.1442673
2.4495716
1.4716563
1.1442673
2.7769608
1.1442673
1.5779516
2.1221828
1.1442673
2.6664138
2.6664138
2.2327297
2.6664138
0.70633125
1.9053404
1.7947936
1.7947936
2.2327297
0.92742515
1.1442673
1.3611094
0.92742515
1.4716563
1.4716563
1.4716563
1.0337203
0.49374095
0.27689886
0.92742515
0.49374095
0.27264705
2.2369814
1.0379721
0.49374095
1.3653612
-0.2673323
-0.2673323
1.9095924
1.6927503
0.7105831
0.7105831
0.82113004
1.6927503
0.82113004
1.3653612
0.49374095
0.49374095
0.7105831
0.49374095
-0.37787926
0.7105831
0.92742515
0.6042879
0.49374095
1.4716563
1.5822034
1.3653612
0.49374095
0.7105831
1.2548143
0.7105831
0.92742515
0.92742515
0.055804953
1.2548143
0.92742515
1.2548143
0.60003614
0.60003614
1.1442673
1.2548143
0.81687826
1.2548143
0.7105831
-0.27158412
1.0337203
1.4716563
1.1442673
1.2548143
1.9053404
-0.16103715
0.60003614
0.38319403
1.3611094
0.92742515
1.0379721
0.7105831
0.7105831
0.7105831
1.0337203
1.4716563
1.0337203
1.0337203
0.38319403
0.60003614
0.4894892
0.60003614
0.16635191
0.7105831
0.60003614
1.1442673
1.1442673
0.38319403
0.7105831
1.1442673
1.0337203
1.4716563
0.81687826
2.0158875
1.7947936
1.0337203
1.1442673
1.5779516
1.0337203
1.3611094
1.7947936
1.7947936
1.1442673
1.7947936
1.3611094
0.81687826
2.1221828
1.6884984
1.3611094
2.228478
1.7947936
1.3611094
2.989551
2.117931
2.3390248
1.3568575
1.9010887
2.883256
1.2505624
0.70633125
2.3390248
2.1221828
1.7947936
2.44532
1.7947936
2.228478
1.7905419
2.0116355
1.6842467
1.2505624
2.662162
1.9010887
1.3568575
3.2063932
2.228478
2.44532
2.662162
2.3347728
2.228478
2.879004
2.3347728
1.5736997
2.0116355
2.44532
1.3568575
2.44532
1.7947936
1.9010887
1.5736997
2.228478
1.3568575
1.1400155
2.0116355
2.44532
2.0073838
3.4232354
1.4674045
2.879004
2.224226
2.662162
2.879004
2.0073838
3.1000981
2.44532
2.662162
2.662162
2.0116355
1.9010887
2.989551
2.3347728
2.0116355
2.662162
2.662162
1.2505624
2.1221828
1.7905419
2.228478
2.44532
2.662162
1.7905419
2.555867
3.4232354
2.7684572
2.44532
2.7684572
3.312688
2.3347728
2.3347728
2.117931
2.228478
2.989551
2.662162
2.3347728
3.4232354
3.2063932
2.7684572
3.312688
2.879004
2.7684572
2.5516152
3.5295303
2.0073838
3.0958462
3.4189837
3.0958462
3.8569195
2.7684572
3.5295303
2.7684572
2.65791
2.879004
2.9852993
2.224226
2.989551
2.7684572
2.5516152
2.7684572
3.312688
2.117931
2.44532
3.312688
3.312688
2.7684572
3.8569195
3.7463725
2.7684572
2.65791
4.0737615
2.989551
3.7463725
3.312688
2.330521
2.7684572
3.0915945
3.312688
2.9852993
2.9852993
3.4232354
3.0958462
2.7684572
2.662162
3.4232354
2.662162
2.5516152
2.44532
2.3347728
2.5516152
3.5295303
3.0958462
3.0958462
2.117931
2.0073838
2.44532
3.312688
2.9852993
3.8569195
3.7506244
2.879004
3.0958462
3.4232354
2.65791
2.224226
2.3347728
2.9852993
2.4410682
3.0958462
3.5337825
2.4410682
2.224226
3.0958462
2.9852993
2.4410682
2.224226
2.7684572
2.65791
2.7684572
2.4410682
2.65791
2.879004
3.312688
2.224226
3.0958462
2.9852993
2.4410682
2.0073838
2.9852993
2.4410682
2.4410682
2.9852993
1.896837
2.879004
2.662162
2.0073838
2.989551
1.6799948
1.2463106
2.3347728
1.0294685
1.7905419
2.7684572
1.0294685
2.44532
2.3347728
2.662162
1.3568575
1.9010887
2.5516152
2.0073838
1.2463106
3.2063932
2.117931
1.7905419
2.879004
3.312688
1.7905419
2.883256
2.117931
2.117931
1.6842467
2.117931
2.555867
1.5736997
1.5736997
1.5736997
2.3347728
1.5736997
3.0958462
1.5736997
1.0294685
2.662162
1.6842467
1.9010887
2.3347728
2.44532
2.5516152
2.3347728
2.224226
3.312688
1.4631528
2.0116355
2.117931
1.4674045
1.9010887
2.3347728
2.5516152
1.5736997
2.44532
2.989551
2.228478
1.9010887
2.989551
2.228478
2.117931
1.9010887
1.9010887
1.0294685
1.3568575
0.8126264
2.117931
1.9010887
2.117931
1.9010887
2.0116355
1.3568575
1.3568575
2.44532
1.9010887
1.1400155
2.0116355
0.9231734
1.3568575
1.5736997
2.772709
2.117931
2.44532
2.3347728
1.9010887
2.117931
1.5736997
2.879004
2.662162
1.9010887
2.44532
2.117931
1.6842467
2.879004
2.3347728
2.44532
2.5516152
1.6842467
2.228478
1.9010887
2.3347728
2.117931
2.117931
1.5736997
2.662162
2.5516152
3.2063932
2.9852993
3.4232354
1.7905419
2.7684572
2.7684572
3.2063932
3.8569195
3.6400774
2.4410682
3.312688
2.9852993
2.662162
4.1843085
2.5516152
2.5516152
2.7684572
3.9674666
2.65791
2.44532
3.0958462
2.662162
2.7684572
2.9852993
3.312688
3.6400774
2.0073838
2.989551
3.5295303
2.65791
3.8569195
2.9852993
4.2906036
3.6358256
4.507446
3.8569195
3.8526678
2.8747523
4.2863517
3.8569195
3.0915945
3.2021413
3.3084364
2.65791
3.0915945
2.65791
2.5516152
2.7684572
3.6400774
4.617993
2.7684572
4.4011507
3.0958462
3.5295303
4.8348346
2.8747523
3.2021413
3.0915945
4.724288
3.0915945
3.5295303
3.7463725
4.0737615
3.6400774
2.65791
3.7463725
4.617993
3.4189837
4.06951
3.8526678
4.8348346
3.2021413
3.9632149
4.4011507
2.9852993
4.0737615
3.2021413
4.2906036
4.2906036
4.724288
3.6358256
4.06951
3.6358256
4.8348346
3.6358256
3.7463725
4.507446
4.617993
3.9632149
3.9632149
5.0516768
4.613741
4.613741
4.724288
5.1579723
4.06951
5.4853616
4.94113
4.2863517
4.724288
4.613741
3.8526678
4.94113
4.2863517
5.1579723
5.0474253
4.613741
4.724288
4.830583
3.9589627
4.724288
5.1579723
3.9632149
4.613741
5.3748145
4.613741
5.4853616
4.94113
4.06951
4.613741
4.2863517
4.94113
5.4853616
4.2863517
5.0474253
4.180057
5.4853616
4.724288
5.268519
4.3968987
4.613741
4.830583
4.507446
4.3968987
3.8526678
5.0516768
4.503194
4.507446
4.613741
4.8348346
4.724288
4.830583
4.3968987
4.613741
4.06951
4.507446
4.94113
4.180057
4.3968987
3.8526678
4.06951
4.724288
4.2863517
4.613741
4.613741
4.3968987
4.724288
4.1758046
4.613741
4.613741
4.503194
4.830583
4.503194
4.720036
4.06951
3.3084364
4.724288
4.503194
3.6358256
3.7421207
5.268519
4.3968987
4.830583
4.830583
4.2863517
4.613741
4.3968987
4.613741
4.2863517
4.503194
4.3968987
4.94113
3.7421207
4.06951
5.0474253
4.180057
5.1579723
4.503194
3.8569195
3.8526678
3.8526678
5.0516768
3.9632149
3.6358256
4.94113
4.0737615
3.9632149
4.06951
4.724288
4.2906036
4.724288
4.94113
4.613741
4.724288
4.724288
4.180057
3.6358256
5.0516768
3.4189837
3.7463725
4.2906036
3.5295303
3.7463725
2.4410682
3.8569195
3.0958462
3.312688
3.7506244
3.8569195
3.2021413
4.4011507
3.8569195
3.0958462
3.8569195
3.4189837
3.312688
3.9632149
3.6400774
3.0958462
3.312688
2.7684572
4.1843085
2.7684572
2.9852993
3.6400774
3.0958462
2.5516152
3.8569195
2.5516152
3.5337825
3.0958462
2.5516152
2.3347728
1.3568575
2.44532
3.2063932
1.6842467
2.662162
2.772709
2.0116355
2.117931
2.662162
2.44532
2.989551
2.117931
2.228478
2.555867
2.662162
2.555867
2.989551
2.772709
2.772709
2.772709
2.1221828
2.0116355
2.228478
3.1000981
2.555867
0.81687826
2.6664138
1.5779516
2.1221828
1.6884984
1.4674045
0.8126264
2.6664138
2.0116355
2.0116355
2.1221828
2.3390248
2.6664138
1.6884984
1.3611094
2.7769608
2.4495716
1.3611094
1.9053404
0.92742515
1.3611094
2.0158875
0.81687826
1.3611094
1.4716563
0.60003614
1.1442673
1.5822034
1.2505624
1.6884984
2.4495716
2.0116355
1.0337203
2.6664138
1.9053404
0.70633125
1.3611094
1.3611094
1.9053404
2.3432765
2.2327297
1.3611094
1.5779516
1.1442673
1.9053404
1.5779516
1.3611094
1.9095924
0.38319403
1.2548143
2.1264346
1.4716563
0.60003614
1.4716563
1.4716563
1.5779516
1.0337203
2.2327297
2.0158875
1.4716563
1.5822034
0.7105831
1.7990454
1.2548143
0.70633125
1.5822034
0.7105831
1.4716563
1.7990454
0.81687826
0.60003614
1.6884984
1.5822034
0.82113004
1.5822034
1.1485192
1.0379721
1.5822034
1.2548143
1.1442673
2.4538236
0.81687826
0.92742515
1.0379721
0.49374095
0.16635191
0.49374095
1.9095924
1.1485192
1.4716563
0.92742515
1.0379721
1.9095924
0.7105831
1.1442673
1.2548143
1.7990454
1.2548143
0.82113004
1.2548143
1.5822034
0.92742515
1.4716563
1.0379721
0.7105831
1.1442673
0.7105831
1.2548143
0.49374095
0.92742515
1.1485192
-0.050490197
1.0379721
1.6884984
0.82113004
1.5822034
0.92742515
0.16635191
1.3653612
1.5822034
0.7105831
0.82113004
0.49374095
1.7990454
1.1485192
1.2548143
1.2548143
0.6042879
1.3653612
1.1442673
0.49374095
0.9316769
1.0379721
1.3653612
1.3653612
0.7105831
0.06005676
1.8032973
0.82113004
0.49374095
1.4759082
0.49799278
0.9316769
-0.37362745
-0.36937565
0.06430857
-0.37362745
-1.3515428
-0.47992262
-0.04623839
-0.15253355
0.49799278
0.49799278
0.9316769
0.8253819
-0.2673323
-0.91785866
0.49799278
-0.15678534
-0.37362745
0.8253819
-0.59046954
-0.37362745
0.6085397
0.17060372
-0.80731165
-0.04623839
0.6085397
-0.7010165
0.6085397
-0.2630805
-0.80731165
-0.04623839
-0.2630805
-0.2630805
-1.2452477
-0.15253355
-0.37362745
0.17060372
-0.59046954
-0.2630805
-0.59046954
0.06005676
-0.37362745
0.28115067
-1.1347008
-0.2630805
-0.59046954
-0.59046954
-0.2630805
-1.568385
-0.59046954
-0.80731165
-0.15678534
-0.47992262
0.27689886
-0.4841744
0.49799278
-0.36937565
0.49799278
1.0422239
-0.47992262
-0.15678534
-0.37362745
-0.2630805
-0.2630805
0.17060372
-1.2452477
0.17060372
-0.04623839
0.49799278
-0.2630805
0.3874458
0.06430857
-0.15678534
-0.2630805
0.71483487
-0.91785866
0.3874458
0.27689886
-0.2630805
-0.04623839
-0.7010165
-0.04623839
-0.47992262
0.06430857
0.28115067
-0.6967647
-0.04623839
0.17060372
0.71483487
0.82113004
0.3874458
1.5822034
0.6042879
0.6042879
0.49374095
0.82113004
0.3874458
0.06005676
1.9095924
0.82113004
1.5822034
1.3653612
1.7990454
1.2548143
1.4759082
0.60003614
0.7105831
0.82113004
0.82113004
1.0379721
2.1264346
1.4716563
0.92742515
2.0158875
1.4716563
1.1442673
1.6884984
1.9053404
1.4716563
2.4495716
1.6884984
2.2327297
1.3611094
2.993803
1.0337203
1.6884984
1.5779516
1.9053404
2.0116355
1.4674045
3.1000981
2.1221828
2.3390248
2.555867
2.555867
2.555867
3.4274871
2.0116355
2.772709
2.44532
2.44532
1.9010887
2.228478
3.1000981
2.0116355
2.555867
2.117931
3.644329
2.228478
2.989551
2.555867
4.0780134
2.44532
2.879004
4.2948556
3.2063932
3.7463725
4.2948556
4.0737615
3.5295303
4.1843085
4.0780134
2.9852993
4.617993
2.4410682
3.312688
4.1843085
3.7463725
3.8569195
4.507446
4.4011507
3.8569195
4.8348346
3.7463725
4.8348346
4.8348346
5.379066
3.8569195
4.617993
4.8348346
4.0737615
4.72854
5.0516768
4.180057
4.8348346
5.1579723
5.0516768
5.4853616
5.9190454
4.724288
4.724288
4.3968987
4.3968987
5.8127503
4.613741
5.4853616
5.1579723
4.94113
5.268519
4.94113
4.06951
5.0516768
4.617993
4.724288
3.9589627
4.2906036
5.4853616
5.1579723
5.4853616
5.1579723
4.503194
5.1579723
5.591656
5.3748145
4.830583
5.481109
5.3748145
4.830583
4.830583
4.720036
5.4853616
5.9190454
5.0474253
5.9190454
5.0474253
4.830583
6.2464347
5.0474253
5.7022033
6.0253406
5.3748145
5.9190454
6.1358876
5.481109
5.591656
7.113803
5.8084984
6.4590244
6.348478
5.1537204
5.1537204
5.6979513
5.3705626
6.5695715
7.003256
5.6979513
6.7864137
7.220098
6.237931
6.1316357
7.109551
6.4590244
6.6758666
6.56532
6.9990044
6.0210886
6.348478
6.454773
6.1316357
6.4590244
7.109551
6.454773
6.348478
6.6758666
6.9990044
7.003256
6.56532
7.109551
7.109551
6.9990044
7.653782
7.9769197
7.3263927
7.543235
8.087466
7.653782
7.2158465
7.4326887
7.653782
7.760078
7.649531
7.2158465
7.760078
6.9990044
7.3263927
6.671615
6.348478
7.543235
8.193762
6.7821617
7.760078
8.193762
7.649531
8.410604
8.300056
8.304308
7.9769197
7.4326887
7.2158465
7.8663726
8.521151
8.083215
7.8663726
8.083215
8.193762
7.649531
7.4326887
7.9769197
7.2158465
6.9990044
7.9769197
7.1052995
7.760078
7.8663726
7.538984
8.954835
8.410604
8.627446
8.083215
8.300056
8.737993
8.083215
8.627446
7.649531
8.410604
8.410604
8.737993
7.4284363
7.760078
7.8663726
8.193762
8.521151
8.083215
8.410604
7.8663726
8.083215
7.4284363
8.193762
7.7558255
7.538984
7.8663726
8.083215
7.3221416
8.410604
7.9769197
8.083215
7.760078
6.9990044
7.9769197
6.8884573
8.304308
7.543235
6.7821617
7.653782
7.2158465
6.671615
8.198013
6.56532
7.220098
7.2158465
6.7821617
6.7821617
6.9990044
6.348478
6.454773
7.870624
6.671615
6.56532
7.760078
6.454773
6.7821617
7.653782
6.56532
6.56532
6.7864137
5.914794
6.1316357
6.4590244
6.4590244
5.914794
5.6979513
6.6758666
6.348478
6.0253406
5.1537204
6.2421827
5.0474253
5.591656
6.4590244
5.481109
5.264267
5.481109
4.613741
5.3748145
5.3748145
5.264267
5.1579723
5.1579723
5.1579723
5.3748145
5.0516768
4.3968987
5.268519
4.507446
4.8348346
4.3968987
4.3968987
5.162224
4.724288
4.2906036
5.4853616
4.830583
4.503194
5.1579723
4.613741
3.9632149
4.724288
4.507446
4.724288
5.489613
4.724288
3.9632149
3.9632149
4.3968987
4.2906036
3.2021413
3.8569195
4.0737615
3.8569195
4.1843085
4.9453816
3.4232354
3.312688
5.162224
3.9632149
3.9632149
4.507446
4.3968987
3.8569195
4.0737615
4.507446
3.2021413
4.1843085
3.8569195
3.0958462
4.1843085
4.8348346
4.4011507
3.5295303
3.2063932
4.511698
2.9852993
2.5516152
3.7506244
2.662162
2.879004
3.4232354
3.4232354
2.9852993
3.4232354
3.4232354
3.9674666
2.3347728
2.989551
2.44532
3.1000981
3.3169398
3.8611712
2.772709
2.772709
3.2063932
3.7506244
2.3347728
3.7506244
3.7506244
2.5516152
2.879004
2.772709
2.662162
2.772709
3.3169398
2.772709
3.1000981
2.989551
2.44532
2.228478
1.9010887
3.3169398
2.555867
2.3390248
1.7947936
2.44532
1.7947936
2.772709
2.6664138
3.1000981
2.3347728
2.772709
3.8611712
2.989551
2.228478
2.0158875
2.0116355
1.2505624
1.7947936
2.555867
3.3169398
2.662162
2.3347728
2.662162
3.210645
2.989551
1.7947936
1.5736997
2.44532
1.6842467
3.3169398
2.772709
2.1221828
2.3390248
2.117931
2.662162
2.1221828
2.0116355
1.9010887
1.5779516
2.883256
2.0116355
1.7947936
2.555867
2.879004
2.3390248
2.772709
2.662162
2.662162
2.228478
3.3169398
3.3169398
2.555867
2.879004
2.228478
2.662162
2.3347728
2.44532
2.555867
2.879004
2.3347728
2.0116355
2.772709
2.989551
3.1000981
2.3390248
2.989551
2.224226
2.662162
3.2063932
2.117931
3.7506244
3.2063932
2.879004
2.662162
3.4232354
2.5516152
2.44532
2.989551
2.772709
3.2063932
3.4232354
3.6400774
3.7463725
3.3169398
2.9852993
2.5516152
2.662162
3.312688
4.2906036
2.4410682
3.0958462
2.3347728
3.4232354
3.0958462
3.312688
4.0780134
3.312688
2.9852993
4.0737615
3.6400774
4.617993
3.8569195
3.2021413
3.7463725
3.0915945
3.7463725
4.180057
4.8348346
4.617993
4.8348346
3.7463725
3.4189837
4.94113
3.6358256
4.3968987
3.9632149
5.268519
4.617993
4.617993
4.2906036
3.7463725
4.180057
4.724288
4.180057
3.9632149
4.8348346
4.2863517
4.94113
4.613741
5.0516768
4.3968987
4.94113
4.613741
4.94113
4.503194
4.613741
5.0516768
4.3926473
5.268519
5.595908
4.503194
4.94113
4.507446
4.3968987
5.0474253
5.4853616
4.94113
4.724288
3.9589627
4.830583
4.06951
4.3968987
5.4853616
4.830583
4.830583
4.3926473
5.0474253
5.591656
4.830583
5.0474253
4.3926473
4.503194
5.1579723
5.3748145
4.613741
4.720036
5.3748145
4.830583
4.830583
4.2863517
5.1579723
4.180057
4.94113
4.613741
5.9190454
4.830583
5.7022033
4.3926473
5.591656
4.720036
5.9190454
4.2863517
5.7022033
4.503194
5.268519
4.503194
4.830583
4.830583
4.503194
4.724288
5.3748145
5.0474253
4.613741
5.268519
4.2863517
4.507446
5.3748145
4.613741
4.2863517
4.613741
4.3968987
4.06951
4.830583
5.1579723
4.06951
5.268519
4.503194
4.503194
4.94113
4.724288
4.1758046
4.830583
4.613741
4.3926473
4.94113
4.94113
4.613741
4.2863517
4.503194
4.613741
4.724288
4.613741
5.0474253
5.3748145
4.94113
4.503194
4.06951
4.94113
4.613741
4.724288
5.1579723
4.3926473
4.830583
5.0474253
4.936878
5.1579723
4.720036
3.9589627
5.264267
5.9190454
5.1537204
4.936878
5.264267
6.35273
4.613741
4.503194
4.3968987
4.503194
4.724288
4.06951
4.503194
4.94113
5.264267
4.830583
5.0474253
4.720036
4.720036
5.481109
4.936878
4.936878
5.8084984
4.1758046
4.724288
5.591656
5.4853616
5.3748145
4.3968987
4.06951
4.613741
4.507446
4.724288
4.830583
4.94113
4.2863517
5.3748145
5.0474253
4.1758046
5.3748145
5.0474253
4.1758046
5.264267
4.503194
3.414732
5.1579723
4.720036
4.2863517
4.724288
4.06951
4.2863517
4.3968987
2.8747523
3.5252786
3.8526678
4.180057
4.2863517
4.180057
4.3968987
4.2863517
4.503194
4.613741
4.3968987
4.613741
2.9810476
4.2906036
4.94113
3.5252786
4.06951
4.830583
3.7421207
3.9632149
3.0915945
2.65791
3.312688
2.7684572
3.0958462
2.879004
3.5295303
3.312688
3.4189837
3.312688
3.0915945
3.0915945
3.6358256
4.180057
4.724288
2.7642052
3.6358256
3.7463725
2.9852993
3.4189837
4.507446
3.8526678
2.7642052
3.5295303
3.0915945
2.65791
4.3968987
2.65791
3.5295303
3.4189837
2.5516152
2.7684572
3.8526678
2.9852993
3.312688
3.0915945
3.312688
3.5295303
3.7463725
2.4410682
2.4410682
2.5516152
3.312688
2.65791
2.7684572
3.5295303
2.4410682
2.9852993
2.224226
1.2463106
1.9010887
2.662162
1.6842467
2.883256
2.0116355
1.5779516
2.0116355
1.5779516
2.228478
1.9010887
1.4674045
1.7905419
0.8126264
2.772709
1.9010887
0.8126264
1.2505624
1.0337203
0.05155315
1.3568575
0.9231734
1.3568575
2.772709
2.0116355
1.7905419
1.3568575
2.228478
0.27264705
0.27264705
2.0116355
0.4894892
0.81687826
1.0337203
1.3611094
-0.38213107
1.2505624
1.2505624
-0.16528895
1.1442673
1.3611094
0.27264705
1.5779516
0.92742515
1.2505624
1.7947936
0.1621001
1.0337203
1.2505624
0.4894892
1.4674045
0.37894222
0.70633125
1.2505624
0.1621001
1.9053404
0.81687826
0.60003614
0.92742515
0.81687826
1.0337203
1.4716563
1.0337203
0.81687826
-0.16103715
1.2548143
-0.27158412
0.1621001
0.81687826
0.4894892
0.92742515
0.38319403
1.0337203
-0.16103715
0.27264705
0.4894892
0.055804953
0.27264705
0.1621001
0.7105831
0.60003614
0.38319403
-0.054742
-0.054742
1.0337203
-0.16103715
0.49374095
0.38319403
-0.7052683
0.92742515
0.16635191
-0.4884262
0.38319403
-0.16103715
-0.054742
-0.37787926
0.38319403
0.16635191
0.27264705
-0.050490197
0.38319403
-0.5947214
-0.7052683
0.27689886
0.16635191
-0.8115635
0.27689886
-0.050490197
-0.2673323
0.7105831
-0.4884262
-0.27158412
0.49374095
0.38319403
-0.16103715
0.055804953
-0.37787926
-0.050490197
-0.4884262
0.49374095
-0.37787926
-0.16103715
-0.050490197
-0.050490197
-0.16103715
0.27689886
-0.7010165
-0.5947214
-1.3557947
-0.8115635
-0.15678534
0.16635191
-0.4841744
-0.2673323
-0.4884262
0.7105831
0.055804953
0.055804953
0.60003614
0.055804953
0.60003614
0.055804953
0.055804953
0.38319403
0.7105831
0.92742515
0.27264705
0.81687826
-0.27158412
0.92742515
0.81687826
0.055804953
0.16635191
-0.050490197
-0.050490197
-0.5947214
-0.9221104
-0.8115635
-0.050490197
-0.4841744
-1.2452477
-1.2452477
-1.4620898
-0.2673323
-0.7010165
-0.050490197
-0.5947214
-0.2673323
1.0379721
-0.27158412
-0.4884262
0.16635191
-0.37787926
0.16635191
1.2548143
0.38319403
-0.37787926
0.60003614
-0.16103715
-0.16103715
-0.37787926
-0.16103715
-0.5947214
-0.7052683
-1.1389525
-1.2494994
-0.16103715
0.27689886
0.60003614
-0.27158412
0.27264705
-0.054742
-0.050490197
-0.16103715
0.27264705
-0.27158412
0.7105831
0.4894892
0.055804953
0.4894892
0.27264705
-0.4884262
0.92742515
1.0337203
-0.38213107
0.49374095
0.16635191
0.055804953
0.27264705
0.60003614
0.60003614
0.38319403
-0.054742
1.0337203
0.60003614
-0.27158412
0.60003614
0.16635191
-0.27158412
0.055804953
0.92742515
0.055804953
0.4894892
0.1621001
0.4894892
0.27264705
0.1621001
0.055804953
-0.16528895
0.16635191
0.60003614
0.60003614
0.1621001
0.60003614
-0.38213107
0.1621001
-0.054742
0.5957843
0.81687826
0.37894222
0.27264705
1.5779516
0.4894892
0.1621001
1.3568575
1.1400155
1.9010887
1.7905419
0.9231734
1.1400155
1.1400155
1.1400155
0.70633125
0.5957843
0.81687826
0.70633125
0.9231734
1.1357636
2.117931
2.117931
1.7905419
1.9010887
1.4631528
1.5736997
2.117931
1.1357636
1.7905419
1.3568575
2.224226
2.003132
2.7684572
2.1136792
1.6799948
2.3347728
1.6799948
2.224226
2.7684572
2.3347728
2.330521
1.896837
3.312688
3.4189837
2.7642052
3.0915945
3.8526678
3.0915945
3.7421207
2.8705006
3.8526678
3.5252786
4.06951
2.9810476
3.7421207
4.1758046
3.9589627
3.9589627
3.414732
3.7421207
3.8526678
3.7421207
2.8705006
4.3968987
3.631574
3.631574
4.1758046
3.631574
4.503194
4.065258
4.613741
4.503194
4.2863517
4.503194
3.9589627
4.503194
3.631574
4.1758046
3.9589627
4.065258
3.9589627
4.720036
4.3926473
4.1758046
4.720036
4.1758046
3.848416
4.2863517
4.3926473
4.065258
4.065258
4.3926473
4.2863517
4.6094894
3.414732
4.3926473
3.848416
4.503194
4.613741
3.414732
3.7421207
4.06951
3.7421207
3.631574
4.613741
3.9589627
4.2863517
4.2863517
4.3926473
3.9589627
3.9589627
3.414732
3.1978896
3.631574
3.848416
3.8526678
3.631574
3.1978896
3.5252786
3.7421207
4.1758046
4.06951
3.631574
3.1978896
4.724288
3.5252786
3.631574
4.724288
4.06951
3.1978896
4.06951
3.7421207
4.1758046
3.0873425
4.3968987
3.8526678
3.5252786
4.2863517
3.7421207
3.3084364
4.2863517
3.414732
3.3084364
4.06951
3.4189837
3.3084364
3.3084364
2.003132
2.9852993
3.6358256
3.2021413
3.0915945
2.330521
2.9810476
2.9852993
2.8747523
2.65791
2.7684572
2.4410682
3.312688
3.0915945
2.5473633
2.5473633
3.2021413
2.5516152
3.0958462
2.9852993
1.896837
1.896837
2.9852993
2.0073838
2.0073838
1.7905419
1.3568575
1.9010887
2.117931
1.0294685
1.6842467
1.3568575
1.3568575
1.3568575
2.3347728
0.8126264
1.5779516
1.1400155
0.7020795
1.2505624
2.44532
1.2463106
2.228478
1.5736997
0.5957843
2.0116355
1.7905419
1.3568575
1.3568575
1.5779516
1.2505624
1.4674045
1.0337203
0.60003614
1.7947936
0.70633125
0.70633125
0.9231734
1.0337203
2.0116355
0.70633125
0.81687826
0.1621001
1.0337203
1.1442673
-0.054742
-0.054742
0.38319403
0.81687826
0.9231734
1.2505624
0.70633125
1.7947936
0.1621001
0.27264705
0.4894892
0.49374095
0.27264705
-0.7052683
-0.050490197
1.2548143
-0.16103715
0.60003614
0.27264705
0.1621001
0.27264705
0.92742515
0.92742515
-0.4884262
0.27264705
0.81687826
0.055804953
-0.37787926
0.27264705
-0.37787926
-0.054742
0.055804953
-0.4884262
0.92742515
0.81687826
0.16635191
0.92742515
-0.2673323
-0.8115635
-1.4620898
-0.80731165
-1.4620898
-0.37362745
-1.568385
-0.91785866
-1.1347008
-1.7852271
-0.36937565
-1.568385
-1.895774
-1.1347008
-1.678932
-1.568385
-1.3515428
-1.2452477
-1.1347008
-1.0241537
-1.678932
-1.568385
-0.37362745
-1.678932
-0.2630805
-0.80731165
-1.2409959
-2.2189112
-2.2189112
-1.7852271
-2.8736894
-1.4578379
-2.3294582
-1.7852271
-0.9136068
-2.112616
-3.1968267
-2.7588906
-2.9757328
-4.285289
-2.1041124
-2.4357533
-3.3073738
-2.2189112
-2.3294582
-2.7631423
-1.3515428
-1.891522
-1.568385
-1.4578379
-1.891522
-1.7852271
-0.2630805
-1.7852271
-2.112616
-1.3515428
-1.2409959
-1.67468
-1.895774
-2.0020692
-0.6967647
-2.112616
-0.6967647
-1.1347008
-2.6568472
-0.8030599
-1.347291
-2.4357533
-0.9136068
-1.347291
-1.568385
-0.2630805
-0.6967647
-1.7852271
-1.4578379
-1.1347008
-2.112616
-0.2630805
-1.3515428
-1.678932
-0.91785866
-0.7010165
-0.4841744
-0.04623839
-0.91785866
-1.4620898
-0.37362745
-0.59046954
-0.8115635
-0.04623839
-0.59046954
-1.1347008
-1.2409959
-0.9136068
-1.2409959
-0.80731165
-0.59046954
-1.2452477
-0.04623839
-0.37362745
-0.59046954
-0.7010165
0.17060372
-2.112616
-1.0241537
-1.2409959
-0.91785866
-1.0241537
-0.04623839
-0.59046954
-0.04623839
-0.15678534
-0.04623839
-0.59046954
0.06005676
-0.2673323
-0.8115635
-0.2673323
-0.7010165
-0.7010165
-0.4841744
-1.2452477
-0.2630805
-1.0284055
0.27689886
-0.2673323
-1.0284055
-0.2673323
-0.2673323
-0.4841744
-0.7010165
-0.15678534
0.7105831
0.49374095
0.92742515
0.06005676
0.60003614
0.49374095
0.49374095
0.38319403
1.2548143
0.27689886
0.38319403
1.4716563
0.60003614
0.27264705
1.0379721
0.92742515
0.60003614
0.7105831
0.92742515
1.2548143
1.4716563
1.3611094
1.2548143
0.16635191
0.27264705
1.0379721
0.81687826
1.5822034
0.7105831
0.70633125
2.1221828
0.81687826
0.81687826
1.6884984
1.5779516
0.27264705
1.1442673
1.6884984
1.0337203
2.0158875
2.117931
1.4674045
2.4495716
1.7947936
0.9231734
1.9053404
2.228478
0.70633125
1.6884984
1.7947936
1.0337203
1.2548143
1.5779516
1.3611094
1.3611094
1.3611094
0.60003614
1.3611094
1.1442673
1.5779516
2.4495716
1.5779516
2.3390248
2.1221828
1.7947936
1.9010887
3.2063932
2.228478
1.9010887
2.5516152
1.5736997
2.117931
3.4232354
2.0073838
2.3347728
2.7684572
2.7684572
3.0958462
3.5295303
3.5295303
2.5516152
3.0958462
3.4189837
3.6400774
2.65791
3.0958462
4.1843085
3.4189837
3.2021413
4.2906036
4.0737615
4.0737615
3.9632149
3.7463725
4.613741
4.94113
4.2863517
4.613741
4.2863517
4.724288
4.3968987
4.830583
4.830583
4.724288
4.830583
5.3748145
5.4853616
4.613741
4.613741
5.0516768
4.94113
5.0474253
4.3968987
4.830583
4.94113
3.8526678
4.724288
4.180057
4.724288
4.830583
4.3968987
4.830583
4.613741
4.94113
4.830583
4.180057
4.180057
4.94113
5.268519
5.0516768
4.613741
5.0474253
5.264267
5.264267
4.503194
5.8084984
5.8084984
6.6801186
5.8084984
6.35273
5.481109
5.264267
5.6979513
5.264267
5.6979513
5.1537204
5.6979513
5.481109
5.1537204
6.0253406
6.0253406
6.0253406
5.2600155
4.826331
5.804247
5.914794
6.4590244
6.56532
7.3263927
7.3263927
6.454773
7.543235
6.892709
6.454773
6.9990044
7.3263927
7.2158465
6.9990044
7.8663726
8.087466
8.521151
6.9947524
8.631698
7.1052995
7.760078
8.087466
7.4326887
7.4326887
6.8884573
8.414855
7.3263927
7.4326887
7.649531
8.193762
7.2158465
8.410604
7.1052995
8.631698
7.649531
7.649531
8.083215
7.3221416
8.193762
7.9726677
7.9726677
8.516899
9.061131
9.061131
8.193762
8.844288
7.8663726
8.083215
7.8663726
7.9769197
8.844288
8.627446
8.733741
8.300056
8.627446
8.516899
9.061131
8.083215
8.516899
8.844288
8.733741
7.9726677
9.605361
8.295805
8.189509
8.516899
9.061131
9.388519
8.950583
9.388519
9.605361
8.733741
8.844288
7.538984
8.516899
8.189509
8.733741
8.733741
8.516899
8.623194
8.733741
9.499066
8.406352
9.061131
9.061131
9.715908
8.516899
9.061131
8.406352
9.711657
9.277972
8.623194
10.149592
8.406352
8.733741
9.494814
8.516899
8.516899
8.950583
8.189509
9.061131
8.189509
9.277972
9.384267
9.605361
10.039045
8.950583
9.822204
9.277972
8.844288
9.061131
8.300056
9.605361
9.167425
8.840036
9.277972
9.384267
8.950583
8.844288
8.950583
8.406352
8.406352
8.627446
9.061131
8.300056
8.516899
8.950583
8.950583
8.840036
8.623194
9.822204
10.145341
9.822204
9.167425
8.623194
9.061131
8.516899
7.8621206
9.277972
9.061131
8.844288
9.061131
8.950583
9.167425
8.950583
8.733741
8.627446
8.300056
8.737993
9.171678
8.193762
7.538984
8.521151
8.193762
8.189509
8.733741
8.844288
9.605361
8.733741
8.406352
8.406352
8.410604
8.193762
8.844288
8.300056
9.171678
8.300056
9.388519
7.9726677
8.083215
8.083215
8.410604
8.304308
8.193762
6.9947524
8.737993
8.410604
8.521151
8.737993
8.410604
8.193762
7.9769197
8.631698
7.8663726
6.9947524
8.193762
7.9769197
7.1052995
7.2158465
6.6758666
7.4369397
7.760078
7.653782
7.4326887
7.109551
6.7821617
7.109551
7.9769197
7.4326887
7.4369397
7.3263927
6.237931
7.870624
7.653782
7.653782
7.109551
6.892709
6.56532
6.0210886
7.5474873
7.220098
6.1316357
6.7864137
6.7864137
5.6979513
7.330645
5.6979513
6.1358876
5.3705626
5.481109
5.2600155
6.1316357
6.8969607
5.4768577
5.264267
6.1358876
6.2421827
6.1316357
6.2421827
6.5695715
5.481109
6.0253406
5.264267
5.591656
6.0253406
5.1537204
4.503194
5.0474253
5.481109
5.591656
5.1579723
4.936878
4.2863517
4.830583
3.9589627
5.3748145
4.720036
5.4853616
5.8084984
4.613741
4.94113
5.591656
4.724288
5.591656
5.4853616
4.830583
5.0474253
5.3748145
4.2863517
4.830583
5.0474253
5.0516768
4.613741
4.724288
4.94113
4.3968987
5.0474253
4.613741
4.3968987
5.591656
4.94113
5.7022033
5.1579723
4.830583
5.7022033
4.936878
4.3968987
4.94113
5.3748145
4.2863517
4.830583
4.3968987
4.613741
4.3968987
5.1579723
4.06951
4.3968987
3.5252786
5.268519
4.613741
4.830583
5.1579723
5.1579723
4.503194
4.503194
4.936878
4.94113
4.3968987
4.724288
3.8526678
4.2863517
5.595908
4.503194
4.830583
4.936878
4.830583
4.613741
4.2863517
4.613741
4.06951
4.3968987
5.0474253
3.9589627
4.613741
4.613741
4.2863517
4.180057
4.503194
5.4853616
3.9589627
4.830583
4.724288
5.0474253
4.2863517
4.830583
5.1537204
5.3748145
5.591656
5.1537204
6.1358876
4.503194
4.1758046
5.0474253
4.720036
5.0474253
4.503194
5.0474253
5.591656
4.830583
5.9190454
5.264267
4.06951
4.503194
5.3748145
5.264267
5.264267
6.0253406
5.3748145
5.481109
5.591656
5.914794
4.3926473
6.5695715
5.6979513
5.591656
5.3705626
5.591656
6.1358876
5.481109
5.1537204
5.3705626
5.0431733
5.804247
4.936878
5.3705626
5.914794
5.6979513
5.481109
4.936878
5.3705626
5.5874047
6.2421827
6.56532
5.804247
5.6979513
5.5874047
6.6758666
6.7864137
5.6979513
6.348478
5.4768577
5.4768577
7.220098
6.0210886
5.804247
7.109551
5.9105415
6.237931
7.3263927
6.0210886
6.348478
5.9105415
5.804247
6.237931
6.9990044
5.6937
6.237931
6.237931
6.7821617
6.9990044
7.4326887
7.543235
6.561068
6.8884573
7.109551
6.9990044
6.454773
7.3263927
6.561068
6.77791
6.8884573
7.1052995
7.3221416
7.1052995
6.561068
6.9990044
6.77791
7.3221416
8.737993
8.410604
6.9947524
8.627446
8.083215
8.627446
7.4284363
7.9769197
7.3221416
6.77791
7.649531
7.7558255
6.450521
8.193762
7.2115946
6.77791
7.538984
7.3221416
7.3221416
7.3221416
7.4284363
7.760078
8.521151
8.083215
7.9769197
7.7558255
8.516899
7.4284363
8.627446
7.649531
8.083215
7.538984
7.8663726
7.1052995
7.4326887
7.4326887
7.4326887
7.9769197
8.300056
7.7558255
6.77791
7.8663726
7.538984
7.8663726
7.7558255
7.7558255
7.1052995
8.193762
7.1052995
7.538984
6.8842053
6.3442264
7.870624
7.543235
6.1273837
7.2158465
6.3442264
7.4326887
7.1052995
7.649531
6.8884573
7.4326887
7.7558255
7.8663726
7.7558255
7.538984
7.3221416
7.3221416
6.9947524
7.8663726
8.410604
7.3221416
8.193762
6.9947524
7.1052995
6.561068
7.7558255
7.649531
7.2158465
6.561068
7.543235
6.237931
6.3442264
7.543235
6.454773
6.454773
6.561068
6.9990044
6.454773
7.3221416
6.450521
6.9990044
6.8884573
6.3442264
7.4326887
7.2158465
6.671615
6.2336793
7.2158465
6.2336793
6.7821617
6.3442264
6.6758666
6.016837
5.804247
6.454773
6.237931
6.0210886
6.1316357
6.0210886
6.237931
6.0210886
6.0210886
6.237931
5.799995
7.109551
5.9105415
6.237931
6.1273837
5.4768577
5.6937
6.0210886
6.9990044
5.9105415
6.0210886
6.454773
6.237931
5.3705626
6.237931
5.2600155
6.4590244
6.348478
5.804247
5.4768577
6.1273837
5.6937
6.0210886
5.6937
5.914794
6.1316357
6.0210886
5.5874047
5.5874047
5.0431733
6.348478
5.3705626
5.3705626
6.1316357
5.2600155
6.1316357
5.6979513
5.2600155
4.4989424
5.6979513
4.936878
5.6979513
5.481109
5.3705626
5.481109
4.826331
5.914794
5.3705626
4.2821
4.936878
6.0253406
6.0253406
5.1537204
5.914794
6.0253406
5.8084984
4.720036
3.9589627
4.830583
4.503194
4.936878
4.830583
3.9589627
3.9589627
4.2863517
3.9589627
4.720036
3.631574
4.830583
4.1758046
4.503194
4.613741
4.3968987
4.720036
4.065258
3.8526678
3.9589627
4.830583
4.3968987
4.503194
4.613741
4.503194
3.414732
3.1978896
4.3968987
4.613741
4.2863517
4.3968987
2.9810476
3.0915945
3.6358256
3.7463725
3.5252786
3.0915945
3.2021413
4.180057
3.2021413
3.6358256
3.8526678
2.9852993
3.5252786
3.3084364
3.4189837
3.8526678
3.5252786
3.9632149
3.8526678
3.3084364
3.7463725
3.9632149
2.7642052
4.0737615
3.2021413
2.330521
3.3084364
2.8747523
2.8747523
3.9632149
3.9632149
3.3084364
4.180057
3.8526678
2.9852993
4.2906036
4.06951
2.003132
3.2021413
3.3084364
2.1136792
3.5295303
2.8747523
2.65791
4.507446
2.8747523
3.7463725
3.6358256
2.5473633
3.7463725
2.4410682
3.5295303
2.65791
2.8747523
4.2906036
2.224226
3.2021413
3.2021413
2.117931
2.7684572
2.224226
2.7684572
2.224226
2.879004
2.3347728
2.224226
2.9852993
2.3347728
2.7684572
2.330521
2.3347728
4.0737615
3.2021413
2.9852993
3.4189837
2.7684572
3.312688
2.5516152
2.65791
2.224226
2.3347728
2.224226
1.5736997
1.9010887
2.5516152
1.6842467
2.662162
1.0294685
2.3390248
2.44532
1.9010887
2.662162
1.0294685
1.6842467
2.662162
1.5736997
1.3568575
2.662162
2.117931
1.7905419
1.3568575
1.0294685
1.4674045
2.0116355
2.228478
1.1400155
1.5736997
1.6799948
2.117931
2.228478
0.9231734
1.6884984
2.3390248
0.37894222
2.0116355
1.9010887
0.5957843
2.3390248
0.5957843
1.7947936
1.5779516
0.9231734
0.9231734
0.70633125
1.7947936
1.6842467
0.8126264
2.0116355
0.27264705
1.3611094
0.5957843
1.5779516
1.4674045
1.0337203
0.81687826
1.4674045
0.055804953
1.0337203
0.4894892
0.4894892
1.9053404
1.0337203
1.1442673
1.6884984
0.81687826
0.60003614
0.38319403
1.1442673
0.27264705
-0.4884262
1.1442673
0.055804953
0.06005676
0.6042879
-0.2673323
-0.050490197
-0.15678534
-0.8115635
0.16635191
0.16635191
0.27689886
0.27689886
0.82113004
-0.050490197
0.16635191
0.82113004
0.6042879
0.16635191
0.92742515
-0.7052683
0.60003614
1.0379721
-0.37787926
0.49374095
0.38319403
0.16635191
-0.5947214
0.7105831
-0.2673323
-0.8115635
0.3874458
-0.2673323
-0.4884262
1.2548143
0.38319403
0.27264705
0.38319403
1.3611094
1.4716563
0.27264705
0.38319403
0.38319403
-1.5726367
0.17060372
-1.1347008
-2.4400053
-1.1347008
-1.568385
-2.112616
-0.37362745
0.06005676
0.16635191
-0.16103715
0.81687826
0.70633125
1.7947936
1.9010887
1.1400155
2.44532
2.117931
1.6842467
2.117931
1.7905419
1.1400155
0.9231734
0.9231734
0.27264705
0.38319403
0.7105831
-0.4841744
0.7105831
0.16635191
-0.4884262
0.60003614
0.16635191
-0.054742
1.4674045
0.38319403
1.6842467
0.9231734
0.70633125
1.5736997
2.3347728
1.5736997
3.0958462
1.5736997
3.0958462
2.5516152
2.224226
3.7506244
2.224226
1.5736997
2.555867
0.9231734
1.2505624
1.4674045
2.0116355
1.5736997
1.2463106
2.0116355
1.9010887
1.2505624
2.989551
2.3390248
2.44532
2.44532
1.6842467
1.7905419
1.7905419
2.879004
3.6400774
2.330521
2.7684572
3.5295303
2.1136792
3.5295303
3.5295303
2.5516152
3.312688
2.3347728
2.5516152
3.312688
1.6799948
2.7684572
3.312688
2.65791
2.330521
3.7463725
2.65791
2.330521
3.7463725
2.9810476
3.0915945
4.0737615
2.8747523
2.5473633
4.180057
3.6358256
2.330521
3.0915945
4.2906036
3.6358256
3.6358256
2.9810476
3.4189837
2.9852993
3.7463725
4.180057
3.6358256
4.06951
3.7421207
4.2863517
3.631574
3.7421207
4.503194
4.3968987
4.1758046
3.848416
3.414732
4.720036
3.848416
4.830583
5.1579723
4.720036
3.631574
3.848416
4.613741
4.94113
3.848416
4.2863517
3.631574
4.720036
5.0474253
5.0474253
4.936878
4.503194
5.0474253
4.720036
4.613741
5.0474253
4.830583
4.613741
4.936878
4.3926473
4.830583
4.720036
4.503194
4.06951
3.8526678
5.0474253
4.724288
4.3968987
4.720036
4.613741
4.613741
4.1758046
4.2863517
4.3968987
4.065258
3.8526678
5.0474253
3.848416
4.830583
4.826331
4.3926473
5.9190454
4.936878
4.826331
5.481109
5.0431733
5.481109
4.826331
5.3705626
5.1537204
4.4989424
5.2600155
5.6979513
4.936878
5.1537204
5.914794
5.804247
4.715784
5.804247
4.826331
5.3705626
4.2821
4.2863517
4.720036
3.631574
4.2863517
4.826331
4.720036
6.0210886
5.0431733
6.1273837
5.4768577
6.7821617
5.583153
6.671615
6.3442264
6.9990044
6.237931
5.583153
6.0210886
6.7821617
5.804247
6.1316357
6.4590244
5.5874047
5.5874047
4.826331
5.3705626
5.6979513
4.826331
5.3705626
5.2600155
4.6094894
5.0431733
5.804247
5.4768577
5.583153
5.4768577
5.3663106
5.9105415
6.237931
6.7821617
5.9105415
6.7821617
5.5874047
6.0210886
5.9105415
6.454773
6.56532
6.0210886
6.237931
6.7821617
6.1316357
5.3705626
5.4768577
3.954711
5.0474253
5.0474253
4.1758046
3.631574
5.3748145
4.1758046
4.6094894
3.9589627
3.5252786
4.2863517
4.180057
4.06951
3.848416
4.613741
4.6094894
5.1537204
4.6094894
4.3926473
3.848416
3.414732
3.9589627
3.0915945
3.2021413
3.0958462
3.2021413
1.7905419
3.0958462
2.9852993
2.65791
3.6358256
3.3084364
3.6358256
3.4189837
3.2021413
2.5516152
1.896837
2.0073838
2.879004
2.44532
2.4410682
2.5516152
2.7684572
2.65791
2.8747523
3.0958462
2.7684572
1.5736997
2.0073838
2.228478
2.3347728
2.3347728
2.224226
3.312688
2.0073838
2.7684572
2.662162
1.6842467
1.7947936
1.9010887
1.2505624
1.5779516
2.0116355
0.37894222
1.0337203
0.81687826
0.70633125
0.5957843
2.0116355
2.1221828
1.7947936
1.3611094
2.0116355
1.1400155
2.3390248
2.3390248
1.1400155
2.772709
2.0116355
1.4674045
1.6842467
1.7947936
0.37894222
1.4716563
1.2505624
1.2505624
1.0337203
1.3611094
0.16635191
0.38319403
0.38319403
0.38319403
0.92742515
0.92742515
1.4716563
0.4894892
0.27264705
1.3611094
1.1442673
1.7947936
1.2505624
0.9231734
1.6842467
0.5957843
1.3611094
1.3568575
1.0337203
1.2505624
0.70633125
0.81687826
1.1442673
0.38319403
0.38319403
-0.050490197
0.38319403
0.38319403
0.81687826
0.60003614
0.7105831
0.92742515
0.60003614
0.70633125
0.38319403
0.27264705
0.60003614
0.7105831
-0.27158412
1.4716563
-0.16103715
0.055804953
0.055804953
1.2548143
0.16635191
0.49374095
0.16635191
0.60003614
0.49374095
0.49374095
-0.16103715
0.92742515
0.7105831
-0.16103715
0.7105831
0.7105831
1.4716563
0.27264705
0.60003614
1.7990454
0.81687826
0.81687826
1.3653612
0.7105831
0.7105831
0.92742515
1.4716563
1.4716563
0.60003614
1.4716563
0.7105831
0.27264705
1.5822034
0.16635191
1.0379721
0.7105831
0.27264705
0.38319403
0.27264705
0.055804953
1.0337203
2.0158875
1.1442673
0.81687826
0.81687826
0.38319403
0.055804953
0.81687826
1.3611094
1.0379721
1.5822034
0.4894892
1.6884984
0.9231734
0.92742515
1.0337203
0.4894892
0.7105831
0.60003614
0.38319403
1.2548143
0.38319403
0.7105831
1.2548143
0.49374095
0.38319403
1.2548143
1.1442673
1.1442673
0.055804953
0.60003614
0.27264705
0.60003614
0.81687826
0.38319403
0.60003614
1.3653612
1.0337203
0.38319403
0.92742515
0.7105831
0.92742515
0.7105831
0.38319403
0.60003614
0.16635191
0.7105831
-0.16103715
0.6042879
1.5822034
0.38319403
0.92742515
0.49374095
0.055804953
0.60003614
-0.16103715
0.16635191
-0.37787926
-0.050490197
1.0379721
-0.2673323
0.06005676
-0.15678534
-0.050490197
-0.2673323
1.6884984
0.055804953
0.055804953
0.16635191
0.06005676
0.3874458
-0.15678534
-0.4841744
-0.5947214
0.3874458
0.3874458
0.27689886
0.60003614
0.60003614
0.92742515
0.92742515
1.4716563
0.7105831
0.7105831
1.0379721
0.92742515
0.27689886
0.38319403
0.60003614
1.4716563
0.60003614
1.2548143
0.16635191
0.38319403
1.2548143
0.49374095
0.49374095
1.0379721
0.49374095
0.92742515
0.16635191
0.4894892
1.0337203
0.81687826
1.0337203
0.81687826
1.1442673
-0.054742
0.60003614
0.055804953
1.6884984
1.1442673
0.60003614
0.92742515
1.3611094
0.055804953
1.6884984
0.4894892
0.60003614
-0.16103715
0.27264705
0.49374095
0.38319403
0.16635191
1.0379721
-0.37787926
1.1442673
0.055804953
0.4894892
0.81687826
1.7947936
0.055804953
0.7105831
0.49374095
0.92742515
1.0379721
0.38319403
1.2548143
0.60003614
1.1442673
0.38319403
-0.37787926
1.3611094
0.4894892
0.055804953
0.27689886
-0.050490197
-0.2673323
-0.5947214
-0.7010165
-1.1389525
0.16635191
-0.050490197
0.38319403
-0.050490197
-0.2673323
0.27689886
-0.9221104
0.16635191
-0.050490197
-0.050490197
0.92742515
-0.16103715
0.38319403
1.5822034
-0.050490197
0.38319403
0.38319403
-0.37787926
-0.050490197
-0.8115635
-0.4841744
0.3874458
-0.2673323
-0.8115635
-0.050490197
-0.9221104
0.82113004
0.7105831
0.38319403
0.49374095
0.7105831
0.16635191
-0.8115635
-0.7010165
-1.1347008
-0.91785866
0.06430857
-1.678932
-0.37362745
-0.37362745
-1.2452477
0.49799278
-1.2452477
-0.04623839
-1.2452477
-1.4620898
-0.37362745
0.27689886
-0.2673323
0.82113004
-0.2673323
0.16635191
1.0379721
-0.7052683
-0.5947214
1.2548143
0.06005676
-0.5947214
-0.15678534
-1.1347008
-1.1347008
-1.568385
-1.3515428
-0.80731165
-1.3515428
-0.59046954
-1.568385
-2.112616
-0.47992262
-1.0241537
-1.1347008
-1.0241537
-0.80731165
-0.91785866
-0.04623839
-0.7010165
-0.37362745
-0.80731165
-1.2452477
-0.04623839
-2.006321
-0.04623839
-1.7894788
-0.80731165
-0.91785866
-0.91785866
-1.568385
-0.59046954
-2.223163
-0.2630805
-1.568385
-2.223163
-2.006321
-1.4620898
-0.59046954
-1.3515428
-1.568385
-1.0241537
-2.006321
-1.2452477
-0.91785866
0.06005676
-1.5726367
0.27689886
0.16635191
-0.37787926
0.7105831
0.27689886
-0.37787926
-0.4841744
-0.37362745
-0.2673323
0.3874458
0.06005676
-0.7010165
0.3874458
-0.8115635
-1.0284055
-0.050490197
-0.2673323
0.60003614
-0.050490197
0.38319403
0.27264705
0.16635191
0.38319403
1.1442673
-0.37787926
0.49374095
1.1442673
0.16635191
0.60003614
0.27264705
0.055804953
1.2548143
-0.37787926
0.16635191
0.16635191
1.0379721
0.60003614
-0.16103715
0.38319403
0.27264705
0.1621001
0.16635191
0.49374095
0.60003614
0.16635191
0.38319403
0.38319403
0.60003614
0.4894892
0.27264705
1.2548143
0.4894892
0.81687826
1.1442673
1.2505624
0.9231734
1.2505624
1.4674045
1.0337203
1.4674045
0.9231734
1.9010887
1.5736997
2.228478
0.9231734
0.70633125
1.0337203
0.4894892
1.3611094
0.9231734
0.81687826
1.5779516
0.37894222
1.2505624
0.70633125
2.228478
1.0294685
2.3347728
1.5736997
2.117931
2.117931
1.6842467
2.224226
2.5516152
2.5516152
2.879004
2.879004
2.3347728
2.7684572
2.3347728
2.9852993
1.7905419
2.5516152
2.5516152
1.6799948
2.0073838
3.5295303
2.0073838
2.3347728
1.6799948
2.3347728
1.4631528
2.4410682
2.224226
3.2063932
2.9852993
2.8747523
3.312688
2.9852993
2.330521
3.8569195
2.5473633
4.724288
3.1978896
4.724288
3.8526678
4.06951
3.9589627
4.06951
3.0915945
4.8348346
3.4189837
3.3084364
4.613741
4.94113
3.8526678
3.9632149
3.414732
3.8526678
3.7421207
3.8526678
4.613741
4.720036
4.3968987
3.8526678
3.5252786
5.0474253
3.3084364
4.06951
4.613741
3.6358256
4.3968987
3.5252786
4.613741
4.06951
3.9589627
4.06951
4.613741
3.7421207
4.720036
4.2863517
3.7421207
4.94113
4.94113
4.720036
4.94113
4.3968987
3.5252786
4.06951
3.414732
3.631574
4.503194
4.065258
3.5252786
4.2863517
4.3968987
4.065258
3.5252786
4.503194
4.06951
3.8526678
3.414732
3.414732
3.7421207
3.9589627
4.2863517
3.7421207
4.06951
4.065258
3.1978896
3.9589627
4.1758046
4.3968987
4.3926473
3.631574
4.2863517
4.720036
4.830583
4.2863517
4.06951
3.414732
3.631574
4.2863517
3.7421207
4.3968987
3.5252786
2.8747523
4.06951
3.414732
4.06951
4.06951
4.1758046
3.5252786
3.631574
3.3084364
3.5252786
3.6358256
2.8747523
2.330521
2.7642052
3.3084364
4.06951
3.414732
3.1978896
3.7421207
3.1978896
3.1978896
4.2863517
3.6358256
3.8526678
4.2863517
3.8526678
4.3968987
3.0873425
3.8526678
3.414732
3.8526678
3.3084364
3.8526678
3.6358256
3.9632149
4.06951
2.9810476
4.830583
3.5252786
2.9810476
4.94113
4.3968987
3.3084364
4.2863517
3.9589627
4.06951
4.2863517
4.2863517
3.9589627
4.503194
4.503194
4.3926473
4.503194
3.7421207
4.2863517
4.503194
3.7421207
3.9589627
3.631574
3.5252786
3.7421207
3.8526678
3.2021413
3.5252786
2.9852993
3.4189837
2.7684572
2.5473633
4.180057
2.8747523
2.65791
3.0915945
3.4189837
3.3084364
3.3084364
3.8526678
3.9632149
3.8526678
2.7642052
4.724288
3.631574
2.9810476
3.6358256
3.5252786
4.3968987
4.180057
3.8526678
3.4189837
2.7642052
2.5473633
2.330521
3.2021413
2.9852993
3.0915945
2.65791
2.65791
2.65791
3.3084364
3.3084364
2.7642052
3.5252786
3.1978896
4.613741
4.1758046
3.1978896
3.631574
4.06951
4.2863517
3.9589627
3.414732
4.503194
5.0474253
3.848416
4.1758046
4.1758046
3.848416
4.503194
4.613741
4.613741
3.9589627
3.5252786
3.8526678
3.7421207
4.3926473
3.9589627
4.2863517
4.830583
4.503194
3.9589627
3.9589627
3.848416
4.613741
3.9589627
5.0474253
4.1758046
3.631574
3.848416
4.06951
3.9589627
4.830583
4.3968987
3.631574
3.1978896
4.3968987
4.1758046
4.3968987
4.936878
3.848416
4.936878
4.3926473
3.631574
4.720036
5.3705626
5.1537204
4.936878
5.5874047
4.3926473
4.826331
5.804247
4.6094894
4.065258
5.5874047
4.826331
5.1537204
4.6094894
4.2821
5.4768577
4.9326262
4.6094894
4.4989424
5.804247
5.5874047
5.1494684
6.0210886
5.6937
4.8220797
5.804247
5.6937
5.9105415
6.9990044
5.4768577
5.4768577
5.1494684
7.109551
5.6937
6.454773
7.1052995
6.671615
6.671615
6.561068
7.1052995
6.9947524
7.2158465
6.450521
6.561068
7.538984
6.77791
7.3221416
7.538984
6.123132
6.9947524
7.3221416
6.77791
6.8884573
6.9947524
6.3442264
6.77791
6.9947524
6.77791
7.4284363
6.77791
7.4284363
7.1010475
8.189509
8.189509
7.5347314
8.300056
8.623194
7.7515736
8.623194
7.7515736
7.9684157
8.078962
8.840036
7.7515736
8.623194
8.623194
8.078962
8.406352
8.295805
7.9684157
7.8621206
8.078962
7.5347314
7.1010475
7.8621206
7.8621206
7.7515736
8.189509
8.512647
7.7515736
9.384267
8.835785
9.269468
8.835785
9.924246
9.703153
9.703153
10.574773
9.269468
10.357931
10.464226
8.94208
9.596858
10.1410885
8.946331
9.596858
9.052627
9.052627
10.034794
8.946331
9.27372
8.835785
9.490562
8.618942
10.1410885
10.1410885
10.574773
10.247384
9.919995
11.114753
10.570521
11.76953
11.331594
10.681068
11.442142
11.331594
12.203215
11.221047
11.331594
10.681068
10.893659
11.552689
10.89791
10.136837
11.119004
10.7916155
10.89791
10.7916155
10.681068
10.681068
10.574773
11.114753
10.136837
10.464226
11.442142
10.136837
11.442142
11.114753
10.02629
10.787363
11.331594
11.008457
10.353679
11.331594
11.008457
11.331594
11.986373
11.008457
10.89791
10.353679
10.464226
10.681068
10.89791
11.119004
10.353679
10.030542
10.681068
10.787363
11.442142
10.353679
10.787363
10.570521
10.89791
11.658983
11.765279
10.02629
11.331594
10.570521
11.875826
10.893659
11.114753
11.986373
11.654732
11.986373
11.437889
10.353679
11.765279
11.221047
10.787363
10.02629
11.658983
11.442142
11.548436
10.787363
11.548436
10.676816
10.89791
11.004206
12.203215
11.548436
10.787363
11.548436
11.114753
11.331594
10.570521
11.114753
11.548436
11.875826
11.331594
10.676816
10.787363
11.2253
11.331594
11.004206
11.76953
10.676816
10.464226
10.681068
10.353679
10.7916155
10.676816
10.353679
10.570521
10.89791
11.331594
10.136837
11.765279
10.570521
11.548436
11.004206
10.570521
11.2253
11.331594
10.787363
10.464226
11.552689
11.2253
11.335847
10.464226
10.7916155
10.89791
9.703153
9.486311
10.68532
10.357931
10.1410885
10.247384
10.468477
10.464226
9.375764
9.380016
9.8137
9.8137
10.247384
9.919995
10.464226
10.030542
9.269468
10.247384
10.464226
11.008457
10.247384
10.136837
9.375764
10.030542
10.1410885
9.490562
9.163173
8.835785
8.729489
9.384267
9.6011095
8.406352
9.056878
8.512647
8.4021
8.946331
8.078962
8.623194
8.078962
8.512647
7.9684157
8.623194
8.295805
7.8621206
8.618942
8.4021
9.27372
8.729489
8.623194
8.512647
7.7515736
8.185258
8.729489
8.946331
7.5347314
9.167425
7.9684157
8.406352
7.317889
7.6452785
6.7736583
6.667363
7.7558255
7.6452785
8.189509
7.9726677
7.9726677
6.667363
6.8842053
7.9726677
6.667363
7.7558255
6.8842053
7.4284363
6.667363
7.317889
7.538984
6.556816
7.1010475
7.7558255
7.4284363
6.339974
7.649531
6.556816
6.450521
6.8842053
6.9947524
6.8884573
6.3442264
6.3442264
5.799995
6.671615
6.016837
6.237931
6.237931
5.038922
5.6937
5.3663106
6.454773
5.9105415
6.237931
6.1273837
5.9105415
5.9105415
5.2557635
5.799995
6.1273837
4.715784
5.2600155
5.3663106
4.715784
5.4768577
5.4768577
4.9326262
5.6937
5.2600155
5.2600155
5.1537204
4.826331
4.826331
4.826331
5.2600155
4.3883953
5.2600155
5.2600155
4.826331
3.848416
4.826331
4.4989424
3.9589627
4.826331
4.6094894
4.720036
4.1758046
4.503194
4.3926473
4.2821
4.065258
4.503194
4.503194
4.1758046
3.9589627
3.9589627
4.503194
4.065258
4.1758046
3.737869
3.631574
3.414732
3.1978896
3.7421207
4.503194
3.414732
3.1978896
3.7421207
3.9589627
3.848416
3.7421207
3.5210268
3.414732
3.3084364
3.5252786
2.2199743
3.0915945
2.7642052
2.003132
2.5473633
2.7642052
2.330521
3.0915945
3.3084364
2.5473633
3.3084364
3.5252786
2.9810476
2.330521
2.5473633
3.0915945
3.2021413
2.8747523
2.7642052
2.330521
2.8747523
2.5473633
2.8747523
2.5473633
2.8747523
2.9852993
2.65791
2.1136792
1.6799948
2.4410682
2.4410682
2.1136792
1.896837
1.6799948
2.0073838
2.4410682
1.896837
2.003132
2.1136792
2.5473633
1.7862899
2.4410682
2.65791
1.5694479
3.3084364
3.0915945
1.4631528
1.7862899
2.330521
2.0073838
1.6799948
2.224226
2.117931
1.6799948
1.896837
1.4631528
3.2021413
1.5694479
1.896837
2.9852993
1.6799948
2.4410682
2.330521
1.896837
2.7684572
2.5516152
1.4631528
2.5516152
2.0073838
2.0073838
2.5516152
2.0073838
1.2463106
1.7905419
1.7905419
1.1400155
2.117931
2.117931
2.1136792
1.2463106
1.2463106
2.5516152
2.0073838
2.0073838
2.7684572
2.0073838
1.4631528
2.5516152
1.7905419
1.6799948
1.4631528
1.7905419
1.0294685
2.117931
2.3347728
1.5736997
1.6842467
1.2463106
1.4674045
0.9231734
1.3568575
1.0294685
0.9231734
1.5736997
2.117931
1.0294685
0.8126264
0.8126264
0.70633125
0.48523736
2.3347728
1.1400155
1.7905419
2.0073838
1.4631528
1.6799948
2.4410682
1.2463106
1.6799948
1.5736997
2.224226
1.5736997
1.7905419
0.9189216
0.7020795
1.3568575
0.8126264
0.8126264
1.5736997
1.2463106
0.5957843
1.5736997
0.48523736
0.8126264
2.7684572
1.0294685
1.2463106
2.9852993
1.1357636
2.1136792
1.5694479
1.3526058
1.7905419
1.896837
1.5736997
1.3526058
0.9189216
1.3568575
2.117931
1.3526058
1.7905419
2.3347728
0.9189216
1.6799948
2.3347728
1.4631528
1.2463106
2.4410682
1.4631528
0.9189216
1.6799948
1.3526058
2.1136792
1.3526058
2.1136792
2.65791
2.1136792
2.4410682
2.5473633
2.330521
2.9852993
3.3084364
2.2199743
3.4189837
2.5473633
1.896837
2.8747523
2.65791
1.6799948
3.0915945
2.003132
2.330521
3.3084364
2.1136792
2.7642052
3.5252786
3.3084364
3.414732
4.06951
3.3041847
3.5210268
3.737869
4.065258
3.848416
3.3041847
4.065258
3.5210268
3.5210268
4.4989424
4.3926473
4.6094894
3.5210268
3.954711
4.3926473
4.1758046
3.1936376
4.065258
4.3926473
4.065258
3.737869
5.4768577
5.6937
4.4946904
5.1494684
5.3663106
4.605237
4.715784
5.3663106
5.1494684
4.8220797
5.583153
6.1273837
5.2557635
4.8220797
6.450521
5.799995
4.4946904
5.4726057
5.038922
4.8220797
6.561068
5.038922
5.583153
5.4726057
5.583153
5.799995
6.1273837
5.038922
6.561068
6.3442264
6.016837
5.2557635
6.016837
6.016837
5.689448
5.799995
6.77791
6.667363
6.339974
6.77791
5.90629
5.4726057
6.016837
7.2115946
6.012585
6.123132
6.450521
6.450521
6.012585
6.7736583
6.8842053
7.317889
6.556816
7.1010475
6.556816
6.556816
6.339974
7.317889
5.795743
5.90629
6.012585
6.7736583
7.317889
6.7736583
6.7736583
7.317889
6.7736583
6.2294273
7.7515736
6.7736583
6.7736583
7.1010475
7.207342
6.7736583
7.4241843
7.5347314
6.1188803
7.4284363
7.4284363
6.012585
6.339974
7.1010475
6.4462695
6.8799534
6.9905005
7.207342
7.4241843
6.663111
7.7515736
6.663111
6.9905005
7.5347314
6.556816
6.9905005
7.317889
6.9905005
7.4241843
7.207342
6.9905005
7.207342
7.207342
6.9905005
6.9905005
7.1010475
6.2294273
7.5347314
7.5347314
6.8799534
7.9684157
7.096796
6.9905005
7.4241843
6.7736583
7.5347314
6.2294273
7.4241843
7.4241843
7.5347314
6.3357224
7.9684157
7.096796
7.096796
6.8799534
6.8799534
7.6410265
7.4241843
7.6410265
7.4241843
7.4241843
7.9684157
8.397848
9.380016
7.636775
8.397848
8.397848
8.070459
9.048374
8.8315325
10.464226
9.265217
9.592606
10.02629
9.482059
9.592606
10.243132
10.136837
9.809448
9.698901
9.809448
9.809448
10.136837
9.265217
10.02629
10.570521
9.915743
9.805196
9.15467
9.915743
9.915743
10.353679
8.720985
10.136837
9.482059
9.482059
9.482059
9.915743
9.482059
8.82728
10.02629
9.809448
9.698901
8.8315325
10.570521
8.937827
8.614691
9.592606
9.375764
9.375764
9.158921
8.8315325
7.853617
8.2915535
9.163173
8.074712
8.835785
8.074712
7.419933
8.4021
8.2915535
6.986249
7.4241843
7.203091
6.769407
7.4241843
6.8799534
7.5347314
7.4241843
7.313638
8.2915535
7.747322
8.512647
6.8799534
7.5347314
6.8799534
7.6410265
8.185258
7.9684157
7.7515736
7.096796
7.6410265
7.096796
7.9684157
7.096796
6.2251754
6.8799534
6.7736583
6.2336793
7.1010475
5.578901
6.2336793
6.339974
6.123132
7.6452785
7.4241843
6.4462695
6.7736583
5.3620586
6.556816
6.339974
6.8799534
8.078962
7.313638
6.769407
7.9684157
7.6410265
6.5525646
7.096796
7.096796
7.207342
7.096796
6.8799534
7.4241843
7.317889
6.2294273
6.8799534
7.9684157
7.4241843
8.181006
7.74307
8.397848
8.725238
8.725238
8.181006
9.052627
9.158921
9.703153
9.698901
9.269468
9.698901
10.136837
9.048374
8.393597
8.720985
10.136837
9.375764
9.048374
9.375764
8.287301
9.809448
9.809448
9.371511
10.787363
9.477807
9.915743
9.588354
10.132585
9.698901
11.1105
10.0220375
10.23888
10.999953
11.1105
10.6725645
10.566269
11.221047
10.999953
10.132585
10.132585
10.676816
10.566269
11.221047
11.221047
10.676816
9.915743
11.004206
10.132585
11.004206
11.327342
10.132585
10.6725645
11.221047
11.1105
10.783112
11.327342
11.437889
9.800944
11.1105
12.305258
10.995702
12.411553
11.761026
11.216796
10.566269
10.566269
10.6725645
10.999953
11.977869
11.761026
10.999953
11.327342
10.783112
11.1105
10.455723
10.783112
10.999953
10.345176
11.327342
11.216796
11.977869
11.977869
11.761026
10.893659
10.23888
11.327342
10.23888
10.999953
10.6725645
10.23888
10.345176
10.345176
10.566269
10.999953
10.893659
10.999953
10.349427
10.676816
10.893659
10.23888
9.805196
10.23888
10.459974
10.02629
9.477807
9.805196
11.004206
10.23888
9.805196
9.915743
10.243132
9.477807
9.915743
9.69465
10.349427
10.893659
10.345176
10.999953
10.566269
9.915743
9.915743
9.698901
10.243132
11.654732
10.566269
10.455723
10.676816
10.455723
10.676816
11.1105
10.566269
10.893659
10.999953
10.566269
9.69465
10.455723
10.455723
10.349427
10.566269
11.327342
11.1105
10.783112
10.999953
10.893659
10.6725645
9.911491
11.1105
10.783112
11.1105
10.455723
11.327342
10.77886
10.999953
11.1105
10.23888
10.783112
10.566269
11.437889
10.999953
10.676816
10.783112
11.1105
10.455723
10.6725645
10.566269
9.584103
10.787363
11.1105
10.893659
10.783112
11.65048
10.995702
11.756775
11.216796
10.128334
10.999953
11.327342
11.327342
11.433638
11.433638
10.349427
9.805196
9.698901
8.82728
9.158921
9.486311
10.570521
9.809448
10.787363
10.566269
9.048374
9.265217
10.353679
9.265217
11.004206
12.088415
11.761026
10.566269
9.150418
8.393597
8.8315325
9.486311
9.269468
9.486311
8.074712
6.7736583
7.207342
6.4462695
6.5525646
7.309386
10.136837
10.243132
8.610438
9.158921
9.809448
7.309386
7.5304804
7.9641643
8.614691
7.9599123
9.375764
8.610438
9.371511
8.504144
8.287301
8.614691
8.181006
7.857869
7.7515736
7.096796
7.4241843
8.729489
8.504144
9.158921
9.592606
9.048374
9.703153
9.048374
9.486311
9.375764
8.614691
8.508395
8.181006
6.875702
7.6410265
7.857869
6.8799534
6.1188803
6.8799534
5.468354
5.1452165
6.016837
5.583153
4.7115326
4.928375
4.7115326
5.90629
5.468354
7.1010475
6.8842053
6.7736583
5.795743
6.339974
6.012585
6.77791
6.7736583
7.207342
6.9905005
7.1010475
6.667363
5.140965
6.123132
5.689448
5.4726057
5.799995
4.8220797
5.583153
4.8220797
4.2821
3.3041847
3.6273217
2.8662488
3.0830908
3.1936376
3.1936376
2.9767957
3.4104798
3.1936376
3.6273217
3.737869
2.8662488
3.4104798
4.2821
4.2821
3.954711
4.2821
3.4104798
4.065258
4.3926473
3.1936376
3.3041847
4.065258
3.5210268
3.4104798
3.5210268
3.3041847
3.848416
2.8662488
3.414732
2.3262694
2.5431116
3.3041847
3.0873425
3.5210268
3.848416
2.8705006
2.4368165
2.003132
2.4368165
2.2199743
3.0915945
2.7642052
1.6757431
2.1136792
2.65791
1.8925852
2.4368165
2.6536584
2.5431116
2.6536584
3.0873425
3.1978896
1.7820382
2.1094272
2.1094272
2.2199743
3.3041847
2.1094272
2.3262694
3.1978896
2.5431116
3.3084364
2.5473633
1.8925852
1.2420589
2.5473633
1.896837
2.5473633
1.896837
0.8083746
1.5694479
1.3526058
1.3526058
1.0252168
2.65791
1.6799948
1.6799948
0.8083746
0.59153247
1.7862899
0.3746904
1.5694479
0.7020795
1.3526058
0.1578483
1.4631528
0.7020795
1.4631528
0.7020795
0.7020795
1.896837
1.0294685
1.1357636
0.59153247
1.5694479
1.6799948
2.1136792
1.2420589
0.91466975
1.5694479
1.7862899
2.1136792
1.3526058
1.7862899
1.6757431
1.7862899
1.6757431
1.8925852
2.2199743
1.0252168
2.6536584
2.330521
1.2420589
1.1315118
2.330521
1.5694479
2.003132
1.4589009
1.5694479
1.8925852
1.4589009
2.2199743
1.5694479
3.0915945
2.003132
2.1136792
1.3526058
2.1094272
1.4589009
2.8747523
2.2199743
2.2199743
2.9810476
2.3262694
2.4368165
2.7642052
2.6536584
2.2199743
2.4368165
3.0915945
2.2199743
2.8705006
2.7642052
3.1978896
2.6536584
3.0873425
3.414732
2.6536584
2.9810476
3.3084364
2.5431116
2.5431116
2.7642052
2.6536584
2.5473633
2.9810476
3.414732
3.414732
3.631574
3.414732
3.1978896
3.848416
2.6536584
3.9589627
3.9589627
2.6536584
2.3262694
3.3041847
2.9767957
3.4104798
3.848416
2.9767957
4.2821
3.414732
3.4104798
4.3926473
4.171553
3.737869
4.9326262
4.4989424
4.715784
4.171553
4.3883953
4.3883953
4.8220797
3.6273217
5.1494684
4.0610065
5.1494684
5.038922
4.605237
5.2600155
4.171553
4.8220797
4.9326262
6.016837
5.583153
6.016837
6.2336793
5.583153
5.2557635
5.4726057
5.2557635
5.90629
5.2557635
4.7115326
5.4726057
6.2336793
5.583153
5.689448
6.8842053
6.667363
6.2294273
6.8842053
5.795743
6.4462695
6.556816
6.556816
6.8842053
7.9726677
6.663111
6.4462695
7.8621206
7.1010475
6.556816
6.667363
6.556816
5.795743
6.667363
6.667363
5.90629
6.450521
6.8842053
5.468354
6.8842053
6.123132
6.9947524
6.7736583
6.556816
7.6452785
6.339974
6.9905005
6.9905005
7.7515736
7.7515736
6.7736583
7.5347314
7.7515736
7.4241843
7.207342
7.6410265
7.7515736
7.207342
7.207342
7.5347314
8.078962
7.4241843
7.4241843
8.185258
7.4241843
7.857869
8.946331
6.8799534
8.4021
8.946331
7.313638
8.074712
7.9641643
7.4241843
8.185258
8.618942
8.508395
8.181006
8.94208
9.596858
8.8315325
8.725238
8.8315325
8.070459
8.835785
10.247384
8.508395
9.163173
9.269468
8.181006
8.94208
8.725238
8.835785
8.2915535
9.158921
8.725238
8.8315325
8.94208
9.052627
8.94208
9.486311
9.919995
10.464226
9.158921
9.703153
9.919995
9.486311
9.269468
9.158921
9.158921
9.158921
9.703153
9.703153
8.725238
9.375764
8.2915535
8.508395
8.508395
8.835785
8.835785
7.857869
8.618942
8.725238
8.508395
8.725238
9.375764
9.158921
9.158921
8.94208
10.030542
8.8315325
9.703153
9.703153
9.919995
9.158921
9.486311
9.375764
9.048374
9.375764
9.375764
8.614691
8.614691
9.486311
8.94208
9.158921
9.048374
9.592606
8.614691
8.508395
9.052627
8.508395
9.703153
9.809448
9.048374
10.464226
10.243132
9.158921
10.89791
10.243132
10.787363
9.698901
10.353679
10.243132
10.136837
10.02629
9.919995
10.681068
9.919995
10.681068
9.809448
9.809448
11.008457
9.809448
9.592606
10.464226
9.158921
8.94208
9.592606
9.158921
10.030542
9.486311
8.720985
10.030542
8.181006
10.030542
9.919995
9.375764
8.614691
9.596858
8.94208
8.94208
8.618942
8.725238
8.618942
7.9641643
8.725238
8.725238
8.508395
9.052627
8.94208
8.2915535
8.074712
7.6410265
8.618942
7.636775
7.747322
8.185258
7.857869
7.7515736
7.857869
7.096796
8.4021
7.5304804
8.4021
7.5304804
8.185258
8.074712
7.6410265
7.4241843
7.9684157
7.4241843
7.7515736
8.185258
8.185258
7.4241843
7.9684157
7.9684157
7.4241843
7.6410265
8.295805
7.7515736
7.857869
8.295805
8.185258
7.857869
8.512647
8.074712
7.7515736
9.056878
9.052627
8.835785
8.2915535
8.2915535
8.4021
8.074712
8.508395
8.2915535
8.074712
8.618942
7.6410265
8.295805
8.4021
7.5304804
8.508395
7.7515736
7.7515736
8.4021
7.7515736
7.7515736
7.207342
7.7515736
8.295805
7.5304804
7.7515736
7.4241843
7.5304804
7.9684157
8.185258
7.857869
7.6410265
8.618942
7.857869
8.4021
8.946331
8.074712
8.618942
9.163173
8.074712
7.857869
8.4021
6.986249
8.295805
7.5304804
8.185258
8.4021
7.207342
7.6410265
7.5347314
7.4241843
7.207342
7.4241843
7.5347314
7.5347314
6.663111
7.9684157
7.4241843
7.6410265
7.4241843
7.096796
8.078962
6.3357224
7.7515736
8.512647
7.207342
7.207342
7.207342
7.207342
7.7515736
8.295805
7.9684157
7.6410265
7.7515736
7.857869
7.6410265
7.096796
7.857869
6.8799534
7.7515736
7.4241843
7.317889
7.317889
8.078962
7.5347314
7.1010475
7.317889
6.663111
6.556816
6.556816
6.2294273
6.8842053
7.1010475
6.012585
6.9905005
7.5347314
7.1010475
6.7736583
7.317889
7.6452785
6.3357224
7.1010475
7.7515736
6.663111
6.9905005
7.4241843
7.207342
7.7515736
7.1010475
7.8621206
7.7515736
6.663111
7.1010475
7.207342
6.012585
6.9905005
7.1010475
6.556816
7.1010475
7.1010475
6.556816
6.9905005
5.795743
6.77791
6.667363
5.3620586
6.667363
6.4462695
5.578901
6.123132
6.339974
6.016837
6.8842053
6.556816
6.2336793
6.8842053
6.667363
6.123132
6.556816
6.450521
7.2115946
6.339974
6.77791
6.8842053
6.7736583
6.667363
6.667363
5.578901
5.799995
6.339974
6.9947524
6.016837
6.556816
6.667363
5.90629
7.1010475
6.9905005
5.795743
6.556816
7.1010475
6.77791
6.667363
6.012585
6.339974
7.1010475
6.4462695
6.9905005
6.4462695
7.1010475
7.207342
6.4462695
7.5347314
7.4241843
7.096796
6.556816
7.317889
8.078962
6.7736583
7.9684157
7.4241843
8.185258
8.512647
8.185258
7.857869
7.6410265
7.207342
7.747322
8.4021
7.5304804
8.618942
8.618942
8.618942
8.397848
8.508395
7.9641643
8.614691
9.052627
8.070459
8.725238
8.397848
9.052627
8.725238
8.397848
9.158921
9.158921
9.048374
9.703153
9.482059
8.8315325
8.8315325
8.725238
9.486311
9.158921
8.725238
8.8315325
9.158921
9.919995
9.158921
9.265217
9.698901
9.698901
9.592606
9.698901
10.787363
10.676816
9.265217
10.89791
10.787363
10.676816
10.893659
10.132585
10.681068
10.676816
11.221047
10.893659
10.570521
10.132585
9.805196
10.02629
10.459974
10.455723
10.676816
10.893659
10.459974
10.676816
9.915743
11.871573
10.783112
11.437889
11.1105
11.1105
11.1105
11.437889
10.889407
10.6725645
11.977869
10.889407
12.305258
11.977869
11.867322
12.5220995
11.867322
10.995702
11.65048
11.65048
12.194712
12.955785
11.867322
11.101996
11.756775
12.411553
12.411553
12.845238
13.283173
12.517848
13.168375
13.168375
13.823153
14.256837
13.929449
14.256837
14.690521
13.818902
13.818902
14.14629
14.579974
14.473679
14.68627
13.818902
15.668436
14.469427
14.363132
15.230501
14.035743
14.690521
14.142038
15.341048
14.68627
15.557889
15.234753
15.230501
14.68627
15.774733
15.447342
15.774733
15.557889
15.447342
15.230501
15.557889
15.013659
15.119954
15.230501
16.102121
15.447342
15.447342
16.208416
14.575723
15.119954
15.664186
14.68627
15.447342
15.230501
15.230501
15.341048
15.991573
15.119954
15.991573
16.642101
15.664186
16.752647
16.09787
15.664186
16.31471
15.119954
16.208416
16.421007
16.31471
16.31471
15.987322
15.770479
15.770479
15.770479
16.642101
16.09787
15.987322
16.425257
15.226248
16.425257
15.443091
16.31471
15.987322
15.876775
16.204163
15.881026
16.204163
16.637848
16.09787
15.766228
17.288374
16.531553
17.615763
16.85469
17.18208
17.071531
17.72631
17.398922
17.288374
17.398922
17.288374
16.85469
17.615763
16.85469
16.85469
16.204163
16.421007
16.85469
17.403173
16.965237
17.071531
16.09787
16.642101
17.075785
16.637848
16.09787
16.642101
15.987322
16.748394
16.204163
15.987322
16.748394
17.075785
16.093616
16.965237
17.509468
16.31046
17.075785
17.075785
15.770479
16.535805
16.09787
15.770479
15.664186
16.31471
15.770479
15.553638
15.987322
15.549385
15.881026
15.226248
15.447342
15.447342
16.318964
15.770479
15.664186
15.664186
15.991573
15.119954
15.664186
15.230501
14.903111
15.230501
15.881026
15.230501
15.557889
14.68627
15.447342
15.557889
14.792564
15.013659
15.124206
15.119954
14.796817
15.557889
14.903111
14.907364
14.252585
13.708355
14.363132
14.796817
14.14629
14.473679
14.473679
13.712605
13.602058
14.690521
13.491511
13.818902
14.473679
13.818902
13.823153
14.256837
13.057828
13.823153
13.495763
12.840985
12.517848
12.734691
12.194712
12.411553
12.194712
11.544185
11.761026
11.433638
11.437889
12.088415
11.327342
11.977869
11.539933
10.999953
12.415805
11.106249
12.198963
11.327342
11.871573
12.088415
11.433638
11.654732
11.654732
11.216796
11.327342
11.871573
11.216796
11.327342
10.783112
10.23888
11.331594
10.893659
10.783112
10.676816
10.676816
11.004206
10.459974
10.566269
10.566269
10.566269
10.243132
10.893659
11.004206
10.783112
10.566269
11.437889
10.999953
10.6725645
11.437889
11.004206
10.23888
11.437889
11.1105
11.765279
10.566269
10.566269
10.132585
10.353679
10.243132
9.375764
9.592606
10.353679
9.703153
9.158921
10.136837
10.353679
10.136837
9.592606
10.136837
10.570521
10.243132
9.698901
10.243132
9.482059
10.243132
10.0220375
10.459974
10.132585
11.004206
10.02629
10.570521
9.482059
9.915743
10.02629
10.570521
9.048374
9.158921
10.136837
8.397848
9.048374
8.720985
8.725238
9.919995
9.15467
10.243132
10.349427
10.243132
10.676816
10.787363
10.243132
9.805196
10.676816
10.02629
10.02629
10.02629
9.592606
9.809448
9.486311
9.375764
9.052627
10.247384
9.158921
9.592606
10.89791
10.243132
10.787363
10.676816
9.915743
10.676816
11.654732
12.088415
12.5220995
11.761026
11.871573
12.194712
11.433638
11.216796
10.999953
11.327342
11.327342
11.1105
11.437889
11.1105
10.783112
10.676816
10.893659
11.327342
11.544185
11.433638
12.194712
11.867322
12.084165
12.194712
12.190459
13.1726265
12.517848
12.845238
13.500016
13.062079
12.628395
12.955785
12.628395
12.738942
11.867322
12.194712
12.845238
11.977869
12.955785
12.084165
12.628395
12.301006
13.278922
12.845238
13.1726265
12.517848
13.283173
12.628395
13.278922
12.734691
13.495763
13.495763
14.367384
14.039994
14.256837
13.385218
12.845238
13.168375
12.845238
12.845238
13.062079
13.278922
13.062079
13.495763
13.062079
14.256837
13.278922
13.60631
12.840985
13.278922
13.389469
13.823153
13.500016
13.60631
12.734691
12.517848
13.818902
13.929449
13.385218
14.363132
13.712605
13.389469
13.062079
12.411553
12.849489
12.411553
12.628395
12.194712
12.845238
12.845238
12.517848
13.60631
12.628395
13.168375
13.389469
13.278922
12.845238
12.845238
13.062079
12.628395
13.389469
12.845238
13.9337
12.734691
13.278922
13.168375
13.278922
12.845238
12.951532
12.301006
12.628395
13.278922
12.628395
13.9337
13.495763
12.840985
12.845238
14.039994
12.734691
13.712605
13.60631
13.712605
13.168375
12.951532
13.495763
13.495763
12.951532
13.60631
13.823153
13.929449
12.951532
14.039994
13.278922
12.628395
12.951532
12.951532
13.278922
13.602058
12.951532
13.929449
14.14629
13.385218
14.14629
14.363132
14.14629
14.14629
13.929449
14.690521
14.579974
13.929449
14.363132
14.796817
14.473679
15.013659
14.035743
13.929449
13.929449
14.473679
14.363132
14.579974
14.796817
14.68627
14.579974
15.557889
14.796817
15.451593
14.68627
15.341048
15.774733
15.341048
14.252585
14.579974
15.230501
14.903111
15.447342
15.774733
15.230501
15.119954
15.557889
15.341048
14.575723
14.579974
14.469427
14.579974
14.903111
14.363132
15.013659
13.818902
14.14629
14.035743
15.668436
14.579974
15.341048
14.142038
15.774733
15.013659
15.124206
15.557889
14.796817
14.796817
15.557889
15.341048
13.818902
13.818902
14.363132
14.14629
14.796817
13.929449
13.602058
14.584226
13.712605
13.062079
12.624144
13.278922
14.584226
14.150541
12.301006
13.062079
13.062079
13.278922
12.951532
12.734691
12.411553
12.955785
12.628395
11.867322
12.194712
12.845238
12.628395
13.1726265
12.955785
12.084165
12.301006
12.517848
12.955785
12.955785
12.411553
12.955785
12.738942
12.305258
11.65048
11.761026
12.305258
11.433638
11.977869
12.5220995
12.411553
11.867322
12.628395
12.301006
12.628395
12.955785
12.628395
12.955785
12.845238
12.628395
12.411553
12.411553
12.955785
13.500016
12.411553
12.301006
13.283173
14.039994
13.062079
13.823153
13.168375
13.389469
13.495763
13.712605
13.9337
12.845238
14.367384
13.062079
13.823153
13.712605
14.473679
14.039994
14.907364
14.363132
14.363132
14.473679
13.168375
14.256837
14.367384
14.363132
14.907364
15.668436
13.602058
14.690521
15.013659
14.796817
14.907364
15.124206
13.818902
15.234753
14.14629
13.929449
14.907364
14.14629
13.385218
15.01791
14.690521
14.363132
14.256837
15.124206
14.907364
14.14629
14.256837
15.013659
14.14629
14.363132
15.124206
15.557889
14.796817
14.579974
14.690521
15.341048
15.451593
15.124206
15.013659
14.690521
14.14629
15.124206
14.796817
14.035743
14.14629
14.907364
13.602058
14.584226
14.363132
14.256837
13.929449
14.473679
14.473679
13.712605
14.473679
14.584226
15.3453
14.473679
14.907364
13.712605
13.823153
13.823153
13.823153
14.150541
14.039994
13.602058
14.150541
13.823153
13.60631
13.1726265
13.495763
13.278922
13.500016
13.1726265
13.066331
12.088415
12.738942
12.5220995
12.632647
12.632647
12.632647
12.415805
13.283173
12.415805
12.632647
12.305258
11.761026
12.415805
12.632647
12.088415
12.853741
12.415805
11.327342
12.853741
12.088415
11.9821205
11.004206
11.9821205
11.548436
11.437889
11.004206
11.1105
11.327342
11.221047
11.765279
11.765279
12.198963
11.331594
11.004206
10.570521
11.442142
11.437889
10.787363
11.004206
11.221047
10.787363
10.02629
10.89791
10.787363
10.681068
10.681068
10.353679
9.703153
9.919995
9.375764
10.574773
9.596858
9.8137
8.835785
8.835785
8.946331
8.185258
9.384267
8.4021
8.4021
8.729489
9.380016
8.4021
9.056878
9.490562
9.380016
8.185258
8.4021
8.185258
7.9684157
8.2915535
8.512647
8.295805
7.8621206
8.295805
7.7515736
7.4241843
8.406352
7.5347314
7.4284363
7.317889
7.2115946
6.8842053
7.6452785
6.7736583
8.300056
7.8621206
7.2115946
6.450521
6.561068
6.450521
6.450521
6.3442264
7.1052995
6.450521
6.237931
6.339974
6.123132
6.1273837
6.2336793
5.799995
6.9990044
6.3442264
5.6937
6.1273837
5.5874047
5.0431733
5.2600155
5.0431733
5.2600155
5.0431733
5.4768577
4.4989424
3.954711
5.0431733
3.5210268
4.065258
4.826331
4.065258
4.936878
3.631574
4.720036
3.631574
3.3041847
4.1758046
3.3041847
3.631574
3.7421207
3.9589627
4.503194
3.9589627
4.2863517
3.5252786
2.9810476
5.0474253
2.8705006
3.414732
4.503194
3.414732
4.06951
3.9589627
3.9589627
4.06951
4.06951
3.1978896
4.06951
2.7642052
3.5252786
3.5252786
2.7642052
2.5473633
2.7642052
3.2021413
2.8747523
2.7684572
2.9852993
2.5473633
2.330521
3.0915945
2.9852993
3.3084364
3.0915945
2.65791
3.2021413
3.0915945
2.9852993
3.8526678
3.3084364
2.9852993
3.0915945
3.5252786
2.65791
2.5473633
2.5473633
3.8569195
1.7862899
1.6799948
2.5473633
2.662162
2.4410682
2.7684572
2.65791
2.5516152
2.9852993
2.0073838
2.65791
2.65791
2.65791
3.0958462
3.0958462
2.0073838
3.312688
2.8747523
2.7684572
2.9852993
2.662162
2.7684572
2.65791
2.1136792
2.7684572
2.4410682
2.9852993
1.6799948
2.4410682
1.7905419
2.662162
2.65791
2.0073838
2.7684572
2.117931
1.5736997
2.7684572
2.3347728
2.3347728
2.1136792
1.4631528
2.5516152
2.9852993
2.65791
3.0915945
2.4410682
2.1136792
2.3347728
3.4189837
1.896837
2.65791
3.3084364
2.224226
2.8747523
3.0915945
2.65791
4.180057
3.8526678
3.0915945
4.3968987
3.1978896
3.8526678
4.3968987
2.7642052
3.0915945
4.503194
3.8526678
3.7421207
3.7421207
2.5473633
3.8526678
3.414732
4.3968987
4.06951
3.7421207
3.7421207
3.414732
4.2863517
3.7421207
4.1758046
4.3926473
3.7421207
4.1758046
3.7421207
3.1978896
4.06951
4.3926473
3.848416
4.503194
4.2863517
4.3926473
4.613741
4.1758046
3.7421207
4.503194
3.414732
4.720036
4.720036
4.1758046
4.6094894
3.9589627
4.2821
4.1758046
4.503194
3.3041847
4.936878
4.3926473
4.3926473
4.936878
4.936878
4.6094894
4.2821
4.1758046
3.9589627
4.3926473
5.481109
5.0431733
4.4989424
4.3926473
5.5874047
4.605237
4.065258
5.0431733
5.3705626
4.715784
5.1494684
5.3705626
5.6937
4.2778482
5.6937
5.9105415
5.2557635
6.454773
6.3442264
6.561068
5.583153
6.3442264
6.016837
5.4726057
6.561068
6.561068
7.1052995
7.8663726
6.667363
6.8842053
7.1010475
7.1010475
6.8842053
7.8621206
7.7558255
7.1010475
8.189509
6.9905005
7.7558255
7.317889
6.9905005
7.9726677
8.078962
8.078962
8.406352
8.189509
7.5347314
7.4284363
7.207342
7.6452785
7.9726677
7.4284363
6.450521
7.6452785
7.2115946
7.4284363
6.8842053
7.7558255
6.9947524
7.8621206
7.4284363
7.2115946
8.083215
6.561068
6.667363
7.1052995
6.1273837
7.1052995
7.3221416
6.667363
8.083215
7.9726677
7.2115946
7.1010475
8.189509
8.189509
8.623194
8.295805
8.512647
9.056878
8.840036
8.946331
7.9684157
8.618942
8.4021
9.707404
9.056878
8.2915535
8.729489
8.185258
8.729489
9.380016
8.946331
9.27372
9.596858
8.185258
9.052627
9.380016
8.618942
9.596858
9.8137
8.946331
10.251636
10.247384
9.375764
11.335847
10.247384
10.570521
11.658983
10.136837
10.89791
11.008457
10.787363
10.02629
11.552689
10.464226
10.681068
10.570521
9.8137
10.247384
10.787363
10.681068
11.2253
10.681068
9.703153
9.924246
10.1410885
9.490562
9.163173
8.729489
9.163173
9.27372
9.27372
9.8137
8.94208
9.817951
9.924246
9.924246
9.817951
9.596858
9.707404
9.924246
9.596858
9.052627
9.596858
10.030542
9.163173
10.468477
10.468477
8.074712
8.618942
9.163173
7.5347314
8.185258
8.185258
7.7515736
8.623194
8.406352
7.7515736
8.078962
8.729489
7.7515736
9.167425
7.7515736
7.8621206
8.189509
8.185258
8.729489
8.946331
9.056878
7.7515736
9.27372
8.946331
8.512647
8.946331
8.2915535
8.623194
9.27372
8.078962
8.623194
8.840036
8.512647
9.167425
8.295805
7.7515736
7.7515736
7.9684157
8.729489
8.512647
8.295805
8.078962
8.623194
8.078962
8.623194
7.8621206
9.167425
8.078962
8.185258
8.295805
8.406352
8.733741
7.4241843
8.078962
7.5347314
7.5347314
7.7515736
8.295805
9.167425
7.9684157
8.623194
7.6452785
7.8621206
7.8621206
6.9905005
7.9726677
7.6452785
7.9684157
8.406352
7.8621206
7.8621206
7.9726677
7.2115946
7.4284363
6.8842053
7.3221416
7.8663726
6.9947524
6.667363
7.3221416
6.2336793
5.583153
6.8884573
6.8884573
5.4768577
7.3221416
6.8884573
5.799995
7.2158465
5.3663106
5.6937
6.8884573
5.583153
6.56532
6.3442264
6.1273837
6.1273837
6.237931
4.715784
4.8220797
6.1316357
5.5874047
5.5874047
5.5874047
5.1537204
5.0431733
4.9326262
5.3705626
5.3705626
5.5874047
4.065258
5.1537204
5.5874047
4.826331
5.5874047
4.936878
4.826331
4.6094894
3.631574
4.6094894
5.0431733
3.5210268
4.6094894
4.2821
4.6094894
5.264267
4.3926473
4.065258
5.264267
3.631574
4.720036
4.503194
3.7421207
4.830583
4.503194
3.414732
4.06951
3.631574
3.3084364
3.7421207
4.2863517
2.5473633
3.3084364
4.06951
3.3084364
2.8747523
3.3084364
2.330521
3.8526678
2.330521
2.4410682
2.8747523
2.1136792
3.312688
2.8747523
1.896837
2.879004
1.896837
1.7905419
3.7463725
3.312688
2.224226
3.312688
2.879004
2.44532
2.224226
1.896837
1.4631528
3.312688
2.0073838
1.7905419
1.6799948
1.5736997
1.5736997
1.3568575
0.5957843
1.5736997
1.6842467
0.9231734
1.9010887
0.9231734
0.8126264
2.117931
1.3568575
1.0294685
2.3347728
2.117931
2.117931
2.5516152
2.662162
2.3347728
1.7905419
2.879004
1.6799948
2.8747523
2.4410682
2.65791
1.896837
2.879004
2.44532
1.9010887
0.7020795
1.7947936
2.3347728
1.3568575
2.117931
1.3568575
1.5736997
1.9010887
1.2463106
1.2463106
3.0958462
1.7905419
2.879004
2.9852993
2.117931
2.9852993
3.5295303
2.5516152
2.7642052
2.224226
3.5295303
3.7463725
3.312688
2.5516152
2.5516152
2.662162
3.4232354
1.896837
1.7905419
3.5295303
3.5295303
2.4410682
2.7684572
2.117931
1.896837
1.2463106
2.879004
2.5516152
2.5516152
2.65791
2.44532
3.312688
2.1136792
3.0958462
2.1136792
2.0073838
2.7684572
2.65791
2.8747523
2.7684572
2.9852993
2.65791
1.7905419
3.5295303
2.4410682
2.9852993
3.2021413
2.65791
3.312688
3.2021413
2.1136792
2.65791
2.8747523
3.2021413
3.6358256
2.8747523
3.0958462
2.65791
1.6799948
3.4232354
2.65791
2.7684572
3.4189837
2.8747523
2.65791
2.65791
3.3084364
1.896837
2.8747523
3.8526678
2.8747523
4.180057
4.3968987
3.8526678
4.503194
2.9810476
3.3084364
4.720036
4.06951
4.830583
4.720036
4.1758046
4.94113
4.1758046
3.9589627
3.631574
5.264267
4.503194
4.2821
4.06951
4.1758046
4.503194
4.503194
3.9589627
3.9589627
4.720036
4.830583
3.9589627
3.848416
4.503194
4.936878
4.171553
4.936878
4.6094894
4.936878
5.5874047
5.3705626
4.6094894
5.1537204
4.4989424
4.065258
5.3705626
4.826331
6.2421827
5.0431733
5.804247
5.804247
5.3663106
5.1494684
5.583153
6.7821617
6.0210886
5.804247
5.583153
5.6937
6.6758666
5.583153
5.804247
6.016837
6.7821617
7.1052995
6.016837
6.450521
5.4726057
6.3442264
6.671615
6.016837
7.2158465
6.561068
7.1052995
7.4326887
6.450521
6.8884573
6.123132
7.1052995
7.3221416
7.649531
6.561068
7.3221416
6.77791
7.1052995
6.9947524
7.3221416
6.556816
6.8884573
6.9947524
7.7558255
7.8621206
7.5347314
7.9726677
8.406352
6.339974
8.189509
8.078962
8.189509
8.078962
8.516899
7.317889
7.4284363
8.078962
8.078962
7.5347314
6.9905005
8.406352
7.7515736
7.6452785
7.5347314
7.8621206
7.9684157
8.078962
8.512647
8.078962
8.078962
7.7515736
7.7515736
8.840036
7.9684157
7.8621206
8.295805
8.623194
8.840036
8.295805
8.512647
8.295805
8.185258
7.9684157
8.950583
8.512647
8.406352
8.512647
8.733741
8.295805
8.623194
8.295805
7.5347314
7.8621206
8.623194
8.185258
8.185258
8.623194
7.7515736
7.8621206
8.406352
7.7515736
8.078962
8.185258
8.623194
7.8621206
7.5347314
8.406352
7.9726677
7.6452785
8.406352
7.4284363
8.078962
8.623194
8.295805
7.8621206
7.8621206
7.8621206
8.623194
8.078962
8.733741
7.7515736
8.512647
7.7515736
7.8621206
7.8621206
7.7515736
7.9684157
7.7515736
8.406352
7.9684157
6.9905005
8.733741
7.9684157
7.7515736
7.8621206
8.078962
7.857869
8.512647
8.729489
7.8621206
8.078962
8.078962
7.207342
7.317889
8.623194
7.5347314
8.295805
7.317889
6.7736583
7.8621206
7.1010475
6.8842053
7.5347314
6.556816
7.9726677
7.6452785
7.6452785
8.189509
7.207342
6.7736583
7.317889
7.9726677
8.406352
7.5347314
8.516899
6.7736583
7.207342
7.9726677
7.8621206
7.6452785
7.8621206
7.4284363
8.189509
6.8842053
7.3221416
6.77791
5.90629
6.77791
6.667363
5.90629
6.450521
6.561068
6.2336793
6.667363
6.561068
7.3221416
6.9947524
6.450521
7.1010475
6.8842053
7.5347314
7.7558255
6.7736583
6.556816
7.538984
7.4284363
6.339974
6.7736583
6.9905005
6.556816
7.317889
6.7736583
6.667363
6.8842053
6.7736583
6.9947524
6.7736583
5.90629
6.9947524
6.450521
6.556816
7.4284363
7.4284363
7.4284363
7.207342
7.8621206
8.078962
7.9684157
7.207342
7.4241843
7.857869
7.207342
7.4241843
7.9684157
8.074712
8.074712
8.729489
8.946331
8.4021
9.269468
8.2915535
8.074712
8.835785
7.747322
8.729489
8.2915535
8.946331
8.835785
8.2915535
8.618942
9.380016
7.857869
8.185258
8.185258
8.4021
7.9684157
8.946331
9.163173
8.074712
9.380016
8.94208
8.835785
9.596858
8.946331
9.596858
8.725238
8.835785
8.725238
9.163173
9.163173
9.380016
8.835785
7.9641643
9.052627
8.508395
8.074712
8.618942
8.4021
8.4021
8.074712
8.512647
8.618942
8.729489
8.508395
8.618942
8.185258
8.074712
8.729489
8.4021
8.185258
8.4021
8.4021
8.2915535
9.269468
9.163173
9.8137
8.835785
8.725238
8.614691
9.052627
8.181006
9.163173
9.158921
7.9641643
8.94208
8.508395
8.946331
8.508395
8.618942
8.618942
8.2915535
8.618942
8.181006
8.618942
9.163173
9.052627
8.94208
10.030542
9.052627
9.703153
9.8137
8.614691
8.94208
8.8315325
9.703153
10.030542
8.8315325
9.809448
9.703153
8.725238
9.486311
7.9641643
7.6410265
8.2915535
8.4021
8.946331
7.4241843
7.6410265
7.6410265
7.5304804
7.9684157
7.9684157
7.6410265
7.207342
7.4241843
7.207342
8.185258
8.512647
8.94208
7.857869
8.835785
9.052627
8.946331
8.074712
8.185258
7.857869
7.6410265
7.6410265
7.7515736
7.8621206
7.9684157
8.078962
7.7515736
6.9905005
7.8621206
6.339974
6.8842053
7.207342
6.4462695
6.339974
6.7736583
6.9947524
5.90629
6.339974
6.8842053
6.339974
7.317889
6.450521
6.667363
7.317889
5.90629
6.8842053
6.556816
6.123132
6.339974
6.123132
6.2336793
6.123132
6.016837
5.689448
5.799995
5.2557635
6.3442264
4.928375
5.799995
5.3663106
5.2557635
4.928375
5.2557635
5.3663106
4.7115326
5.038922
5.3663106
4.3883953
5.1494684
5.3663106
4.171553
4.9326262
4.171553
3.954711
4.4989424
3.5210268
3.1936376
3.737869
3.3041847
3.737869
3.5210268
3.631574
3.631574
3.5210268
2.8705006
3.0873425
2.7599535
3.7421207
3.0873425
2.7599535
3.631574
2.6536584
2.1094272
3.1978896
2.2199743
2.7642052
2.4368165
1.6757431
2.8747523
1.6757431
2.8747523
1.3568575
0.9189216
1.0294685
0.3746904
0.7020795
1.4631528
0.37894222
0.48523736
0.5957843
0.26839525
0.9189216
1.4631528
1.2463106
0.8083746
1.4631528
0.3746904
0.3746904
0.9231734
0.9231734
0.05155315
0.1621001
0.055804953
-0.054742
0.055804953
-0.27158412
-0.38213107
0.37894222
0.05155315
0.70633125
0.1621001
0.5957843
0.8126264
0.9231734
-0.49267802
1.1400155
0.8126264
1.2463106
1.5736997
1.2463106
2.1136792
0.8126264
0.5957843
1.3568575
0.05155315
0.8126264
0.9189216
1.0294685
1.0294685
0.48523736
0.05155315
0.8126264
0.48523736
0.26839525
0.48523736
0.70633125
0.9231734
0.70633125
1.1400155
0.7020795
1.5736997
1.4631528
1.1357636
1.4631528
1.0294685
1.5736997
1.3526058
1.3568575
0.7020795
2.3347728
0.8126264
1.2463106
1.5736997
1.3568575
0.8126264
0.8126264
1.6842467
1.1400155
1.6842467
0.37894222
0.5957843
1.0294685
1.3568575
1.2463106
0.8126264
2.44532
2.4410682
1.5694479
2.1136792
2.7684572
1.6799948
2.1136792
1.5694479
2.9852993
3.2021413
2.7642052
2.330521
3.0915945
2.8747523
2.8747523
3.1978896
2.6536584
2.4368165
2.8705006
2.330521
3.5252786
2.5473633
2.5473633
2.1136792
2.6536584
2.4410682
3.4189837
1.7862899
2.5473633
2.9810476
2.4368165
2.1136792
3.4189837
1.6799948
2.65791
2.7642052
2.224226
2.330521
3.0915945
2.1136792
2.330521
1.6799948
1.7862899
2.4410682
2.8747523
2.7642052
2.8705006
3.7421207
2.2199743
3.7421207
3.414732
4.06951
3.414732
3.414732
3.3041847
4.1758046
3.9589627
4.065258
4.720036
4.1758046
4.065258
3.5210268
4.6094894
4.3926473
4.1758046
3.3041847
5.0474253
3.6273217
4.2821
5.4768577
3.737869
5.0431733
5.1494684
5.3663106
5.2600155
5.1494684
5.1494684
5.799995
6.2336793
6.77791
5.689448
6.667363
6.016837
5.90629
6.8842053
7.2115946
6.8842053
7.5347314
6.339974
8.516899
7.8621206
7.1010475
6.556816
6.77791
7.2115946
6.667363
6.667363
6.8842053
7.7558255
6.8842053
6.667363
7.4284363
6.7736583
6.556816
7.4241843
7.4284363
7.7515736
7.7515736
7.5347314
7.8621206
8.078962
7.317889
7.6410265
7.6410265
7.6410265
7.747322
7.9684157
8.295805
8.2915535
7.7515736
7.7515736
8.618942
7.9684157
7.4241843
8.618942
8.074712
8.946331
9.052627
7.313638
8.729489
9.052627
8.618942
8.946331
8.618942
8.94208
9.380016
8.94208
8.181006
9.380016
8.508395
8.835785
9.052627
9.703153
9.592606
10.464226
8.94208
10.464226
9.375764
10.357931
10.136837
10.681068
10.030542
9.703153
9.052627
9.8137
9.052627
9.052627
9.486311
9.486311
9.380016
9.8137
9.8137
9.158921
9.703153
9.269468
9.486311
9.158921
9.269468
8.074712
8.835785
9.163173
9.052627
8.508395
9.052627
9.707404
9.703153
9.269468
9.490562
9.592606
8.94208
9.490562
9.919995
9.052627
9.380016
10.136837
9.375764
8.835785
8.725238
8.835785
9.707404
9.052627
8.946331
9.8137
8.94208
8.835785
9.486311
9.486311
9.596858
9.592606
9.8137
9.158921
9.8137
9.269468
9.486311
9.486311
10.136837
9.052627
9.269468
10.1410885
8.508395
9.163173
9.380016
9.707404
9.052627
9.052627
9.163173
9.380016
9.707404
10.1410885
9.380016
9.163173
9.486311
8.4021
10.468477
10.247384
9.269468
10.251636
10.136837
8.94208
10.357931
9.158921
9.380016
9.486311
10.034794
9.490562
9.596858
8.946331
8.618942
8.835785
8.618942
9.163173
9.163173
9.163173
9.27372
9.380016
8.074712
9.056878
9.163173
8.512647
9.269468
9.924246
9.486311
9.596858
10.251636
9.269468
9.924246
9.924246
9.163173
9.490562
8.946331
9.707404
10.1410885
9.596858
8.729489
9.596858
8.4021
8.946331
8.074712
8.512647
8.295805
8.074712
9.056878
8.185258
8.4021
8.185258
9.163173
8.512647
8.618942
7.857869
8.185258
8.618942
8.4021
8.074712
8.946331
8.835785
8.185258
8.835785
8.835785
7.207342
9.056878
8.4021
7.857869
9.27372
8.074712
8.4021
8.4021
8.185258
9.056878
9.052627
8.623194
9.056878
7.857869
9.056878
9.163173
7.9684157
8.512647
8.295805
8.078962
8.078962
8.074712
8.185258
8.729489
8.729489
8.946331
8.729489
7.857869
7.4241843
7.7515736
8.185258
8.512647
8.185258
9.056878
8.835785
7.857869
9.27372
8.618942
8.4021
8.618942
8.4021
8.946331
8.2915535
7.9684157
8.512647
7.9684157
8.840036
8.729489
8.729489
8.946331
8.2915535
7.857869
8.729489
7.857869
8.729489
8.4021
8.946331
9.052627
8.4021
10.251636
9.486311
8.2915535
9.486311
9.490562
9.924246
9.052627
8.946331
10.1410885
8.835785
9.380016
8.512647
8.835785
8.2915535
8.840036
8.729489
6.9905005
7.9684157
8.078962
7.9684157
7.5347314
7.207342
7.5347314
7.8621206
8.078962
8.406352
7.9684157
8.078962
7.9684157
7.7515736
8.078962
7.857869
8.185258
8.512647
9.163173
8.4021
8.618942
9.380016
9.380016
7.857869
8.508395
8.729489
9.163173
8.618942
7.9684157
8.074712
7.6410265
7.9684157
8.185258
8.946331
8.185258
7.6410265
8.618942
8.4021
9.380016
7.5304804
8.618942
8.2915535
8.074712
8.4021
9.269468
9.596858
9.486311
9.486311
9.486311
8.94208
9.158921
9.163173
9.052627
9.8137
8.618942
8.94208
8.835785
9.380016
9.486311
9.163173
9.269468
9.486311
9.486311
8.725238
10.030542
9.375764
8.618942
9.158921
9.052627
10.034794
9.703153
9.486311
8.508395
9.486311
8.614691
9.158921
9.919995
9.052627
9.596858
9.703153
8.2915535
9.375764
9.158921
9.596858
9.158921
9.8137
9.486311
9.596858
9.8137
9.158921
9.380016
9.596858
8.618942
8.835785
9.269468
9.052627
9.8137
8.725238
9.163173
9.596858
9.158921
9.052627
9.486311
8.725238
10.030542
9.703153
8.614691
9.486311
9.486311
8.94208
9.8137
9.380016
8.835785
8.2915535
7.857869
7.857869
8.074712
7.4241843
8.512647
8.508395
7.096796
9.056878
8.4021
7.7515736
7.9684157
7.6410265
7.7515736
8.618942
8.946331
8.074712
9.163173
8.4021
9.052627
8.835785
8.725238
8.725238
9.052627
8.725238
7.9641643
9.052627
9.596858
9.486311
8.074712
8.618942
8.725238
9.052627
8.074712
8.835785
8.2915535
7.857869
8.508395
8.512647
8.946331
8.074712
8.181006
9.052627
9.924246
8.508395
8.397848
9.269468
8.835785
9.380016
9.486311
9.052627
9.052627
8.835785
9.27372
8.508395
9.052627
7.857869
8.618942
9.163173
7.313638
7.747322
9.163173
7.9684157
8.946331
8.618942
8.618942
8.835785
8.835785
8.4021
9.052627
9.163173
8.508395
8.074712
9.163173
9.380016
8.508395
8.946331
8.835785
8.074712
8.2915535
8.4021
8.508395
8.4021
9.163173
8.4021
8.4021
8.4021
8.074712
8.2915535
7.9641643
8.946331
7.747322
9.596858
7.857869
9.380016
7.9641643
8.946331
8.725238
8.508395
8.725238
8.508395
10.247384
9.269468
9.592606
9.809448
8.618942
8.94208
9.486311
8.94208
8.508395
8.835785
8.835785
9.486311
7.9641643
8.94208
8.94208
8.074712
9.269468
9.269468
8.94208
8.074712
9.490562
8.2915535
8.835785
8.835785
8.397848
8.835785
9.052627
7.857869
9.8137
9.158921
8.835785
9.592606
9.703153
8.94208
9.052627
9.919995
9.269468
9.158921
8.8315325
9.8137
9.703153
8.2915535
8.618942
8.94208
9.163173
8.618942
8.2915535
7.6410265
8.4021
8.2915535
8.4021
8.508395
8.835785
8.835785
8.508395
8.94208
8.2915535
8.614691
9.163173
9.052627
8.725238
8.94208
8.94208
8.614691
10.030542
9.375764
8.614691
9.486311
9.596858
9.486311
8.94208
8.508395
9.486311
8.94208
9.703153
9.703153
8.397848
9.158921
9.8137
9.052627
10.247384
9.703153
9.269468
10.464226
9.703153
9.592606
10.030542
9.703153
9.809448
10.136837
9.919995
10.136837
9.265217
9.919995
10.02629
10.136837
9.592606
9.592606
10.136837
9.919995
9.375764
9.919995
8.725238
9.919995
10.136837
9.375764
10.136837
10.353679
8.94208
10.353679
8.8315325
9.592606
9.158921
9.703153
10.136837
8.614691
9.703153
9.375764
9.269468
9.269468
9.269468
9.486311
8.181006
8.618942
9.163173
8.2915535
8.729489
7.9641643
7.6410265
7.857869
8.185258
8.185258
8.618942
7.313638
8.4021
7.9641643
8.729489
8.4021
8.835785
8.2915535
8.2915535
8.618942
8.618942
9.380016
7.9641643
8.835785
9.380016
7.857869
8.185258
8.835785
6.769407
8.185258
7.857869
7.096796
7.9684157
8.618942
7.6410265
8.295805
7.857869
7.313638
8.618942
8.618942
8.074712
9.163173
8.835785
8.2915535
9.269468
8.725238
8.2915535
9.269468
9.269468
9.486311
9.596858
8.725238
9.052627
8.94208
9.052627
9.163173
8.835785
8.835785
8.946331
8.4021
8.618942
9.158921
8.725238
8.508395
8.618942
8.508395
10.030542
9.8137
9.158921
8.508395
9.375764
9.596858
8.835785
9.596858
9.486311
8.4021
8.508395
8.397848
8.508395
9.052627
8.618942
9.380016
8.618942
8.729489
8.835785
7.9641643
8.2915535
8.508395
8.725238
8.94208
8.181006
9.269468
9.269468
9.269468
9.052627
8.618942
9.269468
8.618942
8.2915535
9.269468
8.725238
9.269468
9.269468
8.4021
8.725238
8.2915535
8.508395
8.074712
8.618942
8.4021
8.074712
8.4021
9.596858
7.5304804
8.725238
9.158921
9.269468
9.158921
9.163173
9.486311
8.181006
8.618942
8.725238
8.2915535
10.1410885
8.725238
9.486311
9.158921
9.8137
9.375764
8.835785
9.919995
8.8315325
9.703153
10.136837
9.375764
9.592606
9.809448
9.158921
9.482059
9.809448
10.030542
10.681068
9.048374
10.247384
10.02629
9.919995
9.809448
10.570521
9.919995
9.698901
10.459974
8.8315325
9.919995
9.919995
9.809448
10.570521
10.681068
11.114753
9.592606
10.89791
10.02629
9.158921
9.592606
10.247384
9.919995
9.919995
10.353679
10.681068
10.136837
9.809448
11.008457
10.787363
9.919995
10.570521
10.787363
11.331594
10.681068
10.570521
10.02629
10.676816
10.459974
10.353679
10.893659
10.02629
11.004206
10.243132
10.464226
11.004206
11.1105
10.570521
11.004206
10.132585
10.787363
10.459974
11.765279
10.676816
10.787363
11.114753
11.1105
11.221047
10.566269
11.327342
11.221047
11.871573
11.654732
11.9821205
12.305258
12.305258
12.088415
11.977869
11.871573
11.654732
11.544185
12.088415
12.194712
11.544185
12.738942
12.5220995
11.327342
11.761026
11.544185
11.327342
12.088415
11.765279
11.216796
12.30951
12.198963
11.544185
11.327342
11.216796
10.893659
11.654732
12.088415
11.544185
11.761026
11.544185
11.544185
11.65048
12.305258
12.415805
11.871573
11.544185
11.977869
11.977869
11.654732
12.088415
10.999953
11.654732
12.088415
10.893659
11.327342
11.327342
11.437889
11.216796
11.871573
11.1105
11.654732
11.654732
11.437889
11.871573
11.977869
11.1105
11.871573
12.088415
11.216796
12.415805
11.433638
11.9821205
11.544185
11.761026
12.198963
11.654732
10.893659
10.783112
11.654732
11.1105
11.1105
11.004206
11.327342
10.893659
11.437889
11.221047
11.221047
11.544185
11.654732
11.004206
11.1105
11.654732
11.871573
10.999953
11.654732
11.654732
11.1105
10.783112
11.761026
11.437889
11.654732
11.654732
11.221047
10.889407
11.654732
11.327342
10.893659
11.221047
10.459974
10.459974
11.9821205
10.566269
10.459974
10.676816
11.1105
10.893659
11.1105
11.1105
10.999953
10.566269
10.893659
11.654732
11.654732
11.1105
10.893659
11.437889
11.1105
10.676816
10.893659
11.221047
11.437889
9.698901
10.353679
9.592606
9.809448
8.8315325
9.486311
9.269468
9.375764
9.052627
9.269468
8.614691
9.158921
9.269468
8.8315325
9.8137
8.725238
9.486311
10.030542
8.94208
10.247384
9.375764
9.703153
10.136837
8.725238
9.703153
8.94208
9.375764
9.8137
9.486311
8.94208
8.725238
8.725238
8.2915535
7.9641643
8.725238
7.857869
9.052627
8.2915535
9.380016
8.614691
9.163173
7.9641643
8.618942
8.618942
8.508395
8.94208
8.835785
8.508395
9.919995
8.618942
8.94208
9.8137
9.052627
8.725238
9.158921
8.94208
8.94208
8.508395
9.158921
8.181006
9.486311
9.269468
8.725238
9.052627
8.2915535
9.486311
8.2915535
8.181006
8.2915535
8.2915535
8.508395
9.269468
9.269468
8.2915535
8.835785
8.94208
9.163173
9.703153
9.158921
9.052627
10.353679
8.614691
8.725238
10.136837
8.94208
8.94208
9.592606
9.269468
10.247384
9.919995
8.725238
9.269468
10.030542
9.486311
9.052627
9.486311
9.486311
8.397848
8.725238
9.158921
9.375764
9.703153
8.835785
8.614691
8.835785
8.94208
10.030542
9.703153
9.703153
9.158921
9.048374
8.94208
8.725238
8.94208
9.924246
9.375764
9.052627
8.614691
8.508395
9.8137
8.8315325
8.835785
8.508395
8.725238
8.508395
8.618942
8.835785
8.725238
7.853617
9.380016
8.2915535
9.380016
10.030542
9.052627
8.508395
9.269468
8.725238
7.9641643
8.835785
8.94208
9.269468
8.835785
8.397848
9.052627
9.486311
8.2915535
9.375764
7.9641643
8.946331
9.158921
9.052627
8.835785
8.397848
8.185258
8.618942
8.835785
8.946331
9.380016
9.269468
7.9641643
9.052627
8.2915535
8.4021
8.618942
9.163173
8.4021
8.508395
9.052627
8.2915535
7.747322
8.512647
7.9684157
8.074712
7.857869
7.4241843
8.946331
7.6410265
7.9684157
7.4241843
8.185258
8.512647
8.2915535
7.857869
8.185258
7.9684157
8.835785
7.4241843
7.857869
7.6410265
7.096796
8.512647
8.729489
7.9684157
7.857869
7.9684157
7.4241843
7.857869
7.5347314
6.8799534
7.7515736
7.317889
7.7515736
7.9684157
6.663111
7.096796
7.5347314
7.317889
7.207342
7.7515736
6.7736583
8.078962
7.207342
7.7515736
7.313638
7.5347314
6.8799534
7.7515736
7.9684157
6.8799534
8.185258
7.5347314
7.9684157
7.5347314
7.317889
7.5347314
6.9905005
7.7515736
7.9684157
6.9905005
6.7736583
7.317889
7.317889
6.7736583
6.9905005
7.5347314
7.1010475
7.317889
7.4284363
6.339974
7.207342
7.7515736
7.5347314
7.317889
7.1010475
7.317889
6.7736583
6.556816
7.5347314
7.1010475
6.7736583
6.9905005
7.1010475
6.556816
7.5347314
6.9905005
6.2294273
7.1010475
6.339974
6.450521
7.317889
6.339974
6.339974
6.8842053
5.578901
6.123132
6.8842053
5.799995
6.016837
5.799995
5.799995
5.583153
5.799995
5.583153
4.4946904
5.038922
5.799995
5.038922
4.8220797
5.9105415
5.4726057
4.605237
5.4768577
5.6937
4.9326262
4.171553
5.3663106
4.8220797
4.171553
5.583153
4.171553
4.3883953
4.171553
4.2821
3.954711
4.9326262
3.737869
4.6094894
4.6094894
3.737869
4.065258
4.4989424
4.1758046
4.6094894
3.848416
3.848416
4.3926473
4.2821
3.4104798
4.6094894
4.065258
3.737869
4.2821
4.065258
3.3041847
4.936878
4.2821
4.2821
3.737869
3.4104798
3.5210268
4.3926473
4.503194
3.0873425
3.3041847
4.1758046
4.065258
3.954711
3.631574
4.065258
4.065258
3.0873425
3.3041847
3.631574
4.503194
3.631574
3.631574
3.631574
3.7421207
4.1758046
2.5473633
3.631574
4.1758046
3.0915945
2.7642052
2.8705006
2.330521
2.4368165
4.2863517
2.8705006
3.7421207
3.1978896
3.631574
3.5210268
3.737869
4.3926473
4.2821
3.9589627
3.737869
5.0431733
3.737869
3.848416
5.0431733
3.848416
3.4104798
3.9589627
3.1978896
2.1136792
1.896837
-0.054742
-0.70952016
-0.16103715
-1.6831837
-1.7894788
-0.91785866
-0.91785866
-1.1389525
-0.8115635
-0.16528895
0.05155315
1.7905419
2.224226
3.7421207
3.7421207
3.5210268
3.848416
4.065258
3.414732
4.936878
3.848416
3.737869
3.9589627
4.503194
3.5210268
3.631574
2.8705006
4.2863517
2.6536584
2.7642052
2.7642052
1.896837
0.5957843
0.48523736
0.37894222
-0.27158412
0.37894222
0.7020795
0.1578483
0.7020795
1.1357636
1.5694479
2.003132
2.2199743
2.330521
2.9810476
2.7642052
2.6536584
3.7421207
2.6536584
3.9589627
3.5252786
2.2199743
3.3084364
3.1978896
2.9810476
2.7642052
2.9810476
2.2199743
2.1136792
2.3262694
2.1136792
2.330521
1.896837
1.2420589
1.6799948
2.2199743
1.2463106
1.2463106
2.224226
0.8083746
2.0073838
1.1357636
0.7020795
1.6799948
2.1136792
1.2420589
2.5473633
2.8705006
3.3084364
1.8925852
2.6536584
2.9810476
3.6358256
3.631574
3.7421207
3.0873425
4.065258
3.5210268
3.3041847
3.5210268
3.848416
3.9589627
4.1758046
3.737869
3.848416
3.0873425
3.631574
3.3041847
3.7421207
3.848416
2.9810476
3.3041847
3.9589627
3.5210268
3.0873425
4.065258
4.065258
3.414732
4.4989424
4.2821
3.737869
4.6094894
4.826331
4.171553
5.2600155
4.715784
4.715784
5.1494684
5.1494684
5.9105415
5.1494684
4.4989424
5.1494684
3.954711
5.0431733
5.6937
4.3883953
4.4946904
6.0210886
4.8220797
5.038922
6.016837
5.799995
6.2336793
6.339974
7.2115946
5.689448
7.538984
6.9947524
6.450521
6.556816
6.77791
7.1010475
6.556816
7.5347314
6.9905005
6.4462695
7.317889
6.7736583
6.7736583
6.7736583
7.5347314
7.4241843
6.1188803
7.5347314
7.4241843
7.207342
7.857869
7.857869
7.7515736
8.078962
8.4021
7.857869
8.618942
8.725238
8.835785
10.136837
9.592606
9.809448
10.136837
9.592606
10.02629
10.570521
10.676816
9.915743
10.459974
10.676816
10.787363
11.875826
10.676816
10.783112
11.327342
11.9821205
11.327342
11.1105
11.221047
11.548436
11.331594
10.459974
11.765279
11.765279
10.349427
11.9821205
11.875826
10.893659
10.136837
10.681068
9.592606
10.030542
9.486311
9.596858
9.269468
9.269468
8.94208
9.158921
8.94208
9.052627
10.030542
8.94208
9.486311
9.592606
10.02629
10.02629
11.765279
11.437889
11.1105
11.871573
10.893659
11.221047
11.327342
11.437889
11.1105
11.331594
10.676816
10.132585
10.132585
10.02629
10.570521
9.375764
10.030542
9.919995
8.835785
9.052627
9.486311
9.163173
7.857869
7.4241843
7.857869
8.4021
9.596858
9.919995
9.703153
10.02629
10.02629
10.243132
11.331594
10.676816
10.787363
10.893659
11.765279
10.676816
11.437889
10.349427
10.132585
10.676816
10.676816
11.004206
10.676816
9.048374
9.592606
9.375764
9.375764
9.592606
9.592606
9.8137
9.592606
9.269468
9.809448
9.375764
9.486311
10.464226
8.937827
9.809448
9.486311
10.681068
10.570521
10.787363
10.787363
10.243132
10.136837
10.570521
10.02629
10.676816
10.353679
10.353679
10.676816
10.353679
10.89791
10.243132
10.459974
10.353679
10.353679
9.698901
10.357931
10.464226
9.703153
8.94208
10.030542
9.269468
8.508395
9.052627
8.181006
9.596858
10.247384
9.269468
9.486311
9.375764
9.158921
9.158921
8.94208
9.486311
10.030542
9.375764
9.269468
9.592606
9.486311
9.158921
7.853617
9.052627
9.380016
8.074712
9.052627
8.508395
8.074712
8.295805
8.2915535
8.074712
9.163173
7.747322
8.508395
9.8137
9.052627
9.8137
8.725238
8.508395
8.508395
8.2915535
8.074712
8.074712
8.2915535
7.6410265
8.946331
8.2915535
7.313638
8.4021
8.618942
7.313638
7.6410265
7.6410265
7.6410265
7.6410265
7.6410265
7.203091
8.185258
8.618942
7.4241843
8.185258
7.6410265
7.6410265
8.618942
7.9684157
7.9684157
7.7515736
7.096796
8.078962
7.6410265
6.4462695
7.317889
7.317889
6.012585
6.9947524
7.2115946
5.251512
6.450521
6.339974
5.3620586
5.4726057
5.90629
4.8220797
5.4726057
5.90629
5.3620586
6.9947524
6.2336793
5.578901
5.689448
6.450521
6.667363
6.8842053
6.9947524
6.7736583
6.7736583
7.207342
7.317889
7.207342
7.207342
6.8799534
7.317889
8.512647
7.096796
7.6410265
7.5347314
6.5525646
7.9684157
7.7515736
6.663111
7.096796
7.6410265
7.857869
8.074712
7.4241843
8.074712
8.074712
8.185258
8.2915535
9.163173
8.725238
8.725238
8.725238
9.158921
8.508395
8.508395
8.508395
8.725238
9.380016
9.052627
8.94208
8.2915535
8.835785
9.375764
8.508395
8.725238
8.835785
8.835785
8.2915535
9.052627
8.94208
8.508395
9.052627
9.596858
7.9641643
7.636775
8.181006
8.94208
8.614691
9.048374
8.720985
8.610438
8.8315325
9.048374
9.592606
9.809448
8.614691
9.375764
8.937827
9.809448
10.136837
9.698901
9.265217
9.809448
8.8315325
9.919995
9.375764
9.048374
8.504144
8.8315325
9.375764
9.15467
9.809448
9.048374
9.698901
10.02629
9.371511
9.698901
9.371511
9.265217
10.570521
10.02629
9.915743
10.243132
10.459974
9.15467
9.482059
9.698901
10.02629
10.459974
10.02629
10.02629
10.893659
10.570521
10.676816
10.893659
10.349427
9.592606
10.243132
10.89791
9.36726
10.676816
10.676816
10.132585
10.676816
10.459974
9.592606
10.02629
9.809448
8.937827
9.698901
9.698901
9.15467
9.15467
10.02629
9.482059
9.698901
9.371511
9.809448
10.349427
9.477807
9.915743
10.570521
9.588354
8.716734
9.698901
11.004206
10.23888
9.477807
9.698901
9.698901
8.82728
9.919995
10.02629
8.8315325
10.136837
10.353679
8.287301
8.8315325
8.8315325
8.397848
8.070459
8.725238
7.853617
9.269468
8.614691
7.74307
8.614691
9.269468
8.070459
8.2915535
8.508395
8.508395
7.309386
8.181006
8.287301
8.504144
8.725238
8.508395
8.8315325
7.9599123
9.158921
8.504144
8.070459
7.853617
9.269468
7.526228
7.203091
7.857869
7.9641643
7.857869
7.5304804
7.309386
6.765155
7.747322
8.94208
6.6588597
7.096796
7.9641643
7.203091
7.857869
8.295805
7.9641643
7.203091
7.747322
7.203091
7.203091
6.986249
6.986249
7.5304804
7.747322
7.096796
7.7515736
6.2251754
7.207342
7.4241843
6.8799534
5.791491
7.4241843
7.9684157
6.008333
6.663111
7.4241843
6.5525646
6.3357224
7.207342
5.902038
5.902038
6.2294273
6.663111
7.207342
5.574649
5.795743
6.667363
5.6851964
5.1452165
5.90629
6.012585
5.468354
5.251512
5.6851964
5.902038
5.468354
6.3357224
6.4462695
6.123132
6.1188803
6.556816
5.6851964
6.9905005
5.251512
5.468354
6.4462695
6.1188803
6.2294273
6.339974
5.902038
6.3357224
6.012585
5.6851964
6.7736583
6.7736583
6.012585
6.556816
5.902038
5.902038
6.556816
5.6851964
6.1188803
5.795743
6.2294273
6.556816
5.795743
5.468354
5.902038
5.0346694
5.795743
6.339974
6.123132
6.339974
5.6851964
6.7736583
5.140965
6.556816
5.251512
6.450521
6.2294273
5.795743
7.2115946
5.795743
5.6851964
6.556816
6.1188803
5.468354
6.012585
5.6851964
6.123132
6.012585
6.556816
4.8135757
6.663111
6.2294273
5.795743
5.0346694
6.123132
6.7736583
4.490439
7.1010475
5.140965
5.6851964
4.924123
5.140965
5.140965
5.251512
5.251512
6.4462695
5.791491
6.4462695
6.2294273
6.9905005
5.030418
5.468354
5.6851964
4.5967336
6.012585
6.8842053
5.90629
5.468354
5.251512
6.2336793
4.7072806
5.578901
5.251512
5.140965
6.123132
5.251512
4.5967336
6.123132
5.795743
6.012585
5.578901
5.140965
6.012585
4.8135757
5.795743
5.791491
6.1188803
5.140965
6.012585
7.1010475
6.7736583
5.902038
6.7736583
5.140965
6.4462695
6.3357224
5.902038
6.556816
5.464102
6.663111
6.008333
6.2251754
5.574649
6.5525646
5.574649
6.7736583
6.5525646
6.008333
5.464102
6.114629
6.008333
6.114629
6.769407
6.114629
6.986249
6.8799534
5.7872396
6.4420176
6.4420176
5.6809444
7.5304804
6.2251754
7.096796
6.8799534
6.3357224
6.3357224
6.663111
6.5525646
6.2251754
6.3357224
6.1188803
5.6809444
6.008333
6.008333
7.6410265
5.8977866
6.114629
7.313638
6.986249
6.769407
7.6410265
6.6588597
6.2251754
6.9905005
5.6809444
6.114629
6.769407
6.5525646
6.2251754
7.6410265
6.6588597
5.5703974
6.986249
6.8799534
6.5525646
6.986249
7.096796
5.8977866
6.5525646
6.769407
7.096796
6.4420176
6.114629
6.6588597
7.203091
6.0040812
6.4420176
6.4420176
6.769407
6.986249
7.747322
6.6588597
6.114629
7.857869
7.309386
7.419933
7.092544
6.986249
6.875702
6.986249
7.9641643
7.309386
7.5304804
6.6588597
7.419933
7.092544
7.419933
8.508395
8.397848
7.092544
8.397848
7.309386
6.6588597
7.313638
7.747322
7.5304804
6.5483127
8.070459
7.632523
8.397848
7.526228
8.397848
7.526228
7.636775
8.397848
7.309386
7.309386
7.526228
8.614691
8.397848
8.614691
9.265217
8.287301
8.720985
9.265217
8.614691
8.504144
8.720985
8.94208
8.176754
8.393597
7.9599123
8.176754
8.504144
8.504144
9.158921
8.393597
7.632523
8.504144
9.158921
8.8315325
8.610438
9.482059
8.937827
10.02629
9.698901
8.716734
8.720985
9.809448
9.482059
8.610438
8.397848
8.287301
8.393597
8.504144
8.504144
8.393597
8.614691
8.614691
7.9599123
8.393597
9.265217
8.397848
9.371511
8.610438
9.809448
9.375764
10.570521
9.698901
9.044123
9.371511
9.588354
9.044123
9.588354
10.349427
10.349427
9.588354
8.499891
9.588354
9.044123
8.82728
11.004206
8.82728
9.698901
9.044123
9.588354
9.044123
9.36726
9.044123
9.698901
10.566269
10.455723
9.69465
10.349427
9.911491
9.36726
10.676816
10.23888
10.6725645
10.455723
10.23888
10.566269
9.911491
10.889407
11.544185
10.6725645
10.455723
10.566269
10.893659
9.911491
9.800944
10.345176
10.349427
9.256713
10.017787
11.327342
10.455723
9.584103
10.783112
10.0220375
10.017787
10.999953
10.345176
9.584103
11.654732
9.911491
9.584103
10.345176
10.893659
10.455723
10.128334
10.0220375
11.327342
10.345176
10.999953
10.349427
10.783112
10.455723
10.349427
10.783112
10.128334
10.455723
9.150418
11.654732
10.23888
9.911491
10.783112
10.23888
10.234629
10.889407
10.999953
10.562017
10.783112
11.216796
10.999953
9.800944
11.216796
10.23888
10.345176
10.345176
11.433638
11.216796
10.999953
10.345176
10.455723
10.889407
10.017787
10.345176
11.327342
11.433638
10.013535
10.124082
10.77886
11.2125435
10.340923
11.65048
10.77886
11.646228
10.668313
11.646228
10.774608
10.995702
11.756775
11.2125435
11.106249
12.194712
11.429386
11.646228
11.973618
12.624144
12.186207
12.407301
11.646228
11.425134
11.101996
11.539933
12.517848
11.535681
11.8630705
12.301006
11.646228
11.973618
12.301006
11.646228
12.407301
11.535681
12.517848
13.1726265
12.624144
11.425134
12.084165
12.301006
12.079912
12.084165
11.973618
12.734691
11.752523
12.079912
12.079912
12.845238
11.535681
12.301006
12.084165
11.8630705
11.2125435
11.539933
11.973618
12.190459
10.668313
11.65048
11.756775
10.889407
12.194712
11.756775
11.429386
11.101996
11.2125435
11.65048
11.646228
11.323091
11.867322
12.084165
10.995702
11.65048
11.539933
10.562017
11.544185
11.106249
10.234629
11.433638
11.216796
11.756775
11.216796
11.756775
11.323091
10.6725645
10.999953
10.455723
10.23888
11.1105
10.6725645
10.128334
9.911491
10.6725645
10.345176
9.911491
10.999953
10.23888
9.473556
10.128334
10.455723
10.999953
10.999953
10.345176
10.999953
10.566269
10.893659
10.017787
11.216796
10.23888
10.6725645
10.783112
9.805196
10.566269
9.805196
9.588354
9.805196
10.132585
9.69465
8.8230295
9.915743
10.243132
9.260964
9.371511
9.265217
8.610438
9.698901
9.048374
9.048374
9.698901
7.849365
8.8315325
8.504144
7.9599123
7.9599123
8.504144
9.048374
9.698901
8.614691
9.482059
9.592606
8.287301
9.809448
8.393597
8.937827
9.048374
8.937827
7.1988387
8.397848
8.504144
7.636775
7.853617
8.181006
7.853617
8.614691
8.94208
8.504144
9.158921
8.504144
8.176754
7.9599123
9.375764
9.048374
8.610438
8.176754
8.8315325
8.720985
9.592606
8.725238
9.375764
8.720985
9.158921
8.176754
8.614691
9.482059
9.592606
8.937827
8.937827
9.15467
8.720985
9.915743
9.482059
9.915743
8.933577
10.243132
10.132585
9.477807
9.044123
10.132585
9.588354
10.570521
10.349427
9.371511
10.23888
10.0220375
9.371511
9.915743
10.23888
9.915743
10.0220375
9.371511
10.783112
10.459974
10.0220375
10.566269
9.371511
10.459974
9.915743
10.243132
10.566269
9.371511
10.349427
9.69465
10.0220375
9.477807
10.349427
9.911491
8.606187
9.915743
9.588354
8.499891
9.15467
9.044123
8.499891
8.720985
8.176754
8.614691
7.853617
8.504144
8.287301
8.504144
8.070459
9.048374
8.393597
7.74307
8.393597
9.265217
8.82728
9.265217
9.044123
8.716734
8.937827
9.044123
8.82728
9.588354
10.243132
8.937827
9.482059
9.588354
9.265217
10.132585
8.82728
9.371511
9.588354
9.809448
9.805196
8.504144
8.933577
9.265217
10.132585
8.610438
8.82728
9.592606
9.15467
8.933577
9.588354
9.477807
10.132585
10.455723
10.459974
10.23888
10.132585
9.36726
10.566269
9.584103
9.805196
10.566269
9.911491
10.676816
9.260964
9.36726
10.132585
9.805196
10.893659
10.0220375
9.911491
9.588354
10.566269
10.02629
9.584103
9.260964
11.004206
10.6725645
10.128334
9.911491
10.999953
10.455723
9.69465
10.6725645
10.128334
9.800944
10.128334
10.345176
11.1105
10.455723
9.36726
9.584103
9.260964
10.566269
9.150418
9.805196
10.0220375
9.150418
10.893659
9.805196
9.477807
9.805196
9.69465
10.893659
9.260964
8.8230295
10.349427
11.004206
9.911491
9.588354
10.676816
8.716734
9.371511
9.260964
9.477807
10.459974
10.132585
9.698901
9.482059
9.809448
9.482059
9.482059
8.937827
8.499891
9.482059
9.915743
9.588354
8.716734
8.82728
9.698901
9.698901
9.375764
9.698901
9.265217
8.610438
10.243132
9.805196
9.048374
9.698901
8.720985
9.15467
9.482059
9.260964
8.82728
9.809448
10.132585
9.805196
9.477807
9.150418
9.150418
10.243132
10.349427
9.150418
10.132585
9.805196
9.371511
8.937827
8.610438
9.371511
10.132585
10.132585
10.02629
9.805196
8.82728
9.588354
9.915743
9.809448
9.15467
9.044123
8.720985
8.933577
9.15467
9.915743
9.371511
10.132585
9.482059
9.915743
10.132585
9.482059
9.588354
10.02629
9.15467
7.9599123
9.703153
8.720985
8.94208
9.703153
8.94208
7.526228
8.725238
8.614691
7.853617
8.94208
7.853617
8.614691
8.725238
9.158921
8.94208
8.8315325
9.703153
8.176754
9.265217
8.614691
7.738818
9.375764
9.265217
8.176754
9.048374
9.048374
8.8315325
8.94208
8.287301
8.070459
8.94208
8.94208
7.9599123
9.486311
8.070459
7.526228
8.2915535
7.9599123
7.1988387
7.74307
8.070459
7.9599123
9.375764
9.698901
9.375764
8.720985
8.720985
8.393597
8.393597
9.592606
10.132585
9.698901
9.915743
10.893659
10.676816
10.459974
9.260964
9.698901
9.371511
9.915743
10.0220375
9.482059
10.459974
10.349427
9.698901
10.0220375
10.132585
9.044123
8.389345
9.698901
9.588354
10.459974
10.0220375
9.588354
9.477807
9.260964
9.915743
9.915743
10.893659
10.349427
10.566269
10.128334
9.584103
9.69465
10.566269
9.584103
11.327342
10.889407
10.23888
10.893659
10.6725645
9.911491
10.889407
10.562017
10.23888
10.562017
10.345176
10.455723
10.234629
10.783112
9.911491
10.345176
10.783112
10.999953
10.017787
10.783112
10.77886
10.455723
12.305258
10.889407
10.668313
10.234629
11.65048
10.885155
11.65048
11.65048
10.995702
12.411553
10.995702
11.8630705
11.101996
12.411553
10.995702
11.101996
10.995702
11.756775
12.190459
10.991449
11.429386
11.429386
11.539933
11.539933
11.425134
11.2125435
11.425134
11.973618
11.973618
11.752523
12.513597
12.513597
12.403049
13.602058
13.491511
13.053576
13.602058
14.142038
13.270417
14.363132
13.053576
12.619891
13.053576
13.053576
13.597807
13.491511
13.053576
13.814649
14.142038
14.252585
13.380964
12.832482
13.270417
13.708355
13.704102
14.031491
13.597807
14.35888
13.376713
14.248333
14.142038
14.248333
13.48726
13.597807
13.48726
13.270417
13.818902
14.031491
14.35888
13.814649
14.031491
14.142038
13.597807
13.704102
14.575723
14.035743
12.726187
12.730438
12.730438
12.836734
13.818902
12.619891
13.053576
13.602058
12.947281
13.597807
13.274671
13.385218
12.509345
12.186207
13.168375
12.836734
12.403049
13.708355
13.380964
12.403049
13.602058
13.164123
13.053576
13.818902
13.491511
12.730438
12.730438
13.164123
12.730438
12.947281
13.053576
13.164123
13.274671
12.726187
14.252585
13.814649
13.159871
14.035743
13.053576
13.48726
13.491511
14.142038
13.814649
14.796817
13.597807
14.575723
14.469427
14.031491
13.48726
14.903111
14.575723
14.248333
13.920944
14.35888
14.575723
14.248333
14.579974
13.491511
12.403049
13.168375
11.8630705
11.429386
12.084165
11.2125435
11.867322
11.2125435
11.535681
12.840985
13.274671
13.708355
13.925196
14.575723
14.682017
14.575723
15.336795
13.704102
15.336795
15.119954
14.575723
14.252585
14.575723
13.597807
14.142038
13.164123
12.186207
12.624144
12.624144
12.624144
11.535681
11.973618
12.190459
11.323091
11.646228
12.296754
11.8630705
12.186207
13.602058
12.292503
13.708355
13.168375
12.943029
13.385218
12.619891
12.186207
12.836734
12.840985
13.491511
13.274671
13.602058
13.053576
12.186207
13.164123
13.164123
12.513597
12.947281
12.734691
12.734691
12.513597
13.278922
12.403049
12.619891
12.513597
12.296754
11.969365
13.274671
13.057828
12.836734
12.513597
13.053576
13.818902
14.469427
13.164123
13.491511
13.164123
13.491511
12.292503
13.491511
13.053576
12.619891
12.947281
13.929449
12.730438
13.278922
12.186207
13.168375
12.730438
12.947281
13.380964
12.943029
13.380964
14.469427
13.053576
14.579974
13.708355
12.836734
13.491511
14.142038
13.597807
14.14629
13.164123
13.491511
14.142038
13.053576
14.579974
13.597807
14.035743
12.836734
13.274671
13.491511
12.403049
12.619891
13.385218
12.836734
12.186207
12.836734
13.491511
13.602058
12.730438
12.730438
13.818902
13.385218
12.836734
12.619891
13.380964
12.836734
13.925196
13.704102
15.013659
13.925196
13.491511
13.48726
12.947281
14.469427
13.053576
13.708355
12.726187
13.48726
13.48726
13.380964
13.925196
13.708355
13.164123
13.270417
13.818902
12.509345
13.814649
14.035743
14.252585
13.053576
13.814649
14.469427
14.35888
13.270417
14.68627
14.142038
14.031491
14.248333
14.575723
15.009407
13.5935545
14.248333
15.009407
14.89886
15.009407
14.89886
14.248333
15.009407
13.376713
14.465176
14.02724
14.465176
14.57147
15.226248
15.226248
14.89886
14.137786
15.115701
15.226248
14.788313
15.881026
15.549385
15.549385
15.226248
14.788313
15.655681
14.788313
14.792564
15.659932
14.89886
14.788313
14.89886
15.553638
14.89886
15.005156
14.248333
15.115701
14.792564
15.009407
15.553638
15.881026
14.682017
14.57147
14.792564
15.226248
14.465176
14.465176
14.575723
15.009407
15.226248
14.903111
14.682017
14.682017
15.119954
13.5935545
15.013659
14.137786
13.376713
15.119954
13.5935545
12.61564
14.469427
13.814649
13.5935545
14.35888
14.137786
14.682017
15.553638
15.115701
16.31046
15.659932
15.332544
15.226248
15.115701
14.575723
14.465176
14.354629
14.903111
15.553638
14.89886
15.553638
15.226248
15.553638
15.774733
15.664186
13.920944
15.013659
14.248333
14.031491
14.575723
14.903111
13.483009
14.142038
14.68627
14.137786
15.664186
14.903111
14.682017
14.575723
15.664186
15.443091
15.009407
14.903111
14.465176
14.465176
14.792564
14.35888
15.119954
14.469427
15.013659
14.469427
15.230501
13.380964
14.469427
13.925196
14.252585
14.68627
14.142038
14.252585
13.814649
14.142038
14.035743
13.380964
14.14629
14.142038
13.597807
14.469427
14.796817
14.252585
14.35888
14.031491
14.035743
14.796817
14.035743
14.690521
13.48726
13.602058
13.597807
13.053576
14.690521
13.925196
13.708355
13.491511
13.925196
13.818902
14.256837
13.274671
12.403049
13.818902
12.513597
13.929449
12.836734
14.252585
14.796817
14.142038
13.274671
13.164123
13.602058
13.602058
13.385218
13.385218
12.840985
13.057828
13.385218
13.057828
13.491511
13.929449
14.579974
14.14629
14.035743
12.840985
13.602058
13.708355
13.385218
13.495763
14.363132
13.385218
13.385218
12.730438
12.624144
13.168375
12.947281
12.730438
13.385218
13.164123
13.491511
14.035743
13.602058
13.053576
13.708355
13.597807
13.270417
14.14629
14.469427
13.814649
13.814649
13.380964
13.925196
13.385218
14.252585
12.075661
13.929449
13.708355
13.925196
14.252585
13.708355
13.597807
14.035743
14.363132
12.619891
14.14629
13.270417
13.053576
14.142038
13.597807
13.270417
14.252585
14.031491
13.380964
14.142038
13.704102
13.597807
14.252585
13.704102
14.469427
14.363132
13.48726
13.053576
13.925196
14.142038
14.35888
14.031491
14.579974
13.704102
14.575723
14.142038
13.704102
15.230501
14.68627
14.031491
14.575723
14.792564
14.682017
14.792564
14.465176
15.226248
15.553638
14.903111
14.137786
15.119954
14.248333
13.920944
15.226248
15.336795
14.682017
15.005156
14.792564
15.332544
16.093616
15.987322
15.443091
15.770479
15.659932
14.677766
16.421007
16.421007
15.872524
16.31471
15.000902
16.85469
16.204163
15.876775
15.876775
15.876775
15.553638
15.549385
15.443091
15.987322
15.332544
16.531553
16.204163
15.549385
15.770479
16.31471
15.766228
16.748394
16.965237
16.089365
16.748394
17.071531
17.071531
17.071531
15.766228
15.872524
15.659932
16.421007
16.31046
15.659932
15.983071
15.983071
15.549385
15.983071
15.443091
15.659932
16.199913
15.443091
16.531553
15.655681
15.876775
16.421007
16.416756
15.876775
15.659932
15.983071
16.85469
16.204163
16.85044
16.416756
17.505217
16.85044
16.523048
16.527302
17.72206
16.960987
16.85044
17.288374
16.421007
16.089365
16.31046
15.876775
16.744143
16.416756
15.872524
16.85044
17.832605
17.177828
16.633596
16.744143
16.85044
17.06728
17.177828
18.483133
17.39467
17.39467
17.938902
16.960987
16.956734
18.155743
16.744143
17.284122
17.505217
16.199913
16.527302
17.398922
16.306208
16.199913
16.416756
17.177828
16.416756
17.284122
16.960987
17.72206
16.85469
15.872524
15.983071
15.983071
16.306208
17.615763
16.31046
16.85044
16.748394
16.85044
16.306208
16.637848
16.306208
16.960987
16.85469
16.744143
17.288374
16.527302
17.288374
16.637848
15.872524
17.18208
17.071531
15.987322
16.093616
16.965237
16.199913
15.549385
15.655681
16.093616
15.876775
16.199913
15.659932
16.31046
15.766228
16.637848
15.766228
16.093616
16.31046
15.655681
16.421007
16.199913
16.093616
16.31046
15.659932
15.443091
15.770479
15.553638
15.770479
15.881026
16.421007
15.443091
15.336795
15.332544
15.332544
15.005156
15.987322
15.115701
15.226248
15.443091
14.903111
15.553638
15.447342
14.465176
14.465176
15.336795
14.137786
15.226248
14.460924
14.89886
14.137786
15.553638
14.682017
15.553638
14.682017
15.447342
14.465176
15.336795
15.119954
14.137786
14.903111
15.115701
15.664186
14.792564
14.792564
13.376713
15.230501
14.137786
14.248333
14.137786
14.35888
13.704102
13.159871
14.903111
14.248333
15.119954
13.704102
15.013659
13.704102
13.48726
14.142038
13.814649
13.704102
14.796817
14.575723
13.925196
13.708355
13.814649
14.142038
14.68627
13.491511
14.35888
13.814649
13.925196
13.380964
14.035743
13.270417
14.035743
14.252585
14.142038
13.925196
14.579974
13.704102
12.836734
12.943029
13.602058
14.796817
13.491511
13.164123
14.252585
13.164123
13.270417
14.252585
13.712605
13.602058
13.818902
13.602058
13.274671
13.278922
13.602058
13.708355
13.380964
13.164123
14.252585
13.491511
13.057828
12.398798
13.380964
12.836734
13.491511
14.579974
13.48726
14.035743
14.35888
13.053576
14.035743
13.708355
12.836734
14.363132
12.943029
12.943029
14.14629
13.164123
12.947281
13.057828
13.274671
13.708355
13.597807
13.274671
13.491511
13.597807
14.035743
14.035743
13.597807
12.947281
12.730438
13.708355
13.164123
13.818902
13.597807
13.380964
13.708355
13.925196
14.142038
13.597807
12.836734
13.270417
13.274671
13.818902
13.597807
13.925196
12.836734
13.929449
14.252585
14.142038
12.836734
13.602058
13.708355
12.730438
13.495763
13.708355
13.491511
13.057828
12.947281
12.836734
14.14629
13.708355
12.730438
13.708355
14.035743
13.491511
13.385218
14.035743
13.818902
13.818902
13.168375
12.840985
12.730438
12.840985
13.057828
12.947281
13.274671
14.252585
14.142038
13.491511
13.491511
13.380964
13.597807
13.270417
13.925196
13.708355
13.380964
14.363132
13.491511
13.602058
13.708355
12.840985
13.929449
13.491511
13.602058
13.164123
13.057828
13.597807
13.164123
13.712605
13.491511
12.403049
14.14629
14.252585
12.836734
14.363132
13.274671
13.164123
14.14629
13.708355
13.708355
13.602058
14.796817
13.380964
13.708355
14.252585
13.597807
14.035743
13.708355
13.814649
13.814649
14.796817
13.491511
14.579974
13.920944
13.164123
13.925196
13.925196
12.947281
14.363132
13.380964
13.818902
13.491511
14.142038
12.947281
14.14629
14.142038
14.035743
14.142038
14.035743
14.363132
14.035743
14.35888
13.925196
13.814649
14.142038
13.704102
14.35888
13.925196
13.597807
13.814649
14.68627
15.119954
14.903111
14.248333
14.248333
14.68627
14.575723
14.137786
15.119954
14.248333
14.248333
14.68627
14.35888
13.159871
14.469427
13.814649
13.376713
13.708355
14.903111
13.814649
14.469427
14.35888
14.35888
14.248333
14.469427
14.248333
14.465176
14.142038
14.68627
14.68627
14.35888
14.68627
13.704102
14.575723
14.363132
14.142038
13.164123
14.252585
14.252585
14.575723
14.469427
13.925196
14.031491
13.704102
14.252585
15.013659
14.35888
14.142038
14.903111
14.575723
13.925196
14.35888
14.031491
13.704102
13.925196
14.465176
14.142038
14.252585
13.814649
13.48726
13.925196
14.35888
12.836734
13.818902
13.818902
12.943029
14.469427
12.943029
13.818902
13.597807
12.726187
14.907364
14.252585
13.708355
13.602058
13.491511
13.053576
13.602058
13.925196
13.704102
14.252585
13.602058
13.270417
14.035743
14.690521
13.814649
13.597807
14.252585
13.274671
13.491511
13.380964
14.035743
14.363132
13.708355
13.274671
13.491511
13.164123
13.818902
14.14629
14.252585
13.164123
13.057828
12.947281
12.730438
13.929449
13.380964
13.708355
13.602058
13.164123
13.164123
14.363132
13.274671
13.164123
14.14629
13.164123
13.597807
14.252585
14.363132
13.597807
13.597807
13.380964
13.708355
13.602058
13.164123
13.491511
14.469427
14.252585
13.385218
13.708355
13.380964
14.035743
13.164123
11.965114
13.602058
12.730438
12.947281
14.14629
12.296754
12.840985
14.14629
12.840985
13.168375
13.602058
13.164123
14.035743
12.403049
13.164123
12.513597
13.602058
13.164123
12.840985
13.602058
13.818902
13.057828
13.274671
13.380964
14.035743
14.363132
12.619891
13.385218
13.708355
12.947281
13.278922
13.274671
12.513597
12.840985
13.057828
12.292503
13.062079
13.929449
13.274671
12.951532
13.164123
12.186207
13.062079
13.602058
13.274671
13.385218
13.057828
13.274671
13.929449
13.491511
13.270417
13.164123
14.035743
13.708355
14.252585
14.252585
13.708355
13.818902
13.057828
13.057828
12.947281
13.818902
12.947281
14.14629
13.491511
13.818902
13.057828
13.818902
12.619891
13.712605
13.274671
12.947281
13.057828
13.929449
12.730438
13.168375
13.274671
12.619891
13.495763
13.274671
13.491511
14.14629
13.385218
14.035743
13.380964
13.274671
14.252585
14.469427
13.380964
14.690521
14.469427
13.164123
14.14629
13.708355
13.164123
13.818902
14.796817
13.164123
14.363132
13.708355
14.035743
13.929449
14.469427
12.943029
13.708355
13.925196
14.469427
14.35888
13.818902
14.469427
13.491511
13.597807
13.708355
13.704102
14.469427
13.818902
14.035743
12.730438
13.712605
14.035743
14.035743
13.491511
14.579974
13.597807
14.035743
14.469427
14.142038
14.252585
14.469427
14.252585
13.491511
14.363132
13.380964
14.363132
13.708355
14.252585
13.925196
14.256837
13.274671
13.818902
13.164123
14.14629
14.035743
13.164123
13.274671
14.252585
13.380964
13.818902
14.035743
13.491511
13.380964
13.057828
14.252585
12.947281
14.14629
13.925196
13.274671
13.274671
13.708355
13.491511
14.035743
13.708355
14.14629
13.818902
13.602058
14.14629
13.053576
13.818902
13.491511
13.925196
13.274671
13.491511
14.252585
14.579974
14.796817
13.053576
14.035743
13.380964
14.469427
13.48726
13.814649
14.469427
14.252585
14.142038
14.35888
14.142038
14.575723
14.796817
14.248333
14.248333
14.35888
14.35888
14.903111
14.68627
14.031491
14.248333
14.469427
14.903111
14.031491
14.142038
15.230501
14.575723
14.575723
14.575723
14.031491
14.575723
14.031491
15.557889
15.230501
14.248333
14.575723
14.575723
13.704102
15.557889
15.230501
14.575723
15.447342
14.575723
14.68627
14.68627
14.68627
14.575723
14.903111
14.35888
14.031491
15.230501
15.013659
15.013659
14.35888
14.248333
14.68627
14.469427
14.142038
15.230501
14.68627
14.68627
14.465176
14.68627
14.252585
14.35888
14.252585
14.469427
14.248333
13.48726
14.68627
14.575723
14.575723
15.009407
15.119954
15.881026
15.009407
15.119954
15.009407
14.465176
15.230501
14.792564
15.119954
14.903111
14.68627
15.119954
14.031491
14.792564
15.664186
13.920944
14.903111
15.230501
15.009407
14.465176
14.903111
14.903111
14.465176
15.119954
14.465176
15.009407
14.792564
15.009407
14.354629
15.013659
14.792564
13.810397
15.230501
14.903111
14.031491
14.465176
14.796817
13.704102
14.792564
14.68627
14.575723
14.35888
13.925196
13.708355
14.035743
14.363132
13.708355
13.708355
13.708355
13.380964
13.708355
14.469427
14.35888
14.252585
15.230501
13.704102
14.690521
14.68627
13.814649
14.14629
13.48726
13.704102
14.248333
14.796817
13.597807
13.274671
12.947281
12.619891
13.602058
13.491511
13.053576
12.947281
13.708355
12.513597
12.840985
13.274671
12.730438
13.602058
13.712605
12.513597
13.602058
13.057828
12.513597
12.403049
12.190459
12.517848
11.858818
12.840985
12.734691
12.296754
13.385218
13.385218
12.407301
12.513597
12.734691
12.840985
11.8630705
12.190459
12.407301
12.407301
12.517848
12.190459
12.296754
13.062079
11.756775
12.079912
11.973618
11.8630705
11.973618
12.190459
12.084165
12.517848
11.752523
12.955785
12.624144
12.190459
12.734691
12.840985
12.407301
11.969365
12.407301
12.190459
13.60631
12.079912
12.079912
12.190459
12.951532
12.296754
12.840985
13.60631
12.624144
13.164123
13.168375
13.168375
12.186207
13.712605
12.840985
13.491511
13.708355
12.840985
13.057828
12.513597
13.274671
13.495763
12.947281
12.951532
12.407301
12.840985
12.296754
13.168375
12.296754
12.734691
12.845238
11.8630705
12.951532
12.840985
12.840985
13.278922
13.385218
13.168375
12.951532
12.190459
11.8630705
11.8630705
11.973618
11.756775
12.190459
12.084165
12.734691
11.973618
12.845238
12.517848
12.407301
11.539933
11.323091
11.867322
11.323091
11.867322
11.539933
11.2125435
11.539933
12.194712
12.301006
12.190459
11.539933
11.2125435
11.429386
10.45147
11.106249
11.867322
10.889407
10.668313
11.433638
10.562017
10.995702
11.2125435
11.539933
10.885155
11.8630705
11.539933
12.190459
10.995702
12.411553
10.995702
11.433638
12.301006
11.756775
11.433638
11.429386
11.318839
11.2125435
11.429386
10.885155
11.323091
11.106249
10.995702
12.088415
11.106249
10.77886
10.6725645
11.106249
11.2125435
10.77886
10.234629
10.124082
10.77886
11.2125435
10.885155
11.539933
10.668313
11.973618
12.194712
11.2125435
10.668313
11.867322
12.411553
12.301006
12.845238
11.2125435
11.65048
12.194712
10.77886
12.088415
11.323091
10.45147
10.783112
11.433638
10.562017
11.65048
11.867322
10.562017
11.65048
11.977869
10.45147
10.783112
11.65048
11.433638
10.999953
11.2125435
11.323091
11.433638
11.867322
11.429386
11.544185
11.65048
10.77886
10.345176
11.106249
10.234629
10.6725645
10.77886
10.77886
11.216796
11.323091
10.562017
10.6725645
11.65048
10.234629
10.783112
10.783112
10.6725645
11.327342
10.128334
10.889407
9.800944
11.761026
11.106249
10.45147
11.106249
10.234629
10.23888
10.345176
10.999953
10.999953
10.6725645
11.65048
10.6725645
11.433638
12.084165
10.995702
12.084165
10.995702
11.2125435
10.562017
10.889407
11.323091
11.867322
11.216796
10.889407
10.995702
10.6725645
10.889407
11.539933
10.889407
11.106249
11.106249
11.2125435
11.544185
11.539933
11.2125435
11.323091
11.323091
10.995702
10.562017
11.323091
12.301006
12.301006
12.411553
11.101996
10.557766
11.756775
11.539933
10.995702
10.995702
10.995702
11.106249
11.433638
10.991449
11.65048
12.628395
11.535681
10.995702
11.106249
11.101996
10.557766
10.557766
11.867322
11.101996
11.106249
11.2125435
10.885155
11.756775
12.517848
11.318839
11.101996
11.973618
11.756775
11.973618
11.973618
11.539933
11.323091
11.867322
11.106249
11.867322
12.079912
11.973618
11.646228
11.318839
11.101996
11.323091
11.2125435
11.106249
11.106249
10.77886
10.889407
10.668313
11.65048
11.646228
12.411553
11.756775
10.885155
10.557766
11.539933
12.088415
11.101996
10.889407
11.433638
11.106249
10.995702
11.535681
11.323091
12.301006
11.646228
11.867322
12.190459
11.2125435
10.668313
11.216796
11.433638
10.999953
11.323091
11.761026
11.323091
10.668313
11.429386
11.429386
11.756775
11.867322
11.101996
10.668313
11.323091
10.774608
11.539933
12.407301
11.973618
11.8630705
11.973618
11.646228
12.840985
12.734691
11.752523
12.079912
11.8630705
11.535681
11.756775
11.101996
11.646228
12.407301
11.429386
12.624144
12.296754
11.318839
12.296754
12.734691
12.190459
11.318839
12.845238
11.646228
11.429386
11.101996
12.951532
12.296754
12.079912
12.517848
11.641976
11.646228
12.084165
11.535681
11.646228
11.646228
11.752523
11.756775
11.973618
12.079912
11.318839
11.752523
11.2125435
12.734691
10.774608
12.084165
12.517848
11.429386
11.429386
12.190459
11.318839
12.407301
12.079912
12.513597
11.641976
12.734691
10.995702
11.973618
11.646228
12.084165
12.301006
12.734691
12.190459
11.535681
12.296754
12.079912
11.973618
11.752523
12.301006
11.8630705
11.8630705
11.318839
12.079912
11.646228
11.535681
11.969365
12.407301
13.057828
12.730438
12.079912
11.531429
13.389469
13.057828
12.840985
12.730438
11.858818
12.951532
12.730438
12.840985
12.190459
12.296754
11.969365
12.947281
12.296754
13.385218
12.513597
12.624144
13.495763
12.730438
12.951532
12.951532
12.296754
12.624144
12.407301
12.840985
12.403049
12.407301
12.840985
12.403049
13.385218
12.836734
11.858818
13.062079
12.079912
11.429386
12.951532
13.168375
12.624144
12.407301
12.840985
11.535681
12.407301
12.296754
11.318839
11.756775
12.190459
11.756775
11.323091
11.2125435
10.885155
11.539933
12.084165
11.973618
11.318839
11.2125435
11.867322
10.995702
10.45147
10.999953
10.45147
10.6725645
11.65048
10.995702
10.45147
12.194712
10.885155
11.433638
11.646228
10.668313
11.429386
11.867322
11.101996
10.340923
11.867322
12.190459
11.429386
11.756775
12.624144
12.190459
10.119829
11.646228
11.8630705
11.433638
10.77886
10.128334
10.6725645
9.584103
10.128334
9.256713
9.256713
10.132585
10.455723
9.477807
10.893659
9.800944
10.345176
11.433638
10.885155
10.885155
12.084165
13.385218
13.278922
12.624144
12.730438
11.858818
12.730438
12.403049
11.535681
11.429386
11.646228
10.340923
10.77886
11.106249
10.562017
9.800944
9.800944
10.562017
11.433638
10.45147
10.45147
11.2125435
10.447219
12.628395
11.646228
11.208292
12.734691
11.969365
12.513597
12.296754
12.403049
12.619891
12.513597
11.969365
12.840985
12.951532
11.318839
11.429386
11.756775
10.991449
11.433638
11.318839
11.2125435
12.084165
11.318839
11.429386
11.323091
11.429386
11.756775
12.194712
12.190459
11.8630705
11.867322
10.991449
11.867322
11.2125435
12.190459
12.190459
12.734691
12.407301
12.190459
12.517848
12.190459
11.101996
12.845238
11.429386
11.756775
11.65048
11.101996
10.345176
11.106249
10.995702
11.323091
10.995702
12.088415
10.77886
11.539933
11.106249
11.323091
10.783112
11.761026
11.756775
11.323091
11.756775
11.539933
10.77886
11.761026
12.194712
11.539933
11.544185
10.562017
10.562017
10.889407
11.761026
10.128334
10.562017
11.323091
10.999953
10.77886
10.455723
10.128334
10.23888
10.23888
10.455723
10.128334
9.907239
10.566269
10.017787
10.455723
10.455723
10.128334
10.345176
10.783112
10.889407
10.128334
9.584103
10.455723
9.911491
9.800944
10.562017
9.911491
10.234629
11.216796
9.911491
10.455723
10.566269
10.345176
9.690397
10.349427
10.23888
9.69465
10.128334
10.128334
10.455723
11.327342
10.23888
9.584103
10.0220375
10.0220375
10.6725645
10.132585
10.0220375
10.128334
11.1105
9.911491
10.128334
10.893659
10.562017
10.783112
10.783112
10.345176
10.23888
9.584103
10.6725645
10.6725645
10.455723
10.455723
9.584103
10.566269
10.783112
10.23888
9.69465
9.800944
9.911491
10.0220375
9.911491
10.349427
10.783112
9.260964
10.676816
10.23888
10.23888
10.23888
10.676816
9.911491
10.0220375
9.69465
10.23888
10.132585
9.69465
11.327342
9.911491
10.23888
9.911491
9.69465
10.128334
10.893659
10.6725645
10.889407
10.676816
10.23888
10.999953
10.999953
10.128334
11.544185
11.327342
10.345176
10.128334
11.544185
9.800944
10.999953
10.128334
10.345176
10.783112
10.562017
10.783112
10.783112
10.6725645
11.761026
10.889407
10.562017
11.433638
11.433638
11.867322
12.411553
11.433638
11.646228
12.084165
11.761026
11.2125435
12.194712
11.761026
10.562017
11.977869
10.889407
11.433638
11.327342
11.867322
11.65048
12.194712
11.867322
11.65048
10.889407
10.889407
11.433638
11.977869
11.539933
11.106249
10.995702
11.867322
10.340923
11.65048
11.106249
11.106249
11.106249
11.323091
11.433638
11.539933
12.194712
11.216796
11.65048
10.783112
10.889407
11.2125435
10.889407
10.455723
10.017787
10.562017
10.455723
10.893659
10.455723
11.1105
10.455723
10.6725645
10.566269
10.128334
10.455723
10.128334
10.999953
10.23888
10.566269
11.216796
10.566269
10.893659
10.455723
10.0220375
11.327342
10.128334
9.911491
10.562017
11.216796
10.783112
11.1105
9.584103
10.893659
9.584103
11.1105
10.455723
10.23888
10.455723
11.437889
10.893659
10.783112
10.23888
11.437889
9.69465
10.455723
11.437889
9.911491
10.566269
10.6725645
10.566269
10.999953
10.889407
10.783112
10.455723
11.327342
11.433638
11.544185
12.088415
11.327342
11.539933
10.455723
10.455723
10.783112
10.455723
10.345176
10.783112
10.566269
10.6725645
10.999953
10.566269
10.345176
10.999953
10.893659
10.783112
11.216796
10.783112
10.999953
10.6725645
10.999953
11.221047
10.999953
11.327342
10.999953
11.106249
11.1105
11.544185
11.216796
11.327342
10.889407
11.106249
10.783112
10.562017
11.1105
11.544185
10.889407
10.889407
10.562017
11.216796
12.084165
12.088415
11.433638
10.995702
11.654732
11.433638
11.323091
10.562017
11.539933
11.433638
11.106249
11.539933
10.999953
11.977869
11.433638
11.106249
11.761026
11.973618
11.65048
11.539933
11.323091
12.411553
11.106249
11.323091
11.867322
11.106249
11.323091
11.539933
11.433638
11.433638
11.65048
11.977869
10.995702
11.327342
10.999953
10.999953
11.437889
10.999953
10.783112
10.999953
10.999953
10.999953
11.327342
11.327342
10.999953
10.6725645
11.1105
11.327342
10.455723
11.437889
10.999953
10.23888
10.893659
10.23888
10.566269
10.566269
10.349427
11.1105
10.566269
11.1105
11.437889
10.459974
10.783112
10.676816
9.805196
9.588354
10.787363
9.915743
9.805196
10.459974
10.566269
9.473556
10.676816
9.588354
10.893659
10.893659
10.0220375
10.349427
10.783112
10.23888
10.893659
10.455723
11.1105
10.999953
10.349427
9.911491
10.0220375
11.1105
9.69465
10.676816
10.132585
10.893659
10.893659
10.459974
10.783112
10.566269
10.783112
9.69465
10.676816
10.676816
9.911491
11.1105
11.004206
10.23888
10.132585
10.0220375
10.0220375
10.23888
10.893659
10.566269
10.566269
11.221047
11.004206
9.698901
11.221047
10.0220375
10.02629
10.349427
10.132585
10.787363
10.353679
10.893659
9.698901
10.243132
10.132585
10.02629
9.265217
10.676816
9.698901
9.915743
10.132585
9.371511
9.698901
10.570521
9.265217
10.136837
10.243132
8.8315325
10.136837
10.243132
9.048374
10.353679
9.809448
9.486311
9.158921
9.592606
9.375764
9.809448
9.265217
9.158921
8.725238
8.94208
9.380016
8.94208
8.287301
9.052627
8.397848
8.725238
8.94208
7.853617
8.508395
9.269468
8.397848
8.508395
9.486311
8.94208
8.2915535
8.725238
8.181006
7.9641643
9.486311
9.052627
7.9641643
8.397848
7.9641643
8.074712
8.946331
7.747322
8.181006
8.2915535
7.9641643
8.508395
8.181006
8.287301
8.074712
9.269468
8.725238
8.181006
8.397848
7.9641643
8.074712
7.747322
8.835785
8.181006
8.070459
9.596858
9.375764
7.636775
8.835785
8.94208
8.181006
9.048374
9.486311
8.397848
8.508395
9.269468
8.618942
8.2915535
8.725238
8.725238
8.94208
8.070459
8.725238
8.508395
7.203091
9.052627
8.508395
7.5304804
9.052627
8.835785
8.287301
8.614691
9.158921
9.375764
9.158921
9.269468
8.287301
9.052627
9.486311
8.397848
8.94208
8.725238
8.397848
9.486311
9.158921
8.94208
9.596858
8.725238
8.397848
8.725238
9.269468
8.181006
9.052627
8.508395
8.835785
8.181006
7.747322
8.2915535
8.835785
8.725238
7.9641643
7.6410265
8.618942
7.9641643
7.857869
7.9641643
8.725238
7.9641643
9.269468
8.074712
7.857869
7.313638
7.6410265
8.618942
7.857869
7.857869
8.835785
8.074712
9.269468
8.2915535
8.725238
8.94208
8.725238
7.9641643
8.397848
8.181006
8.614691
8.397848
8.94208
9.052627
8.94208
9.269468
9.486311
9.486311
8.397848
7.9641643
8.835785
8.397848
8.508395
9.048374
8.725238
9.703153
9.048374
8.070459
8.614691
9.375764
8.94208
9.375764
8.614691
9.052627
9.592606
9.592606
10.02629
9.048374
9.809448
9.698901
9.592606
10.570521
9.809448
9.919995
10.464226
9.698901
9.592606
10.136837
9.698901
9.592606
9.482059
9.375764
9.703153
10.02629
9.158921
9.048374
9.703153
8.94208
9.269468
8.397848
8.725238
9.596858
9.375764
8.94208
8.725238
8.287301
8.725238
9.486311
9.269468
8.397848
9.158921
8.725238
8.725238
7.9641643
9.163173
8.397848
8.181006
9.158921
9.052627
9.269468
8.614691
8.074712
8.508395
8.074712
8.2915535
9.380016
8.4021
7.6410265
7.313638
7.096796
6.8799534
7.7515736
7.857869
8.074712
8.835785
8.835785
7.313638
7.6410265
6.8799534
6.7736583
7.7515736
7.317889
6.4462695
6.2294273
5.689448
4.928375
5.6937
4.3883953
4.8220797
4.928375
5.689448
5.689448
5.90629
6.9947524
5.902038
6.4462695
8.078962
7.5347314
7.7515736
8.2915535
7.857869
7.4241843
7.857869
7.9684157
8.185258
7.4241843
7.9684157
8.512647
7.207342
7.207342
7.8621206
7.6410265
7.4241843
7.096796
6.769407
8.078962
6.2294273
7.1010475
6.9905005
6.663111
7.7515736
7.4241843
7.7515736
7.9684157
7.9684157
7.096796
8.295805
7.7515736
7.5304804
7.7515736
7.203091
8.4021
7.747322
7.857869
8.4021
7.747322
8.074712
7.857869
8.512647
8.185258
7.4241843
8.295805
7.4241843
7.207342
7.207342
6.9905005
6.9905005
6.2294273
7.4284363
6.8842053
6.556816
6.450521
6.667363
6.339974
6.8842053
6.667363
6.123132
6.8842053
7.5347314
6.9905005
7.317889
7.9684157
7.207342
6.2294273
6.9905005
6.9905005
6.4462695
6.4462695
6.7736583
7.7515736
6.9905005
7.5347314
7.9684157
6.9905005
6.8799534
6.4462695
6.9905005
6.4462695
7.317889
7.317889
5.795743
6.339974
6.8842053
6.450521
6.8842053
5.357807
6.8842053
6.339974
5.6851964
6.2294273
6.4462695
6.663111
6.9905005
7.5347314
7.317889
8.078962
7.857869
8.295805
8.185258
7.5304804
7.857869
7.313638
8.181006
8.4021
7.857869
7.5304804
7.9684157
6.8799534
6.9905005
7.6410265
7.4241843
7.7515736
7.4241843
7.096796
7.4241843
7.6410265
7.6410265
7.9684157
7.857869
7.313638
8.074712
7.313638
8.729489
7.6410265
8.074712
8.2915535
7.6410265
8.074712
7.6410265
8.2915535
7.747322
8.835785
8.070459
9.269468
8.508395
8.725238
9.269468
8.725238
9.052627
9.052627
8.725238
9.8137
9.703153
8.94208
9.703153
7.9641643
8.508395
8.94208
8.2915535
8.2915535
8.070459
8.725238
9.596858
8.618942
8.508395
8.725238
8.2915535
7.419933
9.486311
8.725238
9.8137
7.853617
8.94208
9.269468
8.508395
9.158921
8.94208
9.919995
8.614691
8.614691
9.375764
9.265217
9.919995
10.136837
9.158921
9.375764
9.265217
10.464226
9.375764
9.265217
10.570521
9.809448
9.375764
9.592606
10.570521
9.809448
9.809448
9.592606
9.919995
10.681068
9.698901
9.482059
10.243132
9.698901
10.136837
10.243132
10.243132
9.809448
10.787363
11.114753
11.114753
10.787363
10.132585
10.676816
11.1105
10.132585
10.893659
10.132585
11.004206
10.893659
9.698901
11.548436
11.004206
10.243132
11.221047
10.893659
11.327342
10.459974
11.221047
11.004206
10.676816
11.437889
10.893659
10.459974
10.893659
10.566269
11.654732
11.1105
11.221047
11.548436
11.1105
10.893659
11.1105
10.783112
11.1105
10.783112
10.999953
10.999953
11.004206
11.437889
11.9821205
11.1105
11.437889
11.765279
11.327342
10.783112
11.765279
12.415805
11.544185
12.088415
11.544185
11.437889
10.893659
10.999953
11.654732
11.437889
10.455723
11.327342
12.088415
11.433638
11.1105
11.437889
11.327342
11.437889
11.327342
11.437889
11.977869
10.889407
12.305258
11.539933
11.216796
12.632647
11.871573
11.761026
12.088415
11.761026
11.761026
12.198963
12.088415
12.088415
11.977869
11.433638
11.544185
12.411553
12.194712
11.761026
11.977869
11.544185
11.761026
11.654732
12.088415
11.871573
11.544185
11.761026
11.761026
12.5220995
12.415805
11.761026
12.305258
11.654732
11.221047
11.871573
11.327342
12.632647
11.761026
12.305258
12.305258
11.977869
11.761026
12.738942
11.65048
11.544185
11.977869
11.327342
11.871573
12.088415
11.654732
10.999953
11.761026
11.327342
11.761026
11.761026
11.761026
11.871573
12.632647
10.566269
11.871573
11.9821205
10.999953
11.1105
11.216796
10.893659
11.9821205
11.654732
10.893659
11.437889
11.9821205
11.1105
11.221047
10.566269
11.437889
10.893659
11.871573
10.889407
11.765279
11.654732
10.893659
11.1105
11.216796
11.1105
10.566269
10.893659
11.004206
11.765279
11.1105
10.349427
11.1105
10.676816
10.787363
11.004206
10.676816
11.221047
11.1105
11.437889
11.1105
11.221047
10.676816
11.765279
10.783112
10.243132
11.004206
10.243132
10.787363
10.787363
11.004206
10.243132
10.349427
10.353679
9.915743
10.681068
10.243132
10.676816
10.02629
9.698901
10.676816
10.459974
10.243132
11.004206
10.243132
10.893659
10.02629
10.132585
10.570521
11.548436
10.893659
10.02629
11.331594
9.915743
11.221047
11.221047
11.1105
11.437889
11.9821205
11.1105
11.548436
11.1105
11.327342
11.1105
11.9821205
11.437889
11.654732
11.004206
11.004206
11.437889
10.349427
10.676816
11.114753
10.676816
11.548436
10.893659
10.349427
11.654732
10.459974
11.437889
11.765279
11.1105
11.004206
10.893659
11.1105
10.999953
11.327342
10.999953
12.198963
10.893659
12.092668
11.654732
11.437889
11.437889
11.765279
11.1105
10.893659
11.548436
10.893659
11.437889
11.1105
11.327342
11.1105
11.327342
11.221047
10.893659
10.566269
11.9821205
11.654732
11.654732
12.092668
11.871573
10.893659
11.654732
11.871573
11.654732
11.871573
11.327342
11.544185
11.761026
11.654732
12.088415
11.544185
11.871573
12.088415
12.415805
11.437889
12.088415
11.871573
10.893659
11.437889
12.198963
11.1105
11.654732
11.544185
11.654732
12.30951
11.9821205
11.1105
11.9821205
12.088415
11.871573
11.871573
12.305258
11.654732
11.871573
12.849489
10.999953
12.415805
11.437889
12.198963
12.198963
11.433638
11.327342
11.437889
11.544185
11.437889
11.004206
11.437889
12.088415
11.1105
11.544185
11.216796
12.198963
12.415805
11.433638
12.088415
11.9821205
11.544185
12.415805
12.305258
11.761026
10.893659
11.437889
11.327342
12.088415
12.088415
12.849489
11.761026
12.088415
12.415805
11.761026
11.761026
12.088415
11.544185
12.088415
12.632647
11.761026
12.632647
11.871573
12.194712
12.194712
12.415805
11.871573
12.088415
11.654732
11.544185
12.088415
12.088415
12.415805
11.761026
12.194712
12.5220995
12.5220995
12.415805
11.761026
11.654732
12.088415
11.761026
11.1105
12.415805
12.198963
10.783112
11.544185
10.566269
11.871573
11.765279
11.327342
11.327342
12.198963
11.327342
11.327342
11.548436
11.654732
11.216796
11.871573
12.088415
11.1105
12.526352
12.088415
11.654732
10.893659
11.548436
11.331594
11.544185
11.9821205
11.9821205
12.198963
11.221047
11.1105
10.893659
11.548436
11.327342
11.327342
12.526352
12.526352
11.871573
11.327342
11.327342
11.977869
11.871573
11.871573
11.761026
11.327342
11.761026
11.9821205
12.632647
11.977869
11.544185
11.65048
11.544185
11.9821205
12.305258
12.305258
11.977869
11.437889
12.415805
11.871573
12.526352
12.198963
11.654732
12.088415
11.544185
11.327342
12.088415
11.977869
11.871573
13.066331
12.305258
12.849489
12.5220995
12.305258
11.65048
12.415805
11.977869
12.415805
12.088415
12.305258
11.761026
12.088415
11.871573
12.194712
11.9821205
11.654732
12.092668
12.198963
11.327342
11.9821205
11.871573
11.437889
12.092668
11.761026
11.437889
11.765279
11.544185
11.437889
11.871573
11.654732
11.548436
11.9821205
11.654732
11.654732
11.1105
11.765279
11.548436
11.437889
12.198963
11.765279
11.9821205
11.544185
11.654732
11.221047
11.437889
11.221047
11.9821205
11.658983
11.437889
11.548436
11.331594
11.114753
10.89791
10.464226
10.89791
9.809448
10.681068
11.552689
10.243132
11.442142
10.02629
10.353679
10.89791
11.114753
10.353679
10.89791
10.89791
9.919995
10.357931
9.8137
9.703153
10.464226
10.681068
10.787363
10.02629
10.681068
10.030542
10.02629
10.681068
10.030542
9.158921
9.8137
9.486311
9.486311
10.247384
10.464226
10.464226
10.136837
9.919995
9.703153
9.8137
10.030542
10.357931
10.464226
9.486311
9.8137
10.464226
9.919995
10.902162
10.247384
10.464226
10.030542
9.8137
10.247384
10.464226
10.574773
11.2253
10.136837
10.353679
10.7916155
11.114753
10.464226
10.68532
10.247384
10.247384
9.703153
10.030542
10.030542
9.703153
9.269468
10.7916155
10.464226
9.8137
10.030542
10.681068
9.486311
10.1410885
9.592606
9.592606
9.919995
9.919995
9.592606
9.486311
9.486311
10.468477
9.703153
10.574773
10.030542
10.1410885
9.269468
9.817951
8.2915535
8.946331
9.817951
9.596858
9.8137
9.924246
9.486311
8.618942
10.251636
9.8137
8.946331
9.490562
9.490562
9.380016
8.946331
9.924246
9.596858
8.946331
9.384267
9.052627
8.4021
9.490562
9.163173
8.185258
8.946331
10.034794
9.27372
9.928498
9.163173
8.512647
9.384267
8.729489
9.27372
8.835785
9.490562
9.924246
9.163173
9.8137
8.835785
8.729489
9.490562
8.512647
10.034794
9.163173
9.596858
9.163173
8.946331
9.596858
9.27372
9.380016
9.490562
9.928498
8.946331
8.729489
9.380016
9.163173
8.078962
8.295805
8.623194
7.5347314
8.295805
8.729489
8.946331
9.27372
9.707404
8.840036
9.27372
8.946331
8.623194
9.167425
9.052627
7.6410265
8.295805
9.056878
8.729489
9.167425
8.295805
8.512647
7.5347314
8.406352
8.295805
8.189509
8.950583
8.406352
7.6452785
8.300056
8.516899
8.078962
7.5347314
8.733741
7.5347314
7.9726677
7.8621206
7.8621206
8.623194
7.5347314
8.516899
8.733741
7.2115946
9.277972
8.078962
7.8621206
8.623194
8.516899
7.8621206
8.733741
8.623194
7.6452785
8.406352
7.4284363
7.4284363
6.9905005
7.2115946
7.4284363
7.317889
7.6452785
7.8621206
7.6452785
6.9947524
7.538984
7.1010475
7.7558255
7.538984
8.189509
6.9947524
8.627446
7.7515736
8.623194
8.623194
8.189509
8.189509
8.950583
7.5347314
7.6452785
7.6452785
7.4284363
7.2115946
7.6452785
6.7736583
7.6452785
8.078962
7.5347314
8.406352
8.406352
7.2115946
8.189509
7.6452785
6.667363
7.7558255
8.300056
6.8842053
8.300056
7.8621206
7.7558255
8.623194
7.317889
7.4284363
7.7558255
7.6452785
8.516899
8.406352
7.4284363
7.6452785
8.189509
7.8621206
7.2115946
7.6452785
7.4284363
7.7558255
7.2115946
8.516899
7.4284363
7.4326887
8.410604
6.9947524
6.77791
7.9726677
6.9947524
7.3221416
7.2115946
8.189509
7.1010475
7.2115946
8.300056
8.083215
6.667363
8.410604
7.7558255
6.77791
7.538984
7.1010475
7.9726677
7.8621206
7.7558255
7.7558255
8.189509
7.7558255
7.2115946
7.3221416
7.7558255
6.77791
7.8663726
8.189509
6.9947524
8.083215
7.4284363
7.649531
7.2115946
7.538984
7.6452785
7.538984
8.083215
6.9947524
7.538984
7.3221416
7.7558255
7.317889
8.083215
7.7558255
6.556816
7.1052995
7.2115946
8.083215
6.9947524
6.671615
7.3221416
7.3221416
7.4326887
7.538984
7.538984
6.77791
7.2115946
7.4284363
7.538984
7.649531
6.667363
5.799995
6.9990044
7.2158465
6.454773
7.4326887
7.4326887
6.454773
7.1052995
7.1052995
6.9990044
7.543235
6.9947524
7.760078
7.9769197
6.671615
6.1273837
7.2158465
5.799995
6.3442264
7.109551
6.9990044
6.454773
6.9990044
6.1273837
5.9105415
6.1316357
6.454773
5.2600155
5.6979513
6.2421827
5.5874047
5.3705626
6.0210886
5.804247
5.5874047
6.892709
5.4768577
6.56532
5.804247
5.4768577
5.914794
4.9326262
5.6979513
5.5874047
5.1537204
5.5874047
6.1316357
5.0431733
4.826331
4.3926473
5.1537204
4.936878
4.6094894
5.0474253
4.720036
4.830583
5.264267
4.503194
4.720036
4.936878
4.065258
3.848416
4.720036
4.2863517
5.264267
4.3926473
5.9190454
4.503194
4.720036
4.613741
4.503194
4.720036
3.9589627
4.2863517
3.9589627
4.1758046
4.3968987
4.1758046
4.180057
4.2863517
4.06951
3.3084364
4.507446
4.3968987
3.0915945
4.06951
4.724288
3.3084364
3.6358256
4.0737615
3.4189837
4.3968987
3.8526678
3.9632149
4.180057
3.0915945
3.9632149
3.9632149
3.4189837
4.507446
3.9632149
4.613741
4.830583
4.830583
5.0474253
4.1758046
4.830583
5.6979513
5.6979513
5.914794
4.826331
4.9326262
4.720036
5.591656
4.830583
5.3748145
3.3084364
3.9632149
2.5516152
2.224226
1.2505624
1.7947936
0.38319403
0.055804953
1.4716563
0.92742515
0.38319403
1.5779516
1.7947936
2.5516152
3.2021413
5.268519
4.720036
5.0474253
5.481109
5.264267
5.0474253
4.936878
4.94113
4.830583
3.8526678
4.0737615
2.7684572
3.6400774
2.662162
2.772709
2.772709
0.70633125
1.4674045
1.1400155
1.9010887
2.772709
1.9010887
1.6842467
2.44532
2.555867
3.312688
1.896837
3.2021413
2.65791
4.180057
3.9632149
4.180057
3.7463725
4.0737615
4.507446
3.5295303
2.879004
3.6400774
2.9852993
2.330521
2.8747523
3.6400774
2.3347728
2.0116355
2.44532
1.0337203
0.81687826
2.4495716
1.5779516
1.4674045
2.662162
3.3169398
3.312688
2.7684572
2.5516152
2.3347728
2.3347728
1.9010887
3.8611712
2.3347728
2.7684572
2.0073838
2.662162
2.879004
2.3347728
2.879004
2.989551
2.224226
2.879004
1.9010887
2.3347728
2.5516152
2.3347728
3.2063932
2.3347728
3.6400774
2.9852993
3.6400774
3.6358256
3.8569195
3.8569195
3.6358256
2.879004
3.8569195
2.7684572
3.6400774
3.0958462
4.0737615
3.9632149
3.4232354
3.0958462
2.7684572
2.7684572
3.3169398
2.662162
1.3568575
3.7506244
2.662162
2.44532
2.879004
2.65791
1.6799948
2.5516152
2.662162
1.9010887
2.44532
2.1221828
1.6842467
2.3390248
0.9231734
2.117931
1.5736997
2.117931
2.44532
2.879004
2.5516152
2.879004
2.7684572
3.8569195
3.8569195
3.5295303
3.312688
4.2906036
2.9852993
3.6400774
4.0737615
2.4410682
3.8569195
3.2063932
3.0958462
1.9010887
3.3169398
2.0116355
1.4674045
2.44532
2.879004
1.7905419
2.879004
3.312688
2.7684572
2.662162
2.7684572
3.312688
3.9674666
2.65791
2.4410682
3.8569195
4.0737615
3.0915945
4.507446
3.6358256
2.5473633
4.0737615
3.4189837
3.5295303
3.9632149
2.8747523
3.0915945
3.7463725
3.4189837
2.8747523
3.5295303
3.312688
2.7684572
3.7463725
3.4189837
2.9852993
4.507446
2.7684572
3.5295303
3.2021413
2.5516152
2.9852993
2.65791
3.7463725
4.507446
3.3084364
3.9632149
4.06951
2.8747523
4.613741
4.3968987
3.6358256
4.2863517
4.503194
5.3748145
5.0474253
4.3926473
4.06951
5.3748145
4.503194
4.1758046
3.5252786
4.507446
4.06951
3.7421207
5.3748145
5.264267
4.503194
5.0474253
4.3926473
4.6094894
5.4853616
4.503194
4.503194
5.0474253
4.507446
4.180057
3.9632149
4.724288
4.830583
4.724288
4.830583
5.4853616
4.830583
4.3926473
4.180057
4.3968987
3.4189837
3.2021413
3.312688
2.65791
3.7463725
4.06951
3.7463725
3.6358256
3.4189837
2.65791
2.9852993
2.65791
2.330521
3.4189837
4.94113
4.3968987
4.720036
4.3968987
4.3926473
3.848416
4.1758046
4.613741
4.1758046
4.830583
4.3968987
2.9810476
4.180057
5.0474253
4.2863517
5.1579723
5.0474253
3.848416
3.9632149
4.180057
2.5473633
3.7463725
3.0915945
3.0958462
3.4232354
3.2021413
3.0915945
4.507446
4.06951
4.1758046
4.724288
4.503194
3.414732
4.830583
2.9810476
4.06951
4.613741
4.3968987
4.06951
3.9589627
3.3084364
4.06951
4.1758046
4.503194
4.613741
3.5252786
3.7463725
4.180057
2.65791
3.8569195
2.8747523
3.4189837
4.2906036
3.6358256
4.0737615
3.8526678
2.9852993
3.7463725
3.2021413
4.2906036
3.6358256
3.1978896
4.3968987
3.1978896
4.503194
3.9589627
5.268519
4.3968987
3.8526678
4.2906036
4.613741
4.2863517
3.6358256
4.3968987
3.5252786
4.724288
4.2863517
3.8526678
4.613741
3.2021413
2.4410682
2.9852993
2.9852993
2.3347728
3.2021413
2.4410682
3.2021413
2.5473633
2.4410682
3.2021413
3.4189837
2.8747523
2.9852993
2.4410682
2.0073838
2.224226
2.3347728
1.896837
3.312688
2.5516152
3.9632149
2.1136792
3.312688
3.4189837
2.65791
3.312688
2.0073838
2.224226
2.330521
2.7684572
3.5295303
2.224226
2.9852993
3.0915945
2.224226
3.312688
3.312688
2.1136792
2.3347728
3.6400774
3.312688
2.65791
2.5516152
3.7463725
3.0915945
2.1136792
3.2021413
2.224226
2.0073838
2.9852993
2.224226
2.224226
2.0073838
2.224226
2.7684572
2.224226
2.1136792
3.312688
2.65791
2.8747523
2.5516152
2.4410682
2.879004
2.879004
2.879004
2.879004
2.4410682
2.5516152
3.6400774
2.8747523
1.6799948
2.4410682
2.3347728
1.9010887
2.662162
2.7684572
1.6799948
2.7684572
2.9852993
2.5516152
3.5295303
1.896837
2.0073838
2.5516152
1.0294685
3.1000981
1.6842467
1.6842467
2.44532
1.3568575
1.9010887
2.44532
1.9010887
1.4631528
1.2463106
2.5516152
2.0073838
3.2063932
2.3347728
2.5516152
2.879004
2.65791
2.7684572
2.1136792
2.3347728
2.3347728
2.224226
2.117931
1.5736997
1.3568575
2.44532
0.8126264
1.4674045
2.662162
1.9010887
1.5736997
1.9010887
1.0294685
1.2505624
1.9010887
1.3568575
1.4674045
2.3347728
1.4631528
2.117931
2.3347728
1.6799948
2.3347728
2.5516152
2.879004
2.3347728
1.6842467
1.4674045
2.7684572
2.228478
2.3347728
2.5516152
1.7905419
2.5516152
2.65791
1.3568575
2.662162
1.6842467
2.44532
2.772709
1.9010887
1.4674045
1.5736997
1.9010887
2.117931
1.3611094
1.5779516
1.3568575
1.7947936
1.7947936
2.883256
1.5779516
1.1442673
1.2505624
1.1400155
1.5779516
2.662162
1.3568575
2.0116355
2.44532
1.2505624
1.9010887
1.6842467
1.6842467
1.5779516
1.5779516
1.3611094
0.70633125
3.1000981
3.2063932
2.1221828
1.7947936
1.2505624
0.9231734
1.5779516
1.7947936
1.5779516
1.1442673
1.7947936
1.3611094
1.0337203
1.1442673
2.1221828
0.9231734
1.1400155
2.228478
1.4674045
2.228478
0.9231734
2.1221828
0.81687826
1.0337203
1.0337203
0.27264705
1.9010887
1.6842467
2.228478
1.9010887
1.3568575
1.4674045
0.70633125
1.7947936
-0.054742
1.6884984
1.4674045
1.0337203
1.4674045
2.0116355
1.9010887
2.555867
2.117931
2.228478
1.9010887
2.4495716
1.1442673
1.2505624
1.5779516
1.2505624
1.1442673
1.4674045
0.9231734
1.4674045
2.228478
1.6842467
1.9010887
1.1442673
1.4674045
0.81687826
1.5779516
1.4674045
2.0116355
1.7947936
2.0073838
2.772709
1.4674045
2.3390248
1.7947936
1.9053404
0.70633125
2.0116355
1.0337203
1.9053404
2.772709
1.6842467
2.989551
0.9231734
1.6842467
1.2505624
2.3390248
1.6842467
1.5779516
2.3390248
1.0337203
2.1221828
2.228478
1.4674045
2.0116355
1.6842467
1.4674045
1.1442673
1.4716563
1.2505624
0.27264705
0.60003614
1.6884984
1.7947936
0.70633125
0.81687826
1.1442673
0.60003614
0.4894892
1.2505624
0.1621001
2.0116355
1.9053404
1.6884984
1.2505624
2.1221828
1.9053404
2.3390248
0.81687826
1.9053404
0.92742515
1.1442673
1.2505624
0.81687826
1.3611094
1.4674045
0.4894892
1.7947936
0.9231734
1.5779516
1.5779516
1.0337203
2.0116355
1.6884984
0.92742515
1.1442673
0.81687826
0.9231734
2.1221828
1.7947936
1.7947936
2.555867
2.228478
1.5736997
1.4674045
2.1221828
1.0337203
1.9053404
2.555867
1.6842467
2.3390248
1.4674045
1.6842467
1.7947936
2.0116355
1.5779516
0.27264705
1.4716563
1.3611094
0.60003614
1.6884984
2.2327297
1.2505624
0.9231734
2.4495716
1.6842467
0.70633125
1.4716563
1.5779516
2.0158875
1.3611094
0.60003614
1.7990454
2.4495716
1.3611094
0.92742515
1.2548143
1.0337203
1.5779516
0.92742515
1.1442673
1.9095924
2.0158875
-0.054742
0.38319403
1.4716563
1.9053404
1.9053404
1.7947936
1.3611094
0.92742515
1.3611094
1.9053404
1.3611094
1.1442673
1.1442673
0.38319403
1.6884984
0.81687826
1.3611094
1.3611094
1.6884984
1.1442673
1.1442673
0.92742515
1.4716563
2.4495716
1.2505624
1.6884984
2.1221828
0.70633125
1.3611094
2.3390248
0.70633125
1.9053404
2.0116355
1.5779516
1.6884984
2.3390248
0.60003614
1.0337203
1.3611094
1.5779516
1.1442673
2.1221828
1.6884984
0.92742515
1.4674045
1.2505624
1.5779516
1.2505624
1.7947936
1.9053404
1.7947936
1.1400155
1.6884984
1.4674045
2.0116355
1.0337203
1.0337203
0.60003614
0.38319403
1.4716563
1.2505624
1.7990454
1.5779516
0.92742515
1.3611094
0.60003614
0.70633125
1.9053404
-0.16103715
0.92742515
1.4716563
1.2505624
0.4894892
2.5601187
1.2548143
-0.054742
1.9053404
0.055804953
0.81687826
2.4495716
0.38319403
0.9231734
1.7947936
1.4674045
0.81687826
1.9053404
0.9231734
1.3611094
1.4716563
1.3611094
1.3611094
0.4894892
2.0116355
0.055804953
0.38319403
0.27264705
0.60003614
0.055804953
0.70633125
1.3611094
0.92742515
1.9053404
1.0337203
0.4894892
1.9053404
0.27264705
0.70633125
2.1221828
0.60003614
0.81687826
1.3611094
0.70633125
1.0337203
1.3611094
0.37894222
1.1442673
1.0337203
1.1400155
2.0116355
1.2505624
0.8126264
-0.054742
0.81687826
1.1400155
0.1621001
1.3611094
0.9231734
0.70633125
0.81687826
0.4894892
0.9231734
0.055804953
0.81687826
1.9053404
0.70633125
1.3611094
2.3390248
1.4674045
1.0337203
1.0337203
1.2505624
0.70633125
0.70633125
2.0116355
1.2505624
2.3347728
1.9010887
1.9010887
2.117931
2.117931
1.1400155
0.8126264
1.9010887
1.0337203
2.44532
1.0294685
2.228478
3.0958462
1.5736997
1.4674045
1.5779516
1.1400155
0.70633125
0.70633125
1.9010887
0.27264705
0.37894222
0.81687826
1.4674045
0.8126264
1.6842467
0.9231734
1.1400155
1.3611094
1.4674045
0.1621001
0.5957843
0.8126264
1.1400155
1.6842467
1.3568575
1.3568575
2.228478
2.662162
1.0294685
1.9010887
1.2463106
0.4894892
1.4674045
0.37894222
0.5957843
1.3568575
1.1400155
1.3568575
2.44532
1.0294685
1.6842467
1.9010887
0.9231734
0.37894222
1.0337203
1.2505624
1.0337203
1.4674045
1.4674045
0.8126264
1.5736997
1.6842467
1.0294685
1.0294685
1.6842467
1.3568575
1.896837
2.3347728
1.7905419
2.5516152
2.1136792
2.224226
2.7684572
1.6799948
1.6799948
2.0073838
1.3568575
0.7020795
2.3347728
0.9189216
1.4631528
1.7905419
2.117931
2.7684572
2.3347728
2.5516152
2.4410682
1.896837
1.4631528
1.7905419
2.0073838
3.0958462
2.4410682
2.65791
2.65791
2.0073838
2.7642052
2.4410682
2.4410682
1.4631528
2.4410682
1.4631528
1.3526058
1.9010887
2.4410682
1.4631528
2.224226
1.6799948
1.4631528
2.0073838
1.7905419
1.2463106
2.3347728
1.3568575
1.9010887
2.5516152
2.4410682
2.117931
2.1136792
2.5516152
1.2463106
3.4232354
2.65791
2.5516152
3.5295303
1.6799948
1.896837
2.65791
2.65791
2.4410682
2.7684572
2.4410682
1.896837
2.224226
2.7684572
1.2463106
2.224226
1.9010887
2.3347728
2.330521
2.224226
2.65791
2.65791
1.896837
2.5516152
2.65791
1.7905419
2.1136792
2.224226
2.4410682
2.9852993
2.224226
2.4410682
2.8747523
2.9852993
3.0915945
2.8747523
2.4368165
3.9632149
2.330521
2.4410682
3.5295303
3.0915945
2.9852993
2.65791
2.0073838
2.0073838
3.5295303
1.6799948
2.9852993
2.330521
1.5736997
2.0073838
2.7684572
1.6799948
2.4410682
2.3347728
3.0915945
2.4410682
2.9852993
3.2021413
2.7642052
2.1136792
3.2021413
2.8747523
2.8747523
2.8747523
3.3084364
3.0915945
3.6358256
2.2199743
2.8747523
3.5252786
3.5295303
2.8747523
3.8526678
1.5694479
3.2021413
2.65791
3.0915945
2.4410682
2.1136792
2.65791
1.4631528
2.9852993
2.4410682
2.4410682
2.7684572
1.6799948
2.7684572
1.896837
1.4631528
2.7684572
2.65791
3.4189837
3.3084364
2.2199743
3.8526678
2.5473633
2.330521
2.7642052
2.9810476
2.8747523
2.330521
2.9810476
3.4189837
3.8526678
2.8747523
2.7642052
3.0915945
1.896837
2.330521
2.65791
2.4410682
2.003132
2.8747523
2.330521
2.1136792
2.4410682
2.9852993
2.65791
3.312688
2.8747523
3.2021413
2.2199743
3.8526678
2.9810476
2.330521
2.8747523
2.7642052
2.5473633
2.5473633
3.1978896
3.3084364
3.5252786
4.06951
2.8705006
3.9589627
3.1978896
3.5252786
3.8526678
3.0873425
3.1978896
3.1978896
3.5252786
3.3084364
4.06951
3.5252786
3.7421207
3.5252786
3.414732
3.9589627
3.414732
3.1978896
3.5252786
3.1978896
3.9589627
2.8705006
3.3041847
3.414732
3.9589627
3.631574
4.3968987
4.1758046
3.5252786
3.7421207
3.1978896
3.5252786
4.06951
3.0915945
2.9810476
3.5252786
3.9589627
3.414732
4.1758046
3.5252786
4.06951
3.5252786
3.414732
3.5252786
3.414732
3.848416
3.9589627
3.9589627
3.631574
3.9589627
3.848416
4.503194
3.848416
3.414732
4.1758046
3.631574
4.2863517
3.631574
3.3041847
3.0873425
4.1758046
3.631574
3.414732
4.1758046
4.2863517
3.7421207
3.3041847
2.8705006
4.06951
3.414732
3.414732
3.848416
3.848416
3.631574
3.7421207
3.414732
3.631574
3.1978896
3.1978896
3.631574
3.9589627
3.848416
3.9589627
4.503194
3.0873425
3.9589627
3.848416
3.9589627
3.7421207
4.1758046
3.414732
3.9589627
4.1758046
4.1758046
3.414732
3.848416
3.3041847
4.1758046
4.720036
4.3926473
3.848416
3.5210268
3.848416
4.3926473
3.9589627
3.848416
3.3041847
3.0873425
4.936878
4.3926473
4.826331
5.3705626
4.4989424
4.065258
4.826331
4.6094894
4.2821
5.804247
5.4768577
5.804247
4.715784
3.954711
3.1936376
5.5874047
5.0431733
4.9326262
5.5874047
5.1494684
3.954711
5.0431733
4.2821
4.4989424
4.6094894
4.605237
5.0431733
5.3705626
5.1494684
5.0431733
5.0431733
4.4989424
4.171553
3.848416
4.2821
5.1537204
5.0431733
4.9326262
4.9326262
4.9326262
5.804247
4.605237
4.9326262
4.605237
5.1494684
5.1494684
4.715784
5.6937
4.715784
4.171553
5.2600155
4.2821
4.826331
3.737869
5.3705626
4.715784
4.4989424
5.2600155
4.4989424
4.3926473
4.715784
3.954711
4.715784
5.0431733
5.2600155
5.2600155
4.715784
5.9105415
5.6937
4.715784
5.5874047
5.4768577
4.3883953
6.892709
5.9105415
5.583153
5.1494684
6.1273837
4.715784
5.0431733
5.2600155
6.1273837
5.3663106
5.038922
6.454773
5.583153
5.4768577
5.3663106
4.3883953
4.3883953
5.3705626
5.3663106
5.2557635
6.1273837
6.3442264
5.4726057
6.671615
5.2557635
6.016837
5.4726057
6.3442264
5.799995
5.038922
5.4726057
6.1273837
5.583153
5.9105415
6.454773
5.9105415
5.4726057
5.2557635
5.4726057
6.2336793
5.799995
5.583153
5.799995
5.799995
5.1494684
5.1494684
5.3663106
5.2557635
5.583153
6.8884573
6.016837
6.016837
6.671615
5.799995
5.3663106
5.038922
5.9105415
5.799995
6.1273837
6.3442264
5.799995
6.454773
5.799995
6.016837
6.671615
6.3442264
4.928375
5.4768577
5.3663106
5.583153
5.583153
5.1494684
6.1273837
5.3663106
4.4946904
5.6937
5.2557635
4.8220797
6.237931
5.038922
4.8220797
4.605237
4.928375
5.2557635
6.1273837
5.90629
6.1273837
6.561068
6.123132
5.1452165
6.016837
5.799995
5.038922
5.3663106
5.4726057
5.3663106
5.799995
5.799995
6.016837
5.90629
6.016837
4.928375
6.1273837
6.016837
5.578901
6.8884573
6.77791
5.3620586
5.689448
5.4726057
6.450521
6.667363
7.2115946
7.4284363
6.556816
6.339974
6.8842053
6.123132
7.2115946
7.2115946
6.339974
6.450521
6.667363
6.556816
6.9905005
7.7515736
6.556816
6.9947524
6.77791
6.339974
6.9947524
6.663111
7.317889
6.7736583
6.667363
6.2294273
6.7736583
7.4284363
6.9905005
7.5347314
7.317889
7.7515736
7.8621206
7.207342
8.078962
7.1010475
7.4284363
6.7736583
7.1010475
6.556816
6.8842053
7.8621206
6.2294273
6.339974
7.1010475
6.339974
6.123132
7.4284363
7.317889
6.556816
6.8842053
6.7736583
6.339974
6.8842053
6.667363
6.9947524
6.8842053
5.3620586
7.4284363
7.5347314
6.663111
7.317889
6.8842053
6.556816
6.8842053
6.4462695
6.7736583
7.207342
7.1010475
7.8621206
7.7515736
6.556816
6.9905005
7.317889
6.7736583
6.339974
6.556816
7.8621206
7.1010475
7.1010475
7.8621206
7.317889
6.2294273
7.4284363
6.667363
7.6452785
7.9726677
7.4241843
7.317889
7.5347314
8.078962
6.663111
8.295805
7.4284363
7.5347314
6.9905005
8.295805
7.7515736
7.7515736
7.8621206
7.207342
6.2294273
7.5347314
6.9905005
6.9905005
7.6452785
7.4241843
7.7515736
7.317889
7.5347314
6.556816
7.1010475
6.7736583
6.556816
7.5347314
7.317889
7.1010475
7.5347314
7.5347314
6.2294273
7.5347314
7.8621206
6.663111
7.9684157
7.5347314
6.8799534
7.5347314
8.295805
7.207342
7.096796
6.8799534
7.7515736
6.9905005
7.4241843
7.317889
6.8799534
7.4241843
6.7736583
5.795743
6.450521
6.9947524
6.339974
6.7736583
6.9905005
6.7736583
7.8621206
7.2115946
6.8842053
7.317889
7.7515736
6.7736583
7.4241843
7.5347314
7.207342
7.9684157
7.7515736
7.207342
7.6410265
6.9905005
6.663111
7.207342
7.5347314
7.4241843
7.6452785
7.5347314
7.4241843
6.9905005
7.8621206
7.317889
7.1010475
7.096796
7.7515736
7.7515736
7.5347314
8.295805
6.4462695
7.5347314
6.9905005
7.207342
7.7515736
7.6410265
8.078962
7.5347314
7.6410265
7.7515736
7.4241843
7.4241843
6.8799534
7.8621206
7.9684157
7.5347314
7.096796
7.5347314
7.7515736
6.3357224
8.185258
7.8621206
6.9905005
6.4462695
7.7515736
7.1010475
6.8799534
6.2294273
6.7736583
6.339974
6.667363
6.7736583
6.9905005
6.556816
7.1010475
7.317889
6.2294273
6.8799534
6.556816
7.207342
7.096796
7.207342
7.7515736
7.207342
7.9684157
8.185258
7.096796
7.096796
8.295805
7.207342
7.4241843
8.512647
7.857869
7.4241843
6.9905005
7.096796
7.5347314
7.207342
7.207342
6.9947524
4.8178277
5.038922
3.954711
4.171553
4.4989424
3.737869
3.737869
3.737869
4.171553
3.5210268
3.1936376
4.065258
3.848416
4.2821
4.3883953
3.954711
3.954711
3.848416
3.737869
3.5210268
4.2821
4.8220797
5.9105415
5.038922
6.016837
5.90629
5.795743
6.012585
5.689448
5.583153
4.3883953
3.737869
4.6094894
3.848416
3.3041847
2.7599535
3.414732
4.6094894
3.4104798
2.6494067
3.5210268
3.5210268
3.737869
2.6536584
2.7599535
3.3041847
3.631574
3.848416
3.3041847
3.844164
4.167301
4.4946904
5.799995
5.038922
3.844164
3.954711
3.737869
4.1758046
3.954711
3.631574
4.065258
2.7599535
3.3041847
3.631574
4.065258
3.414732
3.414732
2.1094272
2.2199743
2.4368165
2.7642052
2.4368165
2.6536584
2.9810476
3.0873425
3.414732
2.8705006
3.3041847
2.9767957
2.8662488
3.3041847
3.0873425
2.1094272
2.4368165
2.9810476
2.6536584
2.330521
2.4368165
2.6536584
2.2199743
2.4368165
2.7642052
2.330521
2.1094272
2.9810476
2.9810476
2.1094272
2.2199743
2.3262694
2.6536584
2.8747523
1.8925852
2.9810476
2.4368165
1.6757431
2.2199743
1.7820382
2.4368165
1.565196
1.7862899
2.5473633
2.65791
1.6757431
1.7862899
1.896837
0.59153247
1.6799948
1.0252168
0.9189216
1.0294685
0.9189216
1.1357636
0.3746904
1.896837
1.7862899
1.896837
2.2199743
2.7642052
2.5473633
2.003132
2.6536584
2.4368165
2.2199743
2.8747523
2.5473633
2.4368165
1.7862899
3.5252786
1.8925852
1.7862899
2.7642052
3.3084364
2.330521
2.003132
2.65791
1.2420589
2.1136792
1.3526058
2.65791
2.5473633
2.5473633
1.6757431
2.9810476
2.3262694
3.1978896
2.7599535
3.0873425
3.3084364
2.6536584
2.5431116
2.6536584
3.1978896
2.6536584
1.8925852
3.3084364
2.5473633
1.8925852
2.2199743
2.003132
2.1136792
1.0252168
2.330521
1.896837
1.2420589
1.896837
0.9189216
1.3526058
1.3526058
1.4589009
1.348354
1.348354
2.330521
1.5694479
0.91466975
1.7862899
1.2420589
0.8083746
2.003132
2.2199743
1.1315118
0.91466975
1.7862899
1.896837
1.0252168
1.6799948
0.9189216
0.59153247
0.9189216
1.5694479
0.9189216
1.5694479
1.7905419
0.59153247
1.1357636
1.4631528
1.5694479
1.0252168
2.330521
1.4589009
1.5694479
1.3526058
2.1136792
1.1357636
1.4589009
1.3526058
1.1357636
1.1357636
1.4631528
0.8126264
-0.38638288
0.26839525
0.5957843
0.26839525
0.48523736
0.1578483
0.1578483
0.26839525
1.2420589
1.0252168
1.6757431
2.003132
2.5431116
1.4589009
1.020965
2.2199743
2.2157223
2.3262694
3.0873425
2.5431116
3.3041847
3.1936376
4.4989424
3.5167751
3.6273217
3.954711
3.737869
3.0873425
3.3041847
2.6536584
2.1094272
2.7642052
3.3084364
2.9810476
2.8705006
2.8705006
3.5210268
1.9988803
3.0873425
3.5210268
3.5210268
3.414732
2.6536584
3.1978896
2.7599535
3.3041847
3.414732
2.5431116
3.737869
3.3041847
3.3041847
3.3041847
3.631574
1.9988803
3.0873425
4.065258
3.414732
3.1978896
3.3041847
3.1936376
2.8705006
2.8662488
2.6494067
3.414732
3.848416
2.5431116
2.7599535
2.8705006
2.6536584
2.9767957
3.631574
3.3041847
3.737869
3.5210268
4.2821
3.4104798
3.631574
3.737869
3.631574
3.631574
3.5210268
3.848416
3.737869
4.065258
3.848416
3.3041847
4.2821
3.1936376
2.8705006
2.7599535
3.414732
2.6536584
2.6536584
3.631574
4.065258
2.9767957
3.737869
3.954711
4.171553
4.4989424
4.065258
4.3883953
4.4989424
3.954711
3.0830908
3.4104798
4.065258
3.5210268
3.3041847
4.065258
3.848416
3.3041847
3.0873425
4.613741
3.631574
3.954711
3.631574
3.737869
3.1936376
4.2821
3.737869
4.065258
3.5210268
4.2821
3.737869
4.715784
4.715784
3.4104798
3.6273217
3.737869
3.848416
3.631574
4.3926473
4.065258
3.6273217
4.605237
4.8220797
4.8220797
5.2557635
6.1273837
6.123132
5.90629
5.795743
6.123132
5.795743
5.90629
7.1010475
5.90629
6.012585
6.2336793
5.578901
5.3620586
5.90629
6.339974
6.123132
5.795743
6.77791
6.7736583
5.795743
5.795743
7.1010475
5.795743
6.556816
7.4284363
6.8842053
6.556816
7.317889
7.4284363
6.4462695
7.207342
7.7515736
7.317889
7.5347314
7.4241843
7.4241843
7.5347314
6.9905005
6.2294273
7.1010475
6.450521
6.8842053
7.6452785
6.7736583
6.4462695
6.9905005
6.4462695
6.556816
7.317889
7.9684157
7.7515736
6.9905005
6.769407
7.096796
7.207342
7.4241843
7.313638
7.5347314
7.9684157
7.207342
7.096796
7.313638
7.4241843
7.203091
7.4241843
8.4021
6.769407
6.769407
7.4241843
7.207342
6.8799534
7.4241843
7.6410265
7.9684157
7.096796
7.857869
7.857869
7.7515736
7.4241843
8.185258
7.6410265
7.857869
7.5304804
7.313638
7.4241843
6.769407
7.747322
8.729489
8.074712
7.857869
7.857869
6.986249
7.4241843
8.729489
7.9641643
8.074712
7.747322
7.747322
7.6410265
8.074712
7.313638
7.857869
7.857869
7.6410265
7.7515736
7.7515736
7.5304804
7.5304804
8.4021
7.5304804
7.857869
7.857869
6.981997
7.6410265
8.074712
7.203091
8.074712
8.070459
8.725238
8.2915535
8.614691
8.508395
8.508395
7.9641643
7.747322
8.2915535
8.397848
7.747322
8.725238
7.747322
7.5304804
8.397848
8.835785
8.835785
7.9641643
8.508395
8.508395
7.096796
8.074712
7.636775
8.725238
7.636775
8.725238
8.508395
7.636775
8.835785
9.380016
7.9641643
8.2915535
8.508395
8.181006
8.397848
7.9641643
7.419933
7.9641643
9.052627
7.747322
7.9684157
8.618942
7.096796
7.096796
7.096796
6.8799534
7.4241843
7.7515736
7.747322
8.835785
7.9641643
9.269468
8.725238
8.94208
10.247384
9.375764
8.8315325
9.048374
9.158921
8.614691
9.809448
8.8315325
7.9641643
8.835785
7.6410265
8.4021
6.8799534
7.096796
6.3357224
7.317889
7.5347314
7.6410265
7.857869
8.835785
8.508395
8.2915535
9.703153
8.8315325
9.048374
9.592606
10.02629
8.614691
8.94208
8.2915535
9.163173
7.9641643
8.2915535
7.747322
7.747322
7.6410265
6.8799534
7.4241843
8.078962
7.857869
7.6410265
7.313638
7.6410265
8.185258
7.747322
7.747322
6.875702
7.6410265
8.074712
6.9905005
6.663111
7.317889
7.317889
6.556816
6.2294273
7.5347314
7.7515736
6.663111
6.8799534
7.4241843
6.8799534
6.2294273
6.8799534
6.9905005
6.663111
7.207342
7.7515736
7.4241843
6.8799534
6.663111
7.4241843
7.4241843
6.339974
5.795743
6.2336793
5.4726057
4.167301
4.8220797
4.9326262
3.8399122
5.1452165
6.450521
6.9947524
5.795743
6.016837
5.799995
5.4726057
5.3620586
6.123132
5.90629
7.1010475
6.012585
6.556816
7.207342
6.9905005
6.8799534
7.207342
7.207342
7.1010475
5.578901
5.4726057
4.8220797
5.583153
4.7115326
4.928375
4.4946904
4.928375
5.1452165
4.167301
4.2778482
4.3883953
4.605237
4.715784
4.171553
4.605237
4.928375
5.2557635
5.689448
5.468354
5.578901
6.339974
6.012585
5.0346694
5.689448
5.689448
5.90629
6.016837
5.1452165
6.123132
6.8842053
6.016837
4.8178277
5.689448
4.4946904
5.038922
4.8220797
4.0610065
4.605237
3.844164
4.171553
4.171553
4.171553
5.038922
5.038922
5.2557635
4.7115326
5.2557635
5.9105415
4.4946904
5.038922
5.2557635
4.8220797
4.928375
5.4726057
5.578901
5.689448
5.468354
5.795743
5.90629
6.2336793
5.3620586
5.583153
5.1452165
5.583153
5.3663106
4.4946904
4.605237
4.605237
5.799995
5.038922
3.9504592
3.9504592
4.605237
5.6937
4.0610065
3.844164
4.171553
4.2778482
5.038922
4.7115326
5.2557635
6.561068
6.2336793
4.928375
5.90629
5.689448
5.583153
5.799995
5.038922
5.4726057
6.1273837
5.0346694
6.016837
6.016837
4.928375
4.8220797
5.583153
4.4946904
4.3883953
4.605237
4.8220797
4.4946904
4.7115326
5.038922
3.9504592
4.605237
5.6937
3.62307
5.038922
5.1452165
5.689448
4.8220797
5.3620586
5.583153
5.90629
5.3620586
5.795743
5.3620586
5.90629
5.689448
5.689448
6.016837
5.90629
5.90629
6.016837
5.3620586
5.1452165
5.4726057
6.3442264
5.689448
4.605237
5.1494684
5.2557635
5.2557635
6.1273837
5.0346694
5.2557635
5.3663106
6.016837
5.2557635
5.4726057
5.2557635
5.4726057
5.799995
5.583153
5.038922
5.4726057
6.2336793
4.2735963
5.4726057
5.038922
6.561068
6.016837
4.7115326
6.016837
6.3442264
5.038922
5.038922
5.799995
5.583153
5.4726057
4.7115326
5.799995
5.4726057
4.7115326
5.1452165
5.689448
5.583153
6.016837
5.689448
6.016837
5.4726057
5.1452165
5.689448
6.450521
6.016837
6.2336793
6.2336793
5.578901
6.339974
6.016837
5.1452165
5.799995
5.583153
5.038922
5.689448
5.578901
5.2557635
5.3663106
5.2557635
3.9504592
4.3883953
4.8220797
5.3620586
5.038922
5.3663106
5.6937
5.2600155
5.1494684
5.038922
4.8220797
5.583153
5.4726057
5.583153
5.689448
4.6009855
6.016837
6.016837
5.583153
5.2557635
5.4726057
5.2557635
5.3663106
4.9326262
5.038922
5.038922
4.8220797
4.605237
4.2778482
4.826331
4.715784
3.6273217
4.171553
4.3883953
4.605237
4.3883953
4.9326262
4.2778482
4.4989424
5.3663106
4.8220797
4.8220797
5.3663106
6.016837
5.583153
4.605237
5.9105415
5.3663106
4.928375
5.9105415
5.038922
4.3841434
5.038922
4.4946904
4.3883953
5.2557635
5.3663106
4.0610065
4.3883953
4.9326262
4.8220797
3.844164
4.4946904
5.0431733
4.715784
4.0610065
4.605237
3.844164
4.171553
4.9326262
4.2821
4.3883953
4.0610065
4.4989424
4.9326262
4.0610065
4.9326262
4.605237
4.8220797
4.605237
4.605237
5.3663106
5.3663106
4.605237
4.605237
4.715784
3.844164
4.3883953
5.1494684
4.605237
4.605237
3.844164
3.6273217
4.715784
4.3883953
3.954711
4.3883953
4.171553
4.0610065
4.605237
4.3883953
4.605237
4.715784
4.605237
5.038922
4.3883953
4.605237
5.1494684
5.6937
4.9326262
4.3883953
5.583153
4.3883953
5.1494684
4.605237
4.715784
5.583153
5.1494684
4.4946904
4.605237
5.3663106
4.8220797
4.605237
3.737869
5.1494684
4.3883953
3.7336173
4.8220797
4.3883953
4.605237
4.715784
4.9326262
4.8220797
4.2778482
5.2600155
4.715784
4.7115326
5.583153
4.8220797
5.4726057
6.016837
5.689448
6.016837
4.3841434
5.9105415
5.038922
4.8220797
5.3663106
4.605237
4.8220797
4.2778482
4.4946904
4.928375
4.7115326
5.799995
5.2557635
4.605237
5.4726057
5.038922
4.9326262
4.2778482
5.3663106
5.038922
5.689448
5.799995
5.689448
6.450521
5.038922
6.2336793
5.583153
5.689448
5.2557635
5.1452165
6.2336793
5.90629
6.2336793
6.667363
6.123132
6.123132
6.339974
5.583153
5.2557635
5.2557635
5.3663106
5.2557635
5.799995
4.7115326
6.016837
5.583153
5.799995
4.4946904
5.689448
5.1494684
5.3663106
4.928375
6.2336793
5.689448
6.3442264
6.77791
6.2336793
5.3620586
5.578901
5.90629
6.667363
5.689448
6.123132
5.583153
5.3620586
5.583153
6.77791
4.928375
5.689448
5.689448
5.1452165
5.4726057
5.4726057
5.1452165
5.4726057
6.016837
6.016837
6.016837
5.90629
5.795743
6.77791
6.450521
6.667363
6.8842053
6.450521
7.1010475
6.339974
6.8842053
6.556816
7.5347314
8.078962
6.8842053
7.5347314
6.667363
6.7736583
6.7736583
6.7736583
6.123132
6.9947524
6.667363
6.012585
6.339974
6.7736583
5.90629
6.123132
5.795743
7.3221416
6.9947524
6.2294273
6.339974
6.9905005
6.012585
6.339974
6.8842053
6.667363
5.795743
6.123132
6.339974
6.7736583
6.339974
6.4462695
6.556816
6.7736583
6.4462695
6.556816
6.556816
6.016837
6.556816
6.4462695
6.123132
6.2336793
6.556816
5.578901
6.667363
6.667363
6.123132
6.012585
6.450521
6.2336793
6.339974
6.7736583
7.4284363
7.317889
7.1010475
6.8842053
6.7736583
6.2294273
6.556816
7.317889
6.1188803
6.2294273
6.663111
6.7736583
6.9905005
7.4241843
6.9905005
6.1188803
6.7736583
7.1010475
7.1010475
6.556816
7.5347314
6.556816
6.7736583
7.207342
7.207342
6.2294273
7.207342
7.317889
6.556816
7.317889
6.9905005
5.902038
7.317889
6.556816
6.4462695
7.207342
7.7515736
6.663111
6.3357224
7.4241843
7.207342
6.663111
7.207342
6.7736583
6.556816
6.7736583
6.2294273
7.4284363
6.663111
6.012585
7.4284363
5.795743
5.4726057
6.123132
5.251512
5.90629
6.8842053
5.795743
6.667363
6.8842053
5.795743
6.2294273
6.8842053
6.123132
6.9947524
6.339974
6.012585
7.8621206
6.8842053
6.556816
6.8842053
6.339974
6.9905005
7.317889
6.9905005
6.4462695
7.317889
6.123132
6.012585
5.795743
6.7736583
7.5347314
5.357807
6.012585
6.9905005
5.574649
7.317889
6.4462695
6.556816
6.7736583
5.795743
6.339974
6.2294273
6.556816
6.8799534
5.902038
6.2294273
7.207342
6.9905005
6.663111
7.7515736
6.9905005
7.317889
6.4462695
6.663111
6.7736583
6.8842053
6.2294273
7.317889
6.012585
6.339974
5.795743
7.2115946
6.123132
6.339974
6.2294273
6.2336793
6.7736583
6.4462695
6.556816
6.556816
5.902038
6.8842053
6.2294273
7.8621206
6.1188803
6.9905005
7.317889
6.123132
6.667363
6.012585
6.339974
6.9905005
6.7736583
6.8842053
7.317889
6.556816
6.667363
6.339974
6.2336793
6.123132
6.016837
6.450521
5.689448
5.90629
5.90629
6.2336793
5.578901
5.3620586
5.3620586
4.928375
5.583153
5.689448
5.2557635
5.90629
5.3620586
5.689448
5.251512
5.689448
5.2557635
6.016837
6.016837
5.799995
5.90629
4.8178277
5.3663106
6.1273837
4.4946904
4.9326262
4.4946904
3.844164
5.038922
5.1494684
4.9326262
5.6937
4.3883953
4.605237
5.038922
4.3883953
5.1494684
4.605237
4.7115326
5.3663106
4.4946904
4.4946904
4.928375
5.799995
5.038922
5.038922
5.2557635
5.038922
5.038922
5.1494684
4.9326262
4.2778482
5.2600155
4.8220797
4.4989424
5.038922
4.8220797
4.605237
3.7336173
4.8220797
4.2778482
4.8220797
5.6937
5.3663106
4.9326262
5.3663106
5.038922
5.2557635
4.8220797
4.605237
5.9105415
4.167301
4.8220797
5.1494684
4.4946904
5.2600155
4.8220797
4.605237
4.605237
4.715784
4.171553
3.7336173
5.0431733
4.3883953
3.844164
4.4989424
3.737869
3.848416
3.6273217
4.2821
4.3883953
3.1936376
3.954711
3.737869
3.954711
4.3883953
4.9326262
3.5167751
3.844164
4.2778482
3.954711
4.2821
5.4768577
3.844164
5.0431733
4.605237
4.0610065
4.3883953
5.2600155
4.0610065
4.9326262
4.0610065
4.8220797
5.4768577
4.605237
4.605237
4.8220797
4.3883953
5.0431733
4.9326262
4.171553
5.0431733
4.171553
4.171553
4.0610065
3.844164
4.2821
4.171553
4.4989424
4.171553
4.171553
4.8220797
4.4946904
4.715784
5.2557635
4.2778482
4.3883953
4.8220797
4.3883953
4.9326262
5.1494684
4.2778482
4.715784
5.1494684
3.9504592
5.1494684
4.4946904
3.844164
3.844164
3.844164
3.737869
4.715784
4.065258
3.954711
3.737869
4.065258
4.065258
4.065258
4.3883953
4.715784
3.5167751
4.605237
5.1494684
3.954711
3.6273217
3.844164
4.715784
3.954711
4.0610065
4.3883953
3.844164
4.171553
3.4104798
4.065258
4.6094894
2.8662488
3.5210268
4.065258
3.3041847
4.826331
4.065258
3.954711
2.9767957
3.5210268
4.065258
2.9767957
3.954711
4.171553
3.0830908
4.715784
4.2821
3.299933
3.954711
4.4989424
4.2821
4.9326262
4.0610065
4.8220797
4.3883953
4.4989424
3.844164
4.826331
3.737869
4.065258
3.848416
3.844164
4.4989424
3.1936376
4.065258
3.4104798
3.737869
3.737869
4.171553
3.954711
4.171553
4.2821
4.2821
4.171553
3.954711
4.171553
4.4989424
4.0610065
4.4989424
4.3883953
5.3663106
5.1494684
4.605237
4.605237
4.3883953
5.1494684
3.954711
4.9326262
4.605237
4.605237
5.4768577
4.2778482
4.3883953
5.4768577
4.715784
3.6273217
4.9326262
4.4989424
3.844164
4.8220797
4.2778482
5.1494684
4.4989424
4.715784
4.605237
4.8220797
4.9326262
4.2778482
5.038922
4.8220797
5.038922
4.928375
5.583153
5.2557635
4.928375
5.799995
5.038922
5.689448
6.2336793
6.3442264
5.799995
4.8220797
5.2557635
4.8220797
4.7115326
5.038922
4.8220797
5.3663106
4.0610065
4.7115326
5.3663106
5.2557635
5.3663106
4.9326262
5.583153
5.2557635
6.016837
5.4726057
5.1452165
5.3620586
5.3620586
5.689448
5.689448
5.1452165
6.2336793
6.123132
6.2336793
5.3620586
6.450521
5.689448
5.799995
4.8220797
4.928375
5.583153
5.3663106
4.928375
5.583153
5.6937
5.4726057
4.8220797
5.583153
5.038922
5.799995
5.1494684
6.1273837
5.1452165
5.9105415
5.2557635
5.689448
5.689448
6.016837
6.667363
5.689448
5.90629
6.9947524
6.450521
5.90629
5.795743
6.016837
5.689448
6.3442264
6.9947524
5.3620586
6.3442264
6.012585
5.689448
5.4726057
5.2557635
5.4726057
6.1273837
5.2557635
5.3620586
6.2336793
6.016837
5.3620586
5.689448
5.689448
5.90629
5.578901
5.799995
6.561068
5.90629
6.123132
6.9947524
6.016837
5.689448
5.799995
5.1452165
5.90629
6.016837
5.583153
6.8842053
6.2336793
5.4726057
6.3442264
5.3663106
5.583153
4.4946904
5.583153
5.2557635
5.3663106
5.2557635
4.928375
4.8220797
5.1494684
5.1494684
4.4989424
4.9326262
4.171553
5.1494684
5.4726057
5.689448
5.583153
5.2557635
5.4726057
5.799995
5.2557635
5.583153
4.8220797
5.1494684
5.9105415
5.2557635
5.2557635
5.9105415
5.1452165
5.3663106
4.171553
5.1494684
4.2778482
4.605237
4.9326262
3.5167751
4.9326262
4.0610065
3.954711
4.171553
3.737869
3.6273217
4.3883953
4.171553
4.171553
4.4989424
4.3883953
3.954711
4.2821
4.715784
3.737869
4.4989424
5.2600155
4.715784
3.5210268
4.2821
3.6273217
3.737869
4.065258
3.737869
3.1936376
3.5210268
3.1936376
3.737869
2.9767957
3.848416
2.9767957
3.848416
4.2821
3.737869
3.5210268
3.4104798
4.4989424
3.1936376
3.5210268
4.1758046
3.737869
4.065258
3.848416
3.1936376
3.6273217
3.6273217
3.414732
3.5210268
3.5210268
3.737869
3.631574
3.737869
3.631574
2.9767957
2.8662488
3.848416
2.9767957
3.5210268
2.7599535
3.0873425
3.3041847
3.848416
3.0873425
3.3041847
3.3041847
3.7421207
2.5431116
3.631574
2.3262694
3.414732
3.5210268
3.1936376
4.1758046
3.3041847
2.9767957
4.3926473
3.5210268
3.737869
3.0873425
3.3041847
4.2821
4.065258
3.5210268
3.737869
2.5431116
2.4368165
2.1136792
0.59153247
1.5736997
1.2463106
0.48523736
1.3526058
2.330521
2.4368165
2.7599535
3.1978896
2.9767957
2.9767957
3.3041847
2.5431116
3.3084364
3.848416
2.9767957
3.737869
4.171553
3.737869
4.3883953
4.171553
3.4104798
3.7421207
3.631574
3.1978896
3.5252786
2.6536584
3.7421207
3.7421207
2.8705006
2.7599535
3.414732
2.4368165
2.4368165
2.8705006
3.5252786
3.5210268
2.8705006
3.1978896
3.631574
2.5431116
3.848416
4.065258
3.3041847
4.3926473
3.848416
3.7421207
3.0873425
2.9810476
3.0873425
4.065258
3.0873425
3.9589627
3.0873425
2.5431116
3.9589627
3.631574
3.1978896
4.1758046
2.8705006
3.1978896
3.1978896
2.6536584
3.631574
3.414732
2.5431116
2.4368165
2.6536584
2.4368165
2.330521
2.7642052
2.6536584
2.8747523
2.003132
2.7642052
2.7642052
2.9810476
2.3262694
3.3084364
3.3084364
1.8925852
2.1094272
3.1978896
2.7642052
2.4368165
3.7421207
3.631574
2.6536584
3.0873425
3.1978896
2.1094272
2.2157223
2.6536584
3.1978896
2.6536584
3.1978896
2.003132
3.1978896
2.2199743
2.7642052
3.5252786
2.4368165
2.5431116
2.8705006
2.3262694
3.0873425
3.5210268
3.414732
3.0873425
3.631574
2.8705006
2.9810476
2.8705006
3.5210268
3.631574
4.065258
4.1758046
3.848416
4.065258
3.9589627
4.065258
4.2821
3.3041847
3.3041847
4.3926473
4.065258
3.737869
4.826331
5.0431733
4.4989424
3.1936376
3.6273217
4.2821
4.065258
3.737869
4.826331
4.3883953
4.3883953
5.6937
4.3883953
4.3883953
4.4989424
4.6094894
4.171553
4.9326262
3.844164
4.9326262
4.715784
4.3883953
5.1494684
5.038922
5.038922
5.038922
5.038922
4.8220797
5.799995
5.799995
5.799995
4.7115326
5.1494684
5.3663106
4.8220797
5.4726057
5.2557635
6.016837
6.016837
6.450521
6.3442264
5.4726057
6.8884573
6.016837
5.038922
6.1273837
5.3620586
6.2336793
6.77791
6.450521
6.450521
6.123132
6.016837
5.1452165
6.123132
6.3442264
6.123132
6.2336793
5.90629
6.339974
6.339974
6.667363
5.578901
6.9947524
7.1010475
5.6851964
5.689448
5.90629
7.2115946
6.9947524
6.2336793
6.2294273
7.317889
7.317889
6.8799534
6.9905005
7.207342
7.5347314
6.9905005
6.8842053
7.317889
6.339974
7.1010475
7.4284363
7.5347314
6.8799534
6.9905005
7.207342
6.339974
6.450521
6.9905005
7.1010475
6.2294273
7.4284363
7.317889
6.7736583
7.4241843
6.663111
7.4241843
6.8799534
7.096796
7.4241843
8.185258
8.946331
7.747322
8.618942
7.6410265
7.747322
8.946331
7.6410265
7.9684157
7.313638
6.9905005
7.5347314
7.207342
7.7515736
6.663111
7.5347314
6.7736583
7.207342
6.2294273
7.317889
6.9905005
6.7736583
7.6452785
7.1010475
7.1010475
7.7515736
7.313638
8.729489
8.618942
7.5304804
8.074712
8.618942
7.6410265
7.6410265
7.8621206
6.4462695
6.8842053
7.6452785
7.5347314
6.9905005
7.6410265
7.6410265
7.4241843
7.5347314
7.6410265
7.7515736
7.207342
7.8621206
7.7515736
7.6410265
7.9684157
7.6410265
6.769407
7.9684157
7.5347314
7.4241843
8.512647
8.185258
7.857869
7.9684157
8.4021
7.9684157
7.5304804
7.857869
8.185258
7.857869
8.729489
8.508395
8.4021
8.185258
8.074712
7.7515736
8.729489
8.725238
8.074712
8.835785
8.074712
8.185258
8.074712
7.6410265
8.4021
8.185258
8.185258
8.512647
9.052627
8.074712
9.163173
7.857869
9.269468
9.380016
7.5304804
8.618942
8.4021
7.9684157
8.508395
8.725238
9.163173
9.052627
8.725238
9.052627
8.508395
8.725238
8.2915535
9.269468
8.181006
8.618942
8.835785
7.857869
8.729489
8.074712
7.313638
8.074712
8.729489
8.94208
9.375764
9.919995
9.265217
10.247384
8.614691
9.703153
9.052627
8.508395
9.163173
8.2915535
9.052627
8.2915535
8.4021
8.181006
7.857869
8.2915535
7.636775
8.946331
8.946331
8.4021
8.185258
8.4021
8.4021
8.946331
7.9641643
7.5304804
8.074712
9.052627
8.618942
9.052627
8.618942
7.313638
9.163173
8.4021
8.074712
8.835785
8.835785
8.181006
8.835785
8.835785
7.9641643
8.725238
8.725238
8.508395
8.946331
8.618942
8.074712
7.857869
8.4021
7.9684157
7.6410265
7.7515736
7.7515736
7.207342
6.769407
7.5347314
7.4241843
7.9684157
8.295805
7.4241843
7.9684157
7.9684157
8.185258
7.857869
8.512647
8.074712
8.4021
8.729489
7.9684157
8.618942
8.074712
8.074712
8.729489
8.618942
7.6410265
7.6410265
7.9684157
7.313638
7.5347314
7.207342
6.4462695
6.9905005
7.207342
6.663111
7.4284363
7.1010475
7.1010475
6.9905005
7.317889
6.2294273
7.207342
7.5347314
6.4462695
7.7515736
7.4241843
6.556816
6.7736583
7.207342
7.4241843
7.7515736
8.295805
7.8621206
7.4241843
7.096796
7.7515736
7.7515736
7.4241843
7.207342
7.207342
7.7515736
7.5347314
7.096796
7.4241843
7.5347314
6.7736583
6.9905005
6.7736583
7.1010475
7.8621206
7.6452785
7.207342
7.857869
7.313638
7.857869
8.618942
7.857869
8.185258
7.4241843
6.8799534
7.6410265
8.295805
7.7515736
7.7515736
7.4241843
7.317889
6.012585
6.8842053
6.2294273
6.8842053
7.7515736
7.4241843
6.663111
7.1010475
6.7736583
6.7736583
7.317889
7.096796
6.986249
7.9684157
8.074712
7.313638
7.9684157
7.207342
7.207342
6.667363
6.667363
5.90629
6.2336793
5.795743
7.1010475
6.2294273
7.6452785
7.207342
6.663111
6.9905005
7.317889
6.9905005
6.9905005
7.207342
6.7736583
6.8842053
7.8621206
7.857869
7.6410265
7.5347314
7.4241843
7.5347314
7.313638
7.5347314
6.9905005
7.7515736
6.556816
6.8842053
6.556816
6.339974
7.6452785
7.8621206
7.8621206
7.8621206
7.7515736
6.7736583
7.1010475
5.90629
5.6851964
7.1010475
7.1010475
6.9905005
7.1010475
6.8842053
6.7736583
6.4462695
7.4284363
6.556816
7.4284363
6.9905005
6.339974
7.1010475
7.1010475
7.317889
6.7736583
5.902038
6.4462695
7.4284363
6.8842053
7.317889
7.1010475
6.123132
7.538984
5.689448
5.90629
6.123132
6.2294273
6.2294273
6.7736583
7.1010475
6.2294273
6.339974
6.667363
5.795743
6.2336793
6.450521
6.561068
5.2557635
5.689448
6.450521
5.578901
6.77791
6.450521
5.90629
5.6851964
6.77791
5.90629
7.2115946
6.77791
6.450521
6.012585
6.556816
7.317889
6.556816
6.663111
7.317889
7.5347314
6.9905005
7.8621206
7.5347314
6.339974
7.4284363
6.8842053
6.667363
6.667363
5.795743
6.556816
7.317889
6.8842053
7.317889
6.123132
6.339974
5.795743
6.9905005
6.667363
7.1010475
7.6452785
6.556816
6.8842053
6.8842053
6.667363
6.123132
6.123132
7.5347314
7.8621206
5.791491
7.207342
7.7515736
7.317889
7.1010475
6.7736583
6.7736583
6.4462695
7.8621206
7.4284363
6.556816
7.7515736
6.9905005
6.8842053
6.9905005
7.2115946
6.339974
6.2336793
6.556816
6.339974
6.7736583
6.7736583
6.667363
7.2115946
6.667363
7.317889
7.317889
7.7515736
7.5347314
7.4284363
7.1010475
6.9905005
6.556816
6.7736583
7.317889
6.9905005
7.1010475
6.9905005
6.9905005
7.317889
7.207342
7.5347314
6.2294273
6.8842053
7.317889
7.5347314
6.9905005
7.6452785
7.207342
6.7736583
6.7736583
6.8799534
7.8621206
6.7736583
7.6452785
6.8842053
6.8842053
6.7736583
7.8621206
6.556816
6.123132
7.1010475
6.123132
7.2115946
6.450521
7.1010475
6.556816
6.556816
6.667363
6.339974
6.561068
6.450521
6.450521
5.3620586
6.561068
6.450521
5.90629
6.556816
6.339974
6.123132
5.90629
5.795743
6.2336793
6.123132
6.450521
6.016837
6.123132
6.339974
6.339974
7.1010475
6.123132
6.123132
7.2115946
6.77791
5.578901
7.4284363
7.2115946
6.123132
6.450521
7.2115946
6.667363
6.556816
7.1010475
7.317889
6.450521
6.123132
6.77791
6.667363
6.667363
6.77791
5.578901
5.1452165
6.667363
5.90629
7.538984
6.450521
5.3620586
6.561068
5.689448
6.2336793
6.450521
6.667363
6.667363
6.667363
6.339974
6.450521
6.556816
5.90629
6.339974
6.123132
5.689448
6.8842053
5.4726057
6.016837
6.016837
5.689448
5.4726057
6.2336793
6.3442264
5.90629
5.799995
6.77791
6.3442264
5.3663106
5.1452165
6.016837
6.016837
6.2336793
6.561068
6.450521
6.561068
5.4726057
5.799995
5.799995
6.016837
4.928375
5.583153
5.4726057
5.4726057
6.016837
6.016837
5.2557635
6.016837
5.583153
4.7115326
5.9105415
5.2557635
6.1273837
5.4726057
5.799995
5.038922
5.583153
5.583153
5.4726057
5.799995
5.9105415
6.3442264
6.561068
5.799995
6.450521
5.689448
5.9105415
4.7115326
6.1273837
5.3663106
4.605237
5.583153
5.038922
5.799995
5.038922
5.583153
4.8220797
5.583153
5.2557635
4.605237
5.2557635
5.799995
5.3663106
6.237931
5.1494684
4.8220797
4.2778482
5.9105415
5.583153
5.2557635
5.4726057
6.454773
6.1273837
5.038922
5.799995
5.583153
6.2336793
6.561068
6.450521
5.2557635
5.4726057
6.3442264
6.450521
5.2557635
5.1452165
5.1452165
6.1273837
5.799995
6.016837
5.3620586
6.016837
5.799995
6.016837
4.7115326
5.799995
5.799995
5.4726057
4.8220797
5.4726057
5.799995
5.799995
5.4726057
5.689448
5.3663106
5.9105415
5.2557635
6.1273837
5.583153
5.689448
6.2336793
5.90629
6.561068
6.2336793
6.1273837
5.2557635
6.1273837
5.2557635
5.799995
5.2557635
5.583153
5.2557635
5.3663106
5.9105415
4.9326262
5.6937
4.9326262
4.3883953
5.9105415
4.8220797
5.3663106
5.2557635
5.2557635
6.016837
5.689448
5.038922
6.016837
5.689448
5.2557635
6.2336793
5.799995
6.1273837
5.689448
5.799995
6.016837
4.928375
5.799995
5.689448
5.583153
6.016837
5.2557635
5.4726057
5.038922
4.605237
5.038922
5.689448
5.038922
6.450521
6.450521
6.2336793
6.2336793
6.450521
6.8884573
6.2336793
6.123132
6.016837
6.3442264
6.339974
5.3620586
6.012585
6.450521
6.339974
6.450521
6.9947524
6.450521
6.123132
6.123132
5.90629
6.450521
6.016837
5.1494684
5.2557635
5.2557635
5.583153
5.583153
5.2557635
5.583153
5.799995
5.038922
6.454773
5.583153
4.8220797
5.1494684
5.9105415
5.583153
5.689448
6.561068
5.689448
6.2336793
6.2336793
5.4726057
6.1273837
6.3442264
5.799995
5.6937
5.799995
5.3663106
5.799995
5.6937
5.799995
6.1273837
5.583153
5.9105415
6.237931
4.3883953
5.6937
5.3663106
5.4768577
4.8220797
5.1494684
4.8220797
4.8220797
5.9105415
5.038922
5.3663106
5.804247
5.583153
5.583153
6.237931
5.9105415
4.8220797
6.454773
5.799995
5.038922
5.4726057
5.689448
5.038922
5.2557635
6.237931
5.583153
6.3442264
6.561068
5.4726057
5.583153
5.9105415
4.605237
5.2600155
6.3442264
5.3663106
4.8220797
5.9105415
6.3442264
5.9105415
5.3663106
5.583153
6.671615
6.2336793
6.77791
6.450521
6.016837
6.3442264
6.8842053
6.77791
6.667363
6.9947524
7.2115946
6.2336793
6.77791
6.2336793
6.77791
5.4726057
6.3442264
5.799995
5.90629
6.1273837
6.2336793
6.016837
5.9105415
6.3442264
6.016837
5.9105415
5.90629
6.3442264
5.9105415
5.6937
5.583153
5.583153
5.3663106
6.1273837
5.689448
5.90629
6.561068
5.90629
5.689448
5.3663106
5.3663106
5.3663106
4.9326262
6.237931
6.2336793
5.2557635
5.799995
6.1273837
5.583153
5.3663106
5.583153
5.1494684
4.0610065
5.3663106
4.8220797
5.2557635
4.605237
5.583153
4.3883953
6.0210886
5.583153
5.3663106
5.4768577
5.583153
5.583153
6.3442264
5.583153
5.1494684
6.1273837
5.799995
6.1273837
6.123132
4.928375
6.77791
6.016837
6.1273837
5.90629
6.016837
5.2557635
6.1273837
5.4726057
6.9990044
5.799995
7.1052995
6.3442264
5.799995
6.77791
6.016837
6.450521
6.9947524
6.77791
6.77791
6.339974
6.9947524
7.4284363
6.9905005
6.339974
6.7736583
6.7736583
6.4462695
7.6452785
6.9905005
7.5347314
7.6452785
6.9905005
7.5347314
7.5347314
7.6452785
6.667363
7.6452785
6.9905005
7.6452785
7.1010475
6.7736583
6.339974
6.77791
6.667363
6.123132
7.1010475
6.7736583
7.4284363
7.5347314
6.2294273
6.9905005
7.317889
6.556816
6.7736583
7.6452785
7.6452785
7.6452785
6.9905005
7.5347314
7.7515736
7.8621206
7.1010475
8.189509
7.1010475
7.6452785
7.5347314
6.7736583
7.1010475
6.556816
7.4284363
7.4284363
7.207342
7.2115946
7.4284363
7.8621206
7.4284363
7.9684157
7.7515736
7.8621206
8.295805
7.9684157
7.5347314
7.5347314
8.078962
8.406352
7.313638
8.295805
8.078962
6.663111
8.733741
7.857869
7.857869
8.295805
8.4021
7.9684157
7.7515736
7.857869
8.729489
8.729489
7.857869
8.4021
8.512647
8.729489
8.835785
8.295805
8.729489
8.512647
8.835785
8.835785
9.707404
9.596858
9.163173
9.163173
8.835785
9.380016
9.163173
8.835785
8.508395
9.596858
9.269468
9.380016
9.052627
10.030542
9.486311
10.1410885
9.8137
9.596858
9.924246
9.596858
8.508395
9.924246
9.158921
9.052627
10.251636
8.94208
8.835785
9.052627
8.94208
9.380016
9.380016
8.946331
7.9684157
8.840036
8.4021
7.9684157
8.840036
8.729489
8.512647
8.729489
9.269468
8.835785
8.4021
9.163173
8.185258
8.4021
9.27372
8.074712
8.4021
8.185258
8.946331
9.056878
8.512647
8.729489
8.185258
8.840036
8.4021
8.295805
8.4021
8.512647
9.167425
8.074712
8.078962
8.185258
8.4021
8.185258
7.5304804
7.9684157
8.946331
7.857869
8.4021
8.512647
8.512647
7.4241843
8.512647
7.857869
8.4021
8.074712
7.7515736
8.729489
7.857869
8.840036
8.4021
8.512647
8.618942
7.857869
8.512647
8.4021
8.729489
8.729489
8.512647
8.185258
8.4021
7.7515736
8.512647
8.295805
8.295805
8.295805
8.406352
7.8621206
7.4241843
7.5347314
7.4284363
7.7515736
8.189509
7.7515736
7.5347314
8.623194
8.078962
8.406352
7.8621206
8.189509
7.9684157
8.512647
8.295805
8.729489
7.9684157
8.512647
8.623194
7.8621206
7.5347314
7.5347314
7.4284363
7.5347314
7.1010475
7.6452785
7.317889
7.4284363
7.6452785
7.4284363
7.4284363
7.2115946
7.2115946
6.77791
6.450521
7.538984
7.2115946
6.339974
7.4284363
6.450521
6.667363
7.7558255
6.8842053
7.2115946
6.667363
6.2336793
6.77791
6.671615
6.8884573
6.3442264
6.671615
6.2336793
5.689448
6.3442264
6.454773
6.671615
5.583153
6.454773
5.804247
4.715784
4.605237
5.5874047
5.804247
5.4768577
5.9105415
5.6937
5.0431733
4.9326262
5.6937
5.6937
5.1494684
6.0210886
5.9105415
5.1494684
6.3442264
5.4768577
5.0431733
5.4768577
5.0431733
4.715784
4.9326262
4.3883953
5.6937
5.9105415
5.4768577
5.0431733
4.826331
4.826331
5.5874047
4.065258
4.4989424
5.3705626
4.826331
4.936878
5.0431733
3.848416
4.720036
4.1758046
3.848416
4.2863517
4.3926473
4.830583
4.3926473
3.631574
4.503194
3.414732
3.7421207
4.3926473
3.414732
3.3041847
4.1758046
3.9589627
3.9589627
4.1758046
3.5252786
3.3084364
2.6536584
3.3084364
3.8526678
2.330521
3.4189837
2.9852993
2.7684572
3.0958462
2.117931
2.117931
2.5516152
1.4631528
2.7684572
1.6799948
2.44532
2.5516152
0.9189216
2.989551
2.228478
1.0294685
1.7905419
1.0294685
2.117931
1.5736997
1.4631528
2.0073838
1.5736997
1.4674045
1.7905419
1.2463106
1.4674045
1.1400155
1.3568575
1.3568575
1.6842467
0.4894892
1.1442673
0.81687826
0.055804953
0.4894892
0.4894892
-0.16103715
0.4894892
0.7105831
0.81687826
0.60003614
-0.27158412
1.0337203
-0.4884262
0.055804953
0.4894892
-0.054742
1.5779516
0.27264705
0.4894892
0.4894892
0.60003614
0.38319403
0.92742515
0.055804953
0.27264705
0.60003614
0.055804953
0.38319403
-0.9221104
-0.050490197
0.06005676
0.49374095
0.06005676
0.06005676
-0.8115635
-0.7010165
-1.2452477
-0.37362745
-1.678932
-1.2452477
-1.678932
-0.7010165
-1.1347008
-2.116868
-0.6967647
-1.895774
-1.3515428
-0.59046954
-1.0241537
-2.006321
-1.0241537
-0.47992262
-1.2452477
0.28115067
-0.37362745
-2.112616
-0.9136068
-1.2409959
-2.7631423
-2.6525953
-1.891522
-2.1083643
-1.891522
-2.7631423
-2.1083643
-1.9978173
-2.1083643
-3.0905313
-0.9136068
-1.67468
-1.0241537
-0.2630805
-1.895774
-1.4620898
-1.0241537
-1.67468
-1.347291
-2.3252065
-2.5420485
-2.3252065
-4.064195
-3.409417
-3.515712
-5.1484056
-4.059943
-3.843101
-3.953648
-2.1041124
-3.8473527
-3.5242157
-2.2146595
-1.9978173
-2.9799845
-1.6704283
-2.6525953
-2.4357533
-1.891522
-1.67468
-1.4578379
-1.891522
-1.891522
-2.3252065
-2.7588906
-2.7588906
-3.0862796
-2.4315016
-3.626259
-2.3209546
-3.626259
-3.303122
-3.4136686
-2.2146595
-2.7588906
-2.8694377
-3.303122
-3.519964
-2.9757328
-2.2146595
-3.303122
-3.9578998
-2.7588906
-3.8473527
-2.9757328
-1.8872703
-2.5420485
-2.8694377
-3.0862796
-2.7588906
-3.303122
-2.3209546
-3.409417
-3.843101
-3.626259
-3.0820277
-3.626259
-3.519964
-2.9757328
-3.409417
-4.1704903
-4.1704903
-4.1704903
-4.3873324
-4.2810373
-4.714721
-2.5377967
-3.2988698
-3.409417
-3.409417
-3.953648
-3.626259
-3.7368062
-3.953648
-4.3873324
-3.409417
-4.059943
-4.9315634
-4.2767854
-3.843101
-4.604174
-4.604174
-3.843101
-4.604174
-4.3873324
-4.1704903
-5.0421104
-3.626259
-3.2988698
-4.7104697
-3.9493964
-4.9315634
-3.7325544
-2.754639
-3.0820277
-3.7368062
-1.9978173
-3.626259
-2.9757328
-2.754639
-4.3873324
-3.7325544
-3.9493964
-3.515712
-4.8210163
-2.860934
-3.409417
-4.9315634
-3.953648
-4.3873324
-5.475795
-5.0378585
-4.604174
-4.7104697
-4.1662383
-4.9315634
-5.58209
-5.58209
-4.604174
-4.9315634
-3.7325544
-3.2988698
-4.4978795
-3.2988698
-4.1704903
-3.519964
-3.192575
-4.1704903
-3.953648
-3.519964
-3.303122
-3.519964
-2.3252065
-2.9757328
-3.303122
-2.9757328
-3.7368062
-4.8252683
-3.2988698
-4.059943
-4.064195
-3.409417
-4.059943
-3.2988698
-3.7325544
-4.604174
-3.515712
-3.515712
-4.1704903
-3.843101
-3.409417
-3.626259
-2.4315016
-3.192575
-3.192575
-3.0862796
-2.5420485
-2.7588906
-3.4136686
-2.2146595
-2.2146595
-1.9978173
-2.8694377
-3.8473527
-2.3209546
-3.192575
-4.4978795
-2.9757328
-2.1041124
-3.192575
-3.7368062
-2.5377967
-4.3873324
-3.515712
-4.3873324
-3.953648
-4.064195
-2.6483436
-3.303122
-2.7588906
-2.4315016
-3.8473527
-4.1747417
-2.1041124
-3.519964
-2.5420485
-3.303122
-1.8872703
-2.8694377
-2.7588906
-2.3252065
-3.6305108
-2.8694377
-1.9978173
-2.6525953
-1.7809752
-2.6525953
-2.8694377
-1.9978173
-1.7809752
-2.5420485
-3.0862796
-2.8694377
-3.1968267
-2.8694377
-1.891522
-3.3073738
-1.9978173
-2.2189112
-2.6525953
-1.1304489
-1.4578379
-2.5463004
-1.2409959
-1.0241537
-2.112616
-0.15253355
-1.3515428
-0.2630805
-1.2409959
-1.347291
-0.8030599
-1.891522
-0.8030599
-1.7852271
-2.3294582
-0.47992262
-1.1304489
-2.112616
-2.112616
-1.4578379
-1.4578379
-1.0241537
-0.36937565
-1.2409959
-0.47992262
-0.80731165
-0.2630805
-1.2452477
-0.2630805
-1.1347008
-0.7010165
-0.47992262
0.28115067
-0.37362745
0.49799278
-1.3515428
-0.80731165
-1.1347008
-1.2452477
-0.91785866
-0.59046954
-0.59046954
-1.0241537
-0.36937565
-1.67468
-2.4357533
-1.1304489
-2.6525953
-1.1304489
-1.4578379
-1.7852271
-1.2409959
-1.2409959
-1.1347008
-2.112616
-1.2409959
-1.1347008
-1.2409959
-1.7852271
-0.80731165
-1.1347008
-0.2673323
-0.7010165
-1.1347008
-0.37362745
-1.3515428
-1.7852271
-1.568385
0.28115067
-0.6967647
-0.15678534
-0.15678534
0.3874458
-1.0284055
-0.4841744
-0.04623839
-0.47992262
-0.47992262
-1.3515428
-0.15253355
-0.6967647
-0.80731165
-1.1347008
-0.2630805
-1.1347008
-0.7010165
-0.2673323
0.17060372
-0.7010165
0.3874458
-0.2673323
-0.15678534
0.49374095
0.06005676
-0.050490197
0.27689886
0.16635191
0.16635191
1.1485192
-0.2673323
-0.2673323
0.16635191
0.06005676
-0.37787926
-0.2673323
-0.4841744
-0.8115635
-0.8115635
-0.15678534
0.27689886
-0.04623839
-1.0241537
-0.91785866
-0.59046954
0.17060372
-1.1347008
-0.8115635
0.06005676
-0.91785866
-0.5947214
-1.0284055
0.06005676
0.17060372
-0.2630805
0.3874458
-0.8115635
-0.4841744
-0.2673323
-1.1389525
0.49374095
-0.91785866
-0.91785866
-0.7010165
0.3874458
-0.4841744
-1.0284055
0.49374095
-0.4841744
-0.15678534
0.17060372
-1.2452477
-0.91785866
0.3874458
-1.2452477
-0.37362745
-0.37362745
-0.80731165
-0.47992262
0.17060372
-1.2452477
-0.37362745
0.17060372
-1.4620898
-1.3557947
-0.04623839
-0.91785866
-1.2452477
-0.15678534
-0.8115635
-0.8115635
0.06005676
0.38319403
-1.1347008
-0.15678534
-1.3557947
-1.3515428
-1.1347008
-1.895774
-1.678932
-0.91785866
-0.47992262
-1.4620898
-0.37362745
-0.2630805
-0.59046954
-0.37362745
-1.1347008
-0.59046954
-1.0241537
-0.47992262
-1.678932
-0.91785866
-0.8115635
-0.80731165
0.17060372
-0.7010165
-0.37362745
-0.15678534
-0.4841744
-1.4620898
-0.15678534
-0.2630805
-0.37362745
-0.2630805
0.06430857
-1.3515428
-1.7852271
-0.9136068
-1.895774
-1.3515428
-1.2409959
-1.678932
-1.568385
-1.0241537
-1.4578379
-2.0020692
-0.59046954
-0.6967647
-1.67468
-1.4578379
-1.1347008
-1.895774
-0.8030599
-1.891522
-2.5463004
-0.8030599
-1.3515428
-1.5641332
-1.4578379
-2.0020692
-2.2189112
-2.0020692
-3.1968267
-2.3252065
-1.5641332
-2.2146595
-2.4357533
-1.7809752
-2.9799845
-2.4357533
-2.6525953
-3.7410579
-2.5420485
-3.303122
-1.8872703
-2.3252065
-2.8694377
-2.6525953
-1.891522
-2.6525953
-1.347291
-2.3294582
-2.0020692
-1.67468
-1.891522
-1.347291
-1.347291
-1.4578379
-1.3515428
-1.568385
-1.1304489
-0.9136068
-1.568385
-1.3515428
-0.6967647
-1.67468
-2.3252065
-3.0862796
-2.6525953
-2.4357533
-1.5641332
-1.4578379
-2.9799845
-1.4578379
-1.2409959
-2.2189112
-1.236744
-2.2189112
-3.0905313
-1.5641332
-1.67468
-2.3294582
-0.80731165
-1.2409959
-1.4620898
0.17060372
-1.1347008
-1.678932
-1.3515428
-0.6967647
-1.1347008
-0.9136068
-1.1304489
-1.895774
-2.2189112
-1.1304489
-1.2409959
-2.5463004
-1.67468
-2.0020692
-2.7631423
-0.36937565
-1.67468
-2.2189112
-2.1083643
-2.6525953
-2.7631423
-2.2189112
-2.4357533
-1.4578379
-1.4578379
-2.0020692
-2.3294582
-2.112616
-1.895774
-1.568385
-2.0020692
-0.58621776
-0.9136068
-1.2409959
-0.2588287
-1.568385
-1.568385
-1.3515428
-2.8736894
-2.2189112
-2.9799845
-1.891522
-2.5463004
-2.5463004
-2.2189112
-0.8030599
-2.0020692
-2.4357533
-1.67468
-2.6525953
-1.0199019
-1.0241537
-1.7852271
-0.6967647
-1.895774
-1.895774
-1.2409959
-1.5641332
-1.568385
-0.6967647
-1.0241537
-1.1347008
-0.6967647
-1.4578379
-1.1304489
-2.3294582
-2.2189112
-1.2409959
-2.4357533
-1.1304489
-1.678932
-1.7852271
-1.3515428
-1.0241537
-1.4578379
-1.347291
-2.1083643
-1.0241537
-1.7852271
-2.112616
-0.37362745
-1.568385
-1.7852271
-1.678932
-1.2409959
-1.3515428
-1.0241537
-1.568385
-0.36937565
-0.59046954
-1.7852271
-1.0241537
-1.3515428
-1.7852271
-1.7852271
-1.0241537
-0.9136068
-1.0241537
-1.1304489
-1.7852271
-1.4578379
-2.2189112
-1.3515428
-1.3515428
-1.2409959
-2.0020692
-2.7631423
-1.347291
-2.4357533
-1.891522
-1.2409959
-1.4578379
-1.1304489
-2.2189112
-1.7852271
-0.2630805
-1.0241537
-1.4578379
-2.112616
-1.678932
-1.67468
-1.891522
-0.80731165
-0.59046954
-0.59046954
-1.3515428
-1.678932
-1.891522
-1.7852271
-2.9799845
-2.8694377
-2.9799845
-2.2189112
-1.67468
-2.0020692
-2.112616
-2.2189112
-2.0020692
-2.5463004
-1.568385
-2.3294582
-1.4578379
-1.67468
-1.7852271
-1.7852271
-2.4400053
-1.7852271
-1.4578379
-0.7010165
0.17060372
-0.15678534
-0.4884262
0.055804953
-0.37787926
-1.2452477
0.28115067
-1.2452477
-0.91785866
-0.91785866
-0.7010165
-0.59046954
0.49799278
-0.2673323
-1.4663416
0.3874458
-1.678932
-0.80731165
-0.80731165
-1.3515428
-1.2452477
-0.15678534
-0.4841744
0.6042879
0.38319403
1.0379721
-0.050490197
-0.15678534
-0.4841744
-0.2673323
-0.2630805
-0.80731165
0.28115067
-1.568385
-1.568385
-1.1347008
-2.6568472
-2.112616
-1.891522
-0.9136068
-1.568385
-1.1304489
-1.7852271
-2.3294582
-1.4578379
-2.0020692
-2.006321
-0.7010165
-0.15678534
-1.0284055
-0.91785866
-2.006321
-2.4400053
-2.0020692
-2.4357533
-3.4136686
-2.6525953
-2.6525953
-3.0905313
-2.112616
-1.568385
-1.1347008
-0.59046954
-1.678932
-1.1347008
-1.0241537
-0.47992262
-0.47992262
-0.80731165
-1.0241537
-1.4620898
-1.1347008
-0.37362745
0.17060372
-1.1347008
-1.895774
-1.2452477
-1.568385
-1.568385
-0.2630805
-0.59046954
-1.568385
-0.58621776
-2.7631423
-2.112616
-1.3515428
-1.568385
-1.3515428
-0.6967647
-1.67468
0.06430857
-0.9136068
-1.2409959
-1.568385
-0.2630805
-0.80731165
-1.2452477
0.28115067
-0.7010165
-1.568385
0.28115067
-1.0241537
-0.80731165
-0.47992262
-1.67468
-0.8030599
-1.5641332
-1.891522
-2.3294582
-0.80731165
-1.895774
-2.112616
-0.9136068
-2.0020692
-1.3515428
-1.1304489
-0.8030599
-1.568385
-1.3515428
-1.3515428
-0.37362745
-1.1347008
-0.91785866
-0.04623839
-1.1347008
0.17060372
-1.1347008
-1.3557947
-1.1347008
-1.0241537
-1.2409959
-1.2409959
-0.9136068
-2.2189112
-1.7852271
-1.347291
-1.67468
-1.7852271
-2.112616
-1.2409959
-1.895774
-1.2409959
-0.59046954
-1.4578379
-0.6967647
-1.568385
-0.15253355
-0.2630805
-0.59046954
-0.37362745
-0.7010165
-0.04623839
-1.3515428
-0.91785866
-1.1347008
0.17060372
-1.0241537
0.06430857
-1.1347008
-1.2409959
-1.1347008
-1.895774
-1.0241537
-0.04623839
-1.3515428
-1.1347008
-0.91785866
-0.15678534
-1.7894788
-0.15253355
-1.0241537
-1.678932
-1.4620898
-0.6967647
-1.0241537
-1.3515428
-1.1347008
-0.2673323
-0.4841744
0.06005676
0.3874458
-0.2673323
-0.050490197
-0.37362745
0.6042879
-0.04623839
-0.91785866
-0.37362745
0.49799278
-1.678932
-0.91785866
-0.59046954
-0.47992262
-0.7010165
-0.47992262
-1.895774
-0.80731165
-2.112616
-1.1304489
-1.67468
-2.0020692
-0.9136068
-0.37362745
-1.678932
-0.6967647
-1.2452477
-1.3515428
-0.04623839
-0.7010165
-0.7010165
-0.37362745
0.06005676
-0.4841744
-0.2673323
-0.5947214
-0.37362745
-0.7010165
-0.59046954
-0.59046954
-0.59046954
-0.80731165
-0.91785866
-2.112616
-0.9136068
-1.895774
-1.3515428
-1.3515428
-1.4620898
-1.3515428
-0.04623839
-1.678932
-1.3515428
0.06005676
-0.7010165
0.39169762
-0.7010165
-1.2452477
0.3874458
-0.15678534
-0.050490197
-0.7052683
-0.2673323
-0.4841744
0.6042879
-0.91785866
0.17060372
-0.37362745
-0.4841744
-0.2673323
0.27689886
0.3874458
0.16635191
-0.37362745
-0.4841744
0.17060372
-1.0284055
0.27689886
0.06005676
-0.7010165
-0.4841744
-0.91785866
-0.2673323
1.1485192
0.82113004
-0.4841744
0.7105831
-0.050490197
-0.37787926
0.49374095
0.6042879
0.06005676
0.16635191
-0.16103715
0.27689886
0.92742515
-0.37787926
0.49374095
0.82113004
0.06005676
0.27689886
0.92742515
-0.050490197
0.92742515
0.055804953
0.38319403
0.7105831
0.49374095
0.49374095
1.3653612
-0.050490197
-0.050490197
0.92742515
0.7105831
1.0379721
0.27689886
-0.050490197
-0.050490197
0.6042879
0.16635191
0.60003614
0.27264705
1.4716563
0.92742515
-0.4884262
1.2548143
0.055804953
-0.37787926
-0.2673323
-0.050490197
0.92742515
0.38319403
0.49374095
-0.16103715
-0.050490197
0.9316769
-0.4841744
0.27689886
0.27689886
-0.050490197
0.27689886
0.16635191
-0.050490197
0.7105831
0.27689886
-0.37787926
0.7105831
0.49374095
0.60003614
0.60003614
0.82113004
0.60003614
1.1442673
0.7105831
0.16635191
0.60003614
0.16635191
-0.5947214
0.27689886
0.6042879
-0.5947214
0.06005676
0.82113004
0.17060372
0.16635191
0.49374095
-0.2673323
-0.2673323
-0.5947214
0.27689886
0.27689886
-0.4841744
-0.050490197
0.49374095
0.16635191
0.055804953
0.27264705
0.38319403
0.7105831
-0.050490197
0.6042879
1.0379721
-0.16103715
-0.5947214
-0.050490197
-0.16103715
-0.37787926
0.49374095
0.06005676
-0.050490197
0.16635191
-0.5947214
-0.4841744
-0.8115635
0.17060372
-0.37787926
-0.91785866
-0.37362745
-0.16103715
-0.8115635
0.49374095
-0.37787926
-0.2673323
0.16635191
-0.4841744
0.7105831
-0.050490197
-0.37787926
0.7105831
-0.9221104
0.27689886
1.0379721
-0.050490197
0.06005676
0.49374095
-1.0284055
-0.5947214
-0.37787926
-0.4841744
0.27689886
-0.37362745
-0.91785866
-0.04623839
-0.04623839
0.27689886
-0.4841744
-0.8115635
-1.3557947
-0.2673323
-0.4841744
-0.2673323
-0.37787926
0.16635191
-0.4841744
0.27689886
0.06005676
0.16635191
1.0379721
0.055804953
0.27264705
-0.16103715
1.1485192
0.16635191
-0.5947214
0.82113004
0.27264705
-0.2673323
0.7105831
-0.8115635
-0.050490197
1.0379721
0.3874458
-0.15678534
-0.4841744
-0.91785866
-1.1347008
-0.15678534
-1.0284055
-1.5726367
0.3874458
-0.050490197
-0.37362745
0.3874458
-0.4841744
-0.37787926
1.1485192
0.7105831
-0.050490197
1.2548143
0.7105831
-0.2673323
-0.16103715
-0.7010165
-0.4841744
0.17060372
-0.7010165
-1.4620898
-0.15678534
-1.1347008
0.17060372
-1.5726367
-0.7010165
-0.80731165
-0.80731165
-0.59046954
-1.1347008
0.06005676
-0.7010165
-0.80731165
-1.4620898
-0.80731165
-1.2452477
-1.2452477
-0.04623839
-0.91785866
-1.4620898
-0.37362745
-1.1347008
0.71483487
-0.7010165
-1.3557947
-1.5726367
-0.91785866
-0.80731165
-1.2409959
-0.80731165
-2.2189112
-0.6967647
-1.568385
-1.2409959
-1.0241537
-1.568385
-1.4578379
-0.59046954
-1.895774
-1.4578379
-1.1304489
-2.112616
-1.7852271
-2.0020692
-0.9136068
-1.895774
-0.80731165
-1.7852271
-2.6568472
-0.47992262
-2.5463004
-1.67468
-1.7852271
-1.7852271
-2.0020692
-1.4578379
-2.6525953
-2.0020692
-0.9136068
-2.4357533
-2.4357533
-2.5463004
-1.67468
-2.3294582
-2.9799845
-1.347291
-1.67468
-2.7631423
-2.2189112
-1.2409959
-1.568385
-0.47992262
-1.568385
-1.895774
-0.58621776
-1.3515428
-1.1304489
-1.1347008
-1.4578379
-0.59046954
-1.3515428
-1.895774
-1.678932
-1.895774
-1.7852271
-1.568385
-2.5463004
-1.891522
-1.7852271
-2.4357533
-2.7631423
-1.4578379
-3.5242157
-1.7809752
-2.4357533
-2.8694377
-2.3252065
-1.0199019
-2.2189112
-2.9799845
-2.1083643
-2.6525953
-2.0020692
-1.7852271
-2.4357533
-1.67468
-2.0020692
-2.5463004
-2.0020692
-1.0241537
-3.4179204
-1.67468
-2.6525953
-3.4179204
-2.3252065
-2.3252065
-3.1968267
-2.7588906
-3.4136686
-3.8473527
-3.9578998
-2.7588906
-3.192575
-3.9578998
-2.5420485
-4.064195
-3.192575
-3.0862796
-4.064195
-3.4136686
-2.3252065
-2.3252065
-3.3073738
-2.5463004
-2.5463004
-2.3294582
-2.9799845
-2.3294582
-2.5463004
-2.7631423
-2.6525953
-2.6525953
-2.8694377
-2.7631423
-2.4357533
-2.6525953
-4.068447
-2.9799845
-3.1968267
-2.9799845
-2.9799845
-3.1968267
-3.7410579
-2.9799845
-1.891522
-2.7631423
-2.9799845
-2.2189112
-2.5463004
-2.112616
-3.0905313
-1.7852271
-2.0020692
-2.5463004
-2.5463004
-2.2189112
-2.9799845
-1.4578379
-1.4578379
-2.3294582
-1.568385
-1.568385
-2.223163
-1.678932
-1.7852271
-1.895774
-1.895774
-1.0241537
-1.4578379
-1.891522
-1.7852271
-2.4357533
-2.5463004
-1.891522
-3.0905313
-1.568385
-1.67468
-2.0020692
-2.5463004
-1.4578379
-2.0020692
-1.895774
0.06430857
-2.006321
-1.5726367
-1.7894788
-0.80731165
-1.2452477
-1.0284055
-1.1347008
-1.7894788
-1.2452477
-1.1347008
-1.678932
-0.80731165
-1.3515428
-1.0241537
-1.568385
-2.0020692
-2.0020692
-2.112616
-2.0020692
-2.3294582
-0.80731165
-0.59046954
-1.2452477
-0.80731165
-1.7894788
-1.2452477
-1.0284055
-0.4841744
-0.59046954
-0.4841744
-1.0284055
-1.1389525
0.9316769
-1.1389525
-0.8115635
-0.37787926
-1.1389525
0.49374095
-1.0284055
-0.9221104
-0.91785866
-2.006321
-1.568385
-1.4620898
-1.3515428
-0.59046954
-0.8115635
-1.1389525
-0.050490197
-0.37787926
-0.37787926
-0.4841744
-1.1389525
-1.2452477
-1.0284055
-0.15678534
0.7105831
-0.16103715
-0.27158412
0.27264705
0.4894892
1.0337203
-0.27158412
0.38319403
0.16635191
0.055804953
-0.16103715
0.7105831
-0.16103715
-0.16103715
0.27264705
0.4894892
0.055804953
-0.27158412
0.81687826
0.27264705
-0.7052683
-0.050490197
-1.3557947
-0.16103715
-0.5947214
-0.050490197
-0.16103715
0.7105831
-0.4884262
0.60003614
0.27264705
0.4894892
-0.27158412
0.38319403
0.60003614
0.055804953
0.81687826
0.81687826
0.4894892
0.37894222
1.0337203
1.0337203
1.3611094
-0.16103715
0.70633125
0.055804953
0.055804953
-0.27158412
0.60003614
-0.4884262
-0.054742
0.7105831
0.81687826
0.60003614
0.81687826
0.37894222
0.05155315
1.5779516
0.1621001
0.4894892
1.0337203
0.5957843
0.9231734
2.117931
2.0073838
2.7684572
3.5295303
1.7862899
1.3526058
2.224226
2.5516152
2.0073838
2.0073838
1.3568575
1.5736997
2.228478
1.0294685
0.70633125
1.4674045
1.5736997
1.9010887
1.4674045
1.0294685
1.7905419
2.228478
1.3568575
1.9010887
1.5736997
1.7905419
1.2463106
2.989551
2.4410682
2.330521
3.0958462
2.4410682
2.4410682
2.5516152
2.330521
2.4410682
1.4631528
1.896837
3.312688
2.224226
1.2463106
2.5516152
2.3347728
1.7905419
2.3347728
1.3568575
1.5736997
0.5957843
0.9231734
2.0116355
1.6842467
0.7020795
2.7684572
3.312688
1.6799948
1.896837
2.65791
1.896837
2.4410682
2.1136792
2.0073838
2.1136792
1.896837
2.224226
2.1136792
1.5694479
2.330521
2.3347728
1.6799948
2.0073838
1.7905419
2.5516152
2.0073838
1.896837
1.5736997
1.6799948
1.4631528
2.7684572
2.3347728
2.1136792
2.224226
2.5516152
2.4410682
2.224226
2.4410682
2.65791
2.224226
2.4410682
3.2021413
2.9852993
2.8747523
2.7642052
2.4410682
2.7684572
2.330521
1.896837
2.330521
3.0915945
2.7642052
2.5516152
2.0073838
2.3347728
2.879004
1.5736997
2.224226
1.7905419
1.1357636
1.1357636
2.9852993
3.2021413
2.65791
2.1136792
2.65791
2.224226
2.330521
3.2021413
2.7642052
2.8747523
2.003132
3.4189837
2.224226
1.7862899
2.9852993
3.2021413
3.0915945
2.224226
1.3526058
2.224226
1.2463106
1.896837
2.0073838
1.6799948
1.6799948
1.2463106
1.5736997
1.6799948
1.5736997
1.1400155
1.2463106
1.4674045
1.9010887
0.9189216
3.5295303
2.65791
1.6799948
3.2021413
1.8925852
2.330521
2.9810476
3.2021413
1.896837
2.224226
2.117931
1.0294685
1.6799948
1.6799948
0.7020795
1.7905419
1.0294685
1.1400155
1.5736997
1.7905419
0.8126264
2.117931
1.5736997
-0.054742
1.2505624
0.5957843
0.8126264
2.3347728
1.4631528
1.0294685
1.4631528
1.0294685
1.2463106
1.4631528
0.37894222
0.7020795
0.7020795
1.5736997
1.4631528
1.2463106
2.0073838
0.7020795
0.9189216
1.6842467
1.1400155
1.7905419
1.1400155
0.9231734
0.4894892
0.5957843
1.0337203
0.48523736
0.5957843
1.0337203
1.0294685
-0.054742
1.0337203
0.8126264
-0.16528895
1.4674045
1.1400155
0.26839525
0.9231734
1.0294685
0.37894222
1.0294685
0.5957843
0.70633125
0.37894222
1.4674045
0.1621001
0.70633125
-0.27158412
-0.38213107
0.27264705
0.1621001
-0.59897316
-0.054742
-0.27158412
-0.49267802
-0.4884262
0.055804953
-1.1432043
0.60003614
-0.054742
0.4894892
0.38319403
0.4894892
-1.0326574
-0.16103715
-0.27158412
0.1621001
-0.054742
-0.16103715
-0.16528895
-0.9263622
-0.81581527
0.055804953
0.27264705
-0.7052683
-0.27158412
0.055804953
-0.37787926
-1.4663416
-0.8115635
-0.81581527
-1.6831837
-1.5726367
-1.6831837
-1.6831837
-1.5726367
-1.5726367
-2.006321
-2.006321
-2.223163
-1.9000257
-2.116868
-1.3557947
-2.5505521
-2.33371
-1.5726367
-1.7894788
-0.4841744
-1.1389525
-0.81581527
0.055804953
-1.0326574
-1.0326574
-1.5726367
-1.4620898
-2.006321
-2.767394
-2.8736894
-2.767394
-2.6568472
-3.0947833
-2.6568472
-4.1789937
-3.3073738
-4.1747417
-5.1526575
-3.7368062
-3.0905313
-3.0905313
-1.568385
-2.116868
-0.8115635
-1.2494994
-1.1389525
-0.9221104
0.4894892
0.27264705
0.37894222
1.1400155
-0.16528895
0.5957843
-0.2758359
-0.59897316
-0.59897316
0.27264705
-0.81581527
-0.81581527
-0.37787926
-1.2494994
-1.4620898
-1.9000257
-1.6831837
-0.37787926
-1.0326574
-0.81581527
-0.4884262
0.1621001
0.05155315
0.5957843
0.70633125
1.0294685
0.48523736
0.48523736
0.48523736
0.1578483
0.26839525
1.0294685
0.26839525
-0.16528895
-0.38213107
-0.70952016
-0.054742
-0.81581527
-1.4663416
-0.7052683
-2.006321
-1.3557947
-1.5726367
-1.4663416
-0.7052683
-0.7052683
-0.59897316
0.27264705
0.37894222
1.5736997
1.5694479
1.6799948
0.9189216
1.7905419
0.9189216
1.896837
2.003132
1.3526058
1.6799948
1.6799948
0.1578483
0.8126264
1.1400155
-0.16528895
0.1621001
0.1621001
-0.16528895
-0.38213107
0.37894222
0.05155315
0.1578483
0.8126264
0.26839525
1.0294685
1.5736997
1.7862899
0.59153247
2.330521
1.896837
1.6799948
2.7642052
2.4368165
2.7642052
3.414732
2.330521
2.5473633
1.8925852
2.330521
1.0252168
2.003132
2.65791
2.330521
2.8747523
2.003132
2.4410682
2.7642052
2.330521
0.91466975
1.1357636
2.003132
1.0252168
2.8747523
2.1136792
2.003132
2.330521
1.5694479
2.8747523
1.4589009
2.5473633
2.5473633
2.5473633
2.4368165
2.5473633
2.7642052
3.7421207
2.7642052
2.5431116
3.848416
2.5431116
3.7421207
3.5252786
2.2199743
2.6536584
2.9810476
2.8705006
2.5431116
3.5210268
3.3041847
3.5210268
3.5210268
2.1094272
2.8705006
3.0873425
2.9810476
2.3262694
2.5431116
2.3262694
2.8705006
1.565196
3.1978896
2.1094272
2.8705006
2.1094272
3.414732
3.631574
2.9767957
3.5210268
2.9767957
2.9767957
3.5210268
2.4368165
2.330521
2.003132
2.5473633
2.7642052
2.1094272
3.414732
2.5473633
1.8925852
1.3526058
1.5694479
1.896837
1.4589009
2.7642052
2.7642052
3.7421207
3.1936376
3.0873425
2.5431116
2.6536584
3.9589627
4.1758046
3.4104798
4.2821
4.2821
3.5210268
4.605237
4.171553
3.844164
5.0431733
4.4989424
4.3883953
5.4768577
4.4989424
3.737869
4.6094894
3.737869
4.4989424
4.171553
4.0610065
4.9326262
4.715784
3.4104798
3.5210268
3.4104798
3.1936376
3.5210268
3.9589627
4.065258
4.3883953
4.2778482
4.171553
3.844164
3.737869
3.0873425
3.631574
3.5210268
3.737869
4.4989424
4.4989424
3.848416
3.1936376
3.1978896
2.7642052
1.896837
2.330521
1.896837
2.5473633
2.5473633
1.896837
0.5957843
0.3746904
-0.9263622
-0.70952016
-0.27158412
-0.59897316
-0.7052683
-0.054742
-0.81581527
-0.4884262
-1.7937305
-1.2494994
-2.116868
-1.4663416
-1.4663416
-1.7894788
-0.4884262
-1.2494994
-1.7894788
-2.33371
-2.6568472
-3.2010784
-3.2010784
-3.1968267
-2.9799845
-4.068447
-3.851605
-3.9578998
-4.1789937
-3.5242157
-5.0463624
-4.502131
-3.7410579
-4.1747417
-4.068447
-3.3073738
-3.1968267
-4.068447
-3.851605
-4.285289
-3.303122
-4.718973
-4.285289
-3.9578998
-3.6347628
-3.1968267
-3.4136686
-4.718973
-3.9578998
-4.608426
-4.8252683
-4.718973
-4.391584
-4.1747417
-4.502131
-4.064195
-4.718973
-4.9358153
-4.285289
-3.9578998
-3.9578998
-3.7410579
-3.3073738
-4.068447
-2.9799845
-4.068447
-3.8473527
-3.9578998
-5.1526575
-3.7410579
-3.3073738
-3.0862796
-4.285289
-4.1747417
-4.9358153
-4.608426
-3.851605
-2.8694377
-3.3073738
-3.5242157
-3.4136686
-3.6305108
-4.9358153
-4.1747417
-3.851605
-3.5242157
-3.3073738
-3.6347628
-2.9799845
-3.5242157
-3.7410579
-3.303122
-3.8473527
-4.608426
-5.1526575
-4.4978795
-5.2589526
-4.8252683
-3.851605
-2.8694377
-3.8473527
-4.285289
-4.1747417
-3.7368062
-4.1747417
-4.1747417
-3.9578998
-3.6305108
-4.1747417
-4.82952
-3.303122
-3.4136686
-4.2810373
-3.7368062
-4.9358153
-5.2589526
-5.2589526
-5.6968884
-5.3652477
-6.2326164
-6.776847
-5.688385
-5.9094787
-5.692637
-5.692637
-6.0200257
-6.130573
-5.7989316
-7.3210783
-5.688385
-6.015774
-5.688385
-6.343163
-6.45371
-6.7810993
-6.343163
-6.236868
-5.905227
-7.210531
-6.883142
-6.662049
-6.883142
-7.4273734
-8.511584
-8.511584
-7.6442156
-7.750511
-7.6442156
-8.188447
-7.4273734
-7.099984
-7.316827
-8.188447
-7.099984
-7.316827
-6.555753
-6.228364
-7.533669
-7.8610573
-6.883142
-8.0779
-7.8610573
-7.750511
-8.0779
-6.8788905
-8.1841955
-8.945269
-7.8610573
-7.316827
-7.099984
-7.316827
-7.7547626
-6.555753
-6.6663
-6.338911
-5.79468
-6.126321
-4.714721
-5.5863414
-3.9578998
-3.9578998
-3.851605
-3.4136686
-3.1968267
-3.4136686
-3.7410579
-4.068447
-3.9578998
-4.285289
-2.8694377
-3.3073738
-3.7453096
-2.3294582
-2.7631423
-4.1789937
-2.8736894
-2.006321
-2.9842362
-2.223163
-1.5726367
-2.9884882
-0.16103715
0.055804953
-0.054742
0.26839525
0.5957843
-0.054742
-0.2758359
1.1400155
0.70633125
1.6842467
2.5516152
2.8747523
2.330521
2.5473633
2.5473633
4.06951
2.1094272
2.4368165
2.9810476
2.7642052
3.2021413
2.330521
1.7862899
2.5473633
3.7421207
4.06951
3.848416
3.848416
4.1758046
3.737869
4.6094894
3.9589627
3.848416
4.6094894
3.9589627
3.848416
4.2821
4.2821
4.0610065
6.1273837
5.2557635
5.4726057
6.671615
5.6937
4.3883953
4.4989424
4.4989424
4.2821
4.3883953
4.8220797
6.1273837
5.799995
4.2778482
5.038922
4.4946904
4.3883953
3.954711
4.4989424
4.065258
3.954711
3.631574
4.2821
2.9767957
4.065258
3.848416
4.3926473
2.7599535
3.414732
3.631574
3.5210268
3.5210268
2.7599535
2.6494067
2.6536584
2.8705006
3.631574
3.3041847
3.9589627
3.5210268
3.848416
3.414732
4.6094894
3.5210268
3.1936376
3.848416
3.1936376
4.2821
3.9589627
3.0873425
3.5210268
3.631574
2.7599535
3.1978896
2.8705006
2.4368165
2.8705006
2.1094272
2.6536584
2.6536584
2.9810476
2.8705006
3.0873425
3.414732
3.3041847
3.631574
2.8705006
3.0873425
3.5252786
3.5210268
3.1978896
3.631574
4.3926473
3.737869
3.737869
3.848416
3.5210268
4.3926473
3.848416
3.5210268
3.9632149
3.5252786
2.5431116
2.7642052
3.414732
3.1978896
3.737869
4.1758046
3.5210268
2.9767957
3.1978896
3.3041847
3.0873425
3.631574
3.414732
3.414732
2.9767957
3.414732
3.414732
3.848416
3.3041847
3.9589627
3.414732
2.2199743
2.4368165
2.8705006
2.7642052
3.631574
4.065258
2.8705006
2.6536584
3.5252786
2.330521
1.3526058
2.330521
1.3526058
1.4631528
1.2463106
0.7020795
0.26839525
0.8126264
-0.81581527
-1.3600464
-0.8115635
-2.116868
-1.9000257
-0.5947214
-1.6831837
-1.3557947
-1.3557947
-0.8115635
-1.1389525
-0.7052683
-0.37787926
-0.8115635
-0.8115635
-1.9000257
-1.4620898
-1.2452477
-1.6831837
-1.1389525
-0.2673323
-1.2494994
-1.6831837
-1.4663416
-1.7937305
-1.6831837
-1.7937305
-1.5726367
-2.5505521
-2.8779414
-2.33371
-2.9842362
-3.2053301
-1.9000257
-1.3600464
-0.59897316
-1.0369092
-0.38213107
-2.0148246
-1.3557947
-1.5768886
-1.4705935
-0.058993805
0.69782764
1.2420589
0.58728075
0.47673374
1.4546491
2.9767957
2.3220174
2.7599535
1.3526058
-1.1474562
-0.59897316
-0.16528895
0.3746904
1.4589009
3.1978896
2.1094272
2.1094272
1.5694479
1.4631528
0.7020795
0.1621001
0.26839525
-0.054742
-0.054742
0.1621001
1.7905419
1.2463106
2.117931
1.3568575
1.0337203
-0.054742
1.0337203
1.4674045
0.05155315
0.9231734
0.055804953
-0.81581527
-1.1389525
-2.006321
-1.3557947
-0.7010165
-0.7010165
-2.112616
-2.7631423
-2.7631423
-3.1968267
-3.0905313
-2.223163
-2.006321
-1.5726367
-2.006321
-1.7894788
-1.4620898
-1.0284055
-1.2452477
-1.0284055
-0.8115635
-1.1389525
0.16635191
-0.4884262
-0.38213107
-0.4884262
-0.38213107
-0.16528895
0.05155315
0.1621001
-0.054742
-0.9263622
-0.27158412
-0.4884262
-0.27158412
-1.3600464
-0.9221104
-0.38213107
-1.3600464
-0.38213107
-1.3600464
-1.5768886
-2.33371
-1.7894788
-1.4663416
-1.9000257
-1.3557947
-2.2274148
-2.2274148
-1.2494994
-1.2494994
-0.16103715
-0.59897316
-0.9263622
-0.9263622
0.1621001
-0.9263622
0.4894892
0.27264705
-0.9263622
-0.4884262
-1.1389525
-1.3557947
-0.9221104
-1.1389525
-1.9000257
-1.2494994
-0.9221104
-0.59897316
0.70633125
0.1621001
-0.81581527
0.27264705
-0.054742
-0.4884262
-0.054742
-0.38213107
-0.70952016
0.37894222
-0.38213107
-0.27158412
-0.81581527
-1.4705935
-0.5947214
-1.0284055
-0.4884262
-0.9221104
-0.4884262
0.27264705
-0.27158412
-0.4884262
-0.81581527
-0.49267802
-0.59897316
-1.0326574
-0.59897316
-0.4884262
-1.1389525
-1.1389525
-1.6831837
-1.7894788
-2.223163
-1.3557947
-0.9221104
-2.010573
-1.7937305
-1.4663416
-1.0284055
-1.9000257
-1.4663416
-1.2452477
-2.116868
-1.9000257
-1.9000257
-1.9000257
-1.6831837
-1.2494994
0.055804953
-0.054742
-0.38213107
-0.2758359
0.1578483
0.48523736
2.65791
2.5473633
2.330521
2.4368165
2.5473633
3.3084364
3.414732
3.3041847
3.9589627
3.848416
3.631574
4.3926473
3.631574
3.848416
3.848416
3.5210268
4.4989424
4.605237
6.561068
6.450521
6.7736583
6.556816
7.317889
6.77791
5.799995
6.3442264
5.3663106
5.1452165
6.8842053
6.123132
5.578901
4.605237
4.065258
2.4368165
2.8747523
1.5694479
0.05155315
0.27264705
-0.16103715
-1.9000257
-2.9842362
-3.2010784
-3.4179204
-2.767394
-1.6831837
-1.6831837
-2.771646
-3.6390145
-4.068447
-4.7232246
-4.7232246
-2.767394
-1.2494994
-1.9085294
-1.0369092
-1.4748453
-2.0148246
-2.6696026
-1.7937305
-3.0947833
-3.6347628
-5.8074355
-6.236868
-6.0200257
-5.6968884
-3.6347628
-3.7453096
-3.3073738
-5.484298
-4.395836
-3.7410579
-3.851605
-2.8736894
-3.3073738
-2.7631423
-3.6347628
-2.223163
-1.9000257
-1.3557947
-0.4884262
-1.2452477
-1.0284055
-0.7052683
-1.1389525
-1.0326574
0.06005676
-1.7894788
-2.6568472
-2.112616
-2.4357533
-2.8736894
-1.3515428
-0.5947214
-0.8115635
-0.91785866
-2.112616
-3.0905313
-2.6568472
-2.006321
0.38319403
-0.054742
0.81687826
-0.38213107
-1.1432043
0.7105831
-1.1389525
-1.1347008
-1.895774
-1.7852271
-2.112616
-2.4400053
-2.223163
-2.4357533
-3.6305108
-3.851605
-4.4978795
-4.2810373
-3.303122
-3.7410579
-3.0905313
-2.9842362
-2.6568472
-2.8736894
-3.2010784
-2.3252065
-2.6525953
-3.3073738
-3.6347628
-3.3073738
-3.5242157
-3.851605
-3.3073738
-4.612678
-5.4800463
-4.391584
-5.369499
-5.1526575
-4.718973
-5.0421104
-4.8252683
-5.692637
-5.9094787
-6.236868
-5.475795
-5.5863414
-4.608426
-3.8473527
-4.608426
-4.82952
-4.608426
-5.5863414
-5.3652477
-5.2589526
-3.953648
-3.8473527
-3.6305108
-3.851605
-3.5242157
-4.612678
-4.1789937
-3.9578998
-4.285289
-3.7410579
-2.9799845
-3.0905313
-2.4357533
-2.7631423
-3.851605
-3.6347628
-3.5242157
-2.5463004
-3.0905313
-3.4179204
-2.3294582
-2.3294582
-2.5463004
-2.4400053
-2.223163
-2.9842362
-2.006321
-2.006321
-1.7894788
-1.6831837
-1.6831837
-1.2452477
-1.4620898
-1.4620898
-1.4620898
-1.7894788
-1.2494994
-0.4884262
0.27264705
-1.5726367
-1.5726367
-2.767394
-3.1968267
-3.4136686
-3.3073738
-2.7631423
-2.9799845
-3.3073738
-3.4179204
-2.7631423
-2.4357533
-2.4357533
-2.2189112
-2.7631423
-3.5242157
-3.4179204
-2.7631423
-2.9799845
-2.7631423
-2.9799845
-2.0020692
-3.3073738
-4.1789937
-3.1968267
-3.4136686
-4.502131
-4.285289
-3.1968267
-3.6305108
-3.5242157
-2.9799845
-3.7410579
-4.612678
-3.3073738
-4.064195
-4.608426
-4.8252683
-4.3873324
-4.714721
-4.9315634
-3.519964
-3.6305108
-4.068447
-3.0905313
-2.5463004
-4.1747417
-5.2589526
-6.993689
-7.210531
-6.015774
-3.9578998
-1.2452477
0.055804953
0.26839525
0.81687826
-0.4884262
-1.6831837
-1.4663416
0.27264705
0.9231734
1.6799948
2.9852993
1.3526058
1.3526058
0.48098555
1.0252168
0.26414344
-0.930614
0.3746904
0.05155315
-0.59897316
-0.27158412
-0.058993805
0.7020795
2.7642052
3.5210268
2.4283128
3.1936376
2.6494067
2.9767957
2.9767957
2.9767957
2.9767957
3.631574
3.3041847
4.2821
4.4946904
5.2557635
4.4946904
3.189386
4.2821
3.7336173
3.1936376
3.414732
3.3041847
2.4325645
3.414732
4.2821
4.605237
5.689448
5.689448
5.1494684
3.631574
3.848416
3.737869
3.737869
5.3663106
6.2336793
5.4726057
4.4946904
4.8220797
5.1494684
3.737869
3.954711
4.6094894
5.2600155
5.583153
5.038922
5.4768577
5.2600155
5.3663106
5.3663106
5.1452165
5.689448
5.90629
5.3620586
5.9105415
4.171553
3.737869
2.7599535
3.6273217
4.7115326
5.689448
5.795743
5.689448
4.490439
5.90629
6.556816
5.902038
7.207342
7.8621206
8.4021
7.5304804
8.2915535
7.853617
8.397848
8.397848
8.181006
9.269468
7.9684157
7.6410265
7.9641643
6.986249
8.2915535
8.94208
8.074712
7.096796
8.2915535
7.6410265
7.857869
8.181006
7.9641643
8.2915535
8.508395
9.158921
8.937827
10.353679
10.676816
10.783112
10.0220375
10.676816
9.588354
10.570521
9.698901
9.486311
9.482059
9.477807
10.676816
10.23888
10.783112
9.584103
9.039871
10.349427
10.23888
11.327342
11.761026
11.544185
11.1105
12.088415
11.327342
11.977869
11.216796
11.544185
12.407301
13.495763
12.513597
12.840985
11.429386
10.995702
11.216796
12.305258
11.216796
11.216796
11.65048
11.977869
11.539933
12.194712
11.756775
12.624144
13.062079
12.734691
12.301006
12.411553
12.845238
12.517848
12.955785
12.517848
12.845238
13.823153
13.818902
14.363132
13.925196
13.602058
13.274671
12.734691
13.057828
13.712605
14.039994
12.513597
13.385218
13.385218
12.947281
13.602058
12.624144
12.624144
12.951532
12.624144
13.062079
12.951532
13.385218
14.68627
14.796817
15.009407
14.792564
15.447342
16.208416
15.009407
15.009407
16.31046
16.089365
17.177828
17.39467
17.828354
18.699974
18.368332
19.346249
19.239954
18.589426
18.151491
18.045197
18.810522
19.137909
18.589426
16.199913
15.226248
12.943029
11.314588
11.65048
12.190459
13.380964
13.168375
12.084165
10.345176
8.499891
9.265217
9.482059
10.676816
10.459974
10.893659
9.800944
8.818777
9.907239
11.429386
11.539933
10.455723
9.375764
8.614691
9.371511
9.911491
10.668313
11.101996
10.45147
9.690397
11.433638
10.783112
11.756775
12.079912
11.318839
10.77886
10.995702
9.57985
11.106249
12.951532
12.730438
13.278922
11.761026
10.455723
9.584103
10.128334
10.6725645
11.539933
11.646228
11.756775
12.624144
12.840985
12.840985
14.14629
13.814649
14.903111
15.447342
14.907364
13.1726265
12.628395
12.301006
11.65048
10.77886
11.977869
11.871573
10.234629
10.999953
10.0220375
9.69465
8.8315325
8.835785
8.614691
9.592606
8.937827
10.459974
10.787363
10.999953
10.6725645
10.017787
10.017787
10.345176
11.433638
12.198963
10.999953
11.327342
11.1105
10.455723
10.455723
10.017787
11.646228
11.2125435
11.867322
10.455723
10.0220375
9.911491
10.566269
10.676816
10.889407
10.566269
11.871573
11.761026
11.323091
10.77886
12.084165
11.2125435
11.327342
10.23888
10.783112
10.455723
10.459974
10.566269
10.02629
8.720985
8.614691
7.419933
7.5304804
7.6410265
8.181006
7.857869
7.636775
8.508395
8.725238
7.415681
8.181006
8.725238
9.919995
10.570521
9.809448
9.698901
8.937827
8.181006
8.070459
7.9641643
7.419933
8.725238
8.181006
7.9641643
7.636775
6.986249
7.7515736
8.614691
8.181006
8.94208
9.375764
8.614691
8.508395
8.614691
8.725238
8.2915535
7.747322
8.614691
8.725238
8.397848
7.309386
7.096796
8.2915535
7.747322
8.4021
8.185258
7.313638
7.6410265
8.185258
6.986249
7.857869
8.074712
7.636775
6.875702
7.7515736
7.207342
6.012585
6.012585
6.450521
5.2557635
6.561068
5.90629
5.3620586
6.016837
4.6009855
5.2557635
6.016837
5.4726057
4.8220797
5.583153
5.038922
5.3663106
4.4946904
5.583153
5.689448
5.578901
6.8842053
6.2294273
6.556816
7.1010475
6.556816
6.012585
6.4462695
7.2115946
6.2294273
6.012585
5.2557635
5.1452165
4.7115326
5.038922
4.4989424
3.0830908
3.4104798
3.1936376
3.1936376
4.2821
2.9767957
3.848416
3.1936376
3.954711
4.715784
4.171553
4.171553
4.0610065
5.799995
4.928375
4.7115326
4.8220797
5.4768577
5.038922
4.715784
4.605237
4.605237
4.065258
2.9767957
2.6536584
1.8925852
1.7862899
1.5694479
0.9189216
0.9189216
1.0294685
0.1621001
0.5957843
0.8126264
0.9189216
1.6799948
0.59153247
2.330521
1.896837
1.5694479
2.330521
2.330521
1.5736997
0.9189216
1.3526058
1.1357636
1.7862899
2.003132
2.5473633
2.6536584
1.5694479
2.003132
1.896837
1.4631528
0.7020795
0.8126264
0.26839525
0.37894222
0.5957843
0.26839525
-0.2758359
0.1621001
0.26839525
1.7905419
-0.058993805
0.8126264
0.8126264
-0.59897316
-0.70952016
-0.054742
-0.7052683
-1.5726367
-2.006321
-2.33371
-3.3116255
-2.3294582
-2.9842362
-2.3294582
-2.5505521
-1.9000257
-0.37787926
0.38319403
-0.27158412
-0.59897316
0.5957843
0.70633125
0.26839525
1.0294685
1.0294685
0.37894222
0.1621001
0.4894892
-0.054742
-0.7052683
-0.4841744
-1.4620898
-2.9842362
-3.5242157
-3.3073738
-3.7410579
-4.4978795
-4.608426
-5.0421104
-5.1484056
-5.369499
-4.718973
-3.6305108
-4.391584
-4.1747417
-4.068447
-3.4179204
-2.3294582
-2.8736894
-2.116868
-1.895774
-2.8736894
-3.7410579
-3.4136686
-3.8473527
-4.502131
-2.9757328
-3.303122
-2.8694377
-2.4357533
-3.7410579
-4.2810373
-6.45371
-6.126321
-6.449458
-6.343163
-4.3873324
-3.6305108
-3.5242157
-2.8736894
-1.895774
-2.33371
-2.4400053
-3.2010784
-2.5505521
-0.80731165
0.27689886
0.055804953
0.38319403
-0.054742
-1.2537513
-0.38213107
-0.38213107
0.055804953
0.1621001
-1.1432043
-1.678932
-2.8736894
-2.9842362
-1.5726367
-1.3557947
0.27264705
0.8126264
1.4631528
1.4631528
1.6799948
1.0252168
0.7020795
1.2463106
1.2505624
-0.16528895
-0.38213107
-0.054742
1.2463106
2.224226
2.5473633
2.330521
2.5473633
1.4589009
2.0073838
1.4631528
0.48523736
0.9231734
1.0294685
1.2463106
1.7905419
3.5295303
3.2021413
3.7463725
2.7642052
1.7862899
1.6799948
1.2463106
0.7020795
1.0294685
1.6799948
1.5736997
2.5516152
1.7905419
3.2021413
2.330521
2.9852993
3.4189837
3.2021413
2.330521
2.5473633
2.7642052
3.0915945
3.7421207
3.414732
4.1758046
4.6094894
4.4989424
4.9326262
5.2600155
4.4989424
4.065258
4.065258
4.4989424
5.0431733
4.4989424
4.8220797
4.715784
5.3663106
5.3620586
6.561068
6.77791
5.2557635
5.583153
5.0431733
4.2821
4.065258
4.605237
4.9326262
5.9105415
6.450521
6.667363
6.8842053
6.667363
6.556816
7.1010475
8.078962
7.5347314
7.2115946
7.9684157
6.9905005
7.4241843
8.4021
8.618942
9.163173
9.269468
9.703153
10.136837
8.835785
9.380016
7.857869
7.5304804
7.313638
8.295805
8.618942
8.618942
8.4021
8.2915535
9.052627
9.269468
9.375764
9.269468
10.136837
9.486311
9.375764
11.004206
11.331594
11.765279
11.654732
11.654732
11.654732
11.654732
12.088415
11.654732
12.849489
13.610563
12.743194
12.738942
12.415805
11.9821205
12.30951
11.221047
10.23888
10.349427
10.136837
10.136837
10.681068
9.703153
10.570521
11.654732
12.30951
12.5220995
12.5220995
13.500016
13.9337
13.823153
14.261088
13.716857
13.389469
13.39372
13.716857
14.477931
14.256837
14.039994
13.9337
13.500016
13.500016
14.371635
15.128457
14.801068
13.385218
13.9337
13.60631
14.039994
14.256837
14.473679
14.690521
13.602058
13.1726265
12.955785
13.278922
14.473679
14.796817
15.995825
16.42951
15.557889
15.230501
15.774733
15.881026
17.509468
18.814772
17.72631
17.620016
18.270542
19.244205
20.226372
19.461048
19.894732
19.567343
19.571594
19.354752
19.354752
19.68214
18.593678
17.403173
15.230501
12.517848
11.977869
10.783112
11.327342
11.654732
12.738942
13.066331
12.526352
12.198963
11.221047
11.654732
11.9821205
13.066331
12.955785
13.716857
13.712605
13.385218
13.168375
13.495763
12.628395
12.849489
12.088415
12.194712
12.738942
12.738942
12.738942
12.632647
11.765279
11.654732
12.092668
11.875826
11.221047
10.136837
9.052627
9.158921
10.030542
11.658983
11.871573
11.871573
12.632647
11.977869
12.305258
12.305258
12.305258
12.738942
12.084165
12.738942
13.500016
11.867322
12.415805
11.437889
9.919995
10.247384
10.030542
10.7916155
11.2253
11.221047
10.353679
10.681068
10.247384
9.265217
9.703153
11.114753
11.331594
10.243132
9.269468
9.703153
10.030542
10.459974
12.30951
11.221047
10.02629
9.919995
10.030542
8.397848
9.707404
9.052627
7.857869
8.074712
8.512647
7.317889
7.5347314
7.9684157
8.4021
8.4021
9.052627
9.269468
8.508395
8.729489
7.9684157
7.7515736
6.9905005
7.8621206
7.207342
8.074712
8.618942
8.185258
8.4021
7.9684157
7.5347314
8.406352
7.7558255
7.2115946
7.2115946
7.1010475
6.7736583
6.339974
6.339974
6.77791
5.799995
6.667363
5.90629
6.77791
7.3221416
7.1052995
7.2115946
6.9947524
6.7736583
7.2115946
7.538984
6.9947524
7.6452785
7.538984
7.2115946
8.623194
7.6410265
8.840036
8.516899
8.189509
7.317889
7.207342
7.096796
7.7515736
8.733741
7.5347314
6.8842053
6.2336793
6.016837
5.689448
5.9105415
5.9105415
6.671615
5.583153
5.90629
6.667363
6.7736583
7.1010475
7.8621206
6.9905005
8.406352
8.189509
7.207342
8.185258
8.4021
7.4241843
8.623194
8.512647
8.185258
8.295805
7.7515736
7.4241843
8.406352
6.7736583
7.2115946
6.016837
7.2158465
6.2336793
6.561068
7.3221416
6.9905005
6.4462695
7.317889
6.8842053
6.7736583
7.6452785
7.317889
6.8842053
7.9726677
6.8842053
7.1010475
7.1010475
7.7515736
7.5347314
8.295805
7.8621206
7.1010475
7.317889
7.1010475
6.667363
7.7558255
7.1010475
6.77791
6.2336793
6.7736583
7.1010475
8.078962
7.4241843
6.663111
7.8621206
7.1010475
5.689448
6.450521
6.450521
6.9947524
8.078962
7.7515736
6.9905005
8.189509
7.8621206
8.078962
7.5347314
6.8842053
6.123132
6.667363
7.4284363
6.7736583
7.1010475
7.4284363
6.8842053
7.6452785
7.1010475
6.9905005
7.5347314
7.5347314
7.8621206
6.7736583
7.8621206
7.7515736
7.207342
8.078962
7.1010475
8.406352
7.5347314
7.7515736
7.8621206
8.074712
7.9684157
8.185258
7.9684157
7.4241843
8.840036
7.9684157
7.5347314
7.7515736
8.512647
7.5347314
7.5304804
8.185258
8.4021
7.4241843
7.5304804
8.835785
8.835785
9.052627
10.1410885
10.030542
8.512647
8.618942
7.8621206
7.6410265
8.185258
7.9684157
8.835785
9.486311
10.030542
10.030542
8.835785
9.375764
8.946331
9.163173
10.89791
11.548436
10.459974
9.915743
10.353679
9.592606
9.269468
9.703153
10.247384
9.8137
9.269468
8.618942
9.052627
8.729489
9.8137
10.464226
8.946331
8.512647
7.317889
7.5347314
7.6452785
8.508395
9.919995
10.247384
10.030542
9.486311
9.490562
8.729489
8.512647
8.295805
8.618942
8.618942
9.703153
10.681068
10.247384
10.030542
8.835785
7.8621206
8.295805
8.406352
8.406352
8.078962
8.4021
7.6410265
8.729489
7.9684157
8.623194
8.733741
8.623194
7.7515736
8.840036
8.185258
8.185258
8.295805
9.163173
8.618942
9.490562
9.707404
8.4021
9.163173
9.596858
8.725238
9.375764
9.052627
8.618942
8.729489
9.27372
8.078962
8.840036
8.623194
8.074712
8.074712
8.946331
8.618942
9.817951
8.618942
9.8137
8.4021
8.623194
8.946331
9.269468
10.251636
9.596858
9.924246
9.269468
9.596858
9.596858
10.030542
9.707404
10.357931
9.924246
9.380016
8.618942
8.512647
8.185258
7.207342
8.406352
8.185258
8.512647
8.623194
8.618942
8.512647
9.163173
9.052627
8.946331
8.618942
9.6011095
9.707404
8.512647
9.163173
9.707404
8.729489
8.2915535
8.512647
8.618942
8.512647
9.707404
9.596858
9.924246
8.512647
9.384267
8.618942
8.729489
9.384267
9.27372
8.295805
9.707404
9.380016
10.030542
9.703153
9.8137
10.030542
10.1410885
9.163173
10.034794
8.185258
8.295805
9.384267
8.946331
8.2915535
8.840036
7.4241843
8.623194
7.6452785
7.1010475
8.300056
7.7558255
8.189509
7.9726677
9.277972
7.7515736
7.9684157
9.490562
8.618942
8.623194
9.928498
8.623194
8.623194
7.9726677
7.7558255
7.317889
8.406352
8.078962
7.9684157
8.512647
8.623194
8.733741
7.5347314
7.538984
7.2158465
6.56532
7.2158465
6.9947524
7.6452785
9.27372
11.012709
11.335847
10.574773
10.68532
8.840036
8.840036
8.512647
8.618942
8.840036
8.950583
10.039045
9.817951
10.034794
10.145341
9.6011095
9.711657
7.9684157
8.295805
7.9726677
7.7558255
7.7558255
8.193762
7.2158465
7.1052995
7.538984
7.317889
8.083215
8.083215
6.2336793
6.3442264
5.6937
6.1316357
5.4768577
5.2600155
6.0210886
6.671615
7.3221416
8.304308
8.300056
9.167425
9.061131
8.733741
7.9726677
7.4326887
8.083215
7.8663726
8.300056
10.149592
8.406352
8.950583
8.516899
8.300056
7.9726677
8.300056
6.9990044
5.804247
6.1316357
5.3705626
5.5874047
7.3263927
6.3442264
6.7821617
6.56532
5.804247
6.237931
6.9990044
6.671615
6.0210886
5.0474253
5.264267
5.5874047
7.113803
6.7821617
6.77791
7.543235
6.9947524
7.6452785
7.8663726
8.627446
7.1052995
6.892709
6.56532
5.804247
6.4590244
5.1537204
5.3748145
5.0474253
4.503194
4.3926473
4.3968987
3.9589627
4.507446
3.8569195
3.312688
1.6842467
2.3390248
0.81687826
1.4716563
2.2327297
1.5779516
2.0116355
2.117931
2.44532
2.5516152
2.3347728
2.662162
3.9632149
2.879004
2.989551
1.4674045
-0.16103715
1.5822034
1.4716563
0.81687826
2.772709
2.772709
3.5295303
3.0915945
3.4232354
1.9010887
2.772709
2.0116355
2.228478
4.2948556
4.8348346
3.312688
4.06951
4.613741
4.2863517
3.8526678
4.180057
3.6358256
3.0958462
4.2906036
3.312688
4.4011507
2.8747523
3.312688
3.312688
3.312688
2.1136792
3.4189837
3.2021413
2.330521
2.9852993
2.5516152
1.7905419
2.989551
2.44532
3.2021413
2.65791
2.65791
3.5252786
4.2863517
2.7642052
3.9632149
3.9632149
2.772709
3.2063932
3.2021413
4.3968987
5.9190454
5.5874047
6.6758666
6.56532
5.4768577
4.826331
6.5695715
4.3926473
5.481109
6.2421827
6.9990044
5.5874047
5.914794
5.6979513
6.2421827
5.1537204
3.848416
4.3926473
4.06951
4.1758046
2.5473633
2.3347728
1.6842467
0.70633125
1.1442673
1.7905419
2.4410682
2.7684572
3.1978896
2.9810476
1.6799948
1.3526058
2.330521
2.4368165
2.3262694
4.1758046
3.7421207
3.3041847
3.0873425
3.414732
3.5210268
2.5431116
3.1978896
2.1094272
2.8705006
1.7862899
2.9810476
3.1978896
2.9810476
3.1978896
3.631574
2.6536584
2.9810476
3.7421207
2.8705006
3.5210268
3.3041847
3.9589627
3.9589627
3.5210268
5.3748145
4.826331
3.737869
5.1537204
5.1494684
5.2557635
7.3221416
6.2336793
5.6937
6.56532
4.826331
4.6094894
4.4989424
5.3705626
5.9105415
6.1273837
5.583153
6.454773
5.6937
4.826331
4.171553
4.826331
4.715784
5.804247
4.605237
5.4768577
6.454773
6.2336793
5.90629
6.77791
5.90629
6.450521
7.4284363
6.8842053
7.9726677
8.406352
7.207342
8.189509
7.7515736
7.7515736
8.406352
8.512647
7.6410265
9.167425
8.512647
8.078962
8.295805
6.9905005
6.667363
7.317889
7.6452785
7.7515736
9.817951
9.490562
9.380016
10.468477
8.835785
9.490562
9.596858
10.574773
10.247384
11.552689
11.442142
10.1410885
10.468477
9.380016
8.946331
9.6011095
9.056878
10.034794
9.052627
8.840036
9.167425
8.733741
7.8621206
9.388519
8.623194
8.733741
9.061131
10.357931
11.008457
12.530604
12.415805
13.176878
13.1726265
12.951532
13.9337
14.694773
14.690521
14.911615
14.907364
14.907364
14.584226
12.088415
11.327342
12.092668
11.221047
12.088415
11.654732
10.893659
10.89791
8.508395
8.512647
7.4241843
8.618942
9.8137
10.570521
10.783112
11.216796
12.734691
13.712605
12.734691
13.066331
11.327342
7.853617
7.6410265
7.4241843
6.5525646
6.008333
5.6851964
4.8178277
3.7293656
4.2735963
4.379892
5.1452165
3.7336173
2.2114706
2.2114706
2.3177657
3.7251134
5.574649
6.6588597
6.87145
8.066207
8.716734
8.720985
8.937827
10.136837
8.176754
6.0040812
7.313638
6.4420176
6.769407
6.8799534
5.468354
5.689448
6.016837
6.339974
4.4946904
4.8178277
5.0346694
5.251512
6.5525646
7.096796
8.2915535
8.835785
7.7515736
7.6410265
6.663111
4.928375
5.3663106
5.038922
4.167301
5.038922
4.3883953
4.826331
3.7421207
1.8925852
1.896837
-0.16954076
-1.8022342
-0.058993805
-0.603225
1.4631528
2.2199743
2.1094272
3.5210268
3.4104798
2.6494067
4.2821
4.3883953
4.9326262
4.0610065
4.3883953
2.6494067
3.3041847
3.6273217
2.9767957
3.737869
4.2821
3.844164
4.2821
2.7557018
3.3041847
2.6494067
3.0873425
2.8705006
2.6494067
4.171553
6.2336793
4.6009855
4.3841434
4.167301
3.6273217
2.5431116
2.6536584
1.0252168
0.8083746
0.1578483
1.2463106
1.2463106
0.8126264
0.1578483
1.6799948
1.3526058
1.3526058
1.3526058
1.4589009
2.7642052
1.4589009
2.7642052
1.5694479
1.1357636
2.224226
1.0252168
2.224226
1.6799948
1.4589009
0.48098555
0.59153247
1.3526058
0.05155315
-0.054742
-0.4884262
-1.9000257
-1.7894788
-1.678932
-1.5726367
-0.4884262
-0.38213107
-0.2758359
-0.2758359
-1.0369092
-0.70952016
0.26839525
0.05155315
-0.27158412
-0.81581527
0.1621001
-0.9263622
0.1621001
-0.27158412
0.48523736
-0.7137719
1.1357636
0.59153247
0.9189216
1.1400155
0.1621001
-0.27158412
0.055804953
-0.054742
-0.16528895
0.8126264
0.9189216
1.5694479
0.9189216
0.26839525
-0.16528895
-0.38213107
-0.59897316
0.70633125
0.37894222
0.5957843
1.3568575
0.5957843
0.05155315
0.05155315
-0.59897316
0.05155315
1.1400155
0.055804953
-0.4884262
0.27264705
-1.2494994
-0.7052683
0.60003614
-0.16103715
-0.38213107
0.1578483
1.6799948
1.5694479
1.896837
2.224226
1.5694479
1.3526058
0.7020795
1.7905419
2.65791
1.4631528
1.7862899
2.7642052
1.5694479
1.896837
0.9189216
1.3568575
0.48523736
1.2463106
1.1357636
1.896837
2.9810476
1.896837
1.4589009
2.8747523
2.5473633
1.7862899
2.6536584
2.7642052
0.910418
2.5473633
2.4368165
3.414732
2.6536584
2.3262694
2.9810476
3.0915945
2.7642052
2.5473633
2.4368165
2.9810476
2.003132
3.5252786
2.7642052
2.2199743
3.5252786
2.9810476
2.9810476
4.613741
3.9589627
2.9810476
3.414732
2.7599535
2.003132
3.1978896
3.5210268
3.848416
5.1537204
5.2600155
5.0431733
5.0431733
4.826331
3.954711
5.2600155
4.6094894
4.065258
4.826331
4.065258
4.065258
4.826331
3.954711
5.2600155
4.4989424
4.715784
4.9326262
4.3883953
4.3883953
4.4989424
4.3883953
4.8220797
5.2557635
6.8884573
7.2115946
7.4284363
8.078962
7.096796
7.5347314
6.8842053
6.667363
7.3221416
7.7558255
8.083215
8.300056
8.623194
7.6452785
7.317889
7.5347314
7.317889
6.016837
6.9947524
5.583153
6.0210886
6.1316357
6.56532
6.3442264
7.649531
7.7515736
8.189509
8.295805
7.9684157
7.9684157
8.406352
6.667363
7.4326887
6.1273837
6.1273837
8.410604
8.406352
8.623194
9.384267
9.380016
8.4021
9.27372
8.729489
8.950583
8.295805
7.9684157
8.185258
8.295805
9.6011095
9.6011095
9.8137
9.163173
9.490562
9.596858
9.380016
9.052627
10.1410885
8.512647
8.946331
9.27372
7.317889
8.733741
7.9684157
8.623194
9.490562
9.380016
9.924246
10.468477
9.486311
9.486311
9.703153
11.012709
10.7916155
10.1410885
10.902162
10.574773
11.008457
11.880077
10.353679
9.703153
10.68532
10.68532
10.030542
9.8137
10.1410885
10.579024
10.68532
9.6011095
8.950583
9.707404
9.163173
9.924246
11.335847
10.247384
10.247384
10.464226
11.119004
10.902162
10.7916155
10.357931
11.119004
11.552689
11.331594
11.442142
11.986373
12.092668
10.89791
11.2253
11.2253
10.570521
11.119004
11.119004
11.22955
10.1410885
10.579024
8.835785
9.707404
9.596858
9.924246
9.6011095
9.924246
9.163173
9.384267
10.034794
10.251636
9.596858
10.579024
10.1410885
10.7916155
10.902162
9.490562
10.468477
9.27372
8.840036
9.167425
9.277972
8.840036
9.384267
9.490562
9.052627
9.817951
9.27372
9.163173
9.056878
9.6011095
8.623194
9.056878
8.733741
9.167425
9.061131
9.061131
8.406352
8.406352
8.512647
9.490562
10.362183
9.163173
9.384267
8.185258
8.840036
9.6011095
9.27372
8.623194
9.384267
9.163173
8.185258
10.034794
10.251636
9.27372
8.4021
9.167425
8.733741
8.295805
8.950583
8.406352
7.9726677
7.8621206
8.189509
7.317889
8.844288
7.8621206
8.189509
9.061131
8.950583
8.733741
9.277972
8.516899
8.627446
9.061131
8.733741
8.078962
9.384267
10.145341
8.512647
9.822204
8.078962
7.317889
8.627446
8.733741
8.300056
9.171678
7.9726677
8.189509
8.954835
8.406352
7.2115946
8.954835
7.3221416
6.561068
7.1052995
6.671615
7.3221416
7.7558255
7.3221416
8.083215
8.189509
7.9726677
8.516899
8.512647
8.078962
8.406352
8.623194
8.950583
9.711657
8.946331
9.052627
8.729489
9.380016
9.6011095
9.490562
9.490562
8.950583
7.7515736
8.189509
6.9905005
7.7558255
8.189509
7.6452785
7.4284363
7.9726677
7.317889
7.9726677
8.189509
7.8621206
7.8621206
8.189509
8.950583
9.711657
9.163173
10.1410885
9.707404
9.707404
9.707404
9.6011095
9.924246
8.840036
8.618942
9.707404
7.9684157
9.817951
9.384267
9.167425
8.512647
9.6011095
8.729489
8.074712
9.711657
8.512647
8.623194
8.406352
8.733741
8.840036
9.061131
8.189509
7.2115946
7.538984
6.3442264
7.1052995
7.1052995
6.3442264
7.2158465
7.4326887
5.6937
6.892709
5.3705626
5.0474253
5.9190454
5.6979513
5.6937
6.561068
8.078962
8.4021
9.707404
9.8137
8.4021
9.163173
8.950583
9.388519
8.406352
7.8621206
9.171678
8.512647
7.9726677
7.4284363
8.295805
8.185258
8.406352
6.561068
6.0210886
5.3705626
6.0210886
6.7821617
7.7558255
8.189509
7.207342
9.380016
9.919995
8.94208
9.380016
9.27372
9.167425
8.950583
9.494814
10.357931
11.442142
11.9821205
12.305258
12.415805
11.221047
10.353679
9.494814
8.627446
7.3263927
6.237931
7.2158465
7.538984
8.406352
10.136837
11.875826
12.955785
14.584226
15.239004
13.827404
12.636899
11.442142
9.061131
7.2158465
5.2600155
7.003256
8.189509
8.733741
10.362183
10.459974
11.765279
13.066331
15.128457
16.212667
16.42951
16.867447
16.42951
14.154794
12.526352
10.676816
9.490562
7.7515736
8.295805
8.729489
10.574773
11.552689
10.136837
10.468477
9.27372
9.494814
8.295805
10.034794
11.875826
13.72111
15.349551
14.150541
15.124206
14.477931
13.500016
15.022162
14.256837
15.672688
17.084288
16.646353
18.062202
17.734814
16.969488
17.084288
16.540056
13.389469
13.066331
12.198963
11.1105
12.305258
12.743194
12.30951
11.765279
11.331594
11.331594
12.092668
12.632647
14.477931
14.584226
15.239004
13.716857
13.066331
12.092668
11.765279
12.960036
13.937951
14.367384
15.889531
16.318964
17.951656
18.164248
17.620016
16.752647
17.075785
18.168499
17.947405
19.035866
20.009531
19.68214
19.4653
19.027365
18.810522
17.943153
17.509468
15.553638
16.212667
14.911615
14.915867
13.610563
12.960036
12.415805
10.999953
12.305258
12.517848
14.588478
14.367384
14.044247
14.261088
13.9337
14.584226
15.668436
16.42951
17.947405
17.72631
19.137909
18.483133
18.921068
18.704226
19.354752
19.354752
18.921068
17.832605
17.947405
17.403173
15.991573
15.778984
15.88528
15.234753
15.01791
15.234753
14.907364
15.01791
14.367384
13.389469
14.150541
12.955785
13.283173
13.495763
13.495763
14.584226
14.907364
15.995825
15.557889
15.991573
15.991573
16.863195
17.947405
16.748394
17.075785
18.376837
18.704226
20.115826
19.792688
19.137909
19.027365
19.571594
20.00528
22.1737
25.324287
25.430584
25.970564
25.864267
23.147364
19.244205
16.858942
15.447342
14.363132
15.3453
14.256837
11.761026
10.353679
8.2915535
9.6011095
10.902162
12.203215
13.610563
15.774733
16.642101
16.531553
19.244205
21.085238
23.147364
24.886353
25.430584
24.342121
23.14311
22.709427
22.607384
21.191532
20.974691
20.328417
19.567343
20.332668
19.461048
19.677889
19.4653
17.730562
15.774733
14.801068
13.823153
14.367384
15.56214
17.080036
17.943153
17.615763
18.26204
19.129406
18.47888
20.328417
20.757847
21.956858
22.284246
21.956858
21.089489
20.00528
18.483133
17.943153
15.881026
15.230501
14.035743
13.274671
15.013659
16.31471
17.943153
19.354752
19.788437
18.810522
19.248457
18.704226
19.244205
20.115826
20.00528
20.872648
19.894732
19.129406
19.01886
18.912563
18.151491
18.372585
19.461048
18.699974
17.18208
16.425257
15.664186
15.013659
14.14629
13.491511
13.274671
13.495763
13.929449
14.801068
14.256837
13.385218
14.690521
14.579974
15.664186
15.447342
15.991573
15.664186
15.991573
17.080036
16.208416
17.18633
17.509468
16.969488
15.881026
15.987322
16.09787
17.18208
18.049448
17.288374
17.615763
17.075785
16.425257
16.31471
15.664186
15.341048
13.712605
11.8630705
11.433638
10.566269
9.482059
9.588354
10.893659
12.194712
13.60631
14.14629
13.057828
12.301006
11.756775
12.079912
13.495763
15.557889
16.531553
17.836857
17.18208
17.615763
18.376837
17.943153
18.155743
18.155743
19.244205
18.912563
20.111574
19.567343
18.80627
17.832605
16.204163
15.009407
14.575723
14.363132
11.871573
9.69465
7.419933
6.4462695
6.7736583
6.4420176
10.136837
11.761026
14.796817
13.925196
14.579974
14.792564
14.575723
14.363132
14.907364
14.473679
14.911615
16.102121
16.208416
16.09787
16.425257
14.792564
13.925196
13.929449
13.818902
14.469427
15.124206
14.363132
14.14629
14.473679
13.712605
14.039994
12.513597
11.867322
11.323091
10.345176
9.146166
10.889407
11.977869
11.977869
11.327342
10.999953
10.566269
11.1105
10.77886
11.429386
12.734691
14.14629
15.013659
15.119954
14.903111
14.035743
14.252585
15.664186
16.965237
18.159994
18.487385
16.748394
15.991573
15.664186
14.363132
15.124206
14.903111
16.642101
17.398922
17.398922
16.093616
14.248333
12.513597
11.646228
9.800944
10.562017
11.429386
12.628395
12.734691
11.8630705
10.995702
9.3630085
11.1105
11.323091
12.624144
14.363132
13.491511
14.469427
15.341048
14.903111
14.252585
13.495763
14.150541
14.801068
14.80532
14.150541
14.256837
14.150541
14.363132
14.363132
13.495763
13.385218
13.385218
12.738942
12.190459
12.296754
13.062079
13.274671
13.602058
14.035743
13.818902
12.624144
12.084165
11.756775
10.340923
10.455723
10.0220375
10.455723
10.783112
10.6725645
11.761026
12.628395
12.190459
13.823153
14.690521
14.68627
14.796817
14.035743
14.14629
13.602058
13.278922
12.517848
13.823153
13.60631
13.823153
13.823153
12.411553
11.977869
13.062079
12.845238
12.411553
12.411553
12.411553
11.323091
12.411553
11.973618
12.951532
13.278922
12.407301
12.407301
12.084165
9.907239
9.907239
10.234629
10.234629
10.345176
9.256713
10.562017
11.433638
11.221047
10.783112
11.1105
11.327342
11.437889
12.305258
12.738942
13.1726265
14.039994
13.712605
13.929449
13.385218
13.823153
13.60631
13.1726265
12.5220995
12.849489
12.305258
11.871573
11.871573
10.999953
10.783112
11.221047
10.566269
7.092544
7.4241843
6.769407
5.464102
6.4420176
7.74307
9.371511
10.566269
10.0220375
10.999953
9.915743
10.132585
10.566269
11.9821205
11.1105
10.676816
11.1105
10.566269
10.893659
11.1105
12.415805
12.526352
11.654732
12.092668
11.765279
9.380016
8.729489
8.512647
8.185258
9.380016
9.269468
7.636775
8.2915535
6.765155
6.3314705
7.4241843
6.769407
5.6809444
6.765155
7.305134
8.393597
8.937827
9.044123
8.287301
8.397848
7.9684157
6.123132
6.1188803
8.078962
8.835785
9.265217
10.787363
10.349427
10.893659
11.544185
11.1105
11.331594
9.8137
10.1410885
9.8137
9.486311
9.265217
9.380016
8.074712
6.012585
5.583153
5.4726057
6.1273837
5.583153
4.2778482
5.4726057
3.7293656
3.074587
6.4462695
7.4241843
9.158921
9.477807
9.36726
11.654732
11.544185
10.783112
9.592606
8.725238
9.269468
9.375764
9.809448
11.004206
10.459974
8.074712
7.5347314
7.317889
5.3663106
5.2600155
5.4768577
6.1358876
4.830583
3.0873425
4.06951
4.720036
5.038922
6.667363
5.90629
7.1010475
5.578901
6.450521
6.7736583
6.7736583
6.663111
7.9684157
7.857869
7.5304804
7.096796
7.207342
6.556816
5.578901
4.7115326
4.928375
3.844164
3.848416
3.848416
2.9810476
2.003132
3.848416
3.844164
5.038922
5.90629
6.77791
7.317889
7.8621206
7.9684157
8.078962
7.9684157
7.8621206
8.406352
7.4284363
5.2557635
5.4768577
4.2821
3.631574
3.848416
2.7642052
2.5473633
1.3526058
0.8083746
2.0073838
0.37894222
0.1621001
-0.70952016
-0.9263622
-0.054742
-0.054742
-0.38213107
0.1621001
0.37894222
0.69782764
3.3041847
4.826331
5.583153
5.2557635
5.038922
3.954711
4.065258
4.2821
2.4368165
2.4410682
2.0073838
0.8126264
0.48523736
2.117931
2.1136792
2.1136792
2.7642052
2.4368165
3.0915945
2.330521
2.003132
2.2199743
1.3526058
1.4631528
2.65791
2.4410682
0.7020795
0.9189216
0.3746904
-0.16528895
-1.1432043
-0.59897316
-0.49267802
0.8126264
-0.16954076
1.4589009
2.2199743
2.4368165
1.2420589
1.4589009
2.5473633
1.5694479
1.1357636
1.4631528
1.4631528
2.5473633
3.9589627
3.848416
3.737869
3.848416
4.6094894
4.6094894
4.065258
4.613741
4.06951
3.0915945
1.3526058
1.896837
2.224226
0.7020795
0.8083746
0.48523736
-0.16528895
-1.2537513
0.5957843
0.5957843
1.6799948
2.1136792
2.2199743
3.5252786
3.5210268
1.9988803
2.8705006
3.0873425
3.5210268
4.1758046
3.3041847
4.715784
5.4768577
6.561068
5.4726057
5.9105415
5.1537204
4.1758046
4.2821
3.414732
4.1758046
3.5210268
4.1758046
2.3262694
2.4410682
1.2463106
1.5736997
0.26839525
0.1621001
-0.38213107
0.48523736
1.5694479
3.1978896
3.9589627
4.6094894
4.3841434
5.689448
5.799995
4.4946904
4.2778482
4.3883953
3.848416
2.2199743
2.7684572
2.879004
2.4410682
3.9632149
3.5252786
2.1136792
1.1357636
0.7020795
1.5736997
1.0294685
2.44532
3.8569195
2.9810476
3.0915945
3.1978896
4.826331
4.171553
4.4946904
5.0431733
3.3041847
2.3262694
2.2199743
3.3084364
2.8747523
2.0073838
0.1621001
-0.9263622
-0.054742
-0.5947214
-0.2673323
0.6042879
-0.5947214
-0.81581527
0.92742515
-0.4884262
-0.4884262
-0.16528895
1.5736997
1.5736997
1.8925852
3.631574
4.6094894
5.1494684
6.339974
5.90629
6.123132
5.795743
6.123132
6.339974
7.5347314
6.8842053
6.2336793
6.1273837
4.6094894
3.5210268
2.4368165
0.9189216
-0.81581527
-1.6831837
-2.5505521
-3.0947833
-0.5947214
-0.59897316
0.5957843
1.3568575
1.896837
2.330521
3.414732
3.5210268
5.3663106
6.77791
7.317889
8.295805
9.163173
9.052627
8.4021
9.817951
9.924246
7.9684157
8.078962
7.4284363
6.123132
6.450521
6.8842053
7.1010475
7.8621206
8.295805
7.5347314
6.7736583
7.317889
6.4462695
7.5347314
6.663111
7.096796
6.8842053
6.667363
6.667363
7.1010475
8.078962
7.7515736
8.295805
9.056878
7.9684157
8.074712
9.596858
8.618942
8.185258
7.7515736
7.4241843
9.924246
9.919995
11.004206
11.765279
11.654732
12.088415
12.849489
13.389469
13.823153
14.256837
13.823153
12.5220995
11.871573
10.893659
11.004206
10.353679
7.9641643
6.8842053
4.3883953
3.631574
3.0915945
4.2863517
4.3926473
4.605237
6.123132
7.857869
8.2915535
9.809448
11.654732
11.765279
11.1105
11.544185
12.088415
12.743194
13.062079
13.278922
14.690521
15.557889
15.88528
16.102121
15.774733
13.9337
13.066331
11.1105
10.89791
9.919995
10.251636
8.078962
5.583153
3.3041847
2.4368165
2.2157223
5.038922
7.207342
10.353679
11.654732
11.654732
11.216796
11.216796
11.221047
10.0220375
11.221047
11.004206
11.327342
13.176878
12.632647
11.437889
10.464226
9.158921
9.048374
10.787363
11.654732
12.198963
12.853741
13.066331
12.526352
13.287426
12.5220995
11.1105
10.893659
11.871573
11.654732
11.654732
11.327342
8.8315325
8.185258
6.3442264
4.8220797
4.8220797
5.4726057
6.8842053
8.078962
9.707404
9.8137
9.269468
7.6410265
7.857869
7.207342
8.618942
10.247384
10.681068
11.765279
12.198963
12.415805
12.849489
12.632647
12.955785
13.062079
12.845238
12.632647
11.327342
10.787363
9.486311
7.7515736
5.038922
4.065258
2.6494067
3.5210268
4.9326262
7.4284363
9.380016
11.765279
11.871573
10.676816
11.004206
11.544185
11.654732
10.566269
9.698901
9.375764
8.8315325
9.269468
8.725238
8.295805
6.663111
7.7515736
7.9684157
10.247384
11.004206
10.353679
10.136837
9.052627
7.7515736
8.623194
7.5347314
8.078962
7.9684157
8.185258
7.207342
7.5304804
8.835785
9.380016
8.946331
8.185258
8.185258
8.074712
8.397848
9.809448
11.004206
10.243132
8.8315325
9.052627
7.096796
6.5525646
6.663111
6.339974
6.339974
4.7115326
3.6273217
3.6273217
3.737869
3.844164
4.3883953
5.6937
5.038922
6.012585
7.6410265
8.94208
9.592606
10.02629
10.89791
10.570521
10.787363
11.548436
11.437889
11.9821205
11.875826
10.681068
8.2915535
8.4021
7.207342
7.317889
6.2336793
4.3883953
3.5210268
2.6536584
2.4410682
2.5473633
1.0252168
3.414732
3.0873425
3.848416
4.3841434
6.561068
6.8842053
6.7736583
7.207342
7.5347314
6.339974
6.556816
6.7736583
7.096796
7.747322
9.269468
9.924246
10.574773
8.946331
9.490562
8.406352
7.6452785
6.339974
5.9105415
4.6094894
4.720036
4.1758046
4.06951
2.9810476
2.6536584
2.224226
0.8083746
1.3526058
1.9988803
2.8662488
5.0346694
6.769407
9.809448
11.433638
11.327342
10.783112
10.02629
7.636775
5.902038
4.605237
2.7599535
3.7421207
2.6536584
3.2021413
2.6536584
3.5252786
5.1537204
5.2600155
5.3705626
4.720036
3.631574
4.2863517
4.1758046
4.6094894
4.6094894
4.4989424
4.4989424
3.5210268
4.171553
5.2557635
6.561068
6.450521
7.4241843
7.6410265
7.317889
7.4241843
7.096796
6.4462695
4.928375
4.2778482
3.0873425
2.6536584
2.7599535
0.69782764
2.003132
0.9189216
-0.8200671
-0.058993805
1.0294685
2.1136792
4.613741
4.826331
5.4768577
5.583153
5.583153
5.4726057
6.016837
5.799995
6.1273837
6.3442264
6.3442264
5.689448
6.561068
5.038922
5.0346694
6.8799534
8.8315325
8.720985
9.809448
7.74307
7.309386
7.857869
7.4241843
8.295805
7.1010475
4.605237
1.4546491
1.5694479
0.59153247
-1.3642982
1.3526058
3.7421207
6.1273837
10.1410885
12.09692
12.30951
11.654732
10.787363
10.136837
8.835785
8.4021
8.508395
8.94208
9.158921
7.5304804
7.6410265
7.9641643
8.725238
9.919995
11.327342
11.004206
9.809448
8.94208
7.313638
8.078962
7.317889
7.207342
6.8842053
5.6851964
3.8356605
4.7072806
6.986249
6.986249
10.574773
11.008457
11.442142
11.114753
11.221047
11.437889
11.437889
11.327342
10.128334
10.128334
10.6725645
10.783112
13.500016
12.955785
11.761026
11.977869
12.955785
11.977869
12.415805
11.327342
10.893659
9.919995
8.4021
6.4462695
6.339974
6.667363
7.1010475
6.8842053
6.7736583
6.9905005
7.9684157
6.9905005
8.185258
8.074712
9.703153
10.353679
10.132585
10.783112
13.278922
15.013659
15.770479
17.18208
18.704226
17.832605
17.615763
16.858942
17.18633
15.336795
14.903111
13.602058
12.517848
11.221047
10.787363
8.725238
6.8842053
4.9326262
3.848416
3.0873425
2.9810476
3.414732
4.1758046
5.4768577
5.90629
7.313638
9.265217
11.654732
12.5220995
13.066331
12.301006
12.411553
13.389469
14.256837
13.929449
14.584226
13.389469
12.738942
12.084165
12.5220995
11.871573
10.783112
11.331594
10.893659
11.221047
11.654732
11.654732
12.5220995
12.411553
11.977869
12.194712
11.871573
9.698901
8.2915535
7.096796
6.769407
6.986249
7.636775
8.074712
9.269468
8.181006
8.835785
9.592606
9.809448
9.375764
9.919995
9.486311
10.89791
11.114753
10.459974
11.437889
11.765279
11.433638
13.168375
14.363132
15.447342
15.336795
16.09787
15.230501
15.447342
14.796817
14.907364
14.584226
12.190459
11.216796
11.221047
10.893659
10.893659
9.048374
8.2915535
8.185258
7.5304804
8.185258
8.295805
8.512647
8.185258
8.729489
9.703153
10.243132
10.566269
11.654732
11.1105
11.1105
12.5220995
12.743194
12.411553
12.194712
10.893659
10.349427
9.477807
8.933577
11.327342
12.632647
12.738942
13.1726265
12.628395
10.77886
11.539933
10.893659
10.02629
8.725238
7.6410265
7.9684157
10.1410885
10.787363
10.893659
11.437889
11.437889
8.937827
8.508395
8.078962
8.406352
9.494814
8.623194
7.9684157
7.7515736
5.902038
5.030418
6.2294273
5.574649
6.556816
6.7736583
8.2915535
9.048374
11.654732
11.867322
12.628395
13.495763
12.845238
10.999953
10.893659
9.809448
9.380016
9.8137
9.158921
8.94208
9.158921
8.508395
7.6410265
7.207342
5.689448
5.4768577
4.826331
5.1494684
5.90629
7.207342
7.313638
7.4241843
7.096796
5.574649
6.8799534
7.7515736
7.4241843
6.2294273
6.663111
6.4462695
7.4241843
8.2915535
9.052627
9.052627
8.512647
8.623194
7.5347314
8.512647
9.269468
7.857869
8.078962
7.6452785
7.5347314
7.4241843
9.269468
8.725238
9.052627
6.769407
7.5304804
7.096796
7.096796
6.667363
4.3883953
3.4104798
3.848416
4.4989424
5.4726057
6.123132
7.1010475
5.6851964
6.556816
6.012585
6.2294273
6.123132
6.450521
6.2336793
5.3620586
6.339974
7.317889
8.512647
9.486311
10.136837
10.243132
9.269468
9.052627
7.5347314
7.9726677
7.4284363
6.667363
6.1273837
6.0210886
5.1494684
2.8662488
3.1936376
2.7599535
2.7599535
2.1094272
0.47673374
0.47673374
2.7599535
2.7599535
4.3883953
6.123132
7.8621206
8.185258
7.313638
8.508395
8.94208
9.375764
9.703153
10.353679
10.89791
12.092668
10.893659
12.198963
11.871573
12.526352
11.221047
10.353679
9.163173
8.185258
7.6452785
5.583153
5.1494684
4.2821
3.414732
2.9810476
2.330521
2.330521
2.5473633
2.1136792
1.0252168
0.3746904
0.69357586
2.1094272
2.1051755
2.2114706
2.8662488
4.3841434
5.251512
5.468354
6.8842053
5.795743
6.450521
4.6009855
6.450521
7.207342
7.096796
7.419933
8.725238
8.074712
8.074712
7.9684157
7.9684157
7.1010475
6.7736583
6.450521
6.016837
4.4946904
3.4104798
4.826331
3.6273217
4.171553
5.583153
4.171553
4.8220797
6.339974
6.4462695
5.357807
5.574649
5.251512
5.3620586
5.90629
6.123132
6.9905005
6.2336793
4.4946904
2.6494067
2.3220174
3.848416
2.9767957
4.065258
3.3041847
3.848416
2.9767957
2.4283128
5.1494684
3.299933
3.844164
4.8220797
4.9326262
4.4946904
6.667363
6.339974
6.667363
5.578901
4.605237
4.6094894
3.631574
3.631574
3.1936376
1.9946285
1.2335552
3.5210268
3.1936376
3.737869
3.0830908
4.8220797
4.605237
3.078839
5.4726057
5.574649
5.902038
6.3357224
4.5967336
4.924123
6.339974
5.136713
7.096796
7.9641643
6.986249
8.614691
8.720985
8.937827
9.809448
9.8137
8.946331
8.295805
7.2115946
6.3442264
5.583153
5.2557635
4.2778482
5.1494684
2.7557018
4.065258
4.171553
4.3883953
3.189386
3.299933
3.9504592
4.167301
5.689448
4.8178277
4.7115326
4.490439
4.3841434
4.167301
4.7115326
5.0346694
4.4946904
4.056754
3.8399122
3.1851342
4.7115326
4.4946904
5.468354
7.1010475
7.1010475
6.663111
6.9905005
7.6410265
6.8799534
7.4241843
7.096796
6.5525646
6.7736583
5.578901
5.3663106
3.7336173
2.8662488
2.8662488
2.8662488
2.7557018
2.8705006
2.9810476
2.7599535
2.003132
1.8925852
0.910418
0.8041228
2.6536584
2.9767957
2.9767957
3.0830908
3.844164
4.8220797
4.4946904
5.2557635
3.7336173
3.844164
4.0610065
3.844164
3.6273217
4.6094894
3.1936376
3.1936376
2.7599535
2.1094272
1.7820382
2.2199743
0.48098555
1.1357636
1.4631528
-0.058993805
-0.2758359
-0.058993805
-0.59897316
-1.0369092
0.7020795
1.1357636
1.1357636
1.2420589
1.4589009
1.020965
1.565196
1.020965
2.4368165
3.5210268
2.7599535
1.565196
2.3262694
0.8041228
1.1315118
2.5473633
0.26414344
-0.603225
-0.8200671
0.26839525
-0.9263622
-0.49267802
0.1578483
1.3526058
0.8083746
1.2420589
2.003132
0.58728075
0.91466975
1.2420589
1.6757431
1.2420589
2.7599535
1.8883334
1.4546491
1.4546491
1.8925852
1.6757431
0.15359649
1.1357636
-0.2758359
-1.3642982
-0.38213107
-2.0148246
-0.81581527
-1.0326574
-1.1432043
-0.38213107
-1.3642982
0.7020795
1.4631528
1.1357636
1.896837
0.7020795
2.003132
2.6536584
2.9810476
2.2199743
1.9988803
1.0252168
1.896837
0.3746904
0.05155315
-0.70952016
-2.0148246
-2.010573
-3.8558567
-4.506383
-4.1789937
-5.369499
-4.82952
-4.068447
-4.395836
-4.506383
-4.1789937
-4.940067
-4.289541
-3.5284674
-2.9842362
-2.444257
-1.4663416
-2.0148246
-1.1474562
-1.9085294
-2.3422136
-2.1211197
-4.5106344
-3.851605
-4.395836
-5.7011404
-4.506383
-3.6390145
-3.2053301
-3.2095819
-1.6874356
-2.6696026
0.1621001
-0.49692985
1.237807
2.7599535
4.0610065
3.5125234
5.140965
4.269345
4.5967336
4.167301
5.0346694
3.5125234
3.1936376
2.7557018
1.8840815
4.0610065
3.406228
2.534608
3.62307
4.167301
3.8399122
4.056754
4.056754
2.968292
3.406228
3.189386
3.9462075
4.167301
4.6009855
3.8399122
4.0610065
3.7336173
4.3841434
6.012585
6.8799534
6.769407
7.096796
5.90629
5.038922
3.5167751
3.1936376
3.848416
3.5210268
3.5210268
4.605237
3.9504592
3.62307
4.3883953
4.0610065
4.0610065
4.171553
3.848416
3.6273217
4.065258
3.299933
4.3883953
4.0610065
5.583153
3.9462075
5.3663106
4.8220797
4.0610065
4.171553
2.4325645
2.6494067
3.4104798
4.8220797
6.561068
6.123132
6.450521
5.3620586
4.0610065
3.5210268
3.3041847
3.3041847
3.414732
3.5210268
3.737869
5.3663106
5.795743
6.556816
6.556816
5.689448
5.6851964
6.012585
6.4462695
6.663111
5.795743
6.123132
5.795743
6.123132
5.795743
6.8799534
8.295805
8.181006
8.397848
9.919995
8.8315325
9.919995
10.89791
7.636775
8.2915535
7.6410265
7.4241843
7.857869
7.747322
8.614691
8.614691
8.504144
10.136837
9.703153
9.048374
9.486311
9.375764
9.919995
9.482059
9.048374
10.02629
8.614691
8.508395
6.986249
8.729489
9.052627
9.703153
10.136837
9.809448
9.809448
10.787363
10.132585
10.570521
11.114753
10.787363
10.349427
10.893659
10.459974
11.221047
10.783112
11.221047
11.654732
11.977869
11.871573
12.849489
12.628395
12.194712
13.176878
12.411553
12.305258
12.955785
13.389469
14.039994
14.14629
13.929449
13.1726265
13.283173
12.194712
12.194712
12.301006
11.977869
10.783112
11.654732
11.761026
11.437889
11.544185
12.5220995
12.088415
12.088415
12.955785
13.389469
13.823153
13.602058
15.451593
15.447342
16.102121
16.646353
16.42951
16.858942
18.159994
18.0537
16.858942
16.858942
16.31471
16.752647
15.88528
15.557889
15.995825
15.557889
15.013659
14.14629
13.60631
13.389469
13.500016
13.610563
14.150541
13.1726265
14.150541
15.01791
16.756899
16.969488
18.495886
18.602182
18.159994
17.620016
18.164248
18.057951
16.863195
16.535805
15.668436
16.540056
15.341048
14.252585
12.194712
11.327342
7.853617
7.8621206
5.583153
3.631574
2.4368165
2.003132
1.8883334
3.7336173
5.795743
7.4241843
9.269468
10.787363
9.915743
11.437889
11.327342
11.1105
11.654732
11.65048
11.327342
11.875826
10.681068
8.512647
6.2336793
3.1978896
2.117931
0.26839525
0.26839525
1.5736997
1.5736997
-0.27158412
-0.16103715
-1.2494994
-2.2274148
-0.054742
1.1357636
3.414732
5.804247
6.561068
8.406352
8.835785
9.490562
10.357931
9.052627
10.357931
10.136837
10.7916155
9.8137
8.840036
7.6452785
6.6758666
4.503194
4.3968987
2.330521
2.2199743
2.003132
2.0073838
2.4368165
2.4368165
3.631574
4.065258
3.3041847
4.065258
3.954711
3.737869
3.6273217
4.1758046
3.1978896
1.896837
0.26839525
0.37894222
0.1621001
-0.49267802
1.896837
3.9589627
5.4768577
6.7821617
5.6937
5.3705626
4.3926473
4.065258
5.2557635
6.339974
7.7515736
9.817951
8.618942
7.6410265
6.667363
5.3663106
3.737869
1.4589009
0.26839525
-0.81581527
-1.5726367
-2.223163
-1.6831837
-2.010573
-1.5768886
-1.6831837
-2.9842362
-2.112616
-3.3073738
-3.5242157
-2.1083643
-3.6347628
-3.0905313
-1.7894788
-0.9221104
-0.16528895
0.9189216
3.5252786
4.503194
6.1316357
5.2600155
6.0210886
5.4768577
6.454773
5.583153
6.77791
7.1010475
6.1273837
4.826331
2.8705006
2.0073838
-0.81581527
-1.0284055
-3.4179204
-2.4357533
-2.9799845
-3.0905313
-3.0905313
-3.9621515
-3.5242157
-2.112616
-0.8115635
0.92742515
1.1400155
1.5736997
1.7947936
0.8126264
2.662162
1.5736997
1.896837
3.7421207
3.3041847
3.954711
4.3926473
4.503194
3.6358256
1.4631528
1.1400155
0.37894222
0.055804953
-1.0326574
-0.2673323
-2.6568472
-2.6525953
-3.7410579
-3.6305108
-3.0862796
-1.895774
-2.33371
-1.0326574
-0.38213107
1.7905419
1.6757431
1.3526058
2.4410682
2.4368165
0.9189216
0.5957843
-0.38638288
0.9231734
-0.054742
0.37894222
1.1400155
0.8126264
0.81687826
0.81687826
-0.054742
-0.4884262
0.055804953
1.3611094
2.228478
4.2906036
4.1758046
5.4768577
5.90629
5.4726057
5.4768577
5.038922
4.171553
4.503194
2.1136792
0.05155315
-0.81581527
-0.9221104
-1.0284055
-1.6831837
-1.4663416
0.055804953
-0.27158412
0.1621001
1.0337203
1.896837
1.896837
2.330521
4.720036
5.914794
6.1273837
7.4241843
9.380016
10.89791
10.566269
11.9821205
11.437889
11.004206
8.94208
7.4241843
5.038922
3.5210268
2.2199743
2.7642052
2.6536584
3.5210268
5.3748145
6.56532
6.9947524
7.1052995
7.9769197
7.3221416
6.561068
7.317889
9.056878
10.030542
11.548436
11.9821205
11.544185
11.654732
11.004206
10.349427
10.783112
11.004206
11.437889
10.893659
11.114753
9.269468
6.556816
5.2557635
5.799995
7.6452785
7.207342
7.857869
7.5304804
8.725238
10.243132
12.743194
13.39372
15.460098
15.451593
16.212667
16.969488
17.292625
18.164248
17.296879
17.836857
17.620016
15.991573
16.208416
14.035743
11.756775
11.433638
11.106249
10.6725645
10.893659
11.004206
9.703153
10.68532
10.353679
10.353679
11.9821205
12.738942
14.256837
14.579974
15.230501
15.451593
15.234753
16.540056
16.102121
16.42951
17.836857
18.810522
19.68214
19.354752
19.788437
19.68214
19.137909
19.354752
19.571594
19.788437
20.00528
20.33692
20.009531
20.00528
19.461048
19.354752
19.137909
18.916817
16.85469
16.752647
15.774733
14.690521
13.60631
13.283173
12.5220995
11.654732
13.716857
15.557889
16.531553
18.381088
18.0537
18.593678
19.244205
19.68214
20.872648
22.50109
22.828478
23.155867
23.58955
23.479004
23.58955
23.695847
24.886353
24.66951
25.324287
24.996899
24.235825
24.456919
22.934772
22.717932
20.111574
19.571594
19.677889
19.133657
20.328417
21.085238
20.434711
19.3505
18.483133
18.049448
16.858942
16.425257
16.102121
16.863195
16.969488
19.027365
20.328417
22.390541
23.364204
24.125278
25.54113
25.21374
27.271614
28.360077
27.7053
27.37791
26.939976
25.96631
24.665258
22.819975
21.306332
18.916817
17.075785
15.234753
14.256837
14.690521
14.690521
16.318964
15.668436
14.363132
16.42951
16.535805
18.159994
19.68214
19.788437
20.328417
21.84631
21.191532
22.603132
23.79789
23.036818
22.496838
22.279995
22.824224
21.089489
21.306332
20.22212
18.270542
16.752647
16.204163
17.18633
17.190582
17.620016
17.51372
17.403173
17.72631
18.814772
18.921068
18.049448
18.155743
16.531553
14.792564
15.447342
16.858942
16.421007
17.509468
18.810522
18.699974
18.699974
17.18208
16.09787
16.102121
15.230501
15.451593
15.022162
14.150541
12.411553
14.477931
15.56214
15.889531
16.433762
14.150541
13.937951
12.849489
13.1726265
14.363132
14.035743
15.447342
15.987322
16.85469
15.009407
14.903111
14.579974
13.823153
14.363132
15.664186
15.230501
15.230501
14.14629
11.973618
12.190459
14.256837
14.903111
16.858942
15.881026
16.208416
15.447342
13.929449
12.955785
10.570521
9.056878
7.7515736
6.123132
5.4726057
6.2294273
6.4462695
6.9905005
6.769407
6.8799534
6.3357224
7.207342
7.7515736
7.9641643
10.247384
10.459974
11.654732
12.305258
12.743194
12.198963
11.654732
12.420057
11.9821205
12.088415
12.30951
13.176878
11.1105
9.809448
7.9684157
6.016837
3.4104798
3.1978896
3.9589627
3.4104798
4.715784
4.3883953
3.6273217
3.631574
2.2157223
3.414732
2.7599535
4.3883953
6.667363
7.2115946
6.123132
6.3442264
5.4726057
5.1494684
6.348478
7.2115946
8.185258
8.4021
8.512647
7.317889
7.3221416
5.799995
6.56532
7.760078
5.6979513
5.264267
3.1978896
3.2021413
2.330521
1.6799948
2.330521
1.2463106
1.3568575
0.8126264
-1.4705935
-0.38213107
-1.0326574
-1.7894788
-2.4400053
-3.0905313
-1.568385
-2.5505521
-1.0326574
-0.38213107
0.1578483
-0.27158412
-1.4663416
-0.8115635
-2.112616
-0.47992262
0.49374095
0.4894892
0.9231734
3.4189837
2.9810476
3.5252786
4.2863517
3.3084364
3.0958462
1.2463106
0.4894892
0.70633125
0.38319403
0.16635191
-1.0284055
-2.112616
-3.9578998
-4.714721
-5.58209
-4.4978795
-4.608426
-4.1747417
-3.7410579
-4.391584
-3.6347628
-4.1747417
-3.0862796
-3.5242157
-3.4179204
-2.5420485
-2.6525953
-3.5242157
-1.6704283
-3.188323
-2.6398401
-4.918808
-6.3304076
-7.746259
-9.268406
-9.268406
-10.029479
-9.051563
-9.268406
-8.834722
-8.401037
-9.272657
-9.055816
-8.94952
-8.843225
-6.776847
-7.3253303
-6.236868
-6.560005
-6.776847
-6.6705523
-6.343163
-5.692637
-6.338911
-5.471543
-6.015774
-6.338911
-7.8610573
-8.0779
-6.993689
-6.776847
-4.4936275
-3.7325544
-4.3873324
-2.5377967
-3.0862796
-3.8473527
-5.0378585
-5.684133
-4.927312
-4.1704903
-2.2146595
-1.9978173
-3.0862796
-4.1704903
-5.692637
-5.471543
-7.4273734
-8.073648
-8.613627
-8.507332
-9.485248
-10.352616
-8.830469
-8.613627
-8.945269
-9.16211
-10.790552
-10.896847
-11.330531
-10.790552
-10.356868
-8.936765
-8.936765
-9.157859
-9.812636
-9.16211
-8.62213
-7.6442156
-5.3652477
-5.369499
-2.7588906
-3.953648
-3.515712
-4.4936275
-6.126321
-4.5999227
-6.343163
-4.2767854
-5.5863414
-6.776847
-6.555753
-6.883142
-8.0779
-7.750511
-7.210531
-7.5379205
-7.316827
-8.294743
-8.728426
-6.662049
-7.533669
-7.423122
-7.9673533
-9.923183
-10.135774
-10.896847
-11.547373
-11.764215
-11.441078
-11.768468
-10.467415
-8.728426
-10.36112
-8.728426
-8.728426
-8.728426
-6.883142
-6.883142
-8.0779
-7.8610573
-8.405289
-8.405289
-6.0115223
-4.4936275
-4.059943
-3.519964
-2.754639
-4.8210163
-4.3830805
-6.989438
-7.750511
-6.4367027
-8.175692
-8.826218
-9.804133
-11.003142
-12.091604
-12.958974
-13.06952
-12.091604
-12.1979
-11.981057
-11.003142
-10.458912
-10.675754
-10.680005
-10.57371
-8.945269
-7.423122
-6.883142
-2.5377967
-2.8694377
-3.3073738
-1.0284055
-0.5947214
-0.37787926
0.38319403
-0.16103715
-0.5947214
0.17060372
-1.7852271
-2.4400053
-1.1347008
-1.0284055
-2.2274148
-1.1389525
-2.116868
-3.5242157
-2.3252065
-4.608426
-5.692637
-6.126321
-6.228364
-7.099984
-6.883142
-8.62213
-9.055816
-8.401037
-7.9716043
-6.9979415
-4.064195
-3.5242157
-2.7631423
-1.568385
-2.3294582
-1.2452477
0.17060372
0.06005676
-0.8115635
1.2548143
0.7105831
1.5779516
1.7905419
3.7463725
3.3084364
3.8526678
3.7421207
4.1758046
5.5874047
4.936878
5.0474253
5.1579723
3.6358256
3.2021413
1.896837
1.4631528
0.9231734
0.1621001
0.055804953
0.4894892
0.055804953
-0.5947214
-1.2409959
-2.8736894
-3.851605
-2.4400053
-2.33371
-0.5947214
0.81687826
1.3611094
0.4894892
0.37894222
1.0379721
0.81687826
0.60003614
0.8126264
2.879004
2.4410682
1.5694479
3.312688
2.0073838
3.4232354
3.5295303
3.6358256
2.5473633
2.65791
2.4410682
0.26839525
1.0337203
1.7947936
2.662162
2.5516152
1.5736997
0.1621001
-0.59897316
-0.27158412
1.2505624
1.4674045
3.0958462
2.65791
1.6799948
1.5694479
2.9810476
2.3262694
2.6536584
2.8747523
3.4189837
3.5252786
3.1978896
3.414732
2.7599535
2.4368165
1.6799948
2.65791
3.9632149
4.180057
5.1537204
5.1494684
5.799995
6.561068
6.450521
6.4462695
8.078962
6.9905005
5.4726057
4.715784
4.1758046
2.2199743
2.2199743
2.4410682
0.7020795
-0.16528895
-0.59897316
-0.27158412
-0.054742
0.70633125
-0.054742
-0.27158412
0.70633125
0.26839525
1.3568575
2.003132
3.3041847
5.799995
7.7558255
7.5304804
10.574773
11.437889
11.221047
12.30951
11.9821205
10.787363
9.703153
9.380016
8.729489
7.1010475
6.016837
4.4989424
3.3084364
1.3526058
0.1621001
-0.9263622
-2.5548038
-2.444257
-2.767394
-2.771646
-1.5726367
-0.16103715
-1.0369092
0.7020795
2.3262694
3.3041847
4.605237
5.251512
7.5347314
7.9684157
8.618942
10.136837
10.02629
10.570521
10.243132
9.703153
7.9641643
7.857869
7.7515736
7.4241843
5.3620586
3.3041847
0.69782764
-0.70952016
-1.0326574
-2.010573
-1.5768886
-0.59897316
0.05155315
0.3746904
2.003132
1.565196
2.5431116
3.414732
4.171553
5.578901
6.8799534
9.809448
11.216796
12.084165
13.168375
13.062079
11.756775
12.517848
12.517848
12.084165
11.65048
10.999953
9.482059
7.096796
4.171553
2.003132
0.055804953
-2.8736894
-4.82952
-4.8252683
-4.718973
-4.1747417
-3.6347628
-3.7453096
-3.2010784
-2.444257
-1.3600464
1.5736997
3.414732
3.189386
5.0346694
6.7736583
5.6809444
6.008333
6.769407
6.2251754
6.769407
5.6809444
4.37564
3.2956812
2.972544
1.565196
-0.603225
-1.5768886
-2.6568472
-5.050614
-4.940067
-4.1832457
-2.5548038
-1.6874356
0.1621001
0.9231734
-0.058993805
0.48523736
2.6536584
3.299933
4.056754
6.7736583
9.163173
9.592606
10.243132
9.596858
8.397848
8.397848
7.6410265
6.7736583
5.4726057
5.4768577
3.954711
2.1094272
0.3746904
-0.59897316
-1.3557947
-2.5505521
-1.678932
-1.1389525
-0.81581527
-0.70952016
-0.38638288
0.04730134
0.26414344
1.6757431
3.848416
4.0610065
6.2336793
6.2251754
7.096796
8.614691
9.809448
9.8137
9.486311
9.163173
7.207342
6.8799534
7.207342
6.5525646
6.9905005
6.9905005
5.90629
5.4726057
5.799995
4.2778482
3.406228
4.167301
4.0610065
3.189386
2.5388596
1.7777863
2.8705006
3.1936376
2.5388596
4.065258
3.844164
3.8399122
4.4946904
5.1452165
6.012585
6.339974
6.012585
5.795743
7.207342
7.6410265
9.486311
11.331594
11.761026
12.955785
13.60631
12.628395
11.544185
12.411553
11.327342
10.566269
10.787363
9.265217
8.181006
7.747322
6.4462695
6.450521
3.844164
2.8662488
2.8705006
1.7820382
1.1357636
-0.8200671
0.9189216
0.3746904
0.15359649
2.1094272
2.7557018
5.90629
7.7515736
7.853617
9.265217
11.765279
10.889407
12.301006
13.385218
14.690521
15.341048
16.208416
15.557889
14.584226
13.60631
11.977869
11.004206
9.486311
7.5347314
5.1452165
3.6273217
2.7599535
1.565196
0.69782764
1.5694479
1.4589009
1.7862899
1.6757431
1.12726
2.9767957
3.5167751
5.578901
7.207342
7.857869
9.703153
10.459974
12.415805
13.9337
14.473679
14.039994
14.579974
14.14629
13.929449
14.477931
13.504267
11.221047
11.2253
10.247384
8.512647
7.6452785
5.583153
4.0610065
3.1936376
5.0431733
4.4989424
4.0610065
5.1494684
4.4989424
4.167301
5.578901
6.7736583
7.4241843
7.5304804
8.835785
9.052627
9.592606
8.725238
10.89791
11.437889
11.654732
12.088415
12.092668
11.437889
11.004206
10.7916155
11.119004
9.596858
10.251636
9.924246
8.2915535
8.835785
8.2915535
7.203091
6.875702
7.857869
7.9684157
7.096796
7.4241843
7.8621206
6.7736583
6.9905005
7.4284363
5.578901
7.1010475
6.9905005
7.7515736
7.207342
7.7515736
7.7515736
7.7515736
8.295805
7.8621206
8.406352
8.623194
8.950583
8.4021
9.163173
9.163173
8.074712
7.6410265
8.4021
7.6410265
7.5347314
6.7736583
7.1010475
7.7558255
7.7558255
7.4284363
7.1010475
6.667363
7.317889
8.078962
8.512647
8.618942
9.707404
8.406352
8.512647
9.277972
7.8621206
8.512647
7.9684157
8.950583
8.618942
8.4021
8.2915535
7.857869
9.052627
7.857869
7.5347314
6.667363
6.2336793
6.450521
6.454773
6.2336793
5.90629
6.77791
6.7736583
7.317889
6.8799534
7.317889
7.9726677
8.516899
7.8621206
8.078962
8.406352
8.512647
9.6011095
9.707404
8.185258
8.729489
8.946331
7.9684157
7.8621206
8.406352
7.9726677
7.3221416
6.348478
5.2600155
5.0431733
6.0210886
5.583153
6.1273837
6.016837
6.1273837
5.6937
6.237931
5.1494684
5.2557635
6.671615
6.237931
6.561068
6.123132
7.7558255
8.078962
8.406352
8.950583
7.8621206
8.189509
7.9769197
7.3221416
7.538984
7.9769197
7.649531
6.8884573
6.671615
5.9105415
5.2600155
6.671615
6.454773
4.8220797
4.826331
4.3926473
4.2863517
3.7421207
2.5431116
4.065258
3.3041847
4.1758046
4.2821
4.6094894
4.3926473
4.4989424
5.3663106
5.2600155
6.454773
5.799995
7.2158465
7.3221416
7.2158465
8.521151
7.3221416
8.083215
9.061131
8.410604
7.7558255
7.1052995
7.760078
7.3263927
6.348478
5.264267
4.720036
4.6094894
4.503194
3.848416
4.3926473
4.503194
3.848416
3.9589627
4.065258
4.503194
4.503194
5.1537204
4.715784
6.56532
5.4726057
7.1052995
6.9947524
6.667363
8.410604
7.8663726
6.8884573
7.2158465
7.3263927
6.6758666
6.4590244
6.4590244
5.2600155
5.2600155
6.56532
6.237931
6.7821617
7.764329
5.8084984
4.94113
3.9589627
4.94113
3.9589627
4.065258
5.1537204
4.826331
5.5874047
6.1316357
5.5874047
5.3705626
5.5874047
5.6979513
5.804247
6.0210886
6.348478
6.671615
6.454773
6.9990044
6.8884573
5.799995
8.087466
6.9990044
7.3263927
7.3263927
6.348478
6.2421827
6.0210886
5.3705626
5.481109
5.4853616
5.591656
4.613741
4.503194
4.2863517
3.7421207
4.830583
4.613741
3.9589627
4.6094894
5.0474253
5.264267
5.6979513
6.2421827
5.1537204
5.4768577
5.1494684
4.826331
5.804247
6.7821617
6.0210886
6.9990044
6.3442264
6.3442264
7.3263927
6.7821617
6.0210886
7.3263927
6.3442264
6.454773
7.760078
7.2158465
6.016837
7.109551
6.671615
5.4768577
6.0253406
5.6979513
5.3748145
5.8084984
4.3926473
5.1537204
5.8084984
5.6979513
5.3705626
7.220098
6.892709
5.9105415
7.649531
6.237931
7.2158465
7.760078
6.9990044
6.454773
7.3263927
6.671615
6.671615
6.561068
6.454773
7.1052995
6.016837
5.4768577
5.804247
5.6979513
6.348478
6.237931
5.0431733
6.1316357
5.6937
6.0210886
6.348478
6.454773
5.914794
6.348478
6.1316357
6.4590244
5.914794
5.5874047
6.4590244
6.237931
5.6937
6.1273837
6.454773
7.760078
8.083215
8.410604
8.083215
7.2115946
6.9947524
8.189509
7.6452785
8.406352
8.729489
9.380016
10.034794
9.486311
9.269468
8.729489
8.835785
8.512647
8.185258
8.512647
7.7515736
8.516899
7.9684157
8.185258
8.512647
8.840036
9.490562
8.618942
8.2915535
8.946331
8.729489
9.167425
9.27372
9.27372
10.251636
10.247384
10.681068
10.787363
11.548436
11.871573
11.658983
11.442142
10.464226
10.1410885
10.251636
9.052627
9.703153
10.89791
10.136837
11.331594
10.787363
10.89791
11.880077
11.442142
10.464226
10.89791
10.902162
9.919995
10.464226
10.464226
11.2253
11.442142
12.420057
11.765279
11.548436
11.986373
11.335847
11.119004
10.1410885
10.902162
10.574773
9.8137
10.1410885
10.68532
10.68532
11.446393
11.552689
11.442142
11.442142
11.765279
10.02629
11.442142
11.331594
11.437889
12.203215
12.203215
11.004206
10.893659
10.787363
11.221047
11.004206
11.004206
11.658983
11.875826
10.89791
11.119004
10.353679
10.247384
10.247384
10.676816
10.787363
11.331594
11.008457
10.681068
10.136837
9.919995
9.375764
9.919995
9.809448
10.353679
11.114753
10.570521
10.136837
10.89791
10.353679
11.008457
10.464226
10.7916155
10.136837
10.030542
10.030542
10.030542
10.247384
10.243132
11.437889
11.331594
11.548436
11.221047
10.136837
10.136837
10.357931
10.136837
10.89791
10.787363
11.658983
11.221047
11.76953
10.787363
10.89791
10.89791
9.592606
10.353679
10.247384
9.809448
9.703153
10.1410885
9.269468
9.052627
9.924246
9.486311
9.052627
10.030542
10.464226
9.486311
9.596858
9.269468
9.269468
9.703153
9.8137
10.030542
10.574773
10.464226
10.136837
10.7916155
10.136837
8.8315325
9.486311
8.725238
9.163173
9.924246
9.707404
8.840036
8.729489
8.729489
8.2915535
9.490562
8.2915535
8.835785
8.946331
9.052627
9.490562
9.380016
9.052627
8.512647
9.8137
9.269468
9.8137
10.136837
9.703153
10.02629
10.681068
10.89791
10.136837
10.464226
10.247384
9.809448
9.486311
9.486311
8.614691
10.68532
9.486311
9.158921
10.464226
9.375764
10.353679
9.919995
10.030542
9.596858
9.703153
9.703153
10.681068
10.89791
10.787363
10.353679
10.570521
10.681068
10.681068
10.681068
9.592606
9.052627
9.163173
8.185258
7.7515736
6.8842053
6.2336793
6.339974
7.1010475
6.9905005
7.317889
6.9947524
6.1273837
5.914794
4.826331
3.737869
4.605237
5.583153
5.90629
6.556816
6.556816
6.556816
5.90629
5.1494684
4.715784
5.1494684
4.3883953
4.605237
5.3663106
4.2735963
5.468354
5.795743
6.450521
6.016837
5.4726057
5.583153
4.171553
4.9326262
3.844164
5.038922
5.4726057
7.1010475
7.5347314
8.074712
7.4241843
6.9905005
6.8842053
5.583153
4.8220797
5.2557635
5.2557635
6.3442264
5.795743
6.450521
6.8842053
7.6452785
6.339974
5.795743
6.450521
4.9326262
4.4946904
5.6937
5.3663106
5.1494684
5.689448
5.578901
5.468354
6.123132
6.7736583
6.123132
5.90629
5.689448
5.583153
4.928375
5.1494684
4.715784
4.605237
4.2778482
4.4946904
4.2735963
4.4946904
4.9326262
4.715784
3.5210268
3.954711
3.3041847
4.065258
3.954711
4.605237
4.8220797
4.7115326
5.3620586
4.6009855
5.799995
3.62307
4.167301
5.038922
5.583153
5.689448
4.928375
5.1452165
5.038922
6.016837
4.3841434
4.3841434
5.038922
4.3841434
4.0610065
4.4989424
3.1936376
3.5210268
4.065258
3.737869
4.4989424
4.4946904
4.167301
4.167301
4.167301
2.972544
3.5167751
3.0830908
2.7557018
3.299933
4.171553
3.7336173
3.7336173
4.8220797
4.8220797
4.605237
5.583153
4.167301
3.7336173
4.171553
4.8220797
3.844164
3.6273217
4.8220797
4.605237
4.3883953
5.038922
4.4946904
3.9504592
5.583153
3.9504592
4.167301
4.171553
2.8662488
3.844164
4.928375
3.7293656
4.490439
3.4019763
4.3841434
3.9504592
3.8399122
4.8220797
4.605237
2.6451547
3.844164
4.167301
3.62307
5.799995
3.9462075
4.056754
4.167301
5.0346694
4.2735963
4.3841434
4.7115326
4.2735963
3.7336173
3.62307
4.056754
4.6009855
5.0346694
4.8178277
3.8399122
4.167301
3.8399122
3.62307
3.9504592
4.171553
3.6273217
3.2956812
3.7336173
4.2735963
3.6188183
4.490439
5.689448
4.1630497
4.056754
4.4946904
3.8399122
3.9504592
4.167301
3.5125234
5.1452165
5.578901
4.7072806
5.3620586
4.8178277
4.056754
4.2735963
5.0346694
3.6188183
5.4726057
4.167301
4.2735963
4.490439
3.9462075
4.7072806
4.924123
5.0346694
5.578901
5.795743
4.8178277
3.4019763
5.578901
4.490439
4.2735963
5.578901
4.2735963
5.140965
4.8135757
5.140965
5.030418
5.795743
4.8178277
4.8178277
5.0346694
5.1452165
5.0346694
4.1630497
5.468354
4.379892
5.251512
5.689448
4.924123
5.251512
6.016837
4.379892
4.056754
5.1452165
4.8178277
4.8178277
4.928375
4.490439
4.8178277
3.6188183
4.7072806
6.123132
4.1630497
5.0346694
4.8178277
4.490439
4.1630497
4.4946904
4.056754
3.5082712
4.490439
4.5967336
4.924123
4.0525026
4.6009855
3.4019763
3.7293656
4.6009855
3.6188183
4.7115326
4.4946904
3.9504592
3.2956812
4.8178277
4.379892
4.490439
4.379892
5.6851964
5.468354
5.357807
5.357807
5.574649
4.5967336
6.4462695
5.136713
4.9198713
6.5525646
5.574649
5.464102
5.574649
5.574649
6.012585
5.6851964
5.140965
5.140965
5.357807
5.140965
4.5967336
6.012585
4.7030287
4.37564
5.6851964
6.1188803
4.924123
6.2294273
6.1188803
5.8977866
5.902038
7.4241843
6.769407
6.114629
7.313638
6.769407
5.8977866
5.902038
5.791491
6.008333
5.24726
5.140965
6.1188803
5.902038
5.24726
5.902038
5.357807
5.24726
5.251512
4.37564
4.269345
5.1452165
4.924123
5.030418
5.030418
5.902038
5.574649
5.24726
5.574649
6.1188803
4.9198713
5.574649
5.791491
5.791491
6.1188803
6.3357224
5.574649
4.8135757
6.4462695
6.008333
6.008333
7.096796
6.3357224
5.791491
6.1188803
5.6809444
5.030418
5.574649
6.8799534
5.791491
6.3357224
5.6809444
4.9198713
5.464102
6.4462695
4.9198713
5.6851964
6.008333
6.1188803
5.353555
6.2251754
5.353555
6.2251754
6.986249
6.986249
6.986249
6.3314705
5.136713
5.6809444
5.8977866
5.791491
5.791491
6.769407
5.6809444
6.663111
6.3357224
5.902038
5.902038
5.6809444
4.1587977
6.012585
6.556816
4.9198713
5.3620586
5.574649
5.357807
5.357807
6.008333
4.9198713
6.008333
6.3357224
5.8977866
6.2251754
6.875702
5.7872396
7.313638
7.096796
5.8977866
6.4420176
6.986249
6.3357224
6.4462695
6.769407
5.5703974
6.008333
7.096796
6.008333
6.769407
6.2251754
6.3357224
7.096796
6.769407
6.769407
6.3357224
6.5483127
6.986249
6.6588597
7.419933
8.074712
7.9641643
7.092544
7.419933
7.526228
7.1988387
7.415681
7.203091
6.4420176
6.114629
7.5304804
7.636775
5.4598503
7.092544
6.3314705
6.875702
6.769407
6.875702
6.986249
5.8977866
5.5703974
6.4420176
6.5483127
6.765155
8.397848
7.526228
7.419933
8.504144
7.1988387
8.614691
7.849365
8.28305
7.9599123
8.393597
8.397848
8.070459
7.309386
7.526228
8.397848
8.176754
7.415681
8.508395
8.504144
7.1988387
7.636775
7.092544
7.203091
6.875702
6.875702
7.747322
8.074712
7.636775
8.181006
8.720985
7.636775
8.504144
8.397848
8.725238
8.504144
7.632523
10.136837
8.720985
8.610438
9.482059
9.482059
9.592606
9.15467
9.592606
8.610438
7.9599123
8.070459
7.309386
8.397848
7.526228
7.526228
7.853617
7.092544
8.074712
7.747322
7.747322
6.6588597
6.875702
7.419933
8.725238
8.614691
9.265217
9.375764
8.82728
9.265217
8.937827
9.265217
8.499891
9.375764
9.482059
9.809448
8.610438
9.371511
8.393597
8.8315325
9.15467
9.265217
8.176754
9.15467
8.393597
9.809448
7.9599123
8.176754
8.504144
7.9599123
8.8315325
10.247384
8.720985
8.720985
9.482059
10.02629
9.044123
9.698901
9.260964
9.150418
10.676816
10.243132
10.676816
10.893659
10.353679
9.588354
9.915743
10.132585
10.353679
9.698901
9.15467
9.482059
10.353679
8.82728
9.371511
9.698901
9.919995
10.02629
8.937827
8.937827
9.698901
10.349427
9.698901
10.136837
9.588354
9.915743
10.243132
10.676816
9.805196
9.698901
10.459974
10.243132
10.02629
10.459974
10.132585
9.698901
9.482059
10.132585
9.698901
9.482059
10.89791
10.136837
8.82728
10.136837
9.482059
9.698901
9.158921
10.136837
10.02629
10.353679
9.482059
10.243132
9.265217
11.114753
10.459974
10.243132
10.676816
10.566269
10.459974
11.437889
10.676816
10.349427
10.566269
11.004206
10.349427
11.1105
10.459974
10.23888
10.243132
9.698901
10.893659
10.570521
10.243132
9.048374
10.247384
9.482059
9.048374
10.247384
10.681068
9.048374
8.614691
9.703153
8.937827
9.919995
10.353679
10.132585
10.89791
10.459974
11.004206
10.787363
11.004206
11.004206
10.459974
9.915743
10.89791
10.459974
9.592606
10.136837
9.809448
9.265217
9.482059
9.919995
10.02629
9.592606
9.269468
9.703153
9.703153
8.614691
9.8137
9.158921
9.592606
9.703153
9.8137
10.136837
10.030542
9.592606
10.243132
9.048374
9.486311
9.375764
9.703153
10.353679
10.464226
10.89791
10.353679
10.02629
10.459974
9.482059
10.02629
10.459974
10.353679
9.265217
9.375764
9.375764
10.030542
9.375764
10.030542
9.703153
10.136837
10.353679
11.114753
9.482059
10.136837
10.136837
10.464226
9.158921
10.681068
10.787363
10.136837
9.919995
10.353679
10.89791
10.681068
10.570521
9.592606
10.89791
10.464226
10.243132
11.114753
9.375764
10.681068
10.464226
9.919995
10.247384
9.919995
10.247384
9.703153
10.030542
9.703153
9.375764
10.136837
10.136837
9.919995
10.247384
9.592606
10.030542
10.247384
10.247384
10.136837
9.158921
10.464226
10.464226
9.919995
10.02629
9.919995
10.570521
10.030542
9.8137
9.486311
9.269468
9.596858
9.380016
9.380016
8.508395
9.375764
10.247384
9.052627
10.574773
10.464226
10.030542
10.574773
10.464226
9.592606
10.681068
10.136837
9.592606
10.136837
10.136837
9.269468
10.030542
9.919995
9.486311
9.486311
8.725238
9.596858
9.269468
9.8137
9.052627
9.380016
10.030542
9.052627
10.574773
10.030542
9.486311
9.596858
9.269468
10.247384
8.725238
9.596858
10.574773
10.7916155
9.596858
9.486311
10.030542
8.835785
8.725238
9.269468
8.835785
9.596858
9.380016
9.924246
8.725238
9.163173
8.946331
9.269468
9.924246
9.269468
10.136837
8.725238
9.924246
9.380016
9.163173
8.725238
9.596858
9.380016
9.924246
9.380016
10.247384
9.919995
9.8137
8.835785
8.508395
9.380016
9.052627
9.380016
9.8137
8.725238
8.835785
9.158921
9.486311
8.508395
9.380016
9.809448
9.703153
9.596858
9.8137
9.596858
9.380016
9.163173
9.052627
9.052627
9.817951
10.030542
9.703153
9.809448
9.919995
10.464226
9.703153
9.596858
9.375764
9.924246
9.486311
9.703153
10.681068
8.94208
9.809448
9.703153
9.703153
10.030542
9.919995
9.375764
10.247384
10.681068
9.375764
9.919995
9.919995
9.052627
9.8137
10.030542
9.592606
10.247384
9.919995
10.02629
10.68532
10.136837
8.725238
10.030542
10.247384
9.375764
10.7916155
10.681068
10.464226
10.136837
10.681068
9.375764
10.247384
10.030542
9.486311
9.486311
10.7916155
10.136837
9.486311
9.703153
8.835785
9.924246
9.269468
8.835785
8.618942
9.486311
8.94208
9.052627
9.596858
8.94208
9.269468
9.269468
9.052627
10.030542
9.269468
9.486311
9.380016
8.835785
8.725238
9.380016
9.163173
8.074712
9.163173
9.052627
8.725238
9.490562
9.596858
9.052627
8.185258
7.857869
8.618942
7.6410265
8.729489
8.618942
8.2915535
7.857869
8.618942
8.618942
8.074712
8.835785
8.618942
9.486311
9.703153
8.835785
9.486311
10.353679
9.592606
9.919995
10.136837
9.809448
9.919995
9.809448
9.375764
9.703153
10.357931
8.725238
9.596858
9.596858
9.486311
8.508395
8.618942
9.269468
9.163173
9.380016
9.052627
8.618942
9.596858
8.725238
9.596858
9.269468
9.486311
9.924246
10.247384
9.596858
9.486311
9.809448
9.486311
10.136837
10.136837
9.375764
9.158921
9.375764
9.703153
9.919995
9.269468
9.924246
8.508395
8.835785
8.618942
9.380016
8.618942
7.857869
8.729489
8.840036
7.6410265
8.618942
9.707404
8.2915535
9.486311
9.052627
9.8137
9.052627
9.486311
9.158921
10.464226
10.136837
10.247384
10.681068
9.919995
10.243132
9.919995
10.030542
9.375764
9.269468
9.8137
9.158921
8.94208
8.508395
9.486311
8.725238
7.9641643
8.725238
8.074712
9.380016
9.486311
9.052627
9.158921
9.269468
9.8137
9.919995
8.8315325
10.464226
9.158921
9.703153
10.136837
9.158921
9.809448
10.030542
10.353679
9.158921
10.136837
9.158921
8.397848
9.269468
8.725238
9.163173
8.4021
7.6410265
8.835785
8.2915535
9.052627
7.9641643
8.508395
8.4021
8.618942
9.8137
8.725238
8.725238
8.94208
8.94208
8.94208
9.486311
9.265217
9.486311
9.919995
8.94208
9.375764
10.464226
9.919995
10.247384
8.504144
9.380016
9.052627
9.052627
8.725238
9.380016
8.508395
7.747322
8.185258
7.4241843
7.7515736
7.6410265
7.7515736
8.512647
8.295805
8.074712
7.9684157
8.4021
7.9641643
9.052627
8.4021
8.725238
8.614691
8.835785
9.269468
8.508395
9.486311
8.614691
8.94208
8.725238
9.596858
8.94208
8.181006
8.725238
9.052627
8.725238
7.6410265
8.185258
7.9684157
7.6410265
7.207342
7.096796
7.7515736
7.9684157
7.857869
7.6410265
7.7515736
7.9684157
8.295805
7.4241843
6.8799534
8.295805
8.295805
8.2915535
7.857869
8.508395
9.380016
8.835785
7.313638
8.508395
8.835785
7.6410265
7.747322
8.618942
7.6410265
7.313638
7.857869
8.295805
7.207342
7.4241843
6.663111
6.9905005
6.2294273
7.317889
7.6452785
6.012585
5.90629
6.339974
7.1010475
6.123132
6.556816
7.8621206
7.207342
6.339974
7.5347314
7.9726677
7.1010475
6.9905005
7.8621206
7.317889
8.078962
7.5347314
7.207342
8.295805
7.4241843
6.663111
7.317889
6.7736583
6.2294273
7.1010475
6.7736583
6.2336793
6.667363
5.689448
5.799995
5.795743
6.450521
5.689448
5.90629
5.689448
5.689448
6.450521
6.450521
6.450521
6.7736583
7.1010475
6.9905005
7.9684157
7.4241843
7.5347314
6.9905005
7.5347314
7.317889
7.1010475
6.2294273
6.123132
6.339974
6.2336793
4.4946904
4.7115326
5.1494684
4.9326262
5.1494684
4.3883953
3.844164
5.1494684
5.3663106
4.605237
5.4768577
5.2557635
5.038922
6.3442264
5.689448
5.578901
6.339974
6.8842053
6.339974
6.7736583
6.012585
6.123132
6.450521
5.90629
6.016837
5.689448
4.2778482
5.1494684
5.2600155
3.6273217
3.954711
4.2821
3.737869
3.737869
4.065258
4.2821
3.737869
4.171553
4.9326262
4.171553
5.038922
4.928375
6.2336793
6.450521
6.450521
5.689448
5.578901
6.2336793
6.123132
5.3620586
6.2336793
6.561068
5.038922
4.8220797
4.605237
4.605237
4.9326262
4.715784
4.9326262
5.4768577
4.8220797
4.171553
5.0431733
4.9326262
4.3883953
4.171553
5.4768577
4.8220797
4.2778482
6.1273837
5.799995
4.4946904
6.016837
5.2557635
5.689448
5.583153
5.4726057
5.4726057
5.90629
6.016837
5.3663106
6.016837
5.689448
5.1494684
4.8220797
5.3663106
5.1494684
4.9326262
4.8220797
4.605237
3.844164
4.9326262
5.0431733
4.0610065
4.605237
4.605237
5.1494684
5.1494684
5.1452165
5.3663106
5.799995
5.038922
5.038922
5.2557635
5.038922
5.689448
5.4726057
6.123132
5.799995
6.1273837
5.4726057
4.928375
5.4726057
6.123132
5.689448
5.4726057
6.561068
6.450521
5.3620586
6.016837
6.450521
6.450521
5.90629
6.016837
6.450521
4.7115326
6.016837
6.1273837
4.4946904
5.2557635
5.4726057
5.2557635
6.2336793
6.2336793
5.2557635
6.016837
6.77791
6.012585
6.123132
6.2336793
7.1010475
6.9905005
6.7736583
7.5347314
6.9905005
7.4241843
6.9905005
7.5347314
7.8621206
7.4241843
6.9905005
7.1010475
7.5347314
6.7736583
7.317889
7.1010475
6.7736583
6.2294273
7.8621206
6.012585
6.2294273
7.1010475
6.7736583
6.556816
7.207342
7.207342
7.4241843
8.295805
8.078962
7.207342
7.857869
8.185258
7.096796
8.4021
8.618942
7.6410265
8.508395
8.835785
8.835785
8.508395
8.725238
9.380016
8.2915535
8.2915535
8.835785
8.2915535
8.618942
8.2915535
8.835785
8.725238
7.857869
8.508395
8.074712
8.2915535
8.4021
8.94208
8.4021
9.486311
8.508395
9.8137
9.486311
8.181006
9.596858
9.703153
9.158921
9.919995
8.614691
9.269468
10.030542
9.703153
9.375764
9.486311
9.048374
10.247384
10.136837
10.030542
10.681068
9.380016
9.703153
8.508395
8.725238
8.835785
9.380016
10.030542
9.809448
10.89791
10.893659
10.893659
9.915743
9.919995
8.8315325
9.269468
10.247384
9.8137
9.052627
8.295805
7.7515736
6.556816
5.4726057
5.90629
7.2115946
6.339974
7.6452785
6.8799534
7.9684157
8.4021
9.486311
9.380016
10.681068
10.247384
10.464226
10.353679
10.89791
10.570521
11.331594
10.570521
11.114753
9.375764
8.725238
9.486311
9.380016
8.508395
8.2915535
8.946331
8.4021
7.6410265
7.6410265
8.078962
8.078962
8.078962
7.857869
9.052627
9.8137
10.353679
10.89791
11.437889
11.331594
10.570521
11.1105
10.787363
10.787363
11.114753
11.548436
11.548436
11.004206
10.02629
10.353679
10.132585
10.02629
9.809448
10.89791
8.725238
8.725238
8.4021
8.512647
7.857869
8.729489
8.835785
7.747322
9.269468
9.163173
8.508395
9.486311
8.835785
8.835785
8.508395
9.490562
9.596858
8.508395
9.596858
9.703153
10.357931
10.247384
8.94208
9.707404
9.052627
8.946331
8.185258
8.946331
7.6410265
7.9684157
8.4021
8.295805
8.074712
7.7515736
7.5347314
7.207342
6.9905005
7.1010475
7.7515736
7.207342
8.078962
7.096796
7.5347314
7.317889
7.4241843
7.8621206
7.207342
7.5347314
7.8621206
7.207342
7.6452785
7.7515736
6.7736583
7.6452785
7.6452785
6.7736583
6.7736583
7.538984
7.5347314
6.667363
7.2115946
6.77791
6.667363
6.339974
5.689448
6.339974
6.450521
6.2336793
6.012585
6.556816
6.123132
6.9947524
5.795743
7.538984
6.339974
5.90629
5.0346694
5.689448
4.7115326
6.3442264
5.689448
5.9105415
6.1273837
5.4726057
5.583153
5.1452165
5.4726057
5.3663106
5.038922
5.2557635
4.4946904
5.3620586
5.3663106
6.667363
6.556816
5.902038
7.207342
7.1010475
6.663111
5.902038
6.450521
4.9326262
4.8220797
4.0610065
4.3883953
6.016837
6.77791
6.667363
5.468354
4.928375
5.4726057
5.1452165
4.6009855
6.3442264
5.583153
5.038922
4.8220797
4.9326262
4.6009855
4.2778482
5.799995
4.0610065
5.4768577
3.844164
5.4768577
5.1494684
4.0610065
5.1494684
4.2821
4.4989424
4.715784
4.605237
4.4946904
5.3663106
4.8220797
4.715784
4.2821
4.065258
2.7599535
3.1936376
2.9767957
3.3041847
2.9767957
4.065258
2.8705006
3.5210268
2.8705006
2.8705006
3.0915945
2.3262694
2.7599535
3.5210268
4.1758046
3.5210268
4.2821
3.737869
3.1936376
3.9589627
3.737869
4.065258
5.0431733
3.954711
4.9326262
4.9326262
4.2778482
4.0610065
4.2778482
5.1494684
3.7336173
5.804247
5.038922
5.2557635
4.171553
4.9326262
4.065258
3.737869
4.065258
3.3041847
3.954711
4.171553
4.2821
5.2600155
3.954711
5.0431733
5.1494684
5.038922
6.1273837
6.561068
6.016837
6.77791
5.4726057
6.3442264
6.450521
6.3442264
6.016837
6.8884573
5.799995
5.2557635
6.3442264
5.799995
5.799995
6.016837
6.3442264
5.3663106
5.799995
6.1273837
5.2557635
5.804247
5.9105415
5.1494684
5.3663106
6.8884573
5.90629
6.016837
5.799995
5.583153
5.3663106
4.4989424
4.715784
5.4768577
6.1273837
6.016837
6.671615
6.339974
5.90629
7.538984
7.6452785
6.77791
7.8663726
6.561068
6.450521
6.77791
7.4284363
7.2115946
7.317889
7.7515736
8.840036
8.078962
8.189509
7.5347314
8.189509
9.061131
8.295805
7.317889
8.078962
7.9684157
7.9684157
6.9905005
8.078962
7.9684157
8.946331
9.380016
9.27372
9.163173
9.490562
9.596858
8.2915535
9.817951
9.596858
9.924246
9.924246
9.269468
10.251636
9.490562
9.052627
9.269468
8.835785
9.596858
9.269468
9.707404
8.618942
8.185258
8.840036
8.729489
8.835785
8.835785
9.163173
8.835785
8.4021
9.163173
8.4021
8.729489
8.840036
7.9684157
7.6410265
8.512647
8.2915535
8.4021
8.185258
8.835785
7.9684157
8.185258
7.9684157
8.729489
7.207342
7.7515736
7.5347314
7.5347314
7.7515736
7.9684157
7.7515736
7.6452785
7.9726677
7.9726677
7.317889
7.8621206
8.295805
7.9684157
8.406352
8.512647
8.4021
8.840036
9.380016
8.618942
8.946331
8.4021
8.618942
8.4021
9.380016
8.074712
8.946331
8.618942
8.946331
8.185258
8.4021
7.9684157
8.946331
7.7515736
8.295805
8.185258
8.185258
8.4021
8.4021
7.6410265
8.729489
9.380016
8.185258
8.618942
8.946331
7.857869
8.4021
8.508395
8.2915535
9.052627
8.4021
7.9684157
8.295805
7.7515736
8.295805
7.317889
7.5347314
7.207342
7.7515736
7.4241843
7.6410265
7.8621206
7.5347314
7.6452785
8.406352
7.5347314
8.295805
7.6410265
7.4241843
8.623194
7.4241843
7.857869
8.512647
8.074712
7.6410265
7.9684157
7.7515736
7.9684157
8.512647
7.4241843
8.729489
7.7515736
7.9684157
8.185258
7.4241843
8.512647
8.185258
8.185258
7.4241843
7.9684157
8.185258
8.4021
7.857869
8.4021
8.2915535
8.2915535
8.074712
9.052627
9.380016
7.9641643
9.163173
8.2915535
7.9684157
7.6410265
8.512647
7.4241843
7.4241843
8.078962
7.5347314
7.7515736
7.6410265
7.4241843
7.4241843
7.4241843
7.6410265
8.618942
9.707404
9.703153
9.592606
9.486311
9.158921
9.486311
8.618942
8.074712
8.4021
7.207342
7.6410265
8.295805
7.9684157
8.078962
7.6410265
6.8799534
7.5347314
6.663111
8.078962
6.8842053
6.663111
7.6452785
7.317889
8.406352
7.5347314
7.7515736
6.663111
8.295805
7.7515736
7.096796
7.9684157
8.185258
7.9684157
7.6410265
7.8621206
7.857869
7.9684157
7.4241843
8.406352
8.078962
8.729489
7.7515736
7.9684157
8.185258
7.313638
7.6410265
8.185258
8.185258
8.512647
8.729489
7.9684157
8.295805
8.729489
8.4021
8.295805
7.096796
7.9684157
8.185258
7.6410265
8.074712
7.7515736
8.729489
7.857869
8.295805
7.9684157
8.078962
8.295805
8.512647
7.9684157
8.185258
8.074712
7.857869
8.729489
8.512647
8.946331
9.163173
8.618942
8.618942
9.163173
8.618942
7.9684157
8.295805
7.857869
8.078962
7.9684157
8.295805
7.7515736
8.295805
7.857869
8.623194
7.5347314
7.313638
7.8621206
8.295805
7.7515736
6.9905005
6.9947524
6.561068
6.2336793
6.016837
6.9990044
6.671615
6.1273837
5.799995
6.8884573
6.450521
6.8842053
7.8621206
8.189509
8.623194
7.317889
9.061131
7.5347314
8.295805
7.4241843
8.185258
8.078962
7.9684157
6.9905005
8.406352
7.9684157
8.078962
7.6452785
7.1010475
8.078962
7.317889
8.078962
7.7515736
7.7515736
7.6452785
8.516899
7.6452785
7.5347314
8.840036
9.27372
8.623194
8.729489
8.4021
8.185258
9.380016
8.508395
9.052627
9.052627
9.817951
8.618942
8.618942
8.185258
9.27372
8.295805
8.946331
8.185258
7.9684157
7.8621206
8.295805
8.078962
7.5347314
8.078962
7.8621206
7.8621206
8.623194
8.078962
7.9684157
8.078962
8.295805
8.078962
8.078962
7.9684157
7.207342
7.9684157
8.729489
7.9684157
9.384267
8.406352
7.7515736
8.406352
8.078962
8.406352
7.6452785
6.9947524
7.4284363
7.7558255
6.8842053
6.8842053
7.6452785
6.8842053
7.4284363
7.317889
7.2115946
7.5347314
7.1010475
7.8621206
8.189509
8.189509
7.1010475
7.7515736
7.7515736
8.295805
8.623194
7.4241843
8.189509
6.9905005
7.5347314
7.8621206
7.6452785
7.317889
7.2115946
7.4284363
7.317889
7.317889
7.6452785
7.5347314
7.6452785
7.6452785
7.7515736
7.7515736
7.5347314
8.189509
8.078962
7.4241843
7.7515736
7.8621206
7.317889
7.7515736
7.317889
6.9905005
6.667363
7.8621206
6.8842053
6.450521
7.538984
7.2115946
6.123132
6.450521
6.123132
6.2336793
6.1273837
6.561068
6.667363
6.9947524
7.4284363
7.6452785
7.317889
6.9905005
7.207342
8.078962
7.9726677
8.078962
7.317889
7.317889
8.733741
7.5347314
7.317889
6.556816
7.4284363
6.667363
6.8884573
5.3620586
5.9105415
6.1273837
5.4768577
5.804247
5.1494684
4.2821
5.2600155
5.804247
4.2778482
6.016837
6.3442264
6.2336793
6.339974
6.8842053
7.317889
8.189509
7.4241843
8.189509
8.078962
7.7515736
8.078962
7.857869
7.7515736
7.6410265
7.6410265
7.7515736
6.9905005
6.556816
6.339974
6.2336793
5.038922
5.038922
5.038922
4.605237
4.8220797
5.4726057
5.2557635
5.038922
6.016837
4.928375
5.4726057
6.016837
6.450521
6.556816
7.9726677
6.8799534
7.207342
8.078962
7.7515736
7.9684157
8.078962
7.7515736
6.663111
7.4241843
7.5347314
6.7736583
7.1010475
7.1010475
6.8842053
7.1010475
5.251512
6.77791
6.561068
5.689448
6.2336793
6.450521
6.339974
6.339974
6.8842053
6.123132
6.556816
7.4284363
7.317889
6.339974
6.2294273
7.317889
7.1010475
6.7736583
7.5347314
7.1010475
6.556816
7.5347314
7.317889
6.8842053
7.4284363
7.538984
6.77791
6.123132
6.2294273
7.2115946
7.6452785
6.450521
6.450521
6.9947524
6.450521
6.556816
6.667363
6.9947524
5.799995
6.450521
6.8842053
6.8842053
7.2115946
7.6452785
7.317889
6.7736583
6.556816
6.667363
7.5347314
6.8842053
6.556816
7.317889
7.207342
6.9905005
6.4462695
7.207342
6.556816
6.667363
6.556816
6.8842053
6.2336793
6.123132
6.667363
6.123132
7.1052995
6.3442264
6.2336793
6.339974
6.123132
6.9947524
7.317889
7.1010475
7.538984
7.7515736
7.1010475
7.317889
7.317889
7.9684157
6.8799534
7.5347314
7.5347314
7.7515736
7.7515736
7.6452785
7.317889
6.339974
6.667363
6.667363
6.450521
6.123132
6.339974
6.8842053
6.2336793
6.123132
7.2115946
6.2336793
6.450521
6.9947524
5.689448
5.90629
6.7736583
7.2115946
7.317889
6.9905005
7.317889
7.317889
8.078962
7.6452785
7.1010475
7.8621206
7.5347314
7.317889
7.207342
7.7515736
6.556816
6.7736583
6.9905005
7.207342
6.4462695
6.7736583
6.8842053
6.339974
6.339974
5.689448
6.667363
6.671615
6.2336793
6.123132
5.689448
7.1010475
6.7736583
7.317889
6.012585
7.2115946
6.7736583
6.339974
7.7515736
6.8799534
7.4284363
7.5347314
7.317889
6.339974
7.4284363
6.7736583
6.339974
6.123132
6.556816
6.77791
6.8842053
6.667363
6.450521
6.667363
5.689448
6.454773
6.3442264
5.038922
5.1494684
5.2557635
5.4726057
5.3663106
5.583153
5.799995
5.583153
6.2336793
6.77791
6.561068
6.556816
6.667363
6.450521
6.561068
6.561068
6.016837
5.0346694
5.2557635
6.016837
6.016837
5.583153
6.237931
5.0431733
5.1494684
4.6094894
3.737869
4.9326262
4.1758046
4.2821
4.826331
4.9326262
4.826331
4.2821
4.3883953
4.4989424
4.3883953
5.1494684
4.8220797
4.3883953
4.9326262
5.038922
5.1494684
6.1273837
6.237931
4.4946904
4.9326262
4.8220797
4.171553
5.0431733
3.5210268
3.954711
4.065258
4.2821
3.737869
3.737869
4.6094894
3.5210268
3.5210268
4.1758046
4.065258
3.631574
4.1758046
3.848416
3.3041847
3.848416
3.5210268
4.2821
4.065258
4.065258
3.737869
4.720036
4.065258
3.5210268
4.936878
3.631574
3.631574
4.1758046
3.5252786
2.9767957
3.414732
3.414732
3.1936376
3.631574
4.065258
3.631574
3.9589627
3.3041847
2.7642052
3.3084364
3.414732
3.7421207
2.7642052
2.9810476
2.8705006
2.4368165
3.1978896
3.631574
2.7642052
2.2199743
3.7421207
3.5252786
2.2199743
3.631574
2.7642052
2.9810476
2.8705006
3.0915945
2.6536584
3.7421207
2.6536584
2.5473633
2.4368165
1.7862899
2.1136792
3.0915945
2.330521
1.7862899
2.5473633
2.2199743
2.2199743
2.1094272
3.1978896
3.0915945
2.2199743
2.4368165
1.8925852
3.3084364
2.9810476
2.2199743
3.6358256
3.414732
1.4589009
2.7642052
2.9810476
2.2199743
3.5252786
3.2021413
3.4189837
2.330521
3.7463725
1.4589009
2.2199743
3.0915945
1.5694479
2.1136792
1.896837
1.6799948
1.5694479
2.4410682
2.3347728
2.330521
1.7862899
2.2199743
3.0915945
1.7862899
2.4410682
3.1978896
2.4410682
1.7862899
2.5473633
2.8747523
2.7642052
2.330521
2.4410682
2.0073838
1.896837
2.4410682
2.4410682
2.4410682
2.330521
2.330521
2.7642052
2.8705006
3.1978896
3.848416
4.503194
4.065258
4.2821
4.4989424
5.1494684
5.1494684
5.1494684
5.038922
5.038922
5.9105415
5.583153
6.123132
5.1452165
6.016837
5.3620586
5.1494684
4.826331
3.414732
2.003132
0.26414344
0.4894892
-1.2494994
-1.4620898
-2.006321
-1.5726367
-1.2452477
-0.81581527
0.70633125
1.0294685
2.65791
3.631574
6.3442264
7.9726677
7.9684157
7.9684157
7.6410265
7.7515736
7.9684157
7.9684157
6.77791
6.237931
4.3926473
3.3041847
2.2199743
1.6799948
1.2463106
0.7020795
0.8126264
2.224226
1.6799948
2.5473633
1.8925852
3.3041847
3.3041847
3.954711
4.8220797
4.9326262
4.605237
4.4946904
5.2557635
5.799995
5.799995
4.3883953
4.171553
3.737869
4.4989424
3.4104798
3.5210268
4.065258
3.0873425
3.737869
4.065258
3.848416
3.3041847
3.414732
2.3262694
2.8705006
2.7599535
3.3041847
3.848416
3.848416
3.1978896
2.8705006
3.3041847
2.9810476
3.3041847
3.5210268
4.065258
4.4989424
3.848416
3.737869
3.5210268
4.065258
3.737869
3.737869
3.3041847
3.954711
3.737869
3.4104798
3.5210268
3.737869
3.954711
3.954711
4.9326262
4.4989424
3.189386
3.844164
3.6273217
3.954711
4.065258
3.6273217
4.065258
4.3883953
4.3883953
4.0610065
4.8220797
4.4946904
4.171553
5.3663106
5.1494684
5.038922
5.583153
5.038922
5.2557635
5.583153
5.3663106
4.8220797
5.799995
5.4726057
5.4726057
5.038922
4.928375
5.2557635
4.4946904
3.4104798
4.826331
3.954711
3.954711
4.715784
3.954711
4.605237
4.4989424
4.171553
3.844164
4.171553
5.4768577
5.6937
6.016837
6.2336793
5.1452165
7.1010475
7.1010475
7.1010475
6.663111
7.317889
6.7736583
7.1010475
7.8621206
6.123132
6.3442264
6.016837
5.583153
4.8220797
4.8220797
5.3663106
4.2778482
4.3883953
3.4104798
4.171553
3.954711
3.6273217
3.844164
5.4768577
4.8220797
5.3663106
5.799995
5.689448
6.016837
5.1452165
6.016837
6.2336793
6.450521
5.90629
5.4726057
6.016837
6.016837
5.2557635
5.583153
5.799995
6.2336793
4.7115326
4.605237
5.3663106
4.715784
4.0610065
4.4989424
3.954711
4.2821
4.4989424
4.171553
4.2821
4.826331
3.844164
3.4104798
4.4989424
4.826331
4.2821
4.171553
4.171553
4.171553
4.8220797
4.605237
4.3883953
5.6937
5.1494684
4.4989424
5.0431733
4.715784
5.0431733
4.2821
3.3041847
4.1758046
4.06951
3.414732
2.2199743
2.7642052
2.7642052
2.224226
1.4631528
0.9189216
1.1400155
-0.058993805
-0.38213107
-1.0369092
0.26839525
0.26414344
0.15359649
2.8705006
3.0873425
4.171553
4.9326262
4.0610065
5.5874047
4.9326262
4.9326262
5.1537204
5.1537204
5.1537204
3.631574
3.0873425
2.4368165
2.4368165
2.7642052
2.330521
1.2420589
1.7862899
2.7642052
3.6358256
2.5473633
1.896837
2.1136792
3.1978896
3.3084364
2.8747523
2.9810476
3.1978896
3.414732
3.631574
3.1978896
4.1758046
4.936878
4.936878
5.1537204
5.4768577
4.605237
5.038922
5.4768577
3.954711
3.848416
3.848416
2.8705006
2.8705006
2.8747523
2.9810476
1.5694479
1.5694479
2.0073838
2.1136792
2.5473633
3.414732
4.1758046
4.1758046
3.5210268
3.3041847
4.4989424
4.826331
3.848416
4.1758046
3.414732
3.5210268
3.7421207
3.7421207
3.631574
3.5210268
3.848416
4.065258
4.065258
4.1758046
4.2821
4.2821
4.2821
4.715784
4.0610065
3.848416
3.848416
4.1758046
3.3041847
4.065258
4.830583
3.848416
3.7421207
2.6536584
2.3262694
2.8705006
3.5210268
3.9589627
3.848416
4.065258
2.6536584
3.9589627
4.1758046
3.9589627
3.954711
4.065258
3.737869
6.0210886
5.6937
4.826331
4.2821
3.3041847
3.631574
3.3041847
3.848416
3.414732
3.414732
3.3041847
3.1978896
4.06951
2.7642052
2.8705006
2.7642052
3.3041847
3.631574
3.414732
4.1758046
3.848416
4.171553
4.6094894
3.954711
3.5210268
4.2821
5.0431733
4.4989424
4.3926473
3.631574
3.414732
3.631574
3.414732
4.826331
4.826331
3.6273217
5.6979513
4.826331
3.954711
4.6094894
3.848416
4.936878
4.2821
4.2821
4.6094894
5.5874047
5.1494684
5.2557635
5.583153
4.8220797
5.5874047
5.2600155
3.954711
4.715784
4.6094894
4.9326262
4.9326262
5.3663106
4.605237
4.605237
5.4768577
6.1273837
5.2557635
4.8220797
4.605237
5.1494684
5.583153
4.715784
5.0431733
4.715784
5.804247
5.1494684
5.583153
5.3663106
5.4768577
5.3663106
5.038922
4.715784
5.0431733
5.1494684
5.2600155
6.3442264
5.2557635
5.3620586
6.77791
6.450521
6.450521
5.3620586
6.1273837
5.9105415
6.3442264
5.583153
6.016837
6.339974
6.77791
6.8842053
6.8842053
6.667363
7.2115946
5.90629
5.2557635
5.038922
5.2557635
5.583153
5.2557635
5.038922
6.3442264
6.561068
6.450521
5.3620586
5.90629
6.667363
5.583153
6.3442264
5.583153
5.583153
5.799995
7.6452785
7.9684157
8.508395
9.486311
9.375764
9.919995
10.570521
10.136837
10.464226
10.353679
9.809448
9.809448
10.570521
10.247384
9.703153
9.269468
7.9641643
8.4021
8.508395
7.313638
7.313638
8.078962
8.618942
9.490562
9.8137
8.835785
9.8137
10.570521
10.349427
11.654732
12.088415
12.5220995
13.500016
11.867322
12.305258
12.088415
10.676816
10.570521
10.89791
10.247384
9.8137
9.163173
9.052627
9.158921
9.592606
10.681068
10.243132
9.919995
10.681068
10.787363
11.548436
10.89791
11.331594
10.676816
10.243132
11.9821205
11.654732
10.349427
11.875826
11.331594
11.327342
11.221047
11.437889
12.088415
10.566269
11.437889
10.353679
10.353679
11.114753
11.331594
10.676816
11.437889
11.221047
11.327342
11.871573
11.977869
11.544185
11.654732
12.198963
11.433638
11.327342
12.198963
12.415805
11.1105
11.221047
11.871573
10.676816
10.893659
11.004206
11.004206
11.654732
11.221047
11.871573
12.305258
11.1105
11.9821205
11.327342
11.871573
12.088415
12.738942
12.955785
12.411553
12.088415
12.088415
10.783112
11.437889
11.221047
11.004206
11.548436
11.331594
11.1105
10.243132
11.004206
9.698901
9.809448
11.221047
10.893659
11.437889
11.437889
12.088415
11.1105
11.221047
11.437889
11.221047
11.327342
11.437889
11.9821205
11.977869
12.5220995
11.761026
11.327342
11.761026
11.1105
11.1105
11.871573
11.867322
12.305258
12.632647
11.977869
11.654732
11.9821205
11.9821205
11.327342
12.415805
12.305258
11.216796
12.305258
12.088415
12.305258
12.194712
12.632647
11.9821205
13.066331
12.5220995
12.194712
11.977869
12.194712
13.278922
13.1726265
12.5220995
12.849489
12.738942
12.194712
11.1105
11.327342
11.544185
10.999953
11.654732
11.327342
11.221047
11.871573
11.327342
10.893659
12.088415
11.761026
12.305258
12.088415
12.738942
12.738942
13.066331
12.632647
12.738942
12.305258
13.283173
13.283173
12.301006
12.849489
12.088415
12.088415
12.088415
12.198963
12.088415
11.548436
11.1105
11.765279
11.437889
10.566269
10.999953
11.1105
12.088415
12.301006
13.9337
14.039994
14.039994
13.823153
13.389469
13.9337
13.716857
13.60631
14.367384
13.60631
13.712605
12.190459
10.783112
10.349427
10.353679
8.835785
8.185258
8.623194
6.8842053
5.3620586
6.454773
5.799995
6.667363
6.339974
5.795743
7.9684157
7.4241843
6.8799534
8.508395
9.265217
10.893659
11.327342
11.327342
10.783112
11.1105
10.893659
10.566269
11.437889
11.1105
11.437889
10.676816
9.698901
10.136837
10.357931
9.596858
8.295805
8.623194
8.078962
8.078962
8.4021
8.618942
10.468477
11.2253
11.004206
11.765279
12.088415
11.544185
11.327342
11.761026
12.415805
11.221047
10.893659
10.681068
8.94208
9.375764
9.919995
8.94208
10.357931
9.919995
9.158921
8.618942
8.2915535
8.4021
7.857869
8.4021
8.835785
9.052627
8.181006
9.269468
10.353679
9.809448
10.464226
10.893659
11.221047
11.004206
11.548436
10.893659
10.676816
10.893659
12.30951
11.9821205
10.353679
10.247384
10.681068
9.486311
9.8137
9.269468
8.508395
9.703153
9.375764
10.136837
9.809448
10.136837
9.048374
9.380016
9.486311
9.919995
9.919995
10.243132
10.243132
9.265217
9.809448
10.02629
10.02629
10.787363
11.331594
11.114753
11.004206
10.353679
10.02629
10.02629
9.482059
9.592606
10.89791
10.132585
10.02629
9.809448
10.89791
9.592606
10.243132
10.243132
11.331594
9.915743
10.247384
9.158921
9.8137
10.247384
9.375764
9.703153
9.919995
9.919995
9.375764
10.136837
9.592606
10.136837
10.787363
10.89791
9.375764
9.375764
9.703153
9.269468
8.94208
9.375764
9.596858
9.048374
9.919995
9.158921
8.725238
8.508395
8.835785
9.052627
8.94208
9.380016
9.269468
9.269468
9.158921
9.592606
9.052627
9.052627
9.052627
7.857869
8.618942
8.074712
8.185258
8.185258
7.9684157
7.8621206
7.5347314
8.4021
7.4241843
7.313638
7.9684157
7.6410265
7.9684157
7.6410265
8.295805
7.9684157
8.074712
7.7515736
7.857869
7.7515736
7.096796
8.512647
8.078962
7.7515736
8.295805
7.9684157
6.9905005
7.7515736
7.6410265
6.9905005
7.317889
7.4241843
6.8842053
6.339974
6.8842053
6.7736583
6.556816
6.7736583
7.8621206
7.7515736
6.9905005
6.4462695
7.317889
6.9905005
7.4284363
7.6452785
7.317889
6.667363
6.8842053
7.2115946
7.7515736
7.4284363
6.7736583
6.339974
6.556816
7.1010475
6.2294273
7.538984
6.012585
6.339974
5.799995
5.2557635
4.8220797
5.1494684
5.038922
4.928375
5.2557635
5.1494684
4.3883953
4.8220797
5.1494684
3.954711
4.2821
4.605237
3.4104798
4.715784
4.4989424
4.3883953
4.715784
4.171553
3.5210268
3.848416
3.414732
3.3041847
3.737869
4.1758046
3.3041847
3.848416
3.848416
3.3041847
3.631574
3.631574
3.954711
3.631574
3.1936376
3.7421207
2.2157223
2.6536584
3.3084364
3.3084364
2.9810476
2.003132
2.4368165
3.631574
2.7642052
2.2199743
2.9810476
4.1758046
4.065258
4.3883953
4.0610065
4.171553
3.737869
3.631574
3.631574
2.4368165
2.8747523
1.2420589
1.7862899
1.0252168
1.1357636
1.1357636
1.3526058
1.3526058
2.4368165
2.003132
3.6358256
3.1978896
3.631574
3.0873425
3.414732
3.3041847
2.9767957
4.1758046
3.737869
3.3041847
4.065258
3.631574
2.7599535
2.8705006
3.414732
3.414732
3.3041847
3.3084364
1.7862899
2.330521
1.896837
1.896837
1.3526058
0.7020795
0.1578483
0.7020795
0.8083746
1.0252168
2.1136792
2.5473633
2.5473633
2.9810476
2.003132
2.4368165
2.7642052
2.003132
2.9810476
4.3926473
4.065258
4.065258
3.6273217
4.6094894
4.065258
3.3041847
3.414732
3.1978896
2.4368165
3.9589627
3.1936376
3.0873425
2.7642052
2.4368165
2.1136792
2.330521
2.5473633
2.8705006
3.414732
2.4368165
2.5431116
2.7599535
2.8705006
3.5210268
3.3041847
3.5210268
3.3041847
4.2863517
4.1758046
3.5210268
3.414732
3.0873425
3.631574
4.065258
4.2863517
3.9589627
3.5210268
4.6094894
4.4989424
4.4989424
3.0830908
4.2821
4.715784
3.1936376
4.2821
3.954711
3.954711
4.715784
3.4104798
4.3883953
3.954711
3.848416
3.5210268
3.1936376
3.5210268
3.4104798
4.065258
4.826331
3.848416
3.737869
3.5210268
4.8220797
4.8220797
4.605237
4.6009855
5.038922
4.928375
5.799995
6.016837
6.1273837
5.2557635
4.8220797
4.2778482
5.3663106
5.90629
5.038922
5.90629
5.2557635
5.3620586
5.90629
5.3620586
4.7115326
6.016837
5.689448
6.016837
6.016837
4.928375
5.799995
6.450521
5.795743
5.90629
6.556816
7.1010475
6.7736583
6.7736583
6.2294273
6.4462695
6.9905005
6.012585
7.4241843
7.207342
7.7515736
7.8621206
7.207342
6.8799534
7.096796
7.7515736
6.986249
7.857869
7.207342
7.6410265
7.313638
7.9684157
7.6410265
7.313638
7.6410265
7.6410265
8.295805
8.2915535
8.181006
8.2915535
9.269468
8.397848
7.9641643
8.725238
8.181006
8.508395
9.269468
8.070459
9.486311
9.486311
9.048374
9.919995
10.353679
9.048374
9.158921
9.048374
9.592606
9.375764
9.375764
9.919995
9.703153
8.725238
9.158921
9.375764
9.482059
9.592606
9.375764
9.592606
9.592606
9.592606
9.482059
10.243132
10.459974
10.999953
10.349427
11.437889
11.004206
10.787363
10.459974
10.570521
9.482059
9.809448
9.375764
8.181006
6.875702
7.096796
6.6588597
7.6410265
7.636775
7.853617
9.265217
9.265217
10.030542
9.809448
8.287301
9.703153
9.482059
9.698901
10.893659
10.132585
10.566269
11.1105
10.6725645
10.6725645
10.893659
11.221047
9.15467
9.375764
8.94208
9.486311
8.725238
7.747322
8.614691
8.725238
8.614691
9.269468
10.030542
8.070459
9.048374
9.698901
9.482059
10.353679
10.459974
10.676816
10.676816
11.654732
11.437889
11.65048
11.106249
10.566269
10.889407
11.327342
11.437889
9.698901
9.915743
10.136837
8.82728
9.809448
10.132585
10.459974
9.592606
9.592606
9.482059
9.15467
9.265217
9.698901
9.698901
10.676816
10.23888
11.548436
10.0220375
9.371511
10.02629
10.132585
9.698901
10.243132
9.809448
10.136837
9.15467
9.915743
9.698901
10.132585
10.893659
10.132585
10.676816
10.676816
9.915743
10.243132
10.459974
9.592606
9.809448
9.265217
9.158921
9.269468
8.397848
7.313638
7.313638
8.074712
6.5525646
7.4241843
8.185258
7.5304804
7.313638
8.4021
8.2915535
8.185258
8.618942
9.052627
7.747322
8.181006
8.397848
8.181006
9.375764
8.614691
8.835785
8.725238
8.2915535
7.4241843
6.4420176
7.096796
8.729489
7.313638
7.857869
7.7515736
7.317889
6.5525646
7.096796
6.5525646
7.203091
7.4241843
7.5347314
7.313638
7.207342
7.096796
7.313638
7.6410265
6.986249
7.747322
8.508395
9.158921
8.504144
9.592606
10.030542
9.375764
9.482059
8.8315325
8.8315325
9.048374
9.375764
10.353679
9.588354
9.048374
9.482059
9.158921
8.725238
7.857869
6.5525646
6.4462695
6.2294273
6.667363
5.799995
5.038922
5.3663106
4.715784
5.1494684
6.016837
6.450521
6.663111
7.207342
7.4241843
7.4241843
9.163173
8.618942
8.94208
10.136837
8.504144
9.158921
9.809448
8.94208
10.247384
9.919995
9.375764
9.375764
9.375764
9.048374
9.265217
8.8315325
8.070459
8.725238
8.397848
8.725238
8.618942
8.618942
6.765155
7.313638
7.5304804
7.5304804
7.419933
8.2915535
8.8315325
9.371511
9.265217
10.243132
10.787363
10.459974
9.915743
10.459974
10.676816
9.805196
10.893659
10.676816
11.437889
10.999953
10.349427
10.893659
11.004206
10.893659
10.243132
8.937827
10.02629
10.787363
9.915743
10.243132
9.809448
10.787363
10.676816
10.349427
10.999953
11.221047
10.455723
10.999953
10.566269
10.566269
11.1105
10.783112
11.871573
11.327342
11.977869
12.411553
11.867322
11.544185
11.433638
11.323091
12.194712
11.65048
11.977869
12.084165
12.301006
12.628395
12.194712
11.65048
11.977869
11.216796
11.871573
11.65048
11.761026
11.65048
11.539933
11.761026
11.977869
11.977869
11.65048
12.194712
12.738942
11.65048
11.977869
12.194712
11.65048
11.433638
11.216796
11.977869
11.433638
12.955785
12.845238
12.411553
12.411553
11.323091
11.65048
11.216796
11.761026
11.65048
11.65048
11.977869
11.867322
12.084165
12.628395
13.1726265
12.845238
12.845238
12.845238
13.389469
13.60631
13.062079
13.712605
15.01791
13.274671
13.712605
14.473679
13.818902
13.818902
13.929449
14.035743
13.818902
12.951532
13.823153
13.062079
13.389469
13.712605
13.495763
13.385218
13.818902
13.929449
13.929449
13.274671
13.278922
13.495763
13.491511
13.712605
13.818902
14.907364
15.668436
14.907364
15.451593
14.579974
13.708355
14.14629
14.690521
14.252585
14.363132
14.035743
15.124206
14.907364
13.712605
13.929449
13.929449
13.818902
13.925196
15.447342
15.013659
14.690521
15.451593
13.708355
14.796817
15.774733
14.796817
14.792564
15.230501
15.557889
14.575723
15.013659
15.013659
14.796817
15.234753
15.230501
14.469427
14.801068
14.903111
13.818902
14.14629
14.14629
13.929449
13.818902
14.14629
13.491511
14.256837
13.385218
14.14629
14.039994
13.823153
13.385218
13.168375
13.818902
14.690521
14.801068
13.274671
13.818902
13.602058
14.14629
14.469427
14.469427
14.68627
14.363132
15.774733
14.903111
15.124206
15.88528
15.124206
15.668436
14.579974
14.14629
14.363132
14.690521
14.68627
14.796817
14.363132
15.234753
14.14629
14.150541
13.929449
13.60631
14.039994
13.389469
13.062079
12.955785
13.60631
12.845238
12.628395
13.9337
13.60631
12.5220995
12.411553
12.411553
13.1726265
12.628395
12.628395
13.389469
12.084165
12.628395
12.084165
11.867322
12.845238
12.845238
11.867322
12.955785
11.756775
11.323091
12.194712
11.977869
11.977869
12.5220995
11.977869
10.999953
11.654732
10.566269
10.676816
11.331594
11.221047
11.004206
10.787363
11.221047
10.349427
9.482059
9.592606
10.353679
9.919995
10.02629
9.919995
10.02629
10.676816
10.570521
10.459974
10.676816
10.570521
11.221047
10.459974
11.548436
10.676816
9.915743
10.787363
9.375764
9.809448
9.048374
9.919995
9.919995
9.375764
9.703153
9.052627
8.397848
8.508395
8.835785
8.508395
8.2915535
9.486311
9.265217
8.725238
9.596858
9.8137
8.2915535
8.397848
9.158921
8.397848
10.247384
9.158921
9.703153
9.592606
9.158921
8.8315325
9.158921
9.8137
9.269468
9.703153
9.158921
8.94208
9.269468
8.181006
8.618942
9.596858
8.725238
9.052627
10.574773
8.397848
9.380016
9.052627
8.614691
8.835785
9.052627
7.857869
8.4021
7.857869
8.185258
7.4241843
7.6410265
8.185258
8.4021
9.052627
9.596858
9.269468
9.592606
9.158921
8.508395
9.269468
8.94208
8.508395
9.269468
9.486311
9.375764
9.592606
11.004206
10.243132
10.459974
10.676816
9.482059
9.809448
9.919995
9.486311
9.596858
8.4021
8.074712
7.9684157
8.835785
8.508395
9.163173
8.835785
8.94208
8.725238
8.725238
9.486311
9.919995
9.703153
8.8315325
10.353679
10.676816
11.765279
11.331594
11.9821205
10.893659
11.004206
10.676816
11.331594
10.570521
10.459974
10.353679
9.809448
9.8137
9.486311
10.136837
9.592606
10.02629
10.570521
9.915743
10.676816
11.1105
11.221047
11.871573
12.305258
12.194712
12.849489
12.411553
12.849489
12.955785
12.411553
11.761026
12.305258
11.654732
11.437889
10.349427
9.915743
10.787363
10.459974
11.004206
10.349427
10.566269
11.871573
11.437889
11.765279
11.548436
11.004206
11.221047
11.765279
10.566269
9.915743
10.570521
10.353679
10.243132
10.243132
11.331594
11.654732
11.654732
11.437889
11.548436
11.327342
11.437889
11.221047
11.437889
11.871573
11.1105
12.088415
12.194712
12.411553
12.632647
11.977869
11.327342
11.327342
10.999953
10.676816
11.548436
11.221047
9.482059
10.570521
10.132585
10.02629
10.893659
10.566269
11.437889
11.1105
12.305258
11.221047
11.216796
11.1105
11.004206
11.654732
11.327342
11.871573
12.198963
11.437889
11.216796
12.088415
12.415805
10.999953
10.999953
11.221047
10.999953
11.1105
11.654732
11.221047
11.327342
11.437889
10.893659
10.893659
11.221047
11.221047
11.1105
10.893659
11.1105
10.676816
10.783112
11.654732
10.455723
11.216796
11.437889
11.871573
11.9821205
11.221047
11.221047
10.893659
11.437889
10.893659
11.437889
11.9821205
11.9821205
11.761026
10.783112
11.871573
12.632647
11.654732
10.999953
10.676816
10.676816
11.331594
11.1105
11.221047
12.198963
11.654732
10.349427
11.871573
11.765279
11.544185
11.871573
11.654732
11.221047
11.221047
10.787363
11.437889
10.459974
11.221047
11.437889
10.893659
10.243132
11.004206
10.349427
10.136837
9.592606
10.136837
9.269468
9.486311
9.8137
9.592606
9.375764
9.592606
10.136837
10.787363
10.570521
10.676816
11.1105
10.459974
11.9821205
11.654732
11.977869
11.871573
11.977869
12.088415
13.283173
12.628395
11.977869
11.761026
12.194712
11.327342
11.654732
10.349427
8.504144
8.4021
7.317889
5.3620586
5.795743
5.90629
7.1010475
6.663111
6.8842053
8.078962
8.4021
9.052627
9.486311
10.353679
11.221047
11.437889
11.871573
10.893659
10.566269
11.548436
9.809448
9.052627
8.618942
7.857869
7.7515736
6.556816
7.4241843
6.7736583
7.8621206
7.8621206
6.9905005
7.2115946
7.1010475
7.9684157
8.078962
7.096796
7.7515736
8.618942
8.074712
8.2915535
8.185258
8.4021
8.4021
7.9684157
8.623194
7.5347314
7.1010475
6.663111
7.1010475
6.556816
6.8842053
6.9947524
6.667363
6.561068
6.2336793
7.1010475
6.77791
5.4726057
6.2336793
5.90629
5.3620586
6.667363
6.339974
5.3620586
5.578901
5.689448
4.928375
5.3663106
5.3663106
4.4989424
3.737869
3.737869
2.9767957
3.3041847
3.414732
3.737869
3.737869
4.171553
6.454773
6.561068
5.90629
5.4726057
7.2115946
6.8842053
6.4462695
6.8799534
7.096796
7.6410265
7.313638
8.295805
7.4241843
6.9905005
6.8842053
6.3442264
5.2557635
4.171553
4.2821
4.3883953
4.2821
3.954711
5.4768577
3.844164
3.954711
4.8220797
4.8220797
4.171553
4.8220797
5.3663106
6.2336793
6.016837
5.90629
6.450521
6.667363
5.90629
6.556816
7.6452785
6.8842053
6.556816
6.2336793
5.90629
5.2557635
5.1494684
5.2557635
5.799995
4.9326262
4.605237
5.1494684
5.4768577
4.605237
4.8220797
4.9326262
4.715784
4.9326262
4.8220797
4.9326262
4.171553
4.715784
4.171553
4.4989424
5.3663106
5.038922
5.1494684
5.6937
5.038922
4.2778482
5.1494684
4.715784
4.4989424
5.3663106
5.2557635
6.3442264
5.9105415
5.799995
5.799995
5.799995
5.90629
6.77791
5.4726057
5.799995
6.016837
6.016837
5.4726057
6.2336793
5.689448
5.689448
5.2557635
4.928375
6.1273837
5.689448
5.2557635
5.2557635
5.583153
5.799995
6.016837
6.016837
6.016837
5.90629
6.2336793
5.2557635
5.799995
6.016837
5.799995
5.90629
6.561068
5.799995
5.038922
6.2336793
5.90629
7.1052995
7.2115946
6.123132
6.339974
6.012585
6.667363
6.450521
6.667363
5.795743
6.339974
6.7736583
6.667363
6.123132
6.2336793
6.561068
4.928375
5.4726057
5.583153
5.038922
5.9105415
5.583153
5.799995
5.583153
5.799995
6.016837
5.4726057
5.90629
5.2557635
5.583153
6.016837
5.689448
6.450521
6.667363
6.2336793
6.339974
6.556816
5.578901
5.795743
6.016837
4.7115326
4.8220797
6.016837
6.016837
5.2557635
6.016837
6.016837
6.2336793
5.799995
5.689448
6.016837
5.3620586
5.2557635
6.1273837
5.689448
6.2336793
6.556816
6.123132
6.8842053
7.6452785
7.5347314
7.7515736
7.1010475
6.663111
7.4241843
6.7736583
6.8842053
6.339974
6.8842053
5.689448
6.556816
6.667363
6.4462695
7.1010475
7.1010475
6.556816
6.8842053
6.667363
5.578901
5.90629
6.77791
5.6851964
6.667363
6.8842053
6.667363
6.012585
6.2294273
7.1010475
6.556816
6.339974
6.8842053
6.123132
5.90629
6.8842053
5.90629
6.8842053
6.8842053
6.123132
6.450521
5.795743
6.556816
6.339974
5.3620586
5.578901
5.3620586
4.928375
6.3442264
5.4726057
5.2557635
5.2557635
6.016837
5.038922
5.799995
6.2336793
5.038922
5.3663106
5.689448
5.3620586
6.8842053
6.556816
6.339974
6.556816
7.1010475
7.207342
6.9905005
7.317889
7.5347314
6.8842053
5.795743
6.450521
6.556816
7.1010475
6.2336793
5.689448
6.450521
6.2336793
5.4726057
6.2336793
5.799995
6.450521
6.2336793
5.4726057
6.016837
6.561068
5.4726057
6.123132
7.2115946
6.667363
6.8842053
7.317889
7.5347314
7.5347314
7.5347314
7.5347314
7.6410265
6.7736583
7.4241843
7.7515736
7.5347314
6.9905005
7.5347314
6.667363
6.8842053
6.012585
7.2115946
6.7736583
6.123132
6.2336793
6.123132
6.123132
6.016837
6.339974
6.667363
6.123132
6.667363
6.9947524
6.556816
6.556816
7.1010475
7.9726677
6.7736583
6.556816
6.667363
6.4462695
7.4284363
6.9905005
6.4462695
6.8842053
6.450521
6.667363
6.2336793
6.016837
5.90629
5.583153
5.583153
5.583153
5.038922
5.799995
5.038922
5.6937
5.4726057
6.1273837
5.4726057
6.016837
5.689448
5.799995
5.2557635
5.583153
5.1452165
6.016837
6.2336793
6.3442264
6.561068
5.799995
4.928375
6.016837
6.016837
5.799995
5.2557635
5.2557635
5.4726057
6.016837
6.77791
5.689448
5.799995
5.3663106
5.689448
6.1273837
6.3442264
5.689448
5.3620586
5.689448
6.9947524
5.578901
5.90629
6.123132
6.123132
5.578901
5.578901
6.556816
6.8842053
6.8842053
6.339974
6.667363
6.7736583
6.123132
6.450521
7.1010475
6.667363
6.667363
6.339974
6.667363
6.2336793
6.123132
7.2115946
6.123132
5.795743
6.7736583
6.9905005
7.317889
6.7736583
7.5347314
6.7736583
6.556816
6.7736583
7.8621206
7.7515736
7.207342
7.096796
7.4241843
6.9905005
7.7515736
8.078962
8.078962
7.857869
7.7515736
7.7515736
7.7515736
7.207342
7.6410265
7.6410265
7.7515736
7.4241843
7.6410265
8.185258
7.4241843
7.9684157
7.8621206
7.096796
7.207342
7.9684157
7.207342
6.986249
7.5304804
8.729489
8.074712
8.729489
7.857869
7.857869
8.4021
8.2915535
8.835785
8.835785
7.747322
8.94208
9.052627
9.269468
9.269468
8.725238
8.94208
9.486311
8.94208
8.2915535
8.618942
8.508395
7.9641643
8.4021
8.835785
8.835785
8.2915535
8.508395
9.375764
9.703153
8.614691
9.269468
9.269468
9.048374
9.158921
8.614691
10.353679
10.02629
9.592606
10.681068
9.809448
9.15467
10.02629
9.919995
9.809448
9.698901
10.243132
9.375764
9.809448
9.048374
9.486311
10.247384
9.375764
9.375764
8.8315325
9.809448
9.265217
9.482059
10.136837
10.681068
9.158921
10.353679
9.482059
9.592606
10.136837
10.787363
10.353679
10.787363
10.787363
10.353679
10.02629
9.915743
9.809448
10.681068
9.915743
10.570521
11.004206
9.698901
10.570521
10.136837
9.915743
9.703153
10.787363
10.02629
10.243132
10.243132
11.004206
9.809448
10.243132
10.132585
10.353679
11.004206
10.787363
10.570521
10.459974
9.919995
9.592606
10.89791
10.243132
10.243132
10.893659
11.437889
10.570521
10.676816
10.353679
10.459974
11.654732
10.132585
11.221047
11.221047
10.893659
11.437889
10.999953
11.765279
11.221047
11.221047
11.221047
10.893659
11.548436
11.1105
11.437889
11.544185
11.654732
10.783112
10.566269
11.1105
10.893659
10.783112
11.221047
10.893659
11.216796
11.1105
11.216796
11.65048
11.327342
12.305258
11.323091
11.977869
12.088415
12.5220995
12.194712
11.761026
11.867322
11.977869
11.544185
12.088415
12.088415
11.433638
12.632647
11.977869
11.871573
12.088415
12.198963
11.654732
11.871573
12.526352
10.999953
11.871573
10.783112
11.544185
11.1105
11.327342
10.566269
10.676816
10.893659
11.221047
11.765279
10.132585
11.654732
10.893659
11.437889
11.871573
11.977869
11.654732
12.088415
11.216796
11.544185
10.999953
11.548436
11.004206
9.698901
11.331594
11.221047
10.566269
11.004206
11.221047
10.02629
10.353679
10.459974
9.592606
10.353679
9.809448
9.919995
8.725238
8.835785
8.295805
7.6410265
7.4241843
7.9684157
7.9684157
8.835785
8.618942
9.380016
8.94208
8.181006
10.570521
10.89791
10.681068
11.221047
10.893659
10.132585
10.570521
10.676816
10.459974
10.349427
11.004206
11.004206
10.132585
9.809448
10.464226
9.703153
10.136837
8.725238
9.158921
8.725238
8.725238
9.269468
9.703153
10.247384
10.353679
9.269468
10.030542
10.464226
9.592606
10.353679
10.787363
11.114753
10.893659
10.893659
10.893659
11.004206
10.676816
10.459974
10.353679
9.809448
9.919995
9.8137
8.94208
10.030542
9.269468
9.924246
8.2915535
7.6410265
8.512647
7.6410265
8.078962
8.623194
8.078962
7.5347314
6.7736583
7.5347314
7.7515736
7.9684157
7.9684157
7.857869
8.185258
8.074712
9.163173
8.185258
8.185258
7.9684157
8.185258
7.9684157
8.185258
7.9684157
8.078962
8.295805
7.9684157
8.295805
7.5347314
7.207342
6.663111
7.1010475
7.317889
7.317889
6.8842053
7.6452785
7.5347314
7.5347314
7.7515736
7.1010475
6.9905005
7.317889
7.317889
6.9905005
6.8842053
7.207342
7.207342
7.7515736
7.7515736
7.7515736
8.512647
8.185258
8.512647
8.185258
8.295805
8.078962
7.5347314
7.4241843
7.207342
7.4241843
7.8621206
7.5347314
6.7736583
6.556816
7.6452785
6.7736583
6.556816
6.8842053
6.8799534
6.8842053
7.9726677
7.1010475
8.078962
7.8621206
8.078962
7.7515736
7.7515736
8.185258
8.512647
6.9905005
8.512647
7.4241843
6.2294273
7.5347314
7.9684157
7.6410265
7.9684157
7.8621206
7.7558255
7.4284363
6.667363
6.9947524
6.9905005
7.2115946
6.339974
6.9947524
6.8842053
6.450521
7.2115946
6.450521
6.667363
6.9947524
6.667363
7.4284363
6.8842053
7.317889
7.6452785
6.9905005
6.556816
7.3221416
6.450521
6.8842053
6.77791
6.77791
5.90629
6.77791
6.9947524
6.450521
5.799995
6.123132
6.450521
7.1052995
6.1273837
6.016837
5.90629
6.561068
6.2336793
6.667363
6.8842053
7.2115946
7.317889
7.317889
6.8799534
7.8621206
7.207342
7.6452785
7.9684157
7.8621206
8.733741
7.9684157
7.8621206
8.623194
8.840036
7.1010475
8.300056
7.1010475
7.2115946
6.8842053
7.4284363
7.5347314
7.8621206
7.1010475
7.2115946
6.339974
6.1273837
6.77791
6.77791
6.450521
7.2115946
6.7736583
7.317889
6.8842053
6.7736583
7.6452785
7.538984
7.8621206
7.5347314
8.078962
7.8621206
6.8842053
7.8663726
7.317889
7.4284363
7.2115946
7.538984
7.2115946
6.016837
6.8884573
6.1273837
5.9105415
5.9105415
6.237931
5.799995
5.799995
6.237931
7.1052995
6.8884573
7.538984
7.1052995
7.8663726
7.1052995
6.561068
7.8663726
7.4284363
7.5347314
7.9726677
7.5347314
7.8621206
7.317889
6.450521
7.4284363
7.7558255
7.1010475
8.083215
7.6452785
6.339974
7.4284363
6.556816
6.667363
7.3221416
8.083215
7.2115946
6.9947524
6.667363
7.4284363
7.7558255
7.3221416
7.7558255
7.1010475
7.8621206
7.538984
8.516899
8.078962
8.406352
8.078962
8.406352
7.8621206
8.733741
7.8621206
7.1010475
8.516899
8.733741
8.623194
8.078962
7.317889
7.8621206
7.1010475
7.7515736
7.5347314
7.207342
7.317889
7.538984
7.2115946
8.950583
8.189509
8.300056
8.406352
8.078962
8.078962
8.950583
8.185258
9.167425
8.733741
8.623194
8.512647
10.034794
8.512647
9.056878
8.840036
8.512647
7.7515736
8.623194
8.406352
7.7515736
8.950583
7.5347314
7.9726677
8.406352
8.189509
8.733741
8.189509
8.406352
8.623194
7.317889
7.8621206
7.8621206
8.406352
7.8621206
8.406352
8.295805
7.7515736
8.623194
8.512647
8.623194
8.840036
8.840036
8.512647
8.729489
8.078962
8.623194
8.078962
7.8621206
8.733741
7.6452785
7.538984
8.844288
7.2115946
6.8842053
7.3221416
7.9726677
7.4284363
7.9726677
7.4284363
8.078962
8.406352
8.078962
8.516899
7.7515736
8.189509
8.406352
8.840036
8.406352
9.384267
9.27372
8.840036
8.840036
8.623194
8.189509
8.406352
7.8621206
8.516899
8.733741
7.8621206
7.6452785
7.8621206
8.733741
8.950583
7.6452785
8.623194
8.295805
8.295805
8.189509
8.189509
8.623194
8.733741
8.733741
8.406352
8.078962
8.406352
8.189509
8.733741
8.406352
7.6452785
8.078962
7.1010475
8.083215
7.7558255
7.3221416
8.083215
6.77791
6.561068
6.016837
7.4326887
6.9947524
7.3221416
6.561068
6.3442264
6.77791
5.799995
7.2158465
6.77791
6.450521
6.1273837
7.4326887
6.8884573
6.2336793
6.8884573
7.649531
6.561068
6.77791
7.1052995
6.450521
5.583153
5.9105415
6.7821617
6.77791
6.1273837
6.1273837
6.9990044
6.56532
6.1273837
6.56532
5.9105415
6.1273837
7.1052995
6.3442264
6.561068
6.671615
6.0210886
5.6937
6.0210886
6.348478
6.1273837
5.583153
6.9990044
5.583153
5.799995
5.3705626
5.1494684
5.4768577
4.715784
5.0431733
5.0431733
5.0431733
4.6094894
5.6979513
4.1758046
3.7421207
4.830583
4.503194
4.720036
4.065258
3.631574
4.830583
4.503194
4.2863517
3.848416
3.9589627
4.3926473
5.1537204
5.0431733
5.1537204
5.1537204
4.3926473
4.6094894
4.936878
4.830583
4.3926473
5.3705626
4.3926473
5.1537204
4.2821
5.5874047
4.2821
3.737869
6.0253406
3.9589627
4.2863517
3.9589627
3.1978896
2.330521
4.180057
3.8526678
3.5252786
4.94113
3.5252786
3.5252786
3.3084364
3.1978896
3.4189837
3.3084364
2.65791
4.180057
3.0915945
4.507446
3.0915945
4.724288
4.06951
3.848416
4.3926473
4.06951
3.414732
4.3968987
3.5295303
2.9852993
3.7463725
3.2063932
2.7684572
1.7905419
2.662162
2.662162
1.3568575
0.70633125
2.3390248
1.5779516
1.2505624
1.4716563
1.0337203
0.81687826
0.92742515
0.81687826
-0.27158412
1.5779516
1.0337203
-0.054742
0.92742515
0.81687826
0.38319403
0.60003614
0.92742515
1.3611094
0.4894892
1.9053404
0.38319403
0.60003614
0.7105831
-0.37787926
0.16635191
-0.2673323
-0.4841744
0.06005676
-0.8115635
-1.5726367
0.82113004
0.49374095
0.49374095
-0.8115635
0.3874458
-0.4841744
-1.0284055
-0.9221104
-0.5947214
-1.4620898
0.49799278
-1.4620898
-0.2673323
0.3874458
-0.7010165
-0.050490197
-1.0284055
-0.37362745
-2.006321
-1.4620898
-1.568385
-0.6967647
-2.112616
-2.8736894
-2.0020692
-2.6568472
-2.4357533
-2.5463004
-3.0905313
-2.4357533
-1.891522
-2.2189112
-3.1968267
-2.6525953
-2.9799845
-2.1083643
-2.2189112
-2.1083643
-2.9799845
-3.3073738
-2.0020692
-1.5641332
-1.67468
-2.3252065
-2.9799845
-1.7809752
-2.2189112
-2.3252065
-2.1083643
-2.6525953
-2.8694377
-2.6525953
-3.5242157
-3.1968267
-2.9757328
-2.8694377
-3.519964
-3.0862796
-2.5420485
-3.303122
-4.064195
-2.5420485
-3.6305108
-3.519964
-3.192575
-4.502131
-3.0820277
-3.953648
-3.7368062
-2.7588906
-3.303122
-3.8473527
-3.5242157
-3.0862796
-2.9757328
-3.7410579
-3.6305108
-3.0862796
-2.9757328
-4.2810373
-4.064195
-4.2810373
-4.8252683
-4.3873324
-3.7368062
-4.714721
-3.953648
-4.391584
-4.1704903
-5.475795
-4.714721
-5.1484056
-4.2767854
-3.7368062
-4.1704903
-3.953648
-3.519964
-3.192575
-4.714721
-4.2810373
-3.843101
-4.714721
-4.064195
-3.626259
-4.4978795
-4.064195
-3.519964
-3.953648
-4.4978795
-3.843101
-4.1747417
-3.519964
-4.1747417
-2.5420485
-2.3252065
-3.3073738
-3.1968267
-2.7631423
-2.7631423
-2.9799845
-2.6525953
-3.0862796
-2.9799845
-2.3252065
-2.5420485
-3.4136686
-2.8694377
-4.064195
-4.1704903
-3.409417
-4.604174
-5.2589526
-5.692637
-4.8210163
-5.2547007
-5.7989316
-5.2547007
-4.1662383
-5.2547007
-4.3873324
-3.7368062
-3.8473527
-4.1747417
-2.8694377
-3.0862796
-3.519964
-3.4136686
-3.7368062
-4.2810373
-3.8473527
-4.8252683
-4.714721
-5.4800463
-4.064195
-4.8252683
-5.692637
-5.3652477
-4.8210163
-5.3652477
-5.692637
-5.2547007
-5.1484056
-4.8210163
-5.0421104
-4.2810373
-3.303122
-2.8694377
-2.3294582
-1.4578379
-2.8736894
-1.347291
-2.8736894
-2.5463004
-2.7631423
-2.4357533
-2.8694377
-3.6347628
-3.0905313
-3.3073738
-2.5463004
-2.8694377
-2.5420485
-2.9799845
-3.0862796
-3.6305108
-2.8694377
-2.5420485
-3.8473527
-3.5242157
-3.3073738
-3.3073738
-3.0905313
-3.3073738
-1.7852271
-1.3515428
-2.112616
-2.006321
-1.3515428
-2.006321
-0.80731165
-0.8115635
-1.5726367
-1.5726367
-0.8115635
-0.37787926
-1.3557947
-1.1389525
-0.8115635
-0.2673323
-1.4620898
-1.7894788
-1.895774
-1.2452477
-1.9000257
-0.050490197
-1.3557947
-0.9221104
-1.1389525
-0.37787926
-1.2494994
0.60003614
-0.27158412
-1.0326574
-0.16103715
-0.4884262
-1.3600464
-0.9221104
-0.4884262
-0.59897316
0.81687826
0.27264705
-0.054742
-0.81581527
-0.16528895
-0.054742
0.27264705
-0.054742
-0.054742
0.05155315
1.1400155
0.5957843
0.5957843
0.8126264
1.4631528
1.896837
1.3526058
1.5694479
2.5473633
2.5473633
2.330521
1.5694479
1.896837
2.9852993
2.2199743
2.2199743
2.330521
1.7862899
3.0915945
2.8747523
1.2420589
2.9810476
2.4368165
2.003132
2.3262694
3.3084364
3.9589627
3.414732
2.8705006
4.2863517
3.9589627
3.0873425
4.6094894
4.9326262
4.715784
4.8220797
5.583153
5.583153
5.1494684
5.1494684
4.171553
5.1494684
5.1494684
5.2600155
5.2600155
4.2778482
5.1494684
5.583153
5.6937
4.9326262
4.3883953
5.038922
5.3663106
5.3663106
5.799995
4.8220797
4.7115326
5.6937
5.799995
5.2557635
5.689448
6.450521
5.6851964
7.2115946
7.5347314
7.317889
7.317889
7.5347314
7.207342
7.096796
7.4241843
7.207342
7.6410265
7.4241843
8.4021
7.7515736
7.857869
8.185258
7.313638
7.7515736
7.6410265
8.729489
6.986249
8.4021
8.835785
7.857869
9.163173
9.375764
7.9641643
9.375764
9.592606
9.592606
10.02629
9.375764
9.919995
9.698901
9.805196
10.136837
11.004206
10.132585
10.132585
11.1105
10.893659
9.915743
10.02629
10.787363
9.805196
9.915743
10.676816
10.783112
10.783112
11.1105
11.1105
10.783112
11.1105
10.783112
11.654732
10.783112
10.783112
12.088415
11.761026
11.761026
11.977869
12.5220995
12.084165
12.845238
12.517848
12.084165
12.517848
12.411553
12.628395
13.389469
11.867322
12.411553
12.5220995
11.318839
11.867322
12.194712
11.761026
12.628395
12.084165
11.977869
11.761026
12.738942
12.738942
11.429386
11.867322
12.411553
12.845238
12.955785
11.973618
12.628395
12.845238
12.955785
12.411553
12.628395
12.301006
12.628395
12.628395
12.845238
13.389469
12.301006
12.084165
12.084165
12.628395
13.062079
12.517848
12.734691
14.150541
12.840985
13.278922
13.385218
13.929449
14.14629
13.929449
14.473679
14.579974
14.469427
14.579974
14.469427
14.031491
15.88528
15.447342
15.124206
15.336795
15.447342
14.469427
14.796817
14.031491
14.469427
15.013659
14.68627
14.363132
14.142038
14.363132
15.124206
14.142038
14.796817
14.579974
15.013659
14.14629
15.341048
15.013659
14.252585
14.903111
15.013659
15.230501
15.447342
15.119954
14.903111
14.903111
15.557889
14.796817
15.447342
14.68627
15.557889
13.597807
14.14629
13.385218
13.495763
13.823153
13.278922
12.734691
13.60631
12.407301
13.1726265
12.079912
12.301006
13.389469
13.062079
13.278922
13.9337
13.1726265
12.845238
13.1726265
13.712605
12.951532
14.039994
13.929449
13.385218
14.256837
14.469427
14.035743
13.495763
14.035743
12.951532
14.256837
13.712605
14.150541
12.845238
12.951532
13.278922
11.973618
13.389469
13.278922
12.411553
12.517848
12.084165
12.955785
12.411553
11.867322
11.761026
11.977869
11.544185
11.65048
11.867322
13.066331
12.301006
12.517848
11.867322
12.301006
13.389469
11.756775
12.517848
11.65048
11.106249
12.849489
12.301006
12.628395
12.411553
11.433638
12.305258
11.216796
11.977869
12.305258
12.088415
11.433638
11.327342
11.327342
10.893659
11.327342
12.198963
11.1105
11.327342
11.433638
12.198963
11.761026
11.977869
12.411553
11.1105
11.65048
11.977869
12.411553
12.084165
12.194712
12.411553
13.1726265
12.411553
12.5220995
12.628395
11.433638
11.761026
12.415805
11.871573
11.765279
11.327342
10.999953
10.783112
10.999953
10.566269
11.327342
10.893659
11.1105
11.654732
11.9821205
10.566269
11.221047
11.871573
11.654732
11.544185
11.327342
11.544185
12.088415
11.1105
11.548436
10.893659
11.1105
11.437889
11.1105
11.327342
10.676816
11.221047
11.437889
10.999953
11.765279
11.9821205
10.783112
11.1105
11.221047
11.654732
11.9821205
11.221047
11.004206
12.198963
11.327342
10.893659
12.415805
12.198963
11.977869
11.977869
12.738942
12.738942
11.977869
12.088415
12.194712
12.955785
13.389469
12.955785
13.716857
14.039994
12.845238
12.845238
13.823153
12.845238
13.389469
14.256837
13.1726265
13.39372
13.500016
12.415805
12.194712
13.39372
12.526352
11.9821205
11.871573
11.437889
11.1105
11.437889
10.243132
10.681068
10.89791
10.570521
10.89791
10.570521
10.787363
11.114753
10.787363
11.765279
11.1105
11.548436
11.765279
12.415805
11.761026
12.198963
11.765279
11.871573
11.1105
11.548436
11.221047
11.765279
11.216796
12.092668
11.9821205
11.654732
11.437889
11.765279
11.9821205
11.875826
11.437889
11.871573
11.654732
11.221047
12.198963
12.5220995
12.305258
12.738942
12.738942
12.5220995
12.738942
12.738942
13.827404
12.955785
12.415805
12.526352
12.849489
12.632647
12.526352
11.871573
12.743194
11.327342
11.871573
11.765279
12.092668
12.198963
11.654732
11.654732
12.30951
11.327342
11.654732
11.654732
11.327342
11.654732
12.088415
12.849489
11.437889
12.092668
11.9821205
11.1105
11.9821205
11.875826
11.221047
11.221047
11.9821205
10.893659
11.765279
11.1105
11.437889
10.893659
11.331594
11.765279
10.893659
10.893659
11.221047
11.654732
11.9821205
11.765279
11.544185
11.548436
11.765279
11.654732
11.1105
11.9821205
11.548436
12.526352
11.654732
11.1105
11.765279
11.1105
12.092668
11.548436
11.654732
11.1105
10.893659
11.765279
11.765279
10.893659
11.654732
11.765279
11.327342
11.327342
12.198963
12.849489
11.654732
12.305258
11.761026
12.088415
11.654732
11.765279
11.327342
11.548436
11.437889
11.654732
11.004206
11.442142
11.004206
10.787363
11.008457
10.787363
10.353679
10.570521
10.353679
10.89791
11.004206
10.681068
11.114753
10.893659
11.331594
11.765279
11.765279
10.787363
10.787363
11.114753
10.353679
10.353679
11.008457
10.136837
9.919995
10.02629
9.158921
9.8137
8.835785
8.618942
8.618942
8.074712
7.7515736
7.7515736
7.9684157
8.074712
7.9684157
8.512647
8.512647
8.185258
8.512647
7.857869
8.074712
8.618942
7.857869
8.4021
8.185258
7.313638
8.840036
8.835785
7.857869
8.185258
9.052627
9.052627
8.725238
8.2915535
8.074712
8.185258
7.6410265
7.9684157
7.9684157
7.4241843
7.8621206
7.5347314
6.9905005
6.7736583
7.5347314
6.7736583
6.667363
7.317889
7.317889
7.6452785
7.1010475
6.9947524
7.6452785
7.1010475
7.6452785
7.5347314
6.7736583
6.9905005
8.295805
7.6452785
6.556816
7.317889
7.1010475
7.1010475
6.667363
7.1010475
7.4284363
6.667363
6.123132
5.689448
6.123132
6.339974
5.689448
6.450521
6.77791
5.689448
5.038922
5.038922
5.9105415
4.8220797
5.583153
5.038922
5.038922
5.038922
4.605237
6.1273837
5.2557635
5.038922
5.2600155
5.038922
4.9326262
4.715784
5.038922
5.3663106
5.3663106
4.605237
4.605237
4.171553
4.9326262
3.954711
3.737869
4.826331
4.3926473
3.1936376
4.065258
3.737869
4.171553
4.6094894
3.4104798
4.715784
3.737869
3.954711
4.4989424
3.954711
2.7599535
3.9589627
3.414732
4.3926473
3.737869
3.5210268
3.737869
3.0873425
3.631574
3.631574
3.414732
3.5210268
3.1978896
4.2863517
2.6536584
2.5431116
3.7421207
2.4368165
2.2199743
2.6536584
2.7642052
2.2199743
2.8705006
3.5252786
2.9810476
1.8925852
3.0873425
2.7642052
2.4368165
3.631574
3.5252786
3.5252786
2.7642052
2.7642052
2.6536584
2.2199743
1.4589009
2.330521
1.7862899
1.5694479
1.4589009
1.4631528
2.224226
1.3526058
1.1357636
1.0294685
1.5736997
0.7020795
1.2463106
1.2463106
1.4631528
1.1357636
1.1357636
1.6799948
0.9189216
1.4589009
2.0073838
1.3526058
2.1136792
2.1136792
2.330521
2.330521
1.5694479
1.2420589
2.1136792
1.4631528
1.5694479
1.896837
0.7020795
1.7862899
1.6799948
0.48523736
1.2463106
0.48523736
0.8126264
1.3568575
1.4631528
1.4631528
0.59153247
1.6799948
2.330521
1.5694479
1.7862899
2.7642052
2.4410682
3.0915945
2.9810476
3.3084364
3.1978896
2.3262694
2.9810476
3.414732
3.5210268
3.3041847
4.1758046
2.7599535
4.3926473
3.3041847
3.0873425
3.414732
3.414732
3.9589627
2.9767957
3.848416
4.065258
3.6273217
3.3041847
4.1758046
3.737869
3.1936376
4.4989424
3.844164
4.2778482
4.171553
4.9326262
3.844164
4.2778482
4.8220797
5.583153
5.1494684
4.928375
6.2336793
5.689448
5.799995
4.928375
6.016837
4.8220797
5.038922
4.7115326
5.3663106
4.605237
5.4726057
5.2557635
5.4726057
6.016837
5.1452165
5.90629
6.556816
5.3620586
6.2294273
6.8799534
6.9905005
7.317889
7.313638
7.6410265
8.185258
8.185258
7.6410265
8.074712
7.4241843
6.875702
7.9684157
8.181006
8.729489
7.313638
7.313638
7.6410265
7.9641643
8.181006
8.508395
8.618942
8.2915535
6.986249
7.5304804
8.725238
7.419933
7.9641643
8.725238
9.158921
8.614691
9.703153
9.158921
9.809448
8.720985
9.809448
10.243132
10.132585
9.588354
10.132585
10.243132
10.132585
9.698901
10.243132
10.459974
9.915743
10.459974
10.349427
8.937827
10.02629
9.915743
9.15467
10.02629
10.676816
10.02629
10.459974
10.23888
10.0220375
10.570521
10.23888
10.783112
10.893659
11.004206
10.128334
10.23888
10.6725645
10.889407
10.562017
11.216796
11.544185
11.65048
10.77886
10.562017
10.345176
10.77886
10.128334
10.999953
10.889407
10.889407
10.562017
10.23888
11.433638
11.65048
11.106249
11.654732
10.6725645
11.433638
11.539933
11.871573
11.433638
12.301006
11.208292
12.084165
12.840985
12.734691
12.517848
12.840985
12.079912
12.079912
14.039994
12.836734
12.403049
12.730438
12.840985
13.164123
13.164123
12.403049
13.60631
12.296754
12.513597
13.057828
12.840985
12.840985
12.296754
11.314588
12.624144
13.929449
13.164123
14.473679
13.491511
14.142038
13.597807
13.053576
14.465176
14.465176
13.48726
15.119954
15.009407
13.810397
14.248333
14.35888
13.704102
14.031491
14.35888
13.053576
13.48726
14.469427
14.035743
13.159871
14.252585
13.48726
13.925196
14.252585
13.818902
14.142038
13.925196
13.380964
14.142038
13.814649
14.575723
14.031491
15.664186
14.792564
14.89886
14.682017
15.009407
15.119954
15.230501
14.792564
14.469427
14.68627
14.465176
14.903111
14.575723
13.920944
14.68627
13.708355
13.159871
14.252585
13.274671
13.274671
12.947281
12.403049
13.929449
13.597807
14.142038
12.943029
13.164123
13.164123
13.818902
12.730438
13.385218
13.274671
12.296754
13.712605
12.079912
12.513597
12.951532
12.513597
12.730438
13.278922
11.752523
11.208292
12.301006
11.756775
11.101996
11.977869
11.65048
10.124082
11.761026
11.433638
11.323091
10.6725645
10.455723
11.1105
10.889407
10.234629
10.999953
11.544185
10.345176
11.216796
11.216796
9.473556
10.999953
10.562017
10.562017
11.1105
10.783112
9.800944
10.566269
10.23888
10.349427
10.783112
9.805196
10.676816
10.783112
9.150418
9.805196
10.459974
9.588354
9.044123
9.477807
9.698901
9.809448
9.588354
9.805196
9.698901
9.915743
9.915743
9.371511
9.482059
10.349427
9.260964
10.243132
10.132585
10.132585
10.0220375
9.805196
9.809448
8.937827
9.265217
8.8315325
8.287301
8.287301
7.313638
8.070459
8.397848
7.853617
8.397848
7.636775
6.4377656
7.5304804
7.419933
7.526228
7.636775
8.725238
7.636775
7.853617
7.526228
7.526228
7.309386
8.508395
8.181006
8.070459
6.875702
7.092544
7.203091
7.747322
6.875702
7.636775
7.313638
7.636775
6.875702
7.7515736
6.6588597
7.203091
7.4241843
6.769407
7.5304804
6.114629
7.203091
7.5304804
6.2251754
7.096796
6.6588597
7.4241843
7.5304804
6.4420176
6.4420176
7.5304804
7.636775
7.9641643
6.765155
7.5304804
8.725238
6.2209234
7.747322
6.6588597
7.419933
6.875702
7.096796
8.185258
6.8799534
6.765155
7.747322
7.5304804
7.313638
7.419933
7.203091
7.6410265
7.419933
6.3314705
6.986249
7.203091
7.419933
8.074712
7.419933
7.203091
7.092544
7.5304804
7.6410265
7.747322
7.5304804
7.203091
8.074712
8.074712
8.074712
6.769407
7.5304804
6.986249
7.313638
7.313638
7.5304804
7.313638
8.074712
7.5304804
7.313638
6.875702
6.769407
7.313638
7.857869
7.526228
8.181006
7.203091
7.853617
8.725238
8.181006
8.181006
8.8315325
6.765155
7.313638
8.074712
7.419933
7.853617
7.5304804
7.747322
8.2915535
6.769407
7.5304804
7.5304804
6.986249
6.875702
7.096796
7.313638
7.6410265
7.857869
8.074712
7.9641643
8.074712
8.070459
8.070459
8.508395
9.158921
8.070459
8.508395
8.725238
8.508395
8.94208
7.526228
8.94208
9.048374
8.070459
7.9641643
7.5304804
7.9641643
7.747322
7.313638
7.857869
7.313638
7.857869
8.185258
7.203091
6.986249
7.313638
8.512647
6.8799534
7.5304804
7.747322
7.203091
8.4021
7.6410265
7.4241843
6.8799534
7.857869
7.313638
7.313638
8.074712
7.747322
7.5304804
7.857869
7.5304804
7.7515736
6.875702
7.207342
8.078962
7.313638
7.6410265
7.4241843
7.5304804
7.096796
7.5347314
5.902038
6.5525646
6.9905005
6.7736583
6.667363
6.7736583
6.339974
6.2294273
6.2294273
7.207342
6.8799534
6.8799534
6.769407
6.9905005
6.5525646
7.7515736
7.313638
6.663111
6.9905005
7.096796
7.4241843
7.6410265
7.4241843
6.8799534
6.556816
5.6851964
5.140965
5.3620586
6.9947524
6.123132
6.450521
5.251512
6.667363
6.339974
6.339974
6.339974
6.556816
6.556816
5.902038
6.556816
6.1188803
6.556816
6.7736583
6.339974
5.795743
5.468354
7.317889
7.317889
5.6851964
7.317889
6.3357224
5.795743
6.2294273
5.795743
6.8842053
6.123132
6.339974
5.795743
5.2557635
6.667363
5.689448
5.90629
6.667363
5.3620586
6.339974
6.556816
6.667363
6.4462695
6.012585
6.2294273
6.4462695
5.6851964
6.2294273
6.012585
6.012585
6.339974
5.795743
5.3620586
6.2294273
6.450521
6.77791
5.689448
5.3620586
5.3620586
5.3620586
5.583153
5.4726057
4.4946904
4.8220797
4.4989424
3.62307
5.4726057
6.561068
6.1188803
6.663111
6.4462695
5.357807
6.450521
5.689448
5.689448
4.2778482
4.7115326
3.6273217
4.605237
3.844164
4.8220797
4.0610065
3.6273217
3.954711
4.2778482
3.4104798
4.171553
4.8220797
4.0610065
4.2778482
4.2778482
3.6273217
4.605237
4.2778482
3.737869
3.954711
4.171553
3.737869
3.6273217
4.4989424
3.5167751
4.3883953
4.171553
3.6273217
4.3883953
4.826331
3.848416
3.4104798
4.171553
3.414732
3.0830908
4.4989424
4.4989424
3.0830908
3.737869
4.065258
3.5210268
3.848416
3.5210268
3.737869
2.3262694
2.7642052
3.1978896
3.414732
3.1978896
3.737869
2.8705006
2.7599535
3.414732
3.3041847
3.848416
2.9767957
4.2821
4.065258
3.1936376
3.848416
4.826331
3.954711
3.954711
3.848416
3.414732
2.7599535
3.631574
4.1758046
2.7599535
3.631574
3.9589627
2.6494067
3.848416
3.0873425
4.1758046
3.1978896
3.414732
3.0873425
2.7642052
3.0873425
3.414732
3.848416
3.5210268
4.1758046
4.065258
3.737869
2.9767957
3.0873425
4.2821
2.9767957
3.1936376
3.737869
3.5210268
3.5210268
2.9767957
3.0873425
2.5431116
3.0873425
3.0873425
2.7599535
3.414732
3.0873425
4.1758046
2.4368165
2.1094272
2.6536584
3.1978896
3.414732
3.0873425
2.7599535
3.848416
2.9767957
3.631574
3.1936376
3.3041847
3.414732
2.6494067
3.631574
3.5210268
3.7421207
3.1936376
2.9767957
4.1758046
3.3041847
3.5210268
3.3041847
3.3041847
3.5210268
3.5210268
3.7421207
3.848416
3.5210268
3.3041847
4.1758046
3.414732
2.9810476
2.8705006
2.7599535
3.5210268
3.631574
3.1936376
3.737869
3.3041847
3.0873425
3.737869
3.848416
3.844164
4.605237
4.9326262
3.954711
4.3883953
3.954711
4.065258
4.065258
4.2821
3.5210268
3.5210268
3.3041847
4.1758046
4.065258
4.065258
3.5210268
3.631574
3.7421207
3.414732
2.4325645
3.3041847
3.631574
3.737869
3.848416
3.4104798
3.954711
4.6094894
3.954711
4.6094894
4.4989424
4.715784
4.171553
4.4989424
5.2600155
4.4989424
4.171553
4.605237
5.4768577
4.4989424
5.4768577
4.715784
3.737869
4.826331
3.848416
3.1936376
3.5210268
4.4989424
4.4989424
5.0431733
4.4989424
3.4104798
3.737869
3.737869
2.8662488
4.6094894
4.826331
4.3883953
5.2600155
5.5874047
5.2600155
4.0610065
5.4768577
5.1494684
5.3663106
4.605237
4.715784
5.5874047
4.9326262
4.715784
4.4946904
5.3663106
5.4726057
4.928375
5.583153
5.583153
4.8220797
5.3663106
5.0431733
4.065258
3.5210268
3.954711
3.737869
3.737869
5.3663106
4.8220797
5.1494684
6.1273837
5.799995
5.4726057
6.1273837
6.016837
5.038922
5.4768577
6.561068
5.90629
5.689448
6.2336793
5.578901
5.468354
6.556816
6.2336793
6.123132
5.689448
5.4726057
5.2557635
4.605237
4.8220797
5.4726057
5.799995
6.2336793
6.7736583
6.4462695
6.123132
6.339974
6.2336793
5.689448
6.450521
6.3442264
6.016837
5.689448
6.450521
6.8842053
6.556816
7.317889
7.317889
6.663111
6.77791
6.8842053
6.667363
5.689448
5.689448
5.1452165
6.2336793
5.90629
5.689448
5.689448
6.2336793
5.2557635
5.3663106
4.605237
5.6937
5.9105415
5.6937
5.799995
5.90629
5.799995
6.016837
6.123132
6.2336793
5.799995
5.4726057
6.1273837
5.799995
6.2336793
6.3442264
5.689448
5.799995
6.450521
4.928375
4.4946904
5.583153
5.3663106
4.8220797
4.8220797
5.3663106
5.2557635
4.605237
5.9105415
5.6937
5.1494684
6.454773
5.804247
5.90629
6.2336793
6.450521
6.339974
5.2557635
6.561068
5.038922
5.799995
5.4726057
5.583153
5.2557635
5.9105415
5.2557635
5.038922
6.123132
5.799995
6.016837
5.799995
5.583153
4.605237
4.4946904
4.9326262
5.1494684
5.0431733
4.605237
4.8220797
4.715784
4.715784
3.848416
3.0873425
2.9810476
2.2199743
2.2199743
3.1978896
4.2863517
4.065258
5.0474253
3.5210268
4.2821
3.737869
3.9589627
4.2821
3.631574
3.848416
4.936878
4.3926473
4.3926473
5.0431733
5.2600155
4.2821
3.9589627
4.613741
4.065258
3.848416
3.3041847
3.0873425
3.414732
3.5210268
3.5210268
3.848416
3.7421207
3.7421207
3.631574
4.1758046
4.4989424
4.605237
5.804247
6.1273837
4.8220797
6.0210886
5.6937
6.671615
5.6937
5.1494684
5.5874047
5.2600155
4.3883953
6.1273837
5.3620586
5.2557635
5.4726057
6.9947524
6.450521
7.1010475
6.9947524
5.689448
4.605237
5.1494684
5.038922
5.583153
4.9326262
5.4768577
4.9326262
4.605237
5.583153
5.4726057
5.799995
5.689448
6.1273837
5.4726057
5.3663106
4.4989424
4.3883953
3.6273217
4.6094894
3.4104798
4.605237
6.561068
6.561068
6.667363
6.556816
6.77791
5.4726057
6.016837
5.4768577
5.3663106
5.9105415
6.016837
6.450521
6.016837
6.77791
5.1452165
5.4726057
5.4726057
6.2336793
5.689448
5.689448
6.123132
5.689448
5.4726057
5.583153
5.583153
4.4946904
5.799995
5.038922
4.605237
5.3663106
5.578901
5.4726057
5.3620586
6.561068
5.795743
5.795743
6.2336793
6.012585
6.123132
7.1010475
5.902038
6.8842053
6.450521
6.7736583
6.7736583
6.339974
6.339974
5.468354
5.90629
6.9905005
6.123132
6.9947524
6.450521
6.3442264
5.3663106
5.689448
5.799995
5.689448
5.4726057
5.038922
5.3663106
5.1494684
5.6937
5.038922
6.016837
4.7115326
4.3883953
4.065258
2.8662488
3.5210268
2.330521
2.330521
1.5694479
2.1094272
2.7642052
3.1978896
2.8662488
3.414732
2.8662488
3.1936376
3.848416
3.954711
4.4946904
4.056754
6.667363
7.096796
7.6410265
8.185258
6.769407
6.663111
6.339974
6.2294273
4.924123
5.140965
5.795743
5.468354
6.012585
6.663111
5.6809444
6.769407
7.857869
8.074712
7.9641643
7.092544
8.181006
7.636775
6.6588597
6.8799534
6.986249
8.508395
8.614691
9.486311
9.486311
8.287301
6.114629
7.096796
7.1010475
6.2336793
5.3620586
4.7072806
6.123132
6.556816
7.317889
7.7515736
7.207342
6.5525646
6.2294273
6.663111
7.6410265
6.2251754
7.4241843
7.4241843
6.9905005
5.902038
6.663111
7.317889
5.795743
5.6851964
7.2115946
5.468354
5.578901
6.2336793
4.928375
4.4946904
5.038922
5.2557635
6.561068
6.450521
6.9905005
8.295805
8.4021
7.4241843
7.313638
7.9684157
8.946331
8.614691
9.486311
10.353679
9.698901
9.809448
11.114753
9.15467
9.703153
9.809448
9.375764
9.596858
8.725238
8.835785
7.9641643
8.729489
7.857869
7.9641643
8.2915535
9.269468
9.592606
9.8137
9.265217
9.809448
9.809448
9.158921
8.8315325
9.8137
9.592606
9.158921
11.008457
11.437889
11.654732
11.004206
9.592606
8.94208
8.074712
8.078962
7.7515736
7.7515736
7.6410265
8.618942
9.486311
9.919995
9.596858
8.074712
8.4021
8.074712
7.6410265
8.618942
8.4021
8.618942
8.2915535
8.185258
8.725238
8.614691
8.94208
10.464226
9.919995
8.618942
7.9641643
9.052627
9.269468
9.8137
8.94208
9.375764
9.265217
9.158921
9.052627
9.052627
9.8137
9.269468
8.2915535
9.052627
9.375764
8.508395
9.163173
8.8315325
9.703153
9.486311
11.114753
9.919995
8.835785
8.835785
7.203091
7.9684157
7.9684157
8.4021
8.4021
9.8137
8.725238
9.158921
9.703153
9.375764
10.1410885
9.048374
8.508395
9.163173
8.512647
7.857869
8.2915535
9.052627
9.919995
10.02629
10.570521
9.809448
9.915743
9.919995
9.158921
10.353679
9.592606
9.592606
10.89791
10.570521
10.89791
10.243132
11.548436
11.437889
11.327342
11.1105
12.30951
11.544185
11.544185
10.676816
11.1105
11.331594
10.783112
10.893659
11.9821205
11.871573
11.654732
12.198963
11.977869
11.977869
12.960036
12.5220995
13.1726265
13.389469
13.9337
12.951532
14.039994
13.389469
13.823153
13.60631
11.977869
11.765279
10.787363
9.048374
9.809448
10.459974
9.588354
10.353679
11.548436
10.132585
9.809448
10.243132
9.371511
9.915743
10.893659
10.999953
11.433638
11.216796
12.305258
11.867322
12.628395
12.411553
12.411553
12.955785
12.194712
11.871573
11.871573
11.437889
11.004206
12.415805
11.544185
11.654732
12.088415
12.305258
11.761026
12.194712
13.500016
12.955785
11.977869
12.628395
11.977869
12.305258
12.088415
11.977869
11.977869
11.1105
10.893659
11.327342
11.871573
12.088415
12.5220995
12.305258
11.654732
11.9821205
12.088415
12.084165
13.066331
13.716857
13.1726265
14.261088
12.845238
14.367384
13.712605
14.150541
14.256837
13.602058
14.801068
13.495763
13.602058
13.712605
13.389469
14.044247
13.716857
11.433638
11.871573
12.738942
11.65048
12.632647
12.743194
11.327342
11.327342
11.9821205
11.871573
11.977869
12.088415
12.849489
11.977869
12.305258
12.411553
13.716857
12.628395
12.845238
14.367384
13.823153
14.256837
15.01791
14.690521
14.261088
12.955785
12.738942
12.194712
12.088415
13.066331
12.738942
12.411553
12.194712
12.738942
13.066331
12.632647
12.088415
12.5220995
12.632647
11.761026
13.176878
13.500016
12.845238
12.411553
13.500016
14.367384
14.256837
14.256837
14.367384
14.473679
13.712605
14.256837
13.929449
13.278922
13.495763
14.584226
14.584226
13.495763
14.584226
12.951532
14.150541
14.367384
14.150541
14.039994
14.473679
13.60631
13.1726265
14.150541
13.062079
13.60631
13.712605
13.278922
13.389469
14.584226
13.823153
13.9337
14.584226
14.256837
13.1726265
13.716857
13.716857
13.389469
13.283173
13.60631
14.150541
14.150541
13.823153
14.477931
13.823153
13.066331
13.066331
13.39372
13.066331
13.39372
13.823153
13.716857
13.1726265
13.1726265
12.194712
12.415805
12.738942
12.738942
13.283173
12.955785
13.500016
12.845238
12.411553
13.1726265
12.194712
13.283173
12.955785
12.738942
13.1726265
13.389469
13.823153
13.60631
13.495763
13.60631
13.389469
13.60631
13.823153
13.389469
13.823153
14.039994
13.929449
12.734691
13.062079
12.845238
12.738942
13.283173
13.389469
13.9337
12.407301
12.955785
13.495763
12.951532
13.278922
13.495763
13.278922
13.60631
13.062079
12.738942
12.738942
12.845238
12.845238
13.60631
13.495763
13.495763
14.14629
14.256837
14.367384
14.150541
13.712605
13.062079
13.9337
13.500016
12.845238
13.278922
13.278922
13.60631
13.278922
13.1726265
13.1726265
12.955785
12.628395
12.411553
12.5220995
13.1726265
12.955785
13.283173
12.955785
13.60631
13.066331
12.738942
13.389469
13.1726265
12.955785
12.194712
13.60631
14.044247
14.039994
13.500016
13.1726265
13.066331
12.411553
13.176878
12.738942
11.977869
12.088415
12.632647
11.9821205
12.088415
12.526352
12.198963
11.1105
11.548436
10.999953
11.654732
11.221047
11.221047
12.632647
11.654732
12.198963
12.088415
11.327342
11.327342
10.893659
11.765279
12.198963
11.1105
11.437889
11.221047
11.221047
11.437889
10.243132
11.331594
10.243132
10.136837
10.132585
9.592606
9.698901
10.464226
9.482059
10.464226
10.136837
9.919995
9.703153
9.703153
9.703153
9.703153
10.247384
9.375764
9.375764
10.030542
10.681068
8.94208
10.464226
9.919995
8.725238
9.703153
8.946331
9.163173
8.074712
8.295805
8.512647
7.6410265
8.4021
8.835785
7.6410265
9.163173
7.6410265
7.857869
8.4021
7.9684157
8.295805
8.623194
7.7515736
7.8621206
7.9684157
7.7515736
7.8621206
8.950583
8.729489
7.747322
8.729489
8.295805
7.9684157
8.512647
8.078962
8.623194
7.5347314
8.623194
7.207342
8.295805
7.5347314
7.317889
7.5347314
7.317889
7.1010475
6.8842053
6.8842053
6.339974
7.9726677
7.8621206
7.207342
8.189509
7.6452785
7.1010475
7.317889
7.317889
7.1010475
7.5347314
8.189509
6.667363
7.2115946
6.9947524
6.77791
6.9947524
6.561068
6.561068
6.9947524
6.77791
6.123132
6.8884573
6.450521
6.123132
6.3442264
6.016837
6.561068
7.649531
6.77791
6.123132
6.123132
6.3442264
5.90629
7.3221416
7.4284363
6.8842053
7.538984
6.8842053
6.012585
6.9947524
7.1052995
6.016837
6.450521
6.123132
5.90629
6.561068
5.799995
6.016837
6.3442264
5.799995
5.583153
6.0210886
5.1494684
5.2557635
5.1494684
5.038922
5.799995
5.3663106
4.9326262
5.1494684
5.3663106
6.1273837
5.799995
6.016837
6.016837
6.2336793
6.9947524
6.016837
5.1494684
5.1494684
5.0431733
4.4989424
4.826331
4.715784
4.715784
3.954711
4.6094894
4.065258
3.0873425
3.9589627
4.503194
4.3926473
4.6094894
5.1537204
4.826331
4.171553
5.3705626
5.2600155
5.1494684
4.9326262
5.0431733
5.2600155
4.715784
6.454773
5.1494684
6.237931
6.7821617
5.6937
4.715784
4.9326262
5.6937
4.3883953
4.715784
5.804247
5.4768577
4.715784
4.4989424
5.0431733
5.0431733
4.2821
4.1758046
3.9589627
3.5252786
2.8747523
2.4368165
2.003132
2.5516152
1.3526058
2.1136792
1.5736997
1.0294685
0.5957843
1.3568575
2.5516152
1.896837
4.06951
4.3968987
4.503194
3.848416
3.9589627
3.7421207
2.9810476
4.2863517
3.9589627
2.7642052
4.2863517
3.631574
2.5473633
3.6358256
3.3084364
2.5473633
2.4410682
2.5473633
3.6358256
3.7463725
3.7421207
4.065258
3.737869
4.065258
5.1494684
5.583153
5.689448
5.038922
5.3663106
4.826331
3.848416
4.1758046
3.414732
3.7421207
4.180057
4.3968987
3.6358256
3.1978896
3.9589627
3.3084364
3.414732
3.8526678
2.330521
2.65791
3.4189837
3.414732
4.3968987
3.848416
4.1758046
4.2863517
4.1758046
3.5252786
2.7642052
3.0915945
3.6358256
3.8526678
3.414732
3.7421207
4.1758046
3.9589627
5.1579723
4.720036
4.1758046
4.1758046
4.720036
2.7642052
2.5473633
2.8747523
3.0915945
2.9810476
4.503194
5.1579723
4.826331
4.065258
4.4989424
3.954711
4.720036
4.1758046
4.065258
4.503194
3.414732
3.9589627
3.5210268
4.4989424
3.954711
4.826331
4.4989424
4.936878
4.065258
4.830583
3.7421207
3.9589627
3.3041847
3.631574
4.3926473
4.065258
4.6094894
4.936878
5.6979513
5.4768577
6.0210886
6.8884573
6.2336793
5.2557635
5.2557635
5.2600155
4.6094894
3.631574
4.3968987
4.503194
3.9589627
4.613741
4.1758046
3.414732
2.8705006
2.9810476
3.414732
3.631574
3.9589627
3.9589627
2.9810476
3.3084364
3.5252786
2.4368165
3.414732
3.848416
3.848416
4.720036
5.0431733
3.737869
4.6094894
5.1537204
4.3926473
3.0873425
3.5252786
3.631574
3.848416
4.3926473
4.6094894
5.0431733
4.826331
3.631574
3.5210268
4.503194
3.3041847
3.1978896
4.1758046
3.0873425
3.5252786
2.7642052
3.3084364
2.8747523
1.5694479
1.7862899
1.1357636
1.0294685
0.5957843
0.8126264
1.9010887
1.1400155
0.5957843
0.9189216
1.5736997
1.5694479
2.330521
2.003132
1.1315118
3.0915945
2.330521
1.896837
2.65791
2.9810476
2.7642052
2.5473633
2.330521
2.330521
2.5473633
1.7862899
0.8083746
2.0073838
1.6799948
0.5957843
1.0294685
1.0294685
0.5957843
1.1357636
1.6799948
1.0294685
0.3746904
1.5736997
0.8083746
0.59153247
1.0252168
2.2199743
2.1094272
2.6536584
3.414732
3.0873425
3.3041847
3.5210268
4.3926473
3.848416
3.848416
3.3041847
3.848416
3.737869
3.848416
3.3041847
2.5431116
2.9767957
2.8705006
2.9810476
3.0915945
3.7421207
2.9810476
3.3041847
3.631574
2.7642052
2.4368165
3.3084364
3.3041847
3.631574
3.0873425
2.8705006
2.8705006
2.9810476
2.2157223
4.065258
4.6094894
4.3883953
4.605237
5.583153
5.583153
5.90629
6.016837
5.4726057
5.583153
4.4989424
4.0610065
4.8220797
5.799995
4.2778482
4.065258
4.2821
3.737869
3.737869
4.715784
5.1494684
6.450521
5.799995
4.928375
4.4946904
5.3663106
4.8220797
4.8220797
6.561068
5.90629
5.3620586
6.2336793
5.2557635
5.795743
7.317889
7.4241843
7.8621206
5.251512
6.012585
6.4462695
6.8799534
6.7736583
6.556816
6.2336793
5.2557635
5.3663106
5.038922
4.928375
4.3883953
3.954711
3.3041847
3.848416
4.3883953
5.3663106
5.689448
5.6851964
5.464102
7.5347314
7.7515736
6.5525646
8.729489
8.074712
7.096796
8.078962
7.207342
7.6452785
5.902038
6.663111
7.096796
5.24726
6.123132
5.795743
4.167301
4.605237
4.605237
5.1494684
6.016837
5.2557635
4.4946904
4.8178277
6.012585
6.012585
6.1188803
6.4462695
6.8799534
6.1188803
6.4462695
7.4241843
7.5304804
7.5347314
7.317889
7.207342
5.357807
5.468354
5.1452165
4.167301
3.737869
4.2821
3.0873425
3.5210268
3.0873425
2.8662488
3.954711
4.3883953
5.3663106
4.3883953
3.0830908
3.5210268
3.631574
2.9767957
3.6273217
3.844164
5.038922
5.3620586
4.3841434
4.379892
5.90629
5.3620586
4.6009855
5.4726057
5.578901
5.0346694
5.038922
4.167301
3.6273217
3.5210268
3.1936376
4.065258
3.954711
3.4104798
3.6273217
2.861997
3.299933
4.3883953
5.2557635
4.928375
5.4726057
3.8399122
4.3883953
4.605237
4.928375
5.4726057
5.3663106
5.689448
5.3620586
5.1452165
4.3841434
4.7115326
4.4989424
4.171553
3.954711
3.5210268
4.065258
3.954711
5.038922
4.7115326
6.016837
4.3841434
3.8399122
4.605237
4.171553
2.3220174
3.0873425
2.9767957
3.5210268
2.3262694
3.0873425
1.8925852
1.8925852
1.565196
2.8705006
3.0873425
2.9767957
3.5210268
3.414732
4.065258
3.3041847
3.1936376
5.038922
5.583153
5.1452165
6.012585
5.90629
4.1630497
4.3841434
4.171553
3.6273217
2.9767957
3.414732
1.7820382
2.7599535
2.8705006
1.9988803
1.565196
1.3526058
0.26414344
-0.6074768
-0.49692985
0.59153247
0.3746904
-0.49267802
0.48523736
2.0073838
1.1357636
1.7862899
2.5473633
0.91466975
1.1315118
2.1094272
2.7642052
0.69782764
1.3526058
0.8083746
-0.054742
0.1621001
0.3746904
1.4631528
1.6799948
2.2199743
2.3262694
1.9988803
1.348354
2.5473633
1.4589009
1.0252168
0.59153247
1.6799948
2.003132
1.4589009
1.2420589
1.5694479
1.3526058
0.69782764
1.3526058
1.3526058
0.3746904
0.04730134
0.26839525
0.05155315
-0.49267802
0.05155315
0.59153247
1.5694479
1.0252168
2.7642052
1.8925852
1.1357636
1.3526058
0.26839525
0.3746904
-0.2758359
-0.2758359
1.2463106
1.6799948
0.48523736
0.8126264
-0.058993805
0.1621001
0.26839525
0.8126264
-0.70952016
-1.9042777
-0.81581527
-0.9221104
-1.7937305
-0.38213107
0.055804953
-1.3600464
-0.59897316
-1.4663416
-1.5768886
-0.70952016
0.27264705
-0.59897316
-1.1389525
-1.4663416
-2.010573
-0.81581527
-0.054742
0.1621001
0.48523736
-0.058993805
0.37894222
-0.49267802
-1.0369092
-0.4884262
-0.16528895
-0.59897316
-0.9221104
-3.2010784
-4.068447
-3.5242157
-4.8252683
-6.236868
-5.0421104
-3.7368062
-4.391584
-2.9799845
-3.2010784
-2.6568472
-2.223163
-2.223163
-2.112616
-1.678932
-0.91785866
-2.223163
-1.5726367
-1.5726367
-2.5505521
-2.3379617
-1.9000257
-1.9000257
-3.0947833
-3.0905313
-3.3073738
-4.2810373
-4.9358153
-4.391584
-2.6525953
-3.4136686
-3.7410579
-3.6347628
-3.6347628
-2.8736894
-2.006321
-2.33371
-2.116868
-2.112616
-2.4400053
-2.4400053
-2.33371
-1.4663416
-1.6831837
-0.5947214
-0.16103715
-1.2452477
-2.767394
-3.6347628
-4.718973
-6.4579616
-6.887394
-6.993689
-8.0779
-8.405289
-7.5379205
-7.5379205
-7.8610573
-7.9673533
-8.294743
-9.055816
-8.728426
-7.8610573
-6.343163
-5.1484056
-5.2589526
-5.1484056
-6.993689
-6.772596
-6.772596
-7.210531
-6.993689
-6.6705523
-6.887394
-6.236868
-5.5863414
-3.8473527
-4.395836
-3.4179204
-2.5505521
-2.223163
-2.33371
-1.1389525
-1.1389525
-1.6831837
-1.2494994
-2.5548038
-1.2494994
-0.9263622
-0.5947214
-2.2274148
-1.6831837
-2.8736894
-3.4179204
-3.5284674
-3.9621515
-3.7453096
-2.33371
-2.010573
-1.6831837
-1.7937305
0.055804953
-0.49267802
0.26839525
0.8126264
0.5957843
0.1578483
0.7020795
2.0073838
2.2199743
2.4368165
2.7642052
2.9810476
2.7642052
2.4368165
3.5210268
2.2199743
2.2199743
3.0915945
2.1136792
1.1357636
1.1400155
0.055804953
-1.1432043
-1.4663416
0.1621001
0.70633125
0.9231734
1.3568575
0.055804953
-0.27158412
-0.16103715
-0.16103715
0.27264705
1.9010887
2.9810476
3.414732
4.3926473
5.583153
5.3620586
6.7736583
7.2115946
6.450521
6.237931
4.9326262
4.2821
4.720036
3.0873425
4.065258
3.737869
4.605237
5.3663106
3.848416
3.414732
1.4589009
1.7862899
2.4368165
3.1978896
2.4368165
3.1978896
2.8705006
2.2157223
3.1978896
3.1936376
3.631574
4.065258
3.5252786
3.6358256
3.7421207
2.8705006
2.8705006
2.9810476
2.9810476
3.0915945
2.330521
2.1136792
2.7642052
2.1136792
2.5473633
2.9810476
2.7642052
1.7862899
3.0915945
2.003132
2.330521
2.65791
2.5473633
2.1136792
2.224226
1.0294685
0.48523736
0.1621001
0.1621001
1.0337203
0.055804953
0.60003614
0.1621001
0.8126264
1.6799948
1.1357636
2.330521
2.7642052
3.9589627
4.065258
5.5874047
5.0431733
5.0431733
5.1494684
3.844164
4.715784
5.583153
5.6937
5.038922
5.799995
4.3883953
4.715784
3.954711
4.2821
3.3041847
3.9589627
2.6536584
2.003132
2.5473633
2.1136792
2.5473633
2.4368165
2.8705006
3.3041847
4.065258
5.6937
6.9947524
7.4284363
9.056878
10.034794
10.030542
10.579024
9.380016
8.295805
6.450521
4.9326262
3.631574
2.8747523
1.6799948
0.37894222
-0.38213107
-0.054742
-0.16103715
-0.16528895
1.2463106
1.7862899
4.724288
5.5874047
6.1273837
7.1052995
7.1010475
7.1010475
9.167425
9.924246
9.269468
8.508395
8.835785
7.857869
8.185258
9.163173
9.924246
8.94208
9.924246
9.375764
10.247384
11.442142
11.221047
10.999953
12.088415
12.849489
13.827404
13.716857
11.654732
12.30951
11.765279
11.658983
11.2253
10.1410885
9.056878
7.207342
6.2336793
3.737869
3.848416
3.6358256
3.7421207
3.631574
3.9632149
3.5252786
2.9810476
4.503194
5.6979513
7.538984
7.9684157
10.464226
12.198963
14.80532
13.60631
11.9821205
8.504144
7.5347314
7.1010475
7.313638
8.618942
8.946331
7.1010475
4.2821
2.1094272
0.7020795
2.117931
2.3347728
2.555867
1.9053404
0.92742515
1.5779516
3.5252786
6.9947524
10.255888
10.574773
10.030542
9.486311
8.946331
9.056878
10.579024
11.008457
10.574773
8.618942
7.857869
7.1010475
7.9684157
7.207342
7.2115946
6.3442264
5.1494684
3.7421207
3.1978896
2.6536584
2.330521
3.4189837
3.5252786
3.631574
3.9589627
6.237931
7.8663726
6.77791
5.799995
5.4768577
4.826331
4.826331
7.543235
9.171678
9.277972
9.928498
8.512647
7.5347314
8.295805
8.406352
6.9947524
7.1052995
6.9947524
5.6937
5.9105415
6.1273837
5.2557635
6.667363
6.123132
4.9326262
5.1494684
6.2336793
6.8842053
6.556816
6.663111
6.77791
5.90629
6.012585
6.556816
8.516899
8.729489
7.317889
8.840036
7.7515736
7.857869
9.596858
10.030542
9.269468
10.251636
10.030542
9.592606
10.89791
11.765279
10.676816
10.787363
10.136837
9.380016
9.056878
8.2915535
7.6410265
9.269468
9.596858
8.2915535
8.4021
9.380016
8.618942
9.8137
10.136837
9.8137
9.703153
9.919995
9.703153
9.592606
9.919995
10.243132
9.482059
10.787363
10.676816
11.654732
11.1105
11.327342
11.437889
10.349427
10.132585
9.482059
9.048374
9.592606
11.331594
11.221047
11.221047
11.871573
12.411553
12.955785
13.1726265
13.278922
13.9337
13.495763
12.955785
13.60631
13.062079
13.716857
14.584226
13.823153
13.278922
12.845238
12.411553
12.088415
12.198963
11.327342
11.004206
11.004206
11.004206
10.676816
10.783112
11.437889
12.411553
13.389469
12.951532
13.062079
13.389469
12.411553
12.849489
12.411553
12.5220995
12.955785
13.1726265
13.500016
13.9337
13.716857
13.610563
13.937951
13.176878
13.39372
13.283173
14.699025
16.212667
16.969488
18.814772
19.354752
20.001026
19.133657
18.810522
17.615763
16.425257
14.579974
12.955785
11.1105
11.765279
11.221047
11.437889
12.305258
13.062079
14.363132
15.447342
15.341048
15.341048
15.124206
14.039994
12.955785
13.500016
13.1726265
14.477931
16.535805
16.748394
17.288374
17.615763
17.06728
16.85469
17.509468
16.425257
15.234753
14.699025
13.287426
12.092668
12.636899
12.743194
11.867322
12.845238
13.495763
14.256837
14.473679
13.1726265
12.305258
12.853741
12.30951
11.9821205
12.198963
12.5220995
13.062079
14.579974
15.557889
15.230501
15.451593
14.477931
13.716857
12.30951
12.30951
13.176878
12.849489
12.632647
13.283173
13.389469
14.690521
15.668436
14.256837
14.256837
14.039994
13.1726265
14.044247
15.672688
14.907364
15.3453
15.668436
15.557889
15.778984
15.013659
15.01791
14.256837
12.955785
11.654732
10.787363
10.7916155
10.7916155
9.703153
10.247384
10.787363
11.765279
11.871573
11.548436
11.548436
12.415805
12.632647
12.198963
12.198963
13.287426
13.610563
13.500016
14.801068
15.56214
14.367384
14.150541
14.039994
12.849489
12.632647
11.875826
11.548436
11.986373
12.203215
11.76953
11.871573
12.30951
11.871573
11.327342
11.331594
11.437889
11.765279
11.331594
11.221047
11.654732
12.092668
11.654732
11.654732
11.654732
10.893659
11.221047
11.331594
11.442142
11.548436
11.548436
10.89791
10.353679
10.89791
10.787363
11.442142
11.875826
11.548436
11.765279
11.875826
12.198963
11.437889
11.548436
11.548436
11.114753
11.875826
11.658983
12.636899
12.30951
11.986373
10.464226
10.574773
10.136837
8.618942
9.924246
11.008457
9.8137
10.357931
10.030542
8.946331
9.27372
8.729489
8.078962
8.840036
7.9726677
7.538984
8.844288
8.078962
8.623194
9.707404
10.7916155
11.114753
12.420057
11.221047
12.198963
12.415805
12.088415
12.632647
12.092668
11.442142
11.76953
10.247384
8.618942
9.163173
8.406352
6.450521
6.7821617
5.0431733
4.1758046
4.720036
3.7421207
4.6094894
5.2600155
5.1494684
7.1052995
7.6452785
7.4284363
8.189509
8.512647
9.163173
8.4021
8.508395
10.357931
10.681068
10.574773
11.446393
11.335847
9.924246
9.822204
9.388519
7.109551
5.0474253
2.9852993
2.662162
0.9231734
1.2463106
1.4631528
2.9852993
4.06951
4.613741
4.830583
5.1537204
5.1537204
6.0210886
4.9326262
5.914794
5.2600155
5.6937
6.2336793
6.8842053
8.295805
6.8799534
7.6452785
6.016837
4.2821
3.7421207
3.9632149
1.3568575
1.6842467
1.0337203
2.117931
2.4410682
3.631574
3.9589627
5.2600155
6.6758666
6.892709
7.981171
5.5874047
6.7864137
7.3263927
6.7821617
7.2158465
6.450521
6.2336793
7.9726677
6.339974
6.4590244
3.414732
2.65791
1.4674045
0.055804953
0.055804953
0.60003614
0.49374095
-0.054742
1.5779516
2.0073838
1.6799948
3.4189837
3.7421207
3.9589627
4.613741
4.180057
4.180057
4.613741
5.0474253
5.0474253
5.6979513
5.3705626
6.2421827
5.264267
4.1758046
4.8348346
4.180057
3.312688
2.3347728
2.989551
2.7684572
3.9674666
2.9852993
2.9852993
1.6799948
2.4410682
2.9852993
1.6799948
2.5473633
1.2463106
2.0073838
2.117931
2.44532
1.7905419
2.44532
1.7905419
1.2463106
1.2463106
0.5957843
1.3568575
0.4894892
0.27264705
0.27264705
1.2548143
1.0337203
1.9010887
2.555867
2.0116355
1.9010887
1.6799948
1.6799948
1.4631528
1.0294685
0.60003614
0.38319403
-0.37787926
-0.050490197
1.2548143
0.92742515
0.92742515
0.92742515
0.92742515
-0.16103715
-1.0326574
0.27264705
0.49374095
0.16635191
-0.16103715
0.92742515
0.92742515
1.1400155
2.0116355
0.9231734
0.81687826
0.4894892
0.37894222
0.81687826
0.60003614
1.1442673
0.37894222
0.70633125
1.1400155
2.117931
2.3347728
3.9674666
2.65791
2.7684572
1.9010887
1.7905419
0.37894222
1.4674045
1.7947936
1.7947936
1.2505624
0.81687826
1.2548143
-0.054742
0.92742515
0.38319403
-0.37787926
-0.4841744
-1.2452477
-1.4663416
0.49374095
0.60003614
0.27264705
2.228478
2.0073838
2.7684572
3.6400774
3.4232354
1.5736997
1.3611094
0.60003614
0.81687826
1.5779516
0.7105831
0.92742515
1.0379721
0.7105831
-0.16103715
1.4716563
0.60003614
0.16635191
1.5822034
0.49374095
-0.37787926
0.81687826
1.0337203
-0.054742
0.4894892
0.9231734
1.0337203
1.5779516
1.6842467
0.70633125
1.5736997
2.44532
1.2505624
2.6664138
2.44532
1.1400155
2.989551
2.5516152
3.2063932
3.2063932
2.0116355
2.772709
1.0337203
0.27264705
0.4894892
1.2505624
1.0337203
2.555867
2.228478
1.7947936
1.9010887
2.228478
1.1400155
1.4674045
2.228478
1.6842467
2.228478
1.1400155
0.81687826
1.1442673
0.7105831
0.92742515
1.1442673
1.4716563
0.60003614
1.5779516
1.6842467
1.6842467
2.228478
2.7684572
2.117931
2.879004
3.312688
2.7684572
3.312688
3.7506244
3.5295303
2.9852993
2.9852993
3.5295303
2.3347728
2.555867
2.0116355
2.1221828
0.4894892
1.1442673
0.7105831
0.92742515
0.16635191
1.0379721
1.2548143
0.055804953
1.3653612
1.0379721
0.27264705
1.0337203
1.4631528
2.117931
3.2063932
3.7463725
4.507446
4.2906036
5.1579723
4.724288
4.94113
4.06951
4.613741
4.180057
4.180057
3.8569195
3.5337825
2.883256
1.1442673
1.1442673
1.2548143
0.055804953
0.4894892
0.38319403
1.1442673
0.27689886
0.7105831
1.2548143
1.2505624
1.7947936
2.879004
3.4189837
3.6400774
4.3968987
4.724288
5.9190454
5.264267
5.8084984
4.826331
4.720036
4.830583
4.180057
2.65791
2.989551
3.0958462
2.772709
3.3169398
2.772709
2.0073838
2.989551
2.3347728
2.117931
3.3169398
3.7463725
3.2021413
4.4011507
4.2906036
4.724288
4.613741
3.631574
5.3748145
5.5874047
6.1316357
6.4590244
5.914794
6.1316357
5.264267
4.503194
5.264267
5.264267
5.3705626
5.481109
5.264267
6.0253406
5.0474253
5.264267
5.1579723
3.8526678
4.830583
4.06951
4.06951
4.3968987
5.591656
5.264267
5.9190454
6.0253406
5.481109
5.5874047
5.914794
6.237931
6.0210886
5.914794
6.7864137
6.1316357
5.481109
6.0253406
5.914794
5.6979513
5.264267
5.591656
5.264267
4.503194
3.9589627
3.8526678
4.613741
3.848416
5.1579723
4.724288
4.720036
4.720036
5.0474253
5.264267
5.0474253
5.1537204
5.6979513
6.1316357
5.4768577
7.109551
7.4326887
6.9947524
7.3221416
9.061131
8.844288
7.7558255
7.3221416
6.3442264
7.2158465
6.7821617
5.6937
6.0210886
6.1316357
7.220098
6.237931
6.1316357
7.543235
8.083215
6.561068
7.4326887
8.410604
8.844288
8.733741
9.277972
9.056878
9.056878
9.490562
8.512647
8.295805
9.277972
8.078962
8.733741
8.733741
7.7515736
8.406352
8.078962
8.078962
8.950583
10.145341
10.034794
9.711657
10.579024
9.924246
10.362183
9.490562
10.034794
8.946331
8.840036
8.946331
9.817951
10.034794
9.924246
10.68532
9.163173
9.707404
9.056878
8.295805
8.729489
9.384267
8.078962
8.406352
8.623194
8.078962
8.406352
9.711657
9.707404
9.380016
9.707404
11.012709
10.574773
10.574773
11.663235
11.335847
10.247384
10.1410885
9.163173
8.618942
9.056878
8.406352
8.406352
10.039045
9.056878
8.295805
9.928498
9.490562
8.4021
9.056878
9.380016
9.490562
10.145341
9.490562
8.618942
8.946331
9.056878
9.27372
10.468477
9.380016
10.68532
10.902162
10.464226
9.596858
9.707404
9.707404
8.946331
9.056878
8.840036
8.729489
8.840036
8.295805
9.494814
8.406352
7.8621206
7.8621206
8.078962
8.623194
7.9726677
7.9726677
8.733741
9.167425
8.950583
7.6452785
8.844288
7.9726677
8.189509
8.516899
8.950583
8.516899
8.078962
8.295805
7.8621206
7.9726677
8.733741
7.8621206
7.9726677
7.9726677
7.7558255
7.9769197
7.8663726
7.7558255
6.450521
7.538984
7.9726677
7.2115946
8.189509
8.516899
8.083215
7.4284363
7.1052995
8.083215
7.8663726
7.538984
6.77791
8.300056
7.1010475
7.649531
8.083215
7.3221416
8.083215
7.1052995
6.671615
6.671615
6.0210886
6.0210886
6.348478
5.804247
5.0431733
5.8084984
4.936878
4.936878
5.1537204
4.9326262
5.4768577
6.237931
6.237931
7.109551
4.8220797
5.3705626
6.1316357
4.065258
5.591656
4.2863517
4.936878
6.0253406
5.6979513
6.348478
5.6937
6.56532
6.237931
5.5874047
5.4768577
4.936878
4.6094894
5.1537204
4.826331
4.2821
6.1316357
5.2600155
6.1316357
4.9326262
6.237931
6.348478
6.0210886
5.2600155
5.5874047
5.804247
6.1316357
5.1537204
4.936878
3.9589627
4.830583
4.830583
4.613741
3.1978896
4.94113
3.1978896
4.830583
4.94113
3.7421207
4.2863517
3.9589627
4.613741
4.3968987
4.06951
3.9589627
4.06951
4.06951
2.5473633
2.9852993
2.3347728
1.1400155
1.4674045
1.0337203
0.81687826
1.0337203
2.6664138
2.0116355
2.5516152
3.0958462
2.662162
1.6799948
2.662162
1.0294685
1.9010887
2.3390248
1.7947936
2.989551
2.9852993
2.879004
3.2021413
3.2021413
3.8569195
2.0073838
2.879004
0.8126264
1.4716563
0.4894892
0.055804953
0.92742515
1.0379721
0.92742515
0.16635191
0.81687826
0.37894222
1.0337203
0.81687826
0.92742515
0.81687826
0.7105831
0.92742515
0.81687826
0.60003614
1.5822034
1.0337203
0.1621001
1.4674045
0.60003614
1.2548143
0.27264705
0.16635191
1.0379721
-0.050490197
-0.5947214
0.7105831
-0.37787926
1.5822034
0.6042879
-0.050490197
-0.8115635
0.6042879
-1.0284055
-0.5947214
-0.7010165
-0.8115635
0.16635191
1.0379721
-0.16103715
-0.37787926
0.7105831
0.16635191
-0.2673323
-0.7010165
-0.7010165
0.3874458
-0.4841744
-1.678932
-0.2630805
-0.15678534
0.27689886
-0.16103715
-0.7010165
0.6042879
-0.37362745
-1.5726367
-0.91785866
-0.7010165
-0.91785866
-0.4841744
-1.0284055
-1.2452477
-0.15678534
-0.7010165
-0.8115635
-0.37362745
-0.050490197
0.17060372
0.71483487
0.06005676
-0.15678534
-0.37362745
-1.7852271
-2.006321
-2.112616
-1.891522
-1.67468
-3.0905313
-1.67468
-2.8694377
-2.2146595
-1.8872703
-2.4357533
-2.6525953
-1.347291
-1.891522
-1.347291
-1.67468
-1.568385
-2.112616
-2.112616
-1.0241537
-0.2630805
-1.678932
-2.112616
-1.568385
-1.895774
-1.7852271
-1.2409959
-1.4578379
-1.891522
-1.67468
-2.112616
-1.67468
-1.347291
-2.9799845
-2.9799845
-1.9978173
-2.8694377
-2.5420485
-2.7588906
-2.8694377
-4.064195
-3.6305108
-2.8694377
-2.8694377
-3.7410579
-3.0862796
-2.1083643
-3.1968267
-2.3294582
-1.568385
-0.80731165
-1.0284055
-0.2673323
0.7105831
0.7105831
-0.2673323
-0.4841744
0.49374095
-0.15678534
-1.0241537
-2.223163
-1.7852271
-1.568385
-1.895774
-1.1304489
-1.4578379
-2.1083643
-3.4136686
-3.1968267
-1.9978173
-2.5420485
-2.2146595
-2.9757328
-2.1083643
-3.1968267
-2.2146595
-1.891522
-3.1968267
-2.3294582
-2.112616
-1.67468
-1.7852271
-2.6568472
-1.3515428
-1.2452477
-1.1347008
-0.91785866
0.49374095
1.0379721
-0.2673323
0.38319403
0.3874458
-1.0284055
-1.2452477
-0.47992262
-0.59046954
-1.0241537
-2.0020692
-0.37362745
-0.37362745
-1.0284055
-0.7010165
0.38319403
0.82113004
0.38319403
0.27264705
-0.59897316
0.60003614
0.055804953
0.60003614
0.81687826
1.3611094
1.4674045
0.9231734
1.7947936
1.7905419
2.117931
2.228478
2.0073838
1.7947936
1.1400155
1.4716563
1.2505624
2.0116355
1.9053404
1.7947936
2.3347728
1.3568575
1.9010887
2.224226
2.7684572
3.4232354
2.662162
1.4674045
2.3347728
2.117931
3.7463725
3.4189837
4.3968987
4.1758046
4.2821
4.503194
4.3926473
3.9589627
3.9589627
4.180057
4.180057
4.06951
2.9810476
3.5295303
2.4410682
2.7684572
3.0958462
3.9632149
3.2021413
2.9852993
4.613741
3.7421207
4.1758046
3.9589627
3.9589627
4.503194
5.0474253
5.0474253
4.503194
4.720036
3.8526678
3.7421207
2.9810476
3.5252786
3.9589627
3.414732
4.06951
4.06951
3.7463725
2.9852993
2.65791
3.0958462
2.7684572
3.0958462
3.6400774
2.224226
3.7463725
4.830583
4.2863517
4.94113
4.720036
5.264267
4.503194
6.2421827
5.5874047
6.1316357
6.4590244
6.0210886
6.3442264
6.0210886
4.715784
4.936878
3.9589627
4.1758046
3.0915945
3.0915945
3.9632149
2.330521
3.2021413
3.5295303
2.9810476
3.8526678
4.3968987
4.507446
3.9589627
4.3926473
4.3926473
5.264267
5.1537204
4.4989424
6.454773
7.109551
7.1052995
6.77791
7.649531
6.9990044
7.2158465
6.237931
5.914794
6.0253406
4.1758046
4.94113
4.3968987
2.8747523
3.6400774
2.879004
1.5736997
1.4674045
1.1400155
0.70633125
0.055804953
0.4894892
0.81687826
0.055804953
0.9231734
0.9231734
1.5736997
2.3347728
3.7463725
3.4189837
2.330521
3.5295303
3.3084364
2.9852993
3.5295303
4.0737615
3.7463725
2.879004
2.7684572
3.0958462
2.44532
0.5957843
1.2505624
-0.4884262
0.38319403
0.7105831
-1.0284055
-0.80731165
-0.91785866
-1.568385
-1.7852271
-1.5726367
-0.4841744
-0.8115635
-0.37787926
-0.4884262
-0.8115635
-0.8115635
-0.4841744
0.06005676
-0.9221104
-0.5947214
-0.8115635
0.27689886
0.27689886
-0.9221104
-0.9221104
0.3874458
-0.4841744
-1.1347008
-1.4620898
-1.3515428
-0.80731165
-2.0020692
-2.5505521
-0.59046954
-1.678932
-1.4620898
-1.0284055
-0.15678534
-0.91785866
-2.4400053
-1.0241537
-1.2409959
-2.0020692
-1.2409959
-1.1304489
-1.891522
-2.4357533
-2.6568472
-2.7631423
-2.2189112
-3.0905313
-2.6525953
-3.5242157
-2.8694377
-2.3252065
-3.7368062
-3.4136686
-3.0862796
-3.303122
-3.7410579
-2.6525953
-2.4357533
-2.5420485
-3.1968267
-2.7588906
-2.7631423
-2.1083643
-2.1083643
-1.5641332
-2.1083643
-3.4136686
-2.8694377
-2.2146595
-3.1968267
-2.8694377
-3.1968267
-3.4136686
-3.4136686
-3.0862796
-2.3252065
-2.1083643
-2.1083643
-2.4357533
-2.5420485
-2.9799845
-2.9799845
-2.6525953
-2.1083643
-3.1968267
-2.7631423
-1.895774
-0.7010165
0.49374095
1.2548143
0.60003614
1.4674045
2.1221828
1.0337203
0.38319403
0.60003614
-1.1347008
-1.67468
-3.1968267
-5.5863414
-3.9493964
-4.816765
-6.1220694
-4.927312
-3.4051652
-4.2767854
-3.519964
-2.9757328
-2.0020692
-0.9136068
-0.2630805
-0.4841744
0.49374095
1.4716563
2.772709
1.2463106
2.117931
2.228478
1.9010887
1.2505624
0.9231734
1.5779516
0.7105831
-0.37362745
-1.2409959
-0.9136068
-1.67468
-1.347291
-0.9136068
-1.895774
-0.4841744
-1.2452477
-0.04623839
-0.91785866
-2.2189112
-2.3294582
-1.2409959
-1.568385
-1.0284055
-0.5947214
-0.4884262
1.1442673
1.6842467
1.9010887
2.989551
2.44532
1.2505624
2.1221828
0.4894892
1.3611094
0.38319403
1.1442673
1.4716563
0.16635191
0.92742515
0.7105831
-0.050490197
-0.050490197
-0.2673323
-0.7010165
0.27689886
0.38319403
0.27689886
0.60003614
0.60003614
0.38319403
0.60003614
1.4716563
0.81687826
2.117931
1.7905419
2.3347728
2.117931
1.5694479
3.7421207
2.7642052
3.3084364
3.3084364
2.65791
4.0737615
2.4410682
2.7684572
2.228478
2.772709
2.3347728
1.5736997
2.662162
3.0958462
2.0073838
2.224226
3.8526678
3.0915945
4.3968987
4.180057
3.5295303
4.2863517
4.2863517
4.2863517
4.830583
3.848416
3.6358256
2.8747523
3.4189837
2.8747523
4.2863517
3.8526678
3.5252786
3.6358256
4.503194
4.1758046
4.3926473
5.0431733
5.1537204
3.1978896
3.1978896
3.3084364
3.0915945
3.7463725
2.8747523
3.2021413
3.7421207
4.06951
4.936878
3.848416
3.414732
3.7421207
2.9810476
4.06951
4.3968987
4.503194
4.3926473
5.0431733
4.826331
4.2821
5.1494684
6.0210886
4.715784
4.2821
4.715784
3.414732
4.065258
3.9589627
3.3084364
2.1136792
3.2021413
2.330521
2.65791
2.7642052
2.1136792
3.0915945
2.1136792
1.4589009
4.3968987
3.848416
4.503194
3.848416
5.804247
6.016837
6.3442264
6.671615
6.56532
5.3663106
4.2821
4.1758046
3.9589627
3.414732
2.7642052
2.6536584
4.06951
4.613741
3.9589627
3.414732
3.5252786
2.7642052
2.330521
1.7862899
2.5473633
3.5252786
3.5252786
2.6536584
2.8705006
3.8526678
3.7421207
3.631574
3.848416
5.3748145
5.0474253
2.8747523
2.7684572
2.7684572
2.330521
1.6799948
1.0294685
0.48523736
2.224226
3.5295303
3.8526678
3.6358256
4.1758046
3.9589627
3.414732
3.0873425
3.414732
3.0873425
3.9589627
4.2863517
4.503194
3.9589627
3.9589627
4.3926473
3.848416
3.737869
4.06951
2.1136792
3.0958462
3.2021413
2.8747523
2.7684572
3.0958462
1.6799948
2.7684572
2.003132
2.1136792
3.0915945
2.5516152
0.8126264
-0.59897316
-0.054742
0.27689886
-0.37787926
-0.054742
0.37894222
1.5736997
2.224226
3.0915945
4.06951
4.2863517
3.414732
2.5473633
3.2021413
2.5516152
2.3347728
2.879004
2.4410682
3.2021413
3.8526678
2.7642052
3.0915945
2.7642052
3.7463725
3.6358256
2.4410682
2.117931
3.0958462
1.896837
2.4410682
1.5736997
1.0337203
0.70633125
0.055804953
0.27689886
-0.15678534
-1.4620898
-2.112616
-2.223163
-1.1347008
-0.2673323
-0.4884262
0.38319403
2.228478
3.0915945
4.2863517
5.481109
6.671615
6.8884573
6.8884573
6.2336793
6.016837
4.605237
4.1758046
3.6358256
2.0073838
1.1400155
0.38319403
0.27264705
-0.8115635
-2.33371
-2.0020692
-1.3515428
-1.1389525
0.81687826
2.555867
3.8569195
3.9674666
3.8526678
4.94113
5.9190454
5.481109
6.2421827
6.237931
4.715784
6.561068
5.799995
5.5874047
4.6094894
3.7421207
3.1978896
2.1136792
2.4410682
0.9189216
2.0116355
1.0337203
0.27264705
0.27264705
1.2505624
0.26839525
0.1621001
1.0337203
1.2505624
1.0294685
1.5736997
3.5295303
4.830583
3.9589627
4.4989424
4.715784
5.2600155
5.9105415
6.0210886
6.6758666
5.5874047
5.6979513
4.503194
4.1758046
3.7421207
3.7421207
3.9589627
3.9589627
3.9589627
3.5252786
3.414732
3.7421207
3.9589627
2.5473633
3.3084364
3.3084364
2.7642052
4.3968987
4.503194
3.414732
3.631574
2.8705006
3.3084364
3.2021413
3.3084364
3.3084364
3.2021413
3.7463725
3.8526678
2.9810476
4.06951
4.2863517
4.1758046
4.613741
4.1758046
3.9589627
4.613741
4.613741
3.9589627
4.613741
4.171553
3.848416
4.503194
3.848416
4.06951
3.7421207
4.2863517
3.7421207
3.8526678
2.65791
2.330521
3.0958462
3.2021413
2.1136792
2.4410682
4.3968987
3.5252786
3.7421207
3.848416
3.631574
3.848416
4.2821
3.848416
3.9589627
3.631574
4.503194
4.720036
4.3926473
3.1978896
4.1758046
4.3926473
4.065258
3.9589627
4.503194
3.848416
4.2863517
3.8526678
4.06951
4.1758046
3.5252786
4.2863517
3.848416
3.737869
4.1758046
4.6094894
4.3926473
3.848416
4.936878
3.0873425
4.2863517
4.826331
3.9589627
4.065258
4.2821
4.2821
3.848416
4.3926473
4.6094894
3.631574
3.7421207
3.5252786
3.848416
3.1978896
4.1758046
4.720036
3.737869
4.2821
4.065258
5.804247
4.6094894
4.2821
5.481109
4.3926473
4.1758046
3.9589627
3.9589627
4.3926473
3.5210268
4.503194
5.1537204
4.1758046
3.848416
4.1758046
4.1758046
4.065258
4.830583
3.631574
4.1758046
5.0474253
4.1758046
3.631574
4.1758046
3.631574
3.7421207
3.848416
3.7421207
4.3968987
3.5252786
3.7421207
4.180057
3.7421207
2.5473633
2.65791
3.4189837
2.7642052
3.2021413
4.2863517
3.9589627
3.9589627
3.5252786
4.180057
3.8526678
3.9632149
3.6358256
3.6358256
2.330521
3.4189837
3.0915945
3.2021413
4.3968987
3.3084364
3.0915945
3.0915945
3.2021413
3.4189837
2.9810476
2.330521
2.1136792
3.4189837
1.896837
2.8747523
2.224226
1.7905419
1.4631528
1.5736997
1.3568575
1.1400155
0.5957843
1.3568575
-0.054742
1.2505624
1.0337203
0.1621001
1.4674045
0.5957843
-0.054742
0.26839525
0.9231734
1.3611094
0.27264705
0.81687826
1.0337203
0.27264705
-0.054742
0.70633125
1.0337203
0.4894892
-0.054742
0.38319403
-0.27158412
-1.2494994
-0.5947214
-1.1389525
-0.5947214
-1.4620898
-1.3557947
-1.5726367
-0.5947214
-0.4841744
-1.5726367
-1.6831837
-1.1389525
-0.7010165
-0.8115635
-2.116868
-1.1347008
-1.895774
-1.5726367
-0.8115635
-0.2673323
-0.050490197
-0.4841744
-0.15678534
-1.6831837
-1.6831837
-1.2452477
-0.8115635
-1.5726367
-0.7010165
-0.4841744
-0.8115635
-0.5947214
-1.3557947
-0.37787926
0.16635191
-0.8115635
-0.9221104
-0.4841744
-1.678932
-0.91785866
-1.1347008
-1.2452477
-1.3557947
-1.2494994
-1.0284055
-0.8115635
-0.4841744
-1.1389525
-0.050490197
-0.5947214
0.27689886
-0.7010165
-1.0284055
-1.5726367
-0.5947214
-2.006321
-2.223163
-1.4620898
-2.112616
-1.568385
-1.678932
-0.7010165
-0.7010165
-1.2452477
0.06005676
-0.4841744
-1.0284055
-0.2673323
-1.1389525
0.055804953
-0.16103715
0.055804953
-0.7052683
-0.59897316
-0.4884262
-0.5947214
-1.1389525
-1.0284055
-1.1389525
-0.2673323
-0.9221104
-0.4841744
-0.16103715
-0.8115635
-1.1389525
-0.050490197
-1.2494994
-0.2673323
-0.9221104
-1.7894788
-0.2673323
-0.37787926
-1.3557947
-0.8115635
-0.4884262
-0.16103715
0.4894892
-0.27158412
0.27264705
0.4894892
-0.054742
0.27264705
-0.054742
-0.4884262
0.60003614
0.16635191
0.27264705
0.7105831
-0.16103715
-0.16103715
-0.16103715
0.27264705
-0.27158412
0.16635191
0.27264705
0.60003614
0.4894892
0.60003614
0.60003614
0.70633125
-0.38213107
-0.054742
1.4674045
-0.16528895
0.27264705
2.228478
1.3568575
0.37894222
1.1400155
2.117931
2.224226
2.3347728
2.879004
2.5516152
1.7905419
2.0073838
2.4410682
1.6842467
2.879004
2.3347728
1.0294685
2.3347728
0.70633125
1.1442673
1.2505624
1.2505624
2.117931
1.9010887
2.7684572
2.224226
3.2021413
3.2021413
3.8569195
2.5473633
2.7684572
2.5473633
3.2021413
3.7463725
3.9632149
2.7642052
3.9632149
3.6358256
3.4189837
1.6799948
3.2021413
2.1136792
2.5516152
2.879004
2.9852993
1.896837
3.0915945
3.8526678
2.7642052
4.724288
3.5252786
4.3968987
3.5252786
3.5252786
4.3968987
4.830583
3.414732
5.0474253
5.0474253
4.826331
4.065258
4.720036
4.936878
3.737869
4.1758046
3.9589627
4.720036
3.9589627
3.3041847
4.1758046
5.264267
3.9589627
4.720036
3.9589627
4.2863517
5.6979513
3.9589627
4.3926473
5.1537204
4.720036
4.826331
6.237931
5.0431733
5.0431733
4.936878
5.1537204
5.1537204
4.1758046
4.936878
3.9589627
4.503194
5.2600155
4.4989424
6.348478
5.6937
5.3663106
7.4326887
6.3442264
5.4768577
6.0210886
5.3663106
5.4768577
6.0210886
5.3663106
6.561068
6.671615
6.671615
6.671615
6.9990044
6.1273837
5.1494684
5.9105415
6.56532
4.826331
5.914794
5.5874047
4.936878
6.348478
6.671615
6.0210886
6.3442264
6.0210886
5.6937
6.7821617
6.237931
6.0210886
6.7821617
5.6937
5.9105415
6.7821617
7.4326887
6.56532
7.3263927
6.3442264
6.0210886
6.237931
5.4768577
5.914794
6.892709
6.56532
5.2600155
6.348478
6.454773
5.583153
7.4326887
6.454773
5.3663106
6.1316357
5.3705626
6.1316357
5.804247
5.2600155
5.2600155
5.5874047
5.4768577
4.715784
6.56532
6.0210886
6.56532
7.109551
6.56532
5.2600155
6.237931
6.0210886
5.3705626
6.9990044
6.348478
6.1316357
6.56532
5.6937
5.6937
6.454773
6.454773
5.804247
6.56532
6.237931
5.4768577
6.7864137
6.1316357
6.0210886
6.7821617
7.2158465
6.8884573
6.3442264
7.2158465
6.7821617
6.671615
6.561068
7.760078
7.4326887
7.2158465
7.760078
7.9769197
6.3442264
7.4326887
6.9990044
7.2158465
6.671615
6.3442264
6.7821617
7.3263927
6.237931
7.109551
6.0210886
6.454773
6.454773
6.9990044
6.7821617
6.7821617
5.9105415
7.3263927
7.4326887
6.9990044
7.3263927
6.8884573
7.2158465
6.7821617
7.4326887
8.410604
6.77791
7.543235
7.3221416
6.454773
6.454773
7.760078
6.671615
7.3263927
7.653782
7.649531
7.1052995
7.1052995
6.671615
6.8884573
6.671615
6.016837
7.4326887
7.649531
6.671615
7.3263927
7.4326887
6.454773
6.237931
7.543235
6.3442264
7.4326887
7.4326887
7.3221416
7.760078
7.2158465
7.9769197
6.1273837
6.237931
7.760078
6.892709
6.56532
6.56532
7.4369397
6.454773
7.109551
7.4326887
7.760078
6.348478
6.56532
7.4369397
7.543235
6.9990044
7.870624
7.538984
6.8884573
6.8884573
7.4326887
7.3221416
6.8884573
7.1052995
6.77791
6.7821617
6.56532
7.109551
6.7821617
6.348478
7.109551
7.3263927
6.671615
6.77791
7.4326887
6.9947524
7.8663726
7.2158465
7.8663726
8.300056
7.4284363
9.171678
8.083215
7.538984
9.499066
9.061131
7.9726677
7.9726677
7.538984
7.8663726
7.8663726
6.561068
7.4326887
6.454773
5.6937
6.4590244
5.4768577
5.3663106
6.4590244
6.454773
7.2158465
6.671615
7.4326887
7.7558255
7.649531
9.277972
8.406352
8.516899
9.167425
9.061131
8.950583
8.733741
8.954835
9.061131
7.9726677
8.300056
7.649531
7.760078
7.649531
6.1273837
7.3263927
6.7821617
5.9105415
6.3442264
6.0210886
7.109551
6.671615
7.543235
7.1052995
7.4326887
6.561068
7.760078
7.1052995
6.561068
6.671615
7.3263927
8.193762
6.8884573
6.7821617
7.2158465
6.348478
6.237931
5.3705626
5.3748145
5.8084984
5.3705626
6.2421827
5.3705626
4.6094894
6.0253406
5.0431733
4.936878
5.3748145
5.591656
4.503194
5.1537204
5.6979513
5.5874047
6.4590244
6.0210886
5.2600155
5.6979513
5.1537204
4.936878
4.830583
4.720036
4.503194
5.3748145
5.0474253
3.9589627
5.481109
4.065258
5.0474253
4.503194
3.7421207
4.1758046
4.830583
3.9589627
4.2863517
5.1579723
4.503194
4.94113
5.0474253
4.3926473
5.481109
5.5874047
5.481109
4.1758046
5.6979513
5.9190454
4.2863517
4.613741
4.3968987
4.830583
4.720036
4.724288
4.830583
3.8526678
4.8348346
4.724288
2.65791
3.5252786
3.9589627
3.5252786
4.06951
4.2863517
4.3968987
5.264267
4.720036
5.0474253
4.503194
4.94113
4.06951
3.7421207
4.2863517
4.720036
4.613741
4.2863517
4.3968987
3.0915945
3.4189837
2.9852993
2.9852993
2.4410682
2.879004
3.312688
2.0073838
1.3568575
3.5295303
3.5295303
3.5295303
3.9632149
3.6358256
3.6358256
2.8747523
4.94113
3.6358256
4.2863517
4.830583
4.720036
5.1579723
4.3968987
4.613741
4.06951
3.4189837
3.8569195
3.0958462
2.44532
3.3169398
2.228478
2.3390248
1.9010887
2.228478
3.5337825
2.65791
3.2063932
3.4232354
2.662162
2.228478
2.117931
2.879004
3.0958462
3.6400774
3.2063932
5.162224
3.7463725
3.7463725
4.94113
3.6358256
5.0516768
4.3968987
5.379066
4.724288
3.5295303
4.617993
3.8569195
3.0958462
3.8569195
3.9632149
3.8526678
4.1843085
2.44532
3.5337825
2.772709
2.228478
2.989551
4.2948556
3.9674666
2.989551
3.0958462
3.0958462
3.9674666
4.4011507
4.72854
3.0958462
4.9453816
4.8348346
3.6400774
4.8348346
4.8348346
5.0516768
5.8127503
5.268519
4.3968987
5.4853616
4.94113
5.7022033
5.8127503
4.613741
4.724288
4.724288
5.595908
4.2906036
4.8348346
4.0737615
4.617993
3.6400774
3.6400774
4.2948556
2.879004
3.9674666
5.162224
3.5295303
4.8348346
4.724288
5.268519
4.94113
6.140139
5.1579723
4.724288
5.268519
5.379066
5.1579723
5.1579723
6.7864137
6.1316357
5.914794
5.914794
5.8084984
5.591656
6.2421827
5.8084984
5.9190454
5.9190454
6.0253406
5.3748145
4.830583
6.0253406
6.2421827
5.0474253
6.35273
4.720036
5.1579723
5.1579723
4.724288
5.9190454
5.0474253
5.0474253
5.8084984
6.0253406
5.481109
5.481109
6.0253406
7.5474873
6.4590244
6.892709
7.543235
6.1273837
6.8884573
8.742245
8.193762
7.8663726
7.649531
7.870624
7.653782
6.6758666
5.914794
7.003256
6.892709
5.914794
7.220098
7.4369397
6.56532
6.892709
7.109551
7.109551
7.109551
7.4369397
8.198013
7.9769197
6.9990044
8.521151
9.171678
8.954835
8.950583
9.605361
9.277972
8.844288
9.061131
10.260139
8.516899
8.844288
9.499066
9.061131
9.277972
9.388519
9.061131
9.061131
8.627446
8.406352
9.932751
9.061131
8.516899
9.061131
8.844288
7.9726677
8.516899
9.277972
9.605361
9.167425
9.27372
9.817951
10.034794
10.251636
10.034794
10.579024
10.579024
10.1410885
10.468477
10.795867
10.362183
10.468477
9.817951
9.707404
10.034794
10.251636
9.817951
9.380016
10.468477
9.817951
9.924246
9.924246
9.924246
10.251636
9.6011095
10.468477
9.596858
10.251636
10.902162
11.76953
10.136837
11.552689
11.119004
11.442142
10.681068
10.357931
10.681068
11.119004
10.574773
11.446393
10.464226
10.247384
10.574773
10.7916155
10.353679
11.119004
11.552689
9.8137
9.924246
10.902162
9.269468
9.269468
9.8137
10.902162
11.119004
9.8137
9.924246
10.030542
8.729489
10.034794
9.163173
8.512647
10.362183
10.357931
10.030542
11.119004
11.008457
11.442142
10.464226
11.335847
11.008457
10.357931
11.012709
9.8137
10.357931
10.247384
9.486311
10.902162
10.1410885
9.596858
10.574773
11.663235
9.486311
10.574773
10.357931
9.269468
9.707404
11.119004
10.136837
10.1410885
11.331594
10.7916155
11.335847
11.335847
9.8137
10.795867
10.902162
10.1410885
10.681068
10.68532
10.902162
9.703153
9.6011095
9.6011095
9.27372
9.490562
10.68532
10.579024
10.574773
10.570521
10.353679
11.2253
10.030542
10.353679
10.1410885
10.357931
10.1410885
9.924246
8.835785
8.508395
8.512647
9.596858
9.052627
10.357931
10.136837
10.1410885
10.574773
10.902162
10.247384
11.331594
11.658983
11.875826
10.570521
11.442142
11.004206
9.703153
11.22955
10.030542
8.4021
9.27372
9.167425
8.406352
8.729489
8.185258
8.185258
8.295805
7.317889
6.671615
4.1758046
2.224226
0.81687826
-1.0284055
-1.2409959
-0.80731165
-0.2673323
1.6842467
4.830583
6.9990044
9.711657
11.986373
12.305258
14.584226
15.668436
15.341048
16.106373
15.234753
14.256837
12.849489
10.89791
7.9684157
6.1273837
4.1758046
1.7862899
1.3568575
1.5736997
1.896837
2.662162
2.879004
2.4410682
1.7905419
2.330521
2.5431116
4.715784
5.4726057
5.2557635
5.9105415
5.4768577
4.9326262
5.799995
5.038922
6.2336793
7.3221416
6.339974
7.8621206
8.295805
7.9726677
7.3221416
5.9105415
4.2821
3.954711
5.4768577
5.9105415
4.3883953
4.1758046
3.631574
2.7642052
2.4410682
2.4368165
2.9810476
2.7642052
2.2199743
3.631574
3.848416
4.715784
5.1494684
3.737869
3.5210268
3.0873425
2.7642052
2.6536584
3.631574
4.1758046
3.5210268
3.414732
3.414732
2.5431116
3.5210268
3.631574
3.3041847
3.9589627
3.737869
3.737869
3.631574
4.1758046
3.3041847
4.065258
3.954711
4.065258
3.5210268
4.826331
4.065258
4.2821
3.737869
2.4368165
3.3084364
2.2199743
3.1978896
3.414732
2.5473633
2.65791
1.6799948
1.0294685
1.2463106
1.3568575
0.5957843
0.70633125
-0.16528895
0.48523736
0.9189216
1.4589009
3.631574
2.9767957
3.631574
2.5431116
4.065258
3.848416
3.631574
3.0873425
3.737869
3.414732
2.8705006
2.3262694
3.5252786
2.1094272
2.5431116
3.848416
3.631574
3.631574
3.848416
3.5210268
3.848416
2.9767957
3.0873425
4.2821
3.737869
3.954711
4.065258
3.3041847
4.715784
3.4104798
4.065258
3.954711
3.848416
3.848416
2.9767957
2.9767957
2.1051755
3.7421207
4.3926473
3.848416
3.631574
3.848416
3.414732
3.1936376
3.848416
3.848416
3.3041847
4.6094894
4.936878
4.1758046
4.06951
3.848416
3.3084364
3.5252786
3.1978896
2.5473633
3.3084364
2.8747523
2.4410682
2.8747523
1.7862899
2.9810476
2.330521
3.5252786
3.3084364
2.4368165
3.0915945
1.5694479
2.330521
1.5694479
1.2463106
0.9189216
-0.3906347
2.330521
1.8925852
0.3661868
2.7599535
3.4104798
3.406228
5.90629
5.799995
5.90629
7.3221416
5.038922
6.237931
6.237931
5.6937
6.6758666
4.6094894
5.0474253
4.1758046
4.1758046
3.1978896
2.5431116
2.8705006
3.1978896
3.9589627
3.0915945
2.7642052
5.5874047
4.2821
4.4989424
4.2821
5.4768577
4.9326262
5.583153
6.0210886
6.0210886
5.4768577
4.9326262
6.0210886
4.4989424
4.3926473
4.2863517
3.3084364
3.414732
3.9589627
2.4368165
2.6536584
2.224226
0.7020795
1.4631528
1.7905419
2.0073838
3.8526678
4.06951
4.826331
5.1537204
5.583153
6.450521
7.8621206
8.078962
8.512647
8.512647
7.6410265
7.5347314
5.583153
4.715784
4.065258
3.414732
2.7642052
1.3568575
0.27264705
0.38319403
0.60003614
0.5957843
1.896837
3.0915945
2.8705006
3.9589627
5.4768577
5.2600155
6.454773
6.561068
7.7558255
9.277972
8.729489
9.27372
9.056878
7.1010475
7.3221416
6.1273837
5.1494684
5.1537204
3.631574
3.631574
3.0915945
3.4189837
2.0073838
2.330521
2.4410682
2.8747523
2.65791
4.507446
3.5252786
4.3968987
4.720036
3.8526678
3.7421207
4.1758046
5.6937
7.2115946
7.1010475
7.7558255
7.317889
7.9726677
7.9726677
8.406352
8.406352
8.516899
7.9726677
8.406352
8.078962
8.295805
8.623194
7.8621206
8.623194
7.5347314
7.4241843
7.9726677
8.083215
7.2115946
5.583153
6.237931
5.4768577
5.3663106
5.583153
5.5874047
5.3663106
5.3663106
6.0210886
6.3442264
6.1273837
6.77791
8.627446
6.9947524
7.7515736
10.362183
10.574773
11.331594
10.570521
9.592606
9.919995
9.490562
7.7515736
7.538984
5.3705626
3.414732
1.4631528
2.662162
1.9010887
0.9231734
1.7905419
2.5516152
3.0915945
3.6358256
3.7463725
3.5252786
2.8747523
4.0737615
4.613741
3.8526678
5.0431733
6.1273837
7.8663726
8.950583
9.056878
8.840036
9.817951
9.924246
9.056878
9.061131
6.561068
5.0431733
3.9589627
3.7421207
4.936878
6.1316357
7.2158465
6.561068
6.016837
4.065258
3.9589627
3.5252786
2.4368165
4.06951
3.9589627
4.3926473
5.0474253
5.1537204
4.605237
5.804247
6.8884573
5.689448
6.892709
6.0210886
5.0431733
5.5874047
4.720036
4.503194
3.3084364
4.2863517
4.6094894
5.4768577
5.6937
6.3442264
6.0210886
4.3926473
4.826331
4.3926473
4.3926473
4.720036
4.1758046
3.631574
3.3084364
3.414732
3.3084364
4.06951
4.06951
2.8747523
3.312688
2.117931
0.8126264
1.9010887
3.6400774
4.06951
4.3926473
4.3926473
5.914794
4.9326262
5.4768577
6.56532
6.0210886
5.1494684
4.826331
5.914794
5.264267
4.830583
4.6094894
4.2821
4.6094894
4.4989424
5.8084984
4.826331
3.9589627
4.3968987
3.7421207
2.224226
1.3568575
1.9010887
1.7905419
2.3347728
3.8569195
4.8348346
4.06951
4.720036
4.613741
3.631574
3.848416
4.613741
5.3748145
5.0474253
5.0516768
4.3968987
4.2863517
4.2863517
4.2863517
3.7421207
4.830583
3.5252786
3.5252786
3.5252786
2.9810476
4.1843085
2.879004
3.4232354
3.9674666
3.5295303
5.4853616
4.2863517
4.06951
4.3968987
3.8526678
3.4189837
4.1843085
4.0737615
3.8569195
3.3169398
3.2063932
2.228478
1.6842467
1.6842467
2.772709
1.4674045
1.4674045
2.4495716
1.2548143
-0.5947214
1.2548143
-0.2673323
-0.050490197
1.0379721
2.0158875
1.1442673
2.2327297
2.0158875
0.70633125
0.92742515
0.60003614
0.92742515
0.7105831
1.0379721
1.4716563
2.1264346
0.92742515
0.82113004
0.49374095
0.17060372
0.71483487
0.9316769
0.9316769
0.71483487
0.6085397
0.8253819
0.17060372
-1.1347008
-1.568385
-2.5463004
-2.0020692
-0.80731165
-0.91785866
0.27689886
0.81687826
0.4894892
0.27264705
0.60003614
-0.16103715
0.16635191
0.7105831
1.1442673
1.3653612
1.0337203
1.7947936
1.6842467
2.0116355
2.555867
4.405402
2.4495716
2.6664138
3.8611712
2.3390248
1.3611094
1.4716563
0.7105831
1.0379721
-0.4841744
-0.37362745
0.3874458
0.17060372
-0.59046954
-0.2673323
1.1485192
0.6042879
1.0379721
1.3653612
1.4759082
1.3653612
1.6927503
1.6927503
2.4495716
2.883256
3.7506244
4.4011507
5.0516768
4.511698
3.7506244
4.2948556
3.644329
4.5159492
4.7327914
2.883256
3.1000981
3.9674666
3.6400774
3.0958462
4.405402
5.272771
3.9632149
2.879004
3.5337825
3.5337825
2.555867
3.0958462
2.117931
3.3169398
3.3169398
4.511698
3.5295303
3.9632149
4.613741
5.268519
5.1579723
4.724288
5.162224
5.595908
5.379066
4.94113
6.4675283
4.94113
6.463277
4.830583
6.2464347
6.35273
6.6801186
7.220098
7.441192
7.330645
6.463277
6.5738235
6.463277
5.8127503
6.68437
5.4853616
6.5738235
6.790666
6.1358876
7.330645
6.8969607
7.551739
7.441192
8.5296545
7.220098
8.419107
8.631698
7.870624
9.175928
9.503318
9.937002
9.826455
10.808622
9.175928
9.609612
8.631698
8.959086
10.481233
9.503318
10.153844
9.609612
10.587528
9.499066
10.476982
11.021213
11.127508
10.370686
10.260139
10.370686
10.698075
11.454897
10.149592
11.67174
10.693824
11.238055
11.67174
10.043297
10.476982
10.476982
11.565443
11.127508
10.914917
10.260139
9.932751
10.043297
10.043297
10.043297
10.693824
11.5611925
10.800118
11.5611925
9.928498
11.782287
11.127508
10.800118
11.888581
11.127508
11.778034
11.994876
11.450645
11.233803
11.55694
11.667487
12.105423
11.233803
11.778034
9.822204
10.366435
10.693824
10.366435
10.80437
10.260139
9.932751
10.043297
9.822204
9.822204
9.061131
9.822204
11.127508
10.476982
11.127508
11.016961
10.800118
10.689571
11.016961
11.450645
11.233803
12.105423
11.778034
10.800118
11.123256
10.9106655
11.450645
10.689571
11.67174
10.255888
10.800118
11.016961
11.127508
11.5611925
11.34435
9.494814
9.711657
10.149592
9.822204
10.689571
11.450645
12.1011715
12.207466
12.968539
12.751698
11.008457
11.76953
12.645402
12.207466
12.534855
11.340097
11.340097
10.795867
11.016961
11.123256
10.034794
10.906414
10.68532
10.795867
11.884329
10.795867
11.22955
11.450645
10.689571
11.012709
11.340097
11.123256
11.012709
11.012709
11.446393
12.09692
12.968539
12.318013
12.318013
11.990624
10.795867
11.994876
11.123256
10.145341
10.906414
10.034794
9.384267
10.039045
10.47273
9.384267
9.822204
10.034794
9.817951
9.711657
9.711657
8.516899
9.388519
9.061131
8.189509
8.733741
8.950583
9.490562
9.167425
9.494814
8.300056
8.516899
8.954835
8.300056
8.193762
8.627446
7.3221416
8.627446
8.627446
7.538984
8.844288
7.6452785
7.6452785
8.300056
8.189509
7.8663726
8.193762
8.083215
6.77791
7.649531
7.538984
6.9947524
8.083215
6.8884573
6.2336793
6.671615
6.0210886
6.348478
6.1316357
6.2421827
6.237931
6.1316357
5.5874047
6.237931
6.237931
6.671615
6.348478
6.237931
6.0210886
6.671615
7.4326887
6.9990044
7.9769197
6.1273837
7.543235
6.3442264
6.3442264
7.543235
6.9990044
6.1273837
6.348478
5.6979513
5.591656
4.613741
4.3968987
4.06951
3.414732
4.2863517
3.3084364
3.7421207
4.503194
3.9632149
4.2863517
4.2863517
3.7421207
4.503194
4.503194
4.1758046
4.2863517
4.936878
5.9190454
5.264267
4.6094894
4.936878
4.936878
4.2863517
4.503194
4.2863517
4.3968987
3.9632149
3.2021413
3.9632149
3.4189837
2.1136792
3.9632149
2.9852993
3.7463725
4.830583
4.2863517
4.06951
3.9589627
3.7421207
4.3926473
4.2863517
4.06951
4.2863517
3.9589627
3.8526678
3.5252786
2.8747523
2.7642052
3.3084364
3.8569195
2.65791
2.9852993
2.224226
2.9852993
1.7862899
2.117931
3.4189837
1.7905419
1.6842467
1.5736997
1.4631528
2.224226
1.7905419
1.6842467
2.44532
0.5957843
2.228478
2.44532
2.772709
1.5736997
1.4674045
1.6842467
0.4894892
0.70633125
1.4674045
0.1621001
0.27264705
1.6884984
0.60003614
0.055804953
0.70633125
-0.16103715
-0.27158412
0.92742515
0.4894892
0.27264705
-0.054742
-0.27158412
-0.16103715
-1.0326574
-0.4884262
0.38319403
-0.16103715
0.055804953
-0.27158412
-0.050490197
-0.5947214
-0.8115635
-0.2673323
0.16635191
-0.16103715
0.27689886
-1.0284055
0.06005676
-1.5726367
-1.4620898
-1.3557947
-1.3515428
-0.7010165
-1.7852271
-2.6568472
-3.4179204
-2.1083643
-2.4357533
-2.7588906
-1.891522
-2.4357533
-3.5242157
-2.1083643
-3.0862796
-3.9578998
-3.4136686
-3.3073738
-2.9799845
-3.4136686
-3.1968267
-3.1968267
-2.6525953
-2.6525953
-3.4136686
-3.0862796
-1.67468
-2.2189112
-2.4357533
-3.5242157
-2.6525953
-3.1968267
-3.1968267
-3.303122
-3.6305108
-3.953648
-2.7588906
-2.9757328
-4.064195
-3.409417
-3.192575
-2.7588906
-4.2810373
-3.8473527
-4.4978795
-3.8473527
-3.409417
-4.714721
-4.2810373
-4.1704903
-3.409417
-4.1704903
-4.714721
-4.064195
-4.604174
-4.1704903
-4.714721
-3.7325544
-4.064195
-4.604174
-4.604174
-4.714721
-5.475795
-5.58209
-5.3652477
-4.1662383
-5.688385
-5.905227
-5.139902
-7.099984
-6.6663
-5.0336065
-5.0336065
-6.2326164
-5.144154
-5.144154
-5.144154
-5.471543
-4.059943
-5.58209
-5.144154
-5.688385
-4.816765
-5.2547007
-5.7989316
-4.059943
-4.4936275
-4.604174
-4.4936275
-5.0378585
-5.471543
-5.2547007
-5.58209
-5.2547007
-5.905227
-5.577838
-5.905227
-6.015774
-6.015774
-6.338911
-5.688385
-5.2504487
-5.79468
-6.015774
-5.144154
-5.471543
-5.471543
-4.816765
-6.2326164
-6.2326164
-4.816765
-4.5999227
-6.015774
-5.2547007
-5.688385
-5.577838
-6.2326164
-6.1220694
-5.577838
-5.79468
-5.144154
-4.92306
-5.2504487
-5.79468
-5.577838
-4.816765
-5.900975
-5.900975
-6.776847
-5.360996
-5.905227
-6.228364
-6.1220694
-5.2504487
-5.577838
-6.0115223
-5.79468
-6.0115223
-5.79468
-6.228364
-6.338911
-4.816765
-5.905227
-5.139902
-5.360996
-6.338911
-5.905227
-6.015774
-5.0336065
-5.0336065
-5.2547007
-4.3830805
-4.2725334
-6.338911
-5.79468
-5.467291
-5.577838
-5.688385
-5.577838
-5.0336065
-6.1220694
-5.0336065
-6.0115223
-5.684133
-5.139902
-6.989438
-6.555753
-5.684133
-6.445206
-6.1178174
-5.467291
-5.5735865
-6.445206
-6.1178174
-4.92306
-5.139902
-5.79468
-6.338911
-5.2504487
-5.905227
-6.2326164
-4.378829
-5.577838
-5.144154
-6.449458
-5.577838
-5.577838
-6.228364
-6.0115223
-5.688385
-5.467291
-4.816765
-6.1220694
-5.688385
-5.475795
-3.9493964
-3.9493964
-4.2767854
-3.4051652
-4.927312
-4.604174
-3.6220074
-4.8210163
-2.9714808
-3.9493964
-3.9493964
-3.626259
-3.515712
-3.626259
-4.2810373
-4.604174
-3.515712
-3.9493964
-3.7325544
-4.2725334
-4.927312
-3.2946181
-4.7104697
-3.188323
-2.9714808
-4.059943
-2.754639
-3.626259
-3.0820277
-2.3209546
-2.6483436
-3.0862796
-2.9757328
-2.9757328
-2.6483436
-2.1041124
-3.0820277
-2.6483436
-2.8651857
-3.192575
-2.2104075
-4.059943
-2.754639
-2.4315016
-3.626259
-2.8651857
-2.3209546
-2.9757328
-3.0862796
-2.2146595
-2.8694377
-1.7809752
-2.9799845
-3.4136686
-1.7809752
-1.7809752
-2.2189112
-0.9136068
-0.9136068
-2.112616
-1.3515428
-0.6967647
-1.4578379
-2.0020692
-1.7852271
-2.0020692
-2.4357533
-0.9136068
-2.3252065
-2.1083643
-0.8030599
-1.1304489
-0.9136068
-1.2409959
-1.1304489
-0.59046954
-0.04623839
0.06005676
-0.7010165
0.71483487
0.17060372
-0.04623839
0.82113004
0.9316769
1.4759082
0.06005676
-0.2673323
0.92742515
1.2548143
0.49374095
0.6042879
1.0379721
0.7105831
-0.37362745
-0.15678534
0.7105831
-0.2673323
1.1485192
-0.15678534
1.2548143
0.38319403
1.5822034
1.3611094
0.92742515
1.1442673
1.0337203
1.9053404
1.3611094
1.3611094
1.1442673
1.3611094
2.3390248
1.4716563
1.3611094
1.7947936
1.9053404
1.9053404
1.7947936
2.3390248
1.4674045
0.81687826
2.1221828
2.44532
2.0116355
3.2063932
3.2063932
2.5516152
1.9010887
3.312688
3.5295303
2.65791
4.2906036
3.312688
3.312688
3.5295303
3.7463725
3.5295303
3.6400774
3.5295303
3.0958462
2.44532
4.2948556
4.2948556
2.224226
3.5337825
3.4232354
3.8569195
3.312688
3.7463725
3.9632149
3.8526678
4.2906036
4.0737615
5.0516768
4.8348346
3.9632149
4.0737615
4.507446
4.724288
3.6358256
4.4011507
5.379066
4.507446
3.0958462
3.9632149
5.0516768
3.9632149
4.4011507
4.507446
3.8569195
3.8569195
3.0958462
3.5295303
4.0737615
4.507446
4.180057
4.507446
4.3968987
4.507446
4.617993
4.613741
3.7463725
5.268519
5.268519
4.3968987
4.830583
3.9632149
4.507446
3.7463725
3.7463725
3.8526678
3.8526678
3.8526678
3.6358256
5.379066
5.268519
4.830583
4.2863517
4.724288
4.936878
5.3748145
5.4853616
4.830583
4.180057
4.3968987
5.162224
5.1579723
5.3748145
5.268519
4.3968987
4.180057
5.0516768
4.180057
3.7463725
3.5295303
3.7463725
4.1843085
3.5295303
2.8747523
4.8348346
4.830583
4.94113
4.830583
5.268519
4.613741
4.613741
5.268519
5.268519
5.0474253
4.613741
4.507446
4.180057
4.617993
5.268519
4.724288
4.2906036
4.507446
5.162224
4.617993
2.65791
3.8569195
3.5295303
3.2063932
3.7506244
3.6400774
2.5516152
3.8569195
3.7463725
4.0737615
2.9852993
4.4011507
4.4011507
2.9852993
3.0958462
3.0958462
3.0958462
2.3347728
3.6400774
3.9632149
3.312688
2.989551
2.7684572
1.3568575
1.6842467
2.228478
3.3169398
1.6842467
2.0116355
2.883256
2.555867
2.0116355
2.1221828
2.989551
2.228478
2.228478
2.5516152
2.117931
1.9010887
2.993803
2.1221828
1.9010887
0.81687826
2.3390248
1.7947936
2.2327297
2.4495716
2.2327297
2.2327297
1.1442673
1.9053404
0.92742515
2.0158875
2.4495716
1.2505624
2.1221828
1.7947936
1.5779516
2.555867
2.44532
1.6842467
1.2505624
2.3390248
1.3611094
0.92742515
2.0158875
0.60003614
1.0379721
1.4716563
1.0379721
0.82113004
1.1485192
0.7105831
1.2548143
1.2548143
1.9095924
1.7990454
1.5822034
1.0379721
1.0379721
0.7105831
1.0379721
1.7990454
1.3611094
0.60003614
1.3611094
0.27264705
1.2548143
1.5822034
1.2548143
1.7990454
1.3653612
0.82113004
0.06005676
1.3653612
0.71483487
1.3653612
1.0379721
1.3653612
1.2548143
0.38319403
1.5822034
1.7990454
1.4716563
1.4716563
1.4716563
1.5822034
1.0379721
2.3432765
2.5601187
1.4716563
2.4495716
2.1221828
2.0158875
0.60003614
2.0158875
2.1264346
1.4716563
1.3653612
1.3653612
1.0379721
2.2369814
1.1485192
1.0379721
0.82113004
1.1485192
0.82113004
1.1485192
1.5822034
1.5822034
0.7105831
1.3611094
1.3653612
0.92742515
1.1442673
1.5822034
2.4495716
2.2327297
1.3611094
1.9095924
0.49374095
1.3653612
1.2548143
0.92742515
1.7990454
1.2548143
1.4716563
1.9095924
1.4716563
1.4716563
1.2548143
2.1264346
1.3653612
1.7990454
1.9095924
1.4716563
2.1264346
1.1442673
1.1442673
2.4538236
2.5601187
1.4674045
2.2327297
2.6664138
2.4495716
2.0158875
2.1264346
3.210645
1.3653612
1.4716563
1.5779516
1.7990454
1.4716563
2.4495716
1.4716563
1.7947936
2.0158875
1.6884984
1.2548143
2.5601187
2.4495716
2.0158875
3.1043499
1.4716563
1.3611094
2.3432765
1.3653612
1.4716563
2.0158875
2.4495716
2.3432765
2.0158875
1.4716563
1.2548143
2.1264346
2.0158875
2.4495716
2.7769608
1.9053404
2.3390248
2.2327297
2.555867
2.3390248
2.4495716
1.9053404
2.3390248
2.3390248
2.1221828
2.7769608
2.883256
2.4495716
1.9053404
1.6884984
2.4495716
2.0158875
2.0158875
3.210645
0.92742515
2.4495716
2.7769608
2.0116355
2.555867
4.405402
2.989551
2.555867
4.6222444
3.0958462
2.662162
2.989551
3.5337825
3.2063932
3.8611712
3.5337825
3.7506244
3.8611712
2.879004
3.7506244
4.2948556
3.4232354
3.4232354
3.2063932
4.2948556
2.989551
3.644329
4.511698
2.989551
3.0958462
3.9674666
4.2906036
4.617993
4.507446
4.724288
4.180057
4.617993
4.2863517
5.268519
4.94113
5.0516768
3.9632149
4.180057
5.595908
4.617993
4.0737615
4.0737615
3.9632149
4.2906036
4.94113
6.140139
4.94113
3.8526678
4.8348346
4.617993
4.2906036
5.162224
4.507446
4.830583
5.1579723
5.0516768
4.3968987
5.4853616
4.613741
5.595908
4.507446
5.268519
4.2906036
5.0516768
5.4853616
5.379066
4.830583
4.724288
5.379066
5.1579723
4.724288
5.268519
5.0516768
4.94113
4.503194
5.162224
5.268519
5.7022033
4.724288
4.613741
4.3968987
5.268519
4.617993
5.268519
4.8348346
4.4011507
4.617993
4.4011507
4.0737615
3.9632149
5.268519
5.0516768
5.162224
5.268519
4.4011507
5.0516768
4.8348346
4.507446
4.94113
5.379066
4.94113
3.9632149
5.1579723
4.507446
4.724288
3.7463725
4.72854
4.9453816
4.617993
3.7506244
3.7506244
3.8569195
4.405402
3.9674666
3.312688
4.4011507
4.2906036
4.617993
5.162224
4.8348346
3.312688
4.9453816
5.4853616
4.06951
4.724288
4.613741
4.180057
4.507446
4.2906036
4.507446
4.724288
5.0516768
4.507446
4.617993
5.272771
3.7463725
3.7463725
4.2948556
4.617993
4.0737615
4.4011507
4.4011507
4.1843085
4.72854
4.180057
3.6400774
4.180057
4.9453816
4.617993
5.268519
3.9632149
5.268519
4.8348346
5.379066
4.507446
4.72854
4.72854
4.511698
4.2906036
3.5295303
4.6222444
4.1843085
2.989551
3.2063932
3.5337825
2.662162
2.6664138
3.1000981
3.1000981
2.772709
2.772709
3.3169398
2.6664138
2.44532
2.3390248
3.3169398
2.1221828
2.6664138
2.6664138
2.1221828
2.0158875
2.4495716
2.0158875
2.2327297
2.0158875
1.6884984
1.9053404
1.4716563
1.2548143
1.2548143
1.3653612
1.5822034
1.0379721
1.1442673
1.0379721
2.0158875
0.7105831
1.1485192
0.82113004
0.7105831
0.49374095
1.4759082
0.9316769
0.82113004
0.3874458
0.9316769
0.49799278
0.49799278
1.8032973
1.3653612
0.9316769
1.1485192
1.6927503
-0.050490197
1.6927503
0.06005676
0.27689886
1.3653612
1.5822034
1.2548143
1.7990454
1.2548143
0.6042879
1.2548143
1.2548143
1.0379721
0.6042879
0.7105831
1.3653612
-0.2673323
-0.050490197
1.5822034
0.49799278
0.82113004
1.0379721
1.3653612
0.92742515
1.1485192
1.9095924
1.4759082
0.49374095
1.4716563
1.0379721
1.4716563
1.4716563
2.1264346
1.7990454
1.2548143
2.3432765
1.9095924
1.9053404
1.7990454
0.82113004
0.06005676
1.1485192
1.1485192
0.17060372
0.71483487
0.49374095
0.3874458
1.3653612
0.82113004
0.7105831
0.6042879
1.9095924
1.9095924
1.6927503
1.2548143
1.6927503
1.4716563
0.92742515
1.0379721
1.3611094
2.1264346
1.7990454
1.7990454
1.3653612
1.9095924
0.27689886
1.6927503
1.3653612
0.06005676
0.9316769
0.49799278
0.28115067
0.28115067
0.17060372
0.28115067
0.49799278
-0.37362745
0.3874458
0.9316769
0.9316769
0.7105831
2.1264346
1.3653612
1.9095924
1.0379721
1.9095924
0.3874458
0.17060372
0.17060372
0.71483487
-0.59046954
0.06430857
0.71483487
0.17060372
-0.6967647
0.17060372
0.6085397
0.39169762
-0.47992262
-0.2588287
0.39169762
-1.347291
-1.0199019
-1.3515428
-0.2630805
-0.15253355
-0.47992262
0.28115067
0.71483487
0.8253819
0.9316769
-0.2630805
0.49799278
1.259066
0.49799278
0.17060372
0.71483487
1.1485192
1.2548143
2.1264346
1.0379721
0.7105831
2.6706657
1.3653612
1.2548143
0.7105831
1.7990454
1.1442673
1.3653612
0.38319403
1.0379721
1.4716563
1.0379721
1.3653612
0.60003614
1.1442673
1.2548143
1.4716563
0.27264705
1.4716563
0.92742515
0.92742515
0.92742515
0.49374095
1.0379721
0.27264705
0.92742515
1.9095924
0.82113004
0.60003614
1.2548143
0.7105831
1.2548143
1.2548143
1.7990454
1.5822034
0.81687826
0.38319403
2.1264346
1.4716563
1.1442673
1.3653612
0.7105831
1.3611094
1.3653612
0.60003614
0.92742515
0.60003614
1.3611094
1.9053404
1.5779516
1.3611094
2.2327297
1.6884984
1.5779516
1.9053404
0.60003614
2.4495716
2.6664138
0.9231734
1.7947936
1.7947936
1.9053404
1.5779516
1.4674045
0.81687826
0.92742515
1.1442673
0.81687826
1.5822034
0.92742515
0.38319403
1.1442673
0.81687826
1.5779516
1.6884984
1.6884984
0.7105831
0.4894892
1.1442673
0.60003614
0.70633125
1.3611094
1.1442673
0.38319403
1.4716563
1.0337203
0.055804953
1.2548143
0.60003614
1.3653612
1.2548143
0.16635191
1.2548143
0.49374095
0.055804953
1.2548143
1.2548143
0.055804953
0.7105831
1.1442673
1.1442673
0.37894222
1.4716563
1.3611094
0.7105831
0.38319403
0.7105831
1.1442673
0.055804953
0.92742515
1.0337203
0.055804953
1.1442673
1.9053404
1.0337203
0.4894892
0.60003614
1.3611094
0.38319403
0.38319403
1.1442673
1.9053404
0.81687826
0.60003614
1.0337203
1.0337203
0.38319403
1.1442673
0.81687826
0.70633125
0.7105831
0.92742515
1.7947936
0.27264705
1.0337203
1.9053404
1.0337203
0.81687826
2.2327297
0.37894222
0.27264705
0.81687826
0.38319403
0.60003614
0.60003614
1.3611094
0.81687826
0.60003614
0.38319403
0.81687826
1.5779516
0.4894892
0.055804953
1.4674045
0.70633125
0.37894222
0.70633125
-0.27158412
0.1621001
1.5779516
1.5779516
1.0337203
1.7990454
1.4674045
-0.27158412
1.5779516
0.92742515
0.60003614
0.81687826
0.4894892
0.60003614
-0.054742
0.055804953
0.27264705
0.60003614
0.7105831
0.60003614
0.60003614
0.27264705
0.38319403
0.16635191
-0.050490197
-0.050490197
-0.2673323
0.27689886
-0.7052683
0.16635191
-0.7052683
-0.37787926
1.0379721
0.16635191
-1.0284055
0.6042879
-0.8115635
-0.5947214
0.49374095
0.6042879
-0.050490197
-0.2673323
-0.16103715
-0.9221104
0.16635191
-0.4884262
-0.16103715
-0.7052683
0.06005676
-0.15678534
-0.8115635
-0.2673323
-0.5947214
-0.37787926
0.27689886
-0.37787926
-0.8115635
-0.4841744
-0.5947214
-1.1389525
0.06005676
-0.5947214
0.16635191
-0.2673323
-0.16103715
-0.050490197
0.7105831
-0.9221104
0.7105831
0.055804953
-0.5947214
0.38319403
-0.4884262
0.92742515
-0.16103715
0.49374095
0.92742515
0.055804953
0.055804953
0.92742515
-0.4884262
0.92742515
-0.4884262
0.60003614
0.16635191
-1.1389525
-0.050490197
-0.37787926
0.27689886
-0.37787926
0.27689886
0.16635191
-0.16103715
-0.16103715
0.16635191
0.16635191
-0.7052683
-0.5947214
-0.81581527
-0.37787926
-0.7052683
-0.27158412
-0.16103715
-0.27158412
-0.16103715
-0.27158412
0.1621001
0.49374095
0.60003614
-0.38213107
-0.054742
-1.2494994
-0.5947214
-0.7052683
-0.2673323
-0.9221104
-0.37787926
-1.1389525
-1.1389525
-0.5947214
-0.5947214
-1.1389525
-0.37787926
-0.7052683
-0.4884262
0.055804953
0.055804953
0.60003614
-0.4884262
-0.38213107
0.37894222
1.0337203
1.2505624
-0.16528895
1.2505624
-0.054742
-0.27158412
0.60003614
-0.7052683
-0.27158412
-0.054742
0.60003614
0.38319403
0.055804953
-0.16103715
-0.27158412
0.27264705
-0.054742
0.60003614
0.4894892
0.27264705
-0.4884262
1.1442673
0.27264705
-0.38213107
0.4894892
0.1621001
0.70633125
0.37894222
0.5957843
0.70633125
1.3568575
0.1621001
1.3611094
0.81687826
-0.054742
-0.054742
0.1621001
0.1621001
0.9231734
0.4894892
1.3611094
-0.16103715
-0.27158412
0.055804953
1.0337203
-0.27158412
0.81687826
0.37894222
0.70633125
0.05155315
0.8126264
0.7020795
1.2463106
1.1400155
1.2463106
0.5957843
0.37894222
0.8126264
1.2463106
1.2463106
2.117931
2.0073838
1.896837
1.1357636
1.896837
2.224226
2.5516152
1.7905419
2.5516152
2.224226
0.8126264
1.4631528
1.4631528
2.224226
1.5736997
1.2463106
1.3526058
0.8126264
1.6799948
1.2463106
1.2463106
1.5736997
1.0294685
1.1400155
1.0294685
1.9010887
2.3347728
1.6799948
1.896837
2.1136792
2.1136792
1.3526058
2.65791
2.330521
1.7862899
2.5473633
3.3084364
1.6799948
2.003132
2.65791
1.7862899
1.6799948
2.65791
2.330521
1.1357636
2.7684572
1.2420589
1.2463106
2.224226
2.224226
2.1136792
1.6799948
2.7684572
2.65791
2.2199743
2.5473633
2.5473633
3.1978896
2.7642052
2.9810476
3.1978896
3.1978896
2.5473633
3.1978896
3.631574
1.9988803
3.3084364
3.9589627
2.6536584
2.8705006
3.3084364
2.6536584
3.5252786
2.7642052
3.414732
3.0873425
3.5252786
3.3041847
3.414732
3.414732
3.737869
3.848416
3.848416
3.5210268
3.0873425
3.414732
3.414732
3.7421207
3.848416
3.631574
3.7421207
3.848416
3.4104798
3.7421207
3.631574
3.414732
3.3041847
3.1978896
3.631574
3.7421207
3.3041847
3.0873425
4.3926473
3.7421207
3.9589627
3.3041847
3.631574
3.848416
3.848416
4.1758046
3.631574
3.848416
2.4368165
3.5252786
3.414732
2.7642052
2.5473633
3.1978896
2.4368165
1.7862899
2.9810476
1.5694479
2.7642052
2.2199743
3.3084364
3.3084364
1.5694479
2.7642052
3.3084364
2.5473633
3.3084364
2.330521
1.7862899
2.1094272
2.7642052
2.003132
2.9852993
1.7862899
1.7862899
2.65791
2.1136792
1.7862899
2.7642052
2.5473633
2.6536584
3.0915945
2.2199743
2.9810476
2.2199743
2.4368165
3.0915945
2.1094272
2.5431116
3.3084364
2.7642052
2.2199743
3.1978896
3.7421207
3.1978896
2.7599535
3.631574
3.1978896
2.5431116
3.848416
3.414732
2.330521
3.4189837
3.414732
2.4368165
3.3041847
2.6536584
2.4368165
2.9810476
3.5252786
1.8925852
2.3262694
2.4368165
2.330521
2.8747523
2.8747523
2.330521
2.9810476
2.003132
1.0252168
1.0252168
1.3526058
2.224226
1.1357636
1.5694479
1.3526058
1.6799948
2.330521
2.1136792
1.1357636
1.2420589
2.330521
2.1136792
2.1136792
2.7642052
1.4631528
1.2420589
2.7642052
1.7862899
2.7642052
2.4368165
2.4368165
2.2199743
2.5473633
2.1136792
2.4410682
1.5694479
2.1136792
2.1136792
2.2199743
1.5736997
2.330521
2.2199743
1.896837
2.003132
2.003132
1.0252168
1.4589009
2.330521
2.5473633
2.2199743
2.8705006
2.8705006
3.7421207
3.3041847
2.6536584
3.414732
3.0873425
2.5473633
2.8705006
3.631574
2.4368165
2.1136792
2.8747523
0.9189216
1.5694479
2.1136792
0.3746904
2.003132
1.4631528
1.7862899
2.1136792
0.8083746
1.2420589
1.5694479
2.1136792
1.3526058
0.8083746
2.330521
1.4631528
1.7862899
1.7862899
0.7020795
1.896837
1.896837
1.6757431
2.5473633
2.7642052
2.7642052
2.6536584
2.9810476
1.6757431
1.7862899
0.9189216
0.70633125
-0.38213107
-0.054742
-0.38213107
0.5957843
0.70633125
0.5957843
1.1357636
2.4368165
2.4368165
3.1978896
3.631574
3.848416
3.414732
4.065258
4.503194
3.414732
2.5431116
3.631574
3.631574
4.6094894
3.954711
3.954711
3.5210268
3.0873425
3.7421207
3.5252786
4.1758046
3.7421207
3.3041847
3.9589627
2.9810476
2.9810476
2.8705006
2.9810476
2.6536584
3.4189837
2.9810476
2.8747523
3.3084364
2.6536584
3.0873425
3.414732
3.5210268
3.0873425
4.065258
3.414732
3.631574
3.0873425
3.5252786
2.6536584
2.9810476
2.9810476
2.1094272
2.5473633
2.003132
3.0915945
2.5473633
2.003132
2.9810476
2.65791
2.7642052
2.5473633
2.7642052
2.9810476
2.1136792
3.1978896
3.631574
3.1978896
2.1136792
2.003132
2.7642052
2.003132
2.2199743
3.1978896
2.4368165
3.1978896
3.1978896
3.5210268
3.1978896
3.631574
4.1758046
3.848416
3.631574
3.631574
2.8705006
3.631574
3.5210268
4.3926473
3.848416
3.737869
3.848416
2.7599535
3.848416
2.6494067
2.9767957
3.414732
3.848416
3.0873425
3.3041847
3.631574
3.1978896
3.0873425
2.9767957
2.7599535
3.9589627
3.7421207
2.6536584
3.7421207
3.414732
3.9589627
3.5210268
4.065258
4.1758046
4.1758046
4.1758046
3.631574
3.848416
3.737869
3.414732
3.9589627
3.5210268
3.5210268
3.631574
3.631574
3.631574
3.414732
2.8705006
3.1978896
3.5252786
3.7421207
3.9589627
2.8705006
2.8705006
2.7642052
2.2199743
2.7642052
2.6536584
3.1978896
4.06951
3.631574
2.7642052
2.9810476
2.2199743
3.631574
3.9589627
4.1758046
4.2863517
2.8705006
3.414732
3.414732
3.3041847
3.8526678
4.065258
2.8705006
1.7862899
1.1357636
1.2420589
2.4368165
2.6536584
3.3084364
3.5252786
2.8705006
3.5210268
3.9589627
3.5210268
3.631574
3.1936376
3.848416
3.631574
3.1936376
3.631574
3.1936376
3.3041847
2.9767957
2.9767957
3.5210268
2.7599535
2.8705006
2.1094272
2.9810476
1.7862899
1.2463106
0.8126264
0.48523736
1.7905419
1.5694479
1.5694479
2.9810476
1.5694479
1.7820382
2.6536584
2.7642052
3.7421207
3.848416
3.3041847
4.6094894
5.3663106
5.799995
5.3663106
5.799995
5.038922
5.2557635
4.3883953
3.737869
4.3926473
4.065258
3.848416
3.631574
3.848416
3.631574
4.2821
3.299933
3.631574
4.3883953
4.2821
4.065258
3.1936376
2.8662488
3.9589627
3.1936376
2.9767957
2.6536584
2.7642052
2.7642052
3.631574
3.0873425
2.7599535
2.6536584
2.8705006
2.2199743
2.7642052
4.3926473
3.631574
4.4989424
4.9326262
4.605237
4.605237
4.715784
4.4946904
5.3663106
4.9326262
4.4989424
5.0431733
4.065258
3.737869
4.171553
3.737869
3.5210268
3.631574
2.5473633
2.2199743
2.003132
2.2199743
2.7642052
2.9810476
4.1758046
3.631574
3.631574
3.631574
4.3926473
3.3041847
3.1936376
4.4989424
3.737869
3.631574
4.171553
5.0431733
5.583153
4.4989424
4.9326262
3.5210268
3.1936376
4.1758046
3.7421207
3.3041847
3.414732
3.5210268
3.7421207
3.3041847
3.1936376
3.844164
4.065258
3.848416
3.5252786
2.330521
1.4589009
2.8747523
2.9810476
3.631574
3.0873425
2.6494067
3.5210268
3.3041847
3.631574
3.848416
3.0873425
4.1758046
3.8526678
3.848416
2.6536584
3.1978896
2.8705006
2.5473633
3.414732
3.0873425
3.848416
4.065258
3.5210268
3.848416
3.631574
3.848416
3.0873425
3.3041847
3.848416
3.1978896
3.631574
3.848416
4.2821
4.3926473
3.737869
3.3041847
4.065258
3.3041847
3.3041847
3.5252786
3.737869
4.065258
4.6094894
3.737869
4.826331
4.171553
3.5210268
4.1758046
3.848416
3.3041847
3.0873425
3.414732
3.737869
3.631574
2.9767957
3.7421207
3.3041847
3.0873425
3.414732
3.414732
3.414732
2.6536584
3.3084364
3.1978896
2.5473633
2.003132
1.8925852
3.1978896
2.7642052
2.4368165
2.6536584
3.3041847
4.065258
2.8705006
3.631574
3.1936376
3.5210268
4.2863517
3.3041847
2.9767957
4.503194
3.848416
3.631574
2.9810476
3.0873425
3.3041847
3.848416
3.414732
3.4104798
4.3926473
3.737869
3.7421207
3.5210268
4.1758046
4.1758046
3.631574
3.954711
3.848416
4.4989424
4.065258
4.065258
3.5210268
4.6094894
3.954711
3.631574
3.848416
3.5210268
3.5210268
5.0431733
3.844164
4.715784
4.0610065
5.2600155
4.2778482
5.4768577
5.799995
6.561068
5.2557635
5.689448
6.016837
5.90629
5.795743
7.4241843
7.5347314
7.207342
7.1010475
6.77791
6.2336793
5.2557635
5.1494684
5.6937
3.737869
4.2778482
5.583153
4.928375
5.578901
6.2294273
6.667363
5.689448
6.016837
5.9105415
5.038922
6.77791
6.7736583
7.5347314
7.7515736
7.4241843
7.5347314
7.5347314
7.1010475
6.667363
6.8842053
6.8842053
5.578901
6.123132
5.90629
5.795743
7.3221416
6.123132
6.123132
6.667363
6.450521
6.123132
5.689448
6.2336793
5.4726057
6.450521
6.8842053
6.8799534
7.6410265
7.4241843
7.857869
8.295805
7.7515736
7.5347314
7.5347314
6.339974
5.1452165
5.4726057
5.583153
5.2557635
6.123132
6.9947524
6.339974
7.1010475
5.2557635
5.4726057
5.4726057
5.689448
5.795743
7.6452785
7.207342
7.4241843
7.5347314
6.8799534
7.207342
6.8842053
7.7558255
7.207342
6.8842053
7.317889
6.663111
7.317889
6.9905005
6.7736583
7.9684157
6.9905005
7.1010475
7.6452785
6.8842053
7.4284363
6.2294273
6.012585
6.663111
6.7736583
6.008333
6.7736583
7.8621206
7.317889
7.8621206
7.9684157
6.9905005
6.2294273
6.123132
6.450521
5.4726057
5.4726057
6.9947524
6.77791
7.5347314
7.7515736
8.185258
7.207342
8.078962
6.8799534
6.4462695
7.7515736
7.5347314
7.6410265
7.857869
7.313638
6.769407
7.317889
6.012585
5.90629
5.3663106
5.689448
4.7115326
5.2557635
6.016837
5.799995
6.123132
6.556816
5.251512
6.667363
6.123132
6.123132
5.90629
6.2294273
7.1010475
6.2294273
6.7736583
6.667363
7.5347314
7.207342
6.7736583
7.5347314
7.317889
6.7736583
6.556816
5.583153
5.4726057
5.3663106
5.9105415
4.4946904
5.0346694
5.689448
5.3620586
6.123132
5.795743
6.667363
5.578901
6.339974
6.663111
7.1010475
5.902038
6.012585
6.667363
6.8842053
8.078962
8.078962
6.663111
6.9905005
6.2294273
5.795743
6.7736583
6.4462695
6.7736583
7.317889
6.667363
6.012585
4.8178277
6.2336793
6.012585
6.339974
6.9905005
7.207342
7.5347314
6.556816
7.207342
6.012585
6.012585
7.1010475
6.556816
7.5347314
5.902038
7.1010475
7.7515736
6.012585
6.4462695
7.1010475
7.8621206
6.7736583
6.8842053
6.7736583
7.317889
7.207342
6.9905005
6.556816
6.339974
6.450521
6.8799534
6.7736583
7.1010475
7.207342
6.012585
7.317889
6.2294273
6.012585
6.663111
6.4462695
8.078962
7.207342
8.512647
7.6410265
7.313638
7.6410265
7.4241843
8.295805
8.078962
6.9905005
6.663111
7.096796
8.074712
8.508395
8.725238
9.269468
9.158921
8.94208
9.052627
8.835785
9.486311
8.2915535
9.380016
8.2915535
8.074712
8.181006
9.486311
9.265217
9.375764
10.136837
10.353679
9.809448
9.919995
9.486311
10.353679
10.89791
9.809448
9.919995
10.681068
9.371511
10.787363
10.566269
11.327342
10.893659
10.676816
9.69465
10.459974
10.787363
10.23888
11.1105
11.004206
11.004206
11.004206
10.132585
11.004206
11.004206
11.654732
11.004206
10.23888
11.221047
11.437889
11.654732
11.65048
12.301006
13.1726265
11.539933
12.845238
13.1726265
12.411553
11.977869
12.955785
12.845238
12.628395
12.628395
12.411553
13.278922
12.845238
13.495763
14.142038
13.818902
14.796817
14.469427
14.35888
15.557889
15.230501
15.230501
15.013659
16.102121
15.119954
15.881026
17.292625
17.071531
17.071531
16.85469
17.398922
18.049448
18.155743
18.80627
18.921068
18.483133
17.832605
17.39467
18.483133
17.071531
17.615763
17.398922
17.72631
18.159994
18.155743
17.943153
17.288374
16.965237
16.531553
16.204163
16.642101
15.447342
15.447342
13.814649
14.14629
13.495763
12.411553
11.977869
11.221047
10.893659
11.221047
10.566269
10.783112
10.566269
10.787363
11.765279
11.327342
11.1105
11.544185
11.871573
11.977869
12.411553
13.168375
13.1726265
13.389469
13.823153
13.062079
13.389469
12.628395
12.190459
12.084165
12.305258
11.977869
11.654732
11.654732
11.004206
11.9821205
11.1105
10.132585
11.004206
10.676816
10.893659
10.23888
11.004206
11.327342
11.544185
10.455723
10.0220375
11.765279
11.437889
9.698901
9.915743
9.048374
10.681068
9.919995
9.919995
9.809448
8.94208
9.375764
8.397848
8.2915535
8.835785
9.380016
7.9641643
8.508395
8.2915535
8.614691
9.919995
9.265217
10.353679
9.592606
10.136837
8.614691
9.919995
9.375764
9.703153
9.269468
9.375764
9.919995
8.725238
9.592606
8.070459
8.074712
9.163173
8.729489
8.618942
7.096796
7.7515736
8.512647
7.6410265
7.857869
6.8799534
8.185258
7.5304804
7.7515736
7.096796
7.207342
7.207342
7.5347314
7.7515736
6.9905005
5.795743
5.6851964
6.012585
6.339974
6.7736583
6.123132
5.689448
5.689448
5.2557635
4.7115326
4.715784
4.8220797
5.1494684
4.2778482
4.171553
4.3883953
5.1494684
4.715784
4.715784
4.4989424
4.715784
5.038922
3.954711
4.605237
5.0431733
4.9326262
4.605237
4.715784
4.3883953
4.715784
4.2778482
4.4946904
4.3883953
4.605237
4.3883953
4.4989424
3.5210268
4.065258
3.3041847
4.1758046
2.8705006
3.414732
3.631574
2.8705006
3.414732
3.0915945
2.5473633
2.2199743
2.65791
2.1136792
1.896837
2.0073838
2.224226
1.1357636
1.4631528
1.2463106
1.2463106
1.7905419
0.26839525
0.48523736
0.8126264
0.1621001
0.4894892
-0.59897316
0.1621001
-0.27158412
-0.7052683
-0.59897316
-0.81581527
-0.16103715
-1.3600464
-2.116868
-1.5768886
-1.4663416
-1.2494994
-1.5768886
-1.7979825
-0.16528895
-0.9263622
0.26839525
1.4631528
0.26414344
0.59153247
1.6799948
2.330521
1.6757431
2.3262694
2.4368165
3.0873425
3.0873425
2.1094272
2.9810476
2.4368165
2.7642052
2.4368165
2.8705006
3.414732
3.631574
3.631574
3.5210268
3.5210268
4.6094894
3.5210268
3.954711
4.6094894
5.2600155
5.1494684
5.6937
5.799995
4.9326262
6.016837
6.3442264
5.90629
5.90629
5.689448
6.123132
6.450521
6.561068
5.578901
6.012585
7.2115946
6.77791
6.339974
7.317889
7.317889
6.663111
7.317889
8.078962
7.5347314
7.7515736
7.8621206
7.4241843
7.6410265
8.2915535
8.725238
9.163173
9.052627
9.052627
7.9641643
8.618942
8.835785
8.2915535
8.835785
7.5304804
8.074712
8.074712
7.313638
7.6410265
7.7515736
8.618942
7.9684157
6.986249
8.074712
8.4021
8.074712
7.9641643
9.163173
9.052627
8.618942
9.052627
8.074712
9.486311
9.269468
8.397848
9.375764
9.809448
10.247384
9.919995
10.570521
8.720985
8.8315325
10.464226
10.136837
10.570521
10.247384
10.243132
9.915743
9.919995
10.247384
10.030542
9.486311
9.919995
10.030542
9.486311
8.614691
9.158921
9.486311
9.486311
9.919995
9.703153
9.596858
9.703153
8.2915535
8.94208
9.486311
9.8137
9.158921
9.919995
10.464226
9.703153
9.8137
9.703153
9.269468
8.508395
10.030542
9.703153
8.725238
9.375764
10.136837
9.919995
10.02629
9.592606
9.919995
9.592606
8.8315325
9.919995
10.247384
8.725238
9.052627
9.158921
8.725238
9.8137
9.919995
9.486311
9.375764
8.94208
9.375764
9.158921
9.269468
9.269468
9.486311
9.269468
10.247384
9.269468
8.94208
9.596858
9.919995
8.504144
9.158921
9.592606
9.703153
8.94208
9.269468
9.052627
9.269468
8.074712
9.380016
8.618942
7.9641643
8.074712
8.725238
8.94208
8.397848
8.725238
8.2915535
9.163173
8.185258
7.5304804
8.2915535
7.857869
8.618942
8.835785
7.857869
8.835785
8.835785
8.185258
7.857869
8.618942
7.5304804
7.4241843
7.7515736
7.4241843
7.6410265
7.5304804
8.185258
8.729489
8.185258
8.4021
7.6410265
7.4241843
8.512647
7.4241843
7.5304804
8.185258
7.096796
7.6410265
7.6410265
7.5347314
7.9684157
6.8799534
7.207342
6.663111
6.4462695
6.9905005
7.2115946
7.1010475
5.902038
7.317889
7.5347314
6.7736583
7.207342
7.317889
7.207342
7.207342
6.9905005
7.1010475
6.9905005
7.207342
7.4241843
7.6410265
7.096796
8.078962
8.512647
7.4241843
7.857869
7.096796
6.769407
7.7515736
6.8799534
7.4241843
7.9684157
7.9684157
7.5347314
8.295805
7.9684157
7.1010475
6.4462695
6.8842053
6.2294273
5.468354
6.556816
6.556816
6.2294273
7.1010475
6.667363
5.90629
4.8178277
4.4946904
6.016837
5.3620586
6.556816
6.8842053
6.123132
6.123132
5.6851964
6.123132
5.90629
6.3442264
5.689448
6.2336793
6.016837
5.3663106
5.038922
5.583153
5.038922
5.2557635
4.2778482
4.9326262
5.2557635
3.6273217
5.038922
5.1494684
4.605237
4.7115326
5.3663106
5.799995
5.583153
5.4726057
6.123132
5.90629
6.339974
6.123132
5.795743
6.2336793
5.799995
5.578901
5.3620586
5.689448
5.689448
6.450521
6.2336793
5.038922
5.583153
4.8220797
5.038922
4.8220797
4.2778482
5.038922
4.3883953
5.1494684
5.038922
4.928375
4.8220797
5.3663106
5.2557635
5.1452165
6.016837
5.799995
5.4726057
5.2557635
5.4726057
6.016837
6.77791
5.689448
5.4726057
4.2778482
4.928375
4.3841434
5.3663106
5.689448
6.3442264
5.2557635
5.1452165
5.689448
5.689448
5.3620586
6.2336793
5.0346694
6.667363
6.012585
5.90629
6.8842053
6.667363
5.578901
6.123132
6.339974
5.468354
6.339974
6.556816
6.556816
6.667363
5.795743
5.90629
6.556816
5.251512
5.3620586
5.4726057
5.689448
5.689448
4.928375
6.2336793
6.667363
6.012585
6.339974
5.90629
6.4462695
5.578901
6.556816
6.4462695
7.1010475
6.4462695
7.4284363
6.556816
6.7736583
7.7515736
7.207342
7.7515736
7.317889
6.4462695
6.2294273
6.556816
6.7736583
7.317889
7.317889
6.556816
6.8842053
5.795743
5.795743
5.578901
6.2294273
7.4241843
6.2294273
6.556816
6.663111
7.207342
5.24726
6.7736583
7.207342
6.663111
7.9684157
6.7736583
6.663111
6.8799534
6.9905005
7.207342
6.7736583
7.5347314
6.2251754
7.5347314
7.317889
6.9905005
6.769407
6.769407
6.9905005
7.7515736
6.8799534
7.4241843
7.6410265
7.313638
7.096796
6.012585
6.8799534
7.207342
7.6410265
7.313638
7.5304804
7.5304804
6.5525646
7.313638
6.986249
6.986249
7.313638
8.078962
7.313638
7.4241843
8.2915535
8.397848
6.986249
7.5304804
6.769407
6.556816
6.4462695
6.9905005
6.663111
6.1188803
7.096796
7.7515736
7.5304804
6.875702
7.313638
8.4021
6.769407
7.4241843
7.6410265
8.618942
8.2915535
7.747322
8.074712
6.875702
7.6410265
8.4021
8.725238
7.9641643
8.835785
9.163173
8.181006
8.181006
8.181006
7.747322
8.508395
7.9641643
7.5304804
8.2915535
7.747322
7.5304804
6.769407
8.4021
8.508395
7.9641643
7.857869
7.747322
8.185258
7.313638
7.5304804
7.857869
7.857869
7.6410265
7.4241843
7.4241843
7.6410265
7.207342
7.6410265
7.313638
8.185258
7.4241843
7.7515736
7.5304804
7.5304804
9.163173
8.181006
7.853617
8.397848
9.052627
7.636775
8.397848
8.618942
8.94208
7.857869
7.747322
8.4021
7.857869
7.857869
7.9684157
7.4241843
6.769407
7.313638
7.6410265
7.6410265
6.8799534
7.9684157
7.317889
7.6410265
7.096796
7.6410265
7.096796
7.857869
7.9684157
7.5304804
6.8799534
8.4021
7.203091
7.857869
7.7515736
6.8799534
7.7515736
6.9905005
6.8799534
7.096796
7.096796
7.6410265
7.096796
6.9905005
7.313638
6.769407
7.207342
7.5347314
7.207342
6.5525646
7.207342
7.317889
7.5304804
7.207342
6.2251754
7.207342
7.4241843
6.2251754
6.9905005
7.207342
6.5525646
7.096796
6.769407
7.4241843
6.986249
7.096796
7.096796
7.9684157
7.313638
7.313638
7.096796
7.313638
7.6410265
6.8799534
6.5525646
7.096796
7.207342
7.4241843
7.4241843
6.769407
7.096796
7.313638
6.8799534
7.096796
7.9684157
7.7515736
7.6410265
7.207342
7.096796
7.313638
7.6410265
8.508395
7.5304804
7.857869
7.9684157
8.508395
7.203091
7.857869
8.181006
6.986249
8.2915535
8.185258
7.9684157
7.4241843
7.4241843
7.207342
7.9684157
7.5304804
7.6410265
7.313638
7.4241843
7.7515736
7.207342
7.6410265
8.2915535
7.9641643
7.857869
8.835785
8.508395
9.375764
9.158921
9.919995
9.592606
8.397848
9.269468
9.703153
8.614691
8.94208
7.5304804
8.725238
8.725238
8.287301
9.809448
10.243132
9.809448
9.592606
9.375764
9.482059
9.269468
8.725238
9.375764
8.94208
8.614691
9.486311
10.243132
9.915743
10.243132
10.459974
10.132585
10.243132
10.353679
11.331594
9.809448
10.243132
10.243132
10.02629
10.243132
10.243132
10.02629
9.592606
10.02629
10.570521
9.375764
10.353679
10.89791
10.02629
10.459974
10.02629
11.765279
10.783112
11.1105
11.1105
11.114753
10.566269
10.459974
10.349427
11.765279
11.765279
10.243132
10.676816
11.437889
10.23888
10.459974
11.548436
10.566269
11.1105
9.915743
11.221047
11.221047
10.676816
11.327342
11.548436
11.1105
11.437889
10.893659
10.999953
10.893659
11.221047
11.654732
11.1105
10.566269
10.893659
10.893659
11.1105
10.893659
11.1105
11.1105
10.6725645
10.349427
10.893659
11.004206
11.9821205
10.566269
11.221047
10.676816
10.566269
11.004206
11.221047
11.871573
10.999953
11.331594
11.1105
10.676816
11.221047
11.327342
10.893659
10.676816
10.893659
11.437889
11.437889
10.459974
11.1105
11.327342
11.221047
11.004206
11.1105
10.783112
10.893659
11.221047
10.566269
10.783112
11.1105
11.548436
11.437889
11.1105
10.893659
10.999953
10.459974
10.676816
10.349427
11.221047
11.221047
9.805196
11.548436
10.676816
9.915743
10.893659
11.004206
10.676816
10.243132
11.004206
11.765279
10.676816
10.132585
10.893659
11.654732
11.221047
9.915743
11.221047
11.331594
10.132585
11.004206
11.114753
10.570521
10.676816
11.221047
10.353679
10.681068
9.809448
10.136837
10.132585
10.136837
11.221047
9.265217
11.331594
10.243132
10.570521
11.1105
10.349427
10.243132
9.809448
10.353679
10.243132
10.570521
10.459974
10.243132
11.114753
10.243132
9.809448
10.676816
10.570521
10.353679
9.919995
10.136837
10.02629
9.158921
9.592606
9.919995
9.486311
9.809448
9.592606
9.486311
8.614691
9.158921
8.94208
9.269468
9.703153
9.375764
8.94208
9.919995
8.8315325
9.482059
10.353679
9.482059
9.592606
10.243132
10.02629
9.592606
10.02629
9.919995
10.681068
10.353679
9.592606
10.89791
10.89791
10.353679
10.681068
9.919995
9.919995
10.247384
9.15467
10.570521
10.570521
10.349427
10.464226
10.247384
9.592606
9.703153
10.464226
10.570521
10.681068
10.353679
9.809448
10.136837
10.681068
9.703153
10.247384
10.136837
9.048374
9.703153
10.353679
9.486311
10.464226
10.136837
9.703153
9.269468
9.703153
9.703153
9.8137
9.052627
9.703153
9.048374
8.725238
8.725238
9.592606
9.052627
8.8315325
9.919995
9.703153
10.136837
9.158921
9.486311
9.052627
9.486311
9.703153
9.269468
10.030542
9.486311
9.158921
9.158921
9.592606
9.703153
9.703153
9.375764
9.486311
9.269468
10.030542
9.158921
9.703153
9.919995
8.835785
9.486311
9.269468
9.919995
10.247384
9.269468
10.247384
9.486311
10.136837
10.247384
9.375764
9.809448
8.508395
9.380016
9.596858
8.725238
9.158921
8.94208
9.592606
9.375764
9.269468
9.269468
8.94208
8.835785
8.618942
8.835785
8.725238
8.835785
9.269468
9.158921
9.596858
8.725238
9.269468
8.725238
9.163173
9.052627
9.486311
8.94208
9.380016
9.380016
9.158921
9.158921
9.8137
9.486311
9.269468
8.94208
8.835785
10.030542
8.94208
8.835785
8.835785
8.725238
8.94208
8.074712
8.94208
9.163173
7.9684157
8.074712
8.946331
8.185258
8.946331
8.4021
9.163173
8.508395
8.2915535
8.946331
9.052627
8.074712
7.857869
8.618942
8.618942
8.2915535
8.4021
9.052627
9.052627
8.508395
8.2915535
8.618942
8.729489
8.185258
8.512647
8.4021
7.4241843
7.6410265
8.946331
7.4241843
7.7515736
7.5347314
7.857869
7.857869
7.4241843
7.9684157
8.4021
7.7515736
8.295805
8.512647
8.185258
8.185258
8.4021
6.8799534
6.8799534
7.9684157
7.4241843
8.729489
8.512647
8.078962
7.4241843
7.7515736
6.663111
7.1010475
7.6410265
7.6452785
7.317889
7.8621206
7.207342
6.9905005
6.556816
7.8621206
6.9905005
6.7736583
7.1010475
7.1010475
7.207342
6.2294273
6.339974
7.2115946
6.8842053
5.795743
6.339974
6.7736583
6.667363
6.77791
6.9947524
6.9947524
6.016837
6.2336793
6.561068
5.689448
5.1452165
6.2336793
5.799995
5.4726057
6.016837
6.3442264
5.689448
4.928375
5.583153
6.237931
5.583153
6.016837
4.8220797
5.4726057
6.561068
6.3442264
5.583153
6.1273837
5.6937
5.3663106
5.4768577
5.583153
4.605237
4.7115326
4.2778482
5.799995
5.799995
4.3883953
5.2600155
5.038922
4.605237
5.2600155
4.715784
5.2600155
4.605237
5.3663106
4.2778482
4.8220797
5.4768577
4.8220797
5.583153
5.6937
4.171553
5.4768577
4.9326262
4.8220797
4.605237
5.4768577
4.9326262
5.2600155
5.038922
4.8220797
5.9105415
5.3663106
4.3883953
5.1494684
4.9326262
4.605237
5.4768577
5.4768577
4.3883953
4.4989424
4.9326262
3.6273217
4.065258
4.4989424
4.4989424
3.737869
4.3926473
3.631574
4.2821
3.848416
2.8705006
3.0873425
3.7421207
3.631574
3.1978896
3.1978896
3.3084364
3.414732
3.0915945
2.9810476
3.414732
3.414732
3.5210268
2.8705006
3.3041847
3.0873425
4.2821
4.3926473
3.848416
3.5210268
4.2821
3.844164
4.4989424
3.844164
3.6273217
4.171553
4.3883953
5.4768577
5.0431733
4.171553
4.4989424
4.3883953
3.954711
4.826331
4.4989424
4.2821
4.3883953
3.844164
5.4768577
4.605237
4.715784
4.605237
4.3883953
4.715784
4.605237
5.2600155
4.715784
3.844164
5.804247
5.2557635
4.605237
4.8220797
4.8220797
5.9105415
5.3663106
4.928375
5.1494684
4.171553
4.8220797
5.9105415
6.1273837
6.016837
6.016837
6.77791
5.2557635
5.90629
6.77791
6.2336793
6.450521
6.77791
5.795743
5.583153
5.90629
6.667363
5.90629
6.123132
6.667363
6.8842053
5.4726057
6.2336793
6.667363
5.578901
7.3221416
6.7736583
6.339974
8.189509
7.207342
7.5347314
7.6410265
7.317889
7.7515736
7.9684157
7.5347314
6.5525646
8.185258
7.7515736
7.207342
7.9684157
7.9684157
7.4241843
7.096796
7.4241843
7.6410265
7.7515736
7.857869
8.512647
7.857869
8.4021
8.074712
7.747322
7.857869
8.185258
8.618942
7.9641643
8.618942
7.747322
9.596858
9.158921
8.94208
8.8315325
8.397848
8.94208
9.592606
9.158921
8.94208
9.486311
9.158921
10.1410885
9.592606
9.703153
9.486311
10.353679
9.375764
10.570521
10.02629
9.919995
9.592606
10.136837
9.048374
9.703153
9.809448
9.592606
9.592606
10.570521
10.136837
10.353679
9.592606
10.353679
9.482059
10.136837
10.570521
10.136837
9.371511
9.482059
10.353679
9.698901
10.353679
9.809448
10.02629
9.158921
10.570521
10.136837
10.787363
9.915743
10.353679
10.02629
9.592606
9.919995
9.919995
9.482059
9.265217
9.592606
10.02629
9.482059
10.353679
9.371511
9.809448
10.787363
9.915743
10.570521
10.132585
10.676816
10.566269
10.349427
10.132585
10.0220375
11.765279
10.459974
10.570521
10.676816
10.893659
10.459974
11.004206
10.132585
9.915743
10.353679
10.243132
9.809448
10.243132
9.809448
9.592606
10.676816
9.809448
9.592606
9.265217
9.375764
8.937827
9.158921
10.136837
9.482059
9.703153
9.048374
9.158921
9.915743
8.94208
8.94208
9.375764
7.853617
9.158921
8.94208
8.94208
7.9599123
8.725238
8.181006
7.747322
7.419933
7.747322
7.5304804
8.508395
7.857869
8.074712
8.729489
7.857869
8.074712
7.747322
8.508395
7.6410265
7.096796
7.6410265
6.769407
7.6410265
7.6410265
6.4462695
6.663111
6.7736583
6.012585
6.7736583
6.9905005
6.7736583
6.4462695
6.3357224
7.6452785
6.8842053
6.339974
6.5525646
6.4462695
7.207342
6.663111
6.012585
5.795743
6.450521
6.339974
5.795743
6.123132
6.556816
5.902038
5.251512
6.667363
5.578901
5.3620586
6.016837
6.2336793
5.689448
5.0346694
4.928375
5.583153
4.8178277
4.6009855
4.8220797
4.928375
4.7115326
5.1452165
4.4946904
5.583153
5.4726057
4.0610065
4.605237
4.0610065
4.8220797
4.9326262
3.844164
4.715784
5.0431733
4.4946904
4.0610065
4.4946904
3.9504592
3.954711
4.3883953
3.6273217
4.171553
3.1936376
4.2821
4.605237
3.6273217
4.605237
4.605237
4.3883953
4.605237
3.844164
4.2778482
3.844164
3.6273217
3.9504592
4.3883953
4.0610065
4.171553
5.038922
4.2778482
4.605237
5.038922
4.8220797
4.2778482
3.189386
4.171553
4.4946904
3.406228
4.4946904
3.9504592
2.861997
4.3883953
4.4989424
3.844164
3.737869
3.631574
2.9767957
2.2157223
2.4325645
3.3041847
3.6273217
3.737869
3.844164
4.3883953
2.5388596
3.954711
3.4104798
3.954711
3.844164
3.4104798
4.171553
4.715784
4.3883953
3.7336173
4.4946904
5.4726057
4.8220797
4.3883953
5.038922
5.2557635
4.605237
3.9504592
5.1494684
4.0610065
4.605237
5.1494684
4.3883953
4.8220797
4.3883953
4.8220797
3.9504592
4.605237
5.3663106
4.0610065
4.0610065
5.3663106
4.167301
5.583153
4.7115326
5.1452165
5.799995
5.1452165
5.583153
4.715784
5.2557635
5.583153
4.3841434
5.583153
5.038922
5.1452165
4.928375
5.90629
4.928375
5.90629
5.1452165
4.2778482
4.9326262
4.928375
5.799995
5.689448
5.2557635
5.90629
5.90629
5.795743
6.7736583
6.450521
5.578901
6.450521
5.578901
5.902038
6.450521
7.207342
7.7515736
7.207342
6.4462695
7.207342
8.078962
6.5525646
7.7515736
7.203091
7.5347314
7.313638
7.6410265
6.769407
7.4241843
7.5304804
7.6410265
7.6410265
7.6410265
6.986249
7.096796
8.078962
6.769407
7.857869
7.5304804
7.9641643
7.6410265
8.074712
8.185258
8.2915535
7.419933
7.5304804
7.9684157
7.9641643
8.2915535
7.9641643
8.181006
8.508395
8.2915535
8.946331
8.8315325
9.052627
8.94208
8.94208
8.725238
7.747322
7.9641643
7.9641643
8.2915535
8.835785
9.052627
8.508395
8.725238
8.614691
8.94208
9.048374
10.02629
10.136837
10.02629
11.004206
10.243132
10.459974
10.787363
10.676816
10.783112
10.893659
10.132585
11.221047
11.548436
10.243132
10.136837
11.114753
10.136837
9.809448
9.375764
10.030542
10.243132
9.919995
10.89791
10.676816
10.353679
10.243132
11.331594
10.349427
10.893659
11.221047
10.455723
11.221047
11.9821205
10.455723
10.676816
11.327342
11.437889
10.893659
9.915743
10.570521
9.915743
9.919995
11.114753
10.02629
10.89791
10.787363
10.136837
10.02629
9.915743
10.787363
11.004206
11.114753
11.004206
11.548436
11.437889
11.1105
11.871573
11.761026
12.5220995
12.955785
12.194712
12.305258
12.632647
11.544185
11.761026
12.198963
12.415805
11.433638
11.761026
11.761026
11.544185
12.305258
11.327342
11.327342
12.088415
11.654732
12.305258
11.544185
11.977869
13.066331
12.5220995
12.194712
12.738942
13.9337
12.628395
13.1726265
13.823153
13.827404
13.716857
14.044247
12.734691
13.283173
13.1726265
13.495763
13.389469
13.1726265
13.500016
13.60631
12.628395
12.849489
13.60631
12.301006
13.062079
13.823153
13.168375
13.929449
13.9337
14.150541
12.734691
13.389469
13.278922
12.628395
13.712605
12.845238
12.845238
13.823153
13.495763
13.389469
13.60631
13.823153
13.823153
12.845238
13.712605
13.9337
13.278922
12.734691
12.845238
13.60631
13.278922
13.60631
13.60631
13.712605
14.039994
14.367384
13.818902
13.60631
14.256837
13.278922
14.256837
13.929449
14.256837
13.712605
13.712605
14.690521
14.14629
14.039994
14.256837
14.584226
14.690521
14.473679
15.451593
14.796817
14.690521
15.451593
14.363132
13.929449
14.907364
15.013659
14.796817
15.124206
14.690521
14.14629
14.039994
14.363132
14.473679
15.01791
15.234753
14.584226
14.907364
14.690521
14.473679
14.039994
15.128457
14.035743
14.911615
14.907364
13.712605
14.473679
14.907364
14.473679
13.818902
14.150541
15.01791
13.712605
14.150541
14.801068
14.256837
13.818902
14.256837
14.039994
14.367384
13.495763
14.150541
13.712605
13.9337
13.500016
13.278922
13.1726265
13.278922
14.039994
13.495763
13.389469
12.951532
13.716857
13.278922
13.500016
13.60631
13.716857
12.301006
13.1726265
12.955785
13.1726265
12.738942
12.955785
13.066331
12.415805
11.977869
12.415805
11.327342
12.415805
11.004206
11.544185
11.871573
11.544185
12.415805
11.433638
11.654732
11.9821205
11.871573
11.871573
11.654732
12.088415
11.654732
12.088415
11.327342
11.1105
11.544185
11.1105
11.004206
11.437889
11.9821205
11.221047
11.114753
11.442142
11.114753
10.132585
10.787363
10.787363
10.570521
10.247384
8.8315325
9.375764
9.809448
10.570521
9.919995
10.787363
10.243132
8.94208
10.02629
9.919995
9.375764
9.052627
9.592606
8.94208
9.486311
9.375764
8.835785
9.486311
9.052627
8.508395
8.614691
8.2915535
9.486311
8.835785
8.2915535
8.835785
7.6410265
8.074712
8.618942
7.857869
7.6410265
7.857869
7.6410265
8.4021
8.074712
7.6410265
7.9684157
7.4241843
7.7515736
7.9684157
7.317889
7.7515736
7.9684157
7.5347314
8.512647
7.7515736
7.6410265
7.857869
6.8799534
7.317889
6.7736583
7.8621206
7.1010475
6.7736583
7.317889
7.4241843
6.663111
6.8842053
7.317889
6.667363
7.538984
6.450521
6.2336793
6.016837
6.2336793
5.1452165
5.038922
5.799995
5.038922
5.583153
5.4726057
5.2557635
5.1494684
4.8220797
5.3663106
5.038922
4.8220797
5.3663106
5.038922
4.8220797
5.3663106
5.1494684
4.4946904
5.038922
4.715784
5.038922
4.826331
4.4989424
4.3883953
4.2821
3.954711
3.737869
4.9326262
3.737869
3.631574
4.1758046
2.7599535
4.065258
3.414732
3.954711
3.7336173
3.954711
3.844164
3.3041847
3.848416
3.3041847
2.9767957
3.954711
3.4104798
4.065258
3.3041847
4.065258
3.5210268
3.0873425
3.3041847
3.414732
4.503194
3.5210268
3.5210268
4.065258
4.3926473
3.5210268
3.0873425
2.9767957
2.7599535
2.8705006
3.631574
3.1936376
3.631574
3.631574
2.6494067
2.9767957
3.3041847
3.5210268
3.848416
2.8705006
3.737869
2.7599535
3.3041847
2.9767957
3.7421207
3.0873425
2.5431116
3.5210268
3.848416
3.0873425
3.5210268
3.9589627
3.3041847
3.7421207
2.8705006
3.3041847
3.737869
3.3041847
3.631574
4.065258
4.065258
3.737869
4.065258
3.9589627
3.848416
3.848416
4.065258
4.6094894
3.5210268
4.826331
2.9767957
4.1758046
3.848416
3.1936376
3.3041847
3.5252786
3.954711
3.3041847
3.3041847
4.065258
3.5210268
4.065258
4.065258
4.3926473
3.5210268
3.3041847
3.848416
2.9767957
3.5210268
4.3926473
3.737869
4.065258
3.4104798
3.5210268
3.6273217
3.844164
5.0431733
3.954711
4.4989424
4.171553
3.6273217
3.848416
4.826331
3.954711
4.6094894
5.0431733
4.0610065
3.737869
4.3883953
4.3883953
4.171553
5.0431733
3.954711
4.3883953
4.171553
5.038922
4.3883953
5.3663106
4.2778482
3.954711
3.844164
3.954711
4.4989424
3.5167751
4.4989424
4.171553
3.844164
4.9326262
4.605237
5.038922
4.0610065
4.9326262
5.2557635
5.0431733
4.3883953
5.038922
4.3883953
4.2778482
5.6937
6.1273837
4.3841434
4.8220797
5.799995
4.4946904
5.2557635
5.3663106
4.3841434
5.038922
5.2557635
5.1452165
5.3620586
6.2336793
5.251512
5.2557635
5.90629
5.578901
5.90629
6.667363
5.578901
6.2336793
4.928375
6.2336793
6.339974
5.799995
6.016837
6.1273837
4.6009855
5.038922
5.689448
5.689448
5.3620586
5.90629
5.90629
6.2294273
6.556816
6.9905005
6.7736583
7.1010475
7.7515736
7.1010475
6.663111
7.096796
7.6410265
7.6410265
7.4241843
7.7515736
7.207342
7.7515736
6.7736583
6.9905005
6.8799534
6.8799534
6.7736583
7.207342
7.5347314
6.9905005
8.078962
7.317889
6.769407
7.6410265
8.840036
7.6410265
7.747322
8.835785
7.9641643
8.181006
7.747322
8.074712
7.5304804
7.313638
8.835785
8.074712
8.4021
7.9684157
8.729489
7.4241843
7.857869
7.9684157
8.2915535
7.4241843
7.313638
8.185258
7.747322
7.6410265
8.4021
7.857869
8.2915535
8.397848
8.725238
8.94208
8.8315325
9.158921
9.158921
8.835785
8.725238
7.853617
9.380016
9.375764
9.048374
9.486311
9.486311
9.486311
8.287301
9.8137
9.158921
8.835785
9.269468
9.375764
9.703153
9.919995
10.464226
9.158921
8.397848
9.375764
8.94208
9.163173
10.030542
9.158921
7.9641643
8.4021
8.8315325
8.835785
8.508395
9.486311
9.158921
9.158921
7.9641643
8.94208
10.030542
9.703153
9.375764
9.265217
9.048374
9.265217
10.89791
10.353679
9.703153
9.809448
10.030542
9.703153
9.703153
9.486311
8.94208
9.269468
9.8137
9.375764
9.052627
9.269468
8.725238
8.508395
9.596858
8.508395
9.486311
8.94208
10.136837
9.048374
8.94208
10.136837
10.02629
9.809448
10.243132
9.375764
9.371511
10.136837
9.919995
10.243132
9.809448
8.8315325
9.592606
9.371511
8.504144
10.030542
9.809448
9.486311
9.375764
9.809448
9.592606
8.937827
9.809448
9.048374
9.698901
10.681068
9.15467
10.570521
10.676816
9.698901
10.459974
10.353679
10.243132
11.114753
10.243132
10.02629
10.02629
10.243132
9.809448
9.592606
8.8315325
9.919995
9.809448
9.592606
10.136837
9.703153
8.720985
9.809448
8.94208
9.158921
10.02629
9.592606
9.809448
9.375764
9.809448
9.698901
10.02629
8.504144
9.8137
9.592606
9.052627
10.681068
9.919995
9.592606
9.915743
9.265217
9.592606
8.504144
8.614691
9.596858
8.2915535
8.725238
8.508395
9.052627
8.397848
8.618942
9.052627
8.185258
8.508395
7.5304804
8.078962
7.857869
8.185258
8.074712
8.4021
8.185258
8.4021
8.512647
8.295805
8.185258
7.7515736
8.4021
7.6410265
8.185258
7.4241843
8.512647
7.4241843
7.4241843
6.9905005
7.1010475
7.4241843
6.8799534
6.7736583
7.1010475
6.7736583
6.7736583
6.123132
6.556816
6.8842053
6.556816
7.317889
6.9905005
7.1010475
6.8842053
7.6452785
6.9905005
5.795743
6.8842053
6.667363
6.339974
6.556816
6.450521
6.2336793
6.450521
5.578901
6.2336793
5.689448
6.016837
5.2557635
5.4726057
6.3442264
5.4726057
5.3663106
5.583153
4.605237
5.1494684
5.3663106
4.4946904
5.1494684
5.1494684
4.8220797
5.1494684
4.8220797
4.3883953
5.2600155
4.171553
5.1494684
5.9105415
4.3883953
5.1494684
4.605237
4.605237
4.065258
4.826331
5.0431733
4.9326262
5.0431733
3.737869
4.171553
3.5210268
4.065258
4.065258
3.5210268
3.954711
3.3041847
3.5210268
2.7599535
3.3041847
3.848416
3.9589627
2.2157223
3.414732
3.5210268
3.9589627
3.5252786
3.3041847
3.1978896
3.0873425
3.631574
2.3262694
3.414732
2.330521
2.5473633
3.5252786
3.1978896
3.5252786
2.4368165
2.2199743
2.4410682
2.1136792
2.7642052
1.7862899
2.4410682
1.6799948
2.0073838
1.1357636
1.2463106
1.7905419
1.0294685
1.1357636
1.2463106
1.0294685
1.2463106
1.3568575
0.9189216
0.48523736
1.6799948
1.1357636
1.3568575
1.4631528
0.3746904
1.4631528
1.0294685
0.26839525
0.7020795
0.70633125
0.1621001
0.05155315
-0.70952016
1.1400155
0.4894892
-0.2758359
1.0294685
1.7905419
1.3568575
-0.058993805
1.7905419
1.0294685
1.3526058
1.6799948
1.6799948
2.330521
3.3084364
3.3084364
2.003132
2.9810476
3.5252786
2.2199743
2.9810476
3.3084364
2.1136792
3.4189837
2.003132
2.4368165
3.0915945
2.330521
2.1136792
2.7642052
3.0915945
1.4589009
3.1978896
2.330521
3.1978896
3.3041847
3.414732
3.1936376
3.848416
3.848416
4.065258
4.2821
3.848416
4.3926473
4.936878
4.6094894
3.4104798
4.065258
4.2821
3.737869
4.065258
4.6094894
3.737869
4.715784
4.3883953
3.954711
4.4989424
4.2821
4.826331
4.0610065
5.3663106
6.016837
6.016837
5.1452165
6.339974
6.77791
6.123132
6.667363
6.556816
6.8842053
6.123132
6.556816
5.468354
5.90629
7.317889
6.9905005
8.295805
6.3357224
7.7515736
7.7515736
6.9905005
7.4241843
7.6410265
7.4241843
7.096796
7.857869
8.185258
7.4241843
7.5304804
7.9684157
7.857869
7.207342
7.6410265
7.5347314
6.4420176
7.313638
7.9684157
8.078962
7.7515736
7.096796
7.4241843
8.4021
8.397848
8.614691
9.269468
9.486311
8.397848
8.508395
8.835785
8.614691
9.158921
9.375764
10.353679
9.15467
9.592606
9.698901
8.720985
9.482059
10.02629
8.720985
9.158921
9.048374
10.02629
10.570521
10.459974
10.676816
10.132585
9.915743
10.566269
11.1105
10.566269
11.327342
10.566269
11.004206
11.977869
9.800944
10.999953
11.65048
12.084165
11.216796
10.566269
10.6725645
10.128334
10.455723
10.128334
10.349427
11.327342
11.437889
10.349427
11.437889
11.1105
10.999953
11.437889
10.6725645
10.783112
10.455723
11.977869
11.106249
11.977869
11.867322
11.106249
12.194712
12.411553
13.1726265
11.101996
11.433638
12.411553
11.65048
11.761026
11.761026
11.761026
11.867322
11.216796
10.999953
10.999953
11.977869
11.433638
11.977869
10.995702
10.77886
11.65048
11.977869
10.889407
11.433638
11.977869
11.756775
12.845238
11.2125435
11.65048
12.088415
11.323091
11.327342
10.455723
10.23888
11.216796
9.911491
10.566269
10.783112
9.800944
10.6725645
10.0220375
10.455723
10.783112
9.805196
10.132585
10.0220375
10.0220375
10.243132
10.132585
9.915743
9.915743
9.371511
9.482059
9.048374
9.482059
8.82728
10.136837
9.044123
7.9599123
8.8315325
9.158921
9.375764
8.8315325
8.504144
8.504144
8.8315325
8.8315325
8.725238
8.176754
7.526228
8.181006
8.504144
6.981997
8.181006
7.419933
8.2915535
7.5304804
6.3314705
8.074712
7.203091
7.636775
6.6588597
7.636775
8.074712
6.986249
7.857869
7.857869
7.636775
7.9641643
8.508395
8.181006
7.853617
8.508395
8.181006
7.853617
7.747322
7.9641643
7.203091
7.857869
7.5304804
7.747322
7.6410265
7.313638
6.8799534
7.096796
6.986249
7.096796
7.096796
7.7515736
7.5347314
7.207342
7.6410265
7.6410265
7.207342
6.986249
6.769407
7.313638
7.419933
7.096796
6.769407
7.313638
7.4241843
6.986249
7.207342
7.6410265
7.096796
6.5525646
6.986249
8.295805
7.313638
7.7515736
7.096796
7.5304804
6.4420176
7.5304804
7.207342
7.4241843
6.8799534
6.5525646
7.6410265
7.207342
6.8799534
7.313638
8.185258
8.078962
7.313638
7.096796
7.4241843
6.5525646
7.857869
8.185258
8.185258
7.4241843
7.4241843
7.313638
8.074712
7.6410265
7.313638
7.857869
7.857869
8.2915535
8.074712
7.747322
8.835785
9.052627
8.181006
8.181006
7.9641643
8.181006
7.747322
8.074712
7.636775
8.2915535
6.986249
8.2915535
9.158921
7.9641643
9.269468
10.030542
8.614691
9.919995
9.265217
9.703153
9.375764
9.592606
10.136837
9.698901
9.809448
10.132585
9.703153
9.15467
9.265217
8.94208
9.375764
9.375764
8.94208
9.269468
8.504144
9.592606
8.8315325
10.353679
10.89791
9.044123
9.592606
9.698901
10.02629
10.349427
10.243132
10.02629
10.787363
10.0220375
10.459974
9.915743
10.893659
10.893659
10.132585
10.783112
10.893659
9.911491
11.004206
11.221047
10.676816
11.437889
11.221047
10.676816
9.044123
11.437889
11.1105
10.132585
11.221047
10.676816
10.893659
11.004206
10.349427
10.566269
11.331594
10.893659
10.893659
11.1105
10.893659
11.221047
11.327342
10.783112
11.327342
10.6725645
10.566269
11.654732
10.999953
11.327342
11.221047
10.562017
10.893659
11.221047
10.893659
11.221047
10.893659
10.676816
11.221047
10.893659
11.1105
10.349427
11.004206
10.893659
10.566269
11.437889
11.221047
10.787363
11.004206
11.114753
11.1105
12.415805
11.327342
11.1105
11.327342
11.1105
11.871573
11.327342
11.548436
10.566269
11.1105
10.566269
10.566269
11.654732
10.893659
10.787363
10.676816
10.459974
11.331594
11.221047
10.243132
10.459974
10.459974
10.787363
10.676816
10.459974
10.02629
11.114753
9.809448
10.681068
9.588354
10.459974
10.676816
10.787363
10.787363
10.132585
9.482059
10.570521
10.02629
9.919995
10.353679
10.570521
9.371511
9.265217
10.353679
9.809448
9.919995
9.919995
10.243132
10.570521
9.265217
10.247384
10.353679
10.353679
9.158921
9.486311
9.482059
8.94208
9.158921
9.158921
8.725238
8.725238
8.946331
9.163173
8.2915535
8.4021
8.835785
8.508395
8.4021
7.5304804
7.6410265
9.163173
6.986249
7.6410265
8.185258
8.946331
8.4021
7.313638
7.9684157
8.185258
7.5304804
7.313638
8.185258
6.769407
7.6410265
7.207342
7.4241843
7.096796
7.7515736
7.5347314
7.207342
6.9905005
7.4241843
7.5347314
7.207342
7.207342
7.207342
6.8799534
7.5347314
7.6452785
7.096796
6.9905005
7.9684157
6.769407
7.9684157
8.185258
7.203091
7.6410265
7.4241843
7.5347314
7.6410265
7.9684157
7.6410265
7.207342
7.6410265
6.769407
6.4462695
7.317889
7.1010475
6.012585
7.317889
7.317889
6.556816
6.2294273
6.4462695
6.2294273
6.9905005
6.339974
6.4462695
7.2115946
6.556816
5.6851964
6.339974
7.6452785
6.663111
6.8799534
7.317889
6.7736583
7.4241843
7.1010475
6.2294273
6.9905005
7.317889
6.9905005
7.1010475
7.1010475
7.1010475
6.8842053
6.7736583
6.450521
5.578901
5.795743
6.3442264
6.2336793
6.2336793
5.4726057
5.2557635
4.3841434
5.038922
5.3663106
5.0346694
4.7115326
5.4726057
5.038922
5.583153
6.1273837
5.583153
5.799995
5.2557635
4.7115326
5.799995
4.605237
6.1273837
5.583153
5.689448
5.1494684
5.038922
6.1273837
4.7115326
5.1494684
5.3663106
5.038922
4.4989424
4.0610065
5.2600155
4.715784
4.715784
4.605237
3.737869
4.171553
5.3663106
5.3663106
4.605237
4.8220797
4.2778482
4.4946904
4.605237
4.7115326
4.9326262
5.1494684
5.2557635
5.799995
4.4946904
5.9105415
5.3663106
5.1494684
4.8220797
4.3883953
3.5167751
5.0431733
5.0431733
4.605237
4.2821
4.171553
3.0830908
3.6273217
4.171553
4.2821
4.4989424
3.4104798
4.3883953
4.715784
4.4989424
3.6273217
4.065258
5.2600155
4.0610065
4.171553
4.171553
5.3663106
5.1494684
4.605237
4.171553
4.605237
4.605237
4.4946904
4.715784
4.9326262
4.4946904
4.3883953
4.8220797
4.928375
4.2778482
4.8220797
5.1494684
5.038922
4.9326262
5.038922
5.3663106
5.4726057
6.016837
6.016837
5.689448
5.689448
5.689448
5.4726057
6.2336793
5.689448
6.2336793
6.9947524
6.3442264
5.4726057
6.450521
5.578901
5.2557635
5.689448
6.561068
5.795743
6.450521
6.450521
4.7115326
5.799995
4.928375
5.038922
6.123132
5.9105415
6.3442264
4.7115326
5.4726057
6.123132
4.928375
5.90629
5.3620586
6.2336793
5.689448
5.90629
5.3620586
5.578901
6.339974
5.795743
6.016837
6.2294273
6.450521
7.2115946
6.123132
5.90629
5.3620586
5.1452165
6.556816
6.123132
6.450521
6.9905005
7.1010475
6.556816
6.2336793
5.795743
5.689448
6.450521
5.90629
6.77791
6.8842053
6.7736583
6.8842053
7.1010475
6.7736583
6.7736583
6.012585
6.123132
5.90629
7.1010475
7.317889
6.1188803
6.9905005
7.7515736
6.9905005
6.7736583
7.8621206
6.9905005
7.6410265
7.7515736
7.313638
7.1010475
7.5347314
7.6410265
6.8799534
7.9684157
7.6410265
8.185258
7.313638
7.096796
7.9684157
7.9684157
6.986249
7.857869
8.295805
7.5304804
7.313638
7.6410265
7.203091
7.5304804
8.835785
7.203091
8.074712
8.2915535
8.397848
8.94208
8.508395
8.070459
9.048374
8.397848
7.9599123
9.158921
9.269468
7.9599123
8.725238
8.508395
9.158921
8.94208
9.158921
8.070459
8.8315325
9.375764
8.8315325
10.136837
9.158921
9.482059
8.82728
9.592606
10.459974
9.698901
9.260964
10.02629
10.893659
10.132585
9.805196
11.004206
10.132585
9.588354
10.243132
10.783112
11.216796
9.805196
10.0220375
10.0220375
10.459974
10.676816
10.893659
10.23888
10.783112
10.893659
10.455723
10.6725645
11.221047
10.017787
11.1105
10.6725645
10.676816
10.455723
10.566269
11.654732
11.1105
10.23888
11.1105
10.676816
11.1105
10.0220375
10.6725645
10.783112
10.999953
11.1105
10.345176
11.654732
11.544185
11.761026
11.65048
11.216796
11.977869
10.455723
10.995702
11.539933
11.65048
10.889407
11.433638
11.867322
10.6725645
11.216796
10.999953
11.327342
11.433638
11.544185
10.6725645
10.889407
10.566269
10.783112
9.473556
11.216796
10.889407
11.216796
11.544185
10.77886
12.305258
10.45147
12.088415
12.411553
12.194712
12.301006
11.65048
12.194712
10.77886
10.562017
10.889407
10.999953
10.77886
10.566269
11.216796
10.562017
10.566269
10.6725645
11.544185
11.327342
10.562017
11.216796
11.216796
10.562017
10.889407
11.327342
11.871573
11.871573
10.77886
11.327342
12.084165
11.2125435
10.889407
11.539933
12.738942
10.889407
11.65048
11.867322
11.761026
11.101996
11.544185
11.65048
11.216796
10.234629
11.544185
11.544185
10.889407
10.999953
12.411553
12.301006
11.539933
12.301006
11.433638
11.867322
11.977869
11.106249
10.999953
10.77886
11.867322
10.885155
11.433638
11.323091
10.562017
11.539933
11.539933
12.084165
12.084165
10.995702
11.761026
11.429386
11.973618
11.977869
11.646228
11.101996
11.756775
12.517848
11.2125435
12.301006
12.301006
11.539933
12.084165
11.761026
11.323091
11.323091
11.106249
11.539933
12.301006
12.411553
12.301006
11.756775
11.101996
11.761026
11.539933
11.973618
11.65048
11.756775
11.646228
12.301006
12.845238
12.190459
12.951532
12.190459
12.951532
11.752523
11.646228
12.084165
12.301006
11.8630705
11.867322
11.429386
11.2125435
12.411553
11.101996
11.2125435
11.429386
11.539933
10.885155
12.628395
12.084165
12.624144
11.973618
11.973618
12.517848
12.517848
13.278922
12.079912
13.274671
12.734691
11.973618
12.190459
10.668313
11.977869
11.867322
12.194712
11.544185
10.995702
10.562017
10.783112
11.433638
10.668313
11.327342
11.761026
10.999953
12.084165
11.544185
11.871573
11.977869
10.889407
11.216796
11.761026
10.889407
11.65048
11.977869
10.234629
11.327342
11.216796
10.783112
10.999953
11.327342
10.45147
10.783112
10.128334
10.77886
11.437889
10.455723
10.455723
10.349427
10.783112
10.783112
11.1105
10.23888
10.128334
10.455723
10.566269
11.216796
10.6725645
11.216796
11.216796
11.433638
10.128334
10.889407
12.084165
11.65048
11.433638
12.517848
11.977869
11.761026
12.084165
10.562017
11.977869
11.323091
10.77886
10.999953
11.539933
11.429386
12.411553
12.305258
11.544185
11.433638
11.977869
11.65048
12.084165
11.433638
11.756775
11.761026
11.761026
11.429386
11.977869
12.632647
11.977869
12.411553
11.323091
11.977869
11.539933
11.433638
12.632647
12.194712
10.6725645
11.977869
12.411553
11.106249
12.088415
10.889407
11.327342
11.765279
11.544185
11.327342
11.1105
11.327342
10.455723
10.893659
10.132585
10.345176
10.893659
10.132585
11.221047
10.23888
10.349427
10.787363
11.004206
10.6725645
10.0220375
10.783112
10.787363
11.004206
9.584103
10.459974
10.566269
9.260964
9.592606
9.911491
9.048374
9.265217
9.809448
8.8315325
8.508395
9.269468
8.2915535
9.163173
9.158921
8.2915535
8.508395
8.287301
6.981997
8.508395
8.070459
7.526228
7.747322
7.857869
7.9641643
8.508395
7.747322
8.508395
7.636775
7.419933
7.857869
7.9641643
8.181006
7.747322
8.185258
7.419933
6.986249
7.5304804
8.725238
7.203091
8.618942
8.074712
7.203091
7.203091
7.9641643
7.857869
7.6410265
7.5304804
7.5304804
7.419933
7.857869
7.6410265
7.857869
7.419933
7.207342
7.857869
6.5525646
7.4241843
6.8799534
7.9684157
7.6410265
7.6410265
7.313638
7.096796
7.8621206
7.207342
7.207342
6.8799534
7.7515736
6.1188803
7.207342
6.9905005
7.207342
6.008333
6.2251754
6.1188803
6.3357224
6.9905005
6.2294273
6.8842053
6.012585
7.1010475
6.4462695
6.556816
7.4241843
6.9905005
6.556816
7.5347314
6.556816
6.7736583
6.3357224
6.9905005
6.339974
7.6452785
6.663111
5.902038
7.6452785
7.317889
6.7736583
6.339974
6.339974
6.4462695
5.795743
5.90629
5.689448
6.123132
5.795743
5.90629
6.339974
5.4726057
4.3841434
5.4726057
5.4726057
4.928375
4.8220797
4.4946904
5.799995
4.8220797
3.9504592
4.715784
4.0610065
3.9504592
3.5167751
4.3883953
3.1936376
3.844164
4.171553
2.8662488
3.3041847
3.5210268
4.065258
2.9767957
3.5210268
3.3041847
3.737869
3.0830908
2.8662488
4.2821
3.4104798
3.737869
2.8662488
3.0873425
2.9767957
2.9767957
3.414732
2.9767957
3.1936376
2.9767957
3.631574
3.844164
3.1936376
3.3041847
2.7599535
2.6494067
2.3220174
3.0873425
2.7599535
3.414732
1.565196
2.8705006
2.4368165
1.7862899
1.7862899
2.330521
2.003132
2.330521
2.2199743
1.4589009
2.5473633
2.9810476
2.4368165
2.5431116
2.5431116
3.0873425
2.9767957
3.5210268
2.8705006
3.5210268
3.3041847
3.1936376
3.0873425
3.299933
3.631574
2.4325645
3.5210268
2.9767957
3.3041847
2.9767957
3.414732
3.848416
3.3041847
2.8662488
2.6494067
3.737869
3.3041847
3.954711
3.0830908
4.065258
3.1936376
3.1936376
3.844164
3.5167751
3.0830908
4.171553
4.171553
3.299933
3.954711
3.7336173
2.4283128
3.4104798
3.954711
2.6494067
2.9767957
3.5210268
3.0830908
2.4325645
4.065258
3.6273217
3.4104798
3.6273217
3.0830908
2.5388596
2.7557018
4.065258
3.299933
2.8662488
4.3883953
4.4946904
3.078839
4.167301
3.844164
3.406228
4.0610065
2.4283128
4.3883953
3.299933
3.9504592
3.9504592
3.844164
3.9504592
4.0610065
4.7115326
3.7336173
4.928375
5.689448
3.9504592
5.038922
4.2735963
4.4946904
5.1452165
4.379892
6.667363
4.924123
5.357807
6.012585
5.251512
5.251512
6.012585
5.0346694
5.0346694
5.251512
4.924123
4.924123
5.468354
4.8178277
6.123132
5.357807
5.90629
5.3620586
4.7072806
5.251512
4.924123
5.357807
5.902038
6.2294273
5.795743
5.6851964
5.795743
6.1188803
4.8135757
6.9905005
6.4462695
5.464102
7.096796
6.3357224
5.791491
6.8799534
6.8799534
5.357807
7.096796
7.313638
7.096796
7.313638
6.8799534
7.5304804
6.008333
6.3357224
6.769407
5.353555
7.5347314
5.791491
6.2294273
5.902038
5.140965
5.468354
5.140965
6.9947524
5.468354
5.468354
6.7736583
6.012585
6.556816
5.791491
6.4462695
6.5525646
6.3357224
7.317889
6.663111
6.4462695
5.791491
5.902038
6.4462695
6.8842053
7.1010475
6.012585
5.0346694
4.924123
4.7072806
5.578901
5.0346694
5.3620586
5.578901
4.6009855
5.0346694
5.0346694
5.578901
6.012585
5.140965
5.6851964
5.464102
6.1188803
6.769407
6.556816
6.1188803
5.902038
5.791491
6.556816
5.468354
4.5967336
5.795743
4.7072806
5.795743
4.6009855
4.8178277
4.8178277
4.8178277
4.3841434
4.6009855
4.3841434
4.8220797
4.167301
3.2956812
5.2557635
4.3841434
4.3841434
5.1452165
4.7115326
5.583153
4.8178277
4.6009855
4.3841434
4.8178277
4.8178277
5.4726057
5.689448
4.7115326
4.167301
5.689448
3.9504592
4.3841434
4.3841434
4.6009855
4.167301
4.7115326
4.056754
3.8399122
4.928375
4.3841434
4.6009855
5.0346694
3.9462075
3.9462075
4.3841434
4.2735963
3.9462075
3.62307
4.3841434
4.3841434
4.4946904
3.5125234
3.078839
4.167301
4.2778482
4.7072806
5.1452165
5.251512
3.9462075
4.3841434
4.7072806
5.578901
4.8178277
4.7115326
5.1452165
6.016837
5.0346694
5.1452165
5.1452165
5.3620586
4.1630497
5.038922
5.0346694
3.078839
4.0610065
4.167301
3.2956812
5.038922
5.3663106
4.056754
4.8220797
4.8220797
5.578901
4.8178277
4.6009855
5.1452165
4.490439
4.490439
5.1452165
5.251512
4.379892
5.0346694
6.450521
4.2735963
5.3620586
5.578901
5.6851964
5.90629
5.689448
4.1630497
4.167301
5.038922
4.3841434
4.7115326
4.7072806
5.799995
4.924123
4.8178277
5.3620586
5.689448
4.928375
6.2336793
5.3620586
4.7072806
5.0346694
5.251512
5.140965
6.2336793
5.6851964
5.030418
6.2294273
6.556816
6.556816
6.4462695
6.663111
7.7515736
6.5525646
6.4420176
7.207342
6.8799534
6.5525646
7.096796
7.7515736
8.4021
7.203091
6.4420176
7.6410265
7.203091
6.769407
7.4241843
7.6410265
8.074712
7.419933
6.6588597
8.074712
7.419933
7.313638
7.857869
7.9641643
7.9641643
8.2915535
8.4021
8.614691
6.769407
8.397848
8.508395
7.636775
8.725238
8.2915535
7.419933
6.3314705
7.747322
8.181006
8.074712
7.857869
7.6410265
6.986249
7.096796
6.986249
8.2915535
7.313638
8.508395
8.508395
6.875702
8.2915535
7.9641643
7.636775
8.835785
8.176754
7.521976
9.048374
9.15467
8.610438
9.375764
9.048374
9.15467
8.937827
9.592606
9.371511
9.260964
9.482059
8.82728
9.36726
9.698901
9.482059
10.0220375
9.150418
10.349427
10.459974
10.132585
10.23888
10.02629
10.349427
9.260964
10.243132
10.676816
10.0220375
10.676816
11.327342
10.23888
9.911491
10.132585
10.128334
9.588354
9.915743
10.893659
10.128334
10.6725645
10.893659
9.911491
10.345176
11.1105
10.23888
10.128334
10.999953
10.017787
10.349427
10.893659
10.128334
9.911491
10.349427
10.349427
9.69465
10.23888
10.345176
10.0220375
10.6725645
9.584103
10.783112
9.800944
9.477807
10.783112
10.23888
10.999953
10.562017
10.45147
11.323091
11.433638
10.783112
10.77886
10.6725645
11.871573
11.323091
11.327342
11.761026
12.194712
10.668313
11.216796
11.65048
10.45147
11.106249
11.65048
10.234629
10.562017
11.433638
11.867322
10.885155
10.124082
11.323091
11.323091
10.77886
11.2125435
11.323091
11.2125435
11.65048
11.8630705
11.8630705
11.323091
11.646228
11.8630705
13.062079
12.845238
12.840985
13.057828
12.734691
12.407301
11.101996
11.429386
12.301006
12.084165
11.756775
11.973618
11.323091
12.194712
11.65048
10.234629
11.761026
10.45147
10.6725645
10.345176
11.216796
10.889407
12.084165
10.345176
11.106249
10.889407
11.106249
11.544185
10.77886
11.539933
10.889407
12.411553
11.646228
12.5220995
11.756775
11.101996
11.323091
10.889407
11.106249
11.216796
11.867322
12.5220995
12.084165
10.668313
11.761026
10.562017
9.796692
11.544185
11.761026
11.323091
10.889407
11.106249
10.995702
11.323091
11.761026
11.433638
12.407301
11.101996
11.539933
12.734691
12.624144
12.951532
13.062079
12.079912
12.734691
12.301006
11.101996
11.973618
11.2125435
11.973618
11.2125435
10.562017
11.106249
10.45147
11.216796
11.433638
10.6725645
10.455723
11.216796
10.6725645
10.455723
10.017787
10.345176
10.128334
10.455723
10.017787
10.128334
10.562017
10.128334
10.455723
10.999953
10.889407
9.911491
11.327342
9.907239
10.345176
11.1105
9.911491
10.345176
10.893659
9.805196
10.234629
9.584103
10.783112
10.566269
10.455723
9.36726
9.039871
10.0220375
8.933577
9.15467
9.805196
9.371511
10.132585
10.676816
10.132585
9.805196
8.499891
9.805196
9.915743
9.588354
8.8315325
8.499891
9.482059
9.044123
9.69465
10.0220375
10.349427
9.69465
8.933577
9.477807
9.260964
8.82728
9.15467
8.610438
10.02629
9.371511
8.28305
9.588354
8.1725025
8.937827
9.044123
9.048374
8.610438
8.720985
9.809448
8.28305
8.176754
7.9599123
8.504144
8.82728
7.849365
9.048374
8.504144
8.499891
7.632523
8.393597
8.28305
8.066207
9.482059
8.82728
8.610438
8.504144
8.499891
8.720985
8.28305
8.937827
8.610438
8.066207
8.614691
7.738818
8.504144
8.8315325
8.393597
9.15467
8.28305
8.82728
8.716734
8.504144
9.15467
8.393597
9.588354
9.044123
8.278798
10.349427
9.150418
9.584103
10.0220375
9.69465
10.23888
9.260964
10.459974
9.260964
8.929324
9.477807
10.0220375
10.23888
9.36726
10.128334
9.805196
10.23888
9.69465
10.787363
9.69465
10.0220375
10.566269
10.23888
10.6725645
9.584103
9.584103
10.783112
10.566269
10.0220375
10.0220375
8.933577
10.676816
10.0220375
9.69465
9.805196
10.566269
9.69465
10.349427
10.0220375
10.783112
9.260964
10.676816
9.911491
9.588354
8.712482
9.36726
10.23888
10.128334
10.128334
10.893659
10.455723
11.1105
10.455723
10.566269
10.783112
10.999953
9.69465
11.1105
9.911491
10.0220375
10.349427
10.345176
10.999953
10.128334
11.1105
10.345176
9.800944
10.783112
10.345176
10.345176
10.783112
10.23888
10.995702
11.216796
11.539933
11.323091
11.756775
11.2125435
11.106249
11.867322
10.995702
11.323091
12.084165
11.646228
11.973618
11.977869
11.429386
11.323091
12.628395
11.101996
11.867322
11.973618
11.101996
12.084165
11.867322
11.973618
11.2125435
12.517848
11.752523
12.517848
11.539933
11.535681
11.756775
11.973618
12.190459
12.190459
12.079912
12.845238
12.190459
12.190459
10.991449
11.8630705
11.973618
12.845238
11.429386
12.190459
11.2125435
11.646228
12.517848
12.734691
11.8630705
11.752523
11.973618
11.318839
11.318839
11.973618
11.208292
11.752523
12.407301
12.734691
13.057828
11.8630705
13.168375
12.840985
12.513597
13.278922
13.385218
12.840985
12.190459
12.296754
12.513597
11.969365
12.296754
11.204041
13.60631
12.296754
12.840985
12.296754
12.734691
12.513597
11.535681
12.517848
12.296754
11.646228
11.969365
12.079912
12.624144
12.947281
11.208292
12.079912
12.296754
12.403049
12.730438
13.712605
13.491511
12.513597
13.168375
12.186207
13.057828
13.168375
12.624144
13.602058
11.208292
12.517848
12.296754
11.646228
12.951532
12.079912
12.296754
12.084165
11.318839
11.646228
12.301006
11.539933
11.973618
11.756775
11.535681
12.628395
12.186207
11.752523
11.756775
12.079912
12.407301
13.389469
13.385218
12.186207
12.734691
12.079912
11.752523
12.301006
12.407301
11.535681
11.973618
12.517848
11.101996
11.756775
12.407301
12.517848
12.517848
11.8630705
10.557766
12.738942
11.973618
12.513597
12.734691
12.407301
11.752523
12.951532
12.190459
11.969365
12.190459
12.513597
12.730438
12.407301
13.168375
12.947281
12.407301
13.495763
12.513597
13.823153
12.730438
13.274671
12.840985
13.491511
12.513597
13.278922
12.951532
11.646228
12.845238
12.407301
11.318839
11.2125435
11.539933
11.65048
12.301006
11.65048
11.977869
12.084165
11.106249
11.761026
11.867322
11.65048
12.305258
12.084165
10.45147
11.65048
11.977869
10.885155
11.65048
10.889407
11.761026
11.539933
11.323091
11.65048
11.867322
12.407301
10.77886
11.216796
11.544185
11.323091
10.885155
11.977869
12.305258
10.6725645
10.345176
9.800944
10.676816
10.345176
10.128334
10.23888
10.999953
10.566269
9.911491
9.69465
10.783112
10.234629
10.128334
11.216796
11.327342
10.889407
9.690397
11.437889
11.871573
11.106249
10.562017
10.893659
10.455723
10.128334
10.6725645
10.999953
10.0220375
11.1105
10.562017
10.345176
10.349427
10.23888
10.128334
10.017787
10.999953
10.345176
10.999953
10.783112
10.455723
10.455723
9.911491
9.911491
11.433638
10.889407
11.539933
10.77886
10.999953
11.761026
11.106249
11.327342
10.128334
10.455723
10.017787
10.566269
10.889407
10.455723
10.6725645
9.473556
11.327342
11.433638
9.800944
10.999953
10.566269
9.911491
10.23888
10.128334
11.1105
10.455723
10.017787
10.455723
10.566269
10.783112
9.911491
9.911491
10.455723
10.455723
9.800944
10.455723
10.783112
10.6725645
10.6725645
11.216796
11.1105
10.455723
10.783112
10.783112
10.345176
10.234629
10.566269
10.345176
10.6725645
10.23888
11.216796
11.1105
10.562017
10.6725645
10.455723
10.23888
11.216796
11.65048
10.999953
11.327342
10.017787
10.017787
10.6725645
9.690397
10.455723
10.6725645
9.256713
10.23888
10.783112
10.893659
10.455723
9.584103
10.676816
10.676816
10.562017
10.23888
10.566269
10.999953
10.128334
10.562017
10.566269
10.349427
9.584103
10.6725645
10.999953
10.893659
10.23888
10.345176
11.004206
11.1105
9.800944
10.128334
10.783112
10.128334
10.234629
10.345176
11.216796
10.889407
9.584103
10.999953
9.805196
10.999953
10.6725645
11.216796
10.999953
10.345176
10.6725645
10.566269
11.871573
10.562017
11.761026
10.783112
10.345176
11.761026
10.455723
10.999953
11.216796
10.345176
11.216796
10.455723
10.783112
10.6725645
11.327342
10.999953
10.345176
11.216796
10.783112
9.800944
10.017787
11.327342
10.345176
10.566269
10.889407
11.65048
11.871573
11.323091
11.65048
10.6725645
11.433638
10.455723
10.999953
11.323091
10.889407
11.977869
11.539933
11.106249
11.323091
10.889407
11.216796
11.761026
10.455723
11.437889
11.1105
10.455723
10.783112
10.783112
10.893659
10.345176
11.216796
10.455723
10.6725645
10.999953
10.23888
10.566269
10.128334
11.1105
11.544185
10.455723
10.893659
10.128334
11.1105
10.23888
11.216796
10.455723
9.911491
11.654732
10.455723
9.800944
10.893659
10.889407
10.128334
11.327342
10.455723
9.473556
10.893659
10.455723
10.893659
11.327342
11.327342
10.345176
10.783112
10.128334
10.999953
10.45147
10.999953
11.106249
11.544185
11.327342
11.323091
10.6725645
11.216796
10.345176
10.455723
10.017787
10.23888
11.216796
10.455723
11.216796
10.349427
9.584103
10.455723
10.455723
9.477807
9.805196
10.23888
9.69465
11.1105
10.893659
10.0220375
10.23888
10.128334
9.800944
11.327342
10.6725645
11.654732
10.455723
10.999953
11.106249
10.455723
10.345176
10.455723
10.455723
10.999953
10.6725645
11.106249
10.783112
11.433638
10.23888
9.584103
10.783112
10.23888
10.999953
10.6725645
11.216796
10.6725645
10.45147
11.544185
11.756775
11.106249
10.77886
11.867322
11.977869
11.65048
11.429386
11.323091
11.433638
12.194712
10.889407
10.345176
11.216796
11.216796
10.234629
11.1105
11.216796
10.23888
10.455723
10.23888
11.216796
11.216796
10.783112
10.889407
10.128334
10.128334
10.676816
10.566269
10.128334
10.783112
10.23888
10.999953
10.783112
11.761026
11.977869
12.194712
11.65048
11.761026
12.194712
10.889407
11.216796
11.216796
11.106249
10.995702
12.194712
12.628395
12.845238
10.668313
11.65048
11.761026
10.885155
11.539933
11.106249
11.433638
11.761026
11.65048
12.084165
12.301006
11.867322
12.628395
12.301006
11.756775
12.628395
12.411553
12.411553
11.867322
11.323091
11.761026
11.977869
11.539933
11.216796
11.977869
11.977869
11.433638
11.65048
10.783112
11.1105
11.106249
11.539933
12.305258
12.088415
10.77886
11.323091
12.301006
12.194712
11.106249
11.65048
11.539933
13.066331
12.624144
12.407301
13.057828
13.062079
13.385218
12.734691
13.495763
13.385218
13.818902
13.164123
13.712605
13.814649
14.142038
13.818902
13.925196
13.270417
15.013659
15.013659
13.814649
13.929449
13.929449
12.624144
12.301006
12.517848
12.840985
12.734691
12.624144
12.845238
13.385218
12.296754
13.168375
13.495763
14.252585
14.248333
13.925196
15.230501
15.009407
14.354629
16.642101
15.549385
16.960987
17.509468
17.18208
16.744143
16.531553
16.965237
15.766228
16.204163
15.770479
15.226248
15.991573
14.248333
15.336795
14.575723
15.119954
15.553638
15.881026
15.881026
14.57147
15.447342
15.226248
15.221997
15.987322
16.85469
16.523048
16.527302
17.18208
17.177828
16.633596
16.85469
17.288374
17.505217
17.173576
17.071531
18.155743
17.934649
17.938902
16.960987
18.045197
18.483133
17.288374
17.611511
18.26629
18.049448
17.611511
17.828354
18.155743
18.372585
18.372585
18.483133
18.155743
19.133657
19.461048
18.699974
18.80627
18.80627
18.916817
18.26204
17.824102
19.133657
18.372585
18.257786
19.133657
18.589426
18.045197
18.155743
17.828354
17.828354
18.47888
17.717808
18.372585
18.372585
17.500965
19.027365
18.483133
18.26204
17.500965
18.699974
17.505217
17.284122
17.828354
18.049448
17.938902
18.045197
18.589426
18.483133
18.483133
18.589426
17.390417
18.810522
19.027365
17.717808
18.80627
18.589426
18.699974
18.045197
18.589426
18.916817
17.828354
18.155743
18.589426
17.938902
18.372585
18.810522
18.155743
17.828354
17.938902
18.483133
17.828354
18.699974
17.177828
18.483133
17.611511
18.589426
17.938902
17.938902
18.26629
18.26629
18.045197
17.390417
18.483133
18.80627
17.717808
18.372585
17.824102
18.810522
18.810522
17.828354
18.26629
18.045197
17.72631
18.159994
17.177828
17.611511
18.159994
18.270542
17.071531
16.637848
17.18208
16.744143
16.31046
15.987322
16.527302
17.071531
17.509468
17.075785
16.527302
17.72631
16.637848
16.642101
17.071531
15.770479
16.208416
15.659932
16.531553
15.987322
16.642101
15.766228
15.987322
16.748394
16.531553
16.208416
16.748394
15.987322
15.119954
15.336795
15.881026
16.208416
15.230501
15.336795
15.557889
15.013659
15.013659
14.796817
14.796817
14.473679
14.14629
13.495763
13.712605
13.385218
13.9337
13.278922
13.712605
13.278922
12.951532
12.301006
12.734691
12.190459
13.278922
12.628395
12.845238
11.973618
11.867322
12.084165
11.867322
12.849489
12.845238
11.216796
11.65048
11.65048
11.544185
12.305258
11.867322
11.433638
11.977869
10.889407
11.433638
11.9821205
11.1105
11.1105
11.1105
10.999953
11.216796
11.216796
11.544185
10.6725645
11.327342
10.783112
11.327342
10.999953
11.216796
10.455723
11.654732
11.216796
11.654732
11.437889
12.088415
11.216796
11.1105
11.1105
10.783112
11.437889
11.437889
10.999953
11.544185
10.893659
11.216796
12.088415
11.544185
10.999953
10.999953
11.327342
10.783112
11.327342
12.198963
11.433638
11.327342
12.088415
11.65048
11.323091
10.999953
12.305258
12.305258
12.5220995
11.65048
12.305258
12.738942
11.977869
12.194712
12.628395
12.301006
12.301006
11.977869
12.738942
11.216796
11.544185
11.867322
11.977869
12.198963
11.977869
10.783112
12.305258
11.216796
12.5220995
11.65048
11.977869
12.088415
12.5220995
11.544185
12.194712
12.411553
11.756775
12.411553
13.062079
10.889407
11.539933
11.65048
12.305258
11.433638
11.761026
11.867322
11.327342
12.194712
11.433638
11.761026
12.088415
12.198963
11.216796
11.433638
11.871573
11.867322
11.65048
12.301006
12.738942
12.517848
12.734691
12.628395
12.407301
12.301006
12.738942
13.500016
12.084165
12.411553
12.738942
11.977869
12.194712
12.194712
12.084165
11.323091
12.305258
12.194712
11.216796
11.216796
11.327342
10.566269
10.23888
11.437889
10.562017
11.871573
11.327342
11.761026
11.323091
11.65048
11.433638
11.977869
11.761026
11.539933
11.977869
12.194712
12.194712
12.088415
11.867322
10.885155
12.305258
13.1726265
12.628395
11.65048
12.845238
12.301006
12.628395
13.278922
13.389469
13.168375
13.062079
12.734691
12.840985
13.60631
13.712605
12.624144
13.823153
13.495763
12.296754
13.823153
13.168375
12.840985
13.712605
14.14629
13.385218
13.274671
13.164123
13.495763
13.385218
14.14629
12.734691
13.385218
14.363132
13.708355
15.234753
14.469427
14.035743
12.947281
14.142038
14.035743
13.818902
14.14629
13.929449
13.491511
13.929449
12.947281
14.473679
13.602058
12.947281
13.602058
14.039994
12.947281
13.274671
12.951532
13.929449
13.602058
13.925196
13.818902
14.907364
13.814649
14.142038
14.142038
14.796817
14.469427
14.469427
14.796817
14.363132
14.035743
13.818902
14.473679
13.708355
14.252585
13.929449
13.164123
14.035743
13.491511
13.495763
14.14629
13.712605
13.602058
13.385218
12.513597
13.495763
14.14629
13.929449
13.712605
13.274671
14.473679
13.818902
13.929449
14.14629
13.491511
14.473679
12.947281
13.818902
13.712605
13.602058
13.712605
12.407301
14.039994
12.951532
13.602058
12.407301
12.951532
12.947281
12.730438
12.730438
13.929449
12.840985
13.491511
14.039994
13.495763
13.274671
13.929449
13.385218
14.363132
12.836734
13.712605
14.363132
12.947281
13.274671
14.035743
12.186207
13.168375
12.840985
12.730438
13.057828
13.929449
13.602058
12.951532
13.495763
13.491511
13.602058
13.495763
12.513597
13.274671
13.602058
13.274671
12.730438
13.385218
13.274671
13.168375
13.712605
13.602058
13.712605
13.385218
13.168375
14.14629
13.057828
13.602058
14.035743
13.818902
14.367384
13.708355
13.274671
14.363132
13.708355
13.380964
14.14629
13.491511
13.380964
13.491511
14.252585
13.380964
14.469427
14.035743
14.252585
13.708355
13.491511
13.270417
14.14629
14.14629
13.164123
14.14629
14.363132
13.274671
13.818902
12.947281
13.274671
13.380964
13.274671
13.385218
14.150541
13.929449
13.712605
12.840985
13.929449
12.624144
14.256837
13.274671
13.385218
14.363132
13.708355
13.057828
13.168375
13.385218
12.513597
12.951532
13.602058
13.057828
12.730438
13.60631
13.062079
12.730438
12.840985
13.712605
13.495763
13.168375
12.951532
12.517848
12.296754
12.734691
11.973618
12.190459
12.734691
11.756775
12.738942
13.062079
11.756775
12.084165
12.955785
11.318839
12.084165
11.539933
11.756775
11.2125435
11.2125435
12.734691
12.517848
11.756775
12.301006
11.973618
11.756775
11.867322
11.756775
12.301006
12.628395
12.194712
11.761026
11.323091
11.433638
11.871573
11.973618
12.084165
11.216796
11.539933
10.668313
11.977869
11.65048
12.194712
12.190459
12.190459
13.389469
13.495763
11.8630705
12.628395
12.840985
11.752523
12.951532
13.60631
12.951532
13.712605
12.624144
12.624144
12.840985
13.278922
12.840985
13.495763
12.845238
12.845238
12.624144
11.867322
12.734691
12.301006
12.955785
13.278922
12.628395
12.624144
13.495763
12.079912
13.062079
12.407301
12.734691
12.845238
12.624144
13.168375
12.951532
13.057828
12.840985
12.951532
12.624144
12.730438
13.168375
13.823153
12.734691
13.278922
13.278922
12.624144
12.734691
13.278922
12.840985
13.495763
14.039994
13.168375
13.602058
13.602058
13.823153
14.035743
13.712605
13.168375
13.385218
12.619891
13.712605
13.491511
12.947281
13.708355
13.495763
13.929449
14.039994
13.495763
13.057828
13.602058
13.057828
14.690521
14.363132
13.708355
13.380964
14.363132
14.035743
14.473679
14.796817
13.491511
13.602058
13.708355
13.929449
14.579974
13.597807
13.925196
13.818902
13.708355
14.252585
14.473679
13.925196
13.708355
13.712605
13.818902
13.925196
14.363132
14.68627
14.035743
14.252585
15.341048
15.447342
14.68627
15.230501
14.68627
14.256837
14.469427
14.35888
15.124206
14.796817
14.579974
15.01791
14.579974
13.708355
14.256837
13.602058
13.164123
14.473679
13.385218
13.929449
13.278922
13.385218
13.929449
13.818902
12.624144
13.057828
12.947281
13.168375
14.363132
13.057828
13.929449
14.256837
12.840985
13.712605
13.929449
12.730438
13.385218
13.168375
13.168375
13.385218
13.168375
12.513597
13.712605
12.951532
13.278922
13.602058
13.495763
13.495763
13.385218
13.057828
13.712605
13.929449
12.840985
13.712605
13.274671
13.602058
14.801068
14.252585
13.929449
13.818902
14.252585
13.602058
13.929449
13.929449
13.929449
13.929449
14.363132
12.840985
12.951532
13.495763
12.079912
12.734691
14.150541
13.385218
13.278922
13.278922
12.624144
12.407301
13.062079
12.624144
12.840985
13.495763
13.385218
12.734691
12.407301
13.057828
12.951532
13.495763
12.734691
12.951532
13.062079
12.840985
13.062079
12.951532
12.951532
13.168375
13.057828
13.389469
14.256837
12.624144
13.062079
12.951532
12.951532
13.602058
12.951532
13.60631
12.955785
13.495763
12.734691
13.60631
13.278922
13.60631
12.840985
13.60631
14.039994
12.951532
12.951532
13.057828
12.840985
13.062079
12.951532
13.716857
13.062079
13.1726265
13.60631
12.845238
12.194712
12.738942
12.738942
12.411553
12.084165
12.628395
12.411553
12.738942
12.738942
11.327342
12.194712
12.411553
11.867322
11.544185
11.761026
11.977869
12.5220995
11.867322
12.738942
12.955785
12.301006
12.845238
13.1726265
12.845238
12.628395
13.500016
12.084165
11.433638
12.305258
12.411553
11.977869
11.539933
11.323091
12.088415
11.977869
11.106249
11.327342
11.216796
11.544185
10.889407
11.327342
11.323091
11.65048
11.433638
11.867322
11.216796
11.867322
11.871573
12.411553
11.433638
11.539933
11.327342
11.323091
11.65048
12.5220995
11.539933
11.977869
11.65048
10.889407
11.433638
10.889407
11.544185
12.411553
12.5220995
11.65048
12.305258
12.084165
12.411553
12.517848
12.411553
12.411553
13.283173
11.973618
12.411553
12.734691
12.955785
12.734691
12.955785
12.517848
12.084165
12.194712
12.194712
12.088415
12.305258
11.433638
11.871573
11.323091
11.871573
11.871573
11.106249
10.783112
11.544185
12.305258
12.305258
11.761026
11.323091
11.867322
12.088415
11.871573
11.871573
10.999953
10.6725645
11.1105
10.783112
11.765279
11.977869
11.544185
11.327342
12.088415
11.544185
10.783112
11.871573
10.345176
11.327342
11.327342
10.349427
10.23888
10.783112
11.327342
11.216796
10.566269
11.1105
11.654732
10.783112
10.783112
10.566269
11.004206
10.783112
10.676816
10.676816
10.566269
10.459974
10.0220375
10.566269
11.331594
10.893659
10.349427
9.588354
10.787363
10.349427
10.455723
10.566269
10.128334
10.999953
11.1105
10.999953
10.999953
11.871573
10.889407
11.216796
12.088415
11.433638
11.433638
11.544185
11.871573
11.433638
12.194712
12.411553
12.194712
11.756775
11.323091
11.327342
11.761026
12.194712
12.415805
12.194712
12.5220995
11.65048
11.544185
12.194712
11.977869
12.411553
12.738942
12.845238
12.411553
13.283173
12.628395
12.955785
13.283173
12.734691
12.084165
11.433638
12.301006
12.845238
12.411553
12.955785
12.084165
12.845238
12.955785
11.973618
11.65048
12.628395
12.411553
12.084165
12.084165
13.1726265
12.517848
12.301006
12.5220995
13.389469
12.734691
12.084165
12.738942
13.278922
12.301006
13.062079
12.951532
13.062079
13.278922
13.062079
12.296754
13.278922
12.734691
13.385218
13.495763
13.712605
13.278922
13.495763
13.823153
14.039994
14.14629
14.14629
13.929449
13.274671
13.818902
13.823153
13.274671
13.168375
14.584226
13.495763
13.274671
13.823153
14.473679
13.491511
13.602058
14.035743
13.491511
14.14629
13.712605
13.818902
14.579974
15.451593
14.469427
14.473679
15.341048
14.142038
14.907364
15.88528
14.469427
15.230501
14.68627
15.013659
14.796817
15.341048
14.68627
14.796817
15.013659
14.903111
15.119954
15.557889
14.575723
15.230501
15.774733
15.230501
15.991573
15.336795
15.336795
15.336795
15.557889
15.230501
14.792564
16.425257
14.465176
15.336795
16.208416
15.336795
16.208416
15.447342
15.664186
15.443091
15.881026
15.881026
16.204163
16.204163
15.987322
16.318964
16.204163
16.965237
16.31471
16.858942
15.549385
16.204163
16.642101
16.748394
16.965237
16.421007
16.748394
16.637848
15.881026
16.09787
17.509468
17.292625
17.075785
17.075785
16.31046
16.637848
16.204163
17.943153
17.615763
17.832605
18.159994
17.615763
17.288374
18.159994
18.049448
17.72631
17.72631
17.288374
16.748394
17.398922
17.509468
17.615763
17.075785
17.18208
17.72631
16.421007
16.642101
16.642101
17.18208
16.31471
16.531553
16.637848
16.637848
17.292625
17.075785
16.204163
16.531553
16.31471
16.748394
15.549385
16.642101
16.31471
16.531553
16.421007
16.642101
16.531553
16.093616
16.642101
16.425257
15.881026
16.31471
15.991573
16.642101
16.31471
15.226248
16.208416
15.226248
15.119954
16.09787
15.987322
16.31471
16.09787
16.969488
15.443091
15.664186
16.31471
16.31471
16.204163
15.770479
16.642101
16.748394
16.425257
16.425257
16.531553
16.642101
16.204163
16.31471
16.965237
15.770479
16.31471
16.093616
15.664186
16.535805
15.987322
15.770479
16.425257
17.075785
15.987322
17.620016
16.531553
16.535805
16.31471
15.664186
15.664186
16.531553
16.531553
15.881026
15.881026
16.425257
16.748394
15.881026
16.318964
16.425257
15.664186
16.208416
16.646353
16.748394
15.881026
16.969488
15.987322
15.991573
16.31471
15.987322
15.664186
15.881026
16.425257
16.09787
15.770479
16.09787
15.664186
15.664186
15.881026
15.774733
15.881026
15.774733
15.230501
16.318964
15.664186
14.575723
15.447342
15.336795
14.792564
15.774733
14.903111
14.903111
15.447342
16.102121
15.230501
15.341048
15.774733
14.903111
15.341048
15.991573
14.903111
15.230501
15.447342
15.013659
15.668436
15.774733
14.469427
15.557889
16.102121
14.469427
15.124206
15.88528
14.690521
15.01791
15.124206
14.363132
14.256837
14.796817
14.363132
14.907364
14.796817
14.142038
13.818902
14.256837
15.124206
15.124206
14.579974
14.690521
14.469427
14.252585
14.035743
14.363132
15.341048
14.690521
15.124206
14.14629
14.907364
14.579974
14.14629
14.469427
14.796817
14.907364
14.14629
14.796817
13.602058
14.035743
14.363132
14.363132
14.363132
13.929449
14.473679
14.256837
13.929449
14.473679
14.473679
13.929449
13.389469
14.367384
13.278922
13.1726265
13.823153
12.840985
13.929449
13.495763
13.823153
14.150541
13.712605
13.278922
13.278922
13.823153
13.278922
12.734691
13.495763
14.256837
14.14629
13.495763
13.278922
14.256837
13.823153
13.389469
13.60631
13.389469
12.738942
13.389469
12.845238
12.411553
13.500016
12.845238
12.955785
13.500016
12.517848
12.845238
12.628395
12.845238
11.973618
12.5220995
12.955785
13.500016
12.411553
12.411553
12.628395
12.194712
13.500016
13.389469
12.301006
12.955785
12.194712
11.761026
11.65048
12.305258
12.305258
11.977869
11.871573
12.411553
11.433638
12.305258
11.761026
12.305258
11.323091
12.088415
12.5220995
11.871573
11.544185
10.893659
11.654732
11.216796
11.548436
11.327342
11.871573
11.765279
11.1105
11.1105
11.437889
11.765279
10.893659
11.1105
11.1105
11.1105
10.893659
10.893659
11.221047
11.437889
11.544185
11.1105
11.327342
11.216796
11.654732
11.1105
11.548436
11.437889
11.1105
11.1105
11.221047
11.765279
11.544185
11.221047
11.1105
10.23888
11.654732
11.437889
10.676816
11.437889
11.437889
11.327342
11.9821205
11.327342
11.65048
10.566269
11.1105
11.654732
11.871573
11.871573
11.654732
11.437889
11.654732
10.999953
10.893659
11.1105
12.415805
12.088415
11.327342
11.654732
12.088415
11.544185
12.415805
13.066331
13.066331
12.194712
12.411553
12.411553
11.867322
12.5220995
12.194712
12.305258
12.5220995
11.761026
13.066331
12.194712
11.867322
12.198963
12.5220995
12.738942
12.738942
11.871573
13.066331
12.738942
11.65048
12.738942
12.5220995
12.5220995
12.301006
13.283173
13.389469
13.278922
12.845238
13.1726265
12.301006
12.411553
12.411553
12.955785
12.845238
14.150541
12.5220995
12.411553
12.845238
11.867322
13.389469
12.955785
13.062079
12.955785
12.5220995
12.411553
13.389469
12.411553
12.845238
13.823153
13.062079
12.628395
13.60631
12.845238
13.062079
13.60631
13.495763
13.823153
13.1726265
13.9337
12.845238
12.301006
13.500016
13.9337
12.845238
13.1726265
13.283173
13.1726265
12.738942
12.5220995
12.305258
12.628395
11.756775
11.867322
13.9337
12.734691
13.278922
12.845238
13.500016
13.495763
13.389469
13.9337
14.039994
13.823153
13.712605
13.60631
14.039994
13.389469
13.495763
13.9337
13.60631
13.60631
13.60631
13.712605
13.062079
13.278922
13.389469
13.057828
13.389469
13.278922
14.367384
13.929449
12.734691
13.929449
13.495763
13.818902
13.712605
14.473679
13.712605
14.039994
13.818902
13.602058
13.818902
14.14629
14.363132
14.14629
14.039994
14.039994
13.818902
14.579974
14.363132
14.363132
13.925196
14.473679
14.690521
14.363132
14.035743
13.929449
14.796817
14.252585
14.690521
15.451593
14.796817
14.14629
14.907364
14.579974
16.102121
14.469427
14.142038
14.579974
14.252585
14.363132
15.557889
14.252585
14.690521
14.579974
13.708355
14.14629
15.341048
14.469427
14.469427
14.579974
14.469427
14.68627
14.363132
15.557889
15.124206
14.579974
15.124206
14.796817
15.124206
14.363132
14.903111
14.14629
14.035743
15.447342
14.363132
15.124206
15.557889
14.142038
14.796817
15.234753
14.252585
14.035743
15.56214
13.925196
14.14629
15.013659
14.469427
14.796817
15.124206
14.690521
15.341048
14.035743
14.14629
14.363132
13.929449
14.690521
14.14629
13.818902
14.690521
15.451593
13.925196
15.234753
15.124206
14.14629
14.256837
14.14629
13.818902
14.363132
13.929449
14.907364
14.801068
14.256837
14.14629
13.929449
13.495763
14.14629
14.256837
13.929449
14.256837
14.367384
13.168375
13.823153
14.256837
13.385218
14.14629
12.951532
13.495763
13.712605
12.951532
14.039994
13.712605
13.823153
14.039994
13.495763
13.168375
13.385218
13.495763
13.495763
14.256837
13.278922
13.168375
13.823153
13.278922
13.168375
13.823153
14.367384
14.14629
14.256837
13.712605
14.150541
13.929449
13.929449
13.823153
13.712605
14.039994
13.278922
14.150541
12.840985
14.256837
13.495763
13.823153
14.039994
13.712605
13.712605
14.039994
13.168375
13.062079
14.367384
13.495763
14.256837
13.385218
13.9337
14.801068
13.274671
14.473679
13.929449
13.823153
14.14629
14.039994
13.385218
13.602058
13.491511
13.712605
13.168375
13.712605
12.734691
14.039994
13.929449
14.039994
13.929449
13.495763
13.278922
12.845238
13.9337
13.495763
13.062079
13.389469
13.389469
12.517848
13.062079
12.738942
13.389469
12.845238
12.845238
13.1726265
13.1726265
12.628395
12.411553
13.1726265
12.955785
12.628395
12.845238
13.1726265
12.955785
11.539933
12.5220995
12.517848
12.194712
12.5220995
11.65048
11.65048
12.088415
12.305258
11.65048
11.544185
12.738942
12.955785
11.433638
12.194712
12.411553
11.977869
11.977869
12.305258
12.628395
11.977869
12.628395
11.867322
12.955785
12.411553
13.066331
12.849489
11.867322
12.411553
11.433638
11.65048
12.738942
11.867322
11.871573
11.761026
12.194712
12.088415
11.1105
11.544185
10.783112
11.65048
11.327342
12.088415
11.327342
12.088415
11.327342
10.893659
11.327342
10.6725645
11.9821205
12.088415
11.761026
11.871573
12.415805
11.433638
11.977869
11.1105
11.871573
11.1105
11.1105
11.9821205
11.654732
11.871573
11.437889
11.871573
11.654732
11.871573
11.9821205
11.327342
11.871573
11.544185
11.654732
10.6725645
11.221047
11.437889
11.1105
10.893659
11.654732
11.548436
11.437889
10.893659
11.437889
11.1105
11.114753
10.999953
10.676816
11.221047
11.765279
11.327342
11.221047
10.893659
10.893659
10.132585
11.004206
11.221047
11.1105
10.459974
11.875826
10.676816
11.004206
11.221047
11.331594
10.676816
10.459974
10.676816
10.89791
11.437889
10.893659
9.915743
10.243132
10.676816
10.243132
10.89791
10.676816
11.114753
11.331594
10.570521
9.915743
10.136837
11.004206
11.1105
11.004206
11.004206
10.02629
10.893659
10.459974
10.459974
10.02629
10.570521
10.787363
9.915743
10.570521
10.459974
10.243132
10.787363
10.353679
10.353679
9.698901
10.464226
10.243132
10.681068
10.353679
9.809448
10.459974
10.570521
10.136837
10.89791
10.353679
10.136837
9.919995
9.592606
10.353679
9.809448
9.592606
10.570521
9.482059
10.89791
10.136837
10.89791
9.375764
10.136837
10.464226
10.787363
10.459974
11.004206
10.89791
10.459974
11.114753
10.02629
9.809448
10.676816
10.243132
10.02629
10.681068
10.353679
10.243132
10.02629
10.570521
9.592606
9.592606
10.02629
10.02629
10.136837
9.809448
9.809448
9.592606
9.486311
9.809448
10.681068
9.592606
10.570521
9.919995
10.464226
9.703153
9.592606
9.919995
9.703153
10.136837
11.114753
9.048374
9.265217
9.919995
9.592606
9.048374
10.464226
9.158921
10.247384
10.681068
9.809448
8.614691
9.158921
9.919995
9.809448
9.919995
10.136837
10.247384
9.919995
9.375764
9.919995
10.247384
10.681068
10.136837
9.703153
9.486311
9.375764
9.596858
9.703153
8.725238
9.486311
9.269468
8.94208
9.703153
8.725238
8.94208
9.052627
10.030542
9.592606
8.397848
9.8137
9.375764
8.397848
9.8137
9.375764
8.94208
9.269468
9.375764
8.070459
9.052627
9.158921
9.269468
8.618942
9.163173
9.8137
9.375764
8.2915535
9.486311
9.8137
8.94208
9.269468
9.380016
8.94208
9.375764
9.375764
9.375764
9.919995
8.94208
9.486311
9.919995
9.158921
9.596858
9.375764
9.486311
9.486311
8.725238
9.703153
9.158921
8.94208
8.94208
8.508395
7.857869
7.857869
8.835785
8.185258
8.618942
8.835785
8.074712
9.380016
8.070459
8.835785
8.508395
8.074712
8.618942
8.074712
7.9641643
8.618942
8.4021
8.074712
8.4021
8.4021
8.725238
8.074712
8.946331
8.4021
7.6410265
8.4021
7.5304804
7.6410265
8.618942
9.8137
8.618942
8.835785
7.857869
8.4021
7.9641643
7.857869
8.729489
8.4021
7.5347314
8.074712
8.185258
8.070459
8.074712
8.074712
8.397848
7.857869
7.857869
7.9684157
8.2915535
7.747322
8.2915535
7.636775
8.618942
8.835785
7.857869
8.185258
8.4021
7.5304804
8.618942
7.857869
8.2915535
8.835785
7.747322
8.618942
8.181006
9.052627
8.185258
8.4021
8.2915535
7.857869
7.313638
8.946331
8.4021
7.9641643
8.618942
8.725238
8.618942
9.052627
9.269468
8.618942
8.618942
8.2915535
9.052627
8.94208
8.618942
9.8137
9.269468
8.725238
8.725238
8.725238
9.052627
9.163173
8.185258
8.946331
9.269468
8.725238
8.94208
9.8137
9.269468
8.074712
8.618942
8.4021
8.074712
7.5304804
9.052627
9.269468
8.070459
8.2915535
8.94208
8.835785
8.2915535
8.508395
7.6410265
8.074712
8.2915535
8.835785
9.158921
8.835785
8.618942
7.5304804
7.6410265
8.185258
8.4021
8.618942
7.747322
8.618942
8.2915535
8.725238
8.2915535
8.94208
8.287301
9.269468
9.163173
9.380016
8.94208
9.486311
9.8137
9.486311
8.2915535
9.596858
9.269468
8.181006
8.725238
8.94208
8.508395
8.2915535
7.5304804
8.508395
8.4021
8.185258
7.747322
8.835785
8.508395
8.4021
9.052627
7.5304804
7.857869
8.946331
7.313638
7.9684157
7.313638
8.185258
8.618942
7.6410265
8.946331
8.074712
8.181006
7.9684157
7.6410265
7.747322
7.857869
8.074712
8.185258
8.185258
7.6410265
7.9684157
8.074712
7.857869
7.7515736
8.618942
7.9684157
8.185258
8.074712
7.6410265
7.857869
7.857869
8.074712
7.857869
7.7515736
7.8621206
7.4241843
6.7736583
7.317889
7.4241843
6.7736583
7.1010475
7.207342
6.9905005
6.012585
5.90629
6.561068
6.1273837
5.799995
5.799995
5.583153
4.928375
5.038922
5.1452165
5.4726057
4.7115326
5.583153
5.3663106
4.9326262
4.9326262
4.0610065
5.3663106
4.4946904
5.3663106
4.605237
3.844164
3.954711
4.2821
4.3926473
3.631574
4.065258
2.9767957
4.1758046
3.5210268
3.5210268
4.2821
4.4989424
4.6094894
3.954711
4.065258
3.631574
3.4104798
3.631574
3.631574
4.1758046
3.737869
2.6536584
2.5431116
3.7421207
3.848416
2.8705006
3.5252786
2.2199743
2.4368165
2.8705006
2.8705006
2.4368165
2.4368165
3.1978896
2.6536584
2.6536584
3.631574
3.5252786
2.7599535
3.848416
3.0873425
4.3926473
3.737869
4.171553
4.715784
4.4989424
4.4989424
4.826331
4.065258
4.171553
5.4768577
4.715784
3.7336173
4.605237
5.2600155
4.4989424
4.826331
2.9767957
4.715784
4.4989424
4.2821
4.605237
4.3883953
4.171553
3.954711
4.171553
4.3883953
4.2821
4.9326262
5.1494684
4.605237
5.2557635
5.1494684
5.1494684
5.799995
5.6937
4.8220797
5.4726057
5.3663106
5.583153
4.8220797
5.4768577
4.605237
5.1494684
5.583153
6.016837
4.8220797
5.038922
5.038922
4.7115326
5.038922
5.583153
5.1452165
5.2557635
5.583153
5.4726057
5.799995
6.016837
5.583153
6.8884573
5.4726057
5.2557635
4.8220797
5.3663106
5.4726057
5.2557635
5.2557635
5.4726057
6.2336793
6.2336793
7.3221416
6.123132
6.339974
5.251512
5.1452165
6.123132
6.7736583
6.123132
6.7736583
7.1010475
6.556816
6.4462695
6.556816
6.556816
7.4284363
6.2294273
7.5347314
6.2294273
6.2294273
7.317889
7.8621206
6.1188803
6.9905005
7.5347314
7.5347314
6.9905005
7.7515736
7.4241843
7.7515736
7.313638
7.4241843
7.4241843
7.7515736
7.6410265
7.313638
7.857869
7.096796
8.074712
7.9641643
7.747322
8.618942
7.313638
8.074712
7.6410265
8.074712
8.725238
8.508395
8.508395
9.052627
7.636775
8.2915535
8.725238
9.703153
8.94208
8.937827
8.614691
9.8137
9.048374
8.94208
8.94208
7.853617
9.596858
9.375764
9.048374
9.375764
9.048374
9.809448
8.614691
10.136837
8.397848
8.94208
8.720985
8.8315325
9.8137
9.809448
10.136837
9.592606
9.158921
10.353679
8.287301
9.592606
9.482059
8.8315325
9.048374
9.703153
8.720985
9.809448
9.048374
9.698901
10.136837
9.265217
9.048374
9.592606
9.698901
10.02629
9.158921
9.592606
9.915743
9.265217
9.265217
10.02629
10.243132
10.243132
9.592606
9.048374
9.919995
9.048374
9.703153
9.052627
7.747322
7.9641643
8.074712
8.725238
7.5304804
7.857869
8.618942
7.096796
7.857869
8.295805
7.6410265
7.4241843
7.5347314
7.096796
7.313638
7.4241843
7.7515736
6.1188803
7.4241843
6.7736583
6.7736583
5.902038
7.317889
6.7736583
5.90629
6.667363
5.902038
5.689448
5.90629
5.689448
6.012585
5.1452165
6.016837
5.799995
5.4726057
5.1452165
5.4726057
4.3841434
5.799995
6.1273837
4.928375
5.1452165
6.016837
5.3620586
5.2557635
5.038922
5.2557635
5.2557635
5.1494684
5.3663106
4.4946904
4.171553
4.715784
4.4989424
4.2821
4.065258
3.737869
3.6273217
3.6273217
4.2821
3.1936376
4.065258
3.4104798
2.9767957
3.414732
3.5210268
5.0431733
3.5210268
4.715784
3.848416
3.3041847
4.065258
3.737869
3.737869
3.1936376
3.3041847
2.9767957
3.3041847
3.737869
3.5210268
4.3926473
4.4989424
3.848416
3.737869
3.737869
3.5210268
3.631574
3.737869
2.6494067
2.9767957
4.6094894
3.737869
3.1936376
3.848416
3.954711
3.4104798
3.954711
3.737869
3.3041847
2.8662488
3.6273217
2.9767957
3.5210268
4.3883953
3.5210268
3.844164
4.3883953
3.4104798
4.2821
3.737869
2.9767957
3.848416
3.6273217
2.8662488
3.1936376
4.2821
3.4104798
4.171553
3.954711
4.3883953
4.715784
3.4104798
3.954711
4.936878
4.4989424
4.4989424
4.3883953
3.844164
3.6273217
4.4989424
3.5167751
5.1494684
4.8220797
4.9326262
5.2600155
4.3883953
4.171553
4.3883953
4.0610065
3.844164
4.605237
4.2778482
4.8220797
3.844164
4.9326262
4.715784
4.167301
4.0610065
4.715784
5.2600155
4.4989424
4.3883953
4.4989424
4.171553
4.3883953
4.9326262
4.171553
3.9504592
5.1494684
4.605237
4.605237
4.2778482
4.9326262
4.9326262
4.0610065
5.1494684
4.605237
3.62307
4.9326262
4.715784
3.844164
4.065258
4.715784
3.954711
3.844164
5.4768577
4.3883953
4.9326262
5.1494684
4.2778482
4.8220797
5.583153
4.4946904
5.3663106
5.689448
5.2557635
4.4946904
5.4726057
4.6009855
5.689448
6.2336793
4.6009855
5.799995
6.123132
5.1452165
5.4726057
6.016837
5.3620586
6.2336793
5.0346694
4.7115326
5.4726057
5.038922
5.689448
5.90629
5.689448
5.251512
6.016837
5.0346694
5.038922
6.561068
6.450521
6.123132
6.667363
5.578901
5.0346694
6.450521
5.4726057
5.795743
6.339974
5.6851964
5.4726057
6.3442264
5.0346694
6.123132
6.339974
6.123132
5.1452165
6.561068
5.0346694
5.3620586
6.667363
6.016837
5.90629
6.339974
5.578901
5.90629
5.468354
5.1452165
5.90629
5.90629
6.2336793
5.689448
5.2557635
6.123132
5.578901
5.3620586
5.578901
4.8220797
5.4726057
5.3663106
5.583153
5.038922
4.9326262
4.928375
5.2557635
4.7115326
4.928375
4.4946904
5.583153
4.2778482
4.7115326
4.8220797
4.3883953
4.8220797
4.9326262
4.0610065
5.583153
5.1494684
4.4946904
5.4768577
5.4768577
3.844164
5.3663106
4.605237
4.8220797
5.2600155
5.2600155
3.8399122
3.954711
4.826331
3.4104798
4.171553
4.4989424
4.4989424
4.715784
4.4989424
3.737869
4.715784
4.171553
4.9326262
3.4104798
4.715784
5.0431733
3.7336173
4.715784
5.0431733
3.954711
4.2821
4.9326262
3.954711
4.4989424
4.171553
3.5210268
4.2821
5.0431733
3.299933
4.171553
4.3926473
3.1936376
4.065258
4.3926473
3.954711
4.4989424
3.5210268
4.065258
4.065258
3.4104798
3.4104798
4.936878
4.6094894
3.5210268
4.2821
3.848416
3.954711
4.6094894
3.6273217
4.065258
4.065258
3.5210268
4.2821
5.1494684
3.737869
4.3883953
4.9326262
3.954711
4.3883953
4.3883953
4.715784
3.6273217
4.3883953
3.6273217
3.844164
3.5167751
4.2821
4.171553
4.0610065
3.299933
4.3883953
4.065258
4.4989424
2.9767957
3.844164
3.5210268
3.1936376
4.065258
2.9767957
4.2821
3.5210268
3.737869
3.6273217
3.737869
3.954711
4.0610065
3.954711
4.4989424
3.4104798
3.4104798
4.3883953
4.715784
4.605237
4.0610065
4.3883953
4.605237
3.4104798
5.2600155
4.171553
4.3883953
4.605237
3.6273217
4.605237
5.1494684
3.7336173
4.0610065
5.2557635
5.583153
5.038922
5.1452165
5.583153
4.4946904
4.167301
5.4726057
4.7115326
5.4726057
5.1452165
5.038922
5.4726057
4.3841434
5.2557635
5.038922
6.016837
4.7115326
5.689448
4.928375
5.4726057
4.2735963
5.4726057
5.583153
4.4946904
5.4726057
4.6009855
4.928375
4.928375
5.583153
5.2557635
5.4726057
4.928375
5.2557635
5.1452165
4.7115326
5.038922
5.038922
5.583153
4.928375
5.578901
5.3620586
5.90629
5.689448
6.556816
5.795743
6.8842053
5.90629
5.795743
6.123132
5.3620586
6.339974
5.4726057
6.667363
5.0346694
5.799995
5.578901
5.799995
6.2336793
4.928375
6.016837
5.1452165
5.3663106
5.3663106
5.2557635
4.928375
5.2557635
4.605237
4.928375
4.928375
4.7115326
4.2778482
4.8220797
4.167301
5.1494684
5.689448
5.2557635
5.799995
5.2557635
4.7115326
4.928375
5.6937
4.4946904
4.167301
4.167301
5.583153
5.038922
4.9326262
4.2778482
5.2557635
4.2778482
4.9326262
4.3841434
4.7115326
5.2557635
4.7115326
5.799995
5.689448
5.1452165
5.4726057
4.8178277
6.016837
5.2557635
4.6009855
4.928375
4.7115326
5.038922
5.583153
5.583153
4.8220797
4.4946904
4.7115326
5.583153
4.7115326
4.7115326
4.7115326
4.928375
4.167301
4.605237
4.4946904
4.3841434
4.8220797
5.689448
4.6009855
4.8220797
5.583153
5.689448
4.7115326
5.583153
5.799995
5.4726057
4.928375
5.583153
5.799995
4.928375
5.799995
4.2735963
4.8220797
5.4726057
5.038922
5.2557635
6.016837
5.3620586
5.578901
5.90629
5.468354
6.339974
6.339974
6.2336793
5.795743
5.578901
5.3620586
6.556816
5.3620586
7.1010475
6.667363
5.578901
5.795743
6.012585
6.123132
4.7072806
6.2336793
6.123132
5.3620586
6.561068
6.123132
5.1452165
6.123132
6.012585
6.339974
5.90629
6.450521
5.90629
7.1010475
7.1010475
6.4462695
7.317889
6.339974
6.012585
6.9947524
6.77791
6.012585
6.339974
6.667363
6.556816
5.578901
5.795743
6.123132
5.795743
6.012585
6.9947524
6.7736583
5.795743
6.8842053
6.8842053
6.339974
7.5347314
6.663111
6.5525646
7.317889
6.663111
6.008333
6.7736583
7.096796
6.7736583
7.5347314
6.8799534
6.9905005
7.4241843
6.663111
7.096796
6.008333
6.663111
7.7515736
6.9905005
7.317889
7.6452785
6.8799534
6.663111
7.5304804
6.769407
7.9684157
7.7515736
7.317889
6.5525646
7.207342
6.769407
7.4241843
7.207342
6.8799534
7.203091
7.096796
7.6410265
7.313638
7.096796
7.313638
8.4021
7.636775
7.6410265
8.4021
7.747322
8.725238
7.419933
8.2915535
8.397848
7.857869
8.835785
8.070459
8.508395
8.4021
8.508395
8.8315325
7.5304804
8.070459
8.181006
8.2915535
8.508395
9.052627
8.070459
8.181006
9.486311
8.397848
7.9641643
8.287301
9.052627
9.048374
8.614691
9.703153
9.375764
8.614691
9.592606
9.269468
9.158921
8.070459
8.614691
9.048374
9.048374
9.158921
9.919995
8.176754
9.919995
9.158921
9.698901
9.048374
9.158921
8.82728
10.02629
9.482059
10.136837
10.02629
9.482059
10.247384
9.915743
9.482059
9.915743
10.676816
9.588354
9.915743
9.371511
9.371511
10.676816
10.676816
9.698901
10.243132
10.676816
10.349427
10.676816
10.23888
10.02629
10.132585
10.566269
10.132585
10.570521
10.893659
9.69465
9.809448
11.004206
10.566269
11.437889
10.676816
9.911491
10.132585
10.132585
10.566269
9.911491
10.676816
10.570521
10.893659
10.0220375
11.004206
10.23888
10.999953
10.349427
11.221047
9.584103
10.566269
11.004206
10.893659
10.566269
10.0220375
10.783112
10.566269
11.004206
10.783112
10.459974
10.783112
10.349427
10.136837
10.132585
10.459974
10.02629
10.676816
10.783112
10.02629
10.132585
10.132585
9.915743
10.243132
9.698901
9.15467
10.132585
9.592606
10.132585
9.915743
10.02629
10.243132
9.482059
8.937827
9.809448
9.698901
9.15467
10.02629
9.588354
8.937827
9.371511
10.681068
9.482059
10.570521
10.136837
10.132585
9.371511
9.048374
9.371511
10.459974
10.132585
10.787363
10.132585
9.15467
10.570521
10.349427
9.698901
9.915743
9.915743
9.915743
9.15467
10.243132
11.221047
10.132585
10.459974
11.114753
9.809448
8.720985
9.809448
9.698901
9.048374
10.136837
10.02629
9.265217
10.02629
9.265217
9.919995
8.610438
9.048374
9.048374
9.482059
9.375764
9.592606
9.592606
9.809448
8.8315325
10.02629
9.919995
8.504144
9.375764
9.809448
8.725238
9.703153
9.048374
8.8315325
9.919995
9.048374
8.504144
9.592606
8.937827
9.482059
9.265217
9.375764
9.809448
9.482059
9.592606
9.048374
10.136837
10.353679
10.459974
9.482059
9.375764
9.698901
9.265217
9.482059
9.915743
9.158921
9.375764
9.375764
9.919995
8.287301
9.269468
8.937827
9.048374
9.048374
9.158921
8.614691
8.614691
8.508395
8.397848
8.618942
8.397848
8.397848
8.2915535
8.2915535
8.508395
8.397848
8.070459
7.9641643
8.397848
8.835785
8.508395
8.835785
7.203091
7.853617
8.074712
7.747322
8.074712
8.508395
8.835785
8.2915535
8.074712
7.5304804
7.5304804
8.074712
7.9641643
8.4021
7.853617
8.185258
8.185258
7.6410265
7.857869
8.074712
7.313638
8.618942
7.419933
7.9641643
7.9641643
7.9641643
7.419933
8.835785
7.9641643
8.074712
8.181006
7.747322
9.158921
8.397848
8.2915535
8.508395
8.181006
7.092544
8.2915535
8.835785
7.203091
7.6410265
7.313638
7.203091
8.074712
6.986249
7.313638
7.313638
6.663111
6.3357224
6.986249
7.207342
7.207342
6.5525646
6.8799534
7.4241843
7.857869
7.6410265
7.857869
7.313638
7.096796
8.185258
7.9684157
7.6410265
7.5304804
6.5525646
7.7515736
6.8799534
6.769407
7.6410265
7.207342
7.313638
7.317889
7.207342
6.3357224
6.4462695
6.4462695
6.7736583
6.2294273
6.9905005
6.9905005
6.2294273
6.9905005
7.1010475
6.1188803
7.096796
6.2294273
6.556816
7.317889
5.902038
6.012585
6.7736583
6.8799534
6.012585
6.667363
5.6851964
5.90629
6.450521
5.1452165
4.7115326
5.689448
4.7115326
4.928375
5.1452165
4.056754
6.1273837
4.7115326
4.4946904
4.3841434
5.1452165
4.056754
5.038922
5.4726057
4.715784
4.2778482
5.1494684
3.737869
4.0610065
3.844164
4.9326262
3.4104798
3.5210268
2.8662488
2.7599535
2.7599535
3.3041847
2.4325645
3.3041847
3.3041847
2.8705006
4.3926473
3.0873425
3.631574
3.9589627
3.414732
1.9988803
3.3041847
2.4368165
2.003132
2.5473633
2.224226
2.2199743
2.4368165
2.1094272
1.348354
2.003132
2.330521
1.896837
0.7020795
0.7020795
0.9189216
1.1357636
0.9189216
0.48523736
-0.2758359
0.9189216
-0.38213107
0.9231734
-0.16528895
-0.70952016
-0.59897316
0.4894892
-0.054742
-1.4705935
-0.4884262
0.055804953
-2.010573
-1.2494994
-1.7894788
-1.5768886
-1.5768886
-1.5726367
-2.116868
-2.33371
-1.5726367
-1.895774
-2.006321
-2.661099
-1.1347008
-1.2452477
-1.7894788
-2.116868
-1.9000257
-1.5726367
-2.006321
-2.33371
-1.3557947
-1.7894788
-2.006321
-2.33371
-1.6831837
-0.4841744
-1.3557947
-2.33371
-1.2494994
-1.5726367
-2.1211197
-1.1389525
-0.38213107
-0.16103715
-1.5726367
-2.010573
-0.5947214
-1.4663416
-1.4663416
-1.5768886
-0.37787926
-1.0326574
-0.27158412
-1.0326574
-1.3600464
0.27264705
-0.37787926
-1.3600464
-1.0326574
-1.2494994
-1.4663416
-1.1389525
-1.0326574
-0.37787926
-0.37787926
-1.4663416
-1.1389525
-1.3600464
-1.1389525
-0.4884262
-0.27158412
0.055804953
-0.16103715
-1.2494994
-1.6874356
-1.1389525
-0.5947214
-1.1432043
-0.38213107
-0.4884262
0.055804953
-1.3600464
-0.9221104
-0.27158412
-0.9221104
-0.9221104
-0.81581527
-0.9221104
-1.2494994
-0.81581527
-0.81581527
-0.27158412
-0.81581527
-0.054742
0.055804953
-1.2537513
-0.59897316
0.26839525
0.37894222
0.05155315
0.7020795
0.1578483
0.9189216
0.9189216
1.7905419
1.4631528
0.59153247
2.0073838
1.7905419
0.9189216
1.1357636
0.7020795
1.2463106
1.2463106
1.4631528
2.330521
1.896837
2.2199743
2.003132
1.6757431
1.4589009
1.7862899
2.5431116
3.5252786
2.8705006
3.0873425
3.5210268
3.9589627
3.0873425
2.4325645
3.5210268
4.3926473
3.7421207
3.848416
3.848416
3.737869
3.0873425
3.631574
4.065258
3.299933
4.9326262
5.6937
4.2778482
4.3883953
5.038922
5.3663106
4.8220797
5.3663106
6.561068
6.561068
5.689448
7.4284363
7.1010475
6.2294273
6.556816
7.6452785
8.078962
7.207342
6.9905005
7.096796
6.663111
7.6410265
7.4241843
7.5304804
7.5304804
9.380016
8.94208
7.5304804
8.2915535
8.2915535
8.94208
9.486311
9.698901
10.02629
9.482059
10.676816
10.349427
11.437889
11.437889
10.23888
11.221047
10.455723
10.566269
10.783112
11.544185
11.867322
11.871573
12.305258
12.305258
12.955785
12.5220995
12.190459
12.845238
12.738942
13.9337
13.495763
13.062079
12.734691
14.039994
13.823153
13.929449
14.14629
14.690521
13.712605
15.124206
13.712605
14.256837
14.690521
14.907364
15.668436
14.907364
15.230501
14.796817
15.234753
14.579974
14.14629
15.234753
14.690521
14.690521
13.712605
14.473679
15.234753
13.491511
14.035743
14.039994
14.256837
14.690521
14.039994
14.690521
15.124206
14.256837
13.818902
13.712605
14.473679
14.473679
14.363132
14.14629
14.907364
14.469427
14.690521
14.252585
14.363132
14.907364
15.230501
14.68627
14.690521
14.579974
15.557889
14.796817
14.579974
15.124206
14.473679
14.690521
14.363132
14.796817
14.579974
15.341048
14.903111
14.796817
15.557889
14.35888
15.230501
15.557889
14.68627
15.447342
14.579974
15.557889
14.14629
14.363132
15.451593
14.363132
14.579974
15.013659
15.230501
14.579974
14.363132
14.252585
13.708355
14.363132
14.473679
14.579974
15.341048
14.473679
14.579974
14.796817
14.690521
14.579974
15.230501
14.796817
14.690521
14.256837
14.363132
14.256837
14.363132
13.929449
14.256837
14.039994
13.495763
14.256837
14.473679
14.907364
14.363132
13.495763
13.818902
14.035743
13.057828
14.150541
13.712605
13.385218
14.256837
14.473679
14.14629
14.14629
14.473679
13.495763
13.278922
13.278922
13.278922
13.062079
13.062079
12.734691
13.60631
13.716857
12.845238
13.823153
13.062079
13.500016
13.062079
12.628395
13.500016
13.60631
13.1726265
13.389469
12.301006
13.283173
13.1726265
11.977869
12.628395
12.411553
11.867322
11.433638
11.871573
11.977869
11.1105
12.632647
11.544185
11.544185
11.1105
10.893659
11.977869
11.544185
11.654732
11.544185
11.1105
10.893659
11.765279
11.437889
10.893659
11.327342
11.327342
11.331594
11.221047
10.893659
10.893659
10.23888
10.893659
9.698901
11.114753
10.243132
10.353679
9.809448
10.132585
9.048374
10.681068
9.915743
10.353679
9.044123
9.265217
9.809448
10.136837
10.570521
10.02629
11.114753
9.809448
9.158921
9.809448
10.136837
10.02629
10.136837
9.592606
10.136837
9.596858
9.809448
9.375764
9.375764
10.353679
10.030542
10.353679
9.919995
9.809448
10.681068
9.703153
9.703153
9.265217
9.375764
9.592606
9.703153
9.486311
9.596858
9.375764
9.158921
8.725238
9.703153
8.397848
8.94208
9.052627
8.725238
9.052627
9.269468
8.725238
8.074712
9.052627
8.2915535
8.2915535
8.181006
8.508395
8.2915535
8.185258
7.9684157
7.6410265
8.512647
7.9684157
7.6410265
8.185258
8.185258
8.185258
7.6410265
8.295805
8.4021
7.313638
7.857869
7.853617
7.5304804
9.27372
8.2915535
7.5304804
8.618942
8.2915535
9.269468
8.835785
8.397848
8.618942
8.074712
7.747322
8.2915535
8.185258
7.857869
8.185258
7.4241843
7.7515736
7.096796
7.4241843
7.857869
6.769407
7.7515736
6.986249
7.4241843
8.512647
7.207342
7.7515736
6.986249
8.295805
7.6410265
7.6410265
7.6410265
7.207342
7.7515736
8.185258
7.4241843
8.185258
7.207342
8.512647
7.9684157
8.074712
8.729489
7.4241843
8.185258
8.512647
7.6410265
7.6410265
7.096796
7.857869
8.2915535
7.5304804
8.295805
7.207342
7.096796
7.4241843
7.857869
7.207342
7.9684157
7.7515736
7.9684157
6.769407
7.7515736
7.6410265
6.9905005
7.313638
7.317889
7.6452785
7.207342
6.9905005
7.207342
7.4241843
7.096796
7.207342
7.096796
8.078962
6.8799534
7.6410265
7.4241843
7.4241843
7.7515736
7.207342
8.078962
6.3357224
8.185258
8.074712
7.4241843
7.9684157
7.9684157
8.078962
7.6410265
7.4241843
8.185258
7.4241843
7.096796
7.313638
7.9684157
7.6410265
8.4021
7.6410265
7.857869
8.512647
7.313638
7.6410265
7.313638
8.185258
8.185258
7.096796
7.4241843
7.9684157
7.4241843
7.207342
7.096796
7.096796
7.857869
7.4241843
7.9684157
7.5304804
8.4021
6.769407
7.207342
7.5347314
7.6410265
6.986249
7.857869
8.4021
7.096796
8.185258
7.6410265
7.7515736
7.207342
8.078962
6.1188803
7.207342
7.9684157
7.5347314
7.207342
6.9905005
7.317889
6.9905005
6.8799534
6.8799534
7.857869
7.6410265
7.6410265
7.6410265
7.857869
7.4241843
8.185258
7.6410265
8.185258
7.7515736
7.7515736
7.4241843
7.9684157
7.6410265
7.7515736
7.6410265
7.096796
6.5525646
6.339974
6.8799534
7.6410265
6.9905005
6.663111
7.317889
6.4462695
7.207342
6.1188803
7.4284363
6.7736583
6.339974
6.339974
6.8842053
6.7736583
5.902038
6.4462695
6.7736583
6.2294273
5.795743
6.123132
7.4284363
6.7736583
6.339974
5.357807
6.123132
7.1010475
6.8842053
6.8842053
6.556816
6.556816
6.556816
6.556816
6.2294273
6.012585
6.339974
5.902038
5.468354
6.2294273
6.7736583
6.339974
6.663111
7.1010475
7.4284363
6.4462695
6.012585
5.902038
6.339974
6.339974
6.2336793
5.90629
6.339974
6.667363
5.902038
5.578901
6.556816
5.902038
6.2294273
6.556816
6.667363
6.4462695
6.556816
6.667363
6.663111
7.317889
6.1188803
6.556816
7.317889
6.556816
5.902038
6.2294273
6.339974
6.667363
6.556816
5.6851964
7.207342
6.7736583
6.8799534
7.096796
7.4241843
6.5525646
6.663111
7.7515736
7.4241843
6.8799534
7.096796
7.6410265
7.096796
6.2251754
7.5347314
7.9684157
7.207342
6.5525646
7.5304804
7.6410265
7.207342
6.5525646
7.5347314
7.096796
6.114629
7.5347314
7.6410265
6.8799534
7.5347314
6.4462695
6.663111
7.4241843
6.3357224
7.207342
6.3357224
7.317889
7.6410265
6.1188803
7.7515736
7.6452785
7.096796
6.5525646
7.4241843
7.5347314
7.317889
7.096796
7.9684157
7.207342
7.6410265
7.7515736
7.6410265
7.4241843
7.4241843
7.096796
8.729489
7.6410265
7.313638
7.6410265
7.9641643
7.6410265
8.2915535
7.313638
7.857869
8.074712
7.6410265
7.9641643
6.986249
8.508395
8.074712
7.747322
7.9641643
7.636775
8.074712
8.397848
8.074712
8.618942
9.052627
7.636775
7.9641643
8.397848
8.508395
9.158921
8.94208
7.9641643
9.158921
8.397848
8.181006
8.397848
9.052627
9.375764
7.9641643
8.397848
8.508395
7.9641643
8.070459
8.835785
8.725238
9.158921
9.269468
8.181006
9.052627
9.269468
8.835785
8.397848
7.853617
8.2915535
8.94208
9.486311
8.94208
8.720985
9.375764
9.265217
8.504144
10.136837
9.486311
10.464226
8.8315325
8.287301
9.158921
9.8137
9.486311
9.265217
8.287301
9.486311
9.375764
9.375764
8.504144
8.94208
8.8315325
8.614691
8.835785
9.158921
10.136837
8.8315325
9.375764
10.247384
9.052627
9.703153
10.030542
8.287301
9.158921
9.158921
9.265217
9.265217
9.265217
10.02629
8.937827
9.048374
9.375764
9.592606
8.725238
9.596858
9.592606
8.94208
9.048374
8.504144
9.265217
9.919995
8.937827
8.614691
8.725238
8.94208
8.94208
8.614691
9.158921
9.265217
9.265217
9.375764
8.720985
9.158921
8.614691
8.504144
9.052627
8.725238
9.158921
8.397848
8.614691
9.265217
9.486311
8.397848
8.94208
9.486311
7.74307
9.052627
8.94208
7.636775
8.2915535
9.8137
8.397848
8.614691
9.158921
8.614691
8.397848
8.508395
9.052627
8.725238
9.8137
9.158921
8.725238
8.397848
7.853617
8.287301
9.158921
9.375764
8.181006
9.375764
7.9641643
8.614691
8.94208
8.94208
9.482059
8.070459
9.158921
9.048374
9.703153
8.397848
8.725238
9.269468
7.526228
8.614691
9.703153
8.181006
8.725238
8.725238
7.526228
8.835785
8.074712
7.6410265
7.203091
7.9684157
8.4021
7.5304804
8.185258
7.6410265
6.6588597
7.9684157
8.074712
7.5304804
7.6410265
7.313638
6.769407
8.185258
6.8799534
7.6410265
7.4241843
8.185258
7.7515736
7.096796
7.6410265
7.6410265
7.096796
6.663111
7.207342
8.078962
7.5347314
8.185258
6.8799534
6.8799534
8.185258
6.8799534
7.4241843
7.7515736
7.4241843
7.313638
7.4241843
7.4241843
7.4241843
7.5347314
6.5525646
6.9905005
6.9905005
6.667363
7.1010475
6.4462695
6.4462695
7.1010475
6.2294273
6.556816
6.9905005
6.339974
6.339974
5.468354
6.556816
6.556816
6.339974
6.012585
6.556816
5.795743
5.6851964
6.450521
5.795743
6.667363
5.799995
5.689448
5.1452165
5.1452165
5.90629
5.90629
5.3620586
6.016837
5.4726057
5.689448
5.3620586
5.90629
6.339974
5.90629
6.667363
6.123132
5.578901
5.689448
6.450521
6.123132
6.450521
5.4726057
5.251512
5.4726057
6.016837
5.3620586
5.1452165
5.1452165
5.689448
5.583153
5.4726057
4.928375
4.3841434
5.583153
4.928375
5.583153
5.689448
5.1452165
6.450521
5.578901
5.90629
5.689448
5.3620586
5.3620586
4.928375
6.3442264
4.6009855
5.1452165
5.4726057
5.4726057
5.799995
4.6009855
5.583153
4.2778482
5.038922
4.928375
4.4946904
5.4726057
5.4726057
5.799995
4.8178277
6.123132
6.123132
5.3620586
6.450521
5.799995
5.799995
6.561068
5.4726057
5.90629
5.3620586
4.8178277
5.1452165
5.4726057
4.928375
5.4726057
4.3841434
4.0610065
3.6273217
4.171553
3.5167751
4.0610065
5.4768577
4.4946904
4.9326262
4.9326262
4.605237
4.0610065
5.038922
4.605237
3.7336173
4.605237
5.3663106
5.1494684
5.038922
4.8220797
4.3841434
4.2778482
5.583153
4.3841434
5.4768577
5.038922
4.605237
4.171553
5.3663106
4.3883953
4.7115326
5.038922
5.583153
5.3663106
4.605237
4.6009855
4.8220797
4.928375
5.4726057
4.7115326
4.2778482
5.4726057
5.4726057
3.8399122
4.928375
5.1494684
5.038922
4.4946904
5.2557635
3.2956812
4.171553
4.9326262
2.972544
3.9504592
4.4946904
4.9326262
4.171553
3.844164
5.0431733
3.189386
4.171553
4.715784
4.4989424
4.0610065
3.844164
4.3883953
4.171553
2.972544
4.0610065
4.4989424
4.6094894
3.6273217
4.4989424
4.171553
3.299933
4.3883953
3.9504592
4.171553
4.0610065
4.8220797
3.9504592
5.1494684
5.038922
4.0610065
5.038922
5.3663106
4.4946904
4.0610065
4.2778482
3.299933
4.0610065
3.844164
4.928375
4.171553
3.7336173
4.4946904
4.0610065
5.3663106
3.7336173
4.171553
4.0610065
4.171553
3.7336173
4.715784
4.0610065
4.8220797
4.605237
4.3841434
4.2778482
4.2778482
4.4946904
4.167301
5.1494684
4.0610065
3.7336173
3.7336173
4.9326262
5.038922
4.167301
5.3663106
5.1494684
4.4946904
4.4946904
4.171553
4.3883953
3.5167751
5.1494684
3.844164
4.171553
5.038922
5.1494684
4.0610065
5.3663106
4.928375
5.038922
3.9504592
4.8220797
4.2778482
5.689448
4.7115326
5.038922
4.4946904
4.8220797
5.038922
4.605237
5.4726057
5.2557635
4.4946904
5.583153
5.3663106
3.7293656
5.2557635
5.4726057
5.2557635
5.038922
4.7115326
4.8178277
4.7115326
4.4946904
4.7115326
5.3663106
4.7115326
4.2778482
5.1452165
4.6009855
4.4946904
4.4946904
5.1494684
4.3841434
4.2778482
4.6009855
4.8220797
4.167301
4.2778482
4.2778482
5.0346694
5.799995
5.0346694
5.2557635
6.450521
5.795743
4.8178277
6.667363
6.339974
6.8842053
6.012585
6.339974
7.317889
6.4462695
6.556816
6.7736583
6.2294273
6.012585
5.6851964
7.1010475
6.2294273
6.4462695
6.663111
5.902038
6.1188803
6.2294273
6.9905005
6.9905005
6.7736583
6.8842053
6.9905005
6.1188803
6.7736583
6.3357224
7.4241843
7.096796
7.857869
5.791491
7.313638
7.096796
6.4462695
6.1188803
7.317889
6.663111
6.4462695
6.9905005
7.4241843
6.663111
6.663111
6.7736583
6.4462695
6.3357224
6.8799534
7.313638
6.1188803
7.4241843
7.9684157
7.5304804
7.313638
7.5304804
7.4241843
7.4241843
7.096796
7.4241843
7.419933
6.986249
8.2915535
7.9641643
7.096796
8.074712
7.9641643
7.092544
8.512647
8.4021
7.5304804
8.618942
8.508395
8.835785
7.9641643
7.203091
7.747322
7.853617
7.9641643
8.835785
7.853617
7.313638
8.4021
8.074712
7.5304804
8.2915535
8.2915535
7.74307
8.2915535
8.725238
8.397848
7.203091
9.052627
7.203091
7.096796
7.5304804
7.5304804
8.074712
8.074712
8.185258
7.4241843
7.313638
7.6410265
7.9684157
7.6410265
7.857869
7.096796
7.9684157
7.313638
7.313638
7.6410265
7.747322
7.5304804
8.4021
8.074712
7.313638
8.185258
8.4021
6.986249
7.9684157
8.074712
7.9641643
8.074712
7.9684157
8.618942
7.9641643
8.508395
8.070459
8.725238
8.614691
8.2915535
8.835785
8.614691
7.9599123
8.94208
8.94208
9.158921
7.9641643
8.725238
7.853617
8.508395
8.835785
8.508395
7.9641643
8.074712
8.2915535
8.835785
8.2915535
8.181006
7.9641643
9.052627
8.725238
9.375764
8.614691
10.02629
10.570521
9.809448
9.915743
9.592606
9.698901
8.937827
10.02629
9.809448
8.8315325
9.158921
10.136837
8.725238
9.919995
8.614691
9.052627
9.8137
7.526228
9.158921
9.375764
8.94208
7.9641643
8.2915535
8.397848
8.94208
8.94208
8.94208
9.703153
9.482059
9.592606
9.592606
8.8315325
8.94208
8.8315325
8.725238
8.8315325
8.2915535
8.835785
9.158921
8.835785
8.618942
7.9641643
7.9641643
8.835785
7.747322
8.181006
7.9641643
7.5304804
8.4021
7.9641643
7.857869
8.074712
8.729489
7.5304804
7.5304804
8.185258
8.4021
7.6410265
7.857869
7.857869
7.207342
7.5304804
7.313638
6.769407
7.6410265
7.9684157
7.6410265
7.9684157
7.4241843
6.663111
6.8799534
6.8799534
6.8799534
7.207342
6.5525646
6.5525646
7.9684157
6.986249
6.769407
7.4241843
6.5525646
7.207342
6.7736583
6.5525646
6.4462695
7.317889
6.2251754
7.207342
7.4241843
7.207342
6.663111
7.313638
6.769407
6.663111
7.4241843
6.8799534
6.8799534
7.6410265
7.6410265
7.6410265
7.747322
7.6410265
8.2915535
8.185258
7.5304804
8.2915535
8.2915535
7.857869
8.2915535
8.074712
8.074712
8.835785
9.052627
8.2915535
8.725238
8.181006
8.618942
8.4021
9.269468
9.269468
7.9599123
7.74307
8.94208
8.94208
9.048374
9.158921
10.136837
9.158921
9.375764
10.02629
8.720985
9.482059
9.698901
10.132585
10.349427
10.243132
11.221047
11.004206
10.566269
10.243132
10.893659
10.570521
11.221047
11.437889
10.566269
10.676816
11.327342
10.999953
11.654732
11.765279
10.783112
11.437889
11.331594
11.221047
10.455723
11.654732
11.327342
11.327342
10.566269
11.1105
10.783112
11.327342
11.327342
10.893659
11.544185
11.216796
10.999953
11.871573
10.999953
10.6725645
11.544185
11.761026
11.761026
11.1105
10.783112
10.889407
11.654732
11.327342
10.128334
11.221047
12.198963
10.6725645
11.216796
11.327342
12.088415
11.433638
11.323091
11.216796
11.871573
11.977869
12.5220995
11.323091
12.194712
12.305258
12.738942
12.084165
12.084165
12.411553
12.084165
12.084165
13.1726265
12.301006
12.517848
12.734691
12.301006
12.411553
12.5220995
12.194712
12.084165
11.756775
12.301006
12.955785
12.955785
13.278922
12.951532
12.301006
12.194712
12.955785
12.734691
12.734691
12.845238
12.734691
13.062079
13.1726265
12.951532
12.951532
13.495763
13.062079
14.039994
12.296754
12.734691
13.062079
13.278922
14.039994
12.734691
13.385218
13.168375
13.168375
13.495763
13.278922
13.823153
13.495763
12.407301
12.628395
13.278922
13.712605
12.734691
13.278922
12.951532
13.168375
12.840985
12.734691
14.039994
13.1726265
13.278922
13.168375
12.951532
13.385218
12.951532
14.039994
13.389469
12.845238
13.168375
12.734691
12.845238
13.389469
13.1726265
11.867322
11.65048
12.738942
12.084165
12.084165
11.2125435
12.411553
12.411553
11.65048
12.955785
12.411553
11.867322
12.5220995
12.738942
12.301006
11.756775
12.628395
12.411553
12.845238
11.539933
11.433638
12.194712
12.194712
11.761026
12.305258
11.761026
12.194712
11.106249
11.216796
11.433638
11.1105
12.198963
11.871573
9.911491
11.1105
11.327342
10.783112
10.893659
10.893659
10.783112
11.327342
10.893659
10.893659
10.676816
10.566269
10.676816
10.676816
10.243132
10.570521
10.570521
9.915743
9.048374
10.02629
9.482059
9.482059
9.592606
9.703153
8.8315325
9.919995
9.269468
9.375764
8.397848
9.486311
9.158921
8.181006
8.94208
9.269468
8.725238
7.9641643
9.052627
9.052627
8.4021
9.052627
8.4021
8.835785
7.747322
8.618942
8.725238
8.074712
8.725238
8.2915535
8.725238
9.052627
8.725238
8.618942
8.2915535
8.946331
8.074712
7.096796
7.6410265
7.096796
7.9684157
8.185258
7.5304804
7.4241843
6.8799534
7.313638
7.7515736
7.207342
7.5347314
6.8799534
6.9905005
7.5347314
6.3357224
7.317889
6.7736583
6.556816
6.012585
6.7736583
6.9905005
6.1188803
6.9905005
6.663111
6.7736583
8.078962
7.9684157
7.207342
7.5347314
8.295805
6.1188803
6.556816
7.207342
6.2294273
6.339974
6.339974
6.8799534
6.9905005
7.9684157
7.7515736
7.5347314
7.4241843
7.7515736
6.8799534
6.769407
7.9684157
7.6410265
6.769407
7.6410265
8.185258
7.7515736
7.207342
7.4241843
7.6410265
8.406352
6.6588597
7.6410265
8.185258
7.5304804
7.9684157
7.857869
7.4241843
8.185258
7.096796
7.203091
7.747322
7.7515736
7.6410265
7.857869
8.4021
8.4021
6.986249
7.4241843
7.6410265
7.9684157
7.9641643
7.6410265
8.4021
7.9684157
7.5304804
7.5304804
8.185258
7.6410265
8.4021
9.052627
7.5304804
8.074712
7.9684157
8.185258
8.835785
8.618942
8.185258
8.074712
8.4021
7.9641643
7.5304804
7.857869
8.074712
7.9684157
7.747322
7.9684157
7.747322
8.835785
9.163173
8.618942
8.4021
8.074712
7.9684157
7.5304804
7.857869
8.4021
8.2915535
8.4021
8.508395
8.2915535
8.618942
8.835785
7.9641643
7.747322
8.185258
7.857869
8.074712
7.4241843
9.380016
8.2915535
7.096796
8.618942
8.185258
8.074712
8.185258
6.986249
8.074712
7.7515736
8.185258
8.729489
7.9641643
8.4021
8.4021
8.508395
8.835785
7.5304804
8.074712
7.6410265
7.857869
8.729489
7.203091
7.9684157
7.9684157
7.9684157
7.8621206
7.857869
7.9684157
8.512647
7.7515736
7.9684157
7.9684157
8.078962
7.5347314
7.857869
7.7515736
7.6410265
8.295805
7.857869
7.6410265
7.7515736
7.313638
7.7515736
7.9684157
7.5347314
7.9684157
6.4462695
7.5347314
7.207342
6.556816
7.4284363
7.8621206
7.1010475
7.317889
6.339974
6.4462695
6.7736583
7.317889
7.1010475
6.9947524
6.8842053
6.8842053
7.5347314
6.7736583
6.663111
7.317889
6.7736583
7.317889
6.556816
7.317889
7.1010475
6.339974
6.339974
6.667363
8.189509
6.2294273
6.012585
6.9905005
6.2294273
6.7736583
6.8842053
7.2115946
6.339974
6.667363
6.7736583
6.123132
6.9905005
6.7736583
6.556816
7.317889
6.8842053
6.7736583
6.8842053
6.9905005
7.317889
6.339974
7.2115946
6.556816
6.012585
6.123132
7.2115946
6.339974
6.339974
6.339974
5.90629
6.016837
6.450521
6.016837
6.450521
5.578901
6.667363
6.8842053
6.339974
6.450521
5.90629
6.450521
6.556816
5.90629
6.9947524
6.8842053
6.8842053
6.339974
6.450521
6.556816
6.016837
5.0346694
5.583153
5.583153
4.8220797
5.799995
6.2336793
5.2557635
5.2557635
6.016837
5.583153
5.2557635
4.928375
5.3663106
5.038922
5.4726057
5.6937
4.928375
6.450521
5.2557635
5.4726057
6.016837
5.6937
5.4726057
6.561068
5.689448
5.689448
5.4726057
6.2336793
5.689448
5.4726057
5.4726057
6.016837
6.77791
5.4726057
6.77791
5.3620586
6.667363
6.450521
6.2336793
6.123132
6.123132
6.339974
6.2336793
6.012585
6.77791
6.450521
5.251512
5.3620586
6.123132
6.450521
6.016837
5.578901
5.4726057
6.016837
6.450521
6.561068
6.123132
6.450521
5.3620586
4.928375
5.4726057
6.2336793
6.667363
6.339974
6.339974
6.8842053
6.3442264
6.016837
5.90629
5.4726057
6.77791
6.77791
5.578901
5.578901
6.561068
6.339974
5.4726057
5.1452165
6.016837
6.561068
7.1010475
6.77791
7.4284363
6.123132
6.556816
5.795743
6.450521
6.667363
6.123132
6.667363
6.339974
6.77791
7.4284363
6.123132
6.339974
6.8842053
6.450521
6.667363
5.689448
6.123132
6.2336793
6.77791
5.799995
5.90629
6.2336793
6.667363
6.450521
6.667363
5.578901
5.689448
6.2336793
6.561068
5.799995
6.016837
6.77791
6.339974
6.556816
5.4726057
6.123132
6.667363
5.689448
5.90629
5.799995
6.016837
6.3442264
6.2336793
5.799995
5.689448
6.77791
6.123132
5.90629
6.450521
5.689448
6.2336793
5.4726057
6.77791
5.4726057
5.90629
6.667363
5.90629
6.123132
6.123132
5.578901
6.450521
5.90629
6.8842053
6.667363
5.578901
6.339974
6.450521
5.468354
6.556816
6.556816
6.2336793
5.795743
6.016837
6.556816
6.7736583
5.578901
6.012585
6.667363
7.2115946
6.667363
6.556816
6.012585
6.667363
7.1010475
6.2294273
5.90629
7.1010475
6.339974
7.6452785
6.556816
6.012585
7.317889
6.667363
6.2294273
6.556816
7.317889
6.9905005
6.663111
7.207342
7.207342
7.207342
7.4241843
8.078962
7.096796
7.207342
7.6410265
7.317889
7.5347314
6.663111
7.096796
8.078962
7.5347314
7.207342
7.4241843
7.5347314
7.7515736
7.317889
7.207342
7.313638
8.512647
8.295805
6.3357224
7.4241843
8.078962
7.4241843
7.9684157
7.7515736
7.313638
7.207342
7.9684157
7.4241843
7.7515736
7.4241843
7.857869
7.7515736
6.8799534
7.9684157
7.207342
8.078962
7.4241843
7.207342
8.512647
8.623194
7.5347314
7.207342
8.185258
8.185258
8.618942
8.729489
7.313638
7.857869
8.729489
8.618942
8.512647
9.052627
7.747322
8.4021
8.508395
8.2915535
9.269468
8.074712
8.397848
9.052627
8.618942
8.074712
8.074712
8.181006
7.9641643
8.618942
8.725238
8.070459
7.419933
8.946331
9.052627
7.747322
8.835785
8.2915535
9.052627
9.596858
7.9641643
9.596858
8.94208
9.269468
10.247384
9.596858
9.052627
8.835785
9.269468
9.375764
9.158921
8.94208
10.247384
9.809448
8.614691
8.8315325
9.592606
10.247384
10.136837
9.158921
9.375764
10.681068
9.265217
9.592606
10.243132
10.570521
9.375764
9.809448
10.681068
10.353679
9.482059
9.809448
9.809448
10.243132
9.592606
10.136837
10.136837
9.592606
10.464226
9.809448
10.787363
10.136837
11.114753
10.459974
9.809448
10.787363
10.459974
10.132585
9.698901
10.570521
10.243132
10.132585
9.592606
10.570521
10.570521
10.570521
10.136837
9.482059
10.02629
10.787363
10.353679
10.89791
10.349427
9.482059
10.787363
10.570521
10.243132
9.809448
10.243132
11.331594
9.482059
10.243132
10.89791
10.459974
10.787363
10.89791
10.132585
11.004206
10.349427
10.787363
9.915743
9.371511
10.787363
10.676816
9.15467
10.243132
11.004206
9.588354
10.459974
10.353679
10.353679
9.809448
9.592606
10.243132
8.8315325
9.048374
10.353679
9.698901
10.243132
10.02629
10.459974
10.243132
10.243132
10.459974
9.265217
10.243132
10.676816
10.243132
10.459974
10.893659
10.676816
9.588354
10.787363
10.132585
10.459974
10.787363
11.004206
10.459974
10.459974
10.676816
11.9821205
11.327342
11.221047
11.548436
10.893659
10.459974
10.787363
10.893659
10.243132
11.221047
11.221047
11.437889
10.349427
11.221047
10.787363
11.221047
10.459974
10.570521
10.787363
10.893659
10.132585
9.915743
11.114753
11.548436
10.893659
10.459974
10.893659
10.893659
10.787363
10.132585
10.787363
10.787363
9.698901
9.809448
10.570521
10.787363
10.02629
10.570521
10.136837
9.15467
11.008457
10.464226
10.136837
10.353679
10.243132
9.592606
10.243132
11.004206
9.698901
10.787363
10.787363
10.459974
10.02629
10.459974
9.919995
11.114753
10.02629
10.459974
11.548436
11.004206
9.698901
9.703153
9.265217
10.136837
9.592606
10.464226
9.375764
10.464226
10.136837
9.703153
11.331594
10.136837
10.02629
10.243132
10.02629
10.353679
10.02629
9.482059
9.809448
10.132585
10.02629
10.89791
9.371511
10.681068
10.02629
9.375764
9.592606
10.353679
9.703153
9.703153
9.919995
9.592606
9.919995
9.486311
8.8315325
9.703153
9.375764
9.703153
9.8137
9.592606
9.052627
9.596858
9.592606
8.94208
9.703153
9.486311
10.247384
9.703153
9.375764
9.919995
9.375764
10.247384
9.269468
8.725238
9.596858
9.052627
8.94208
9.703153
9.592606
9.486311
9.375764
8.725238
9.596858
9.486311
9.703153
9.486311
9.486311
9.269468
9.486311
9.158921
8.94208
9.048374
8.508395
9.919995
8.94208
9.052627
8.835785
8.618942
8.835785
8.074712
8.074712
7.9684157
8.4021
6.8799534
7.9684157
7.4241843
7.4241843
7.9684157
6.9905005
7.7515736
7.7515736
7.5347314
7.5347314
7.4241843
8.185258
8.295805
7.096796
8.295805
7.6410265
7.7515736
7.4241843
7.7515736
7.7515736
7.5347314
7.5347314
7.1010475
7.8621206
7.5347314
6.7736583
7.7515736
6.9905005
6.9905005
6.339974
6.2294273
6.667363
6.123132
6.123132
6.450521
6.450521
6.450521
6.123132
6.123132
5.4726057
5.9105415
5.799995
5.3663106
4.715784
4.605237
5.4768577
4.928375
4.715784
4.7115326
4.8220797
5.6937
5.6937
4.4989424
4.715784
5.2600155
4.3883953
4.826331
4.2821
4.065258
3.5210268
4.3926473
4.1758046
4.1758046
3.5210268
4.1758046
2.9810476
2.4368165
2.4368165
2.7642052
3.4189837
3.0915945
2.003132
2.330521
1.5694479
1.5694479
1.6799948
2.0073838
1.5694479
1.5736997
0.9189216
1.7905419
1.0294685
0.9231734
0.05155315
0.8126264
-0.16528895
0.70633125
0.26839525
0.8126264
1.4674045
0.05155315
-0.054742
-0.16528895
0.70633125
-0.38213107
-0.16528895
-0.054742
-0.59897316
-0.59897316
0.27264705
-0.5947214
-0.8115635
-1.0326574
-1.3557947
-1.1389525
-1.6831837
-1.5726367
-2.4400053
-2.33371
-2.9842362
-1.678932
-1.568385
-2.767394
-3.0947833
-2.112616
-2.006321
-2.9842362
-2.5505521
-1.678932
-2.223163
-2.6568472
-2.6568472
-2.0020692
-2.5505521
-2.6568472
-2.8736894
-2.006321
-2.6568472
-3.0905313
-3.5242157
-2.3294582
-2.4357533
-3.0905313
-2.8736894
-3.6347628
-3.5242157
-3.851605
-2.2189112
-3.3073738
-2.9799845
-2.3294582
-1.7852271
-1.5726367
-1.895774
-2.8736894
-1.7894788
-2.6568472
-2.767394
-2.6568472
-2.3294582
-3.3073738
-3.5242157
-3.3073738
-3.3073738
-2.9799845
-3.9578998
-3.9578998
-4.612678
-4.1747417
-5.0421104
-4.2810373
-4.1747417
-4.2810373
-5.1526575
-4.2810373
-4.2810373
-3.519964
-4.391584
-3.303122
-4.718973
-4.502131
-3.6305108
-4.608426
-3.8473527
-3.4136686
-4.1747417
-4.285289
-3.4136686
-3.9578998
-4.608426
-5.2632046
-5.0421104
-4.3873324
-5.5863414
-5.369499
-4.8252683
-4.608426
-5.2632046
-5.0421104
-5.1526575
-4.9358153
-4.4978795
-4.391584
-3.303122
-3.8473527
-4.391584
-3.9578998
-4.1747417
-3.7410579
-3.9578998
-4.068447
-3.5242157
-3.9578998
-3.851605
-4.068447
-3.7410579
-3.9578998
-3.7410579
-3.9578998
-3.1968267
-3.3073738
-3.3073738
-3.1968267
-3.5242157
-3.9578998
-3.851605
-3.6347628
-3.6347628
-2.8736894
-3.3073738
-2.6568472
-2.8736894
-2.006321
-3.2010784
-2.4400053
-2.223163
-2.8779414
-2.223163
-2.9842362
-2.223163
-1.678932
-1.7894788
-2.223163
-1.9000257
-1.4663416
-1.2494994
-1.2452477
-1.9000257
-0.9221104
-0.7052683
-0.5947214
-0.7052683
-1.3600464
-0.054742
0.37894222
-1.0326574
-0.27158412
-0.16528895
0.1621001
0.1621001
-0.054742
0.26839525
0.26839525
1.1400155
0.26839525
0.3746904
1.3526058
1.1357636
1.5694479
0.1578483
1.4631528
1.6799948
1.0252168
1.5694479
1.896837
2.5473633
1.4589009
1.6757431
1.6757431
2.4368165
2.9810476
2.3262694
2.4368165
2.5431116
2.4368165
2.8705006
3.0873425
3.5210268
3.5210268
3.0873425
3.848416
4.3926473
4.2821
4.065258
3.4104798
3.844164
4.3883953
4.2821
3.954711
4.171553
4.605237
5.1494684
5.038922
5.1494684
5.3663106
5.1452165
4.0610065
5.689448
5.2600155
5.3663106
5.4726057
6.016837
7.2115946
6.123132
5.578901
6.450521
6.556816
7.1010475
6.7736583
6.8842053
7.317889
7.6452785
6.1188803
6.9905005
7.207342
7.317889
7.6410265
7.317889
6.663111
6.9905005
7.7515736
7.5347314
7.207342
7.7515736
7.4241843
6.8799534
7.4241843
7.7515736
7.5304804
7.313638
7.207342
8.946331
6.8799534
8.074712
7.6410265
8.946331
8.618942
8.4021
8.508395
8.835785
9.052627
8.725238
8.835785
9.486311
9.269468
9.158921
9.048374
9.919995
8.8315325
9.703153
9.158921
8.725238
9.592606
9.486311
9.048374
8.94208
9.596858
9.375764
9.375764
10.030542
10.247384
9.269468
8.725238
8.94208
10.030542
9.592606
9.269468
10.247384
9.158921
8.94208
10.030542
8.508395
9.269468
8.725238
9.703153
8.94208
9.052627
9.375764
8.2915535
7.9641643
8.181006
8.835785
9.269468
9.269468
8.508395
7.857869
7.9684157
7.6410265
7.857869
7.9684157
7.4241843
7.5304804
7.207342
8.185258
7.096796
7.857869
7.207342
6.5525646
7.4241843
6.6588597
7.207342
7.9684157
7.6410265
8.074712
6.769407
7.207342
8.618942
7.9684157
6.6588597
7.203091
7.4241843
7.6410265
6.5525646
7.207342
7.207342
6.1188803
7.317889
6.2294273
6.2294273
6.339974
6.556816
6.012585
6.123132
6.339974
6.450521
5.578901
5.795743
5.795743
6.012585
6.123132
6.8842053
6.339974
5.357807
5.251512
5.4726057
6.450521
5.3620586
5.578901
5.3620586
5.3620586
4.4946904
4.928375
4.605237
4.7115326
4.4946904
4.2778482
4.0610065
4.171553
3.4104798
4.2778482
3.844164
3.954711
3.9504592
3.6273217
5.1494684
3.0830908
4.3883953
4.2778482
4.3883953
4.715784
2.972544
3.4104798
3.954711
2.8662488
3.737869
2.6494067
2.7599535
3.1978896
3.3041847
2.5431116
3.5252786
1.7820382
2.1094272
2.5431116
2.8705006
3.1978896
1.12726
2.4368165
2.8705006
2.8705006
2.9810476
1.7820382
1.565196
2.5473633
1.1315118
2.1136792
1.1315118
1.0252168
1.4589009
1.7862899
1.2420589
1.4589009
2.4410682
1.0252168
1.5694479
1.4589009
1.0252168
0.69782764
1.3526058
0.48098555
0.8083746
1.7862899
0.48098555
1.4589009
1.4589009
1.2420589
1.0252168
0.04730134
1.1357636
0.9189216
1.2463106
-0.16954076
0.26414344
0.48098555
0.7020795
0.7020795
0.48098555
0.48098555
0.8083746
0.26414344
-0.06324561
1.1357636
0.9189216
-0.38638288
0.26839525
0.7020795
-0.16954076
1.1357636
0.5957843
0.9189216
0.26414344
-0.603225
0.8126264
0.26839525
0.9189216
0.9189216
0.48098555
1.6799948
0.59153247
1.7862899
1.5694479
1.1315118
1.6757431
2.003132
2.1094272
1.4589009
1.7862899
1.020965
2.2199743
2.003132
1.2420589
2.9810476
0.58728075
1.8925852
2.4368165
1.4589009
0.91466975
2.1136792
1.5694479
0.48098555
1.0252168
2.330521
2.7642052
2.2157223
2.6536584
3.0873425
2.4325645
1.6714911
3.0873425
2.2157223
2.8705006
2.2157223
3.3041847
3.737869
2.3220174
3.5210268
3.5210268
2.9767957
3.0873425
2.5431116
2.8705006
3.0873425
1.6714911
3.0873425
2.5431116
2.8662488
3.3041847
3.737869
2.9767957
3.3041847
3.737869
2.9767957
2.9767957
4.3883953
3.0830908
4.0610065
4.2778482
5.1494684
4.171553
4.167301
5.1494684
3.9504592
5.038922
4.605237
3.9504592
3.406228
4.0610065
4.8220797
3.9504592
5.3663106
5.1494684
4.167301
4.2778482
5.1494684
4.4946904
4.4946904
4.8220797
3.5125234
4.928375
5.1452165
4.8178277
5.251512
4.490439
5.799995
6.016837
4.490439
5.90629
6.016837
5.90629
5.90629
5.689448
5.6851964
5.90629
5.0346694
5.6851964
5.90629
4.924123
5.578901
6.123132
6.4462695
6.9905005
6.7736583
6.1188803
6.4462695
6.2294273
6.9905005
7.207342
6.1188803
7.313638
6.769407
7.096796
8.185258
6.8799534
6.5525646
7.9684157
6.769407
7.207342
7.7515736
7.313638
6.8799534
7.313638
7.4241843
6.5525646
7.096796
8.2915535
7.313638
7.6410265
8.185258
7.5304804
7.096796
7.096796
7.313638
7.7515736
7.4241843
7.5347314
7.9684157
6.8799534
5.5703974
7.096796
7.857869
6.4420176
7.4241843
7.9684157
6.986249
7.6410265
7.9684157
7.747322
8.4021
7.857869
8.512647
7.6410265
6.2251754
8.185258
8.397848
6.6588597
8.074712
7.9641643
6.3314705
7.857869
7.747322
7.5304804
7.313638
6.6588597
6.4420176
7.313638
7.5304804
6.6588597
7.9684157
8.2915535
6.4420176
7.6410265
7.7515736
7.313638
7.313638
7.313638
7.6410265
7.313638
7.313638
7.313638
7.309386
6.986249
8.185258
7.419933
7.747322
7.313638
7.5304804
7.096796
7.096796
7.5304804
8.074712
7.9641643
6.769407
7.5304804
8.397848
7.747322
8.508395
8.074712
6.986249
8.4021
6.875702
7.747322
7.6410265
7.636775
6.986249
7.9641643
7.309386
6.4420176
7.5304804
6.875702
7.747322
8.074712
7.5304804
7.747322
7.747322
7.419933
7.9641643
6.875702
7.203091
7.096796
6.986249
6.986249
7.096796
7.6410265
6.769407
7.857869
7.203091
6.3314705
7.4241843
7.313638
7.313638
7.207342
6.5525646
6.008333
7.4241843
6.2251754
6.3357224
7.4241843
6.4420176
7.6410265
6.769407
6.3357224
7.6410265
7.313638
5.8977866
7.313638
7.747322
6.6588597
7.313638
6.5525646
7.313638
6.8799534
5.8977866
6.769407
6.769407
6.5525646
7.419933
7.096796
6.986249
6.986249
6.4420176
7.096796
7.203091
7.203091
6.986249
7.096796
7.092544
7.313638
7.747322
7.636775
8.074712
6.6588597
8.074712
6.769407
7.313638
7.6410265
7.747322
6.4420176
7.096796
6.4420176
6.769407
7.857869
6.769407
6.4420176
7.6410265
7.6410265
6.769407
7.313638
7.4241843
6.5525646
7.313638
7.203091
7.5304804
6.4420176
6.5525646
7.4241843
6.6588597
6.875702
7.7515736
8.181006
7.203091
8.2915535
8.181006
7.9641643
8.2915535
7.636775
7.853617
7.313638
8.074712
6.875702
7.6410265
6.769407
6.5525646
7.096796
7.313638
7.7515736
6.6588597
7.313638
7.096796
6.769407
7.4241843
7.5347314
6.986249
7.313638
7.313638
6.4420176
6.6588597
8.185258
7.313638
6.986249
8.185258
7.857869
7.203091
7.5304804
7.857869
6.114629
7.5304804
6.986249
7.6410265
6.986249
6.986249
7.5304804
6.4420176
6.5525646
7.857869
7.313638
7.096796
7.207342
7.203091
7.5304804
7.207342
7.203091
7.7515736
7.4241843
7.203091
7.9684157
8.185258
6.875702
7.6410265
7.096796
6.986249
7.313638
7.096796
6.5525646
6.3357224
7.6410265
6.4420176
6.3357224
7.313638
7.096796
6.8799534
6.008333
7.096796
7.096796
7.4241843
7.096796
6.4462695
7.096796
6.4420176
6.769407
7.5304804
6.4420176
7.096796
7.317889
7.096796
7.313638
7.4241843
6.9905005
7.6410265
5.8977866
7.6410265
7.096796
7.096796
6.769407
6.5525646
7.096796
7.4241843
7.9684157
7.7515736
8.074712
6.769407
6.4420176
7.313638
7.313638
7.747322
7.747322
8.185258
7.203091
6.769407
7.4241843
7.4241843
7.096796
7.096796
6.2251754
7.5304804
6.6588597
7.313638
6.769407
6.986249
7.4241843
6.2251754
6.8799534
7.096796
8.185258
7.5304804
7.6410265
6.986249
6.6588597
7.313638
7.313638
7.7515736
6.2251754
7.9684157
6.986249
6.986249
7.4241843
7.096796
6.5525646
7.6410265
7.096796
7.096796
7.096796
7.6410265
6.3357224
6.769407
7.313638
6.4420176
6.663111
6.3314705
7.096796
7.6410265
7.207342
6.986249
7.313638
7.6410265
7.207342
7.207342
7.5304804
7.6410265
7.4241843
7.857869
7.5304804
7.5304804
7.313638
6.769407
7.9684157
6.986249
7.4241843
7.096796
7.203091
7.5304804
6.663111
7.207342
7.4241843
7.4241843
7.6410265
7.096796
7.313638
6.769407
6.769407
7.207342
7.7515736
7.096796
6.663111
7.313638
6.9905005
6.9905005
6.8799534
7.7515736
7.313638
6.8799534
7.6410265
7.313638
6.3357224
7.096796
6.663111
7.313638
7.313638
7.6410265
7.4241843
7.207342
7.096796
7.207342
7.7515736
7.857869
6.8799534
7.096796
7.317889
6.663111
6.7736583
7.207342
6.8799534
6.663111
6.2294273
7.317889
7.7515736
6.1188803
7.7515736
8.078962
6.2294273
6.9905005
7.207342
5.791491
7.4241843
6.769407
6.3357224
7.096796
7.8621206
6.008333
6.2294273
6.7736583
6.8799534
7.8621206
6.3357224
6.7736583
7.1010475
6.4462695
7.207342
6.5525646
7.4241843
7.5347314
6.1188803
7.317889
7.1010475
7.5347314
6.8799534
6.663111
7.9684157
6.663111
7.4241843
6.986249
7.4241843
6.9905005
7.5304804
6.8799534
6.9905005
6.9905005
6.2294273
6.8799534
7.096796
7.207342
7.096796
7.9684157
6.663111
6.3357224
7.207342
6.1188803
7.1010475
7.096796
7.4241843
6.8799534
6.8799534
6.5525646
7.317889
6.8799534
7.1010475
6.5525646
6.9905005
7.4241843
6.8799534
6.1188803
7.4241843
6.9905005
6.663111
6.8799534
6.7736583
6.9905005
7.8621206
7.207342
6.663111
7.9684157
6.4420176
6.8799534
7.5347314
7.207342
6.2294273
7.6410265
7.7515736
7.096796
7.313638
7.313638
7.4241843
7.5347314
7.096796
7.207342
7.4241843
7.4241843
6.7736583
7.4241843
6.9905005
6.008333
7.6410265
7.5347314
6.4420176
7.207342
6.8799534
6.663111
6.9905005
7.207342
7.5347314
7.207342
6.7736583
7.7515736
7.207342
6.9905005
8.295805
7.317889
6.2251754
7.317889
7.1010475
6.9905005
6.012585
6.3357224
7.207342
7.4241843
7.207342
7.096796
7.7515736
7.207342
6.8799534
6.556816
7.317889
6.5525646
6.3357224
6.5525646
7.5347314
6.5525646
6.9905005
7.207342
7.4241843
7.5347314
6.8799534
7.207342
7.207342
6.769407
8.078962
7.313638
6.663111
8.185258
7.5347314
6.5525646
7.6410265
7.313638
6.663111
7.7515736
6.769407
7.096796
7.6410265
7.5347314
7.096796
7.9684157
7.4241843
7.4241843
7.9684157
7.6410265
6.663111
6.663111
6.8799534
7.5347314
7.207342
6.5525646
6.9905005
6.3357224
7.313638
7.313638
7.6410265
8.078962
7.5347314
7.6410265
7.207342
7.9684157
6.6588597
7.4241843
7.4241843
7.096796
7.7515736
6.8799534
7.207342
7.313638
7.9684157
7.207342
7.4241843
8.295805
7.4241843
8.295805
6.769407
7.6410265
7.5347314
6.3357224
7.207342
6.8799534
6.8799534
6.663111
7.7515736
6.5525646
6.1188803
6.4462695
7.317889
6.556816
6.9905005
6.3357224
6.2294273
7.207342
5.902038
6.339974
6.2294273
6.339974
5.795743
6.450521
6.556816
6.012585
6.667363
6.556816
6.2294273
6.123132
6.339974
5.578901
6.2294273
6.9947524
6.667363
6.123132
5.468354
6.450521
6.8842053
6.012585
6.339974
6.4462695
5.795743
6.556816
6.7736583
5.468354
6.667363
6.7736583
5.6851964
5.578901
5.140965
6.123132
7.2115946
6.339974
4.490439
5.578901
5.1452165
5.3620586
6.2336793
6.339974
6.012585
5.90629
5.140965
5.1452165
5.689448
6.123132
4.8178277
5.90629
5.578901
4.8178277
6.2294273
4.379892
5.251512
5.468354
5.3620586
4.928375
5.038922
4.4946904
4.0610065
4.8220797
5.038922
3.9504592
5.1494684
4.6009855
5.3663106
4.4946904
4.6009855
4.8178277
4.2735963
4.928375
6.016837
5.0346694
5.1452165
5.6851964
5.795743
5.030418
5.3620586
6.123132
5.6851964
5.578901
5.795743
4.490439
5.795743
5.795743
4.2735963
5.2557635
5.90629
5.2557635
5.799995
5.689448
4.7115326
5.4726057
4.928375
3.2956812
5.583153
5.2557635
5.0346694
5.0346694
5.0346694
4.3841434
5.1452165
5.90629
5.0346694
5.799995
5.799995
4.6009855
5.2557635
4.928375
5.3620586
4.490439
4.8178277
6.2336793
4.8178277
5.4726057
5.1452165
4.3841434
5.038922
4.056754
4.167301
4.7115326
5.1452165
5.799995
5.689448
6.016837
4.8220797
4.8220797
4.8178277
4.7115326
4.490439
4.7115326
4.7115326
4.490439
5.3620586
5.0346694
6.2336793
4.8178277
3.8399122
4.167301
4.7115326
3.9504592
4.2735963
5.1452165
4.928375
5.799995
5.2557635
4.6009855
5.038922
5.689448
4.0610065
4.9326262
4.8220797
4.2778482
4.3841434
4.7115326
5.583153
4.167301
4.8220797
3.9504592
3.62307
5.038922
5.038922
3.406228
4.2778482
4.4946904
4.2778482
4.605237
4.9326262
5.2557635
4.928375
4.4946904
5.1452165
5.0346694
5.038922
4.7115326
4.4946904
5.4726057
4.6009855
5.4726057
5.2557635
5.795743
4.928375
5.468354
5.689448
5.468354
5.3620586
5.578901
5.90629
5.3620586
6.123132
6.012585
6.667363
5.795743
7.1010475
7.317889
6.2294273
6.7736583
5.902038
6.123132
6.4462695
6.012585
6.4462695
5.795743
6.2294273
5.902038
5.795743
6.7736583
5.795743
6.1188803
6.3357224
7.6452785
6.7736583
6.4462695
7.7515736
6.2294273
5.6851964
7.317889
6.1188803
6.663111
7.4241843
6.8799534
6.3357224
6.8799534
6.3357224
6.7736583
6.663111
7.4241843
7.096796
6.769407
7.4241843
5.8977866
6.5525646
6.008333
6.8799534
7.096796
7.4241843
6.9905005
6.769407
7.096796
6.2251754
6.986249
7.313638
6.875702
7.203091
7.6410265
6.5525646
7.4241843
7.096796
8.185258
7.203091
7.6410265
7.096796
6.5525646
8.074712
7.857869
6.986249
7.6410265
7.5304804
6.769407
7.857869
7.747322
6.2251754
7.9684157
7.747322
7.419933
8.835785
7.853617
7.853617
8.2915535
8.287301
8.2915535
8.94208
9.592606
8.504144
9.15467
8.287301
8.8315325
8.937827
8.397848
8.8315325
8.287301
8.725238
9.048374
9.158921
9.158921
9.048374
8.937827
9.265217
8.937827
9.375764
9.158921
8.504144
8.070459
9.158921
10.02629
9.371511
10.570521
9.044123
9.371511
10.132585
9.915743
10.459974
9.911491
9.477807
10.136837
10.132585
10.132585
10.132585
10.132585
8.933577
11.004206
10.566269
9.69465
10.676816
10.893659
9.477807
10.0220375
10.349427
10.999953
10.566269
10.23888
9.911491
10.23888
11.327342
10.676816
12.088415
10.345176
11.1105
10.455723
10.455723
10.345176
10.455723
11.433638
11.2125435
11.433638
12.194712
11.323091
11.973618
11.539933
11.539933
12.084165
11.539933
12.411553
12.301006
12.407301
11.973618
12.734691
13.385218
12.951532
12.517848
13.278922
13.385218
13.168375
13.389469
12.730438
13.057828
13.278922
14.14629
14.579974
13.818902
14.473679
13.818902
14.035743
13.929449
15.451593
14.690521
14.035743
14.14629
14.584226
14.579974
14.579974
14.473679
14.796817
15.341048
13.818902
14.690521
14.473679
13.929449
14.039994
14.035743
14.14629
13.818902
14.14629
14.14629
13.602058
13.168375
14.363132
13.274671
14.690521
13.929449
14.039994
13.823153
13.495763
14.363132
14.256837
14.473679
14.363132
13.168375
13.929449
13.712605
14.579974
14.14629
15.124206
14.473679
13.929449
15.124206
13.818902
14.363132
14.579974
13.164123
14.473679
14.690521
14.252585
13.929449
14.907364
13.818902
13.929449
14.363132
14.469427
14.903111
14.796817
15.230501
14.575723
15.013659
14.469427
14.68627
15.013659
15.230501
14.469427
15.124206
15.774733
15.119954
15.557889
15.124206
15.230501
14.796817
14.469427
14.796817
14.579974
15.230501
14.796817
15.230501
15.557889
15.557889
15.013659
15.013659
15.124206
14.796817
15.01791
14.907364
14.252585
15.013659
14.035743
14.907364
14.469427
14.035743
15.451593
15.124206
14.252585
14.473679
14.039994
14.363132
13.602058
14.579974
13.818902
14.584226
14.363132
14.907364
14.907364
14.907364
15.013659
15.230501
14.363132
14.363132
14.579974
15.557889
15.013659
15.341048
14.903111
14.363132
14.907364
14.579974
14.903111
14.796817
14.796817
15.230501
14.035743
13.602058
14.035743
14.796817
15.013659
14.363132
14.473679
14.690521
13.818902
14.579974
14.363132
14.363132
14.256837
14.363132
14.469427
14.363132
14.579974
15.234753
14.796817
14.363132
13.818902
15.234753
13.491511
13.818902
14.035743
14.256837
14.473679
14.796817
14.690521
14.039994
14.039994
13.168375
13.495763
13.602058
13.057828
13.929449
14.473679
13.057828
14.907364
13.712605
15.01791
14.14629
13.495763
14.584226
13.385218
14.252585
14.256837
15.124206
14.363132
13.602058
13.929449
13.491511
14.256837
13.929449
14.035743
13.823153
13.278922
13.929449
13.929449
13.712605
13.712605
13.929449
14.039994
13.602058
13.712605
14.039994
13.929449
13.823153
13.057828
13.385218
14.039994
15.01791
14.14629
14.473679
13.602058
13.818902
13.602058
14.363132
14.039994
13.278922
13.057828
13.389469
13.712605
13.495763
13.929449
13.062079
14.150541
12.628395
12.628395
12.955785
12.084165
12.411553
12.088415
12.194712
11.65048
12.088415
12.301006
11.977869
11.867322
13.062079
11.539933
12.738942
11.756775
12.194712
12.190459
12.5220995
13.389469
11.323091
12.194712
11.539933
11.867322
12.5220995
11.323091
11.323091
11.761026
12.5220995
11.65048
11.216796
11.544185
10.999953
11.544185
10.995702
12.305258
12.084165
11.761026
11.65048
11.65048
11.539933
12.628395
12.301006
12.301006
12.517848
13.389469
13.278922
13.278922
13.062079
13.389469
12.517848
12.517848
11.867322
12.628395
12.084165
11.756775
12.517848
12.190459
11.867322
12.628395
12.190459
11.429386
11.867322
12.628395
11.323091
12.411553
12.628395
12.411553
12.738942
12.301006
11.8630705
12.738942
12.084165
11.973618
12.088415
11.867322
11.433638
11.977869
12.628395
11.973618
12.194712
12.628395
12.079912
12.845238
13.1726265
12.517848
12.411553
12.955785
12.084165
12.194712
12.517848
11.977869
11.977869
11.323091
10.77886
11.544185
10.999953
10.345176
10.783112
11.216796
10.6725645
11.433638
11.437889
10.128334
11.327342
11.327342
11.437889
10.23888
10.6725645
11.1105
10.23888
10.455723
11.216796
10.128334
10.783112
10.783112
10.128334
10.783112
10.783112
11.654732
11.327342
10.999953
10.349427
10.349427
10.23888
10.566269
10.783112
11.221047
9.911491
11.437889
11.437889
10.783112
11.327342
11.654732
11.1105
10.455723
10.893659
10.128334
10.783112
10.893659
11.437889
11.221047
10.566269
10.23888
10.783112
10.566269
10.566269
10.349427
11.1105
10.243132
11.327342
9.805196
10.132585
10.0220375
11.004206
10.676816
11.004206
10.0220375
10.455723
9.805196
9.69465
10.566269
10.23888
10.783112
11.221047
11.1105
9.698901
11.548436
9.69465
10.676816
10.243132
10.02629
9.482059
9.482059
9.809448
9.698901
10.353679
9.915743
9.915743
10.132585
9.15467
10.243132
10.0220375
10.459974
10.787363
10.676816
9.588354
10.128334
10.676816
10.893659
9.69465
10.243132
10.676816
9.698901
10.243132
10.459974
9.588354
9.371511
10.132585
8.937827
9.809448
9.809448
9.265217
9.265217
9.048374
9.158921
9.048374
9.269468
9.265217
9.048374
9.703153
9.265217
9.375764
9.486311
8.8315325
9.592606
9.375764
8.614691
9.375764
8.504144
8.070459
8.8315325
9.703153
9.592606
9.158921
9.592606
9.158921
9.158921
8.937827
7.9641643
7.9599123
9.486311
9.265217
8.8315325
8.8315325
8.720985
8.94208
9.158921
7.526228
8.508395
9.375764
8.181006
8.397848
7.853617
8.070459
8.508395
8.397848
9.158921
8.4021
8.2915535
7.853617
7.747322
8.614691
8.397848
8.397848
7.526228
8.614691
8.181006
7.309386
7.857869
7.747322
7.309386
8.2915535
8.618942
7.636775
7.857869
8.4021
7.9641643
7.5304804
7.6410265
7.203091
6.4420176
7.203091
7.5304804
6.769407
7.096796
7.4241843
7.313638
7.6410265
7.5304804
8.4021
8.074712
7.5304804
7.4241843
7.096796
7.096796
7.6410265
7.5304804
7.096796
7.857869
8.2915535
7.857869
7.313638
8.2915535
6.769407
6.986249
7.207342
6.4420176
7.6410265
7.096796
7.313638
7.4241843
7.207342
6.8799534
7.313638
6.3357224
6.008333
6.9905005
6.8799534
6.2294273
7.5347314
7.7515736
7.4241843
7.5304804
7.096796
7.7515736
7.5304804
7.7515736
7.4241843
7.6410265
7.7515736
7.096796
7.313638
7.6410265
8.074712
7.6410265
7.5304804
7.6410265
7.9684157
7.317889
6.769407
8.078962
7.096796
7.313638
7.5347314
8.2915535
7.857869
7.4241843
6.769407
7.096796
7.4241843
7.096796
6.769407
7.7515736
7.096796
7.6410265
7.313638
7.857869
7.6410265
7.9684157
7.857869
7.6410265
7.6410265
6.986249
8.4021
7.5304804
7.4241843
7.857869
7.7515736
8.185258
7.5304804
7.313638
7.7515736
7.6410265
7.857869
7.096796
7.747322
8.185258
8.078962
7.313638
8.078962
7.4241843
7.6410265
7.6410265
7.4241843
7.207342
7.6410265
7.6410265
7.7515736
7.6410265
8.185258
7.7515736
7.7515736
7.6410265
7.6410265
7.313638
8.946331
7.313638
7.857869
7.7515736
7.6410265
7.313638
7.6410265
8.4021
8.946331
7.096796
8.295805
7.313638
7.313638
7.5304804
8.4021
8.2915535
8.185258
7.857869
8.729489
7.636775
6.875702
7.9684157
7.857869
7.203091
8.835785
7.5304804
8.835785
8.835785
7.313638
8.618942
7.747322
7.5304804
8.4021
8.2915535
8.181006
8.618942
8.181006
8.835785
8.614691
8.725238
9.052627
8.176754
7.747322
8.94208
8.614691
7.636775
8.835785
9.052627
8.070459
9.269468
9.158921
9.703153
8.397848
8.397848
9.163173
9.052627
8.397848
9.158921
9.703153
9.158921
9.158921
9.919995
9.592606
8.504144
8.8315325
9.158921
9.158921
9.703153
9.375764
9.486311
10.681068
10.02629
9.482059
9.486311
9.809448
10.353679
8.614691
9.919995
9.375764
8.504144
9.486311
9.919995
8.614691
9.375764
10.353679
9.265217
9.592606
9.703153
9.592606
9.919995
10.136837
9.265217
10.02629
8.8315325
10.787363
10.459974
10.136837
11.331594
11.548436
9.592606
10.243132
10.353679
10.02629
10.787363
10.02629
9.809448
10.676816
9.698901
10.132585
10.243132
9.703153
9.592606
9.809448
9.048374
9.592606
9.592606
9.265217
9.592606
10.02629
10.02629
9.158921
9.919995
9.482059
9.919995
9.919995
9.809448
9.698901
10.02629
9.265217
10.02629
10.353679
10.02629
9.375764
10.136837
10.464226
9.919995
9.048374
9.375764
10.247384
8.94208
8.94208
9.158921
9.158921
9.8137
9.375764
9.265217
8.94208
8.94208
10.247384
9.592606
10.136837
10.243132
10.353679
9.809448
9.592606
9.809448
10.353679
9.809448
10.136837
8.937827
9.592606
9.158921
10.243132
10.136837
9.265217
9.919995
8.8315325
9.592606
9.158921
9.052627
9.919995
8.397848
8.725238
8.508395
8.2915535
9.703153
10.030542
8.94208
8.508395
8.835785
10.030542
8.8315325
9.486311
9.158921
8.8315325
8.070459
9.486311
9.375764
8.614691
9.048374
9.158921
9.8137
8.614691
7.853617
9.163173
9.158921
8.94208
8.94208
8.397848
9.269468
8.94208
9.269468
8.725238
8.725238
8.614691
8.508395
8.725238
8.94208
9.375764
8.181006
9.703153
10.030542
8.181006
8.725238
9.158921
8.508395
8.94208
9.703153
9.375764
8.614691
8.94208
9.269468
9.269468
8.508395
8.508395
9.375764
8.8315325
8.725238
8.94208
9.158921
8.8315325
8.2915535
8.725238
8.508395
7.419933
7.747322
7.9641643
8.508395
7.853617
8.074712
9.924246
8.397848
8.4021
8.725238
9.380016
8.181006
8.2915535
7.9641643
8.94208
8.508395
8.835785
9.269468
8.4021
8.2915535
8.2915535
7.419933
7.203091
7.747322
7.4241843
7.096796
7.6410265
7.4241843
7.4241843
8.512647
7.7515736
7.7515736
7.4241843
7.207342
7.4241843
7.4241843
7.4241843
6.9905005
7.9684157
7.5347314
6.8799534
7.9684157
7.207342
7.207342
7.7515736
7.9684157
6.9905005
7.4241843
6.9905005
7.096796
7.096796
6.9905005
7.6410265
8.295805
6.663111
7.4241843
7.7515736
6.5525646
8.078962
8.295805
6.8799534
7.4241843
7.7515736
7.6410265
7.4241843
7.9684157
8.406352
7.317889
6.8799534
7.317889
6.7736583
6.8799534
7.207342
6.7736583
6.9905005
6.663111
7.317889
7.317889
6.556816
6.663111
6.012585
7.1010475
6.4462695
6.7736583
7.5347314
7.4241843
6.339974
7.2115946
6.9947524
6.339974
6.8842053
6.556816
6.77791
6.7736583
6.450521
5.795743
6.123132
6.561068
7.2115946
5.4726057
6.1273837
6.9947524
5.038922
6.339974
6.561068
6.2336793
6.9947524
5.799995
6.2336793
6.123132
6.77791
5.799995
5.2557635
5.689448
5.3663106
5.799995
6.016837
5.3620586
6.1273837
5.1494684
4.605237
5.1494684
5.3663106
5.4726057
4.8220797
5.1494684
4.8220797
4.826331
5.3663106
4.715784
5.1494684
4.605237
5.1494684
5.1494684
4.9326262
4.605237
4.171553
4.3883953
4.2778482
4.2821
4.715784
3.954711
4.6094894
3.4104798
3.954711
4.2821
4.2821
4.171553
4.065258
5.4768577
4.171553
4.4989424
4.3883953
4.2821
4.2821
4.9326262
3.954711
4.0610065
4.4989424
4.171553
4.4989424
4.171553
4.715784
4.2821
4.3926473
3.4104798
3.848416
4.2821
3.5210268
4.2821
4.6094894
4.1758046
3.737869
4.4989424
3.5210268
3.5210268
4.065258
4.065258
3.737869
4.1758046
3.3041847
3.5210268
4.065258
4.3926473
3.848416
3.5210268
3.5210268
3.0873425
3.5210268
3.848416
2.8705006
3.0873425
3.0873425
3.3041847
3.414732
3.414732
3.848416
3.3041847
4.2863517
3.5210268
3.631574
3.848416
3.5210268
3.737869
3.3041847
2.9767957
3.5210268
2.9767957
3.848416
3.3041847
4.1758046
3.5210268
3.299933
3.848416
4.3926473
3.4104798
3.3041847
4.065258
2.9767957
3.737869
3.5210268
3.5210268
3.1936376
3.1936376
3.5210268
3.848416
3.3041847
3.848416
3.1936376
2.9767957
3.737869
4.3926473
4.0610065
3.6273217
4.2821
3.737869
3.3041847
4.715784
3.954711
3.954711
3.954711
4.171553
3.1936376
3.737869
4.065258
3.5210268
4.1758046
3.4104798
3.3041847
4.065258
3.5210268
4.3926473
4.715784
3.4104798
4.4989424
3.1936376
4.065258
4.715784
5.0431733
4.715784
4.826331
4.3883953
4.715784
4.605237
5.583153
4.605237
5.1494684
5.038922
4.605237
4.8220797
4.171553
4.0610065
4.3883953
4.0610065
5.3663106
4.605237
4.9326262
5.038922
5.038922
4.8220797
5.4768577
5.3663106
4.8220797
5.038922
5.6937
4.8220797
4.7115326
5.038922
5.799995
5.038922
4.7115326
4.928375
5.9105415
4.928375
4.8220797
5.799995
5.583153
4.8220797
6.016837
6.016837
5.689448
6.2336793
5.3620586
5.4726057
5.2557635
5.2557635
5.799995
5.2557635
5.3663106
5.038922
5.583153
5.583153
4.6009855
4.928375
5.038922
4.4946904
5.2557635
5.2557635
4.4946904
6.450521
6.667363
6.339974
6.450521
6.123132
6.2336793
6.556816
5.6851964
6.663111
6.663111
6.3357224
7.6410265
7.4241843
7.096796
7.207342
7.313638
7.4241843
7.096796
6.663111
6.986249
7.6410265
7.096796
7.857869
7.207342
6.663111
7.6410265
8.295805
7.6410265
7.207342
7.9684157
7.9684157
6.8799534
6.8799534
7.6410265
8.4021
7.313638
7.4241843
7.5304804
7.7515736
8.074712
7.313638
8.946331
8.618942
7.313638
8.508395
8.835785
8.4021
8.4021
8.508395
8.725238
7.747322
8.4021
9.596858
7.9641643
7.313638
8.074712
8.185258
7.096796
7.5304804
8.4021
7.5304804
7.5304804
8.729489
7.857869
7.857869
7.857869
8.725238
7.6410265
7.6410265
8.835785
9.052627
8.8315325
9.375764
8.397848
9.158921
9.375764
8.8315325
8.614691
9.375764
8.504144
9.048374
9.486311
8.94208
9.809448
8.614691
9.158921
9.265217
8.504144
9.919995
9.048374
8.614691
9.158921
10.247384
9.15467
9.592606
9.809448
10.132585
9.592606
10.570521
10.243132
9.915743
10.02629
9.809448
9.698901
9.698901
10.676816
11.004206
9.915743
10.893659
10.893659
9.260964
10.243132
11.221047
9.477807
10.243132
10.676816
10.459974
11.437889
10.128334
11.654732
11.437889
11.1105
11.1105
10.6725645
11.327342
10.999953
10.345176
11.437889
11.871573
10.999953
11.761026
11.544185
11.977869
11.433638
11.977869
11.761026
11.977869
11.761026
12.5220995
11.977869
11.977869
12.194712
11.433638
11.65048
12.738942
12.084165
12.084165
11.977869
11.977869
12.194712
11.977869
12.849489
12.411553
12.305258
12.628395
12.194712
11.977869
11.761026
12.411553
12.955785
11.433638
12.194712
12.632647
12.5220995
11.867322
11.106249
11.977869
12.194712
12.628395
12.301006
11.539933
12.411553
11.977869
12.628395
13.283173
12.955785
11.973618
12.084165
12.084165
12.628395
12.951532
12.517848
12.301006
12.951532
11.973618
12.955785
12.084165
12.194712
12.301006
12.517848
12.734691
11.867322
12.955785
12.738942
11.323091
12.194712
11.433638
11.977869
12.305258
11.867322
11.867322
11.761026
12.194712
11.761026
11.761026
11.977869
11.544185
12.955785
11.106249
12.305258
11.867322
12.305258
10.77886
10.999953
11.977869
11.433638
11.544185
11.65048
11.327342
11.761026
12.5220995
11.544185
12.088415
12.194712
12.305258
12.088415
11.977869
11.65048
11.65048
11.433638
11.106249
11.867322
11.323091
12.194712
12.628395
11.65048
12.738942
11.429386
12.084165
11.756775
11.65048
12.301006
12.955785
11.65048
11.756775
11.977869
12.628395
11.756775
11.977869
12.194712
11.977869
12.5220995
11.544185
11.761026
11.977869
11.761026
12.088415
12.194712
11.654732
11.9821205
11.871573
10.889407
11.544185
11.221047
11.106249
11.548436
11.871573
11.544185
11.765279
11.437889
11.004206
10.893659
11.327342
10.455723
10.783112
11.327342
11.221047
10.783112
11.654732
11.004206
11.1105
11.221047
10.676816
11.437889
10.893659
11.9821205
10.566269
10.566269
10.676816
11.221047
10.349427
10.566269
12.092668
10.128334
10.676816
10.676816
10.243132
10.676816
10.02629
10.459974
10.459974
9.915743
9.809448
10.02629
10.676816
9.588354
10.136837
9.482059
9.919995
10.136837
8.937827
9.8137
9.265217
10.02629
9.269468
9.809448
8.94208
10.02629
9.265217
9.919995
9.048374
9.809448
9.269468
9.703153
9.703153
10.030542
8.610438
9.592606
8.8315325
10.353679
10.464226
9.265217
9.809448
9.703153
9.592606
9.375764
9.486311
10.02629
10.787363
10.136837
10.243132
10.787363
9.592606
10.02629
9.919995
9.919995
9.919995
9.592606
9.375764
9.158921
9.703153
9.375764
9.158921
10.357931
8.614691
8.725238
8.725238
8.94208
9.269468
9.596858
9.486311
9.269468
9.158921
9.486311
9.269468
9.486311
9.703153
8.8315325
9.919995
9.158921
9.919995
9.703153
9.919995
9.8137
9.703153
10.136837
9.375764
9.592606
10.464226
10.136837
9.048374
9.919995
9.8137
9.269468
9.375764
10.136837
8.8315325
9.158921
9.052627
9.269468
9.486311
8.94208
9.486311
9.380016
8.94208
9.052627
10.030542
8.614691
8.725238
9.703153
8.2915535
8.835785
9.596858
8.2915535
8.508395
8.835785
8.397848
8.94208
8.397848
8.946331
9.163173
7.747322
9.052627
8.835785
8.94208
8.074712
8.508395
9.269468
8.397848
7.9641643
8.946331
9.380016
7.419933
8.185258
8.725238
8.4021
8.074712
8.725238
8.2915535
8.618942
8.4021
8.614691
8.725238
8.397848
9.052627
8.508395
8.181006
9.486311
9.269468
8.508395
8.94208
9.269468
8.397848
8.94208
8.725238
8.508395
9.596858
8.725238
8.725238
9.375764
9.269468
9.486311
9.596858
8.508395
8.725238
9.052627
8.94208
9.269468
9.052627
9.163173
9.596858
8.725238
9.052627
9.8137
7.747322
9.380016
9.163173
8.618942
8.835785
7.6410265
8.725238
8.614691
9.052627
8.94208
8.508395
8.725238
7.857869
9.052627
8.835785
8.725238
8.835785
8.618942
8.2915535
8.946331
8.074712
8.2915535
8.618942
8.4021
8.2915535
8.185258
8.4021
7.7515736
7.7515736
7.9684157
9.163173
7.857869
8.946331
9.163173
8.2915535
8.618942
7.5304804
9.163173
7.5304804
7.6410265
8.729489
8.4021
9.052627
7.5304804
7.857869
8.512647
8.181006
7.5304804
7.857869
7.9684157
7.7515736
8.078962
7.5304804
7.096796
7.313638
8.623194
7.207342
7.096796
7.207342
7.7515736
8.078962
7.9684157
7.4241843
7.9684157
8.078962
8.840036
7.6410265
8.078962
6.9905005
7.857869
8.078962
7.7515736
7.7515736
7.7515736
7.207342
7.9684157
7.8621206
8.078962
7.4241843
7.857869
7.5347314
7.9684157
7.5347314
7.9684157
7.207342
6.4462695
7.096796
7.8621206
7.8621206
7.6452785
6.2294273
7.5347314
7.317889
7.5347314
7.1010475
7.1010475
7.5347314
7.317889
6.7736583
6.9905005
6.8842053
6.8799534
7.207342
7.207342
7.7515736
6.9905005
6.4462695
7.317889
7.317889
6.556816
6.556816
7.7515736
7.5347314
7.5347314
6.8842053
7.1010475
7.317889
6.7736583
6.556816
6.7736583
7.4284363
6.123132
6.8842053
6.663111
6.7736583
7.317889
7.317889
7.1010475
6.2294273
6.556816
7.1010475
7.317889
7.1010475
6.9905005
6.7736583
6.9905005
7.317889
6.7736583
6.556816
6.450521
7.1010475
6.9947524
6.339974
6.339974
6.2336793
7.6452785
6.667363
7.2115946
5.578901
6.9905005
7.317889
5.90629
6.667363
6.9947524
6.9947524
5.90629
6.450521
6.667363
6.2336793
6.016837
6.1273837
5.4726057
4.7072806
5.038922
5.90629
5.90629
5.2557635
5.2557635
6.450521
6.8842053
5.90629
6.450521
6.450521
5.1452165
5.90629
5.689448
6.2336793
5.4726057
6.2336793
6.123132
6.016837
6.77791
6.016837
5.799995
5.1452165
6.1273837
5.9105415
5.3663106
5.4726057
6.2336793
5.689448
6.2336793
6.1273837
4.928375
5.689448
5.799995
5.799995
5.3620586
5.90629
6.9947524
6.012585
6.667363
5.578901
6.123132
5.1452165
6.561068
6.339974
6.450521
6.339974
5.689448
6.667363
6.123132
5.90629
6.667363
6.016837
5.90629
6.667363
6.339974
6.012585
6.339974
6.123132
5.468354
6.123132
6.123132
6.450521
6.667363
6.450521
6.123132
6.2336793
5.578901
6.77791
5.90629
5.689448
5.1452165
6.3442264
6.016837
6.016837
5.799995
6.016837
4.7115326
4.4946904
5.6937
5.2557635
5.4726057
6.0210886
6.016837
4.4946904
6.1273837
4.605237
4.8220797
5.038922
4.0610065
6.237931
4.3883953
5.038922
4.2778482
4.8220797
4.8220797
4.8220797
4.605237
4.9326262
3.954711
5.4768577
4.3883953
4.0610065
5.3663106
5.1494684
4.8220797
5.583153
5.2557635
4.8220797
5.1494684
5.1494684
4.605237
4.8220797
4.0610065
5.3663106
4.715784
5.038922
4.605237
4.605237
5.6937
4.3883953
5.9105415
4.605237
5.3663106
4.8220797
4.8220797
5.1494684
5.1494684
5.4768577
5.3663106
4.605237
5.3663106
5.583153
4.8220797
5.1494684
5.3663106
5.038922
4.8220797
5.583153
4.8220797
5.6937
5.038922
4.605237
5.9105415
5.038922
4.8220797
4.9326262
4.3883953
5.799995
4.8220797
5.1494684
5.3663106
5.583153
5.038922
6.1273837
5.583153
6.0210886
5.4726057
5.2557635
5.038922
5.6937
5.9105415
6.2336793
5.038922
5.799995
5.2557635
5.9105415
6.016837
5.3663106
5.799995
4.8220797
5.799995
6.3442264
5.038922
5.038922
5.2557635
5.2557635
6.1273837
5.9105415
5.3663106
5.2557635
5.038922
5.2557635
5.038922
5.799995
5.038922
6.237931
4.9326262
5.4768577
4.8220797
4.9326262
4.3883953
4.715784
4.2778482
5.4768577
4.171553
3.844164
5.1494684
4.6094894
4.9326262
4.4989424
5.0431733
4.4989424
5.1494684
4.9326262
4.605237
4.715784
4.715784
4.715784
4.9326262
4.3883953
5.4768577
4.9326262
4.9326262
4.605237
4.4989424
4.4989424
4.0610065
4.2821
3.737869
4.2821
5.1537204
3.5210268
4.936878
3.848416
4.065258
4.065258
3.5210268
4.6094894
4.065258
3.848416
4.6094894
3.848416
3.848416
4.065258
4.3926473
3.737869
4.720036
4.4989424
4.065258
3.848416
3.954711
4.715784
4.715784
4.2821
5.2600155
3.5210268
4.6094894
4.826331
4.715784
5.2600155
4.2821
4.826331
4.4989424
4.065258
4.4989424
5.2600155
4.2821
4.605237
4.9326262
5.2600155
4.715784
4.826331
5.2600155
4.826331
5.1494684
4.4989424
4.715784
4.826331
4.715784
3.844164
4.6094894
5.1537204
4.826331
3.848416
3.848416
3.5210268
3.5210268
3.737869
3.631574
3.414732
3.5210268
4.1758046
4.3926473
4.065258
3.3041847
3.0873425
4.1758046
3.631574
3.9589627
3.9589627
4.503194
3.3041847
3.414732
3.848416
3.631574
3.9589627
3.0873425
3.414732
4.613741
3.848416
3.0873425
3.5252786
3.7421207
3.414732
3.1978896
3.631574
3.1978896
4.06951
3.9589627
4.1758046
3.1978896
2.9810476
2.4368165
2.9810476
4.06951
3.414732
2.9810476
3.1978896
3.3084364
2.7642052
2.6536584
3.7421207
3.414732
3.3084364
2.330521
3.3084364
2.5473633
2.2199743
2.65791
2.8747523
2.7642052
1.896837
2.4410682
2.330521
2.1136792
1.896837
2.9852993
3.4189837
2.8747523
2.7684572
2.5473633
2.224226
2.330521
2.4410682
2.4410682
3.4189837
2.1136792
2.9852993
2.224226
2.4410682
1.896837
2.4410682
2.65791
1.4631528
2.4410682
2.7684572
1.3568575
1.6799948
2.224226
2.7684572
1.5736997
1.1357636
1.3526058
2.7684572
2.8747523
1.896837
2.1136792
1.896837
1.3526058
1.896837
2.330521
3.2021413
2.7642052
2.1136792
2.8747523
2.9852993
2.224226
2.224226
1.6799948
1.5694479
2.0073838
1.6799948
1.2463106
2.0073838
2.0073838
1.1357636
2.224226
2.224226
1.6799948
1.2463106
1.7905419
2.0073838
1.2463106
1.6799948
1.5694479
2.1136792
2.224226
2.5516152
2.65791
2.0073838
2.4410682
2.1136792
2.7684572
3.0915945
2.1136792
2.1136792
2.8747523
2.4410682
2.1136792
2.1136792
2.8747523
2.65791
2.4410682
2.5473633
1.7862899
2.003132
2.224226
1.4631528
1.2463106
1.2463106
2.3347728
2.7684572
2.4410682
2.4410682
2.0073838
2.1136792
1.7905419
1.2463106
2.224226
2.117931
1.2463106
2.117931
1.7905419
0.8126264
1.4631528
2.662162
1.7905419
1.0294685
1.7905419
2.44532
1.2463106
0.9231734
1.3568575
1.6842467
1.5736997
0.48523736
1.3568575
1.3568575
1.0294685
2.117931
1.2463106
1.1400155
1.6799948
1.4631528
0.8126264
1.5736997
2.117931
1.5736997
1.1400155
2.5516152
2.0073838
1.7905419
1.2463106
1.6799948
1.7905419
0.26839525
2.5516152
1.6799948
2.0073838
1.5736997
2.0073838
1.6799948
1.0294685
1.2463106
1.896837
2.117931
2.0073838
1.5736997
2.662162
2.5516152
2.0073838
1.6799948
1.6799948
2.330521
2.0073838
2.224226
2.9852993
2.4410682
1.5694479
2.65791
2.4410682
1.896837
1.0294685
2.4410682
1.6799948
1.6799948
1.896837
2.330521
2.65791
1.6799948
2.65791
2.4410682
2.224226
3.0915945
2.8747523
2.1136792
3.2021413
3.5295303
2.8747523
2.1136792
3.2021413
2.8747523
3.0915945
2.65791
2.7684572
2.8747523
1.4631528
2.9852993
2.330521
2.65791
2.65791
2.1136792
2.0073838
1.6799948
1.6799948
2.330521
2.7684572
2.003132
2.1136792
2.5473633
2.1136792
2.65791
2.5473633
1.7862899
2.8747523
2.7642052
2.5473633
2.9852993
2.003132
2.1136792
2.9852993
2.4368165
2.65791
2.5473633
2.7642052
2.8747523
2.003132
2.9810476
3.2021413
2.65791
1.7862899
2.5473633
2.9810476
3.0915945
2.2199743
2.9810476
3.3084364
2.6536584
3.3084364
3.1978896
3.0915945
2.8705006
3.7421207
3.3084364
2.7642052
3.3084364
3.5252786
2.3262694
2.6536584
3.414732
3.0873425
3.5252786
2.7642052
3.3084364
2.5473633
2.9810476
3.3041847
3.1978896
3.3084364
2.9810476
2.9810476
3.1978896
2.9810476
2.9810476
3.1978896
3.7421207
3.1978896
3.1978896
3.5252786
3.1978896
3.3041847
3.7421207
3.3084364
3.9589627
3.1978896
2.6536584
3.9589627
3.414732
4.1758046
2.8705006
4.06951
3.414732
3.9589627
3.0873425
3.414732
3.414732
3.1978896
3.3041847
3.414732
3.848416
3.3041847
3.7421207
4.065258
4.065258
3.848416
4.503194
4.1758046
4.065258
4.720036
3.5210268
3.737869
3.631574
3.848416
3.3041847
3.0873425
3.3084364
3.3041847
3.9589627
3.7421207
2.9810476
2.8705006
3.9589627
3.0873425
4.1758046
4.503194
3.0873425
3.0873425
3.737869
3.737869
3.5210268
4.715784
4.3883953
4.715784
4.4989424
4.4989424
5.2600155
4.171553
5.1494684
4.3883953
4.715784
4.171553
4.3883953
4.065258
4.065258
4.2821
3.9589627
4.065258
3.5210268
3.5210268
4.065258
3.9589627
3.848416
3.5210268
4.2821
3.737869
3.5210268
4.2821
4.065258
3.954711
3.4104798
4.2821
5.0431733
5.0431733
5.2600155
3.737869
4.4989424
4.4989424
4.065258
3.954711
3.848416
3.1936376
3.5210268
3.3041847
3.631574
3.848416
3.737869
3.954711
3.848416
4.4989424
3.848416
3.954711
3.848416
4.715784
3.737869
4.2821
5.1494684
4.605237
5.1494684
5.3663106
5.038922
5.1494684
4.3883953
5.2600155
5.4768577
5.1494684
4.8220797
5.1494684
4.605237
4.3883953
5.9105415
5.038922
5.583153
4.9326262
4.9326262
4.715784
4.4946904
4.605237
5.2600155
4.9326262
4.605237
5.1494684
5.2600155
3.954711
4.715784
5.2600155
4.826331
3.4104798
5.0431733
4.9326262
4.9326262
4.171553
4.171553
4.715784
4.2821
4.9326262
4.3883953
3.6273217
4.171553
5.0431733
3.844164
3.954711
4.605237
4.3883953
4.8220797
5.3663106
4.8220797
4.8220797
5.1494684
5.3663106
5.038922
4.605237
5.2557635
4.7115326
5.038922
4.3883953
5.9105415
5.038922
5.2557635
4.7115326
5.2557635
5.1494684
3.9504592
4.7115326
4.4946904
5.038922
4.167301
4.4946904
5.038922
5.2557635
4.7115326
5.038922
4.8220797
5.583153
4.4946904
5.2557635
5.9105415
4.6009855
4.928375
5.1452165
6.2336793
4.928375
6.450521
6.016837
4.928375
5.799995
5.578901
5.3620586
6.339974
6.123132
6.339974
6.012585
7.1010475
5.795743
5.795743
6.2336793
6.8842053
5.795743
6.450521
6.556816
5.6851964
5.902038
7.1010475
6.9905005
6.8799534
6.9905005
7.207342
7.7515736
6.8799534
6.663111
6.663111
7.6410265
7.7515736
6.8799534
7.5347314
7.5347314
7.5347314
7.1010475
7.317889
7.4284363
6.556816
6.2294273
6.8842053
6.7736583
6.2294273
6.8842053
5.795743
6.450521
6.556816
5.1452165
6.016837
5.689448
4.928375
5.1452165
6.667363
6.556816
5.795743
6.7736583
6.012585
7.1010475
7.5347314
7.1010475
7.317889
5.357807
6.123132
6.2294273
6.2294273
7.1010475
6.7736583
7.8621206
7.1010475
6.012585
5.795743
6.7736583
6.012585
6.556816
6.012585
5.6851964
6.123132
6.7736583
6.556816
6.3357224
6.4462695
6.7736583
6.556816
5.6851964
6.556816
5.468354
5.578901
6.556816
5.578901
6.339974
6.8842053
5.357807
6.339974
6.339974
7.2115946
6.556816
6.012585
6.9905005
5.468354
6.012585
6.339974
5.902038
6.4462695
7.317889
5.902038
5.795743
6.667363
6.339974
5.1452165
6.339974
5.578901
6.450521
5.689448
6.339974
6.339974
5.3620586
7.2115946
5.468354
5.90629
6.7736583
5.795743
6.4462695
6.2294273
6.9905005
6.663111
6.7736583
6.663111
6.012585
7.207342
6.663111
5.574649
6.556816
6.4462695
6.1188803
5.6851964
6.339974
6.7736583
5.795743
7.1010475
6.012585
7.207342
6.1188803
5.357807
7.317889
6.9905005
5.791491
7.207342
7.9684157
6.5525646
6.8799534
6.769407
7.096796
7.313638
7.5304804
6.8799534
7.096796
7.4241843
7.096796
6.769407
6.5525646
7.096796
7.4241843
6.8799534
7.7515736
7.6410265
6.8799534
7.313638
6.986249
6.3357224
7.6410265
6.986249
6.5525646
6.986249
6.986249
6.8799534
7.4241843
7.4241843
7.5304804
6.2251754
7.9684157
7.313638
7.096796
7.6410265
7.313638
7.096796
6.008333
7.4241843
6.008333
6.8799534
7.9684157
6.769407
6.769407
6.8799534
6.8799534
6.008333
7.4241843
7.096796
6.6588597
6.986249
7.5304804
8.181006
7.6410265
7.313638
7.5304804
8.074712
6.986249
8.4021
8.397848
7.203091
7.9641643
7.309386
7.636775
8.074712
7.636775
7.419933
7.9641643
7.9641643
6.769407
7.6410265
8.4021
8.397848
8.8315325
7.853617
8.508395
8.725238
7.526228
7.9641643
8.835785
8.614691
8.181006
7.9641643
8.835785
8.508395
8.725238
8.725238
8.181006
8.181006
6.5483127
8.618942
8.4021
7.747322
7.857869
7.313638
7.9641643
7.5304804
8.508395
6.986249
7.5304804
7.747322
8.4021
8.725238
7.747322
7.419933
8.070459
7.092544
7.636775
8.181006
9.269468
8.508395
7.9641643
8.070459
7.203091
8.618942
8.2915535
7.853617
8.618942
8.508395
8.614691
7.9641643
8.508395
8.508395
7.853617
8.181006
8.074712
7.636775
7.419933
8.2915535
7.9641643
7.203091
7.5304804
7.419933
7.636775
7.419933
7.6410265
7.747322
8.4021
7.313638
7.857869
7.203091
8.618942
7.313638
7.6410265
7.747322
6.4420176
7.6410265
7.096796
7.203091
6.875702
7.096796
7.9684157
6.986249
7.4241843
7.9684157
7.313638
6.769407
7.4241843
7.096796
6.3357224
6.8799534
7.313638
6.9905005
7.207342
7.207342
6.663111
5.6809444
6.9905005
6.663111
4.8135757
5.136713
5.791491
6.556816
7.207342
6.339974
6.012585
6.123132
5.90629
4.7072806
5.689448
5.0346694
5.689448
5.2557635
5.2557635
5.1452165
4.8178277
5.2557635
3.8399122
5.2557635
4.928375
4.4946904
4.4946904
4.4946904
5.583153
5.3663106
4.8220797
4.4946904
4.7115326
4.167301
4.4946904
3.7336173
4.9326262
3.954711
4.171553
4.0610065
4.2821
4.171553
4.0610065
4.605237
3.6273217
3.844164
3.6273217
3.737869
3.0830908
2.6451547
3.1936376
4.171553
3.844164
3.4104798
3.4104798
4.171553
2.9767957
3.1936376
2.8662488
3.1936376
3.737869
3.848416
2.8662488
3.0873425
3.1936376
3.1936376
2.7599535
3.414732
3.3041847
3.1936376
2.9767957
2.7599535
2.5431116
2.8705006
2.2199743
2.3262694
3.3041847
1.9988803
2.3262694
2.8705006
2.003132
3.1978896
1.12726
1.9988803
2.8705006
2.5431116
2.6536584
2.8705006
1.9988803
2.6536584
2.4368165
2.6536584
2.4368165
2.6536584
1.1315118
2.2199743
2.2199743
2.1094272
1.8925852
2.6536584
2.2199743
2.6536584
2.9810476
1.8925852
2.3262694
1.9988803
2.7599535
2.5431116
2.5431116
2.1094272
2.6536584
2.9810476
1.6714911
2.9810476
2.9810476
2.5431116
2.7642052
2.1094272
2.6536584
1.4589009
1.4589009
2.65791
1.4589009
2.330521
2.1136792
1.4589009
1.7862899
1.8925852
1.5694479
2.1136792
1.5694479
1.5694479
2.7642052
1.0252168
1.4589009
1.7862899
1.4589009
1.8925852
1.7862899
1.0252168
2.003132
2.4410682
2.003132
2.003132
2.4368165
2.003132
0.91466975
2.1094272
3.0915945
1.2420589
1.1357636
1.4589009
2.5473633
1.1315118
2.003132
1.1315118
2.1094272
1.8925852
1.6757431
1.4589009
1.3526058
2.5473633
1.7862899
1.7862899
2.5473633
2.003132
2.8747523
1.6757431
1.7862899
2.5473633
2.2199743
1.7862899
2.003132
1.7862899
1.8925852
1.7862899
2.4368165
1.4589009
2.1136792
1.7862899
1.6799948
1.5694479
1.5694479
2.003132
1.6757431
1.2420589
1.7862899
2.330521
1.3526058
1.896837
1.896837
2.330521
2.003132
2.330521
2.7642052
2.7642052
1.6757431
2.330521
1.7862899
1.4589009
2.1136792
2.7642052
1.4589009
2.5473633
2.003132
2.5473633
1.5694479
2.1094272
2.4368165
2.330521
3.5252786
1.4589009
2.3262694
1.7820382
2.6536584
2.8705006
2.1094272
2.8705006
2.8705006
2.8705006
3.0873425
3.0873425
3.3041847
2.7599535
2.1094272
3.5252786
3.1978896
1.9988803
3.414732
3.1978896
2.4325645
2.9767957
3.0873425
3.5252786
3.1978896
2.1094272
2.6536584
3.9589627
2.8705006
3.414732
2.9810476
2.7599535
3.414732
2.5431116
3.3041847
3.631574
4.1758046
2.8705006
3.3041847
3.737869
3.737869
3.5210268
3.5210268
3.0830908
3.5210268
3.3041847
2.9767957
3.4104798
3.5210268
4.065258
2.9767957
2.9767957
3.5210268
3.3041847
3.848416
4.3926473
4.171553
3.0830908
3.844164
3.737869
2.8662488
3.3041847
2.9767957
4.2821
3.737869
3.737869
3.737869
4.6094894
4.171553
3.954711
4.2821
3.844164
3.844164
4.4989424
4.065258
4.171553
4.171553
3.954711
4.826331
3.4104798
4.715784
4.2821
4.171553
4.171553
3.844164
5.1494684
3.954711
3.954711
4.9326262
5.3663106
5.038922
5.038922
5.038922
5.799995
4.8220797
5.1452165
5.90629
6.1273837
5.4726057
5.4726057
5.689448
5.90629
6.123132
5.468354
6.123132
5.251512
5.689448
5.90629
5.468354
6.123132
6.9947524
6.556816
6.012585
6.450521
6.450521
6.339974
6.667363
7.1010475
6.123132
6.012585
7.1010475
6.8842053
7.1010475
6.7736583
7.8621206
6.3357224
6.556816
7.4241843
6.663111
7.7515736
7.317889
7.317889
6.7736583
7.5347314
8.078962
7.207342
7.207342
8.078962
6.7736583
6.4462695
6.9905005
7.207342
6.7736583
6.663111
8.078962
6.4462695
7.6410265
7.857869
8.295805
8.729489
7.207342
8.078962
7.5347314
6.986249
7.9684157
7.857869
7.9684157
7.9684157
8.4021
7.857869
7.9684157
7.5304804
8.295805
7.9684157
6.769407
6.8799534
7.857869
6.5525646
8.185258
7.9684157
7.313638
7.6410265
7.6410265
7.203091
7.6410265
7.4241843
7.857869
8.512647
7.096796
7.7515736
7.6410265
7.419933
7.313638
8.074712
8.729489
7.9684157
7.857869
7.5304804
8.618942
6.769407
7.6410265
7.4241843
8.295805
7.857869
7.096796
7.857869
7.857869
8.2915535
7.9684157
8.4021
7.636775
8.2915535
8.725238
9.052627
8.618942
8.074712
8.4021
8.2915535
8.618942
8.618942
8.618942
8.074712
7.857869
8.618942
7.203091
8.2915535
8.074712
7.9641643
7.6410265
7.6410265
7.857869
7.747322
9.490562
7.5304804
8.074712
7.857869
8.2915535
8.074712
8.618942
7.636775
7.5304804
7.5304804
8.181006
8.835785
7.636775
8.725238
9.8137
9.269468
8.181006
8.181006
9.052627
7.9641643
9.8137
8.725238
8.94208
9.380016
8.94208
8.618942
9.380016
9.158921
8.2915535
8.181006
9.158921
9.048374
8.070459
8.614691
9.919995
8.066207
9.048374
10.02629
8.720985
9.265217
9.375764
8.614691
8.504144
9.8137
8.720985
9.158921
9.269468
9.698901
9.486311
9.269468
8.725238
9.703153
8.835785
8.181006
9.269468
7.857869
8.946331
8.074712
8.2915535
8.074712
8.618942
8.725238
8.181006
7.747322
8.074712
8.618942
7.9641643
7.857869
9.052627
8.074712
9.052627
8.94208
9.052627
9.158921
8.2915535
8.835785
8.2915535
7.857869
7.6410265
8.185258
8.2915535
7.857869
7.5304804
8.835785
8.185258
6.769407
8.185258
7.9684157
8.4021
7.9684157
7.857869
7.6410265
7.313638
7.6410265
7.6410265
7.857869
7.5347314
7.7515736
8.185258
7.9684157
7.9684157
7.9684157
7.9684157
7.9684157
7.6410265
7.857869
7.9684157
7.4241843
7.9684157
7.313638
8.185258
7.4241843
7.9684157
7.5347314
7.6410265
6.8799534
7.9684157
8.074712
7.6410265
7.6410265
7.6410265
7.9684157
7.096796
7.207342
7.207342
7.9684157
7.6410265
7.313638
7.4241843
7.096796
7.7515736
7.4241843
7.7515736
7.5304804
6.663111
6.8799534
7.4241843
7.4241843
8.295805
7.4241843
7.4241843
7.4241843
7.207342
7.7515736
7.5347314
6.556816
6.7736583
7.7515736
7.5347314
8.078962
7.317889
7.207342
7.317889
6.9905005
7.317889
6.9905005
6.4462695
6.4462695
7.317889
6.9905005
7.207342
7.096796
7.6410265
7.207342
8.185258
7.9684157
6.663111
7.207342
7.6410265
6.9905005
7.6452785
7.096796
6.3357224
8.185258
7.6410265
7.7515736
8.295805
7.7515736
6.9905005
7.207342
6.7736583
6.012585
5.795743
6.556816
6.556816
7.1010475
7.317889
7.1010475
6.012585
6.450521
5.468354
6.123132
6.9947524
6.012585
5.795743
6.8842053
5.3620586
6.450521
6.667363
5.4726057
6.2294273
6.2336793
5.689448
6.561068
6.2336793
6.450521
6.2336793
5.90629
5.2557635
5.799995
5.799995
5.1452165
6.667363
6.450521
6.016837
5.689448
5.6937
4.928375
4.8178277
6.016837
7.2115946
5.689448
6.450521
6.450521
6.556816
6.667363
6.8842053
6.012585
7.2115946
6.2294273
6.450521
6.123132
6.667363
6.012585
6.012585
6.123132
6.556816
6.8842053
5.689448
5.251512
6.123132
5.90629
5.578901
5.90629
6.016837
6.016837
6.2336793
5.689448
6.556816
7.1010475
6.556816
7.1010475
5.795743
6.012585
6.8842053
6.8842053
6.339974
6.7736583
7.2115946
7.317889
6.7736583
7.5347314
5.90629
6.667363
6.339974
6.016837
5.795743
6.2336793
5.90629
6.77791
6.123132
6.012585
6.556816
6.8842053
6.4462695
6.123132
6.667363
6.9947524
6.8842053
6.2336793
6.7736583
6.012585
6.8842053
6.8842053
6.8842053
7.6452785
7.5347314
6.123132
6.7736583
6.9947524
6.9947524
6.123132
6.2336793
6.2336793
5.689448
6.2336793
6.2336793
6.016837
6.016837
5.689448
5.90629
5.4726057
5.799995
5.4726057
5.689448
6.339974
6.556816
6.123132
6.450521
5.90629
5.90629
6.123132
6.667363
6.123132
6.2336793
6.123132
5.90629
5.689448
5.1452165
6.339974
6.123132
5.795743
6.4462695
6.339974
5.578901
5.689448
6.2336793
5.583153
4.928375
6.016837
5.578901
5.90629
5.6851964
6.556816
5.468354
5.578901
5.1452165
6.012585
6.667363
5.90629
5.90629
6.450521
6.339974
6.123132
6.012585
6.8842053
6.4462695
6.556816
5.689448
6.2336793
6.2294273
5.902038
6.2294273
6.8842053
7.317889
6.339974
5.6851964
6.012585
5.90629
6.7736583
6.8842053
5.578901
4.8178277
6.77791
6.556816
5.902038
6.556816
7.207342
6.8799534
7.207342
7.207342
7.207342
6.556816
6.9905005
6.9905005
6.663111
8.078962
6.5525646
6.986249
7.313638
7.313638
7.4241843
7.6410265
7.4241843
6.5525646
6.663111
6.9905005
6.8799534
7.6410265
7.5304804
7.7515736
6.5525646
7.7515736
6.5525646
7.5347314
7.4241843
6.8799534
7.207342
8.185258
7.096796
7.313638
7.857869
7.6410265
8.185258
7.4241843
7.096796
7.207342
6.769407
7.7515736
7.4241843
7.4241843
7.313638
6.986249
7.5304804
7.9641643
7.5304804
7.6410265
8.2915535
7.419933
8.4021
7.5304804
8.2915535
7.636775
7.9641643
8.070459
8.287301
8.614691
9.592606
8.393597
9.482059
9.048374
9.482059
9.15467
9.482059
10.132585
9.809448
9.915743
10.0220375
9.371511
10.353679
8.499891
9.265217
9.698901
8.393597
9.265217
10.02629
9.044123
8.937827
8.937827
9.482059
9.158921
8.8315325
8.614691
8.8315325
8.287301
8.287301
9.703153
9.15467
9.265217
10.243132
8.720985
10.02629
11.004206
10.243132
10.783112
10.783112
10.893659
10.345176
10.999953
10.999953
11.544185
11.871573
10.999953
11.327342
11.1105
10.893659
10.566269
10.566269
11.437889
11.1105
10.566269
10.893659
9.588354
9.588354
10.243132
10.349427
9.482059
9.592606
11.004206
8.82728
11.004206
10.783112
8.937827
10.787363
10.459974
10.787363
9.150418
9.915743
10.566269
9.69465
10.132585
10.349427
8.937827
9.698901
9.044123
9.805196
10.02629
10.459974
10.02629
8.610438
10.132585
9.809448
9.588354
9.809448
9.15467
8.716734
9.809448
10.02629
8.82728
9.265217
9.588354
8.606187
9.915743
9.915743
8.933577
9.482059
9.805196
10.0220375
9.36726
10.0220375
10.0220375
9.911491
10.349427
10.566269
10.889407
8.606187
10.349427
9.805196
8.716734
9.15467
10.243132
9.477807
9.477807
10.676816
10.459974
9.150418
8.610438
10.02629
10.02629
10.132585
8.82728
9.044123
9.482059
9.15467
9.371511
8.499891
8.937827
10.02629
10.02629
8.933577
8.28305
10.02629
9.482059
8.393597
9.371511
9.15467
9.482059
9.044123
8.937827
10.243132
9.805196
9.588354
10.243132
9.044123
9.588354
9.15467
10.02629
8.610438
9.15467
8.720985
9.265217
9.698901
7.9599123
8.176754
7.74307
8.181006
7.853617
6.875702
7.9641643
7.526228
7.203091
7.092544
7.419933
7.9641643
6.986249
6.986249
6.6588597
7.096796
6.875702
8.185258
7.747322
6.6588597
7.6410265
6.4420176
6.875702
7.5304804
7.313638
7.7515736
7.313638
7.207342
6.6588597
7.207342
6.663111
6.008333
6.1188803
6.663111
6.3357224
7.207342
6.3357224
6.3357224
6.2294273
5.902038
5.136713
5.468354
6.7736583
6.3357224
5.6851964
5.574649
6.1188803
6.008333
5.791491
6.4420176
6.8799534
6.663111
6.008333
6.3357224
6.663111
6.663111
6.663111
6.3357224
6.9905005
6.556816
6.450521
6.123132
6.123132
6.339974
5.251512
6.339974
5.3620586
6.2336793
5.90629
5.689448
6.123132
4.269345
5.578901
5.90629
5.4726057
6.450521
5.578901
4.490439
6.2336793
5.578901
4.928375
5.795743
5.795743
6.123132
5.90629
5.0346694
6.123132
5.0346694
4.2735963
5.2557635
4.8220797
5.4726057
4.167301
4.8220797
4.6009855
4.3841434
5.9105415
4.7115326
4.8220797
4.8220797
4.7115326
4.7115326
5.3663106
4.4946904
3.9504592
4.0610065
3.844164
3.844164
3.844164
4.715784
3.954711
3.844164
2.6494067
3.5210268
3.737869
3.848416
3.1936376
2.8662488
3.3041847
3.0830908
2.7557018
3.5210268
3.5210268
2.6494067
2.9767957
2.4325645
3.4104798
2.1051755
3.299933
3.737869
2.6494067
3.5210268
3.5210268
2.6494067
3.4104798
2.6494067
3.5210268
3.1936376
1.8883334
3.1936376
3.3041847
2.5388596
4.065258
3.1936376
3.3041847
2.6494067
2.9767957
2.6494067
3.5210268
2.6494067
3.954711
3.4104798
3.0830908
2.3220174
2.4283128
3.3041847
3.6273217
3.954711
2.5388596
3.5210268
3.1936376
2.7557018
3.5210268
2.4325645
3.5210268
2.6494067
3.3041847
3.3041847
3.3041847
2.2157223
3.3041847
1.8883334
2.6494067
2.5431116
3.3041847
2.1051755
2.8705006
3.3041847
3.848416
2.6494067
2.8662488
3.4104798
3.737869
2.9767957
3.954711
2.9767957
3.0830908
3.737869
3.1936376
4.3883953
4.2821
3.737869
3.737869
4.065258
3.737869
3.737869
3.5167751
3.299933
3.5210268
3.954711
3.737869
3.1936376
3.6273217
3.4104798
3.737869
3.848416
3.4104798
3.4104798
4.171553
4.0610065
3.6273217
3.737869
4.171553
3.6273217
4.171553
3.954711
3.4104798
3.6273217
4.2821
4.4989424
3.189386
3.737869
4.3883953
4.9326262
3.6273217
3.6273217
4.2778482
3.6273217
4.3883953
4.3883953
4.3883953
4.0610065
3.4104798
5.0431733
3.7336173
3.5167751
4.2778482
5.1494684
4.4946904
4.605237
3.844164
4.3883953
4.3883953
4.171553
4.605237
4.9326262
4.3883953
4.167301
5.2557635
4.605237
5.3663106
4.2778482
4.0610065
5.1494684
4.605237
5.2557635
5.799995
4.167301
3.9504592
4.2778482
5.583153
4.2778482
5.038922
5.799995
5.1452165
4.6009855
4.4946904
5.799995
5.0346694
4.928375
5.689448
6.016837
5.1452165
5.1452165
5.799995
5.4726057
5.1452165
5.689448
5.3620586
6.450521
5.795743
5.90629
6.123132
6.012585
5.689448
5.795743
6.561068
5.578901
5.90629
6.556816
6.012585
5.251512
5.795743
6.012585
6.2294273
6.123132
5.90629
6.123132
5.90629
6.339974
6.123132
5.90629
5.689448
6.2336793
6.450521
6.450521
5.90629
5.578901
5.689448
5.90629
4.490439
5.578901
5.795743
5.90629
5.578901
5.689448
5.3620586
5.90629
6.012585
6.012585
6.2336793
6.8842053
5.578901
6.2336793
6.2294273
5.6851964
6.012585
6.339974
5.357807
6.2294273
6.556816
7.1010475
5.251512
6.339974
6.667363
6.663111
6.4462695
6.339974
7.317889
7.207342
6.663111
6.7736583
7.207342
7.9684157
6.9905005
6.8799534
7.4241843
6.4420176
7.096796
7.5347314
6.769407
6.986249
7.096796
7.313638
6.769407
8.185258
7.9684157
7.4241843
6.8799534
7.6410265
7.7515736
8.185258
6.6588597
7.857869
7.9684157
6.4420176
7.4241843
7.5304804
8.618942
7.857869
7.5304804
7.747322
8.074712
7.747322
8.2915535
8.508395
8.070459
7.747322
8.2915535
8.508395
9.269468
8.618942
8.508395
8.508395
7.6410265
8.4021
8.074712
7.747322
9.163173
8.835785
8.725238
7.313638
8.4021
8.2915535
8.618942
8.725238
8.508395
7.636775
7.747322
8.2915535
8.725238
7.747322
8.725238
9.052627
7.9641643
8.94208
7.9641643
8.2915535
7.747322
8.181006
7.747322
8.946331
8.508395
7.747322
8.94208
9.269468
8.2915535
8.725238
8.725238
7.9641643
7.747322
9.269468
8.504144
9.158921
8.8315325
8.8315325
9.592606
8.94208
8.725238
9.375764
9.375764
9.375764
8.94208
9.375764
9.265217
9.158921
9.265217
10.570521
9.482059
9.158921
9.703153
9.919995
8.8315325
8.94208
10.357931
9.919995
9.158921
9.592606
8.725238
9.269468
8.397848
8.94208
9.269468
8.504144
9.052627
9.703153
8.287301
9.158921
9.158921
9.048374
9.158921
9.158921
8.181006
9.592606
10.247384
9.482059
9.919995
10.353679
8.937827
9.486311
9.375764
8.720985
9.919995
9.698901
10.353679
10.353679
9.375764
9.375764
10.353679
9.265217
10.136837
9.588354
10.243132
10.459974
11.004206
10.132585
9.915743
10.349427
10.132585
10.459974
10.459974
10.02629
10.570521
9.265217
9.809448
10.243132
9.592606
9.809448
9.048374
9.265217
9.158921
10.030542
9.482059
9.375764
9.158921
9.703153
9.158921
8.725238
9.052627
8.725238
7.636775
8.508395
9.380016
8.074712
8.725238
8.725238
8.074712
8.074712
7.9641643
8.618942
7.747322
7.6410265
8.618942
7.747322
8.074712
7.4241843
7.857869
7.5304804
7.4241843
7.096796
7.096796
7.7515736
7.5347314
7.313638
6.8799534
6.5525646
6.2251754
6.4462695
6.9905005
6.8799534
6.9905005
6.7736583
6.2294273
5.795743
7.317889
6.556816
6.3357224
5.902038
7.1010475
6.9905005
6.7736583
6.8842053
6.123132
6.123132
5.795743
6.556816
6.339974
5.795743
6.2294273
5.578901
6.77791
5.468354
5.90629
6.667363
6.012585
6.667363
6.2294273
6.012585
6.7736583
6.123132
6.012585
6.450521
6.339974
6.667363
6.8842053
6.1188803
6.8842053
7.207342
5.902038
6.556816
6.667363
6.556816
6.339974
6.012585
7.2115946
6.339974
7.4284363
6.2294273
6.339974
6.339974
5.795743
5.251512
6.123132
6.450521
6.77791
5.795743
5.90629
5.3620586
6.450521
5.578901
5.689448
5.689448
5.1452165
5.799995
6.561068
6.016837
5.3620586
5.1452165
5.689448
5.578901
6.123132
5.689448
5.795743
5.2557635
6.123132
5.468354
6.016837
6.450521
6.2336793
5.578901
6.667363
5.795743
6.012585
5.2557635
6.123132
5.6851964
5.90629
6.123132
5.689448
6.8842053
6.123132
6.123132
5.689448
5.90629
6.339974
5.90629
7.2115946
6.123132
6.016837
5.3663106
5.3620586
4.7115326
5.799995
5.4726057
5.4726057
5.1452165
5.3620586
5.689448
6.016837
5.1452165
6.3442264
6.1273837
4.4946904
5.4726057
5.1494684
4.8220797
5.038922
5.4726057
5.1452165
5.2557635
5.3620586
6.016837
5.578901
5.90629
5.795743
5.3620586
5.4726057
6.016837
6.123132
6.012585
6.556816
6.012585
5.795743
5.902038
6.556816
6.2294273
6.339974
7.1010475
6.4462695
6.2294273
5.902038
6.012585
6.556816
7.6452785
5.6851964
6.556816
6.7736583
6.8842053
6.556816
6.556816
6.4462695
6.2294273
7.1010475
6.7736583
6.7736583
6.9905005
7.6452785
6.3357224
6.7736583
6.2294273
6.2294273
6.7736583
6.012585
6.2294273
7.317889
7.317889
6.667363
6.4462695
6.9905005
6.3357224
6.663111
7.207342
7.7515736
6.8799534
7.5347314
6.3357224
7.1010475
7.096796
7.6410265
6.769407
6.4462695
6.9905005
6.8799534
7.1010475
6.9905005
6.4462695
5.468354
7.1010475
6.556816
5.468354
6.663111
7.8621206
6.3357224
6.7736583
7.4241843
7.207342
7.096796
7.6410265
7.4241843
7.6410265
7.6410265
6.8799534
8.078962
8.074712
7.747322
6.986249
7.857869
7.9684157
7.4241843
7.9684157
7.9684157
8.185258
6.986249
7.6410265
8.185258
8.074712
7.857869
7.857869
7.096796
7.096796
7.9684157
7.6410265
7.207342
7.096796
7.6410265
7.9684157
8.074712
7.857869
7.636775
8.508395
8.185258
8.074712
6.986249
7.747322
8.725238
8.725238
8.618942
8.181006
7.747322
7.857869
8.181006
7.9641643
8.2915535
9.158921
7.853617
8.074712
8.185258
7.203091
8.729489
7.6410265
7.857869
8.2915535
7.6410265
8.725238
7.747322
7.857869
9.163173
8.618942
7.419933
7.857869
7.9641643
6.986249
8.2915535
8.2915535
7.313638
7.9641643
8.4021
8.2915535
8.946331
8.185258
8.2915535
7.6410265
8.4021
8.618942
7.6410265
8.508395
6.8799534
7.857869
7.857869
8.074712
7.857869
7.5304804
7.203091
8.185258
7.857869
7.096796
7.7515736
8.185258
7.857869
7.207342
6.986249
7.6410265
7.313638
8.185258
7.857869
9.163173
7.6410265
8.2915535
9.052627
8.181006
7.9641643
8.508395
8.508395
7.203091
8.835785
8.508395
8.397848
8.4021
8.618942
7.5304804
8.2915535
8.2915535
8.181006
8.2915535
8.725238
7.419933
8.185258
8.074712
8.074712
7.6410265
8.185258
7.857869
7.857869
7.857869
7.203091
6.986249
7.857869
8.074712
8.4021
8.074712
6.986249
7.5304804
8.618942
7.096796
8.074712
8.074712
8.508395
8.185258
8.946331
6.769407
7.313638
8.2915535
7.313638
8.618942
8.074712
7.636775
7.6410265
8.074712
7.096796
7.4241843
7.4241843
6.8799534
7.9684157
7.096796
6.8799534
6.5525646
7.6410265
8.185258
7.6410265
6.8799534
7.4241843
7.4241843
6.1188803
8.078962
6.4462695
6.5525646
8.185258
6.9905005
7.7515736
7.6410265
7.207342
7.207342
7.207342
6.8799534
6.008333
8.295805
6.663111
6.1188803
7.1010475
6.3357224
5.6851964
6.556816
6.4462695
5.795743
4.928375
5.795743
4.8178277
6.2336793
6.339974
6.339974
6.2294273
6.8842053
6.7736583
6.4462695
6.012585
6.556816
5.795743
6.8842053
6.012585
5.795743
6.4462695
6.2336793
6.8842053
5.251512
6.450521
5.578901
4.7115326
6.016837
5.038922
4.7115326
5.1494684
4.9326262
3.9504592
4.8220797
4.928375
5.038922
6.016837
6.016837
5.1452165
5.689448
4.928375
4.167301
5.1452165
5.2557635
5.578901
5.4726057
6.016837
5.251512
5.4726057
6.667363
5.795743
5.578901
6.450521
6.123132
5.4726057
4.8178277
6.450521
6.339974
5.0346694
6.2336793
5.689448
5.689448
5.3620586
5.2557635
6.123132
5.3620586
4.490439
4.928375
4.928375
5.1452165
4.3841434
6.016837
5.799995
4.7115326
5.2557635
4.0610065
4.715784
5.1494684
4.605237
4.2778482
5.1494684
5.038922
4.8220797
4.2778482
5.1494684
4.9326262
4.8220797
3.5167751
4.9326262
4.0610065
3.7336173
4.3883953
3.7336173
4.605237
4.0610065
4.2778482
4.3883953
3.299933
4.715784
4.715784
3.954711
5.1494684
4.3883953
4.2778482
4.4946904
5.6937
5.1452165
4.4946904
5.1452165
5.90629
4.7115326
5.038922
5.9105415
5.689448
5.038922
4.7115326
4.605237
4.7115326
5.038922
4.3841434
3.9504592
4.605237
5.038922
5.583153
5.3663106
5.2557635
4.0610065
4.7115326
4.167301
4.7115326
5.583153
5.038922
6.667363
4.056754
5.3620586
5.4726057
5.2557635
5.0346694
5.578901
4.928375
5.3620586
4.7115326
5.90629
5.4726057
5.689448
5.799995
4.7115326
5.4726057
5.689448
5.799995
6.2336793
6.450521
6.012585
5.6851964
6.2294273
6.769407
6.2294273
7.4241843
6.2294273
7.207342
6.663111
6.4462695
7.7515736
6.9905005
7.207342
5.6851964
6.556816
6.1188803
7.5347314
7.207342
6.9905005
6.4462695
7.317889
6.7736583
7.207342
6.663111
7.7515736
7.207342
6.3357224
7.6410265
7.7515736
7.6410265
7.096796
7.4241843
7.6410265
6.5525646
7.203091
6.986249
6.769407
7.096796
6.008333
6.8799534
7.207342
7.096796
6.2251754
6.1188803
6.663111
6.2294273
6.7736583
7.4241843
6.5525646
7.313638
6.769407
6.6588597
6.6588597
7.096796
7.9641643
6.986249
8.074712
8.508395
8.508395
8.94208
8.94208
7.74307
7.853617
9.158921
7.526228
8.070459
7.853617
8.397848
7.636775
7.9641643
7.309386
7.747322
7.636775
7.74307
8.725238
7.849365
8.504144
8.8315325
9.158921
8.720985
8.94208
8.8315325
8.176754
9.371511
8.82728
9.048374
10.02629
9.044123
8.720985
8.720985
9.375764
10.02629
9.703153
8.716734
9.265217
10.787363
9.371511
9.048374
9.915743
9.482059
10.132585
9.260964
8.82728
9.698901
10.459974
10.676816
10.787363
9.809448
10.132585
9.809448
10.02629
10.136837
10.132585
9.482059
9.15467
10.459974
8.610438
9.592606
10.02629
9.698901
9.482059
9.482059
10.349427
9.915743
9.482059
10.132585
9.588354
8.937827
9.482059
9.15467
9.915743
10.02629
9.260964
8.287301
9.265217
9.15467
7.9599123
7.9599123
8.508395
7.5304804
7.9641643
7.203091
8.508395
6.875702
7.9641643
8.2915535
7.74307
8.720985
9.048374
9.805196
10.783112
10.132585
11.1105
10.349427
10.0220375
9.260964
10.132585
9.260964
9.260964
11.004206
8.937827
9.15467
9.048374
9.265217
7.849365
7.747322
8.94208
8.725238
8.725238
8.504144
7.853617
8.397848
8.287301
8.504144
8.504144
8.614691
8.287301
8.176754
9.158921
9.482059
8.070459
9.486311
8.176754
7.415681
8.8315325
8.8315325
7.74307
8.614691
9.269468
7.74307
8.2915535
9.486311
7.747322
7.636775
8.181006
8.181006
8.8315325
7.526228
8.508395
8.181006
7.74307
7.853617
8.94208
8.393597
8.070459
8.181006
8.8315325
9.048374
8.614691
8.397848
8.070459
7.636775
7.9641643
7.526228
6.765155
7.853617
7.747322
7.853617
9.048374
8.508395
8.725238
8.181006
7.092544
7.9641643
7.747322
7.9641643
6.986249
6.986249
6.5525646
6.769407
6.6588597
6.5525646
5.6809444
7.5347314
5.6851964
5.574649
5.6851964
5.6809444
6.7736583
6.9905005
7.096796
6.1188803
6.4420176
7.9684157
6.2251754
6.2251754
6.8799534
6.8799534
5.902038
6.7736583
6.008333
6.5525646
7.207342
6.556816
6.4462695
6.5525646
4.5967336
6.667363
5.3620586
5.3620586
5.1452165
4.7115326
5.251512
4.490439
5.795743
5.689448
5.0346694
5.251512
4.3841434
5.578901
4.7072806
5.689448
5.689448
4.2735963
4.7072806
4.6009855
5.578901
4.6009855
4.7072806
4.6009855
5.689448
5.3620586
5.3620586
5.4726057
6.2336793
5.3620586
6.123132
5.3620586
5.0346694
6.667363
6.012585
5.902038
6.012585
6.012585
6.450521
4.8178277
6.123132
6.123132
6.012585
5.795743
5.3620586
5.0346694
5.3620586
4.928375
5.689448
5.1452165
4.490439
5.1452165
5.140965
5.578901
5.3620586
5.689448
5.251512
6.2294273
6.012585
5.6851964
6.123132
6.556816
6.1188803
6.7736583
5.6851964
6.339974
6.7736583
6.4462695
6.667363
6.2294273
5.468354
5.1452165
5.90629
5.2557635
5.2557635
4.7115326
5.2557635
5.689448
4.7115326
6.016837
5.578901
4.7072806
5.90629
5.795743
6.2294273
5.251512
6.123132
5.140965
6.450521
5.468354
5.6851964
6.339974
6.7736583
6.339974
6.339974
5.468354
5.140965
6.123132
6.339974
5.251512
6.123132
6.123132
5.251512
5.90629
5.6851964
4.7072806
6.7736583
6.2294273
5.6851964
6.4462695
7.317889
6.3357224
6.012585
6.2294273
5.24726
5.795743
6.556816
6.2294273
6.339974
6.339974
5.795743
6.123132
4.928375
5.3620586
6.2336793
4.490439
5.578901
6.2336793
5.795743
6.123132
6.012585
7.2115946
5.90629
6.012585
6.2294273
5.6851964
5.468354
6.556816
6.1188803
5.357807
5.795743
6.012585
6.4462695
6.2294273
5.140965
6.4462695
6.339974
5.140965
5.468354
6.2294273
5.902038
5.468354
5.468354
7.1010475
5.902038
6.4462695
6.9905005
6.9905005
6.1188803
6.012585
6.3357224
4.9198713
5.6851964
6.556816
6.1188803
7.207342
6.8799534
6.9905005
6.663111
5.6851964
6.1188803
6.339974
5.791491
6.339974
6.7736583
6.3357224
5.6851964
7.4241843
7.096796
7.4241843
7.207342
7.5347314
6.8799534
6.339974
6.556816
6.5525646
6.8799534
6.5525646
5.8977866
6.5525646
7.313638
6.1188803
7.6410265
6.3357224
6.8799534
6.663111
6.663111
6.663111
6.9905005
7.5304804
8.074712
7.203091
5.8977866
7.857869
7.096796
7.313638
7.6410265
6.986249
6.5525646
7.857869
7.5304804
6.875702
7.203091
7.6410265
7.5304804
7.4241843
7.5304804
7.096796
6.8799534
6.769407
6.8799534
6.769407
7.207342
6.986249
6.6588597
6.9905005
7.857869
7.313638
7.313638
7.096796
7.207342
5.791491
7.5347314
7.4241843
7.5347314
6.769407
7.6410265
7.7515736
7.4241843
6.986249
7.096796
7.313638
7.096796
8.185258
7.6410265
7.096796
6.875702
8.185258
7.419933
7.857869
7.7515736
6.8799534
6.986249
7.096796
7.207342
7.5304804
7.4241843
6.986249
7.4241843
6.5525646
7.857869
7.096796
7.207342
7.207342
6.1188803
7.4241843
6.663111
7.4241843
6.986249
7.9684157
7.313638
7.096796
6.986249
7.4241843
7.5304804
7.313638
7.313638
6.769407
7.313638
7.857869
6.986249
6.986249
8.185258
7.857869
7.096796
7.6410265
7.6410265
5.8977866
6.3357224
8.185258
7.6410265
7.096796
7.6410265
6.6588597
7.096796
7.313638
7.4241843
7.857869
7.096796
7.6410265
7.5304804
7.4241843
8.078962
6.986249
7.9641643
7.096796
7.6410265
8.618942
6.875702
7.4241843
7.6410265
7.4241843
8.185258
7.313638
8.185258
7.096796
7.6410265
7.7515736
6.2251754
7.096796
6.8799534
7.096796
7.207342
6.8799534
7.6410265
6.663111
7.4241843
6.8799534
6.1188803
6.5525646
6.663111
6.8799534
7.4241843
7.096796
6.986249
6.8799534
7.7515736
6.4420176
6.986249
6.8799534
7.096796
7.6410265
7.313638
7.096796
8.185258
6.8799534
6.986249
7.6410265
6.986249
8.185258
6.6588597
7.313638
6.5525646
7.096796
7.6410265
6.9905005
7.313638
7.7515736
7.096796
6.769407
7.207342
6.8799534
6.9905005
6.3357224
5.464102
6.4462695
6.5525646
7.207342
6.5525646
6.5525646
7.4241843
6.8799534
6.1188803
8.185258
6.769407
6.8799534
7.4241843
6.663111
7.096796
7.207342
7.096796
7.5347314
7.317889
6.4462695
6.556816
5.6851964
8.078962
7.4241843
7.317889
7.1010475
6.9905005
6.008333
7.1010475
7.207342
5.574649
6.8842053
7.4241843
6.1188803
7.6410265
7.096796
6.8799534
6.8799534
6.7736583
6.8799534
6.9905005
7.7515736
6.769407
6.3357224
7.207342
6.663111
7.4241843
6.9905005
7.207342
7.207342
6.2294273
6.769407
6.3357224
7.4241843
6.7736583
7.4241843
7.1010475
5.902038
7.7515736
7.4241843
7.313638
7.4241843
7.096796
6.2251754
6.663111
7.9684157
6.986249
7.5347314
7.857869
7.857869
6.8799534
7.313638
7.7515736
7.096796
6.9905005
7.207342
8.295805
6.663111
6.7736583
6.8799534
6.8799534
6.8799534
7.7515736
7.4241843
6.5525646
7.4241843
7.096796
7.5347314
6.6588597
6.9905005
7.7515736
6.663111
7.7515736
6.7736583
6.8799534
7.4241843
6.663111
6.9905005
7.317889
6.2294273
6.1188803
6.123132
5.6851964
6.8842053
6.123132
5.574649
5.357807
6.012585
6.667363
6.7736583
5.574649
6.4462695
7.317889
6.008333
5.902038
6.7736583
6.663111
7.207342
6.3357224
7.7515736
6.7736583
6.9905005
6.9905005
6.7736583
7.207342
6.556816
5.902038
6.4462695
6.663111
6.8799534
6.663111
7.207342
8.295805
6.8799534
7.313638
6.663111
7.207342
7.7515736
6.769407
6.663111
6.9905005
6.9905005
7.096796
6.1188803
7.207342
7.207342
6.8799534
6.663111
6.9905005
6.4462695
5.6851964
6.7736583
6.8799534
6.4462695
7.207342
6.556816
5.902038
5.902038
6.339974
6.2294273
5.902038
6.9905005
7.5347314
6.1188803
6.4462695
6.556816
7.317889
6.4462695
7.096796
7.207342
6.5525646
6.9905005
6.9905005
7.207342
7.4241843
6.8799534
7.7515736
7.7515736
6.5525646
7.313638
7.207342
7.7515736
6.3357224
7.4241843
7.6410265
6.8799534
7.4241843
7.5347314
6.9905005
6.008333
7.207342
7.7515736
6.663111
8.295805
6.5525646
6.8799534
8.078962
6.9905005
6.9905005
7.5347314
7.4241843
6.769407
6.769407
7.313638
6.4420176
7.6410265
7.6410265
8.618942
7.419933
6.6588597
7.6410265
7.313638
7.313638
7.313638
7.313638
6.769407
7.857869
7.419933
7.4241843
6.769407
7.9684157
6.769407
8.074712
7.313638
8.074712
8.074712
7.9641643
8.2915535
8.074712
8.835785
9.592606
8.181006
9.703153
10.136837
8.504144
9.592606
8.720985
9.048374
9.158921
9.375764
10.02629
9.15467
8.610438
10.136837
10.136837
9.482059
9.048374
9.809448
10.136837
10.349427
10.132585
9.915743
10.459974
9.588354
10.132585
10.783112
10.783112
11.1105
11.437889
10.783112
10.999953
11.327342
11.433638
11.761026
11.433638
11.977869
12.628395
12.301006
12.845238
13.389469
11.646228
13.062079
13.278922
13.168375
13.929449
13.062079
12.951532
13.278922
12.407301
14.039994
13.495763
14.035743
14.256837
12.951532
13.712605
13.057828
13.491511
14.252585
14.252585
14.363132
14.363132
14.792564
14.035743
14.579974
14.796817
14.35888
15.447342
15.230501
14.903111
15.009407
15.230501
15.664186
15.336795
14.682017
15.557889
15.447342
14.792564
15.664186
15.336795
16.208416
15.226248
15.987322
14.575723
15.881026
15.226248
15.553638
16.09787
15.226248
15.987322
14.792564
15.770479
16.204163
15.770479
15.659932
16.965237
15.876775
16.199913
16.093616
16.965237
15.983071
17.615763
16.744143
17.288374
16.85044
16.960987
16.527302
17.288374
17.288374
17.943153
16.633596
16.089365
16.421007
16.31046
16.523048
16.744143
17.177828
16.089365
16.527302
17.615763
16.416756
17.611511
17.832605
17.06728
17.288374
17.39467
18.483133
18.372585
17.824102
17.938902
18.26204
19.133657
18.26629
18.372585
17.173576
18.589426
18.916817
17.934649
18.26204
18.699974
17.60726
18.045197
18.155743
18.810522
18.155743
18.26629
18.372585
18.372585
17.934649
17.938902
17.934649
18.045197
17.828354
19.133657
18.699974
18.26204
18.045197
18.045197
18.589426
17.824102
18.589426
17.611511
17.500965
19.027365
18.80627
18.916817
17.938902
18.483133
18.26629
17.615763
17.505217
17.398922
16.960987
16.748394
17.18208
16.416756
15.876775
17.398922
16.093616
15.987322
15.987322
15.332544
15.987322
16.637848
15.770479
16.421007
15.553638
15.770479
15.336795
15.553638
15.009407
15.447342
15.664186
14.792564
15.664186
15.119954
14.469427
15.447342
14.248333
15.447342
15.230501
13.597807
14.469427
14.035743
13.491511
14.035743
14.035743
12.836734
12.840985
14.039994
12.840985
13.168375
14.039994
13.389469
12.628395
12.734691
12.084165
12.084165
11.65048
11.65048
11.2125435
11.871573
11.433638
10.128334
11.654732
10.566269
11.327342
11.1105
11.216796
11.1105
10.23888
10.459974
10.349427
10.132585
10.893659
10.566269
10.23888
11.004206
9.915743
9.588354
9.809448
10.459974
9.371511
11.221047
10.459974
10.243132
11.437889
9.915743
10.02629
10.349427
9.809448
10.787363
9.265217
10.243132
10.132585
9.915743
10.570521
9.592606
9.809448
9.482059
8.614691
9.265217
8.94208
9.375764
9.703153
8.94208
9.158921
8.508395
7.9641643
8.070459
8.2915535
8.397848
8.835785
8.94208
8.185258
8.94208
8.185258
8.4021
8.4021
7.5304804
7.4241843
7.7515736
7.096796
7.6410265
7.4241843
7.9684157
7.9684157
6.8799534
7.207342
6.2294273
5.902038
7.317889
7.4241843
7.4241843
7.4241843
7.8621206
6.2251754
7.7515736
7.207342
7.9684157
8.295805
6.3357224
6.663111
7.207342
6.9905005
7.207342
6.4462695
6.8842053
6.012585
6.339974
6.7736583
5.578901
5.251512
5.795743
6.123132
5.795743
6.77791
6.667363
5.468354
6.2336793
6.667363
5.468354
5.795743
5.90629
6.123132
5.3620586
4.928375
6.016837
4.928375
5.4726057
5.578901
5.4726057
4.8178277
4.928375
6.1273837
4.8220797
5.038922
5.2557635
4.8220797
5.3663106
5.4726057
5.4726057
5.0346694
5.689448
5.90629
5.583153
6.123132
6.012585
5.90629
6.4462695
6.2294273
6.339974
7.4284363
6.8842053
6.123132
6.2336793
6.667363
6.339974
5.6851964
6.667363
6.339974
5.795743
5.795743
5.578901
5.689448
5.1452165
7.2115946
5.140965
5.251512
6.7736583
6.012585
6.667363
6.561068
5.468354
6.450521
5.90629
6.9947524
6.667363
6.339974
7.2115946
6.556816
6.2336793
7.2115946
6.77791
6.123132
6.561068
6.7736583
6.8842053
6.012585
6.9905005
6.556816
6.667363
7.1010475
7.1010475
6.667363
7.317889
6.7736583
6.339974
6.556816
7.317889
6.556816
7.1010475
7.1010475
6.9905005
6.123132
6.556816
7.317889
6.4462695
6.7736583
6.556816
7.8621206
6.9905005
5.902038
7.8621206
7.317889
6.9905005
7.5347314
6.7736583
8.185258
7.317889
6.4462695
7.317889
7.317889
7.317889
7.5347314
7.207342
6.7736583
7.5347314
6.556816
6.2294273
7.4284363
7.5347314
7.207342
7.7515736
7.1010475
6.4462695
7.6452785
7.6452785
7.207342
7.7515736
7.6410265
7.5347314
7.9684157
7.317889
8.512647
7.6410265
7.7515736
7.4241843
7.9684157
8.295805
7.4241843
7.9684157
7.6410265
8.4021
8.295805
8.4021
7.9684157
8.946331
7.6410265
8.185258
8.074712
8.2915535
8.074712
7.857869
9.27372
8.835785
7.7515736
7.6410265
8.729489
7.9641643
8.618942
8.2915535
8.729489
8.074712
7.7515736
7.9684157
8.618942
8.074712
8.946331
8.618942
7.419933
8.2915535
7.5304804
8.074712
8.074712
7.6410265
9.163173
8.618942
6.986249
8.074712
8.729489
8.508395
8.618942
8.946331
8.618942
7.857869
8.4021
8.835785
9.269468
8.181006
8.94208
8.835785
8.181006
8.618942
9.486311
8.94208
9.375764
9.052627
9.703153
9.486311
8.725238
8.725238
9.269468
9.592606
9.592606
10.030542
10.459974
9.375764
9.375764
10.464226
9.809448
9.809448
10.02629
10.89791
10.459974
10.02629
10.349427
10.243132
11.221047
10.893659
10.676816
11.654732
10.132585
11.765279
10.676816
11.437889
11.548436
11.437889
11.1105
11.437889
11.1105
11.437889
11.654732
12.415805
10.455723
11.654732
11.871573
10.783112
11.437889
11.004206
11.765279
11.437889
11.765279
11.437889
11.654732
11.114753
11.765279
11.765279
11.437889
11.221047
11.004206
10.893659
11.437889
11.548436
11.437889
11.654732
10.676816
11.765279
11.654732
11.1105
11.331594
11.437889
10.566269
11.221047
11.437889
11.1105
10.676816
12.198963
10.570521
10.243132
11.1105
11.004206
11.331594
10.243132
10.459974
10.89791
10.353679
11.548436
10.459974
10.243132
11.658983
11.331594
10.459974
10.89791
10.89791
10.243132
11.114753
10.893659
10.136837
11.004206
11.548436
10.459974
10.570521
10.787363
11.114753
10.681068
10.243132
10.893659
10.787363
10.353679
10.89791
10.353679
10.02629
9.809448
10.7916155
9.375764
10.02629
9.809448
9.919995
9.703153
9.486311
10.136837
10.353679
9.048374
10.89791
10.459974
10.02629
11.221047
11.765279
10.893659
11.331594
11.437889
10.893659
10.676816
11.004206
10.787363
11.548436
11.221047
10.02629
9.592606
9.703153
8.725238
8.4021
8.2915535
8.185258
7.207342
8.078962
8.189509
7.7515736
7.4241843
7.6452785
7.9684157
7.207342
9.056878
8.946331
8.2915535
9.27372
8.725238
9.919995
9.703153
10.570521
10.570521
10.459974
11.221047
10.459974
10.243132
10.570521
10.353679
10.787363
10.02629
9.486311
8.725238
9.596858
8.508395
8.185258
8.4021
7.096796
7.7515736
7.4241843
7.9684157
7.9684157
7.857869
7.4241843
7.9684157
7.7515736
7.9684157
7.6410265
9.380016
7.9641643
9.380016
9.486311
8.508395
9.158921
10.136837
8.94208
9.486311
9.158921
9.269468
9.048374
10.1410885
9.486311
9.596858
8.397848
9.052627
8.4021
7.313638
8.4021
7.6410265
8.4021
7.6410265
8.295805
7.317889
7.207342
7.7515736
8.078962
7.207342
6.663111
7.4241843
6.9905005
6.9905005
7.096796
6.8799534
7.7515736
7.9684157
6.9905005
7.7515736
7.7515736
7.4241843
7.7515736
7.4241843
6.8799534
7.317889
7.207342
7.317889
6.9905005
6.9905005
7.317889
7.096796
6.8799534
7.7515736
7.9684157
7.8621206
7.4241843
7.8621206
7.207342
6.9905005
7.5304804
7.747322
7.857869
8.4021
7.747322
8.074712
7.6410265
8.074712
7.857869
7.096796
9.163173
8.185258
7.857869
8.946331
7.313638
8.618942
9.052627
9.163173
9.380016
7.9641643
8.946331
8.946331
7.857869
8.074712
9.380016
8.835785
7.9641643
8.94208
8.94208
9.052627
8.397848
8.4021
8.835785
8.835785
9.163173
8.835785
8.074712
7.9641643
9.380016
8.946331
8.2915535
8.94208
9.158921
8.725238
8.508395
9.052627
8.94208
9.703153
9.482059
9.592606
9.919995
8.614691
9.486311
9.486311
9.269468
9.592606
9.269468
9.596858
8.835785
8.397848
8.725238
8.2915535
9.052627
8.074712
8.4021
8.074712
7.857869
7.857869
7.7515736
8.4021
8.074712
8.94208
8.2915535
8.397848
8.504144
8.070459
9.048374
10.02629
10.787363
9.371511
9.698901
9.698901
9.371511
9.592606
9.265217
9.048374
9.158921
9.8137
9.158921
8.614691
8.2915535
9.052627
9.269468
8.835785
7.5304804
7.5304804
9.380016
8.2915535
7.6410265
8.835785
8.614691
9.486311
9.596858
9.375764
8.94208
9.592606
10.353679
9.048374
10.02629
9.592606
9.919995
10.570521
9.375764
9.265217
9.482059
9.048374
9.158921
8.508395
8.94208
8.2915535
7.857869
8.835785
8.618942
7.203091
6.769407
7.6410265
8.4021
7.5304804
8.074712
7.6410265
8.4021
8.074712
7.857869
8.185258
8.074712
8.181006
8.614691
8.181006
8.618942
8.835785
8.618942
8.2915535
8.074712
8.508395
8.4021
8.618942
6.875702
8.074712
8.074712
6.6588597
8.074712
7.203091
7.6410265
7.9641643
7.747322
7.747322
7.203091
6.6588597
8.074712
7.313638
6.769407
7.096796
7.857869
7.4241843
7.6410265
7.9684157
7.9684157
7.7515736
6.4420176
7.6410265
7.313638
6.8799534
7.207342
7.857869
7.4241843
7.096796
6.8799534
7.5304804
7.7515736
7.1010475
6.663111
6.8799534
7.313638
6.5525646
7.5347314
7.207342
7.1010475
6.4462695
5.6851964
6.123132
6.339974
6.339974
6.4462695
7.1010475
6.7736583
7.207342
6.012585
6.012585
6.556816
7.1010475
7.207342
6.012585
6.9905005
7.317889
6.1188803
6.2294273
6.7736583
6.2294273
6.339974
7.207342
6.9905005
7.207342
7.317889
6.1188803
6.663111
6.7736583
6.7736583
6.9905005
6.667363
7.2115946
7.317889
6.2294273
6.663111
5.6851964
6.7736583
6.556816
6.339974
6.8799534
6.339974
5.795743
6.2294273
7.6452785
6.1188803
6.7736583
6.8799534
6.9905005
6.7736583
6.663111
7.317889
7.207342
6.1188803
7.6410265
7.207342
6.663111
7.207342
7.4241843
6.769407
6.8799534
7.5347314
7.4241843
7.6410265
7.096796
7.6410265
7.857869
7.857869
7.096796
8.512647
7.6410265
8.4021
8.185258
8.729489
8.2915535
7.747322
8.074712
9.269468
7.853617
8.070459
9.052627
8.614691
9.703153
8.94208
9.269468
8.94208
8.8315325
9.052627
9.703153
8.066207
8.614691
8.8315325
9.703153
9.8137
9.8137
7.853617
9.375764
9.158921
8.397848
9.919995
9.048374
9.048374
9.158921
10.243132
9.809448
9.809448
9.482059
8.937827
10.570521
10.353679
10.02629
10.349427
9.048374
10.243132
10.136837
9.698901
10.243132
10.89791
10.132585
9.809448
10.570521
9.915743
9.915743
10.676816
9.588354
11.004206
10.136837
10.681068
10.676816
10.02629
10.787363
10.459974
9.15467
10.243132
10.787363
11.004206
10.02629
9.809448
10.02629
10.570521
9.915743
10.132585
10.349427
10.02629
10.136837
10.459974
9.588354
10.893659
10.787363
10.893659
11.1105
10.349427
10.787363
10.893659
10.349427
10.676816
10.132585
11.548436
10.893659
10.132585
11.654732
11.1105
9.911491
11.004206
11.548436
9.69465
10.783112
10.243132
11.548436
10.783112
10.349427
10.566269
10.893659
9.805196
10.893659
10.566269
10.566269
10.676816
10.459974
11.221047
11.9821205
9.805196
10.787363
10.459974
10.23888
10.787363
11.331594
10.243132
10.02629
10.353679
9.915743
10.353679
9.915743
9.265217
10.02629
9.592606
9.592606
10.681068
9.698901
10.787363
9.482059
8.937827
10.247384
8.8315325
8.720985
9.269468
9.809448
9.375764
8.8315325
9.592606
8.720985
8.94208
9.375764
9.919995
9.048374
8.397848
9.703153
9.703153
8.725238
8.397848
8.94208
8.94208
9.269468
9.052627
8.397848
8.508395
9.163173
7.419933
7.857869
9.052627
7.5304804
8.4021
8.185258
7.6410265
7.857869
7.6410265
7.857869
8.512647
8.074712
7.096796
7.9684157
7.4241843
6.8799534
6.8799534
6.4462695
8.078962
7.7515736
7.317889
7.317889
7.317889
7.1010475
7.207342
5.902038
6.8842053
6.667363
6.667363
7.1010475
6.7736583
6.8842053
5.468354
5.90629
6.667363
5.3620586
5.689448
6.339974
6.450521
7.2115946
5.578901
5.795743
5.0346694
5.689448
5.3620586
6.1273837
5.2557635
5.578901
6.016837
5.3620586
4.6009855
6.016837
4.7115326
6.016837
5.90629
6.016837
5.578901
5.2557635
4.928375
5.583153
5.3620586
6.2336793
5.038922
5.689448
6.016837
5.799995
5.2557635
6.1273837
4.4946904
5.038922
4.8220797
4.605237
4.3883953
4.0610065
4.171553
4.171553
4.171553
4.4989424
4.171553
3.737869
3.954711
4.171553
3.4104798
4.826331
4.0610065
4.171553
4.171553
4.3883953
5.2600155
4.2821
4.171553
4.0610065
3.6273217
4.3883953
3.5167751
4.171553
4.2821
3.9504592
4.4989424
4.2821
3.844164
4.2821
4.065258
3.4104798
2.9767957
3.848416
3.5210268
3.954711
3.3041847
3.631574
4.065258
3.3041847
3.737869
3.631574
3.3041847
3.1936376
3.5210268
3.737869
3.3041847
3.3041847
2.8705006
2.8705006
3.0873425
2.7599535
2.8705006
2.1094272
2.5431116
2.1094272
2.7642052
2.5473633
1.2420589
1.896837
2.330521
1.0252168
1.3526058
2.003132
1.7862899
1.4589009
1.7862899
2.003132
2.4410682
2.8747523
1.7862899
2.1136792
2.003132
2.1136792
1.7905419
1.5694479
1.7862899
2.1136792
1.3526058
1.4631528
2.0073838
0.7020795
1.2463106
1.4631528
0.1621001
0.05155315
0.37894222
0.5957843
0.05155315
0.48523736
0.05155315
0.26839525
0.05155315
-0.16528895
-0.70952016
-0.8200671
0.05155315
-0.70952016
0.37894222
0.4894892
-0.81581527
0.05155315
-0.16528895
-0.27158412
-0.59897316
-0.70952016
-0.81581527
-0.81581527
-0.4884262
-0.38213107
-1.0326574
-0.81581527
-0.59897316
-1.2494994
-0.38213107
-1.0326574
-0.7052683
-1.2494994
-1.1389525
-0.7052683
-2.2274148
-1.1389525
-2.2274148
-1.5726367
-1.0284055
-2.223163
-2.33371
-2.116868
-2.006321
-2.116868
-2.767394
-2.767394
-3.5284674
-2.9842362
-2.9799845
-4.068447
-3.4179204
-3.5242157
-3.7410579
-4.395836
-4.1747417
-4.068447
-4.718973
-4.1704903
-5.0421104
-4.9358153
-5.369499
-4.9315634
-4.608426
-5.692637
-5.803184
-5.369499
-5.5863414
-5.0421104
-6.3474145
-5.2589526
-5.2589526
-5.5863414
-5.0421104
-4.9358153
-5.475795
-4.608426
-5.2632046
-4.9315634
-5.2589526
-4.608426
-4.4978795
-5.475795
-4.8252683
-6.126321
-5.9094787
-6.8916464
-5.9094787
-5.692637
-6.7810993
-6.343163
-5.3652477
-6.6705523
-6.0200257
-6.45371
-5.692637
-5.475795
-5.692637
-5.692637
-6.3474145
-6.0200257
-5.3652477
-6.236868
-5.9137306
-5.803184
-5.9137306
-6.0200257
-5.475795
-6.7810993
-5.9094787
-6.236868
-6.236868
-4.9315634
-5.2589526
-6.674804
-5.9137306
-5.2589526
-4.9315634
-5.5863414
-5.803184
-5.5863414
-6.0200257
-5.0421104
-5.5863414
-5.692637
-5.369499
-4.391584
-4.064195
-5.803184
-4.8252683
-4.391584
-4.2810373
-5.0421104
-5.9137306
-4.391584
-4.718973
-4.4978795
-4.718973
-5.156909
-4.068447
-4.502131
-3.9578998
-4.612678
-4.395836
-3.851605
-4.502131
-3.9578998
-3.7410579
-3.3073738
-3.2010784
-3.851605
-3.0905313
-3.851605
-3.6347628
-3.9621515
-3.2010784
-3.6347628
-3.5284674
-3.4179204
-2.4400053
-3.5284674
-2.9842362
-3.0947833
-2.112616
-2.4400053
-2.767394
-2.006321
-2.33371
-2.661099
-2.010573
-2.2274148
-1.6831837
-1.4663416
-1.6831837
-1.6831837
-1.1389525
-0.16103715
-2.010573
-1.2494994
-1.0326574
-1.2494994
-2.010573
-0.81581527
-0.9263622
-0.38213107
-0.054742
-0.16528895
-0.2758359
-0.054742
-0.38213107
-0.59897316
-0.054742
-0.38213107
-0.27158412
-0.2758359
-0.16528895
-0.70952016
-0.49267802
-0.49267802
-0.59897316
-0.27158412
-0.49267802
-0.59897316
-0.38213107
-0.38213107
-1.0369092
0.26839525
0.05155315
-0.2758359
0.48523736
1.2463106
0.1578483
0.3746904
1.5694479
1.1315118
2.2199743
2.9810476
2.003132
2.6536584
1.9988803
3.0873425
3.5210268
3.5210268
3.5210268
2.7599535
2.8662488
3.3041847
2.3220174
3.737869
3.5210268
3.1936376
3.4104798
3.6273217
3.6273217
4.3883953
4.8220797
4.0610065
5.038922
5.038922
4.2778482
5.038922
4.2778482
4.167301
5.90629
5.578901
6.2294273
5.90629
5.90629
6.667363
5.1452165
5.795743
5.578901
5.795743
6.339974
5.90629
6.2336793
5.3620586
5.90629
6.450521
5.689448
5.90629
6.450521
5.3620586
5.3620586
5.251512
6.556816
6.2336793
6.556816
6.556816
6.556816
5.574649
6.123132
6.556816
6.5525646
6.4462695
7.4241843
5.6809444
6.4462695
6.1188803
7.5347314
7.207342
6.4462695
6.5525646
7.4241843
6.3357224
7.096796
7.4241843
6.2251754
7.7515736
7.5304804
7.5347314
7.203091
7.203091
6.6588597
7.6410265
6.875702
7.313638
7.857869
7.096796
6.986249
7.5304804
7.313638
7.092544
7.096796
8.512647
8.2915535
7.9684157
7.747322
7.5304804
6.986249
7.857869
8.2915535
7.203091
7.857869
7.853617
7.636775
8.2915535
7.5304804
8.4021
8.508395
8.508395
7.9641643
8.2915535
7.9641643
8.508395
7.747322
9.052627
8.508395
7.313638
7.9641643
8.185258
7.9641643
7.857869
8.2915535
8.725238
8.074712
7.096796
8.074712
7.747322
7.9641643
9.052627
8.397848
7.309386
7.9641643
8.614691
7.419933
7.747322
8.508395
8.508395
7.419933
7.092544
7.6410265
8.074712
7.309386
8.185258
7.203091
6.986249
7.096796
7.5304804
7.419933
6.769407
7.747322
7.419933
8.070459
7.092544
7.203091
7.636775
7.853617
8.397848
7.526228
7.636775
7.853617
9.052627
8.287301
7.415681
8.8315325
8.393597
7.526228
7.849365
8.8315325
7.415681
8.504144
8.287301
7.9599123
7.849365
7.849365
9.269468
8.720985
8.504144
8.504144
8.287301
7.74307
8.287301
8.397848
8.176754
8.720985
8.720985
9.048374
8.610438
8.287301
8.720985
9.048374
9.048374
8.504144
8.176754
8.610438
8.610438
9.158921
9.265217
8.504144
9.375764
9.265217
8.937827
8.610438
9.048374
9.703153
7.632523
8.504144
8.176754
7.632523
9.048374
8.070459
9.158921
7.74307
8.397848
8.287301
7.849365
9.158921
8.287301
7.9599123
8.720985
8.397848
9.265217
7.415681
9.703153
8.937827
8.176754
9.048374
9.158921
9.048374
7.9599123
8.614691
8.82728
8.176754
8.504144
8.614691
7.526228
7.521976
8.181006
7.526228
8.181006
8.725238
8.181006
7.092544
8.181006
7.203091
6.5483127
7.526228
6.875702
7.853617
6.765155
8.074712
6.981997
6.3314705
7.747322
7.419933
7.9641643
7.1988387
7.419933
7.636775
7.419933
7.636775
8.508395
8.181006
7.636775
7.9684157
7.203091
7.096796
6.3314705
6.986249
6.6588597
6.2251754
7.5304804
7.313638
6.4420176
6.8799534
6.986249
7.096796
8.074712
6.769407
6.3357224
6.2251754
7.096796
6.5483127
7.5304804
6.769407
7.096796
7.313638
6.5525646
6.6588597
7.313638
5.8977866
6.2251754
6.986249
7.096796
6.2251754
6.4420176
6.3357224
6.2251754
7.096796
6.5525646
7.4241843
6.1188803
7.096796
6.008333
6.3357224
5.8977866
7.4241843
7.207342
6.008333
7.6410265
7.857869
6.2251754
6.663111
7.4241843
6.114629
6.663111
6.1188803
6.4420176
5.8977866
7.096796
6.8799534
5.464102
7.207342
5.902038
6.9905005
5.357807
5.030418
6.7736583
5.574649
6.8799534
7.096796
6.008333
6.2251754
6.008333
6.8799534
6.4462695
6.663111
7.096796
5.574649
6.9905005
5.464102
6.4462695
6.8799534
6.1188803
5.791491
6.9905005
6.663111
4.7030287
6.556816
5.468354
4.7072806
6.012585
5.902038
5.6851964
5.251512
5.468354
6.1188803
5.357807
5.574649
5.030418
5.6851964
6.012585
5.795743
6.2294273
5.6851964
6.7736583
6.769407
5.8977866
6.663111
7.5347314
5.24726
5.791491
6.8799534
6.2251754
5.8977866
6.3357224
6.769407
5.5703974
6.663111
6.769407
6.2251754
6.5525646
6.2251754
6.3357224
6.663111
6.7736583
6.769407
6.8799534
7.096796
6.008333
7.207342
6.8799534
6.008333
8.185258
6.986249
6.008333
6.769407
5.791491
6.2251754
6.8799534
6.663111
7.5347314
6.3357224
6.3357224
6.663111
6.663111
6.008333
6.8799534
6.8799534
5.574649
6.7736583
6.663111
6.4462695
5.574649
7.207342
6.9905005
6.1188803
5.578901
6.7736583
5.902038
6.4462695
6.667363
6.9905005
6.8799534
5.464102
6.1188803
6.008333
5.574649
5.902038
6.4462695
6.556816
5.6851964
7.1010475
6.769407
6.3357224
6.9905005
5.902038
6.3357224
7.096796
6.556816
7.207342
5.902038
4.924123
6.556816
5.902038
5.468354
6.1188803
6.556816
6.2294273
6.4462695
6.9905005
6.8799534
6.9905005
6.663111
7.5347314
6.663111
6.7736583
5.140965
5.140965
5.468354
4.924123
4.8178277
5.0346694
4.7115326
3.299933
2.7557018
3.3041847
3.954711
2.8662488
3.0830908
2.8662488
3.848416
2.972544
3.6273217
5.1494684
4.4946904
4.3841434
5.4726057
4.3841434
4.928375
5.578901
4.928375
5.689448
4.6009855
4.167301
5.3663106
5.2557635
4.4946904
3.9504592
3.9504592
3.7336173
2.8662488
3.299933
4.065258
4.3883953
2.7557018
3.0830908
3.0830908
3.5210268
3.6273217
2.4283128
3.4104798
3.954711
3.4104798
2.972544
4.171553
2.972544
3.299933
4.171553
4.8220797
3.189386
3.1936376
3.954711
2.8662488
2.6494067
3.0873425
2.1051755
2.3262694
3.0873425
1.9988803
2.1094272
2.7599535
2.3262694
3.0873425
2.9767957
3.5210268
2.3220174
2.3220174
3.631574
3.0830908
3.5210268
3.954711
2.6494067
3.1936376
3.5210268
3.1936376
2.5388596
2.9767957
2.6494067
3.1936376
2.8662488
2.9767957
2.9767957
3.5210268
3.0873425
1.565196
2.4325645
3.414732
2.3220174
3.3041847
3.3041847
1.9988803
2.1094272
2.3262694
2.1051755
3.1936376
2.1051755
2.4325645
2.8662488
2.9767957
2.7557018
2.9767957
3.4104798
2.8662488
2.9767957
2.5431116
3.4104798
3.3041847
2.7599535
2.8662488
3.5210268
3.4104798
2.5388596
4.2821
2.8662488
2.7557018
2.5388596
3.737869
3.1936376
3.5210268
4.605237
4.0610065
3.5167751
3.7336173
4.0610065
4.2778482
3.7293656
4.7115326
4.7115326
4.7115326
4.4946904
4.7115326
5.4726057
5.140965
5.251512
5.251512
4.924123
5.0346694
5.795743
5.795743
6.4462695
5.357807
6.2294273
6.8799534
5.791491
6.769407
6.5525646
6.3357224
6.114629
6.8799534
6.769407
6.114629
7.096796
6.6588597
7.7515736
7.747322
6.3314705
7.6410265
7.096796
7.6410265
7.857869
7.6410265
6.6588597
7.747322
6.986249
8.618942
7.5304804
7.092544
8.181006
8.8315325
8.393597
8.94208
8.614691
8.393597
8.720985
8.287301
8.504144
8.937827
8.066207
9.915743
10.128334
8.82728
10.566269
10.23888
10.345176
10.23888
10.783112
11.216796
9.907239
11.761026
10.995702
11.429386
12.411553
11.539933
11.539933
11.761026
11.756775
12.190459
13.062079
13.389469
12.951532
12.296754
12.951532
12.407301
13.385218
12.513597
13.491511
12.951532
13.818902
13.385218
12.403049
14.14629
14.469427
14.142038
13.708355
13.814649
14.252585
15.119954
14.792564
15.447342
14.248333
14.575723
13.920944
14.575723
14.792564
15.119954
14.792564
14.903111
14.02724
14.137786
15.226248
14.354629
14.354629
15.009407
14.354629
15.009407
15.226248
15.553638
15.226248
15.332544
15.119954
14.2440815
14.465176
14.682017
14.89886
14.465176
14.89886
15.009407
14.02724
14.792564
15.009407
15.009407
14.465176
15.009407
14.903111
15.009407
15.009407
14.792564
14.792564
14.57147
15.336795
14.792564
15.553638
14.137786
14.682017
15.226248
15.553638
14.57147
15.664186
15.226248
15.115701
15.226248
13.810397
15.226248
15.009407
15.332544
14.89886
14.137786
15.119954
13.810397
14.682017
15.009407
14.465176
15.336795
14.137786
14.57147
14.465176
14.2440815
14.89886
15.332544
14.465176
14.460924
15.226248
14.89886
14.137786
14.682017
15.332544
14.57147
14.57147
14.89886
15.009407
14.354629
14.903111
14.89886
14.2440815
15.009407
15.226248
14.465176
15.009407
14.02724
15.336795
14.248333
14.248333
14.35888
14.682017
13.920944
13.704102
14.248333
14.903111
14.35888
13.814649
13.708355
14.903111
13.270417
13.491511
14.690521
12.947281
13.925196
12.509345
12.836734
13.274671
13.491511
13.057828
12.840985
12.403049
12.407301
11.8630705
11.973618
12.190459
11.646228
10.774608
11.433638
12.084165
9.907239
10.562017
10.999953
10.999953
10.128334
9.69465
9.911491
9.911491
9.584103
10.23888
10.566269
10.23888
10.132585
10.566269
10.0220375
9.044123
10.893659
9.911491
9.915743
9.915743
9.588354
9.048374
9.15467
9.371511
8.393597
9.592606
9.260964
7.415681
9.158921
8.720985
7.9599123
8.94208
8.397848
7.853617
7.309386
6.986249
7.636775
5.4598503
7.313638
6.114629
5.8977866
7.4241843
6.114629
6.1188803
6.1188803
5.574649
4.4861865
5.578901
5.140965
4.7072806
5.0346694
4.924123
3.7293656
5.3620586
4.1630497
4.7072806
4.6009855
3.9504592
3.406228
4.0610065
4.167301
4.3841434
4.3841434
5.0346694
4.8178277
4.8178277
4.8178277
4.8178277
4.7115326
4.167301
5.4726057
4.056754
3.8399122
5.583153
4.8178277
4.8178277
4.7115326
5.4726057
5.1452165
4.9326262
4.4946904
4.3841434
4.3841434
4.0610065
3.7336173
4.4946904
2.861997
4.167301
4.167301
4.0610065
3.9504592
3.62307
3.844164
4.2778482
2.7557018
3.299933
3.4104798
2.3220174
2.4283128
3.0830908
3.0830908
2.8662488
3.5210268
2.8662488
3.0873425
2.9767957
1.9946285
3.3041847
3.0830908
3.848416
2.6494067
3.1936376
2.4325645
2.5388596
2.9767957
3.0873425
3.0830908
3.5210268
2.2157223
3.0873425
2.6494067
2.3262694
3.4104798
1.8883334
2.9767957
3.737869
2.9767957
2.9767957
2.7599535
3.848416
2.1051755
2.1094272
2.5431116
2.7599535
2.9767957
1.7777863
2.4325645
3.1936376
2.6494067
3.0873425
2.7599535
2.3262694
1.8883334
2.8705006
2.9767957
2.4325645
3.3041847
2.7599535
3.414732
2.5431116
2.3220174
3.631574
2.9767957
2.1051755
3.848416
2.8662488
3.1936376
3.1936376
3.5210268
3.1936376
2.5388596
3.954711
3.6273217
2.9767957
3.6273217
3.4104798
3.844164
2.8662488
3.5210268
3.6273217
2.4283128
3.6273217
5.038922
4.8220797
5.2557635
4.0610065
4.928375
4.6009855
4.167301
4.928375
4.8178277
5.90629
6.123132
4.8178277
6.339974
5.90629
6.556816
5.251512
6.012585
5.902038
5.251512
6.339974
6.012585
6.667363
5.0346694
6.2336793
6.7736583
5.357807
5.6851964
6.012585
5.0346694
5.795743
6.123132
6.339974
6.2294273
4.924123
6.663111
5.357807
6.556816
6.663111
7.207342
6.5525646
7.5347314
7.096796
6.1188803
6.663111
7.096796
6.3357224
7.6410265
7.5304804
7.4241843
7.096796
7.747322
6.986249
7.6410265
8.295805
6.5525646
7.313638
7.4241843
6.986249
6.986249
8.2915535
7.419933
8.181006
8.725238
7.636775
8.181006
8.181006
9.269468
8.725238
7.632523
9.158921
9.375764
7.738818
9.482059
8.937827
8.720985
8.720985
8.8315325
9.265217
10.353679
9.265217
9.048374
9.486311
8.176754
9.265217
8.614691
9.809448
9.048374
9.048374
9.048374
9.375764
9.703153
9.698901
9.809448
9.15467
10.136837
9.588354
8.610438
9.482059
9.698901
8.82728
9.482059
10.02629
9.588354
9.698901
10.132585
9.805196
10.132585
9.809448
10.459974
10.23888
10.0220375
10.349427
10.455723
10.349427
10.349427
10.349427
10.23888
11.437889
10.566269
10.783112
10.999953
11.437889
10.676816
10.783112
10.132585
10.676816
10.345176
10.23888
11.327342
10.893659
10.783112
10.676816
11.871573
10.783112
11.437889
11.871573
11.654732
10.783112
10.566269
10.783112
10.566269
11.765279
10.23888
11.871573
11.437889
10.999953
11.1105
10.566269
10.455723
10.676816
10.6725645
11.1105
11.437889
10.23888
10.566269
10.128334
10.893659
11.654732
10.132585
9.911491
10.459974
10.893659
10.128334
10.349427
10.676816
11.654732
10.132585
10.893659
10.459974
11.221047
10.349427
11.004206
10.02629
10.02629
11.221047
9.69465
10.23888
10.893659
10.243132
9.69465
10.566269
9.698901
11.331594
10.893659
9.260964
10.132585
10.349427
9.805196
10.0220375
10.676816
9.698901
10.459974
11.437889
9.044123
10.132585
10.459974
10.349427
9.915743
9.044123
10.566269
9.805196
9.371511
10.349427
9.698901
10.349427
8.937827
10.787363
9.915743
9.260964
10.455723
11.221047
11.1105
11.004206
10.999953
10.893659
10.0220375
10.349427
10.676816
10.455723
9.915743
10.353679
10.676816
9.477807
10.676816
10.676816
10.893659
10.23888
9.477807
10.349427
10.566269
10.459974
10.0220375
9.371511
10.459974
10.459974
9.588354
9.915743
10.349427
9.915743
10.0220375
10.132585
10.132585
9.805196
10.676816
10.349427
9.265217
10.02629
10.570521
9.805196
10.132585
10.566269
9.588354
9.915743
9.260964
10.353679
10.459974
10.132585
10.132585
10.0220375
9.698901
10.0220375
9.69465
9.915743
10.455723
10.02629
10.349427
9.915743
10.243132
10.676816
8.82728
10.787363
9.588354
8.610438
10.243132
8.82728
9.048374
10.02629
10.459974
8.716734
9.482059
9.588354
8.176754
9.482059
9.915743
8.393597
10.02629
10.132585
10.353679
9.260964
9.698901
10.243132
8.937827
9.915743
9.265217
8.8315325
10.243132
8.937827
9.371511
9.265217
8.287301
9.482059
9.592606
9.048374
9.265217
8.610438
9.375764
9.375764
9.375764
9.265217
8.8315325
8.8315325
8.614691
7.9599123
8.397848
8.614691
8.287301
9.380016
9.703153
8.614691
8.508395
8.2915535
7.092544
7.309386
7.747322
7.419933
7.9599123
7.9641643
7.419933
6.986249
7.203091
7.203091
7.313638
7.313638
7.857869
7.6410265
7.092544
7.4241843
7.5304804
6.6588597
7.313638
6.8799534
6.663111
6.769407
6.2251754
7.4241843
7.207342
7.096796
7.5304804
6.986249
7.857869
7.313638
7.313638
7.747322
7.313638
7.857869
7.203091
7.5304804
7.747322
8.185258
7.7515736
7.4241843
7.096796
7.6410265
7.419933
7.857869
7.5304804
7.313638
5.791491
7.207342
7.5347314
5.902038
6.663111
7.096796
6.9905005
6.1188803
6.1188803
5.24726
5.468354
5.6851964
6.4462695
5.90629
5.251512
6.339974
5.578901
5.90629
5.689448
5.3620586
4.7072806
4.6009855
5.689448
5.4726057
6.1273837
4.6009855
4.2778482
4.4946904
4.9326262
4.7115326
4.3883953
4.3883953
4.2778482
3.1936376
5.2600155
3.0830908
3.1936376
4.715784
4.2821
2.5388596
3.5210268
3.954711
2.3177657
3.5210268
3.5210268
3.0873425
2.9767957
3.0873425
3.1936376
2.8662488
3.0873425
3.4104798
2.3220174
3.5210268
3.1978896
1.7820382
2.5431116
2.5431116
3.3041847
1.8883334
1.8925852
2.3262694
2.3262694
1.8925852
1.6757431
2.4368165
2.6536584
0.8041228
2.1094272
2.5473633
2.2199743
2.003132
0.69782764
1.565196
2.7642052
1.1315118
1.6757431
2.7642052
2.003132
2.4368165
2.003132
2.6536584
0.15359649
1.2420589
1.5694479
2.003132
2.1094272
1.5694479
1.8925852
1.6757431
1.348354
1.4589009
1.5694479
1.8925852
1.7862899
2.6536584
1.6757431
1.2420589
2.1094272
1.348354
2.1094272
1.7820382
1.1315118
1.6757431
1.8925852
1.8925852
1.348354
0.69357586
2.6536584
1.6757431
1.1315118
1.565196
1.8925852
2.6536584
1.7820382
1.7820382
1.565196
1.237807
1.237807
0.8041228
2.5431116
3.1978896
1.9988803
2.5431116
2.2157223
2.4325645
1.9988803
2.7599535
1.6714911
1.8925852
3.3041847
2.7599535
2.2157223
1.12726
2.9810476
2.9767957
2.7599535
2.4325645
2.5431116
3.5210268
3.848416
2.5388596
3.1936376
2.6494067
3.299933
3.954711
3.078839
3.5167751
4.8220797
4.4946904
4.167301
3.62307
4.8220797
4.928375
4.3841434
4.490439
4.056754
4.928375
4.928375
4.7072806
5.140965
4.924123
6.339974
5.357807
5.902038
5.030418
5.791491
6.5525646
6.5525646
6.2251754
5.8977866
6.4420176
8.074712
6.0040812
7.309386
7.853617
7.632523
8.070459
7.74307
8.287301
7.849365
9.158921
8.937827
8.937827
8.82728
9.15467
9.044123
9.371511
9.915743
10.566269
9.805196
9.371511
10.128334
9.805196
10.566269
10.345176
9.690397
10.23888
10.999953
11.433638
10.45147
10.77886
12.517848
11.8630705
11.969365
13.712605
14.14629
12.836734
13.597807
14.252585
14.465176
14.35888
14.903111
14.792564
15.226248
14.137786
15.226248
14.682017
15.770479
15.443091
14.02724
15.664186
15.876775
16.093616
16.421007
15.766228
15.43884
16.093616
14.8946085
16.093616
16.199913
16.633596
16.204163
16.199913
17.06728
16.637848
17.177828
16.956734
18.045197
17.500965
18.155743
17.934649
18.47888
18.151491
17.496714
18.26204
18.912563
18.257786
18.69147
19.346249
19.456795
19.01886
19.125156
19.779932
18.474628
18.802017
19.125156
18.470377
19.55884
19.886229
18.797766
19.77568
19.996775
20.324163
19.448292
19.448292
21.080986
20.103071
20.426208
20.426208
20.536755
20.647303
19.881977
20.855639
21.297827
20.426208
20.859892
21.404123
21.51467
21.837807
21.944101
21.510418
21.404123
21.510418
21.18303
22.271492
21.837807
22.271492
22.271492
22.492586
22.160944
21.616713
21.620964
21.837807
21.39987
21.506166
21.837807
21.293575
22.160944
21.620964
22.59888
22.05465
21.289324
21.510418
21.837807
21.72726
21.072481
22.160944
22.59463
22.160944
22.05465
21.944101
21.39987
22.160944
22.05465
21.506166
21.833555
22.92627
22.165195
20.745094
21.72726
21.072481
21.837807
22.271492
21.616713
21.510418
20.859892
20.638798
21.948355
20.859892
21.510418
21.293575
20.966187
21.620964
21.076733
21.18303
21.51467
20.421955
20.532501
21.620964
21.18728
20.64305
20.97044
20.536755
20.64305
20.64305
20.098818
21.297827
19.881977
20.103071
20.209366
20.757847
20.319912
19.014608
18.904062
19.669386
19.014608
18.797766
19.2357
19.125156
18.802017
18.257786
17.824102
17.828354
17.169323
17.284122
17.500965
16.956734
16.846186
16.846186
17.173576
16.956734
17.06728
16.195662
16.633596
15.868271
17.611511
16.306208
15.978818
15.872524
15.868271
15.655681
16.85044
16.633596
16.633596
16.633596
15.766228
15.872524
15.872524
15.328293
15.655681
15.545134
14.460924
15.005156
15.770479
14.354629
15.443091
13.916693
15.009407
14.677766
13.372462
14.89886
14.133534
14.788313
15.115701
14.137786
14.677766
14.465176
15.009407
14.354629
15.115701
14.682017
14.682017
15.009407
15.009407
14.465176
14.682017
14.354629
15.336795
13.5935545
14.792564
15.226248
14.354629
15.336795
13.920944
15.119954
14.137786
14.903111
13.920944
14.68627
14.35888
14.248333
14.248333
14.465176
14.248333
14.031491
14.248333
13.266166
13.48726
13.270417
14.031491
13.5935545
13.597807
14.35888
14.469427
13.704102
13.270417
13.270417
14.137786
13.704102
14.142038
14.248333
12.288251
14.68627
13.049324
14.137786
13.920944
14.465176
15.009407
13.810397
14.792564
15.659932
14.354629
16.093616
16.421007
16.199913
16.744143
16.421007
18.045197
17.717808
17.824102
17.390417
17.824102
18.695723
17.824102
18.040945
17.930397
18.364082
19.673637
17.390417
17.60726
17.063028
17.177828
16.637848
14.677766
15.115701
13.814649
13.270417
12.292503
12.079912
12.730438
12.619891
14.35888
14.68627
13.920944
14.792564
14.792564
15.659932
16.633596
17.828354
18.916817
18.802017
19.996775
19.669386
20.103071
20.43046
19.563091
19.55884
19.452543
19.239954
18.47888
16.846186
18.049448
15.761976
14.8946085
14.792564
14.354629
14.792564
14.248333
14.465176
14.682017
15.659932
16.85469
16.85469
18.155743
18.26204
18.155743
17.60726
18.040945
19.239954
19.452543
20.541006
19.89048
19.669386
19.452543
19.2357
17.934649
18.47888
17.284122
16.956734
16.195662
16.744143
16.527302
15.983071
16.85469
15.549385
15.983071
17.071531
17.177828
16.416756
17.284122
18.155743
17.828354
18.155743
17.611511
18.045197
17.611511
18.155743
17.177828
17.611511
17.500965
17.288374
16.416756
15.872524
15.659932
14.137786
15.336795
15.115701
14.465176
15.336795
15.553638
15.009407
15.336795
15.447342
14.465176
15.119954
15.770479
15.009407
14.575723
15.119954
14.575723
15.119954
14.137786
15.664186
14.354629
14.142038
13.704102
14.579974
13.491511
13.164123
13.491511
12.947281
12.624144
12.403049
12.292503
13.385218
13.491511
12.403049
13.057828
13.385218
12.624144
13.929449
12.840985
12.840985
13.168375
11.858818
12.734691
11.8630705
12.628395
11.973618
11.756775
12.955785
11.2125435
11.65048
11.433638
11.323091
11.977869
10.455723
10.999953
9.800944
11.221047
11.548436
10.128334
10.349427
11.437889
9.911491
10.893659
10.783112
10.893659
9.911491
10.132585
11.331594
10.893659
10.459974
10.02629
11.004206
10.243132
9.482059
10.136837
9.265217
9.482059
8.94208
9.596858
9.269468
8.508395
8.074712
8.946331
7.4241843
7.4241843
7.207342
6.663111
6.339974
6.667363
5.689448
5.583153
5.583153
3.5125234
3.0830908
3.954711
3.5167751
2.861997
4.7115326
4.167301
4.924123
4.8178277
5.357807
6.7736583
6.663111
6.663111
7.1010475
6.9905005
6.2294273
6.123132
5.251512
4.928375
3.844164
3.737869
3.3041847
3.631574
2.7599535
2.2157223
2.3262694
3.414732
3.9589627
2.4325645
3.0873425
4.06951
4.1758046
3.0873425
3.0873425
3.0873425
2.9767957
3.631574
2.7599535
3.631574
3.848416
3.0830908
3.631574
3.5210268
3.848416
3.5210268
3.0873425
3.631574
4.065258
3.3041847
2.9767957
2.4325645
3.0873425
2.9810476
2.5473633
1.020965
1.4589009
2.8705006
2.7599535
2.7599535
3.0873425
3.5210268
2.7599535
3.5210268
3.631574
3.1936376
3.4104798
3.631574
3.631574
3.5210268
3.3041847
3.3041847
3.0873425
3.3041847
3.414732
2.6536584
2.8705006
3.414732
3.631574
3.414732
2.5431116
3.1936376
3.737869
3.0873425
4.171553
3.737869
3.1936376
3.1936376
4.065258
3.737869
4.171553
4.3883953
4.3883953
4.715784
4.171553
3.954711
4.605237
5.3663106
4.3883953
4.715784
5.6937
4.4946904
4.8220797
5.9105415
5.3663106
5.0346694
5.038922
6.1273837
5.799995
4.8220797
4.928375
6.123132
5.799995
5.4726057
6.2336793
5.799995
4.3841434
5.799995
5.583153
4.928375
5.038922
5.799995
6.016837
5.4726057
4.928375
5.1452165
6.77791
5.795743
5.689448
6.2336793
6.016837
5.689448
5.3620586
6.77791
6.9905005
6.556816
6.9905005
6.8842053
5.795743
6.556816
6.7736583
6.9905005
6.8842053
6.9905005
7.317889
7.4284363
7.207342
6.2294273
7.5347314
6.5525646
7.096796
7.9684157
6.663111
6.8799534
7.207342
7.9684157
6.8799534
7.857869
7.313638
8.185258
6.9905005
7.6410265
8.4021
8.074712
7.4241843
7.6410265
8.4021
7.5347314
6.8799534
8.512647
8.4021
8.2915535
7.5304804
7.857869
7.6410265
7.5304804
8.185258
8.618942
7.313638
7.6410265
7.9684157
8.2915535
8.185258
7.747322
7.5304804
8.4021
9.269468
8.181006
7.419933
8.074712
8.2915535
8.725238
9.269468
8.070459
8.725238
9.052627
9.158921
8.508395
9.269468
8.614691
9.486311
8.397848
8.614691
9.592606
8.397848
9.158921
8.287301
8.8315325
9.8137
8.397848
9.048374
9.919995
8.8315325
9.486311
8.8315325
8.725238
9.052627
9.052627
8.397848
9.486311
10.030542
7.853617
8.504144
9.592606
9.375764
9.158921
9.8137
9.158921
9.596858
10.247384
9.158921
9.703153
9.375764
9.809448
9.375764
8.720985
8.94208
9.8137
8.8315325
8.94208
10.136837
8.94208
9.158921
9.703153
8.94208
8.725238
9.486311
10.136837
8.937827
9.919995
9.592606
8.176754
9.592606
8.720985
9.703153
9.375764
10.353679
9.809448
10.02629
10.459974
8.720985
10.02629
10.02629
9.375764
9.592606
9.048374
9.158921
9.919995
10.136837
9.592606
9.265217
9.703153
9.482059
9.486311
9.703153
8.8315325
9.486311
10.030542
8.614691
9.486311
9.592606
9.592606
10.243132
9.809448
9.919995
8.8315325
8.8315325
9.592606
9.158921
9.265217
9.809448
9.809448
10.02629
9.15467
10.02629
10.353679
11.331594
9.698901
10.243132
10.459974
9.482059
11.114753
10.893659
10.787363
10.676816
10.459974
10.676816
10.349427
10.459974
10.783112
10.349427
10.243132
10.893659
9.260964
10.459974
10.23888
10.783112
10.0220375
10.676816
11.004206
10.676816
10.459974
10.676816
9.805196
10.893659
10.132585
10.566269
9.805196
9.69465
10.23888
10.676816
11.221047
11.004206
10.349427
10.676816
10.676816
11.004206
10.676816
11.437889
11.654732
11.1105
11.1105
11.1105
11.221047
10.783112
10.459974
11.437889
11.765279
10.566269
10.893659
11.1105
11.327342
10.23888
10.566269
10.566269
10.345176
10.23888
10.349427
10.999953
9.911491
10.893659
11.654732
10.999953
10.6725645
11.004206
10.345176
10.783112
10.783112
11.871573
11.654732
11.216796
10.6725645
11.437889
12.088415
11.433638
11.106249
11.437889
11.106249
12.415805
10.893659
11.216796
11.544185
10.889407
12.415805
11.761026
11.65048
11.216796
11.761026
12.194712
12.088415
10.77886
11.433638
11.106249
11.2125435
12.305258
12.194712
12.5220995
11.867322
12.517848
12.411553
12.190459
13.278922
13.60631
12.407301
12.079912
12.951532
12.301006
12.190459
12.624144
12.296754
13.278922
12.517848
13.062079
12.951532
11.867322
13.168375
12.407301
12.517848
12.845238
11.756775
12.407301
12.628395
12.738942
12.624144
11.646228
12.734691
12.190459
12.079912
13.495763
12.951532
13.823153
13.168375
13.712605
13.278922
13.168375
13.385218
13.1726265
13.168375
12.840985
12.517848
12.624144
11.318839
12.845238
11.323091
12.084165
12.624144
11.318839
13.168375
13.062079
12.624144
12.734691
13.1726265
13.385218
13.385218
13.278922
13.929449
12.840985
12.407301
13.062079
12.513597
13.274671
12.734691
13.385218
11.535681
12.845238
12.301006
12.734691
12.301006
12.084165
11.973618
11.539933
11.106249
11.867322
11.429386
12.411553
11.8630705
11.977869
13.1726265
11.539933
12.628395
11.977869
12.194712
11.429386
12.084165
11.539933
11.65048
11.977869
11.216796
11.65048
12.194712
11.65048
12.411553
11.65048
11.973618
12.738942
11.323091
11.539933
11.867322
11.323091
11.973618
11.323091
11.433638
11.323091
11.433638
11.977869
11.65048
11.216796
11.327342
10.566269
10.999953
10.6725645
11.437889
11.544185
9.911491
10.783112
9.911491
10.0220375
11.437889
10.455723
11.654732
11.1105
10.0220375
10.455723
11.437889
11.327342
10.566269
11.437889
11.004206
10.566269
10.128334
10.455723
10.783112
9.473556
10.566269
10.455723
10.6725645
10.999953
10.459974
10.676816
10.23888
10.132585
10.783112
9.805196
11.1105
11.221047
10.349427
9.584103
10.676816
11.221047
10.676816
9.911491
10.893659
10.676816
10.566269
10.999953
10.23888
11.654732
10.566269
10.566269
10.783112
10.566269
10.783112
10.999953
11.1105
10.566269
10.132585
11.1105
9.805196
11.1105
10.455723
11.437889
10.23888
10.893659
10.676816
10.349427
10.132585
10.676816
10.0220375
10.566269
9.698901
10.0220375
10.893659
9.805196
11.1105
11.1105
10.893659
10.783112
10.349427
10.999953
10.566269
10.676816
11.1105
10.6725645
9.584103
10.893659
10.893659
10.23888
10.0220375
10.23888
10.893659
10.23888
10.0220375
9.915743
10.783112
9.69465
10.676816
10.893659
10.0220375
10.566269
9.805196
10.893659
10.783112
9.911491
10.999953
10.23888
10.562017
10.783112
10.566269
10.566269
10.6725645
10.783112
10.345176
10.566269
10.889407
9.800944
11.544185
10.783112
10.6725645
10.23888
10.455723
10.128334
11.65048
10.783112
11.433638
10.6725645
10.783112
10.455723
10.562017
10.6725645
11.544185
11.539933
11.106249
11.977869
12.411553
10.340923
12.411553
12.301006
11.756775
11.756775
11.867322
11.539933
11.65048
11.323091
11.646228
12.190459
13.062079
12.190459
12.296754
12.084165
11.2125435
12.084165
11.973618
12.407301
13.389469
12.190459
12.296754
12.734691
13.929449
12.513597
12.624144
13.057828
12.734691
13.168375
12.947281
13.385218
13.385218
12.840985
13.491511
13.274671
13.385218
14.035743
12.403049
13.602058
13.818902
14.035743
14.14629
13.057828
14.256837
13.385218
13.708355
13.491511
12.840985
14.690521
13.925196
12.947281
13.712605
13.602058
13.164123
13.168375
13.602058
13.491511
13.708355
14.142038
13.818902
14.68627
13.380964
14.690521
14.903111
13.48726
15.230501
13.491511
14.473679
13.925196
13.053576
14.142038
13.491511
13.602058
13.818902
13.708355
13.925196
14.252585
13.380964
13.274671
13.164123
13.385218
14.14629
13.057828
13.491511
13.057828
13.929449
13.929449
13.929449
13.708355
13.495763
13.818902
12.836734
13.712605
13.491511
13.057828
13.495763
13.823153
12.403049
13.495763
13.168375
12.840985
13.385218
13.168375
13.712605
12.407301
12.951532
12.296754
11.973618
13.062079
11.8630705
12.517848
11.646228
12.845238
12.734691
12.734691
12.840985
12.301006
11.8630705
11.973618
11.318839
12.845238
12.628395
11.535681
12.738942
12.628395
12.190459
11.761026
12.517848
12.411553
12.411553
12.194712
11.433638
11.323091
11.2125435
11.323091
11.867322
12.194712
11.106249
11.327342
11.65048
11.761026
10.889407
11.867322
11.216796
11.106249
10.345176
10.783112
10.6725645
10.893659
10.566269
10.893659
10.0220375
9.911491
10.893659
11.1105
10.455723
10.459974
9.69465
8.8230295
10.570521
10.676816
9.371511
10.566269
10.570521
9.044123
10.132585
10.676816
9.805196
9.915743
9.482059
10.243132
9.915743
9.15467
8.393597
9.486311
9.371511
7.74307
10.030542
9.265217
8.504144
8.94208
8.720985
7.747322
8.2915535
8.835785
7.747322
7.9641643
7.853617
8.508395
9.048374
7.526228
8.181006
8.725238
7.419933
9.052627
7.636775
7.857869
7.857869
7.5304804
7.203091
8.295805
6.769407
7.7515736
7.5304804
7.857869
6.986249
8.4021
7.857869
6.3357224
7.207342
7.096796
7.313638
7.096796
6.5525646
7.6410265
7.313638
7.207342
6.8799534
6.8799534
7.207342
7.207342
7.207342
6.8799534
6.556816
7.207342
6.5525646
5.791491
6.663111
5.6851964
6.339974
6.556816
6.9905005
6.339974
6.556816
6.9905005
5.902038
6.3357224
6.9905005
7.1010475
6.3357224
6.4462695
7.5347314
6.008333
6.9905005
7.207342
6.4462695
7.1010475
7.1010475
6.663111
6.9905005
5.902038
6.9905005
5.6851964
7.1010475
7.6410265
6.339974
6.9905005
6.7736583
7.207342
7.7515736
7.096796
6.769407
7.096796
6.8799534
7.7515736
7.9684157
7.313638
7.4241843
8.295805
6.769407
6.5525646
7.9684157
7.207342
7.096796
6.5525646
5.791491
6.9905005
6.9905005
5.902038
6.4462695
6.556816
6.9905005
6.2294273
6.9905005
6.5525646
8.295805
7.096796
6.769407
7.7515736
7.313638
6.5525646
7.747322
7.096796
7.4241843
7.4241843
6.986249
7.5304804
8.512647
8.835785
6.986249
8.078962
8.185258
7.4241843
8.185258
7.7515736
6.5525646
7.207342
7.6410265
6.6588597
7.313638
6.6588597
7.857869
7.5304804
7.203091
8.4021
7.9641643
7.203091
8.4021
7.747322
7.313638
7.5304804
8.181006
7.9641643
8.2915535
8.074712
7.853617
7.747322
8.4021
8.94208
8.181006
8.725238
8.070459
7.747322
8.4021
7.853617
7.419933
8.181006
8.070459
7.9641643
7.6410265
8.835785
7.9641643
7.857869
7.636775
8.181006
8.508395
8.2915535
8.508395
8.94208
8.181006
9.8137
8.181006
7.74307
9.269468
8.720985
9.592606
9.375764
9.698901
9.15467
9.375764
10.02629
8.610438
9.809448
9.371511
9.482059
9.919995
9.048374
9.698901
9.371511
9.592606
9.482059
9.915743
9.809448
9.698901
9.15467
9.15467
8.937827
10.02629
9.698901
10.132585
10.566269
9.698901
10.676816
10.0220375
11.331594
11.1105
10.132585
11.654732
10.893659
10.459974
10.783112
11.1105
11.437889
10.345176
10.455723
11.1105
10.6725645
10.676816
11.654732
10.23888
10.349427
10.23888
10.676816
11.004206
11.654732
10.566269
11.1105
10.783112
10.0220375
10.566269
11.004206
10.893659
11.1105
10.783112
11.1105
10.566269
10.128334
11.544185
10.893659
10.128334
11.004206
11.544185
10.893659
10.455723
11.327342
10.889407
11.654732
11.654732
10.566269
11.1105
10.128334
10.783112
11.221047
11.216796
11.1105
11.221047
11.221047
10.893659
10.676816
11.221047
10.349427
10.566269
11.437889
10.566269
10.999953
10.455723
11.544185
11.327342
11.221047
10.783112
9.805196
10.23888
10.893659
10.455723
10.783112
11.437889
10.783112
10.999953
11.1105
11.548436
10.676816
11.221047
10.999953
10.349427
11.004206
11.004206
10.459974
10.243132
10.570521
11.221047
10.676816
11.437889
10.132585
10.02629
10.787363
10.132585
11.221047
10.783112
9.915743
10.02629
9.805196
10.787363
9.588354
11.221047
9.588354
9.482059
10.243132
9.698901
10.02629
8.937827
9.375764
9.809448
9.592606
9.265217
9.703153
9.486311
9.919995
8.397848
9.486311
9.15467
10.136837
10.353679
9.698901
9.371511
9.698901
9.592606
10.570521
8.937827
9.809448
10.136837
9.592606
9.482059
9.703153
9.265217
8.937827
8.94208
9.919995
9.592606
9.486311
8.720985
9.375764
10.353679
8.720985
9.158921
9.158921
8.725238
8.725238
8.074712
8.614691
9.158921
8.725238
8.725238
8.835785
8.397848
7.853617
9.052627
8.94208
8.8315325
8.8315325
8.2915535
8.070459
9.158921
8.397848
8.397848
8.835785
9.375764
8.287301
8.070459
9.486311
9.486311
8.397848
8.614691
7.9641643
7.9599123
8.181006
8.181006
8.725238
7.419933
7.9641643
8.2915535
8.618942
7.9641643
7.747322
8.181006
8.397848
6.986249
8.185258
7.9641643
8.508395
8.2915535
8.835785
7.309386
8.4021
9.163173
7.5304804
8.4021
8.074712
8.618942
8.835785
7.203091
8.725238
8.2915535
8.4021
9.269468
7.9684157
7.747322
7.857869
7.857869
7.5304804
7.747322
7.857869
7.857869
8.185258
8.185258
8.185258
7.313638
7.6410265
8.074712
7.5304804
7.857869
8.618942
7.096796
8.078962
8.4021
7.5304804
8.2915535
8.508395
8.2915535
8.4021
8.074712
7.857869
7.6410265
8.185258
7.9641643
7.419933
8.185258
7.857869
8.946331
7.747322
7.4241843
7.313638
6.986249
8.508395
7.9641643
8.4021
7.9641643
7.857869
8.946331
7.6410265
8.295805
8.185258
7.4241843
7.9684157
7.9684157
7.6410265
7.096796
7.6410265
7.6410265
7.207342
8.074712
8.074712
7.857869
7.6410265
7.6410265
7.857869
8.729489
7.6410265
8.185258
8.185258
7.5304804
7.5304804
8.185258
8.074712
8.4021
7.9684157
8.074712
7.313638
8.618942
8.2915535
8.074712
8.508395
7.6410265
8.835785
8.618942
8.185258
9.163173
8.185258
7.857869
7.6410265
8.618942
7.9641643
8.2915535
8.508395
7.5304804
8.618942
7.5304804
8.185258
8.2915535
8.508395
7.857869
8.4021
8.4021
9.163173
7.9684157
8.618942
7.857869
7.747322
7.747322
8.185258
9.052627
8.946331
8.074712
7.857869
8.074712
8.074712
8.946331
8.074712
8.946331
8.074712
8.618942
8.618942
8.4021
7.857869
7.5304804
8.2915535
8.835785
8.835785
8.2915535
9.269468
8.946331
8.4021
9.269468
8.074712
8.2915535
8.94208
8.2915535
8.508395
8.508395
8.618942
8.725238
7.747322
8.4021
8.2915535
8.074712
8.835785
8.2915535
7.857869
7.5304804
7.857869
8.2915535
8.835785
7.747322
8.074712
8.074712
7.857869
8.2915535
8.181006
7.419933
8.618942
8.725238
8.185258
8.946331
8.835785
8.2915535
7.857869
8.4021
8.835785
9.163173
8.074712
9.163173
8.074712
7.6410265
8.835785
9.380016
7.9641643
8.835785
8.618942
8.508395
9.163173
8.94208
8.181006
9.052627
8.725238
8.508395
7.747322
8.725238
8.181006
8.2915535
9.8137
8.725238
8.074712
8.725238
9.163173
8.397848
8.508395
8.618942
9.269468
7.6410265
8.074712
9.052627
8.508395
9.052627
8.508395
8.94208
8.2915535
7.5304804
8.835785
8.512647
8.508395
9.163173
8.508395
9.269468
8.835785
8.070459
9.052627
9.052627
8.94208
7.857869
9.380016
8.074712
8.074712
9.380016
8.2915535
8.725238
8.508395
8.835785
8.94208
8.618942
8.835785
8.725238
9.052627
9.596858
9.269468
9.486311
9.269468
9.269468
8.614691
9.269468
9.919995
8.725238
9.486311
9.380016
8.835785
9.052627
8.946331
9.052627
9.486311
9.486311
9.486311
9.052627
8.2915535
9.375764
8.835785
9.380016
9.596858
7.9641643
8.508395
9.596858
8.94208
8.181006
9.596858
9.052627
9.052627
8.397848
8.835785
8.94208
8.508395
8.074712
9.269468
8.2915535
8.835785
8.508395
8.946331
9.052627
9.269468
9.163173
9.380016
9.158921
9.703153
9.269468
9.8137
9.919995
9.158921
9.703153
9.8137
9.919995
9.919995
9.486311
9.919995
10.030542
9.809448
10.030542
9.809448
8.614691
8.94208
8.94208
9.596858
8.725238
9.8137
9.8137
9.919995
7.9641643
9.158921
9.375764
9.486311
9.8137
9.8137
9.158921
9.703153
9.269468
9.048374
9.703153
10.136837
9.265217
10.247384
9.375764
9.269468
9.919995
10.030542
8.614691
10.247384
10.247384
9.919995
9.703153
9.486311
9.265217
9.158921
10.464226
9.592606
9.919995
9.265217
9.596858
10.136837
8.8315325
10.464226
9.703153
8.8315325
9.158921
9.269468
9.375764
10.247384
9.596858
9.809448
9.596858
8.937827
9.375764
9.703153
9.919995
9.703153
9.703153
8.614691
9.703153
10.243132
9.375764
10.247384
9.919995
8.725238
8.725238
9.380016
8.614691
8.725238
9.703153
8.614691
8.2915535
9.269468
8.508395
9.158921
9.163173
8.181006
9.052627
9.269468
7.853617
8.181006
9.269468
9.592606
9.269468
9.052627
8.94208
9.158921
9.486311
10.247384
9.809448
9.919995
9.158921
10.136837
8.94208
9.919995
9.375764
9.052627
10.464226
9.592606
9.158921
8.94208
8.94208
9.592606
9.375764
9.375764
9.703153
9.8137
8.8315325
9.269468
10.247384
9.375764
9.596858
9.375764
9.8137
9.703153
9.269468
9.269468
9.703153
9.486311
8.94208
8.725238
9.158921
9.486311
8.725238
9.592606
8.397848
9.052627
9.486311
7.747322
8.2915535
8.397848
8.074712
8.508395
8.397848
8.614691
8.94208
9.919995
8.287301
8.508395
9.703153
8.508395
9.052627
8.94208
8.508395
9.8137
8.725238
8.508395
8.725238
8.725238
8.070459
8.8315325
8.835785
8.2915535
7.9641643
8.725238
8.508395
8.4021
8.618942
9.163173
8.725238
8.618942
8.725238
8.181006
8.074712
8.835785
8.074712
8.4021
7.747322
8.618942
8.508395
7.309386
8.729489
7.857869
8.2915535
8.185258
8.295805
7.9684157
7.857869
7.5304804
7.747322
7.313638
8.181006
7.5304804
7.9641643
8.618942
8.835785
8.835785
8.618942
8.2915535
8.181006
8.2915535
8.2915535
8.508395
8.074712
9.052627
9.052627
8.618942
8.185258
8.835785
8.2915535
8.4021
9.052627
8.185258
7.857869
7.857869
7.6410265
8.4021
8.618942
8.074712
7.857869
8.4021
7.857869
8.185258
8.618942
7.857869
7.6410265
7.857869
7.9684157
8.4021
8.074712
8.185258
8.840036
7.9684157
7.096796
7.4241843
7.313638
7.5304804
8.512647
6.6588597
8.512647
7.5347314
7.857869
7.096796
7.9684157
7.857869
7.4241843
7.9684157
7.4241843
8.074712
7.857869
8.4021
7.203091
8.295805
7.6410265
7.857869
7.207342
7.747322
7.4241843
8.729489
7.313638
7.6410265
7.857869
7.6410265
7.5304804
8.185258
7.4241843
8.074712
7.6410265
8.4021
7.6410265
8.512647
8.185258
7.4241843
8.729489
7.747322
8.4021
7.313638
7.6410265
8.078962
7.7515736
7.9684157
7.9684157
7.313638
7.4241843
7.7515736
6.8799534
7.6410265
7.096796
6.5525646
7.4241843
7.5347314
6.8799534
7.7515736
7.857869
7.313638
7.313638
7.096796
7.9684157
7.4241843
7.096796
7.857869
7.6410265
6.769407
7.7515736
7.7515736
7.9684157
7.5304804
6.8799534
7.7515736
6.3357224
7.8621206
6.663111
6.663111
7.6410265
7.096796
7.207342
7.7515736
7.9684157
6.986249
7.207342
7.207342
6.9905005
7.9684157
7.4241843
6.8799534
7.9684157
7.5304804
7.5347314
6.2251754
7.4241843
8.074712
7.313638
7.6410265
7.313638
7.096796
7.9684157
7.5347314
7.857869
6.5525646
7.4241843
7.857869
7.207342
8.185258
7.313638
7.4241843
7.096796
7.857869
7.7515736
7.096796
5.8977866
7.5304804
8.2915535
8.618942
8.835785
8.074712
8.070459
8.618942
7.092544
7.853617
7.5304804
8.835785
7.313638
8.508395
8.729489
9.052627
9.380016
7.747322
8.074712
8.725238
8.074712
8.2915535
8.618942
7.9641643
8.508395
8.835785
8.725238
8.508395
9.380016
8.181006
7.419933
8.725238
8.835785
8.070459
8.074712
8.508395
8.181006
8.508395
8.725238
9.269468
9.592606
8.725238
9.052627
9.486311
8.725238
9.052627
8.94208
9.158921
8.504144
8.181006
10.030542
10.136837
8.8315325
8.94208
8.8315325
9.703153
8.725238
9.052627
9.269468
9.158921
8.2915535
9.375764
8.94208
8.181006
8.946331
9.052627
7.6410265
8.074712
8.074712
7.747322
7.6410265
7.857869
6.6588597
7.6410265
7.6410265
6.986249
7.9684157
8.512647
7.096796
7.6410265
7.6410265
8.078962
7.5347314
7.9684157
7.6410265
7.7515736
6.8799534
8.512647
7.5347314
7.4241843
7.6410265
7.7515736
7.7515736
7.207342
7.4241843
7.096796
6.9905005
7.207342
6.5525646
7.6410265
7.5304804
6.5525646
7.4241843
7.4241843
6.4420176
7.096796
7.5347314
6.8799534
7.857869
7.9684157
7.6410265
7.207342
7.313638
7.9684157
7.6410265
7.9684157
6.5525646
6.7736583
6.7736583
7.4241843
6.8799534
6.4462695
7.1010475
7.317889
6.2294273
6.2294273
6.9905005
6.1188803
6.7736583
6.9905005
6.9905005
6.012585
7.1010475
6.2294273
7.6452785
6.663111
6.4462695
7.5347314
7.207342
6.9905005
6.4462695
6.4462695
6.663111
6.9905005
8.078962
6.8799534
6.663111
7.096796
6.8799534
6.663111
7.6410265
7.207342
7.207342
6.663111
7.096796
7.096796
7.207342
6.8799534
7.4241843
7.5347314
6.4462695
6.9905005
7.317889
6.9905005
6.4462695
6.4462695
6.556816
6.339974
5.0346694
6.123132
6.2336793
6.667363
6.123132
6.450521
5.578901
6.339974
6.123132
5.357807
5.689448
7.1010475
5.795743
6.556816
7.4284363
6.556816
6.7736583
6.667363
6.556816
5.578901
6.450521
6.556816
5.3620586
5.4726057
6.016837
6.450521
5.578901
5.90629
6.450521
5.578901
5.468354
6.012585
5.251512
5.795743
5.468354
6.012585
6.556816
5.140965
6.012585
6.2336793
6.012585
5.90629
5.3620586
6.123132
6.561068
4.6009855
5.799995
6.123132
5.90629
5.578901
5.2557635
5.689448
4.8220797
4.7115326
5.689448
5.583153
5.1452165
5.2557635
6.450521
5.1452165
5.583153
5.3620586
5.3620586
6.450521
4.8178277
5.1452165
5.799995
5.583153
5.2557635
5.038922
5.2557635
4.4946904
4.4946904
4.2778482
4.9326262
5.1494684
4.9326262
5.3663106
5.799995
4.4946904
4.167301
5.2557635
5.1494684
4.0610065
5.038922
5.4726057
5.038922
6.3442264
5.4726057
4.8220797
5.583153
5.583153
4.4946904
5.2557635
5.038922
5.4768577
4.8220797
4.4989424
4.4946904
4.3883953
4.605237
4.3883953
4.715784
5.2600155
4.3883953
4.3883953
4.3883953
4.9326262
4.0610065
4.171553
4.171553
4.826331
3.4104798
3.844164
3.737869
3.1936376
3.0830908
3.954711
3.848416
3.737869
3.4104798
2.9767957
3.737869
3.737869
3.737869
3.844164
3.737869
4.065258
3.1936376
3.1936376
4.715784
4.2821
3.0830908
4.0610065
4.4989424
4.8220797
3.4104798
3.844164
4.8220797
3.299933
4.2778482
4.4989424
4.8220797
3.0830908
3.737869
4.4989424
3.954711
2.8662488
3.1936376
4.1758046
4.2821
2.6494067
3.6273217
2.972544
3.1936376
3.737869
3.5210268
2.9767957
3.9589627
2.7599535
2.6494067
2.7599535
3.5210268
3.5210268
3.5210268
3.1936376
3.737869
3.954711
3.954711
3.1936376
4.2821
5.0431733
4.4989424
3.737869
4.3883953
5.1494684
4.171553
3.5167751
4.171553
4.9326262
4.8220797
4.605237
4.8220797
5.1494684
4.605237
4.7115326
4.4946904
5.1494684
5.038922
4.6009855
5.4726057
5.2557635
3.9504592
3.62307
4.7115326
3.62307
4.605237
4.928375
4.4946904
4.605237
4.2778482
4.2778482
4.2778482
5.3663106
4.7115326
5.038922
5.2557635
3.844164
4.715784
4.7115326
4.056754
4.2778482
5.1452165
5.2557635
4.7115326
4.928375
4.8220797
4.8220797
3.7336173
5.583153
5.583153
4.3841434
4.8220797
5.038922
4.7115326
4.2778482
4.8220797
5.2557635
4.4946904
5.0346694
5.4726057
5.4726057
6.2336793
5.038922
6.339974
5.795743
5.578901
5.90629
6.123132
5.795743
6.1188803
5.6851964
6.1188803
5.6851964
6.9905005
6.9905005
7.1010475
6.8799534
6.012585
7.4241843
6.2251754
6.4420176
7.7515736
6.8799534
6.769407
5.8977866
7.4241843
6.663111
7.207342
7.6410265
7.4241843
7.203091
7.857869
7.096796
7.9684157
7.313638
8.074712
7.5304804
6.769407
8.2915535
7.857869
8.2915535
7.5304804
7.9684157
7.9641643
8.946331
7.9641643
8.618942
7.203091
8.397848
9.158921
8.181006
8.94208
8.397848
7.9641643
9.052627
8.725238
7.9641643
7.9599123
8.8315325
9.158921
7.419933
9.158921
7.74307
8.504144
8.614691
9.703153
8.614691
8.074712
8.181006
8.287301
8.397848
8.94208
7.526228
8.181006
8.2915535
8.614691
8.508395
8.2915535
7.74307
7.747322
8.725238
7.853617
8.181006
7.9599123
8.070459
9.486311
8.8315325
8.504144
8.070459
8.070459
8.287301
7.9641643
8.2915535
7.9599123
8.074712
9.158921
7.203091
8.2915535
8.725238
7.5304804
7.9641643
8.725238
9.052627
8.725238
8.725238
8.070459
8.725238
8.614691
9.375764
9.048374
8.614691
8.508395
8.287301
8.287301
8.8315325
8.393597
7.853617
8.504144
8.508395
7.636775
8.181006
8.070459
8.508395
7.526228
8.2915535
9.158921
8.181006
8.725238
6.986249
6.6588597
7.313638
7.857869
7.5304804
8.074712
7.6410265
8.2915535
7.096796
6.875702
7.9684157
7.9684157
6.8799534
7.096796
7.313638
7.313638
7.096796
7.6410265
7.6410265
7.096796
7.207342
7.4241843
7.5347314
7.096796
7.7515736
7.096796
7.096796
6.8799534
6.9905005
7.096796
7.317889
7.207342
6.7736583
6.4462695
6.1188803
7.207342
6.7736583
6.1188803
6.4462695
6.663111
5.578901
5.795743
5.6851964
5.357807
6.339974
6.123132
6.1188803
6.450521
6.450521
5.3620586
5.1452165
5.90629
5.3620586
5.795743
6.450521
4.7072806
5.251512
5.3620586
5.689448
5.1452165
6.2336793
5.3620586
5.3620586
5.4726057
5.90629
5.799995
6.016837
5.4726057
5.1452165
4.8178277
5.1452165
6.016837
4.928375
5.2557635
4.7115326
5.799995
6.1273837
5.4726057
5.4726057
6.3442264
5.4726057
5.578901
4.928375
6.016837
4.6009855
5.799995
6.450521
5.583153
5.4726057
6.2336793
5.2557635
5.038922
5.583153
6.016837
4.4946904
5.583153
5.2557635
4.167301
5.4726057
5.3663106
4.7115326
4.4946904
5.1494684
5.038922
4.9326262
4.605237
5.583153
4.928375
5.4726057
5.3620586
5.3620586
5.90629
5.90629
5.90629
6.016837
6.339974
5.4726057
6.123132
6.339974
6.2336793
6.123132
7.2115946
6.77791
5.578901
5.90629
6.123132
5.795743
6.016837
6.667363
5.689448
6.2336793
6.123132
5.578901
5.90629
6.9947524
6.4462695
6.123132
6.667363
7.1010475
6.339974
6.667363
6.123132
6.667363
5.795743
6.123132
6.7736583
6.8842053
7.1010475
5.791491
6.556816
8.078962
6.8842053
6.4462695
6.663111
7.4284363
7.207342
7.317889
7.8621206
7.5347314
6.7736583
8.295805
6.556816
6.8842053
6.663111
6.9905005
6.8842053
7.1010475
7.8621206
6.012585
6.339974
7.1010475
6.556816
7.7515736
7.7515736
7.317889
7.6410265
7.5347314
7.7515736
7.207342
7.7515736
8.2915535
7.5304804
8.618942
9.052627
7.9641643
8.725238
8.835785
8.94208
8.618942
9.163173
9.269468
9.269468
8.4021
8.4021
8.835785
8.508395
9.052627
9.269468
7.9641643
9.596858
9.158921
8.725238
9.269468
9.269468
10.247384
9.375764
10.464226
8.94208
9.919995
10.02629
10.570521
10.353679
10.243132
10.353679
10.132585
10.570521
10.353679
10.353679
10.353679
9.158921
9.375764
10.89791
10.136837
9.919995
11.004206
10.676816
11.331594
11.114753
10.676816
11.004206
10.893659
11.765279
10.893659
10.893659
10.787363
11.004206
11.327342
11.221047
11.327342
11.437889
11.765279
11.004206
10.349427
11.548436
11.548436
11.654732
11.1105
10.893659
11.1105
11.871573
11.327342
10.783112
10.999953
11.216796
11.871573
11.1105
11.9821205
11.216796
11.221047
11.548436
11.437889
12.198963
11.544185
11.437889
13.176878
11.1105
11.221047
11.765279
11.221047
11.1105
11.437889
11.1105
11.654732
11.871573
12.415805
12.088415
12.415805
11.544185
12.743194
12.415805
11.9821205
12.198963
12.194712
12.305258
12.088415
11.761026
12.628395
11.65048
12.305258
12.5220995
12.305258
11.871573
11.654732
12.632647
12.198963
12.088415
11.871573
12.632647
13.1726265
12.194712
13.283173
13.283173
12.411553
13.066331
12.738942
13.066331
12.738942
12.305258
12.955785
12.088415
12.849489
13.283173
11.544185
12.960036
13.066331
11.433638
12.632647
12.415805
11.871573
12.198963
12.738942
12.632647
12.305258
13.39372
12.088415
12.5220995
12.088415
12.305258
12.738942
12.305258
12.088415
12.305258
12.088415
12.5220995
11.871573
12.849489
11.761026
12.092668
11.761026
11.327342
12.526352
12.415805
12.088415
12.198963
11.327342
11.977869
11.871573
12.415805
12.632647
12.088415
12.30951
11.437889
11.437889
11.544185
12.30951
12.30951
11.327342
11.437889
11.221047
10.893659
11.548436
11.114753
11.221047
11.765279
10.570521
11.658983
11.765279
10.243132
11.331594
11.004206
11.221047
11.442142
11.221047
11.221047
11.114753
10.893659
10.681068
10.681068
11.114753
10.89791
11.875826
11.004206
10.353679
10.136837
11.008457
9.703153
9.919995
9.269468
10.030542
10.243132
10.7916155
10.030542
10.787363
10.247384
11.008457
10.030542
9.380016
9.8137
8.725238
10.034794
8.94208
9.052627
8.94208
9.707404
9.486311
9.707404
9.486311
9.703153
8.074712
9.924246
8.185258
9.163173
8.623194
8.4021
9.163173
8.946331
8.618942
8.185258
9.27372
9.707404
8.4021
9.056878
8.078962
8.185258
7.7515736
8.950583
8.623194
9.056878
7.7515736
7.8621206
7.5347314
7.2115946
8.189509
7.6452785
6.9947524
7.538984
7.4326887
6.2336793
6.8884573
7.3221416
7.4284363
7.3221416
6.77791
7.4326887
7.2115946
5.799995
6.454773
5.9105415
6.237931
5.9105415
5.4768577
5.9105415
4.9326262
6.237931
6.0210886
5.3705626
5.914794
4.503194
4.1758046
4.720036
4.3968987
4.2863517
3.8526678
4.2863517
4.3968987
4.724288
3.9589627
3.414732
4.613741
3.7421207
4.724288
4.180057
2.4368165
4.2906036
2.8747523
2.224226
3.0915945
3.5295303
2.9852993
2.65791
2.5516152
3.5295303
2.0073838
2.879004
1.4631528
1.9010887
2.0073838
1.1400155
1.7905419
2.989551
1.7905419
2.3347728
1.3568575
2.989551
2.117931
2.117931
1.5736997
1.2463106
1.0294685
2.224226
2.117931
2.117931
1.3568575
0.1621001
0.4894892
-0.27158412
-0.27158412
-0.2673323
-1.0284055
-1.0284055
-2.112616
-1.2409959
-2.0020692
-1.891522
-2.1083643
-1.347291
-2.7631423
-2.9799845
-2.0020692
-1.891522
-2.0020692
-2.3294582
-1.347291
-1.2409959
-2.4400053
-0.80731165
-0.37362745
-0.37362745
-0.15678534
-0.050490197
-0.91785866
-0.37362745
-1.7894788
-1.1347008
-1.3515428
-0.2673323
-0.7010165
-0.2673323
-0.16103715
-0.59897316
0.27264705
-0.4884262
-1.0326574
0.7105831
-1.1389525
-1.7894788
-1.7894788
-2.3294582
-2.4400053
-2.4400053
-1.895774
-2.4400053
-2.767394
-1.678932
-0.80731165
-1.895774
-2.223163
-2.112616
-1.895774
-2.112616
-0.47992262
-1.3515428
-2.5505521
-0.2630805
-1.7894788
-1.5726367
-0.80731165
-1.0284055
-0.9221104
-0.59046954
-0.050490197
-1.3557947
-0.2673323
-0.7010165
-1.1347008
-0.7010165
-1.4620898
-1.4620898
-2.33371
-0.15678534
-0.4841744
-0.37362745
-0.5947214
-1.2452477
-1.7894788
-1.3515428
-2.223163
-1.895774
-1.895774
-1.568385
-1.4620898
-1.1347008
-0.37362745
-1.4620898
-2.116868
-1.3557947
-1.4620898
-1.0284055
-1.568385
-1.678932
-1.3515428
-1.895774
-1.7894788
-2.006321
-1.3515428
-2.006321
-1.1347008
-1.678932
-2.006321
-1.678932
-1.895774
-1.1347008
-1.895774
-2.112616
-0.91785866
-2.006321
-1.895774
-1.2452477
-2.223163
-1.678932
-0.7010165
-1.2452477
-1.4620898
-0.7010165
-2.223163
-1.4620898
-0.91785866
-0.5947214
-1.3557947
-0.5947214
-0.16103715
-0.8115635
-0.4884262
0.16635191
-0.4884262
-0.9221104
0.27264705
-0.4884262
0.27264705
0.4894892
0.4894892
0.27264705
1.4674045
0.5957843
0.26839525
1.4674045
0.70633125
0.37894222
0.4894892
0.70633125
0.37894222
0.70633125
1.2463106
0.4894892
0.26839525
1.3568575
1.5736997
0.70633125
0.8126264
0.8126264
0.9231734
1.1400155
0.48523736
1.7947936
0.8126264
1.1400155
1.0294685
1.7905419
0.48523736
1.5736997
1.0294685
0.7020795
1.9010887
1.0294685
0.8126264
1.1400155
0.9231734
0.05155315
0.70633125
2.0073838
0.5957843
1.3568575
1.2463106
0.26839525
2.224226
1.6799948
1.5694479
2.2199743
2.2199743
2.9810476
3.1978896
3.631574
3.631574
3.848416
3.631574
3.5210268
3.737869
4.2821
4.065258
3.737869
3.3041847
3.3041847
2.9767957
3.848416
3.631574
3.0873425
3.414732
3.1978896
2.8705006
3.7421207
3.414732
3.0873425
3.414732
3.414732
2.6536584
3.9589627
4.1758046
3.0873425
3.0873425
3.848416
3.5252786
3.0873425
3.848416
3.9589627
4.1758046
3.0873425
3.414732
2.8705006
2.8705006
3.848416
2.5431116
3.1978896
3.0915945
3.1978896
2.003132
1.7862899
2.330521
2.1136792
1.7862899
2.330521
2.330521
2.4368165
2.7642052
2.5473633
1.8925852
1.8925852
1.6757431
2.2199743
2.4368165
2.5473633
1.7862899
2.7642052
1.6757431
2.6536584
3.414732
1.8925852
2.4368165
2.6536584
2.9810476
1.4546491
2.1094272
2.4368165
2.1094272
2.6536584
2.8705006
2.1094272
2.9810476
2.4368165
1.8925852
1.8925852
2.003132
2.3262694
1.8925852
2.6536584
3.1978896
1.6757431
2.4368165
2.7642052
2.330521
2.6536584
2.9810476
2.6536584
2.3262694
2.9767957
2.7599535
3.3041847
3.631574
2.9767957
3.5210268
3.1936376
3.954711
4.065258
3.0830908
3.954711
4.4989424
3.299933
4.826331
4.171553
3.0830908
2.7599535
3.5210268
3.0830908
3.4104798
3.954711
2.972544
3.4104798
4.2821
3.5210268
3.5210268
4.171553
4.3883953
4.4989424
4.4989424
4.605237
4.715784
4.167301
5.038922
4.7115326
5.578901
4.7115326
4.928375
6.2336793
5.468354
5.1452165
5.689448
5.90629
5.90629
5.689448
6.339974
4.490439
5.6851964
5.3620586
5.251512
6.123132
6.667363
5.0346694
5.1452165
5.689448
5.90629
5.90629
6.556816
6.450521
6.7736583
5.578901
6.556816
6.4462695
5.468354
7.5347314
6.008333
6.663111
7.096796
6.3357224
7.207342
6.5525646
7.207342
7.9684157
8.074712
7.857869
7.4241843
7.4241843
7.747322
6.3357224
8.185258
7.4241843
7.6410265
7.857869
7.313638
6.8799534
7.4241843
6.6588597
6.769407
7.419933
7.857869
7.6410265
7.419933
7.857869
8.618942
9.158921
7.419933
8.287301
8.287301
8.8315325
8.287301
9.158921
9.15467
8.504144
9.592606
9.265217
9.592606
9.482059
9.371511
8.937827
10.349427
9.698901
9.588354
9.260964
10.02629
9.805196
9.915743
11.004206
10.128334
9.805196
11.1105
10.0220375
10.349427
10.566269
10.349427
11.327342
11.1105
10.999953
10.128334
10.676816
10.455723
10.6725645
10.783112
10.128334
10.999953
11.1105
10.566269
10.893659
10.6725645
10.889407
10.77886
10.128334
11.433638
11.539933
11.433638
11.65048
10.995702
11.433638
10.885155
11.539933
12.301006
11.539933
12.628395
12.194712
12.301006
11.8630705
12.305258
12.079912
10.995702
12.955785
11.535681
12.084165
11.752523
12.734691
12.628395
11.535681
11.756775
12.296754
12.296754
12.951532
11.969365
12.628395
12.407301
12.734691
12.190459
12.407301
11.867322
12.734691
11.535681
12.407301
11.969365
11.973618
11.973618
12.084165
12.301006
12.624144
11.752523
12.079912
11.429386
12.517848
11.646228
12.301006
11.973618
11.646228
12.190459
11.973618
11.8630705
12.845238
11.539933
11.752523
12.407301
12.407301
11.429386
11.539933
11.646228
11.429386
11.539933
12.079912
11.2125435
12.845238
11.973618
11.8630705
11.867322
11.429386
12.407301
12.190459
11.8630705
11.973618
11.318839
11.756775
10.991449
11.539933
11.646228
11.429386
11.756775
12.084165
11.867322
11.977869
10.889407
10.557766
11.2125435
11.216796
11.65048
10.345176
10.345176
9.800944
11.327342
10.455723
11.327342
9.584103
10.455723
9.800944
10.345176
9.800944
9.800944
10.23888
9.256713
10.455723
10.345176
9.584103
10.23888
10.566269
9.911491
10.6725645
10.349427
10.345176
10.345176
11.004206
9.69465
9.039871
10.132585
9.36726
9.911491
10.783112
10.23888
9.150418
10.0220375
10.0220375
10.349427
9.150418
8.937827
9.260964
9.477807
8.499891
9.15467
9.588354
8.720985
9.915743
8.716734
8.937827
8.720985
8.066207
8.8315325
9.048374
8.176754
8.287301
9.375764
7.849365
9.158921
8.176754
8.504144
8.397848
8.070459
8.508395
7.747322
8.070459
7.9641643
7.419933
7.636775
8.185258
7.9684157
7.9641643
6.3314705
6.875702
6.875702
6.5525646
6.986249
6.663111
6.3357224
5.574649
6.8799534
6.663111
4.924123
5.6851964
5.468354
5.795743
5.578901
4.3841434
4.7115326
3.62307
4.0610065
5.4768577
3.9504592
2.7557018
3.6273217
3.844164
3.299933
3.1936376
3.1936376
2.4325645
2.4325645
2.8705006
3.7421207
3.0873425
2.1094272
2.3262694
2.3262694
1.4546491
3.414732
2.2199743
1.4589009
2.7642052
0.26414344
1.1357636
0.8083746
1.0294685
0.3746904
0.26414344
0.3746904
-0.603225
0.48523736
-0.2758359
-1.9085294
-0.38213107
-1.2537513
-1.2537513
-0.054742
-0.054742
-1.4705935
-1.0326574
-0.9263622
-1.9042777
-1.4663416
-0.7052683
-2.010573
-1.7937305
-2.9884882
-2.33371
-2.006321
-3.9664037
-2.767394
-3.6390145
-3.2010784
-3.6347628
-4.506383
-3.7453096
-4.1789937
-4.7232246
-3.2010784
-3.6347628
-4.506383
-4.395836
-4.502131
-5.050614
-4.506383
-3.6347628
-4.1789937
-4.395836
-3.851605
-3.9621515
-3.6347628
-4.612678
-4.068447
-4.612678
-5.0463624
-4.940067
-5.1526575
-5.0463624
-5.267456
-5.1526575
-5.2632046
-5.0463624
-4.285289
-5.0463624
-5.917982
-4.285289
-4.82952
-4.718973
-4.285289
-4.502131
-4.940067
-4.718973
-4.502131
-6.1348248
-4.718973
-4.502131
-5.3737516
-4.391584
-4.391584
-5.3737516
-4.9358153
-4.391584
-5.2632046
-5.1526575
-3.9578998
-5.2632046
-5.6968884
-4.718973
-5.0463624
-4.8252683
-4.9358153
-4.9358153
-4.608426
-4.9358153
-5.1526575
-4.8252683
-5.4800463
-4.608426
-5.1526575
-5.2632046
-5.0463624
-4.714721
-4.064195
-4.9358153
-4.502131
-4.502131
-5.1526575
-4.612678
-4.8252683
-5.1526575
-4.612678
-4.068447
-4.502131
-5.050614
-3.9578998
-4.285289
-4.502131
-3.851605
-3.9578998
-4.7232246
-3.4136686
-3.5242157
-4.1789937
-4.502131
-4.068447
-4.612678
-3.851605
-2.9799845
-4.395836
-3.851605
-3.4179204
-3.4179204
-4.068447
-3.7453096
-2.767394
-2.9842362
-3.5284674
-2.4400053
-2.8736894
-2.33371
-2.4400053
-3.0947833
-2.006321
-2.5505521
-3.0947833
-2.33371
-1.7894788
-2.33371
-1.9000257
-1.2494994
-2.2274148
-2.2274148
-1.4663416
-1.4663416
-0.9221104
-0.4884262
-0.9263622
-0.38213107
-0.7052683
-0.70952016
0.1621001
-0.16528895
-0.16528895
-0.49267802
0.48523736
0.48523736
0.7020795
0.3746904
1.896837
0.7020795
0.04730134
1.5694479
1.6799948
1.3526058
1.4589009
-0.06324561
0.8083746
1.5694479
1.0252168
0.91466975
2.1136792
2.4368165
1.237807
1.1315118
2.8705006
1.565196
2.2199743
3.414732
2.4325645
3.414732
3.0873425
2.9767957
3.0873425
2.9767957
3.737869
3.737869
3.0830908
3.0830908
3.1936376
3.3041847
3.737869
3.844164
2.7557018
3.6273217
4.4989424
2.5388596
2.8662488
3.1936376
3.954711
3.844164
4.171553
3.737869
4.171553
4.3883953
3.7336173
4.9326262
3.62307
4.7115326
4.7115326
4.4946904
4.928375
5.799995
4.8178277
5.4726057
4.6009855
5.1452165
5.799995
5.583153
5.799995
5.578901
5.689448
5.251512
5.90629
5.578901
5.578901
5.689448
5.4726057
5.799995
6.667363
5.578901
5.90629
5.468354
4.928375
6.77791
5.578901
5.689448
5.0346694
5.799995
5.90629
5.251512
6.016837
7.2115946
5.4726057
5.0346694
5.689448
4.924123
5.90629
5.3620586
6.667363
5.251512
5.1452165
6.667363
4.5967336
5.90629
5.3620586
5.689448
5.3620586
5.799995
6.2336793
5.2557635
4.7115326
6.016837
4.9326262
4.2778482
4.8220797
4.4946904
4.2778482
5.038922
5.2557635
3.9504592
4.7115326
4.4946904
3.7336173
4.2778482
3.954711
4.171553
3.7336173
3.954711
3.844164
3.844164
4.0610065
3.4104798
3.0830908
4.4989424
1.9946285
3.3041847
2.8662488
3.5210268
4.2821
4.065258
2.9767957
2.9767957
3.631574
2.6494067
2.6494067
3.1936376
2.9767957
2.4325645
3.3041847
3.0873425
3.5210268
3.1936376
3.631574
3.6273217
3.0873425
4.2821
3.5210268
3.4104798
3.737869
2.1051755
4.065258
3.3041847
3.5210268
3.737869
3.414732
2.9767957
4.1758046
3.5210268
4.1758046
3.737869
3.4104798
3.5210268
3.5210268
2.8662488
3.4104798
3.1936376
3.848416
3.737869
3.631574
3.5210268
2.6494067
4.065258
3.414732
4.065258
2.5431116
2.9767957
3.3041847
3.6273217
3.954711
3.5210268
3.954711
2.8662488
4.715784
4.826331
3.844164
3.844164
3.5210268
3.0830908
4.171553
3.6273217
3.6273217
4.171553
4.2821
3.737869
2.8662488
3.1936376
4.065258
3.4104798
4.4989424
3.737869
3.737869
3.6273217
3.844164
4.715784
3.844164
4.605237
3.844164
4.0610065
4.3883953
4.2778482
5.038922
4.2778482
5.799995
4.7115326
5.2557635
5.1452165
3.62307
5.2557635
4.928375
5.4726057
5.689448
4.605237
4.928375
5.2557635
4.7115326
6.3442264
5.1452165
5.90629
4.928375
5.1452165
5.038922
6.1273837
6.1273837
6.450521
6.339974
5.795743
5.90629
6.1188803
6.667363
7.317889
6.8842053
7.4284363
6.4462695
6.4462695
7.7515736
7.6452785
7.7515736
7.7515736
7.207342
7.9684157
7.4241843
6.8799534
8.512647
7.096796
7.4241843
7.9684157
7.207342
7.4241843
7.207342
7.7515736
6.8799534
7.5304804
7.6410265
7.857869
8.185258
8.078962
7.9684157
7.5304804
7.6410265
7.747322
8.074712
8.397848
8.725238
7.747322
8.94208
9.596858
9.380016
8.94208
9.269468
9.158921
8.8315325
8.397848
9.375764
8.070459
9.375764
8.397848
10.030542
10.02629
8.610438
9.592606
10.136837
10.02629
10.353679
9.809448
8.937827
9.809448
9.482059
10.570521
10.243132
9.915743
10.570521
11.221047
10.349427
10.787363
11.221047
9.805196
10.676816
11.221047
10.999953
10.566269
10.893659
11.327342
11.221047
11.654732
11.437889
11.221047
11.1105
10.893659
10.676816
11.221047
11.216796
10.783112
10.893659
10.349427
10.128334
10.783112
10.893659
11.437889
11.1105
11.327342
10.783112
11.654732
10.783112
10.566269
10.566269
11.327342
11.433638
10.783112
11.871573
12.088415
10.128334
11.216796
10.783112
11.221047
11.216796
11.216796
11.544185
11.1105
11.437889
11.544185
10.455723
11.437889
11.221047
11.544185
12.088415
10.783112
10.77886
11.871573
12.194712
10.562017
11.327342
11.761026
11.216796
10.999953
11.977869
11.539933
11.65048
10.999953
11.544185
11.433638
10.6725645
11.216796
11.9821205
11.433638
11.871573
10.999953
11.327342
11.437889
12.088415
11.544185
11.544185
11.654732
11.544185
10.999953
11.1105
11.327342
10.999953
11.327342
12.194712
11.977869
10.999953
11.327342
10.893659
10.783112
10.893659
11.221047
11.221047
11.1105
11.1105
10.783112
10.566269
11.1105
11.1105
11.1105
10.23888
11.216796
10.23888
11.327342
10.676816
10.566269
10.128334
11.1105
11.1105
10.999953
10.676816
10.893659
11.331594
9.911491
10.783112
10.570521
10.676816
9.260964
10.353679
9.588354
10.459974
10.783112
9.805196
9.698901
11.004206
9.044123
9.809448
9.592606
9.265217
9.698901
9.809448
10.02629
10.353679
9.809448
10.570521
9.592606
10.353679
11.221047
10.136837
9.482059
9.809448
9.809448
9.915743
10.353679
10.353679
8.937827
9.698901
9.592606
9.265217
10.570521
8.720985
9.809448
9.592606
10.02629
10.136837
9.375764
10.136837
10.243132
9.265217
9.915743
9.048374
9.048374
8.614691
9.486311
8.2915535
8.725238
8.397848
9.375764
9.375764
9.592606
8.397848
9.158921
8.397848
8.397848
8.725238
9.486311
8.8315325
8.508395
8.397848
9.269468
8.725238
9.158921
8.2915535
10.030542
8.397848
7.309386
9.052627
9.158921
8.287301
9.158921
9.486311
9.265217
8.720985
9.592606
9.809448
9.158921
8.614691
9.486311
10.247384
9.048374
8.725238
8.8315325
9.158921
9.158921
8.287301
8.181006
9.158921
8.725238
8.94208
9.486311
8.397848
8.614691
8.614691
9.919995
9.375764
8.725238
9.592606
9.809448
8.94208
10.030542
9.375764
9.158921
9.592606
9.592606
10.787363
10.243132
10.570521
9.809448
10.681068
9.915743
10.570521
9.482059
10.464226
10.243132
9.371511
9.915743
9.592606
10.02629
9.915743
9.482059
9.809448
9.375764
9.592606
10.570521
10.243132
10.02629
10.02629
9.698901
10.132585
10.243132
10.02629
9.915743
8.8315325
9.809448
9.371511
9.048374
9.698901
10.464226
10.89791
10.570521
9.809448
9.265217
9.919995
8.937827
8.504144
9.158921
10.136837
9.482059
8.937827
9.919995
9.592606
9.482059
8.725238
9.486311
8.8315325
9.052627
8.397848
8.835785
9.919995
7.636775
9.052627
8.2915535
7.9641643
8.508395
8.185258
8.618942
9.380016
9.486311
8.94208
9.052627
9.158921
9.15467
9.915743
9.265217
9.698901
10.570521
11.548436
9.371511
11.004206
10.349427
10.893659
10.893659
10.570521
10.349427
9.805196
9.482059
10.464226
9.592606
9.698901
9.375764
9.809448
9.15467
8.937827
9.375764
8.937827
10.676816
9.265217
10.136837
10.787363
8.82728
10.243132
10.02629
10.02629
10.459974
10.243132
10.893659
9.15467
10.459974
10.893659
10.787363
9.698901
10.459974
10.570521
9.588354
10.353679
9.698901
9.265217
10.459974
9.698901
10.459974
10.676816
10.570521
11.221047
10.459974
10.459974
10.566269
10.893659
11.654732
10.893659
10.459974
10.893659
10.349427
11.1105
10.566269
10.566269
10.893659
11.765279
10.783112
10.893659
11.327342
11.327342
11.004206
11.004206
10.455723
10.783112
10.459974
10.783112
11.437889
11.9821205
11.1105
10.676816
10.783112
10.783112
10.893659
10.893659
10.566269
10.676816
10.893659
9.805196
10.676816
10.459974
11.004206
10.23888
10.566269
10.243132
9.588354
9.588354
11.004206
10.132585
9.915743
10.787363
9.482059
9.809448
10.681068
8.937827
9.919995
9.703153
9.265217
10.02629
10.243132
9.915743
9.919995
9.809448
9.048374
9.265217
9.048374
9.703153
9.915743
9.592606
8.82728
9.919995
10.353679
9.482059
9.592606
9.915743
9.375764
9.919995
9.15467
9.809448
10.459974
9.482059
9.698901
9.482059
10.136837
10.02629
10.02629
9.375764
8.610438
9.158921
10.243132
8.8315325
9.265217
9.915743
9.809448
9.482059
10.02629
10.243132
9.915743
9.048374
9.698901
9.15467
10.243132
10.132585
10.787363
10.459974
10.570521
10.243132
10.459974
10.787363
10.676816
10.0220375
10.676816
11.004206
10.999953
10.787363
10.349427
10.459974
10.893659
10.676816
10.349427
9.915743
10.570521
11.1105
9.915743
10.676816
11.221047
10.349427
10.570521
10.243132
11.327342
10.459974
10.02629
9.482059
9.158921
9.375764
9.375764
9.919995
8.610438
9.052627
9.486311
9.375764
9.919995
8.725238
9.486311
9.269468
7.5304804
8.074712
8.508395
8.185258
7.6410265
7.7515736
8.4021
7.5304804
7.857869
7.857869
7.6410265
7.6410265
7.313638
6.8799534
7.7515736
7.4241843
6.3357224
8.295805
6.8799534
7.096796
7.5304804
7.5304804
7.4241843
8.074712
7.6410265
7.6410265
8.840036
8.185258
7.4241843
7.5347314
7.4241843
7.096796
7.857869
6.5525646
7.4241843
6.9905005
6.9905005
6.012585
7.8621206
7.7515736
6.1188803
7.317889
7.9726677
6.2294273
7.5347314
6.556816
6.4462695
6.2294273
6.016837
5.689448
5.795743
6.016837
5.90629
6.2336793
5.799995
5.90629
6.339974
6.2336793
6.667363
6.450521
5.3663106
6.2336793
5.1452165
4.928375
6.2336793
6.016837
5.689448
5.4726057
5.1452165
5.689448
5.2557635
5.2557635
4.7115326
5.583153
5.3663106
5.1494684
5.689448
6.3442264
5.038922
4.9326262
5.1494684
5.1494684
5.4768577
5.038922
4.4946904
5.038922
5.038922
4.4989424
5.1494684
4.0610065
4.3883953
5.2557635
4.171553
6.1273837
4.605237
4.4946904
4.9326262
4.3883953
4.4989424
5.2600155
5.2600155
5.3663106
4.3883953
4.4946904
4.605237
5.6937
4.9326262
4.8220797
4.9326262
4.9326262
4.8220797
5.038922
4.715784
4.9326262
5.2600155
4.605237
4.8220797
4.4989424
4.4989424
4.6094894
3.406228
5.038922
4.4946904
3.7336173
4.715784
4.171553
4.2821
4.826331
4.605237
4.171553
4.2778482
4.3883953
5.2600155
4.9326262
3.954711
4.4989424
3.62307
4.605237
5.583153
4.4989424
4.8220797
5.4768577
4.3883953
4.7115326
4.4989424
5.3663106
4.3883953
5.1494684
5.4768577
4.171553
5.1494684
5.3663106
4.171553
5.583153
4.171553
4.0610065
5.1494684
3.844164
5.3663106
5.038922
5.1494684
5.1494684
3.9504592
4.9326262
5.1452165
5.0346694
4.928375
5.583153
5.689448
6.123132
6.339974
5.468354
5.578901
6.667363
6.016837
6.450521
6.123132
5.251512
6.561068
6.016837
5.90629
5.3620586
5.799995
6.450521
5.90629
6.7736583
6.123132
6.339974
5.6851964
6.450521
6.4462695
6.2336793
6.012585
5.574649
6.2294273
6.556816
6.8842053
7.1010475
6.556816
6.450521
6.9905005
6.663111
6.9905005
6.663111
6.556816
6.7736583
5.468354
5.578901
6.556816
5.1452165
5.795743
5.795743
6.339974
5.902038
5.90629
6.7736583
6.7736583
6.8842053
7.207342
6.7736583
7.207342
7.9684157
6.8799534
6.8799534
6.9905005
7.207342
7.313638
7.4241843
7.4241843
7.096796
7.4241843
6.5525646
7.313638
7.6410265
7.5304804
7.6410265
6.8799534
7.7515736
7.096796
7.4241843
6.8799534
7.6410265
7.096796
6.769407
7.7515736
7.5304804
6.663111
7.4241843
7.6410265
6.769407
7.9684157
7.857869
7.313638
7.6410265
7.9684157
6.8799534
7.6410265
8.4021
6.769407
8.4021
7.5304804
7.096796
7.5304804
7.4241843
6.986249
7.747322
7.9684157
7.096796
7.6410265
7.857869
7.5304804
7.313638
7.419933
7.313638
8.074712
8.074712
7.096796
7.747322
7.5304804
7.747322
7.857869
7.4241843
8.074712
7.7515736
7.6410265
7.857869
7.4241843
8.074712
7.313638
7.6410265
8.185258
7.857869
7.313638
7.4241843
7.5347314
7.313638
7.207342
7.9684157
6.4420176
7.7515736
7.8621206
7.317889
6.339974
6.8842053
6.9905005
5.468354
6.339974
6.4462695
6.012585
6.339974
6.667363
5.689448
5.689448
5.3620586
5.4726057
6.016837
5.4726057
5.799995
5.799995
5.038922
4.2778482
4.0610065
4.8220797
4.0610065
4.715784
4.171553
3.844164
4.0610065
3.737869
3.737869
3.6273217
3.3041847
4.6094894
2.7557018
3.848416
3.631574
3.0873425
3.9589627
3.0873425
2.7599535
3.3041847
2.5431116
3.0873425
2.3262694
1.9988803
2.8705006
1.4546491
2.4368165
1.565196
1.8925852
1.348354
2.003132
1.4589009
1.6757431
1.5694479
0.59153247
1.5694479
1.1357636
0.69782764
1.1357636
1.896837
1.7862899
1.1315118
1.4589009
2.1136792
0.8083746
0.26414344
1.5694479
0.59153247
2.330521
0.69782764
1.4631528
0.9189216
0.04730134
1.1357636
0.9189216
1.0294685
1.2463106
1.1357636
1.2463106
-0.38638288
1.1357636
0.26414344
1.2463106
1.4631528
0.8126264
1.1357636
0.1578483
0.3746904
0.48523736
1.4631528
0.7020795
0.8126264
-0.28008774
0.26839525
-0.058993805
0.26839525
1.0294685
0.26839525
0.26839525
-0.2758359
0.37894222
0.37894222
-0.16528895
0.05155315
-1.2537513
0.8126264
-0.16528895
-1.0369092
0.37894222
-0.49267802
-0.16528895
-0.38213107
-0.16528895
-0.27158412
-0.59897316
-0.16528895
-1.0369092
-0.59897316
-0.81581527
-0.16103715
-0.9263622
-0.38213107
-0.59897316
-0.49267802
-0.81581527
-0.81581527
-0.59897316
-1.2494994
-0.81581527
-0.7052683
-1.1432043
-1.7937305
-1.1432043
-1.7937305
-1.6874356
-0.81581527
-2.1211197
-1.3600464
-2.3379617
-1.0326574
-1.1389525
-1.5768886
-1.5768886
-0.7052683
-2.116868
-1.7937305
-1.6831837
-0.9221104
-1.6831837
-2.5548038
-0.9221104
-1.4663416
-1.9000257
-1.1389525
-1.9000257
-0.9221104
-2.665351
-1.1389525
-1.1389525
-0.16103715
-0.81581527
-1.5768886
-0.81581527
-0.81581527
-0.7052683
-0.38213107
-1.1432043
-0.81581527
0.055804953
-0.9263622
0.055804953
-1.0326574
-0.4884262
-0.7052683
-1.2494994
-0.4884262
-1.9042777
-0.054742
-0.38213107
-0.49267802
0.59153247
0.8126264
0.26839525
0.1578483
0.9231734
-0.058993805
0.48523736
0.48523736
-0.49267802
0.1621001
0.4894892
-0.16528895
-0.49267802
-0.27158412
0.1621001
-0.59897316
0.70633125
0.05155315
-0.49267802
0.05155315
-0.603225
-0.2758359
0.05155315
0.48523736
0.48523736
0.8126264
2.0073838
2.330521
1.4589009
1.4589009
2.1094272
2.4410682
2.9810476
2.2199743
1.8925852
2.9810476
1.6757431
2.8705006
1.6757431
1.2420589
1.7862899
1.5694479
1.7820382
2.330521
2.5473633
1.5694479
1.5694479
2.003132
2.5473633
2.1136792
2.2199743
2.330521
1.5694479
1.5694479
1.8925852
1.6757431
1.5694479
2.003132
2.003132
1.7862899
2.5473633
2.003132
1.6757431
1.8925852
3.1978896
1.6757431
2.6536584
2.6536584
1.565196
2.4368165
3.0873425
2.6536584
2.5431116
2.9810476
2.3262694
2.6536584
2.4368165
2.003132
2.8747523
2.8705006
1.5694479
2.9810476
1.348354
2.1136792
2.4368165
0.3704386
1.7862899
2.5473633
2.2199743
2.7642052
2.7642052
2.9810476
3.7421207
3.0873425
2.4325645
3.414732
4.065258
2.3262694
3.3041847
3.631574
3.3041847
3.1936376
2.4325645
3.737869
3.3041847
3.848416
2.7599535
3.5210268
2.4325645
3.3041847
3.3041847
2.5431116
3.631574
3.737869
4.065258
3.9589627
3.1936376
4.065258
3.844164
3.954711
4.171553
4.9326262
3.954711
5.1494684
4.0610065
4.9326262
5.583153
4.0610065
4.171553
4.3883953
3.844164
4.715784
4.2778482
4.2821
3.5210268
3.5210268
3.848416
3.1936376
3.5210268
3.737869
4.171553
4.715784
2.8662488
4.9326262
4.4989424
4.171553
5.3663106
4.3883953
4.4946904
4.7115326
5.2557635
6.016837
4.490439
5.4726057
5.3663106
4.7115326
4.7115326
4.3841434
3.62307
5.3663106
4.9326262
4.4946904
4.928375
4.7115326
4.8220797
5.038922
5.1452165
5.689448
5.251512
5.1452165
6.556816
4.8178277
5.3620586
5.140965
5.3620586
5.689448
6.123132
5.468354
5.578901
6.8842053
5.795743
6.8842053
5.795743
6.8842053
5.6851964
6.339974
6.339974
6.2294273
7.1010475
6.1188803
6.556816
7.7515736
6.4462695
7.5347314
6.9905005
6.8799534
7.317889
6.9905005
6.5525646
6.663111
7.6410265
6.7736583
8.078962
7.096796
6.4462695
6.9905005
6.008333
6.9905005
7.207342
6.2294273
7.207342
6.2294273
7.7515736
7.4241843
6.769407
7.5304804
6.2251754
8.185258
7.4241843
6.5525646
7.9684157
6.986249
7.096796
7.9684157
6.769407
7.096796
7.857869
7.9641643
7.313638
7.419933
7.747322
7.7515736
6.986249
7.207342
6.5525646
6.663111
7.6410265
7.6410265
6.8799534
7.4241843
7.9684157
7.313638
7.5304804
7.313638
8.074712
8.185258
8.2915535
8.185258
7.096796
7.6410265
7.5304804
7.5304804
8.181006
7.5304804
7.747322
6.6588597
7.096796
8.074712
7.419933
7.9684157
8.185258
7.5304804
8.4021
7.419933
8.2915535
7.5304804
7.203091
8.074712
7.5304804
8.2915535
7.313638
8.2915535
7.203091
7.9684157
7.096796
7.6410265
7.5304804
8.185258
7.207342
6.769407
6.4420176
6.8799534
8.185258
6.986249
6.986249
7.4241843
7.419933
7.5304804
8.618942
7.747322
7.857869
7.9641643
8.074712
7.419933
7.203091
7.313638
7.419933
7.203091
6.8799534
7.5304804
6.986249
7.5304804
7.313638
6.9905005
7.7515736
6.8799534
7.207342
7.6410265
6.9905005
8.4021
6.986249
7.203091
6.986249
7.313638
7.857869
7.096796
8.2915535
7.6410265
7.096796
8.185258
7.096796
6.875702
8.185258
7.7515736
7.096796
7.9684157
6.5525646
6.8799534
7.096796
6.663111
7.096796
6.769407
7.313638
6.4420176
7.4241843
6.9905005
7.4241843
6.7736583
7.313638
6.663111
7.207342
7.207342
6.008333
7.5347314
7.096796
7.096796
7.6410265
7.313638
7.207342
6.769407
6.3357224
6.8799534
6.012585
6.663111
6.663111
6.3357224
6.8799534
6.663111
6.5525646
6.3357224
6.3357224
7.5347314
6.5525646
7.4241843
6.1188803
6.7736583
6.1188803
6.450521
6.7736583
6.663111
5.468354
6.556816
6.2294273
5.468354
6.8842053
6.556816
5.468354
5.902038
6.450521
6.663111
6.3357224
6.663111
6.9905005
8.078962
6.3357224
7.096796
7.5347314
7.207342
6.9905005
6.7736583
6.663111
6.1188803
6.556816
6.663111
5.6851964
6.8799534
6.7736583
6.9905005
7.1010475
6.012585
6.2294273
6.123132
6.012585
7.4284363
5.357807
6.7736583
5.791491
6.7736583
6.4462695
7.317889
5.902038
7.4284363
6.556816
6.5525646
6.663111
6.7736583
6.556816
5.030418
6.339974
5.251512
6.2294273
6.1188803
6.667363
6.7736583
5.795743
6.123132
5.6851964
6.012585
6.8842053
5.90629
6.339974
6.667363
5.468354
6.8842053
5.902038
6.5525646
6.4462695
6.9905005
6.9905005
5.902038
6.4462695
6.4462695
5.574649
6.663111
7.317889
6.8799534
6.663111
6.9905005
7.096796
5.902038
7.4241843
6.5525646
6.8799534
7.096796
7.096796
6.5525646
8.078962
6.6588597
6.5525646
6.8799534
7.7515736
7.6410265
6.663111
7.4241843
6.8799534
6.114629
7.207342
7.6410265
7.207342
7.9684157
6.5525646
7.207342
6.4420176
6.8799534
7.6410265
6.4420176
7.7515736
7.203091
7.5304804
7.5304804
7.857869
7.5304804
7.313638
8.074712
8.2915535
7.9641643
8.181006
8.397848
8.287301
7.74307
8.94208
7.9599123
9.269468
9.158921
9.375764
9.809448
9.158921
10.353679
9.375764
10.353679
10.566269
9.15467
10.676816
9.260964
10.132585
9.584103
9.69465
10.893659
10.783112
10.345176
10.566269
10.999953
10.6725645
11.216796
11.977869
10.6725645
11.433638
11.646228
11.65048
12.517848
12.301006
12.624144
12.079912
12.624144
14.14629
13.708355
14.473679
14.907364
13.380964
13.814649
13.818902
13.814649
14.35888
14.469427
14.903111
14.252585
13.159871
13.818902
14.142038
13.48726
14.68627
14.35888
13.597807
13.925196
13.5935545
15.119954
14.792564
15.881026
14.465176
15.987322
15.43884
16.421007
16.093616
16.960987
17.398922
16.85044
16.421007
17.284122
17.177828
16.744143
17.177828
16.523048
18.049448
17.06728
18.155743
17.72206
17.39467
17.832605
17.18208
16.523048
16.416756
16.31046
16.416756
17.071531
16.960987
17.505217
16.744143
17.39467
18.376837
17.39467
17.611511
18.593678
18.26204
19.133657
18.155743
18.151491
18.368332
18.368332
18.368332
19.023111
18.040945
18.695723
19.133657
18.912563
18.040945
18.151491
17.934649
17.934649
18.155743
18.045197
18.916817
18.47888
17.063028
18.045197
18.045197
17.717808
17.934649
18.695723
18.695723
18.912563
18.26204
18.802017
19.129406
19.346249
19.563091
19.01886
19.341997
19.779932
18.585176
20.107323
19.239954
18.14724
19.239954
18.695723
18.80627
17.496714
18.699974
18.045197
18.372585
18.916817
18.26204
18.916817
17.611511
17.390417
18.045197
18.26204
18.47888
18.47888
18.257786
19.2357
18.47888
18.585176
18.912563
18.372585
18.912563
17.828354
18.372585
17.390417
17.611511
18.045197
17.063028
17.39467
17.39467
16.956734
17.288374
16.306208
16.306208
17.071531
16.739893
16.85044
16.85044
17.06728
16.633596
17.39467
17.828354
16.85044
16.956734
18.049448
16.523048
16.633596
16.527302
17.505217
16.637848
16.093616
15.009407
15.119954
15.009407
13.925196
13.814649
12.726187
12.734691
14.039994
12.407301
12.624144
12.186207
13.168375
13.168375
13.057828
12.840985
13.602058
13.053576
13.818902
14.035743
13.380964
13.274671
12.947281
14.14629
13.057828
11.858818
12.734691
12.190459
11.756775
10.999953
11.106249
11.323091
10.132585
9.911491
9.800944
10.566269
10.0220375
9.260964
10.0220375
9.698901
10.132585
8.393597
9.698901
10.02629
8.393597
8.499891
8.937827
8.393597
9.919995
9.048374
9.048374
9.375764
7.853617
8.070459
8.508395
8.94208
7.5304804
7.747322
8.504144
7.419933
9.052627
7.092544
6.875702
7.857869
6.3357224
7.4241843
7.096796
6.2294273
7.4241843
6.5525646
6.4420176
6.5525646
6.663111
6.2294273
6.9905005
5.791491
6.2294273
7.5347314
5.464102
6.012585
6.7736583
5.6851964
6.556816
7.317889
6.012585
6.663111
5.6851964
6.123132
6.8842053
6.012585
5.6851964
6.339974
6.667363
5.795743
5.795743
5.578901
6.2336793
6.339974
5.578901
5.1452165
6.450521
5.3620586
5.2557635
4.6009855
5.2557635
5.1452165
5.4726057
5.799995
5.3620586
4.8220797
6.1273837
4.8178277
4.2778482
5.3663106
3.844164
5.038922
4.7115326
4.0610065
5.6937
4.3841434
5.1494684
4.7115326
4.7115326
5.2557635
5.583153
5.2557635
5.3620586
5.2557635
5.90629
5.140965
6.339974
6.339974
6.7736583
6.339974
6.339974
6.4462695
5.795743
6.556816
4.924123
6.016837
6.556816
5.3620586
6.667363
6.1188803
6.012585
5.795743
6.339974
6.123132
6.1188803
5.90629
6.9905005
6.4462695
6.123132
6.339974
5.6851964
6.556816
7.1010475
6.2294273
6.663111
7.8621206
7.7515736
6.556816
6.556816
7.4284363
6.667363
6.7736583
6.339974
6.8842053
6.7736583
6.2294273
6.7736583
6.556816
6.339974
6.339974
6.77791
6.123132
6.7736583
7.1010475
5.795743
6.8842053
6.1188803
6.556816
7.1010475
6.7736583
6.7736583
6.9905005
6.9905005
7.207342
7.7515736
7.4241843
7.5304804
7.9684157
7.9684157
7.857869
8.946331
7.747322
7.747322
8.2915535
7.857869
8.074712
8.508395
7.5304804
8.835785
7.6410265
7.7515736
7.7515736
7.4241843
6.663111
6.8842053
6.8842053
6.8842053
6.450521
6.339974
6.450521
5.90629
7.317889
7.6452785
6.9905005
6.8799534
7.7515736
7.9684157
7.317889
7.7515736
8.078962
7.4241843
7.4241843
7.207342
7.4241843
7.4241843
7.7515736
8.078962
6.8799534
8.078962
6.4462695
7.317889
7.207342
6.7736583
7.4241843
7.1010475
7.207342
7.8621206
6.7736583
7.317889
6.663111
6.7736583
7.7515736
6.7736583
7.5347314
6.9905005
7.7515736
7.4241843
7.7515736
7.4241843
8.074712
7.9684157
8.4021
7.9684157
7.6410265
8.185258
7.7515736
7.6410265
7.7515736
8.4021
7.7515736
7.9684157
8.618942
7.6410265
7.6410265
7.9684157
7.317889
6.9905005
7.207342
7.5347314
7.9684157
7.6452785
7.7515736
6.8799534
7.9684157
7.5347314
7.7515736
8.512647
6.9905005
7.8621206
7.7515736
7.317889
7.4241843
7.8621206
7.9684157
8.078962
7.6410265
7.9684157
7.6410265
7.7515736
7.6410265
8.078962
8.078962
7.207342
8.512647
7.7515736
7.9684157
8.623194
6.8799534
7.7515736
7.7515736
7.7515736
7.4241843
6.7736583
8.078962
7.7515736
7.8621206
8.623194
7.7515736
7.9684157
7.7515736
7.7515736
7.9684157
8.512647
7.9684157
7.9684157
7.7515736
8.295805
7.6410265
8.508395
8.729489
8.946331
7.313638
8.185258
8.185258
7.857869
7.4241843
7.7515736
8.078962
7.207342
8.078962
7.207342
7.5347314
7.5347314
7.9684157
8.295805
8.623194
8.512647
8.4021
8.946331
7.6410265
8.074712
8.725238
8.946331
8.508395
8.618942
8.835785
9.052627
8.4021
9.486311
8.618942
9.052627
8.4021
7.6410265
7.857869
8.2915535
8.946331
8.618942
8.946331
9.052627
7.4241843
8.4021
8.946331
8.618942
7.857869
8.835785
9.163173
8.074712
7.857869
9.707404
8.618942
8.512647
8.508395
8.078962
7.857869
8.4021
7.7515736
8.4021
7.6410265
8.295805
7.9684157
8.4021
7.7515736
7.9684157
8.4021
7.4241843
8.185258
8.074712
7.313638
7.9684157
7.9684157
7.9684157
8.295805
7.6410265
8.074712
8.2915535
8.512647
7.6410265
7.6410265
7.4241843
7.4241843
7.9684157
7.9684157
6.9905005
8.185258
7.6410265
6.9905005
8.185258
7.8621206
7.207342
7.5347314
7.7515736
7.9684157
7.9684157
8.840036
7.9684157
7.9684157
7.857869
7.207342
7.4241843
6.8799534
7.7515736
6.8799534
6.9905005
7.9684157
7.5347314
6.7736583
7.1010475
5.251512
6.339974
5.90629
6.450521
6.9947524
5.1452165
6.123132
5.4726057
5.689448
5.795743
5.578901
6.339974
6.450521
5.902038
6.123132
5.90629
5.1452165
5.038922
5.6937
4.2778482
4.2778482
4.4946904
4.9326262
4.715784
4.065258
3.4104798
4.171553
4.065258
4.065258
3.6273217
3.848416
3.848416
4.826331
4.3883953
3.844164
4.826331
4.9326262
4.3883953
4.8220797
4.715784
3.737869
3.844164
3.3041847
3.4104798
3.5210268
3.1978896
3.5210268
3.1936376
3.5210268
3.5210268
3.3041847
3.3041847
3.0873425
2.6536584
2.6536584
2.6536584
2.6536584
2.5431116
2.8705006
3.3041847
2.6536584
3.0873425
3.3041847
2.4368165
3.414732
2.6536584
2.6536584
3.5252786
2.7642052
2.6536584
3.0915945
1.565196
1.348354
1.8925852
2.1136792
1.8925852
2.9810476
2.003132
2.1136792
1.1315118
1.5694479
3.3084364
1.6757431
1.8925852
3.5252786
2.2199743
3.1978896
2.8662488
2.6536584
3.414732
2.3262694
2.1094272
3.1978896
2.6536584
1.565196
2.6536584
2.4368165
2.7599535
2.3262694
2.9767957
2.1094272
3.737869
3.5210268
2.5388596
2.3220174
2.7599535
3.6273217
3.6273217
4.2821
4.715784
3.844164
4.056754
3.7336173
4.2778482
4.4946904
4.0610065
4.605237
4.2778482
4.0610065
4.605237
3.078839
4.0610065
4.2778482
4.167301
4.4946904
5.038922
6.1273837
5.583153
4.167301
5.90629
4.7115326
5.3620586
6.339974
6.123132
5.795743
6.667363
6.7736583
5.468354
6.4462695
7.207342
5.357807
6.663111
6.9905005
7.1010475
6.7736583
6.2294273
6.663111
6.9905005
7.207342
7.5347314
6.1188803
6.7736583
7.4241843
6.9905005
6.769407
7.317889
6.769407
6.8799534
7.7515736
7.4241843
7.4241843
7.313638
7.096796
6.663111
6.8799534
5.795743
7.317889
6.7736583
6.4462695
5.468354
5.689448
6.123132
5.0346694
5.1452165
6.123132
5.140965
6.556816
6.2294273
6.9905005
6.769407
7.4241843
7.6410265
7.5304804
7.203091
7.092544
7.203091
7.853617
7.9641643
8.074712
8.508395
7.5304804
7.313638
6.986249
7.203091
6.875702
6.986249
7.9684157
6.114629
7.6410265
7.313638
7.419933
7.419933
7.526228
8.8315325
8.937827
8.504144
9.048374
8.933577
9.044123
10.787363
10.0220375
9.911491
9.805196
9.69465
9.800944
9.915743
10.132585
10.349427
9.044123
10.243132
9.915743
9.69465
9.805196
9.809448
10.459974
9.260964
9.15467
10.132585
9.044123
9.69465
9.805196
10.566269
10.23888
9.477807
11.437889
10.783112
10.893659
10.999953
10.783112
10.23888
10.23888
10.783112
10.893659
10.566269
10.234629
10.23888
11.1105
10.128334
10.893659
11.1105
10.45147
10.893659
10.999953
10.6725645
10.566269
10.455723
10.999953
10.783112
10.455723
11.327342
10.23888
10.345176
10.566269
11.221047
9.584103
10.676816
11.1105
9.477807
10.349427
9.915743
9.371511
10.02629
10.459974
8.937827
10.676816
9.588354
10.459974
10.02629
8.610438
8.720985
9.809448
9.809448
9.375764
8.8315325
9.919995
7.636775
8.397848
7.853617
7.857869
7.747322
7.636775
7.313638
7.6410265
6.769407
7.4241843
7.096796
7.5347314
7.857869
7.6410265
7.857869
6.5525646
7.9684157
7.7515736
6.5525646
7.207342
7.4241843
7.4241843
6.8799534
6.5525646
6.8799534
7.5347314
5.468354
7.317889
6.123132
5.468354
5.4726057
5.578901
5.4726057
4.928375
6.2336793
5.583153
5.3663106
5.3620586
4.4946904
6.016837
4.6009855
5.3620586
5.3620586
5.3620586
6.339974
5.0346694
5.795743
5.357807
5.578901
6.123132
4.8178277
5.799995
4.8178277
4.2735963
5.3663106
5.038922
5.038922
4.3841434
4.8220797
5.2557635
4.928375
5.2557635
4.3841434
5.2557635
4.928375
6.016837
6.123132
4.8178277
6.012585
6.556816
5.468354
5.578901
5.6851964
6.012585
6.667363
5.689448
5.3620586
4.8178277
4.7115326
4.6009855
4.2735963
3.844164
3.7336173
5.1494684
4.167301
2.972544
3.954711
3.299933
3.299933
2.972544
3.6273217
3.0830908
3.6273217
4.171553
2.972544
4.171553
3.844164
2.6451547
2.9767957
3.5210268
2.8662488
2.3220174
3.299933
2.7557018
3.6273217
3.4104798
3.0830908
3.954711
2.9767957
3.6273217
3.1936376
2.6494067
2.3220174
2.2157223
2.3220174
2.4325645
3.5210268
2.3220174
3.737869
2.5388596
2.1009235
2.8662488
2.8662488
3.3041847
2.5388596
2.6494067
2.1051755
2.3220174
2.6494067
2.7599535
2.8662488
2.1051755
3.1936376
3.4104798
3.4104798
3.0830908
2.4325645
3.299933
2.7557018
2.8662488
4.171553
2.1051755
3.0830908
2.4325645
3.6273217
2.8662488
2.7599535
2.5388596
3.5210268
2.7599535
2.9767957
2.3220174
3.414732
2.7599535
2.6494067
3.4104798
3.5210268
2.6494067
2.8662488
2.2157223
3.0873425
3.1936376
2.8662488
3.0873425
2.9767957
2.1051755
2.2157223
2.9767957
2.5431116
2.7599535
1.9988803
1.237807
3.0873425
1.6714911
3.0873425
2.2157223
1.6714911
3.4104798
3.5210268
3.5210268
2.2157223
3.1936376
3.737869
2.5388596
1.9946285
3.737869
3.737869
3.6273217
2.7557018
3.0830908
2.2114706
2.8662488
3.5167751
3.737869
3.0830908
4.171553
2.5388596
2.4325645
2.6494067
2.8662488
3.4104798
2.972544
3.6273217
3.6273217
2.7557018
3.7336173
3.7336173
4.4946904
3.62307
4.056754
5.2557635
3.078839
4.167301
5.4726057
3.9504592
3.7293656
4.2778482
4.7115326
3.9504592
3.5167751
4.4946904
2.7557018
3.844164
4.171553
3.844164
4.715784
3.5167751
2.972544
4.0610065
3.5167751
4.3883953
3.7336173
3.62307
3.406228
3.5167751
3.9504592
3.0830908
4.605237
3.406228
3.7336173
4.0610065
3.299933
3.4104798
2.5388596
2.3220174
3.299933
3.3041847
2.9767957
2.7557018
3.3041847
3.189386
1.9946285
3.737869
3.299933
3.189386
4.2778482
3.7336173
3.7336173
4.4946904
3.406228
3.5167751
4.056754
3.62307
4.7115326
4.3841434
3.5167751
3.62307
3.078839
3.189386
3.62307
3.078839
4.171553
3.5167751
3.7336173
3.7336173
3.8399122
2.968292
4.3841434
4.490439
4.2735963
5.0346694
5.1452165
4.8135757
4.7030287
4.8135757
5.574649
4.9198713
5.140965
5.468354
4.8135757
5.795743
5.251512
5.0346694
6.012585
4.1630497
5.578901
4.7072806
4.6009855
5.795743
5.140965
5.578901
5.578901
3.7293656
5.3620586
4.1630497
4.056754
6.2336793
4.7072806
5.140965
5.578901
5.574649
4.5967336
6.667363
6.2294273
5.251512
6.2336793
5.795743
3.9462075
5.3620586
4.8178277
3.8399122
5.689448
3.8356605
4.490439
5.90629
5.902038
5.030418
6.123132
5.030418
4.7030287
6.1188803
6.008333
4.4861865
6.2294273
5.791491
5.030418
6.1188803
5.030418
4.8135757
5.24726
4.924123
5.0346694
3.6188183
4.6009855
4.924123
4.924123
6.339974
4.8135757
4.5967336
5.140965
5.574649
5.902038
6.663111
6.1188803
6.5525646
5.24726
6.8799534
6.4462695
5.357807
6.5525646
6.9905005
6.1188803
5.578901
5.795743
4.7030287
5.1452165
5.140965
4.1630497
5.689448
4.1630497
4.928375
4.7072806
4.1630497
5.3620586
5.795743
5.3620586
5.251512
4.5967336
6.012585
6.2294273
4.924123
6.7736583
5.902038
5.464102
6.5525646
6.5525646
6.663111
6.2251754
5.464102
6.8799534
5.902038
5.464102
5.464102
5.795743
5.357807
4.5967336
5.030418
6.663111
6.2251754
6.8799534
6.3357224
6.2251754
6.8799534
7.096796
6.769407
7.857869
6.2251754
6.986249
6.6588597
6.986249
5.7872396
6.986249
7.092544
6.0040812
7.857869
6.875702
6.5483127
7.313638
7.313638
6.981997
6.6588597
6.5483127
7.636775
6.5483127
7.203091
6.981997
7.9641643
8.181006
7.853617
8.504144
8.614691
8.504144
8.504144
7.309386
8.720985
8.066207
7.415681
8.504144
8.066207
8.8315325
8.287301
8.176754
9.158921
9.265217
8.610438
8.610438
8.716734
9.588354
8.499891
9.371511
9.805196
9.698901
9.588354
9.588354
8.82728
10.0220375
8.8230295
9.805196
10.0220375
9.36726
9.256713
10.132585
10.23888
9.477807
10.243132
10.349427
9.039871
10.349427
10.345176
9.915743
9.584103
10.23888
10.455723
10.783112
10.6725645
10.128334
9.800944
10.23888
10.889407
9.57985
10.017787
10.6725645
10.455723
10.45147
9.146166
10.6725645
10.017787
9.473556
10.128334
9.3630085
9.911491
10.6725645
10.889407
11.433638
10.124082
11.433638
10.77886
10.668313
10.668313
10.889407
10.995702
11.323091
11.106249
11.2125435
11.2125435
11.2125435
12.628395
11.646228
10.774608
12.301006
10.885155
11.973618
11.977869
11.2125435
10.45147
11.323091
10.995702
10.128334
10.889407
11.65048
11.318839
11.646228
10.668313
11.429386
10.995702
10.885155
11.973618
12.084165
12.190459
11.2125435
10.77886
11.429386
11.429386
11.8630705
12.734691
11.973618
11.973618
10.885155
11.867322
10.664061
11.761026
10.885155
10.995702
11.323091
11.756775
11.539933
11.646228
11.101996
11.429386
10.885155
11.429386
11.2125435
11.2125435
10.6725645
10.885155
10.234629
11.106249
10.230376
10.889407
11.539933
10.017787
10.6725645
11.106249
10.6725645
10.562017
10.999953
10.77886
11.65048
10.345176
11.761026
11.1105
10.562017
10.345176
10.999953
10.783112
10.999953
10.6725645
9.911491
9.911491
11.544185
9.911491
9.36726
10.23888
10.23888
10.128334
10.566269
9.69465
10.893659
9.36726
10.349427
10.0220375
10.566269
10.23888
10.349427
9.477807
9.915743
8.933577
8.716734
9.588354
9.044123
9.15467
8.720985
10.136837
9.048374
8.066207
9.919995
8.393597
8.94208
7.853617
7.9641643
9.158921
7.309386
8.725238
7.853617
7.419933
8.397848
8.070459
8.8315325
8.287301
7.9641643
7.9641643
8.185258
6.5483127
7.313638
7.419933
7.636775
8.508395
8.181006
7.747322
7.203091
7.747322
6.875702
5.8977866
7.313638
6.008333
7.207342
6.4420176
6.4420176
7.6410265
7.096796
7.203091
7.9641643
8.2915535
8.287301
7.74307
7.9599123
8.94208
7.853617
8.937827
9.048374
8.287301
9.375764
7.853617
8.181006
6.765155
7.747322
7.636775
6.114629
6.986249
6.114629
6.8799534
6.4462695
5.795743
4.924123
4.928375
5.2557635
4.3841434
2.968292
4.605237
5.038922
4.3841434
5.689448
4.8178277
6.7736583
7.857869
7.313638
8.725238
8.070459
8.8315325
9.919995
8.504144
8.397848
8.070459
7.419933
7.419933
7.203091
6.5525646
7.4241843
6.986249
6.5525646
5.791491
7.207342
6.3357224
4.4861865
5.902038
5.90629
6.556816
5.24726
5.902038
6.8799534
6.2251754
6.769407
7.096796
7.747322
6.981997
6.765155
7.857869
8.397848
6.986249
6.986249
7.6410265
7.313638
6.8799534
6.663111
5.902038
6.8799534
6.8799534
7.5304804
7.313638
7.313638
6.769407
5.6809444
6.8799534
7.313638
6.663111
6.2251754
7.857869
7.857869
7.5304804
7.313638
7.203091
7.096796
6.6588597
7.203091
7.203091
6.4420176
7.5304804
7.747322
6.6588597
6.986249
8.181006
7.9641643
7.9641643
7.853617
7.853617
7.9641643
7.747322
7.74307
7.636775
7.309386
8.070459
8.397848
8.508395
7.419933
7.6410265
7.5304804
7.747322
6.6588597
7.857869
6.114629
6.5525646
7.313638
5.8977866
7.096796
6.875702
6.114629
7.6410265
7.419933
7.096796
6.875702
7.6410265
8.2915535
6.3314705
8.4021
8.070459
6.6588597
7.309386
7.092544
6.875702
8.94208
7.636775
7.092544
7.9641643
7.313638
7.9684157
6.2251754
7.747322
6.875702
7.203091
8.725238
8.397848
8.397848
8.725238
8.287301
8.397848
9.269468
9.698901
9.265217
9.592606
9.482059
8.504144
9.265217
8.720985
9.158921
8.176754
8.287301
7.74307
7.74307
7.636775
8.070459
6.981997
7.9641643
7.9641643
7.5304804
8.397848
8.181006
8.2915535
9.269468
7.9599123
8.94208
9.703153
8.070459
9.486311
8.614691
9.269468
8.614691
6.981997
9.052627
7.747322
8.074712
6.875702
7.313638
7.7515736
7.203091
6.114629
6.875702
7.096796
6.769407
6.6588597
7.6410265
7.747322
7.747322
7.857869
7.74307
6.875702
6.875702
7.636775
6.654608
8.725238
7.632523
7.632523
8.82728
8.504144
8.82728
7.955661
8.720985
9.698901
8.066207
9.592606
8.720985
7.632523
8.8315325
7.74307
7.632523
8.287301
8.937827
7.9599123
8.614691
8.720985
8.614691
9.15467
8.720985
8.937827
8.8315325
8.8315325
7.74307
8.397848
7.636775
8.287301
6.87145
7.747322
8.181006
8.397848
9.052627
8.504144
7.636775
9.048374
9.482059
8.82728
9.044123
8.499891
8.720985
9.588354
9.482059
9.044123
8.393597
9.044123
8.933577
8.499891
10.243132
9.805196
9.260964
9.805196
9.260964
10.132585
9.260964
8.82728
8.82728
8.82728
8.720985
9.698901
8.28305
10.132585
8.389345
9.698901
10.455723
9.477807
10.566269
10.345176
10.23888
10.893659
10.345176
10.0220375
10.455723
9.473556
10.6725645
10.349427
9.473556
10.566269
10.349427
9.69465
9.805196
9.371511
10.676816
9.477807
9.915743
9.477807
8.716734
10.132585
10.23888
10.676816
10.455723
10.566269
9.69465
9.36726
11.1105
10.23888
10.23888
10.128334
10.6725645
9.800944
10.017787
10.783112
10.128334
9.800944
10.783112
10.345176
9.69465
10.455723
9.584103
9.911491
9.69465
10.6725645
10.783112
10.6725645
10.345176
10.345176
11.106249
9.800944
9.57985
10.783112
11.216796
9.907239
11.106249
11.756775
11.106249
10.889407
11.756775
11.323091
11.429386
10.991449
11.106249
11.101996
10.45147
10.562017
9.907239
11.216796
10.885155
10.340923
11.977869
11.429386
11.539933
12.084165
11.425134
11.973618
11.208292
12.190459
12.301006
11.8630705
11.539933
12.407301
11.646228
13.062079
13.057828
11.318839
12.079912
12.840985
12.190459
11.318839
12.301006
12.296754
11.969365
11.973618
12.836734
11.097745
12.079912
12.624144
11.646228
13.168375
12.296754
12.186207
13.274671
11.637725
11.641976
13.278922
12.403049
13.057828
12.624144
11.858818
12.296754
12.301006
11.752523
11.318839
11.8630705
13.057828
12.296754
13.057828
13.274671
11.641976
12.947281
12.836734
13.708355
14.035743
12.619891
14.252585
12.398798
12.186207
13.597807
12.947281
13.053576
13.385218
13.164123
12.075661
12.840985
12.398798
12.398798
12.075661
13.053576
12.836734
13.053576
12.943029
12.186207
12.075661
13.053576
12.292503
12.947281
13.814649
13.053576
13.270417
13.597807
13.159871
13.48726
13.159871
14.354629
13.920944
14.575723
13.920944
13.053576
14.142038
13.704102
12.832482
13.925196
13.814649
13.270417
13.270417
13.708355
13.380964
12.836734
13.270417
14.031491
13.814649
13.814649
13.48726
13.164123
13.704102
13.270417
13.597807
13.814649
13.5935545
13.810397
13.704102
13.704102
13.155619
13.376713
13.5935545
14.142038
13.48726
12.726187
12.947281
13.704102
12.943029
14.35888
13.483009
14.465176
13.266166
13.920944
13.270417
14.031491
12.071408
13.049324
13.597807
13.049324
13.376713
13.920944
14.142038
13.5935545
12.398798
13.704102
14.35888
13.814649
12.836734
13.597807
12.619891
12.61564
13.053576
12.726187
13.159871
13.159871
14.031491
13.376713
12.943029
13.810397
12.832482
14.903111
13.049324
12.832482
13.266166
14.142038
14.137786
13.266166
13.704102
12.938777
13.376713
13.597807
12.943029
13.270417
12.726187
13.708355
13.164123
13.049324
13.376713
14.248333
13.266166
13.704102
13.155619
13.920944
14.02724
13.810397
13.483009
14.903111
13.916693
13.266166
14.248333
13.69985
14.137786
14.248333
13.810397
13.5935545
14.682017
13.69985
14.137786
13.810397
12.938777
14.137786
13.483009
13.920944
13.810397
13.376713
13.920944
13.5935545
14.137786
14.465176
14.2440815
14.2440815
14.354629
14.788313
15.226248
14.788313
15.332544
14.02724
14.682017
14.02724
13.5935545
14.248333
13.810397
13.5935545
13.5935545
13.266166
13.266166
14.137786
13.483009
13.920944
14.354629
13.5935545
14.02724
13.69985
14.682017
13.483009
13.155619
13.69985
13.5935545
14.137786
13.920944
13.810397
13.704102
13.597807
12.943029
13.48726
12.943029
13.597807
13.270417
12.403049
12.292503
11.641976
12.513597
13.491511
13.164123
11.854567
12.836734
12.398798
13.376713
13.708355
13.704102
13.049324
13.597807
13.704102
12.726187
13.925196
12.726187
12.509345
12.292503
13.491511
12.513597
11.748272
11.641976
12.186207
11.420882
11.641976
12.079912
11.858818
11.204041
12.730438
11.641976
10.442967
12.079912
11.641976
12.619891
11.425134
13.057828
12.836734
11.314588
11.314588
12.186207
11.752523
12.730438
11.858818
11.752523
12.292503
11.756775
11.425134
10.664061
11.101996
11.318839
10.124082
11.756775
10.991449
10.991449
11.2125435
10.664061
10.5535145
10.991449
11.646228
10.447219
12.517848
11.535681
11.318839
11.429386
11.2125435
10.340923
10.885155
11.539933
11.097745
10.880902
11.646228
10.668313
10.557766
10.234629
10.124082
10.234629
10.562017
9.690397
9.473556
9.146166
9.3630085
9.690397
9.907239
10.995702
11.106249
10.234629
10.017787
10.562017
9.3630085
10.77886
10.017787
8.929324
10.23888
8.929324
9.146166
10.23888
8.8230295
8.389345
8.606187
8.8230295
8.168251
8.389345
9.260964
8.606187
7.951409
8.8230295
8.712482
10.017787
9.36726
9.150418
9.150418
8.716734
9.150418
9.15467
8.716734
8.716734
8.1725025
8.82728
9.150418
7.738818
7.1945877
7.305134
7.632523
8.066207
7.415681
7.74307
7.74307
6.875702
7.0882916
7.0882916
8.287301
8.610438
7.4114294
7.415681
7.0882916
7.1988387
7.632523
7.738818
7.853617
8.937827
7.415681
7.849365
8.720985
6.760903
6.87145
6.87145
6.4377656
7.309386
5.7872396
6.5483127
6.5483127
5.5703974
6.0040812
5.243008
4.698777
6.6588597
6.0040812
5.132461
6.986249
6.0040812
5.6766925
6.769407
6.3314705
6.5483127
6.875702
6.3314705
6.654608
7.1988387
7.203091
6.5483127
6.2209234
5.893534
6.3314705
5.7872396
6.0040812
5.7872396
6.875702
5.7872396
6.4420176
6.2251754
5.5703974
7.5304804
6.4420176
5.7872396
6.6588597
6.4420176
6.4420176
6.4420176
6.986249
6.4420176
6.6588597
5.243008
6.114629
6.5525646
6.0040812
6.6588597
6.2251754
5.6809444
5.4598503
5.026166
5.5703974
6.114629
5.353555
6.4420176
6.8799534
6.5525646
5.8977866
5.8977866
5.026166
5.136713
5.5703974
6.3314705
5.8977866
7.096796
6.6588597
5.5703974
6.4420176
6.875702
5.8977866
6.6588597
6.769407
6.114629
6.008333
5.8977866
5.7872396
7.5304804
6.5483127
6.986249
7.313638
6.3314705
5.7872396
6.986249
6.4420176
6.4420176
6.769407
6.114629
6.3314705
7.309386
7.092544
7.5304804
6.765155
6.0040812
6.6588597
5.7872396
7.419933
7.636775
6.875702
7.203091
7.092544
6.769407
6.986249
6.769407
6.986249
7.419933
6.769407
6.0040812
6.5483127
7.857869
7.203091
7.9641643
7.636775
7.309386
7.853617
7.309386
7.419933
6.765155
7.1988387
6.765155
8.287301
8.397848
8.393597
8.287301
8.176754
7.415681
7.305134
8.8315325
6.87145
7.74307
7.203091
6.765155
7.092544
6.765155
7.636775
7.74307
7.092544
7.9599123
8.176754
8.393597
7.521976
8.066207
7.849365
8.504144
7.738818
8.937827
8.933577
9.150418
9.805196
9.482059
8.499891
8.393597
9.15467
8.610438
8.937827
9.15467
7.849365
8.176754
8.393597
8.499891
8.937827
9.044123
8.499891
8.937827
8.933577
8.82728
9.371511
9.260964
8.499891
8.499891
9.260964
9.69465
9.698901
9.260964
8.716734
9.15467
9.150418
9.588354
9.260964
9.371511
8.937827
8.061955
9.698901
9.15467
8.389345
9.915743
8.712482
8.28305
8.933577
9.044123
10.349427
9.36726
9.588354
10.0220375
9.044123
8.1725025
9.588354
10.23888
9.371511
9.800944
8.8230295
10.128334
8.929324
9.69465
10.0220375
9.477807
8.716734
9.044123
9.69465
9.584103
10.566269
10.017787
9.477807
9.477807
9.260964
9.150418
10.783112
9.911491
9.800944
9.69465
9.911491
10.566269
9.800944
9.911491
10.345176
9.146166
9.69465
9.805196
8.8230295
9.150418
10.128334
10.23888
9.150418
9.911491
10.345176
10.23888
9.584103
9.039871
8.8230295
9.584103
10.783112
10.128334
9.150418
9.36726
9.69465
8.933577
9.256713
10.0220375
10.0220375
10.23888
9.69465
9.477807
8.061955
8.8230295
8.8230295
8.8230295
8.49564
9.371511
8.278798
9.044123
9.477807
9.039871
9.805196
8.1725025
9.805196
9.150418
9.911491
9.256713
9.584103
9.146166
9.150418
10.783112
9.584103
10.23888
8.385093
9.260964
9.150418
8.499891
8.716734
8.82728
8.933577
8.716734
8.933577
8.610438
8.28305
7.9599123
9.15467
8.610438
8.82728
8.82728
8.82728
8.937827
8.393597
8.716734
10.243132
9.150418
9.588354
9.260964
9.805196
8.933577
9.150418
9.044123
7.955661
9.482059
8.499891
8.28305
9.698901
8.393597
6.9777446
8.94208
7.309386
8.176754
8.070459
7.9599123
8.725238
7.853617
7.632523
7.305134
7.526228
8.287301
7.632523
7.415681
8.070459
7.632523
7.849365
8.066207
8.393597
8.176754
8.614691
8.504144
8.393597
8.94208
7.849365
6.654608
8.070459
7.9641643
7.636775
7.747322
6.765155
6.981997
7.092544
7.9641643
7.526228
8.287301
7.632523
7.636775
7.636775
8.181006
6.765155
8.397848
8.176754
8.176754
7.853617
8.8315325
8.070459
7.74307
8.725238
8.181006
6.986249
8.185258
7.636775
7.636775
7.9641643
6.765155
7.092544
8.725238
7.526228
8.397848
8.287301
8.397848
8.508395
8.397848
7.309386
8.835785
8.070459
7.9641643
8.835785
8.287301
8.725238
8.181006
8.508395
8.725238
7.309386
8.287301
7.636775
6.114629
7.5304804
6.986249
6.986249
8.4021
7.9641643
7.747322
7.9641643
7.747322
7.9641643
7.5304804
7.419933
7.526228
7.857869
8.074712
7.5304804
8.2915535
7.636775
7.419933
8.2915535
7.6410265
7.747322
6.986249
6.986249
7.6410265
7.857869
7.313638
7.313638
7.747322
7.313638
7.747322
7.636775
7.309386
7.5304804
7.419933
5.8977866
7.203091
7.6410265
7.309386
7.636775
7.636775
7.092544
7.747322
8.074712
6.981997
8.725238
7.203091
7.203091
7.313638
7.419933
6.986249
7.857869
7.857869
6.6588597
6.875702
7.747322
7.203091
7.747322
6.986249
8.074712
7.419933
7.5304804
6.981997
7.9641643
7.092544
7.747322
7.9641643
8.618942
8.181006
8.070459
8.508395
8.94208
7.853617
7.6410265
7.857869
6.6588597
7.313638
7.5304804
6.6588597
7.313638
7.096796
7.096796
6.986249
7.747322
6.769407
7.313638
7.092544
6.6588597
7.5304804
7.636775
7.5304804
8.181006
7.526228
8.618942
7.526228
7.526228
7.853617
7.419933
7.313638
7.636775
6.6588597
6.986249
7.6410265
6.6588597
7.5304804
6.986249
6.6588597
7.313638
6.5525646
6.114629
6.8799534
7.313638
6.114629
7.5347314
7.5304804
6.0040812
7.857869
7.857869
7.092544
7.203091
6.875702
7.203091
7.092544
6.986249
7.5304804
6.4420176
6.875702
7.4241843
6.5525646
5.8977866
7.4241843
6.8799534
6.5525646
7.5347314
6.4420176
6.5525646
6.769407
7.5304804
5.353555
7.9684157
6.4420176
6.2251754
7.313638
7.092544
7.5304804
7.6410265
7.313638
6.4420176
7.096796
7.747322
6.3314705
7.313638
7.419933
7.203091
6.986249
7.313638
5.6809444
7.207342
7.096796
5.6809444
6.5525646
6.663111
6.5525646
6.4420176
6.3357224
6.769407
6.114629
7.4241843
7.5347314
6.663111
7.096796
6.986249
6.5525646
7.6410265
7.203091
6.5483127
7.747322
7.313638
6.986249
7.096796
7.4241843
6.008333
7.096796
7.6410265
5.6809444
6.769407
6.9905005
6.4420176
7.6410265
6.6588597
7.096796
7.5304804
6.986249
6.769407
7.313638
7.203091
6.3314705
7.6410265
8.074712
6.2251754
7.747322
7.309386
7.636775
8.181006
8.508395
6.875702
7.857869
7.096796
7.203091
6.986249
7.313638
7.857869
6.769407
7.747322
7.636775
7.419933
7.9641643
8.614691
7.419933
7.747322
8.835785
8.835785
7.419933
8.2915535
8.397848
8.070459
8.725238
8.725238
8.8315325
8.2915535
7.636775
6.6588597
7.5304804
8.397848
7.313638
8.729489
7.092544
7.5304804
8.074712
8.181006
7.747322
7.9641643
7.419933
7.9641643
7.857869
8.181006
7.203091
8.618942
7.853617
7.526228
9.052627
8.614691
8.8315325
9.486311
9.158921
8.074712
7.092544
8.2915535
7.203091
7.313638
7.5304804
7.857869
7.857869
6.769407
8.185258
8.074712
6.875702
7.096796
8.074712
6.769407
7.203091
7.4241843
7.857869
7.9641643
7.747322
7.9641643
7.6410265
8.074712
8.181006
7.853617
8.4021
8.074712
7.419933
7.636775
6.986249
8.4021
7.203091
6.4420176
7.096796
7.6410265
7.203091
6.769407
7.9641643
6.6588597
6.8799534
6.986249
6.769407
7.6410265
8.074712
7.9684157
7.857869
6.875702
7.747322
8.074712
8.397848
6.875702
8.4021
6.986249
6.986249
7.857869
7.747322
6.986249
6.3314705
7.5304804
6.986249
8.074712
7.203091
7.747322
7.747322
6.765155
7.203091
6.769407
7.313638
8.397848
7.5304804
8.835785
6.981997
8.181006
7.853617
8.176754
8.070459
8.070459
8.614691
8.070459
8.614691
7.309386
8.614691
7.203091
6.986249
6.6588597
6.986249
6.2251754
6.8799534
6.8799534
6.663111
7.6410265
7.096796
7.6410265
7.9641643
8.2915535
9.596858
8.176754
8.176754
8.82728
9.265217
10.0220375
10.349427
10.0220375
8.712482
10.243132
9.915743
9.15467
8.504144
8.287301
8.397848
6.765155
8.2915535
7.203091
7.203091
7.309386
7.5304804
6.981997
7.74307
7.9599123
8.181006
8.614691
7.9599123
8.287301
8.614691
8.937827
9.15467
9.044123
11.004206
9.477807
9.371511
8.716734
10.353679
10.349427
8.82728
10.02629
9.048374
8.725238
9.265217
8.720985
9.265217
8.8315325
8.610438
8.720985
10.132585
9.265217
9.698901
9.809448
9.805196
10.132585
10.132585
10.349427
9.915743
10.566269
9.805196
9.805196
9.915743
9.698901
10.676816
9.588354
10.459974
9.915743
9.482059
9.265217
9.044123
9.592606
10.459974
9.048374
9.915743
9.265217
8.610438
10.570521
10.02629
10.0220375
10.349427
10.0220375
10.132585
10.132585
10.349427
9.371511
10.23888
10.676816
10.455723
10.349427
10.676816
9.800944
10.676816
10.23888
9.150418
11.004206
10.676816
9.260964
10.893659
10.349427
9.36726
10.132585
10.345176
10.783112
11.1105
10.6725645
10.455723
11.1105
10.128334
10.345176
11.327342
12.194712
10.783112
11.544185
11.867322
10.889407
11.977869
10.889407
11.539933
11.433638
11.323091
11.65048
10.889407
11.433638
12.411553
11.65048
11.106249
11.65048
11.2125435
11.539933
11.323091
12.628395
11.433638
11.216796
12.084165
11.106249
11.977869
11.756775
10.668313
11.756775
12.084165
10.45147
11.867322
12.301006
11.973618
12.084165
12.517848
11.969365
12.951532
12.190459
12.407301
12.951532
12.951532
13.274671
13.385218
13.602058
12.947281
13.168375
13.057828
12.730438
14.473679
13.708355
13.380964
13.385218
14.031491
13.925196
13.380964
13.925196
12.513597
14.035743
14.14629
13.168375
13.380964
12.513597
12.513597
13.602058
12.726187
13.818902
14.035743
14.035743
13.708355
13.053576
13.925196
13.814649
13.159871
14.35888
14.137786
14.248333
15.664186
14.682017
14.354629
14.575723
14.248333
14.682017
14.465176
15.664186
13.704102
14.031491
14.35888
14.903111
15.013659
14.796817
14.68627
13.491511
14.252585
14.68627
13.814649
14.035743
14.575723
14.35888
14.903111
14.903111
14.465176
14.248333
14.035743
14.031491
14.248333
15.119954
14.248333
14.903111
14.792564
14.248333
15.119954
14.792564
14.465176
14.248333
14.903111
14.031491
14.575723
13.597807
14.248333
13.925196
14.796817
14.35888
14.903111
15.336795
15.119954
14.575723
14.792564
14.248333
14.575723
14.465176
14.137786
15.013659
14.137786
15.119954
14.903111
14.031491
13.380964
14.252585
14.031491
13.597807
14.14629
13.704102
14.796817
14.35888
13.925196
14.579974
14.248333
14.142038
14.682017
14.89886
15.774733
15.009407
15.230501
15.553638
14.137786
15.336795
14.575723
15.119954
15.774733
14.575723
15.230501
15.664186
14.465176
14.903111
14.792564
14.903111
14.575723
15.119954
14.35888
13.925196
14.903111
14.142038
14.903111
14.35888
15.557889
15.447342
14.248333
14.031491
14.579974
14.792564
14.575723
14.575723
14.89886
15.881026
14.248333
14.903111
14.575723
14.465176
14.35888
15.447342
13.814649
14.142038
14.469427
13.597807
14.796817
13.708355
13.270417
15.124206
14.035743
13.597807
14.035743
14.035743
15.013659
13.814649
13.597807
13.814649
15.230501
15.013659
13.704102
14.252585
14.575723
14.031491
14.469427
14.35888
14.252585
14.796817
13.814649
13.602058
14.363132
13.380964
13.602058
13.053576
13.274671
13.818902
14.035743
14.363132
13.491511
14.907364
14.252585
13.491511
14.363132
13.925196
13.818902
13.818902
14.469427
14.035743
13.925196
13.380964
13.929449
13.597807
13.823153
12.840985
12.513597
12.301006
12.624144
12.301006
12.517848
11.8630705
12.845238
12.734691
12.411553
13.062079
12.624144
13.823153
12.301006
13.60631
12.513597
12.951532
13.9337
12.734691
12.190459
12.845238
12.624144
13.278922
12.734691
12.517848
12.084165
13.1726265
12.407301
12.301006
11.433638
11.101996
11.106249
10.77886
11.756775
11.761026
10.995702
10.889407
10.999953
11.106249
11.433638
11.761026
11.539933
11.433638
11.867322
10.995702
12.305258
12.084165
10.889407
11.327342
11.867322
10.562017
10.999953
11.544185
10.349427
11.221047
10.128334
10.783112
10.566269
10.566269
10.566269
9.477807
10.676816
10.132585
9.588354
10.676816
10.676816
9.69465
10.349427
10.23888
10.999953
11.1105
10.566269
9.911491
11.221047
10.23888
10.783112
10.566269
9.911491
10.455723
10.676816
10.23888
9.915743
10.676816
10.132585
8.82728
9.809448
9.588354
9.371511
10.243132
9.477807
9.698901
10.459974
10.455723
10.349427
10.566269
10.676816
10.676816
11.221047
11.221047
10.349427
11.1105
10.566269
10.349427
10.566269
11.327342
10.676816
11.437889
10.676816
11.221047
9.809448
10.459974
9.915743
10.243132
10.132585
9.698901
11.548436
10.349427
10.999953
10.349427
11.1105
10.455723
11.654732
10.23888
10.893659
10.6725645
11.871573
10.566269
11.1105
10.783112
10.893659
11.004206
10.783112
11.437889
11.004206
11.221047
10.570521
11.221047
9.698901
11.221047
10.349427
11.004206
10.132585
11.004206
10.676816
10.132585
10.893659
11.765279
10.787363
10.787363
10.23888
10.349427
11.327342
10.6725645
11.548436
10.999953
11.437889
11.548436
10.783112
11.1105
11.327342
10.893659
10.999953
11.1105
11.1105
11.437889
11.765279
11.1105
10.676816
11.004206
10.459974
11.437889
10.999953
10.676816
10.566269
11.004206
11.1105
11.1105
11.437889
11.004206
11.437889
10.783112
11.004206
10.893659
11.327342
11.1105
10.455723
11.221047
10.783112
10.999953
11.765279
11.1105
10.893659
11.437889
10.455723
10.459974
10.566269
11.437889
10.893659
10.676816
10.455723
10.566269
11.221047
10.893659
11.221047
11.544185
11.1105
11.437889
10.999953
11.9821205
10.566269
11.216796
10.999953
11.1105
11.654732
11.221047
10.23888
10.783112
10.566269
10.999953
10.566269
11.765279
10.893659
11.327342
10.893659
10.889407
10.566269
10.455723
11.216796
11.1105
11.544185
11.654732
10.6725645
12.088415
11.327342
11.327342
12.088415
11.327342
10.889407
11.433638
11.544185
11.977869
11.544185
11.216796
11.1105
11.654732
10.893659
11.1105
11.65048
11.433638
12.088415
11.977869
11.106249
11.761026
11.977869
12.5220995
12.845238
13.1726265
11.867322
11.867322
12.194712
12.5220995
12.305258
11.544185
12.194712
12.194712
11.867322
11.2125435
11.327342
11.761026
11.544185
11.761026
11.544185
11.544185
11.871573
11.544185
11.327342
11.977869
12.194712
12.628395
11.106249
12.5220995
12.194712
12.411553
12.194712
11.977869
11.216796
11.544185
11.977869
12.088415
13.39372
12.5220995
11.323091
12.415805
12.5220995
11.327342
11.654732
10.783112
11.216796
11.548436
10.783112
11.654732
10.783112
10.893659
12.415805
11.761026
11.761026
11.977869
12.088415
11.977869
11.327342
10.566269
11.871573
11.327342
11.437889
10.783112
11.871573
11.977869
11.544185
10.566269
10.23888
11.221047
10.893659
11.004206
11.437889
10.787363
10.459974
10.783112
10.676816
10.676816
11.437889
11.221047
10.893659
11.221047
11.221047
11.221047
11.9821205
10.676816
10.243132
10.893659
11.765279
10.02629
11.004206
10.783112
10.676816
10.570521
10.353679
10.136837
10.136837
10.136837
9.375764
9.809448
9.375764
9.486311
10.136837
10.02629
9.919995
10.243132
10.243132
10.136837
9.919995
9.048374
9.375764
9.703153
10.353679
10.02629
10.247384
10.570521
10.353679
9.919995
10.464226
9.915743
9.809448
9.809448
10.570521
9.592606
10.353679
8.94208
8.94208
8.070459
8.725238
9.703153
8.8315325
9.592606
10.136837
9.482059
9.048374
10.464226
9.482059
9.375764
9.919995
9.809448
10.136837
9.375764
10.02629
9.375764
9.158921
10.357931
10.464226
8.614691
9.8137
9.486311
8.397848
8.614691
9.486311
9.375764
8.8315325
9.592606
9.809448
9.158921
9.596858
8.94208
8.725238
8.508395
9.375764
9.592606
8.614691
9.048374
9.269468
10.030542
9.703153
9.375764
9.375764
9.703153
10.464226
8.725238
8.725238
9.158921
8.181006
8.618942
8.4021
8.074712
7.9641643
8.074712
8.946331
8.397848
8.725238
8.2915535
8.397848
8.725238
8.508395
9.269468
7.857869
8.074712
7.636775
7.747322
9.052627
8.614691
7.636775
8.181006
9.052627
9.052627
9.269468
8.2915535
7.636775
8.725238
8.074712
8.725238
8.946331
7.857869
7.6410265
7.6410265
6.986249
7.4241843
7.7515736
7.857869
6.875702
6.5525646
7.096796
8.2915535
8.2915535
8.074712
8.397848
9.375764
8.2915535
9.158921
8.397848
8.397848
8.508395
9.596858
8.397848
8.2915535
8.508395
7.9641643
7.419933
7.9641643
8.074712
8.074712
7.6410265
6.986249
7.4241843
7.9684157
7.857869
7.9641643
7.4241843
7.9684157
6.769407
7.6410265
7.313638
7.096796
7.4241843
8.185258
7.6410265
6.986249
8.074712
8.2915535
7.419933
8.4021
7.857869
8.185258
7.5304804
7.5304804
7.7515736
7.4241843
7.4241843
6.5525646
7.207342
8.295805
7.096796
7.6410265
7.313638
7.9684157
7.313638
7.6410265
8.074712
8.835785
7.5304804
7.857869
7.6410265
7.313638
8.074712
7.096796
7.203091
7.9684157
7.857869
7.6410265
7.4241843
7.096796
8.185258
6.986249
6.5525646
7.096796
8.295805
7.7515736
7.4241843
7.6410265
7.9684157
8.4021
7.9641643
8.185258
7.5304804
8.2915535
8.725238
7.747322
9.052627
9.052627
7.203091
8.074712
8.508395
8.397848
8.074712
7.857869
7.9684157
7.7515736
7.313638
7.313638
7.4241843
7.207342
7.096796
7.9684157
7.7515736
8.2915535
7.207342
7.9684157
8.185258
7.313638
8.185258
6.6588597
7.7515736
7.4241843
8.074712
7.4241843
8.4021
8.835785
8.618942
8.618942
8.508395
7.096796
8.4021
8.4021
6.6588597
7.9684157
8.185258
7.207342
7.9684157
7.4241843
6.7736583
6.8799534
6.3357224
5.902038
7.1010475
7.7515736
7.317889
7.7515736
7.5304804
7.5304804
8.185258
7.9684157
6.986249
7.747322
7.4241843
7.6410265
7.9684157
6.8799534
7.857869
7.313638
7.857869
7.313638
6.5525646
7.5347314
8.078962
6.8799534
6.9905005
7.5347314
7.5347314
6.9905005
6.556816
7.5347314
7.8621206
6.5525646
6.8799534
7.9684157
6.5525646
7.6410265
6.8799534
7.5347314
7.207342
6.769407
7.9684157
7.7515736
7.4241843
7.6410265
7.096796
7.4241843
6.5525646
7.1010475
6.8799534
6.123132
6.663111
6.9905005
6.012585
6.012585
6.7736583
6.2294273
6.4462695
6.9905005
6.9905005
6.5525646
6.008333
6.663111
5.902038
7.8621206
6.9905005
7.207342
7.4241843
7.207342
6.5525646
6.339974
6.556816
5.902038
6.8799534
6.5525646
6.9905005
6.663111
6.556816
5.578901
6.012585
5.140965
6.667363
6.012585
5.578901
6.339974
5.574649
6.2294273
5.357807
6.556816
6.7736583
6.4462695
6.663111
7.313638
6.986249
8.074712
7.203091
7.6410265
6.986249
6.008333
7.313638
6.1188803
8.295805
6.663111
6.4462695
6.1188803
6.663111
7.317889
6.008333
6.1188803
6.5525646
6.8799534
6.769407
6.2294273
7.5347314
6.8799534
7.207342
6.5525646
7.7515736
7.096796
7.313638
7.207342
7.096796
7.6410265
7.096796
8.4021
7.857869
7.6410265
7.526228
7.857869
7.747322
6.769407
6.986249
7.096796
6.5525646
6.8799534
6.6588597
5.902038
7.317889
6.3357224
6.008333
7.096796
6.5525646
6.5525646
7.4241843
7.9684157
6.4420176
6.8799534
7.313638
7.6410265
8.4021
7.096796
7.096796
7.857869
7.857869
7.4241843
8.074712
7.6410265
7.313638
7.313638
7.096796
6.5525646
6.8799534
7.207342
6.1188803
6.9905005
6.2251754
6.1188803
6.663111
6.2251754
6.7736583
7.6410265
6.5525646
7.5347314
6.4420176
7.096796
7.313638
7.4241843
7.313638
7.6410265
7.4241843
7.4241843
7.6410265
7.207342
7.096796
7.6410265
6.8799534
7.096796
7.313638
6.8799534
6.556816
7.6452785
6.8799534
6.8842053
7.096796
6.9905005
7.096796
7.4241843
6.5525646
6.7736583
6.8799534
6.5525646
6.663111
7.5347314
6.1188803
7.7515736
7.7515736
7.4241843
7.207342
7.7515736
7.096796
6.8799534
7.7515736
6.769407
6.4420176
7.4241843
7.4241843
7.096796
6.663111
6.1188803
6.4462695
7.7515736
6.4462695
6.7736583
6.9905005
7.207342
5.464102
7.4241843
7.9684157
6.769407
7.207342
7.6410265
7.096796
8.185258
8.512647
6.6588597
8.185258
7.4241843
6.3357224
7.9684157
7.4241843
6.769407
6.8799534
6.3357224
6.8799534
7.4241843
7.207342
7.6410265
7.096796
6.8799534
7.6410265
6.6588597
7.096796
7.096796
6.769407
6.8799534
7.857869
6.3357224
6.9905005
7.6410265
7.313638
6.8799534
7.096796
7.313638
6.769407
7.5304804
6.769407
6.663111
7.096796
6.8799534
5.8977866
7.207342
7.096796
6.3357224
7.207342
6.5525646
7.5347314
7.9684157
6.8799534
7.207342
6.769407
7.7515736
6.986249
6.6588597
7.6410265
8.074712
7.419933
7.419933
7.857869
8.074712
6.2251754
7.9684157
7.419933
6.4420176
7.419933
7.5304804
7.313638
7.203091
7.857869
6.5525646
7.096796
7.5304804
7.6410265
6.8799534
7.4241843
7.313638
6.008333
7.7515736
6.5525646
5.8977866
7.096796
7.096796
6.769407
7.857869
6.875702
7.096796
7.857869
6.5525646
7.313638
7.9684157
7.313638
6.986249
6.4420176
7.096796
7.9684157
6.3357224
6.5525646
6.769407
6.012585
6.663111
6.9905005
6.1188803
6.8799534
6.3357224
6.8799534
6.008333
7.096796
6.769407
6.8799534
6.8799534
6.5525646
6.1188803
6.663111
6.3357224
6.4462695
7.5347314
7.4241843
6.2251754
6.5525646
7.096796
6.8799534
6.6588597
7.7515736
6.986249
6.1188803
7.317889
5.574649
6.1188803
5.791491
6.556816
6.663111
7.1010475
6.5525646
6.8799534
6.8799534
6.769407
6.663111
6.5525646
7.6410265
6.2251754
6.5525646
7.203091
6.4420176
6.4420176
6.2251754
6.8799534
7.7515736
6.5525646
6.4462695
6.4420176
6.008333
5.902038
6.2294273
6.012585
6.2294273
5.902038
5.902038
6.4462695
5.902038
6.012585
6.4462695
7.096796
5.464102
6.3357224
6.5525646
6.2294273
6.5525646
6.769407
7.096796
7.4241843
6.1188803
5.6809444
6.2294273
6.2294273
5.357807
6.556816
6.3357224
5.468354
6.123132
5.795743
5.3620586
5.468354
4.7072806
6.450521
5.574649
5.578901
5.795743
6.3357224
6.2294273
6.663111
6.8842053
6.2294273
5.791491
6.1188803
5.24726
6.4462695
6.8842053
6.012585
6.2294273
6.8842053
5.902038
6.556816
6.9905005
5.791491
6.556816
6.8842053
5.90629
5.468354
5.357807
6.012585
6.4462695
6.012585
5.357807
6.450521
5.4726057
5.578901
4.490439
6.339974
6.4462695
5.140965
6.667363
6.8842053
6.7736583
5.6851964
6.4462695
6.9905005
5.6851964
6.450521
6.7736583
5.468354
6.012585
6.012585
6.123132
5.3620586
5.578901
6.2294273
5.795743
6.667363
5.795743
5.0346694
6.123132
5.038922
6.2336793
5.689448
4.928375
6.667363
5.357807
4.8178277
6.667363
6.123132
5.0346694
5.3620586
5.2557635
6.012585
4.928375
6.556816
5.90629
5.3620586
4.7072806
5.1452165
4.6009855
4.3841434
4.928375
5.038922
4.0610065
4.167301
4.0610065
3.8399122
3.9504592
5.1494684
3.9504592
4.167301
4.7115326
3.9504592
5.038922
4.6009855
3.62307
5.2557635
4.6009855
4.605237
4.928375
4.490439
4.3841434
4.8220797
4.167301
3.844164
3.5167751
3.9504592
4.171553
4.2778482
3.5167751
2.972544
3.6273217
3.5210268
2.8662488
2.8662488
3.737869
3.1936376
2.6494067
2.8662488
3.4104798
3.3041847
3.0830908
3.0830908
4.065258
3.4104798
3.5210268
3.6273217
4.3883953
4.2821
3.4104798
3.5167751
2.8662488
3.299933
2.1009235
4.2821
2.9767957
3.954711
3.0830908
2.4325645
2.1051755
3.3041847
2.3220174
3.3041847
3.0873425
2.9767957
2.9767957
2.2114706
2.7599535
2.7557018
2.7599535
3.5210268
3.1936376
3.4104798
2.6494067
3.0873425
3.1936376
2.6494067
3.5210268
3.631574
2.7599535
1.8883334
2.5431116
2.9767957
1.565196
2.4368165
2.1094272
1.4589009
2.003132
0.69782764
0.58728075
1.0252168
1.2420589
0.69782764
0.69782764
1.6757431
2.2199743
1.565196
1.7820382
3.0873425
2.7599535
2.2157223
3.5210268
3.1936376
2.4325645
2.5388596
3.414732
1.8883334
2.4368165
2.7599535
1.8925852
1.1315118
0.043049537
1.0252168
0.043049537
-0.28008774
1.6799948
0.26414344
1.1357636
-0.17379257
0.9189216
0.8083746
-0.3906347
1.2420589
1.1357636
1.5694479
0.043049537
2.4410682
1.565196
1.348354
1.348354
1.4589009
2.5473633
1.020965
2.5473633
2.4368165
2.4368165
1.4589009
0.91466975
2.1136792
-0.28008774
1.1357636
0.1578483
0.5957843
-1.1474562
-0.058993805
-0.8200671
0.05155315
-0.38638288
0.05155315
0.05155315
-0.603225
0.26839525
-0.058993805
0.04730134
0.3746904
1.4631528
-0.38638288
0.9189216
-0.7137719
1.0294685
0.59153247
0.26839525
1.2463106
-0.058993805
-0.16954076
0.48523736
0.7020795
-0.16528895
-0.7137719
0.26839525
0.26839525
-1.2537513
0.05155315
-0.49267802
-1.0369092
-0.49267802
-1.0369092
-0.70952016
-0.70952016
0.1621001
-0.70952016
-0.70952016
-0.16528895
-0.70952016
-0.59897316
-0.054742
-1.6916873
-0.058993805
-0.2758359
-0.603225
0.05155315
0.48523736
-0.8200671
-0.9263622
0.1621001
0.05155315
-0.70952016
0.05155315
-0.38213107
-0.16528895
-0.9263622
-0.59897316
-1.0326574
-1.1432043
-0.59897316
-0.70952016
-0.38213107
-1.5811403
-0.16528895
-0.16528895
-1.0369092
-0.70952016
-0.38213107
-0.16528895
0.05155315
-1.0369092
-0.49267802
-1.6916873
0.5957843
-1.5811403
-0.49267802
-0.70952016
-0.38213107
-0.49267802
-1.2537513
-0.49267802
-0.9263622
-1.4748453
-0.81581527
-1.4705935
-0.81581527
-1.6874356
-1.6874356
-1.1432043
-1.7979825
-1.1432043
-0.38213107
-2.3422136
-0.27158412
-1.1432043
-0.603225
-0.38213107
-0.70952016
-0.59897316
-0.603225
-0.2758359
-0.49267802
-0.2758359
0.7020795
-0.16528895
-0.49267802
-0.058993805
-0.603225
-0.49267802
-0.2758359
-1.3642982
-0.9263622
-0.9263622
-0.49267802
-0.70952016
-1.7979825
-0.38213107
-0.70952016
-1.0369092
-0.16528895
-0.59897316
-1.5811403
-0.054742
-0.70952016
-1.1474562
0.26839525
-0.16528895
-1.0369092
0.1578483
-0.16954076
0.1578483
0.59153247
0.48523736
0.48523736
0.59153247
0.59153247
-0.16954076
-0.49692985
0.1578483
-0.49267802
-1.9085294
0.05155315
-0.38213107
-0.16528895
-0.2758359
-0.49267802
-0.38213107
-1.3642982
-1.1432043
-0.8200671
-0.603225
-1.5811403
0.5957843
-0.603225
0.1578483
0.04730134
0.7020795
-0.930614
0.1578483
0.9189216
-0.2758359
0.59153247
-0.38638288
0.7020795
0.9189216
1.3526058
1.0252168
0.9189216
1.1357636
-0.28008774
0.48523736
0.26414344
-0.16954076
-0.2758359
0.05155315
-0.16954076
0.9231734
0.26839525
-0.7137719
-0.16954076
0.15359649
0.04730134
1.896837
1.2420589
0.8083746
1.5694479
1.6757431
1.8925852
1.7862899
0.91466975
2.003132
1.6757431
1.896837
1.237807
1.2420589
1.4589009
0.15359649
1.0252168
1.7862899
0.9189216
0.59153247
0.69782764
0.3746904
-0.28008774
1.7862899
0.69782764
0.91466975
2.003132
0.91466975
2.330521
2.1094272
2.4368165
2.003132
2.6536584
2.1051755
2.8705006
2.5431116
2.5431116
2.9810476
1.4546491
3.0873425
3.631574
2.1094272
2.6536584
1.237807
2.4368165
1.9988803
2.1094272
2.3262694
2.7599535
1.12726
3.0873425
1.348354
3.1978896
2.8705006
2.5473633
2.5431116
1.3441021
2.3262694
2.7599535
1.7777863
3.3041847
3.3041847
2.3220174
3.0830908
2.9767957
2.4325645
2.6494067
2.7557018
2.9767957
3.848416
2.5388596
2.8662488
3.1936376
2.7557018
2.7599535
4.065258
3.1936376
3.3041847
2.4325645
2.6494067
2.4325645
2.7599535
2.8662488
2.4325645
3.631574
3.0830908
2.4325645
3.3041847
2.9767957
4.171553
3.0830908
2.4283128
3.737869
3.844164
3.5167751
3.299933
4.8220797
3.5167751
3.6273217
3.7336173
4.0610065
3.844164
4.2778482
2.861997
3.189386
4.3883953
2.8662488
3.954711
4.171553
3.0830908
2.8662488
4.0610065
3.299933
3.954711
4.0610065
3.6273217
3.299933
3.954711
3.0830908
2.972544
3.0830908
4.605237
4.4946904
3.406228
3.9504592
3.406228
3.844164
4.4946904
3.078839
4.4946904
5.038922
3.5167751
4.8220797
4.2778482
3.406228
4.3883953
4.605237
3.7336173
4.605237
4.056754
3.078839
5.038922
4.2778482
3.8399122
5.3663106
4.6009855
4.924123
4.167301
5.689448
4.928375
5.2557635
5.4726057
4.8178277
5.2557635
5.1452165
4.056754
4.490439
4.7072806
4.1630497
5.038922
5.4726057
5.1452165
5.4726057
4.8178277
4.7072806
5.4726057
4.6009855
5.0346694
5.0346694
5.689448
5.90629
5.578901
5.90629
6.450521
4.924123
5.902038
6.663111
5.357807
6.1188803
6.4462695
6.1188803
7.317889
5.795743
5.140965
7.1010475
6.4462695
4.7030287
6.123132
5.574649
5.140965
6.012585
5.902038
5.6851964
6.012585
5.6851964
4.8135757
5.902038
6.008333
6.1188803
7.7515736
6.769407
7.096796
7.096796
6.986249
6.986249
6.769407
6.5525646
6.8799534
7.096796
6.769407
6.769407
8.185258
6.4420176
6.6588597
7.5304804
6.3314705
6.986249
7.857869
7.419933
5.8977866
7.313638
7.4241843
6.4420176
7.5304804
6.8799534
6.114629
6.986249
7.309386
8.181006
8.508395
8.725238
7.747322
7.526228
7.636775
8.725238
7.415681
8.181006
8.287301
8.2915535
7.74307
8.614691
8.8315325
8.397848
6.981997
8.508395
8.508395
8.2915535
8.181006
7.203091
7.419933
7.9641643
6.4420176
7.526228
7.853617
7.5304804
8.181006
7.853617
9.486311
7.526228
8.725238
8.614691
7.9641643
9.048374
9.048374
8.610438
8.070459
9.486311
8.287301
9.052627
8.614691
8.070459
7.526228
7.1988387
7.747322
7.853617
7.419933
7.636775
7.636775
8.074712
7.313638
7.5304804
7.5304804
7.313638
6.6588597
7.5304804
7.636775
8.397848
7.636775
7.74307
8.181006
7.74307
8.181006
8.504144
7.419933
8.397848
8.397848
8.508395
8.070459
7.309386
8.725238
7.636775
7.309386
8.725238
8.074712
7.419933
7.747322
8.618942
7.5304804
8.185258
8.185258
8.074712
7.203091
7.309386
8.074712
8.4021
6.875702
7.203091
7.9641643
8.2915535
7.636775
7.419933
8.070459
7.309386
8.2915535
7.853617
6.5483127
7.9641643
8.2915535
7.636775
7.857869
7.092544
6.4420176
6.5483127
6.986249
7.6410265
6.114629
7.313638
6.6588597
6.8799534
7.4241843
7.096796
7.203091
6.8799534
8.185258
6.986249
6.5483127
7.6410265
7.857869
6.769407
6.875702
7.313638
6.6588597
7.4241843
7.313638
7.857869
7.6410265
6.5525646
6.986249
6.663111
6.5525646
7.4241843
6.2294273
6.7736583
5.6851964
5.578901
6.339974
5.3620586
6.123132
5.140965
5.795743
6.2294273
5.902038
5.468354
6.4462695
6.2294273
6.4462695
6.3357224
7.317889
6.9905005
6.1188803
6.8799534
6.4462695
5.791491
7.207342
5.357807
5.140965
6.012585
6.012585
5.251512
6.123132
5.0346694
5.1452165
5.0346694
3.9462075
4.2735963
5.4726057
4.6009855
3.406228
5.038922
4.167301
4.4946904
4.928375
4.167301
4.928375
5.689448
5.4726057
4.3841434
6.016837
4.924123
5.0346694
5.90629
4.8178277
5.1452165
5.4726057
4.928375
5.4726057
5.0346694
4.928375
4.7115326
4.3841434
4.0610065
4.9326262
4.605237
3.5167751
3.954711
4.605237
4.3883953
3.189386
3.9504592
4.3883953
3.6273217
4.605237
4.8220797
5.038922
4.4946904
3.9504592
4.7115326
4.1630497
5.038922
5.1452165
5.2557635
4.167301
4.605237
4.4946904
3.62307
4.8220797
5.038922
4.605237
5.3663106
4.928375
3.6273217
3.5167751
3.844164
4.715784
3.299933
3.4104798
3.848416
3.5210268
3.299933
3.4104798
3.737869
4.715784
4.605237
4.3883953
3.9504592
5.1494684
4.7115326
4.7115326
4.2778482
4.9326262
4.8220797
3.5167751
4.8220797
4.8220797
4.605237
5.038922
5.2600155
3.7336173
3.954711
4.065258
3.6273217
3.3041847
4.065258
2.9767957
2.6494067
4.2821
3.737869
3.6273217
3.954711
4.171553
4.605237
3.9504592
4.605237
4.605237
4.605237
5.1494684
3.7336173
4.715784
4.3883953
4.3883953
3.844164
4.2821
4.2778482
3.844164
3.7336173
3.6273217
3.1936376
4.065258
3.6273217
3.5210268
3.954711
3.737869
3.3041847
2.8662488
3.5210268
2.6494067
3.4104798
2.7599535
3.3041847
3.299933
3.3041847
3.737869
4.4989424
3.737869
3.0830908
2.7557018
4.0610065
4.4989424
3.4104798
3.737869
3.6273217
4.8220797
3.737869
3.1936376
4.065258
3.5210268
3.844164
4.171553
3.737869
3.5210268
3.4104798
3.3041847
2.8662488
3.1936376
3.1936376
3.1936376
3.737869
3.0830908
3.1936376
4.4989424
4.065258
3.0830908
4.4989424
3.954711
4.3883953
4.7115326
3.844164
4.2778482
4.8220797
3.844164
4.171553
5.1494684
4.2778482
3.406228
4.605237
4.8220797
4.3883953
3.954711
3.6273217
4.715784
4.0610065
3.299933
4.171553
4.0610065
4.167301
4.715784
5.583153
4.3841434
4.2778482
5.3663106
5.1494684
4.3883953
4.7115326
4.928375
5.799995
4.3841434
4.2735963
5.9105415
4.928375
5.2557635
6.016837
6.016837
5.3663106
6.016837
5.4726057
4.8220797
4.605237
5.1494684
4.4946904
3.9504592
4.605237
5.689448
3.8399122
4.8220797
5.3663106
5.1494684
5.3663106
4.4946904
4.928375
6.2336793
5.795743
6.123132
5.689448
5.90629
6.450521
5.578901
5.578901
6.667363
6.016837
5.799995
6.561068
5.2557635
5.4726057
5.4726057
4.928375
4.056754
4.4946904
4.928375
4.4946904
4.605237
5.038922
5.1494684
3.844164
4.605237
5.3663106
5.4726057
5.2557635
5.2557635
5.583153
4.928375
5.4726057
5.689448
4.8220797
5.689448
6.016837
4.3841434
5.689448
6.016837
5.3620586
5.799995
5.799995
4.167301
4.2778482
4.4946904
4.8220797
3.844164
4.715784
4.605237
4.715784
3.737869
4.9326262
4.0610065
4.3883953
4.605237
4.9326262
4.2778482
4.9326262
4.9326262
4.4946904
4.3883953
5.4726057
3.62307
4.8220797
4.7115326
4.8220797
4.8220797
4.4946904
4.605237
4.8220797
4.605237
4.605237
3.4104798
4.3883953
2.972544
3.6273217
4.065258
3.848416
3.5210268
3.848416
3.954711
3.848416
3.631574
3.299933
3.1936376
3.6273217
4.2821
4.065258
3.844164
4.9326262
3.6273217
4.0610065
5.1494684
4.8220797
3.4104798
4.715784
4.6094894
4.171553
3.954711
3.737869
2.8662488
4.065258
3.737869
3.1936376
3.848416
3.848416
3.414732
3.631574
3.5210268
3.3041847
3.954711
4.2821
3.6273217
4.605237
4.4989424
4.171553
5.6937
4.0610065
4.3883953
4.605237
4.8220797
4.056754
5.2557635
5.9105415
5.2557635
4.8220797
5.038922
5.038922
5.3663106
4.9326262
5.3663106
4.8220797
4.605237
4.928375
5.4768577
4.8220797
5.038922
5.038922
4.4946904
5.90629
5.3620586
5.4726057
5.038922
5.689448
5.90629
6.339974
7.2115946
6.123132
6.667363
6.8842053
5.578901
5.90629
6.556816
6.012585
6.8842053
6.8799534
6.556816
7.317889
7.6452785
7.1010475
7.317889
6.1188803
7.4284363
6.9905005
7.317889
7.207342
6.663111
7.4241843
7.8621206
7.6410265
7.6410265
7.6410265
7.9684157
8.2915535
8.185258
8.397848
8.4021
8.835785
8.94208
9.052627
8.397848
8.8315325
9.703153
10.136837
9.703153
9.375764
9.486311
9.048374
9.375764
9.158921
9.8137
9.052627
9.596858
8.94208
8.508395
9.048374
8.397848
9.486311
8.8315325
9.158921
9.698901
10.787363
10.999953
10.676816
10.999953
10.566269
11.765279
11.327342
11.327342
11.761026
11.544185
12.198963
11.977869
11.871573
10.999953
11.437889
11.654732
11.216796
11.977869
11.216796
11.9821205
10.23888
11.1105
11.654732
11.1105
11.871573
12.088415
11.544185
12.411553
11.867322
12.5220995
12.628395
12.845238
12.845238
13.716857
12.624144
12.951532
14.473679
14.363132
14.256837
14.579974
14.035743
14.252585
15.124206
14.579974
14.579974
14.14629
15.341048
14.252585
14.473679
13.712605
14.039994
14.039994
13.491511
14.252585
14.579974
14.579974
14.907364
13.818902
14.252585
13.491511
14.903111
14.363132
14.68627
14.142038
14.68627
15.774733
15.557889
14.903111
14.903111
14.796817
15.447342
14.68627
15.774733
15.119954
15.119954
15.119954
15.119954
15.447342
14.796817
15.336795
15.447342
15.774733
15.447342
15.336795
15.336795
16.102121
14.575723
15.447342
15.774733
14.575723
14.792564
15.119954
15.553638
15.659932
16.531553
15.553638
15.987322
16.637848
16.421007
15.987322
15.983071
15.876775
16.421007
16.637848
16.744143
16.85469
17.292625
17.177828
16.531553
17.509468
16.527302
17.071531
17.509468
17.403173
16.637848
16.965237
16.748394
16.744143
17.72206
17.832605
17.39467
16.633596
17.398922
17.938902
17.288374
17.832605
18.810522
17.828354
17.832605
17.832605
18.155743
17.505217
17.943153
17.071531
16.85469
16.965237
16.748394
17.615763
17.18208
16.531553
16.31471
16.748394
16.204163
15.987322
16.858942
16.748394
16.748394
16.425257
17.075785
16.965237
16.858942
17.403173
17.18208
16.965237
16.858942
16.858942
16.637848
16.204163
16.09787
16.425257
15.553638
15.770479
15.119954
15.991573
15.557889
14.68627
15.013659
14.796817
13.925196
15.124206
14.256837
14.252585
13.818902
13.818902
14.363132
15.451593
14.035743
15.01791
14.363132
14.039994
15.01791
14.363132
14.035743
13.929449
14.14629
14.035743
14.256837
13.823153
14.367384
13.929449
13.168375
13.062079
13.389469
12.301006
11.867322
11.65048
11.761026
12.415805
11.327342
11.871573
11.654732
11.216796
11.871573
10.893659
11.437889
11.221047
10.676816
10.893659
10.349427
10.349427
11.221047
11.765279
11.221047
10.783112
10.676816
11.221047
11.331594
10.132585
11.437889
10.459974
10.787363
11.004206
11.331594
9.915743
9.915743
9.809448
9.592606
9.703153
8.725238
8.725238
9.269468
7.747322
8.508395
8.618942
8.508395
7.747322
9.163173
8.181006
8.074712
7.857869
9.380016
7.5304804
6.986249
8.295805
8.2915535
7.9684157
8.508395
7.5304804
8.4021
8.074712
8.185258
7.857869
7.4241843
7.7515736
6.4462695
6.9905005
6.8799534
7.207342
6.7736583
6.7736583
6.556816
6.2294273
6.339974
6.7736583
6.8842053
6.8842053
7.2115946
5.795743
6.339974
6.667363
7.1010475
6.9905005
6.4462695
7.317889
7.7515736
6.663111
7.1010475
7.317889
6.9905005
6.4462695
6.7736583
7.317889
7.317889
6.4462695
5.6851964
6.339974
6.556816
6.2336793
5.1452165
5.90629
5.1452165
5.3620586
6.2336793
6.561068
4.924123
6.561068
6.556816
6.339974
6.556816
6.556816
6.339974
6.8842053
6.2294273
6.663111
7.2115946
6.556816
6.7736583
7.538984
6.012585
6.667363
5.90629
5.90629
5.90629
5.1452165
6.2336793
4.7115326
5.1494684
4.8220797
5.038922
4.605237
5.1494684
4.0610065
5.1494684
5.4768577
4.605237
5.1494684
5.3663106
5.1452165
5.583153
5.583153
5.038922
5.583153
5.799995
5.4726057
5.038922
5.1494684
4.9326262
5.1494684
5.1494684
5.3663106
4.928375
4.7115326
5.2557635
4.167301
4.9326262
4.3883953
5.3663106
3.844164
4.4989424
3.848416
3.4104798
3.5210268
4.065258
4.2821
3.844164
5.4768577
4.171553
4.8220797
5.4768577
5.6937
4.7115326
4.8220797
5.3663106
5.583153
5.2557635
6.561068
5.9105415
6.3442264
4.3841434
5.583153
5.2557635
5.583153
5.038922
5.4768577
5.4768577
4.3883953
4.3883953
5.1494684
5.2600155
4.4989424
4.4989424
5.0431733
3.954711
4.171553
5.4768577
6.0210886
5.1494684
5.4768577
5.6937
4.8220797
4.2778482
4.8220797
5.6937
5.1494684
4.9326262
5.038922
5.2600155
4.8220797
5.2600155
4.9326262
4.715784
4.605237
5.1494684
4.3883953
3.954711
3.954711
4.3926473
4.065258
4.1758046
4.065258
3.954711
4.3926473
3.5210268
3.9589627
3.848416
3.9589627
3.5210268
3.848416
4.3926473
4.2821
4.065258
3.631574
4.065258
3.9589627
3.737869
4.065258
4.6094894
3.848416
4.065258
4.2821
4.065258
4.3926473
3.0873425
3.3041847
3.414732
3.4104798
3.848416
3.1936376
4.3926473
4.936878
3.848416
3.9589627
3.5210268
3.4104798
3.848416
3.1936376
4.6094894
4.171553
4.3883953
5.0431733
3.954711
5.1537204
4.9326262
4.2821
5.2600155
4.3883953
5.1494684
5.9105415
4.2821
4.715784
3.737869
5.3705626
3.954711
4.065258
4.2821
3.737869
4.4989424
3.5210268
4.715784
4.3926473
3.5210268
4.3926473
5.1537204
5.0431733
3.954711
4.6094894
4.065258
3.954711
3.844164
4.3883953
4.4989424
4.9326262
4.0610065
4.605237
4.605237
3.7336173
5.2600155
6.0210886
4.171553
5.2600155
4.3883953
4.065258
4.9326262
4.065258
3.737869
3.954711
3.5210268
3.848416
4.171553
4.065258
4.936878
3.737869
4.171553
3.844164
3.737869
4.2821
4.9326262
4.2821
4.715784
4.3883953
4.8220797
5.3663106
4.9326262
5.799995
4.715784
4.3883953
4.0610065
4.3883953
4.9326262
4.9326262
4.8220797
4.9326262
4.171553
4.605237
4.171553
4.0610065
4.2821
5.2600155
4.4989424
3.954711
5.1537204
4.9326262
4.171553
5.0431733
4.3883953
4.605237
5.4768577
5.1494684
5.038922
6.016837
5.4726057
5.689448
5.2557635
6.016837
5.689448
5.1452165
5.90629
6.450521
6.339974
6.016837
5.689448
5.90629
6.2336793
5.689448
5.90629
6.339974
6.012585
6.7736583
6.4462695
7.8621206
6.7736583
8.078962
7.8621206
7.207342
7.7515736
7.5347314
7.207342
7.207342
8.078962
7.5347314
7.6410265
7.4241843
8.185258
8.729489
8.2915535
8.94208
9.158921
10.030542
9.809448
10.02629
9.809448
10.136837
10.247384
9.703153
9.158921
9.596858
8.618942
8.618942
7.9684157
8.185258
8.295805
8.4021
8.512647
9.596858
9.269468
9.269468
9.158921
10.681068
10.02629
10.136837
10.787363
10.570521
10.676816
11.221047
11.1105
11.221047
11.654732
11.1105
11.437889
11.654732
11.327342
10.893659
11.9821205
11.1105
11.1105
10.893659
11.654732
10.893659
11.327342
11.871573
11.544185
11.9821205
11.871573
11.327342
11.9821205
12.305258
11.437889
12.415805
12.738942
12.194712
12.5220995
13.389469
12.628395
12.411553
13.283173
12.194712
12.845238
12.845238
13.389469
13.60631
13.823153
14.039994
13.929449
13.278922
14.367384
13.495763
13.60631
13.495763
14.039994
14.584226
13.929449
13.929449
13.60631
13.9337
14.039994
13.712605
13.495763
13.823153
13.712605
13.823153
14.367384
13.712605
13.495763
13.385218
13.712605
14.473679
14.035743
14.579974
14.796817
14.579974
14.796817
14.907364
14.035743
15.124206
14.579974
13.929449
14.801068
14.690521
15.124206
13.925196
14.256837
15.01791
13.602058
13.823153
14.14629
13.278922
13.60631
13.929449
14.150541
14.14629
13.602058
13.712605
14.14629
13.385218
13.712605
14.039994
14.907364
14.579974
13.929449
14.367384
13.929449
13.60631
13.495763
13.818902
12.845238
13.495763
13.062079
12.517848
13.062079
13.278922
12.845238
13.283173
12.734691
12.628395
13.278922
13.389469
13.278922
13.278922
12.734691
12.845238
13.495763
13.062079
13.60631
13.278922
13.60631
12.734691
12.301006
12.845238
13.389469
12.734691
12.411553
12.517848
12.084165
12.5220995
12.628395
11.867322
12.955785
12.411553
12.301006
12.5220995
13.283173
13.062079
12.301006
12.734691
13.1726265
12.624144
13.1726265
13.60631
12.734691
12.840985
12.624144
13.1726265
12.517848
13.1726265
12.738942
12.411553
12.411553
11.867322
12.5220995
12.194712
12.084165
12.738942
11.761026
11.544185
11.761026
11.433638
12.198963
11.867322
11.433638
12.088415
11.539933
12.088415
11.871573
11.977869
11.761026
12.088415
11.761026
11.544185
11.977869
10.783112
11.1105
11.327342
11.548436
10.349427
11.327342
10.783112
10.566269
10.893659
10.132585
10.89791
9.809448
10.353679
9.919995
9.052627
10.030542
9.703153
8.94208
9.596858
9.8137
8.614691
8.2915535
9.486311
7.853617
9.269468
9.052627
8.94208
9.269468
8.725238
8.2915535
8.618942
7.9684157
8.185258
7.857869
7.313638
8.4021
8.185258
7.9684157
7.6410265
7.6410265
7.4241843
7.8621206
7.6410265
6.8799534
7.7515736
7.5347314
7.096796
7.7515736
7.5347314
6.986249
7.6410265
7.5347314
7.4241843
8.295805
7.5347314
7.5347314
7.207342
6.8842053
6.2294273
6.556816
6.556816
5.795743
6.2336793
5.689448
5.1452165
5.2557635
5.038922
5.3663106
5.689448
5.4726057
5.3663106
5.038922
5.038922
4.928375
4.4946904
5.583153
5.1494684
5.1494684
5.3663106
5.3663106
3.9504592
4.8220797
5.038922
5.3663106
5.799995
4.2778482
5.9105415
4.8220797
4.3883953
5.1494684
3.6273217
3.6273217
3.844164
3.5210268
3.737869
4.1758046
3.848416
3.737869
4.6094894
3.1936376
3.848416
3.631574
2.7599535
3.737869
3.631574
3.0873425
2.9767957
3.414732
3.3041847
3.0873425
2.9767957
3.5210268
2.9767957
3.0873425
2.6536584
2.6536584
3.5210268
3.1978896
2.6536584
2.8705006
2.2199743
3.414732
3.0873425
3.0873425
2.3262694
3.1978896
2.3262694
2.6536584
4.06951
2.6536584
2.8705006
2.9810476
2.8705006
3.631574
2.7642052
2.6536584
2.6536584
3.0915945
1.8925852
3.0915945
2.6536584
2.4368165
3.1978896
2.8705006
2.8705006
3.414732
2.8705006
3.848416
3.3041847
2.7599535
4.1758046
2.1094272
3.3041847
3.0873425
2.4368165
3.0873425
2.9810476
2.6536584
3.0873425
2.6536584
2.9810476
2.5473633
2.224226
2.003132
1.4589009
2.4368165
2.5473633
2.4368165
3.5252786
2.003132
2.330521
2.003132
1.7862899
2.330521
2.65791
0.8083746
2.330521
2.65791
1.896837
1.5694479
1.2420589
2.0073838
1.3526058
1.6799948
1.5694479
1.0252168
1.896837
1.0294685
0.1578483
0.48523736
0.26839525
1.1357636
0.1578483
0.26839525
1.5736997
0.48523736
1.0294685
-0.058993805
0.9189216
0.1578483
1.0294685
-0.058993805
1.2463106
1.2463106
1.5736997
1.4631528
0.7020795
1.2463106
0.7020795
0.48523736
0.05155315
0.5957843
0.05155315
1.2463106
1.0294685
1.1400155
0.48523736
0.7020795
0.5957843
-0.058993805
1.3568575
0.37894222
0.70633125
-0.27158412
-0.38213107
-0.16528895
0.05155315
0.8126264
0.05155315
0.1578483
0.1621001
-0.16528895
-1.0369092
0.37894222
0.9231734
-0.49267802
-0.16528895
0.70633125
1.1400155
0.05155315
0.8126264
0.48523736
0.37894222
0.05155315
-0.59897316
-0.054742
-0.16528895
-0.49267802
-0.054742
-0.27158412
-0.59897316
-0.9263622
-0.38213107
0.1621001
-0.054742
-0.38213107
0.1621001
-0.59897316
-0.054742
-0.054742
0.27264705
-0.4884262
-0.49267802
0.055804953
-0.70952016
-0.27158412
0.4894892
-0.27158412
-0.59897316
0.27264705
-0.59897316
0.055804953
-0.9263622
0.27264705
-0.27158412
0.05155315
-0.054742
-0.59897316
-0.81581527
-0.38213107
0.1621001
-0.38213107
-0.59897316
-0.59897316
-0.4884262
0.055804953
0.05155315
-0.70952016
-0.16528895
0.38319403
-0.59897316
-0.054742
-0.16103715
-0.27158412
-0.81581527
-0.38213107
-1.0326574
0.27264705
-0.81581527
0.16635191
-0.4884262
-0.7052683
-0.27158412
-0.050490197
-0.81581527
-0.59897316
0.055804953
0.81687826
-0.16103715
-0.27158412
-0.4884262
-0.27158412
-0.16103715
-1.2452477
-2.006321
-1.0284055
-2.006321
-2.112616
-2.223163
-2.112616
-3.5242157
-3.851605
-2.5463004
-2.7631423
-2.5463004
-1.7894788
-1.2452477
-0.9221104
-0.59897316
-0.054742
0.1621001
0.8126264
1.1400155
0.5957843
0.70633125
1.9010887
1.5736997
0.7020795
0.5957843
0.9231734
-0.16528895
0.70633125
0.1621001
0.055804953
-0.38213107
0.1621001
-0.4884262
-0.27158412
0.055804953
0.055804953
-0.4884262
0.38319403
0.1621001
0.27264705
-0.59897316
0.9231734
0.26839525
2.0073838
2.4410682
2.224226
2.4410682
2.003132
1.6799948
2.7642052
3.4189837
1.896837
1.3526058
2.224226
1.4631528
1.2463106
2.7684572
1.2463106
1.0294685
0.7020795
1.1400155
0.5957843
0.4894892
0.27264705
0.81687826
0.37894222
0.37894222
0.8126264
1.3568575
1.4631528
2.3347728
2.3347728
1.6799948
2.0073838
2.7684572
2.0073838
2.7684572
2.65791
1.896837
2.1136792
2.224226
2.4410682
2.9852993
2.330521
1.5736997
2.0073838
1.6799948
1.3526058
1.896837
1.896837
2.4410682
0.9189216
2.5516152
2.1136792
1.0294685
1.896837
1.2463106
1.0294685
1.3526058
1.6799948
2.4410682
1.1357636
2.0073838
2.330521
1.5694479
2.0073838
2.330521
1.5694479
2.5473633
2.5473633
2.1136792
1.896837
2.1136792
2.8747523
2.1136792
2.7642052
2.5473633
2.224226
1.7862899
2.1136792
2.1136792
2.224226
1.7862899
2.1136792
1.6799948
2.330521
1.896837
1.5694479
2.224226
2.65791
1.1357636
1.6799948
1.2463106
1.2463106
1.3526058
1.6799948
1.4631528
1.6799948
1.3526058
1.6799948
1.5694479
2.1136792
2.1136792
1.4631528
1.896837
2.7642052
1.7862899
2.65791
1.4631528
1.3526058
2.224226
1.4631528
1.896837
2.1136792
1.7862899
1.3526058
1.6799948
0.9189216
2.224226
0.8083746
1.0252168
1.6799948
1.3526058
0.9189216
1.4631528
1.1357636
0.7020795
1.1357636
0.9189216
0.5957843
0.7020795
1.2463106
0.9189216
1.4631528
0.04730134
0.7020795
1.1357636
1.1357636
1.4631528
1.6799948
1.4589009
2.1136792
2.003132
1.7862899
2.9810476
3.5252786
2.8705006
3.631574
2.9810476
2.5431116
2.6536584
2.2199743
3.1978896
3.5252786
2.003132
2.6536584
3.0873425
2.6536584
3.5252786
3.5210268
3.3041847
3.9589627
2.6494067
3.848416
3.414732
4.3926473
3.737869
4.065258
5.2600155
4.171553
3.6273217
4.605237
5.038922
4.4946904
5.038922
5.689448
5.90629
6.2336793
5.4726057
4.7115326
5.3620586
6.450521
5.799995
6.667363
5.799995
5.90629
6.2336793
5.689448
6.1273837
5.583153
6.1273837
5.583153
5.799995
6.671615
5.689448
6.2336793
6.667363
6.2336793
6.8842053
6.7736583
6.012585
7.4284363
6.9905005
6.8842053
7.317889
7.207342
7.8621206
7.5347314
7.1010475
7.7515736
7.317889
7.317889
6.7736583
6.667363
7.2115946
7.4284363
7.1010475
6.8842053
6.667363
6.7736583
7.1010475
6.8842053
7.538984
7.6452785
6.339974
7.6452785
7.5347314
6.667363
7.317889
7.317889
7.4241843
8.078962
7.6410265
7.7515736
8.295805
7.8621206
8.078962
7.7515736
7.9684157
7.9684157
7.6452785
7.7515736
7.5347314
6.9905005
6.7736583
6.8842053
6.450521
7.317889
6.9905005
6.667363
6.450521
7.1010475
7.6452785
7.5347314
7.1010475
7.4284363
7.9684157
7.8621206
6.9905005
8.189509
7.207342
7.317889
7.7515736
8.078962
6.9905005
6.556816
8.078962
7.317889
7.5347314
8.078962
7.8621206
7.5347314
7.1010475
7.317889
6.9947524
7.1010475
6.8842053
5.795743
6.9947524
6.667363
5.578901
6.561068
6.9947524
6.339974
6.77791
7.1010475
6.8842053
7.207342
6.9905005
6.8842053
8.078962
6.7736583
7.4284363
7.4284363
8.078962
7.5347314
7.5347314
8.078962
6.9905005
6.7736583
7.207342
6.339974
6.9905005
7.317889
7.1010475
6.9905005
6.556816
6.123132
6.556816
6.9905005
6.556816
5.689448
5.90629
6.561068
6.8842053
6.556816
7.4284363
6.012585
6.339974
7.317889
6.8799534
7.207342
7.9684157
7.7515736
7.6410265
7.4241843
8.512647
7.4241843
7.096796
7.5347314
7.4241843
6.663111
7.207342
7.5347314
6.9905005
7.5347314
7.1010475
7.4284363
7.1010475
6.339974
6.7736583
6.8842053
7.4284363
5.795743
6.339974
6.8842053
6.8842053
6.339974
7.8621206
6.7736583
7.4241843
6.9905005
7.6452785
6.9905005
6.339974
6.7736583
7.1010475
6.8842053
7.317889
6.663111
6.8842053
6.8842053
6.9947524
6.8842053
5.689448
5.689448
5.583153
5.1494684
4.171553
4.2821
4.715784
3.848416
4.2821
3.4104798
3.5210268
4.715784
3.844164
5.0431733
4.4989424
3.737869
4.065258
4.171553
4.2821
4.6094894
4.2821
4.2821
3.737869
4.1758046
4.503194
2.8705006
2.7642052
2.9810476
3.1978896
2.4368165
3.1978896
2.4368165
2.4368165
2.330521
1.3526058
2.1136792
2.330521
1.6799948
1.896837
2.330521
2.330521
2.7642052
3.0915945
1.896837
2.8747523
2.330521
2.330521
2.8747523
2.65791
2.6536584
2.5473633
2.8747523
2.8747523
2.9852993
2.0073838
1.5694479
1.896837
2.0073838
1.5736997
0.9189216
1.5736997
0.70633125
0.37894222
-0.054742
0.1621001
1.0337203
0.5957843
0.9231734
-0.054742
0.26839525
0.26839525
0.9231734
1.4674045
0.27264705
0.37894222
1.3568575
0.9231734
1.2505624
0.5957843
-0.16528895
1.3568575
1.2505624
0.37894222
0.9231734
0.9231734
0.8126264
-0.054742
0.4894892
0.16635191
-0.59897316
0.27264705
-0.7052683
-0.4884262
-0.9221104
-0.4884262
-0.9221104
0.16635191
-0.7052683
-0.5947214
-0.2673323
0.27689886
-1.0326574
0.055804953
0.055804953
-0.38213107
-0.16103715
0.27264705
0.27264705
-0.59897316
-0.054742
-0.27158412
0.27264705
-0.37787926
-0.9221104
0.70633125
-0.7052683
-0.38213107
-0.27158412
-0.5947214
-0.8115635
-0.8115635
-0.8115635
-0.16103715
-0.9221104
-0.9221104
-0.9221104
-0.16103715
-0.5947214
-0.7052683
-0.37787926
0.16635191
0.055804953
-0.27158412
0.60003614
-0.16103715
-0.4884262
-0.27158412
-0.4884262
0.27264705
-0.81581527
0.27264705
0.27264705
-0.4884262
0.27264705
-0.4884262
-0.8115635
-0.4884262
-1.2494994
-0.16103715
-1.2494994
-1.2494994
-0.16103715
-1.1389525
-0.7052683
-0.7052683
-1.3557947
-0.4884262
0.27264705
-1.1389525
-0.37787926
-0.37787926
-1.2494994
-0.8115635
-1.4663416
-1.2452477
-0.5947214
-1.0284055
-0.8115635
-0.5947214
-0.8115635
-1.3557947
-0.8115635
-0.8115635
-1.5726367
-0.9221104
-1.2452477
-1.9000257
-0.8115635
0.38319403
-0.050490197
-0.7052683
-0.7052683
-1.3557947
-0.7010165
-0.9221104
-1.0284055
-0.4841744
-0.9221104
-0.5947214
-0.37787926
-0.37787926
-0.9221104
-1.1389525
0.055804953
-0.5947214
-0.16103715
-0.37787926
0.055804953
-1.0326574
0.60003614
-0.27158412
-0.16103715
0.70633125
-0.27158412
-0.054742
0.4894892
0.055804953
-0.4884262
-0.054742
-0.4884262
1.2548143
0.27264705
-1.0326574
0.38319403
-0.37787926
-0.7052683
-0.37787926
0.16635191
-0.054742
-0.4884262
-0.27158412
-0.27158412
-0.4884262
0.70633125
0.38319403
0.27264705
0.60003614
0.70633125
0.055804953
0.70633125
0.5957843
0.37894222
0.5957843
1.1400155
0.37894222
0.37894222
0.4894892
-0.054742
1.0337203
-0.054742
-0.27158412
0.27264705
-0.054742
0.1621001
-0.054742
-0.16103715
0.1621001
0.38319403
0.27264705
0.27264705
0.37894222
0.1621001
-0.16528895
0.70633125
1.5736997
1.0294685
1.7905419
2.224226
1.4631528
2.117931
0.8126264
2.0073838
0.9189216
0.37894222
1.7905419
1.1400155
0.70633125
1.0294685
1.3568575
1.3568575
1.2463106
1.3568575
0.8126264
1.1400155
1.2463106
0.8126264
1.2463106
1.5736997
1.1400155
0.8126264
1.9010887
2.117931
2.224226
2.7684572
1.0294685
2.0073838
2.5516152
2.0073838
2.5516152
2.5516152
1.4631528
1.6799948
2.0073838
2.0073838
1.896837
2.4410682
1.896837
1.896837
2.0073838
1.5736997
2.3347728
1.7905419
2.7684572
2.5516152
2.8747523
3.0915945
1.896837
3.3084364
3.0915945
2.1136792
3.3084364
3.3084364
3.3084364
4.2863517
2.9810476
2.9810476
3.5252786
3.6358256
2.9810476
3.631574
2.8747523
2.7642052
4.06951
2.1136792
3.3084364
3.4189837
2.4410682
2.330521
2.9810476
2.5473633
2.4368165
3.5252786
2.7642052
2.4368165
3.1978896
2.7642052
2.9810476
3.414732
3.3084364
3.3041847
3.3041847
3.5252786
3.3041847
3.3041847
2.9767957
3.631574
3.9589627
3.631574
2.8705006
3.631574
3.1978896
3.414732
4.2863517
3.0915945
2.9810476
2.4368165
3.5252786
2.4368165
2.6536584
2.5431116
3.848416
3.7421207
2.8705006
3.1978896
4.1758046
3.7421207
3.414732
3.9589627
4.1758046
3.3041847
4.065258
4.1758046
4.1758046
3.9589627
3.631574
3.737869
4.1758046
3.0873425
4.3926473
3.848416
3.0873425
4.503194
3.0873425
2.3262694
3.414732
3.631574
3.414732
4.503194
3.631574
3.848416
3.414732
4.2863517
4.3926473
4.1758046
3.631574
3.5210268
4.503194
4.936878
3.848416
2.9767957
4.3926473
4.065258
3.848416
3.848416
4.065258
3.5210268
3.9589627
3.414732
3.0873425
3.0873425
3.414732
3.5210268
3.631574
3.7421207
2.9767957
3.631574
3.414732
3.737869
3.0873425
3.1978896
3.0873425
3.0873425
3.631574
3.631574
3.848416
3.631574
3.3041847
3.1978896
4.065258
3.5210268
3.3041847
3.7421207
3.737869
3.5210268
4.065258
2.6494067
3.737869
3.0873425
4.065258
2.9767957
3.631574
3.3041847
3.848416
3.1936376
3.0873425
3.0873425
3.631574
3.3041847
3.3041847
3.848416
3.0873425
4.065258
3.848416
4.06951
3.848416
3.1936376
3.3041847
3.5210268
3.6273217
3.631574
3.737869
2.9767957
3.848416
3.954711
5.0431733
4.3883953
4.0610065
3.6273217
3.6273217
4.065258
3.5210268
3.3041847
4.065258
4.065258
3.631574
3.631574
3.631574
4.3926473
2.9767957
3.1936376
3.9589627
3.9589627
4.065258
4.826331
4.171553
3.954711
4.3883953
4.4989424
4.605237
5.1494684
5.3663106
5.6937
5.1494684
5.6937
4.715784
3.6273217
4.0610065
3.737869
3.1936376
3.4104798
3.737869
3.737869
3.954711
3.4104798
3.5210268
4.2821
3.737869
3.737869
3.954711
4.065258
4.715784
3.844164
4.826331
5.6937
4.9326262
4.715784
5.583153
5.2557635
6.1273837
5.3663106
5.4726057
5.038922
5.4726057
5.4726057
4.490439
5.2557635
5.583153
4.8220797
5.2557635
4.605237
4.605237
3.844164
4.715784
3.737869
3.737869
4.3926473
2.9767957
4.171553
4.171553
4.605237
4.171553
3.954711
3.844164
5.1494684
4.8220797
5.9105415
6.561068
5.689448
6.016837
6.2336793
5.799995
6.561068
5.2557635
5.90629
6.016837
6.1273837
5.689448
4.6009855
5.2557635
5.799995
5.583153
5.583153
4.7115326
4.2778482
5.2557635
4.2778482
5.9105415
5.1494684
4.9326262
5.3663106
5.2557635
5.583153
5.9105415
4.928375
6.016837
5.1452165
6.2336793
6.8842053
6.2336793
7.2115946
5.578901
5.90629
6.339974
5.3620586
5.4726057
6.561068
5.3620586
5.4726057
5.2557635
5.038922
4.4946904
5.038922
4.4946904
5.3663106
5.3663106
4.3841434
5.2600155
4.7115326
6.3442264
5.2557635
5.689448
5.2557635
5.799995
5.4726057
5.3620586
5.1452165
6.8884573
6.450521
6.123132
5.90629
6.77791
5.689448
6.123132
6.450521
5.4726057
6.016837
5.4726057
5.90629
5.90629
5.90629
5.4726057
6.2336793
5.038922
5.1452165
6.1273837
5.038922
5.4726057
6.1273837
5.2557635
5.1452165
6.77791
6.667363
6.012585
6.8842053
5.795743
6.450521
6.667363
6.2336793
6.123132
6.9947524
5.578901
5.90629
5.90629
5.799995
6.561068
5.90629
5.1452165
5.578901
5.251512
5.799995
5.4726057
5.038922
4.8220797
5.4726057
5.3620586
4.8220797
5.038922
6.1273837
5.1494684
4.3841434
6.2336793
6.450521
5.251512
5.795743
6.016837
5.468354
6.339974
6.8842053
6.339974
6.012585
5.6851964
6.012585
6.8842053
7.4284363
5.795743
6.012585
6.9947524
5.578901
6.012585
6.2294273
5.251512
6.667363
6.667363
5.578901
7.2115946
5.90629
5.90629
6.667363
6.2336793
6.339974
6.8842053
6.556816
6.012585
6.9905005
7.8621206
6.012585
6.4462695
6.556816
6.663111
6.556816
6.663111
7.6452785
7.1010475
6.123132
6.339974
6.2294273
6.2294273
7.1010475
6.2294273
6.012585
6.667363
6.123132
6.2336793
7.2115946
5.689448
5.3620586
5.578901
6.123132
6.012585
6.556816
7.1010475
6.4462695
7.4284363
6.9905005
6.1188803
6.9905005
7.9684157
6.4462695
7.7515736
7.317889
6.5525646
7.1010475
7.317889
6.663111
6.663111
7.207342
6.4462695
6.012585
7.4284363
6.339974
7.5347314
7.207342
6.9905005
6.7736583
6.663111
6.4462695
7.1010475
6.556816
7.7515736
6.8799534
6.9905005
8.295805
7.4241843
7.207342
7.6410265
7.6410265
6.8799534
7.5304804
7.9684157
6.5525646
7.6410265
7.9684157
6.6588597
7.096796
7.6410265
7.5347314
6.663111
7.7515736
8.295805
6.8799534
7.5347314
7.317889
7.207342
7.207342
7.6410265
7.096796
7.5304804
7.207342
8.295805
7.207342
7.5347314
8.2915535
6.986249
8.078962
7.7515736
7.6410265
8.074712
8.074712
8.295805
8.185258
7.7515736
7.6410265
7.4241843
7.7515736
6.986249
8.295805
6.663111
8.185258
8.185258
7.6410265
7.6410265
8.295805
7.7515736
6.8799534
7.4241843
7.9684157
8.618942
7.7515736
7.4241843
7.857869
7.857869
7.9684157
8.618942
8.2915535
7.9641643
8.508395
8.835785
7.9641643
8.618942
8.181006
8.835785
8.397848
7.636775
8.508395
8.508395
7.636775
8.508395
8.618942
8.2915535
8.618942
8.94208
9.158921
9.703153
9.486311
10.030542
8.8315325
9.703153
9.158921
9.486311
9.486311
8.397848
9.703153
9.592606
9.158921
9.375764
8.8315325
8.504144
9.048374
9.052627
9.375764
9.592606
8.614691
9.048374
8.94208
9.158921
9.375764
10.136837
8.94208
9.482059
9.703153
8.8315325
9.482059
9.15467
8.8315325
9.703153
10.136837
9.375764
8.610438
9.698901
9.592606
9.592606
9.265217
9.919995
8.614691
9.048374
9.486311
8.397848
8.8315325
8.720985
8.504144
9.375764
9.486311
9.048374
9.375764
9.703153
9.809448
9.919995
9.482059
9.919995
8.937827
9.592606
9.375764
10.681068
8.720985
9.703153
10.136837
10.570521
10.02629
10.02629
9.809448
9.482059
9.592606
9.375764
9.482059
9.915743
9.371511
8.610438
9.809448
10.353679
9.809448
10.02629
9.375764
9.919995
10.570521
8.937827
8.8315325
9.809448
9.15467
9.048374
10.787363
9.915743
10.0220375
10.02629
9.698901
10.459974
9.260964
9.915743
10.787363
9.915743
9.915743
10.243132
9.15467
10.136837
10.243132
9.482059
9.375764
9.809448
8.393597
8.614691
9.048374
10.353679
9.265217
8.287301
8.287301
9.703153
9.919995
9.375764
9.048374
9.158921
9.269468
9.703153
8.720985
8.504144
9.158921
8.8315325
9.592606
8.937827
9.048374
10.681068
10.136837
8.176754
8.725238
8.614691
9.375764
8.287301
8.835785
8.070459
9.703153
8.397848
8.725238
8.397848
8.070459
8.2915535
7.9641643
8.508395
8.508395
8.508395
9.158921
9.486311
8.397848
8.725238
9.375764
8.287301
9.269468
9.158921
8.504144
9.269468
9.048374
8.393597
8.720985
8.287301
9.048374
9.486311
8.397848
9.052627
8.94208
7.636775
8.397848
8.725238
7.9641643
8.2915535
8.2915535
8.508395
7.526228
8.181006
8.4021
7.636775
7.747322
8.4021
7.309386
7.9641643
9.158921
8.614691
8.397848
7.74307
8.181006
7.853617
8.074712
8.185258
7.5304804
8.2915535
7.857869
6.769407
7.203091
7.9684157
6.4420176
7.6410265
7.207342
7.313638
7.9684157
7.6410265
7.096796
7.857869
6.8799534
7.7515736
6.8799534
7.9684157
7.207342
7.096796
7.4241843
7.313638
7.7515736
6.5525646
6.4420176
6.4420176
6.8799534
7.1010475
7.207342
6.9905005
6.9905005
7.4241843
6.4462695
6.9905005
7.207342
7.4241843
6.4462695
7.207342
7.5347314
6.663111
6.3357224
6.4462695
5.902038
6.8799534
6.3357224
6.9905005
6.663111
6.8799534
6.556816
6.663111
5.6851964
6.450521
5.902038
6.2294273
6.663111
5.357807
7.317889
6.663111
6.7736583
6.2294273
5.468354
6.556816
6.4462695
6.7736583
6.8842053
6.556816
5.468354
5.795743
5.468354
6.339974
6.7736583
6.2294273
7.1010475
6.667363
5.468354
6.450521
6.667363
4.924123
5.578901
6.2294273
4.8178277
5.90629
6.667363
4.924123
5.795743
5.90629
6.2294273
6.012585
6.8842053
5.795743
5.4726057
5.6851964
6.123132
5.0346694
5.468354
6.450521
5.689448
5.251512
4.928375
4.6009855
4.7115326
3.9504592
4.8220797
2.972544
3.6273217
3.189386
2.972544
4.3883953
3.299933
4.0610065
3.6273217
3.189386
2.861997
3.6273217
4.2778482
4.6009855
4.7115326
4.8220797
5.583153
3.9504592
4.2778482
5.4726057
3.8399122
3.406228
4.3883953
4.167301
2.972544
4.3883953
3.5167751
3.6273217
4.0610065
4.171553
2.972544
2.8662488
3.844164
2.972544
4.065258
3.954711
2.972544
3.189386
3.299933
4.2778482
3.7336173
3.7336173
4.8220797
5.583153
4.490439
5.4726057
5.1494684
4.8220797
5.1494684
4.605237
4.3883953
4.4946904
4.9326262
3.406228
4.9326262
3.844164
2.972544
3.3041847
2.3220174
2.7599535
2.7599535
3.4104798
3.5210268
3.5210268
2.9767957
2.7599535
2.6494067
3.3041847
2.3220174
2.9767957
3.848416
3.737869
3.3041847
2.8662488
3.5210268
3.0873425
4.1758046
2.7557018
3.5210268
4.171553
3.954711
3.737869
2.8705006
2.8705006
2.7599535
2.1094272
2.8705006
3.5252786
1.7820382
2.1094272
2.6536584
3.1978896
2.8705006
3.1936376
3.0873425
2.6536584
3.1978896
2.5431116
2.2157223
3.631574
3.0873425
3.5210268
2.7599535
2.6536584
3.414732
3.0873425
2.4325645
2.4325645
3.3041847
3.414732
1.7820382
2.2199743
2.7642052
1.1315118
1.1315118
1.4589009
1.6757431
0.8083746
1.6757431
2.330521
0.48098555
1.5694479
1.5694479
1.6757431
1.8925852
1.7862899
1.8925852
1.8925852
2.003132
2.003132
2.330521
2.330521
1.5694479
2.65791
2.330521
0.26414344
1.5694479
1.1357636
0.3746904
1.6799948
1.1357636
1.2463106
1.2463106
0.7020795
1.0294685
0.8126264
-0.058993805
0.1578483
0.9189216
0.3746904
1.0294685
2.3347728
0.9189216
0.1578483
0.9189216
1.0294685
1.0294685
0.26414344
1.0252168
1.4631528
0.8083746
0.3746904
0.7020795
1.4631528
0.59153247
0.7020795
0.7020795
0.9231734
0.48523736
0.37894222
-0.058993805
0.70633125
-0.16528895
-0.054742
0.27264705
-0.81581527
-0.70952016
0.1621001
-0.49267802
-1.4705935
0.05155315
-0.4884262
-0.38213107
-0.38213107
-0.59897316
-0.16528895
-0.16528895
-0.16528895
-0.70952016
-0.27158412
-0.38213107
-0.16528895
0.4894892
-1.0369092
-0.16528895
0.37894222
-0.49267802
-0.16528895
-0.9263622
-0.70952016
-0.49267802
-0.70952016
-0.058993805
-0.49267802
0.05155315
0.5957843
-0.38213107
-0.38213107
-0.9263622
-0.27158412
-0.70952016
-0.16528895
-0.59897316
-0.054742
-1.4705935
-0.27158412
-0.70952016
-1.4705935
-1.1432043
-0.16528895
-0.81581527
-1.0369092
-1.6874356
0.1621001
-0.16528895
-0.9263622
-0.38213107
-0.16528895
-1.6916873
-0.59897316
-0.16528895
-1.2537513
-0.38213107
-0.38213107
-0.38213107
-0.38213107
-0.38213107
-1.0369092
-0.8200671
-0.38213107
-0.16528895
-0.2758359
-0.38213107
-0.2758359
-0.70952016
-0.16954076
-0.38638288
0.48523736
-1.4748453
0.05155315
0.9189216
-0.28008774
-0.16954076
1.4631528
1.4631528
-0.16954076
0.15359649
-0.28008774
0.59153247
1.4631528
0.1578483
-0.49692985
-0.6074768
1.2463106
0.48523736
0.59153247
1.0252168
-0.06324561
0.58728075
1.7862899
1.2420589
0.69782764
1.5694479
1.0252168
1.5694479
1.896837
0.48098555
2.003132
2.1094272
1.348354
0.69782764
1.6799948
1.8925852
0.91466975
1.2420589
1.020965
0.15359649
1.6757431
1.8925852
2.330521
0.58728075
1.348354
0.3704386
1.4589009
2.8705006
1.6714911
1.565196
2.3262694
2.2157223
2.8705006
3.3041847
2.8662488
2.7599535
3.3041847
3.1936376
2.7599535
2.6494067
2.7557018
3.0830908
3.299933
4.4989424
4.167301
3.406228
4.6009855
4.8220797
3.7336173
4.605237
4.2778482
3.6273217
3.5167751
4.3883953
2.861997
4.8220797
5.2557635
4.8178277
4.7072806
5.1452165
4.490439
5.3620586
6.667363
6.123132
5.357807
5.574649
7.207342
6.769407
5.791491
6.8799534
7.096796
7.857869
6.5525646
7.5304804
7.096796
6.4420176
6.5525646
7.207342
7.4241843
7.096796
7.313638
7.9641643
7.309386
7.747322
7.1988387
7.747322
8.4021
8.181006
7.092544
7.747322
8.397848
9.486311
9.809448
9.482059
9.698901
9.698901
9.371511
9.482059
10.459974
10.0220375
10.349427
10.132585
9.588354
10.0220375
9.805196
10.566269
10.566269
10.345176
10.23888
10.132585
9.36726
10.0220375
9.588354
10.0220375
10.349427
10.566269
10.6725645
10.349427
10.132585
10.23888
10.345176
10.455723
10.455723
10.345176
10.455723
9.911491
11.327342
10.345176
10.889407
10.668313
11.433638
10.77886
11.756775
11.539933
11.761026
10.77886
11.106249
10.345176
10.340923
10.889407
11.323091
11.867322
11.973618
10.77886
11.216796
10.995702
10.562017
10.6725645
11.106249
10.340923
10.45147
11.756775
11.2125435
10.991449
11.539933
10.230376
10.995702
11.216796
11.101996
11.323091
11.2125435
11.2125435
10.995702
10.885155
10.013535
11.973618
11.208292
12.296754
11.318839
11.646228
11.208292
12.296754
11.535681
11.8630705
12.624144
11.318839
13.062079
11.969365
11.425134
11.969365
11.969365
11.752523
10.987199
12.840985
12.840985
12.624144
12.730438
12.296754
12.513597
12.075661
13.164123
12.509345
12.619891
13.385218
12.513597
12.947281
11.969365
12.624144
12.513597
12.403049
12.730438
13.053576
13.057828
12.292503
12.186207
11.858818
12.292503
12.296754
12.292503
11.748272
12.075661
12.075661
12.292503
12.947281
13.380964
12.947281
13.380964
12.947281
12.840985
12.947281
13.380964
12.403049
12.403049
12.403049
12.730438
12.292503
12.292503
12.836734
11.858818
13.057828
12.186207
11.641976
12.296754
12.186207
12.186207
12.403049
13.380964
13.380964
12.836734
14.035743
13.708355
13.48726
14.142038
12.398798
14.252585
13.053576
13.814649
13.053576
14.14629
13.053576
13.164123
13.380964
13.814649
13.48726
13.491511
13.704102
12.619891
13.491511
13.491511
13.597807
12.840985
14.363132
12.619891
13.274671
13.274671
14.142038
12.509345
13.164123
13.380964
13.925196
13.164123
13.814649
12.403049
13.712605
13.274671
13.385218
12.624144
13.057828
12.403049
13.712605
13.602058
11.752523
12.296754
12.840985
12.734691
12.517848
13.168375
12.079912
12.951532
13.057828
11.646228
11.535681
12.407301
11.646228
12.190459
11.973618
13.062079
12.734691
12.624144
12.951532
11.752523
11.752523
11.318839
11.429386
11.756775
12.624144
10.991449
11.539933
11.8630705
12.5220995
11.756775
10.995702
11.539933
11.756775
10.995702
11.433638
11.323091
11.101996
11.216796
11.977869
11.101996
11.65048
11.973618
11.646228
12.411553
12.624144
12.190459
11.973618
12.517848
12.517848
12.301006
13.062079
11.539933
12.301006
12.301006
11.756775
11.106249
12.084165
11.323091
12.845238
11.973618
11.646228
12.517848
10.995702
11.756775
10.995702
12.411553
11.867322
11.8630705
12.084165
11.973618
12.190459
12.840985
11.535681
12.734691
12.517848
11.8630705
12.411553
13.385218
12.407301
12.079912
12.301006
13.062079
13.062079
13.062079
12.084165
11.756775
11.646228
11.867322
11.429386
12.407301
13.062079
12.845238
11.973618
12.301006
11.867322
12.301006
11.539933
11.646228
11.8630705
11.539933
11.646228
11.756775
11.429386
11.756775
12.845238
12.951532
10.995702
12.5220995
11.539933
11.756775
11.433638
12.5220995
10.995702
11.977869
10.995702
11.106249
11.323091
11.433638
10.6725645
10.783112
11.216796
9.911491
10.893659
10.77886
10.889407
10.6725645
10.45147
10.345176
10.676816
10.566269
10.676816
10.345176
10.6725645
10.783112
10.345176
10.893659
11.433638
10.128334
10.566269
10.128334
10.128334
11.221047
10.23888
9.584103
10.893659
10.999953
10.345176
10.999953
10.783112
10.23888
10.0220375
10.455723
9.805196
9.911491
10.23888
10.0220375
10.234629
10.132585
10.783112
9.473556
10.6725645
10.562017
10.783112
10.0220375
10.455723
10.783112
10.349427
10.128334
10.455723
10.349427
10.017787
11.654732
10.349427
10.6725645
9.584103
10.676816
10.128334
10.349427
11.1105
10.783112
10.889407
11.437889
10.0220375
9.260964
10.02629
10.0220375
10.455723
10.23888
10.128334
10.676816
10.566269
10.0220375
10.566269
11.1105
10.128334
10.0220375
11.1105
10.566269
10.349427
9.371511
9.371511
9.698901
8.933577
8.937827
9.482059
9.915743
8.176754
9.158921
9.15467
9.482059
9.265217
8.610438
8.720985
9.592606
8.937827
8.937827
10.787363
10.676816
9.588354
9.915743
10.132585
8.933577
9.044123
10.349427
8.499891
9.371511
8.716734
9.482059
10.02629
9.588354
8.82728
8.937827
8.610438
8.287301
8.82728
8.504144
8.610438
9.048374
7.9599123
7.526228
9.265217
8.28305
8.393597
9.915743
9.260964
9.15467
9.698901
9.15467
9.809448
9.371511
9.698901
9.15467
9.260964
9.805196
10.132585
9.260964
8.82728
8.720985
8.716734
9.048374
9.265217
8.499891
7.9599123
8.8315325
8.8315325
7.853617
9.265217
8.393597
8.176754
8.181006
8.720985
8.614691
8.176754
7.9599123
9.158921
8.937827
8.393597
9.482059
9.15467
9.588354
8.937827
9.371511
9.044123
9.044123
9.703153
9.371511
8.176754
9.375764
8.393597
7.632523
8.94208
8.720985
7.9599123
9.592606
9.048374
8.070459
8.176754
7.9599123
7.74307
8.8315325
8.287301
9.486311
8.937827
8.610438
8.504144
10.136837
8.82728
9.482059
8.82728
8.82728
9.375764
9.044123
9.482059
9.482059
7.955661
10.243132
9.371511
8.499891
9.482059
9.482059
7.738818
9.482059
9.482059
8.066207
9.482059
9.044123
9.15467
9.265217
9.044123
8.389345
9.915743
9.588354
8.82728
9.588354
10.566269
10.0220375
10.999953
10.23888
9.915743
10.459974
10.132585
10.0220375
9.584103
10.893659
9.477807
10.566269
10.0220375
9.588354
9.260964
9.588354
9.698901
10.459974
8.716734
9.044123
10.02629
8.610438
8.933577
8.499891
9.698901
10.132585
8.610438
9.915743
8.716734
9.588354
9.044123
8.82728
10.459974
10.353679
8.606187
9.150418
10.676816
9.36726
9.371511
10.132585
9.044123
8.716734
8.610438
9.371511
8.28305
7.849365
8.066207
8.066207
8.28305
8.720985
8.287301
8.720985
8.614691
8.610438
9.15467
8.937827
8.937827
9.371511
8.82728
9.482059
10.459974
9.805196
9.150418
8.49564
9.371511
10.23888
9.805196
9.69465
9.36726
10.349427
9.911491
9.36726
9.911491
10.455723
9.588354
9.584103
10.243132
8.82728
9.044123
9.588354
9.36726
9.260964
9.477807
8.82728
9.482059
9.371511
9.588354
9.584103
9.69465
9.477807
9.477807
9.150418
10.23888
10.128334
9.477807
10.783112
9.150418
9.805196
10.23888
9.36726
10.0220375
10.23888
10.570521
9.044123
9.915743
8.937827
9.371511
8.716734
8.1725025
9.588354
9.265217
9.915743
9.15467
8.28305
8.82728
8.937827
8.82728
9.15467
9.588354
9.69465
9.698901
10.459974
9.805196
8.82728
9.260964
8.716734
9.044123
9.044123
9.69465
9.588354
9.588354
9.260964
8.720985
8.937827
8.610438
9.048374
8.176754
9.482059
8.504144
8.720985
8.937827
8.937827
8.937827
8.610438
9.592606
9.371511
8.937827
8.610438
9.15467
9.15467
8.716734
9.044123
10.353679
9.477807
9.044123
9.371511
9.915743
9.15467
9.048374
8.614691
7.1988387
7.526228
8.070459
8.393597
7.74307
8.181006
8.725238
8.287301
7.092544
7.747322
7.853617
7.526228
8.8315325
8.070459
7.9599123
8.397848
8.176754
8.8315325
8.504144
7.415681
9.158921
9.048374
8.393597
9.048374
7.309386
8.508395
8.070459
6.981997
8.074712
7.636775
8.074712
7.747322
7.853617
6.875702
7.857869
6.4420176
8.074712
6.986249
7.5304804
7.5304804
7.636775
6.875702
7.636775
8.074712
6.6588597
7.5304804
8.074712
7.853617
8.074712
7.419933
6.986249
7.096796
7.747322
7.309386
7.419933
7.309386
7.203091
7.747322
6.2209234
7.313638
6.5483127
6.6588597
6.4420176
7.5304804
7.313638
7.6410265
7.313638
7.313638
7.419933
7.096796
7.5304804
6.6588597
6.4420176
7.4241843
7.6410265
6.986249
7.313638
7.747322
6.875702
6.986249
7.9641643
6.875702
7.9641643
8.181006
8.508395
7.1988387
6.5483127
8.4021
7.9641643
7.203091
7.747322
7.636775
6.765155
7.203091
7.853617
6.765155
7.747322
8.185258
7.857869
7.747322
6.986249
7.5304804
7.313638
6.6588597
7.5304804
7.313638
7.9641643
6.769407
6.6588597
6.6588597
7.9641643
6.6588597
7.636775
7.747322
6.986249
6.986249
8.074712
7.419933
6.114629
7.313638
6.4420176
7.6410265
6.4420176
6.769407
7.5304804
6.769407
7.6410265
6.5525646
7.203091
6.6588597
7.203091
6.8799534
7.6410265
6.875702
7.096796
7.6410265
7.203091
6.5525646
7.313638
7.203091
6.875702
7.203091
7.5304804
6.981997
7.203091
7.6410265
6.769407
6.986249
7.6410265
7.857869
7.6410265
7.747322
6.875702
6.986249
6.3314705
7.6410265
7.203091
6.986249
6.986249
7.5304804
7.203091
7.5304804
7.526228
8.397848
7.9641643
8.2915535
8.397848
8.397848
8.725238
9.158921
8.287301
8.070459
8.070459
7.9641643
8.614691
7.309386
8.508395
9.482059
7.632523
7.9641643
7.74307
7.747322
8.725238
8.8315325
8.508395
8.070459
8.94208
8.397848
8.614691
8.937827
7.74307
9.486311
9.15467
8.720985
9.371511
10.132585
8.720985
10.136837
9.371511
9.486311
9.482059
9.482059
9.375764
9.588354
9.698901
10.136837
8.499891
8.720985
9.592606
8.066207
9.703153
8.937827
8.287301
8.504144
9.265217
8.937827
9.048374
9.048374
9.265217
8.393597
9.809448
9.915743
9.584103
10.0220375
10.243132
9.044123
9.698901
9.805196
10.0220375
10.459974
10.132585
8.606187
8.933577
10.349427
10.455723
10.132585
9.588354
9.371511
10.349427
9.371511
9.371511
10.0220375
9.15467
9.15467
8.393597
9.915743
9.809448
9.260964
10.676816
10.23888
9.911491
10.243132
10.349427
9.477807
10.459974
9.805196
10.23888
10.0220375
9.69465
9.911491
10.132585
10.128334
9.69465
10.459974
10.349427
9.69465
9.588354
9.805196
9.477807
9.911491
9.915743
10.783112
9.260964
10.132585
10.783112
9.69465
10.0220375
10.23888
9.911491
10.23888
9.800944
9.36726
10.566269
9.800944
10.345176
10.566269
9.473556
10.893659
9.69465
9.800944
11.327342
9.69465
10.345176
10.783112
10.783112
10.128334
9.69465
9.69465
9.911491
10.23888
10.6725645
10.566269
10.017787
10.6725645
10.128334
9.911491
10.455723
9.911491
10.6725645
10.345176
9.584103
10.345176
10.017787
11.1105
9.473556
11.1105
9.36726
10.455723
10.23888
10.562017
10.017787
9.800944
9.69465
9.911491
9.473556
10.23888
10.455723
10.455723
10.455723
9.911491
10.783112
10.566269
10.999953
10.562017
9.800944
10.349427
9.039871
10.345176
10.0220375
10.234629
9.69465
10.562017
10.77886
11.544185
10.562017
11.65048
10.345176
11.871573
10.234629
10.6725645
10.128334
10.999953
10.6725645
9.69465
10.128334
9.800944
9.36726
10.0220375
9.69465
10.128334
10.128334
10.128334
10.455723
10.0220375
9.584103
10.345176
9.911491
10.345176
10.128334
11.216796
10.45147
10.562017
10.77886
10.128334
9.800944
10.999953
10.345176
11.65048
11.323091
10.234629
11.106249
10.999953
10.889407
10.6725645
9.3630085
11.327342
10.345176
9.800944
9.800944
10.455723
9.800944
10.566269
8.818777
10.455723
9.256713
9.584103
10.23888
10.128334
10.23888
9.256713
10.23888
10.128334
10.455723
10.124082
11.323091
10.668313
10.562017
10.128334
10.6725645
8.712482
9.36726
9.911491
9.911491
10.017787
10.128334
9.911491
9.150418
10.128334
10.999953
10.23888
9.477807
10.349427
9.584103
9.260964
9.039871
9.805196
9.800944
10.0220375
9.256713
10.345176
10.124082
10.455723
10.999953
9.36726
10.128334
9.800944
10.345176
10.349427
10.017787
10.23888
9.800944
10.017787
9.256713
10.0220375
9.477807
8.933577
9.36726
9.044123
9.805196
9.477807
9.482059
9.150418
9.915743
9.69465
9.36726
10.0220375
8.933577
10.893659
9.69465
9.584103
10.23888
9.150418
9.69465
9.36726
10.566269
10.455723
10.0220375
8.933577
9.477807
9.588354
9.15467
8.066207
8.393597
8.82728
8.393597
7.521976
8.720985
8.1725025
6.981997
8.066207
7.853617
7.1988387
6.87145
8.287301
8.504144
8.176754
8.720985
9.048374
8.8315325
8.070459
8.287301
7.0882916
7.415681
8.508395
7.853617
7.526228
7.203091
7.5304804
6.4377656
6.3314705
7.747322
6.5483127
6.3314705
5.7872396
6.6588597
6.5525646
6.769407
6.4420176
6.114629
6.2251754
6.875702
7.096796
7.853617
6.5483127
7.857869
6.3314705
6.765155
6.769407
6.4420176
7.5304804
7.092544
6.4420176
7.5304804
7.203091
7.419933
6.986249
6.5483127
7.5304804
7.313638
6.875702
6.986249
7.5304804
6.5525646
7.096796
6.3314705
7.313638
7.5304804
6.4420176
6.4420176
6.6588597
6.4420176
6.6588597
7.747322
7.526228
6.4420176
6.875702
6.875702
6.114629
7.203091
7.096796
6.986249
5.353555
5.251512
5.0346694
3.62307
4.6009855
4.7115326
3.62307
4.4946904
3.9504592
3.2956812
4.8220797
4.605237
5.0346694
5.4726057
4.0525026
5.6851964
6.5525646
6.2251754
7.203091
7.5304804
7.857869
6.986249
6.769407
5.8977866
7.6410265
6.4420176
6.769407
7.313638
6.8799534
5.791491
5.030418
5.791491
6.4462695
6.3357224
6.2251754
7.207342
5.136713
6.1188803
6.5525646
6.663111
5.902038
6.5525646
5.8977866
6.008333
7.313638
6.3314705
7.636775
7.419933
5.893534
6.2251754
6.769407
6.6588597
6.4420176
7.5304804
7.5304804
6.4420176
6.875702
6.6588597
7.419933
6.4420176
7.096796
6.875702
6.986249
7.092544
7.313638
7.313638
5.8977866
6.986249
6.4420176
6.3314705
7.636775
7.9641643
7.636775
6.875702
7.313638
6.4420176
6.769407
6.6588597
6.6588597
7.203091
7.853617
7.526228
8.070459
7.415681
8.181006
7.636775
6.5483127
7.203091
7.526228
6.981997
8.614691
7.521976
6.87145
8.287301
8.066207
8.287301
8.066207
7.415681
7.74307
7.521976
8.176754
7.415681
7.632523
8.8315325
7.849365
8.176754
7.849365
8.393597
7.9599123
7.521976
8.287301
6.9777446
7.9599123
8.610438
7.738818
8.28305
9.477807
10.0220375
9.473556
8.499891
9.36726
9.039871
8.606187
9.473556
10.6725645
8.929324
9.473556
9.800944
8.8230295
8.712482
9.36726
9.256713
8.278798
9.36726
7.6240196
8.061955
7.1903353
8.393597
7.738818
6.9777446
8.720985
7.8451138
8.28305
9.911491
9.256713
9.36726
10.017787
10.889407
10.774608
11.2125435
11.752523
12.296754
12.403049
10.987199
12.190459
11.535681
10.774608
10.885155
10.557766
10.234629
9.146166
9.3630085
10.128334
8.601935
10.455723
9.584103
10.017787
9.584103
9.039871
9.3630085
10.128334
9.800944
10.45147
11.2125435
11.756775
12.190459
11.8630705
10.668313
11.641976
12.190459
12.296754
11.858818
11.208292
10.991449
11.756775
11.429386
11.429386
11.756775
10.557766
10.995702
11.2125435
10.45147
10.77886
10.995702
10.562017
10.889407
10.6725645
11.323091
11.539933
11.2125435
11.8630705
11.756775
11.208292
12.734691
12.079912
11.8630705
12.624144
11.752523
12.734691
11.969365
12.951532
13.168375
12.075661
13.168375
12.730438
11.318839
12.845238
11.969365
11.8630705
11.646228
13.168375
12.079912
12.079912
12.951532
12.513597
11.752523
12.407301
12.840985
12.513597
12.296754
13.602058
12.296754
13.602058
13.164123
12.403049
12.947281
14.252585
13.491511
13.270417
13.168375
13.274671
13.380964
14.14629
14.035743
13.164123
14.035743
13.053576
13.929449
12.947281
14.363132
13.274671
12.619891
13.495763
13.057828
12.730438
13.274671
13.708355
13.057828
12.730438
13.057828
13.385218
13.274671
13.164123
14.363132
12.403049
13.274671
13.274671
14.035743
14.907364
13.491511
13.380964
13.818902
13.814649
14.473679
14.796817
13.925196
13.274671
13.597807
14.035743
14.469427
14.142038
14.035743
13.708355
13.380964
13.929449
13.164123
13.270417
14.469427
14.579974
14.68627
14.252585
14.142038
14.031491
14.252585
13.814649
13.597807
14.796817
15.119954
14.031491
14.031491
14.35888
13.814649
13.814649
14.903111
13.925196
14.796817
14.796817
13.380964
14.14629
13.380964
13.057828
14.14629
13.929449
13.385218
13.278922
13.168375
12.513597
13.823153
13.274671
12.734691
13.057828
12.734691
12.079912
12.840985
12.845238
13.168375
13.168375
14.039994
13.274671
13.057828
13.168375
12.624144
13.168375
11.973618
12.734691
11.973618
11.756775
12.301006
11.973618
11.756775
11.646228
13.062079
11.429386
12.084165
11.8630705
12.301006
12.190459
11.539933
11.318839
11.2125435
12.517848
12.301006
12.079912
12.840985
12.079912
13.057828
13.278922
12.624144
12.734691
12.079912
12.190459
12.084165
11.429386
12.190459
11.318839
11.2125435
11.323091
10.995702
10.77886
11.323091
11.2125435
11.433638
11.106249
11.106249
10.889407
11.106249
11.867322
10.668313
11.429386
12.301006
12.084165
12.084165
10.77886
11.2125435
11.65048
10.6725645
10.017787
10.6725645
10.45147
10.128334
10.345176
9.907239
9.256713
10.455723
10.128334
10.0220375
9.473556
9.039871
10.783112
9.69465
9.36726
10.455723
9.800944
10.345176
11.544185
10.340923
10.562017
10.6725645
10.566269
10.234629
10.345176
9.690397
10.6725645
11.323091
10.562017
10.889407
10.234629
10.128334
11.221047
9.256713
9.473556
10.128334
10.783112
10.455723
9.690397
10.455723
9.36726
9.473556
10.893659
9.911491
9.911491
9.473556
10.345176
10.23888
10.23888
9.69465
9.473556
10.455723
9.69465
9.800944
10.0220375
9.69465
10.128334
10.455723
9.911491
10.23888
9.911491
9.477807
10.23888
9.477807
10.23888
10.128334
9.477807
9.911491
10.459974
10.0220375
9.69465
10.455723
10.0220375
9.911491
10.0220375
10.23888
9.69465
10.23888
10.459974
9.805196
9.260964
9.150418
9.911491
10.893659
10.349427
8.716734
9.588354
9.69465
9.915743
9.477807
10.676816
9.588354
8.610438
9.698901
9.698901
9.482059
8.82728
8.720985
9.044123
9.477807
9.15467
9.805196
8.610438
10.02629
9.588354
8.610438
8.610438
9.048374
8.499891
9.044123
8.720985
8.176754
8.393597
8.720985
8.176754
9.158921
8.937827
8.504144
8.8315325
8.393597
9.048374
8.504144
8.720985
8.504144
8.937827
8.504144
8.94208
7.9599123
7.632523
9.269468
8.8315325
7.74307
8.94208
7.74307
6.765155
7.1988387
7.9641643
8.397848
7.1988387
8.397848
8.504144
7.632523
8.610438
8.393597
8.176754
7.632523
9.375764
8.176754
7.9599123
8.287301
8.176754
7.1988387
7.415681
6.654608
7.309386
7.092544
7.419933
7.526228
7.526228
8.181006
7.309386
7.636775
7.9641643
7.419933
7.747322
7.9599123
8.614691
7.849365
7.632523
7.74307
8.720985
7.415681
7.74307
8.82728
8.397848
8.176754
7.415681
8.94208
8.287301
8.287301
8.070459
7.9599123
7.415681
8.397848
8.94208
7.853617
7.9599123
8.614691
9.158921
8.176754
8.070459
8.937827
7.9599123
10.02629
9.044123
8.176754
9.482059
9.698901
8.937827
8.176754
8.937827
9.371511
9.592606
9.375764
9.809448
8.610438
9.805196
10.243132
9.371511
9.260964
10.132585
11.1105
8.606187
9.915743
9.805196
9.911491
11.327342
9.477807
9.039871
11.1105
10.0220375
10.128334
10.783112
10.0220375
9.800944
11.327342
10.566269
9.477807
11.004206
9.911491
10.017787
10.566269
11.327342
10.783112
10.566269
10.999953
10.566269
9.69465
10.0220375
10.23888
11.327342
11.437889
10.0220375
10.566269
9.800944
10.566269
10.562017
10.455723
10.455723
10.999953
11.1105
10.999953
11.216796
11.327342
11.433638
11.539933
12.088415
10.77886
10.562017
11.433638
11.323091
11.654732
11.977869
10.345176
11.544185
11.433638
10.999953
10.562017
11.1105
11.1105
10.562017
10.676816
11.327342
11.216796
11.327342
10.6725645
10.999953
11.544185
11.544185
10.6725645
11.65048
11.65048
10.995702
11.539933
12.305258
11.106249
11.756775
11.867322
12.301006
12.411553
12.411553
12.194712
12.084165
11.539933
11.761026
10.995702
11.761026
10.124082
11.327342
11.433638
11.216796
10.999953
10.889407
10.455723
11.761026
11.539933
11.433638
11.323091
11.65048
12.194712
11.429386
12.628395
12.084165
12.190459
11.867322
11.973618
10.995702
12.194712
12.301006
12.738942
11.535681
12.301006
11.756775
11.8630705
12.084165
11.8630705
12.628395
11.756775
13.1726265
11.756775
11.867322
12.084165
12.084165
11.2125435
10.995702
11.867322
10.45147
11.429386
11.867322
12.407301
11.8630705
12.301006
12.734691
11.646228
12.084165
11.973618
11.867322
11.973618
11.646228
12.411553
12.624144
11.2125435
11.429386
11.646228
11.539933
12.084165
11.101996
12.305258
11.106249
11.106249
10.995702
11.323091
11.433638
11.867322
10.999953
11.106249
10.889407
10.995702
11.216796
11.323091
11.433638
10.889407
10.995702
11.106249
11.977869
11.106249
11.977869
11.756775
11.2125435
11.867322
12.301006
11.867322
10.995702
11.761026
11.323091
10.995702
11.65048
11.323091
11.433638
11.544185
11.216796
10.889407
11.977869
12.194712
11.216796
12.084165
11.977869
12.084165
12.084165
12.5220995
12.734691
11.973618
11.977869
11.756775
11.867322
12.628395
12.951532
11.8630705
12.411553
12.190459
11.973618
12.738942
12.951532
12.296754
12.411553
12.628395
12.301006
12.194712
12.194712
11.756775
12.194712
11.65048
12.301006
11.977869
12.5220995
12.301006
12.738942
11.65048
12.628395
12.084165
12.734691
11.756775
12.411553
12.951532
13.389469
12.407301
13.062079
13.500016
12.734691
12.845238
13.500016
12.517848
12.411553
11.867322
11.756775
12.194712
12.628395
11.867322
12.738942
12.955785
11.977869
12.088415
11.977869
11.867322
11.871573
13.066331
12.084165
11.867322
12.088415
12.194712
11.867322
11.977869
12.517848
12.194712
12.194712
12.301006
13.1726265
12.084165
12.301006
11.867322
13.283173
11.539933
11.65048
11.761026
11.871573
11.761026
11.323091
11.433638
10.999953
12.5220995
12.194712
11.327342
11.977869
10.889407
11.654732
11.65048
11.65048
11.65048
12.088415
12.849489
12.411553
11.977869
12.955785
11.977869
12.738942
12.194712
12.301006
12.738942
11.433638
11.433638
12.194712
12.5220995
11.216796
11.977869
12.088415
11.871573
12.088415
11.654732
11.977869
12.198963
11.433638
11.221047
11.106249
11.654732
10.6725645
12.305258
11.977869
11.761026
12.194712
12.194712
11.65048
12.411553
12.5220995
12.849489
11.756775
12.411553
11.65048
12.305258
12.084165
11.106249
12.5220995
12.194712
12.088415
11.65048
11.216796
11.216796
11.433638
11.106249
11.544185
12.415805
11.216796
11.216796
11.867322
11.761026
11.977869
11.977869
11.65048
11.323091
12.084165
11.867322
11.433638
12.5220995
11.867322
11.65048
11.761026
12.955785
11.433638
11.977869
11.867322
10.995702
11.977869
12.194712
11.867322
11.433638
12.084165
11.216796
12.5220995
11.1105
10.889407
11.65048
11.761026
11.323091
11.539933
11.65048
11.323091
12.084165
12.084165
11.756775
12.301006
12.845238
12.845238
12.301006
11.973618
12.084165
12.411553
12.517848
12.845238
13.1726265
11.867322
12.845238
12.411553
13.1726265
11.8630705
12.084165
12.845238
11.973618
11.973618
11.973618
12.190459
12.411553
12.845238
11.539933
12.517848
13.278922
11.646228
12.955785
12.734691
11.646228
12.517848
12.628395
12.955785
12.407301
12.845238
12.624144
12.517848
13.062079
12.845238
12.411553
12.734691
13.389469
13.062079
12.190459
12.194712
12.628395
12.194712
11.433638
12.084165
11.867322
12.411553
13.389469
11.752523
12.734691
12.517848
13.1726265
12.301006
12.517848
12.955785
12.955785
13.062079
13.062079
12.730438
12.840985
12.624144
12.840985
13.278922
13.168375
12.734691
13.1726265
12.407301
12.190459
12.738942
12.190459
12.301006
11.977869
12.845238
11.646228
13.1726265
12.301006
11.429386
12.411553
12.845238
11.867322
12.628395
13.389469
12.301006
12.951532
12.513597
12.628395
12.951532
13.168375
13.823153
13.385218
13.278922
13.278922
13.057828
13.278922
12.517848
13.168375
12.628395
12.190459
12.301006
12.955785
11.973618
13.1726265
12.411553
12.517848
12.301006
12.734691
12.190459
13.1726265
12.079912
13.278922
13.60631
12.624144
13.389469
13.062079
13.168375
13.495763
13.602058
13.491511
13.385218
13.491511
14.363132
14.14629
14.035743
13.274671
13.495763
13.278922
12.517848
12.079912
12.845238
13.1726265
11.973618
12.845238
13.60631
12.845238
13.389469
12.628395
12.628395
12.407301
12.845238
13.062079
12.517848
12.190459
12.845238
12.730438
13.278922
14.039994
13.602058
12.840985
12.951532
13.278922
13.062079
11.756775
12.845238
12.845238
12.301006
12.951532
12.734691
12.845238
11.867322
11.65048
12.194712
11.106249
11.761026
11.977869
10.562017
11.327342
11.433638
12.194712
12.305258
12.305258
11.867322
11.977869
12.084165
12.084165
12.411553
11.65048
12.084165
12.301006
11.761026
12.955785
11.429386
11.323091
11.2125435
11.867322
10.999953
11.761026
10.455723
11.1105
11.327342
10.893659
10.6725645
10.999953
11.216796
10.345176
11.761026
11.106249
11.544185
11.544185
11.761026
11.544185
11.433638
11.544185
11.761026
11.106249
11.221047
11.761026
11.761026
11.544185
11.977869
10.128334
10.566269
11.654732
10.999953
11.1105
11.437889
10.893659
10.676816
10.893659
11.654732
11.331594
11.654732
10.676816
10.566269
10.459974
11.221047
10.783112
11.221047
11.221047
10.999953
10.783112
10.893659
9.69465
10.349427
10.676816
10.349427
11.765279
11.1105
11.004206
11.221047
11.437889
9.915743
11.004206
10.676816
10.787363
11.327342
11.548436
9.592606
10.459974
9.915743
9.698901
9.482059
10.02629
10.132585
8.82728
9.915743
9.915743
10.459974
10.243132
10.570521
9.592606
10.459974
9.69465
10.02629
10.349427
11.004206
10.459974
10.459974
10.676816
9.482059
10.459974
10.243132
10.02629
9.698901
10.02629
10.243132
9.588354
9.486311
10.02629
10.243132
9.592606
10.787363
10.02629
9.592606
9.809448
9.809448
9.592606
9.915743
10.353679
10.243132
9.915743
9.809448
9.482059
10.132585
9.809448
8.610438
10.570521
10.353679
9.915743
10.243132
10.459974
9.809448
10.243132
9.265217
9.375764
10.136837
9.592606
9.158921
10.464226
9.048374
9.269468
8.8315325
8.504144
9.158921
8.614691
8.614691
8.397848
9.375764
8.94208
8.614691
9.158921
9.375764
8.835785
9.698901
9.482059
9.265217
9.809448
9.048374
8.835785
9.158921
8.618942
8.946331
8.835785
7.419933
8.181006
9.269468
8.835785
7.636775
8.725238
8.181006
7.419933
8.4021
8.2915535
7.203091
8.4021
8.725238
8.4021
8.725238
8.181006
8.508395
9.269468
8.287301
8.614691
9.919995
9.158921
8.94208
8.725238
9.703153
8.287301
8.397848
8.614691
9.158921
8.614691
7.9641643
8.835785
8.2915535
7.747322
7.9641643
6.875702
8.2915535
8.070459
8.287301
8.2915535
8.94208
8.8315325
8.725238
8.94208
8.397848
9.265217
8.8315325
9.809448
9.048374
9.375764
10.243132
9.375764
9.265217
10.02629
9.15467
9.919995
9.265217
8.614691
9.486311
8.725238
8.614691
8.397848
9.048374
8.614691
8.8315325
9.052627
7.9641643
8.614691
8.070459
8.508395
8.614691
8.8315325
8.504144
9.703153
10.243132
8.82728
9.482059
9.592606
9.265217
9.809448
10.02629
9.15467
9.265217
9.592606
9.375764
10.02629
8.720985
9.809448
8.937827
9.265217
8.504144
9.592606
8.8315325
9.265217
9.482059
8.720985
9.260964
9.592606
9.588354
9.698901
10.23888
10.570521
10.349427
10.459974
11.004206
9.588354
10.349427
10.566269
10.0220375
11.437889
10.455723
9.69465
10.893659
9.805196
10.676816
10.349427
10.349427
10.783112
11.654732
10.893659
10.349427
10.0220375
11.221047
11.221047
10.999953
10.783112
11.327342
11.1105
10.999953
10.676816
10.566269
9.805196
10.783112
10.455723
11.1105
10.455723
11.327342
11.004206
10.23888
10.999953
11.327342
10.783112
10.893659
11.544185
10.889407
11.433638
11.327342
10.345176
11.437889
11.654732
10.6725645
11.871573
10.889407
11.977869
11.216796
12.305258
11.323091
11.323091
12.305258
10.885155
11.977869
11.977869
11.646228
12.955785
11.973618
12.084165
12.517848
11.539933
11.8630705
11.973618
13.062079
12.407301
12.407301
12.411553
12.190459
12.084165
11.973618
11.756775
12.194712
11.318839
11.973618
11.973618
12.517848
12.411553
12.407301
12.407301
12.517848
12.951532
11.973618
12.190459
12.845238
11.973618
12.628395
12.407301
13.062079
12.084165
12.296754
13.062079
13.168375
12.296754
12.407301
12.517848
11.973618
12.084165
13.062079
11.867322
12.738942
11.539933
11.539933
12.517848
12.301006
12.301006
12.084165
11.539933
12.194712
11.973618
12.084165
12.190459
12.517848
11.756775
12.628395
12.624144
13.712605
13.818902
13.274671
13.602058
14.039994
13.274671
12.186207
12.517848
12.407301
12.190459
13.062079
12.517848
12.624144
13.385218
12.407301
13.168375
13.168375
12.951532
13.278922
12.079912
12.190459
12.517848
12.513597
13.385218
13.274671
12.840985
12.730438
13.385218
12.947281
14.035743
13.818902
13.491511
13.274671
13.602058
13.057828
13.602058
13.057828
12.509345
14.256837
13.274671
12.730438
13.491511
13.274671
12.947281
12.840985
13.712605
12.951532
13.274671
13.602058
13.929449
14.142038
14.469427
13.602058
13.708355
13.929449
13.164123
13.159871
14.252585
14.252585
13.814649
14.469427
13.925196
14.796817
14.68627
14.035743
14.142038
13.704102
13.818902
13.708355
13.818902
13.925196
13.274671
14.035743
12.619891
14.14629
14.903111
13.491511
14.252585
14.68627
13.602058
13.814649
14.469427
14.252585
14.903111
15.447342
14.903111
14.031491
14.68627
15.230501
13.597807
14.68627
14.031491
14.579974
14.903111
14.792564
14.142038
13.380964
13.925196
13.818902
13.818902
13.491511
13.164123
12.947281
13.929449
13.270417
13.925196
14.469427
14.031491
15.230501
14.903111
14.465176
15.447342
14.469427
14.682017
14.031491
13.704102
15.013659
14.469427
14.137786
15.119954
15.447342
14.575723
14.68627
14.35888
13.053576
14.796817
13.597807
13.164123
14.579974
14.35888
13.053576
13.164123
13.925196
13.597807
13.925196
13.491511
13.380964
14.579974
14.68627
13.597807
15.124206
13.814649
14.469427
14.579974
13.597807
12.943029
14.14629
13.814649
14.579974
13.380964
13.491511
13.708355
14.469427
13.597807
13.057828
13.380964
13.929449
13.708355
13.274671
12.513597
13.274671
13.491511
13.708355
13.602058
13.597807
12.947281
13.385218
13.708355
13.602058
13.168375
13.380964
13.597807
14.363132
13.597807
13.274671
13.380964
13.48726
14.252585
13.597807
13.48726
14.469427
13.704102
15.230501
14.68627
13.270417
13.925196
14.252585
13.380964
13.708355
14.252585
14.142038
13.708355
13.597807
14.142038
13.708355
12.836734
12.836734
14.796817
13.380964
13.48726
14.68627
14.903111
14.469427
14.903111
14.575723
14.469427
14.575723
14.35888
13.920944
15.013659
13.810397
14.575723
15.119954
14.903111
13.925196
14.465176
13.925196
14.142038
13.48726
13.491511
13.925196
13.814649
13.597807
13.925196
14.031491
14.469427
14.68627
14.142038
14.68627
13.925196
14.469427
15.013659
14.35888
13.708355
13.925196
14.575723
13.925196
14.142038
14.031491
14.142038
13.602058
13.380964
13.380964
13.491511
14.68627
13.270417
13.270417
13.597807
13.925196
13.818902
13.491511
12.403049
13.491511
13.597807
13.925196
13.376713
15.230501
14.465176
13.704102
14.792564
14.465176
14.792564
15.009407
14.354629
14.792564
14.465176
13.704102
13.48726
14.363132
12.726187
12.730438
12.734691
12.079912
11.535681
11.973618
12.730438
12.079912
12.517848
12.730438
13.380964
13.491511
13.814649
13.810397
14.68627
15.557889
14.575723
14.031491
14.903111
15.447342
14.137786
14.903111
15.013659
13.704102
14.142038
12.513597
12.513597
12.407301
12.734691
11.752523
12.084165
11.867322
11.756775
11.429386
11.323091
11.8630705
10.557766
12.084165
10.668313
10.340923
11.433638
12.190459
11.429386
11.756775
12.079912
11.973618
11.208292
12.840985
12.840985
12.624144
12.840985
12.730438
11.535681
12.079912
12.296754
12.296754
12.734691
12.296754
11.425134
11.756775
11.8630705
11.8630705
12.734691
12.296754
11.973618
11.65048
11.318839
11.2125435
10.995702
11.8630705
11.2125435
11.539933
11.8630705
12.079912
12.624144
12.624144
13.168375
12.296754
11.858818
12.840985
13.491511
12.509345
12.947281
13.491511
12.619891
12.951532
13.380964
13.385218
12.403049
12.947281
13.057828
12.730438
12.186207
12.619891
13.380964
12.513597
12.947281
14.035743
13.602058
12.730438
13.708355
14.252585
14.142038
13.164123
13.597807
13.925196
13.925196
14.35888
14.68627
14.575723
14.031491
13.925196
13.814649
14.68627
14.469427
14.142038
14.031491
13.704102
14.248333
14.469427
13.814649
13.164123
14.252585
13.270417
14.035743
13.380964
13.376713
14.579974
14.142038
14.68627
14.248333
14.792564
14.35888
14.137786
15.447342
15.119954
14.2440815
15.553638
15.443091
15.226248
14.89886
15.005156
14.788313
15.987322
15.443091
16.204163
15.332544
15.332544
14.2440815
15.226248
15.221997
15.876775
14.89886
14.788313
15.221997
15.770479
15.226248
15.553638
15.005156
16.31471
15.443091
15.766228
16.09787
15.983071
16.85469
16.31046
15.545134
16.960987
16.85044
16.306208
16.85469
17.505217
16.744143
16.744143
17.288374
15.43884
16.31046
16.637848
16.199913
16.858942
16.31046
16.208416
14.8946085
15.443091
15.115701
15.766228
15.226248
16.09787
15.221997
15.332544
15.221997
16.204163
16.416756
16.421007
17.615763
17.39467
16.199913
16.956734
16.527302
16.089365
16.846186
17.615763
17.177828
17.177828
15.655681
15.655681
16.093616
16.416756
15.434587
17.071531
16.306208
15.434587
15.766228
15.655681
15.43884
16.089365
17.18208
15.872524
16.416756
15.983071
16.199913
15.983071
15.872524
17.177828
16.637848
16.306208
17.398922
18.26629
17.06728
17.288374
16.956734
17.611511
17.288374
16.85044
16.633596
16.956734
18.155743
17.284122
17.828354
17.288374
16.739893
16.85044
17.509468
16.416756
17.071531
17.288374
17.06728
16.416756
17.284122
16.85469
16.199913
16.523048
17.398922
16.956734
17.828354
17.39467
16.739893
17.177828
18.045197
17.173576
17.717808
18.045197
18.699974
18.26204
17.390417
18.483133
17.284122
17.60726
17.500965
17.284122
18.155743
17.39467
17.390417
17.284122
16.956734
16.85044
17.06728
17.72206
17.611511
17.39467
17.177828
17.284122
17.284122
17.390417
17.828354
18.483133
18.589426
17.173576
17.173576
18.151491
18.372585
17.500965
17.390417
18.483133
17.390417
17.39467
17.72206
16.412502
17.938902
17.177828
16.956734
16.85044
17.505217
17.611511
16.744143
17.505217
17.611511
18.049448
17.177828
16.85044
17.06728
17.832605
16.85044
16.960987
17.071531
17.39467
17.177828
17.177828
17.828354
17.938902
17.505217
17.284122
17.177828
17.071531
16.633596
16.31046
16.31046
17.505217
16.199913
17.18208
16.85469
15.983071
16.31046
15.655681
16.637848
15.876775
15.876775
15.549385
15.659932
15.659932
15.659932
14.8946085
15.226248
16.204163
16.421007
15.876775
15.987322
15.766228
16.421007
16.204163
15.11145
15.332544
15.226248
15.332544
16.204163
15.987322
16.093616
15.553638
14.792564
15.009407
15.774733
14.792564
14.248333
15.119954
14.682017
14.903111
14.575723
15.336795
13.5935545
15.664186
14.031491
14.68627
15.447342
14.465176
15.119954
15.336795
14.792564
14.248333
15.119954
15.119954
15.009407
14.248333
14.68627
14.682017
13.049324
14.575723
13.704102
13.48726
14.142038
14.248333
13.814649
15.013659
14.792564
14.469427
14.031491
13.920944
13.925196
14.248333
14.575723
13.159871
14.137786
14.575723
15.009407
14.248333
14.682017
14.465176
14.465176
14.02724
14.575723
15.119954
14.02724
14.248333
14.792564
14.031491
15.013659
15.119954
14.903111
14.142038
13.920944
13.597807
13.48726
14.579974
13.925196
12.836734
13.602058
14.575723
13.597807
14.469427
14.354629
13.376713
14.469427
13.704102
13.597807
14.031491
15.664186
13.814649
13.376713
14.252585
13.053576
12.726187
13.708355
14.35888
13.053576
13.380964
12.943029
13.053576
12.836734
13.925196
12.836734
12.947281
13.597807
12.836734
14.363132
13.159871
13.274671
13.925196
14.68627
12.943029
14.142038
13.5935545
14.142038
14.35888
14.792564
14.575723
13.704102
13.925196
13.491511
13.597807
13.925196
13.48726
14.469427
12.836734
12.836734
12.726187
12.836734
12.509345
12.730438
12.726187
12.947281
12.403049
12.292503
13.168375
12.836734
12.619891
13.491511
13.274671
12.947281
12.836734
13.274671
13.708355
13.274671
13.274671
13.164123
13.053576
13.491511
13.602058
13.270417
13.491511
12.619891
13.491511
12.947281
13.057828
13.491511
12.075661
12.403049
13.274671
13.057828
12.840985
13.274671
12.730438
12.296754
12.186207
11.531429
12.734691
12.840985
12.186207
12.840985
13.274671
12.836734
13.602058
12.513597
12.075661
13.491511
12.186207
12.513597
12.075661
12.951532
12.513597
13.274671
13.168375
12.403049
12.513597
12.624144
13.385218
12.840985
13.385218
11.858818
13.385218
13.274671
12.840985
13.385218
12.186207
12.513597
13.057828
11.858818
11.752523
13.168375
12.951532
12.403049
12.407301
11.752523
12.186207
13.057828
11.641976
12.513597
11.969365
12.407301
12.407301
12.513597
11.969365
12.407301
11.752523
11.429386
11.646228
12.079912
11.101996
12.734691
12.296754
11.429386
13.062079
12.624144
11.535681
12.190459
12.407301
11.2125435
11.973618
11.973618
10.664061
12.407301
12.513597
11.752523
11.535681
11.8630705
11.8630705
12.517848
11.756775
11.101996
12.190459
11.2125435
10.774608
11.65048
10.991449
11.539933
11.2125435
11.646228
11.539933
11.8630705
11.539933
11.429386
11.429386
11.539933
11.2125435
11.8630705
11.756775
11.535681
11.8630705
12.951532
12.407301
11.318839
12.190459
11.535681
12.296754
11.429386
12.079912
11.2125435
11.429386
10.995702
11.323091
11.106249
10.668313
10.45147
10.562017
11.101996
12.194712
11.973618
10.995702
10.664061
10.885155
11.429386
11.646228
12.628395
11.535681
12.301006
12.517848
12.190459
11.8630705
11.208292
11.973618
12.079912
11.318839
11.8630705
11.535681
12.407301
11.535681
11.429386
11.101996
10.774608
11.323091
11.323091
11.323091
11.323091
10.885155
10.45147
11.106249
10.995702
10.124082
11.429386
12.194712
10.991449
11.973618
11.429386
12.407301
11.208292
12.190459
11.973618
11.101996
11.429386
11.756775
10.991449
11.101996
11.646228
10.013535
11.2125435
10.230376
10.77886
10.77886
10.45147
11.2125435
10.124082
10.234629
10.77886
10.995702
10.668313
11.2125435
10.995702
10.124082
11.106249
10.885155
11.429386
10.885155
11.2125435
11.101996
10.991449
11.429386
12.190459
12.407301
11.314588
11.535681
11.101996
11.756775
11.323091
10.991449
10.885155
11.756775
11.2125435
11.2125435
10.991449
10.77886
10.557766
11.216796
10.995702
10.885155
9.796692
11.323091
11.539933
11.2125435
12.517848
11.973618
11.65048
11.973618
12.079912
12.190459
12.407301
12.624144
12.079912
12.190459
11.756775
12.296754
11.429386
10.77886
10.557766
11.646228
11.867322
11.752523
10.45147
11.106249
9.796692
9.690397
11.433638
11.65048
10.77886
10.885155
11.646228
10.668313
11.318839
11.973618
10.668313
11.323091
11.208292
11.101996
12.951532
11.858818
12.624144
11.752523
11.752523
11.646228
10.774608
12.296754
11.318839
11.318839
11.208292
11.2125435
10.557766
10.991449
10.885155
11.646228
11.101996
11.756775
11.429386
11.752523
11.208292
11.2125435
12.079912
11.318839
11.8630705
12.296754
12.619891
12.730438
13.602058
11.748272
11.641976
12.407301
11.641976
12.730438
13.274671
12.186207
13.380964
13.053576
12.186207
12.186207
12.947281
11.641976
12.624144
11.641976
11.531429
12.186207
11.641976
12.190459
12.513597
11.425134
12.951532
12.513597
12.292503
12.403049
12.296754
12.947281
11.748272
11.858818
13.491511
13.270417
13.597807
13.708355
13.159871
13.48726
13.925196
12.836734
12.61564
12.726187
13.597807
12.509345
13.053576
13.376713
12.943029
12.943029
13.053576
13.48726
13.380964
12.947281
13.48726
13.270417
13.053576
12.943029
12.832482
13.925196
13.164123
14.031491
13.376713
14.031491
13.376713
14.137786
14.35888
14.248333
13.810397
13.049324
14.248333
13.810397
13.483009
14.031491
13.920944
13.5935545
13.597807
14.02724
13.376713
14.35888
13.814649
12.943029
14.465176
14.465176
13.266166
14.031491
13.483009
13.920944
14.575723
13.483009
13.5935545
14.137786
13.920944
14.02724
15.226248
14.460924
13.810397
14.354629
14.682017
13.5935545
14.575723
12.938777
14.354629
14.57147
13.483009
13.483009
13.5935545
13.5935545
14.137786
14.248333
14.354629
13.266166
13.159871
13.704102
14.031491
13.810397
14.031491
13.704102
14.682017
13.5935545
14.682017
15.226248
14.89886
14.02724
14.137786
13.69985
13.372462
14.248333
14.354629
13.810397
14.137786
13.5935545
14.137786
13.810397
13.704102
14.575723
13.704102
13.155619
13.159871
13.049324
14.02724
14.137786
12.832482
13.704102
13.376713
13.5935545
13.920944
14.354629
14.02724
14.682017
14.02724
14.57147
13.049324
14.682017
14.682017
14.137786
14.788313
13.810397
14.137786
15.226248
13.810397
13.483009
14.682017
13.810397
14.354629
13.920944
14.354629
13.159871
14.031491
13.5935545
13.266166
14.142038
13.159871
13.810397
14.465176
14.137786
14.02724
13.810397
14.57147
13.810397
14.137786
14.465176
14.02724
14.682017
14.354629
13.483009
14.354629
13.810397
13.266166
13.483009
13.810397
14.682017
13.920944
14.031491
14.682017
13.5935545
13.049324
13.48726
13.48726
12.726187
13.704102
13.159871
13.5935545
13.48726
13.704102
13.049324
13.376713
13.814649
13.704102
13.5935545
13.920944
13.376713
13.704102
13.266166
13.920944
13.159871
12.832482
13.270417
13.597807
13.159871
13.376713
12.832482
13.270417
13.053576
12.619891
13.597807
13.159871
12.505093
13.270417
12.943029
12.071408
13.270417
13.597807
13.491511
12.943029
12.181956
12.943029
13.814649
13.814649
13.925196
12.726187
14.035743
12.398798
12.181956
12.619891
12.730438
13.597807
13.376713
13.159871
14.469427
13.270417
12.619891
12.947281
12.947281
12.186207
12.513597
12.292503
11.748272
12.075661
11.531429
13.602058
13.380964
12.509345
12.186207
12.619891
12.292503
12.075661
13.602058
12.619891
12.836734
12.403049
13.818902
12.619891
13.053576
12.292503
11.641976
12.403049
11.641976
11.535681
11.535681
12.186207
12.079912
11.752523
12.840985
12.513597
11.425134
11.535681
11.535681
12.624144
11.531429
11.314588
12.190459
12.619891
11.641976
12.296754
11.204041
12.513597
12.296754
12.075661
13.053576
12.181956
12.181956
12.726187
12.509345
12.292503
11.748272
11.204041
12.186207
12.079912
12.619891
11.531429
12.730438
11.531429
11.858818
11.314588
12.296754
11.208292
12.730438
11.858818
12.292503
12.186207
13.274671
12.836734
12.730438
13.818902
13.380964
13.270417
13.053576
12.181956
12.181956
13.597807
12.619891
12.947281
12.947281
13.380964
13.491511
13.380964
13.053576
12.619891
13.053576
12.619891
12.836734
13.491511
13.057828
12.619891
12.619891
13.053576
13.925196
13.053576
13.5935545
13.053576
13.380964
13.270417
13.270417
13.270417
13.266166
13.5935545
14.465176
13.5935545
14.248333
14.465176
13.5935545
14.248333
14.575723
14.248333
13.266166
14.682017
14.354629
13.810397
14.031491
13.483009
14.031491
13.155619
14.248333
14.682017
14.792564
13.049324
14.248333
13.810397
14.792564
14.248333
14.137786
15.115701
14.2440815
14.682017
14.682017
14.682017
14.137786
13.916693
13.920944
14.137786
14.460924
14.2440815
14.2440815
14.788313
14.354629
14.89886
14.465176
14.354629
14.02724
14.682017
14.682017
14.682017
13.483009
14.682017
14.02724
13.5935545
14.792564
14.133534
14.137786
15.659932
14.788313
14.57147
15.005156
15.443091
14.567219
15.43884
15.005156
16.093616
15.876775
15.221997
15.443091
15.115701
14.89886
14.465176
14.682017
14.89886
14.465176
14.133534
15.009407
15.115701
15.336795
15.005156
15.009407
14.354629
15.005156
15.659932
14.788313
14.567219
15.549385
14.8946085
15.659932
15.332544
16.093616
15.983071
15.332544
16.527302
16.093616
15.872524
15.43884
14.677766
14.8946085
14.677766
15.221997
14.23983
15.005156
14.788313
14.456672
15.43884
15.115701
14.677766
15.332544
14.354629
14.57147
14.8946085
15.221997
15.545134
16.089365
15.766228
15.43884
15.978818
15.434587
15.872524
16.416756
16.199913
16.527302
16.633596
16.960987
16.31046
16.416756
16.195662
15.434587
16.633596
16.195662
16.633596
15.872524
15.766228
15.545134
15.11145
16.31046
15.872524
15.872524
16.85469
16.527302
16.633596
15.761976
16.199913
16.093616
16.416756
15.545134
16.416756
16.31046
16.412502
16.195662
16.089365
17.177828
17.611511
16.629345
16.523048
16.199913
17.06728
16.306208
15.872524
15.761976
16.416756
15.43884
15.655681
15.11145
15.545134
15.43884
16.31046
16.089365
15.872524
16.306208
16.637848
15.872524
15.978818
16.089365
16.744143
16.960987
16.412502
16.633596
17.071531
16.306208
16.956734
16.960987
16.85044
16.956734
17.39467
16.744143
15.978818
16.089365
15.766228
16.31046
16.523048
15.545134
16.093616
15.655681
15.545134
15.443091
15.221997
14.567219
15.659932
15.659932
15.005156
15.332544
15.115701
15.655681
16.093616
15.115701
15.766228
15.549385
15.549385
16.31046
16.204163
16.527302
14.677766
15.009407
15.659932
14.89886
15.119954
14.89886
13.810397
14.465176
14.792564
14.792564
14.137786
14.35888
14.469427
14.252585
13.380964
14.035743
13.270417
14.035743
14.363132
13.814649
13.704102
13.053576
13.708355
14.031491
12.943029
13.597807
14.031491
13.270417
13.597807
13.270417
14.142038
13.925196
13.270417
14.031491
12.509345
14.473679
13.164123
12.836734
12.513597
12.296754
11.752523
12.619891
11.969365
12.513597
12.403049
12.079912
12.186207
12.186207
12.296754
13.057828
13.274671
12.513597
12.947281
13.708355
12.292503
13.818902
13.159871
13.053576
13.164123
13.053576
13.491511
13.168375
13.274671
12.403049
12.296754
12.624144
11.8630705
11.539933
12.301006
11.101996
10.995702
11.433638
10.995702
11.977869
10.562017
10.995702
10.6725645
11.65048
11.539933
11.867322
11.973618
11.646228
11.867322
11.318839
11.429386
11.539933
11.973618
12.296754
12.301006
12.190459
11.646228
11.2125435
10.995702
11.106249
11.216796
11.216796
10.77886
11.544185
10.6725645
10.128334
10.566269
9.584103
10.017787
10.783112
10.128334
9.473556
10.893659
9.911491
10.128334
9.911491
10.128334
9.805196
11.221047
10.783112
9.690397
10.6725645
10.889407
9.69465
10.128334
10.6725645
10.566269
10.889407
9.150418
10.23888
9.69465
10.349427
11.004206
9.805196
9.69465
10.243132
9.15467
8.393597
9.698901
8.716734
8.82728
8.720985
9.371511
8.393597
9.809448
9.482059
7.738818
8.610438
8.82728
8.393597
8.937827
9.482059
8.393597
8.610438
9.371511
8.393597
7.849365
9.15467
7.9599123
8.287301
8.28305
7.526228
8.176754
8.176754
8.070459
8.720985
9.048374
7.415681
8.8315325
8.720985
7.632523
7.853617
8.8315325
7.526228
7.853617
8.070459
7.74307
8.725238
7.9599123
7.74307
8.725238
8.725238
7.0882916
7.853617
8.070459
6.981997
8.070459
7.9599123
8.070459
8.2915535
8.181006
8.397848
8.070459
7.74307
7.636775
7.9641643
8.070459
7.309386
7.74307
7.9641643
8.181006
9.052627
9.158921
7.309386
8.181006
8.181006
7.1988387
9.052627
8.937827
8.397848
8.937827
8.393597
8.720985
9.15467
9.809448
9.375764
9.048374
8.397848
8.725238
8.937827
8.937827
10.132585
8.937827
9.809448
9.698901
8.393597
8.937827
9.592606
8.720985
9.371511
10.132585
9.15467
9.592606
9.588354
8.066207
10.243132
9.260964
8.393597
10.353679
9.15467
8.287301
9.703153
8.176754
7.636775
8.181006
8.614691
8.181006
9.048374
7.9599123
8.287301
7.853617
7.853617
8.397848
7.849365
8.070459
7.853617
8.614691
8.614691
8.725238
7.849365
8.397848
9.052627
8.070459
8.181006
8.614691
8.176754
9.158921
9.482059
9.15467
8.176754
7.74307
8.937827
9.15467
8.066207
9.15467
9.260964
9.915743
9.588354
10.132585
9.150418
9.915743
10.0220375
9.805196
10.566269
9.150418
10.23888
10.455723
9.69465
10.0220375
10.566269
10.349427
9.584103
10.017787
10.017787
10.455723
9.911491
9.146166
9.69465
9.473556
10.345176
9.800944
9.911491
10.23888
10.017787
10.128334
9.805196
10.345176
10.128334
9.150418
9.911491
10.23888
10.455723
10.345176
10.999953
10.345176
9.473556
10.893659
10.345176
10.566269
10.562017
10.995702
10.995702
10.77886
11.977869
11.101996
11.539933
10.668313
11.433638
11.323091
10.562017
11.2125435
10.889407
11.323091
10.45147
10.562017
9.907239
11.1105
10.562017
9.473556
10.999953
10.995702
10.889407
10.345176
10.234629
10.557766
10.45147
10.668313
11.756775
10.885155
11.101996
11.318839
10.991449
11.752523
13.168375
12.730438
11.969365
12.840985
13.053576
12.075661
13.053576
13.491511
12.943029
12.398798
13.48726
13.814649
14.137786
14.02724
14.465176
13.5935545
13.48726
11.858818
11.748272
11.969365
11.858818
11.752523
12.296754
11.101996
11.858818
12.075661
13.385218
12.509345
12.947281
13.597807
14.575723
14.575723
13.266166
15.336795
13.920944
14.248333
14.354629
14.575723
14.682017
14.02724
14.89886
14.465176
14.2440815
14.031491
13.708355
12.836734
12.398798
13.274671
12.513597
12.730438
12.296754
11.425134
13.057828
12.951532
12.403049
11.425134
12.517848
12.403049
12.624144
12.292503
13.270417
13.708355
14.35888
13.48726
13.376713
14.465176
13.810397
14.792564
14.792564
14.354629
15.659932
14.677766
15.443091
14.8946085
14.465176
14.2440815
15.226248
15.553638
15.009407
15.119954
14.354629
13.920944
13.920944
13.376713
13.376713
13.704102
14.575723
14.575723
14.031491
14.792564
14.137786
13.920944
15.226248
13.810397
14.354629
15.553638
15.115701
15.43884
15.766228
15.221997
15.655681
15.770479
15.655681
15.549385
15.553638
15.549385
15.443091
15.770479
14.788313
14.137786
15.332544
14.57147
14.354629
15.443091
15.226248
15.226248
14.677766
15.226248
14.57147
14.460924
15.009407
15.876775
15.005156
15.987322
15.332544
14.354629
15.770479
14.682017
14.792564
14.354629
14.68627
14.682017
14.57147
15.447342
14.792564
13.916693
14.465176
13.920944
14.682017
13.5935545
15.336795
14.792564
14.792564
15.664186
15.447342
15.332544
15.881026
14.57147
14.465176
14.792564
15.119954
13.920944
15.881026
15.226248
13.920944
14.682017
15.336795
14.248333
15.447342
14.792564
14.354629
14.248333
14.465176
14.465176
14.792564
14.575723
15.009407
14.137786
14.35888
14.465176
14.682017
14.465176
15.009407
14.35888
14.248333
14.465176
14.792564
14.792564
14.354629
15.009407
15.226248
14.137786
15.664186
15.226248
14.792564
14.682017
15.119954
15.119954
15.119954
14.354629
14.137786
15.009407
14.792564
14.682017
14.354629
15.119954
14.792564
13.920944
15.119954
14.682017
14.137786
14.354629
14.575723
13.920944
14.465176
14.682017
15.447342
13.376713
15.664186
14.68627
14.248333
14.575723
14.792564
14.903111
13.704102
15.447342
14.903111
13.920944
13.925196
15.013659
14.575723
14.903111
14.792564
13.814649
14.35888
13.814649
13.704102
14.903111
14.252585
14.252585
13.814649
14.252585
13.925196
14.142038
14.252585
14.35888
12.943029
13.380964
14.575723
13.925196
14.469427
13.597807
13.053576
13.164123
12.836734
13.053576
13.053576
13.708355
13.053576
12.943029
14.035743
14.248333
13.925196
14.142038
13.48726
13.270417
13.274671
13.597807
13.053576
14.252585
14.031491
13.814649
14.142038
13.704102
13.597807
14.469427
13.814649
13.380964
14.363132
14.469427
13.597807
13.48726
12.730438
13.057828
13.164123
14.035743
13.929449
13.274671
13.602058
13.491511
13.164123
12.947281
12.619891
12.947281
13.380964
14.252585
13.053576
14.690521
13.925196
12.61564
13.602058
13.274671
13.274671
13.491511
13.708355
12.836734
13.495763
12.947281
12.943029
14.14629
14.252585
12.730438
13.491511
13.057828
13.385218
12.951532
12.296754
13.168375
12.730438
12.403049
13.274671
12.292503
12.836734
13.602058
12.619891
13.491511
13.818902
13.491511
12.730438
12.403049
12.947281
12.836734
13.925196
13.380964
13.385218
13.491511
12.619891
13.164123
12.624144
12.619891
12.403049
13.491511
14.252585
13.380964
12.947281
12.730438
12.947281
13.057828
12.186207
12.840985
12.624144
13.057828
12.840985
13.168375
13.818902
12.186207
13.929449
13.491511
12.730438
12.513597
12.513597
12.296754
13.164123
13.168375
12.619891
13.491511
13.168375
13.925196
14.363132
14.469427
14.035743
12.947281
13.270417
14.256837
13.818902
13.491511
13.818902
13.380964
13.814649
13.48726
14.035743
13.053576
14.469427
13.380964
13.057828
13.057828
12.947281
13.597807
14.035743
14.142038
13.053576
13.929449
12.403049
12.407301
12.628395
12.079912
12.730438
13.495763
13.057828
12.403049
12.513597
13.274671
13.062079
12.951532
12.951532
11.8630705
11.2125435
11.539933
12.305258
10.45147
10.6725645
11.216796
10.783112
11.544185
11.977869
12.194712
11.756775
12.517848
13.278922
12.734691
13.1726265
12.624144
12.840985
13.602058
13.164123
13.712605
14.035743
12.624144
12.734691
12.513597
12.301006
12.190459
11.867322
12.517848
11.973618
12.734691
12.951532
12.190459
11.973618
11.8630705
11.756775
12.624144
12.951532
13.929449
14.035743
14.252585
13.380964
14.907364
13.712605
14.035743
14.035743
13.491511
14.252585
14.252585
14.252585
13.274671
12.947281
13.712605
12.624144
12.407301
11.973618
11.867322
12.845238
11.761026
11.433638
11.323091
11.106249
10.783112
11.437889
11.761026
12.194712
12.411553
11.977869
12.194712
12.194712
12.955785
12.628395
12.411553
12.628395
13.1726265
13.716857
11.646228
12.305258
12.411553
11.867322
11.871573
10.995702
11.871573
11.323091
11.1105
11.761026
10.889407
11.327342
10.893659
10.783112
10.893659
10.345176
10.999953
10.676816
11.327342
11.327342
10.345176
10.783112
11.544185
11.216796
10.893659
10.889407
10.783112
11.216796
11.761026
11.65048
11.761026
11.867322
12.088415
11.977869
10.6725645
11.216796
11.65048
11.327342
11.216796
11.544185
11.1105
11.9821205
10.566269
11.433638
11.437889
10.345176
10.787363
11.221047
10.783112
10.455723
10.455723
10.349427
10.128334
11.1105
10.566269
10.566269
10.566269
10.676816
9.256713
11.437889
10.23888
10.893659
11.327342
10.23888
10.23888
10.676816
11.327342
10.783112
10.893659
10.23888
10.783112
10.23888
10.23888
10.455723
9.800944
10.783112
10.455723
9.911491
9.911491
10.893659
10.783112
10.566269
10.455723
11.1105
10.783112
10.0220375
9.800944
10.999953
10.783112
10.6725645
10.999953
10.23888
9.800944
10.349427
9.36726
10.6725645
10.566269
10.999953
9.911491
10.783112
10.999953
10.6725645
10.455723
10.345176
10.017787
10.566269
10.455723
10.455723
11.327342
11.106249
9.800944
11.433638
11.433638
10.889407
10.999953
11.2125435
10.45147
11.323091
11.65048
10.889407
10.6725645
9.796692
10.889407
11.433638
11.977869
10.77886
10.234629
11.216796
10.128334
10.562017
10.455723
10.676816
9.911491
10.23888
10.23888
10.889407
11.216796
9.584103
10.455723
10.566269
9.800944
10.128334
10.562017
11.106249
10.234629
10.889407
11.106249
10.77886
10.77886
10.124082
10.995702
11.216796
10.345176
11.433638
10.566269
10.345176
10.345176
11.221047
9.911491
10.345176
10.999953
10.128334
9.800944
11.1105
9.911491
10.455723
10.783112
9.584103
10.455723
10.128334
10.345176
10.6725645
11.433638
10.124082
10.889407
11.867322
10.234629
11.433638
11.2125435
10.77886
12.849489
11.756775
10.77886
11.977869
11.323091
10.234629
10.999953
11.544185
10.345176
11.216796
10.999953
10.6725645
11.65048
10.562017
10.6725645
10.889407
10.128334
11.1105
11.323091
10.562017
10.889407
11.106249
11.323091
11.216796
12.305258
11.867322
11.867322
11.323091
11.2125435
11.539933
11.539933
11.433638
11.2125435
11.544185
11.871573
11.106249
11.761026
11.106249
11.433638
11.106249
11.871573
11.65048
10.999953
12.088415
11.433638
11.544185
10.6725645
10.77886
10.345176
11.761026
12.084165
11.433638
11.433638
12.084165
11.433638
11.867322
11.977869
11.429386
12.088415
10.562017
11.216796
11.761026
11.433638
12.198963
11.1105
10.6725645
11.004206
11.544185
10.566269
11.437889
10.783112
10.999953
11.544185
11.871573
10.455723
11.216796
11.216796
10.783112
11.216796
12.415805
10.345176
11.867322
11.216796
11.106249
11.65048
12.194712
10.77886
11.65048
11.654732
11.106249
11.544185
12.415805
11.433638
11.1105
10.455723
10.566269
11.871573
11.1105
11.544185
11.221047
10.893659
10.783112
10.893659
11.1105
11.1105
11.654732
11.327342
11.327342
10.889407
10.999953
11.433638
12.088415
10.566269
10.893659
11.327342
11.216796
10.349427
12.088415
11.216796
11.327342
11.216796
10.889407
11.437889
11.437889
10.23888
10.676816
10.349427
10.893659
10.349427
10.783112
10.132585
10.566269
10.676816
10.132585
10.893659
10.0220375
10.23888
10.893659
10.0220375
10.349427
11.1105
11.327342
11.327342
10.676816
11.331594
10.0220375
10.893659
11.327342
11.221047
10.893659
11.1105
11.221047
10.893659
10.893659
11.1105
11.437889
10.02629
10.676816
10.132585
10.676816
10.787363
10.893659
10.566269
11.548436
10.676816
10.132585
10.132585
11.331594
10.676816
10.349427
10.893659
10.893659
11.1105
11.004206
10.345176
11.654732
10.783112
11.327342
11.1105
10.893659
10.455723
11.221047
10.349427
10.893659
10.676816
11.221047
10.0220375
10.132585
11.114753
11.004206
10.02629
11.004206
10.0220375
11.004206
11.004206
10.349427
9.915743
10.783112
10.893659
10.349427
11.548436
11.221047
11.327342
10.566269
11.548436
10.0220375
10.893659
11.1105
10.566269
10.676816
10.132585
10.243132
9.698901
10.243132
10.0220375
9.698901
10.787363
11.221047
10.349427
10.132585
11.114753
9.698901
11.004206
10.243132
10.349427
11.1105
10.132585
10.349427
10.783112
10.676816
10.676816
11.1105
10.566269
11.004206
11.221047
10.459974
11.1105
11.1105
10.132585
11.221047
11.221047
9.809448
11.1105
11.221047
10.02629
10.676816
11.004206
9.482059
9.588354
10.243132
10.676816
11.548436
11.221047
10.349427
9.915743
11.004206
11.437889
10.676816
10.893659
10.349427
10.676816
10.6725645
10.676816
11.221047
10.783112
11.437889
10.676816
11.9821205
10.566269
10.455723
11.437889
10.566269
10.243132
10.243132
9.698901
10.132585
10.787363
9.915743
10.676816
11.437889
10.893659
11.114753
10.893659
10.787363
10.676816
10.676816
9.915743
10.893659
11.437889
10.349427
10.566269
11.221047
10.349427
10.676816
11.548436
11.327342
10.893659
11.004206
10.787363
10.783112
10.243132
10.0220375
10.132585
11.331594
11.548436
10.676816
10.787363
11.004206
10.787363
11.114753
9.375764
10.570521
10.136837
9.915743
9.809448
10.243132
10.243132
10.570521
10.459974
10.243132
9.698901
10.353679
10.353679
10.570521
10.681068
10.132585
10.353679
10.89791
10.570521
10.243132
9.698901
9.592606
10.570521
10.02629
9.592606
9.809448
9.375764
9.158921
9.592606
9.919995
9.809448
10.570521
9.265217
10.247384
10.89791
9.592606
10.464226
9.8137
9.919995
8.94208
9.592606
9.809448
9.809448
9.809448
9.044123
9.919995
8.720985
8.94208
9.592606
9.919995
9.486311
10.136837
9.809448
8.94208
10.030542
9.592606
8.508395
9.703153
8.614691
8.94208
9.269468
8.725238
9.703153
9.052627
9.269468
9.158921
9.380016
9.703153
9.703153
9.375764
9.052627
9.048374
8.725238
9.596858
9.486311
9.052627
9.265217
9.486311
9.703153
8.94208
9.486311
9.486311
9.158921
8.94208
9.158921
9.158921
9.375764
10.247384
9.486311
8.725238
9.8137
8.835785
8.94208
9.265217
9.486311
10.247384
9.809448
10.136837
9.592606
9.919995
10.681068
9.703153
10.030542
9.703153
10.247384
9.265217
9.919995
8.508395
9.486311
9.269468
9.375764
8.94208
9.158921
9.486311
8.725238
9.269468
9.158921
8.508395
9.703153
9.703153
9.486311
10.030542
9.809448
9.592606
9.703153
9.375764
9.592606
9.592606
9.375764
9.703153
9.592606
9.486311
9.486311
9.269468
9.592606
9.703153
9.8137
8.94208
10.030542
9.919995
9.919995
10.136837
9.703153
9.375764
9.486311
9.486311
9.592606
10.136837
9.265217
10.243132
10.243132
10.459974
10.787363
11.331594
11.548436
11.004206
11.114753
10.676816
11.221047
10.243132
10.243132
10.676816
10.570521
10.787363
10.459974
10.243132
10.570521
11.114753
10.676816
10.136837
11.114753
10.243132
9.919995
10.132585
9.915743
10.353679
11.331594
10.459974
10.89791
10.243132
10.89791
10.02629
10.570521
10.570521
10.570521
10.02629
10.243132
11.548436
10.459974
10.787363
10.676816
10.349427
9.919995
10.89791
9.809448
9.592606
9.592606
9.919995
10.353679
10.02629
11.114753
11.004206
10.459974
10.464226
10.459974
10.243132
10.243132
11.004206
9.588354
10.787363
11.548436
10.243132
10.787363
10.676816
11.548436
10.676816
10.02629
10.459974
11.548436
9.698901
10.570521
10.787363
9.809448
10.787363
10.459974
10.893659
9.915743
10.243132
10.243132
11.331594
11.221047
11.004206
11.004206
10.893659
10.676816
10.676816
11.221047
11.221047
10.676816
12.092668
10.893659
10.787363
11.875826
11.548436
9.809448
10.570521
10.570521
9.698901
10.136837
9.919995
9.809448
9.703153
8.725238
9.486311
9.158921
8.181006
8.2915535
9.486311
8.4021
9.163173
8.94208
8.2915535
9.596858
9.486311
9.486311
9.486311
9.052627
8.725238
7.636775
8.508395
9.052627
8.614691
8.946331
8.4021
8.618942
7.6410265
8.4021
7.7515736
7.6410265
7.7515736
7.6410265
7.4241843
7.7515736
8.078962
6.7736583
7.317889
6.9905005
5.902038
7.5347314
7.5347314
6.7736583
7.1010475
7.5347314
7.6452785
6.663111
7.6452785
7.7515736
7.7515736
7.4284363
6.556816
7.317889
6.012585
5.795743
6.8842053
5.251512
5.90629
6.77791
5.3620586
5.689448
5.799995
6.561068
5.1452165
4.605237
5.3663106
5.583153
5.3663106
5.038922
5.038922
5.9105415
5.799995
5.038922
4.7115326
4.605237
4.8220797
5.3663106
3.844164
4.3883953
5.1494684
3.954711
3.737869
3.737869
4.4989424
4.4989424
5.0431733
5.2600155
4.2778482
5.1494684
5.3663106
5.038922
5.1452165
6.123132
6.8842053
5.6851964
6.556816
6.77791
5.90629
5.583153
4.0610065
4.6094894
2.8662488
3.0873425
2.6536584
2.003132
1.5694479
1.3526058
1.5694479
0.8126264
0.26839525
0.7020795
0.5957843
0.5957843
1.6799948
1.7905419
0.8083746
2.65791
2.5473633
2.8705006
3.5210268
3.3041847
4.2821
4.6094894
3.6273217
4.171553
4.6094894
3.7421207
4.1758046
3.0873425
3.0873425
3.1978896
2.7642052
1.7862899
0.8083746
1.5694479
1.4631528
-0.49267802
-0.38213107
-0.054742
-0.59897316
-0.81581527
-1.4705935
0.1621001
-0.4884262
-0.054742
-0.054742
0.05155315
0.1621001
-0.70952016
0.3746904
1.2463106
-0.058993805
0.8126264
1.0294685
0.48523736
0.9231734
1.7905419
0.8126264
1.5736997
0.48523736
-0.16528895
0.05155315
-0.27158412
-0.59897316
-0.4884262
-1.5768886
-0.4884262
-1.3557947
-2.444257
-1.6831837
-2.661099
-1.3557947
-3.3116255
-2.223163
-2.112616
-3.2010784
-3.5284674
-3.0947833
-3.3116255
-2.8736894
-3.2010784
-2.767394
-2.006321
-2.33371
-2.767394
-2.5505521
-3.3116255
-3.2010784
-3.4221725
-2.006321
-2.3294582
-3.0947833
-2.5505521
-2.767394
-3.6390145
-3.4179204
-3.0905313
-4.395836
-4.068447
-4.82952
-4.502131
-4.718973
-4.718973
-5.5905933
-5.1526575
-5.0421104
-6.130573
-5.369499
-5.803184
-6.564257
-6.130573
-5.803184
-5.5863414
-5.4800463
-5.2589526
-4.718973
-5.1526575
-5.4800463
-5.2632046
-4.285289
-5.369499
-5.3737516
-4.612678
-5.5905933
-4.718973
-4.9358153
-5.4800463
-6.130573
-5.5863414
-6.24112
-5.4800463
-4.8252683
-5.1526575
-6.0242777
-4.9358153
-4.608426
-4.9358153
-4.391584
-4.9358153
-5.8074355
-4.502131
-3.5242157
-4.940067
-3.1968267
-4.1789937
-3.9621515
-2.8736894
-3.4179204
-4.833772
-3.851605
-3.3073738
-4.1789937
-3.851605
-4.612678
-3.6347628
-3.6347628
-3.9621515
-4.506383
-2.6568472
-4.0726986
-3.5284674
-3.8558567
-3.0947833
-3.4221725
-2.661099
-2.116868
-3.0947833
-2.661099
-3.3158772
-3.8601084
-1.5768886
-1.4663416
-2.3379617
-1.3600464
-1.0326574
-1.7979825
-0.054742
-1.3600464
-0.27158412
-1.6874356
-0.9263622
-0.8200671
-0.9263622
-1.3642982
-0.8200671
0.1578483
-0.38638288
-0.2758359
-0.058993805
-0.603225
-0.930614
-0.38638288
-0.16954076
0.04730134
0.04730134
0.26414344
-0.28008774
1.1357636
0.26414344
1.4589009
0.91466975
2.4368165
2.2199743
2.003132
2.330521
2.2199743
3.0915945
1.237807
2.3262694
1.6714911
2.3262694
1.7820382
2.8705006
1.7777863
2.3220174
2.4325645
3.3041847
2.8662488
1.9946285
2.6494067
2.5388596
2.4283128
3.0830908
2.6494067
2.7557018
3.406228
3.8399122
4.2735963
3.6188183
5.3620586
4.924123
4.8178277
4.924123
5.468354
6.123132
4.490439
6.450521
4.2735963
5.0346694
4.3841434
5.038922
4.2735963
3.9504592
4.605237
3.844164
4.7115326
4.4946904
4.3883953
4.8220797
4.490439
5.689448
6.2294273
6.1188803
7.096796
6.114629
7.203091
6.2209234
6.4420176
7.419933
7.092544
7.526228
7.526228
9.048374
8.1725025
8.504144
7.849365
7.632523
7.74307
7.415681
8.070459
7.203091
6.5483127
8.397848
6.875702
7.092544
8.720985
7.526228
8.614691
8.070459
8.937827
9.048374
9.588354
9.482059
8.933577
9.260964
8.933577
10.455723
9.911491
9.584103
10.345176
10.77886
9.3630085
10.234629
8.929324
9.69465
10.562017
9.473556
9.800944
10.234629
9.9029875
10.774608
10.885155
10.885155
11.535681
10.557766
11.2125435
10.230376
11.101996
11.318839
10.991449
10.668313
11.425134
10.119829
12.079912
11.752523
11.097745
12.186207
12.513597
11.531429
11.531429
12.619891
11.854567
12.836734
13.270417
13.049324
13.704102
13.159871
13.159871
14.248333
12.943029
12.61564
13.159871
11.854567
12.181956
12.61564
11.854567
12.943029
12.177704
12.943029
12.181956
12.505093
12.832482
12.505093
12.943029
13.5935545
13.810397
12.505093
14.792564
12.938777
14.682017
13.5935545
12.938777
13.372462
13.483009
13.916693
14.677766
14.354629
14.354629
13.483009
13.049324
13.920944
13.266166
12.938777
12.832482
12.61564
13.270417
13.159871
12.943029
13.925196
12.288251
12.726187
12.186207
11.858818
12.726187
11.7440195
11.965114
12.509345
12.071408
11.854567
12.619891
12.61564
12.071408
13.597807
13.159871
11.7440195
12.832482
12.398798
12.398798
12.288251
12.181956
12.403049
11.637725
11.748272
11.531429
11.093493
10.987199
10.664061
10.991449
10.5535145
11.101996
11.208292
10.987199
10.119829
11.208292
10.774608
10.119829
10.009283
11.097745
10.336672
10.119829
10.119829
9.575599
10.009283
11.208292
10.770356
9.681894
9.9029875
9.898736
9.686145
9.57985
9.141914
8.159747
9.57985
8.70823
9.796692
10.230376
9.57985
9.3630085
8.70823
8.491387
9.256713
9.690397
9.252461
9.3630085
9.469303
9.3630085
9.252461
8.818777
8.385093
8.385093
8.818777
8.163999
8.163999
8.929324
9.146166
8.818777
8.274546
8.601935
8.929324
8.278798
9.473556
8.491387
9.146166
8.601935
8.601935
8.168251
7.079788
7.6240196
7.5177245
7.7345667
8.168251
7.8451138
8.49564
8.057704
7.079788
8.278798
8.712482
8.061955
8.933577
8.818777
8.712482
8.168251
8.8230295
8.385093
7.6240196
7.7345667
7.3008823
7.7345667
6.9734936
8.8230295
8.49564
7.951409
6.8629465
8.1725025
7.6282716
6.9734936
6.8629465
8.061955
7.840862
6.8629465
7.951409
7.4071774
7.6282716
8.278798
7.6240196
7.1903353
9.36726
8.601935
8.278798
8.929324
9.473556
8.385093
9.146166
8.491387
7.840862
9.584103
7.8366094
8.385093
8.491387
8.712482
9.690397
9.039871
8.712482
8.712482
9.146166
8.274546
8.601935
8.925072
8.057704
8.49564
8.70823
8.168251
9.800944
8.274546
8.491387
9.473556
9.3630085
8.70823
9.473556
9.3630085
9.146166
8.491387
9.3630085
9.256713
9.690397
8.491387
8.491387
8.712482
9.035619
8.712482
8.601935
8.929324
9.690397
8.274546
10.017787
7.840862
7.6240196
8.818777
8.601935
9.3630085
9.473556
9.3630085
9.035619
9.256713
9.146166
8.601935
8.818777
9.256713
9.57985
8.818777
9.256713
10.013535
9.469303
9.3630085
9.584103
9.473556
8.818777
9.473556
10.017787
7.9471564
9.035619
9.146166
9.3630085
8.818777
9.256713
9.035619
9.469303
9.57985
9.469303
10.230376
10.336672
10.340923
10.013535
10.009283
9.358756
10.447219
10.770356
10.119829
10.774608
10.009283
9.465052
11.646228
10.009283
9.686145
10.336672
10.774608
10.447219
10.340923
10.774608
10.447219
10.336672
10.013535
10.009283
9.9029875
10.447219
10.991449
10.230376
11.2125435
11.429386
11.425134
10.336672
11.318839
10.880902
10.770356
10.119829
10.774608
11.097745
10.5535145
10.119829
10.991449
9.792441
10.447219
10.013535
10.119829
9.9029875
10.885155
10.230376
10.119829
10.230376
10.774608
10.336672
9.57985
10.340923
10.668313
9.686145
9.907239
9.141914
10.013535
9.792441
10.119829
9.9029875
10.447219
10.442967
10.5535145
10.340923
11.641976
10.991449
11.318839
10.664061
10.664061
11.097745
10.880902
10.336672
10.664061
9.24821
10.664061
9.575599
10.557766
10.668313
9.57985
9.57985
9.252461
9.141914
9.57985
9.57985
9.3630085
10.447219
10.447219
9.469303
10.124082
10.991449
9.469303
11.2125435
10.774608
10.013535
10.447219
9.575599
10.119829
10.664061
10.336672
9.898736
10.230376
10.013535
9.9029875
9.358756
9.686145
9.686145
8.925072
10.234629
8.818777
10.234629
8.70823
9.3630085
10.017787
8.601935
8.929324
9.3630085
9.035619
10.124082
9.686145
10.013535
10.230376
9.9029875
10.5535145
9.9029875
10.336672
10.336672
11.208292
10.664061
10.119829
10.880902
10.009283
11.208292
9.792441
10.880902
10.774608
10.447219
10.230376
9.57985
10.340923
9.031367
8.703979
9.252461
10.995702
9.9029875
10.230376
10.340923
9.690397
9.9029875
8.814526
10.45147
10.557766
10.557766
9.686145
10.774608
11.318839
10.226125
10.774608
10.336672
10.880902
10.880902
9.9029875
9.796692
10.447219
9.469303
10.013535
10.77886
10.230376
8.925072
10.124082
9.57985
9.146166
9.3630085
9.57985
9.796692
8.925072
9.796692
10.013535
9.469303
10.995702
9.792441
9.575599
11.429386
10.336672
10.664061
12.296754
11.425134
10.442967
12.079912
10.880902
11.097745
10.230376
10.336672
9.24821
10.991449
10.336672
9.686145
9.796692
10.45147
9.57985
9.796692
10.234629
9.358756
10.447219
10.119829
10.336672
10.770356
11.208292
10.5535145
10.664061
12.186207
11.752523
12.186207
11.641976
11.097745
11.425134
12.075661
10.664061
10.664061
10.774608
10.664061
10.664061
9.686145
10.995702
10.668313
10.013535
10.234629
11.101996
10.664061
10.340923
10.124082
10.340923
10.230376
10.45147
10.234629
11.101996
10.013535
10.668313
10.880902
10.880902
11.101996
11.535681
11.969365
11.858818
12.624144
12.296754
11.425134
10.880902
11.208292
10.880902
11.535681
11.318839
10.991449
11.318839
10.991449
9.9029875
10.668313
10.995702
9.57985
10.124082
10.557766
10.124082
10.668313
10.885155
11.318839
10.230376
11.101996
10.885155
10.447219
10.340923
10.230376
10.774608
12.190459
10.770356
11.752523
11.425134
12.296754
11.314588
10.880902
10.774608
10.991449
11.969365
10.664061
11.2125435
10.340923
10.774608
10.557766
11.2125435
10.340923
10.447219
9.9029875
10.668313
10.557766
10.664061
11.2125435
10.124082
10.668313
10.991449
10.774608
11.318839
11.314588
10.880902
12.624144
11.535681
11.097745
11.314588
11.101996
10.774608
10.774608
10.119829
11.646228
10.991449
11.318839
10.774608
11.2125435
10.885155
10.557766
9.907239
10.124082
10.668313
10.124082
10.340923
9.800944
10.562017
9.9029875
10.124082
11.2125435
11.535681
10.013535
11.101996
10.668313
10.885155
10.885155
10.45147
10.889407
10.124082
9.473556
10.017787
10.345176
9.690397
10.6725645
9.800944
9.911491
9.911491
10.017787
10.455723
10.23888
10.234629
9.473556
9.039871
9.584103
10.128334
9.690397
9.800944
9.584103
9.911491
10.345176
9.690397
9.146166
10.6725645
9.256713
9.146166
9.3630085
10.23888
10.128334
10.23888
8.929324
9.36726
9.911491
9.907239
9.800944
9.146166
10.128334
9.256713
10.017787
9.800944
8.385093
9.146166
9.690397
9.36726
9.800944
9.911491
9.584103
10.566269
10.23888
9.473556
10.45147
10.128334
9.36726
10.017787
9.690397
10.6725645
10.345176
9.911491
9.911491
10.455723
9.150418
9.039871
9.150418
10.0220375
9.36726
9.69465
8.389345
8.716734
9.805196
8.066207
8.933577
8.278798
8.933577
9.911491
10.128334
8.606187
9.805196
8.933577
9.260964
9.15467
9.69465
8.716734
9.260964
10.128334
9.150418
9.588354
9.805196
8.716734
8.061955
8.389345
8.389345
9.371511
8.389345
8.933577
8.389345
8.82728
9.371511
7.955661
8.393597
9.260964
7.8451138
9.150418
8.499891
9.044123
8.389345
8.82728
9.260964
9.260964
9.039871
9.805196
10.783112
9.911491
8.8230295
8.606187
9.477807
9.69465
9.69465
7.8451138
9.044123
10.128334
9.150418
9.477807
10.999953
9.584103
10.455723
10.128334
8.278798
9.477807
10.566269
9.584103
10.0220375
9.150418
9.911491
9.911491
9.260964
9.69465
9.911491
10.0220375
9.36726
10.128334
9.805196
10.017787
9.800944
9.039871
9.584103
9.36726
9.690397
9.473556
9.473556
9.584103
9.36726
9.800944
10.345176
9.69465
10.128334
9.584103
11.327342
9.69465
9.039871
9.800944
9.911491
9.473556
11.433638
9.256713
9.256713
9.584103
9.911491
9.800944
9.36726
9.256713
10.6725645
9.584103
10.23888
9.256713
10.345176
10.345176
10.455723
10.128334
10.0220375
10.017787
10.128334
9.911491
9.796692
9.690397
10.562017
9.146166
9.907239
9.690397
10.455723
10.017787
9.907239
10.999953
10.77886
10.017787
10.889407
9.57985
10.017787
10.557766
10.234629
11.2125435
9.796692
10.668313
11.323091
11.318839
10.995702
10.995702
10.124082
10.234629
11.429386
10.885155
11.2125435
11.429386
10.885155
10.664061
11.429386
10.664061
11.101996
12.407301
11.752523
10.991449
12.296754
11.8630705
12.407301
10.991449
11.429386
11.425134
11.969365
13.057828
12.836734
11.969365
11.969365
12.403049
12.407301
11.858818
12.079912
12.079912
12.403049
12.513597
11.969365
12.186207
11.858818
11.8630705
11.8630705
11.425134
10.987199
12.079912
12.186207
11.204041
12.513597
11.641976
12.079912
13.495763
13.164123
12.186207
13.057828
12.726187
13.053576
13.602058
12.509345
12.726187
12.075661
12.840985
12.947281
12.292503
12.947281
13.491511
12.292503
12.292503
12.075661
13.602058
13.053576
13.164123
13.053576
12.947281
12.619891
12.509345
12.947281
12.398798
12.943029
13.925196
13.159871
13.270417
14.137786
13.5935545
13.925196
12.943029
13.708355
12.61564
13.159871
13.597807
13.266166
12.938777
13.814649
13.159871
13.925196
14.142038
13.925196
14.031491
13.704102
13.704102
13.266166
13.049324
14.142038
13.810397
13.48726
14.792564
14.792564
14.575723
13.810397
14.137786
15.009407
14.465176
13.920944
13.810397
14.031491
13.5935545
14.792564
13.266166
14.137786
14.031491
14.792564
12.943029
13.704102
13.159871
13.270417
13.376713
13.704102
14.792564
13.5935545
13.5935545
14.031491
13.704102
14.682017
13.810397
14.575723
14.02724
14.2440815
14.788313
14.788313
14.354629
15.226248
13.916693
15.336795
14.354629
13.266166
13.920944
14.354629
13.5935545
13.704102
13.920944
13.053576
13.049324
13.925196
14.031491
13.920944
14.682017
13.920944
14.682017
14.57147
13.916693
14.788313
14.788313
15.005156
14.02724
13.916693
14.792564
15.005156
13.916693
13.916693
15.119954
14.89886
14.682017
14.2440815
14.02724
14.02724
14.2440815
14.792564
14.354629
13.810397
13.5935545
14.2440815
14.682017
14.133534
14.682017
13.806146
14.2440815
15.443091
14.133534
15.332544
15.115701
15.221997
14.133534
14.460924
15.655681
15.549385
14.350377
15.655681
15.115701
15.983071
15.000902
15.549385
15.332544
14.677766
14.23983
14.460924
14.788313
15.005156
14.784061
14.350377
14.677766
14.2440815
14.788313
15.009407
15.005156
14.788313
14.89886
15.005156
13.69985
14.682017
13.916693
13.69985
14.2440815
14.57147
14.354629
13.810397
14.788313
14.682017
14.57147
13.69985
14.354629
14.2440815
14.89886
13.5935545
13.920944
14.57147
14.682017
14.354629
13.483009
14.02724
14.354629
14.89886
13.69985
15.009407
13.483009
13.483009
13.920944
13.266166
12.721935
14.248333
13.704102
13.049324
14.792564
14.682017
13.810397
14.02724
13.5935545
13.266166
14.248333
13.5935545
12.721935
14.575723
14.465176
13.920944
13.5935545
14.354629
13.155619
13.5935545
13.920944
12.288251
13.053576
13.704102
12.943029
13.814649
13.159871
13.053576
12.398798
13.48726
12.509345
13.814649
13.920944
12.943029
12.836734
13.5935545
12.832482
13.270417
13.266166
12.832482
14.465176
13.049324
13.814649
13.049324
12.832482
12.726187
12.509345
13.053576
12.398798
13.057828
12.509345
11.858818
12.509345
12.836734
12.513597
11.310335
13.053576
12.947281
12.398798
12.619891
13.053576
13.159871
13.380964
12.509345
13.376713
13.708355
12.398798
12.509345
12.836734
12.836734
12.292503
13.164123
13.164123
12.836734
12.619891
11.641976
11.204041
11.314588
11.641976
11.858818
11.425134
11.208292
11.641976
11.752523
11.752523
12.619891
12.186207
11.535681
11.752523
11.314588
11.425134
11.858818
11.535681
12.296754
10.987199
11.425134
12.947281
12.075661
12.403049
11.641976
11.969365
11.097745
11.318839
11.8630705
11.535681
10.991449
11.208292
10.774608
10.557766
11.535681
10.991449
11.208292
10.664061
10.557766
10.230376
10.991449
10.45147
10.668313
10.340923
10.017787
10.45147
10.230376
9.796692
10.013535
10.774608
11.646228
11.101996
10.885155
10.885155
10.774608
10.774608
10.340923
10.995702
9.9029875
10.45147
10.340923
10.77886
10.128334
10.6725645
9.57985
9.690397
10.234629
10.455723
10.562017
9.035619
10.128334
9.800944
10.345176
9.911491
8.929324
9.800944
9.473556
9.473556
10.128334
10.128334
9.146166
9.256713
10.455723
9.584103
8.712482
10.455723
10.455723
8.929324
9.150418
10.23888
9.039871
10.23888
9.146166
9.039871
9.584103
9.800944
9.150418
9.260964
8.716734
8.1725025
8.499891
9.15467
8.061955
9.371511
9.150418
8.606187
9.36726
8.278798
9.260964
8.716734
8.499891
8.389345
7.8451138
8.1725025
8.716734
9.039871
8.606187
10.0220375
9.800944
9.477807
8.8230295
8.712482
8.499891
9.150418
9.911491
8.389345
9.800944
8.929324
9.584103
9.36726
9.150418
9.588354
9.477807
9.150418
8.716734
9.039871
8.499891
9.588354
8.389345
9.260964
8.929324
9.584103
9.039871
9.69465
9.473556
10.562017
9.36726
9.907239
10.017787
10.562017
8.601935
9.800944
10.6725645
10.345176
10.128334
10.345176
9.039871
9.473556
9.36726
9.477807
8.933577
10.23888
8.389345
9.915743
8.933577
9.260964
9.805196
10.128334
9.805196
9.911491
8.8230295
9.371511
8.389345
9.044123
8.933577
10.23888
10.893659
10.23888
9.69465
10.132585
9.150418
8.8230295
9.044123
9.805196
9.044123
9.044123
8.82728
9.044123
8.720985
9.15467
7.955661
8.1725025
8.606187
9.039871
9.36726
9.911491
9.256713
10.017787
9.690397
9.690397
11.2125435
11.8630705
12.186207
12.186207
12.947281
11.748272
12.296754
11.208292
10.557766
9.911491
9.584103
7.9599123
6.875702
5.243008
4.379892
4.0525026
4.490439
4.269345
5.24726
6.3357224
7.203091
8.070459
9.044123
10.23888
11.646228
13.168375
12.836734
13.708355
14.14629
12.619891
13.164123
13.925196
14.575723
13.164123
13.708355
12.186207
11.8630705
11.208292
9.800944
10.23888
9.256713
9.36726
8.061955
8.278798
8.385093
8.716734
8.716734
8.8230295
9.150418
9.584103
9.3630085
9.256713
9.256713
8.385093
9.256713
9.473556
9.907239
10.017787
11.756775
11.2125435
12.190459
11.535681
11.425134
12.296754
11.8630705
11.535681
12.301006
12.517848
11.867322
11.318839
12.411553
11.208292
12.407301
12.513597
11.425134
11.2125435
10.77886
9.3630085
9.36726
9.911491
8.82728
9.805196
10.132585
10.017787
10.128334
9.69465
9.584103
9.584103
10.017787
10.345176
10.23888
10.23888
11.2125435
10.557766
11.646228
10.447219
12.296754
12.186207
12.186207
12.836734
11.969365
11.969365
12.734691
11.752523
11.429386
11.539933
10.885155
11.323091
11.539933
11.973618
10.885155
10.45147
11.106249
10.6725645
10.128334
10.349427
10.23888
10.23888
10.45147
10.668313
12.301006
11.535681
12.407301
12.517848
10.880902
11.2125435
10.668313
10.668313
10.340923
11.216796
11.433638
9.690397
10.345176
11.429386
10.017787
11.323091
9.473556
10.455723
9.584103
10.889407
10.6725645
10.889407
10.45147
11.106249
11.65048
11.429386
10.885155
11.646228
12.296754
12.734691
11.8630705
11.101996
11.539933
11.2125435
11.106249
10.124082
10.124082
11.106249
10.45147
10.6725645
10.6725645
9.584103
10.455723
10.234629
9.800944
9.800944
10.345176
10.455723
9.584103
11.216796
10.562017
9.473556
10.889407
11.106249
9.796692
10.77886
10.234629
11.539933
11.318839
11.761026
11.323091
10.995702
10.77886
10.77886
10.562017
11.323091
10.885155
11.323091
11.101996
11.318839
11.429386
11.867322
10.340923
11.101996
11.2125435
11.429386
11.429386
12.407301
12.296754
12.407301
13.062079
13.274671
12.619891
13.274671
13.708355
12.075661
13.385218
13.057828
12.292503
13.491511
13.818902
13.380964
14.031491
13.708355
14.35888
14.248333
13.818902
13.057828
12.947281
12.951532
12.734691
12.951532
12.513597
13.389469
12.734691
11.8630705
11.756775
10.885155
10.885155
11.535681
12.296754
11.641976
12.292503
12.726187
13.159871
13.925196
14.682017
14.682017
15.226248
14.460924
15.226248
15.009407
14.248333
14.248333
15.119954
14.575723
13.814649
14.469427
13.708355
12.730438
13.602058
14.252585
13.491511
13.491511
12.840985
12.840985
11.756775
11.8630705
12.734691
12.517848
11.973618
11.973618
13.168375
12.186207
12.619891
13.053576
13.929449
13.602058
13.164123
13.597807
13.818902
13.380964
13.708355
13.164123
13.48726
14.68627
14.35888
14.579974
14.035743
11.752523
11.973618
11.8630705
10.774608
11.539933
12.301006
12.079912
12.296754
13.057828
12.186207
12.513597
12.292503
13.274671
14.256837
14.14629
14.14629
13.929449
13.380964
12.292503
13.274671
12.947281
13.491511
13.929449
13.057828
13.929449
13.602058
12.734691
12.730438
12.619891
13.602058
13.270417
14.031491
14.903111
14.031491
14.903111
14.792564
13.270417
13.274671
14.039994
12.296754
12.624144
12.624144
12.624144
12.624144
13.823153
12.947281
12.947281
13.274671
13.491511
14.14629
13.495763
13.708355
14.256837
14.903111
15.119954
15.341048
14.465176
14.252585
14.142038
15.119954
15.447342
14.469427
14.137786
14.469427
14.035743
13.814649
14.579974
13.708355
14.35888
14.469427
14.465176
14.248333
14.031491
15.119954
15.009407
14.142038
14.142038
14.68627
14.142038
14.575723
14.792564
14.792564
13.48726
14.796817
14.252585
12.947281
13.602058
14.031491
13.48726
15.009407
13.814649
14.248333
13.925196
12.730438
13.491511
12.296754
13.278922
12.513597
12.951532
12.301006
10.995702
10.999953
9.911491
9.800944
11.437889
11.65048
11.867322
11.761026
11.646228
11.646228
13.389469
13.057828
11.969365
13.495763
13.057828
12.730438
14.473679
13.814649
13.925196
14.473679
14.035743
13.057828
12.951532
12.730438
11.973618
12.407301
12.517848
12.734691
12.840985
12.190459
12.624144
11.8630705
12.411553
12.624144
11.8630705
13.385218
12.840985
14.14629
13.818902
13.712605
12.407301
12.186207
11.969365
13.062079
13.491511
13.385218
13.495763
12.513597
12.301006
11.756775
10.45147
10.999953
10.885155
11.867322
11.216796
11.539933
10.995702
11.216796
10.455723
10.562017
10.349427
10.562017
9.800944
10.783112
10.6725645
10.562017
10.455723
10.128334
11.1105
9.69465
10.128334
9.911491
10.562017
10.017787
10.23888
10.999953
9.911491
10.893659
9.260964
9.482059
9.915743
10.893659
10.999953
8.933577
9.588354
9.039871
10.243132
10.243132
9.588354
9.150418
9.915743
9.477807
8.716734
9.588354
10.349427
9.69465
10.132585
9.805196
9.805196
10.349427
9.698901
8.716734
8.393597
8.504144
9.915743
8.499891
9.698901
9.698901
9.915743
8.82728
10.570521
9.588354
9.044123
9.698901
10.353679
8.716734
9.15467
9.15467
9.588354
9.15467
8.610438
9.371511
9.371511
9.482059
8.28305
8.504144
9.482059
9.15467
8.066207
8.070459
7.74307
8.504144
8.725238
7.632523
9.048374
8.508395
8.94208
7.415681
6.87145
7.853617
8.397848
8.8315325
8.181006
8.720985
7.521976
8.94208
9.158921
8.176754
8.725238
8.393597
7.0882916
8.181006
8.725238
8.725238
8.070459
8.94208
7.74307
7.309386
8.2915535
7.309386
7.309386
6.6588597
6.114629
6.4420176
7.313638
6.3314705
7.096796
7.313638
7.5304804
5.7872396
6.5525646
6.2251754
6.2251754
7.096796
7.5304804
5.8977866
8.185258
6.114629
6.114629
7.857869
7.092544
6.5483127
7.096796
6.6588597
7.096796
5.5703974
6.8799534
6.2251754
6.986249
6.986249
7.5304804
7.203091
6.6588597
7.5304804
7.857869
7.5304804
6.875702
6.3314705
7.203091
6.875702
7.203091
7.207342
6.8799534
6.5525646
7.747322
7.309386
7.5304804
7.9641643
6.875702
7.636775
6.6588597
6.986249
6.875702
7.5304804
7.853617
7.747322
9.052627
8.070459
8.397848
8.070459
7.419933
7.203091
8.614691
8.181006
8.508395
8.070459
7.419933
8.397848
7.74307
8.181006
7.9641643
7.9641643
7.747322
7.853617
7.5304804
7.419933
7.313638
8.181006
7.309386
7.203091
7.747322
7.092544
7.6410265
7.853617
7.9641643
8.287301
7.309386
7.313638
7.5304804
7.203091
7.9641643
7.9641643
7.9641643
8.181006
7.636775
8.508395
7.9641643
8.508395
7.092544
7.853617
7.853617
7.636775
7.853617
7.853617
8.181006
7.853617
8.181006
8.618942
7.636775
8.181006
8.070459
7.9641643
8.070459
8.181006
7.853617
7.853617
8.508395
8.287301
8.181006
7.853617
8.508395
8.94208
8.176754
8.94208
7.9599123
7.526228
8.614691
8.8315325
8.614691
7.9599123
8.835785
7.853617
7.747322
8.181006
8.2915535
8.725238
7.853617
8.725238
8.397848
8.614691
8.4021
8.397848
8.397848
7.853617
7.857869
8.181006
7.747322
7.309386
8.181006
8.074712
7.636775
7.9641643
7.6410265
7.5304804
7.313638
7.6410265
8.2915535
6.765155
7.857869
7.203091
7.5304804
7.747322
6.986249
7.857869
7.857869
7.9641643
7.857869
7.313638
7.6410265
6.875702
8.4021
7.636775
6.875702
8.074712
7.419933
7.313638
7.857869
7.313638
7.313638
7.7515736
7.6410265
6.769407
6.5525646
6.008333
7.857869
6.3314705
7.6410265
7.5304804
6.5525646
7.4241843
6.5525646
6.986249
7.313638
8.185258
6.986249
7.747322
8.508395
7.203091
7.4241843
7.9641643
7.747322
8.074712
8.185258
7.857869
6.875702
8.185258
6.986249
6.6588597
7.857869
7.6410265
6.5525646
7.313638
8.074712
7.313638
7.096796
7.6410265
6.3357224
7.7515736
7.096796
6.769407
7.9684157
6.986249
7.5304804
8.185258
7.419933
6.769407
8.512647
6.986249
7.5304804
8.725238
8.2915535
7.857869
9.596858
8.835785
7.857869
8.618942
6.6588597
8.074712
7.419933
7.5304804
7.9641643
7.096796
7.6410265
7.5304804
7.5304804
8.2915535
8.181006
8.4021
7.9641643
7.419933
8.074712
8.2915535
7.9684157
8.074712
8.074712
7.419933
8.074712
8.2915535
6.981997
7.9641643
6.986249
8.078962
7.5304804
6.769407
7.096796
8.4021
6.986249
7.5304804
8.185258
7.092544
7.313638
8.074712
8.2915535
7.5304804
8.074712
8.074712
8.508395
7.747322
8.074712
7.857869
8.835785
8.074712
9.163173
7.747322
7.9641643
8.725238
8.835785
8.508395
8.074712
7.4241843
8.185258
7.313638
7.6410265
7.6410265
8.835785
8.181006
7.857869
8.4021
8.4021
7.747322
8.4021
8.2915535
8.2915535
8.618942
9.163173
9.380016
7.9641643
8.074712
9.269468
9.486311
8.725238
8.725238
9.158921
9.052627
8.94208
9.158921
9.048374
8.94208
9.269468
9.596858
8.94208
8.181006
8.835785
8.4021
8.185258
8.512647
7.6410265
7.9641643
7.857869
9.163173
8.181006
7.747322
7.419933
8.2915535
8.618942
8.074712
8.835785
8.835785
9.269468
9.8137
9.375764
9.158921
9.486311
9.158921
8.397848
8.725238
9.375764
9.375764
9.158921
9.158921
9.269468
9.052627
8.508395
8.725238
8.074712
8.725238
9.052627
8.618942
8.2915535
7.9641643
8.4021
8.835785
8.181006
8.2915535
8.074712
9.596858
9.592606
9.048374
9.486311
9.703153
9.809448
9.486311
10.243132
9.265217
10.02629
9.698901
8.720985
8.94208
8.94208
8.94208
8.508395
8.508395
8.614691
9.052627
9.158921
8.181006
8.2915535
8.2915535
8.618942
8.508395
8.4021
7.9641643
8.725238
8.94208
8.614691
8.835785
8.94208
8.614691
8.835785
9.486311
8.614691
8.94208
9.163173
9.486311
8.508395
8.725238
8.181006
7.9641643
8.2915535
8.074712
8.2915535
8.074712
7.5304804
7.6410265
7.857869
7.6410265
7.747322
7.5304804
8.512647
8.618942
7.857869
8.2915535
8.185258
8.074712
7.857869
7.857869
8.185258
8.4021
7.747322
8.185258
7.747322
7.853617
8.2915535
8.074712
7.747322
7.5304804
7.096796
8.074712
7.313638
7.6410265
7.4241843
7.9684157
8.185258
7.9684157
6.5525646
7.4241843
8.185258
8.2915535
7.857869
7.857869
7.857869
7.9684157
7.207342
8.512647
8.185258
7.6410265
8.4021
8.2915535
8.4021
8.618942
7.747322
8.074712
7.9684157
7.313638
8.185258
9.056878
7.5304804
7.6410265
7.857869
7.857869
8.185258
6.8799534
8.295805
7.6410265
7.9684157
7.7515736
7.5347314
6.7736583
7.6410265
8.078962
7.207342
7.6410265
8.4021
7.7515736
7.4241843
7.9684157
7.7515736
6.986249
6.8799534
8.295805
7.7515736
7.096796
7.4241843
7.4241843
7.7515736
7.4241843
7.7515736
6.7736583
6.9905005
7.8621206
6.9905005
6.663111
6.1188803
7.8621206
6.8799534
6.9905005
7.317889
7.4241843
7.5347314
6.9905005
7.4241843
7.4241843
7.207342
7.5347314
6.663111
7.207342
7.6452785
7.4241843
7.7515736
7.096796
7.9684157
7.207342
7.4241843
6.663111
6.9905005
6.012585
7.6452785
6.7736583
7.1010475
7.4284363
6.7736583
6.7736583
6.8842053
7.4284363
6.123132
6.450521
6.667363
6.123132
6.556816
6.450521
6.123132
6.012585
6.556816
7.1010475
6.9905005
6.9905005
7.6452785
6.7736583
6.667363
6.556816
6.450521
6.2294273
6.667363
6.667363
6.667363
6.123132
5.689448
6.2336793
6.016837
5.689448
5.689448
5.6937
4.4946904
6.016837
5.2557635
5.3663106
5.038922
5.4726057
5.3663106
5.799995
6.016837
5.1452165
5.689448
4.928375
4.4946904
5.4726057
5.4726057
4.4946904
5.9105415
5.799995
5.4768577
5.038922
5.2557635
5.2557635
5.038922
5.4768577
4.3883953
3.6273217
5.2600155
3.6273217
4.9326262
4.4989424
3.954711
4.6094894
4.2821
3.5210268
4.9326262
4.2821
3.4104798
4.4989424
4.3883953
4.6094894
4.0610065
4.4989424
4.065258
3.4104798
4.2821
5.2600155
4.0610065
4.605237
4.826331
3.954711
4.171553
3.848416
4.936878
4.065258
3.954711
3.954711
4.065258
2.8662488
4.6094894
3.3041847
4.1758046
3.5210268
2.8705006
2.5431116
3.848416
3.1978896
3.0873425
3.848416
3.1936376
3.848416
4.065258
3.954711
3.848416
3.5210268
3.414732
3.5210268
3.0873425
3.0873425
4.6094894
2.7599535
3.414732
2.8705006
2.6536584
3.631574
2.6536584
2.1094272
2.9810476
2.7642052
3.5252786
2.2199743
2.7642052
1.6757431
2.6536584
1.7862899
2.330521
2.1136792
2.65791
1.4589009
2.4368165
1.2420589
2.65791
1.2420589
1.2420589
1.5694479
2.5473633
1.1357636
1.7862899
2.003132
1.2420589
2.8747523
1.896837
0.7020795
1.3526058
1.1357636
1.2463106
1.7905419
1.2463106
1.2463106
1.6799948
0.48523736
0.8126264
0.9189216
0.26839525
1.0294685
0.5957843
1.2463106
0.8126264
1.3568575
-0.058993805
0.37894222
0.37894222
-1.2537513
0.05155315
0.9231734
-0.38213107
-0.16528895
0.1621001
0.05155315
-0.59897316
-0.38213107
-0.27158412
-0.16103715
-0.38213107
0.1621001
-0.054742
-0.70952016
-0.054742
-0.054742
-0.59897316
-0.4884262
-0.27158412
0.055804953
-0.59897316
-0.27158412
0.055804953
-1.4663416
-1.6874356
-1.2537513
-0.7052683
-1.7937305
-0.81581527
-1.4663416
-2.010573
-1.1389525
-1.9000257
-1.5726367
-1.7894788
-2.116868
-1.5726367
-1.7894788
-2.444257
-1.6831837
-1.1389525
-2.33371
-1.5726367
-2.006321
-3.0947833
-2.33371
-1.0284055
-2.771646
-2.661099
-1.5726367
-1.3557947
-1.2452477
-1.6831837
-1.6831837
-1.5726367
-2.2274148
-2.2274148
-1.9000257
-2.006321
-2.33371
-1.4620898
-2.116868
-2.5505521
-1.678932
-2.116868
-1.9000257
-2.33371
-1.2452477
-2.8779414
-1.4620898
-2.5505521
-3.0947833
-2.006321
-2.006321
-2.771646
-2.444257
-0.8115635
-2.444257
-1.6831837
-1.6831837
-2.116868
-1.7894788
-1.9000257
-1.3557947
-1.2452477
-1.3557947
-1.3557947
-0.9221104
-1.5726367
-1.3557947
-0.8115635
-1.9000257
-1.3557947
-1.5726367
-1.6831837
-1.6831837
-1.0284055
-1.1389525
-1.4663416
-0.7052683
-1.1389525
-1.4663416
-1.0326574
-1.1389525
-1.4663416
-0.81581527
-0.8115635
-1.6831837
-1.2494994
-1.0326574
-0.16103715
-0.4884262
-0.16528895
0.055804953
-0.38213107
-0.38213107
-0.054742
-0.59897316
0.1621001
0.4894892
-0.27158412
-0.38213107
-0.27158412
0.1621001
0.055804953
-0.27158412
0.1621001
-0.054742
-0.2758359
0.27264705
-0.4884262
-1.0326574
-0.49267802
-0.054742
-0.38213107
0.05155315
0.055804953
-0.70952016
0.1621001
0.1621001
1.2505624
0.37894222
0.9231734
-0.16528895
0.8126264
0.9231734
0.26839525
1.7905419
0.5957843
0.9231734
1.2505624
0.26839525
-0.16528895
-0.058993805
0.1621001
1.0294685
0.48523736
-0.16528895
0.8126264
0.70633125
-0.2758359
1.0294685
0.8126264
0.9231734
1.0294685
0.7020795
1.0294685
1.5736997
1.0294685
1.2463106
0.59153247
1.6799948
1.3526058
1.6799948
1.0294685
1.3526058
0.1578483
0.48523736
0.5957843
1.2463106
0.48523736
0.3746904
1.7905419
0.8126264
1.0294685
0.7020795
1.2463106
0.37894222
0.8126264
0.8126264
1.1400155
1.0294685
1.4631528
1.2463106
1.1357636
2.65791
1.6799948
1.3526058
0.8083746
1.1357636
1.6799948
1.3526058
1.1357636
1.2463106
1.4631528
1.1357636
1.5694479
2.224226
1.7862899
1.0252168
1.6799948
0.7020795
0.1578483
0.9231734
1.2463106
-0.058993805
1.4631528
1.6799948
1.0252168
1.3526058
2.330521
1.5694479
1.2420589
1.1357636
2.65791
1.3526058
2.4410682
2.5473633
1.7862899
2.7642052
3.414732
3.1978896
2.6536584
3.414732
3.1978896
2.2199743
2.7642052
2.9810476
2.7642052
2.5473633
2.7642052
2.7642052
2.8705006
2.7642052
2.8705006
2.7642052
2.2199743
2.003132
2.5473633
2.003132
2.5473633
2.7642052
2.8705006
2.1094272
3.631574
3.414732
3.631574
4.1758046
3.414732
2.9767957
3.9589627
3.0873425
3.848416
3.7421207
3.3041847
2.7557018
3.848416
3.848416
3.848416
4.1758046
2.6494067
3.3041847
3.631574
3.7421207
2.5431116
3.631574
2.2199743
3.3041847
2.8705006
3.1978896
4.065258
2.9767957
3.3041847
3.631574
3.414732
3.5210268
3.9589627
3.631574
3.5210268
3.631574
4.6094894
3.4104798
4.065258
5.0431733
3.954711
3.954711
3.737869
3.848416
3.844164
3.954711
3.4104798
3.6273217
3.737869
3.0830908
3.6273217
5.0431733
3.3041847
3.737869
4.0610065
3.299933
4.4989424
4.3883953
3.954711
4.3883953
4.2778482
4.8220797
5.038922
4.7115326
5.3663106
4.3841434
5.1494684
4.9326262
5.2600155
4.9326262
5.583153
4.9326262
4.605237
5.038922
5.3663106
5.1494684
5.038922
5.1494684
4.4946904
4.7115326
4.3841434
5.583153
4.2778482
5.2557635
5.689448
4.8220797
5.038922
5.1452165
4.0610065
5.6937
4.7115326
4.167301
5.2557635
4.8220797
3.62307
4.4946904
5.1494684
3.9504592
5.038922
5.799995
5.1452165
5.1452165
6.2336793
5.1452165
5.0346694
5.90629
6.012585
6.123132
6.667363
6.2336793
6.667363
5.795743
5.90629
6.339974
6.7736583
6.5525646
7.4241843
6.5525646
7.5347314
6.9905005
7.4241843
7.096796
7.4241843
7.6410265
7.096796
7.096796
7.5304804
7.4241843
7.857869
6.8799534
6.8799534
8.185258
7.207342
8.295805
7.096796
8.078962
8.4021
7.313638
7.096796
8.074712
7.5304804
7.313638
7.747322
9.052627
8.618942
8.946331
7.747322
8.725238
9.052627
8.614691
8.181006
8.508395
9.052627
8.725238
8.835785
8.725238
8.725238
8.181006
8.94208
8.614691
8.397848
9.269468
9.592606
9.048374
9.158921
8.070459
9.703153
8.397848
8.070459
8.94208
9.158921
8.397848
8.8315325
8.614691
8.397848
9.703153
9.048374
9.158921
10.681068
11.004206
11.437889
13.168375
15.88528
16.637848
18.155743
17.390417
18.810522
17.938902
16.425257
13.925196
11.977869
9.809448
6.339974
3.6273217
2.003132
0.04730134
1.4631528
2.1136792
3.3041847
3.954711
5.2557635
6.450521
7.4241843
7.5304804
7.9641643
8.725238
9.592606
11.221047
13.495763
15.230501
19.027365
20.001026
20.974691
21.412626
20.434711
18.372585
15.553638
14.150541
10.676816
7.096796
5.90629
5.4726057
5.038922
6.667363
6.4462695
5.6851964
6.2294273
5.574649
7.6410265
8.835785
7.9599123
8.499891
11.216796
12.296754
13.164123
15.230501
15.664186
14.469427
14.363132
12.301006
11.327342
10.349427
9.158921
8.835785
8.835785
10.247384
8.725238
9.486311
9.269468
8.614691
10.02629
10.566269
11.216796
11.977869
11.433638
11.106249
11.654732
10.455723
10.349427
10.893659
11.437889
11.216796
10.999953
11.544185
8.504144
7.096796
5.251512
5.1452165
6.556816
7.6410265
8.618942
7.5304804
6.986249
8.397848
9.265217
10.353679
10.566269
11.216796
11.1105
11.765279
11.761026
11.65048
11.977869
11.756775
12.194712
11.973618
11.433638
10.566269
9.69465
9.805196
9.592606
10.136837
9.703153
7.526228
7.5304804
8.4021
6.114629
7.9684157
8.508395
8.397848
8.94208
8.720985
9.265217
10.136837
9.698901
9.15467
9.592606
9.588354
9.260964
10.136837
10.353679
8.066207
9.919995
8.94208
8.504144
8.720985
8.94208
9.048374
8.614691
8.614691
8.94208
7.9599123
8.614691
9.919995
8.610438
9.919995
9.482059
10.02629
10.02629
10.132585
10.0220375
9.265217
9.375764
8.504144
8.725238
8.835785
7.309386
8.2915535
8.725238
8.614691
7.9641643
8.074712
7.853617
7.309386
7.092544
8.4021
8.508395
8.287301
8.725238
8.070459
8.508395
8.508395
8.508395
8.287301
8.94208
8.94208
9.375764
9.486311
9.052627
7.092544
7.096796
7.096796
6.986249
7.747322
7.6410265
8.835785
6.769407
6.769407
7.096796
7.096796
7.096796
7.7515736
7.9684157
7.207342
6.4462695
6.5525646
5.902038
7.096796
7.096796
7.6410265
7.6410265
7.4241843
7.6410265
6.986249
7.6410265
7.7515736
6.8799534
7.313638
6.3357224
7.096796
7.7515736
7.9684157
7.207342
7.096796
8.185258
7.6410265
6.7736583
6.1273837
5.1494684
3.737869
2.8705006
0.910418
0.910418
2.9767957
2.3220174
2.5388596
1.6672394
1.5566925
1.8798298
5.030418
7.092544
9.15467
10.455723
10.128334
10.0220375
10.566269
11.544185
12.411553
11.871573
11.327342
9.486311
7.7515736
7.8621206
5.90629
6.016837
5.799995
3.954711
3.3041847
2.9767957
2.2114706
4.167301
5.140965
5.795743
4.1630497
3.2914293
5.795743
6.114629
7.309386
8.181006
6.2251754
6.986249
8.2915535
8.508395
8.2915535
8.4021
7.313638
6.8799534
7.313638
7.636775
7.096796
7.4284363
5.799995
4.2735963
5.3620586
5.251512
5.6851964
6.339974
6.339974
5.574649
7.747322
7.313638
6.2294273
6.5525646
6.8799534
5.902038
6.663111
6.9905005
7.4241843
7.7515736
6.1188803
5.468354
5.795743
5.689448
4.7115326
6.016837
4.605237
4.9326262
4.928375
4.167301
4.928375
4.056754
4.8220797
4.928375
4.924123
4.924123
6.2294273
6.663111
8.185258
8.2915535
7.096796
6.2294273
6.3357224
6.008333
6.663111
7.207342
7.1010475
4.4946904
3.299933
3.0830908
2.9767957
3.737869
3.1936376
3.3041847
4.715784
5.2557635
3.7336173
4.056754
5.3663106
5.583153
6.2294273
7.317889
6.4462695
7.5347314
6.9905005
6.4462695
7.317889
6.7736583
6.2294273
7.4241843
5.578901
4.928375
4.0610065
4.4989424
3.844164
4.3883953
5.583153
5.4726057
4.6009855
4.7115326
4.490439
4.4946904
4.928375
5.3620586
5.251512
5.799995
6.77791
6.339974
4.8178277
5.3620586
6.012585
4.6009855
5.468354
5.795743
6.123132
5.4726057
6.2336793
5.90629
5.90629
6.339974
6.450521
5.251512
6.8842053
6.339974
6.7736583
6.9905005
6.9905005
6.8842053
5.4726057
6.016837
4.7072806
5.2557635
5.2557635
5.689448
5.689448
5.578901
5.1452165
4.6009855
4.7115326
5.038922
4.928375
5.4726057
5.90629
5.3620586
6.667363
6.667363
5.795743
5.90629
5.3620586
5.6851964
5.90629
7.1010475
7.5347314
5.90629
5.578901
6.123132
6.339974
6.9905005
6.9905005
7.5347314
6.4462695
6.663111
6.339974
6.2294273
6.123132
6.450521
5.357807
6.339974
7.2115946
6.012585
6.339974
6.3442264
5.799995
5.90629
5.4726057
5.689448
6.012585
6.339974
5.90629
5.468354
5.90629
6.556816
7.8621206
6.1188803
7.8621206
6.450521
6.339974
6.7736583
7.4241843
6.9905005
6.663111
6.8842053
6.8842053
5.6851964
6.8842053
7.1010475
6.7736583
6.556816
5.90629
6.561068
5.689448
5.0346694
7.2115946
5.689448
5.3620586
5.689448
5.689448
5.3620586
6.012585
5.140965
6.339974
6.2294273
5.140965
6.012585
6.667363
6.556816
6.1188803
6.663111
6.4462695
6.4462695
6.663111
6.556816
6.339974
6.4462695
7.1010475
6.450521
5.578901
6.8842053
5.0346694
7.3221416
6.012585
5.251512
6.7736583
4.490439
5.689448
4.928375
4.3841434
5.799995
4.6009855
5.3620586
5.2557635
5.689448
5.578901
5.4726057
6.2336793
4.7115326
4.8178277
5.795743
4.7072806
6.016837
5.902038
6.556816
7.317889
6.123132
6.556816
5.140965
6.012585
5.689448
5.795743
6.7736583
6.4462695
6.7736583
5.902038
6.012585
5.689448
5.902038
5.902038
7.1010475
6.663111
6.9905005
6.1188803
7.5347314
5.791491
7.1010475
6.5525646
6.556816
7.313638
6.5525646
7.096796
6.663111
7.313638
6.8799534
7.7515736
7.096796
6.5525646
6.5525646
6.4420176
6.769407
5.8977866
7.096796
7.317889
7.207342
7.857869
7.5304804
6.3314705
7.857869
6.4420176
7.313638
7.9684157
7.7515736
7.4241843
7.6410265
6.769407
7.857869
7.9641643
8.074712
7.419933
8.074712
7.5304804
7.096796
7.6410265
7.313638
6.8799534
6.8799534
6.986249
6.4420176
7.6410265
6.769407
6.4420176
7.4241843
6.2251754
5.8977866
7.096796
7.203091
6.986249
7.096796
6.4420176
7.313638
6.986249
7.419933
8.508395
8.4021
7.096796
6.769407
6.769407
7.6410265
7.203091
8.2915535
7.747322
7.1988387
7.203091
6.986249
7.203091
7.5304804
7.857869
7.5304804
7.747322
6.875702
8.508395
8.181006
7.853617
7.636775
7.9641643
7.203091
6.986249
7.203091
7.309386
8.074712
8.2915535
7.747322
8.2915535
7.9641643
7.636775
7.419933
8.508395
8.720985
8.504144
9.158921
9.592606
7.9599123
9.486311
9.482059
8.937827
10.247384
9.915743
8.393597
8.720985
9.048374
8.287301
9.592606
9.375764
9.703153
10.353679
8.499891
8.393597
8.937827
8.610438
8.8315325
9.592606
8.287301
8.2915535
8.287301
8.8315325
8.287301
9.15467
9.265217
9.809448
8.82728
9.044123
9.915743
9.044123
8.610438
9.809448
8.82728
9.048374
9.371511
9.15467
8.720985
8.504144
6.981997
8.074712
8.181006
6.6588597
6.986249
7.747322
6.986249
7.9684157
7.419933
6.769407
9.052627
8.614691
8.8315325
9.158921
9.371511
8.176754
9.592606
9.048374
8.614691
8.504144
8.720985
8.614691
9.048374
8.066207
7.9599123
9.158921
7.74307
8.2915535
7.092544
8.074712
9.052627
6.6588597
6.986249
7.5304804
8.2915535
8.287301
8.070459
8.397848
9.048374
8.397848
8.397848
9.482059
8.82728
9.15467
8.504144
9.048374
7.415681
8.614691
8.508395
8.176754
8.287301
8.94208
7.632523
8.8315325
7.636775
8.181006
9.048374
7.636775
8.181006
7.853617
7.419933
7.309386
7.747322
7.857869
8.618942
7.636775
6.0040812
8.2915535
7.419933
6.769407
7.5304804
8.181006
8.4021
7.419933
8.508395
7.5304804
8.181006
8.614691
7.636775
8.074712
7.853617
7.9641643
8.618942
8.508395
7.526228
7.313638
6.986249
7.096796
6.5525646
6.4420176
6.769407
6.4420176
6.114629
7.4241843
7.203091
6.4420176
7.096796
7.4241843
7.5304804
6.8799534
7.096796
6.5525646
6.114629
6.986249
7.313638
6.769407
7.6410265
7.313638
7.6410265
6.769407
7.096796
6.8799534
7.313638
7.096796
7.6410265
7.207342
7.6410265
7.6410265
6.4420176
7.857869
6.986249
6.6588597
7.207342
6.8799534
6.6588597
7.4241843
8.185258
8.2915535
7.203091
7.203091
7.313638
6.986249
6.5525646
7.313638
7.857869
6.2251754
7.857869
7.313638
8.185258
7.9641643
6.986249
7.5304804
8.508395
7.419933
8.4021
8.181006
8.508395
7.857869
8.074712
6.6588597
7.4241843
6.6588597
6.8799534
8.185258
7.4241843
7.5304804
7.096796
7.096796
7.096796
6.8799534
6.8799534
7.6410265
7.313638
7.5304804
7.5304804
7.857869
7.5304804
7.6410265
7.096796
7.207342
7.207342
7.207342
6.9905005
5.902038
5.3620586
6.667363
6.123132
5.1452165
6.2336793
6.450521
5.578901
6.016837
6.2336793
4.8178277
5.90629
5.90629
6.012585
6.016837
6.012585
6.7736583
7.207342
7.1010475
7.317889
6.2294273
6.4462695
7.8621206
6.1188803
5.795743
5.795743
7.1010475
5.795743
6.556816
5.3620586
5.689448
5.4726057
5.1452165
6.2336793
5.4726057
6.016837
6.339974
5.795743
5.251512
6.339974
7.317889
6.012585
6.4462695
6.1188803
5.795743
6.77791
6.556816
7.4284363
6.2294273
6.012585
6.450521
5.90629
5.689448
6.123132
6.556816
5.90629
5.90629
5.3620586
5.799995
6.016837
6.2336793
6.016837
5.90629
5.689448
5.578901
5.578901
6.123132
6.667363
4.167301
4.605237
4.605237
4.0610065
4.8220797
4.6009855
4.167301
4.4946904
4.0610065
5.2600155
4.2778482
4.171553
4.3883953
4.4989424
3.4104798
4.2821
4.8220797
3.5167751
2.861997
3.0830908
3.848416
4.171553
3.5210268
2.8662488
2.8662488
3.414732
3.5210268
2.9767957
3.3041847
3.848416
3.1936376
3.4104798
2.5431116
3.3041847
3.0873425
2.7599535
2.3262694
2.8705006
2.8705006
2.2199743
2.6536584
2.3262694
1.6757431
2.5431116
3.3041847
2.6536584
2.3262694
2.6536584
2.6536584
2.5431116
3.1978896
2.6536584
3.414732
2.003132
2.2199743
2.3262694
2.1094272
2.4368165
2.3262694
2.7642052
2.4368165
2.6536584
2.4368165
2.003132
1.348354
1.4589009
2.1094272
1.6757431
2.1094272
1.237807
2.1094272
2.1136792
1.5694479
2.1136792
2.1094272
2.330521
2.003132
2.003132
1.3526058
1.4589009
2.330521
0.9189216
1.2420589
1.896837
1.6799948
2.2199743
2.4410682
1.7862899
1.5694479
2.1136792
1.6799948
0.8083746
1.6757431
2.003132
1.7862899
2.2199743
1.5694479
1.1357636
0.9189216
1.4631528
0.9189216
0.7020795
1.5736997
0.05155315
0.8126264
0.8126264
0.26839525
0.1621001
-0.16528895
-0.38213107
-0.16528895
0.5957843
0.48523736
1.3568575
-0.49692985
0.7020795
-0.38638288
-0.603225
0.48523736
0.1578483
1.4631528
1.4631528
1.1357636
0.7020795
1.2463106
1.0294685
0.7020795
0.7020795
0.3746904
1.4631528
0.26839525
-0.38638288
1.2463106
-0.38638288
0.1578483
0.26839525
0.37894222
-0.058993805
1.0294685
-0.38638288
1.0294685
0.1578483
0.26839525
1.1357636
1.6799948
0.8083746
1.896837
0.3704386
0.8083746
1.896837
1.0252168
2.003132
1.6757431
2.5473633
2.4368165
1.8925852
2.4368165
2.8705006
2.4368165
2.8705006
2.4368165
3.414732
2.9810476
2.9810476
2.3262694
3.1978896
1.9988803
2.8705006
2.1094272
2.4368165
1.6757431
2.9810476
1.7862899
2.2199743
2.003132
2.8705006
2.5431116
3.1936376
3.3041847
3.414732
3.414732
2.7599535
3.0873425
4.065258
3.5210268
3.1936376
3.954711
4.6094894
4.171553
5.0431733
5.0431733
3.6273217
3.954711
4.171553
3.4104798
3.954711
3.848416
3.3041847
3.848416
3.5210268
3.4104798
3.954711
4.2821
4.9326262
4.3883953
4.605237
4.605237
4.4946904
5.583153
5.2557635
5.038922
4.4946904
5.689448
5.583153
5.689448
6.3442264
6.339974
5.1452165
6.016837
6.2336793
5.251512
6.2336793
6.556816
6.556816
5.90629
6.8842053
5.902038
6.012585
6.4462695
7.207342
6.8799534
7.9684157
6.5525646
7.096796
7.7515736
7.5347314
6.8799534
6.986249
8.4021
8.725238
7.747322
8.4021
7.636775
7.419933
8.2915535
8.835785
7.9641643
8.397848
7.636775
8.508395
8.287301
8.725238
8.618942
8.725238
8.393597
8.94208
9.375764
9.048374
9.919995
9.486311
9.703153
9.265217
9.809448
10.681068
10.787363
9.698901
10.243132
9.805196
10.132585
10.566269
10.132585
10.89791
10.676816
11.331594
10.132585
9.588354
9.809448
9.698901
10.132585
9.698901
9.809448
10.459974
10.132585
9.260964
10.459974
10.676816
10.459974
10.132585
10.783112
9.477807
10.893659
11.1105
10.783112
11.1105
11.761026
11.216796
10.783112
11.433638
10.889407
11.216796
12.088415
10.889407
10.889407
10.999953
10.455723
11.327342
10.783112
11.544185
10.676816
11.004206
10.349427
10.566269
10.23888
10.455723
10.349427
10.132585
11.1105
10.783112
10.23888
11.871573
11.544185
11.1105
11.1105
11.433638
10.345176
10.999953
11.761026
11.106249
12.411553
11.65048
11.977869
11.216796
10.6725645
10.999953
10.999953
10.999953
11.327342
11.761026
11.327342
10.999953
11.977869
11.433638
11.323091
11.871573
11.871573
11.761026
10.566269
11.327342
10.889407
10.999953
11.871573
11.761026
11.216796
10.783112
11.433638
11.544185
11.544185
11.871573
11.65048
11.004206
10.783112
10.455723
10.783112
10.999953
11.327342
11.327342
10.999953
11.327342
10.23888
10.23888
10.676816
10.893659
9.915743
10.459974
10.02629
10.676816
10.676816
9.482059
9.482059
9.265217
7.74307
8.508395
8.181006
8.181006
8.397848
8.2915535
8.508395
8.508395
8.508395
7.5304804
8.074712
7.419933
6.6588597
7.4241843
7.313638
6.8799534
7.5347314
8.078962
7.207342
7.313638
7.207342
7.6410265
7.207342
6.663111
6.556816
6.556816
6.450521
6.7736583
5.578901
5.795743
5.795743
6.123132
5.1452165
5.4726057
5.799995
4.3841434
4.4946904
5.583153
4.928375
4.7115326
4.8220797
4.605237
4.605237
3.954711
4.0610065
2.9767957
2.7599535
3.5210268
3.737869
2.8705006
2.7599535
3.3041847
3.0873425
2.5431116
3.0873425
2.7599535
3.631574
3.414732
2.8705006
3.631574
3.0873425
2.4368165
2.6536584
1.7862899
2.2199743
1.8925852
1.7862899
2.003132
1.4589009
0.8083746
1.3568575
0.05155315
0.05155315
-0.59897316
-0.9263622
0.1621001
-0.16103715
-0.27158412
-0.81581527
-0.27158412
-0.81581527
-1.3600464
-0.27158412
-1.3600464
-0.59897316
-0.38213107
-0.81581527
-0.7052683
-0.59897316
-1.0326574
-1.2494994
-0.9263622
-1.0326574
-0.81581527
-0.7052683
-2.2274148
-2.444257
-1.2452477
-2.33371
-2.5505521
-2.223163
-2.767394
-2.767394
-2.4400053
-2.4400053
-3.2010784
-3.3116255
-2.112616
-3.4179204
-2.8736894
-3.0905313
-3.7453096
-2.8736894
-3.851605
-3.4179204
-2.9799845
-2.7631423
-3.5242157
-3.0905313
-2.6568472
-2.8736894
-2.0020692
-1.895774
-3.4179204
-2.6568472
-3.3073738
-3.5242157
-2.9799845
-3.0905313
-3.851605
-3.7410579
-3.5242157
-3.6347628
-3.851605
-4.502131
-3.6305108
-4.285289
-4.1747417
-4.2810373
-3.4136686
-4.068447
-3.9578998
-4.2810373
-4.1747417
-3.7410579
-4.502131
-4.1747417
-4.068447
-5.0463624
-4.068447
-3.4136686
-4.285289
-4.718973
-3.303122
-4.285289
-4.608426
-4.068447
-3.9578998
-3.8473527
-4.1747417
-4.718973
-5.0421104
-4.2810373
-4.9358153
-5.0421104
-4.8252683
-4.608426
-5.1526575
-5.2589526
-4.391584
-4.3873324
-5.369499
-5.1526575
-5.475795
-5.2589526
-5.369499
-5.1526575
-5.1484056
-5.1526575
-4.4978795
-4.1747417
-3.7368062
-4.608426
-4.064195
-4.8252683
-4.608426
-5.0421104
-4.8252683
-4.608426
-5.369499
-4.8252683
-4.608426
-4.391584
-3.4136686
-4.064195
-2.9757328
-3.7368062
-4.391584
-5.0421104
-4.9358153
-4.064195
-3.6305108
-3.6305108
-4.391584
-4.1747417
-3.4136686
-3.3073738
-3.1968267
-3.7410579
-3.7410579
-3.7410579
-3.4136686
-2.8694377
-3.0905313
-2.9799845
-2.6525953
-2.9799845
-3.0905313
-2.4400053
-2.223163
-1.678932
-2.33371
-1.895774
-1.4620898
-2.3294582
-2.9842362
-2.4400053
-2.006321
-1.4620898
-1.4620898
-0.2673323
-1.4663416
-1.6831837
-1.1389525
-0.5947214
-1.3557947
-1.1389525
-1.1389525
-0.8115635
-1.3557947
-0.9221104
-0.9221104
0.055804953
-0.16103715
-0.4884262
-0.27158412
-0.81581527
-0.81581527
-0.16103715
-0.7052683
-0.27158412
-0.37787926
-1.2494994
0.055804953
-0.16103715
-0.054742
-0.27158412
0.055804953
-0.9263622
-0.16528895
-0.054742
0.4894892
0.1621001
0.9231734
0.37894222
0.5957843
0.48523736
3.0958462
1.4631528
1.6799948
2.65791
1.896837
1.4631528
1.896837
1.896837
1.7905419
1.6799948
2.4410682
2.5516152
1.7862899
3.2021413
2.8747523
1.896837
2.224226
1.3526058
1.7862899
2.65791
2.330521
2.9810476
2.5473633
3.3084364
3.414732
3.3041847
4.1758046
4.1758046
2.7599535
3.414732
3.414732
4.1758046
3.9589627
3.631574
3.848416
4.2821
3.954711
4.065258
4.826331
4.065258
3.737869
4.720036
4.2821
3.631574
3.848416
4.6094894
4.065258
4.3926473
4.4989424
4.065258
4.171553
4.065258
3.737869
3.737869
4.065258
4.715784
4.715784
4.2821
4.2821
5.1537204
4.171553
4.4989424
4.605237
4.4989424
4.3883953
4.826331
4.4989424
5.0431733
5.6979513
5.1494684
4.9326262
5.4768577
5.4768577
4.8220797
5.1494684
5.6937
5.1494684
4.9326262
5.2600155
5.2600155
5.1494684
4.9326262
4.715784
4.9326262
4.2821
4.936878
3.631574
4.720036
3.631574
3.3041847
3.414732
3.5210268
3.3041847
4.1758046
4.2821
5.4768577
6.561068
7.4284363
7.857869
9.596858
10.02629
10.459974
10.459974
10.676816
9.265217
8.835785
8.508395
7.096796
6.7736583
6.450521
4.715784
2.4368165
-0.058993805
-0.4884262
-1.4620898
-2.9842362
-1.678932
0.27264705
2.4410682
4.2821
5.799995
8.078962
8.729489
6.769407
7.4241843
6.7736583
5.799995
6.561068
6.237931
6.454773
4.9326262
5.2600155
3.954711
3.737869
4.3926473
4.4989424
3.631574
4.06951
3.9589627
3.9632149
2.4410682
2.7642052
2.4368165
3.0873425
4.4989424
3.954711
3.737869
4.6094894
2.8662488
2.9767957
3.0915945
1.4631528
1.4631528
0.1578483
1.896837
2.4410682
3.414732
3.848416
3.848416
3.9589627
3.414732
2.4368165
2.330521
2.2199743
1.7862899
2.6536584
3.0873425
2.8705006
3.7421207
3.3041847
3.954711
4.171553
3.954711
3.737869
4.2821
3.3041847
4.503194
3.1978896
1.7862899
1.2463106
1.6799948
-0.058993805
0.9189216
1.7905419
1.5736997
0.48523736
1.0294685
1.5736997
0.7020795
0.48523736
0.48523736
1.1357636
1.4631528
2.1136792
2.9810476
3.1978896
2.330521
2.2199743
2.5473633
2.4410682
2.003132
2.2199743
1.896837
0.7020795
0.9189216
1.5694479
2.224226
1.4631528
0.9189216
1.4631528
1.3526058
0.9189216
1.3526058
0.48523736
1.3568575
-0.27158412
-0.81581527
0.70633125
0.70633125
1.0294685
1.5694479
1.1357636
1.0294685
0.7020795
1.3568575
0.05155315
0.1621001
-0.27158412
-0.16528895
-0.054742
0.27264705
-0.4884262
-0.38213107
-0.054742
-0.59897316
-0.81581527
-0.27158412
-0.054742
-0.16103715
-1.1432043
-0.59897316
-0.81581527
-1.2537513
-0.9263622
0.27264705
-0.27158412
0.05155315
-0.16528895
-0.81581527
-0.81581527
-0.27158412
-0.9221104
-1.0284055
-1.7937305
-0.27158412
-1.0326574
-0.7052683
-1.2494994
-0.59897316
-1.1389525
-1.2494994
-0.054742
0.27264705
-0.59897316
-1.2537513
-0.81581527
-0.9221104
-0.9221104
-0.9221104
-1.0326574
-0.27158412
-0.81581527
-0.59897316
-0.16103715
-0.38213107
-1.6874356
-1.0326574
-0.8115635
-1.3557947
-1.6831837
-0.9221104
-1.2494994
-0.59897316
-0.38213107
0.27264705
-0.59897316
-0.4884262
-0.4884262
-0.7052683
-0.27158412
-0.054742
0.27264705
-1.2494994
-0.7052683
0.1621001
-0.27158412
-0.59897316
-0.9263622
0.4894892
-0.054742
-1.1432043
-0.9263622
-0.4884262
-0.9263622
-0.054742
-0.16528895
-0.16528895
-0.38213107
-0.054742
0.055804953
-0.70952016
-0.49267802
1.4674045
0.8126264
0.8126264
0.4894892
0.37894222
0.1621001
-0.37787926
-0.16103715
-0.4841744
-0.91785866
-1.678932
-2.6568472
-2.3294582
-2.8736894
-3.7453096
-2.4400053
-2.33371
-1.7937305
-1.5768886
-0.054742
-0.603225
0.48523736
1.2420589
1.6757431
2.5473633
1.7862899
1.896837
1.2505624
0.1621001
-0.27158412
0.055804953
-1.2494994
-1.0326574
-2.006321
-3.7453096
-3.3073738
-3.2010784
-2.767394
-2.223163
-2.010573
0.16635191
-0.81581527
-0.38213107
0.055804953
0.37894222
0.37894222
0.5957843
0.8126264
1.4674045
0.37894222
0.81687826
0.37894222
-0.054742
0.37894222
-0.70952016
-0.4884262
-0.59897316
-0.4884262
0.4894892
0.27264705
-0.81581527
-0.81581527
-1.2494994
-0.4884262
0.27264705
-0.16528895
-0.38213107
0.8126264
0.26839525
-0.16528895
1.3568575
1.4631528
2.330521
2.330521
2.65791
1.6757431
2.7684572
2.330521
2.7642052
2.9852993
1.896837
1.6799948
0.7020795
0.26839525
1.1400155
-0.16528895
1.1400155
1.0294685
0.48523736
1.1357636
1.6799948
2.1136792
2.2199743
3.5252786
3.631574
3.737869
3.3041847
3.5252786
2.003132
1.896837
0.9189216
0.26839525
0.1621001
1.0294685
1.6799948
0.7020795
0.8126264
0.7020795
0.37894222
-0.2758359
0.9189216
0.9189216
1.4631528
2.1136792
2.330521
2.5473633
2.2199743
2.9810476
2.1094272
3.1978896
2.7642052
1.8925852
1.8925852
2.9810476
2.1136792
2.003132
2.65791
1.4631528
0.9189216
1.6799948
2.0073838
2.224226
1.5694479
1.3526058
0.8083746
1.6799948
1.6799948
1.6799948
0.8083746
1.7862899
1.3526058
2.1136792
2.6536584
2.5473633
3.414732
1.4589009
1.5694479
2.8747523
1.6757431
2.1094272
2.3262694
3.848416
2.6536584
2.2199743
2.8747523
2.5473633
2.8747523
1.6757431
2.6536584
2.003132
2.7642052
2.4368165
2.2199743
2.330521
3.6358256
2.9810476
2.7599535
3.414732
3.5210268
3.3041847
2.4368165
1.9988803
3.0873425
2.2157223
3.0873425
5.0431733
3.737869
3.299933
3.4104798
3.848416
3.3041847
2.5431116
2.1094272
1.0252168
0.59153247
0.8083746
0.69782764
1.2420589
2.330521
1.4589009
1.1315118
2.330521
0.91466975
2.4368165
2.3262694
3.414732
2.9767957
3.3041847
4.065258
3.848416
3.631574
4.065258
3.631574
2.7642052
2.9810476
2.4410682
1.4589009
2.1136792
0.58728075
1.5694479
1.2463106
0.26839525
-0.70952016
0.26839525
-0.058993805
0.26839525
0.70633125
-0.49267802
-0.7137719
0.8126264
0.9189216
0.9189216
2.1136792
0.48098555
2.5473633
2.5473633
2.7642052
2.003132
2.9810476
2.7642052
2.6536584
2.7599535
2.7599535
2.9767957
3.1978896
2.8705006
3.1978896
2.3262694
2.7642052
2.7642052
2.003132
2.5473633
2.9810476
1.6757431
2.2199743
2.2199743
1.6757431
1.0252168
2.1136792
2.5473633
1.1357636
2.4368165
1.5694479
1.0252168
2.4410682
2.330521
2.003132
2.330521
2.7642052
2.7642052
2.8705006
2.8705006
2.2199743
2.9810476
2.8747523
1.8925852
2.2199743
2.330521
1.7862899
2.003132
2.330521
1.896837
0.7020795
1.2463106
0.5957843
0.8126264
0.26839525
1.2463106
0.05155315
0.05155315
1.0294685
1.1400155
0.5957843
0.70633125
0.5957843
1.0294685
0.48523736
1.2463106
1.2463106
1.2463106
1.0294685
0.8126264
0.5957843
0.7020795
0.1578483
1.0252168
1.3526058
0.8083746
0.9189216
0.9189216
1.0294685
1.1400155
-0.38213107
0.37894222
0.37894222
-0.058993805
1.3568575
0.9231734
0.8126264
0.05155315
0.1621001
1.1400155
0.8126264
0.8126264
0.9189216
1.0294685
0.3746904
2.4410682
0.9189216
1.0294685
1.3526058
1.4631528
1.0252168
1.3526058
1.5694479
1.2463106
2.0073838
1.1357636
1.6799948
0.8126264
1.3526058
1.4631528
1.6799948
0.7020795
1.1357636
2.224226
0.9189216
1.4631528
2.1136792
1.4631528
1.6799948
1.1357636
1.5694479
1.6799948
1.896837
1.3526058
2.1136792
2.224226
1.5694479
2.1136792
2.5473633
1.896837
1.6799948
2.330521
1.3526058
2.1136792
2.4368165
2.5473633
2.4368165
2.2199743
3.0915945
2.4410682
2.1136792
1.5694479
1.6799948
1.7862899
1.0294685
1.3526058
2.1136792
2.5516152
1.3526058
1.3526058
1.896837
1.5736997
1.2463106
1.896837
2.1136792
1.5736997
2.224226
2.4368165
2.4368165
2.003132
2.7642052
2.8747523
2.2199743
2.330521
2.7642052
3.3084364
2.5473633
1.5694479
1.896837
1.5694479
0.8083746
1.7862899
2.65791
2.5473633
2.330521
1.5694479
1.7862899
1.7862899
1.7862899
1.5694479
2.1136792
2.5473633
1.6757431
2.9810476
2.7642052
2.2199743
1.8925852
2.9810476
2.4368165
2.9810476
3.7421207
3.1978896
3.0873425
2.5431116
3.9589627
3.414732
3.1978896
3.631574
4.3926473
3.631574
2.9767957
3.7421207
3.3041847
2.6536584
3.3084364
2.7642052
2.9810476
3.414732
2.9810476
2.8705006
3.414732
3.5210268
3.3041847
3.0873425
3.7421207
2.2199743
2.9810476
3.3084364
1.8925852
2.2199743
2.9810476
2.7642052
3.3084364
2.5473633
2.5473633
2.8747523
2.5473633
2.2199743
2.4368165
2.5473633
2.9810476
3.1978896
2.2199743
2.5431116
3.1978896
2.8705006
2.7642052
2.7642052
3.3084364
3.5252786
2.7642052
2.6536584
2.4368165
3.414732
2.9810476
3.631574
2.9810476
3.7421207
3.7421207
3.1978896
2.003132
2.330521
2.7642052
2.003132
2.1136792
2.5473633
2.7642052
2.2199743
1.6757431
2.7642052
3.0915945
2.4368165
2.9810476
3.631574
3.9589627
2.4368165
3.0873425
2.7642052
2.6536584
2.6536584
3.631574
3.8526678
3.0873425
2.8705006
3.3041847
3.9589627
3.1978896
3.1978896
2.8705006
3.0873425
2.9810476
3.9589627
3.7421207
2.9810476
2.6536584
3.1978896
3.1978896
2.5473633
2.4368165
3.5252786
2.003132
2.1094272
1.7862899
2.330521
2.8747523
2.224226
1.5694479
2.7642052
2.2199743
1.0252168
1.7862899
2.330521
2.5473633
2.1136792
1.7862899
2.330521
2.8747523
3.3084364
3.3084364
2.3262694
3.7421207
3.414732
2.2199743
2.8747523
2.003132
2.7642052
2.65791
2.7642052
2.330521
2.5473633
2.2199743
1.2420589
1.896837
2.1136792
0.3746904
0.26414344
1.4631528
1.0294685
0.7020795
0.59153247
1.7905419
1.7862899
1.3526058
1.0252168
1.6799948
1.7862899
2.8747523
2.003132
1.5694479
1.896837
2.330521
2.9852993
1.7862899
2.4410682
2.330521
2.5473633
3.4189837
2.4368165
2.9852993
2.330521
1.5694479
1.6799948
1.896837
1.7905419
1.2463106
1.5736997
1.896837
1.3568575
1.3526058
1.6799948
1.7905419
1.4631528
0.7020795
1.3526058
1.4631528
2.224226
1.5694479
1.3526058
1.4589009
2.1136792
1.5694479
2.224226
1.5694479
2.5516152
1.5694479
1.1357636
1.896837
2.0073838
1.5694479
2.0073838
1.5694479
2.7642052
2.2199743
2.003132
2.330521
2.330521
1.896837
1.3526058
1.5736997
1.896837
2.4410682
1.2420589
2.5473633
1.896837
1.896837
2.65791
2.224226
1.896837
2.5473633
2.1136792
2.1136792
2.4410682
1.5694479
1.1357636
2.3347728
2.0073838
1.896837
2.65791
2.8747523
1.7862899
2.003132
2.1136792
1.6799948
1.7905419
1.4631528
1.896837
1.1357636
1.5694479
2.1136792
1.5694479
1.4631528
0.8083746
1.896837
1.5736997
1.9010887
1.1357636
1.1357636
1.6799948
1.0252168
1.7862899
1.3526058
1.3526058
1.1357636
0.9189216
2.5516152
1.5694479
2.0073838
1.2463106
0.7020795
1.2463106
0.26839525
1.1400155
-0.058993805
0.7020795
0.9231734
0.48523736
0.1578483
0.37894222
0.37894222
0.5957843
0.5957843
0.26839525
0.7020795
0.5957843
1.5736997
1.6799948
0.48523736
1.5736997
0.26839525
0.3746904
0.5957843
0.48523736
0.26839525
0.1578483
1.0294685
1.0294685
0.48523736
0.8126264
0.48523736
-0.49267802
0.26839525
-0.59897316
0.37894222
-0.16528895
-0.2758359
-0.054742
-0.38213107
-0.16528895
0.26839525
0.5957843
0.5957843
0.1621001
0.5957843
0.05155315
0.26839525
0.8126264
-0.058993805
0.26839525
1.2463106
0.5957843
-0.058993805
0.26839525
0.9231734
-0.38213107
-0.49267802
-0.38213107
0.05155315
-0.38213107
-0.38213107
0.4894892
-0.59897316
-0.59897316
0.055804953
0.05155315
0.70633125
-0.27158412
-0.054742
-0.16528895
-0.38213107
-0.054742
-0.38213107
0.4894892
0.9231734
-0.054742
0.055804953
-0.70952016
-0.59897316
0.5957843
0.26839525
0.1621001
-0.38213107
0.37894222
-0.16528895
0.48523736
-0.16528895
-0.49267802
0.27264705
0.1621001
-0.49267802
-0.38213107
-0.49267802
-0.38213107
-0.70952016
-1.0369092
0.1621001
-0.27158412
-0.38213107
-0.27158412
-0.59897316
0.1621001
0.055804953
-0.16528895
0.70633125
0.1621001
0.8126264
0.9189216
0.1578483
-0.2758359
0.8126264
0.81687826
-0.59897316
-0.054742
-0.38213107
0.37894222
-0.2758359
0.48523736
0.37894222
0.26839525
0.5957843
0.37894222
0.1621001
-0.058993805
0.05155315
1.0294685
0.9231734
0.05155315
0.26839525
0.9231734
0.8126264
1.0294685
0.48523736
0.59153247
2.224226
0.59153247
0.8083746
1.4631528
0.37894222
0.48523736
0.8126264
1.7905419
0.59153247
1.3526058
1.3526058
1.6799948
0.48523736
0.7020795
1.2463106
1.2463106
0.48523736
1.5736997
1.0294685
0.9189216
2.224226
1.7905419
1.1357636
2.0073838
0.9189216
0.3746904
1.2463106
1.2463106
0.48523736
0.26839525
0.70633125
-0.054742
0.5957843
0.05155315
-0.603225
0.05155315
0.7020795
0.5957843
0.26839525
1.4631528
0.7020795
1.2463106
1.0294685
1.2463106
1.4631528
1.2463106
1.2463106
1.5736997
1.1357636
0.26839525
0.9231734
1.2463106
1.1400155
0.9189216
2.224226
0.8126264
0.7020795
1.5736997
1.4631528
0.1578483
1.0294685
0.7020795
1.7905419
1.2463106
0.7020795
1.1357636
1.896837
1.2463106
1.5736997
1.2463106
2.0073838
1.896837
2.0073838
2.224226
2.0073838
1.896837
1.2463106
0.1578483
1.2463106
1.0294685
1.0294685
0.1578483
1.1400155
1.3568575
1.0294685
0.1621001
0.26839525
1.4674045
0.5957843
0.8126264
0.9231734
0.5957843
1.6842467
0.8126264
0.37894222
0.5957843
0.9231734
1.3568575
0.37894222
1.0294685
0.4894892
-0.054742
0.1621001
0.1621001
-0.054742
0.1621001
0.1621001
0.1621001
0.055804953
-0.59897316
-0.27158412
-0.27158412
-0.7052683
-0.9221104
-0.7052683
0.055804953
-1.0326574
-0.4884262
-0.37787926
-0.5947214
-1.1389525
-1.4663416
-0.7052683
-1.5726367
-0.5947214
-0.9221104
-1.2494994
-1.4663416
-0.16103715
-0.16103715
-1.3557947
-1.4663416
-1.1389525
-2.006321
-1.6831837
-1.4620898
-2.33371
-1.4620898
-1.2452477
-1.9000257
-2.5505521
-1.3557947
-1.678932
-2.006321
-1.7894788
-1.7894788
-2.006321
-2.767394
-2.767394
-2.5505521
-1.895774
-2.767394
-1.4620898
-1.7894788
-1.1347008
-2.006321
-2.4400053
-2.223163
-1.3557947
-1.2452477
-2.006321
-2.33371
-1.2452477
-2.5505521
-2.223163
-2.8736894
-2.112616
-2.112616
-2.8736894
-2.9842362
-1.568385
-2.4400053
-3.0905313
-2.7631423
-3.6347628
-2.8736894
-2.7631423
-3.851605
-2.9799845
-2.5463004
-3.0905313
-2.8736894
-1.7852271
-2.4357533
-2.9799845
-3.3073738
-3.3073738
-3.7410579
-3.3073738
-3.9578998
-3.5242157
-2.9799845
-4.1747417
-3.7410579
-3.6305108
-4.4978795
-3.8473527
-4.068447
-4.1747417
-4.391584
-3.519964
-4.2810373
-5.0421104
-5.0421104
-4.064195
-4.714721
-5.0421104
-5.5863414
-5.1526575
-4.1704903
-5.475795
-5.0421104
-5.0421104
-5.692637
-5.475795
-4.3873324
-6.236868
-5.369499
-5.2589526
-5.692637
-5.2589526
-5.803184
-5.692637
-4.9315634
-5.0421104
-5.475795
-4.608426
-4.064195
-4.714721
-5.0421104
-4.2810373
-4.9315634
-5.5863414
-5.1526575
-5.803184
-5.803184
-5.1526575
-5.475795
-5.3652477
-5.2589526
-5.692637
-5.0421104
-3.8473527
-4.2810373
-4.9315634
-5.5863414
-5.0421104
-4.4978795
-5.369499
-4.4978795
-5.6968884
-4.1704903
-5.475795
-3.8473527
-4.4978795
-4.714721
-4.8252683
-4.8252683
-5.0421104
-4.9358153
-4.2810373
-5.0421104
-5.803184
-5.2589526
-5.2589526
-4.8252683
-4.714721
-4.714721
-5.5863414
-4.604174
-5.58209
-5.475795
-4.8210163
-5.1484056
-6.0200257
-5.1484056
-5.1484056
-5.0421104
-4.9315634
-4.9315634
-5.1484056
-5.58209
-5.475795
-4.4978795
-5.692637
-5.1484056
-5.0421104
-4.714721
-4.9315634
-4.8252683
-3.953648
-4.8252683
-5.2589526
-5.1526575
-4.4978795
-5.2589526
-4.9315634
-4.604174
-4.608426
-4.064195
-4.3873324
-5.5863414
-4.608426
-4.714721
-3.8473527
-4.064195
-4.391584
-3.8473527
-3.8473527
-3.7368062
-3.4136686
-3.1968267
-3.3073738
-2.5463004
-2.9799845
-3.6347628
-3.0905313
-2.7631423
-2.9799845
-2.0020692
-2.9799845
-2.0020692
-1.895774
-3.2010784
-2.112616
-1.7894788
-2.5505521
-1.7894788
-2.006321
-2.223163
-1.1389525
-1.678932
-2.006321
-1.7894788
-2.006321
-2.4400053
-0.91785866
-1.4620898
-1.2452477
-1.5726367
-1.1389525
-0.8115635
-1.2494994
-0.9221104
-1.1389525
-1.9000257
-1.4663416
-0.2673323
-0.37787926
0.27264705
0.055804953
-0.59897316
-0.27158412
-0.16528895
0.055804953
0.055804953
-0.7052683
-0.7052683
-0.054742
-0.27158412
-0.4884262
-0.37787926
-0.59897316
-0.27158412
-0.38213107
-0.38213107
0.27264705
0.27264705
0.1621001
-0.38213107
0.27264705
-0.27158412
-0.16528895
0.1621001
0.1621001
-0.16528895
0.4894892
0.9231734
0.5957843
-0.16528895
-0.59897316
0.4894892
-0.054742
0.48523736
1.1400155
0.8126264
1.3568575
0.3746904
1.3568575
0.48523736
1.2463106
0.9189216
1.2463106
1.1357636
1.896837
1.0294685
1.2463106
2.224226
0.7020795
1.4631528
1.6799948
1.896837
2.5473633
1.8925852
2.2199743
2.1136792
2.5516152
1.4631528
2.9852993
1.7862899
2.7642052
2.330521
2.2199743
3.5252786
2.5431116
2.6536584
3.3084364
2.9767957
2.9810476
2.2199743
2.8705006
3.3041847
2.4368165
3.848416
3.414732
3.414732
3.3041847
2.3262694
3.3041847
3.9589627
2.6536584
3.631574
4.06951
3.0873425
3.631574
3.5210268
4.1758046
3.737869
3.631574
3.3041847
3.631574
4.503194
2.8705006
3.9589627
3.631574
3.3041847
3.9589627
3.414732
2.7599535
3.7421207
2.9767957
3.0873425
2.8705006
3.414732
3.1978896
3.848416
3.414732
3.3041847
3.848416
3.848416
3.0873425
3.0873425
3.3041847
3.1936376
3.737869
3.4104798
3.5210268
3.3041847
3.954711
3.5210268
3.3041847
3.848416
3.4104798
4.065258
3.631574
3.5210268
4.065258
3.848416
2.7599535
3.5210268
3.631574
2.9767957
3.3041847
3.631574
4.065258
4.2821
4.065258
3.3041847
4.715784
4.2821
4.2821
4.3883953
3.844164
3.5210268
3.954711
3.737869
4.2821
4.715784
4.171553
4.3883953
3.954711
3.954711
4.9326262
4.171553
3.1936376
4.1758046
3.5210268
3.0830908
3.3041847
4.6094894
3.4104798
3.4104798
3.737869
2.9767957
3.1936376
3.3041847
3.5210268
4.2821
3.737869
3.1936376
4.4989424
4.2821
3.737869
3.737869
4.2821
3.5210268
5.2600155
4.171553
2.8662488
3.5210268
3.737869
3.4104798
3.3041847
4.6094894
3.3041847
3.5210268
4.1758046
2.8705006
3.631574
3.3041847
3.414732
2.7599535
2.8705006
3.414732
2.7599535
1.9988803
2.7642052
2.1094272
1.4589009
2.2199743
2.9810476
2.1094272
2.4368165
2.1094272
2.7642052
2.7599535
2.4368165
2.330521
1.6757431
2.4410682
1.6757431
2.4368165
2.330521
1.5694479
2.6536584
2.330521
1.3526058
1.6757431
1.896837
1.896837
1.4631528
1.7862899
1.5694479
1.2463106
1.1357636
1.1357636
1.7905419
0.8083746
1.5736997
0.9189216
0.59153247
0.04730134
0.9189216
1.4631528
0.7020795
1.1357636
1.6799948
0.59153247
0.59153247
1.0252168
2.0073838
0.59153247
1.2463106
1.4631528
0.48523736
-0.16528895
0.05155315
0.5957843
1.0294685
0.1621001
0.26839525
-0.16528895
-0.9263622
-0.058993805
0.05155315
-0.16528895
-0.27158412
-0.9263622
-0.054742
0.1621001
-0.8200671
-0.38213107
-0.16528895
-0.603225
-0.16528895
0.70633125
-0.27158412
0.05155315
-0.16528895
-0.054742
-1.1432043
-0.49267802
-0.27158412
-0.59897316
-1.1432043
0.37894222
-0.38213107
-0.8200671
0.9231734
0.055804953
-0.38213107
-0.38213107
-0.81581527
-0.054742
-0.70952016
-0.59897316
-0.59897316
-0.38213107
0.1621001
-0.2758359
1.3568575
0.8083746
2.8705006
3.1936376
3.1936376
3.954711
3.6273217
3.1936376
2.003132
-0.49267802
-1.9000257
-3.3073738
-4.4978795
-5.3652477
-5.9094787
-5.5863414
-3.851605
-3.3073738
-3.6347628
-3.9621515
-3.2010784
-3.0947833
-2.112616
-0.9221104
-0.16103715
1.0294685
1.7862899
3.1978896
1.7862899
2.2199743
1.3526058
0.8083746
-0.058993805
0.37894222
1.4631528
1.5736997
-0.058993805
-0.27158412
-1.2537513
-0.59897316
-0.5947214
-1.4663416
-1.5726367
-1.4663416
-1.4663416
-2.2274148
-2.116868
-2.771646
-1.9000257
-1.3600464
-1.0326574
-0.7052683
-0.70952016
-0.49267802
0.26839525
0.48523736
1.4631528
0.26839525
0.9189216
0.26839525
-0.16528895
0.48523736
0.48523736
-0.058993805
0.37894222
0.26839525
-0.16528895
0.5957843
1.1400155
-0.16528895
-0.59897316
-0.59897316
-0.054742
-0.38213107
-1.0326574
-0.7052683
-0.59897316
-0.9263622
-0.38213107
-0.27158412
-1.0326574
-1.1432043
-0.9221104
-1.2494994
-0.9221104
-0.37787926
-1.2494994
-0.27158412
0.055804953
-1.0326574
-1.4705935
0.5957843
-0.49267802
0.1578483
1.2463106
-0.2758359
-0.49267802
-0.70952016
-0.2758359
0.1621001
0.05155315
0.48523736
1.0294685
0.9189216
0.05155315
-0.16528895
-0.9263622
-0.70952016
0.1621001
0.26839525
0.37894222
-0.8200671
-0.49267802
-0.16528895
-1.1432043
-0.70952016
0.37894222
-0.81581527
-1.5811403
-0.054742
-0.38213107
-0.70952016
-0.16528895
0.1578483
-0.16954076
0.48523736
1.2463106
-0.058993805
0.48523736
1.2463106
0.48523736
0.1578483
0.9189216
0.26414344
1.2463106
1.1357636
1.5694479
1.896837
1.4631528
1.2420589
0.3746904
1.2463106
1.5694479
1.4631528
1.2420589
2.8747523
1.8925852
1.6757431
1.8925852
2.5473633
1.348354
1.8925852
2.5473633
1.8925852
2.7642052
1.565196
2.5431116
2.5431116
2.6536584
2.9810476
1.6757431
2.330521
2.4368165
2.003132
2.4368165
2.7642052
1.8925852
1.565196
2.003132
2.3262694
2.1094272
2.7642052
1.9988803
1.8925852
2.9810476
2.7642052
2.7599535
3.414732
3.631574
2.5431116
3.414732
2.8705006
0.910418
2.7642052
2.9810476
1.4589009
1.8925852
1.7820382
2.4368165
2.3262694
2.8705006
1.9988803
2.5431116
1.6714911
3.3041847
3.3041847
2.7599535
2.7599535
2.8662488
1.9988803
2.3262694
3.1978896
3.0873425
3.1978896
3.5210268
1.7777863
2.3262694
3.3041847
2.9767957
2.9767957
3.5210268
3.3041847
2.1051755
2.8705006
3.414732
3.414732
2.7642052
2.330521
0.9189216
1.2463106
-0.603225
-0.603225
1.1357636
-0.7137719
0.15359649
0.15359649
1.565196
1.8883334
2.9767957
2.6494067
3.299933
3.844164
4.3841434
5.689448
6.450521
6.016837
5.038922
3.848416
2.9810476
2.330521
2.1094272
2.2199743
2.1136792
1.2420589
-0.28008774
0.9189216
0.48523736
0.8083746
1.3526058
2.003132
2.4368165
1.348354
3.1978896
2.6536584
3.0873425
3.414732
2.4325645
3.5252786
2.5431116
3.3041847
3.737869
4.2821
3.0830908
3.6273217
4.0610065
3.6273217
2.6494067
2.8662488
3.4104798
3.3041847
1.6714911
1.2420589
-0.2758359
0.26839525
0.3746904
0.26839525
0.1578483
-0.16954076
1.6757431
0.910418
2.5431116
2.6494067
3.737869
3.954711
3.3041847
3.844164
4.9326262
4.171553
3.844164
3.954711
2.8662488
3.5252786
1.8925852
2.1136792
1.5694479
-0.16954076
-0.8200671
-0.058993805
0.8083746
1.4589009
1.2420589
1.6757431
1.7862899
1.896837
0.69782764
1.4589009
0.8041228
1.2420589
0.8083746
1.0252168
0.8083746
0.59153247
1.348354
1.348354
2.5473633
3.1978896
1.020965
2.9810476
3.631574
2.6494067
2.9767957
3.414732
2.7599535
3.414732
2.3262694
3.631574
4.1758046
3.631574
2.9767957
2.6536584
2.003132
1.4589009
1.9988803
1.565196
2.9810476
2.5473633
2.003132
1.348354
3.1978896
2.7599535
2.6536584
2.4368165
2.1094272
1.565196
2.1094272
2.6536584
1.8883334
3.1936376
2.7599535
2.8662488
4.2821
3.5210268
2.8662488
2.9767957
2.9767957
2.6494067
3.414732
2.6494067
3.5210268
2.9767957
3.414732
2.9767957
3.3041847
3.9589627
2.8705006
2.1094272
3.3041847
3.4104798
2.4325645
3.5210268
3.3041847
2.2157223
3.0873425
2.7599535
2.5431116
2.6536584
3.0873425
2.4368165
2.1094272
2.8705006
2.8705006
2.6536584
2.6536584
2.5431116
3.631574
2.6494067
3.631574
3.5210268
2.4325645
3.1978896
1.6757431
2.1094272
2.6536584
2.2199743
2.7642052
1.8925852
2.7599535
2.4368165
2.4368165
2.6536584
2.5473633
2.1094272
2.003132
1.8925852
2.8705006
2.9767957
2.5431116
3.3041847
2.8705006
2.1094272
2.6536584
2.1094272
2.6536584
2.8705006
2.3262694
2.2199743
2.4368165
1.348354
2.4368165
2.4368165
1.6757431
1.896837
2.003132
0.91466975
1.4589009
1.6757431
0.15359649
2.1136792
1.8925852
1.7862899
2.6536584
2.3262694
2.1094272
2.6536584
2.003132
1.8925852
2.4368165
2.4368165
1.348354
2.003132
2.330521
1.565196
1.6757431
1.1315118
1.1357636
0.3746904
0.8083746
-0.06324561
1.3526058
1.896837
0.69782764
1.1357636
0.69782764
1.0252168
1.896837
2.1136792
0.8083746
0.8083746
0.26414344
0.1578483
0.8083746
1.2420589
0.91466975
1.5694479
1.4631528
1.3526058
1.0252168
1.2420589
1.5694479
1.7862899
0.26414344
1.1357636
1.5694479
0.91466975
0.8083746
1.7862899
-0.17379257
0.26414344
0.26414344
1.2463106
-0.8200671
0.9189216
-0.058993805
0.26839525
0.7020795
0.9189216
-1.2580031
0.3746904
0.26839525
0.26839525
0.48523736
-0.930614
0.1578483
0.7020795
0.3746904
0.8126264
1.4631528
0.59153247
0.48523736
1.1357636
0.48523736
0.04730134
0.26839525
0.1578483
-1.1474562
-0.603225
0.7020795
-0.058993805
0.1578483
0.59153247
-0.49267802
-0.16954076
1.0294685
-0.49267802
-0.2758359
0.05155315
1.1400155
0.59153247
0.9189216
1.0252168
1.0252168
0.04730134
1.2463106
0.04730134
1.1357636
1.4631528
0.15359649
0.59153247
1.3526058
1.2420589
-0.06324561
0.26414344
1.5694479
1.3526058
0.04730134
0.69782764
0.69782764
1.2420589
1.2420589
1.1357636
0.8083746
0.48523736
-0.058993805
0.59153247
0.3746904
0.26414344
0.7020795
0.7020795
-0.603225
-0.28008774
0.7020795
1.0294685
0.05155315
0.3746904
1.3568575
0.48523736
0.48523736
0.1578483
0.3746904
-0.7137719
1.4631528
0.9189216
-0.6074768
0.05155315
0.3746904
-0.7137719
0.05155315
-0.058993805
-1.1474562
-0.2758359
0.26839525
0.9189216
-0.49692985
1.2463106
-0.058993805
-0.49267802
0.7020795
1.0294685
0.37894222
-0.603225
0.3746904
0.8126264
0.3746904
0.9189216
-0.16954076
0.3746904
0.3746904
-0.603225
-0.058993805
-0.38638288
-0.49267802
-1.0411611
0.7020795
-0.2758359
0.1578483
0.3746904
-0.70952016
0.5957843
0.26839525
-0.2758359
-1.1474562
0.70633125
-0.49267802
0.7020795
1.1357636
-0.16954076
0.9189216
1.4589009
0.7020795
1.4589009
2.7642052
0.48098555
1.2420589
1.3526058
1.0252168
0.8083746
-0.16954076
0.59153247
0.48098555
0.69782764
0.26414344
1.0252168
1.1357636
0.8083746
0.59153247
-0.16954076
0.1578483
1.1357636
0.69782764
0.8083746
1.1315118
0.25989163
1.1357636
1.4589009
1.020965
1.5694479
1.5694479
0.91466975
1.2420589
0.91466975
-0.17379257
0.8083746
2.003132
1.6757431
1.7820382
2.003132
2.003132
1.4589009
0.3704386
1.0252168
0.48098555
1.3526058
2.003132
0.3704386
0.15359649
0.3704386
0.25989163
1.1315118
2.2199743
0.8041228
1.7862899
1.7862899
1.0252168
1.2420589
1.5694479
0.8083746
0.8083746
0.15359649
2.003132
0.58728075
1.2420589
2.5473633
1.7862899
-0.17379257
1.5694479
1.4589009
0.58728075
1.7862899
1.4589009
0.48098555
1.2420589
0.25989163
1.0252168
1.2420589
0.04730134
0.48098555
0.48098555
1.1357636
0.15359649
1.0252168
0.26414344
1.2420589
1.0252168
0.3746904
0.26414344
0.59153247
0.59153247
-0.06324561
1.3526058
0.26414344
1.7862899
0.8041228
1.4589009
1.0252168
0.25989163
1.5694479
1.1315118
0.15359649
0.3704386
1.7862899
0.48098555
1.2420589
0.48098555
-0.6074768
0.48098555
1.5694479
0.26414344
-0.38638288
-0.2758359
0.8126264
-0.49267802
0.1578483
0.7020795
0.3746904
0.1578483
0.1578483
1.1357636
-0.38638288
0.26414344
-0.603225
0.1578483
-0.603225
-0.16954076
-0.603225
-1.4748453
0.26839525
-0.49692985
-0.930614
0.59153247
-0.8200671
-0.058993805
-0.2758359
0.1578483
0.26839525
0.1578483
-0.16954076
-0.058993805
0.04730134
-0.930614
0.26839525
-0.49267802
0.05155315
-0.2758359
-0.603225
-0.38638288
0.26839525
0.1621001
-0.49267802
-0.603225
0.05155315
0.5957843
-0.38638288
0.1578483
-0.38638288
-1.4748453
0.5957843
0.37894222
-0.8200671
-0.38213107
0.26839525
-0.603225
1.2463106
-0.8200671
0.59153247
0.1578483
0.7020795
-0.49267802
0.26839525
-1.3642982
0.05155315
0.05155315
-0.058993805
-1.1474562
-0.16528895
-0.38213107
-1.1432043
-0.70952016
-1.1432043
-1.0369092
-0.27158412
-1.2537513
-1.2537513
-0.38213107
-1.3642982
-0.70952016
0.05155315
-1.5811403
-0.8200671
-1.9085294
-0.49267802
-0.16528895
-0.8200671
-1.1474562
-1.0369092
-0.8200671
-1.2537513
-0.16528895
-1.1432043
-1.1432043
-1.0369092
-0.81581527
-0.9263622
-1.5768886
-1.3600464
-1.9042777
-2.2316666
-0.59897316
-1.9042777
-2.3422136
-0.38213107
-1.2537513
-0.38213107
-0.9263622
-1.1432043
-0.49267802
-1.5811403
-1.1432043
-0.38213107
-2.0148246
-0.4884262
-1.3600464
-1.0369092
-0.70952016
-1.2537513
-1.0326574
-0.7052683
-2.1211197
-2.010573
-2.2274148
-2.3379617
-1.4663416
-1.7937305
-2.5548038
-2.010573
-2.010573
-2.3379617
-2.010573
-2.2274148
-3.099035
-2.5548038
-1.6831837
-2.2316666
-2.1211197
-0.7052683
-1.7937305
-2.1211197
-2.99274
-2.2316666
-1.0326574
-1.4663416
-2.448509
-1.5768886
-2.010573
-2.5548038
-2.2316666
-1.2494994
-2.1211197
-1.6874356
-2.3379617
-1.3600464
-1.2494994
-2.3379617
-1.4663416
-2.665351
-2.3379617
-0.9221104
-1.9042777
-1.1432043
-1.1432043
-0.9263622
-1.4705935
-1.2537513
-1.7937305
-1.9042777
-2.1211197
-1.2494994
-1.6874356
-1.6874356
-1.1432043
-0.9263622
-0.70952016
-1.2537513
-0.38213107
-0.59897316
-0.8200671
-1.3642982
-0.70952016
-0.38213107
-1.0369092
-0.16528895
-0.59897316
-1.3642982
-1.0369092
-0.49267802
-1.2537513
-0.70952016
-0.49267802
-0.9263622
-0.70952016
-1.0369092
0.05155315
-0.49267802
-0.59897316
-1.0369092
-1.3642982
-0.2758359
-0.49692985
0.3746904
0.8126264
-0.49267802
-1.4748453
0.37894222
0.26839525
-0.603225
0.5957843
-0.8243188
-0.930614
0.26839525
-0.49267802
-1.2580031
0.5957843
-0.38638288
-0.16954076
0.7020795
0.04730134
-0.8243188
0.26414344
0.8083746
0.8083746
1.2420589
1.1357636
-0.49692985
0.59153247
0.69782764
0.15359649
1.0252168
0.3704386
0.15359649
1.3526058
0.48098555
-0.17379257
1.7862899
0.26414344
1.1357636
1.5694479
0.1578483
0.8083746
0.26414344
0.48523736
1.4589009
0.15359649
1.5694479
0.9189216
1.2420589
1.0252168
1.0252168
0.47673374
1.4589009
2.2199743
1.4589009
1.8925852
1.8925852
1.8925852
2.6536584
2.1094272
2.4368165
2.3262694
1.9988803
3.631574
1.4546491
2.5431116
2.1094272
0.47673374
2.2199743
2.1094272
1.565196
2.330521
2.7642052
1.1315118
2.3262694
2.5473633
1.565196
2.9810476
1.9988803
2.2157223
3.5210268
2.5431116
3.0873425
2.6494067
3.3041847
2.2157223
3.737869
2.9767957
3.0873425
3.737869
2.4325645
3.0873425
3.631574
1.7820382
2.2157223
3.3041847
3.631574
3.0873425
3.1936376
2.5431116
1.12726
2.4325645
2.3262694
1.3441021
2.5431116
3.0873425
1.6714911
2.5431116
3.3041847
2.6494067
2.6494067
2.8662488
2.3262694
2.7599535
3.1936376
2.6494067
3.414732
3.4104798
3.5210268
3.631574
2.5388596
2.4325645
3.5210268
2.8705006
2.9767957
3.631574
3.3041847
2.1051755
3.0873425
3.0873425
1.9988803
3.3041847
2.7599535
2.7599535
3.631574
3.3041847
1.7777863
3.0873425
2.7599535
2.1051755
2.7599535
2.6494067
2.7557018
3.5210268
2.6494067
2.4325645
2.9767957
2.4325645
2.9767957
3.1936376
3.4104798
2.6494067
3.5210268
3.4104798
2.9767957
3.631574
2.9767957
1.9946285
3.5210268
2.5388596
2.8662488
2.9767957
3.737869
1.9946285
3.4104798
3.1936376
3.299933
2.5388596
3.848416
3.3041847
2.9767957
2.8662488
2.5431116
3.3041847
3.1936376
2.8705006
2.4325645
2.3220174
2.3262694
3.0873425
1.8883334
2.2157223
3.1936376
2.7599535
1.8883334
2.9767957
2.7599535
2.5431116
2.6494067
3.414732
2.9767957
2.6494067
2.8662488
2.5431116
3.0830908
1.9988803
2.5431116
2.7599535
1.8925852
1.8925852
1.8883334
2.6536584
2.2199743
2.003132
0.48098555
1.1315118
1.565196
1.1315118
0.8041228
2.2199743
1.348354
1.348354
2.4368165
1.8925852
1.2420589
2.5473633
1.348354
2.003132
0.8041228
1.8925852
2.1094272
1.7820382
2.1094272
1.12726
1.6714911
2.4368165
1.6714911
0.58728075
1.5694479
0.91466975
1.348354
0.69782764
2.3262694
1.7820382
2.7599535
2.1051755
2.6494067
3.3041847
3.4104798
2.4283128
3.848416
2.8662488
2.7599535
1.9988803
0.8083746
-0.2758359
-1.5811403
-1.3642982
-0.59897316
-1.0369092
-0.2758359
-0.38213107
-0.058993805
1.1357636
1.1315118
0.8041228
2.8705006
3.631574
3.737869
3.0830908
4.0610065
3.5167751
4.9326262
3.844164
3.954711
4.715784
3.0830908
3.1936376
2.6494067
2.1094272
1.237807
1.5694479
0.48523736
0.26839525
-0.9263622
-0.49267802
-0.38638288
1.3526058
1.2420589
1.6714911
2.4325645
1.9946285
1.7777863
3.3041847
2.6494067
3.1978896
3.3041847
2.6494067
2.6494067
2.8662488
3.737869
3.954711
3.3041847
2.4325645
3.3041847
1.9988803
2.7599535
2.4368165
1.348354
1.0252168
0.48098555
2.7642052
2.3262694
2.5431116
3.5210268
2.7599535
1.9988803
2.6536584
1.9988803
2.4325645
2.5431116
2.4325645
2.5431116
3.631574
2.9767957
2.9767957
3.737869
2.5388596
2.6494067
3.5210268
2.6494067
3.737869
2.4325645
2.9767957
2.8705006
3.3041847
3.737869
3.3041847
3.1936376
3.5210268
3.4104798
3.5210268
2.3220174
3.0873425
3.1936376
2.3220174
3.3041847
3.737869
2.2157223
2.9767957
2.5431116
3.5210268
2.3220174
3.1936376
3.0830908
2.2114706
2.7599535
2.1051755
2.1051755
3.3041847
1.8883334
3.0873425
2.9767957
2.8662488
2.2157223
2.6494067
2.6494067
2.6494067
1.8883334
2.7599535
1.7820382
3.414732
1.8883334
2.4368165
1.565196
2.3262694
1.5609442
2.8705006
2.6494067
3.4104798
2.4325645
2.8705006
2.3220174
2.3220174
3.3041847
2.2157223
2.9767957
3.631574
3.5210268
2.5388596
3.299933
3.1936376
3.4104798
2.2114706
2.7599535
2.7599535
1.6714911
3.414732
1.9988803
3.5210268
1.4546491
2.9767957
2.3262694
2.3262694
1.6714911
2.9810476
2.4325645
1.6714911
2.8662488
2.3262694
2.8662488
2.7599535
2.5388596
4.065258
3.954711
3.0830908
2.2114706
1.8840815
2.8662488
3.1936376
1.6672394
2.5431116
3.5210268
2.1051755
3.631574
2.8662488
3.5210268
2.1051755
2.7599535
1.9988803
2.2157223
1.9988803
2.3262694
3.3041847
1.5609442
2.8705006
2.6494067
3.4104798
2.9767957
2.9767957
3.1936376
1.9946285
3.0830908
3.1936376
2.3220174
3.1936376
3.0873425
1.7777863
3.0873425
3.1936376
2.2157223
2.4325645
3.0873425
2.1051755
2.8662488
2.7557018
2.6494067
3.3041847
3.0873425
2.9767957
2.1051755
3.1936376
2.6494067
1.9988803
2.4368165
1.9988803
1.9988803
0.910418
2.2157223
1.4503974
1.0167131
2.3220174
2.4325645
2.2157223
2.5388596
2.8705006
2.4325645
1.6714911
3.0873425
1.8883334
2.1051755
1.565196
1.9988803
1.8925852
1.7820382
2.7599535
1.6714911
2.7599535
2.7599535
2.2157223
3.3041847
3.1936376
1.4546491
1.9988803
2.7599535
2.5431116
2.4368165
1.4546491
0.58728075
0.25989163
1.8925852
1.8925852
1.1315118
1.7820382
1.8925852
1.348354
1.565196
1.4546491
1.237807
2.7599535
1.4546491
1.020965
2.6536584
1.1315118
1.1315118
1.565196
2.3262694
0.47673374
0.91466975
1.348354
2.003132
0.8041228
0.3661868
1.348354
1.8883334
1.6757431
0.58728075
1.237807
1.7862899
2.003132
2.8705006
1.4589009
0.91466975
2.5473633
1.2420589
1.348354
2.1094272
2.5431116
1.4546491
1.7820382
2.9810476
1.237807
1.8925852
1.8925852
2.6536584
1.9988803
2.2199743
1.565196
1.9988803
1.348354
1.565196
2.1094272
2.1094272
1.6714911
2.4325645
1.6757431
1.9988803
2.2199743
1.0252168
1.7862899
0.91466975
2.1094272
1.4546491
1.9988803
1.6714911
2.5431116
3.0873425
2.4325645
2.2157223
2.9767957
2.4325645
2.7599535
3.4104798
2.8662488
2.9767957
2.2157223
2.8705006
2.5431116
1.6714911
2.1094272
2.5431116
0.91466975
1.6757431
1.4589009
1.348354
1.348354
1.9988803
2.7599535
2.8705006
2.2157223
3.7421207
2.2157223
1.8883334
2.5431116
2.4325645
2.2114706
2.3220174
2.4325645
2.9767957
3.0830908
2.3220174
2.3220174
2.8662488
2.3220174
2.2114706
2.1051755
2.1051755
2.5388596
2.5388596
3.1936376
2.4283128
3.0830908
3.1936376
3.5167751
2.861997
2.972544
3.406228
4.605237
3.7336173
3.189386
2.972544
2.972544
4.9326262
4.2778482
3.62307
4.7115326
3.9462075
4.3841434
4.3841434
3.8399122
5.2557635
4.928375
4.1630497
5.689448
5.140965
5.251512
4.7072806
4.5967336
6.339974
6.012585
6.2294273
5.357807
6.012585
4.924123
5.251512
4.5967336
4.8178277
5.251512
5.6851964
5.140965
5.90629
6.2294273
5.140965
5.902038
6.3357224
6.4462695
6.3357224
6.1188803
6.769407
6.4420176
7.096796
6.769407
6.6588597
6.769407
7.857869
7.419933
7.203091
7.857869
7.092544
6.6588597
7.313638
7.313638
6.87145
7.853617
7.419933
6.3314705
7.203091
7.419933
7.853617
8.2915535
7.9641643
7.636775
6.875702
7.747322
8.397848
8.937827
7.632523
7.9599123
8.504144
7.9599123
8.176754
8.8315325
9.592606
8.393597
8.937827
9.371511
8.937827
10.136837
9.805196
8.499891
9.371511
8.937827
9.482059
10.136837
9.15467
9.260964
10.02629
9.915743
8.82728
8.610438
9.698901
10.02629
9.588354
9.805196
8.716734
8.933577
9.371511
10.349427
10.349427
9.805196
10.0220375
9.477807
8.716734
10.676816
10.349427
9.150418
10.893659
10.455723
10.6725645
10.23888
10.23888
9.256713
9.911491
10.455723
10.0220375
10.566269
10.0220375
9.36726
9.260964
9.477807
10.349427
10.0220375
10.6725645
9.800944
10.566269
10.783112
9.69465
9.69465
10.783112
11.221047
10.017787
10.455723
11.327342
10.455723
9.911491
11.327342
10.23888
11.327342
10.999953
9.584103
9.911491
10.128334
11.1105
9.911491
10.999953
10.999953
10.783112
10.345176
10.893659
10.23888
11.327342
11.327342
10.566269
10.6725645
10.566269
10.566269
10.6725645
10.889407
10.562017
11.977869
11.539933
10.345176
10.455723
10.562017
10.017787
10.783112
11.327342
10.017787
10.893659
10.566269
10.234629
10.893659
9.805196
10.23888
11.1105
10.23888
10.349427
11.1105
10.566269
10.999953
10.345176
10.566269
10.566269
10.562017
10.6725645
11.437889
10.889407
10.23888
10.999953
11.106249
10.889407
11.1105
11.977869
11.433638
11.323091
11.323091
10.889407
11.106249
11.437889
10.455723
10.6725645
11.1105
10.349427
11.437889
10.676816
10.23888
11.1105
11.1105
10.783112
10.999953
11.221047
10.23888
11.437889
10.999953
10.893659
11.221047
10.999953
10.893659
11.327342
10.345176
10.6725645
11.977869
11.216796
10.77886
10.999953
10.676816
10.783112
10.893659
10.999953
10.999953
11.1105
10.999953
10.455723
10.566269
10.676816
10.459974
10.459974
10.23888
10.243132
9.588354
9.915743
9.477807
10.893659
11.327342
10.676816
10.455723
10.893659
10.132585
9.805196
10.132585
11.1105
10.787363
10.566269
11.221047
10.132585
10.787363
10.0220375
10.0220375
10.893659
10.893659
10.349427
10.132585
9.482059
10.02629
10.787363
11.004206
9.698901
10.459974
10.566269
9.15467
10.02629
10.570521
10.353679
8.94208
8.8315325
8.8315325
9.8137
8.8315325
8.4021
8.074712
7.5347314
8.078962
7.6410265
7.9641643
8.508395
7.9641643
7.9641643
7.5304804
8.185258
8.295805
9.596858
8.618942
8.835785
7.9641643
8.4021
8.835785
7.747322
8.618942
7.857869
8.295805
6.986249
7.4241843
7.6410265
7.5304804
8.185258
7.4241843
7.4241843
7.6410265
8.078962
7.313638
7.8621206
7.096796
7.313638
7.6410265
7.857869
7.857869
8.4021
8.074712
8.946331
8.94208
8.614691
10.136837
10.02629
9.919995
9.703153
10.136837
9.482059
10.136837
9.486311
9.265217
9.482059
8.614691
9.8137
9.158921
8.94208
8.614691
8.2915535
8.2915535
7.857869
8.4021
8.397848
8.074712
7.857869
7.096796
6.986249
7.4241843
6.769407
7.857869
8.2915535
7.857869
8.397848
8.725238
9.269468
8.725238
8.508395
8.508395
8.618942
9.158921
9.486311
9.158921
9.052627
8.725238
9.052627
8.94208
10.030542
9.375764
9.158921
8.835785
8.508395
7.6410265
8.074712
7.6410265
7.313638
7.096796
7.4241843
6.3357224
6.8799534
6.8799534
7.4241843
6.2294273
7.6410265
6.9905005
7.857869
8.4021
8.618942
7.747322
8.508395
8.725238
9.052627
9.8137
9.486311
8.94208
9.158921
9.592606
8.8315325
9.486311
9.265217
8.614691
10.030542
9.592606
8.94208
9.486311
9.158921
9.052627
8.94208
8.181006
9.269468
8.508395
8.508395
8.614691
7.747322
8.181006
8.725238
7.419933
8.835785
7.747322
7.203091
7.747322
8.2915535
7.853617
8.508395
8.287301
8.070459
8.397848
8.94208
9.048374
9.048374
9.052627
9.269468
8.614691
7.74307
9.158921
8.614691
8.504144
8.397848
9.269468
8.2915535
8.2915535
9.163173
7.9641643
8.4021
8.074712
7.5304804
7.6410265
8.4021
7.6410265
7.747322
7.747322
7.9641643
7.4241843
8.4021
7.313638
7.857869
8.729489
7.857869
7.636775
7.309386
7.747322
8.074712
8.2915535
8.2915535
7.747322
8.2915535
8.835785
8.614691
9.048374
8.725238
8.2915535
8.397848
8.725238
7.9641643
9.052627
8.94208
8.2915535
9.8137
7.9641643
8.181006
8.725238
7.526228
8.2915535
7.747322
7.636775
7.419933
8.4021
8.618942
8.508395
7.9641643
8.94208
8.2915535
8.2915535
7.853617
9.052627
8.508395
8.176754
8.614691
8.725238
7.853617
8.2915535
7.9641643
8.4021
7.313638
7.9684157
7.4241843
6.986249
7.9684157
8.074712
7.313638
7.6410265
7.419933
8.074712
7.747322
9.158921
8.287301
9.052627
8.94208
7.9641643
9.052627
8.835785
8.725238
8.508395
8.835785
7.526228
8.2915535
7.747322
6.5525646
7.6410265
7.4241843
6.8799534
8.295805
6.875702
7.313638
7.5304804
8.074712
7.096796
7.857869
8.618942
7.5304804
8.074712
7.747322
7.092544
7.747322
8.835785
8.725238
8.618942
8.8315325
7.636775
8.614691
9.703153
9.052627
9.596858
8.504144
9.052627
8.94208
9.486311
8.176754
8.94208
9.371511
8.287301
8.8315325
9.592606
8.8315325
9.919995
9.482059
8.287301
9.265217
8.937827
9.592606
9.482059
8.720985
9.809448
9.592606
9.15467
7.9599123
8.94208
9.919995
9.592606
9.592606
9.15467
9.048374
9.915743
9.375764
9.265217
10.681068
9.588354
10.459974
10.132585
10.676816
9.048374
9.592606
10.02629
8.720985
9.809448
9.588354
10.459974
9.809448
10.353679
10.02629
9.375764
9.919995
8.937827
9.703153
8.937827
8.614691
9.158921
8.504144
9.269468
9.375764
9.048374
9.048374
9.592606
8.937827
8.94208
9.482059
8.614691
8.94208
8.94208
7.853617
8.835785
8.287301
8.725238
8.614691
8.287301
9.158921
8.287301
8.508395
8.835785
8.614691
8.94208
9.486311
8.8315325
9.052627
9.048374
8.94208
9.486311
8.720985
7.853617
9.375764
9.048374
8.070459
9.703153
9.703153
7.9641643
9.596858
8.8315325
8.835785
8.070459
8.614691
8.070459
8.4021
8.397848
7.636775
8.508395
9.158921
7.636775
8.94208
9.265217
8.397848
10.030542
9.158921
8.725238
7.853617
8.397848
9.158921
7.309386
8.181006
8.181006
7.203091
9.163173
8.725238
7.747322
6.986249
8.2915535
8.508395
7.857869
8.618942
7.5304804
8.618942
7.203091
7.313638
7.6410265
6.986249
7.313638
8.295805
8.4021
7.857869
7.747322
7.096796
7.4241843
7.4241843
8.185258
8.185258
7.207342
7.9684157
7.857869
7.207342
7.9684157
7.207342
7.6410265
8.185258
7.096796
7.7515736
8.295805
7.4241843
7.207342
7.207342
7.096796
7.857869
7.9684157
7.096796
7.313638
6.4420176
8.078962
7.4241843
6.8799534
7.7515736
7.4241843
7.207342
7.313638
7.4241843
8.185258
7.6410265
7.207342
7.9684157
6.2294273
6.4462695
6.556816
6.663111
7.207342
7.096796
7.7515736
8.295805
7.207342
7.207342
8.078962
6.9905005
6.4462695
8.189509
7.317889
7.4241843
6.4462695
6.9905005
7.4284363
6.1188803
7.4284363
6.7736583
5.902038
7.317889
6.2294273
6.339974
5.90629
6.339974
5.689448
5.799995
5.038922
5.2557635
4.3883953
5.1494684
4.4946904
6.123132
5.583153
5.2557635
5.799995
4.8220797
4.3883953
3.844164
4.8220797
4.3883953
5.3663106
4.9326262
3.9504592
3.189386
4.4989424
4.605237
4.4989424
4.3883953
4.715784
3.844164
4.4989424
3.844164
4.9326262
4.2778482
4.2778482
4.9326262
4.3883953
5.038922
4.2778482
4.8220797
3.5167751
5.0431733
3.737869
3.737869
4.065258
3.737869
3.954711
4.171553
4.2821
4.2821
4.065258
4.0610065
4.9326262
4.715784
5.4768577
5.3663106
5.583153
5.799995
5.2557635
4.928375
5.3663106
5.6937
5.1494684
4.2778482
5.6937
4.171553
4.605237
3.954711
4.4989424
3.1936376
3.954711
3.954711
3.1936376
3.737869
4.605237
3.737869
2.6494067
3.414732
4.1758046
3.631574
4.2821
3.848416
4.3926473
2.9767957
4.065258
3.1936376
3.631574
4.2821
3.737869
4.2821
3.3041847
3.737869
3.631574
3.954711
3.737869
4.715784
4.4989424
3.844164
4.2821
3.737869
3.848416
2.6494067
3.848416
2.7599535
2.4325645
4.1758046
3.1936376
3.3041847
3.5210268
2.8705006
3.414732
4.065258
3.631574
3.737869
3.1936376
3.4104798
2.9767957
3.1936376
3.6273217
4.065258
4.065258
3.737869
3.5210268
3.848416
4.065258
3.848416
3.954711
3.6273217
3.299933
4.171553
3.848416
3.848416
3.848416
4.3883953
4.171553
3.5167751
4.8220797
5.0431733
3.406228
5.1494684
4.2778482
3.4104798
4.4989424
3.189386
3.1936376
3.848416
2.9767957
2.5388596
3.631574
2.9767957
3.3041847
3.848416
3.414732
2.7599535
4.065258
3.848416
3.5210268
3.954711
3.844164
3.4104798
3.9504592
4.3883953
4.7115326
4.7115326
4.2778482
5.583153
3.9504592
4.3883953
5.4768577
5.038922
4.605237
4.605237
4.605237
4.2821
4.0610065
3.6273217
4.065258
3.737869
3.0830908
3.5210268
3.6273217
3.6273217
3.4104798
3.5167751
4.3883953
4.9326262
3.299933
4.8220797
5.038922
4.2778482
5.2557635
5.2557635
4.928375
5.4726057
4.7115326
4.3841434
5.3663106
5.9105415
5.0346694
6.016837
5.2557635
4.928375
5.799995
5.038922
4.7115326
6.2336793
5.038922
5.1452165
5.583153
5.1452165
5.038922
5.583153
5.799995
5.1452165
5.799995
5.4726057
5.689448
5.689448
5.90629
4.6009855
5.038922
4.7115326
4.605237
5.2557635
5.583153
4.928375
4.8220797
5.038922
4.605237
4.605237
4.4989424
5.1494684
4.3883953
4.2821
5.4768577
5.038922
4.9326262
3.9504592
5.804247
4.171553
3.844164
4.9326262
5.799995
4.2735963
6.561068
5.1452165
4.3841434
5.2557635
4.3883953
4.0610065
5.1494684
5.1494684
3.6273217
5.3663106
4.0610065
3.844164
4.3883953
4.8220797
4.171553
5.4768577
3.7336173
4.171553
5.038922
4.928375
5.038922
5.1494684
4.0610065
4.4946904
5.2557635
4.4946904
4.4946904
6.454773
5.038922
4.2778482
5.2557635
5.1494684
4.2778482
5.799995
5.3663106
4.4946904
5.799995
4.8220797
5.2557635
4.2735963
5.038922
5.4768577
5.1494684
4.0610065
4.4946904
4.4946904
4.4989424
4.0610065
4.3883953
3.4104798
3.0830908
4.171553
3.299933
4.171553
4.3883953
4.605237
4.0610065
5.1494684
4.715784
4.3883953
4.928375
5.1494684
4.4946904
4.2778482
5.3663106
4.3841434
4.4946904
4.8220797
5.2557635
5.038922
4.3841434
4.605237
4.3883953
3.737869
4.715784
4.171553
3.4104798
4.2821
3.5167751
3.6273217
3.737869
3.954711
3.6273217
4.4989424
4.0610065
4.171553
5.1494684
4.0610065
5.1494684
5.4726057
5.583153
5.583153
5.1452165
4.7115326
4.4946904
5.4726057
6.1273837
4.4946904
4.9326262
5.4726057
4.056754
4.8220797
6.016837
5.1452165
4.6009855
4.6009855
6.016837
5.1452165
5.689448
5.4726057
5.2557635
4.167301
4.928375
5.689448
6.123132
5.3620586
5.90629
6.77791
4.490439
5.4726057
5.795743
5.0346694
4.928375
5.90629
6.450521
4.924123
6.450521
6.339974
6.4462695
6.556816
5.795743
6.339974
5.251512
5.578901
6.012585
6.556816
5.6851964
5.468354
6.450521
5.0346694
6.012585
5.3620586
5.578901
6.123132
6.339974
6.339974
7.1010475
6.2294273
5.795743
5.90629
6.012585
5.6851964
6.123132
6.7736583
5.795743
5.90629
5.3620586
6.556816
6.2294273
5.357807
6.450521
5.468354
5.2557635
5.4726057
5.0346694
5.1452165
5.1452165
5.689448
4.6009855
5.038922
4.8178277
5.4726057
5.799995
5.3620586
5.4726057
5.799995
5.90629
5.689448
5.3620586
6.123132
6.012585
5.689448
5.6851964
5.578901
5.795743
4.928375
5.4726057
5.1452165
4.7115326
5.4726057
5.2557635
4.056754
4.928375
4.8220797
5.578901
5.4726057
5.038922
5.689448
5.1452165
5.3620586
5.689448
5.578901
5.3620586
6.9947524
6.450521
5.3620586
6.339974
6.123132
4.924123
6.450521
6.450521
5.0346694
6.339974
5.90629
5.251512
6.556816
6.667363
5.3620586
5.90629
6.123132
6.123132
5.689448
5.689448
5.90629
6.2336793
5.2557635
5.4726057
5.689448
5.689448
5.357807
6.016837
6.2336793
6.8842053
6.339974
6.556816
6.339974
5.795743
5.1452165
6.667363
5.90629
5.90629
6.3442264
5.795743
5.4726057
5.689448
6.123132
4.8178277
5.4726057
5.90629
5.3620586
5.90629
6.012585
5.689448
5.4726057
4.7115326
4.7115326
4.167301
5.9105415
5.4726057
5.689448
5.3620586
5.90629
5.90629
5.90629
5.799995
6.123132
5.689448
5.90629
5.3620586
6.667363
5.689448
6.450521
6.667363
5.2557635
6.450521
6.339974
6.9947524
6.012585
5.689448
6.2336793
5.4726057
5.90629
5.3663106
5.6937
4.3883953
4.8220797
5.3663106
4.928375
6.1273837
5.9105415
5.799995
6.016837
6.016837
6.9947524
6.9905005
8.189509
8.512647
8.835785
10.357931
10.136837
10.570521
11.004206
11.327342
10.676816
11.004206
11.004206
8.508395
8.078962
5.689448
4.065258
2.6536584
1.2420589
1.5736997
0.9231734
1.1400155
0.37894222
1.4674045
1.0294685
1.0294685
2.8705006
3.9589627
5.689448
7.317889
9.707404
9.486311
10.89791
10.893659
11.221047
11.9821205
11.1105
11.654732
12.198963
11.221047
10.243132
8.725238
7.9684157
7.5347314
6.77791
5.038922
4.0610065
4.9326262
4.4989424
3.5210268
4.720036
4.1758046
3.414732
4.3883953
4.8220797
5.799995
6.9905005
7.6410265
8.725238
9.158921
9.703153
10.136837
10.353679
10.353679
11.114753
11.221047
10.570521
11.331594
10.89791
10.464226
9.596858
9.052627
8.512647
7.9684157
7.7515736
8.078962
8.295805
8.406352
8.406352
7.1010475
7.6452785
6.556816
7.8621206
8.078962
8.406352
7.6410265
8.4021
9.380016
9.052627
8.725238
10.030542
11.875826
11.437889
10.132585
11.221047
11.221047
11.221047
10.676816
11.548436
11.654732
11.871573
10.893659
10.676816
10.89791
11.442142
10.353679
10.459974
10.247384
8.725238
9.158921
10.030542
8.720985
9.809448
10.787363
9.809448
11.114753
10.893659
11.1105
11.548436
11.221047
10.566269
11.871573
11.871573
11.437889
11.871573
11.654732
12.305258
12.088415
11.1105
11.548436
11.761026
11.654732
10.676816
10.893659
10.459974
10.243132
11.004206
9.805196
11.221047
10.566269
11.331594
11.9821205
11.437889
11.437889
11.765279
11.544185
11.221047
11.9821205
12.632647
12.738942
13.283173
13.278922
13.278922
13.1726265
13.495763
13.389469
12.955785
13.716857
11.756775
12.5220995
12.088415
11.871573
12.305258
10.783112
11.437889
10.566269
10.459974
11.331594
10.893659
10.566269
11.437889
11.221047
11.216796
10.23888
10.893659
12.198963
11.544185
12.628395
13.827404
12.5220995
13.1726265
12.734691
12.194712
12.738942
12.955785
12.955785
13.500016
13.1726265
11.867322
12.411553
11.544185
11.437889
11.761026
10.566269
11.1105
11.437889
11.221047
10.566269
11.654732
11.221047
10.132585
11.1105
11.114753
9.805196
11.1105
10.893659
10.999953
11.437889
12.415805
11.977869
11.871573
11.327342
12.305258
12.305258
11.977869
12.415805
12.738942
12.088415
11.871573
12.305258
11.654732
11.654732
10.459974
9.703153
9.924246
9.269468
8.508395
8.508395
8.287301
6.875702
7.747322
9.265217
7.955661
9.260964
10.566269
10.999953
10.783112
11.437889
10.783112
10.893659
11.544185
11.327342
11.544185
11.871573
11.548436
11.114753
10.787363
10.676816
10.570521
10.353679
9.809448
10.570521
10.243132
9.265217
9.048374
9.703153
8.2915535
7.6410265
9.163173
7.7515736
8.185258
8.074712
7.6410265
7.5304804
8.729489
8.725238
9.703153
9.158921
9.486311
9.919995
9.809448
10.02629
10.787363
10.459974
10.459974
10.89791
9.375764
8.397848
8.618942
9.052627
7.747322
7.4241843
7.096796
8.078962
7.4241843
7.4241843
7.4241843
7.857869
7.857869
6.8799534
7.4241843
7.9684157
8.729489
8.835785
7.4241843
8.295805
7.6410265
7.5347314
8.295805
7.4241843
6.9905005
6.9905005
6.556816
6.667363
6.8799534
7.5347314
7.313638
6.769407
7.9684157
7.9684157
6.986249
8.4021
8.185258
7.313638
7.6410265
7.207342
7.207342
6.667363
5.1452165
4.167301
4.3883953
4.605237
3.0830908
4.605237
4.3883953
3.9504592
5.9105415
5.1452165
6.450521
6.4462695
6.556816
7.317889
7.096796
7.7515736
7.9684157
6.7736583
6.450521
6.556816
5.90629
5.038922
6.1273837
4.4946904
5.2600155
3.078839
3.954711
3.848416
3.954711
3.5210268
3.5210268
5.1494684
4.605237
4.0610065
5.2557635
5.1494684
4.8220797
5.799995
4.928375
4.605237
5.6937
4.605237
2.9767957
3.954711
3.844164
3.1936376
2.8662488
4.065258
3.954711
3.0830908
4.4989424
3.844164
3.7336173
4.2821
3.844164
3.189386
4.2821
5.583153
4.9326262
4.8220797
4.9326262
4.605237
4.4989424
3.1936376
3.954711
3.1936376
2.9767957
3.5210268
4.1758046
3.3041847
3.3041847
3.954711
3.737869
3.954711
4.3883953
4.171553
4.2778482
4.2778482
3.844164
4.171553
3.6273217
4.171553
4.3883953
3.4104798
3.5167751
5.1494684
4.3883953
3.4104798
3.6273217
3.954711
3.844164
3.3041847
3.299933
4.3883953
3.954711
4.3883953
5.2557635
4.605237
3.5167751
4.171553
4.0610065
3.5167751
5.6937
5.583153
4.928375
4.3841434
4.490439
5.038922
4.8220797
5.4726057
5.578901
5.0346694
4.8178277
6.123132
6.450521
5.578901
5.4726057
5.799995
4.924123
5.583153
5.4726057
5.3620586
5.3620586
4.6009855
5.4726057
4.6009855
4.379892
5.038922
5.689448
4.8178277
4.4946904
5.90629
6.450521
5.90629
5.3620586
6.016837
6.012585
5.578901
6.012585
6.012585
5.6851964
5.3620586
5.578901
6.012585
5.795743
6.2336793
6.8842053
5.574649
6.556816
6.012585
5.468354
5.3620586
5.578901
5.468354
5.468354
5.251512
5.90629
6.450521
5.795743
4.924123
5.6851964
4.924123
6.7736583
6.2294273
5.791491
6.8842053
5.140965
5.468354
6.339974
5.689448
6.339974
5.140965
6.012585
6.663111
5.902038
5.6851964
6.123132
6.012585
6.1188803
5.795743
6.556816
5.902038
5.468354
6.663111
6.7736583
6.1188803
5.24726
6.339974
5.468354
6.4462695
5.357807
5.6851964
6.2294273
5.902038
6.2294273
6.4462695
6.556816
6.556816
6.2294273
6.008333
5.902038
7.313638
7.096796
6.3357224
7.207342
6.1188803
6.2294273
4.8135757
6.667363
6.556816
6.663111
6.9905005
5.574649
6.012585
6.2251754
5.357807
6.8799534
6.8842053
5.357807
6.556816
6.012585
5.791491
6.2294273
6.012585
6.4462695
5.468354
6.012585
4.8135757
6.7736583
6.556816
6.4462695
5.140965
6.012585
5.140965
4.7030287
6.2294273
5.791491
6.008333
6.4462695
5.6809444
5.357807
5.464102
5.030418
5.357807
4.924123
5.468354
5.6851964
5.795743
5.357807
5.468354
5.578901
5.140965
4.8135757
6.7736583
5.902038
6.2294273
5.902038
5.357807
6.1188803
5.464102
6.9905005
7.6410265
6.6588597
7.857869
7.096796
7.313638
6.875702
6.4420176
6.114629
6.986249
7.096796
7.096796
6.5525646
7.207342
7.096796
6.5525646
6.5525646
5.6809444
6.8799534
6.986249
5.353555
5.6809444
6.8799534
7.096796
7.313638
6.8799534
7.857869
6.4420176
7.313638
7.096796
6.6588597
7.6410265
7.4241843
6.6588597
6.769407
6.769407
7.4241843
6.4420176
7.313638
7.747322
7.4241843
5.8977866
7.4241843
7.096796
6.2251754
6.9905005
7.207342
6.2251754
7.7515736
7.096796
6.5525646
7.4241843
6.3357224
7.207342
7.313638
6.5525646
7.6410265
7.857869
6.114629
6.3357224
7.313638
5.791491
7.6410265
7.096796
6.663111
6.3357224
7.096796
6.769407
6.4462695
7.6410265
5.574649
6.9905005
6.663111
6.663111
6.8799534
7.4241843
5.791491
7.317889
6.1188803
6.4462695
6.339974
7.1010475
6.2294273
6.9905005
7.5347314
6.3357224
5.357807
6.012585
5.795743
4.490439
5.468354
4.8178277
5.0346694
6.123132
4.490439
5.251512
5.0346694
4.8178277
3.2956812
4.4946904
4.167301
6.016837
5.1452165
5.2557635
4.3841434
4.8178277
3.5125234
4.7115326
5.578901
4.8178277
5.689448
6.2336793
4.7072806
6.016837
5.0346694
4.8178277
4.6009855
4.056754
4.167301
4.7115326
4.6009855
5.583153
4.6009855
4.167301
4.605237
4.8220797
4.2778482
4.4946904
4.7115326
4.2735963
3.406228
3.62307
3.2956812
2.7557018
4.7115326
4.3841434
3.2956812
4.056754
4.2735963
4.490439
4.379892
5.251512
4.6009855
4.4946904
4.4946904
4.928375
4.167301
5.0346694
4.3841434
5.0346694
4.490439
4.2778482
4.7115326
4.2778482
3.406228
5.3663106
4.4946904
3.8399122
4.4946904
4.8178277
3.4019763
4.8178277
4.928375
5.1452165
4.3841434
3.9504592
4.3841434
4.056754
3.7293656
4.167301
5.038922
4.6009855
4.6009855
4.2778482
4.2778482
2.6451547
3.6273217
2.972544
2.2114706
4.605237
4.2778482
2.861997
4.605237
3.9462075
3.7293656
4.167301
4.7115326
3.406228
4.3883953
3.406228
3.7336173
4.2778482
4.2778482
3.078839
3.7336173
4.0610065
3.406228
3.406228
4.8220797
2.968292
3.7336173
3.406228
3.189386
3.0830908
2.8662488
2.6451547
3.6273217
2.6451547
3.5167751
4.2778482
4.0610065
2.6451547
3.0830908
2.6451547
4.4946904
2.861997
2.861997
3.62307
3.8399122
2.861997
4.3841434
4.7115326
2.2072186
3.62307
4.167301
3.8399122
3.5167751
4.0610065
3.62307
3.078839
4.3883953
4.2778482
4.0610065
2.6451547
4.8220797
4.167301
3.5125234
4.167301
3.9504592
3.8399122
3.844164
3.8399122
2.968292
3.9504592
4.4946904
3.9462075
3.5125234
4.3841434
4.2735963
4.3841434
4.928375
3.9462075
4.056754
4.6009855
5.1452165
5.0346694
4.928375
4.167301
4.056754
4.056754
3.62307
4.3841434
4.056754
4.056754
3.9504592
3.8399122
2.968292
3.5125234
3.189386
3.078839
3.62307
4.3841434
4.4946904
3.9504592
4.1630497
4.7115326
4.056754
4.5967336
3.9462075
4.7072806
4.5967336
3.5082712
4.056754
5.689448
5.0346694
3.9462075
5.468354
5.578901
5.140965
6.4462695
4.924123
3.8356605
4.490439
5.0346694
4.056754
4.056754
3.9462075
4.490439
3.7293656
3.9462075
3.6188183
5.1452165
5.1452165
4.1630497
4.6009855
5.3620586
4.8135757
5.574649
4.5967336
5.902038
5.8977866
4.9198713
5.902038
6.2251754
5.8977866
6.769407
7.203091
6.4420176
5.4598503
6.2251754
6.4420176
6.4420176
6.3314705
6.986249
6.114629
6.114629
7.096796
5.5703974
5.8977866
6.3357224
6.2251754
6.114629
5.353555
6.5525646
6.008333
5.6809444
6.4420176
6.2251754
6.4420176
6.2209234
7.203091
7.853617
6.2209234
6.765155
7.853617
7.309386
7.853617
7.309386
8.508395
7.0882916
7.526228
8.94208
7.9599123
7.632523
7.419933
8.397848
6.765155
7.526228
7.747322
7.526228
7.526228
7.636775
7.526228
7.092544
7.309386
6.981997
7.309386
7.636775
7.853617
6.654608
7.526228
7.415681
6.760903
7.1988387
7.526228
7.849365
7.853617
9.048374
7.415681
7.738818
8.176754
9.265217
8.393597
7.632523
7.1945877
8.720985
8.82728
9.260964
9.588354
9.044123
7.738818
8.504144
9.260964
8.716734
9.371511
7.849365
7.955661
8.610438
8.937827
8.82728
8.606187
8.937827
8.1725025
8.716734
8.716734
8.933577
9.477807
9.584103
9.039871
9.805196
9.584103
8.389345
9.150418
10.0220375
9.150418
9.256713
10.893659
9.039871
9.256713
8.712482
8.933577
9.69465
9.36726
9.911491
9.911491
8.929324
8.933577
9.911491
8.933577
9.915743
10.455723
9.911491
9.911491
9.473556
9.584103
9.584103
8.8230295
9.36726
9.584103
10.23888
8.929324
10.999953
10.345176
9.36726
9.473556
9.800944
9.150418
9.584103
10.0220375
9.256713
10.128334
8.933577
9.477807
9.150418
8.933577
8.929324
10.23888
10.0220375
9.256713
10.128334
10.017787
10.23888
10.017787
10.0220375
9.584103
9.800944
10.345176
10.345176
9.36726
9.911491
10.128334
10.345176
9.911491
9.477807
8.933577
9.477807
8.716734
9.477807
9.915743
9.150418
9.260964
8.8230295
8.933577
10.0220375
9.36726
10.893659
9.584103
9.473556
10.345176
10.783112
9.800944
9.150418
10.566269
9.473556
10.128334
10.234629
9.36726
9.150418
9.477807
9.15467
9.150418
8.716734
9.260964
9.69465
8.606187
8.716734
8.499891
8.066207
8.1725025
8.393597
9.15467
8.610438
9.371511
8.28305
9.482059
9.260964
9.150418
9.044123
9.044123
9.150418
9.588354
9.260964
9.915743
8.82728
8.1725025
9.698901
8.176754
8.499891
8.937827
10.0220375
9.915743
8.28305
8.28305
8.933577
10.02629
8.610438
8.176754
9.048374
8.176754
7.632523
9.048374
7.521976
7.9599123
8.28305
8.287301
8.176754
9.15467
8.716734
8.393597
8.716734
7.9599123
8.937827
8.393597
7.849365
8.066207
8.8315325
7.738818
7.521976
9.809448
8.610438
8.287301
8.393597
7.632523
8.504144
8.393597
7.849365
8.720985
7.305134
7.632523
7.738818
8.176754
7.9599123
8.82728
7.1945877
9.265217
8.176754
7.9599123
9.048374
8.393597
7.9599123
7.849365
8.504144
7.526228
7.415681
7.632523
7.849365
8.393597
7.9599123
7.1988387
8.287301
7.1988387
8.287301
8.720985
8.937827
8.937827
8.066207
7.9599123
7.415681
7.632523
8.28305
8.176754
8.504144
7.849365
7.632523
8.720985
9.588354
8.066207
8.287301
7.738818
8.720985
7.526228
8.504144
8.066207
7.9599123
8.720985
6.981997
8.725238
8.504144
7.9599123
7.526228
8.8315325
7.0882916
8.725238
8.066207
7.9641643
8.725238
7.526228
6.765155
7.636775
7.415681
8.070459
8.720985
7.632523
8.287301
6.760903
7.9641643
7.74307
7.636775
8.397848
8.614691
6.981997
7.526228
8.508395
6.981997
7.419933
7.9641643
7.636775
8.835785
7.526228
7.1988387
6.5483127
7.419933
6.986249
6.875702
6.6588597
6.875702
6.4377656
8.725238
7.632523
7.1988387
8.94208
7.632523
7.203091
8.94208
7.309386
7.74307
7.74307
7.853617
7.9599123
7.9641643
8.070459
8.070459
8.614691
7.305134
8.504144
7.9599123
6.981997
8.070459
8.393597
7.74307
7.9599123
8.937827
8.504144
8.393597
9.375764
8.176754
7.632523
7.9599123
7.9599123
7.9599123
8.614691
8.720985
7.853617
8.504144
8.066207
8.287301
8.066207
8.720985
9.265217
7.849365
8.176754
8.720985
8.504144
8.397848
7.849365
7.632523
7.9599123
7.853617
8.287301
7.849365
8.720985
8.393597
7.849365
8.176754
7.853617
8.614691
7.415681
9.158921
8.28305
8.504144
8.720985
9.158921
9.265217
8.499891
7.521976
8.287301
8.066207
8.070459
7.632523
8.287301
8.937827
8.937827
7.849365
9.048374
8.176754
7.74307
8.8315325
8.720985
7.849365
8.070459
8.504144
7.1988387
8.176754
8.066207
7.309386
8.8315325
8.504144
8.181006
7.632523
7.9599123
8.504144
7.415681
7.0882916
7.1988387
7.415681
6.654608
7.526228
8.504144
6.765155
7.092544
7.526228
6.5483127
7.092544
7.092544
8.181006
7.415681
7.74307
7.309386
7.526228
6.9777446
7.74307
8.725238
8.176754
7.853617
8.070459
8.176754
7.309386
8.070459
7.415681
7.747322
8.397848
7.309386
7.419933
7.526228
7.0882916
7.419933
7.415681
7.74307
7.092544
7.636775
6.765155
7.203091
7.5304804
8.070459
7.747322
7.853617
7.092544
7.203091
7.419933
7.636775
7.747322
7.9641643
7.092544
7.309386
7.9641643
7.853617
6.981997
7.419933
6.760903
6.5483127
7.636775
7.74307
6.3314705
6.875702
6.765155
6.6588597
7.203091
7.203091
6.3314705
6.3314705
6.6588597
6.769407
7.092544
6.769407
6.986249
6.6588597
6.875702
6.5483127
7.313638
7.092544
7.309386
7.747322
8.181006
7.309386
7.203091
7.853617
8.287301
7.309386
8.614691
7.1988387
8.397848
7.309386
6.654608
7.853617
7.1988387
7.092544
7.853617
7.853617
7.853617
7.74307
7.9641643
6.765155
7.853617
7.309386
7.853617
7.309386
7.9599123
7.0882916
8.176754
7.0882916
6.981997
8.070459
8.937827
7.526228
7.74307
8.504144
6.87145
8.070459
7.415681
7.203091
8.287301
8.070459
7.203091
7.309386
8.181006
6.3314705
7.203091
6.765155
7.203091
6.986249
7.5304804
7.5304804
7.747322
7.092544
6.875702
6.6588597
6.5483127
6.4420176
7.6410265
6.4420176
6.0040812
6.5525646
6.875702
6.2251754
7.203091
6.5483127
6.4420176
6.769407
7.6410265
6.6588597
7.203091
6.3314705
6.114629
6.986249
7.313638
6.114629
6.769407
6.2251754
6.2251754
6.4420176
6.2251754
6.2251754
5.8977866
5.24726
5.574649
5.791491
5.030418
5.468354
6.4462695
6.663111
5.136713
6.2251754
6.008333
5.6809444
6.4420176
5.8977866
6.3314705
6.654608
6.0040812
5.6809444
6.4420176
6.769407
6.2251754
6.6588597
6.769407
6.3314705
6.4420176
6.5525646
5.464102
6.2251754
6.008333
5.357807
5.902038
5.791491
4.37564
6.008333
5.8977866
6.114629
5.464102
5.5703974
6.3357224
6.769407
6.6588597
6.769407
6.4420176
6.4420176
6.6588597
5.6766925
7.5304804
5.7872396
5.6809444
6.6588597
6.114629
6.769407
7.5304804
6.769407
5.7872396
7.857869
6.769407
6.4420176
6.769407
6.986249
6.875702
6.5483127
5.7872396
7.419933
6.5483127
6.986249
6.3314705
6.4420176
6.114629
6.986249
7.203091
7.203091
6.765155
7.092544
6.2209234
6.6588597
6.3314705
6.986249
7.203091
6.5483127
6.114629
7.092544
6.5483127
6.3314705
7.636775
6.110377
8.181006
8.070459
7.853617
7.1988387
7.74307
7.74307
4.915619
6.3357224
2.861997
2.1051755
-0.930614
-2.1211197
-3.4221725
-4.2937922
-1.4663416
-0.49692985
2.3220174
7.6410265
11.327342
12.513597
14.35888
13.920944
13.48726
12.845238
11.106249
9.371511
9.048374
8.499891
10.02629
9.698901
8.720985
8.389345
7.955661
8.499891
9.260964
7.415681
7.747322
7.4241843
6.4462695
6.4462695
6.114629
5.8977866
6.3314705
6.0040812
6.654608
7.951409
9.035619
11.101996
11.314588
11.973618
10.995702
9.911491
10.349427
9.36726
9.588354
10.783112
11.867322
11.2125435
9.800944
11.216796
11.752523
11.969365
12.301006
10.885155
11.646228
11.318839
13.057828
15.013659
15.226248
15.336795
14.02724
14.248333
12.292503
12.509345
13.270417
12.836734
13.491511
12.296754
12.079912
11.752523
12.730438
13.168375
12.947281
13.708355
13.483009
14.133534
15.443091
14.2440815
13.810397
13.376713
13.814649
14.682017
16.09787
18.483133
17.824102
18.151491
17.279871
17.824102
17.173576
17.390417
15.978818
16.748394
16.637848
15.659932
15.876775
15.872524
17.071531
16.523048
18.040945
17.500965
17.717808
18.257786
18.151491
17.828354
17.934649
18.26204
17.611511
18.26204
17.717808
17.930397
19.01886
18.802017
18.802017
19.452543
18.912563
17.824102
17.173576
17.39467
18.045197
17.284122
18.26204
17.169323
18.695723
18.912563
18.257786
18.797766
19.2357
19.77568
21.080986
21.080986
21.51467
21.731512
20.859892
22.05465
21.404123
21.948355
21.510418
22.59888
21.72726
21.39987
22.705175
21.404123
21.404123
20.098818
20.103071
19.665134
19.665134
20.098818
20.205114
20.31566
21.731512
21.293575
21.616713
21.944101
23.032564
22.160944
22.922016
22.705175
22.160944
21.506166
22.26724
23.576796
22.59463
22.050398
23.793638
22.377787
22.26724
23.793638
22.815723
22.050398
22.59463
22.59463
23.028313
23.028313
22.81147
23.466248
23.355701
23.895681
24.22307
23.678839
24.22307
24.333616
23.355701
22.807219
24.22307
23.899933
23.678839
24.22307
24.767302
23.785133
25.417828
24.112524
23.568293
24.329365
24.656755
23.678839
24.439913
25.090439
24.984144
25.851511
24.329365
24.329365
24.435661
25.30728
25.200987
24.984144
24.325113
25.30728
24.439913
24.546207
25.63467
24.329365
23.568293
23.347198
22.152441
22.475576
23.666084
26.599829
28.661957
31.272564
32.471573
32.03789
31.821047
29.75467
29.652628
27.152563
26.068354
25.30728
22.590378
22.373535
24.329365
25.957808
28.241026
29.758923
29.431534
26.935722
25.63467
24.550459
24.010479
23.355701
22.807219
23.466248
23.028313
22.807219
24.869345
25.953554
26.714628
28.236774
27.58625
26.395742
25.30728
23.240902
24.010479
23.245155
23.674587
25.205238
25.63467
24.541956
26.395742
24.76305
23.461996
22.81147
22.488333
23.032564
21.944101
22.382038
20.859892
22.05465
21.93985
22.484081
22.156693
22.156693
21.72301
23.253658
22.169449
21.080986
22.0589
20.864143
20.651554
20.103071
20.426208
21.080986
20.647303
19.881977
19.337746
20.103071
19.992523
21.297827
21.302078
20.541006
21.302078
20.757847
21.625217
20.31566
20.64305
20.532501
19.77568
19.996775
18.695723
19.027365
18.372585
18.045197
16.744143
16.523048
16.301954
18.26204
17.717808
18.040945
17.713554
17.717808
18.483133
18.80627
18.045197
18.699974
18.589426
18.80627
19.239954
18.695723
19.133657
18.151491
19.023111
18.47888
17.934649
18.045197
17.39467
17.288374
17.39467
17.18208
17.832605
17.39467
17.500965
17.832605
17.828354
17.500965
17.615763
17.177828
17.611511
17.288374
16.416756
17.288374
18.049448
17.943153
17.39467
16.85469
17.398922
16.637848
15.983071
15.659932
16.965237
17.18208
16.421007
16.748394
16.85469
15.876775
15.987322
17.18208
15.766228
15.987322
15.332544
15.332544
15.119954
15.881026
15.226248
15.119954
15.009407
15.230501
14.575723
14.792564
15.230501
14.575723
15.447342
14.035743
13.597807
13.270417
13.491511
14.14629
13.818902
13.818902
13.602058
13.274671
13.929449
12.947281
14.039994
12.513597
12.734691
12.955785
12.734691
12.407301
12.955785
13.389469
12.845238
13.062079
12.734691
12.734691
13.60631
12.845238
12.628395
12.301006
12.084165
12.411553
12.628395
12.084165
12.411553
12.845238
11.867322
12.955785
11.539933
12.305258
11.756775
11.2125435
11.977869
12.084165
12.194712
12.411553
12.194712
12.955785
11.323091
11.65048
12.849489
11.106249
11.977869
12.743194
11.544185
11.221047
11.544185
11.871573
11.654732
10.783112
11.765279
11.9821205
10.893659
10.676816
10.566269
11.004206
11.437889
11.548436
11.1105
11.1105
11.658983
10.893659
10.893659
10.893659
10.566269
10.349427
11.1105
10.787363
10.349427
10.459974
10.676816
9.592606
10.136837
9.809448
9.809448
10.243132
10.570521
9.809448
10.459974
9.809448
9.698901
9.158921
10.353679
9.809448
10.136837
9.919995
10.030542
9.158921
8.725238
9.158921
9.919995
10.02629
9.269468
9.265217
8.94208
8.94208
9.269468
8.2915535
8.946331
8.835785
7.747322
9.380016
8.725238
8.725238
8.614691
7.857869
8.4021
7.6410265
7.9684157
7.6410265
8.512647
7.6410265
7.4241843
7.5347314
7.7515736
7.207342
6.2294273
6.8842053
5.795743
6.556816
6.9905005
7.1010475
6.667363
5.578901
5.038922
5.799995
5.799995
5.4726057
6.3442264
5.799995
6.77791
5.578901
7.1010475
8.295805
8.946331
9.380016
9.380016
9.703153
8.614691
9.380016
8.397848
7.313638
7.6410265
7.9684157
7.7515736
7.4241843
6.556816
5.689448
5.583153
4.8220797
4.8220797
4.605237
4.4946904
5.9105415
5.1452165
6.9947524
7.317889
6.9905005
8.185258
8.074712
8.074712
8.618942
9.919995
10.681068
9.809448
11.114753
10.681068
10.570521
10.459974
9.809448
9.919995
10.136837
10.030542
9.8137
8.618942
7.9684157
8.512647
7.5347314
7.1010475
7.317889
7.5347314
7.207342
7.5347314
7.7515736
7.7515736
7.7515736
7.207342
7.5347314
7.8621206
7.096796
7.9684157
8.185258
8.074712
8.4021
9.596858
8.614691
9.596858
9.596858
8.725238
8.835785
8.835785
8.295805
8.2915535
8.835785
7.857869
7.857869
9.27372
7.6410265
8.946331
8.185258
6.8799534
6.8799534
7.096796
7.5347314
7.207342
7.5347314
8.295805
7.7515736
7.7515736
7.8621206
7.096796
7.857869
7.4241843
7.857869
7.7515736
8.406352
7.6410265
7.9684157
8.185258
8.946331
8.185258
7.6410265
8.074712
8.835785
7.857869
8.946331
8.94208
8.2915535
8.946331
8.508395
7.5304804
7.747322
8.618942
7.6410265
8.4021
7.9641643
7.419933
9.163173
8.618942
9.490562
7.4241843
7.207342
7.8621206
7.5347314
7.857869
7.857869
8.074712
8.2915535
8.835785
8.397848
8.725238
7.5304804
7.7515736
7.6410265
7.857869
9.163173
8.94208
9.486311
8.287301
7.74307
8.508395
8.2915535
7.857869
8.508395
7.6410265
8.185258
7.5304804
8.185258
7.5304804
8.074712
7.857869
8.2915535
8.508395
7.5304804
7.857869
8.2915535
7.4241843
7.9684157
7.313638
7.857869
7.857869
9.052627
7.747322
7.9641643
8.4021
7.4241843
7.9684157
6.986249
6.986249
7.313638
7.9684157
6.663111
7.8621206
7.4241843
7.096796
7.7515736
7.6410265
7.313638
7.096796
7.313638
7.313638
7.096796
8.185258
6.8799534
6.5525646
7.207342
7.4241843
7.4241843
7.203091
7.9684157
6.769407
6.3357224
7.313638
7.6410265
7.6410265
7.5347314
7.7515736
7.207342
7.096796
7.313638
7.6410265
8.295805
7.6410265
7.7515736
8.074712
7.636775
8.074712
7.313638
7.9641643
6.986249
7.5304804
8.397848
8.8315325
8.614691
9.486311
8.504144
9.052627
7.853617
9.163173
8.504144
7.636775
9.052627
8.508395
7.853617
7.636775
8.181006
8.397848
8.074712
8.074712
7.092544
7.313638
8.2915535
6.875702
8.185258
8.074712
8.185258
7.857869
7.857869
7.7515736
7.096796
8.185258
7.6410265
7.6410265
7.9684157
7.4241843
7.207342
8.078962
6.8799534
6.4462695
7.317889
5.468354
6.556816
6.2294273
5.468354
5.795743
5.1452165
5.583153
5.799995
5.4726057
4.8220797
5.689448
5.90629
5.1452165
5.90629
5.3620586
5.90629
5.90629
6.667363
5.0346694
5.795743
6.7736583
6.339974
6.556816
6.556816
6.339974
5.795743
6.556816
5.468354
6.339974
6.012585
5.6851964
5.795743
6.450521
6.667363
4.8178277
4.7115326
5.2557635
5.2557635
5.2557635
5.90629
4.928375
4.928375
5.2557635
5.3620586
5.4726057
4.8178277
5.689448
6.339974
5.795743
7.1010475
6.339974
6.123132
6.8842053
5.902038
6.2294273
6.339974
6.2294273
6.123132
6.8842053
5.795743
6.450521
4.8178277
5.689448
5.0346694
4.6009855
6.2336793
5.4726057
5.1452165
5.1452165
5.2557635
4.3841434
5.578901
5.799995
5.2557635
6.123132
5.689448
5.689448
5.3620586
5.4726057
4.928375
4.928375
4.4946904
5.3663106
4.7115326
5.1494684
4.2778482
3.8399122
4.605237
4.8220797
5.583153
4.8220797
5.9105415
4.4946904
4.8220797
4.928375
3.844164
4.4946904
4.0610065
4.0610065
3.9504592
4.2778482
3.8399122
5.2557635
5.1452165
4.8178277
5.578901
5.2557635
4.7115326
5.799995
4.056754
4.7115326
5.2557635
5.4726057
4.7072806
5.3663106
5.1452165
5.2557635
4.928375
3.9504592
4.2778482
4.3841434
5.1494684
4.6009855
3.8399122
5.799995
5.4726057
4.3841434
4.605237
4.8220797
4.3841434
5.2557635
5.1452165
4.6009855
5.038922
4.3841434
5.2557635
6.016837
6.123132
5.3620586
5.689448
5.689448
4.928375
6.016837
5.1452165
5.1452165
6.016837
5.2557635
5.1452165
5.795743
4.928375
5.3620586
5.0346694
4.8220797
5.4726057
4.3841434
4.4946904
4.2778482
4.0610065
4.8220797
4.715784
4.7115326
4.9326262
5.1494684
3.5167751
4.4989424
4.3883953
3.7336173
4.2778482
4.2778482
4.8220797
5.1494684
4.9326262
4.605237
5.2600155
4.9326262
4.8220797
5.1494684
4.9326262
3.7336173
4.0610065
4.7115326
5.2557635
4.4946904
5.038922
5.2557635
5.3663106
5.1494684
4.3841434
4.9326262
3.954711
3.737869
3.844164
4.0610065
3.9504592
4.167301
5.583153
4.928375
4.4946904
4.0610065
5.6937
4.7115326
4.4946904
5.9105415
4.9326262
5.3663106
5.2557635
5.3663106
5.1452165
5.038922
6.561068
5.1452165
5.3620586
4.6009855
5.689448
5.583153
4.4946904
5.038922
4.605237
5.3663106
6.3442264
5.038922
4.7115326
6.3442264
6.016837
5.2557635
4.4946904
5.3663106
5.1494684
4.8220797
5.4768577
5.038922
4.7115326
5.4726057
5.2557635
5.583153
4.7115326
4.4946904
5.799995
5.2557635
5.2557635
5.1494684
4.7115326
5.2557635
5.2557635
4.928375
5.583153
5.4726057
5.2557635
5.4726057
5.2557635
5.2557635
4.9326262
6.454773
4.8220797
5.4726057
4.6009855
5.4726057
6.1273837
4.3841434
5.038922
4.4946904
5.2557635
5.689448
5.90629
5.468354
6.012585
5.578901
5.90629
4.928375
5.4726057
5.038922
4.3883953
4.9326262
5.038922
3.6273217
4.171553
3.737869
2.7599535
2.8662488
3.3041847
2.6494067
3.631574
3.5210268
3.737869
3.737869
4.605237
5.1494684
4.9326262
5.799995
5.689448
6.561068
6.2336793
5.578901
5.578901
6.2336793
5.578901
5.3620586
5.90629
5.4726057
4.928375
5.1452165
5.4726057
4.928375
4.167301
5.1494684
4.3883953
3.7336173
4.605237
4.0610065
4.8220797
5.4726057
5.3663106
4.2735963
4.928375
5.1452165
5.251512
5.689448
6.450521
5.578901
6.123132
6.339974
6.7736583
6.339974
6.339974
6.123132
5.795743
5.6851964
6.012585
6.1188803
6.123132
5.578901
6.556816
5.251512
5.3620586
5.689448
5.3620586
4.3841434
5.583153
5.4726057
4.2778482
5.583153
5.2557635
4.928375
5.583153
5.1452165
4.928375
6.2336793
6.667363
6.012585
6.556816
6.667363
5.468354
6.556816
6.667363
7.1010475
7.4241843
6.9905005
6.9905005
6.663111
6.556816
7.317889
7.207342
6.4462695
6.556816
6.2294273
6.556816
6.2294273
6.012585
6.339974
5.578901
5.90629
5.795743
6.450521
6.339974
5.578901
6.012585
7.1010475
5.468354
7.1010475
7.317889
6.1188803
7.207342
7.7515736
7.313638
7.7515736
7.747322
7.5304804
7.747322
8.074712
8.2915535
7.9641643
7.747322
7.4241843
7.857869
7.207342
6.9905005
7.096796
7.096796
7.7515736
6.3357224
6.8799534
6.663111
6.5525646
6.7736583
7.207342
6.8799534
6.4462695
7.4241843
6.8799534
7.4241843
6.8799534
8.185258
7.096796
7.9684157
8.074712
7.4241843
7.747322
6.769407
7.857869
7.857869
7.857869
8.4021
7.313638
7.9684157
7.747322
7.207342
7.4241843
6.5525646
8.185258
7.857869
6.986249
8.185258
6.769407
7.313638
6.8799534
7.5304804
8.185258
7.6410265
7.4241843
7.7515736
7.313638
7.6410265
8.406352
7.096796
7.857869
7.4241843
7.313638
7.9684157
7.6410265
7.313638
7.4241843
7.5304804
7.6410265
8.185258
7.4241843
6.986249
7.6410265
7.4241843
7.6410265
7.5347314
7.096796
7.857869
7.313638
7.5347314
7.6410265
7.4241843
7.7515736
7.7515736
7.4241843
7.096796
7.857869
7.4241843
7.096796
7.313638
7.313638
7.4241843
8.295805
7.313638
7.9684157
7.9684157
6.8799534
7.4241843
7.7515736
7.6410265
7.207342
6.7736583
7.6452785
6.9905005
6.663111
7.096796
6.8799534
7.4241843
7.313638
6.8799534
7.4241843
7.4241843
7.096796
7.6410265
7.4241843
7.207342
6.9905005
7.5347314
6.8799534
7.5347314
7.4241843
7.096796
7.096796
7.9684157
6.8799534
7.207342
7.7515736
7.313638
7.207342
7.207342
7.7515736
7.207342
7.7515736
7.4241843
6.5525646
7.207342
7.096796
6.8799534
6.556816
6.7736583
6.1188803
7.4241843
6.8799534
6.4462695
7.096796
6.8799534
6.9905005
7.5347314
6.8799534
6.4462695
7.4241843
6.4462695
7.5347314
6.663111
6.663111
7.5347314
7.096796
6.8799534
6.9905005
7.7515736
7.4241843
6.663111
7.207342
7.5347314
6.556816
6.7736583
6.2294273
6.9905005
7.317889
7.317889
6.4462695
6.8842053
6.8842053
6.012585
5.795743
6.2294273
5.6851964
6.7736583
6.339974
5.6851964
6.339974
6.556816
6.7736583
6.8842053
7.5347314
5.795743
6.8842053
6.2336793
6.012585
5.689448
6.450521
5.578901
4.8178277
5.90629
6.9947524
6.450521
5.689448
6.450521
4.928375
5.1452165
5.4726057
4.7115326
4.8178277
6.1273837
5.4726057
5.0346694
5.2557635
5.689448
4.8178277
5.4726057
5.583153
5.2557635
5.583153
6.016837
4.4946904
5.1494684
5.583153
4.8220797
4.8220797
4.4946904
4.928375
4.4946904
5.038922
4.2778482
5.583153
4.171553
4.715784
5.1494684
4.605237
4.0610065
4.8220797
5.6937
5.9105415
5.3663106
4.8220797
5.1452165
5.038922
4.2778482
5.2557635
5.799995
5.2557635
5.038922
4.2778482
4.2778482
4.8220797
4.8220797
4.3883953
5.038922
4.928375
4.9326262
4.8220797
5.4726057
4.928375
5.2557635
5.4726057
5.799995
5.799995
6.3442264
5.90629
4.7115326
4.4946904
4.8220797
4.6009855
5.038922
5.2557635
4.928375
5.799995
6.123132
4.6009855
5.4726057
5.4726057
5.2557635
5.3663106
5.4726057
5.2557635
5.799995
5.4726057
4.7115326
5.2557635
5.3663106
5.2557635
5.4768577
5.038922
5.2557635
5.583153
4.4946904
5.2557635
4.8220797
5.1494684
5.3663106
4.7115326
5.799995
6.2336793
4.8220797
6.1273837
5.799995
5.799995
5.2557635
6.3442264
5.4726057
5.9105415
6.2336793
6.2336793
6.016837
5.90629
6.1273837
5.2557635
6.2336793
4.928375
6.016837
4.928375
5.799995
5.799995
6.77791
4.928375
6.016837
5.2557635
5.038922
5.4726057
6.016837
5.583153
5.90629
6.77791
5.689448
5.799995
6.556816
6.450521
6.2336793
6.667363
6.2336793
7.4284363
6.012585
6.77791
6.2336793
6.450521
5.251512
6.9947524
6.450521
6.450521
7.2115946
6.667363
6.339974
6.8842053
6.012585
6.2336793
6.339974
6.9947524
6.339974
6.450521
6.8842053
6.123132
6.9947524
6.123132
7.1010475
6.556816
6.339974
6.450521
6.2336793
6.123132
6.667363
6.339974
6.8842053
6.339974
6.7736583
7.1010475
6.556816
7.9726677
6.7736583
6.7736583
7.207342
6.339974
7.1010475
6.667363
6.2294273
6.7736583
7.207342
7.317889
7.317889
6.556816
6.7736583
6.4462695
6.2294273
6.339974
5.902038
7.5347314
6.339974
7.4284363
7.4241843
6.667363
7.5347314
6.7736583
6.9905005
7.5347314
6.9905005
7.7515736
7.5347314
7.5347314
7.8621206
7.207342
7.096796
7.5347314
7.317889
8.078962
6.9905005
7.5347314
7.6452785
6.8842053
6.9905005
6.3357224
7.317889
7.317889
7.7515736
7.6410265
7.207342
7.6410265
7.6410265
7.9684157
7.6410265
7.7515736
8.295805
7.9684157
7.6410265
7.4241843
8.295805
7.7515736
7.207342
7.9684157
7.7515736
6.8799534
8.512647
7.5304804
7.7515736
8.185258
7.7515736
7.9684157
7.7515736
7.9684157
7.9684157
8.074712
7.857869
8.618942
7.313638
7.313638
7.747322
8.074712
8.2915535
7.857869
8.185258
8.4021
8.508395
8.074712
8.729489
8.618942
8.835785
7.313638
8.729489
8.185258
7.9684157
8.4021
8.512647
7.5304804
7.857869
8.074712
8.185258
8.074712
8.4021
8.295805
7.9684157
7.9684157
7.4241843
9.380016
8.4021
7.857869
9.163173
7.6410265
8.4021
9.163173
7.096796
7.9684157
8.185258
7.7515736
7.747322
8.185258
9.056878
8.4021
8.4021
7.5304804
8.2915535
8.835785
8.946331
8.4021
8.074712
7.857869
7.6410265
8.074712
8.4021
8.185258
8.618942
7.857869
8.946331
8.2915535
8.074712
7.9641643
8.835785
8.2915535
8.074712
8.618942
7.6410265
8.618942
8.94208
7.747322
8.2915535
8.725238
7.747322
8.4021
7.857869
8.946331
8.835785
7.9641643
7.6410265
8.4021
7.857869
8.4021
8.618942
8.618942
9.269468
8.2915535
7.9641643
8.835785
9.380016
8.835785
8.4021
9.052627
8.835785
8.185258
8.074712
8.4021
7.9641643
8.618942
8.618942
8.946331
8.4021
9.380016
8.725238
9.052627
8.835785
8.074712
8.074712
8.618942
9.163173
8.94208
7.9641643
9.163173
9.8137
8.835785
8.070459
8.508395
9.052627
8.835785
8.725238
8.2915535
9.052627
8.618942
8.2915535
7.6410265
8.946331
7.9684157
8.074712
7.6410265
8.2915535
8.618942
9.596858
8.185258
8.4021
7.857869
8.618942
7.747322
8.835785
8.618942
8.074712
7.747322
7.9641643
8.074712
7.9641643
8.2915535
7.857869
9.052627
9.163173
7.9641643
8.074712
8.2915535
8.4021
7.857869
7.313638
7.313638
8.185258
7.419933
8.074712
8.618942
8.946331
8.508395
7.857869
8.185258
7.9684157
7.857869
7.5304804
7.9641643
9.269468
7.9641643
8.2915535
8.074712
8.074712
8.729489
7.747322
8.2915535
7.857869
7.857869
8.618942
9.490562
8.2915535
7.857869
7.4241843
8.074712
7.857869
7.857869
8.295805
8.4021
8.2915535
8.2915535
7.5304804
8.618942
8.185258
8.074712
8.2915535
8.185258
8.074712
8.4021
7.4241843
7.6410265
7.857869
7.747322
7.7515736
7.747322
8.618942
8.074712
8.508395
7.857869
7.419933
8.2915535
8.074712
8.181006
8.618942
8.835785
8.508395
8.074712
8.074712
8.4021
7.6410265
7.857869
7.857869
7.857869
8.074712
7.9641643
8.508395
8.4021
7.9641643
8.508395
8.2915535
9.052627
7.9641643
8.94208
8.725238
8.397848
8.725238
8.074712
7.74307
8.181006
8.725238
8.94208
8.618942
9.052627
7.853617
8.074712
8.181006
8.94208
8.508395
8.2915535
9.158921
8.397848
8.508395
8.725238
9.486311
8.070459
9.052627
9.703153
8.614691
9.486311
8.397848
8.8315325
8.176754
9.158921
9.269468
9.486311
8.614691
8.287301
9.375764
8.8315325
8.8315325
8.94208
9.158921
9.158921
8.508395
8.725238
8.725238
9.158921
9.486311
8.181006
8.287301
8.397848
9.486311
9.703153
9.158921
9.919995
10.136837
9.158921
9.482059
8.937827
9.592606
9.486311
9.703153
8.8315325
8.28305
9.482059
8.720985
8.8315325
9.919995
8.8315325
8.614691
9.592606
8.614691
8.397848
9.486311
8.937827
9.158921
9.919995
9.048374
8.8315325
9.375764
8.504144
8.720985
9.592606
8.94208
9.158921
8.614691
8.725238
9.919995
9.592606
8.937827
9.809448
10.787363
9.044123
9.265217
8.8315325
9.592606
10.02629
8.725238
9.375764
10.02629
8.614691
9.158921
9.375764
9.15467
8.614691
9.375764
8.397848
9.486311
9.703153
9.375764
9.809448
9.375764
9.375764
9.482059
9.15467
9.375764
9.482059
10.02629
9.809448
10.02629
10.132585
9.588354
10.353679
10.570521
10.349427
9.69465
11.221047
10.0220375
10.455723
10.459974
9.588354
10.349427
10.0220375
10.459974
11.004206
10.676816
10.893659
11.221047
10.132585
10.566269
11.221047
10.893659
10.783112
11.216796
11.221047
10.676816
10.345176
11.544185
11.765279
11.1105
11.1105
11.544185
10.566269
10.783112
10.566269
10.889407
10.893659
11.327342
11.1105
11.1105
11.761026
11.433638
11.2125435
11.216796
11.544185
11.1105
11.216796
11.1105
12.194712
11.323091
11.761026
11.65048
11.65048
11.65048
10.668313
12.5220995
12.738942
11.323091
12.088415
12.305258
11.761026
11.977869
11.433638
11.65048
11.106249
11.65048
12.194712
12.084165
11.539933
12.738942
12.194712
12.301006
11.867322
11.761026
12.628395
11.867322
12.738942
12.084165
12.194712
12.628395
11.756775
12.301006
11.646228
12.194712
12.084165
11.433638
10.885155
11.106249
11.65048
12.084165
12.5220995
11.867322
11.2125435
11.433638
11.756775
11.65048
10.77886
11.761026
11.2125435
10.77886
12.088415
11.429386
10.889407
11.106249
12.301006
11.539933
10.995702
11.2125435
10.455723
10.995702
11.216796
11.106249
12.194712
12.194712
11.323091
11.323091
11.867322
11.973618
11.65048
10.999953
10.562017
10.77886
12.194712
11.323091
12.194712
11.977869
11.216796
10.6725645
11.544185
9.800944
10.999953
11.106249
10.128334
10.889407
10.128334
10.128334
10.349427
11.106249
11.327342
10.345176
10.455723
10.566269
11.871573
10.345176
11.216796
10.455723
10.783112
10.999953
11.106249
10.234629
10.345176
11.216796
10.455723
10.455723
10.889407
10.893659
9.800944
11.1105
10.889407
10.566269
10.6725645
10.999953
10.349427
10.6725645
10.128334
10.455723
10.23888
10.6725645
11.1105
10.889407
10.128334
10.999953
10.345176
10.999953
11.327342
10.999953
10.455723
11.216796
9.911491
10.999953
10.783112
10.6725645
11.216796
10.128334
10.6725645
10.999953
10.017787
10.6725645
11.65048
11.867322
10.77886
12.5220995
11.756775
10.889407
11.761026
10.45147
10.345176
10.999953
9.69465
9.584103
10.349427
9.584103
9.911491
10.23888
9.588354
10.566269
9.800944
9.805196
9.584103
10.128334
11.437889
10.128334
10.128334
10.0220375
10.893659
10.783112
9.260964
10.783112
10.0220375
10.566269
9.584103
9.805196
10.243132
9.15467
9.809448
7.9599123
8.720985
7.74307
8.94208
8.066207
8.070459
7.636775
7.305134
7.203091
7.853617
6.654608
7.747322
7.853617
7.636775
8.8315325
7.9599123
8.070459
8.181006
8.397848
8.614691
8.94208
9.592606
8.28305
9.482059
9.371511
8.82728
8.8315325
9.048374
9.371511
8.393597
8.614691
8.499891
8.937827
7.9599123
9.592606
8.614691
7.636775
8.508395
7.203091
6.981997
8.94208
7.632523
8.070459
8.397848
7.636775
7.092544
7.636775
7.74307
8.070459
9.375764
8.287301
7.632523
8.070459
8.397848
7.305134
8.8315325
8.287301
8.614691
8.937827
8.070459
8.504144
8.610438
8.070459
8.614691
9.486311
7.415681
8.614691
8.504144
7.853617
8.720985
8.176754
6.981997
9.375764
9.265217
7.419933
8.070459
8.287301
7.853617
8.8315325
8.070459
7.9641643
8.181006
8.8315325
7.636775
8.508395
7.74307
6.4377656
7.853617
8.720985
7.526228
8.614691
8.397848
7.632523
8.287301
8.504144
8.066207
7.74307
9.482059
8.176754
9.265217
9.265217
8.610438
8.176754
8.610438
8.937827
8.937827
9.265217
8.504144
9.592606
9.482059
8.610438
10.243132
9.588354
9.371511
8.499891
9.15467
8.610438
8.28305
9.048374
9.375764
9.044123
8.28305
9.482059
9.805196
8.610438
9.698901
8.716734
9.371511
10.132585
9.260964
9.588354
9.371511
9.371511
9.805196
10.459974
9.915743
10.566269
9.477807
9.69465
10.349427
9.69465
10.017787
10.566269
9.911491
10.0220375
10.566269
10.132585
10.0220375
9.800944
10.0220375
10.132585
9.69465
8.716734
9.044123
9.805196
9.588354
9.15467
9.371511
8.610438
8.610438
8.82728
8.610438
10.0220375
9.15467
9.588354
10.23888
9.260964
10.243132
10.566269
9.265217
9.588354
9.69465
9.36726
10.132585
10.6725645
10.128334
10.676816
10.132585
9.256713
9.69465
10.566269
10.0220375
10.132585
10.23888
9.260964
9.805196
9.698901
10.0220375
8.933577
9.588354
9.371511
10.0220375
9.911491
8.933577
10.243132
9.260964
9.044123
8.933577
9.805196
10.23888
8.716734
10.676816
10.23888
9.150418
11.327342
9.911491
9.911491
10.0220375
9.805196
10.345176
10.23888
9.805196
10.0220375
9.911491
8.606187
9.805196
9.584103
9.371511
9.477807
8.933577
9.588354
10.566269
9.588354
10.02629
9.588354
8.933577
9.698901
9.371511
10.566269
8.716734
9.482059
9.588354
9.588354
9.588354
9.809448
8.933577
9.044123
9.482059
9.915743
8.716734
9.482059
8.937827
8.393597
8.614691
8.720985
9.15467
8.610438
9.048374
9.371511
8.066207
8.614691
9.592606
9.15467
9.15467
9.044123
10.0220375
9.698901
9.588354
9.371511
8.499891
9.698901
9.15467
9.15467
8.720985
10.243132
9.15467
8.066207
9.698901
8.937827
8.070459
9.703153
9.048374
7.526228
8.94208
8.720985
8.070459
8.504144
8.070459
8.720985
7.738818
9.048374
8.610438
8.720985
8.614691
8.176754
8.8315325
7.632523
9.375764
8.937827
9.048374
7.9599123
9.158921
8.393597
7.632523
8.614691
7.632523
6.981997
8.074712
7.203091
7.203091
8.397848
8.287301
7.74307
8.070459
8.070459
6.986249
8.181006
6.875702
6.4420176
7.747322
6.875702
7.203091
7.747322
7.5304804
6.2251754
6.8799534
7.092544
6.986249
6.3314705
7.313638
7.203091
6.663111
6.769407
6.769407
6.769407
7.5304804
7.309386
7.6410265
6.6588597
6.986249
6.6588597
6.2251754
6.2251754
7.096796
7.313638
5.8977866
6.5525646
7.096796
6.2251754
6.5525646
6.5525646
6.663111
6.5525646
7.207342
6.2251754
5.6809444
6.3357224
6.2251754
7.207342
6.1188803
6.2251754
6.4420176
6.1188803
7.207342
6.769407
6.1188803
6.6588597
5.791491
5.791491
6.3357224
6.2251754
6.8799534
6.2251754
6.9905005
6.8799534
7.4241843
5.791491
6.2294273
5.6851964
5.6851964
5.468354
6.663111
6.4462695
6.1188803
6.4462695
6.2294273
6.8799534
5.902038
6.1188803
6.3357224
6.1188803
6.8799534
6.8799534
6.663111
6.8799534
6.012585
5.791491
5.791491
5.902038
6.4462695
5.791491
7.207342
6.4462695
6.3357224
6.3357224
6.4462695
7.4241843
5.791491
7.4241843
6.769407
5.8977866
6.8799534
6.4420176
6.1188803
7.5347314
5.574649
5.357807
7.207342
6.7736583
6.008333
5.6809444
7.207342
6.769407
7.096796
6.769407
6.5525646
7.096796
6.008333
6.8799534
6.2251754
6.8799534
6.114629
6.8799534
6.769407
6.986249
8.185258
7.313638
7.313638
6.4420176
6.9905005
6.008333
5.464102
6.3357224
7.207342
7.313638
6.986249
6.5483127
7.857869
7.313638
6.8799534
7.4241843
7.313638
6.8799534
7.4241843
7.857869
6.986249
6.6588597
7.4241843
7.9684157
6.986249
6.875702
6.769407
6.986249
7.096796
6.3357224
6.663111
7.313638
6.4420176
7.4241843
7.4241843
6.769407
6.8799534
7.6410265
6.769407
6.5525646
7.7515736
6.663111
6.4462695
7.096796
6.2251754
7.6410265
8.185258
6.875702
7.313638
7.4241843
6.5525646
6.769407
7.6410265
6.5525646
7.096796
7.6410265
8.295805
7.096796
6.3357224
7.6410265
7.096796
6.3357224
7.207342
6.5525646
6.8799534
6.663111
7.4241843
4.9198713
6.012585
6.7736583
6.3357224
6.5525646
7.6410265
6.8799534
7.096796
7.207342
7.207342
6.986249
7.6410265
6.5525646
7.4241843
7.857869
6.769407
6.4420176
7.313638
6.5525646
6.5525646
7.096796
7.5347314
6.5525646
7.317889
6.8799534
6.663111
6.4462695
7.207342
6.7736583
6.8842053
6.008333
6.663111
6.556816
7.317889
6.4462695
7.5347314
7.207342
6.8799534
6.663111
7.207342
6.008333
6.769407
7.096796
7.313638
7.313638
6.8799534
7.4241843
6.1188803
7.5347314
7.4241843
6.8799534
7.5347314
7.4241843
6.663111
6.663111
6.7736583
6.1188803
5.902038
6.4462695
6.556816
6.7736583
6.9905005
5.902038
5.791491
6.9905005
6.8799534
6.2251754
7.096796
7.096796
6.663111
7.7515736
6.3357224
7.6410265
6.986249
6.8799534
7.4241843
6.3357224
7.5347314
7.9684157
7.313638
6.769407
7.857869
7.6410265
6.8799534
7.207342
7.207342
6.8799534
7.857869
6.663111
7.207342
7.7515736
6.3357224
7.096796
7.313638
6.8799534
6.4420176
7.4241843
6.769407
7.9684157
7.4241843
6.6588597
6.8799534
6.769407
6.2251754
7.207342
7.096796
6.3357224
7.857869
7.4241843
7.096796
6.663111
6.8799534
7.6410265
6.4420176
6.3357224
7.096796
7.207342
6.3357224
7.1010475
5.6851964
7.5347314
6.9905005
5.6851964
6.8799534
7.096796
5.902038
6.7736583
6.4462695
6.2294273
6.667363
5.795743
6.123132
6.123132
6.556816
5.6851964
5.795743
6.123132
5.468354
5.902038
6.667363
5.468354
5.3620586
6.450521
5.0346694
6.123132
5.689448
5.689448
5.3620586
4.928375
6.450521
5.578901
5.578901
6.3442264
5.1452165
4.7115326
5.038922
5.578901
4.4946904
5.038922
5.689448
5.1452165
4.6009855
6.016837
4.8178277
4.7115326
4.7115326
5.2557635
4.2778482
5.799995
4.3841434
4.8220797
4.6009855
4.4946904
5.2600155
4.7115326
4.167301
4.605237
4.3841434
4.4946904
4.3883953
5.038922
5.038922
4.2778482
5.038922
4.3841434
5.799995
5.4726057
5.689448
5.4726057
5.3620586
5.1452165
4.928375
4.928375
5.4726057
5.2557635
5.4726057
4.928375
5.4726057
5.689448
4.928375
5.2557635
4.928375
5.2557635
4.056754
5.583153
5.2557635
4.8178277
4.6009855
5.1452165
5.1452165
4.8178277
5.90629
5.251512
5.689448
5.3620586
5.0346694
4.8178277
4.8178277
5.0346694
6.450521
6.339974
5.578901
6.123132
6.339974
6.012585
6.123132
5.90629
6.012585
6.556816
6.012585
5.90629
6.012585
5.90629
5.3620586
5.795743
5.795743
6.2336793
6.123132
5.795743
5.3620586
5.795743
6.556816
5.578901
5.689448
6.339974
5.4726057
5.795743
5.90629
6.450521
5.578901
6.2294273
5.902038
5.578901
7.4284363
5.90629
5.578901
6.556816
6.123132
5.140965
6.556816
6.123132
5.468354
7.2115946
5.251512
5.689448
6.339974
6.012585
6.123132
6.339974
6.667363
5.795743
5.468354
5.90629
6.667363
6.123132
5.3620586
6.8842053
6.123132
6.3357224
6.123132
6.556816
6.556816
6.012585
6.667363
6.8842053
6.1188803
5.6851964
5.795743
7.4284363
6.2294273
5.90629
5.902038
5.90629
5.6851964
6.012585
7.317889
6.339974
6.2294273
6.012585
6.667363
6.339974
5.902038
5.902038
7.317889
6.1188803
5.6851964
6.9905005
5.6851964
6.012585
6.123132
5.6851964
5.90629
6.123132
6.9947524
6.663111
5.251512
5.795743
6.556816
7.207342
5.468354
5.251512
5.6851964
7.1010475
6.3357224
6.1188803
6.4462695
6.9905005
7.207342
5.574649
6.9905005
6.9905005
7.4241843
6.7736583
6.1188803
6.556816
7.1010475
5.902038
6.556816
6.2294273
5.357807
5.574649
6.556816
5.791491
6.556816
6.1188803
5.795743
6.1188803
6.2294273
7.207342
6.9905005
6.3357224
6.7736583
6.9905005
6.986249
6.8799534
7.6410265
7.096796
7.5347314
7.096796
7.207342
6.663111
6.3357224
6.769407
6.769407
7.207342
6.5525646
6.3357224
7.096796
6.769407
7.4241843
7.203091
6.6588597
6.986249
6.114629
6.6588597
7.313638
7.203091
7.747322
7.203091
8.074712
7.203091
7.857869
6.6588597
7.096796
7.853617
8.181006
8.508395
8.725238
7.9599123
6.875702
7.857869
7.419933
7.419933
8.4021
7.526228
8.181006
8.397848
7.526228
8.835785
8.181006
8.397848
8.287301
7.74307
8.181006
8.397848
6.875702
7.419933
8.2915535
8.181006
7.309386
7.853617
7.0882916
8.397848
9.158921
7.526228
8.614691
7.9599123
8.181006
8.508395
8.8315325
7.74307
9.048374
8.614691
7.853617
8.835785
8.725238
6.765155
8.835785
8.181006
7.419933
7.9641643
7.526228
8.181006
7.203091
8.725238
8.287301
7.526228
8.397848
8.94208
8.287301
7.9641643
8.614691
9.048374
7.1988387
8.504144
9.592606
8.287301
8.94208
8.8315325
8.504144
7.74307
8.070459
7.9641643
8.614691
7.419933
7.309386
7.853617
8.2915535
7.853617
7.9641643
8.397848
7.9641643
7.313638
8.618942
8.2915535
8.618942
8.074712
8.4021
8.508395
7.9641643
7.309386
8.074712
7.9641643
7.853617
7.747322
8.181006
7.203091
8.835785
8.729489
7.313638
8.4021
7.419933
7.313638
7.9641643
8.2915535
7.747322
8.2915535
7.419933
7.5304804
6.6588597
7.6410265
7.5304804
7.857869
7.857869
6.5525646
7.6410265
7.313638
6.986249
8.4021
7.6410265
7.313638
7.857869
7.203091
7.857869
8.4021
8.618942
6.986249
7.203091
7.9641643
6.765155
7.857869
8.074712
7.5304804
7.9641643
8.074712
8.2915535
8.074712
7.4241843
7.6410265
6.986249
6.4420176
7.313638
7.9684157
7.6410265
7.096796
6.114629
7.4241843
7.6410265
6.986249
7.313638
7.6410265
8.4021
8.185258
6.769407
7.313638
7.096796
7.6410265
7.747322
7.313638
8.2915535
7.313638
7.5304804
7.6410265
7.4241843
6.008333
8.185258
6.8799534
7.096796
7.096796
6.4420176
6.4420176
7.6410265
7.313638
7.096796
6.8799534
7.857869
7.096796
7.4241843
7.313638
7.6410265
7.207342
6.6588597
7.857869
7.4241843
7.4241843
6.663111
7.5304804
7.6410265
7.857869
6.5525646
7.4241843
7.4241843
7.096796
7.4241843
6.663111
7.207342
7.207342
7.096796
7.096796
7.6410265
7.7515736
7.9684157
7.207342
6.3357224
7.207342
7.6410265
6.4462695
7.6410265
7.5304804
6.114629
6.986249
8.295805
6.8799534
7.7515736
7.857869
7.7515736
7.9684157
6.663111
6.7736583
7.207342
7.9684157
7.4241843
6.8799534
7.207342
7.5347314
7.096796
6.769407
7.4241843
7.7515736
7.207342
6.769407
7.096796
7.6410265
7.9684157
7.6410265
7.7515736
7.4241843
7.096796
7.6410265
7.6410265
7.207342
7.857869
7.4241843
6.769407
7.207342
7.207342
7.7515736
7.4241843
6.8799534
7.6410265
7.857869
7.4241843
7.5304804
6.986249
7.6410265
7.7515736
7.313638
7.096796
7.313638
8.185258
7.6410265
6.5525646
8.078962
7.4241843
7.4241843
7.857869
7.7515736
7.857869
7.4241843
7.313638
7.8621206
6.769407
7.207342
7.313638
7.9684157
7.4241843
7.857869
7.6410265
7.096796
7.313638
7.9684157
7.6410265
7.857869
7.313638
8.4021
8.508395
7.313638
8.185258
7.6410265
8.729489
7.203091
7.6410265
8.074712
8.074712
8.618942
8.835785
7.747322
8.185258
7.9641643
7.419933
7.419933
8.512647
7.5304804
7.313638
7.313638
7.7515736
8.4021
7.6410265
7.857869
7.747322
8.185258
7.747322
8.4021
8.508395
7.203091
7.857869
8.181006
8.2915535
7.5304804
8.074712
8.4021
7.747322
8.074712
7.857869
8.074712
7.203091
7.6410265
7.313638
7.4241843
7.6410265
7.096796
7.9684157
8.295805
7.5347314
7.4241843
7.4241843
7.207342
7.4241843
6.4420176
7.313638
7.7515736
7.857869
8.074712
7.857869
6.8799534
7.4241843
7.9684157
6.9905005
6.7736583
6.667363
6.339974
7.317889
8.078962
7.096796
7.207342
6.8842053
6.8842053
7.1010475
5.468354
6.7736583
6.4462695
5.90629
5.799995
5.3663106
4.8220797
5.583153
5.1494684
4.8220797
5.4726057
6.2336793
5.251512
6.667363
7.317889
7.7515736
7.5347314
6.7736583
8.295805
7.6410265
7.857869
8.2915535
7.857869
8.074712
8.185258
7.6410265
7.5304804
7.313638
7.7515736
7.207342
7.4241843
7.313638
6.4420176
7.207342
7.313638
8.078962
7.4241843
7.6410265
7.207342
7.207342
8.295805
7.857869
8.618942
8.4021
9.380016
8.508395
9.163173
8.94208
9.158921
7.9641643
9.269468
8.8315325
8.508395
9.269468
8.397848
8.508395
8.618942
8.4021
7.203091
8.618942
8.729489
7.096796
7.6410265
7.4241843
7.5304804
7.7515736
7.7515736
6.663111
7.8621206
8.295805
6.5525646
8.185258
7.6410265
7.313638
7.7515736
7.747322
8.185258
8.729489
8.618942
8.618942
8.835785
8.074712
8.185258
8.618942
9.052627
8.835785
8.725238
8.835785
6.986249
7.313638
7.747322
7.4241843
7.7515736
7.096796
7.6410265
7.857869
6.769407
7.857869
7.6410265
6.8799534
6.8799534
6.8799534
7.313638
7.4241843
8.2915535
7.096796
8.185258
7.857869
9.158921
8.181006
8.614691
9.8137
9.269468
7.9641643
8.181006
8.725238
8.508395
8.94208
6.6588597
8.074712
7.313638
7.5304804
8.729489
8.295805
7.857869
7.857869
6.769407
7.6410265
7.5304804
8.185258
7.313638
6.986249
7.9684157
7.5304804
7.5304804
8.4021
6.4420176
7.313638
6.5525646
7.6410265
6.4420176
7.9684157
8.074712
7.857869
7.4241843
6.114629
7.5304804
7.313638
7.4241843
6.986249
8.4021
7.6410265
7.313638
7.9684157
6.5525646
7.096796
6.5525646
6.8799534
7.207342
7.207342
6.8799534
7.4241843
6.8799534
6.5525646
7.313638
6.2251754
6.3357224
7.4241843
7.207342
6.769407
8.074712
7.313638
7.6410265
7.313638
7.313638
7.6410265
6.986249
7.857869
7.5304804
7.419933
7.747322
8.725238
8.508395
7.747322
8.181006
7.74307
9.265217
9.15467
9.698901
10.132585
10.132585
9.477807
10.23888
10.128334
10.0220375
11.004206
9.805196
9.809448
9.915743
8.8315325
9.371511
9.919995
8.28305
8.070459
7.9599123
7.305134
9.265217
8.499891
9.809448
9.477807
9.371511
10.132585
10.349427
10.0220375
10.132585
10.566269
11.221047
10.455723
10.459974
10.566269
9.260964
9.592606
10.353679
8.28305
8.287301
9.486311
7.419933
8.181006
7.309386
8.181006
7.5304804
6.986249
7.313638
6.769407
7.5304804
7.096796
6.986249
7.9684157
7.9684157
7.203091
7.747322
7.5304804
7.747322
8.181006
8.508395
9.052627
9.375764
8.94208
8.614691
8.614691
8.94208
9.158921
9.375764
9.592606
10.353679
9.805196
9.482059
9.809448
9.15467
8.94208
9.809448
9.809448
8.393597
8.070459
8.720985
8.508395
9.265217
8.720985
7.636775
8.287301
8.393597
7.74307
9.269468
8.720985
9.048374
9.15467
9.15467
9.482059
10.787363
10.455723
10.349427
11.004206
10.783112
9.915743
9.698901
10.676816
10.132585
10.132585
10.132585
10.459974
8.937827
10.681068
8.610438
8.8315325
9.809448
10.136837
9.048374
9.048374
9.048374
8.82728
8.720985
8.614691
8.181006
8.070459
9.048374
8.94208
9.703153
8.720985
7.9599123
8.8315325
8.614691
8.94208
9.158921
9.265217
8.610438
9.265217
8.720985
8.720985
9.592606
8.720985
8.176754
8.8315325
9.265217
8.720985
9.592606
9.265217
9.482059
8.720985
9.486311
9.482059
8.720985
9.375764
9.15467
9.371511
8.720985
9.158921
8.720985
8.610438
9.048374
9.698901
9.15467
9.482059
9.265217
9.265217
10.570521
9.044123
10.243132
10.353679
8.82728
8.393597
9.048374
9.809448
8.8315325
8.393597
10.136837
9.260964
8.720985
8.397848
8.393597
8.070459
9.048374
9.809448
8.720985
8.937827
8.720985
8.393597
8.8315325
8.725238
8.8315325
8.287301
9.158921
8.8315325
8.720985
9.044123
9.919995
8.937827
9.375764
9.919995
8.937827
8.176754
8.94208
9.486311
7.9599123
8.614691
7.74307
9.048374
9.158921
9.158921
8.614691
7.309386
8.074712
8.181006
7.092544
7.5304804
7.636775
8.070459
7.419933
8.2915535
8.181006
8.397848
7.309386
8.508395
8.614691
7.203091
8.2915535
8.614691
7.636775
8.397848
9.158921
9.052627
8.508395
8.287301
7.636775
8.181006
8.946331
7.415681
8.618942
7.853617
8.397848
8.2915535
7.9641643
8.614691
8.508395
8.725238
8.614691
8.504144
8.181006
9.375764
7.853617
7.9641643
8.8315325
8.725238
8.181006
8.94208
8.8315325
7.9641643
8.94208
8.504144
7.747322
9.052627
8.181006
8.181006
8.074712
8.397848
7.747322
8.508395
8.397848
8.070459
8.397848
9.052627
8.614691
8.397848
8.181006
7.419933
8.2915535
8.725238
8.614691
8.397848
8.074712
8.508395
8.070459
8.181006
8.074712
8.070459
7.419933
8.074712
7.9641643
7.203091
7.857869
8.4021
7.309386
7.9641643
7.9641643
7.747322
7.6410265
7.857869
6.875702
7.419933
8.2915535
8.2915535
7.5304804
6.769407
7.636775
7.636775
7.747322
7.747322
7.4241843
7.857869
7.313638
7.747322
7.9641643
6.875702
7.096796
7.747322
7.419933
7.313638
7.9641643
7.9641643
7.092544
8.725238
7.853617
7.203091
7.747322
7.313638
7.092544
7.313638
8.074712
7.309386
7.092544
6.6588597
7.419933
6.769407
7.313638
6.986249
7.096796
7.6410265
8.185258
6.875702
6.769407
8.074712
7.5304804
7.313638
7.857869
7.747322
7.5304804
7.5304804
7.313638
6.4420176
7.5347314
7.096796
6.2251754
6.875702
6.986249
6.769407
7.207342
6.986249
6.769407
7.5347314
6.9905005
6.2251754
7.096796
6.769407
6.986249
7.4241843
7.4241843
7.096796
6.5525646
7.207342
6.9905005
7.207342
7.6410265
6.3357224
6.9905005
6.769407
7.096796
7.207342
6.3357224
6.4462695
6.2294273
6.7736583
5.468354
6.2294273
6.1188803
6.4462695
4.9198713
6.9905005
6.3357224
6.663111
7.317889
6.4420176
6.1188803
7.4241843
7.096796
6.3357224
7.4241843
6.2251754
6.5525646
7.096796
7.313638
7.096796
6.4420176
6.4462695
6.663111
6.663111
6.3357224
5.791491
6.4462695
5.791491
6.4462695
6.556816
6.4462695
6.3357224
7.7515736
6.5525646
6.663111
7.7515736
6.9905005
5.902038
6.4462695
6.9905005
6.8842053
6.9905005
6.663111
6.663111
6.9905005
6.339974
6.556816
5.902038
6.012585
6.7736583
6.4462695
6.7736583
7.4241843
6.8799534
6.9905005
6.1188803
6.2294273
6.556816
6.8842053
6.556816
7.1010475
6.667363
5.902038
6.8842053
6.9905005
6.9905005
5.902038
6.556816
6.663111
6.663111
6.8842053
7.317889
6.663111
7.317889
5.902038
6.9905005
6.667363
7.317889
6.4462695
6.339974
6.2294273
6.2294273
6.2294273
6.556816
6.2294273
6.4462695
5.795743
6.123132
6.012585
6.556816
6.123132
6.7736583
6.663111
5.6851964
6.663111
6.4462695
6.8842053
7.8621206
7.207342
6.9905005
6.7736583
6.556816
8.078962
6.8842053
7.1010475
7.6452785
6.7736583
6.667363
7.1010475
5.90629
5.90629
6.450521
5.689448
6.339974
5.689448
6.7736583
6.667363
6.9947524
6.339974
5.799995
6.123132
4.8178277
5.799995
5.4726057
4.7115326
5.038922
4.8220797
3.844164
4.8220797
5.0431733
3.6273217
4.4989424
3.9504592
4.4946904
5.4726057
6.123132
5.578901
6.339974
6.123132
5.3620586
6.339974
6.9947524
6.2294273
5.902038
6.2294273
6.556816
5.357807
6.450521
6.339974
5.689448
5.3620586
5.799995
5.251512
5.4726057
5.578901
5.2557635
4.7115326
4.605237
3.9504592
4.2778482
4.8220797
5.2557635
6.016837
5.4726057
5.4726057
6.123132
5.3620586
6.450521
6.2294273
5.795743
6.339974
6.4462695
6.8842053
5.795743
6.2294273
6.012585
5.251512
6.339974
5.689448
4.7115326
5.799995
4.605237
4.4946904
5.583153
3.62307
5.3663106
3.9504592
4.605237
5.1494684
5.6937
5.2557635
4.8220797
4.8220797
5.038922
4.928375
5.1452165
5.583153
5.4726057
5.2557635
5.4726057
5.799995
4.928375
4.8220797
5.038922
4.167301
5.2557635
5.4726057
4.490439
5.583153
5.2557635
4.2778482
4.605237
3.954711
4.171553
4.3883953
4.2821
4.4989424
5.2600155
5.1494684
3.844164
4.0610065
4.171553
3.406228
4.3883953
5.038922
4.4946904
4.9326262
4.167301
5.2557635
4.7115326
4.8220797
5.1494684
5.1494684
4.4989424
4.4989424
4.3883953
3.7336173
4.0610065
4.605237
5.2557635
4.9326262
5.1494684
4.9326262
4.3883953
4.0610065
4.9326262
3.954711
3.844164
3.954711
2.7557018
4.065258
4.4989424
3.844164
3.5210268
4.715784
4.3883953
3.5167751
4.4989424
3.954711
4.0610065
4.3883953
4.9326262
4.7115326
5.038922
4.715784
3.844164
4.171553
4.715784
4.605237
4.715784
4.8220797
4.0610065
4.3883953
4.605237
4.0610065
4.4989424
4.9326262
3.954711
3.737869
4.2821
4.4989424
4.3883953
4.065258
3.6273217
3.737869
4.826331
3.954711
4.4989424
3.737869
3.737869
4.826331
3.737869
4.171553
4.2821
4.4989424
3.9589627
4.065258
3.1936376
3.5210268
3.844164
4.605237
3.737869
4.4989424
4.065258
3.737869
4.2821
4.171553
4.4989424
4.826331
3.1936376
4.2821
4.6094894
3.5210268
3.737869
4.2821
4.826331
4.2821
4.171553
3.5210268
3.4104798
2.9767957
3.848416
3.848416
2.7599535
3.631574
3.631574
4.2821
3.737869
3.848416
3.4104798
3.4104798
3.848416
4.065258
4.171553
5.0431733
3.5210268
3.954711
4.6094894
3.737869
3.1936376
4.720036
4.3926473
4.065258
4.065258
3.737869
4.065258
3.3041847
4.2821
3.414732
3.3041847
3.0873425
3.631574
3.848416
4.720036
3.848416
3.1936376
3.3041847
4.065258
4.1758046
3.954711
4.2821
4.4989424
3.1936376
3.737869
4.6094894
3.0830908
3.4104798
4.4989424
3.954711
3.1936376
3.737869
4.4989424
3.3041847
3.5210268
4.6094894
2.8662488
3.954711
4.715784
4.171553
4.0610065
4.715784
3.844164
4.3883953
4.4989424
3.954711
4.0610065
4.4989424
4.605237
4.605237
5.3663106
3.0830908
3.954711
4.4989424
3.4104798
4.6094894
3.844164
4.0610065
4.3883953
3.6273217
4.4989424
4.8220797
3.954711
4.171553
4.2778482
4.0610065
4.3883953
4.7115326
4.8220797
4.9326262
4.9326262
5.4768577
5.4768577
5.3663106
5.038922
4.3883953
5.583153
3.844164
4.605237
4.171553
3.5167751
4.715784
5.3663106
4.9326262
4.3883953
5.038922
4.9326262
4.0610065
4.605237
4.171553
4.715784
4.0610065
4.3883953
5.038922
5.4726057
5.2557635
5.038922
5.2557635
4.4946904
4.8220797
5.4726057
5.3663106
4.8220797
5.1494684
4.4946904
4.605237
4.8220797
4.4989424
4.9326262
4.0610065
4.3883953
5.2600155
4.8220797
4.9326262
5.4768577
4.2778482
4.715784
4.715784
4.171553
4.9326262
4.8220797
5.038922
4.8220797
5.583153
4.8220797
4.8220797
5.1494684
4.8220797
3.6273217
5.2600155
4.3883953
4.9326262
5.3663106
4.605237
4.3883953
3.954711
5.2600155
4.8220797
4.4946904
5.689448
4.928375
4.167301
4.3883953
4.9326262
4.171553
4.9326262
4.605237
4.8220797
4.928375
5.4726057
5.90629
5.2557635
5.9105415
4.7115326
4.4946904
5.583153
5.4726057
6.016837
5.799995
5.689448
5.1452165
5.2557635
6.1273837
5.583153
5.2557635
6.2336793
5.9105415
5.3620586
5.3663106
4.7115326
5.9105415
4.928375
5.4726057
6.561068
5.583153
6.9947524
6.016837
5.578901
6.561068
5.3620586
6.016837
6.123132
5.799995
6.123132
6.556816
6.339974
5.6851964
6.123132
6.77791
5.4726057
5.689448
6.016837
5.4726057
5.1452165
5.038922
6.2336793
5.799995
5.799995
5.2557635
6.454773
6.016837
6.016837
5.689448
6.2336793
5.90629
5.799995
5.578901
5.90629
6.2336793
6.667363
6.667363
6.9947524
7.3221416
6.123132
6.561068
6.2336793
6.016837
6.450521
6.667363
5.90629
6.450521
5.90629
6.667363
6.667363
6.9947524
5.795743
6.450521
6.2336793
6.556816
6.8842053
6.123132
6.450521
5.90629
5.689448
5.90629
6.77791
6.450521
6.8842053
6.8842053
6.556816
7.8621206
6.8842053
6.8842053
7.4284363
5.90629
6.8842053
7.1010475
6.8842053
7.4284363
6.9905005
6.556816
6.7736583
7.207342
6.450521
6.2336793
6.77791
5.90629
6.77791
6.123132
6.561068
6.2336793
6.450521
5.4726057
6.77791
5.90629
5.90629
6.77791
5.799995
6.016837
6.016837
5.799995
5.90629
6.77791
6.667363
6.667363
6.556816
6.450521
6.339974
6.450521
6.8842053
6.2336793
6.450521
6.8842053
5.578901
6.9947524
6.2336793
6.2336793
6.016837
6.561068
6.561068
5.689448
6.561068
5.2557635
6.016837
6.2336793
5.3620586
6.2336793
6.016837
6.667363
6.667363
6.667363
6.123132
6.450521
6.667363
5.3620586
6.667363
6.9947524
5.3620586
6.667363
6.8842053
5.578901
6.667363
6.016837
6.450521
6.123132
5.90629
5.578901
7.2115946
6.2336793
5.583153
6.016837
6.77791
5.90629
6.667363
6.667363
6.123132
7.1010475
6.339974
5.689448
7.2115946
6.667363
6.667363
7.4284363
6.450521
6.8842053
6.2336793
5.90629
6.339974
6.450521
6.123132
5.4726057
6.123132
6.123132
6.2336793
6.2294273
5.795743
7.1010475
6.123132
5.90629
6.450521
6.450521
6.667363
6.9947524
6.339974
6.339974
7.317889
6.8842053
5.795743
6.77791
6.667363
6.123132
6.9947524
5.4726057
6.77791
5.689448
6.2336793
5.4726057
6.561068
5.251512
6.77791
7.2115946
6.450521
6.450521
6.339974
5.799995
6.016837
6.77791
5.799995
5.799995
5.583153
6.2336793
5.583153
6.2336793
6.561068
5.4726057
5.583153
5.2557635
5.1452165
6.016837
7.1052995
5.689448
5.2557635
5.9105415
5.799995
6.016837
5.583153
5.799995
6.561068
6.77791
5.2557635
5.583153
6.3442264
6.1273837
5.2557635
5.4726057
4.605237
5.2557635
4.605237
6.1273837
5.038922
5.038922
5.038922
5.9105415
5.6937
5.799995
5.1494684
4.8220797
5.038922
5.799995
5.1494684
5.6937
5.3663106
5.3663106
5.2557635
5.9105415
5.3663106
5.583153
5.4768577
5.2557635
5.1494684
4.8220797
5.804247
4.9326262
5.1494684
5.2600155
5.038922
5.6937
6.0210886
5.2557635
5.1494684
5.583153
5.3663106
4.8220797
5.3663106
4.715784
4.605237
5.4768577
5.5874047
4.4989424
4.715784
5.2600155
4.4989424
4.9326262
5.9105415
4.171553
5.4768577
5.3663106
5.1494684
6.0210886
6.016837
5.038922
5.4726057
5.038922
5.3663106
5.9105415
5.1494684
4.715784
5.0431733
5.804247
4.9326262
5.1494684
5.799995
4.605237
5.2600155
6.1273837
4.605237
4.8220797
5.3663106
5.4768577
4.4989424
5.2600155
4.171553
5.9105415
5.583153
5.583153
6.1273837
4.8220797
5.3663106
5.3663106
5.1494684
4.3883953
6.1273837
5.6937
5.2557635
6.671615
5.2557635
5.6937
6.1273837
5.3663106
4.605237
5.1494684
5.2600155
5.1494684
5.038922
4.9326262
5.2557635
5.3663106
5.799995
5.4768577
4.8220797
5.9105415
6.1273837
5.3663106
5.1494684
5.2557635
4.605237
6.1273837
5.038922
5.9105415
5.3663106
6.1273837
5.038922
6.3442264
6.016837
5.799995
5.2557635
5.799995
6.237931
5.3663106
5.4726057
5.799995
6.3442264
6.2336793
6.016837
6.016837
5.799995
6.2336793
6.3442264
5.2557635
5.038922
6.3442264
5.583153
5.2557635
5.689448
6.2336793
5.4726057
6.3442264
6.450521
5.4726057
6.77791
6.450521
6.016837
6.671615
7.1010475
6.450521
6.2336793
6.2336793
6.2336793
6.339974
5.90629
6.2336793
6.561068
6.9947524
5.1452165
6.450521
6.450521
6.339974
7.1010475
5.689448
6.016837
6.339974
6.016837
6.667363
6.561068
5.6937
6.561068
6.339974
6.77791
5.689448
6.9947524
6.339974
6.2336793
6.8842053
6.9947524
6.667363
6.77791
5.689448
6.339974
6.9947524
5.689448
6.450521
6.77791
6.016837
6.450521
5.3620586
5.9105415
6.016837
6.2336793
6.123132
6.339974
7.2115946
6.123132
6.339974
7.4284363
6.339974
6.450521
6.667363
7.2115946
6.7736583
6.2336793
6.667363
6.8842053
6.2336793
6.450521
6.339974
5.90629
6.123132
6.9905005
6.8842053
6.8842053
7.317889
6.012585
6.450521
6.123132
6.667363
7.317889
7.317889
6.450521
7.6452785
6.556816
7.4284363
7.5347314
6.7736583
7.2115946
7.6452785
6.8842053
6.450521
7.2115946
6.9905005
6.8799534
7.207342
7.317889
7.8621206
7.5347314
7.5347314
7.7515736
8.295805
6.7736583
7.5347314
8.078962
7.4241843
7.9684157
7.9684157
6.7736583
7.5347314
8.078962
7.1010475
7.1010475
7.9726677
6.339974
6.7736583
6.7736583
7.1010475
6.7736583
7.5347314
6.9905005
7.207342
6.9905005
7.5347314
7.7515736
7.207342
6.663111
8.185258
8.078962
7.207342
8.295805
7.8621206
7.7515736
7.317889
7.4284363
6.663111
7.317889
7.6452785
6.8842053
8.189509
6.7736583
6.9905005
7.7515736
6.9905005
7.5347314
7.8621206
6.667363
7.4284363
7.317889
6.339974
6.667363
6.667363
6.8842053
7.1010475
7.207342
7.4284363
7.6452785
7.317889
7.317889
7.317889
6.7736583
6.9905005
6.7736583
6.339974
6.7736583
7.317889
7.317889
6.556816
7.7515736
8.295805
7.317889
7.4284363
7.1010475
6.7736583
6.7736583
7.2115946
7.6452785
6.7736583
7.1010475
8.078962
7.7515736
7.4241843
7.4241843
8.295805
7.5347314
7.7515736
7.207342
6.9905005
7.317889
7.7515736
7.6452785
8.295805
7.5347314
8.189509
8.078962
7.5347314
8.295805
7.4241843
7.6452785
7.207342
7.5347314
7.317889
8.078962
7.317889
7.207342
6.9905005
7.9684157
7.8621206
7.5347314
7.317889
7.8621206
7.5347314
8.295805
7.207342
7.5347314
8.406352
7.5347314
7.7515736
8.295805
7.207342
7.6410265
7.6452785
6.7736583
7.5347314
7.1010475
7.8621206
7.317889
7.4284363
7.8621206
6.9905005
7.317889
7.9726677
6.7736583
7.1010475
7.5347314
7.7515736
7.317889
7.1010475
7.6410265
6.8799534
7.5347314
7.5347314
7.1010475
7.317889
7.5347314
7.7515736
6.9905005
7.7515736
6.9905005
7.9684157
7.1010475
7.1010475
6.8842053
7.2115946
7.2115946
6.556816
7.4284363
7.1010475
6.667363
6.2336793
6.8842053
7.1010475
6.556816
6.8842053
6.556816
6.8842053
7.1010475
7.5347314
6.9905005
7.1010475
6.7736583
7.6452785
7.1010475
6.450521
6.8842053
6.339974
6.450521
6.2336793
6.450521
6.9947524
7.3221416
6.556816
6.556816
7.317889
6.8842053
7.4284363
6.339974
6.556816
6.450521
6.123132
6.339974
5.795743
5.689448
6.561068
6.2336793
6.9947524
6.450521
6.450521
6.339974
6.8842053
5.90629
7.317889
6.123132
7.538984
6.7736583
7.317889
7.538984
6.8842053
6.012585
7.4284363
7.2115946
6.339974
7.2115946
6.8842053
6.667363
6.9947524
7.4284363
5.90629
7.2115946
6.2294273
6.016837
5.689448
6.123132
7.1052995
6.9947524
6.8842053
5.4726057
6.339974
7.4284363
6.9947524
7.8621206
6.8842053
6.450521
7.1010475
6.556816
6.123132
6.7736583
6.450521
5.90629
6.667363
6.8842053
6.8842053
6.2294273
6.450521
6.9947524
6.450521
5.2557635
6.9947524
5.799995
6.016837
6.2336793
6.016837
5.4726057
6.450521
6.2336793
6.671615
6.450521
6.2336793
6.016837
6.77791
5.3620586
5.583153
6.561068
6.561068
5.9105415
5.799995
5.3663106
6.2336793
6.3442264
5.583153
6.3442264
5.6937
5.583153
6.454773
5.799995
5.3663106
5.038922
5.4768577
5.1494684
5.1494684
4.171553
5.4768577
5.2600155
4.715784
4.4989424
5.2600155
4.715784
4.3883953
5.3663106
4.3883953
4.715784
5.0431733
5.6937
5.2600155
4.9326262
5.2600155
5.4768577
4.171553
5.0431733
5.0431733
6.0210886
4.4989424
4.9326262
3.954711
4.826331
4.0610065
3.4104798
4.3926473
4.715784
3.848416
3.5210268
4.2821
4.2821
4.936878
4.3926473
3.737869
3.3041847
4.936878
4.065258
4.4989424
4.2821
4.4989424
4.4989424
4.4989424
3.5210268
4.826331
4.6094894
3.631574
4.720036
4.6094894
4.065258
4.3926473
3.848416
4.1758046
4.1758046
3.848416
4.3926473
4.6094894
3.848416
3.5210268
4.3926473
3.631574
3.737869
4.2821
5.0431733
4.4989424
4.4989424
4.715784
4.2821
3.848416
4.6094894
5.1537204
5.0431733
3.631574
4.065258
4.4989424
4.2821
4.2821
4.9326262
4.936878
4.4989424
4.065258
4.715784
4.171553
5.1537204
4.6094894
4.2821
4.3926473
4.6094894
4.3926473
4.3926473
4.2821
4.826331
4.065258
5.0431733
4.936878
4.6094894
4.4989424
5.0431733
4.2821
4.171553
4.4989424
4.2821
4.9326262
4.2821
4.826331
4.6094894
5.1537204
4.826331
3.5210268
4.503194
4.6094894
3.848416
4.3926473
4.936878
3.4104798
4.2821
3.6273217
5.0431733
4.065258
3.848416
3.9589627
4.065258
3.9589627
3.9589627
3.1978896
4.1758046
4.065258
4.065258
3.631574
4.2821
5.2600155
4.2821
3.737869
4.171553
4.2821
4.715784
4.1758046
3.954711
3.737869
4.2821
3.3041847
3.9589627
4.065258
3.9589627
3.414732
3.7421207
4.06951
4.720036
3.5210268
4.06951
4.3926473
3.5210268
3.848416
3.631574
3.9589627
3.9589627
4.3926473
4.1758046
3.631574
2.9767957
3.5252786
3.9589627
3.0873425
3.7421207
3.848416
4.503194
3.414732
3.9589627
4.3926473
3.631574
3.3041847
3.414732
4.2863517
3.737869
3.414732
4.720036
4.065258
3.9589627
3.9589627
4.065258
4.06951
4.1758046
3.7421207
3.5210268
3.7421207
3.414732
4.06951
3.848416
3.7421207
3.631574
3.848416
3.3041847
3.414732
4.1758046
2.9767957
3.0873425
4.3926473
2.9767957
3.414732
4.1758046
3.4104798
3.9589627
3.631574
4.065258
3.414732
3.9589627
4.1758046
3.848416
3.414732
4.2863517
3.7421207
3.3041847
4.1758046
4.065258
4.3926473
3.848416
3.3041847
3.3041847
3.737869
4.1758046
3.9589627
3.7421207
2.9767957
3.9589627
3.414732
3.9589627
3.414732
3.0873425
3.631574
3.414732
3.848416
3.7421207
3.848416
3.414732
3.5252786
4.6094894
4.503194
4.3926473
4.1758046
4.1758046
3.7421207
4.1758046
3.414732
3.3041847
3.631574
3.0873425
3.414732
4.065258
4.3926473
3.8526678
3.631574
3.0873425
4.2863517
4.065258
3.848416
4.3926473
3.9589627
3.631574
4.1758046
3.631574
3.3041847
3.631574
3.5210268
3.848416
3.9589627
3.5210268
3.3041847
4.1758046
3.414732
4.1758046
4.06951
3.737869
4.2863517
3.1978896
3.848416
4.1758046
3.848416
3.414732
3.631574
3.414732
3.848416
3.3041847
3.414732
3.8526678
3.848416
3.414732
3.5252786
4.503194
3.631574
3.848416
3.9589627
3.631574
3.414732
3.9589627
4.2863517
2.6536584
3.414732
3.7421207
2.7642052
2.6536584
3.414732
3.414732
3.3084364
2.9810476
2.4368165
2.5473633
2.9810476
2.5473633
2.5473633
3.8526678
3.1978896
2.8747523
3.414732
3.5252786
3.631574
2.3262694
3.5252786
2.9810476
3.1978896
2.65791
2.5473633
2.4410682
2.003132
2.330521
2.003132
1.3526058
2.9852993
2.1136792
1.3526058
2.1136792
1.7862899
1.2463106
1.896837
1.7862899
2.224226
2.1136792
1.7862899
3.2021413
2.330521
2.5473633
3.3041847
2.8747523
2.1094272
3.1978896
2.8747523
3.0915945
2.9852993
1.6799948
2.330521
1.5694479
1.896837
1.6799948
1.3526058
2.3347728
1.896837
2.1136792
2.1136792
2.65791
1.4631528
1.896837
2.1136792
2.65791
1.1357636
1.7862899
2.1136792
2.7642052
2.330521
2.330521
2.7642052
2.5473633
3.4189837
3.0915945
2.330521
2.003132
2.330521
2.330521
2.224226
1.7862899
2.1136792
2.330521
2.8747523
2.1136792
2.1136792
1.6799948
1.5736997
2.224226
1.896837
1.5694479
1.7905419
1.1357636
1.4631528
2.224226
2.4410682
2.4410682
2.8747523
2.1136792
2.9852993
2.8747523
1.4631528
2.8747523
2.9852993
2.1136792
1.896837
2.4410682
2.1136792
2.5516152
1.3526058
2.8747523
2.224226
1.5736997
2.1136792
2.224226
1.4631528
2.4410682
1.0294685
2.3347728
1.1357636
1.2463106
2.0073838
1.6799948
1.4631528
1.896837
1.5736997
2.224226
1.0294685
1.6799948
2.1136792
2.224226
1.896837
2.0073838
2.4410682
2.5473633
2.224226
1.7862899
2.224226
1.896837
2.330521
1.5694479
2.4410682
2.1136792
2.1136792
3.3084364
2.330521
2.9852993
2.8747523
2.7684572
2.2199743
1.3526058
2.0073838
2.224226
2.1136792
2.65791
2.4410682
2.65791
2.5473633
2.65791
3.2021413
2.4410682
2.7642052
2.4368165
2.5473633
3.3084364
2.2199743
3.3084364
2.5473633
2.7642052
2.8747523
2.1136792
2.4410682
2.1136792
2.5473633
2.330521
2.7642052
2.330521
2.1136792
1.896837
3.3084364
1.5694479
2.5473633
2.5473633
3.0915945
2.330521
3.5252786
3.2021413
3.0915945
2.5473633
3.5252786
2.7642052
3.0915945
3.1978896
2.8747523
3.0915945
3.0915945
2.330521
2.5473633
3.4189837
3.414732
1.7862899
2.7642052
3.2021413
2.1136792
1.1357636
2.330521
2.8747523
2.7642052
2.4368165
3.5252786
2.330521
2.7642052
2.9810476
3.7421207
3.1978896
4.06951
4.1758046
3.631574
3.3041847
3.848416
3.5252786
3.5252786
4.06951
3.414732
3.414732
3.0873425
3.9589627
2.7642052
2.8705006
3.0873425
3.0873425
2.7642052
3.5252786
3.631574
3.7421207
3.848416
2.6536584
3.3041847
2.9810476
3.0873425
3.7421207
3.848416
3.631574
3.848416
4.503194
4.1758046
3.3041847
3.1978896
4.3926473
4.3926473
3.3041847
4.6094894
4.720036
3.631574
4.1758046
3.737869
3.737869
4.3926473
3.5210268
3.3041847
3.631574
3.737869
3.631574
4.1758046
4.3926473
4.3926473
3.1936376
3.848416
3.848416
4.2821
3.9589627
4.065258
3.631574
3.9589627
4.065258
4.171553
5.1494684
4.171553
4.2821
4.3926473
4.715784
4.826331
3.954711
4.4989424
4.605237
4.171553
3.848416
4.6094894
4.2821
4.4989424
3.737869
4.2821
5.4768577
4.9326262
4.715784
4.9326262
4.4989424
4.715784
4.715784
5.2600155
5.2600155
5.583153
4.0610065
5.2600155
4.9326262
4.3883953
4.2778482
5.3663106
5.1494684
5.4768577
4.9326262
5.1494684
4.715784
5.4768577
5.2600155
4.715784
4.715784
4.2821
5.1494684
5.1494684
5.3663106
5.1494684
5.3663106
5.2600155
5.1494684
5.6937
5.6937
4.8220797
5.6937
5.3663106
5.3663106
5.3663106
5.4768577
5.2600155
5.3663106
5.4726057
4.605237
5.1494684
5.583153
4.8220797
4.9326262
5.799995
5.3663106
5.3663106
5.3663106
4.8220797
5.038922
5.583153
5.1494684
6.0210886
5.583153
5.583153
5.2557635
5.583153
4.8220797
6.237931
5.6937
5.3663106
6.454773
6.3442264
5.2557635
5.583153
6.561068
5.583153
6.3442264
5.90629
5.583153
5.799995
6.3442264
5.9105415
5.3663106
6.016837
5.583153
5.583153
5.9105415
5.1494684
6.1273837
5.3663106
4.8220797
6.3442264
5.583153
5.583153
6.016837
6.450521
6.123132
7.2115946
6.450521
5.90629
6.77791
6.77791
5.689448
6.561068
5.689448
5.689448
6.561068
6.667363
5.2557635
5.4726057
6.3442264
5.2557635
5.2557635
6.3442264
4.928375
5.3663106
5.583153
5.9105415
5.2557635
6.016837
5.689448
6.450521
5.4726057
6.77791
6.454773
6.2336793
5.795743
6.450521
5.90629
6.123132
5.795743
6.667363
6.3442264
6.2336793
5.578901
6.3442264
6.016837
6.561068
5.4726057
5.799995
6.3442264
6.3442264
4.928375
5.4726057
7.1052995
5.4726057
6.667363
5.90629
6.2336793
6.667363
5.3620586
6.2336793
6.339974
6.450521
6.9947524
6.556816
6.2336793
6.667363
6.667363
6.7736583
6.556816
6.8842053
5.90629
6.667363
6.8842053
6.7736583
7.6452785
6.123132
6.450521
6.339974
6.339974
7.1010475
6.8842053
6.556816
6.8842053
6.7736583
6.667363
6.339974
6.8842053
6.667363
6.450521
6.2336793
6.556816
6.450521
6.9947524
7.5347314
6.8842053
6.667363
6.450521
6.339974
7.2115946
6.450521
6.667363
7.317889
6.012585
6.8842053
7.317889
7.317889
6.667363
6.7736583
7.4284363
6.667363
6.8842053
6.9947524
6.339974
6.7736583
6.4462695
6.9947524
6.77791
5.90629
5.90629
7.1010475
6.2336793
6.77791
6.667363
5.578901
6.2336793
6.339974
6.339974
6.77791
6.450521
6.339974
5.795743
6.016837
6.77791
6.450521
6.450521
6.667363
6.77791
6.450521
6.77791
6.667363
6.339974
6.667363
6.123132
5.90629
5.90629
6.9947524
5.3620586
5.689448
6.77791
5.689448
6.1273837
6.016837
5.795743
5.038922
5.799995
5.799995
5.2557635
5.9105415
5.799995
5.9105415
4.8178277
5.038922
6.016837
6.1273837
4.8220797
5.2557635
5.1494684
5.1494684
4.8220797
5.583153
5.6937
4.3883953
5.1494684
4.715784
4.715784
5.6937
4.171553
4.715784
5.6937
5.2600155
5.1494684
4.3883953
5.2600155
4.0610065
4.3883953
4.9326262
4.2821
4.605237
4.9326262
5.3663106
5.3663106
4.9326262
4.171553
4.9326262
5.1537204
4.4989424
4.715784
3.954711
5.2600155
3.5210268
4.171553
4.9326262
4.3883953
5.1494684
4.715784
4.715784
4.4989424
3.844164
4.715784
4.826331
4.2821
4.715784
4.4989424
4.9326262
4.4989424
5.0431733
4.3883953
4.2821
5.1537204
4.2821
4.826331
3.6273217
3.954711
4.065258
4.6094894
5.3705626
4.2821
4.4989424
4.715784
3.848416
4.3926473
3.5210268
3.848416
3.1978896
4.2821
4.1758046
3.631574
3.848416
3.848416
4.3926473
4.1758046
3.5210268
3.631574
3.3041847
4.6094894
3.3041847
4.1758046
3.848416
3.737869
4.3926473
3.631574
3.631574
3.848416
3.631574
3.631574
3.631574
4.3926473
3.0873425
3.631574
2.4325645
2.9810476
3.631574
2.6536584
3.414732
3.631574
2.8705006
3.414732
2.9810476
3.1978896
2.5431116
3.3041847
3.848416
2.8705006
3.631574
2.8705006
4.065258
3.0873425
3.5252786
3.0873425
3.414732
3.7421207
2.2199743
2.7642052
2.5473633
3.1978896
1.8925852
2.3262694
2.6536584
3.0915945
2.4368165
2.7642052
2.5473633
3.3084364
1.8925852
3.7421207
3.3084364
2.4368165
2.9810476
3.1978896
2.6536584
3.631574
3.1978896
3.9589627
2.8705006
3.5252786
4.2863517
3.7421207
2.4368165
3.414732
3.7421207
3.631574
3.1978896
3.1978896
3.631574
3.6358256
2.6536584
3.3084364
2.6536584
2.6536584
2.7642052
3.631574
3.631574
2.9810476
3.414732
3.3041847
3.414732
3.7421207
3.848416
3.5252786
3.414732
3.414732
2.6536584
2.8705006
3.3084364
3.414732
3.414732
3.1978896
3.5252786
4.3926473
3.0873425
3.3041847
3.414732
3.7421207
3.0873425
4.2863517
3.631574
3.1978896
3.848416
3.9589627
3.0873425
3.631574
3.9589627
4.065258
3.9589627
3.848416
3.848416
3.1978896
3.631574
3.414732
4.06951
3.5210268
3.9589627
3.848416
4.613741
3.9589627
3.414732
3.7421207
3.1978896
4.1758046
3.9589627
4.1758046
3.631574
2.8705006
3.3041847
4.065258
3.9589627
3.631574
4.503194
3.414732
3.9589627
3.414732
4.2863517
3.414732
3.7421207
3.414732
2.8705006
3.7421207
3.1978896
2.8705006
3.414732
3.5252786
2.8705006
3.1978896
3.9589627
3.5252786
2.7642052
2.9810476
2.9810476
2.8747523
3.3084364
3.1978896
3.0915945
2.8705006
3.3084364
2.7642052
2.003132
2.7642052
3.1978896
3.9589627
2.9810476
3.7421207
3.1978896
3.7421207
2.6536584
4.613741
3.5252786
4.06951
3.631574
3.5210268
3.414732
2.8705006
2.9810476
3.1978896
3.6358256
3.0915945
4.180057
2.9810476
2.7642052
2.1136792
3.6358256
3.0915945
2.8747523
2.1136792
3.0915945
2.5473633
3.4189837
4.06951
3.1978896
3.3084364
3.5252786
4.06951
3.7421207
4.06951
4.1758046
3.631574
3.414732
2.9810476
3.3084364
3.7421207
3.1978896
3.3084364
3.5252786
2.003132
2.1136792
3.8526678
3.5252786
2.0073838
2.9810476
2.1136792
2.8747523
2.8747523
3.6358256
1.7862899
3.9632149
2.7642052
2.5473633
3.7463725
2.9810476
4.2863517
2.4368165
2.9810476
4.06951
2.1136792
2.5473633
3.1978896
2.9810476
3.3084364
3.6358256
2.5473633
2.003132
2.330521
2.4410682
1.896837
2.7684572
2.1136792
1.6799948
1.4631528
1.6799948
2.1136792
2.1136792
3.7463725
2.9810476
2.65791
3.5252786
2.1136792
2.7684572
2.8747523
1.7862899
2.5473633
2.1136792
3.2021413
2.1136792
2.5473633
3.4189837
2.65791
2.1136792
3.0915945
2.224226
1.5694479
2.003132
2.1136792
1.4631528
2.224226
1.6799948
2.224226
1.6799948
2.5473633
2.1136792
2.65791
2.4410682
1.5694479
1.896837
1.5694479
2.5516152
2.0073838
2.65791
2.224226
2.224226
2.1136792
2.8747523
2.4410682
2.4410682
2.117931
2.0073838
2.4410682
2.0073838
1.896837
2.224226
1.896837
2.4410682
2.224226
1.896837
1.4631528
1.6799948
1.4631528
2.5516152
2.224226
1.6799948
2.9852993
2.65791
2.224226
1.896837
1.7862899
2.224226
1.4631528
2.1136792
2.8747523
2.65791
1.7905419
1.896837
2.5516152
1.4631528
2.224226
2.224226
2.224226
2.224226
1.896837
2.65791
2.330521
1.7905419
2.7684572
2.3347728
1.7905419
2.5516152
2.9852993
2.65791
2.7684572
2.1136792
3.2021413
2.5516152
1.5694479
2.3347728
2.65791
0.9189216
1.4631528
3.0958462
2.224226
1.3526058
2.4410682
2.224226
1.6799948
3.312688
2.4410682
2.224226
1.4631528
1.6799948
2.3347728
0.8126264
1.5736997
2.117931
2.0073838
2.0073838
1.4631528
2.4410682
1.6799948
2.7684572
2.0073838
1.4631528
2.3347728
2.0073838
2.0073838
2.224226
2.224226
2.4410682
1.4631528
1.4631528
2.0073838
1.5736997
1.4631528
2.0073838
2.224226
0.7020795
1.1400155
1.2463106
1.7905419
2.0073838
1.4631528
2.772709
1.7905419
0.7020795
2.224226
2.224226
1.4631528
2.224226
2.65791
2.1136792
2.879004
2.65791
2.224226
2.65791
1.2463106
2.7684572
2.8747523
1.6799948
2.224226
2.65791
2.0073838
1.7905419
1.3568575
2.0073838
2.0073838
1.7905419
3.0958462
1.6799948
1.6799948
3.0958462
2.1136792
1.7905419
2.0073838
1.896837
1.896837
2.224226
1.7905419
2.0073838
1.6799948
1.4631528
2.65791
2.4410682
2.224226
2.224226
1.7862899
2.4410682
1.3526058
1.1357636
2.4410682
2.4410682
1.896837
1.6799948
2.1136792
2.1136792
2.9852993
2.65791
2.224226
1.896837
2.5516152
1.5736997
1.6799948
2.224226
2.5516152
1.6799948
1.896837
2.224226
2.4368165
2.8747523
2.0073838
1.6799948
3.5295303
1.0294685
1.3526058
2.224226
3.0958462
2.330521
2.5473633
3.3084364
2.1136792
2.65791
3.3084364
3.0915945
2.65791
2.003132
1.7862899
1.896837
2.1136792
2.224226
2.003132
2.8747523
3.0915945
2.65791
2.65791
2.330521
2.65791
2.65791
1.896837
2.65791
1.7862899
2.330521
3.0915945
2.003132
2.7642052
3.0915945
2.4410682
2.330521
1.5694479
2.5473633
2.65791
2.5473633
2.4410682
2.224226
1.896837
2.65791
2.003132
2.5473633
2.4410682
3.312688
2.224226
1.896837
2.4410682
2.330521
2.65791
3.8526678
2.8747523
2.8747523
3.0915945
2.65791
2.9810476
3.4189837
2.65791
2.4410682
2.7642052
2.7684572
2.7642052
3.5252786
2.65791
2.1136792
2.5473633
3.2021413
2.65791
3.0915945
3.0915945
2.8747523
2.9852993
3.5252786
3.0915945
2.8705006
2.5473633
3.4189837
3.5252786
2.5473633
2.5473633
3.9589627
3.1978896
3.3084364
3.8526678
3.3084364
3.3084364
3.3084364
3.5252786
3.4189837
3.3084364
3.1978896
3.6358256
2.4410682
3.6358256
2.7642052
2.8747523
2.330521
2.003132
3.0915945
1.7862899
3.0915945
3.3084364
3.8526678
2.9810476
2.9810476
2.5473633
4.06951
3.8526678
4.2863517
3.0915945
2.8747523
2.9810476
3.0915945
3.0915945
2.330521
3.2021413
2.330521
2.8747523
3.8526678
2.65791
2.5473633
2.8747523
3.0915945
2.5473633
2.8747523
3.2021413
3.6358256
2.330521
2.7642052
3.0915945
2.7642052
4.06951
2.8747523
2.9810476
3.1978896
3.5252786
2.4368165
4.06951
3.1978896
3.5252786
4.06951
3.414732
2.5473633
3.7421207
3.9589627
3.5252786
2.9810476
2.8705006
3.0915945
2.5473633
2.9810476
2.4410682
2.65791
3.3084364
2.9810476
2.7642052
2.5473633
4.180057
2.4410682
2.224226
2.8747523
2.65791
2.8747523
3.6358256
2.9810476
3.8526678
3.7421207
2.9810476
4.2863517
3.7421207
3.8526678
3.414732
3.414732
3.7421207
2.6536584
2.4368165
3.7421207
3.5252786
2.9810476
3.0915945
3.3084364
3.3084364
2.4368165
2.5473633
2.330521
1.7862899
3.2021413
2.8747523
2.003132
3.6358256
2.9810476
2.8705006
3.7421207
3.3084364
3.414732
3.8526678
3.0915945
3.7421207
3.5252786
3.1978896
2.2199743
3.7421207
3.414732
2.8705006
2.8705006
3.7421207
2.9810476
2.7642052
2.2199743
2.9810476
4.06951
2.8747523
3.5252786
2.7642052
3.8526678
3.6358256
3.0915945
2.6536584
3.1978896
3.0915945
2.4368165
3.3084364
3.5252786
3.414732
3.1978896
3.5252786
2.4368165
3.5252786
3.0915945
3.5252786
3.1978896
3.3041847
3.5252786
3.1978896
3.7421207
3.5252786
3.9589627
3.414732
3.5252786
3.1978896
3.414732
3.848416
3.9589627
3.1978896
3.9589627
3.414732
3.8526678
3.631574
3.414732
2.9810476
3.7421207
3.414732
3.3041847
3.414732
3.7421207
2.7642052
2.4368165
3.3084364
2.4368165
2.6536584
3.9589627
3.9589627
3.9589627
2.6536584
3.3084364
3.414732
2.8705006
2.6536584
3.7421207
3.3041847
3.0873425
3.7421207
4.3926473
3.631574
4.503194
3.848416
3.9589627
3.414732
4.2863517
3.5210268
3.5210268
4.503194
4.065258
3.414732
3.7421207
4.503194
2.6536584
3.7421207
4.720036
3.3041847
3.848416
4.3926473
4.2821
4.065258
3.631574
3.848416
4.1758046
4.065258
5.2600155
4.715784
4.715784
5.2600155
5.2600155
4.6094894
5.3705626
4.3926473
4.9326262
4.171553
4.065258
3.848416
4.3926473
4.826331
4.2821
4.2821
4.9326262
4.2821
4.826331
4.826331
4.171553
4.2821
4.2821
4.6094894
4.826331
3.848416
4.065258
5.1537204
4.2821
4.171553
4.715784
4.8220797
5.2600155
4.3883953
5.6937
5.0431733
4.065258
4.605237
4.9326262
4.3883953
4.4989424
5.0431733
5.4768577
4.2821
3.954711
5.0431733
4.826331
4.065258
4.826331
4.4989424
4.4989424
5.038922
5.2600155
4.8220797
4.605237
5.4768577
5.6937
5.4768577
5.038922
5.9105415
4.171553
5.804247
5.6937
4.8220797
4.9326262
4.9326262
5.4768577
4.9326262
5.3705626
4.715784
4.171553
4.4989424
4.4989424
3.954711
5.1537204
5.0431733
5.804247
4.9326262
4.2778482
4.715784
4.605237
5.3663106
5.2600155
5.4768577
5.4768577
4.9326262
5.0431733
5.6937
5.3663106
6.237931
5.1494684
5.804247
4.9326262
4.3883953
5.804247
5.3663106
5.4768577
4.715784
5.1494684
5.3663106
4.9326262
5.1494684
5.3663106
5.3663106
5.3663106
6.1273837
5.583153
5.4768577
6.1273837
5.1494684
5.2600155
5.3663106
5.3663106
5.038922
5.799995
5.583153
6.016837
5.583153
5.3663106
6.1273837
5.6937
4.4946904
5.9105415
5.4768577
4.4946904
5.583153
5.799995
5.9105415
5.3663106
6.3442264
5.4726057
5.2557635
6.016837
6.016837
5.799995
6.339974
6.561068
5.689448
5.799995
5.3663106
5.90629
5.3663106
5.583153
6.016837
4.928375
5.583153
5.583153
5.3663106
5.583153
4.8220797
5.6937
5.6937
5.038922
4.8220797
5.9105415
5.3663106
4.8220797
5.4768577
5.799995
6.3442264
6.8884573
6.012585
6.1273837
6.016837
6.2336793
6.016837
6.2336793
5.799995
6.237931
5.799995
4.605237
5.1494684
5.2557635
5.2600155
5.3663106
4.9326262
4.2778482
5.2600155
4.4989424
3.954711
4.715784
4.4989424
4.715784
4.9326262
4.9326262
5.1494684
5.1494684
5.2600155
5.1494684
5.2600155
6.1273837
5.2557635
5.3663106
5.4768577
5.4768577
5.4768577
5.1494684
5.3663106
5.6937
4.605237
4.605237
5.3663106
5.3663106
5.1494684
4.715784
5.5874047
4.0610065
5.2600155
4.826331
4.9326262
4.9326262
4.4989424
4.9326262
5.4768577
5.1494684
4.715784
5.3663106
4.826331
5.4768577
5.1494684
5.3663106
4.715784
6.1273837
5.1494684
5.4768577
5.3663106
5.3663106
5.1494684
4.8220797
5.6937
5.1494684
4.6094894
4.936878
4.171553
4.6094894
4.2821
4.3926473
4.715784
3.954711
4.4989424
4.6094894
3.631574
4.2821
5.0431733
3.5210268
4.826331
4.715784
3.954711
4.9326262
5.2600155
4.171553
5.0431733
3.954711
4.826331
4.4989424
3.4104798
4.715784
3.848416
3.954711
5.0431733
3.954711
5.0431733
4.0610065
4.715784
4.936878
4.715784
5.0431733
4.4989424
5.0431733
4.715784
4.3926473
4.4989424
4.826331
4.2821
5.2600155
4.9326262
4.4989424
5.2600155
5.4768577
4.0610065
5.0431733
4.6094894
4.2821
4.4989424
4.065258
4.605237
4.826331
4.715784
4.4989424
4.2821
4.4989424
4.6094894
3.954711
4.4989424
4.4989424
4.2821
4.936878
4.065258
4.715784
3.737869
4.4989424
4.8220797
4.2821
4.826331
3.848416
4.503194
4.065258
4.065258
3.3041847
4.065258
4.1758046
4.4989424
4.6094894
4.503194
4.065258
3.631574
3.848416
3.631574
3.3041847
3.631574
3.848416
3.631574
3.5210268
4.1758046
4.3926473
4.2821
4.6094894
3.848416
4.6094894
4.4989424
3.4104798
4.6094894
4.936878
4.065258
3.5210268
3.737869
4.1758046
4.065258
3.737869
3.848416
4.1758046
3.9589627
4.6094894
3.7421207
3.631574
3.848416
3.414732
3.848416
4.830583
4.720036
4.2821
3.954711
4.6094894
4.6094894
4.171553
4.2821
4.826331
4.2821
5.3663106
4.715784
4.2821
3.848416
4.3883953
5.0431733
4.4989424
4.4989424
4.065258
3.631574
4.936878
4.6094894
3.631574
4.6094894
3.5210268
4.826331
4.2821
4.936878
4.4989424
4.3883953
5.4768577
4.715784
4.605237
5.6937
5.3663106
4.9326262
5.5874047
4.605237
5.6937
5.1494684
4.9326262
5.6937
5.2600155
5.4768577
4.9326262
4.9326262
4.4989424
5.804247
4.2821
5.4768577
3.954711
4.9326262
5.0431733
4.171553
3.844164
4.9326262
5.1494684
5.3663106
4.715784
5.0431733
5.4768577
4.605237
5.1494684
5.1494684
4.8220797
5.583153
5.9105415
5.038922
5.3663106
5.2557635
6.454773
5.6937
5.2557635
6.1273837
5.2557635
5.583153
5.3663106
5.799995
5.4726057
5.9105415
6.561068
6.1273837
5.689448
6.123132
6.123132
6.561068
6.556816
6.450521
5.689448
5.689448
6.667363
6.9947524
5.799995
6.016837
6.77791
5.90629
6.561068
7.2115946
6.339974
5.795743
6.450521
6.123132
6.9947524
6.556816
7.6452785
7.2115946
6.556816
7.2115946
6.8842053
6.7736583
7.7515736
6.7736583
7.1010475
7.538984
7.1010475
6.8842053
7.7558255
7.8621206
6.9905005
7.6452785
7.7515736
7.5347314
7.317889
7.317889
8.078962
7.6452785
7.5347314
7.8621206
8.623194
7.8621206
8.078962
8.078962
7.8621206
8.295805
7.9684157
8.512647
7.5347314
8.185258
8.074712
8.406352
8.4021
8.295805
9.056878
8.835785
7.7515736
8.729489
9.056878
7.857869
7.6410265
8.512647
8.618942
8.729489
7.6410265
7.4241843
7.9684157
7.9684157
8.295805
7.9684157
7.9684157
8.512647
8.295805
8.512647
8.295805
7.5347314
8.512647
8.295805
8.4021
8.185258
8.185258
9.707404
8.618942
8.074712
8.618942
8.4021
9.163173
8.4021
8.185258
8.946331
7.857869
8.074712
7.6410265
8.4021
8.729489
8.729489
8.185258
8.729489
8.840036
7.5304804
7.9684157
8.185258
8.618942
7.313638
7.857869
8.4021
8.2915535
9.596858
8.508395
8.508395
9.486311
7.853617
9.596858
9.8137
9.380016
8.618942
9.052627
9.052627
8.4021
8.618942
9.596858
8.508395
8.835785
8.618942
8.618942
8.185258
8.185258
8.2915535
8.2915535
8.4021
8.4021
8.835785
9.269468
9.269468
9.052627
9.163173
8.2915535
8.618942
9.158921
8.181006
10.247384
10.030542
9.486311
9.596858
9.380016
9.703153
9.158921
9.052627
9.486311
10.247384
9.158921
9.486311
9.269468
8.94208
9.269468
9.919995
9.375764
10.030542
10.464226
9.265217
10.030542
10.136837
9.592606
10.136837
10.681068
9.375764
10.353679
10.570521
9.919995
9.809448
9.809448
10.464226
9.486311
9.703153
10.574773
9.809448
9.486311
10.247384
10.136837
8.94208
9.269468
9.703153
9.375764
9.703153
8.835785
8.94208
9.158921
8.725238
8.94208
9.052627
9.27372
8.835785
9.163173
8.2915535
8.618942
8.2915535
8.512647
8.729489
8.074712
8.946331
7.747322
7.857869
8.835785
9.052627
8.946331
8.618942
9.163173
8.2915535
8.4021
8.946331
8.4021
7.6410265
7.857869
8.835785
7.4241843
8.512647
8.946331
8.185258
8.185258
8.295805
7.7515736
7.9684157
8.295805
8.946331
7.7515736
7.7515736
8.406352
7.5347314
7.5347314
7.096796
7.7515736
7.4241843
7.8621206
7.9684157
8.295805
7.207342
7.6410265
8.185258
8.078962
8.729489
8.512647
8.512647
8.295805
8.078962
8.185258
7.9684157
8.512647
7.7515736
7.6452785
7.9684157
7.9684157
7.8621206
6.9905005
7.6452785
7.5347314
7.1010475
7.5347314
7.1010475
6.556816
6.667363
6.7736583
7.1010475
7.7515736
7.6410265
7.8621206
7.5347314
7.9684157
7.7515736
6.8799534
7.7515736
7.8621206
7.8621206
7.5347314
7.6452785
7.6452785
6.9905005
7.4284363
7.317889
6.8842053
6.450521
6.667363
6.3442264
6.450521
5.689448
5.799995
5.2557635
6.1273837
6.77791
5.689448
6.016837
6.2336793
6.016837
5.1494684
6.3442264
5.9105415
6.016837
6.016837
5.9105415
6.016837
6.2336793
5.689448
6.2336793
6.3442264
6.1273837
5.799995
4.8220797
5.9105415
5.6937
5.1494684
5.3663106
5.2600155
5.6937
4.3883953
5.1494684
5.583153
4.8220797
5.799995
5.1494684
5.4768577
5.3663106
3.954711
5.1494684
4.8220797
5.583153
4.8220797
5.4768577
6.016837
6.237931
4.9326262
5.1494684
5.6937
5.1494684
5.799995
5.4768577
5.6937
4.9326262
5.6937
4.8220797
5.2600155
4.6094894
5.4768577
5.2600155
5.2600155
3.954711
5.1494684
4.3883953
4.9326262
5.0431733
4.715784
4.715784
5.0431733
5.0431733
4.4989424
5.914794
5.1494684
4.715784
5.2600155
4.4989424
3.954711
5.2600155
4.715784
4.715784
5.4768577
5.9105415
5.1494684
6.237931
4.3883953
5.038922
5.3663106
5.1494684
5.1494684
6.237931
5.9105415
5.6937
6.0210886
5.583153
5.2557635
6.016837
5.9105415
4.605237
6.237931
5.583153
6.0210886
5.799995
4.9326262
5.3663106
4.3883953
5.3663106
5.6937
5.4768577
5.1494684
5.0431733
4.605237
5.3663106
6.0210886
5.583153
5.583153
4.605237
5.1494684
5.6937
5.3663106
5.6937
5.2600155
4.9326262
4.605237
5.3663106
5.6937
4.3883953
5.2600155
5.1494684
4.715784
5.2600155
4.065258
4.171553
4.936878
4.830583
4.4989424
4.2821
4.715784
4.171553
4.3926473
4.2821
4.2821
4.4989424
4.715784
5.1494684
4.171553
4.715784
4.826331
4.9326262
4.171553
4.715784
4.826331
4.3883953
4.6094894
4.2821
5.1537204
4.826331
3.1936376
4.6094894
3.5210268
3.737869
3.737869
5.1537204
3.737869
4.2821
4.6094894
3.848416
5.0474253
4.3926473
4.6094894
3.4104798
4.826331
4.6094894
4.171553
4.6094894
4.2821
4.171553
3.848416
4.4989424
5.1537204
3.848416
3.737869
3.737869
5.481109
4.826331
4.2821
5.481109
4.826331
4.936878
4.715784
3.5210268
4.6094894
4.2821
4.065258
4.065258
3.5252786
3.9589627
3.848416
3.3041847
5.1537204
4.2821
3.737869
4.065258
3.954711
4.936878
3.5210268
4.826331
4.4989424
3.0873425
4.065258
3.737869
4.3926473
4.4989424
4.2821
4.3926473
3.3041847
3.414732
4.1758046
2.9767957
3.0873425
3.9589627
3.5210268
3.5210268
3.631574
3.631574
3.0873425
3.414732
4.720036
4.1758046
3.848416
3.414732
3.9589627
3.631574
3.7421207
3.3041847
3.848416
3.631574
3.0873425
3.631574
3.848416
3.7421207
4.503194
3.848416
3.848416
4.1758046
3.5210268
3.3041847
3.9589627
3.7421207
3.631574
4.1758046
4.3926473
3.1978896
4.720036
4.065258
3.848416
3.7421207
4.1758046
3.631574
4.1758046
3.9589627
3.3084364
3.414732
3.5252786
4.1758046
3.9589627
3.7421207
4.1758046
4.06951
3.9589627
3.7421207
4.065258
3.9589627
4.2821
3.3041847
3.631574
3.3041847
3.7421207
3.631574
3.631574
3.9589627
3.1978896
3.1978896
3.3041847
3.631574
3.9589627
3.3041847
2.6536584
3.7421207
3.1978896
2.6536584
4.613741
2.8747523
3.414732
2.8705006
4.503194
3.631574
3.3084364
3.0873425
3.9589627
3.9589627
3.3041847
3.7421207
3.631574
3.3041847
3.9589627
3.3041847
3.7421207
3.9589627
3.0873425
3.1978896
3.5252786
4.2863517
3.414732
3.9589627
2.9810476
2.6536584
2.003132
2.6536584
3.3084364
2.8747523
1.7862899
2.003132
2.7642052
2.7642052
2.330521
2.8705006
4.06951
3.6358256
3.1978896
2.4368165
3.414732
3.1978896
3.3084364
3.6358256
3.0915945
2.7642052
2.2199743
2.8705006
3.1978896
2.2199743
3.3084364
3.0915945
2.330521
3.0915945
3.0915945
2.1136792
2.8747523
2.5473633
3.3084364
2.8747523
2.1136792
3.0915945
2.224226
2.2199743
2.5473633
2.9810476
2.7642052
3.8526678
3.414732
3.5252786
3.7421207
2.9810476
3.414732
3.9589627
3.7421207
3.631574
4.2863517
3.5252786
3.3084364
2.330521
2.9810476
2.7642052
2.003132
3.6358256
3.0915945
2.1136792
1.896837
2.9852993
2.5473633
1.896837
1.896837
1.896837
1.6799948
2.7684572
1.0294685
2.4410682
2.4410682
2.330521
2.330521
2.7642052
2.5473633
2.1136792
1.3526058
2.1136792
2.224226
2.0073838
2.65791
1.7862899
2.224226
1.2420589
1.6799948
1.896837
1.4631528
2.1136792
2.0073838
1.6799948
2.5516152
0.9189216
1.6799948
1.3526058
1.2463106
1.6799948
1.6799948
1.0294685
0.8083746
1.4631528
1.4631528
0.9189216
1.1357636
1.0294685
0.7020795
2.1136792
2.0073838
1.4631528
1.7862899
2.4410682
1.3526058
1.2463106
1.1357636
1.896837
1.1357636
0.7020795
1.5736997
1.6799948
1.0294685
2.0073838
1.896837
1.2463106
1.7905419
1.9010887
0.5957843
1.7905419
0.9189216
1.2463106
1.4631528
1.5736997
1.7905419
2.0073838
1.7905419
1.7862899
0.9231734
1.6799948
1.2463106
1.6799948
2.4410682
1.7905419
1.5694479
2.2199743
1.6799948
2.224226
1.6799948
1.4631528
2.4410682
1.6799948
1.4631528
1.1357636
1.5694479
1.4631528
1.1357636
2.330521
1.896837
1.4631528
1.5694479
1.6799948
1.4631528
1.2463106
1.5736997
1.4631528
1.2463106
1.1357636
2.224226
1.6799948
1.896837
2.0073838
2.5473633
2.5473633
1.5694479
2.5473633
2.330521
1.5694479
2.330521
1.896837
3.0915945
2.4410682
2.1136792
1.8925852
2.4410682
2.4410682
1.5694479
2.1136792
2.5473633
2.0073838
2.224226
1.2463106
1.6799948
1.896837
1.4631528
1.6799948
1.7905419
1.6799948
2.330521
1.7905419
1.4589009
2.330521
2.1136792
1.7862899
2.65791
2.2199743
2.7642052
1.565196
3.3084364
1.6757431
2.1136792
2.1136792
1.7862899
2.330521
1.3526058
2.2199743
1.896837
2.224226
1.7862899
0.7020795
1.1357636
1.0294685
1.0294685
0.5957843
0.9231734
1.7905419
1.2463106
1.0294685
1.1357636
2.1136792
1.4631528
2.330521
1.3526058
2.1136792
2.1136792
1.5694479
2.1136792
2.8747523
2.2199743
1.8925852
1.7862899
2.003132
2.5473633
2.330521
1.7862899
1.6757431
1.7862899
2.003132
2.003132
2.8747523
2.4368165
2.9810476
2.7642052
2.6536584
2.1136792
2.5473633
2.9810476
1.6757431
3.0873425
2.8705006
3.414732
3.0873425
2.7642052
2.9810476
3.7421207
3.414732
3.414732
2.9810476
2.8705006
3.414732
2.5431116
3.848416
3.9589627
3.1978896
3.9589627
4.1758046
3.414732
3.0873425
3.1978896
3.414732
2.7642052
2.7642052
2.4368165
2.6536584
4.1758046
3.1978896
3.0873425
2.9810476
3.7421207
3.631574
3.3041847
3.5210268
2.9810476
3.848416
3.3041847
3.0873425
2.9767957
4.1758046
3.631574
3.3041847
3.737869
3.3041847
3.7421207
2.7599535
3.848416
3.5210268
3.848416
3.1936376
4.1758046
4.3926473
3.848416
3.3041847
3.737869
2.9767957
4.6094894
3.4104798
4.2821
3.5210268
2.9767957
4.06951
3.3041847
3.631574
2.9767957
3.737869
4.1758046
3.737869
3.737869
3.1936376
4.065258
4.171553
3.954711
4.4989424
3.737869
4.715784
3.5210268
3.954711
4.4989424
4.826331
4.4989424
4.171553
4.826331
4.4989424
2.9767957
3.5210268
3.737869
4.3926473
4.3926473
3.737869
3.631574
4.065258
3.1936376
3.631574
3.737869
4.2821
4.2821
2.9767957
4.2821
4.715784
3.844164
4.605237
5.4768577
4.9326262
4.171553
5.038922
5.1494684
4.605237
4.4989424
4.171553
3.6273217
4.0610065
5.1494684
4.2778482
4.3883953
4.3883953
4.065258
4.171553
4.2821
4.2821
4.6094894
3.737869
4.6094894
4.4989424
4.0610065
5.1494684
3.844164
5.1494684
5.1494684
4.0610065
4.8220797
5.3663106
4.8220797
6.016837
5.4726057
4.8178277
5.689448
5.799995
6.561068
5.1494684
5.9105415
5.799995
4.605237
4.8220797
5.038922
5.1494684
4.8220797
5.583153
5.583153
5.3663106
6.1273837
6.2336793
4.928375
5.689448
6.561068
5.578901
5.578901
6.667363
5.90629
6.77791
6.8842053
6.2336793
5.689448
6.2336793
5.3620586
6.016837
6.339974
5.4726057
5.578901
5.578901
5.583153
5.689448
6.123132
6.667363
5.1452165
5.90629
4.8178277
5.4726057
6.123132
6.016837
5.4726057
5.583153
4.8220797
5.2557635
6.016837
6.016837
6.123132
6.016837
5.4726057
5.583153
7.2115946
6.450521
6.339974
6.667363
6.2336793
5.90629
5.90629
5.2557635
6.339974
5.4726057
6.2336793
5.90629
6.9947524
5.795743
6.2336793
6.561068
6.450521
6.339974
6.123132
5.689448
5.3620586
5.799995
5.2557635
5.1452165
5.689448
6.016837
5.0346694
6.2336793
6.77791
4.7115326
6.77791
6.2336793
5.799995
6.450521
5.90629
5.1452165
5.90629
6.667363
6.339974
5.4726057
6.012585
6.667363
7.1010475
6.339974
6.7736583
6.8842053
5.251512
6.2336793
7.2115946
6.339974
5.689448
6.561068
4.7115326
6.016837
6.2336793
6.2336793
5.578901
6.561068
6.123132
5.578901
6.123132
6.7736583
6.2336793
7.207342
6.663111
6.8842053
5.902038
7.4284363
6.339974
6.556816
7.4284363
6.2294273
6.339974
7.4284363
6.667363
6.450521
6.012585
6.2336793
5.90629
6.016837
6.3442264
5.2557635
6.3442264
5.90629
4.7115326
6.016837
5.2557635
5.799995
6.3442264
6.016837
6.339974
6.016837
6.339974
7.2115946
5.795743
6.450521
6.8842053
6.77791
6.450521
6.3442264
6.667363
5.90629
5.799995
6.2336793
5.90629
6.016837
5.689448
5.4726057
5.4726057
5.583153
6.2336793
5.4726057
5.038922
5.799995
5.1494684
5.583153
6.1273837
6.77791
6.2336793
6.450521
6.8842053
5.90629
6.7736583
5.578901
5.90629
6.667363
5.3663106
5.4726057
6.2336793
5.689448
5.3620586
6.016837
6.450521
5.4726057
5.4726057
6.3442264
4.8220797
5.1494684
5.4726057
6.3442264
5.4726057
5.583153
6.8884573
5.4726057
4.7115326
6.454773
5.90629
5.689448
6.561068
6.1273837
5.4726057
6.1273837
5.799995
5.583153
6.2336793
6.450521
4.928375
6.561068
6.016837
4.928375
5.689448
6.016837
4.928375
5.799995
5.689448
5.799995
5.3663106
5.689448
6.016837
4.8220797
4.8220797
5.583153
5.583153
5.1494684
5.2600155
4.8220797
5.1494684
5.1494684
4.8220797
4.9326262
4.8220797
5.4768577
5.583153
5.038922
5.3663106
5.038922
4.605237
4.605237
4.605237
4.3883953
5.4768577
4.715784
4.9326262
4.9326262
5.038922
4.4989424
4.605237
5.3663106
4.9326262
5.1494684
5.4768577
4.715784
4.2821
4.3926473
5.1537204
4.065258
4.2821
4.4989424
4.715784
4.0610065
5.2600155
5.0431733
4.605237
3.954711
4.9326262
5.6937
5.0431733
5.1494684
4.715784
5.3663106
4.605237
5.1494684
5.3663106
5.0431733
5.0431733
4.171553
5.0431733
4.715784
3.737869
4.715784
4.4989424
3.3041847
4.2821
4.065258
3.5210268
3.3041847
3.9589627
3.5210268
3.631574
3.848416
4.3926473
3.9589627
3.631574
3.848416
4.826331
3.737869
3.737869
4.065258
3.848416
4.6094894
3.1936376
4.2821
4.2821
3.3041847
4.1758046
4.1758046
4.065258
4.3926473
3.4104798
3.631574
2.7599535
3.631574
2.9767957
3.848416
3.0873425
3.848416
3.631574
3.0873425
3.3041847
3.848416
3.848416
3.6273217
3.848416
3.954711
4.065258
4.065258
4.2821
3.3041847
4.6094894
3.954711
4.065258
4.2821
3.9589627
3.5210268
4.503194
3.631574
3.848416
4.3926473
3.631574
3.631574
3.5252786
3.631574
2.7642052
3.414732
2.6536584
3.1978896
2.7642052
3.5252786
3.414732
3.1978896
3.848416
3.3041847
2.9810476
3.0873425
3.414732
4.1758046
3.3041847
3.0873425
3.9589627
3.9589627
3.848416
3.414732
3.3041847
3.631574
2.8705006
3.631574
3.3041847
3.631574
4.826331
3.737869
3.0873425
4.065258
4.1758046
3.848416
3.3041847
3.414732
3.631574
3.9589627
4.3926473
3.848416
5.1537204
4.1758046
3.631574
3.848416
3.737869
4.503194
3.631574
3.414732
4.2821
3.848416
4.6094894
3.414732
4.3926473
3.3041847
3.9589627
4.826331
4.3926473
3.954711
3.0873425
4.065258
3.631574
3.7421207
3.5210268
3.848416
3.848416
3.9589627
3.848416
4.065258
3.631574
3.9589627
4.3926473
3.848416
4.3926473
3.5210268
4.1758046
3.954711
3.631574
3.737869
5.0431733
4.6094894
4.2821
3.954711
3.954711
4.4989424
4.715784
4.171553
4.9326262
4.2778482
5.1494684
5.2600155
4.0610065
3.6273217
4.4989424
4.065258
3.954711
4.3926473
4.1758046
5.1537204
4.065258
5.4768577
5.2600155
5.0431733
4.715784
4.3883953
5.2600155
5.5874047
5.4768577
4.605237
5.2600155
5.2600155
4.9326262
5.2600155
4.9326262
4.9326262
5.2600155
5.914794
4.4989424
5.2600155
4.826331
5.2600155
4.065258
5.1537204
4.2821
4.936878
4.826331
4.065258
4.4989424
5.0431733
4.3926473
5.2600155
4.2821
4.605237
5.2600155
4.9326262
5.1494684
4.715784
6.237931
4.8220797
5.9105415
5.3663106
6.237931
4.8220797
4.2778482
4.9326262
4.3883953
5.038922
4.8220797
6.0210886
4.9326262
5.1494684
4.4989424
4.605237
4.4989424
5.0431733
3.954711
5.6979513
4.826331
4.715784
4.715784
5.9105415
4.9326262
5.583153
4.8220797
5.4768577
5.6937
5.9105415
6.2336793
5.9105415
5.6937
5.583153
4.8220797
5.583153
5.799995
5.583153
4.8220797
5.583153
5.1494684
4.8220797
4.9326262
5.0431733
4.3883953
5.9105415
4.9326262
5.583153
5.6937
5.3663106
5.038922
5.3663106
5.3663106
5.9105415
5.6937
5.4768577
4.605237
5.3663106
5.583153
6.1273837
5.583153
5.799995
4.9326262
5.5874047
4.3883953
4.826331
3.737869
4.9326262
3.954711
4.715784
4.3883953
5.3663106
5.1494684
5.3705626
4.171553
5.1537204
4.171553
4.715784
3.848416
4.2821
3.5210268
4.826331
3.737869
4.3883953
5.1537204
4.6094894
4.171553
4.2821
4.4989424
4.2821
3.848416
5.0431733
4.3926473
4.826331
3.954711
5.2600155
4.9326262
5.3705626
5.3663106
5.3663106
5.0431733
4.9326262
3.6273217
5.0431733
3.5210268
4.4989424
4.9326262
4.715784
4.0610065
4.4989424
4.715784
4.826331
4.2821
4.715784
4.3926473
4.065258
3.848416
4.715784
4.2821
4.9326262
4.9326262
5.4768577
4.9326262
5.3663106
4.171553
5.3663106
4.715784
6.0210886
4.8220797
4.171553
4.6094894
4.6094894
5.2600155
4.4989424
4.6094894
3.954711
3.737869
4.065258
3.631574
4.1758046
4.1758046
4.6094894
3.848416
4.826331
4.715784
5.3663106
5.0431733
5.3705626
4.3883953
5.4768577
6.237931
5.2600155
5.1494684
4.715784
6.1316357
5.804247
4.3883953
5.4768577
4.715784
5.3663106
4.715784
4.3926473
4.9326262
4.065258
4.720036
4.1758046
4.06951
3.5210268
3.631574
3.5210268
4.3926473
3.737869
4.2821
4.826331
4.2821
4.826331
3.954711
4.4989424
4.4989424
4.3883953
4.503194
4.4989424
4.720036
4.2821
4.715784
4.720036
4.715784
3.414732
3.848416
3.414732
3.631574
3.9589627
3.1936376
4.06951
4.1758046
3.631574
3.848416
3.9589627
3.631574
3.5210268
4.065258
4.3926473
4.3926473
3.737869
4.2821
3.954711
5.2600155
4.826331
4.3883953
4.065258
4.065258
3.954711
4.2821
4.065258
4.2821
4.3926473
4.065258
4.3926473
4.171553
4.9326262
4.715784
4.715784
3.954711
5.4768577
4.3883953
5.0431733
4.065258
5.0431733
4.4989424
5.804247
4.605237
4.605237
5.1494684
5.2600155
4.2821
5.1494684
4.715784
4.9326262
5.2600155
5.4768577
5.2600155
5.1494684
5.9105415
5.3663106
5.3663106
5.3663106
5.2600155
5.6937
5.1494684
5.583153
5.583153
5.3663106
6.237931
5.4768577
5.1494684
4.9326262
3.844164
5.6937
4.4989424
5.5874047
4.2821
5.3705626
4.4989424
4.4989424
4.9326262
5.4768577
5.583153
5.1494684
5.6937
4.605237
5.2600155
4.715784
4.9326262
4.065258
5.3663106
4.2821
4.2778482
5.2600155
4.4989424
5.5874047
3.954711
5.0431733
3.848416
3.737869
3.848416
4.2863517
4.1758046
3.5252786
3.9589627
4.2863517
4.503194
4.065258
4.3926473
4.2821
4.6094894
4.2821
4.715784
3.848416
4.9326262
4.3883953
4.9326262
4.9326262
4.9326262
4.4989424
5.0431733
4.2821
4.4989424
5.0431733
4.2821
4.065258
3.5210268
4.3926473
3.631574
4.3926473
3.954711
4.720036
4.2821
4.6094894
4.6094894
4.3926473
4.9326262
4.2821
4.4989424
4.715784
4.065258
5.2600155
5.0431733
4.9326262
4.715784
5.804247
5.4768577
5.0431733
5.3663106
5.3705626
4.826331
5.5874047
4.4989424
5.804247
5.4768577
4.715784
5.4768577
4.2821
5.3705626
4.2821
4.826331
3.5210268
4.4989424
4.715784
5.3705626
4.9326262
4.715784
5.2600155
5.1494684
5.0431733
5.1494684
4.171553
5.1537204
4.4989424
4.2821
5.0431733
4.826331
4.9326262
4.171553
4.715784
4.4989424
4.720036
4.1758046
3.737869
4.065258
3.848416
4.3926473
4.3926473
4.1758046
3.7421207
3.7421207
3.631574
3.848416
2.8705006
4.1758046
2.9810476
4.06951
3.631574
4.2863517
3.5252786
3.5252786
4.1758046
3.414732
3.631574
3.414732
3.5252786
3.631574
3.1978896
3.631574
3.9589627
3.0873425
3.1978896
3.414732
3.9589627
2.8705006
3.631574
3.9589627
2.7642052
2.9810476
3.0915945
2.9810476
3.5252786
2.4368165
3.9589627
2.8705006
3.414732
3.631574
3.9589627
4.2863517
3.848416
3.5210268
3.848416
3.848416
3.737869
4.503194
4.3926473
3.631574
2.9767957
4.3926473
3.631574
4.065258
3.848416
4.3926473
4.065258
3.848416
3.5210268
4.065258
3.414732
3.737869
3.848416
4.826331
3.631574
4.6094894
3.5210268
3.954711
4.2821
4.4989424
4.715784
4.4989424
4.6094894
5.2600155
4.4989424
4.4989424
5.4768577
4.9326262
4.9326262
5.1537204
4.715784
5.1494684
4.9326262
6.0210886
5.1494684
5.3663106
5.583153
5.799995
4.9326262
5.6937
4.9326262
5.5874047
4.9326262
4.4989424
5.1494684
4.2821
5.1494684
4.171553
5.0431733
4.715784
4.3883953
5.1494684
5.804247
4.171553
5.0431733
4.171553
4.9326262
5.0431733
5.2600155
4.9326262
5.4768577
5.1494684
5.3663106
5.1494684
4.8220797
4.605237
5.1494684
4.4989424
5.914794
3.954711
3.954711
4.2821
4.6094894
4.065258
3.737869
3.848416
4.826331
4.3926473
4.4989424
3.3041847
4.715784
4.2821
4.4989424
4.715784
5.4768577
5.3663106
5.3663106
6.0210886
4.8220797
4.715784
4.715784
4.9326262
4.715784
4.715784
4.4989424
4.171553
3.954711
5.5874047
4.2821
4.826331
3.737869
4.065258
4.3926473
3.954711
3.954711
4.3883953
4.171553
5.1494684
4.167301
5.9105415
5.799995
5.2557635
5.583153
5.799995
6.3442264
5.799995
5.689448
5.799995
5.3663106
6.1273837
5.2557635
6.561068
6.2336793
6.9947524
5.795743
6.3442264
6.450521
6.2336793
6.016837
7.1052995
5.583153
5.90629
6.561068
6.2336793
6.2336793
6.667363
6.8842053
6.667363
6.339974
6.667363
6.9947524
7.3221416
6.77791
7.4284363
6.450521
7.2115946
6.450521
6.123132
6.123132
7.538984
6.9947524
6.561068
6.2336793
5.799995
6.3442264
6.3442264
6.3442264
5.583153
5.799995
4.7115326
5.6937
5.3663106
5.3663106
4.8220797
5.9105415
5.583153
5.3663106
5.6937
5.6937
5.2600155
4.605237
4.3883953
4.9326262
4.2821
5.3705626
4.4989424
5.4768577
5.0431733
5.1494684
5.1494684
5.2600155
5.6937
4.605237
4.9326262
4.605237
4.3883953
4.4989424
4.0610065
3.737869
4.6094894
3.954711
4.715784
3.737869
4.4989424
3.414732
4.2821
2.9767957
3.631574
3.631574
3.848416
4.1758046
4.2821
4.4989424
5.2600155
4.6094894
4.4989424
4.3883953
4.171553
4.605237
4.171553
4.4989424
4.3883953
4.715784
4.2821
3.6273217
4.826331
4.2821
4.6094894
3.848416
4.065258
3.1936376
3.7421207
3.848416
4.3926473
3.737869
5.0431733
4.4989424
4.715784
4.171553
5.1494684
4.9326262
5.5874047
5.0431733
4.605237
4.715784
5.2600155
5.1494684
5.799995
4.9326262
5.2600155
3.844164
4.8220797
3.6273217
5.2600155
4.4989424
3.848416
4.065258
3.631574
3.3041847
4.065258
3.631574
3.6273217
4.2821
3.737869
4.826331
4.2821
4.826331
3.954711
5.2600155
4.4989424
4.715784
5.2600155
4.715784
3.954711
4.2821
3.954711
4.065258
4.065258
4.065258
4.065258
2.9767957
3.631574
3.848416
3.848416
3.848416
3.6273217
3.3041847
3.5210268
3.5210268
4.065258
3.737869
4.065258
4.065258
4.065258
3.631574
3.848416
3.3041847
4.4989424
3.848416
4.6094894
3.737869
3.954711
4.065258
3.848416
4.065258
3.0873425
3.848416
2.8705006
3.5210268
4.065258
3.3041847
3.631574
3.1936376
3.848416
3.3041847
4.1758046
3.631574
3.9589627
3.631574
3.631574
2.9767957
3.737869
4.1758046
4.4989424
4.715784
4.4989424
4.4989424
4.065258
5.1537204
4.065258
3.954711
3.737869
4.4989424
4.826331
4.826331
4.826331
5.2600155
3.954711
5.6937
5.0431733
4.3883953
4.9326262
4.9326262
5.3663106
4.8220797
5.4768577
4.9326262
5.1494684
4.3883953
5.038922
5.6937
5.4768577
4.8220797
4.9326262
5.038922
5.583153
5.038922
4.928375
5.2557635
5.799995
5.1494684
6.237931
4.3883953
5.583153
5.2557635
5.689448
6.016837
6.016837
5.4726057
6.016837
5.583153
5.583153
4.3883953
5.3663106
4.605237
5.1494684
4.3883953
5.4768577
5.4768577
5.038922
5.799995
5.2557635
5.038922
5.689448
4.7115326
6.561068
5.799995
6.2336793
6.123132
5.2557635
6.671615
5.2557635
5.1452165
5.9105415
5.1494684
4.7115326
5.4768577
5.1494684
4.4946904
6.0210886
5.2557635
4.8220797
5.799995
5.038922
5.038922
4.928375
4.7115326
5.6937
4.8220797
5.3663106
5.038922
4.8220797
5.9105415
4.9326262
5.1452165
5.038922
5.038922
4.605237
5.799995
5.1494684
5.6937
4.605237
5.4726057
6.1273837
4.7115326
5.4726057
5.1452165
6.016837
4.928375
6.1273837
5.9105415
5.2557635
6.1273837
4.605237
5.1494684
5.2557635
4.928375
5.2557635
5.1452165
5.1452165
6.77791
5.799995
6.3442264
5.583153
5.90629
6.450521
6.123132
6.561068
5.2557635
6.2336793
5.799995
5.90629
5.3620586
5.4726057
5.689448
5.90629
6.2336793
6.561068
6.1273837
5.583153
5.583153
5.583153
5.583153
4.605237
6.0210886
6.1273837
5.1494684
5.3663106
5.3663106
4.2778482
5.4726057
5.9105415
5.3663106
5.583153
5.1494684
5.3663106
4.9326262
5.0431733
4.9326262
5.2600155
4.715784
3.954711
4.715784
5.1494684
3.844164
5.0431733
4.4989424
4.2821
3.6273217
3.954711
4.3883953
3.6273217
3.7336173
3.4104798
3.737869
3.737869
4.826331
3.954711
4.9326262
4.3883953
4.826331
4.3883953
5.0431733
3.954711
4.4946904
5.4768577
5.038922
3.9504592
4.4989424
4.8220797
5.1494684
5.1494684
5.3663106
5.038922
5.9105415
4.9326262
5.4726057
4.9326262
4.3883953
4.3883953
3.954711
4.9326262
4.605237
4.3883953
4.605237
4.9326262
4.3883953
4.171553
5.1494684
4.9326262
5.9105415
4.9326262
5.4768577
5.1494684
5.804247
4.7115326
5.1494684
5.583153
5.3663106
4.8220797
5.2557635
5.038922
5.3663106
5.1494684
5.583153
5.6937
5.583153
5.3663106
5.3663106
4.2778482
5.804247
3.844164
4.9326262
4.9326262
4.8220797
4.171553
5.9105415
4.4989424
4.8220797
3.844164
5.1494684
4.605237
4.7115326
5.1494684
5.583153
5.3663106
5.038922
5.3663106
4.928375
5.799995
6.016837
7.1052995
5.038922
5.799995
5.2557635
5.038922
4.9326262
4.3883953
5.1494684
4.0610065
5.6937
4.8220797
4.9326262
5.6937
4.171553
5.038922
4.715784
5.2557635
4.0610065
5.3663106
5.1494684
5.1494684
4.4946904
5.3663106
5.038922
5.2557635
5.0431733
5.3663106
5.0431733
4.605237
4.605237
4.3883953
5.0431733
3.737869
3.1936376
3.848416
3.414732
2.4325645
3.3041847
3.5210268
3.631574
3.631574
3.9589627
2.9767957
3.631574
2.9767957
3.737869
4.4989424
3.737869
4.1758046
3.1936376
4.065258
3.954711
5.0431733
3.737869
4.4989424
3.3041847
3.5210268
3.1936376
4.6094894
3.3041847
3.5252786
2.5431116
3.5252786
3.0873425
3.3041847
2.6494067
3.631574
2.7599535
2.8705006
3.631574
3.631574
3.4104798
3.1936376
3.5210268
3.0873425
3.3041847
3.848416
2.8662488
3.737869
3.3041847
3.1936376
2.4325645
3.3041847
2.7599535
2.7599535
3.5210268
2.8705006
3.7421207
3.3041847
3.631574
3.0873425
3.1978896
1.565196
2.9810476
2.003132
2.2199743
2.003132
2.7642052
2.5473633
2.5473633
1.5694479
2.1136792
1.3526058
1.7862899
1.6799948
1.7862899
1.6799948
1.0252168
1.896837
1.5694479
2.4410682
1.0252168
2.4410682
1.896837
2.9852993
1.7862899
2.65791
2.2199743
1.4589009
1.1357636
1.5694479
0.8083746
1.2420589
1.5694479
0.9189216
1.3526058
0.05155315
0.9189216
-0.058993805
1.0294685
0.8126264
0.37894222
0.48523736
0.5957843
0.5957843
1.1400155
0.48523736
0.26839525
1.0294685
0.7020795
0.7020795
1.0294685
1.6799948
0.7020795
2.0073838
1.3568575
1.5736997
-0.058993805
1.3568575
0.8126264
1.0294685
-0.058993805
0.48523736
0.9231734
0.5957843
0.26839525
0.05155315
0.27264705
0.37894222
-0.058993805
0.26839525
0.1578483
0.9231734
1.5736997
0.1578483
1.4631528
0.5957843
1.4631528
0.48523736
1.5736997
0.9189216
1.1357636
0.3746904
1.7905419
0.7020795
0.5957843
-0.2758359
0.37894222
0.5957843
0.1621001
0.055804953
-0.16528895
-0.16528895
-0.38213107
-0.59897316
-0.38213107
-0.16528895
-0.2758359
0.37894222
-0.054742
0.5957843
-0.38213107
0.26839525
0.26839525
0.7020795
0.9231734
-0.16528895
0.9231734
0.05155315
0.48523736
0.8126264
0.7020795
0.05155315
0.5957843
0.70633125
0.48523736
0.5957843
-0.058993805
0.5957843
0.1621001
0.05155315
0.5957843
0.48523736
0.48523736
0.1578483
1.4631528
0.26839525
1.4631528
0.9189216
2.4410682
1.1357636
1.4631528
0.59153247
1.3526058
0.26414344
1.5694479
2.0073838
1.4631528
1.2420589
2.2199743
1.5694479
2.1136792
2.003132
1.4589009
2.224226
1.2420589
1.1357636
2.1136792
2.5473633
2.003132
2.8747523
1.5694479
2.5473633
2.7642052
2.9810476
2.65791
3.0915945
1.8925852
2.7642052
2.2199743
3.0873425
3.0873425
3.5252786
2.2199743
2.1094272
3.1978896
2.5431116
3.631574
3.414732
3.414732
3.1978896
4.503194
2.9810476
3.631574
3.9589627
3.7421207
3.414732
3.1978896
3.7421207
2.8705006
3.3041847
3.414732
3.3041847
2.6494067
3.1978896
3.3041847
3.631574
3.631574
3.848416
3.631574
3.631574
4.1758046
3.3041847
3.414732
2.8705006
2.7599535
3.414732
3.414732
3.631574
3.631574
2.9767957
3.0873425
3.7421207
2.5431116
3.0873425
3.1978896
2.6536584
3.414732
3.3084364
3.7421207
3.0873425
3.0873425
3.7421207
4.1758046
3.5210268
4.1758046
3.631574
3.631574
3.3041847
3.631574
3.737869
3.848416
4.065258
4.1758046
3.631574
3.848416
3.631574
4.6094894
3.5210268
3.414732
3.9589627
3.5210268
3.414732
3.414732
3.1978896
3.414732
3.414732
3.414732
3.848416
4.3926473
3.0873425
3.1936376
3.3041847
4.065258
3.631574
3.3041847
3.848416
4.1758046
3.631574
4.503194
4.2821
3.848416
3.5210268
3.631574
3.631574
4.720036
3.848416
3.737869
3.9589627
3.414732
3.3041847
3.848416
2.8705006
3.848416
3.1978896
3.5252786
3.414732
4.1758046
2.9810476
3.1978896
3.5210268
3.1978896
3.9589627
3.1978896
4.06951
3.737869
4.065258
3.631574
3.9589627
3.848416
3.631574
3.631574
3.0873425
3.631574
3.1936376
3.1978896
3.414732
3.737869
4.1758046
2.4368165
3.0873425
3.631574
2.6536584
3.5252786
2.8705006
3.1978896
3.5252786
2.003132
3.7421207
2.6536584
3.7421207
3.7421207
3.0873425
3.631574
4.2863517
3.414732
3.1978896
3.1978896
3.1978896
3.7421207
2.6536584
3.1978896
2.7642052
3.5252786
3.414732
2.8705006
2.2199743
2.2199743
2.330521
2.7642052
1.896837
2.6536584
2.7642052
2.6536584
2.003132
2.6536584
3.414732
2.3262694
3.414732
3.5252786
2.5431116
3.9589627
2.8705006
3.848416
3.414732
3.9589627
3.848416
3.848416
3.848416
3.414732
3.631574
2.7599535
3.631574
2.9767957
3.848416
2.6536584
3.9589627
2.8705006
4.503194
3.1978896
3.848416
3.0873425
3.3041847
3.1978896
3.737869
3.9589627
3.3041847
3.631574
4.503194
3.848416
4.1758046
3.3041847
4.1758046
4.065258
3.9589627
3.7421207
3.1936376
3.3041847
3.1936376
4.2821
3.954711
4.3926473
3.631574
3.848416
3.631574
3.0873425
3.3041847
3.0873425
3.7421207
3.0873425
3.414732
3.3041847
4.2863517
2.5431116
3.848416
2.6536584
3.9589627
2.8705006
4.06951
2.9810476
3.631574
3.7421207
2.7599535
2.8705006
3.5210268
3.3041847
3.414732
4.065258
3.5210268
3.9589627
2.7642052
3.3041847
3.1978896
3.848416
2.5431116
4.065258
2.6536584
3.631574
3.631574
2.9810476
3.5210268
2.6536584
2.6536584
3.5252786
2.9810476
3.0873425
4.065258
3.5210268
3.848416
3.848416
4.3926473
3.414732
3.0873425
4.1758046
3.3041847
4.1758046
3.737869
3.414732
3.7421207
3.3041847
3.848416
3.0873425
3.3041847
4.3926473
2.8705006
3.1978896
3.9589627
3.0873425
3.9589627
3.631574
3.9589627
3.1978896
2.8705006
3.414732
3.3041847
3.848416
3.3041847
3.9589627
4.1758046
3.0873425
4.3926473
3.631574
3.848416
3.9589627
3.631574
3.848416
3.414732
3.5210268
3.848416
3.3041847
3.631574
4.065258
3.848416
3.9589627
3.848416
3.848416
3.737869
4.065258
3.631574
4.1758046
3.414732
2.9767957
4.2863517
3.3041847
4.065258
3.5210268
3.1936376
3.0873425
4.2863517
2.8705006
2.8705006
4.2863517
3.848416
4.3926473
4.6094894
3.848416
4.2821
3.4104798
3.3041847
4.065258
4.1758046
3.7421207
4.503194
3.3041847
3.414732
3.414732
3.631574
3.737869
3.1978896
2.8705006
3.8526678
3.631574
3.1978896
3.7421207
3.0873425
3.414732
3.848416
3.7421207
3.631574
4.065258
3.414732
3.848416
3.3041847
3.5210268
4.1758046
4.1758046
3.631574
3.7421207
3.631574
3.3041847
3.631574
3.7421207
3.4104798
3.848416
3.9589627
4.1758046
4.065258
3.848416
4.1758046
3.848416
4.4989424
3.954711
4.2821
4.826331
4.4989424
3.737869
3.954711
5.1494684
5.2600155
5.6937
5.1494684
4.2778482
5.3663106
5.038922
5.3663106
4.3883953
5.2600155
3.954711
3.954711
5.1494684
5.0431733
5.6937
5.1494684
5.583153
6.1273837
5.4726057
5.90629
5.90629
6.339974
6.012585
6.8842053
6.667363
6.339974
6.8842053
7.1010475
7.5347314
6.9905005
7.4284363
7.7515736
7.317889
6.9905005
7.5347314
6.9905005
6.9905005
7.317889
6.667363
7.4284363
7.6452785
7.317889
7.5347314
7.5347314
8.295805
6.5525646
8.512647
7.9684157
7.6410265
8.4021
8.618942
7.5304804
7.857869
8.074712
7.9641643
9.163173
9.8137
8.4021
8.835785
8.618942
7.857869
8.2915535
8.618942
8.835785
8.729489
9.380016
8.618942
8.4021
9.596858
8.397848
10.030542
9.375764
9.158921
9.052627
9.703153
8.94208
9.592606
9.703153
10.02629
9.592606
9.592606
9.592606
10.136837
10.681068
9.919995
9.919995
10.570521
9.482059
10.247384
10.464226
9.919995
10.681068
10.681068
10.353679
9.919995
10.570521
9.592606
10.676816
11.114753
10.464226
9.592606
9.048374
10.89791
9.703153
10.464226
10.787363
10.02629
10.570521
10.570521
10.893659
11.221047
10.132585
9.915743
10.132585
9.809448
10.353679
11.548436
10.132585
10.570521
10.787363
10.787363
10.676816
10.570521
10.89791
10.02629
9.915743
9.919995
9.809448
10.243132
10.787363
10.02629
10.787363
11.221047
10.787363
11.004206
10.893659
10.459974
11.221047
10.89791
10.02629
11.004206
11.221047
10.893659
11.004206
11.765279
11.1105
11.437889
11.765279
10.676816
10.787363
10.353679
10.132585
9.698901
10.136837
10.136837
10.132585
10.02629
10.570521
10.676816
9.805196
11.114753
11.331594
10.893659
11.221047
11.004206
11.1105
10.893659
10.353679
10.893659
10.787363
10.787363
11.437889
10.459974
9.592606
10.353679
9.809448
9.703153
8.94208
8.94208
9.375764
8.725238
9.269468
9.052627
8.835785
8.835785
8.074712
9.052627
8.074712
8.4021
8.946331
9.052627
9.380016
8.946331
7.857869
7.9684157
8.074712
7.9684157
7.857869
8.623194
7.4241843
7.7515736
7.9684157
7.207342
7.4241843
7.7515736
6.8799534
7.317889
7.317889
6.8842053
6.8842053
7.2115946
6.667363
6.556816
7.538984
6.339974
6.667363
7.1010475
7.5347314
6.7736583
6.012585
7.1010475
6.123132
6.123132
6.123132
5.90629
5.689448
6.77791
6.450521
6.450521
5.90629
5.90629
6.450521
5.2557635
5.038922
5.9105415
5.6937
5.583153
5.583153
5.9105415
5.799995
5.9105415
5.799995
5.9105415
5.1494684
4.3883953
6.1273837
5.583153
4.4946904
5.2557635
6.3442264
5.038922
5.038922
5.6937
4.8220797
6.016837
5.799995
5.4726057
4.8220797
4.8220797
5.583153
4.605237
4.9326262
4.3883953
4.9326262
4.715784
4.2821
4.171553
5.2600155
5.0431733
3.737869
4.065258
4.4989424
4.065258
3.844164
4.3926473
4.3883953
4.171553
4.065258
3.4104798
4.3883953
4.715784
4.3883953
3.737869
4.171553
3.737869
3.737869
4.4989424
3.631574
3.737869
4.1758046
3.3041847
4.2821
3.3041847
3.3041847
3.9589627
2.5431116
3.631574
3.3041847
3.848416
3.5210268
3.3041847
3.1936376
3.5210268
4.065258
3.737869
4.1758046
3.5210268
4.3926473
3.3041847
3.954711
4.065258
3.5210268
4.9326262
4.171553
4.4946904
4.715784
5.2600155
4.4989424
4.171553
3.1936376
3.848416
4.1758046
3.5210268
3.631574
3.737869
3.848416
3.954711
3.848416
3.737869
3.848416
4.2821
4.1758046
4.065258
4.2821
3.954711
4.3883953
5.2600155
4.715784
5.9105415
5.0431733
5.1494684
4.7115326
5.038922
5.583153
4.0610065
5.1494684
4.605237
5.2600155
4.3883953
4.8220797
4.4989424
4.4989424
4.4989424
4.3883953
3.844164
4.605237
4.715784
5.3663106
4.8220797
6.1273837
6.3442264
5.3663106
5.689448
5.1452165
6.016837
5.4726057
6.2336793
6.77791
5.799995
5.251512
5.689448
6.016837
5.689448
5.583153
5.4726057
4.9326262
5.9105415
4.8220797
5.3663106
6.1273837
5.038922
5.2557635
5.4726057
4.605237
5.9105415
6.671615
6.1273837
5.799995
5.1452165
5.038922
5.038922
4.605237
5.038922
4.3883953
5.2557635
5.583153
5.2557635
4.8220797
5.799995
5.799995
4.4946904
5.2557635
5.038922
5.3663106
5.2557635
5.038922
4.928375
5.038922
5.799995
5.4726057
5.799995
6.667363
6.123132
5.90629
5.90629
6.123132
5.90629
6.2336793
5.799995
6.3442264
5.583153
5.2557635
6.2336793
6.561068
6.016837
5.583153
5.689448
4.928375
5.2557635
6.561068
5.038922
5.583153
6.016837
6.561068
5.799995
6.123132
6.667363
6.667363
6.2336793
5.799995
6.77791
5.689448
5.799995
5.799995
5.583153
4.928375
6.3442264
6.3442264
5.038922
6.3442264
5.689448
4.928375
5.3663106
5.9105415
5.799995
4.8220797
6.1273837
4.605237
6.1273837
5.3663106
6.561068
5.2557635
5.2557635
4.8220797
4.715784
5.2600155
5.2600155
4.9326262
4.715784
5.1494684
4.715784
4.9326262
5.583153
5.4726057
5.038922
5.3663106
5.583153
4.0610065
4.2778482
4.715784
5.1494684
5.1494684
5.1494684
5.4768577
4.3883953
4.826331
4.715784
3.848416
3.737869
3.414732
3.954711
4.065258
4.171553
4.2821
4.715784
3.4104798
3.737869
4.171553
4.715784
4.2821
4.9326262
3.844164
3.844164
4.6094894
5.2600155
4.4989424
4.171553
3.6273217
4.171553
3.954711
3.5210268
4.065258
4.3926473
3.848416
4.2821
3.414732
3.848416
3.414732
3.9589627
2.8662488
4.065258
3.737869
4.3926473
4.065258
3.848416
4.2821
4.826331
3.737869
4.605237
5.1494684
3.737869
4.715784
4.4989424
3.737869
3.5210268
4.2821
3.6273217
2.9767957
4.4989424
4.2821
3.4104798
3.737869
3.5210268
4.065258
3.848416
4.065258
3.954711
4.715784
4.065258
4.2821
4.605237
3.6273217
4.826331
4.3883953
4.171553
4.3883953
3.6273217
3.954711
3.737869
3.4104798
4.171553
5.0431733
3.189386
4.715784
5.4768577
4.605237
4.171553
4.171553
5.2600155
4.2821
4.065258
4.715784
5.0431733
4.3883953
5.4768577
4.0610065
3.954711
3.6273217
4.171553
4.715784
4.171553
4.605237
4.715784
3.844164
3.954711
4.171553
4.9326262
3.844164
4.171553
4.715784
4.171553
3.844164
4.605237
5.1494684
5.4768577
5.583153
4.605237
5.1494684
4.715784
4.2778482
4.3883953
4.9326262
5.2600155
5.0431733
4.605237
3.7336173
4.171553
4.715784
4.9326262
3.1936376
4.065258
4.4989424
3.737869
4.171553
4.3883953
4.9326262
3.9504592
5.038922
5.1494684
4.8220797
5.1494684
5.3663106
4.9326262
4.3883953
4.3883953
5.2600155
4.715784
5.2600155
4.3883953
4.9326262
4.0610065
4.4946904
4.9326262
4.4989424
4.171553
4.171553
4.9326262
5.1494684
4.8220797
4.3883953
5.583153
4.9326262
4.0610065
5.1494684
4.8220797
4.7115326
5.2557635
5.1494684
5.583153
5.4726057
5.689448
4.7115326
5.689448
5.6937
4.7115326
4.4946904
5.799995
5.1494684
4.8220797
5.2557635
4.4946904
5.2557635
5.038922
4.7115326
5.1494684
5.2557635
6.016837
6.2336793
5.3620586
6.2336793
5.1452165
6.561068
6.450521
4.928375
5.0346694
6.77791
6.9947524
5.578901
6.016837
6.3442264
4.4946904
5.038922
5.038922
5.1494684
5.3663106
4.4946904
5.038922
4.7115326
5.583153
5.2557635
4.4946904
4.2778482
4.7115326
4.928375
4.9326262
5.038922
6.0210886
5.6937
4.171553
4.9326262
4.9326262
3.4104798
4.4989424
4.605237
4.715784
4.3883953
4.0610065
4.826331
4.826331
3.737869
3.737869
3.848416
3.737869
4.2821
3.9589627
3.848416
3.5210268
3.5210268
3.737869
3.5210268
3.631574
3.631574
3.737869
3.848416
3.848416
3.5210268
2.7599535
3.848416
3.0873425
2.9767957
3.414732
3.3041847
3.7421207
3.848416
2.8662488
2.9767957
2.8705006
3.414732
3.414732
2.9767957
3.631574
4.2821
3.1936376
3.0873425
4.2821
2.3220174
4.1758046
3.3041847
3.3041847
3.414732
3.414732
3.9589627
2.9767957
3.631574
3.1978896
3.848416
3.3041847
3.1936376
4.6094894
3.299933
4.6094894
4.6094894
2.9767957
3.5210268
3.3041847
3.848416
3.3041847
3.4104798
3.3041847
4.1758046
3.848416
4.936878
3.1936376
3.848416
4.2821
2.9767957
3.5210268
3.631574
3.5210268
3.1936376
3.5210268
3.631574
3.3041847
3.0873425
3.3041847
3.737869
4.2821
3.5210268
4.2821
4.1758046
3.0873425
3.848416
3.1936376
3.414732
2.9767957
3.0873425
3.0873425
3.5210268
2.7599535
3.631574
3.3084364
3.5252786
1.7820382
3.1978896
3.5252786
2.6536584
3.631574
3.1978896
3.1978896
2.4368165
2.4325645
3.414732
2.5431116
2.7599535
3.1978896
2.7642052
2.2157223
2.7599535
3.5252786
3.0873425
2.5431116
3.1978896
1.7820382
3.0873425
3.5252786
1.7820382
2.5473633
2.6536584
2.1094272
2.8705006
3.9589627
2.3262694
2.6494067
3.631574
2.1094272
3.414732
3.9589627
3.0873425
3.1978896
3.0873425
3.414732
3.848416
3.414732
3.631574
3.3041847
2.9767957
3.1978896
2.3262694
3.414732
3.5252786
3.7421207
3.631574
2.6536584
3.0873425
3.848416
2.4325645
3.1978896
3.414732
3.4104798
3.737869
3.5210268
4.3926473
3.631574
4.3926473
3.414732
4.2821
4.3926473
4.2821
3.3041847
3.5210268
3.954711
4.2821
4.065258
3.3041847
4.065258
3.4104798
3.631574
4.2821
4.3883953
4.715784
5.038922
4.826331
3.844164
4.4989424
4.715784
4.9326262
4.605237
4.605237
5.1494684
4.8220797
5.1494684
4.605237
5.3663106
5.4768577
4.605237
5.2600155
5.1494684
4.2778482
5.038922
4.8220797
4.3883953
3.954711
4.715784
5.2600155
4.4989424
4.715784
5.2600155
4.3926473
3.954711
4.3926473
3.848416
4.1758046
4.1758046
3.848416
3.848416
3.5210268
3.0873425
3.848416
3.737869
2.9767957
3.3041847
4.065258
3.848416
3.631574
3.631574
3.631574
3.631574
3.414732
3.414732
3.5252786
2.5431116
3.3041847
4.1758046
3.7421207
3.414732
2.5431116
3.1978896
3.3084364
3.3041847
2.7642052
2.2157223
3.3041847
3.9589627
3.848416
2.9767957
3.848416
4.3926473
4.2821
4.171553
3.737869
4.9326262
4.9326262
5.038922
4.928375
5.583153
4.605237
4.605237
4.2821
3.848416
3.848416
4.826331
4.6094894
3.954711
5.0431733
3.737869
4.2821
4.4989424
4.715784
4.4989424
4.3883953
5.3663106
5.9105415
5.799995
5.799995
5.1452165
6.1273837
5.799995
6.1273837
6.77791
5.90629
6.450521
5.038922
5.3663106
5.3663106
4.9326262
4.3883953
5.1494684
5.0431733
5.0431733
5.2600155
5.2600155
4.171553
5.2600155
4.2778482
4.715784
5.6937
5.804247
5.3705626
5.1494684
4.605237
5.1494684
5.5874047
5.4768577
5.6937
5.9105415
5.583153
6.1273837
5.3663106
5.1452165
5.9105415
5.3663106
4.9326262
4.9326262
5.804247
4.9326262
5.0431733
5.2600155
5.6937
5.9105415
5.9105415
5.3663106
5.9105415
5.6937
5.2600155
5.6937
5.1494684
5.4768577
4.605237
4.9326262
6.454773
6.0210886
6.3442264
5.583153
6.454773
6.016837
6.016837
6.671615
6.8884573
5.4726057
6.3442264
6.1273837
6.454773
6.561068
6.3442264
6.016837
6.77791
7.3221416
6.2336793
6.123132
6.016837
6.016837
6.2336793
7.3221416
7.4284363
6.016837
6.561068
6.2336793
6.77791
6.667363
7.2115946
6.339974
7.6452785
7.8621206
7.8621206
7.7558255
7.4284363
6.667363
6.9947524
7.4284363
7.8621206
7.2115946
8.295805
8.189509
6.7736583
7.1010475
8.300056
7.4284363
7.7558255
7.2115946
6.8842053
7.317889
7.5347314
6.8842053
7.6452785
7.4284363
6.8842053
7.6452785
7.2115946
7.6452785
7.6452785
7.4284363
7.4284363
7.4284363
7.2115946
7.7558255
7.1010475
7.317889
6.8842053
8.189509
7.8621206
6.7736583
7.317889
8.189509
7.8621206
7.2115946
8.078962
7.317889
7.317889
8.623194
8.078962
6.7736583
7.5347314
8.189509
7.8621206
7.207342
7.857869
7.9684157
8.078962
7.5347314
7.9684157
7.7515736
7.9684157
8.623194
8.512647
8.185258
7.6410265
8.840036
9.27372
8.512647
8.729489
9.056878
7.9684157
7.6410265
8.840036
8.946331
8.840036
8.295805
7.9684157
8.512647
8.512647
7.7515736
8.950583
8.512647
7.857869
8.840036
8.185258
8.623194
9.27372
8.946331
8.512647
9.384267
9.27372
8.623194
8.512647
8.295805
8.185258
9.167425
8.295805
8.295805
7.8621206
7.6410265
8.623194
8.295805
8.078962
8.950583
8.406352
7.7558255
8.083215
7.9726677
7.6452785
7.6452785
7.6452785
7.7515736
7.8621206
7.8621206
7.8621206
7.1010475
7.1010475
7.7558255
7.317889
6.8842053
7.2115946
7.8621206
7.1010475
6.9947524
8.083215
7.1010475
7.317889
6.9947524
7.3221416
7.2115946
7.1052995
7.3221416
6.3442264
5.9105415
7.543235
6.1273837
5.799995
6.3442264
6.1273837
6.56532
5.1494684
5.5874047
5.2600155
4.6094894
5.0431733
5.1537204
5.0431733
4.2821
5.6979513
5.3705626
3.954711
5.1537204
4.715784
4.826331
5.0431733
4.826331
5.481109
4.4989424
5.3705626
4.826331
3.848416
4.3926473
4.6094894
4.2821
3.954711
4.6094894
4.2821
3.737869
4.4989424
4.065258
3.631574
4.6094894
3.848416
3.7421207
5.264267
5.0431733
4.2821
4.715784
5.0431733
3.848416
4.826331
5.0431733
3.954711
4.3926473
4.3926473
3.848416
4.2821
4.2821
4.6094894
5.481109
3.848416
4.1758046
3.414732
4.720036
3.848416
4.065258
4.2863517
4.2863517
3.5210268
3.8526678
3.414732
3.414732
3.8526678
4.06951
3.3084364
2.4368165
3.7421207
2.2199743
3.0915945
3.4189837
2.330521
2.8747523
3.3084364
2.7642052
2.4410682
2.65791
2.1136792
2.1136792
2.224226
1.6799948
1.6799948
1.2463106
1.3568575
1.6842467
1.1400155
0.48523736
0.48523736
1.2463106
1.3568575
1.1400155
1.3568575
0.7020795
0.8126264
1.3568575
0.48523736
0.70633125
0.05155315
0.9231734
0.9231734
0.1621001
1.3568575
1.0294685
0.37894222
0.1621001
-0.16528895
0.9231734
-0.38213107
0.70633125
1.0337203
0.4894892
-0.59897316
-0.16103715
1.0337203
-0.054742
0.055804953
0.055804953
0.70633125
-0.27158412
0.1621001
-0.4884262
0.27264705
-0.27158412
0.37894222
-0.054742
-0.16528895
1.4674045
0.8126264
1.1400155
0.8126264
0.70633125
0.5957843
0.26839525
0.7020795
1.6842467
1.6842467
0.9231734
1.2505624
1.3568575
1.0294685
0.5957843
1.7905419
0.8126264
1.0294685
1.0294685
1.0294685
1.3568575
1.6799948
1.7905419
1.7862899
1.896837
1.896837
1.896837
2.5473633
1.896837
2.5473633
1.5694479
2.8747523
2.0073838
0.91466975
2.8747523
1.7862899
2.9810476
1.6757431
2.5473633
2.4410682
1.7862899
1.3526058
2.1136792
1.896837
2.330521
1.6799948
1.7862899
2.330521
2.330521
2.330521
2.1136792
2.5473633
2.65791
2.5473633
2.8747523
3.0915945
2.5473633
2.8747523
2.4368165
2.5473633
3.1978896
2.7642052
3.414732
2.1094272
2.4368165
2.4368165
1.7862899
2.003132
2.5473633
2.9810476
2.5473633
2.4368165
2.2199743
1.7820382
2.003132
3.1978896
2.4368165
1.7820382
2.4368165
3.631574
3.3041847
2.9767957
2.9767957
4.2863517
3.737869
3.631574
3.4104798
3.848416
3.5210268
3.737869
3.3041847
4.3926473
3.737869
3.848416
4.3926473
3.737869
3.737869
3.414732
3.3041847
3.9589627
4.2821
4.2821
3.3041847
4.2821
3.4104798
4.4989424
3.737869
4.715784
3.954711
4.2821
4.4989424
4.065258
3.0830908
4.2821
4.4989424
4.4989424
4.3883953
3.5210268
3.954711
5.1537204
3.848416
3.3041847
3.954711
4.4989424
3.848416
3.737869
4.826331
3.954711
4.715784
4.171553
4.3883953
4.826331
5.0431733
3.737869
4.715784
3.954711
4.715784
4.9326262
4.3883953
4.171553
3.954711
4.167301
4.3883953
4.3883953
4.2778482
3.4104798
3.1936376
4.065258
3.954711
3.844164
3.954711
4.715784
4.3883953
4.3883953
5.6937
4.715784
4.0610065
4.605237
4.4989424
3.844164
4.065258
5.1494684
4.8220797
4.605237
4.4989424
5.1494684
5.2600155
4.9326262
5.4768577
4.3883953
4.605237
4.3883953
5.6937
4.0610065
4.9326262
5.0431733
4.9326262
3.737869
3.737869
5.0431733
4.3926473
4.065258
4.4989424
4.4989424
3.1936376
4.2821
4.1758046
4.2821
4.826331
3.954711
3.5210268
4.2821
3.954711
3.5210268
4.715784
4.0610065
3.7336173
4.9326262
4.4946904
3.7336173
4.0610065
4.715784
4.4989424
4.3883953
4.0610065
3.954711
3.6273217
4.715784
3.0830908
3.737869
3.844164
3.6273217
3.954711
3.6273217
3.737869
2.7599535
3.3041847
3.3041847
3.3041847
3.5210268
3.4104798
3.5210268
3.954711
4.2821
3.954711
3.5210268
4.2821
3.4104798
3.737869
4.065258
4.826331
3.848416
3.631574
3.4104798
3.5210268
3.5210268
4.065258
3.414732
3.848416
2.9767957
3.1936376
3.631574
3.631574
2.9767957
3.7421207
2.9767957
3.3041847
3.0873425
3.414732
3.3041847
2.7599535
3.5210268
3.737869
3.3041847
3.3041847
3.3041847
2.8662488
3.631574
3.631574
3.848416
2.9767957
3.3041847
3.848416
3.737869
3.737869
4.3883953
4.4989424
3.737869
4.2821
3.737869
4.065258
3.737869
3.5210268
3.954711
4.2821
3.5210268
4.2821
3.954711
3.4104798
4.065258
3.737869
3.4104798
3.5210268
3.737869
4.3926473
3.737869
4.2821
4.6094894
4.3926473
4.4989424
3.631574
3.848416
4.2821
4.065258
3.7421207
3.737869
4.065258
4.065258
3.954711
4.3926473
3.737869
3.1936376
3.4104798
4.065258
4.6094894
3.631574
3.848416
3.848416
3.631574
4.065258
3.737869
3.414732
3.848416
4.171553
4.065258
4.715784
4.826331
4.4989424
3.844164
3.737869
4.715784
4.2821
4.1758046
3.737869
3.954711
4.605237
4.715784
4.2821
4.4989424
4.715784
4.826331
3.4104798
3.737869
4.1758046
3.848416
3.3041847
3.848416
3.5210268
3.5210268
3.1936376
4.3883953
4.2821
4.715784
3.848416
3.737869
4.4989424
3.6273217
3.954711
4.3883953
4.605237
3.844164
4.3883953
4.715784
4.4989424
4.065258
4.9326262
4.065258
4.6094894
4.171553
3.1936376
4.3926473
3.954711
3.631574
3.631574
3.631574
3.3041847
3.737869
3.9589627
3.9589627
3.848416
2.9767957
4.3926473
3.6273217
4.3883953
4.4989424
3.6273217
4.171553
5.0431733
3.737869
3.954711
4.715784
3.737869
3.4104798
4.065258
3.737869
3.5210268
4.3883953
3.844164
4.065258
2.9767957
3.737869
3.0873425
3.0873425
3.9589627
3.1936376
3.1936376
3.5210268
3.414732
3.414732
3.414732
3.631574
3.848416
2.9767957
3.1978896
3.631574
3.848416
3.631574
3.848416
3.5210268
4.720036
4.503194
3.414732
3.5210268
3.3041847
3.414732
4.065258
3.3041847
3.631574
3.3041847
3.848416
3.631574
3.0873425
2.7642052
3.0873425
3.848416
3.0873425
3.5210268
4.06951
3.1978896
2.7599535
3.848416
3.848416
2.7599535
3.3041847
3.414732
3.3041847
2.9767957
4.1758046
2.9767957
3.848416
3.954711
2.9767957
3.848416
4.3926473
3.737869
3.954711
4.171553
4.065258
4.3883953
4.4989424
5.2600155
4.4946904
5.2557635
5.689448
6.3442264
5.2557635
5.799995
5.1452165
5.1452165
5.4726057
5.799995
4.928375
5.1494684
4.4946904
5.2600155
4.4946904
5.2557635
3.8399122
4.3883953
5.1494684
4.8220797
5.583153
5.583153
4.605237
5.038922
5.1494684
5.583153
4.9326262
5.3663106
5.9105415
4.2778482
5.038922
5.583153
5.038922
5.4768577
4.2778482
5.4768577
3.954711
4.171553
4.826331
4.3883953
4.605237
5.6937
5.1494684
5.038922
5.799995
5.3663106
5.4726057
5.583153
4.8220797
4.8220797
4.715784
4.715784
5.3663106
5.583153
5.4726057
5.6937
4.605237
5.3663106
5.4768577
4.4989424
5.1494684
4.715784
4.171553
4.4989424
4.4989424
3.954711
4.826331
4.171553
4.605237
4.3883953
5.0431733
4.715784
3.954711
4.715784
4.4989424
4.2821
3.737869
3.737869
4.065258
3.5167751
5.0431733
5.0431733
3.5210268
4.065258
3.954711
3.848416
4.171553
4.4989424
4.171553
4.1758046
3.737869
3.848416
3.954711
3.6273217
4.065258
3.737869
3.4104798
2.7599535
4.2821
3.5210268
3.737869
3.954711
4.2821
4.715784
3.6273217
5.583153
4.3883953
4.0610065
4.2778482
4.715784
5.2600155
4.3883953
4.715784
4.171553
3.6273217
4.715784
4.715784
3.737869
5.0431733
4.171553
4.065258
3.4104798
3.5210268
3.631574
3.0830908
3.9589627
3.631574
3.737869
3.9589627
3.0873425
2.9767957
3.3041847
3.848416
3.848416
2.5431116
3.414732
3.9589627
3.848416
3.9589627
3.631574
3.631574
3.7421207
3.737869
3.9589627
2.3262694
3.9589627
3.848416
2.3220174
3.631574
2.6494067
2.7599535
2.9767957
3.631574
3.5210268
3.0873425
3.5210268
3.0873425
3.3041847
4.065258
3.848416
3.1936376
3.631574
3.631574
3.1936376
2.7599535
4.6094894
3.848416
4.065258
4.065258
4.065258
4.6094894
4.171553
3.844164
4.9326262
4.2778482
4.9326262
5.4768577
4.3883953
3.954711
4.9326262
3.954711
3.5210268
4.826331
3.848416
4.715784
5.4768577
5.1494684
4.4946904
4.715784
4.605237
4.3883953
5.4768577
5.038922
4.9326262
5.038922
5.1494684
4.928375
5.2557635
6.3442264
5.4726057
6.561068
6.450521
6.450521
6.450521
6.123132
5.583153
6.016837
6.2336793
5.3620586
5.90629
6.8842053
6.123132
7.317889
7.317889
6.339974
6.1188803
7.5347314
7.207342
7.207342
8.185258
7.9684157
6.986249
8.946331
8.835785
8.4021
9.163173
9.269468
7.747322
9.163173
8.835785
8.2915535
8.618942
8.074712
7.5304804
7.857869
8.2915535
7.313638
7.9684157
8.4021
8.074712
7.5347314
7.4241843
7.203091
7.857869
8.185258
6.875702
8.074712
9.27372
8.2915535
8.074712
8.074712
8.508395
8.618942
9.052627
8.94208
8.074712
8.508395
9.052627
8.725238
9.048374
9.052627
9.052627
8.835785
8.725238
9.703153
10.353679
9.592606
9.158921
10.136837
9.809448
9.486311
10.243132
10.459974
10.676816
10.893659
11.1105
10.893659
10.676816
11.9821205
10.23888
10.566269
11.1105
11.221047
10.676816
10.349427
10.455723
11.004206
10.893659
10.893659
11.437889
10.132585
9.482059
9.592606
9.703153
9.375764
9.703153
9.592606
9.588354
9.482059
10.02629
11.437889
10.459974
9.371511
9.809448
10.459974
10.353679
9.703153
9.592606
9.592606
9.919995
9.375764
10.136837
10.136837
8.8315325
9.596858
8.835785
7.313638
8.946331
7.857869
8.4021
8.835785
8.074712
7.6410265
7.096796
7.313638
7.096796
7.6410265
7.857869
7.6410265
7.6410265
7.4241843
7.7515736
7.207342
8.074712
6.6588597
8.512647
6.8799534
6.663111
6.9905005
5.578901
5.3620586
5.3663106
5.038922
4.3883953
4.605237
3.9504592
4.9326262
4.8220797
4.605237
4.171553
4.605237
4.605237
4.3883953
3.954711
3.5210268
4.065258
3.1936376
3.848416
3.631574
3.848416
4.3926473
3.737869
3.737869
4.6094894
3.954711
4.2821
4.826331
3.1978896
3.1978896
2.5473633
1.2463106
1.3526058
2.1136792
1.8925852
3.414732
3.3041847
2.8662488
3.0873425
3.5210268
2.6536584
2.6536584
2.5473633
2.1136792
1.4589009
2.7642052
2.8705006
3.1936376
3.954711
3.299933
3.844164
3.5210268
3.5210268
2.9767957
3.3084364
1.7862899
1.3526058
2.330521
3.0873425
2.9767957
3.9589627
3.6273217
2.7599535
3.0873425
2.9767957
4.065258
3.0873425
2.9810476
2.3262694
3.0873425
3.1978896
3.7421207
4.065258
3.3041847
3.737869
3.0830908
4.1758046
3.3041847
1.8925852
2.8747523
2.2199743
2.1136792
1.5694479
1.4631528
2.3347728
1.6799948
1.5694479
2.1136792
1.1357636
0.59153247
-0.603225
-0.2758359
-0.603225
1.2463106
2.65791
2.8705006
2.8705006
3.0915945
3.631574
3.0873425
2.6536584
2.4325645
3.631574
3.0873425
1.348354
1.8925852
1.1315118
1.896837
1.7862899
1.2420589
0.91466975
2.3262694
2.3262694
1.6714911
2.6536584
3.1978896
3.0873425
1.8925852
2.6536584
3.414732
2.9767957
3.5210268
4.2821
3.954711
3.4104798
4.826331
4.4989424
3.4104798
3.0873425
3.848416
2.9810476
2.2199743
3.414732
3.7421207
2.8705006
3.1978896
2.9810476
1.6757431
0.8041228
2.003132
2.9810476
2.6536584
2.003132
2.4368165
2.7642052
1.2420589
2.6536584
3.1978896
2.7642052
3.631574
3.848416
3.631574
2.9767957
3.631574
2.5431116
1.7820382
2.003132
2.6536584
3.848416
3.848416
3.3041847
3.737869
4.171553
3.7336173
3.6273217
4.715784
2.8662488
2.8705006
3.3041847
2.9767957
3.3041847
3.414732
3.5210268
3.1936376
4.171553
4.3883953
4.605237
4.3883953
4.0610065
4.171553
4.4989424
3.737869
3.5210268
4.3926473
3.954711
4.6094894
5.1494684
4.928375
4.4946904
4.7115326
3.299933
3.0873425
4.1758046
2.9810476
3.631574
3.0873425
3.848416
3.848416
4.065258
4.2821
4.4989424
5.583153
4.167301
6.123132
5.2557635
4.4989424
4.0610065
2.7557018
3.6273217
3.5210268
3.631574
2.9767957
4.1758046
3.6273217
2.5388596
3.5210268
3.0830908
3.3041847
3.1936376
3.848416
3.5252786
3.4104798
3.9589627
2.7599535
3.737869
3.189386
4.8220797
5.4726057
6.016837
5.1452165
4.4946904
5.0431733
4.1758046
4.065258
3.954711
5.1537204
3.848416
4.4989424
3.4104798
4.8220797
5.583153
4.928375
4.928375
4.8220797
5.038922
4.9326262
5.799995
5.799995
5.3663106
4.6094894
2.7599535
2.003132
1.7905419
1.0294685
0.9189216
2.5473633
2.8747523
2.4368165
3.631574
3.5210268
3.0873425
3.631574
3.414732
3.631574
2.9767957
3.5210268
3.5210268
4.2821
3.0873425
3.848416
3.737869
3.631574
4.2821
3.848416
4.1758046
2.7599535
2.5431116
2.003132
1.5694479
1.1357636
1.4631528
2.330521
2.7642052
2.1094272
3.1978896
2.4325645
3.848416
3.631574
3.414732
2.9767957
2.7599535
2.7599535
3.1936376
4.4989424
5.1494684
4.715784
4.9326262
4.4946904
4.9326262
4.715784
4.171553
3.737869
3.5210268
3.3041847
3.414732
3.414732
3.737869
3.737869
5.038922
4.3883953
4.8220797
4.928375
4.8220797
5.038922
5.6937
5.1494684
4.4989424
4.171553
4.8220797
5.583153
4.928375
5.038922
4.4946904
5.038922
3.5167751
4.171553
3.1936376
4.3883953
4.3883953
4.928375
6.339974
7.4284363
6.556816
7.4241843
7.5347314
7.1010475
8.185258
6.5525646
6.123132
6.2336793
6.123132
5.1452165
6.450521
5.689448
6.016837
5.689448
5.689448
6.016837
5.0346694
5.2557635
5.583153
5.799995
5.3663106
5.2557635
4.3841434
5.689448
7.6452785
6.339974
6.8799534
7.4241843
7.317889
5.902038
7.1010475
7.4284363
4.924123
5.799995
5.2557635
5.583153
5.2557635
5.799995
6.2336793
6.9947524
6.4462695
7.1010475
7.4241843
7.4241843
6.8799534
7.4241843
7.317889
7.8621206
6.8799534
8.729489
8.840036
7.9641643
8.508395
8.508395
7.747322
7.9684157
8.074712
6.5525646
7.5347314
7.4284363
7.1010475
6.8842053
7.8621206
7.096796
8.946331
9.269468
10.030542
10.459974
10.464226
9.809448
9.592606
8.508395
7.747322
7.747322
8.185258
9.158921
11.114753
10.676816
11.004206
10.676816
9.809448
9.592606
10.247384
10.353679
10.136837
10.136837
9.375764
8.94208
10.353679
10.132585
11.654732
11.221047
11.437889
10.02629
9.703153
8.94208
9.269468
8.074712
9.269468
8.94208
8.508395
9.158921
10.89791
9.805196
10.243132
10.243132
9.809448
9.919995
9.8137
9.052627
8.725238
8.074712
7.5304804
8.074712
9.163173
8.397848
8.508395
9.269468
8.508395
8.074712
8.4021
8.074712
8.074712
7.857869
8.074712
8.295805
7.5304804
7.4241843
7.5347314
7.4241843
7.9684157
7.857869
8.512647
7.857869
8.185258
8.4021
8.618942
9.380016
9.158921
8.397848
7.747322
7.9684157
8.078962
6.7736583
6.667363
6.667363
5.90629
6.450521
5.038922
5.583153
5.583153
5.689448
6.450521
6.667363
5.689448
6.556816
6.016837
7.2115946
5.795743
6.9947524
6.8842053
6.450521
6.667363
6.667363
6.123132
6.339974
6.016837
5.1494684
3.9504592
3.6273217
3.954711
5.0431733
3.848416
3.5210268
3.5210268
4.171553
4.9326262
5.3663106
5.038922
4.2821
1.9988803
2.7642052
2.2199743
2.9767957
5.3663106
6.3442264
6.016837
4.4946904
2.6451547
3.1936376
3.5210268
3.737869
3.0873425
3.414732
1.4589009
2.330521
2.65791
2.7642052
3.414732
3.631574
3.5210268
3.737869
3.844164
3.6273217
3.844164
3.7336173
3.0873425
3.0873425
3.5210268
3.7421207
3.5252786
2.8705006
3.414732
3.414732
2.6536584
2.8705006
2.9810476
2.5473633
2.4410682
0.7020795
0.7020795
1.3568575
0.9189216
1.5694479
3.0873425
3.631574
3.1936376
3.737869
4.715784
3.406228
5.4726057
5.799995
6.2336793
7.1010475
5.689448
6.561068
6.454773
5.4768577
3.631574
3.9589627
2.224226
-0.38213107
-1.7937305
-2.223163
-3.4221725
-1.3557947
-1.0326574
0.37894222
1.4631528
2.1136792
3.414732
3.0873425
3.631574
3.0873425
4.503194
3.848416
2.5431116
1.896837
0.9189216
0.05155315
0.48523736
0.9189216
2.5473633
3.0915945
2.6536584
2.6536584
2.4368165
1.7862899
1.2420589
2.1136792
1.0294685
1.6799948
2.330521
2.2199743
2.2157223
3.5252786
2.9767957
2.9767957
3.5210268
3.1936376
3.6273217
4.065258
3.5210268
4.065258
4.715784
4.605237
5.799995
6.450521
5.799995
4.9326262
4.9326262
4.0610065
3.954711
4.4989424
2.6494067
3.631574
3.414732
3.737869
3.1936376
5.1494684
4.2778482
6.667363
7.1010475
6.556816
6.8842053
6.9905005
7.317889
6.8842053
5.795743
5.583153
4.9326262
5.5874047
4.8220797
6.1273837
7.7558255
7.317889
7.5347314
8.2915535
9.052627
8.397848
9.052627
8.185258
6.7736583
6.016837
4.8220797
5.038922
5.583153
5.90629
6.667363
5.2557635
4.9326262
5.6937
4.826331
3.848416
3.848416
2.330521
-0.603225
-0.59897316
-1.7937305
-1.2494994
-1.5768886
-0.59897316
-0.81581527
0.26839525
1.1315118
2.5431116
5.1494684
6.9947524
6.8842053
6.7736583
7.5347314
7.4241843
6.9905005
6.663111
6.1188803
5.3620586
3.7293656
2.3220174
3.1978896
1.0252168
0.8126264
0.37894222
-0.81581527
-1.7937305
-0.81581527
0.05155315
1.6799948
2.7642052
2.3262694
3.3041847
3.5252786
2.5431116
4.1758046
4.065258
4.1758046
4.4989424
5.0431733
4.9326262
6.8884573
6.016837
6.450521
5.90629
6.9947524
5.1452165
4.065258
2.8705006
1.5694479
1.7862899
2.1136792
1.4631528
1.5736997
1.1357636
2.0073838
1.2463106
1.3526058
1.4631528
1.2463106
0.26414344
1.896837
2.8747523
2.7599535
3.631574
3.631574
4.3926473
3.1978896
4.503194
4.6094894
3.848416
4.503194
4.3926473
4.1758046
2.8705006
3.631574
3.4104798
4.605237
6.016837
6.3442264
6.1273837
5.6937
4.2821
4.4989424
3.954711
3.737869
5.0431733
3.3041847
3.414732
3.5210268
2.7599535
3.1936376
3.5210268
4.065258
3.5210268
4.065258
4.3926473
2.6536584
2.9810476
3.1978896
3.414732
2.6536584
2.6494067
3.414732
3.4104798
4.4946904
5.4726057
6.667363
7.207342
6.339974
7.4284363
7.4284363
6.8842053
6.556816
6.9947524
5.4726057
5.038922
5.3663106
4.9326262
4.605237
5.3663106
5.2600155
5.2600155
4.826331
3.0830908
3.414732
3.5210268
2.8662488
3.5210268
4.171553
4.9326262
4.9326262
6.016837
6.2336793
6.450521
5.583153
4.2821
3.1936376
2.7557018
3.737869
4.2821
4.715784
5.583153
6.2336793
6.561068
6.339974
7.538984
6.016837
4.8220797
4.8220797
4.3883953
4.065258
4.065258
3.414732
4.065258
5.2600155
6.0210886
6.561068
6.3442264
7.317889
8.729489
8.4021
8.4021
9.269468
9.269468
9.919995
10.570521
11.552689
11.221047
10.353679
9.486311
11.327342
12.5220995
12.955785
13.389469
12.734691
12.296754
10.77886
10.349427
10.566269
10.02629
8.397848
8.181006
7.5304804
8.074712
8.397848
10.459974
10.999953
11.1105
11.539933
10.999953
12.5220995
11.654732
10.783112
9.375764
10.136837
10.89791
11.9821205
12.632647
13.389469
13.929449
13.929449
14.579974
14.796817
14.796817
15.451593
15.557889
14.907364
15.128457
14.694773
13.1726265
10.999953
10.893659
11.221047
10.243132
9.915743
8.508395
8.729489
8.512647
7.9684157
8.185258
7.857869
9.158921
10.030542
10.681068
11.004206
10.893659
12.5220995
12.084165
13.278922
13.9337
13.500016
12.628395
12.734691
14.039994
13.712605
14.584226
14.039994
13.278922
11.654732
10.455723
10.459974
10.243132
10.136837
8.94208
8.835785
9.052627
8.508395
9.703153
10.681068
10.570521
9.703153
9.269468
8.835785
8.618942
9.052627
8.181006
9.052627
9.269468
9.048374
10.464226
11.114753
10.787363
10.353679
9.919995
8.725238
7.419933
8.185258
7.747322
8.078962
7.6410265
7.317889
8.078962
8.2915535
8.725238
8.618942
7.9641643
6.5525646
6.123132
4.928375
4.7115326
6.3442264
7.1010475
8.4021
8.8315325
10.243132
11.1105
11.654732
10.893659
10.353679
11.114753
10.676816
10.787363
10.999953
12.088415
11.65048
12.517848
12.624144
13.929449
14.796817
14.256837
11.977869
10.676816
9.809448
7.636775
9.052627
9.269468
9.380016
8.729489
7.6410265
6.9905005
6.8842053
4.167301
4.1758046
3.414732
3.631574
4.2821
6.454773
8.406352
11.119004
11.331594
11.654732
12.415805
12.415805
12.30951
11.004206
9.265217
8.946331
8.512647
5.902038
5.799995
5.3620586
6.3357224
7.317889
5.3620586
3.8399122
3.5167751
2.7599535
3.414732
2.7599535
3.7421207
3.5210268
3.844164
4.8220797
3.7336173
5.2557635
6.7736583
7.8621206
7.7515736
9.924246
9.163173
9.596858
10.136837
10.455723
11.544185
12.305258
13.066331
11.544185
11.9821205
10.787363
9.380016
8.295805
6.8842053
5.038922
2.9767957
3.1978896
3.848416
4.6094894
4.605237
4.8220797
4.3883953
3.954711
4.6094894
3.414732
3.8526678
4.936878
3.954711
6.9990044
7.8621206
9.490562
11.552689
12.526352
12.092668
12.420057
11.331594
10.676816
12.420057
11.327342
11.871573
11.9821205
11.765279
11.765279
11.114753
10.136837
8.94208
8.2915535
7.7515736
6.4462695
7.7515736
5.4726057
5.2557635
5.4726057
6.556816
6.8799534
8.078962
8.295805
7.857869
8.4021
8.2915535
7.313638
7.5304804
8.185258
8.078962
8.729489
8.946331
11.442142
11.871573
12.305258
11.654732
11.437889
10.459974
10.893659
11.437889
10.787363
10.353679
10.7916155
10.136837
9.269468
9.8137
8.835785
8.2915535
7.7515736
7.7515736
7.8621206
7.5347314
7.4284363
5.689448
7.3221416
6.450521
6.9905005
9.163173
9.596858
9.8137
10.030542
9.707404
9.269468
10.574773
10.464226
10.681068
10.353679
10.02629
10.89791
10.353679
9.809448
10.030542
9.919995
10.574773
9.486311
8.725238
9.163173
7.9684157
6.8842053
7.2115946
6.339974
7.5347314
8.185258
9.052627
9.163173
8.729489
8.2915535
6.663111
8.189509
7.8621206
7.317889
7.6410265
8.946331
7.857869
8.729489
8.185258
7.9684157
7.1010475
7.317889
7.317889
6.9947524
6.2336793
5.3663106
5.804247
5.3663106
6.1273837
6.671615
6.2336793
6.77791
7.2115946
6.667363
7.538984
7.2115946
6.77791
5.038922
5.4768577
5.9105415
6.2336793
6.8842053
7.7558255
6.667363
6.016837
5.9105415
5.9105415
5.6937
4.9326262
5.4768577
5.4768577
6.0210886
5.4726057
6.2336793
5.583153
6.016837
6.450521
6.77791
6.016837
5.583153
5.4768577
5.2600155
4.4989424
4.171553
4.171553
4.715784
4.826331
3.9589627
4.2863517
3.9589627
3.848416
3.9589627
3.7421207
3.7421207
3.9589627
3.848416
4.715784
5.9105415
5.4768577
4.171553
5.0431733
3.848416
4.720036
3.631574
4.2863517
3.1978896
3.1978896
3.6358256
3.5252786
4.1758046
3.7421207
3.3084364
3.5252786
3.3084364
2.8747523
2.1136792
3.2021413
2.5516152
1.5736997
1.7905419
1.2463106
2.5516152
2.65791
2.5473633
2.8747523
2.0073838
1.3526058
0.48523736
1.0294685
1.5736997
2.3347728
2.879004
2.4410682
2.4410682
1.7862899
2.224226
1.1357636
2.3347728
2.7684572
3.2021413
2.7642052
3.5252786
3.5252786
3.8526678
2.1136792
0.26839525
2.0073838
0.9231734
1.3568575
2.662162
1.1400155
0.37894222
-0.4884262
-0.8115635
-1.1389525
-0.7010165
-0.37362745
0.7105831
0.38319403
0.37894222
0.8126264
0.48523736
0.5957843
0.9231734
1.5779516
0.4894892
0.8126264
2.3390248
2.117931
2.3347728
0.8126264
1.1400155
0.70633125
0.27264705
1.7947936
1.5779516
0.9231734
1.4674045
0.70633125
0.37894222
0.26839525
0.1621001
0.70633125
0.38319403
0.27264705
1.1400155
1.4631528
2.1136792
1.6799948
1.3526058
0.48523736
-0.27158412
0.38319403
0.81687826
0.81687826
0.27264705
1.3611094
-0.27158412
0.9231734
1.9010887
1.4631528
3.1978896
3.1978896
3.7421207
2.65791
1.5694479
1.2505624
1.3568575
1.9010887
2.3347728
2.9852993
4.06951
3.631574
3.7421207
3.6358256
2.224226
1.1400155
1.0337203
1.0337203
1.0337203
2.117931
2.44532
2.117931
2.0073838
1.4631528
1.3568575
1.0294685
2.3347728
1.2463106
2.5516152
1.3568575
2.224226
2.330521
3.2021413
2.65791
2.7642052
3.4189837
2.003132
2.330521
2.224226
2.4410682
3.2021413
1.6799948
2.65791
2.8747523
3.0915945
2.8747523
4.3926473
3.631574
3.1978896
3.8526678
4.0737615
3.3084364
3.9632149
2.9810476
2.4368165
4.06951
4.4989424
4.8220797
5.3663106
5.799995
4.605237
5.5874047
5.9105415
5.5874047
4.6094894
4.936878
3.848416
4.3926473
3.9589627
5.481109
4.826331
3.1936376
3.7421207
3.1978896
4.2863517
3.9589627
4.503194
4.936878
5.481109
5.583153
5.689448
7.5347314
7.317889
7.1010475
6.9947524
5.689448
6.7821617
6.8884573
7.2158465
5.4726057
6.3442264
6.016837
5.578901
6.123132
6.450521
5.583153
5.4768577
4.9326262
4.9326262
4.4989424
5.6937
5.799995
6.8842053
6.7736583
6.667363
6.9905005
6.663111
7.1010475
6.2336793
5.799995
4.9326262
4.6094894
4.065258
4.4989424
5.3663106
6.450521
6.2294273
6.7736583
5.689448
5.689448
4.8220797
5.4768577
4.171553
3.954711
4.715784
5.583153
5.1452165
7.313638
7.747322
8.074712
7.4241843
8.078962
6.556816
5.90629
6.123132
6.667363
6.8842053
6.450521
4.8220797
3.189386
4.171553
3.0873425
2.3262694
2.8705006
3.0873425
3.414732
3.848416
2.8705006
2.4325645
1.9988803
2.7642052
2.7599535
3.1936376
4.4946904
6.1273837
5.3620586
5.3620586
4.2778482
4.8220797
5.2600155
5.038922
6.3442264
6.2336793
6.450521
6.9947524
5.0346694
4.2735963
3.62307
3.5125234
4.2778482
4.171553
4.065258
2.5431116
1.3526058
1.4631528
0.8126264
-0.16954076
2.1094272
2.6494067
3.1936376
3.6273217
4.3841434
3.9504592
2.8662488
3.737869
2.8705006
1.8883334
2.8705006
2.8705006
2.972544
3.9504592
5.1452165
6.2294273
6.339974
5.251512
6.339974
6.339974
5.2557635
4.0610065
4.4946904
4.0610065
3.078839
4.4946904
6.123132
6.450521
6.2294273
5.795743
6.2294273
6.9905005
6.4462695
6.2294273
5.902038
4.490439
5.1452165
5.90629
5.4726057
6.016837
5.4726057
5.3620586
4.171553
2.9767957
3.299933
5.9105415
5.2557635
7.1010475
7.313638
6.3314705
6.5483127
7.857869
9.052627
9.486311
9.809448
9.375764
9.596858
7.9641643
8.2915535
8.397848
6.87145
6.765155
6.875702
6.986249
6.663111
6.663111
6.339974
5.583153
3.848416
1.8883334
3.0830908
4.490439
6.3357224
7.203091
8.504144
8.176754
8.287301
10.787363
10.459974
9.809448
9.698901
10.787363
8.499891
9.482059
8.393597
8.610438
8.508395
6.769407
6.7736583
5.795743
5.795743
6.8842053
6.339974
3.2956812
3.299933
2.5388596
3.5167751
4.928375
5.689448
6.339974
7.1010475
7.9684157
9.158921
9.15467
9.915743
9.69465
9.69465
7.849365
8.070459
9.375764
8.94208
10.030542
8.508395
6.5525646
4.269345
5.3620586
4.1630497
4.1630497
6.339974
5.578901
4.7115326
2.972544
3.954711
3.954711
3.6273217
5.1494684
4.4946904
3.9504592
5.1452165
5.468354
6.012585
6.663111
7.4241843
6.6588597
6.3357224
7.5347314
6.5525646
7.317889
7.1010475
6.9947524
3.844164
1.4503974
2.6494067
2.5431116
0.8041228
2.6494067
3.848416
3.6273217
3.299933
2.8662488
1.2293034
1.8840815
2.6494067
3.406228
4.0610065
3.4104798
2.5388596
1.9946285
2.6451547
3.2956812
2.972544
4.4946904
4.7115326
3.406228
4.0610065
2.2114706
3.5210268
1.9946285
0.25563982
1.4546491
2.4368165
1.3441021
1.7777863
2.4283128
2.1009235
2.7557018
2.6494067
0.8041228
1.2420589
0.48098555
1.0252168
2.003132
2.003132
0.69782764
-0.6074768
-0.3906347
0.1578483
-0.8200671
0.7020795
1.4589009
1.2420589
2.1094272
3.414732
3.1936376
1.0167131
2.7599535
2.7557018
2.8662488
3.7421207
0.69782764
-0.38638288
-2.3422136
-3.9664037
-2.9842362
-3.5242157
-4.8252683
-4.608426
-6.0242777
-5.3737516
-3.5284674
-2.661099
-1.4705935
-1.1432043
-0.59897316
-0.4884262
-0.603225
-0.054742
0.1578483
0.58728075
1.4589009
0.59153247
-0.38213107
-1.2494994
-3.3116255
-3.3116255
-2.8779414
-2.767394
-3.3116255
-3.2053301
-3.0947833
-4.7274766
-3.4179204
-3.6347628
-4.7232246
-5.156909
-4.8252683
-5.917982
-4.9358153
-5.0463624
-4.940067
-3.9621515
-3.4221725
-3.099035
-1.4663416
-3.5327191
-2.767394
-3.2010784
-2.767394
-3.851605
-4.285289
-4.068447
-2.9842362
-3.2010784
-4.7274766
-5.9222345
-5.3737516
-7.873813
-7.3295817
-7.0021925
-6.674804
-5.692637
-5.9094787
-7.214783
-7.4316254
-7.8653097
-7.214783
-6.015774
-7.8695617
-7.2190356
-7.1127396
-6.4622135
-4.506383
-3.5284674
-1.7894788
-2.444257
-3.0947833
-3.4179204
-3.7453096
-4.0726986
-4.1832457
-1.9000257
-1.3600464
-2.2359185
-1.4705935
-2.4527607
-1.1474562
-2.0190763
0.8083746
-1.0369092
-2.5548038
-3.2010784
-4.940067
-4.9358153
-6.8916464
-6.560005
-8.630635
-8.630635
-8.520088
-9.281161
-9.064319
-8.413793
-5.9137306
-3.7410579
-3.3073738
-3.3116255
-1.1389525
-0.49267802
3.1978896
2.6494067
3.189386
2.5388596
1.020965
-0.06324561
-2.2359185
-1.1474562
-1.7979825
-2.5548038
-3.3158772
-5.926486
-6.2496233
-6.2453713
-6.2453713
-5.050614
-5.7011404
-4.718973
-5.5905933
-6.2453713
-3.9621515
-1.5768886
-0.16954076
1.6757431
2.8662488
2.861997
4.171553
5.038922
3.9504592
3.0873425
2.8705006
1.5694479
0.26839525
0.05155315
-0.603225
-1.0369092
0.9189216
-0.38638288
-0.7137719
-0.70952016
-2.3422136
-1.3600464
-2.665351
-1.4663416
-2.3379617
-2.3379617
-0.38213107
-0.70952016
-1.6959391
1.348354
1.020965
-0.93911767
1.8925852
1.0167131
1.12726
1.5609442
2.4325645
3.0873425
2.5431116
3.3041847
3.6273217
4.8220797
4.928375
6.2336793
5.578901
4.5967336
4.2735963
3.5125234
2.968292
3.9504592
3.0830908
3.6273217
2.7599535
2.5431116
3.3041847
3.1936376
2.1009235
3.5125234
4.7030287
5.353555
4.9198713
4.9198713
5.468354
4.8135757
4.928375
5.90629
5.0346694
5.6851964
6.556816
6.3357224
5.8977866
5.5661454
7.526228
8.499891
8.499891
9.15467
9.482059
8.8315325
9.15467
10.676816
10.23888
9.805196
9.36726
7.955661
8.937827
9.69465
10.0220375
10.893659
10.783112
9.805196
10.566269
9.584103
10.017787
10.889407
10.124082
10.562017
10.45147
10.566269
9.805196
9.150418
10.349427
9.150418
10.566269
10.995702
10.885155
12.624144
11.425134
10.991449
10.668313
10.6725645
11.106249
10.668313
11.756775
11.318839
11.756775
10.995702
11.101996
11.101996
12.517848
12.513597
12.951532
13.60631
13.385218
11.969365
12.517848
12.734691
11.8630705
11.429386
12.517848
12.624144
13.385218
13.491511
12.296754
12.407301
10.991449
10.447219
10.45147
10.45147
10.345176
9.588354
8.499891
8.614691
7.0882916
7.092544
6.5483127
6.5483127
6.981997
7.955661
9.584103
10.340923
10.995702
11.867322
11.539933
11.323091
11.429386
13.495763
13.385218
13.712605
12.836734
12.071408
12.730438
12.513597
10.774608
11.106249
10.128334
8.1725025
8.070459
6.6588597
5.791491
5.464102
5.030418
6.008333
6.2209234
7.305134
10.132585
9.477807
9.473556
10.23888
10.455723
8.601935
8.933577
8.606187
8.8230295
9.911491
9.36726
9.256713
9.800944
9.039871
7.5177245
8.28305
7.1988387
6.981997
6.769407
6.3357224
5.357807
5.6851964
6.008333
5.5703974
6.3314705
7.1988387
7.521976
9.69465
10.128334
9.800944
9.584103
8.8230295
9.039871
9.477807
9.039871
9.800944
9.035619
9.146166
10.017787
10.017787
9.800944
7.955661
8.720985
7.632523
6.110377
8.181006
9.044123
8.499891
8.933577
7.3008823
7.5177245
8.929324
9.907239
10.234629
11.323091
10.668313
9.690397
10.77886
11.101996
13.057828
13.712605
14.035743
13.814649
14.031491
12.832482
12.181956
13.057828
13.057828
10.668313
10.6725645
10.999953
10.340923
10.991449
12.836734
14.031491
13.266166
13.053576
11.969365
11.973618
10.668313
10.45147
10.885155
10.774608
11.8630705
11.641976
12.947281
12.619891
12.296754
12.301006
12.305258
10.77886
11.2125435
12.738942
12.190459
11.65048
12.296754
12.079912
12.947281
14.363132
15.664186
15.119954
14.248333
13.929449
12.079912
11.8630705
11.969365
11.318839
12.734691
11.535681
10.234629
11.216796
11.761026
10.0220375
10.566269
10.23888
9.588354
9.915743
10.0220375
9.800944
10.783112
10.455723
10.6725645
10.566269
10.889407
10.77886
11.646228
12.301006
12.955785
12.517848
12.955785
11.867322
10.77886
10.566269
11.331594
10.23888
11.761026
11.761026
11.106249
10.77886
11.433638
11.973618
12.079912
12.734691
12.194712
11.539933
10.562017
12.301006
11.8630705
11.8630705
12.734691
11.208292
11.318839
12.840985
12.509345
12.292503
13.385218
12.513597
11.752523
12.513597
12.186207
13.708355
13.057828
12.840985
11.646228
11.535681
10.124082
11.429386
12.079912
13.818902
14.68627
14.465176
15.443091
17.509468
17.284122
17.505217
16.199913
15.549385
14.792564
13.814649
13.602058
12.628395
11.106249
11.654732
11.221047
12.088415
12.628395
12.190459
13.168375
12.407301
12.840985
11.867322
12.301006
11.2125435
12.194712
12.411553
12.951532
12.190459
11.429386
11.539933
11.756775
10.566269
10.783112
10.132585
8.720985
8.725238
8.508395
8.618942
8.720985
9.482059
10.676816
11.1105
10.893659
10.6725645
10.23888
11.433638
10.6725645
11.327342
11.327342
9.800944
9.915743
10.0220375
10.676816
9.805196
9.809448
8.8315325
9.15467
9.048374
9.703153
10.136837
8.937827
9.809448
8.94208
9.805196
10.455723
11.1105
11.544185
10.893659
10.893659
10.349427
9.698901
8.937827
10.02629
10.353679
10.02629
11.331594
11.544185
12.411553
13.716857
13.823153
13.062079
13.389469
12.517848
12.301006
12.305258
12.305258
11.871573
12.301006
12.186207
14.363132
14.903111
15.549385
15.443091
15.226248
15.447342
12.947281
12.301006
10.562017
10.353679
9.809448
11.437889
10.999953
11.977869
15.124206
15.230501
15.770479
15.336795
16.204163
16.535805
15.987322
15.774733
14.903111
16.09787
16.425257
16.858942
16.31046
16.421007
16.960987
16.637848
15.881026
16.425257
14.465176
14.903111
14.575723
14.579974
15.124206
15.881026
15.664186
15.766228
16.093616
15.443091
14.137786
14.142038
14.142038
11.641976
12.845238
13.278922
12.628395
13.389469
12.836734
14.035743
14.792564
14.682017
15.770479
16.204163
16.85469
16.531553
16.642101
16.208416
16.09787
15.119954
15.987322
16.748394
16.965237
17.505217
18.049448
17.72206
16.633596
16.425257
15.443091
15.553638
15.668436
15.230501
15.009407
16.752647
17.075785
16.637848
16.748394
16.31046
15.987322
16.858942
17.509468
16.421007
15.774733
15.451593
14.035743
15.124206
15.991573
16.858942
19.137909
19.461048
19.133657
19.461048
18.699974
16.421007
15.230501
14.363132
13.9337
13.60631
14.367384
14.694773
16.208416
15.766228
16.748394
18.487385
18.376837
17.403173
16.969488
16.642101
16.863195
16.208416
15.013659
15.341048
14.039994
12.845238
13.389469
12.305258
11.437889
10.247384
9.486311
8.512647
8.4021
10.030542
11.437889
13.500016
15.341048
15.770479
18.049448
20.00528
20.545258
20.978941
20.655806
19.898983
17.292625
13.929449
11.1105
9.15467
9.375764
8.835785
9.703153
10.030542
11.442142
11.658983
11.658983
11.004206
10.676816
9.915743
9.809448
10.893659
10.349427
11.871573
12.305258
13.60631
14.903111
15.553638
14.89886
15.549385
15.119954
12.517848
12.092668
9.269468
7.7515736
8.295805
7.9684157
6.9905005
6.556816
7.096796
7.096796
9.052627
11.004206
11.221047
10.893659
11.327342
11.437889
11.871573
11.8630705
13.278922
15.124206
14.252585
13.168375
13.283173
11.004206
9.596858
7.9684157
6.8884573
4.065258
3.848416
4.720036
4.826331
4.7115326
7.2115946
8.840036
7.9641643
10.243132
11.437889
12.955785
12.088415
11.327342
11.437889
10.676816
10.787363
9.158921
9.8137
9.27372
8.074712
8.078962
8.185258
8.4021
9.596858
10.464226
9.592606
7.857869
8.512647
7.6452785
6.8842053
7.8621206
7.9684157
9.052627
10.136837
10.787363
11.765279
11.871573
10.676816
11.765279
10.570521
9.269468
8.185258
7.317889
7.1010475
6.339974
7.317889
8.300056
8.512647
8.946331
9.596858
9.8137
10.247384
8.614691
9.269468
8.512647
8.729489
8.074712
10.247384
10.893659
10.02629
11.658983
11.114753
11.004206
11.331594
11.008457
9.486311
9.052627
9.8137
9.163173
10.357931
10.787363
11.9821205
11.1105
10.566269
11.654732
10.676816
10.893659
11.654732
10.893659
12.198963
12.738942
12.194712
12.5220995
13.60631
13.827404
12.636899
12.420057
11.442142
9.924246
8.189509
7.3221416
6.450521
6.7736583
6.556816
7.7515736
7.4241843
7.857869
11.114753
12.415805
14.477931
16.102121
16.208416
17.620016
17.075785
16.204163
16.535805
15.664186
15.668436
13.716857
12.305258
10.783112
11.867322
12.407301
14.584226
14.256837
13.823153
15.455847
15.672688
14.477931
12.849489
11.327342
11.977869
13.60631
13.278922
12.628395
12.411553
12.840985
13.925196
13.602058
15.234753
15.88528
16.42951
14.256837
13.929449
15.013659
15.013659
16.318964
16.642101
17.075785
16.535805
16.535805
15.88528
15.341048
15.013659
14.469427
15.01791
14.256837
13.495763
13.389469
14.584226
14.801068
14.796817
13.495763
13.712605
13.929449
12.5220995
12.738942
12.845238
13.278922
13.500016
12.411553
11.765279
12.849489
14.588478
14.796817
16.208416
17.72631
17.398922
17.292625
17.730562
16.535805
15.557889
14.150541
13.716857
13.823153
14.907364
16.09787
16.858942
17.615763
16.531553
16.752647
16.646353
14.690521
13.60631
12.849489
11.9821205
11.548436
10.893659
11.765279
10.783112
11.654732
12.305258
13.716857
13.278922
11.761026
12.5220995
12.738942
12.415805
12.092668
11.658983
10.570521
9.703153
10.030542
11.114753
11.004206
11.875826
10.464226
11.008457
10.251636
10.795867
10.89791
10.89791
12.305258
15.557889
17.18208
17.943153
16.85469
16.208416
15.230501
15.341048
15.557889
15.664186
16.858942
18.159994
18.045197
18.699974
16.85469
16.09787
16.31471
15.991573
15.991573
16.102121
15.553638
16.85469
16.960987
18.049448
18.593678
18.699974
18.589426
19.89048
22.390541
23.79789
24.333616
25.42208
23.576796
23.032564
21.080986
19.239954
18.483133
17.398922
15.230501
15.668436
15.991573
15.557889
15.447342
15.774733
15.119954
15.230501
16.42951
16.642101
16.752647
17.407427
15.774733
16.969488
16.09787
16.425257
16.318964
15.451593
14.584226
14.911615
15.3453
16.42951
16.42951
16.535805
14.907364
13.283173
12.738942
12.738942
13.1726265
13.500016
14.699025
13.827404
12.738942
11.437889
12.194712
13.60631
14.363132
14.14629
14.796817
14.579974
13.491511
13.602058
12.845238
12.190459
10.995702
10.017787
11.437889
10.132585
10.566269
10.676816
11.544185
11.323091
12.411553
11.973618
11.756775
11.973618
12.301006
11.973618
12.951532
12.411553
11.871573
10.893659
10.893659
11.548436
11.977869
11.977869
11.871573
10.566269
10.23888
10.132585
10.349427
11.004206
10.893659
11.765279
10.570521
11.548436
10.132585
11.331594
11.331594
11.437889
11.1105
11.654732
11.437889
12.632647
14.256837
16.212667
15.88528
15.230501
14.903111
15.557889
16.646353
16.425257
16.646353
16.425257
15.991573
15.991573
16.969488
17.075785
17.509468
17.72631
16.858942
15.991573
16.102121
14.907364
13.500016
12.092668
7.4241843
3.7421207
1.2463106
1.0294685
1.3526058
0.3746904
-0.058993805
-4.0769506
-9.612802
-10.697013
-8.1926985
-3.7410579
-0.15678534
1.1442673
2.4410682
3.5167751
7.313638
9.805196
11.429386
11.433638
8.2915535
5.799995
1.2420589
0.15359649
3.5210268
4.3841434
6.1188803
5.8977866
4.490439
5.1494684
3.3084364
1.7862899
0.38319403
-1.9000257
-5.6968884
-7.0021925
-6.0242777
-2.2316666
2.4368165
6.3442264
7.313638
5.90629
6.2336793
4.924123
4.490439
6.339974
7.9684157
8.512647
7.7515736
6.339974
7.6410265
8.185258
7.9684157
6.450521
6.1316357
3.5252786
1.896837
1.1400155
1.5779516
0.27264705
1.1400155
2.117931
3.2021413
4.065258
7.1052995
5.90629
5.2557635
3.1978896
-0.38638288
-0.054742
-0.054742
-0.7052683
1.9053404
3.0958462
0.48523736
1.0294685
1.896837
2.2199743
2.7642052
2.330521
1.7905419
0.1621001
0.1621001
0.4894892
-0.054742
-1.3557947
-3.3073738
-3.4179204
-2.4400053
-2.9842362
-0.7052683
-0.4884262
-0.81581527
-0.9263622
-0.7052683
-1.5768886
-2.661099
-0.5947214
-0.81581527
-0.16528895
-0.4884262
-2.2274148
-0.9221104
-1.0326574
-0.054742
0.8126264
0.8126264
-0.16528895
-0.054742
-1.1432043
-3.2053301
-2.116868
-2.5505521
-3.851605
-4.068447
-4.9358153
-4.4978795
-4.391584
-4.940067
-3.6347628
-4.391584
-5.1526575
-4.608426
-5.475795
-5.1526575
-4.714721
-5.5863414
-4.82952
-4.1789937
-2.9842362
-1.4620898
-2.4400053
-2.7631423
-3.2010784
-4.1789937
-5.3737516
-4.1747417
-4.068447
-4.285289
-4.718973
-3.4136686
-5.0463624
-4.502131
-4.1789937
-2.6568472
-1.2494994
-0.59897316
1.1357636
1.4589009
1.6799948
1.5736997
1.4631528
1.0294685
0.05155315
0.26839525
0.81687826
-0.9221104
-1.5726367
-3.7453096
-3.851605
-4.285289
-5.156909
-5.0421104
-5.803184
-7.214783
-7.3210783
-6.560005
-5.475795
-4.064195
-3.851605
-3.5284674
-2.8779414
-2.448509
-1.5811403
-0.058993805
0.7020795
0.5957843
-0.49267802
-0.054742
-0.59897316
-1.0284055
-3.2010784
-3.0905313
-3.7410579
-3.851605
-4.506383
-3.7453096
-1.5726367
-2.5590558
-2.3422136
-1.6874356
-1.5726367
-2.767394
-3.9621515
-3.9621515
-3.851605
-2.6568472
-3.0947833
-2.9884882
-2.010573
-1.5768886
-3.099035
-2.9884882
-3.2053301
-2.8779414
-2.9842362
-4.7274766
-3.3116255
-3.4179204
-4.289541
-2.6568472
-1.2452477
-1.678932
-2.9842362
-3.6347628
-3.9621515
-6.5727606
-7.878065
-6.1348248
-5.484298
-4.833772
-2.223163
-1.1432043
0.26839525
1.5694479
1.4589009
0.3746904
-0.058993805
-0.9263622
-0.70952016
-1.0369092
0.1578483
1.0252168
1.5609442
2.8662488
2.6451547
3.8399122
4.605237
4.171553
3.299933
3.6273217
2.9767957
3.4104798
2.8662488
2.4325645
1.7777863
2.4325645
3.5210268
1.8883334
0.15359649
0.1578483
0.8126264
0.48523736
0.48098555
0.7020795
-0.28008774
-0.7137719
0.04730134
1.1315118
1.5609442
2.972544
3.406228
4.3841434
3.078839
3.62307
5.038922
3.4104798
1.9988803
1.348354
-0.06324561
0.9189216
0.48098555
0.69782764
2.5431116
3.5210268
4.7115326
3.8399122
4.3841434
4.6009855
5.251512
5.251512
5.468354
5.357807
5.574649
6.114629
6.0040812
6.0040812
6.327219
7.6282716
8.82728
7.738818
7.092544
6.114629
5.140965
3.5125234
2.972544
2.8662488
2.6451547
2.968292
3.8356605
4.5967336
5.464102
5.8977866
5.6809444
6.986249
6.1188803
5.136713
7.096796
7.747322
8.070459
8.070459
8.504144
7.415681
7.305134
8.070459
8.946331
7.9641643
6.5525646
6.123132
6.016837
3.9504592
4.2821
4.9326262
4.605237
6.016837
5.689448
5.1452165
2.4283128
2.2114706
2.1051755
1.6672394
2.8662488
4.715784
4.7072806
5.468354
6.556816
5.791491
5.791491
6.2294273
6.8799534
7.313638
7.6410265
8.074712
6.875702
6.5525646
7.203091
6.986249
6.114629
5.357807
5.357807
4.9198713
4.6009855
4.167301
3.7336173
2.2114706
3.6273217
1.8840815
3.5210268
2.9767957
2.9767957
2.5388596
4.065258
3.1936376
2.5388596
3.954711
2.861997
1.8840815
3.4104798
3.631574
2.6494067
2.9810476
3.3041847
1.8883334
2.9810476
1.9988803
0.58728075
2.1136792
1.4631528
0.3746904
1.3526058
1.6757431
0.15359649
2.7642052
2.6536584
1.237807
2.5431116
2.9767957
1.9988803
1.6714911
1.7820382
1.1315118
0.15359649
-0.28008774
-0.7137719
0.1578483
0.04730134
1.0252168
0.59153247
-0.2758359
-0.49267802
-1.4705935
-1.6916873
-0.38213107
-0.8200671
-0.2758359
-0.38213107
0.26839525
0.9189216
0.59153247
-0.49692985
0.8083746
0.26839525
-1.3642982
0.05155315
-0.70952016
-0.9263622
-0.70952016
-1.0369092
-1.5811403
-2.448509
-2.2316666
-1.2494994
-1.2494994
-2.444257
-2.8779414
-2.9842362
-4.7274766
-4.61693
-4.506383
-3.851605
-4.612678
-5.917982
-4.82952
-6.0242777
-7.1127396
-4.9358153
-5.7011404
-6.351667
-4.82952
-4.395836
-4.61693
-3.9621515
-3.5327191
-3.3158772
-2.2274148
-1.4705935
-0.9263622
-0.38213107
-1.5811403
-1.9085294
-0.054742
-1.2494994
-3.4264243
-3.3116255
-3.7453096
-4.7232246
-4.506383
-4.612678
-6.1348248
-4.718973
-4.285289
-4.61693
-2.4400053
-1.9042777
-1.6874356
-1.4705935
-0.38213107
-1.1432043
-2.3379617
-2.3379617
-2.33371
-1.5726367
-2.5548038
-1.9000257
-1.5726367
-2.771646
-2.771646
-2.9884882
-4.0769506
-4.7274766
-3.6390145
-2.5505521
-1.7894788
-1.1389525
-0.054742
-0.27158412
-0.058993805
1.0252168
0.91466975
2.5473633
1.565196
1.6757431
1.0252168
-0.38638288
0.1621001
-1.2494994
-2.33371
-5.161161
-6.2453713
-6.6790557
-5.8074355
-6.4579616
-5.156909
-5.156909
-5.7011404
-4.9443192
-5.161161
-4.289541
-2.771646
-1.2537513
1.2463106
0.69782764
2.3262694
2.4325645
3.1936376
2.7599535
1.7777863
0.5830289
1.237807
0.69357586
0.69357586
1.8925852
0.69782764
0.69782764
-0.7137719
-0.49267802
-2.9969919
-1.9085294
-1.0369092
-1.9085294
-1.2537513
-2.1211197
-3.8601084
-3.7495613
-2.665351
-0.27158412
-0.930614
-0.17379257
0.14934468
1.1315118
1.12726
2.9767957
2.6536584
3.3041847
2.6494067
2.7599535
3.848416
1.12726
3.1936376
2.7599535
1.7777863
3.0873425
2.2157223
1.2335552
2.5431116
1.565196
1.237807
1.8925852
0.8041228
2.3262694
3.0873425
2.5431116
2.6494067
1.12726
0.5830289
1.237807
0.25989163
1.2420589
1.020965
1.4546491
1.4546491
2.9767957
1.8883334
1.8883334
2.9767957
3.4104798
3.1936376
3.844164
2.5388596
2.5388596
2.4283128
2.3220174
3.4104798
2.972544
4.0610065
5.583153
4.4946904
4.4946904
4.9326262
2.6451547
3.0830908
3.1936376
2.2157223
2.4325645
0.910418
2.8705006
2.9767957
1.3441021
2.4283128
2.7557018
3.954711
3.5167751
4.0610065
5.4726057
4.4946904
3.2956812
3.62307
4.7115326
4.4946904
3.7336173
3.7336173
4.605237
3.9504592
2.3220174
2.1094272
2.6536584
1.020965
1.565196
3.848416
3.5210268
3.5167751
2.5388596
3.0830908
3.0830908
3.5210268
3.848416
3.631574
3.0873425
2.8705006
2.1051755
1.9946285
2.5388596
4.2778482
4.2778482
3.954711
4.8220797
4.715784
3.189386
3.844164
4.171553
3.844164
3.0830908
3.737869
3.844164
3.9504592
3.7336173
3.7336173
3.5167751
2.4283128
3.406228
3.62307
5.251512
5.791491
5.6809444
4.8093243
7.4241843
6.2251754
5.6809444
7.5304804
7.5304804
7.096796
7.6410265
7.7515736
6.3357224
7.207342
6.986249
6.6588597
6.5525646
5.357807
5.468354
5.4726057
3.8399122
5.4726057
6.016837
5.038922
5.689448
6.2294273
6.769407
7.203091
6.4377656
8.070459
6.765155
6.654608
8.94208
9.15467
8.610438
9.592606
9.809448
8.504144
9.482059
9.698901
9.044123
9.265217
8.393597
6.760903
6.981997
8.070459
8.610438
9.158921
8.720985
9.588354
10.23888
11.327342
10.566269
10.345176
10.017787
9.584103
8.8230295
8.8230295
10.455723
10.345176
10.23888
11.1105
11.327342
10.345176
10.783112
10.23888
8.8230295
10.132585
9.15467
9.69465
10.128334
10.566269
10.999953
11.544185
10.999953
11.977869
12.628395
11.867322
10.995702
11.323091
10.455723
11.216796
11.216796
10.455723
10.999953
10.455723
10.345176
10.23888
9.69465
10.345176
10.6725645
9.588354
9.260964
10.0220375
10.999953
11.106249
10.562017
11.216796
11.65048
11.433638
11.323091
11.867322
11.756775
11.646228
11.323091
11.539933
10.995702
11.318839
11.318839
12.628395
11.973618
10.557766
11.2125435
11.2125435
11.429386
10.995702
11.539933
11.318839
11.867322
11.8630705
11.646228
12.301006
10.774608
11.318839
11.756775
11.539933
10.885155
11.323091
11.323091
11.106249
11.106249
11.2125435
10.885155
11.646228
11.756775
11.323091
11.539933
11.977869
10.562017
9.800944
11.216796
10.455723
10.999953
10.999953
11.106249
10.6725645
11.433638
10.77886
10.234629
10.017787
11.433638
10.345176
10.124082
10.999953
10.6725645
10.345176
9.911491
10.234629
10.45147
10.345176
10.345176
10.6725645
10.017787
10.23888
10.0220375
9.584103
8.8230295
9.150418
9.584103
10.128334
9.146166
10.566269
9.584103
9.039871
9.588354
10.132585
9.477807
9.805196
8.716734
9.039871
9.150418
8.933577
10.0220375
9.260964
8.937827
8.94208
8.504144
6.981997
7.419933
6.986249
6.769407
7.207342
6.4462695
6.008333
6.008333
6.114629
5.5703974
6.769407
6.114629
5.4598503
6.769407
7.096796
6.4420176
6.986249
8.2915535
7.74307
8.720985
8.720985
8.066207
5.99983
6.3314705
6.4420176
6.5525646
4.379892
3.9504592
4.4946904
3.406228
4.3841434
4.8135757
7.096796
6.6588597
6.3314705
6.765155
7.853617
7.747322
7.419933
6.769407
6.986249
6.4420176
7.203091
6.2209234
6.5483127
7.526228
7.632523
6.4377656
6.986249
6.875702
5.8977866
5.7872396
6.4420176
4.1587977
4.1630497
5.902038
4.7030287
6.008333
5.791491
6.008333
4.592482
5.357807
5.574649
4.37564
4.8135757
5.464102
5.791491
4.481935
5.24726
5.6809444
5.8977866
5.5703974
5.243008
6.4420176
6.986249
5.353555
5.6809444
5.8977866
4.698777
6.2251754
5.5703974
6.3314705
5.8977866
4.698777
6.769407
5.8977866
4.592482
6.2294273
5.7872396
5.353555
5.24726
5.8977866
6.5483127
5.7872396
4.915619
5.8977866
5.5661454
4.58823
5.7872396
4.9198713
5.8977866
5.464102
4.7030287
5.24726
4.1587977
4.7030287
5.030418
5.136713
5.136713
5.026166
4.915619
5.5703974
5.026166
4.8093243
5.353555
6.008333
5.140965
5.140965
4.5967336
5.464102
5.8977866
5.353555
4.915619
6.008333
4.592482
4.265093
5.140965
5.140965
3.9419558
4.379892
4.490439
4.379892
5.357807
3.8356605
5.030418
4.592482
4.4861865
5.464102
4.8093243
4.37564
6.3357224
4.7030287
5.136713
4.9198713
5.136713
5.136713
5.353555
5.791491
6.2251754
5.132461
5.8977866
5.026166
4.7030287
4.9198713
3.6145666
5.357807
4.0525026
4.7030287
4.8135757
3.9419558
3.5082712
5.140965
3.1808825
4.7030287
4.924123
4.8135757
3.2914293
3.9419558
4.37564
6.1188803
5.136713
4.379892
3.0703354
3.3977246
4.269345
3.2914293
3.9462075
3.1851342
2.968292
3.4019763
2.747198
3.9462075
4.0525026
3.8356605
3.5082712
4.1630497
4.0525026
3.7251134
3.6188183
3.4019763
2.747198
3.2914293
4.5967336
3.6145666
3.3977246
4.4861865
5.24726
4.9198713
4.1587977
4.37564
4.5967336
3.7251134
3.8356605
3.9419558
3.5082712
4.924123
4.8135757
4.4861865
3.9419558
4.592482
4.269345
4.269345
4.0525026
3.6145666
2.7429464
4.4861865
4.0525026
4.8135757
4.8135757
4.269345
4.0525026
4.1587977
2.636651
3.9462075
2.419809
4.490439
3.7251134
3.074587
3.9419558
3.4019763
3.5082712
4.0525026
3.1808825
3.6145666
4.924123
3.2914293
4.490439
3.2914293
3.7293656
2.9640403
2.8577452
2.9640403
3.6188183
3.3977246
5.0346694
4.8135757
4.5967336
3.1808825
4.2735963
3.1851342
3.9462075
3.4019763
3.6188183
3.9462075
4.924123
4.1630497
3.8356605
4.1630497
4.379892
4.8178277
3.7293656
3.8356605
2.9640403
3.5125234
4.3841434
3.2956812
2.968292
2.968292
3.7293656
3.5125234
3.9462075
3.1851342
3.4019763
3.074587
3.5125234
3.6188183
2.8577452
3.6188183
3.6188183
3.2914293
3.7251134
2.747198
3.8356605
3.1851342
3.2914293
5.1452165
2.8577452
3.8356605
5.251512
5.140965
3.5082712
3.8356605
3.8356605
4.379892
5.030418
4.924123
5.3620586
4.7072806
4.379892
5.251512
5.357807
4.8135757
5.030418
4.924123
5.902038
4.1587977
4.4861865
5.795743
4.8135757
4.379892
6.012585
5.357807
4.9198713
5.464102
5.030418
5.24726
6.5525646
5.136713
4.592482
6.4462695
6.5525646
5.8977866
4.8135757
5.136713
5.357807
5.353555
4.4861865
5.574649
6.2294273
4.269345
4.924123
5.6851964
5.140965
5.6851964
5.357807
6.1188803
6.008333
5.7872396
6.3357224
6.769407
7.5304804
6.008333
6.769407
6.986249
6.6588597
6.114629
6.4420176
6.4420176
7.096796
6.2209234
5.243008
6.0040812
6.986249
6.986249
5.8977866
5.7872396
7.096796
6.769407
6.114629
6.3314705
6.6588597
6.5483127
6.986249
6.3314705
6.765155
6.6588597
8.397848
8.504144
7.305134
7.9599123
8.066207
9.698901
8.933577
9.15467
7.849365
9.15467
8.1725025
8.176754
9.371511
8.610438
8.82728
9.265217
9.260964
9.477807
8.933577
9.15467
9.36726
9.260964
9.044123
9.36726
9.805196
9.477807
10.349427
9.584103
10.0220375
10.0220375
9.473556
9.911491
10.128334
9.584103
9.256713
9.36726
10.128334
10.128334
9.69465
9.805196
10.017787
9.584103
9.584103
9.690397
10.455723
10.23888
9.473556
10.23888
10.783112
10.128334
10.783112
10.345176
9.690397
11.327342
10.77886
9.690397
11.106249
10.999953
9.911491
10.783112
10.783112
9.473556
10.455723
9.584103
9.584103
9.800944
9.800944
9.800944
10.017787
10.6725645
10.017787
9.800944
9.800944
9.800944
9.800944
9.911491
10.6725645
10.889407
10.124082
11.539933
11.433638
10.562017
10.668313
10.6725645
10.889407
9.907239
10.889407
11.65048
10.77886
10.77886
10.995702
11.756775
12.301006
11.101996
11.2125435
10.345176
10.562017
10.345176
10.128334
10.889407
11.433638
10.345176
10.23888
10.999953
10.562017
9.911491
10.128334
10.6725645
10.128334
10.455723
10.23888
10.889407
10.128334
10.783112
11.106249
9.907239
11.216796
10.6725645
10.45147
10.6725645
9.69465
10.566269
10.455723
10.017787
11.327342
10.128334
10.345176
10.999953
10.345176
10.128334
10.6725645
10.23888
9.800944
10.562017
10.566269
10.783112
10.23888
10.889407
10.999953
11.106249
9.57985
11.433638
10.6725645
11.106249
11.65048
10.889407
10.345176
10.562017
10.128334
10.349427
11.106249
10.562017
11.433638
11.216796
11.433638
9.690397
9.584103
10.23888
10.128334
9.150418
10.676816
10.455723
9.150418
10.676816
9.805196
10.455723
10.23888
10.999953
10.0220375
10.562017
9.473556
11.327342
9.69465
10.0220375
10.455723
10.893659
10.455723
10.562017
10.017787
10.562017
10.77886
10.23888
10.128334
10.566269
10.23888
10.23888
11.1105
10.345176
10.783112
10.455723
10.345176
10.017787
10.017787
10.889407
10.017787
9.69465
9.800944
9.584103
10.676816
9.800944
10.128334
9.69465
10.349427
10.455723
10.128334
10.6725645
10.128334
10.0220375
9.36726
8.8230295
11.004206
9.36726
9.477807
9.805196
10.0220375
9.477807
9.260964
10.349427
9.698901
10.132585
9.15467
9.805196
9.482059
9.482059
9.698901
9.371511
10.459974
9.588354
9.477807
10.459974
9.69465
9.69465
9.044123
8.937827
8.28305
9.158921
9.482059
8.066207
9.048374
8.937827
8.720985
8.499891
8.176754
8.720985
8.176754
7.9599123
9.048374
8.504144
7.632523
8.614691
8.504144
7.632523
8.614691
8.610438
8.176754
9.265217
8.720985
8.393597
8.720985
8.181006
7.419933
8.070459
6.981997
7.9641643
8.181006
6.5483127
7.636775
7.9641643
7.636775
7.853617
7.309386
8.2915535
8.2915535
8.508395
8.397848
7.853617
7.526228
7.309386
8.287301
7.526228
8.397848
8.8315325
8.504144
6.875702
7.636775
7.203091
6.0040812
8.2915535
7.309386
6.5483127
7.747322
7.419933
7.419933
7.747322
7.313638
7.092544
6.875702
7.747322
8.2915535
6.986249
6.769407
7.5304804
7.313638
6.875702
7.203091
7.096796
7.313638
6.986249
6.769407
7.6410265
6.008333
7.096796
6.663111
8.295805
6.663111
6.769407
7.313638
6.986249
7.9684157
6.3357224
7.207342
7.207342
7.4241843
5.902038
6.7736583
6.4420176
7.096796
7.313638
6.3357224
6.5525646
7.857869
7.096796
6.769407
7.096796
6.8799534
7.096796
6.5525646
7.313638
7.4241843
7.313638
6.4420176
7.096796
7.096796
7.313638
6.6588597
7.313638
6.8799534
6.5525646
6.769407
6.986249
6.6588597
7.313638
8.181006
7.747322
8.2915535
8.2915535
7.6410265
7.313638
6.986249
6.769407
7.857869
7.4241843
7.6410265
7.747322
7.857869
7.419933
7.203091
7.636775
6.654608
6.986249
6.3314705
6.6588597
6.986249
6.769407
6.6588597
7.747322
7.5304804
7.5304804
7.313638
6.6588597
7.313638
7.6410265
7.5347314
6.5525646
6.114629
7.4241843
7.747322
6.6588597
7.5304804
6.769407
7.6410265
8.074712
9.163173
8.287301
7.419933
7.5304804
7.9641643
6.769407
7.747322
7.313638
7.5304804
6.986249
7.419933
6.986249
8.074712
6.875702
6.6588597
7.4241843
6.114629
6.2251754
7.096796
7.096796
6.769407
7.4241843
6.986249
7.092544
7.6410265
6.875702
7.203091
6.8799534
7.5304804
7.313638
6.2251754
7.9684157
6.2251754
7.313638
6.986249
8.2915535
8.074712
6.875702
7.096796
7.313638
7.6410265
7.096796
6.2251754
7.5347314
6.9905005
6.663111
6.4462695
7.207342
7.207342
6.8842053
6.556816
7.317889
5.902038
6.663111
7.317889
6.1188803
5.030418
6.9905005
6.9905005
6.663111
6.9905005
7.313638
6.8799534
7.313638
6.769407
6.5525646
6.8799534
6.1188803
5.6851964
6.4462695
5.357807
5.030418
6.9905005
6.3357224
6.663111
7.207342
7.4241843
6.5525646
6.3357224
6.663111
6.1188803
5.574649
6.012585
7.207342
6.556816
5.574649
6.8799534
6.2294273
6.7736583
5.902038
6.2294273
5.90629
5.3620586
4.7072806
4.928375
4.6009855
4.7115326
5.038922
5.038922
6.2336793
6.016837
5.795743
6.339974
5.468354
3.7293656
5.038922
4.9326262
4.4946904
4.4946904
3.7336173
4.167301
4.8220797
4.0610065
3.7336173
3.406228
3.0830908
3.737869
2.3220174
1.7777863
2.4325645
2.9767957
1.9988803
3.3041847
2.6494067
2.3220174
2.7599535
3.0873425
3.5210268
2.9767957
2.2157223
3.414732
2.7599535
2.5431116
2.1094272
2.1094272
2.8705006
3.5210268
2.6494067
3.414732
2.7599535
1.237807
2.2157223
0.69357586
1.7862899
1.1315118
1.1315118
1.7862899
2.003132
1.1315118
1.4589009
1.6757431
0.91466975
1.5694479
1.1357636
0.59153247
-0.38638288
0.1578483
-0.16954076
0.1578483
0.1578483
-0.8243188
0.48523736
0.59153247
-0.49692985
0.1578483
0.26414344
0.9189216
-0.2758359
-0.2758359
-0.603225
-0.9263622
0.05155315
0.5957843
-0.058993805
-1.2580031
0.37894222
-0.058993805
-0.7137719
0.26839525
0.3746904
-0.058993805
0.05155315
-0.38638288
0.7020795
-0.603225
0.48098555
-0.603225
0.7020795
0.1578483
-1.2580031
0.05155315
0.05155315
-1.3642982
-0.49267802
-0.8200671
-1.6874356
-1.0326574
-1.6874356
-2.2316666
-1.1389525
-1.6831837
-1.3600464
-1.2537513
0.05155315
-0.16954076
0.26839525
-0.2758359
-1.0369092
-0.70952016
-0.59897316
-1.0369092
-0.27158412
0.05155315
0.26414344
1.8925852
1.565196
2.8705006
2.1051755
2.7599535
2.3262694
1.4589009
-0.06324561
-0.49267802
-0.058993805
0.26839525
1.0252168
1.2420589
1.3526058
2.6536584
2.5431116
1.8883334
1.1230083
1.7777863
2.7599535
1.6714911
2.3220174
2.5388596
1.6672394
2.2114706
3.406228
3.406228
3.406228
3.7293656
4.3841434
3.9504592
3.0830908
3.3041847
3.4104798
1.7777863
4.171553
4.4946904
3.7336173
3.8399122
4.4946904
4.167301
4.8220797
4.4946904
3.9504592
3.406228
4.7115326
4.7072806
5.468354
6.123132
6.7736583
5.902038
5.902038
6.012585
4.490439
5.2557635
3.299933
4.715784
4.7115326
4.928375
4.2735963
4.2735963
4.056754
5.038922
4.490439
4.6009855
4.490439
5.0346694
5.3620586
4.8178277
4.8135757
5.468354
6.9905005
6.663111
6.5525646
7.096796
6.3314705
6.6588597
6.114629
6.986249
7.857869
5.8977866
6.008333
6.4420176
7.636775
6.110377
8.94208
8.610438
7.4114294
8.499891
8.8230295
8.278798
9.805196
9.805196
9.039871
9.69465
10.0220375
10.017787
9.800944
9.256713
8.929324
9.256713
10.889407
9.584103
10.889407
9.473556
9.800944
10.345176
9.039871
10.017787
10.0220375
8.606187
8.606187
8.393597
8.937827
9.371511
7.9599123
8.94208
8.610438
7.74307
8.8315325
8.716734
9.805196
8.933577
9.146166
11.1105
11.2125435
11.756775
12.517848
13.168375
12.186207
12.296754
13.925196
13.814649
15.336795
14.354629
14.2440815
13.814649
12.726187
12.836734
13.168375
13.168375
12.840985
12.079912
11.2125435
9.252461
9.477807
7.0840406
6.654608
6.986249
6.654608
7.305134
7.415681
7.305134
8.720985
9.044123
10.0220375
10.128334
10.995702
11.752523
12.079912
11.097745
11.531429
12.075661
13.814649
13.925196
13.274671
12.730438
11.323091
9.584103
9.473556
8.8230295
8.716734
8.716734
7.955661
8.720985
8.176754
8.499891
9.477807
9.69465
9.911491
9.911491
10.455723
11.323091
11.101996
12.079912
12.403049
11.535681
10.991449
11.646228
11.973618
12.079912
11.2125435
10.340923
10.017787
10.234629
10.995702
10.340923
11.429386
11.2125435
10.340923
11.216796
10.455723
10.124082
11.101996
12.624144
12.296754
12.619891
12.296754
12.734691
12.624144
12.624144
11.8630705
11.323091
11.756775
12.084165
10.664061
11.756775
11.646228
11.101996
11.535681
12.190459
11.756775
11.969365
12.190459
11.8630705
12.734691
11.425134
12.079912
12.619891
12.075661
13.164123
12.832482
13.049324
12.075661
12.403049
12.836734
12.624144
12.079912
11.425134
11.101996
10.991449
9.907239
10.013535
10.562017
10.013535
9.473556
10.783112
10.562017
10.23888
10.995702
10.668313
10.885155
11.318839
11.101996
11.8630705
10.447219
11.318839
10.774608
11.101996
11.101996
12.194712
10.45147
10.234629
10.013535
10.340923
11.097745
11.646228
10.664061
11.2125435
11.8630705
10.885155
10.991449
11.208292
12.079912
11.097745
12.296754
12.079912
12.730438
12.619891
12.079912
13.057828
12.296754
12.840985
13.389469
12.947281
12.190459
11.535681
11.539933
11.425134
11.318839
12.075661
13.168375
13.380964
13.376713
14.575723
15.009407
13.704102
14.031491
13.814649
13.053576
14.142038
13.704102
13.491511
13.814649
13.814649
13.597807
12.726187
14.14629
12.730438
12.075661
11.858818
11.858818
12.730438
12.509345
12.619891
13.704102
13.818902
13.274671
12.730438
12.730438
12.730438
13.602058
12.947281
13.053576
12.836734
12.943029
13.270417
13.380964
13.704102
14.68627
15.119954
14.792564
15.770479
15.553638
15.766228
15.549385
16.199913
15.11145
16.306208
15.761976
15.978818
17.177828
16.960987
17.177828
17.390417
16.85044
16.956734
16.952482
16.518799
16.518799
17.173576
17.390417
17.173576
17.173576
17.173576
17.60726
17.390417
17.279871
17.824102
16.846186
16.952482
17.173576
18.151491
16.518799
16.629345
18.372585
17.39467
16.956734
17.828354
16.85044
17.063028
17.284122
18.372585
17.063028
18.045197
18.045197
17.938902
17.611511
16.633596
17.071531
16.633596
16.633596
16.85469
16.744143
17.288374
16.416756
16.199913
16.416756
16.093616
15.549385
15.659932
15.770479
14.465176
15.005156
15.115701
15.005156
15.766228
15.328293
15.11145
15.221997
14.57147
15.332544
14.682017
14.57147
14.89886
14.465176
15.336795
14.792564
13.806146
14.792564
15.115701
13.810397
15.115701
14.2440815
13.810397
13.5935545
14.682017
15.009407
14.792564
14.903111
15.664186
14.89886
14.89886
15.009407
14.575723
13.920944
14.248333
15.119954
14.575723
14.142038
14.031491
14.142038
13.270417
13.491511
13.053576
13.708355
14.035743
13.48726
13.602058
12.840985
13.602058
13.602058
12.840985
13.385218
13.602058
13.168375
13.274671
12.947281
12.513597
12.840985
12.186207
11.969365
12.517848
11.969365
11.208292
11.429386
11.8630705
11.318839
11.973618
12.734691
12.407301
11.756775
12.845238
11.8630705
12.190459
11.101996
11.2125435
11.323091
11.433638
11.867322
11.867322
11.65048
10.77886
10.6725645
10.999953
11.216796
10.6725645
11.327342
9.915743
9.482059
8.835785
7.636775
7.747322
6.4420176
7.857869
6.4420176
6.4420176
7.7515736
6.3357224
5.24726
6.663111
6.1188803
6.4420176
6.769407
6.3357224
6.114629
7.313638
6.3314705
6.6588597
6.986249
6.986249
6.986249
6.986249
5.5703974
5.795743
5.6851964
5.6851964
5.6851964
5.468354
5.0346694
4.8178277
5.251512
4.924123
4.924123
6.123132
6.012585
5.574649
6.663111
7.096796
7.207342
6.986249
7.4241843
7.207342
6.986249
7.096796
6.986249
6.4420176
6.769407
7.317889
6.3357224
5.902038
5.251512
6.339974
6.012585
4.490439
5.3620586
4.7115326
3.9462075
4.056754
5.4726057
4.490439
4.7115326
5.1452165
5.4726057
5.90629
5.689448
6.123132
5.357807
5.90629
5.1452165
5.251512
6.667363
5.795743
5.251512
6.123132
5.6851964
5.795743
5.1452165
6.123132
6.012585
4.8178277
5.3620586
5.140965
4.490439
5.90629
5.468354
5.357807
5.6851964
5.468354
5.251512
5.578901
5.251512
5.90629
4.924123
4.269345
4.7072806
5.578901
4.7072806
5.251512
4.7072806
5.140965
5.90629
4.1630497
5.0346694
3.9462075
4.1630497
4.7072806
5.0346694
4.056754
4.3841434
5.689448
4.2735963
4.167301
5.1494684
4.8220797
3.9504592
3.5167751
5.038922
4.7115326
4.4946904
3.8399122
5.799995
4.8220797
4.167301
5.3663106
3.7336173
2.972544
4.3883953
4.171553
3.5167751
4.0610065
4.3883953
2.4283128
2.3220174
3.5210268
3.299933
2.8662488
3.954711
2.6451547
3.1936376
3.9504592
2.972544
3.7336173
5.038922
4.3841434
4.7115326
4.9326262
5.038922
4.2778482
4.3841434
5.799995
5.90629
4.3841434
4.2778482
4.2735963
4.2778482
5.4726057
5.1452165
5.1494684
5.583153
4.7115326
5.1452165
4.928375
4.928375
5.799995
4.2778482
4.2778482
4.4946904
3.844164
4.715784
4.715784
3.0830908
3.6273217
2.8662488
2.8662488
3.5210268
2.1051755
1.7777863
3.414732
2.5431116
2.9767957
3.0873425
3.3041847
3.6273217
4.3883953
3.9504592
4.056754
5.799995
4.8178277
4.1630497
6.016837
5.578901
5.1452165
6.450521
4.8178277
6.016837
4.928375
4.928375
5.2557635
4.928375
4.2778482
3.9504592
4.0610065
4.4946904
4.7115326
5.799995
4.928375
5.689448
6.667363
5.578901
6.012585
6.3357224
6.2294273
6.1188803
5.791491
6.663111
7.5347314
5.574649
7.7515736
6.663111
5.6809444
5.902038
7.4241843
5.251512
6.667363
5.251512
5.578901
5.1452165
4.3841434
5.2557635
4.2778482
3.0830908
4.3883953
3.844164
3.9504592
4.0610065
4.9326262
4.8220797
4.4946904
4.7115326
5.689448
5.689448
5.795743
6.556816
5.902038
6.8799534
6.9905005
6.986249
6.8799534
7.5304804
7.7515736
7.4241843
7.096796
6.5525646
5.902038
6.9905005
5.6851964
6.012585
5.795743
4.8220797
5.799995
4.4946904
4.8220797
4.7115326
4.2778482
3.406228
4.3841434
4.171553
4.8220797
3.9504592
5.1452165
3.9504592
5.90629
5.90629
5.902038
5.90629
5.795743
6.450521
4.928375
3.299933
2.3262694
2.1136792
-1.0369092
-0.38213107
-1.7937305
-1.6831837
-0.81581527
-1.0369092
0.05155315
0.7020795
1.1357636
2.8705006
2.8662488
6.339974
7.747322
7.853617
9.158921
8.287301
7.092544
7.1988387
8.393597
7.526228
7.74307
7.419933
7.092544
6.3314705
6.769407
6.6588597
6.2251754
5.6851964
5.6809444
4.379892
4.7072806
3.8356605
5.6851964
4.9198713
6.4420176
6.5483127
6.654608
7.632523
8.176754
7.9599123
8.8315325
7.955661
8.504144
8.82728
8.937827
8.937827
7.9641643
6.765155
7.6410265
8.185258
7.7515736
8.2915535
8.729489
8.835785
6.3314705
7.5347314
7.096796
7.207342
8.295805
8.295805
8.185258
7.9684157
7.313638
7.6410265
6.4420176
7.4241843
7.747322
6.986249
6.6588597
7.207342
5.24726
4.1630497
6.123132
5.0346694
6.556816
4.928375
4.2735963
4.928375
3.2956812
3.1851342
4.167301
4.7072806
6.1188803
6.5525646
6.2251754
6.114629
7.5304804
6.0040812
6.5483127
7.9599123
8.8315325
8.8315325
8.82728
8.504144
9.048374
8.933577
7.738818
9.265217
9.150418
7.738818
7.9599123
7.849365
7.74307
7.632523
7.738818
7.4114294
8.614691
8.614691
8.287301
8.181006
9.044123
7.632523
9.265217
8.720985
7.415681
8.8315325
8.937827
7.6282716
8.716734
9.69465
9.800944
10.017787
10.345176
9.039871
9.584103
10.128334
9.256713
9.584103
10.6725645
10.128334
10.345176
8.929324
9.911491
9.800944
10.562017
10.345176
11.433638
11.867322
10.885155
11.2125435
11.318839
12.730438
11.208292
13.602058
12.075661
12.075661
11.208292
10.447219
9.575599
9.146166
10.017787
9.907239
10.345176
10.889407
9.584103
9.584103
7.4114294
6.4377656
6.765155
6.5483127
7.096796
7.309386
8.070459
7.9599123
8.82728
9.584103
9.907239
11.65048
11.8630705
11.646228
10.234629
8.818777
9.256713
9.584103
10.455723
9.146166
9.800944
9.3630085
8.491387
10.230376
12.186207
11.858818
10.774608
10.774608
11.8630705
12.296754
13.270417
15.341048
14.35888
14.35888
14.89886
14.89886
15.000902
16.204163
15.115701
14.354629
14.465176
14.465176
14.248333
14.575723
13.053576
12.398798
12.730438
11.858818
12.186207
11.756775
11.752523
11.208292
11.756775
12.079912
11.323091
10.885155
10.885155
10.6725645
9.800944
9.146166
9.907239
10.013535
10.885155
10.017787
10.345176
10.6725645
10.562017
10.557766
11.2125435
12.301006
10.995702
10.562017
12.084165
11.539933
11.539933
11.8630705
12.840985
12.734691
13.818902
12.836734
14.252585
13.708355
14.031491
14.031491
14.575723
13.053576
12.730438
13.057828
11.748272
12.296754
11.097745
10.991449
10.77886
10.668313
9.57985
10.455723
9.146166
10.128334
10.23888
10.124082
10.774608
11.641976
12.730438
11.425134
12.079912
11.748272
11.748272
13.274671
14.792564
14.792564
14.248333
14.465176
13.920944
13.376713
13.491511
12.947281
13.164123
11.969365
12.845238
11.539933
10.995702
11.433638
11.977869
11.756775
10.995702
11.761026
11.106249
10.234629
10.345176
10.566269
9.36726
10.128334
10.017787
11.867322
10.995702
12.849489
12.628395
11.429386
11.973618
12.407301
12.517848
12.624144
12.951532
13.385218
13.818902
13.168375
14.039994
14.252585
14.907364
13.929449
13.597807
13.385218
12.947281
13.164123
12.079912
13.278922
12.407301
12.296754
13.1726265
12.734691
12.840985
11.646228
11.867322
11.106249
11.327342
11.437889
10.999953
10.889407
11.544185
10.999953
10.999953
11.9821205
11.544185
10.783112
11.327342
10.893659
11.544185
10.893659
10.566269
11.871573
12.088415
10.783112
11.654732
12.194712
10.234629
11.654732
11.433638
10.345176
11.654732
11.765279
10.459974
11.004206
10.566269
10.787363
11.221047
10.676816
10.23888
11.221047
11.1105
10.783112
11.654732
10.676816
10.349427
10.676816
10.349427
11.1105
10.999953
10.6725645
11.1105
10.889407
11.544185
10.566269
10.23888
11.1105
10.02629
10.353679
10.136837
8.94208
9.486311
9.375764
9.158921
9.380016
9.158921
9.486311
9.269468
8.614691
8.835785
9.380016
9.163173
8.618942
8.508395
9.596858
8.725238
8.729489
9.052627
7.5304804
7.857869
8.512647
7.096796
6.7736583
7.1010475
6.9905005
7.4284363
6.9905005
6.556816
7.5347314
6.2294273
6.9905005
7.5347314
7.317889
7.1010475
6.8842053
6.667363
6.4462695
6.9905005
7.6410265
7.5347314
7.207342
7.317889
7.317889
7.4284363
7.1010475
6.2336793
5.4726057
6.561068
5.6937
4.4989424
5.4768577
4.8220797
4.3883953
4.9326262
4.9326262
4.0610065
5.0431733
4.9326262
4.4989424
3.848416
4.720036
3.4104798
3.5210268
4.2821
3.5210268
3.9589627
4.1758046
3.9589627
3.1978896
4.1758046
3.9589627
2.9810476
1.4589009
2.003132
1.6799948
1.2420589
3.3084364
2.5473633
2.7642052
3.0915945
1.4631528
2.1136792
1.7905419
0.7020795
0.7020795
2.224226
1.1357636
2.4410682
2.7642052
2.4410682
1.5694479
2.003132
2.65791
2.1136792
2.330521
2.5473633
1.3526058
2.1136792
1.896837
2.1136792
2.224226
2.7642052
1.896837
2.4410682
1.9010887
1.5736997
1.4631528
2.65791
2.7684572
1.5694479
2.8747523
1.7862899
2.65791
3.3084364
2.330521
3.9589627
2.9810476
3.1936376
3.414732
4.3926473
3.5210268
4.3926473
3.631574
4.3926473
4.4989424
4.065258
4.065258
3.7421207
3.848416
4.3926473
3.848416
3.4104798
3.737869
4.065258
3.414732
3.414732
4.065258
3.5210268
4.065258
3.5210268
3.737869
5.0431733
3.6273217
4.826331
5.3705626
4.2821
3.6273217
4.715784
5.9105415
4.8220797
6.1273837
6.016837
6.77791
6.8842053
6.667363
7.5347314
7.9684157
7.4241843
8.4021
9.163173
9.056878
8.729489
7.857869
8.295805
8.946331
7.6410265
8.185258
7.857869
7.4241843
8.185258
8.295805
6.8799534
7.9684157
7.207342
7.6410265
8.078962
7.6410265
7.317889
7.8621206
7.5347314
7.9684157
8.295805
7.4241843
7.7515736
7.7515736
7.6410265
7.9684157
7.7515736
8.729489
8.4021
8.185258
8.185258
7.9684157
9.163173
8.4021
8.074712
8.4021
8.295805
8.4021
7.207342
7.6410265
7.313638
8.074712
6.8799534
7.207342
6.663111
6.663111
6.556816
7.8621206
6.4462695
7.4284363
6.556816
6.9905005
6.8799534
6.663111
8.078962
7.4241843
7.9684157
7.6410265
6.6588597
6.6588597
6.6588597
7.5347314
7.7515736
6.986249
7.207342
7.313638
7.857869
7.857869
8.074712
8.508395
6.769407
7.6410265
7.853617
7.203091
8.074712
8.181006
8.181006
8.8315325
8.614691
9.592606
8.8315325
8.94208
8.508395
8.725238
7.636775
8.074712
7.636775
6.6588597
7.9684157
6.875702
7.5304804
7.313638
7.5347314
5.6809444
7.5347314
6.1188803
6.769407
5.902038
6.123132
6.667363
5.795743
6.556816
6.556816
5.468354
5.251512
5.90629
6.8842053
6.339974
5.578901
5.90629
5.799995
4.8220797
5.799995
5.038922
4.605237
4.7115326
4.3883953
3.4104798
3.737869
3.3041847
3.4104798
3.5210268
3.0873425
2.1094272
1.6757431
1.7820382
1.565196
2.2199743
1.8925852
1.1315118
2.2199743
1.565196
1.565196
2.9810476
1.020965
1.565196
1.7820382
2.3262694
0.5830289
3.0873425
1.9988803
1.7820382
2.1094272
1.348354
1.6757431
1.6757431
1.0252168
0.69782764
1.5694479
-0.058993805
0.7020795
0.59153247
-0.7137719
0.9189216
0.1578483
-0.058993805
-0.6074768
1.1357636
0.48098555
0.59153247
0.48098555
1.7862899
0.48098555
1.3526058
0.1578483
0.69782764
1.896837
2.1136792
1.5694479
2.2199743
0.3704386
2.003132
2.1136792
1.0252168
1.3526058
0.91466975
0.59153247
1.0252168
0.8083746
0.8126264
0.26414344
1.1357636
0.9189216
1.4631528
-0.8243188
0.59153247
1.0252168
0.043049537
1.0252168
1.7862899
0.58728075
1.7862899
0.8041228
0.58728075
1.348354
1.2420589
0.58728075
2.003132
1.020965
1.020965
1.237807
1.2420589
2.1094272
1.348354
1.348354
1.7820382
1.7820382
2.2199743
2.6536584
1.4546491
2.8705006
1.6714911
2.8662488
3.414732
2.3220174
2.7557018
3.5210268
3.0830908
2.6494067
3.4104798
2.6494067
2.1051755
2.2114706
1.7777863
2.8662488
1.3441021
3.0873425
2.4325645
2.2157223
2.6536584
1.7820382
2.4325645
3.3041847
1.9988803
2.9767957
2.3262694
2.6494067
2.2157223
2.7599535
3.4104798
2.7557018
4.171553
3.9504592
3.078839
3.406228
4.2778482
3.406228
3.7336173
4.167301
3.8399122
3.8399122
5.1452165
4.3841434
5.0346694
4.924123
4.8135757
6.556816
5.6851964
5.902038
4.269345
6.667363
5.574649
6.4462695
5.6809444
6.1188803
5.140965
5.468354
5.468354
5.468354
4.8135757
4.0525026
4.8135757
5.030418
6.012585
5.6851964
6.2251754
5.464102
6.3357224
6.2251754
5.464102
5.6809444
6.8799534
7.313638
6.4420176
6.8799534
7.857869
6.4420176
6.769407
6.4420176
5.8977866
6.008333
5.791491
5.136713
6.556816
5.6809444
4.9198713
5.464102
5.140965
4.37564
5.357807
5.902038
5.791491
5.6851964
5.24726
5.030418
5.6851964
5.791491
4.8135757
5.357807
5.902038
6.3357224
5.24726
5.357807
5.791491
5.6809444
5.902038
6.4462695
5.357807
4.5967336
5.791491
5.8977866
6.1188803
6.4462695
5.8977866
5.464102
7.4241843
6.4420176
6.5525646
6.8799534
6.114629
5.6809444
6.986249
6.986249
6.875702
7.203091
6.6588597
5.5703974
6.3314705
6.875702
7.096796
6.114629
6.114629
6.769407
5.243008
6.114629
5.8977866
6.114629
6.2251754
6.3357224
5.243008
5.902038
6.769407
5.7872396
6.6588597
6.6588597
6.6588597
5.8977866
6.769407
7.092544
6.4420176
6.875702
7.092544
6.114629
7.5304804
6.875702
6.4420176
7.313638
6.0040812
6.114629
6.769407
6.5525646
7.096796
6.769407
5.6809444
6.3357224
6.114629
6.3314705
5.6809444
6.114629
7.203091
6.114629
7.9641643
6.875702
6.4377656
7.9641643
6.2209234
6.2209234
7.092544
6.3314705
6.4420176
6.875702
6.6588597
6.114629
6.114629
6.6588597
5.5703974
6.2251754
5.4598503
5.132461
7.6410265
5.243008
7.096796
6.2251754
6.769407
6.6588597
5.6809444
6.114629
6.3314705
5.7872396
6.6588597
7.203091
6.114629
6.769407
6.3314705
6.875702
6.0040812
6.5483127
7.9641643
7.309386
7.1988387
7.203091
7.1988387
7.309386
6.5483127
6.3314705
6.4377656
6.3314705
6.5483127
6.4420176
6.875702
6.114629
5.5703974
5.7872396
7.203091
5.7872396
5.4598503
6.3314705
6.2251754
6.4420176
6.5483127
5.7872396
6.0040812
6.4420176
6.3314705
7.203091
6.3314705
5.893534
5.893534
6.654608
6.654608
7.092544
6.765155
6.981997
6.875702
7.313638
6.875702
6.114629
7.419933
6.6588597
6.875702
6.765155
6.981997
7.415681
8.287301
7.853617
7.415681
6.981997
7.092544
7.0882916
7.74307
7.74307
7.305134
8.070459
8.176754
8.287301
7.415681
8.070459
7.632523
7.092544
7.636775
7.526228
6.875702
6.765155
7.419933
6.981997
6.4377656
7.636775
7.092544
6.5483127
6.5483127
6.4420176
5.7872396
6.5483127
7.096796
6.3314705
6.765155
6.765155
7.5304804
6.6588597
6.981997
5.8977866
7.313638
6.3314705
6.4420176
6.6588597
6.875702
6.0040812
5.132461
6.769407
6.3314705
5.5703974
7.203091
5.7872396
6.6588597
6.3314705
6.6588597
5.243008
6.4420176
6.769407
5.353555
6.4420176
6.2251754
5.7872396
6.4420176
5.353555
5.6809444
5.5703974
7.203091
5.5703974
5.7872396
6.3314705
5.5703974
6.6588597
5.3493037
6.3314705
6.5525646
5.24726
4.9198713
6.4420176
6.008333
6.114629
5.5703974
6.114629
6.008333
6.2251754
6.769407
6.3357224
6.4420176
5.136713
5.243008
6.4420176
5.4598503
6.5483127
6.0040812
6.114629
6.3314705
6.4420176
6.114629
5.5703974
6.986249
6.4420176
5.5703974
6.986249
6.3314705
6.3314705
5.8977866
6.986249
5.243008
5.7872396
5.4598503
6.5483127
7.092544
6.875702
5.6766925
7.203091
6.4420176
6.6588597
5.6766925
6.875702
7.203091
5.7872396
6.4420176
5.99983
6.114629
7.092544
7.309386
6.875702
6.875702
7.853617
7.092544
7.309386
6.981997
6.5483127
6.3314705
7.526228
7.636775
6.5483127
7.636775
7.853617
7.74307
7.415681
7.1988387
7.526228
7.0882916
7.526228
7.1988387
6.327219
7.415681
7.0882916
6.654608
8.287301
8.070459
6.875702
7.849365
8.176754
8.070459
6.654608
6.875702
7.309386
5.7872396
7.9641643
7.309386
6.765155
7.096796
7.526228
6.5483127
7.74307
7.853617
6.765155
7.853617
7.309386
7.419933
7.747322
7.415681
6.5483127
6.765155
7.74307
7.309386
8.070459
8.070459
6.654608
6.981997
6.769407
6.769407
7.5304804
6.0040812
6.6588597
6.5483127
6.2251754
7.6410265
6.3314705
6.114629
7.096796
5.5703974
5.7872396
7.203091
6.114629
6.2209234
7.203091
6.765155
6.6588597
6.769407
6.114629
5.8977866
6.875702
6.5525646
5.7872396
6.8799534
5.5703974
6.6588597
6.769407
5.8977866
6.6588597
7.203091
6.875702
5.7872396
7.092544
6.986249
6.0040812
6.6588597
6.2209234
6.6588597
6.0040812
6.3314705
6.3314705
7.203091
6.3314705
6.986249
6.5525646
5.8977866
5.357807
6.8799534
5.6809444
5.24726
6.4462695
5.24726
5.030418
6.123132
5.030418
5.357807
5.357807
4.8135757
4.7030287
5.468354
5.136713
5.6851964
6.4462695
5.791491
4.4861865
5.468354
5.140965
5.574649
6.012585
5.574649
6.008333
5.251512
5.3620586
4.379892
4.924123
5.251512
5.251512
4.5967336
4.269345
5.3620586
5.3620586
4.0525026
4.8178277
5.1452165
4.1630497
5.3620586
5.90629
4.0525026
5.6851964
4.924123
4.8135757
5.251512
5.574649
6.339974
5.902038
5.574649
5.357807
4.4861865
5.6809444
6.1188803
5.030418
6.4462695
5.791491
5.030418
5.6851964
5.902038
4.5967336
6.123132
5.6851964
4.924123
4.8178277
5.0346694
4.924123
4.8178277
5.0346694
3.2956812
3.9504592
4.7115326
3.7293656
4.6009855
4.7115326
4.1630497
4.056754
4.3841434
5.90629
5.0346694
4.1630497
3.9462075
5.1452165
3.9462075
5.1452165
4.6009855
5.3620586
3.4019763
5.038922
4.490439
3.5125234
4.928375
3.5125234
4.4946904
3.62307
3.4019763
4.056754
5.3620586
4.7072806
4.8178277
4.6009855
5.140965
5.468354
5.251512
5.468354
5.4726057
6.012585
5.24726
5.468354
6.556816
5.902038
5.902038
5.464102
5.574649
7.1010475
6.5525646
5.791491
5.795743
5.902038
6.3357224
5.791491
6.2294273
6.663111
6.123132
5.90629
4.7072806
4.2735963
4.3841434
5.3620586
5.0346694
5.0346694
4.928375
4.490439
5.0346694
5.90629
5.468354
4.924123
5.357807
5.795743
6.5525646
7.207342
6.8799534
6.663111
6.2251754
5.574649
6.663111
5.464102
5.902038
6.663111
6.2251754
5.902038
6.8799534
6.1188803
6.3357224
5.6851964
4.8135757
5.6851964
6.663111
5.464102
6.3357224
6.5525646
5.791491
5.791491
6.5525646
6.1188803
6.663111
7.207342
5.464102
5.24726
6.7736583
6.2294273
5.030418
5.902038
5.6851964
5.140965
5.795743
4.6009855
4.6009855
4.928375
4.3841434
4.167301
3.9504592
4.4946904
4.605237
4.605237
4.8220797
3.5167751
3.9504592
5.038922
4.7115326
4.928375
5.1452165
6.012585
7.096796
6.3357224
6.986249
6.2251754
6.3357224
5.6851964
6.667363
5.6851964
5.24726
6.556816
5.902038
5.464102
5.357807
5.251512
5.3620586
4.2735963
4.490439
4.6009855
5.689448
3.8356605
4.379892
3.9462075
5.251512
4.2735963
4.379892
5.0346694
5.468354
5.136713
6.012585
6.008333
6.5525646
5.8977866
5.464102
6.7736583
5.574649
5.357807
6.2294273
6.663111
6.986249
6.769407
6.986249
7.6410265
6.4420176
6.765155
7.636775
9.158921
8.397848
8.8315325
8.8315325
7.526228
8.287301
8.725238
7.853617
8.397848
8.725238
8.504144
7.74307
7.853617
8.181006
8.393597
8.181006
8.2915535
7.419933
7.1988387
7.419933
8.614691
8.504144
7.9599123
7.853617
7.853617
7.74307
8.504144
9.265217
8.937827
8.937827
8.610438
8.393597
9.371511
9.265217
9.371511
8.937827
9.588354
8.393597
8.8315325
8.937827
9.698901
10.132585
9.36726
9.477807
9.150418
9.260964
9.69465
10.243132
10.6725645
10.0220375
11.1105
9.911491
9.260964
10.23888
9.477807
10.349427
10.676816
9.588354
9.588354
9.150418
10.676816
10.783112
9.805196
10.0220375
10.783112
10.999953
10.128334
10.562017
10.562017
10.45147
11.977869
11.323091
10.340923
10.77886
10.77886
11.216796
10.45147
11.323091
12.084165
11.2125435
12.628395
12.517848
11.535681
12.734691
11.752523
12.624144
13.274671
13.712605
13.168375
12.403049
13.168375
13.274671
13.057828
13.712605
13.597807
13.385218
13.380964
14.252585
13.818902
12.509345
13.057828
14.579974
13.818902
14.363132
13.602058
13.602058
13.274671
13.278922
12.190459
12.624144
12.624144
12.840985
12.840985
13.389469
12.079912
11.752523
11.8630705
12.955785
12.301006
10.995702
11.867322
12.628395
12.190459
13.066331
12.951532
11.646228
12.079912
12.628395
11.539933
11.65048
11.544185
11.2125435
11.106249
11.756775
12.407301
12.190459
13.168375
11.752523
10.668313
10.77886
10.6725645
11.433638
11.433638
11.433638
11.1105
10.23888
9.690397
10.345176
10.6725645
11.327342
11.433638
11.216796
10.566269
11.1105
10.783112
10.676816
10.676816
10.676816
10.455723
10.783112
10.017787
11.437889
11.433638
10.6725645
10.893659
10.783112
10.566269
10.459974
10.676816
10.349427
9.805196
11.1105
11.327342
10.566269
10.349427
10.349427
10.566269
10.243132
10.999953
10.0220375
10.459974
10.676816
10.349427
11.221047
9.69465
10.353679
10.349427
10.566269
10.349427
10.349427
9.69465
10.676816
9.698901
9.698901
10.353679
9.592606
9.698901
9.482059
9.919995
10.02629
9.592606
10.136837
10.136837
8.8315325
8.397848
9.269468
8.287301
9.048374
8.614691
8.287301
8.614691
8.725238
9.380016
8.614691
7.636775
8.4021
8.070459
8.181006
8.835785
8.614691
8.508395
8.725238
7.747322
7.203091
8.725238
7.636775
8.508395
8.94208
8.181006
7.9641643
7.9641643
9.269468
8.070459
8.397848
7.9641643
8.397848
8.835785
7.9599123
9.158921
8.720985
9.375764
9.482059
9.915743
9.915743
10.676816
10.893659
10.570521
10.459974
9.805196
10.459974
11.221047
10.783112
10.243132
9.371511
9.371511
10.570521
10.787363
10.132585
10.459974
11.765279
10.0220375
10.676816
11.437889
10.893659
10.893659
10.676816
9.371511
9.592606
10.787363
9.15467
10.570521
9.265217
9.592606
9.158921
10.247384
9.158921
9.375764
10.136837
9.698901
10.243132
9.915743
10.02629
8.94208
9.158921
8.508395
7.747322
9.596858
9.048374
9.592606
10.353679
10.136837
8.287301
9.158921
8.725238
8.397848
9.380016
8.725238
8.94208
10.02629
10.570521
10.676816
10.0220375
11.004206
10.459974
9.698901
9.703153
10.136837
9.915743
10.570521
10.243132
9.588354
9.809448
9.915743
9.482059
9.486311
9.8137
7.853617
8.835785
8.397848
8.2915535
8.94208
9.158921
8.94208
8.397848
8.725238
9.375764
8.8315325
9.703153
9.265217
9.265217
9.698901
10.787363
8.82728
9.809448
10.02629
9.375764
9.703153
9.919995
8.287301
9.375764
8.94208
7.636775
7.857869
8.397848
7.5304804
8.725238
8.614691
9.158921
9.048374
10.136837
9.592606
10.247384
8.720985
9.380016
8.94208
9.375764
9.048374
9.698901
9.260964
8.393597
9.15467
8.8315325
9.703153
8.393597
8.2915535
7.9641643
6.875702
7.747322
7.313638
7.5304804
8.618942
8.074712
8.618942
7.747322
7.4241843
7.7515736
7.313638
7.857869
8.512647
8.074712
7.4241843
8.508395
6.986249
7.6410265
7.636775
6.6588597
7.6410265
8.2915535
8.4021
7.9641643
8.074712
7.313638
6.008333
5.902038
7.317889
6.8799534
7.7515736
6.9905005
7.5347314
6.4462695
5.6851964
6.8842053
6.2294273
5.902038
6.339974
5.578901
6.339974
5.795743
5.6851964
5.6851964
6.556816
6.012585
6.2294273
4.8178277
5.0346694
5.795743
5.0346694
5.795743
6.450521
4.8178277
4.8178277
5.3620586
5.689448
5.468354
6.8842053
6.339974
5.578901
6.450521
5.90629
5.0346694
4.3841434
3.8399122
3.5125234
3.9504592
5.3663106
5.3620586
5.3620586
5.90629
5.90629
4.7072806
5.0346694
5.1452165
5.578901
4.6009855
5.795743
5.578901
6.339974
5.24726
6.8842053
6.556816
5.574649
5.6851964
6.667363
4.5967336
3.8356605
4.8178277
5.0346694
5.689448
6.556816
6.8799534
6.4462695
7.096796
6.5525646
6.4420176
6.5525646
6.008333
6.2251754
5.8977866
5.791491
7.207342
7.096796
7.313638
7.857869
7.203091
6.2251754
7.5304804
7.9641643
7.5304804
7.419933
7.096796
7.7515736
7.096796
6.986249
7.5304804
6.6588597
5.8977866
6.663111
5.791491
5.5703974
6.769407
7.857869
6.5525646
6.663111
6.663111
6.5525646
6.3357224
8.074712
6.986249
7.419933
7.309386
7.853617
7.415681
7.853617
7.9599123
7.415681
8.94208
9.265217
8.499891
7.849365
9.809448
9.260964
9.260964
8.176754
9.048374
8.504144
7.632523
6.981997
7.636775
8.504144
7.632523
8.28305
9.915743
8.933577
9.15467
10.349427
9.477807
9.477807
10.783112
9.911491
10.128334
10.017787
10.455723
10.455723
10.345176
10.566269
10.999953
10.455723
11.437889
10.0220375
10.132585
10.893659
8.499891
7.632523
7.9641643
8.181006
6.3314705
6.986249
7.092544
8.2915535
7.419933
6.5483127
8.181006
8.610438
9.588354
10.23888
10.455723
10.889407
11.761026
11.65048
10.234629
11.1105
10.995702
10.017787
10.128334
9.146166
9.911491
9.256713
9.588354
9.260964
8.1725025
8.720985
7.738818
9.482059
8.720985
8.8315325
9.371511
8.393597
9.044123
8.1725025
10.132585
8.606187
9.260964
9.477807
10.128334
11.1105
9.69465
9.69465
10.459974
9.477807
9.915743
10.0220375
10.02629
9.588354
8.1725025
9.592606
8.176754
7.305134
7.526228
7.1988387
8.181006
8.8315325
8.393597
9.482059
9.371511
9.915743
9.371511
10.349427
9.150418
10.676816
10.0220375
9.805196
9.36726
8.389345
8.933577
9.150418
8.82728
9.482059
8.393597
6.765155
8.070459
7.9599123
7.74307
8.94208
7.521976
8.070459
8.614691
8.610438
9.048374
9.805196
9.584103
9.584103
9.800944
9.800944
9.911491
9.690397
8.606187
8.937827
7.632523
7.309386
6.986249
4.7030287
4.2735963
3.5125234
3.078839
4.7115326
4.8178277
4.924123
5.6851964
5.791491
5.030418
5.24726
3.3977246
4.7072806
5.357807
4.7072806
6.339974
6.2294273
4.7030287
5.251512
4.4861865
3.8356605
5.468354
3.9462075
3.5082712
4.2735963
4.7072806
4.1630497
3.8356605
3.8399122
4.3841434
2.6451547
2.972544
1.8840815
2.1009235
2.1009235
3.2956812
2.424061
3.078839
2.4283128
1.7777863
2.1051755
0.5830289
1.0167131
1.0167131
1.5609442
1.8883334
0.799871
1.3441021
2.9767957
2.4325645
1.9946285
2.1051755
2.6494067
1.7777863
1.9946285
1.3398503
2.9767957
1.7777863
1.2335552
2.5388596
2.6494067
2.2114706
2.6494067
2.2114706
1.3441021
-0.17804438
-0.17379257
0.25989163
-0.49692985
-0.7137719
0.26839525
-0.930614
-1.6916873
-1.4748453
-1.5811403
-2.6696026
-3.86436
-3.4264243
-2.882193
-1.3642982
-1.2580031
1.0252168
0.043049537
0.910418
2.5388596
1.6714911
1.3398503
1.9946285
0.7956192
1.6672394
1.4503974
1.6672394
2.7557018
1.8840815
1.7777863
1.8883334
1.3441021
0.14934468
-0.6117286
-0.49692985
-0.8243188
-0.7137719
-1.9085294
-2.6738546
-1.1432043
-2.1253715
-2.9969919
-1.6916873
-2.1296234
-1.9085294
-1.3685501
-0.3906347
0.3661868
0.910418
0.799871
1.4546491
1.9988803
1.3398503
3.0873425
1.7777863
1.2335552
1.12726
0.47248197
0.47248197
-0.06749742
0.8041228
0.043049537
-0.93486583
0.1578483
-1.5853921
-1.6916873
-1.0369092
-0.8200671
-2.2359185
-1.5811403
-1.1474562
-0.7137719
-1.3685501
-1.5853921
-1.0411611
-1.3685501
-1.9127812
-1.5853921
-1.8022342
-2.5633075
-1.8022342
-2.5633075
-2.2359185
-2.1296234
-1.9085294
-2.2359185
-1.6916873
-1.9127812
-1.6959391
-2.2401702
-2.5633075
-2.0190763
-1.3642982
-1.4748453
-1.1474562
-2.0190763
-1.5811403
-1.6916873
-0.49692985
-0.06324561
-0.28433952
1.348354
1.4546491
0.25563982
0.799871
0.689324
1.3441021
1.020965
1.020965
-0.06749742
0.3704386
-0.28008774
-1.479097
-0.17379257
-1.0454128
0.47673374
1.4546491
0.5830289
0.14509287
0.5830289
-0.28859133
-0.18229619
0.689324
1.8840815
2.2114706
2.4283128
2.1009235
3.62307
2.968292
1.7692827
3.5125234
2.9640403
2.9640403
2.747198
3.6188183
3.1851342
3.078839
3.7336173
3.7293656
3.2956812
4.379892
4.7072806
4.924123
3.2914293
4.8135757
4.4861865
4.1587977
4.7072806
4.0525026
3.8356605
4.8178277
3.7251134
4.4861865
4.37564
5.030418
4.592482
3.71661
5.6766925
5.893534
7.1988387
7.305134
7.1945877
8.061955
9.482059
8.389345
9.044123
9.15467
8.499891
7.4114294
7.305134
7.849365
6.544061
7.74307
8.176754
8.070459
7.849365
8.499891
9.477807
8.933577
10.349427
10.562017
9.146166
10.45147
10.995702
10.774608
12.730438
13.164123
13.053576
13.5935545
14.137786
13.5935545
14.137786
13.5935545
14.252585
11.969365
11.318839
11.101996
8.818777
8.1725025
5.0219145
6.3314705
6.0040812
6.2209234
6.765155
7.849365
8.499891
8.1725025
9.477807
9.256713
10.668313
9.686145
10.230376
12.079912
12.505093
14.137786
14.133534
15.872524
16.412502
16.523048
15.978818
16.195662
15.332544
14.682017
14.354629
13.164123
13.708355
14.035743
13.48726
13.925196
14.35888
13.920944
15.553638
16.744143
16.739893
16.629345
18.155743
17.284122
17.063028
18.045197
17.934649
18.253534
19.23145
19.55884
18.69147
17.709303
18.364082
18.040945
18.916817
17.717808
17.615763
16.31046
16.199913
15.005156
16.31046
15.43884
16.085114
16.85044
16.416756
16.960987
16.956734
16.416756
15.651429
15.217746
15.983071
15.655681
16.306208
17.177828
17.505217
17.06728
17.717808
16.956734
16.523048
16.412502
16.739893
16.31046
15.655681
15.545134
15.43884
16.199913
16.089365
17.06728
15.757724
15.872524
15.757724
14.996652
16.089365
16.956734
16.191408
16.518799
17.934649
17.390417
18.26204
18.045197
17.824102
16.40825
16.518799
15.974566
16.412502
16.629345
17.173576
16.73564
16.523048
15.651429
15.978818
15.872524
16.089365
16.85044
16.523048
16.633596
16.633596
15.545134
15.11145
15.009407
13.916693
13.155619
14.248333
14.137786
13.376713
14.792564
14.137786
14.354629
13.5935545
13.814649
13.925196
13.270417
12.292503
13.385218
12.292503
13.164123
12.947281
12.836734
12.726187
13.270417
12.726187
14.035743
13.925196
13.164123
13.818902
14.035743
12.943029
12.947281
12.513597
13.057828
12.947281
12.075661
13.168375
12.513597
12.947281
13.491511
13.929449
13.168375
12.947281
11.858818
11.535681
11.101996
11.535681
9.9029875
11.106249
11.101996
10.995702
11.429386
10.885155
11.539933
10.885155
9.800944
9.911491
10.23888
9.907239
10.45147
11.539933
12.951532
12.730438
11.641976
11.535681
12.407301
11.425134
11.752523
11.323091
11.65048
11.65048
10.128334
10.0220375
9.584103
8.393597
9.371511
8.937827
9.15467
6.87145
7.747322
7.9684157
5.140965
6.4462695
7.313638
8.074712
9.375764
10.349427
9.911491
10.889407
10.783112
10.783112
9.698901
9.371511
8.066207
8.8315325
8.937827
8.720985
8.8315325
7.747322
7.6410265
6.8799534
7.6410265
8.2915535
8.2915535
9.375764
8.720985
9.052627
9.482059
10.459974
10.893659
11.216796
11.327342
11.216796
12.845238
13.062079
12.301006
12.411553
11.216796
9.800944
10.676816
9.588354
9.375764
9.048374
8.8315325
9.592606
10.787363
10.02629
10.464226
9.158921
8.504144
8.397848
9.919995
10.243132
10.02629
11.1105
10.676816
11.331594
11.544185
11.977869
12.628395
13.1726265
13.283173
12.628395
11.65048
12.632647
11.433638
11.9821205
10.999953
11.544185
10.459974
10.893659
11.9821205
12.198963
10.999953
10.893659
10.676816
10.893659
11.221047
11.437889
12.194712
13.062079
13.062079
14.14629
14.579974
13.385218
14.039994
13.278922
12.951532
14.039994
14.150541
14.150541
13.602058
13.278922
13.823153
14.044247
13.712605
13.823153
15.01791
14.256837
13.929449
13.602058
14.256837
15.01791
14.256837
14.473679
13.929449
14.690521
14.801068
13.818902
15.668436
16.102121
15.447342
15.991573
15.774733
16.208416
15.664186
17.18633
16.858942
15.774733
14.363132
13.495763
14.150541
13.1726265
13.062079
13.716857
15.01791
15.451593
15.230501
15.88528
15.230501
16.646353
16.535805
16.102121
15.991573
15.230501
15.013659
15.774733
16.318964
16.965237
18.049448
18.376837
19.788437
19.133657
19.894732
20.7621
22.063152
21.085238
21.085238
21.84631
21.948355
22.930521
22.713678
22.603132
21.735764
20.217869
18.810522
16.637848
15.881026
15.664186
15.881026
16.858942
18.270542
18.483133
19.89048
20.651554
21.84631
21.191532
20.434711
20.324163
20.7621
20.545258
21.84631
22.169449
22.713678
22.382038
22.819975
21.735764
21.412626
20.217869
19.894732
19.571594
18.483133
18.810522
18.593678
18.049448
18.699974
18.916817
18.916817
19.133657
19.027365
19.567343
19.567343
20.545258
20.22212
20.111574
20.22212
19.677889
19.354752
19.244205
20.545258
20.001026
19.673637
19.239954
19.133657
18.810522
18.483133
17.943153
17.292625
17.18633
15.009407
15.881026
15.230501
15.013659
15.447342
15.557889
15.991573
15.987322
16.421007
16.31471
17.943153
17.611511
19.133657
18.699974
19.239954
20.651554
21.956858
21.948355
22.709427
22.05465
22.160944
21.510418
20.098818
20.319912
19.239954
18.045197
16.642101
14.68627
13.168375
13.062079
14.142038
15.987322
15.983071
15.872524
16.089365
15.761976
17.390417
18.589426
18.589426
18.80627
18.908312
19.89048
19.023111
17.717808
16.952482
17.717808
19.3505
19.456795
18.372585
19.244205
19.244205
17.39467
16.85469
16.527302
16.744143
15.553638
15.119954
14.031491
14.575723
16.208416
16.960987
18.589426
18.916817
17.173576
16.637848
15.443091
15.115701
15.770479
15.447342
14.690521
13.712605
12.517848
13.283173
12.845238
13.062079
13.712605
12.624144
12.628395
11.756775
12.084165
11.106249
11.433638
11.216796
11.1105
11.216796
11.977869
11.756775
11.539933
11.65048
10.23888
9.15467
8.504144
9.158921
8.176754
8.82728
10.02629
8.28305
7.0882916
7.309386
6.986249
5.6809444
6.123132
6.2294273
6.663111
7.203091
7.849365
7.9599123
7.955661
7.526228
6.4377656
6.110377
6.875702
6.769407
6.2251754
6.8799534
6.114629
6.5525646
7.096796
6.875702
5.8977866
6.114629
6.4420176
6.0040812
5.026166
6.6588597
5.6766925
6.769407
6.769407
6.769407
8.074712
8.397848
9.375764
10.349427
9.477807
10.783112
10.77886
11.106249
11.65048
10.991449
10.345176
10.889407
10.017787
10.128334
10.455723
10.0220375
8.82728
9.375764
8.720985
7.4114294
8.937827
10.349427
9.800944
10.668313
12.079912
12.951532
13.168375
13.168375
13.389469
12.198963
10.030542
6.667363
3.737869
2.4325645
2.2114706
3.2956812
2.5261042
2.0966718
1.0124613
-2.5675595
-0.59897316
-1.3557947
-0.81581527
0.9231734
1.6757431
3.5167751
6.6588597
8.712482
10.880902
14.903111
15.443091
12.079912
9.477807
6.114629
4.0525026
4.37564
4.7030287
6.3357224
5.030418
4.7030287
5.791491
3.62307
3.737869
2.9810476
0.48098555
1.2420589
1.6757431
4.171553
4.7030287
6.986249
9.048374
10.566269
10.23888
10.132585
8.933577
9.919995
9.592606
8.397848
9.486311
10.787363
10.136837
10.676816
11.1105
10.349427
8.720985
7.9641643
7.313638
6.9905005
6.4462695
7.857869
8.074712
8.725238
8.618942
9.8137
10.459974
10.783112
13.495763
13.274671
11.8630705
11.429386
10.889407
9.044123
9.809448
10.02629
8.070459
9.158921
9.371511
9.039871
11.1105
10.0220375
10.349427
10.136837
9.36726
10.0220375
10.566269
11.323091
12.845238
13.274671
14.137786
15.009407
16.425257
16.858942
15.009407
14.68627
14.792564
15.119954
14.133534
14.57147
15.659932
15.872524
15.009407
14.89886
13.810397
13.491511
12.296754
11.858818
11.969365
12.624144
12.619891
11.965114
12.398798
13.270417
14.137786
14.792564
14.792564
16.31471
15.336795
14.465176
14.035743
13.48726
14.031491
14.35888
15.336795
15.447342
14.792564
15.226248
14.354629
16.425257
15.119954
15.013659
14.142038
14.039994
14.14629
12.186207
13.062079
12.734691
12.951532
13.278922
12.190459
12.517848
11.973618
12.411553
11.761026
10.566269
10.893659
10.676816
9.15467
9.919995
11.221047
10.566269
11.004206
10.349427
11.327342
11.004206
10.455723
10.676816
11.331594
10.459974
10.02629
10.893659
11.327342
11.327342
10.6725645
10.783112
10.893659
9.805196
10.459974
9.698901
9.703153
8.725238
8.2915535
8.2915535
8.185258
6.6588597
8.4021
7.4241843
7.1010475
6.663111
4.3841434
4.8220797
3.5167751
4.2778482
5.4768577
4.7115326
5.2557635
4.928375
5.4726057
6.016837
6.450521
5.6851964
6.123132
5.795743
6.8842053
5.902038
6.556816
7.2115946
5.90629
7.2115946
6.2336793
5.689448
5.2557635
5.4768577
4.3883953
4.715784
2.8662488
2.4325645
3.0873425
2.8705006
2.6536584
2.4368165
2.6536584
2.5473633
1.5694479
2.1136792
0.9189216
1.4631528
0.5957843
-0.2758359
-0.9263622
-1.1432043
-0.054742
-0.054742
-0.16528895
-0.59897316
-0.7052683
-1.4663416
-0.9221104
-1.3557947
-1.3557947
-1.5726367
-1.7894788
-2.006321
-2.4400053
-1.4620898
-2.006321
-2.116868
-2.5505521
-1.895774
-2.4400053
-2.223163
-3.6347628
-3.3073738
-3.7410579
-3.9578998
-4.068447
-3.4136686
-4.502131
-3.8473527
-4.1747417
-4.9358153
-4.064195
-5.5863414
-5.803184
-5.9094787
-5.692637
-6.0200257
-4.9315634
-6.0200257
-5.369499
-4.064195
-3.5242157
-3.2010784
-2.223163
-1.7894788
-1.1389525
-1.568385
-2.6568472
-2.8736894
-3.3073738
-3.6347628
-2.5463004
-2.8736894
-2.9799845
-3.4179204
-3.0905313
-2.6525953
-2.7631423
-3.4179204
-2.5463004
-2.0020692
-0.80731165
-0.91785866
-0.5947214
0.055804953
1.3568575
1.6799948
2.224226
2.0073838
2.0073838
0.70633125
-0.38213107
-0.4884262
-0.81581527
-0.4884262
-1.0326574
-0.16103715
-1.0326574
-0.37787926
-1.0284055
-1.1389525
-0.5947214
0.27264705
0.4894892
0.8126264
1.2463106
1.896837
2.65791
3.0915945
3.8526678
2.4410682
2.330521
2.9852993
2.7684572
2.5473633
3.7421207
3.0915945
2.1136792
3.2021413
3.0915945
2.9810476
3.1978896
2.9810476
3.4189837
2.4410682
0.9189216
1.0294685
1.5736997
0.1578483
0.26839525
1.4631528
1.6799948
1.1357636
2.330521
3.3084364
2.3262694
3.3084364
3.631574
2.8705006
3.848416
3.3041847
3.5210268
4.1758046
3.954711
4.720036
5.3705626
4.715784
4.826331
5.3663106
5.0431733
5.4768577
5.6937
5.9105415
5.804247
4.8220797
4.605237
4.6094894
3.5210268
3.737869
4.065258
4.4989424
4.4989424
4.2821
4.826331
5.0431733
3.954711
5.2600155
4.9326262
4.605237
5.3705626
4.826331
5.0431733
5.1494684
5.583153
6.016837
6.016837
6.561068
6.561068
7.1052995
6.667363
6.7736583
7.4284363
7.1010475
6.123132
7.2115946
7.4284363
6.123132
6.667363
6.450521
7.7558255
7.2115946
6.556816
7.1010475
7.1010475
6.9905005
8.406352
8.406352
8.508395
8.835785
9.919995
10.353679
9.482059
9.375764
7.9684157
7.5347314
4.8178277
3.4104798
3.0873425
3.1978896
2.2199743
2.003132
2.8747523
1.896837
2.003132
2.2199743
3.8526678
3.1936376
4.6094894
5.3663106
6.561068
6.556816
7.5347314
8.840036
7.7515736
7.6410265
7.857869
8.295805
7.857869
7.5347314
6.339974
6.450521
5.9105415
3.954711
3.3041847
2.9810476
2.330521
0.9189216
0.48098555
1.2420589
0.9189216
0.59153247
1.3526058
0.7020795
0.91466975
1.6757431
2.330521
2.7642052
3.848416
3.5210268
2.7599535
4.715784
4.9326262
4.928375
6.016837
5.2557635
3.5167751
4.3883953
4.9326262
3.737869
3.5210268
3.414732
3.3041847
1.6757431
2.6536584
3.414732
3.414732
3.3041847
3.7421207
2.5431116
3.0873425
1.8883334
1.1315118
0.3704386
1.2463106
0.04730134
0.8083746
2.224226
1.7862899
1.8925852
1.348354
1.4589009
1.6757431
1.8925852
1.4589009
2.8705006
2.4368165
1.4589009
1.0252168
0.3704386
0.8083746
2.1136792
2.4368165
2.4368165
2.6536584
1.12726
1.8925852
2.3262694
3.1978896
1.565196
2.1094272
3.414732
2.7599535
2.8662488
3.737869
3.6273217
2.5388596
2.7599535
2.8705006
2.5431116
1.12726
2.9810476
1.565196
1.1315118
2.4368165
1.4546491
1.3441021
2.4325645
2.3220174
2.3220174
2.7599535
1.6714911
1.8883334
2.6536584
3.0873425
2.8662488
3.0830908
3.737869
4.0610065
3.9504592
4.7115326
4.2778482
3.4104798
2.8662488
3.5210268
2.6494067
3.1936376
4.065258
3.737869
2.9767957
2.5431116
2.2114706
2.3262694
2.7599535
3.631574
2.3262694
3.0873425
3.1978896
2.7642052
2.4368165
-0.5011816
-0.3906347
-0.28008774
0.58728075
0.15359649
2.4368165
2.4325645
1.4546491
1.7820382
1.2335552
1.4503974
2.6494067
1.4503974
1.9946285
3.1936376
2.6494067
4.2778482
3.2956812
5.2557635
4.6009855
4.490439
5.251512
5.251512
5.140965
5.90629
5.1452165
5.3620586
5.140965
5.468354
5.1452165
5.2557635
4.1630497
3.7293656
5.1452165
3.5167751
4.3883953
2.972544
2.3220174
2.6494067
2.972544
2.4283128
4.056754
5.795743
5.357807
5.468354
5.578901
5.0346694
4.8178277
5.795743
5.689448
5.0346694
5.6851964
6.4462695
6.5525646
6.769407
6.2209234
6.2209234
6.765155
7.9641643
7.636775
9.269468
9.375764
7.092544
7.203091
6.5483127
5.7872396
7.092544
6.4420176
6.2251754
6.663111
5.6851964
4.9198713
5.353555
6.2251754
5.5703974
5.6809444
5.5703974
6.4420176
6.986249
7.526228
8.504144
8.28305
8.606187
9.800944
9.252461
10.77886
10.668313
9.690397
9.69465
9.69465
7.955661
9.265217
7.6282716
7.738818
7.849365
8.066207
7.3008823
7.4114294
8.389345
7.4114294
8.066207
8.066207
7.0882916
6.87145
7.092544
7.526228
7.305134
8.389345
9.039871
9.146166
10.77886
10.230376
10.340923
11.539933
9.57985
10.45147
11.429386
10.562017
9.252461
10.017787
9.796692
10.013535
10.77886
10.340923
9.57985
10.668313
10.45147
10.77886
10.45147
10.999953
10.124082
9.146166
10.340923
10.230376
10.447219
10.885155
11.646228
11.973618
11.641976
11.101996
11.429386
10.885155
11.973618
11.752523
10.447219
11.101996
10.991449
10.664061
10.991449
12.084165
10.885155
9.9029875
11.318839
10.447219
11.101996
11.425134
12.190459
12.079912
11.531429
11.8630705
12.296754
10.447219
9.792441
11.429386
11.646228
10.340923
10.885155
11.429386
10.340923
11.539933
10.119829
11.097745
11.429386
11.318839
11.318839
10.774608
10.557766
10.77886
9.252461
9.800944
10.77886
10.013535
12.084165
11.646228
11.535681
11.646228
10.124082
9.57985
10.345176
9.039871
10.0220375
9.800944
8.28305
8.389345
8.933577
8.168251
8.606187
9.36726
9.69465
9.150418
8.389345
8.393597
7.305134
7.305134
7.636775
6.981997
6.4377656
6.2209234
6.3314705
6.3314705
6.008333
4.8135757
4.269345
3.9462075
4.2735963
4.1630497
2.6451547
2.4283128
3.189386
2.968292
3.7336173
3.7293656
2.6451547
2.6451547
3.7336173
3.406228
2.4283128
3.6273217
2.7557018
1.9946285
2.1009235
2.2114706
1.8840815
3.6273217
3.406228
2.968292
3.8399122
4.3841434
2.534608
3.5167751
2.1009235
1.8840815
3.6273217
2.7557018
1.3398503
2.3220174
1.8883334
-0.17379257
-0.38638288
-1.1474562
-1.9042777
-1.6874356
-1.5768886
-2.5548038
-3.0947833
-3.2053301
-4.289541
-4.7232246
-4.940067
-4.612678
-5.267456
-3.5327191
-2.7758977
-0.16528895
1.5694479
3.0873425
2.4283128
2.534608
4.928375
3.5125234
3.8399122
2.1051755
0.25989163
-1.4748453
-1.3600464
-3.4179204
-4.506383
-4.1789937
-4.82952
-4.7232246
-2.4400053
-2.2274148
-1.5811403
-1.7979825
-2.99274
-1.5768886
-2.448509
-1.9042777
-0.603225
-1.8022342
-0.16954076
0.3704386
-0.17804438
1.8925852
-0.06324561
-2.1253715
-1.7894788
-4.289541
-5.156909
-3.851605
-3.6347628
-4.1789937
-3.5242157
-3.851605
-3.4179204
-3.4179204
-4.1789937
-4.068447
-3.0905313
-3.6390145
-1.1432043
-0.59897316
0.59153247
0.8083746
1.0252168
0.8041228
-0.28433952
1.6757431
0.8083746
-1.3642982
-0.49267802
-1.0326574
-2.661099
-3.3158772
-2.444257
-3.3158772
-1.6874356
-1.9042777
-1.5768886
-1.3642982
-1.1474562
-1.0411611
-0.16954076
-0.28008774
-0.5011816
1.0252168
0.47673374
-0.28433952
1.6757431
1.020965
0.043049537
1.348354
2.2157223
2.1051755
1.12726
1.8883334
2.2157223
1.237807
1.6714911
2.5388596
2.9767957
1.7777863
2.6494067
2.3220174
3.299933
4.9326262
4.6009855
4.056754
4.167301
4.8178277
3.7293656
4.7115326
3.8399122
4.924123
5.689448
5.6851964
5.468354
6.2294273
6.8799534
6.769407
6.765155
6.3314705
6.6588597
6.3314705
6.986249
8.94208
8.28305
9.15467
9.809448
9.044123
9.588354
9.371511
9.805196
9.915743
10.353679
9.809448
7.853617
8.397848
7.526228
6.87145
8.8315325
9.044123
9.588354
10.566269
10.77886
10.668313
11.101996
10.447219
11.208292
11.318839
14.363132
13.810397
15.009407
15.876775
15.655681
14.682017
14.248333
12.292503
10.991449
9.3630085
7.419933
5.468354
2.640903
3.6188183
5.6851964
8.074712
9.158921
9.375764
7.313638
5.468354
6.450521
5.140965
7.9684157
10.570521
11.973618
14.142038
15.549385
17.063028
19.456795
18.699974
15.770479
11.977869
9.052627
5.795743
6.2336793
5.464102
5.6809444
6.986249
6.654608
8.181006
8.94208
9.596858
7.5304804
7.4241843
8.397848
9.15467
11.761026
15.336795
15.983071
17.288374
16.633596
16.199913
15.664186
13.814649
11.318839
10.234629
10.455723
8.610438
9.269468
8.4021
9.052627
8.512647
6.986249
7.096796
6.8799534
5.8977866
6.1188803
6.114629
6.769407
8.397848
7.415681
8.181006
8.937827
9.371511
9.044123
8.716734
8.066207
8.287301
6.6588597
7.313638
4.7072806
5.799995
4.3841434
3.1851342
4.7115326
4.7072806
4.8178277
5.689448
6.012585
7.207342
6.3357224
5.578901
4.924123
3.8399122
4.167301
3.5125234
4.7115326
5.795743
4.4861865
5.574649
5.468354
4.167301
4.7115326
3.406228
3.5210268
3.737869
0.910418
2.8705006
1.020965
1.020965
2.1094272
0.5830289
1.237807
2.7599535
0.3661868
2.1051755
1.2335552
0.25563982
0.25989163
0.91466975
0.15359649
1.348354
1.020965
2.1094272
1.1315118
2.1094272
1.2335552
1.348354
1.237807
0.910418
0.48098555
0.26414344
-1.8022342
-1.6916873
-0.603225
-1.7979825
-0.930614
-1.0411611
-0.5011816
-0.06324561
-0.93486583
-1.6959391
-1.2580031
-2.2359185
-1.9127812
-1.2580031
-0.16954076
-0.7180237
0.043049537
-0.17379257
-1.6959391
0.26414344
-1.1517079
-1.0411611
-0.93486583
-0.6074768
-1.1517079
-0.16954076
-2.2401702
-2.1296234
-0.7137719
-1.3685501
-0.8243188
0.15359649
-0.6074768
-0.3906347
-0.3906347
0.15359649
-0.5011816
0.25989163
0.043049537
-0.5011816
0.3704386
-0.7180237
-1.0411611
-0.8243188
-1.8022342
-1.0411611
-1.6959391
-1.9127812
-1.8022342
-1.3685501
-2.2401702
-0.06324561
-0.38638288
-1.2580031
-0.603225
-1.6916873
-1.0411611
-2.4570124
-0.6074768
-1.1517079
0.04730134
-0.6074768
-0.5011816
-0.3906347
-0.5011816
-0.82857066
0.910418
0.5830289
1.1230083
1.6672394
1.4503974
1.2335552
1.4503974
2.1051755
0.5830289
-0.3948865
0.69357586
0.799871
0.799871
-0.071749225
0.03879773
-0.071749225
0.5830289
-0.28859133
0.03879773
-0.50543344
0.47673374
0.03879773
0.910418
1.0167131
1.6672394
1.1230083
2.2114706
1.9903767
1.0124613
1.6672394
1.3398503
0.7956192
1.9903767
1.3398503
2.1009235
1.5566925
3.078839
2.2114706
2.4283128
2.4283128
3.189386
1.7735345
3.078839
1.6629877
4.056754
2.313514
2.202967
2.968292
3.406228
3.9462075
3.6188183
3.5082712
4.6009855
2.9640403
3.8356605
3.1808825
3.5082712
4.0482507
3.3977246
4.8135757
4.4861865
5.464102
4.0482507
4.8135757
4.592482
4.0482507
4.481935
5.5703974
6.0040812
6.2209234
6.544061
7.632523
6.760903
7.632523
6.327219
6.4377656
6.765155
6.4377656
6.216672
6.981997
7.632523
6.9777446
6.87145
6.433514
6.981997
6.4377656
5.893534
6.5483127
5.5703974
6.114629
5.4598503
6.0040812
5.3493037
6.0040812
6.654608
6.0040812
6.110377
5.7829876
7.526228
6.110377
6.981997
6.981997
6.981997
6.760903
7.415681
7.8451138
8.933577
8.82728
7.6282716
7.4071774
8.716734
8.606187
8.716734
9.69465
9.039871
9.039871
9.146166
9.477807
9.473556
8.491387
9.150418
8.49564
8.1725025
8.606187
8.712482
9.150418
9.36726
8.716734
9.039871
8.933577
9.690397
9.256713
9.3630085
10.128334
8.385093
9.584103
9.800944
10.017787
10.6725645
9.473556
10.017787
10.128334
9.3630085
10.128334
9.57985
10.234629
9.039871
9.473556
9.69465
9.800944
10.017787
9.36726
9.584103
9.36726
10.6725645
9.256713
9.584103
10.345176
9.256713
9.36726
9.36726
9.3630085
9.911491
9.256713
10.23888
10.6725645
9.584103
10.783112
8.818777
9.911491
8.929324
10.234629
9.256713
10.562017
10.566269
10.345176
10.889407
9.907239
9.473556
10.999953
10.995702
9.469303
10.995702
11.101996
11.318839
11.101996
12.190459
11.646228
11.752523
11.429386
10.995702
10.455723
10.889407
10.017787
10.234629
10.995702
9.57985
10.017787
10.345176
9.800944
10.6725645
9.473556
10.349427
9.805196
9.473556
10.23888
10.128334
9.3630085
10.128334
10.995702
11.106249
10.885155
10.562017
11.216796
9.911491
10.566269
10.349427
10.889407
11.544185
11.323091
11.106249
12.084165
10.557766
11.323091
11.106249
10.77886
10.128334
10.345176
9.907239
10.77886
11.106249
11.429386
11.106249
10.6725645
9.690397
9.800944
10.345176
10.455723
9.256713
10.6725645
10.0220375
8.933577
10.566269
10.349427
10.345176
10.23888
10.23888
10.455723
10.6725645
11.539933
11.323091
12.301006
11.973618
12.084165
11.323091
10.995702
11.756775
11.8630705
12.517848
11.756775
10.77886
9.800944
10.562017
9.146166
9.805196
9.69465
10.889407
10.345176
9.146166
10.6725645
11.106249
10.455723
10.128334
9.69465
9.69465
9.044123
10.017787
10.893659
11.323091
10.77886
10.0220375
9.69465
9.3630085
10.999953
12.301006
13.278922
12.951532
12.296754
10.557766
10.77886
11.646228
11.973618
12.194712
11.318839
11.323091
11.977869
11.429386
11.101996
12.190459
12.624144
11.539933
10.889407
9.911491
10.6725645
11.327342
11.433638
11.433638
10.128334
9.473556
11.327342
11.65048
11.867322
12.301006
12.734691
11.208292
11.973618
12.190459
12.296754
13.062079
13.929449
13.057828
12.517848
11.8630705
12.084165
12.194712
12.305258
10.893659
10.783112
10.349427
10.783112
11.216796
10.783112
11.539933
12.517848
12.411553
11.323091
11.327342
11.654732
10.999953
11.544185
12.305258
12.084165
12.301006
12.084165
11.433638
11.867322
12.845238
12.517848
11.977869
11.433638
10.676816
11.327342
11.004206
10.459974
11.004206
11.765279
11.221047
9.588354
9.809448
9.592606
8.725238
9.592606
10.787363
11.765279
11.221047
11.437889
11.327342
11.756775
12.734691
13.062079
13.716857
12.411553
11.977869
11.544185
11.544185
11.1105
11.221047
11.1105
11.871573
11.221047
11.871573
10.676816
10.787363
10.132585
9.048374
8.8315325
11.548436
11.221047
10.676816
11.548436
11.327342
11.106249
11.761026
12.738942
12.955785
13.066331
12.088415
10.787363
10.893659
11.9821205
12.198963
11.654732
12.305258
11.216796
10.783112
11.004206
11.548436
10.787363
11.004206
10.353679
10.136837
10.243132
9.158921
10.136837
10.893659
11.004206
11.004206
10.247384
10.247384
9.703153
8.8315325
8.074712
9.052627
9.486311
9.596858
8.508395
9.596858
9.592606
9.809448
9.592606
9.158921
8.4021
8.835785
9.269468
9.375764
9.592606
8.94208
8.725238
8.074712
7.6410265
9.163173
9.163173
8.2915535
8.185258
7.317889
6.450521
4.2778482
5.4768577
5.9105415
6.9947524
7.1052995
6.77791
6.016837
4.0610065
3.844164
5.038922
5.799995
5.6937
4.9326262
3.9589627
3.631574
2.8705006
4.6094894
5.2600155
4.715784
4.065258
3.631574
2.1094272
2.5431116
2.8705006
4.3926473
4.065258
2.8705006
3.1978896
3.5210268
4.0610065
5.038922
5.4726057
4.3883953
3.737869
3.5210268
3.414732
2.6536584
2.4368165
2.7642052
2.1094272
2.2199743
3.3041847
4.4989424
5.90629
6.667363
7.9684157
7.8621206
7.1010475
4.4946904
4.4946904
6.8842053
6.7736583
8.4021
7.313638
7.5347314
5.140965
3.9504592
3.0830908
3.631574
2.9810476
2.330521
1.0252168
1.7862899
2.3262694
4.715784
7.6452785
10.243132
11.654732
11.106249
11.871573
10.566269
9.698901
9.482059
8.8315325
9.158921
9.371511
11.548436
10.676816
10.676816
10.0220375
9.044123
8.8315325
8.720985
8.835785
7.313638
7.096796
7.1010475
6.4462695
6.2294273
6.986249
8.070459
8.504144
8.82728
10.23888
10.0220375
10.566269
11.221047
10.676816
9.698901
10.353679
10.132585
9.592606
9.371511
9.919995
10.570521
10.566269
10.349427
11.761026
14.039994
13.60631
12.628395
11.871573
10.893659
11.331594
10.893659
10.999953
11.1105
10.0220375
11.004206
10.783112
10.893659
10.349427
10.455723
10.243132
9.588354
8.8315325
9.158921
7.313638
8.185258
7.9641643
8.181006
9.048374
9.477807
9.911491
10.349427
11.106249
10.23888
11.327342
11.1105
9.911491
9.805196
10.787363
9.915743
9.477807
10.345176
10.783112
10.45147
10.234629
10.562017
10.889407
9.256713
11.004206
9.805196
10.783112
10.893659
10.455723
10.999953
10.017787
10.017787
10.566269
10.234629
10.566269
11.106249
10.128334
10.0220375
10.345176
9.911491
10.783112
10.77886
10.995702
12.190459
12.190459
12.840985
12.411553
10.995702
10.562017
11.216796
11.654732
10.6725645
11.433638
10.6725645
10.77886
10.562017
11.433638
11.973618
12.513597
12.407301
13.389469
11.539933
11.433638
10.889407
11.65048
11.867322
12.411553
11.756775
11.646228
11.2125435
10.562017
10.345176
11.221047
10.787363
10.459974
8.82728
8.720985
8.287301
6.87145
5.99983
5.353555
5.026166
4.0525026
6.1188803
6.2251754
7.096796
4.7030287
5.3620586
4.605237
3.1936376
1.8883334
1.4546491
1.7820382
1.5609442
2.2114706
1.8840815
1.9946285
2.5388596
2.861997
4.167301
4.167301
4.928375
5.038922
3.62307
3.844164
2.5388596
2.7557018
1.9946285
2.972544
3.078839
2.861997
3.844164
2.6451547
1.8840815
1.9946285
2.6494067
2.2157223
1.237807
0.8041228
1.2420589
0.69357586
1.7820382
2.1051755
2.4325645
3.1936376
2.4325645
2.8662488
2.7599535
2.7599535
2.3220174
2.7557018
5.1452165
4.269345
6.4462695
5.24726
5.468354
4.6009855
4.490439
5.0346694
5.251512
5.6851964
5.689448
4.7072806
4.167301
4.3841434
4.6009855
3.8399122
5.038922
4.6009855
4.056754
5.251512
4.8135757
7.9684157
7.313638
6.2251754
6.1188803
6.1188803
6.4420176
7.419933
9.158921
9.15467
9.805196
8.28305
9.371511
9.588354
8.82728
9.915743
9.588354
8.610438
8.614691
8.181006
8.397848
8.393597
7.305134
7.0882916
5.3493037
6.0040812
6.4420176
6.4377656
6.3314705
7.4241843
6.986249
6.2251754
7.5304804
7.526228
6.4377656
7.1988387
6.9777446
8.066207
7.0882916
7.1988387
8.181006
7.853617
7.9599123
8.070459
8.287301
8.720985
9.477807
10.566269
10.562017
9.690397
9.911491
9.256713
10.455723
10.128334
8.606187
9.482059
9.698901
7.849365
9.15467
7.6282716
8.278798
7.7303147
9.588354
9.260964
8.933577
8.393597
8.937827
8.176754
7.955661
7.521976
9.584103
9.800944
10.783112
10.562017
10.345176
9.796692
10.668313
10.885155
10.77886
9.911491
9.800944
9.36726
9.150418
9.911491
10.455723
10.128334
9.473556
10.77886
9.57985
10.45147
11.1105
10.455723
9.260964
9.477807
9.260964
9.260964
10.566269
9.36726
9.588354
10.459974
10.23888
9.911491
10.345176
10.23888
9.584103
10.566269
8.8230295
8.712482
8.278798
9.150418
9.256713
9.69465
9.044123
8.716734
8.1725025
7.955661
7.738818
7.632523
7.305134
7.0882916
7.4114294
9.044123
9.256713
8.712482
10.128334
9.584103
8.712482
9.800944
9.584103
10.6725645
10.885155
9.907239
9.473556
9.256713
8.057704
8.716734
8.716734
9.477807
9.371511
9.260964
9.477807
8.061955
7.632523
8.504144
7.4114294
6.106125
7.415681
7.415681
7.632523
8.070459
7.74307
7.632523
7.521976
8.720985
8.8230295
9.36726
9.800944
10.017787
10.128334
9.584103
9.36726
8.933577
9.805196
10.0220375
9.473556
10.345176
10.77886
11.101996
10.885155
11.646228
12.951532
12.513597
11.969365
11.969365
13.380964
14.142038
12.947281
13.925196
12.509345
10.774608
11.65048
11.867322
11.756775
12.079912
12.296754
11.752523
10.774608
9.473556
10.128334
9.805196
9.260964
9.911491
11.65048
11.425134
13.708355
13.049324
13.48726
12.513597
12.513597
13.491511
13.925196
14.57147
14.8946085
13.806146
12.82823
13.589303
13.266166
12.505093
14.142038
13.053576
11.531429
12.628395
11.318839
10.880902
10.115578
12.075661
13.270417
12.61564
13.164123
12.619891
12.509345
14.248333
15.774733
14.465176
13.5935545
13.704102
14.465176
14.460924
17.071531
16.089365
15.43884
14.788313
14.137786
12.938777
13.597807
13.376713
12.398798
12.186207
11.748272
9.898736
10.987199
11.093493
11.965114
12.509345
11.204041
11.531429
10.987199
12.181956
12.071408
13.049324
12.394546
12.721935
13.155619
13.372462
14.2440815
14.354629
14.02724
13.376713
13.049324
13.483009
13.920944
12.721935
12.611388
13.270417
12.075661
12.836734
11.858818
12.186207
12.075661
11.425134
11.858818
10.226125
10.664061
11.204041
11.531429
12.075661
12.943029
12.943029
11.965114
12.726187
12.071408
12.071408
13.380964
12.943029
12.398798
11.633472
11.748272
10.5535145
10.880902
10.336672
10.447219
11.641976
11.314588
12.292503
12.288251
12.505093
11.416631
12.832482
12.067157
12.61564
11.854567
12.075661
12.619891
11.097745
10.880902
10.664061
8.814526
9.252461
9.146166
8.818777
8.491387
9.039871
9.146166
9.146166
8.601935
9.3630085
8.925072
9.907239
10.336672
11.531429
11.637725
13.266166
14.248333
14.567219
15.11145
14.890355
13.147116
11.850314
11.629221
9.571347
10.230376
8.057704
6.327219
4.269345
-0.39913827
-3.1117904
-6.041285
-8.209705
-4.833772
-3.8601084
-2.0190763
2.8705006
4.4861865
4.915619
6.433514
7.5134726
9.690397
9.9029875
10.991449
12.951532
12.407301
11.2125435
9.907239
9.256713
7.6282716
8.1725025
8.061955
9.473556
8.393597
7.1988387
4.371388
1.6629877
1.0167131
0.14934468
-0.06749742
-0.28859133
0.90616614
1.2293034
1.765031
1.981873
2.6323993
2.3050103
4.1587977
4.265093
3.5082712
0.68507224
0.90616614
-0.18229619
1.8840815
4.8135757
6.0040812
5.0219145
4.6945252
2.8492415
0.46397832
-0.29284313
0.69357586
0.26414344
0.25989163
1.237807
2.1051755
2.640903
5.030418
4.37564
5.026166
4.915619
5.132461
5.353555
5.5703974
3.2914293
2.534608
0.9019143
1.1230083
1.8840815
1.9903767
1.4461455
1.8840815
0.57452524
-0.6159804
-0.8328225
-1.7001909
-3.0012436
-2.4527607
-3.9749072
-3.103287
-4.629685
-2.5633075
-3.1160424
0.14509287
0.68507224
0.35768318
-0.29284313
-0.8370743
-0.7265274
-0.94336945
0.5830289
-0.39913827
0.90616614
0.7956192
0.35768318
1.1230083
1.0124613
-0.4033901
-1.0539163
-1.4833487
-2.4612641
-3.2180855
-2.2359185
-2.0148246
-2.7758977
-3.86436
-4.8422756
-4.302296
-4.957074
-4.089706
-2.6738546
-1.5853921
-2.5633075
-3.3243809
-3.5369713
-5.165413
-6.798106
-6.687559
-6.798106
-5.6033487
-4.8422756
-5.2802114
-4.6254334
-5.27596
-5.820191
-6.2538753
-6.143328
-5.271708
-6.3601704
-6.3601704
-5.815939
-7.1254954
-4.4043393
-3.86436
-4.6254334
-4.5191383
-3.86436
-4.9485707
-5.27596
-4.9485707
-5.050614
-8.094907
-9.617054
-10.157033
-11.904526
-11.258251
-9.736104
-8.762441
-6.589768
-4.2002525
-4.2002525
-4.204505
-3.3286326
-3.4391797
-3.6560218
-1.8022342
-2.3464653
-3.9791589
-3.868612
-6.3686743
-5.824443
-5.0591173
-4.7359805
-3.9749072
-5.27596
-6.143328
-5.815939
-7.010697
-6.3601704
-5.492802
-5.492802
-6.143328
-4.833772
-8.209705
-7.23179
-6.691811
-5.713896
-3.2095819
-5.0633698
-5.1739163
-4.740232
-3.0012436
-2.6738546
-2.8949482
-2.3507173
-3.1117904
-1.8022342
-3.5454748
-3.541223
-3.1075387
-5.824443
-3.9749072
-5.3907585
-4.8465276
-4.0854545
-3.2180855
-3.2180855
-2.5675595
-2.4570124
-2.8906965
-3.9834106
-3.8728638
-3.9834106
-2.023328
-2.1338751
0.043049537
-0.28859133
0.14509287
-0.7265274
-1.5981476
-2.682358
-2.8992002
-2.5718112
-2.7844014
-3.4391797
-3.5454748
-4.089706
-3.6517696
-4.5233903
-2.9969919
-3.6517696
-4.306548
-2.6696026
-3.5454748
-3.5454748
-3.0012436
-1.6959391
-3.1117904
-3.1117904
-3.0054955
-1.262255
-1.8064861
-0.82857066
-1.3728019
0.043049537
-0.28859133
-0.6159804
0.14509287
-0.28859133
-0.18229619
0.7956192
-0.62023216
-0.8370743
0.689324
-0.5096853
-1.0496646
-0.8328225
-0.7265274
-0.39913827
-0.94336945
0.5787771
1.1230083
1.0124613
1.2293034
1.7735345
0.35768318
0.14084108
1.3398503
0.79136735
-0.07600103
1.2335552
-0.4033901
-0.18229619
1.1230083
2.1051755
1.3398503
1.8840815
2.2072186
1.6629877
2.2072186
2.9640403
4.7030287
4.592482
5.136713
4.592482
5.4598503
4.8050723
6.4420176
5.7829876
5.132461
5.2387567
5.6766925
6.2209234
5.243008
4.592482
4.481935
4.154546
4.265093
5.243008
5.132461
6.3314705
5.243008
5.893534
5.3493037
6.5483127
5.7829876
5.893534
5.6724405
5.7829876
6.106125
6.760903
7.305134
7.3008823
7.1945877
7.1988387
8.176754
7.3008823
8.168251
9.36726
10.017787
9.256713
9.256713
8.929324
9.252461
8.274546
10.562017
10.234629
9.686145
10.995702
10.668313
9.252461
10.234629
10.017787
9.473556
9.035619
8.601935
9.911491
9.146166
7.840862
8.278798
8.49564
7.1903353
8.278798
8.712482
9.473556
8.712482
8.712482
8.057704
9.911491
8.818777
9.035619
9.035619
9.690397
9.469303
10.230376
11.429386
10.991449
11.965114
12.292503
12.292503
12.726187
13.704102
13.48726
13.376713
13.704102
13.920944
12.938777
13.704102
14.137786
13.159871
12.943029
12.832482
13.049324
13.053576
13.810397
12.394546
12.943029
13.48726
13.920944
13.920944
13.5935545
13.155619
13.920944
13.916693
13.69985
13.69985
14.137786
14.02724
15.226248
14.354629
14.682017
14.465176
14.57147
13.483009
13.5935545
14.354629
14.460924
15.226248
14.788313
14.133534
15.009407
14.465176
14.2440815
15.443091
15.226248
15.876775
14.2440815
14.354629
15.005156
14.57147
14.57147
15.226248
15.766228
15.115701
14.57147
14.682017
14.02724
13.916693
15.005156
15.221997
15.328293
16.306208
16.416756
15.983071
16.301954
16.306208
17.284122
16.412502
17.279871
17.717808
16.846186
17.279871
17.063028
18.47888
17.611511
18.151491
17.390417
17.390417
17.60726
17.60726
18.151491
18.368332
18.47888
18.26204
18.585176
17.496714
18.912563
19.239954
18.797766
19.346249
19.779932
19.55884
19.779932
19.55884
19.120903
20.647303
20.098818
21.076733
21.842058
21.18728
21.293575
21.948355
21.404123
21.72726
23.4705
22.59888
22.382038
22.377787
22.165195
21.837807
22.05465
22.05465
22.271492
22.922016
22.488333
22.488333
23.032564
22.484081
23.68309
22.705175
22.700924
23.904184
23.899933
23.576796
24.984144
25.745218
25.30728
25.30303
27.803091
27.148312
27.258858
25.736713
25.196733
25.528374
24.22307
24.988394
25.855762
26.50629
26.502037
26.612585
25.413576
24.325113
25.417828
23.13461
23.35145
23.904184
24.010479
24.010479
23.249407
23.359955
22.488333
23.572544
24.771553
24.116776
24.116776
23.249407
24.014732
22.59888
22.165195
21.51467
21.952606
21.84631
21.735764
22.38629
21.735764
22.165195
23.79789
22.815723
22.713678
21.837807
20.974691
20.103071
20.324163
21.085238
21.842058
22.496838
21.842058
22.492586
22.492586
21.948355
21.076733
21.842058
20.103071
20.213617
19.669386
18.802017
19.133657
19.023111
18.585176
19.133657
19.346249
19.996775
19.346249
18.474628
18.47888
17.713554
18.912563
18.589426
18.368332
18.585176
19.129406
19.89048
20.001026
18.474628
18.80627
18.045197
18.483133
19.133657
18.593678
17.832605
17.615763
16.421007
16.416756
16.744143
17.505217
18.26204
18.921068
18.593678
16.31046
16.752647
15.664186
15.336795
15.88528
15.881026
15.553638
16.858942
15.553638
15.987322
14.89886
14.682017
14.792564
15.009407
14.690521
14.907364
14.584226
13.278922
12.407301
12.624144
14.14629
14.473679
14.256837
13.818902
13.495763
13.716857
11.8630705
11.977869
12.734691
11.761026
12.738942
12.5220995
11.544185
12.632647
11.433638
10.23888
11.1105
11.004206
10.353679
10.02629
11.221047
10.566269
11.437889
11.654732
11.221047
11.1105
11.1105
10.893659
11.004206
11.548436
9.809448
10.681068
10.136837
10.570521
9.048374
9.596858
8.185258
6.663111
6.450521
6.561068
6.8842053
6.8842053
7.317889
6.556816
6.8842053
6.8842053
7.2115946
8.406352
7.207342
8.618942
10.464226
11.1105
11.544185
11.544185
12.305258
11.765279
11.437889
11.221047
11.221047
11.004206
11.654732
11.004206
10.999953
10.893659
10.787363
10.676816
9.809448
10.02629
10.247384
9.158921
9.919995
10.459974
10.787363
11.437889
11.765279
10.893659
11.654732
11.004206
11.544185
13.716857
14.039994
14.150541
12.951532
13.823153
12.955785
12.849489
13.1726265
12.628395
13.278922
12.951532
12.845238
12.734691
13.60631
12.084165
12.738942
12.738942
11.977869
12.845238
12.628395
13.283173
12.628395
12.194712
11.65048
12.5220995
13.283173
12.628395
13.389469
14.256837
13.278922
13.823153
13.716857
13.823153
13.385218
14.579974
15.124206
14.907364
14.903111
14.796817
14.473679
15.01791
15.234753
15.013659
15.124206
15.230501
15.664186
13.814649
15.124206
14.907364
14.907364
14.14629
13.60631
13.278922
13.712605
13.278922
12.738942
12.517848
12.517848
13.60631
13.278922
13.062079
12.734691
13.062079
13.60631
13.823153
12.624144
13.278922
13.062079
13.823153
14.690521
14.14629
14.473679
14.363132
14.907364
14.363132
13.929449
13.929449
13.062079
13.1726265
13.60631
13.062079
12.411553
12.738942
12.301006
11.977869
11.539933
11.756775
11.756775
11.2125435
12.301006
12.955785
12.301006
12.628395
11.977869
12.305258
11.323091
12.411553
13.1726265
12.840985
13.168375
13.929449
13.823153
13.495763
13.168375
12.845238
13.389469
13.1726265
13.495763
12.734691
13.712605
12.079912
12.301006
13.057828
12.840985
14.039994
13.1726265
12.190459
12.517848
11.539933
12.5220995
12.084165
11.101996
12.628395
11.756775
11.8630705
11.756775
12.084165
12.955785
12.517848
11.65048
12.194712
12.301006
13.389469
12.951532
11.646228
12.517848
12.734691
12.301006
12.190459
11.756775
12.411553
11.977869
12.305258
11.977869
10.889407
11.1105
10.783112
10.128334
11.1105
10.783112
10.566269
10.566269
10.23888
10.02629
9.915743
9.805196
10.132585
9.482059
10.132585
10.455723
9.911491
10.349427
9.911491
9.911491
9.477807
9.044123
9.805196
10.23888
9.150418
10.566269
9.805196
9.256713
10.128334
9.915743
10.23888
10.0220375
9.911491
10.459974
9.15467
9.698901
9.044123
8.720985
9.809448
9.260964
8.82728
9.698901
9.15467
8.066207
8.94208
9.269468
8.614691
9.052627
7.9641643
7.853617
7.747322
8.2915535
7.419933
7.5304804
7.6410265
6.769407
7.6410265
7.9684157
7.203091
6.769407
6.2251754
6.663111
6.008333
6.6588597
7.4241843
7.5304804
7.5304804
8.185258
5.8977866
6.1188803
7.313638
6.8799534
6.008333
5.902038
5.902038
5.468354
5.140965
5.468354
5.6851964
6.2294273
6.556816
6.1188803
6.556816
6.012585
5.795743
5.6851964
5.030418
7.1010475
5.353555
5.24726
5.357807
5.902038
6.3357224
6.4462695
5.030418
5.251512
4.924123
5.578901
5.3620586
4.490439
5.1452165
5.1452165
4.8178277
3.4019763
5.1452165
4.8178277
5.0346694
5.1452165
5.251512
5.140965
4.924123
6.123132
5.251512
4.2735963
4.6009855
5.1452165
6.123132
5.795743
5.6851964
5.795743
5.251512
5.251512
4.056754
5.038922
4.3841434
4.6009855
4.8220797
4.928375
3.9504592
2.534608
4.3883953
3.8399122
3.078839
4.8220797
4.2735963
4.2735963
4.928375
4.056754
4.928375
4.7115326
4.167301
4.7115326
5.3620586
4.379892
5.251512
5.251512
5.468354
5.468354
4.924123
5.0346694
5.795743
5.90629
5.251512
5.3620586
5.0346694
5.140965
5.578901
5.251512
4.490439
5.3620586
4.8178277
4.3841434
4.3841434
4.2735963
5.2557635
4.056754
4.8178277
4.490439
3.5125234
5.90629
5.795743
5.90629
5.030418
5.468354
5.6851964
4.924123
6.012585
5.251512
5.90629
5.578901
5.791491
6.9905005
5.902038
6.8799534
5.791491
6.9905005
5.791491
6.3357224
6.8799534
7.6410265
6.4420176
6.2251754
6.3314705
7.096796
7.313638
6.5483127
6.6588597
7.419933
7.747322
7.857869
6.769407
6.6588597
7.636775
6.981997
7.419933
7.74307
7.526228
8.176754
7.738818
7.849365
7.74307
9.371511
9.048374
8.176754
7.632523
8.176754
9.048374
9.048374
7.305134
8.720985
9.371511
9.15467
8.176754
9.482059
7.849365
7.305134
9.371511
9.048374
9.044123
7.955661
9.482059
8.716734
8.499891
10.23888
9.800944
10.23888
10.017787
9.911491
10.455723
9.800944
10.783112
9.911491
10.783112
10.128334
9.690397
11.106249
10.128334
9.907239
9.690397
10.45147
9.584103
9.800944
10.6725645
10.128334
10.128334
10.889407
10.6725645
10.345176
10.668313
11.106249
10.345176
10.234629
11.216796
10.783112
10.783112
10.345176
10.889407
11.106249
10.77886
11.101996
11.973618
11.756775
11.973618
11.429386
10.668313
10.995702
10.562017
10.562017
10.999953
10.668313
10.128334
10.889407
11.2125435
10.77886
10.668313
11.323091
10.6725645
10.889407
9.907239
10.45147
11.544185
10.889407
10.668313
11.323091
10.668313
11.429386
12.084165
12.734691
12.301006
11.318839
12.084165
11.756775
10.557766
11.323091
11.973618
11.8630705
11.973618
11.429386
10.774608
11.429386
11.2125435
11.2125435
11.429386
11.101996
10.557766
12.084165
11.429386
12.190459
12.190459
11.318839
11.535681
12.517848
11.8630705
12.079912
11.973618
11.8630705
11.208292
11.973618
11.535681
11.969365
12.734691
11.752523
12.190459
12.513597
11.8630705
12.517848
11.8630705
10.447219
11.429386
11.973618
11.2125435
12.845238
11.973618
11.756775
11.429386
11.101996
10.557766
12.624144
11.314588
13.062079
12.079912
11.641976
11.8630705
12.079912
11.314588
12.624144
12.951532
11.752523
12.513597
11.646228
10.991449
10.774608
11.323091
11.101996
11.429386
11.429386
11.8630705
11.8630705
10.995702
10.664061
12.079912
11.318839
11.318839
11.535681
11.756775
11.973618
10.880902
10.557766
11.539933
10.668313
10.017787
10.345176
10.889407
10.234629
10.566269
10.6725645
9.907239
10.783112
10.6725645
10.345176
10.77886
10.999953
11.323091
11.539933
10.340923
11.106249
10.995702
10.234629
10.783112
9.146166
10.017787
10.455723
8.8230295
9.473556
10.23888
9.800944
9.260964
9.588354
8.606187
8.066207
9.15467
9.260964
8.606187
9.260964
8.716734
8.8230295
9.371511
9.477807
9.911491
9.69465
9.69465
8.49564
8.933577
9.36726
9.588354
9.477807
9.36726
8.606187
9.477807
8.389345
8.28305
9.698901
8.937827
7.415681
8.720985
8.287301
8.28305
8.070459
9.048374
8.28305
7.74307
7.74307
8.397848
6.87145
7.526228
7.9599123
7.738818
7.632523
7.521976
7.955661
7.849365
9.15467
8.82728
8.499891
7.849365
9.044123
8.1725025
7.6282716
7.9599123
8.28305
7.1988387
8.614691
8.287301
8.176754
7.632523
8.614691
8.393597
7.9599123
7.74307
8.070459
7.632523
6.87145
8.287301
8.937827
6.9777446
8.610438
8.499891
8.393597
8.610438
9.69465
8.278798
9.15467
8.393597
9.15467
7.74307
7.1988387
8.614691
7.849365
7.1988387
8.176754
8.066207
7.849365
9.048374
8.066207
8.070459
8.614691
8.82728
8.176754
8.720985
8.389345
9.044123
9.911491
9.588354
9.805196
9.044123
8.28305
8.610438
8.499891
9.048374
8.716734
9.371511
8.82728
8.716734
8.389345
8.389345
9.800944
8.278798
9.805196
10.0220375
9.584103
8.933577
10.566269
10.783112
9.256713
8.929324
10.128334
9.256713
9.473556
9.256713
9.473556
9.69465
9.150418
8.8230295
10.132585
10.23888
9.911491
9.584103
9.69465
10.128334
10.128334
10.128334
9.584103
10.23888
9.584103
9.805196
10.6725645
9.584103
9.911491
9.800944
9.146166
10.345176
10.0220375
10.234629
10.455723
9.911491
10.23888
10.23888
9.805196
9.805196
9.477807
9.477807
10.0220375
9.477807
8.716734
10.455723
10.23888
10.349427
10.0220375
8.716734
8.28305
9.69465
9.911491
9.911491
9.584103
9.584103
9.039871
9.256713
10.128334
9.584103
10.017787
10.017787
9.584103
9.3630085
10.566269
10.234629
9.800944
10.455723
9.36726
10.017787
10.455723
10.340923
10.234629
9.69465
9.36726
9.584103
10.23888
9.690397
10.455723
10.995702
9.800944
9.473556
10.783112
10.45147
10.017787
10.455723
10.128334
9.800944
10.128334
11.216796
10.45147
10.017787
10.562017
9.800944
10.995702
10.885155
10.668313
10.562017
9.690397
10.995702
9.800944
10.128334
10.889407
9.584103
9.800944
10.889407
10.128334
9.907239
9.690397
10.345176
9.584103
10.562017
10.562017
9.911491
10.128334
9.907239
9.907239
9.584103
10.999953
10.0220375
9.035619
10.783112
10.6725645
9.911491
10.345176
9.150418
9.911491
10.0220375
8.606187
10.132585
9.805196
9.15467
8.720985
8.82728
7.521976
8.937827
8.393597
7.521976
8.176754
8.393597
7.632523
9.048374
8.720985
7.9599123
7.1945877
7.849365
7.0882916
7.521976
7.521976
7.849365
7.849365
9.158921
8.720985
7.632523
8.393597
7.1945877
7.4114294
7.415681
7.305134
7.305134
6.9777446
7.74307
7.415681
7.1988387
6.654608
6.110377
8.181006
6.654608
6.5483127
7.1988387
6.986249
7.636775
6.110377
8.181006
7.74307
8.176754
6.654608
6.9777446
6.110377
7.305134
6.327219
8.287301
7.632523
7.1988387
7.632523
7.632523
7.738818
7.849365
8.28305
7.1988387
7.74307
7.9599123
7.092544
7.0882916
7.1988387
6.760903
6.981997
8.176754
8.610438
8.28305
7.4114294
9.15467
8.716734
8.1725025
8.389345
8.610438
8.82728
7.521976
9.260964
8.28305
7.738818
8.499891
8.937827
7.3008823
7.0882916
7.0882916
8.397848
6.760903
7.74307
6.981997
7.309386
6.544061
5.893534
7.526228
6.6503563
6.216672
8.397848
6.654608
7.0882916
5.99983
7.636775
7.1988387
6.981997
6.87145
5.6766925
5.893534
6.6588597
6.765155
7.092544
6.875702
5.4598503
6.6588597
6.765155
7.419933
6.765155
6.875702
6.0040812
5.893534
6.6588597
5.7872396
6.3314705
5.243008
5.7872396
6.114629
5.6809444
6.2251754
4.8093243
5.8977866
5.353555
6.3314705
5.243008
6.2251754
5.136713
7.203091
6.769407
5.7872396
5.353555
7.313638
6.3314705
6.3314705
7.092544
6.0040812
5.6809444
5.243008
7.313638
6.6588597
6.2209234
6.875702
7.092544
5.4598503
6.875702
6.3314705
8.074712
7.526228
6.5483127
7.419933
6.6588597
5.893534
6.3314705
6.5483127
6.4420176
6.114629
6.2251754
4.9198713
5.574649
5.251512
4.8135757
4.0482507
5.357807
5.030418
5.6809444
6.986249
5.4598503
4.9198713
5.357807
5.3620586
4.5967336
5.468354
6.008333
5.5703974
7.203091
7.526228
7.1988387
5.6766925
6.0040812
6.9777446
7.526228
7.203091
6.008333
4.592482
4.2735963
3.2956812
2.8577452
4.924123
5.136713
5.893534
5.4598503
5.353555
5.7872396
4.698777
6.4462695
6.2251754
4.0482507
5.468354
5.574649
4.5967336
6.986249
6.5483127
5.6766925
6.981997
7.0840406
7.1945877
7.955661
6.9777446
6.3314705
6.0040812
4.9198713
4.924123
6.008333
5.24726
6.008333
6.0040812
7.636775
6.875702
6.654608
5.2387567
5.7872396
6.4420176
7.092544
6.114629
6.3314705
5.24726
6.008333
5.353555
6.4420176
6.875702
5.6766925
5.132461
6.2209234
6.5483127
6.3314705
6.87145
8.070459
7.305134
7.521976
8.066207
7.6282716
6.6503563
7.092544
7.415681
6.110377
6.0040812
5.7872396
6.0040812
6.6588597
6.0040812
6.0040812
7.636775
6.760903
6.539809
8.176754
7.521976
6.544061
6.6588597
6.2209234
6.544061
8.720985
8.82728
9.044123
7.8451138
8.061955
8.8230295
8.1725025
8.1725025
8.066207
8.937827
8.28305
7.849365
7.632523
8.937827
8.061955
7.8451138
8.933577
9.36726
8.8230295
7.6282716
9.36726
8.606187
8.8230295
8.499891
9.150418
8.82728
9.260964
8.49564
8.606187
8.8230295
9.477807
8.712482
8.274546
9.584103
9.473556
8.601935
9.690397
9.584103
8.712482
10.345176
9.800944
10.128334
9.911491
9.584103
9.473556
9.907239
10.124082
9.358756
10.885155
10.119829
9.792441
10.119829
11.425134
11.420882
13.491511
13.159871
12.726187
12.403049
12.730438
11.641976
11.8630705
12.190459
10.124082
7.951409
5.0219145
2.7386947
2.8492415
5.6766925
10.128334
11.756775
10.557766
10.128334
9.796692
11.429386
14.68627
15.553638
16.089365
15.005156
12.173452
11.408127
11.195537
10.111326
11.965114
11.535681
9.911491
8.933577
6.216672
5.5703974
6.654608
10.017787
10.128334
12.084165
11.527178
10.336672
12.730438
11.752523
11.858818
10.991449
11.101996
10.5535145
11.748272
13.920944
13.483009
13.049324
13.704102
12.832482
13.159871
12.177704
12.61564
12.947281
10.880902
9.24821
9.907239
8.818777
9.035619
10.013535
10.557766
10.5535145
12.186207
12.181956
13.376713
12.288251
12.505093
13.376713
13.916693
13.045072
14.02724
13.483009
13.48726
12.943029
13.704102
11.420882
11.858818
13.708355
11.420882
11.425134
12.947281
12.398798
12.071408
11.527178
10.549262
11.965114
11.748272
12.509345
13.270417
12.730438
11.420882
12.403049
12.186207
11.965114
13.053576
11.641976
11.204041
10.119829
10.119829
10.664061
10.45147
9.57985
9.3630085
10.999953
9.57985
10.340923
10.557766
11.973618
10.880902
10.770356
11.097745
11.425134
11.208292
11.646228
9.686145
9.146166
9.473556
9.146166
9.256713
9.69465
10.234629
9.800944
9.256713
9.039871
9.473556
9.584103
8.929324
8.712482
7.738818
7.3008823
7.955661
8.066207
7.632523
7.415681
7.4114294
8.933577
7.8451138
8.8230295
7.3008823
7.4114294
8.061955
7.4114294
8.716734
8.716734
7.8451138
7.521976
7.415681
7.738818
7.4114294
7.0882916
7.1945877
7.0882916
5.5661454
5.6766925
6.5483127
5.99983
5.7829876
6.981997
6.4377656
6.110377
7.74307
7.1988387
6.981997
6.544061
6.765155
7.305134
7.849365
8.066207
9.584103
8.606187
7.6282716
7.521976
8.1725025
7.5177245
8.393597
8.499891
6.760903
6.4377656
6.5483127
6.654608
5.99983
7.1945877
8.393597
7.849365
6.2209234
6.981997
6.760903
6.327219
8.181006
6.327219
5.4598503
6.875702
6.3314705
5.6766925
7.853617
7.526228
7.092544
6.2209234
5.7829876
7.309386
5.893534
6.3314705
6.769407
5.8977866
4.1587977
5.357807
6.2251754
6.114629
6.663111
5.357807
3.9419558
5.357807
5.357807
5.464102
4.7030287
4.37564
4.8135757
4.379892
5.140965
5.791491
5.6809444
4.8135757
4.8135757
4.4861865
5.353555
5.791491
5.464102
5.7872396
6.3357224
4.8093243
4.37564
6.008333
5.7872396
6.2251754
5.8977866
5.6809444
5.7872396
5.243008
5.5703974
6.5483127
6.2209234
6.4420176
7.203091
5.5703974
6.114629
6.3314705
7.092544
5.6766925
6.5483127
6.765155
7.203091
7.853617
6.5483127
7.526228
7.0882916
7.747322
6.981997
7.203091
7.309386
6.4377656
7.1988387
6.87145
7.092544
8.176754
8.176754
7.632523
9.044123
8.610438
7.955661
9.15467
9.477807
8.818777
9.584103
9.584103
8.061955
9.800944
9.69465
10.128334
10.234629
9.36726
9.36726
8.278798
9.150418
8.606187
9.371511
9.039871
9.150418
9.150418
9.256713
9.911491
10.345176
9.800944
9.800944
10.889407
9.473556
9.473556
9.584103
10.345176
10.124082
10.128334
10.017787
11.2125435
10.562017
10.230376
10.45147
10.23888
9.907239
9.800944
9.69465
9.690397
10.77886
10.995702
11.318839
11.318839
12.403049
12.619891
13.814649
12.726187
13.925196
12.181956
11.535681
11.535681
10.447219
11.8630705
11.969365
13.168375
12.296754
12.403049
11.858818
12.726187
13.164123
12.619891
13.164123
12.186207
11.969365
11.969365
13.053576
13.270417
13.814649
13.053576
12.943029
13.5935545
13.270417
13.920944
14.248333
13.597807
13.708355
12.403049
13.48726
13.925196
14.248333
14.031491
13.049324
14.031491
13.810397
14.137786
13.925196
13.049324
13.053576
13.814649
13.270417
13.814649
13.5935545
13.920944
14.248333
13.810397
14.465176
13.810397
14.248333
14.465176
14.031491
14.465176
13.920944
13.704102
13.810397
14.465176
14.792564
14.137786
14.792564
13.48726
14.137786
13.5935545
13.48726
13.925196
12.832482
12.726187
12.947281
13.597807
12.832482
13.597807
13.376713
13.270417
13.049324
13.159871
14.682017
13.916693
12.938777
13.48726
13.810397
13.810397
14.89886
13.5935545
13.483009
14.248333
13.049324
13.704102
13.380964
13.049324
12.181956
13.597807
12.943029
12.730438
12.726187
13.159871
12.836734
12.836734
13.053576
12.836734
13.483009
14.575723
14.137786
13.266166
13.48726
12.832482
13.270417
13.814649
14.031491
13.376713
13.48726
12.509345
12.075661
11.420882
13.380964
12.836734
11.854567
11.748272
12.075661
12.403049
12.836734
12.619891
12.730438
12.943029
12.509345
13.380964
13.704102
12.938777
13.5935545
13.920944
12.832482
12.836734
12.292503
12.509345
12.513597
12.292503
12.513597
12.513597
11.531429
11.752523
11.965114
12.075661
12.513597
11.969365
12.403049
10.991449
11.535681
11.208292
10.557766
11.756775
11.429386
9.907239
10.017787
10.45147
10.013535
10.45147
10.77886
10.885155
9.252461
10.013535
11.318839
11.323091
11.101996
9.796692
9.3630085
9.035619
9.252461
10.562017
10.995702
9.907239
10.128334
9.256713
9.256713
9.907239
10.234629
10.234629
9.473556
9.690397
9.473556
9.3630085
9.584103
9.584103
9.690397
9.473556
9.256713
9.690397
10.234629
10.017787
9.3630085
9.473556
8.601935
8.601935
11.216796
9.796692
9.800944
9.584103
9.473556
9.69465
9.3630085
9.256713
10.23888
9.800944
9.911491
8.929324
9.584103
10.017787
10.77886
9.146166
9.469303
9.800944
9.3630085
8.818777
10.234629
9.686145
10.345176
11.323091
8.601935
10.345176
9.686145
9.686145
10.017787
10.017787
9.796692
9.800944
9.3630085
10.128334
9.907239
10.017787
10.345176
9.035619
9.907239
10.345176
10.668313
11.101996
11.323091
10.340923
9.3630085
10.562017
9.256713
9.907239
10.0220375
9.690397
8.818777
9.256713
10.017787
8.70823
10.999953
10.557766
10.124082
10.234629
10.124082
10.013535
10.889407
11.323091
10.45147
10.77886
11.429386
10.124082
11.646228
10.664061
10.557766
11.101996
9.252461
10.234629
9.252461
10.234629
10.562017
9.3630085
10.45147
8.818777
10.885155
9.57985
10.889407
10.77886
10.128334
9.69465
10.017787
9.57985
9.039871
10.345176
10.128334
9.039871
9.911491
10.562017
9.907239
10.557766
10.017787
9.57985
9.146166
9.907239
9.57985
9.800944
10.234629
10.340923
9.690397
9.796692
10.995702
10.119829
10.013535
10.557766
10.230376
10.124082
10.017787
10.668313
9.686145
10.668313
10.013535
10.447219
10.340923
10.991449
11.531429
10.664061
11.2125435
10.336672
11.101996
10.885155
11.2125435
10.124082
10.013535
9.796692
9.252461
11.2125435
10.991449
10.124082
10.557766
10.557766
10.009283
10.557766
10.774608
11.208292
11.646228
10.664061
10.009283
11.535681
11.208292
10.987199
10.770356
10.664061
11.208292
10.013535
10.447219
10.013535
9.9029875
11.429386
10.447219
11.425134
10.880902
11.969365
11.965114
12.292503
11.965114
12.071408
11.748272
12.836734
11.854567
11.748272
12.619891
11.748272
11.748272
12.947281
12.832482
11.965114
13.053576
12.071408
12.292503
11.425134
12.075661
11.097745
11.752523
11.097745
11.425134
12.296754
11.858818
12.619891
12.292503
12.398798
11.637725
12.075661
13.164123
12.509345
11.858818
11.858818
11.748272
11.858818
12.947281
12.403049
12.730438
11.531429
11.531429
10.880902
11.318839
10.880902
11.318839
10.230376
11.101996
10.774608
10.5535145
11.535681
12.513597
11.531429
10.009283
10.336672
11.208292
11.425134
11.531429
11.535681
10.880902
11.208292
10.880902
10.230376
11.535681
10.774608
10.230376
10.557766
10.447219
9.792441
11.101996
10.5535145
10.774608
11.752523
11.318839
11.425134
10.119829
11.318839
10.991449
11.425134
10.557766
10.991449
11.973618
11.208292
10.119829
11.429386
10.991449
10.664061
10.336672
11.646228
10.885155
11.101996
10.447219
10.664061
10.447219
11.101996
11.646228
10.991449
10.013535
10.45147
9.907239
10.562017
10.77886
10.562017
10.45147
9.256713
9.3630085
10.124082
10.995702
10.013535
10.562017
10.455723
9.57985
9.473556
9.252461
9.690397
9.584103
9.473556
8.274546
9.039871
10.017787
9.473556
9.800944
9.473556
8.49564
9.36726
8.933577
10.0220375
9.69465
9.36726
7.8451138
8.933577
9.36726
10.0220375
8.929324
8.8230295
9.911491
8.385093
8.49564
9.039871
8.8230295
9.473556
9.039871
8.601935
7.8451138
9.150418
8.499891
8.606187
7.6282716
8.061955
8.610438
7.305134
7.849365
7.1945877
8.937827
7.955661
8.499891
7.3008823
8.933577
7.5177245
7.8451138
8.716734
8.82728
8.8230295
7.9599123
7.738818
7.521976
8.393597
8.82728
8.504144
7.955661
7.0882916
7.0882916
7.9599123
8.066207
8.176754
7.0882916
7.0882916
6.110377
7.415681
7.1988387
8.28305
7.849365
7.738818
7.521976
8.176754
7.0882916
6.87145
7.521976
7.849365
7.853617
6.875702
7.521976
6.87145
7.415681
7.305134
7.092544
6.87145
7.632523
7.74307
8.720985
8.28305
7.526228
7.521976
7.9599123
7.74307
7.0882916
8.8315325
7.521976
7.1945877
8.176754
7.849365
7.305134
7.9599123
8.937827
7.74307
7.74307
6.216672
6.2209234
7.309386
8.176754
6.9777446
7.1988387
7.738818
6.654608
8.610438
9.044123
9.150418
9.039871
8.933577
9.150418
8.8230295
10.0220375
8.606187
10.566269
9.473556
8.278798
9.36726
10.128334
9.584103
10.0220375
8.8230295
9.256713
8.712482
9.36726
9.800944
10.128334
11.1105
10.345176
10.345176
10.23888
9.800944
10.562017
11.216796
10.562017
10.234629
10.562017
11.977869
10.128334
10.77886
11.2125435
11.323091
10.889407
11.539933
11.539933
11.323091
11.323091
10.340923
11.973618
11.973618
10.991449
11.433638
11.101996
10.557766
12.411553
12.301006
11.646228
11.101996
11.867322
11.539933
12.517848
11.756775
12.624144
12.190459
11.101996
11.318839
12.840985
12.734691
12.517848
12.840985
12.296754
12.624144
12.513597
13.168375
13.491511
14.469427
14.252585
13.708355
13.708355
12.624144
13.495763
13.602058
12.296754
12.951532
13.274671
11.535681
12.513597
12.407301
12.407301
12.292503
13.491511
12.624144
13.385218
13.053576
13.712605
13.708355
13.278922
13.597807
13.164123
14.14629
14.142038
13.925196
14.579974
13.925196
14.252585
14.363132
13.597807
14.363132
13.925196
14.903111
14.469427
14.796817
14.35888
14.142038
14.575723
14.248333
14.792564
13.380964
14.035743
13.818902
13.708355
14.469427
14.792564
14.137786
15.991573
15.009407
15.119954
14.682017
15.447342
14.68627
14.792564
14.469427
15.013659
14.248333
13.920944
15.336795
15.226248
15.447342
15.881026
15.553638
15.336795
15.664186
14.89886
15.336795
14.903111
14.89886
15.774733
14.137786
14.465176
15.119954
14.575723
14.031491
14.903111
13.814649
13.491511
13.491511
13.274671
12.845238
12.734691
13.385218
14.039994
13.274671
14.469427
13.925196
15.013659
14.363132
14.796817
14.248333
15.664186
15.447342
15.009407
16.425257
16.31471
15.881026
14.89886
15.553638
14.682017
13.814649
14.363132
14.469427
14.690521
13.278922
12.624144
11.973618
11.867322
11.106249
13.062079
11.969365
13.168375
12.951532
11.641976
12.190459
13.929449
13.925196
14.035743
14.035743
14.363132
15.119954
14.903111
14.903111
15.557889
15.336795
14.579974
13.708355
14.367384
13.712605
13.708355
15.234753
14.363132
13.491511
13.929449
13.164123
14.035743
14.575723
14.363132
13.818902
12.517848
12.411553
13.057828
13.495763
12.624144
13.1726265
12.955785
12.411553
12.517848
13.168375
13.389469
13.062079
13.062079
12.301006
11.646228
11.867322
12.407301
13.278922
13.708355
14.579974
14.252585
14.142038
13.708355
14.68627
13.925196
14.473679
12.951532
11.973618
11.106249
11.761026
11.65048
11.323091
11.761026
11.323091
10.77886
12.738942
11.977869
11.867322
11.429386
12.628395
12.411553
12.845238
13.712605
13.168375
14.473679
13.712605
12.734691
12.517848
12.734691
12.194712
11.977869
11.323091
11.221047
10.893659
10.345176
11.871573
11.327342
11.867322
12.305258
11.539933
11.977869
12.084165
11.65048
12.415805
12.411553
11.761026
12.084165
11.756775
12.411553
11.977869
11.977869
10.668313
12.305258
11.65048
11.106249
11.544185
11.544185
11.216796
11.977869
12.5220995
11.761026
10.995702
11.323091
12.411553
12.407301
12.628395
12.628395
11.756775
11.761026
12.084165
11.977869
11.761026
12.628395
13.1726265
11.8630705
12.955785
12.407301
13.057828
14.039994
13.602058
13.168375
12.513597
12.517848
11.327342
11.327342
11.216796
10.566269
11.1105
10.243132
9.809448
7.096796
6.663111
6.4462695
6.9905005
7.4241843
8.8315325
10.349427
11.871573
11.65048
10.345176
12.088415
13.495763
15.664186
16.208416
16.858942
15.226248
14.57147
14.2440815
13.48726
12.296754
10.995702
9.150418
8.181006
6.9905005
5.140965
4.0525026
5.357807
8.185258
8.397848
8.614691
9.592606
10.459974
11.437889
12.194712
12.084165
13.278922
13.823153
13.712605
13.929449
14.142038
14.903111
14.35888
13.057828
11.8630705
11.2125435
11.433638
10.234629
10.455723
9.809448
9.265217
6.981997
8.2915535
8.287301
8.720985
8.610438
8.504144
8.070459
7.1988387
8.504144
10.132585
9.588354
10.455723
10.6725645
11.867322
11.429386
12.738942
12.301006
12.301006
11.756775
11.977869
11.973618
11.977869
11.867322
11.433638
11.544185
11.756775
11.761026
11.761026
10.562017
10.787363
10.783112
10.455723
11.437889
10.128334
10.0220375
10.23888
9.911491
11.871573
10.345176
10.23888
11.548436
10.6725645
10.455723
10.999953
11.327342
9.584103
10.6725645
10.455723
10.783112
11.1105
11.1105
11.544185
10.6725645
10.566269
10.017787
11.221047
11.106249
10.783112
10.345176
11.437889
10.455723
10.455723
11.1105
11.1105
10.893659
9.805196
10.676816
11.1105
10.459974
10.243132
9.915743
9.698901
9.048374
8.614691
9.375764
9.265217
9.703153
9.486311
9.809448
8.8315325
8.82728
10.02629
9.805196
9.044123
10.132585
9.915743
10.787363
10.6725645
10.566269
11.327342
10.243132
9.260964
10.02629
10.02629
9.588354
9.477807
9.805196
10.459974
9.477807
10.0220375
10.132585
9.260964
10.353679
7.738818
9.592606
9.703153
8.8315325
10.136837
9.809448
9.265217
9.915743
10.136837
9.915743
9.265217
10.02629
9.588354
9.265217
9.048374
8.287301
8.94208
8.937827
8.393597
8.94208
9.703153
8.287301
8.8315325
9.048374
9.265217
8.94208
9.158921
7.9641643
9.158921
9.486311
8.504144
8.725238
8.725238
8.8315325
7.74307
8.725238
7.9599123
8.074712
7.309386
8.508395
8.397848
8.508395
8.181006
8.725238
7.853617
8.070459
8.070459
8.8315325
8.287301
8.94208
7.0882916
7.853617
8.397848
7.419933
7.9641643
7.309386
7.092544
8.508395
7.203091
7.4241843
8.295805
6.4420176
6.4420176
7.857869
7.096796
7.747322
8.074712
8.725238
6.981997
8.181006
8.94208
7.309386
8.397848
8.94208
8.181006
9.269468
8.614691
7.526228
7.853617
8.397848
7.747322
7.5304804
7.313638
6.986249
7.096796
7.313638
6.8799534
6.769407
7.096796
7.5304804
8.2915535
6.986249
7.4241843
6.986249
6.2251754
7.4241843
8.185258
7.313638
7.6410265
8.185258
7.9684157
7.096796
7.096796
7.7515736
7.4241843
6.769407
6.663111
7.207342
7.4241843
7.4241843
7.4241843
8.512647
7.5304804
7.5304804
7.9684157
7.857869
6.3314705
8.074712
7.747322
7.747322
7.5304804
7.203091
7.313638
6.986249
7.6410265
6.986249
7.313638
6.8799534
6.5525646
6.769407
6.4420176
7.7515736
7.6410265
6.8799534
6.8799534
7.5347314
6.8799534
7.317889
7.207342
6.5525646
7.857869
7.9684157
7.6410265
7.6410265
8.074712
7.313638
7.6410265
6.986249
6.3357224
7.9684157
6.8799534
6.8799534
7.4241843
6.769407
6.2294273
7.7515736
7.096796
7.317889
7.207342
6.012585
6.1188803
6.7736583
6.9905005
6.1188803
6.2251754
6.3357224
6.663111
6.7736583
5.902038
6.1188803
6.8799534
6.9905005
6.7736583
7.4284363
6.1188803
6.663111
6.7736583
7.207342
6.2294273
7.317889
7.207342
6.339974
7.7515736
6.1188803
6.663111
6.769407
7.1010475
6.8842053
5.6851964
6.2336793
6.2336793
5.578901
5.1452165
5.3620586
6.123132
5.1452165
5.90629
5.90629
5.4726057
5.038922
5.4726057
5.689448
5.2557635
6.123132
5.90629
5.578901
6.667363
6.7736583
6.2294273
6.9905005
6.1188803
5.357807
6.556816
6.339974
5.6851964
5.795743
6.7736583
6.556816
5.574649
6.9905005
6.4462695
5.902038
6.012585
6.4462695
6.7736583
6.339974
6.339974
5.6851964
5.578901
5.6851964
6.2294273
6.450521
5.689448
6.339974
5.251512
4.490439
6.016837
4.8178277
5.795743
6.2294273
6.123132
6.556816
6.663111
6.663111
7.207342
6.7736583
7.7515736
6.8799534
7.9684157
6.7736583
6.663111
7.1010475
6.9905005
6.4462695
6.012585
6.4462695
6.556816
6.450521
5.4726057
5.90629
5.795743
5.6851964
5.902038
6.663111
7.5347314
6.9905005
7.4241843
7.096796
7.6410265
6.5525646
7.7515736
7.6410265
6.5525646
7.207342
7.313638
7.9684157
7.857869
7.4241843
5.574649
6.4462695
7.1010475
6.1188803
5.6851964
7.1010475
6.1188803
6.012585
6.556816
6.2294273
5.6851964
6.2294273
6.4462695
6.4462695
6.9905005
7.4241843
7.096796
7.9684157
7.6410265
6.3357224
7.4241843
7.9684157
7.207342
6.3357224
7.5347314
7.7515736
7.096796
7.4241843
7.857869
6.2251754
7.4241843
7.096796
6.663111
6.769407
7.317889
7.4241843
6.9905005
6.5525646
6.3357224
5.902038
7.317889
7.5347314
6.3357224
7.207342
6.663111
6.663111
7.7515736
7.6410265
7.6410265
8.185258
8.512647
7.6410265
8.185258
7.207342
6.769407
8.4021
7.9684157
7.203091
7.747322
7.207342
7.5304804
7.313638
8.185258
6.4420176
7.7515736
7.6410265
7.096796
7.857869
7.313638
7.5304804
7.857869
6.986249
7.096796
7.5304804
7.636775
7.9684157
8.074712
8.725238
8.185258
8.2915535
8.618942
7.857869
7.203091
7.9641643
8.074712
7.747322
7.203091
8.185258
7.747322
8.2915535
8.618942
7.419933
8.181006
8.397848
8.614691
9.269468
8.397848
7.526228
8.835785
8.074712
7.5304804
7.5304804
8.835785
7.203091
7.6410265
7.5304804
7.4241843
7.857869
7.857869
6.769407
7.7515736
7.313638
6.875702
7.313638
8.074712
7.5304804
7.313638
8.181006
7.203091
8.835785
8.397848
8.397848
8.614691
7.9599123
9.375764
9.052627
8.725238
8.618942
9.052627
7.526228
7.9641643
8.725238
7.4241843
8.181006
7.313638
8.2915535
6.4420176
8.4021
7.9641643
8.181006
9.269468
9.158921
8.070459
8.070459
9.269468
8.8315325
9.048374
8.504144
9.048374
8.725238
9.158921
8.504144
8.070459
9.375764
8.94208
7.747322
8.397848
7.526228
7.74307
7.9641643
8.835785
7.747322
8.181006
8.618942
8.835785
8.8315325
7.74307
9.052627
8.94208
8.070459
8.181006
8.94208
8.287301
7.9641643
8.835785
7.857869
7.5304804
7.857869
8.618942
7.309386
7.9684157
7.5304804
6.4420176
7.5304804
7.5304804
8.618942
6.986249
7.6410265
6.986249
6.986249
8.618942
7.5304804
7.636775
9.052627
8.074712
7.5304804
8.074712
8.2915535
7.203091
7.747322
7.5304804
7.096796
7.6410265
6.875702
6.875702
7.5304804
7.636775
7.203091
8.512647
6.5525646
7.5304804
7.9684157
6.769407
6.8799534
7.4241843
7.313638
7.207342
7.096796
6.5525646
7.4241843
6.5525646
7.096796
7.9684157
6.5525646
7.4241843
7.096796
6.986249
6.986249
7.747322
7.857869
6.769407
6.986249
7.096796
6.986249
7.5347314
7.6410265
7.6410265
7.207342
7.5347314
7.4241843
7.6410265
6.8799534
6.8799534
6.556816
6.8799534
6.3357224
6.663111
6.2251754
7.5347314
7.4241843
6.8799534
7.6410265
7.313638
6.769407
7.857869
7.096796
7.313638
6.6588597
7.747322
6.769407
8.295805
7.5304804
7.7515736
7.7515736
6.8799534
6.1188803
6.9905005
6.3357224
6.556816
6.123132
6.2294273
5.578901
6.7736583
5.6851964
6.339974
7.317889
6.4462695
6.4462695
7.207342
7.096796
6.1188803
7.7515736
6.8799534
6.663111
6.339974
5.6851964
6.339974
6.450521
5.251512
5.578901
5.4726057
5.689448
5.251512
4.6009855
5.3620586
5.3620586
5.0346694
5.4726057
5.1452165
4.7072806
4.8178277
5.468354
5.3620586
5.4726057
5.2557635
4.4946904
5.2557635
4.928375
4.4946904
3.9504592
5.038922
4.928375
3.9504592
4.928375
5.2557635
4.928375
4.7115326
4.6009855
4.2735963
4.605237
4.4946904
4.167301
5.1452165
5.2557635
4.928375
4.2778482
5.038922
5.038922
3.62307
3.5167751
5.1494684
5.4726057
3.7336173
5.1494684
4.928375
4.3841434
5.038922
5.2557635
5.3620586
5.038922
5.3620586
4.1630497
5.2557635
5.3620586
5.251512
4.056754
5.4726057
5.795743
4.8178277
4.6009855
4.928375
5.2557635
4.7115326
5.799995
5.1452165
4.3841434
4.928375
4.928375
4.2735963
5.3663106
4.6009855
5.3620586
4.4946904
5.4726057
5.578901
5.90629
5.90629
5.795743
5.0346694
5.578901
5.689448
5.90629
4.8178277
4.4946904
5.583153
4.056754
5.038922
4.3841434
4.928375
4.928375
4.3841434
5.799995
4.6009855
4.6009855
5.4726057
4.7072806
5.0346694
4.490439
3.9462075
5.689448
5.90629
5.3620586
5.1452165
5.3620586
5.3620586
5.0346694
5.1452165
5.1452165
4.3841434
4.8178277
4.056754
3.62307
5.038922
4.3841434
3.8399122
4.7115326
5.2557635
4.3841434
4.2778482
4.7115326
4.4946904
5.3620586
3.8399122
5.3663106
4.167301
3.9504592
3.2956812
4.4946904
4.7115326
3.62307
4.7115326
4.056754
4.3841434
4.2778482
3.62307
4.3841434
5.1494684
4.4946904
3.5125234
5.038922
4.167301
4.056754
4.4946904
5.038922
4.928375
3.9504592
4.8220797
5.799995
5.3620586
4.056754
4.8220797
5.9105415
4.2735963
5.4726057
4.928375
6.2336793
5.689448
4.6009855
5.689448
4.3841434
4.3841434
4.7115326
5.795743
5.251512
4.8178277
6.2336793
5.0346694
4.1630497
5.3620586
5.578901
4.2735963
4.928375
5.038922
4.3841434
4.1630497
5.4726057
5.468354
4.8178277
5.90629
4.3841434
4.2735963
5.251512
5.0346694
4.490439
5.3620586
4.924123
4.7072806
5.251512
5.6851964
4.924123
5.902038
6.012585
6.339974
5.578901
4.8135757
5.795743
5.6851964
6.012585
6.7736583
6.008333
5.902038
6.8799534
6.8799534
6.663111
6.2251754
5.6851964
6.1188803
6.3357224
6.4462695
6.8799534
5.24726
5.464102
6.3357224
6.5525646
5.791491
6.5525646
5.574649
6.4462695
6.556816
5.902038
7.313638
6.3357224
6.769407
7.096796
6.8799534
6.769407
7.4241843
6.875702
7.096796
6.4420176
6.4420176
7.6410265
7.5304804
6.875702
7.4241843
7.313638
6.2251754
6.5525646
6.875702
6.4420176
5.8977866
6.769407
6.4420176
7.419933
6.4420176
8.074712
6.114629
6.4420176
6.5483127
6.986249
6.765155
6.875702
7.747322
7.747322
7.857869
7.5304804
7.747322
6.875702
6.2209234
6.986249
7.5304804
6.986249
7.6410265
7.309386
6.5483127
7.747322
7.309386
8.2915535
7.9641643
7.853617
6.981997
7.5304804
7.853617
7.526228
8.181006
7.636775
7.092544
7.853617
7.419933
8.397848
8.393597
7.853617
7.74307
7.632523
7.526228
9.158921
8.610438
7.849365
7.9599123
7.849365
8.066207
8.1725025
8.393597
8.82728
8.499891
9.265217
8.610438
7.521976
8.8315325
7.9599123
8.8315325
7.9599123
8.504144
7.526228
8.287301
8.287301
7.849365
7.526228
7.849365
7.74307
8.287301
7.9599123
8.393597
9.048374
8.504144
9.265217
8.720985
9.375764
8.393597
8.393597
7.9599123
7.9599123
8.181006
8.397848
6.5483127
8.508395
8.2915535
7.309386
7.747322
6.765155
6.2209234
8.2915535
8.070459
7.9599123
5.99983
6.760903
7.636775
7.309386
8.508395
6.87145
8.8315325
8.720985
8.720985
7.632523
9.048374
8.82728
7.9599123
8.176754
7.853617
8.8315325
6.981997
8.614691
7.526228
7.415681
7.74307
7.9599123
7.632523
7.9599123
7.521976
7.0882916
8.94208
7.9599123
7.309386
8.397848
8.504144
8.176754
8.066207
8.393597
7.305134
8.393597
8.393597
7.1988387
8.287301
8.504144
8.393597
8.393597
9.477807
8.1725025
9.698901
9.69465
8.061955
10.0220375
8.8230295
8.606187
10.132585
8.606187
9.044123
10.349427
9.69465
8.1725025
8.389345
9.371511
8.716734
8.389345
8.82728
9.477807
7.738818
9.588354
9.260964
8.066207
9.260964
9.588354
10.23888
10.345176
10.566269
10.0220375
9.584103
9.69465
9.477807
9.588354
8.499891
9.150418
9.69465
9.044123
10.243132
8.716734
8.933577
9.371511
8.933577
8.716734
9.911491
8.8230295
10.23888
9.36726
9.150418
10.0220375
9.3630085
10.128334
10.455723
9.800944
10.455723
11.106249
10.345176
9.473556
10.6725645
10.566269
9.911491
9.039871
9.584103
10.128334
10.23888
8.49564
10.349427
9.69465
9.150418
10.0220375
9.69465
8.606187
9.477807
10.132585
9.36726
9.69465
10.455723
10.889407
10.345176
10.128334
9.800944
9.800944
10.455723
9.911491
9.584103
10.0220375
9.36726
10.23888
9.69465
10.783112
10.783112
10.234629
10.23888
9.69465
10.017787
10.23888
10.6725645
9.584103
10.566269
9.584103
10.128334
9.800944
11.433638
10.45147
11.433638
11.646228
11.646228
11.429386
11.973618
11.425134
11.208292
12.407301
11.858818
11.969365
11.752523
12.079912
12.186207
11.752523
12.190459
12.296754
12.296754
12.734691
11.208292
11.425134
11.752523
12.734691
12.951532
11.2125435
12.301006
11.535681
11.425134
11.425134
10.880902
11.641976
12.624144
11.646228
12.190459
11.969365
12.407301
12.734691
11.425134
11.646228
12.296754
12.186207
11.531429
11.535681
11.425134
10.442967
11.756775
10.664061
11.429386
11.318839
10.885155
11.756775
11.429386
11.101996
10.557766
10.557766
12.407301
10.885155
11.208292
10.336672
11.101996
12.079912
11.969365
12.186207
11.8630705
10.880902
12.190459
10.557766
10.664061
10.119829
11.101996
11.101996
10.668313
9.9029875
11.318839
10.557766
10.340923
9.9029875
10.77886
9.686145
10.885155
10.234629
10.230376
10.774608
10.119829
10.774608
10.774608
11.646228
10.774608
10.774608
10.885155
11.101996
10.340923
9.9029875
11.756775
11.208292
11.318839
11.429386
10.880902
10.230376
11.2125435
10.880902
11.429386
11.429386
11.535681
10.45147
11.101996
10.340923
10.013535
10.557766
11.425134
11.101996
11.646228
10.119829
10.230376
11.429386
10.340923
11.323091
10.234629
10.230376
10.45147
11.323091
10.230376
10.562017
11.2125435
11.216796
10.668313
10.340923
11.756775
10.774608
11.318839
11.973618
10.774608
11.318839
10.557766
10.45147
10.774608
9.9029875
10.668313
10.013535
11.101996
9.796692
10.562017
10.124082
10.017787
11.2125435
11.646228
11.535681
11.867322
11.101996
11.318839
11.429386
10.774608
10.230376
10.124082
10.562017
10.562017
11.216796
10.889407
10.017787
10.128334
9.69465
10.017787
8.8230295
10.23888
8.712482
9.69465
10.455723
10.23888
9.800944
9.150418
9.256713
10.128334
9.69465
9.146166
9.69465
9.69465
8.8230295
9.698901
8.933577
9.36726
9.36726
9.044123
10.0220375
9.584103
8.933577
9.915743
9.477807
7.849365
9.265217
8.499891
6.87145
7.632523
7.415681
8.499891
8.389345
9.044123
9.044123
8.933577
8.716734
9.482059
9.15467
7.738818
7.521976
7.632523
7.853617
8.393597
7.305134
8.614691
7.849365
7.9599123
8.614691
6.110377
7.092544
6.2209234
7.747322
7.092544
7.419933
6.4420176
7.747322
6.875702
7.203091
7.1988387
6.327219
7.526228
7.853617
7.419933
7.309386
5.7872396
6.765155
6.5483127
6.875702
6.0040812
7.203091
7.092544
6.6588597
7.5304804
6.2209234
5.5703974
5.243008
6.2251754
5.6766925
5.8977866
6.6588597
7.313638
5.7872396
6.2251754
5.136713
5.6809444
5.5703974
6.3357224
6.5525646
5.791491
6.3357224
6.2251754
4.9198713
5.791491
6.114629
6.008333
5.464102
6.986249
4.7030287
5.468354
6.4462695
5.357807
5.6851964
5.6851964
5.6809444
5.030418
5.140965
5.24726
4.1587977
5.140965
4.5967336
3.4019763
3.7293656
3.7293656
3.8356605
4.1630497
5.574649
4.8135757
5.6851964
5.140965
4.7030287
5.791491
5.574649
5.791491
5.140965
5.24726
4.5967336
4.924123
5.6809444
5.6809444
5.574649
4.7072806
5.6851964
4.379892
4.1630497
4.1630497
5.4726057
4.8178277
4.5967336
6.450521
5.6851964
4.7072806
5.468354
6.2294273
5.574649
5.791491
5.902038
6.008333
6.556816
6.3357224
4.7030287
6.556816
6.5525646
6.012585
5.795743
4.8135757
5.357807
6.012585
5.251512
4.924123
5.578901
5.6851964
3.5082712
5.578901
6.012585
5.140965
6.012585
5.140965
5.140965
4.924123
5.357807
4.8135757
5.795743
6.2294273
4.5967336
4.5967336
5.251512
5.251512
5.90629
5.251512
4.490439
4.6009855
4.6009855
4.3841434
5.90629
5.0346694
4.924123
4.379892
4.6009855
5.578901
4.490439
5.6851964
6.4462695
6.012585
6.2294273
4.5967336
5.468354
5.251512
5.357807
5.464102
5.902038
6.3357224
5.357807
6.663111
5.902038
6.8799534
7.096796
5.468354
6.556816
6.008333
5.791491
6.5525646
5.6809444
7.203091
7.096796
7.419933
6.0040812
6.3314705
8.074712
6.4420176
7.313638
7.5347314
6.2251754
7.096796
6.663111
6.4420176
6.6588597
7.9641643
7.313638
6.2251754
5.8977866
7.9684157
6.6588597
6.986249
7.4241843
7.096796
6.769407
6.114629
7.203091
6.981997
7.203091
7.419933
7.636775
7.203091
7.092544
6.986249
6.986249
6.4420176
7.313638
7.853617
7.9641643
7.526228
6.765155
8.504144
8.393597
9.592606
9.260964
9.15467
8.499891
8.1725025
9.260964
8.933577
9.588354
10.0220375
9.477807
10.0220375
8.8230295
7.8451138
9.915743
8.606187
10.0220375
8.82728
8.933577
8.499891
8.82728
9.150418
10.132585
9.36726
9.371511
10.23888
9.584103
10.0220375
9.584103
10.345176
10.995702
10.6725645
10.6725645
10.77886
10.128334
9.911491
10.345176
10.23888
9.911491
10.349427
10.566269
8.933577
10.676816
9.584103
10.783112
9.800944
9.800944
9.911491
10.345176
10.783112
10.77886
10.668313
11.65048
11.977869
10.340923
11.323091
11.752523
11.756775
11.539933
12.190459
10.995702
11.318839
10.889407
11.2125435
11.2125435
11.756775
12.517848
11.101996
12.079912
12.845238
12.624144
12.190459
12.079912
11.641976
12.301006
12.407301
12.513597
12.840985
13.925196
13.053576
14.039994
12.730438
12.403049
13.278922
14.14629
12.836734
13.278922
13.491511
12.186207
12.513597
12.730438
12.403049
13.380964
13.053576
13.929449
14.142038
12.947281
13.164123
13.164123
13.270417
14.252585
14.68627
13.597807
14.252585
14.465176
14.575723
14.907364
13.380964
13.708355
13.057828
13.278922
14.035743
13.597807
13.818902
14.035743
13.164123
14.252585
14.248333
15.009407
15.119954
14.903111
15.119954
14.465176
15.881026
14.465176
14.682017
14.137786
14.142038
14.792564
14.35888
13.818902
14.35888
13.270417
12.181956
13.712605
13.385218
13.602058
13.274671
14.035743
13.814649
13.704102
14.575723
15.881026
14.354629
14.137786
14.57147
15.115701
15.115701
14.682017
14.137786
15.447342
15.226248
13.69985
14.02724
15.664186
14.792564
14.248333
14.575723
13.818902
12.943029
13.814649
13.274671
13.164123
12.509345
13.270417
13.602058
14.363132
14.35888
14.031491
14.35888
14.248333
13.270417
14.68627
14.031491
13.704102
14.903111
14.031491
13.164123
13.164123
11.969365
12.951532
12.403049
12.186207
12.845238
11.756775
10.664061
11.208292
11.973618
11.097745
11.318839
11.752523
11.8630705
12.734691
11.752523
11.8630705
12.296754
11.646228
12.624144
11.208292
11.101996
12.190459
10.991449
10.447219
10.885155
12.301006
10.885155
11.323091
11.867322
10.885155
11.101996
10.45147
10.234629
11.2125435
10.995702
11.539933
10.124082
10.77886
11.2125435
10.995702
9.690397
10.345176
10.128334
10.455723
9.256713
9.690397
10.455723
10.345176
8.929324
9.584103
9.150418
8.929324
10.128334
9.36726
9.69465
9.039871
9.477807
9.911491
9.473556
10.017787
9.800944
10.455723
9.035619
9.150418
8.933577
8.168251
9.584103
8.933577
10.0220375
9.69465
9.044123
9.256713
9.256713
8.278798
10.23888
9.36726
9.260964
9.044123
8.8230295
8.716734
10.0220375
9.477807
8.8230295
9.150418
9.911491
8.8230295
9.584103
9.588354
8.8230295
9.039871
8.1725025
9.371511
9.044123
8.716734
9.69465
9.477807
7.951409
9.805196
8.933577
9.044123
8.933577
9.044123
9.371511
8.933577
9.044123
9.915743
9.260964
8.49564
8.933577
9.15467
9.588354
8.499891
9.048374
8.176754
8.176754
6.760903
7.526228
8.176754
7.1945877
9.265217
9.260964
8.1725025
8.610438
7.632523
8.066207
7.9599123
7.415681
8.725238
7.0882916
8.176754
8.614691
8.610438
8.933577
8.066207
8.82728
9.265217
8.066207
8.070459
8.8315325
8.066207
7.309386
8.835785
7.526228
7.305134
7.9599123
8.397848
8.504144
7.74307
8.287301
8.287301
8.720985
7.632523
7.0882916
8.393597
8.393597
9.048374
7.849365
9.048374
8.393597
9.044123
8.393597
7.415681
8.937827
8.1725025
7.4114294
8.933577
8.393597
8.610438
9.260964
8.82728
9.371511
8.610438
8.606187
8.8230295
8.499891
9.588354
10.0220375
8.716734
9.371511
9.044123
8.8230295
9.477807
8.716734
9.044123
8.499891
8.1725025
9.482059
9.265217
8.066207
9.044123
9.265217
9.371511
8.1725025
8.82728
9.805196
8.933577
8.389345
9.477807
9.150418
9.69465
9.915743
10.132585
8.712482
8.610438
8.933577
8.606187
8.933577
9.150418
9.911491
8.278798
9.805196
9.36726
8.929324
10.128334
10.455723
9.477807
10.128334
10.455723
9.584103
9.256713
10.6725645
9.473556
9.039871
10.128334
9.256713
10.128334
8.929324
10.23888
9.911491
10.128334
9.911491
9.911491
9.584103
10.889407
9.035619
10.566269
10.562017
9.256713
9.584103
10.345176
9.800944
9.800944
10.23888
10.783112
9.473556
10.345176
9.800944
9.69465
9.800944
9.690397
10.017787
10.6725645
9.911491
8.929324
9.584103
10.128334
10.017787
9.57985
9.473556
11.106249
9.796692
9.57985
10.124082
9.796692
10.774608
10.995702
9.690397
10.45147
10.77886
10.77886
10.345176
10.6725645
9.146166
9.584103
10.6725645
9.800944
9.473556
10.128334
10.017787
9.800944
10.017787
9.800944
10.995702
10.124082
10.557766
11.106249
10.234629
10.45147
9.584103
10.345176
9.256713
9.584103
10.132585
8.8230295
9.477807
8.066207
8.82728
8.066207
8.8315325
8.066207
8.28305
8.937827
8.066207
8.28305
9.260964
8.061955
9.15467
8.716734
8.499891
10.0220375
10.0220375
8.933577
9.044123
8.606187
8.28305
9.371511
8.610438
6.9777446
8.610438
7.0882916
7.1988387
7.415681
7.853617
8.176754
7.526228
8.070459
6.654608
7.9641643
8.287301
7.415681
7.636775
8.614691
7.74307
7.74307
7.849365
8.937827
7.738818
7.74307
7.9599123
8.397848
7.74307
6.875702
7.853617
6.981997
6.0040812
6.0040812
6.5483127
6.875702
6.3314705
6.4420176
6.6588597
6.769407
6.3314705
5.8977866
6.114629
6.5483127
5.243008
6.6588597
6.986249
5.7872396
7.5304804
5.7872396
6.986249
4.915619
6.6588597
5.8977866
6.0040812
6.5483127
6.3314705
6.875702
6.4420176
5.7872396
6.0040812
5.026166
6.3314705
5.7872396
6.3314705
7.203091
6.2209234
5.893534
6.0040812
6.654608
6.0040812
6.769407
6.6588597
5.4598503
6.4420176
5.4598503
5.132461
6.986249
5.7872396
6.114629
6.5483127
5.8977866
6.4377656
5.893534
6.765155
5.7872396
5.7872396
5.3493037
7.203091
7.636775
6.3314705
6.760903
6.3314705
5.6766925
7.74307
5.4598503
6.981997
6.110377
6.3314705
6.5483127
5.5703974
6.3314705
4.8050723
4.915619
6.114629
5.7872396
6.6588597
5.243008
5.6766925
6.4420176
6.3314705
5.6766925
6.0040812
6.2209234
5.4598503
7.203091
6.986249
6.4377656
6.3314705
6.2251754
6.0040812
6.3314705
7.313638
6.114629
4.8093243
6.769407
4.698777
4.4861865
5.6809444
4.9198713
4.592482
5.902038
5.24726
4.9198713
5.791491
4.8093243
4.9198713
6.4420176
6.114629
6.4420176
6.875702
6.3314705
6.769407
6.875702
6.114629
5.7872396
6.3314705
6.769407
5.243008
5.7872396
5.353555
5.24726
6.4420176
5.136713
4.8093243
6.4420176
5.6809444
5.026166
6.2251754
5.7872396
6.008333
6.5525646
6.4420176
4.592482
5.6809444
5.243008
6.114629
6.986249
6.2251754
6.875702
6.3314705
5.3493037
6.3314705
6.875702
6.3314705
5.353555
6.4420176
5.7872396
5.6809444
6.3314705
5.5703974
6.3314705
5.5703974
6.114629
5.7872396
6.769407
7.203091
5.7872396
6.114629
6.6588597
7.203091
6.654608
7.092544
6.765155
7.74307
5.893534
7.853617
7.74307
6.760903
7.74307
6.87145
6.654608
6.654608
7.526228
7.74307
7.415681
7.092544
6.981997
6.765155
7.526228
7.853617
7.849365
6.654608
7.9641643
6.5483127
5.893534
6.765155
6.981997
6.654608
7.092544
6.981997
7.74307
6.4377656
8.397848
7.526228
8.287301
7.526228
7.1988387
7.415681
6.4377656
7.092544
7.9599123
6.4377656
6.765155
6.0040812
6.981997
6.2209234
5.6766925
7.092544
6.3314705
6.5483127
6.0040812
6.986249
6.110377
5.7872396
6.765155
6.875702
6.981997
5.99983
7.092544
7.9599123
7.0882916
6.654608
7.415681
7.1988387
7.305134
6.981997
8.504144
7.632523
6.110377
7.092544
6.765155
5.3493037
7.419933
7.419933
6.3314705
6.981997
7.305134
6.327219
7.1988387
7.849365
5.99983
8.287301
6.2209234
7.203091
5.7872396
7.747322
7.419933
6.0040812
7.203091
7.092544
8.070459
7.305134
7.309386
7.636775
6.654608
6.2209234
7.313638
6.4420176
6.2251754
6.769407
6.114629
6.769407
6.4420176
6.875702
6.3314705
6.4377656
7.636775
7.1988387
7.1988387
6.0040812
6.114629
5.8977866
6.0040812
6.769407
7.096796
6.114629
6.6588597
6.2209234
6.875702
5.026166
6.4420176
6.6588597
5.026166
5.026166
5.791491
6.114629
5.4598503
6.008333
5.353555
6.2251754
6.2209234
4.8050723
5.8977866
5.6809444
5.353555
5.136713
5.24726
5.791491
5.8977866
6.2251754
6.0040812
5.5703974
5.5703974
5.026166
5.136713
5.6809444
4.698777
4.698777
6.008333
6.2251754
5.7872396
4.698777
5.0219145
5.4598503
5.3493037
6.2209234
6.986249
6.769407
5.243008
4.698777
5.7872396
4.154546
5.353555
5.5703974
6.3314705
5.4598503
5.353555
5.5703974
4.698777
4.0482507
5.357807
4.924123
4.1587977
4.1630497
5.574649
5.464102
4.7030287
6.4420176
5.8977866
5.132461
5.6766925
6.6588597
6.2251754
5.353555
6.3314705
5.8977866
3.9377036
6.114629
4.698777
4.481935
4.9198713
5.464102
4.592482
5.030418
4.481935
5.357807
3.9377036
4.1587977
4.7030287
5.5703974
4.37564
6.4420176
5.3493037
4.8093243
5.243008
5.136713
5.8977866
5.6766925
4.915619
5.893534
6.5483127
5.6766925
4.915619
5.136713
6.3314705
4.58823
4.915619
5.3493037
4.371388
5.5703974
4.4861865
5.353555
4.265093
4.8093243
5.8977866
4.0482507
5.24726
4.481935
4.1587977
4.4861865
5.357807
4.8093243
4.7030287
4.8093243
5.353555
4.0482507
4.1587977
4.7030287
4.4861865
3.7251134
4.1630497
4.0525026
3.9462075
3.8356605
2.636651
3.074587
3.2914293
3.5082712
3.7251134
4.269345
3.6145666
3.0703354
2.747198
3.3977246
3.7251134
2.636651
3.7251134
3.9462075
4.0525026
3.6188183
4.0525026
3.3977246
2.419809
2.636651
2.8577452
2.9640403
2.9640403
2.0966718
3.2914293
3.2914293
2.3092623
3.3977246
3.2914293
3.8314087
3.0703354
4.5967336
4.1587977
4.5967336
4.37564
3.8356605
4.379892
3.6145666
4.8135757
4.8135757
4.4861865
3.8356605
2.747198
3.074587
3.7293656
1.7692827
3.6188183
2.313514
1.5524408
2.968292
1.986125
3.074587
3.074587
2.9640403
3.3977246
3.7251134
4.0525026
3.7251134
3.2914293
4.1587977
3.2914293
4.4861865
4.4861865
4.1587977
3.6145666
3.6145666
3.3977246
3.0703354
2.636651
3.9462075
2.747198
2.747198
3.1808825
3.074587
3.5082712
2.747198
4.1630497
2.747198
3.4019763
4.8135757
3.7293656
3.2914293
2.419809
4.056754
3.9419558
3.074587
3.7251134
2.636651
4.1630497
3.6188183
2.747198
3.7251134
4.379892
3.6188183
2.747198
2.0966718
3.6188183
1.5481889
2.419809
3.6188183
2.8577452
3.074587
2.9640403
3.6188183
3.4019763
4.056754
2.530356
3.6188183
2.202967
3.1808825
3.1808825
2.9640403
2.9640403
3.5082712
3.1808825
3.5082712
2.747198
3.7293656
3.3977246
3.3977246
3.2914293
3.8356605
3.4019763
4.379892
3.9419558
4.0525026
4.7030287
4.5967336
4.5967336
4.5967336
3.6145666
3.0703354
3.1808825
4.0482507
3.7251134
3.3977246
4.269345
4.379892
4.7030287
3.5040195
3.1808825
4.5967336
4.269345
4.1630497
3.8314087
3.7251134
4.37564
4.4861865
4.9198713
3.9377036
5.136713
5.5703974
5.6809444
5.4598503
4.371388
5.243008
5.6766925
5.7872396
4.8050723
5.353555
4.371388
5.353555
5.136713
5.243008
4.698777
5.357807
4.265093
4.7030287
5.026166
5.6809444
5.132461
4.8050723
4.0482507
5.026166
3.9377036
5.353555
6.0040812
4.915619
6.0040812
5.0219145
5.0219145
6.0040812
5.3493037
6.0040812
5.7872396
4.915619
5.893534
4.8050723
5.5703974
5.136713
5.132461
5.026166
4.0482507
5.136713
4.481935
4.8093243
5.7872396
5.353555
5.4598503
5.243008
5.7872396
5.5703974
6.0040812
6.3314705
5.4598503
5.893534
4.8050723
5.4598503
6.110377
4.8050723
5.5661454
5.132461
5.893534
4.915619
6.3314705
5.6766925
5.132461
6.0040812
5.99983
5.2387567
4.8050723
5.3493037
5.6766925
5.2387567
5.893534
6.4377656
4.6945252
5.5661454
5.3493037
4.6945252
6.654608
6.110377
5.4598503
6.0040812
4.8050723
5.0219145
6.2209234
5.4598503
5.132461
5.6766925
5.2387567
4.8050723
6.3314705
5.6724405
5.6766925
5.893534
6.327219
5.2387567
6.2209234
4.915619
6.0040812
7.1988387
5.8892827
6.327219
6.544061
6.110377
6.216672
5.3493037
5.1282096
5.893534
6.4377656
5.8892827
6.0040812
5.99983
5.99983
5.7829876
7.521976
5.6724405
6.327219
6.110377
5.5618935
5.6724405
5.99983
5.2345047
5.893534
6.327219
5.99983
6.110377
5.8892827
6.2209234
5.893534
5.3493037
6.5483127
5.6724405
5.132461
6.0040812
6.2209234
5.6766925
6.6588597
5.6766925
5.4555984
6.327219
5.6766925
5.0219145
5.6766925
6.2209234
4.371388
5.0219145
5.2387567
5.893534
4.583978
4.8050723
5.4598503
5.3493037
5.6766925
5.3493037
4.8050723
5.4598503
5.132461
5.243008
5.6766925
4.8050723
4.150294
6.2209234
4.367136
5.4598503
5.7829876
5.893534
5.5661454
5.3493037
5.893534
4.477683
4.915619
5.3493037
5.132461
5.6766925
5.2387567
4.477683
6.0040812
5.2387567
5.0219145
5.3493037
5.243008
5.0219145
5.4598503
4.6945252
5.5661454
5.4598503
6.654608
5.1282096
5.4555984
5.7829876
6.327219
6.87145
7.1988387
7.4114294
7.6282716
6.9777446
8.28305
6.7566514
6.3229666
7.3008823
7.5177245
7.4114294
7.955661
6.6503563
5.668189
7.0882916
6.6503563
5.6724405
5.6724405
7.0840406
5.995578
6.539809
6.7566514
6.8671985
7.1903353
6.6503563
7.738818
6.8629465
7.3008823
7.840862
7.9471564
8.274546
8.168251
7.4029255
6.7523994
7.1903353
7.840862
7.9471564
7.840862
9.473556
7.292379
7.5134726
8.929324
8.0534525
8.70823
7.840862
8.601935
9.690397
8.0534525
9.035619
9.686145
8.925072
9.9029875
8.597683
9.141914
9.031367
8.703979
8.487137
9.57985
9.9029875
9.469303
9.796692
9.792441
9.792441
10.987199
10.549262
10.442967
11.093493
10.438715
11.416631
11.960861
11.199788
12.832482
10.978694
11.522925
12.394546
12.505093
13.266166
12.82823
12.717683
13.589303
12.82823
12.173452
12.500841
12.611388
13.155619
12.2839985
12.717683
12.173452
13.155619
13.261915
12.9345255
13.589303
13.585052
14.346125
14.673514
13.691346
14.996652
14.779808
14.346125
15.540882
15.540882
16.191408
14.996652
14.886105
14.9924
14.341873
15.430335
14.996652
14.558716
14.235578
14.45242
15.213492
15.647177
15.540882
15.864019
15.209241
15.757724
16.40825
15.319788
16.625093
15.864019
16.297703
16.625093
15.753472
16.404
15.970315
17.058777
16.510294
17.27562
16.94823
16.841934
15.859768
16.187157
15.642925
17.81985
16.837683
18.036694
18.35983
17.492462
18.682968
19.116652
19.77143
19.222946
18.461872
19.448292
17.921894
17.483957
17.8156
16.943977
16.62084
16.187157
16.518799
16.510294
15.970315
16.187157
16.62084
15.859768
16.187157
17.054525
18.142988
17.709303
17.377663
18.576672
17.271368
17.16082
18.793514
17.811346
19.120903
17.7008
17.483957
18.682968
17.594505
17.921894
17.156569
18.253534
16.837683
15.966063
16.943977
17.054525
17.488209
17.271368
18.253534
17.594505
17.705051
16.837683
17.594505
16.2892
17.705051
17.488209
16.2892
17.483957
17.709303
16.943977
18.466124
17.705051
18.682968
18.249283
17.921894
18.466124
17.050274
17.377663
17.488209
16.837683
16.616589
16.510294
16.514547
16.510294
16.94823
17.058777
16.076609
16.94823
16.94823
16.841934
16.62084
16.076609
16.510294
16.62084
15.315537
16.731388
15.315537
16.080862
16.94823
15.753472
16.076609
15.753472
15.4260845
15.970315
16.080862
15.4260845
14.988147
14.881853
16.625093
14.881853
15.4260845
14.448169
14.886105
14.7755575
14.558716
15.319788
15.647177
14.7755575
14.886105
14.337622
15.324039
15.319788
14.669261
15.213492
14.125031
14.669261
14.886105
14.890355
14.346125
13.585052
13.045072
13.478756
12.611388
13.045072
12.173452
12.390294
12.717683
12.390294
13.049324
12.717683
12.2839985
13.045072
11.739767
12.505093
11.301832
12.505093
12.500841
11.739767
12.832482
13.045072
11.416631
11.522925
12.2839985
10.978694
12.394546
11.093493
11.310335
10.005031
10.115578
10.009283
10.33242
9.898736
10.5535145
10.5535145
9.354505
9.571347
9.681894
10.115578
9.4608
9.788189
10.115578
9.681894
10.5535145
10.549262
10.115578
11.093493
9.681894
9.788189
8.92082
9.575599
9.137663
8.814526
8.925072
8.491387
9.57985
9.9029875
9.252461
10.013535
9.686145
9.252461
9.358756
9.252461
9.3630085
9.469303
8.818777
9.907239
7.509221
8.818777
9.469303
7.8366094
8.491387
8.70823
8.163999
9.035619
8.057704
6.5313053
8.491387
8.057704
7.5134726
7.1860833
8.8230295
7.1860833
7.9471564
8.168251
7.4029255
7.4029255
8.168251
6.7523994
8.601935
8.061955
7.079788
8.274546
7.840862
9.252461
8.601935
8.929324
8.929324
8.491387
7.840862
7.4029255
7.4071774
6.9734936
6.8671985
6.8671985
6.7566514
7.1945877
8.8230295
8.061955
7.951409
8.168251
7.5134726
7.840862
8.274546
8.385093
9.146166
9.146166
9.146166
9.035619
9.039871
8.491387
8.70823
8.929324
7.9471564
9.035619
8.274546
8.057704
8.8230295
8.057704
7.5134726
8.929324
9.800944
9.146166
8.491387
8.712482
8.818777
8.491387
9.256713
9.146166
8.491387
8.712482
9.3630085
8.818777
9.57985
9.035619
9.146166
9.469303
8.925072
9.907239
9.252461
9.3630085
9.3630085
8.601935
8.057704
8.818777
8.712482
9.800944
9.146166
8.38084
8.491387
8.385093
7.6197677
8.491387
8.491387
8.274546
7.8366094
8.601935
9.690397
9.3630085
8.38084
9.473556
8.818777
9.141914
8.163999
9.035619
9.57985
9.690397
9.146166
7.9471564
8.491387
8.818777
9.3630085
9.252461
9.3630085
8.925072
10.013535
9.252461
10.124082
9.9029875
9.252461
9.686145
8.925072
10.447219
10.119829
9.686145
8.814526
8.925072
10.013535
10.017787
8.274546
8.818777
8.057704
9.256713
9.57985
8.385093
9.907239
8.38084
8.712482
9.57985
8.491387
9.035619
8.929324
9.3630085
9.796692
9.57985
9.141914
9.141914
8.703979
10.119829
9.792441
10.013535
10.5535145
10.119829
8.925072
9.141914
9.3630085
9.473556
7.9471564
7.9471564
8.601935
8.70823
9.252461
9.035619
8.925072
9.031367
8.0534525
9.358756
9.358756
9.035619
9.686145
8.37659
9.686145
10.447219
10.336672
9.465052
9.792441
9.354505
10.880902
9.575599
9.898736
9.686145
9.141914
9.358756
10.124082
10.557766
9.9029875
9.035619
10.013535
9.358756
8.487137
9.796692
10.340923
10.336672
9.9029875
10.664061
10.987199
10.442967
11.204041
10.770356
10.33242
9.894484
10.226125
10.770356
11.204041
9.792441
10.770356
10.442967
11.314588
10.987199
11.314588
11.637725
11.199788
11.965114
11.7440195
11.420882
10.766105
11.854567
9.571347
10.659809
11.748272
10.442967
11.531429
10.766105
10.659809
11.641976
10.659809
10.33242
11.535681
10.009283
10.991449
10.5535145
10.226125
10.664061
10.5535145
11.097745
9.792441
9.681894
10.336672
10.009283
11.531429
11.748272
10.5535145
11.314588
11.318839
10.659809
9.788189
11.535681
10.336672
10.5535145
10.774608
9.465052
9.9029875
11.429386
9.681894
9.9029875
11.646228
10.876652
11.314588
11.097745
11.310335
11.531429
11.858818
10.982946
11.199788
11.854567
12.071408
12.181956
11.965114
12.071408
12.181956
12.177704
12.61564
11.7440195
11.7440195
11.965114
12.181956
11.7440195
11.420882
12.726187
10.982946
10.987199
11.204041
11.531429
11.854567
12.181956
11.310335
12.398798
12.943029
12.61564
13.266166
12.288251
11.633472
12.943029
12.288251
12.721935
12.394546
13.810397
12.500841
12.067157
13.483009
13.049324
13.266166
13.704102
12.721935
12.505093
12.181956
11.633472
12.288251
12.61564
12.394546
12.938777
12.067157
12.394546
13.049324
13.155619
13.266166
13.69985
13.916693
13.261915
13.483009
14.2440815
12.500841
12.279747
14.677766
12.713431
14.677766
13.69985
13.589303
13.372462
13.372462
13.155619
13.589303
12.938777
12.9345255
12.82823
13.155619
13.589303
12.82823
13.261915
12.717683
13.478756
14.784061
13.257662
13.589303
14.133534
13.372462
14.8946085
14.129283
14.346125
14.133534
13.585052
14.23983
13.916693
13.368209
13.478756
13.372462
13.695599
13.368209
13.261915
14.673514
14.018736
13.151368
14.456672
13.040821
13.806146
14.673514
14.129283
14.890355
14.022987
14.346125
15.11145
13.040821
14.346125
13.585052
13.806146
13.478756
12.82823
13.372462
12.9345255
13.695599
13.045072
13.69985
13.478756
14.460924
13.589303
13.478756
13.483009
14.133534
14.022987
13.478756
14.460924
13.916693
13.040821
13.478756
13.372462
13.155619
14.677766
12.82823
13.478756
14.133534
13.261915
13.478756
12.82823
13.372462
13.483009
12.717683
13.372462
13.372462
14.02724
13.261915
13.045072
13.478756
14.788313
12.823978
15.11145
14.23983
14.456672
14.8946085
14.129283
14.8946085
13.257662
14.022987
14.673514
13.045072
14.022987
13.806146
13.261915
12.173452
13.916693
12.82823
13.916693
13.045072
12.82823
13.916693
13.69985
13.478756
13.045072
12.82823
13.916693
12.823978
13.261915
14.8946085
12.607137
13.585052
14.677766
13.695599
13.589303
13.589303
12.717683
13.372462
12.611388
13.155619
12.067157
12.611388
13.483009
12.177704
12.938777
13.159871
12.721935
12.500841
12.611388
13.5935545
14.02724
12.173452
12.500841
13.589303
12.938777
12.611388
13.155619
13.155619
13.589303
14.354629
12.390294
13.045072
12.82823
13.372462
13.155619
11.95661
14.02724
12.173452
13.049324
11.854567
11.199788
11.748272
10.982946
12.943029
11.7440195
12.509345
11.854567
11.199788
11.531429
11.527178
11.093493
11.965114
12.403049
11.641976
11.420882
11.637725
11.960861
12.61564
11.850314
11.854567
11.527178
11.637725
12.509345
12.181956
11.527178
12.181956
12.398798
11.960861
13.053576
11.089241
11.199788
11.965114
10.549262
10.982946
10.766105
12.181956
11.637725
11.097745
10.876652
11.310335
11.093493
11.527178
11.633472
10.982946
10.549262
9.788189
10.659809
10.115578
11.097745
11.097745
10.119829
10.442967
10.876652
12.075661
11.854567
12.288251
12.177704
11.7440195
10.655557
11.7440195
11.416631
11.420882
11.310335
11.960861
12.288251
13.376713
12.832482
12.721935
11.416631
11.093493
11.420882
10.982946
11.637725
11.858818
10.549262
11.531429
10.442967
10.33242
10.987199
10.226125
11.310335
11.965114
10.655557
11.965114
11.854567
11.527178
12.177704
12.611388
12.394546
13.155619
12.2839985
12.82823
12.721935
12.500841
11.522925
11.306084
12.394546
11.306084
12.61564
12.177704
11.7440195
12.398798
11.093493
11.089241
12.398798
12.071408
12.505093
11.637725
10.982946
11.7440195
12.832482
12.398798
14.137786
13.155619
12.82823
12.177704
12.505093
12.938777
12.82823
13.049324
14.137786
13.266166
12.82823
12.177704
11.199788
12.509345
12.071408
10.766105
11.204041
10.549262
11.531429
11.420882
10.33242
11.093493
10.876652
10.766105
12.288251
11.416631
12.726187
11.7440195
10.328168
12.181956
12.181956
11.089241
12.505093
11.7440195
11.637725
11.527178
10.872399
12.619891
11.310335
10.33242
11.420882
11.204041
11.204041
11.420882
10.33242
11.531429
11.420882
11.093493
11.310335
12.398798
11.854567
12.177704
10.655557
11.633472
11.093493
10.766105
11.527178
10.659809
11.531429
10.876652
10.766105
10.549262
10.438715
10.5535145
10.770356
10.226125
10.009283
10.987199
10.005031
11.531429
10.876652
11.199788
11.527178
12.288251
13.159871
11.850314
10.438715
11.093493
10.217621
11.199788
12.398798
12.067157
12.721935
13.266166
12.2839985
12.721935
13.376713
12.611388
13.155619
12.394546
11.7440195
10.328168
10.005031
11.204041
10.982946
11.748272
11.310335
11.7440195
11.854567
11.850314
12.177704
11.850314
11.960861
11.960861
11.95661
12.611388
12.611388
14.02724
11.95661
12.500841
12.9345255
12.9345255
12.390294
12.390294
12.390294
12.067157
10.872399
10.978694
11.089241
11.7440195
11.633472
10.982946
11.199788
11.960861
11.310335
11.633472
12.177704
12.832482
11.850314
13.266166
12.82823
13.478756
13.368209
14.784061
14.669261
14.129283
14.45242
14.448169
13.903937
15.102947
13.5808
13.368209
13.151368
12.930274
12.279747
12.173452
12.390294
11.739767
11.416631
10.000779
9.350253
10.115578
10.766105
10.766105
10.766105
11.195537
10.982946
11.854567
12.394546
11.633472
12.177704
11.629221
11.95661
13.155619
12.611388
12.721935
12.288251
10.438715
11.420882
13.049324
13.155619
13.261915
13.155619
11.960861
10.655557
9.24821
9.681894
9.571347
9.681894
10.770356
10.221873
10.115578
9.894484
9.681894
8.916569
8.593431
8.92082
9.681894
9.354505
10.226125
11.093493
9.13341
10.226125
10.766105
11.416631
11.633472
10.651306
11.195537
11.412379
10.868148
10.978694
10.438715
10.659809
10.221873
10.005031
9.571347
10.442967
11.310335
11.093493
10.005031
10.226125
10.119829
9.027116
9.2439575
9.681894
10.33242
10.005031
9.788189
10.226125
10.549262
10.442967
10.226125
9.13341
8.806022
10.5535145
11.093493
9.890232
12.181956
11.199788
10.328168
10.115578
9.788189
9.898736
10.336672
9.681894
9.137663
8.814526
8.0534525
9.686145
9.24821
8.703979
9.465052
9.354505
8.92082
10.226125
9.4608
8.810273
10.226125
9.354505
8.92082
9.137663
9.465052
9.2439575
10.33242
10.005031
10.442967
9.4608
10.549262
10.876652
10.33242
9.898736
9.24821
9.354505
8.92082
9.465052
10.115578
9.792441
10.119829
9.465052
9.137663
9.465052
9.681894
9.898736
9.031367
9.465052
8.92082
10.770356
10.876652
10.442967
10.226125
10.549262
10.659809
10.33242
10.5535145
9.4608
10.880902
10.009283
9.4608
10.226125
10.876652
10.115578
10.659809
10.876652
10.33242
10.009283
10.5535145
9.686145
9.575599
8.593431
8.925072
10.230376
9.137663
8.593431
10.447219
8.810273
10.226125
9.354505
9.9029875
9.031367
8.37659
9.141914
10.5535145
8.699726
9.465052
9.681894
10.336672
10.115578
9.465052
10.013535
8.814526
9.575599
8.814526
9.141914
9.252461
8.70823
9.3630085
9.146166
8.597683
8.491387
7.7303147
7.8366094
9.035619
8.70823
8.057704
6.0976214
7.4029255
7.6240196
7.1860833
7.1860833
8.385093
7.0755363
7.9471564
8.057704
7.6197677
7.1860833
7.7303147
6.96499
7.2966304
5.55339
6.6461043
7.9471564
7.8366094
7.9471564
7.398674
7.071285
7.509221
6.4207582
7.071285
8.814526
9.137663
10.442967
9.571347
8.92082
9.465052
8.0492
9.9029875
10.009283
10.009283
9.24821
8.159747
7.181832
9.141914
8.92082
8.270294
8.270294
9.3630085
9.465052
9.792441
9.9029875
8.266043
9.792441
9.358756
9.686145
10.664061
10.442967
10.880902
9.898736
9.898736
10.442967
10.766105
10.33242
11.531429
9.677642
9.677642
10.442967
10.766105
10.226125
10.770356
10.119829
9.792441
10.447219
8.92082
8.92082
9.465052
8.92082
9.9029875
9.137663
9.354505
9.350253
9.354505
10.221873
8.916569
10.987199
10.549262
11.093493
9.894484
10.549262
10.982946
10.761852
10.982946
10.655557
9.13341
11.204041
10.111326
10.766105
9.567095
9.788189
9.2439575
9.027116
9.027116
9.788189
9.894484
10.549262
11.416631
10.438715
11.420882
10.000779
11.854567
12.505093
11.306084
12.61564
10.766105
11.637725
11.204041
10.438715
10.659809
9.677642
10.5535145
9.571347
10.336672
11.093493
10.549262
10.770356
10.226125
9.027116
8.703979
10.5535145
11.314588
10.5535145
10.336672
10.009283
10.009283
9.681894
9.898736
10.659809
11.527178
11.204041
10.876652
9.4608
11.314588
10.766105
10.005031
11.531429
11.204041
11.420882
10.115578
10.009283
10.009283
9.465052
9.24821
9.252461
9.9029875
8.810273
10.991449
10.005031
10.880902
9.898736
10.33242
9.681894
10.115578
11.204041
10.115578
11.531429
10.005031
11.314588
10.5535145
10.770356
10.442967
10.880902
9.898736
10.664061
11.314588
10.876652
11.208292
10.987199
9.24821
10.447219
9.358756
10.009283
10.991449
9.465052
10.987199
9.792441
10.009283
11.097745
9.571347
10.5535145
11.097745
10.115578
10.442967
11.093493
10.54501
10.766105
10.655557
10.442967
11.314588
9.898736
9.677642
10.442967
10.226125
10.987199
10.659809
9.681894
9.681894
9.788189
11.204041
11.420882
12.288251
10.766105
10.987199
11.420882
10.221873
10.770356
10.655557
10.872399
12.509345
11.199788
10.872399
11.854567
12.394546
11.412379
12.177704
12.721935
12.177704
11.310335
11.527178
11.527178
10.33242
9.898736
10.005031
11.531429
10.766105
12.071408
11.965114
10.221873
9.788189
10.770356
10.766105
12.071408
12.394546
12.288251
11.633472
12.2839985
12.067157
12.2839985
13.261915
12.717683
13.045072
12.82823
13.045072
12.394546
12.394546
12.394546
11.522925
12.288251
11.412379
11.306084
12.181956
12.177704
11.089241
12.726187
11.199788
11.306084
11.522925
12.721935
11.739767
12.2839985
12.390294
13.372462
12.173452
12.717683
12.2839985
13.045072
13.478756
13.155619
12.717683
13.155619
11.739767
13.155619
12.500841
11.850314
12.611388
11.850314
12.82823
12.82823
12.500841
13.372462
12.500841
11.850314
12.721935
13.589303
12.173452
13.045072
13.483009
13.483009
13.151368
12.2839985
13.045072
12.9345255
12.717683
13.372462
13.045072
12.390294
12.9345255
13.589303
13.916693
12.611388
12.82823
12.390294
12.390294
12.067157
12.721935
11.95661
11.95661
13.920944
12.2839985
13.69985
14.133534
13.151368
12.823978
14.567219
13.040821
13.151368
14.133534
13.040821
13.91244
13.916693
13.045072
12.607137
12.500841
13.151368
12.823978
12.173452
13.045072
12.390294
13.483009
13.589303
12.82823
13.589303
13.69985
12.2839985
12.2839985
12.9345255
11.95661
13.261915
13.589303
13.806146
13.478756
14.23983
13.257662
14.23983
13.695599
13.91244
13.478756
13.257662
14.235578
14.129283
13.474504
13.474504
13.261915
12.607137
14.129283
14.350377
13.257662
14.129283
13.478756
13.040821
14.018736
13.368209
13.368209
13.257662
13.478756
14.129283
14.129283
12.713431
13.261915
13.91244
14.129283
13.257662
14.129283
14.890355
13.801893
14.350377
13.91244
14.567219
13.151368
13.151368
14.022987
13.151368
12.9345255
13.806146
13.151368
13.372462
12.607137
13.589303
12.390294
13.045072
11.850314
12.82823
12.505093
12.505093
12.938777
12.611388
12.2839985
12.173452
12.9345255
12.82823
12.500841
12.82823
12.500841
13.261915
12.067157
12.2839985
11.416631
11.960861
12.177704
12.067157
12.500841
12.721935
12.173452
11.739767
12.177704
12.394546
12.177704
11.850314
11.089241
11.739767
10.872399
11.850314
11.739767
11.7440195
12.177704
12.500841
12.2839985
11.629221
10.978694
12.288251
11.633472
12.177704
11.416631
11.199788
11.089241
10.761852
10.982946
10.217621
10.549262
11.093493
11.633472
11.854567
10.872399
10.54501
11.527178
11.527178
11.633472
11.199788
11.522925
11.306084
12.398798
11.7440195
10.438715
11.199788
10.111326
11.960861
11.522925
11.527178
11.7440195
11.199788
10.982946
10.115578
11.093493
10.876652
10.766105
11.527178
10.217621
10.659809
10.872399
10.33242
11.420882
10.655557
11.854567
11.527178
11.306084
10.761852
11.310335
10.761852
10.549262
11.527178
11.7440195
11.310335
11.093493
10.982946
9.677642
11.204041
9.677642
10.005031
10.880902
9.898736
9.465052
9.898736
10.987199
9.788189
11.204041
10.659809
10.221873
12.075661
10.221873
10.872399
11.965114
10.111326
10.005031
10.549262
9.4608
10.987199
10.876652
9.788189
11.314588
10.987199
10.876652
10.549262
9.898736
9.465052
9.354505
9.792441
9.24821
9.137663
10.226125
9.9029875
9.465052
8.810273
10.770356
9.788189
11.208292
10.33242
10.876652
9.681894
9.2439575
10.880902
10.442967
10.336672
8.92082
10.013535
9.031367
8.487137
9.575599
8.597683
9.252461
8.38084
9.141914
8.597683
8.925072
9.469303
8.925072
8.491387
7.9429054
8.925072
10.013535
8.92082
9.141914
9.9029875
9.575599
9.031367
9.686145
9.9029875
8.92082
9.252461
8.0534525
8.38084
8.925072
8.814526
9.358756
8.925072
8.163999
8.163999
8.818777
8.814526
8.925072
8.270294
8.163999
9.035619
9.358756
9.358756
10.230376
10.664061
10.119829
10.5535145
9.681894
9.465052
9.24821
8.92082
9.796692
9.469303
10.119829
9.9029875
8.703979
9.24821
8.597683
9.686145
9.031367
8.70823
9.141914
9.141914
9.686145
9.686145
8.597683
8.487137
8.925072
9.469303
8.814526
9.035619
9.57985
8.270294
8.274546
8.70823
8.274546
7.9471564
9.146166
8.70823
8.38084
8.491387
8.70823
8.601935
8.163999
8.0534525
8.929324
7.7303147
8.601935
7.9471564
8.274546
7.4029255
8.491387
8.601935
8.818777
8.274546
8.274546
9.256713
7.9471564
8.0534525
8.163999
7.4029255
7.8366094
8.385093
8.385093
8.818777
8.274546
7.4029255
8.0534525
8.601935
9.035619
7.9471564
7.840862
8.274546
8.491387
7.7303147
7.8366094
8.385093
7.6197677
7.1860833
8.601935
8.491387
8.70823
7.9471564
7.840862
8.712482
8.491387
7.5134726
8.163999
8.601935
9.252461
9.146166
9.035619
8.38084
8.274546
7.509221
8.274546
8.057704
8.601935
7.1860833
8.49564
7.5134726
7.6240196
8.49564
7.079788
7.6240196
6.2081685
6.429262
7.1903353
7.2966304
6.5355573
7.2966304
6.5355573
6.641852
6.7523994
7.2966304
8.601935
7.6197677
7.4029255
8.168251
8.491387
6.748148
8.385093
7.840862
7.1860833
6.5355573
7.951409
6.7523994
6.7523994
6.6461043
7.6282716
7.1903353
5.8850307
5.5618935
6.3229666
6.3229666
6.539809
6.539809
6.429262
7.1903353
6.6461043
8.28305
6.8629465
7.4071774
6.5355573
6.429262
6.429262
6.8629465
6.8629465
6.7566514
6.8671985
6.7566514
5.8892827
6.3229666
6.7566514
5.778736
6.101873
6.539809
5.451347
6.429262
5.557642
5.8892827
6.21242
4.9071155
5.8892827
6.6503563
6.7566514
6.318715
6.101873
8.606187
7.6240196
6.5355573
6.6461043
5.995578
6.318715
6.6461043
6.8629465
6.5355573
5.991326
6.21242
7.3008823
6.9734936
6.539809
6.9777446
5.668189
6.3229666
6.3229666
5.3450513
5.778736
5.5618935
6.8671985
6.6503563
5.668189
5.0134106
6.318715
7.079788
7.0840406
7.6282716
6.6461043
5.8850307
7.6282716
7.5177245
7.5177245
6.429262
6.8671985
6.9734936
6.318715
7.0840406
6.21242
7.4114294
5.2345047
6.760903
6.433514
4.8008204
4.4734316
5.6724405
5.99983
5.1282096
5.3450513
5.5618935
5.778736
6.6503563
6.6503563
6.429262
6.6461043
8.606187
8.057704
7.840862
7.951409
8.389345
7.951409
7.840862
7.7303147
8.712482
6.969241
7.1903353
7.6240196
6.858694
7.6240196
6.9734936
7.1903353
7.2966304
6.7523994
7.7345667
8.168251
8.385093
7.079788
8.49564
8.057704
6.4250107
7.2966304
8.057704
8.38084
8.601935
7.840862
9.146166
8.491387
8.818777
8.274546
9.035619
8.818777
9.146166
9.035619
8.163999
9.035619
8.274546
8.057704
8.385093
8.168251
8.274546
8.274546
7.8366094
8.818777
8.925072
8.818777
9.3630085
8.487137
8.597683
8.92082
9.686145
9.031367
8.703979
9.9029875
8.703979
9.354505
10.336672
10.336672
9.898736
9.792441
9.681894
10.33242
9.792441
9.792441
9.788189
9.681894
10.770356
9.898736
10.442967
10.226125
10.442967
10.115578
10.987199
10.549262
9.894484
10.766105
10.549262
12.071408
12.177704
11.306084
13.049324
11.522925
12.82823
12.505093
12.288251
12.721935
11.306084
11.850314
12.394546
12.611388
11.95661
12.61564
12.505093
11.522925
11.95661
11.633472
12.938777
13.155619
12.611388
13.5935545
12.2839985
12.390294
13.483009
12.9345255
12.173452
12.82823
12.390294
12.930274
13.474504
13.474504
14.129283
14.558716
13.908189
13.908189
14.125031
13.801893
13.797642
14.235578
14.669261
15.757724
14.558716
14.45242
13.691346
13.5808
13.474504
14.346125
14.673514
14.673514
14.45242
13.908189
15.540882
14.448169
14.7755575
15.430335
15.647177
15.536632
15.974566
15.974566
15.4260845
15.536632
14.7755575
15.536632
15.647177
16.080862
16.080862
16.625093
15.864019
16.297703
16.187157
16.297703
16.297703
15.974566
15.864019
15.642925
16.080862
15.209241
15.209241
15.970315
16.40825
15.753472
15.859768
16.076609
15.970315
15.970315
16.510294
16.187157
16.187157
16.731388
16.94823
15.966063
17.603008
17.16082
16.399746
16.837683
17.165071
16.404
16.837683
15.421831
17.496714
16.404
17.271368
17.16082
17.488209
18.142988
16.616589
18.138737
18.576672
18.466124
18.899809
18.028189
18.03244
17.156569
17.921894
18.793514
18.793514
17.7008
18.245031
19.333492
18.461872
19.32924
19.439789
19.550335
19.006104
19.439789
19.439789
19.222946
19.767178
19.1124
18.355577
17.811346
17.483957
17.7008
18.138737
19.116652
18.682968
19.010355
18.134485
18.78501
18.899809
18.245031
18.678717
19.333492
19.32924
19.439789
19.873472
19.439789
19.550335
19.873472
19.116652
18.78501
18.461872
19.333492
19.222946
18.134485
18.78501
19.550335
18.138737
18.461872
18.678717
18.249283
18.461872
18.78926
19.006104
18.461872
18.461872
18.57242
18.57242
19.333492
19.006104
19.006104
19.877724
18.568169
18.678717
18.57242
18.78926
19.660883
19.333492
18.245031
18.678717
18.355577
18.245031
17.590254
17.483957
18.355577
17.483957
18.245031
18.245031
18.57242
19.006104
19.333492
19.006104
17.917643
18.138737
17.7008
18.134485
17.811346
17.917643
19.116652
17.156569
17.917643
18.57242
17.594505
18.682968
18.576672
16.939726
17.377663
17.271368
17.16082
16.727137
17.8156
17.050274
17.921894
17.165071
16.833431
16.722885
16.833431
17.271368
16.943977
17.165071
15.859768
16.62084
16.399746
16.510294
16.2892
16.727137
16.837683
16.943977
16.833431
16.510294
17.058777
15.315537
15.532378
15.532378
15.970315
15.319788
15.209241
14.227075
15.753472
15.970315
15.642925
16.080862
15.536632
14.9924
14.881853
15.430335
14.881853
15.319788
14.9924
15.536632
15.209241
14.988147
16.297703
15.536632
16.080862
15.4260845
14.66501
15.536632
14.771306
15.098694
15.4260845
15.319788
14.7755575
15.757724
15.647177
14.014484
14.448169
15.319788
14.125031
14.235578
14.120779
14.669261
14.779808
14.231326
14.341873
15.319788
15.753472
14.669261
14.554463
15.536632
15.213492
15.319788
15.753472
14.886105
14.014484
15.319788
16.629345
15.4260845
15.20499
15.4260845
15.209241
16.297703
15.642925
16.187157
14.9924
14.66501
15.209241
14.558716
14.018736
14.673514
14.235578
13.691346
13.25341
14.996652
14.125031
15.213492
14.341873
14.7755575
15.757724
15.540882
14.66501
14.562967
14.779808
14.448169
15.319788
13.908189
14.014484
13.474504
13.040821
14.129283
12.823978
12.607137
12.9345255
12.390294
12.82823
12.611388
12.279747
12.2839985
13.155619
12.9345255
11.95661
12.500841
12.607137
12.607137
13.261915
12.279747
13.040821
13.261915
12.9345255
12.823978
12.173452
13.040821
12.49659
12.173452
11.735517
13.261915
11.629221
12.390294
12.390294
12.500841
12.82823
12.717683
12.390294
11.518674
13.045072
12.062905
13.045072
13.589303
12.279747
12.823978
12.607137
12.607137
11.952358
13.261915
12.279747
13.040821
13.91244
12.823978
12.713431
12.49659
12.500841
12.062905
12.823978
12.607137
12.9345255
12.823978
12.82823
13.155619
12.607137
12.607137
12.173452
12.390294
12.717683
12.390294
11.629221
12.9345255
11.846064
11.95661
12.82823
11.952358
11.846064
13.155619
11.95661
11.301832
12.611388
11.629221
11.518674
12.062905
11.95661
12.2839985
12.390294
11.301832
11.739767
11.08499
12.2839985
10.757601
10.651306
12.611388
12.500841
11.95661
11.518674
11.846064
12.279747
12.062905
12.717683
12.500841
12.279747
12.607137
13.045072
12.823978
13.045072
11.735517
12.823978
12.390294
12.390294
11.191285
11.846064
11.95661
12.500841
11.412379
12.500841
12.611388
12.173452
10.647054
12.062905
11.846064
10.9744425
13.045072
12.607137
11.629221
12.500841
12.279747
11.952358
13.257662
13.040821
13.801893
14.673514
13.797642
12.926022
14.346125
14.125031
13.5808
13.363957
13.691346
13.474504
14.018736
13.695599
12.823978
13.474504
13.040821
12.279747
12.713431
13.474504
12.717683
13.585052
13.474504
12.819726
14.456672
14.562967
13.5808
14.018736
14.129283
13.797642
13.908189
14.018736
14.129283
14.018736
14.779808
14.129283
14.779808
14.886105
13.691346
14.022987
14.235578
12.49659
14.022987
13.91244
13.257662
13.589303
12.823978
13.261915
13.151368
11.95661
12.82823
12.82823
13.261915
13.589303
12.9345255
13.806146
13.695599
12.607137
14.022987
14.018736
13.474504
13.695599
14.346125
14.018736
13.040821
13.478756
13.261915
12.717683
13.045072
12.500841
13.257662
13.151368
12.279747
14.350377
13.257662
13.151368
12.173452
12.717683
13.045072
13.261915
12.173452
12.9345255
13.589303
12.82823
12.390294
13.257662
13.478756
13.155619
12.717683
13.695599
13.151368
13.589303
12.9345255
12.279747
12.2839985
12.717683
12.717683
13.155619
12.82823
13.045072
12.717683
11.629221
12.938777
13.69985
11.739767
13.155619
13.049324
13.266166
12.2839985
11.95661
12.394546
12.938777
13.155619
12.717683
11.95661
13.589303
12.500841
12.390294
12.9345255
12.717683
13.368209
13.151368
12.500841
13.045072
11.846064
12.173452
12.500841
13.045072
12.82823
12.717683
12.500841
12.611388
11.846064
12.177704
13.266166
12.500841
12.2839985
12.82823
12.390294
13.045072
12.500841
12.390294
12.82823
13.155619
12.607137
13.151368
13.69985
13.261915
13.368209
12.607137
13.478756
13.372462
12.82823
12.279747
12.607137
14.022987
13.695599
12.717683
12.938777
12.173452
12.82823
13.372462
13.589303
13.155619
12.390294
13.155619
12.82823
13.155619
12.82823
12.717683
14.2440815
13.155619
13.478756
12.390294
12.82823
13.151368
13.478756
12.717683
13.695599
13.91244
13.801893
13.91244
13.368209
13.91244
13.806146
13.151368
13.368209
12.717683
13.69985
13.045072
14.133534
13.695599
13.372462
13.478756
12.390294
13.045072
13.155619
12.717683
13.91244
13.806146
14.567219
14.346125
13.91244
13.478756
13.368209
13.801893
13.91244
14.562967
13.368209
13.589303
12.713431
13.69985
13.151368
13.806146
13.261915
13.155619
14.23983
13.261915
12.9345255
12.500841
13.045072
13.589303
12.717683
13.372462
12.82823
13.155619
13.368209
13.916693
13.585052
13.695599
14.02724
13.695599
14.23983
13.257662
14.018736
14.890355
15.107199
14.456672
14.562967
13.695599
13.585052
14.346125
14.022987
13.91244
13.478756
13.368209
12.9345255
13.916693
13.261915
14.2440815
13.261915
13.91244
14.022987
13.585052
14.129283
13.691346
15.11145
14.562967
12.930274
13.806146
13.801893
14.018736
14.346125
14.235578
14.341873
13.91244
14.673514
14.567219
14.45242
13.257662
14.346125
13.474504
14.022987
14.346125
13.801893
13.261915
13.801893
13.261915
14.133534
14.133534
13.695599
13.589303
14.784061
13.261915
14.460924
13.478756
14.23983
14.018736
14.996652
14.346125
14.669261
15.430335
15.107199
13.5808
15.107199
14.890355
13.797642
14.673514
15.000902
14.558716
14.23983
14.235578
14.018736
14.022987
14.235578
13.801893
14.350377
13.908189
15.217746
14.8946085
13.801893
14.346125
14.45242
14.562967
15.000902
15.540882
15.430335
14.779808
14.45242
14.669261
14.996652
15.434587
15.213492
14.341873
14.341873
15.545134
15.213492
14.235578
14.45242
14.890355
14.23983
15.217746
12.9345255
13.695599
13.585052
13.478756
13.916693
14.456672
13.040821
14.567219
14.350377
14.018736
14.784061
13.585052
13.91244
13.801893
15.217746
14.673514
14.45242
14.45242
14.673514
15.540882
14.235578
14.346125
15.107199
14.346125
13.257662
14.23983
13.691346
14.456672
14.022987
13.801893
14.022987
14.129283
13.691346
13.801893
13.691346
13.801893
13.147116
14.784061
13.695599
14.456672
14.129283
14.562967
14.125031
14.23983
14.23983
13.801893
14.346125
14.673514
14.890355
14.346125
13.474504
13.806146
13.691346
14.346125
15.11145
14.129283
13.801893
14.567219
13.695599
14.129283
13.801893
13.801893
14.784061
14.673514
14.346125
14.677766
14.779808
14.562967
14.784061
13.91244
13.585052
14.129283
14.456672
14.784061
13.695599
13.91244
13.151368
13.474504
14.129283
13.151368
14.129283
13.91244
13.695599
13.801893
13.801893
13.5808
13.474504
13.806146
13.368209
14.456672
12.930274
13.151368
13.589303
13.040821
14.784061
14.567219
13.691346
14.346125
13.695599
13.585052
13.257662
13.589303
13.695599
13.585052
14.673514
13.474504
13.585052
13.363957
13.585052
13.151368
12.49659
14.022987
13.69985
13.589303
13.695599
14.022987
13.045072
14.022987
12.823978
12.823978
13.151368
12.607137
13.261915
13.91244
13.261915
13.045072
13.695599
12.823978
13.045072
14.23983
12.717683
14.350377
13.806146
13.151368
14.460924
13.478756
13.261915
14.2440815
13.806146
13.151368
14.133534
14.129283
13.585052
14.022987
12.9345255
12.717683
13.261915
12.938777
12.173452
13.806146
13.372462
13.151368
12.279747
13.045072
13.69985
13.916693
13.585052
13.261915
12.9345255
12.823978
14.23983
13.695599
13.916693
13.91244
12.823978
13.372462
13.806146
14.129283
13.801893
13.372462
12.823978
12.9345255
13.916693
12.9345255
13.261915
13.261915
13.589303
13.478756
12.390294
13.261915
12.82823
13.151368
13.372462
13.155619
13.045072
13.261915
13.045072
13.155619
13.045072
12.49659
12.717683
14.133534
13.261915
13.261915
12.611388
12.9345255
12.500841
13.372462
13.155619
12.611388
13.155619
13.810397
12.82823
12.717683
13.69985
12.938777
12.2839985
12.500841
13.483009
12.82823
12.938777
12.938777
12.173452
13.045072
13.483009
12.500841
13.045072
12.2839985
12.2839985
13.372462
12.2839985
12.390294
12.82823
13.155619
13.372462
13.155619
12.394546
12.2839985
12.82823
12.067157
12.938777
12.394546
12.177704
13.266166
13.155619
12.505093
12.398798
11.7440195
11.522925
12.505093
12.394546
12.067157
12.82823
12.505093
12.717683
13.155619
12.2839985
12.82823
12.82823
11.629221
13.155619
13.045072
13.045072
13.589303
12.500841
13.045072
13.045072
12.505093
12.61564
12.721935
10.978694
11.960861
12.177704
12.2839985
12.611388
12.500841
12.2839985
12.067157
12.82823
11.95661
12.611388
12.611388
12.938777
11.95661
11.95661
12.611388
13.69985
12.717683
14.133534
12.9345255
11.846064
13.589303
11.95661
11.846064
13.155619
12.2839985
12.500841
12.067157
13.155619
12.82823
12.500841
12.173452
12.067157
13.045072
12.721935
11.850314
11.95661
12.2839985
12.938777
12.607137
12.717683
12.611388
12.607137
13.155619
13.266166
13.261915
13.261915
12.82823
13.045072
12.173452
13.155619
12.82823
12.82823
13.69985
13.155619
13.372462
13.69985
12.390294
13.045072
12.500841
12.82823
13.372462
12.390294
13.69985
12.82823
12.2839985
12.500841
12.717683
12.717683
13.155619
13.155619
13.916693
13.589303
13.045072
13.916693
13.478756
13.806146
13.478756
14.129283
13.478756
12.713431
12.9345255
12.9345255
13.257662
13.478756
14.022987
13.368209
13.261915
13.478756
13.478756
12.9345255
12.717683
12.9345255
13.806146
13.695599
12.930274
13.589303
13.806146
13.695599
13.478756
13.478756
13.040821
14.890355
14.346125
14.346125
15.000902
14.890355
14.673514
14.23983
13.91244
14.018736
14.346125
14.779808
14.890355
13.801893
14.235578
14.129283
13.474504
13.691346
13.372462
13.478756
13.368209
13.478756
14.23983
13.372462
13.589303
13.151368
14.567219
14.022987
13.91244
13.585052
13.806146
13.695599
13.691346
13.801893
14.562967
14.890355
14.346125
15.324039
14.018736
14.673514
14.45242
14.235578
14.673514
15.217746
14.022987
13.91244
13.372462
13.151368
14.456672
14.350377
13.801893
13.368209
13.585052
13.801893
13.368209
13.695599
14.890355
13.368209
14.23983
15.107199
13.908189
14.125031
15.217746
15.540882
14.669261
15.540882
15.540882
15.430335
15.757724
15.647177
14.886105
15.757724
14.45242
14.45242
15.213492
14.779808
14.779808
14.341873
14.779808
14.562967
14.45242
14.779808
15.217746
14.996652
15.107199
14.779808
14.890355
14.125031
15.107199
15.324039
14.235578
14.45242
14.45242
15.978818
15.540882
14.9924
14.779808
15.213492
15.651429
15.213492
15.978818
14.341873
14.562967
15.107199
14.558716
14.669261
14.45242
15.647177
14.562967
15.213492
15.328293
14.45242
14.018736
15.213492
15.434587
14.669261
14.996652
15.324039
14.779808
14.779808
14.341873
14.779808
14.45242
15.213492
16.085114
16.085114
15.536632
16.085114
15.864019
15.757724
15.647177
15.864019
16.40825
15.753472
15.540882
15.757724
15.213492
14.669261
15.107199
14.890355
14.886105
15.000902
14.996652
14.886105
15.540882
15.213492
14.779808
15.651429
14.673514
15.868271
14.45242
15.651429
16.191408
15.430335
16.191408
16.080862
16.301954
16.40825
17.063028
15.757724
15.102947
16.191408
15.864019
15.974566
16.080862
16.191408
15.864019
16.518799
16.301954
14.9924
15.757724
15.319788
14.9924
15.107199
15.974566
15.102947
15.102947
15.430335
15.864019
16.629345
16.301954
15.864019
15.974566
16.085114
16.191408
15.864019
15.974566
16.846186
15.4260845
16.301954
16.191408
15.430335
16.518799
16.080862
15.974566
16.191408
15.319788
15.319788
14.996652
15.434587
15.102947
15.647177
15.647177
15.647177
14.886105
15.213492
14.125031
14.890355
15.213492
14.996652
15.761976
14.996652
14.996652
15.978818
15.757724
15.651429
15.757724
14.346125
15.978818
14.779808
14.886105
15.324039
15.107199
15.757724
14.996652
15.651429
14.562967
15.651429
14.018736
14.567219
14.018736
14.890355
15.000902
14.346125
14.669261
14.562967
14.018736
14.673514
13.691346
14.779808
14.996652
14.346125
14.673514
13.908189
14.23983
15.328293
15.213492
15.540882
15.217746
15.107199
14.558716
14.45242
14.562967
14.996652
14.779808
13.801893
14.129283
15.545134
14.346125
14.018736
14.456672
14.784061
14.23983
15.000902
14.460924
13.916693
14.350377
14.022987
13.69985
13.478756
14.460924
14.022987
13.478756
13.483009
14.022987
13.478756
14.022987
14.784061
14.350377
13.695599
14.673514
14.2440815
13.695599
13.695599
14.2440815
13.589303
14.022987
13.695599
13.151368
13.372462
14.23983
13.151368
13.69985
13.045072
13.589303
13.261915
13.045072
12.82823
13.155619
14.022987
13.372462
13.916693
13.368209
14.133534
14.350377
12.9345255
12.9345255
14.022987
13.478756
14.460924
14.022987
13.91244
14.677766
13.806146
14.456672
13.806146
13.69985
14.23983
13.695599
13.810397
13.806146
13.695599
13.372462
13.916693
13.589303
13.261915
13.155619
14.57147
13.806146
12.500841
13.589303
14.02724
12.82823
13.69985
13.916693
12.717683
14.2440815
13.916693
13.478756
13.478756
14.2440815
13.155619
14.460924
13.478756
14.465176
13.916693
13.372462
14.02724
13.916693
14.02724
13.483009
13.483009
13.810397
12.82823
13.5935545
13.483009
13.155619
13.810397
13.483009
13.483009
12.394546
12.394546
12.500841
12.611388
13.69985
13.155619
13.266166
14.2440815
13.483009
12.394546
13.704102
13.589303
13.155619
13.69985
13.69985
13.810397
13.916693
12.938777
13.159871
12.61564
12.181956
12.292503
11.204041
11.965114
12.619891
11.527178
12.505093
11.420882
12.836734
12.509345
12.398798
11.854567
12.509345
12.398798
12.398798
12.292503
13.159871
11.633472
12.836734
12.177704
11.7440195
12.943029
11.527178
12.288251
11.204041
12.403049
11.531429
11.748272
11.420882
12.186207
11.965114
11.527178
12.398798
11.420882
11.637725
11.637725
12.075661
11.531429
11.527178
11.637725
12.288251
12.071408
12.505093
13.270417
13.266166
11.633472
13.376713
12.177704
12.181956
11.960861
13.049324
12.288251
12.288251
13.5935545
12.394546
13.049324
11.960861
11.850314
12.943029
12.394546
12.181956
12.071408
11.960861
12.394546
11.960861
12.288251
12.721935
12.832482
13.266166
13.376713
13.049324
12.067157
12.61564
12.177704
12.505093
12.832482
12.177704
12.61564
13.049324
11.850314
13.48726
12.394546
12.394546
13.376713
12.394546
11.960861
13.48726
13.266166
12.938777
12.288251
12.288251
12.721935
13.049324
11.850314
12.505093
13.376713
13.049324
12.394546
12.938777
12.938777
12.177704
12.2839985
12.721935
12.721935
13.69985
13.5935545
14.2440815
13.151368
13.045072
14.2440815
13.916693
14.133534
13.372462
13.916693
13.261915
14.23983
13.478756
13.045072
13.151368
13.261915
13.478756
14.567219
13.478756
14.460924
13.261915
13.695599
13.045072
13.916693
12.9345255
14.350377
13.589303
13.916693
13.695599
13.589303
13.806146
13.257662
14.567219
14.8946085
14.456672
13.368209
13.151368
14.022987
14.346125
14.456672
14.129283
14.890355
14.022987
14.129283
14.784061
14.456672
14.456672
14.8946085
13.695599
14.784061
14.567219
15.005156
13.585052
13.589303
14.673514
13.261915
13.695599
14.129283
13.585052
13.695599
14.784061
14.784061
13.585052
14.23983
14.562967
15.107199
14.456672
15.11145
13.5808
15.217746
13.801893
14.673514
14.562967
15.545134
14.886105
14.125031
15.107199
15.978818
14.45242
14.779808
15.324039
14.346125
14.996652
14.8946085
15.217746
14.784061
14.45242
14.784061
13.695599
14.673514
13.478756
13.589303
13.585052
13.589303
13.806146
13.916693
14.460924
14.673514
14.673514
14.456672
14.673514
15.324039
15.868271
15.430335
15.324039
14.779808
16.085114
15.540882
14.456672
15.651429
14.23983
15.328293
14.890355
13.695599
14.567219
12.9345255
13.261915
13.695599
14.350377
14.23983
13.478756
13.69985
13.695599
13.806146
14.133534
14.133534
13.695599
13.916693
13.478756
13.806146
13.806146
13.806146
14.677766
14.346125
14.784061
13.908189
14.8946085
13.91244
13.474504
13.368209
13.040821
13.478756
13.368209
13.478756
13.916693
13.478756
12.500841
12.062905
12.82823
13.483009
13.261915
13.589303
13.368209
14.133534
13.368209
13.916693
12.607137
13.045072
14.133534
14.460924
13.478756
12.9345255
13.045072
14.350377
13.368209
12.607137
13.916693
13.045072
13.261915
13.478756
13.810397
12.9345255
13.589303
12.607137
13.261915
13.045072
13.916693
13.261915
12.607137
12.500841
13.045072
13.261915
13.589303
13.155619
13.69985
13.261915
12.717683
13.695599
14.02724
13.261915
14.022987
13.589303
13.695599
13.045072
13.478756
14.022987
13.478756
13.368209
13.147116
13.368209
13.695599
13.368209
13.151368
13.478756
13.368209
13.040821
13.478756
12.717683
13.478756
13.155619
13.69985
13.478756
13.155619
13.589303
13.151368
13.151368
13.806146
13.478756
13.589303
13.589303
13.261915
13.040821
13.040821
13.589303
14.673514
13.368209
13.589303
13.585052
13.91244
14.673514
14.346125
14.456672
14.022987
14.567219
14.018736
14.456672
13.585052
13.040821
13.045072
12.9345255
12.607137
12.717683
13.261915
13.045072
12.9345255
12.062905
13.585052
13.045072
12.717683
12.607137
13.368209
14.23983
14.350377
13.040821
13.585052
13.474504
13.801893
13.585052
13.91244
13.797642
14.673514
13.695599
14.673514
13.691346
13.585052
14.018736
14.125031
14.890355
14.346125
14.235578
14.235578
13.147116
13.363957
14.456672
14.673514
14.779808
14.890355
13.91244
14.125031
14.129283
14.784061
14.235578
13.474504
15.000902
14.562967
14.673514
15.11145
14.018736
14.45242
15.324039
15.324039
15.324039
14.129283
14.673514
14.129283
14.45242
15.107199
15.000902
14.235578
14.45242
13.91244
15.000902
13.040821
13.151368
13.040821
13.368209
13.589303
13.695599
13.257662
14.784061
13.151368
13.801893
14.890355
14.125031
14.669261
15.217746
15.107199
14.996652
14.996652
14.673514
14.125031
14.886105
15.213492
15.430335
16.080862
15.864019
15.536632
16.080862
15.970315
16.191408
15.647177
16.191408
15.430335
15.864019
15.102947
15.647177
15.647177
15.647177
15.209241
15.319788
15.757724
15.319788
15.757724
15.757724
15.536632
16.085114
15.651429
15.209241
15.864019
15.647177
15.753472
16.514547
17.386166
17.27562
17.381914
16.62084
16.62084
16.837683
16.837683
16.514547
17.27562
17.81985
17.169323
15.859768
16.404
17.058777
16.40825
15.753472
16.191408
15.753472
16.731388
15.970315
17.063028
16.187157
16.514547
16.625093
17.165071
17.058777
17.930397
17.492462
17.926146
17.713554
16.731388
17.058777
17.386166
18.35983
17.492462
17.492462
18.142988
17.381914
17.488209
16.833431
16.731388
16.62084
17.603008
15.859768
16.94823
15.536632
15.859768
16.514547
16.080862
16.731388
17.058777
16.625093
17.165071
16.62084
17.27562
16.62084
17.926146
17.165071
17.488209
17.598757
17.598757
17.271368
17.598757
18.355577
18.03244
17.598757
18.03244
18.253534
17.054525
17.165071
16.514547
17.386166
17.381914
17.169323
17.27562
16.076609
16.73564
16.076609
17.058777
16.625093
16.297703
16.952482
15.753472
16.514547
16.187157
16.952482
15.864019
16.514547
17.713554
16.297703
16.076609
17.169323
17.058777
16.731388
17.386166
17.165071
16.187157
17.27562
16.94823
16.514547
17.27562
16.731388
16.625093
16.080862
16.514547
16.187157
16.625093
15.319788
16.191408
15.647177
15.647177
15.536632
16.085114
16.40825
15.753472
16.297703
15.098694
16.514547
15.864019
16.080862
15.536632
15.647177
14.881853
15.974566
15.864019
15.970315
16.40825
15.319788
15.536632
15.647177
15.4260845
16.080862
15.209241
15.315537
16.518799
16.625093
15.753472
16.625093
15.098694
16.625093
16.40825
15.647177
15.757724
15.430335
15.647177
16.301954
15.540882
14.558716
15.540882
15.757724
14.886105
16.085114
14.779808
16.085114
16.089365
15.217746
15.213492
14.886105
15.324039
16.297703
15.757724
15.647177
14.886105
14.669261
14.558716
14.996652
16.629345
15.974566
15.213492
15.213492
15.430335
14.341873
15.217746
14.886105
15.102947
14.669261
16.301954
15.647177
15.107199
14.562967
14.45242
14.779808
15.540882
15.651429
14.779808
15.757724
15.319788
15.868271
15.102947
14.341873
15.868271
14.558716
16.085114
15.757724
15.319788
15.536632
14.669261
15.974566
15.319788
16.518799
15.974566
15.319788
15.324039
15.107199
14.45242
14.45242
14.45242
14.996652
15.213492
16.085114
15.761976
14.673514
15.213492
16.306208
15.102947
15.213492
16.306208
14.886105
15.651429
15.974566
15.978818
15.757724
15.536632
15.434587
15.540882
15.761976
15.540882
15.978818
15.324039
15.978818
15.761976
15.540882
14.996652
15.545134
15.868271
15.651429
14.456672
14.562967
14.890355
14.996652
15.434587
15.107199
15.978818
15.868271
15.324039
15.324039
15.757724
15.434587
15.978818
15.978818
16.629345
15.324039
15.540882
14.996652
15.430335
16.518799
15.978818
15.757724
16.625093
16.191408
15.647177
16.629345
16.629345
16.629345
16.956734
16.518799
16.191408
17.390417
16.629345
15.536632
15.761976
16.518799
15.974566
15.761976
15.213492
16.306208
15.651429
16.73564
16.629345
16.629345
16.40825
16.846186
17.717808
16.952482
16.629345
17.390417
16.518799
15.974566
16.956734
17.717808
16.301954
17.063028
17.390417
17.279871
16.846186
18.040945
17.717808
16.841934
16.301954
17.390417
17.390417
16.40825
16.952482
17.390417
17.60726
16.73564
16.952482
16.73564
16.191408
17.60726
16.518799
16.625093
17.063028
16.73564
16.952482
16.73564
17.60726
17.496714
17.386166
18.368332
17.824102
17.492462
17.930397
17.824102
17.713554
17.169323
18.040945
16.952482
16.625093
17.279871
17.390417
17.063028
16.297703
17.60726
17.063028
17.063028
17.390417
17.60726
16.625093
16.952482
16.952482
17.496714
17.279871
16.952482
17.169323
17.063028
17.279871
17.496714
17.717808
16.846186
16.952482
17.60726
17.934649
17.60726
17.279871
17.390417
16.518799
16.518799
16.625093
17.063028
16.625093
17.063028
17.173576
16.739893
16.846186
16.40825
16.739893
16.846186
16.629345
17.500965
16.518799
16.952482
16.625093
16.301954
17.500965
16.73564
15.970315
17.60726
16.846186
16.40825
16.412502
16.191408
16.40825
16.73564
16.952482
17.824102
17.063028
16.952482
16.629345
15.864019
17.390417
16.73564
17.063028
16.73564
16.73564
17.390417
16.625093
16.080862
17.713554
17.713554
16.40825
17.063028
16.625093
16.191408
16.846186
16.846186
16.846186
16.846186
17.279871
16.629345
17.063028
16.191408
16.956734
17.063028
16.40825
15.864019
17.713554
17.934649
17.390417
17.824102
16.301954
16.846186
16.952482
17.173576
16.73564
16.625093
16.846186
16.73564
16.514547
15.974566
16.301954
17.717808
17.390417
17.279871
17.828354
16.518799
15.974566
16.739893
16.085114
17.063028
16.629345
17.390417
16.73564
16.846186
16.956734
16.518799
16.40825
16.085114
16.40825
17.500965
15.868271
16.301954
17.173576
16.518799
16.73564
16.841934
16.73564
17.390417
16.518799
16.846186
16.956734
17.063028
16.301954
16.73564
16.518799
16.412502
16.523048
16.085114
15.324039
15.545134
15.434587
15.978818
16.199913
15.434587
15.107199
15.872524
16.523048
15.324039
15.978818
16.412502
15.324039
17.071531
15.974566
15.868271
15.761976
16.195662
15.324039
16.412502
16.85044
17.177828
16.956734
16.739893
16.416756
15.872524
15.217746
15.978818
15.540882
16.089365
14.779808
15.11145
15.766228
16.089365
16.306208
16.416756
15.000902
15.761976
15.761976
15.221997
15.872524
15.107199
15.872524
15.328293
14.673514
15.655681
15.005156
14.784061
15.217746
15.655681
15.766228
15.655681
15.328293
15.872524
15.43884
15.761976
15.872524
15.876775
15.000902
14.890355
14.567219
15.11145
15.221997
15.115701
14.2440815
14.133534
14.137786
14.788313
13.483009
13.810397
13.483009
14.137786
13.810397
13.372462
15.553638
14.788313
14.022987
15.443091
14.57147
14.02724
14.354629
14.23983
14.460924
13.810397
13.806146
15.115701
15.009407
13.916693
14.2440815
14.460924
15.226248
14.788313
13.916693
14.02724
13.589303
15.221997
14.784061
14.8946085
15.332544
15.005156
15.005156
14.682017
15.115701
14.677766
15.005156
15.005156
14.350377
14.677766
14.8946085
15.221997
15.221997
14.8946085
15.766228
15.655681
15.761976
15.43884
15.766228
15.328293
15.000902
15.000902
15.43884
15.11145
16.089365
16.527302
15.761976
15.11145
15.11145
15.545134
14.784061
16.633596
16.416756
16.089365
15.761976
15.434587
15.43884
15.217746
14.996652
16.523048
15.978818
16.306208
15.324039
15.43884
15.43884
15.434587
15.328293
15.43884
14.784061
15.217746
15.545134
16.199913
16.199913
14.8946085
14.23983
14.8946085
15.107199
15.000902
16.306208
15.545134
15.872524
15.328293
15.324039
15.217746
15.872524
16.523048
15.434587
15.545134
15.107199
15.978818
16.744143
15.107199
14.784061
15.876775
14.23983
15.655681
15.115701
14.23983
14.567219
15.766228
15.328293
15.217746
15.978818
15.545134
15.651429
14.890355
15.217746
16.085114
16.85044
15.545134
15.217746
16.089365
15.545134
14.890355
16.523048
15.217746
15.868271
16.629345
15.107199
15.651429
15.324039
15.868271
15.328293
15.434587
14.890355
15.000902
16.633596
15.000902
15.651429
16.412502
15.545134
15.868271
16.085114
15.868271
17.06728
16.085114
16.629345
15.868271
15.540882
15.757724
17.173576
16.40825
16.412502
16.301954
15.864019
15.868271
16.629345
16.629345
15.978818
16.739893
16.73564
16.191408
16.85044
16.952482
16.412502
16.846186
17.063028
16.956734
16.301954
15.757724
16.085114
16.301954
16.518799
16.301954
17.063028
16.40825
16.518799
17.063028
17.173576
16.085114
17.173576
17.063028
16.191408
16.301954
15.974566
15.974566
16.956734
16.518799
16.412502
16.301954
16.518799
16.846186
16.412502
16.625093
17.279871
16.40825
18.26204
16.952482
16.518799
16.952482
17.279871
16.191408
16.518799
16.846186
15.868271
15.647177
16.523048
16.846186
15.978818
16.40825
16.956734
16.73564
15.868271
16.629345
17.39467
16.73564
16.412502
16.629345
15.864019
15.978818
16.73564
16.40825
15.974566
16.40825
16.625093
16.73564
16.846186
17.500965
16.956734
16.195662
15.978818
15.757724
16.85044
16.739893
16.846186
17.284122
16.085114
16.085114
16.518799
17.390417
16.739893
15.974566
16.085114
16.195662
16.191408
16.301954
16.956734
17.284122
16.846186
16.195662
16.523048
16.301954
16.412502
16.301954
16.085114
15.978818
16.629345
17.717808
16.846186
16.73564
17.173576
17.173576
16.629345
16.191408
17.500965
16.080862
17.173576
16.523048
16.085114
15.974566
16.85044
16.629345
17.500965
17.717808
17.717808
17.390417
16.523048
17.390417
16.73564
17.173576
17.173576
17.717808
16.846186
16.412502
16.739893
17.500965
16.629345
17.828354
16.195662
16.846186
16.085114
16.952482
17.717808
17.717808
16.40825
16.085114
16.40825
17.39467
17.063028
16.085114
16.846186
17.828354
16.518799
17.063028
16.739893
16.85044
16.629345
17.06728
15.430335
15.540882
16.195662
16.085114
16.629345
17.177828
16.956734
16.518799
17.288374
16.195662
16.846186
16.416756
17.500965
16.518799
16.301954
16.412502
16.412502
16.306208
17.173576
16.306208
16.306208
16.739893
15.872524
15.978818
17.284122
15.761976
16.306208
16.195662
17.06728
17.284122
16.629345
16.085114
17.284122
16.956734
17.173576
16.523048
15.978818
15.651429
15.868271
16.089365
17.06728
16.085114
17.177828
15.761976
15.868271
15.872524
16.85044
16.523048
16.523048
15.978818
15.761976
16.744143
15.651429
15.651429
15.761976
16.739893
15.868271
16.960987
15.872524
16.523048
15.434587
16.089365
15.107199
16.744143
15.655681
15.328293
16.199913
15.655681
15.655681
15.978818
15.766228
15.549385
15.328293
15.545134
15.43884
15.761976
15.000902
15.005156
15.43884
15.434587
16.093616
16.199913
15.328293
16.527302
15.221997
14.8946085
14.673514
15.11145
15.11145
15.443091
14.788313
15.11145
14.456672
15.332544
15.221997
15.655681
15.43884
14.784061
15.11145
15.221997
14.567219
15.43884
14.350377
15.332544
14.02724
14.460924
14.8946085
14.784061
15.876775
15.332544
14.677766
14.02724
14.677766
14.677766
14.788313
15.549385
15.766228
15.766228
15.549385
15.11145
14.460924
14.460924
14.2440815
14.788313
15.443091
15.332544
14.350377
15.332544
15.332544
14.460924
14.788313
14.677766
14.677766
15.332544
14.682017
14.57147
13.810397
13.69985
14.354629
14.460924
15.549385
15.221997
15.983071
15.43884
14.788313
15.005156
15.221997
15.664186
15.005156
14.57147
14.682017
14.788313
14.8946085
15.872524
15.005156
15.43884
15.221997
15.11145
14.677766
15.221997
14.89886
15.43884
14.8946085
16.31046
15.655681
15.655681
15.876775
16.093616
15.11145
14.788313
15.332544
14.788313
15.005156
14.57147
15.221997
15.332544
14.89886
15.43884
15.328293
15.659932
15.332544
15.983071
15.983071
16.306208
16.089365
16.637848
16.633596
15.983071
16.31046
15.983071
15.872524
16.744143
16.744143
15.655681
15.655681
15.766228
16.089365
15.221997
15.11145
15.328293
15.332544
15.659932
15.221997
15.655681
15.549385
16.637848
15.978818
16.523048
15.872524
16.527302
15.761976
16.633596
16.633596
17.177828
16.416756
15.872524
15.978818
15.983071
15.766228
16.744143
15.761976
15.983071
15.659932
15.545134
15.434587
15.872524
15.983071
16.85044
16.306208
16.960987
16.85044
16.960987
16.960987
16.85469
16.416756
16.199913
16.85469
15.43884
15.761976
15.876775
15.655681
16.089365
17.177828
16.421007
16.85469
15.43884
16.089365
15.655681
16.093616
15.761976
16.527302
16.416756
16.416756
15.549385
16.527302
16.960987
15.978818
15.655681
15.549385
16.089365
15.872524
16.089365
16.85044
16.85469
16.637848
15.545134
16.306208
16.421007
16.31046
16.199913
17.398922
16.633596
15.659932
15.766228
15.43884
15.876775
16.199913
15.549385
16.31046
15.655681
15.659932
15.549385
15.766228
15.221997
15.659932
15.655681
16.31046
16.421007
15.761976
15.655681
15.766228
15.876775
15.328293
15.876775
15.766228
15.766228
15.332544
15.443091
15.005156
15.221997
15.005156
15.005156
15.115701
14.792564
14.788313
14.465176
15.009407
14.137786
15.009407
14.57147
15.770479
14.677766
15.226248
15.443091
15.221997
15.221997
14.89886
15.221997
14.89886
15.226248
15.659932
15.005156
14.57147
14.465176
15.332544
15.659932
15.115701
15.766228
15.221997
15.115701
15.876775
15.443091
15.009407
15.005156
15.983071
16.425257
15.005156
15.43884
16.204163
15.876775
15.983071
16.31046
15.655681
15.43884
16.31046
15.221997
15.549385
15.549385
15.115701
16.748394
15.005156
15.11145
15.443091
15.328293
15.655681
15.766228
16.416756
16.416756
15.983071
16.199913
16.416756
15.43884
17.071531
16.089365
16.637848
15.549385
15.11145
15.876775
15.766228
15.872524
15.766228
16.527302
16.633596
16.416756
16.527302
15.983071
15.983071
15.43884
15.983071
16.199913
16.199913
16.637848
15.766228
16.633596
15.983071
16.527302
16.416756
15.872524
15.983071
16.527302
15.872524
15.655681
16.421007
15.872524
16.527302
16.531553
15.655681
16.416756
17.284122
17.39467
16.523048
17.398922
17.177828
16.744143
15.872524
16.85469
16.527302
17.288374
16.306208
17.071531
17.288374
16.306208
17.177828
15.978818
16.960987
16.637848
15.328293
16.637848
17.071531
17.071531
16.85044
17.18208
15.872524
16.527302
17.071531
16.85469
16.089365
16.31046
16.416756
16.31046
16.748394
15.545134
16.85044
16.527302
16.089365
17.071531
16.85044
16.960987
16.416756
16.416756
15.766228
15.766228
17.288374
16.31046
16.089365
17.071531
16.523048
16.527302
15.872524
16.421007
16.093616
15.655681
16.421007
15.872524
16.31046
16.31046
16.85469
15.766228
15.766228
16.85469
15.987322
15.872524
16.093616
15.655681
16.416756
15.983071
16.633596
15.43884
16.633596
16.527302
16.637848
16.089365
16.31046
16.199913
16.527302
15.872524
16.199913
15.761976
15.766228
15.761976
15.332544
15.876775
15.43884
15.549385
15.11145
15.000902
15.987322
16.633596
16.527302
16.637848
16.527302
15.443091
15.545134
16.531553
16.093616
15.983071
16.204163
15.328293
15.332544
15.43884
15.332544
15.221997
14.89886
15.226248
14.89886
15.005156
15.009407
15.009407
15.005156
15.226248
15.549385
14.788313
15.221997
15.221997
15.770479
14.788313
14.89886
14.02724
14.57147
15.987322
15.009407
14.792564
14.682017
14.137786
14.354629
14.682017
13.920944
15.336795
14.682017
14.465176
14.682017
14.354629
14.465176
15.226248
14.2440815
14.354629
14.792564
14.354629
14.248333
14.682017
15.009407
14.682017
14.137786
14.02724
14.89886
15.553638
15.659932
15.115701
15.553638
14.682017
15.226248
15.009407
15.332544
15.115701
14.682017
14.788313
13.372462
14.465176
13.916693
13.69985
15.336795
14.57147
14.677766
14.682017
14.2440815
14.677766
15.009407
15.332544
13.916693
15.009407
15.443091
14.460924
15.332544
14.8946085
14.677766
15.115701
14.460924
15.221997
15.009407
15.005156
14.350377
14.682017
14.682017
14.460924
15.226248
15.664186
14.682017
14.89886
14.465176
14.354629
15.009407
14.788313
14.682017
14.792564
13.916693
13.810397
14.57147
14.89886
14.02724
14.465176
14.57147
13.810397
14.792564
14.465176
13.916693
15.119954
14.788313
13.483009
14.354629
14.02724
14.354629
14.792564
14.792564
13.69985
15.009407
14.465176
14.354629
14.89886
14.02724
14.02724
14.137786
13.372462
14.89886
14.682017
14.133534
14.57147
14.465176
13.810397
14.354629
14.02724
15.226248
14.788313
14.2440815
15.553638
14.682017
13.5935545
14.02724
13.372462
14.465176
14.2440815
14.02724
14.2440815
14.682017
14.57147
14.02724
14.57147
14.792564
15.005156
14.792564
14.788313
15.332544
14.89886
14.2440815
13.589303
14.57147
13.810397
14.89886
14.248333
14.788313
15.336795
13.69985
15.115701
14.2440815
15.115701
14.460924
15.115701
14.354629
14.354629
14.2440815
14.788313
14.354629
13.916693
14.89886
14.57147
14.89886
14.788313
14.57147
15.226248
13.69985
15.115701
15.226248
14.57147
13.916693
14.2440815
15.009407
14.354629
14.57147
15.443091
15.005156
14.8946085
15.655681
15.549385
16.089365
15.43884
15.545134
15.655681
15.761976
15.655681
16.421007
15.872524
15.328293
15.872524
15.328293
16.31046
16.093616
16.416756
15.545134
16.31046
16.195662
15.000902
15.545134
16.306208
16.739893
16.199913
16.085114
15.868271
16.633596
15.978818
16.412502
16.960987
16.306208
16.195662
16.195662
16.089365
16.195662
16.085114
17.500965
17.828354
17.284122
16.40825
17.611511
15.978818
16.412502
16.195662
17.39467
17.284122
16.40825
16.412502
16.846186
18.045197
16.956734
16.629345
17.173576
16.956734
17.177828
17.173576
16.195662
15.761976
17.06728
17.063028
16.85044
16.956734
16.301954
16.739893
16.956734
17.390417
17.173576
16.629345
17.60726
17.828354
17.284122
17.173576
17.717808
17.717808
17.173576
18.045197
16.301954
18.47888
17.390417
17.063028
17.173576
16.40825
16.952482
18.589426
17.717808
17.390417
16.846186
18.155743
18.045197
17.390417
17.496714
17.390417
17.279871
18.368332
17.828354
17.173576
17.496714
17.60726
17.60726
17.496714
17.390417
17.390417
18.151491
17.063028
17.717808
16.846186
16.518799
17.60726
16.846186
17.173576
17.500965
16.846186
17.284122
16.846186
16.412502
16.306208
16.089365
16.306208
15.978818
15.549385
15.655681
16.199913
15.328293
15.43884
15.770479
14.2440815
15.221997
15.115701
15.009407
15.226248
14.354629
14.137786
15.009407
13.920944
13.376713
13.597807
13.597807
12.832482
13.925196
13.380964
12.509345
12.181956
12.075661
12.836734
12.943029
12.730438
12.186207
11.748272
11.858818
12.407301
12.296754
10.991449
11.973618
12.296754
11.641976
11.858818
11.641976
11.646228
11.752523
11.425134
10.880902
10.557766
10.885155
10.557766
10.885155
10.995702
9.686145
10.340923
10.889407
10.45147
9.690397
9.473556
9.473556
10.017787
10.455723
9.584103
9.256713
9.477807
10.0220375
9.256713
9.256713
9.69465
9.584103
9.584103
9.69465
8.929324
8.49564
8.278798
8.716734
8.49564
8.1725025
9.482059
7.8451138
7.6282716
7.9599123
8.287301
7.632523
7.74307
7.526228
6.765155
7.636775
6.981997
7.853617
6.9777446
7.1988387
8.181006
7.9641643
6.5483127
6.981997
6.875702
6.765155
6.114629
5.136713
5.8977866
6.2251754
5.5703974
5.243008
6.769407
5.464102
5.140965
5.357807
5.140965
4.4861865
4.924123
6.123132
4.379892
4.8178277
4.7072806
4.7072806
4.5967336
4.0525026
4.1630497
3.6188183
4.8178277
4.2735963
3.62307
3.8399122
3.078839
2.861997
3.406228
3.7336173
2.972544
2.2114706
2.6451547
2.6494067
1.8840815
2.1009235
2.8662488
2.972544
2.8662488
2.4283128
2.6494067
1.7777863
1.4503974
2.4325645
1.8883334
2.7599535
2.2157223
1.7777863
0.14934468
0.910418
1.6714911
-0.17379257
0.58728075
0.69782764
0.043049537
-0.6074768
0.26414344
-0.3906347
-1.0411611
-0.058993805
-1.2580031
-1.5811403
-1.1474562
-1.5811403
-1.6916873
-0.603225
-1.4748453
-0.49267802
-1.1474562
-1.9085294
-1.0369092
-2.7758977
-1.3600464
-1.5768886
-2.448509
-3.2095819
-3.099035
-2.2274148
-3.099035
-2.771646
-3.099035
-2.9884882
-2.9884882
-4.1874976
-2.882193
-4.0769506
-3.2053301
-4.2937922
-4.5106344
-3.8558567
-3.8558567
-3.8558567
-4.7274766
-4.1832457
-3.5284674
-4.400088
-3.7453096
-4.61693
-4.289541
-4.1789937
-5.267456
-4.506383
-5.5948453
-4.1789937
-4.940067
-4.068447
-5.050614
-4.612678
-5.3737516
-5.5948453
-5.484298
-4.940067
-5.161161
-4.82952
-5.3737516
-4.82952
-5.8116875
-5.156909
-4.7232246
-5.5905933
-5.484298
-6.1348248
-4.718973
-5.2632046
-6.6790557
-4.82952
-6.4622135
-5.5905933
-6.7853503
-6.674804
-6.0242777
-6.24112
-5.9137306
-7.1127396
-6.4579616
-6.3474145
-7.1127396
-7.873813
-6.7853503
-6.4579616
-6.4579616
-7.0021925
-7.4358773
-6.7810993
-6.130573
-7.546424
-6.24112
-6.3474145
-7.0021925
-6.130573
-7.1084886
-7.873813
-6.674804
-6.887394
-8.086404
-6.3474145
-5.5863414
-6.7853503
-6.674804
-6.4579616
-6.4579616
-5.9137306
-6.0242777
-6.351667
-5.369499
-6.8958974
-6.24112
-4.8252683
-6.674804
-5.9137306
-4.718973
-5.4800463
-6.351667
-5.4800463
-5.9137306
-5.8074355
-5.8074355
-4.82952
-5.0463624
-5.8116875
-3.851605
-4.940067
-4.506383
-3.9621515
-3.7410579
-3.4179204
-4.400088
-4.1789937
-4.0726986
-3.5284674
-4.1789937
-4.0726986
-5.054866
-2.9842362
-3.0947833
-3.6390145
-2.5505521
-2.116868
-3.5327191
-2.9884882
-1.5768886
-3.2095819
-1.2494994
-2.2316666
-2.6696026
-0.81581527
-1.6874356
-2.8864448
-1.1432043
-0.9263622
-2.5590558
-1.1432043
-0.59897316
-2.1211197
-0.81581527
-1.7979825
-2.448509
-0.81581527
-1.5768886
-2.5590558
-1.7937305
-1.5768886
-2.448509
-2.1211197
-2.1211197
-2.1211197
-1.9042777
-1.3642982
-2.448509
-1.6874356
-1.9085294
-1.9085294
-1.7979825
-0.9263622
-1.1432043
-1.1474562
-1.0369092
-1.9085294
-1.5811403
-0.2758359
-1.6916873
-1.4748453
-0.8200671
-1.4748453
-0.2758359
-1.1474562
-1.2580031
-1.1474562
-1.2580031
-0.930614
-1.0411611
-0.16954076
0.26414344
-0.16954076
1.1357636
0.58728075
1.0252168
0.58728075
1.8925852
1.9988803
1.6714911
2.5431116
2.7599535
1.1230083
3.631574
2.6494067
2.5388596
1.9988803
2.6494067
2.3220174
2.7599535
2.4325645
2.5388596
2.9767957
2.4325645
2.4325645
2.6494067
2.7557018
2.4325645
3.4104798
1.8840815
3.954711
3.6273217
2.972544
2.8662488
2.534608
3.7336173
3.5167751
4.0610065
3.62307
4.3841434
3.5125234
5.1452165
5.0346694
3.6188183
4.6009855
4.490439
4.924123
4.490439
5.795743
6.012585
5.140965
4.379892
5.6851964
5.6851964
5.357807
4.269345
6.2294273
4.8135757
4.924123
4.8135757
5.357807
6.1188803
4.9198713
6.769407
6.008333
5.353555
6.769407
6.2251754
6.3314705
7.203091
6.5483127
5.6766925
6.6588597
6.5483127
6.875702
6.544061
6.4377656
8.287301
7.305134
6.87145
7.521976
8.176754
7.0882916
8.287301
8.393597
8.066207
8.720985
7.9599123
8.610438
8.061955
8.716734
9.588354
8.606187
8.8230295
9.911491
9.800944
9.584103
9.911491
9.907239
9.690397
10.345176
9.690397
10.45147
10.017787
10.885155
10.124082
10.885155
10.668313
10.774608
10.447219
10.885155
11.756775
12.407301
11.969365
11.8630705
11.752523
11.531429
12.624144
12.296754
12.947281
12.619891
13.602058
11.965114
11.854567
13.491511
12.181956
12.288251
13.270417
12.403049
12.726187
13.376713
13.053576
13.053576
13.920944
12.721935
13.814649
13.704102
13.159871
12.832482
13.159871
13.266166
13.049324
12.943029
14.248333
12.938777
12.721935
13.704102
14.465176
13.810397
13.483009
14.354629
14.89886
13.916693
13.483009
14.682017
14.354629
13.5935545
14.031491
13.483009
13.483009
14.137786
13.5935545
12.938777
14.137786
14.02724
13.261915
14.57147
13.916693
14.677766
13.916693
14.460924
14.354629
14.57147
14.89886
13.69985
14.677766
14.354629
14.57147
14.788313
13.589303
14.02724
14.133534
14.350377
13.920944
14.350377
13.483009
13.69985
14.788313
15.11145
15.11145
14.784061
15.43884
15.766228
15.11145
15.434587
14.350377
15.005156
15.43884
14.567219
14.346125
15.000902
14.8946085
15.217746
15.545134
14.018736
15.983071
14.8946085
14.129283
14.8946085
15.005156
15.11145
15.434587
14.996652
16.416756
15.107199
15.978818
14.890355
16.199913
15.978818
16.306208
16.195662
16.306208
15.651429
15.757724
15.328293
15.324039
16.523048
15.540882
15.974566
16.416756
15.000902
15.545134
15.766228
14.784061
15.107199
15.217746
15.000902
16.089365
15.757724
15.324039
16.301954
15.107199
16.195662
15.540882
16.412502
16.633596
15.651429
15.324039
15.324039
15.872524
15.000902
14.779808
15.328293
15.434587
14.890355
15.217746
14.8946085
14.779808
15.213492
15.107199
15.978818
15.974566
16.739893
16.195662
16.301954
15.434587
15.868271
15.761976
15.651429
14.996652
15.107199
14.779808
15.213492
15.217746
15.430335
15.761976
16.089365
14.784061
14.125031
14.456672
14.890355
14.890355
14.129283
15.868271
15.328293
15.328293
14.890355
15.328293
14.562967
15.545134
14.779808
14.23983
14.235578
14.673514
14.23983
14.456672
15.221997
15.000902
15.000902
14.350377
14.23983
14.567219
15.221997
14.456672
14.784061
14.350377
14.567219
14.460924
14.23983
14.460924
13.91244
13.589303
13.916693
14.022987
13.916693
14.788313
13.585052
14.133534
14.788313
14.567219
14.57147
13.806146
14.2440815
14.788313
14.022987
13.806146
13.155619
13.483009
14.02724
13.155619
14.137786
13.69985
14.2440815
13.69985
13.266166
14.354629
13.916693
13.045072
13.69985
13.045072
13.483009
13.69985
13.266166
13.69985
13.266166
13.372462
14.137786
13.810397
13.810397
12.067157
13.376713
13.155619
13.266166
12.721935
13.5935545
12.394546
12.611388
12.177704
13.483009
13.704102
13.810397
12.288251
12.61564
12.61564
11.527178
11.416631
12.071408
12.509345
11.7440195
11.310335
11.310335
12.071408
12.292503
11.420882
11.204041
11.420882
11.204041
11.310335
12.075661
11.093493
11.314588
10.659809
11.858818
11.310335
10.987199
11.204041
11.425134
10.770356
11.425134
11.641976
10.226125
11.969365
10.119829
11.425134
11.531429
9.9029875
10.557766
10.774608
10.230376
10.991449
9.792441
9.792441
9.686145
10.124082
9.686145
9.796692
9.686145
9.469303
10.234629
9.792441
10.340923
9.57985
9.24821
9.469303
9.252461
9.035619
9.252461
9.146166
9.3630085
8.597683
9.035619
10.124082
9.3630085
8.601935
9.146166
8.818777
9.3630085
9.690397
8.70823
9.473556
8.274546
9.035619
9.256713
8.168251
9.256713
9.690397
8.057704
8.712482
8.606187
7.840862
8.8230295
9.039871
7.5177245
7.951409
8.389345
8.933577
7.5134726
6.9734936
6.9734936
7.4071774
7.0840406
7.5177245
7.0840406
7.6282716
7.6282716
7.7345667
6.6503563
7.1945877
7.1945877
6.6503563
7.0882916
6.760903
6.9777446
7.305134
7.849365
6.9777446
7.849365
6.216672
5.3450513
6.981997
6.327219
4.8050723
6.2209234
6.110377
5.7872396
5.7872396
6.2209234
5.6766925
6.981997
5.6724405
5.893534
6.6588597
6.2209234
6.114629
6.3314705
5.0219145
5.4598503
5.6766925
5.3493037
5.6766925
6.114629
6.3314705
5.8977866
5.026166
6.2251754
5.026166
4.698777
5.6809444
4.592482
4.8093243
5.24726
4.1587977
6.1188803
5.136713
3.9377036
5.464102
5.6809444
4.698777
5.026166
4.8093243
5.136713
4.1587977
4.4861865
5.574649
4.37564
3.3977246
3.7251134
3.7251134
3.2871776
3.8356605
3.2914293
4.7072806
3.1808825
2.3092623
2.747198
3.5082712
2.202967
3.7293656
3.4019763
2.530356
2.530356
4.2735963
2.202967
3.1851342
3.074587
2.7514498
2.0966718
2.968292
2.0966718
2.2072186
2.534608
2.424061
1.9903767
2.6451547
1.8798298
2.972544
2.5388596
2.3220174
1.4503974
1.5566925
2.1051755
2.2114706
2.1009235
1.8883334
1.6672394
1.1230083
2.5388596
1.5566925
0.9019143
2.3220174
1.5566925
1.8840815
1.3398503
0.90616614
2.1051755
1.6672394
0.90616614
1.7777863
2.4325645
1.0167131
1.7777863
1.2335552
1.3441021
1.2335552
1.8883334
1.9988803
1.3441021
1.9988803
1.1230083
1.2335552
0.5787771
0.689324
0.90616614
1.8840815
1.6672394
0.361935
0.90616614
1.7777863
1.6714911
0.689324
1.8883334
1.4546491
0.689324
1.2335552
1.6714911
1.7777863
0.25563982
0.47248197
0.5830289
1.0167131
1.5609442
2.4325645
0.47248197
0.5787771
1.3398503
1.2335552
1.5609442
1.4503974
1.4503974
1.3441021
0.799871
1.3441021
2.1051755
0.689324
1.8883334
1.5609442
2.2114706
1.6672394
1.5609442
1.6672394
1.4503974
2.4325645
1.4503974
1.7777863
1.0167131
1.9946285
2.8662488
0.90616614
0.7956192
2.1051755
1.9946285
1.0124613
0.90616614
1.7777863
1.9946285
2.2114706
1.3398503
2.1051755
1.7777863
1.3398503
2.5388596
2.5388596
2.7557018
1.5566925
1.8840815
2.2114706
1.4503974
1.5566925
1.3398503
1.6672394
1.3398503
2.3220174
1.3398503
1.6672394
1.7777863
2.6494067
1.1230083
2.1051755
1.2293034
1.5566925
2.3220174
2.3220174
2.8662488
1.3398503
1.5566925
1.6672394
2.4283128
1.9946285
1.9946285
2.6451547
1.7735345
1.8840815
2.972544
2.4283128
2.3177657
3.189386
1.9903767
2.2072186
3.078839
1.8798298
3.5125234
3.2956812
3.62307
3.2956812
3.1851342
3.1851342
3.1851342
3.2956812
3.1851342
2.8577452
3.4019763
4.2735963
3.7293656
4.1630497
4.2735963
2.530356
3.1851342
4.490439
3.8356605
2.530356
4.1630497
4.490439
4.1630497
4.269345
4.1630497
4.7072806
4.1587977
3.7251134
4.8135757
4.7030287
5.6809444
4.592482
5.030418
5.464102
4.37564
4.37564
4.4861865
5.6809444
4.9198713
5.030418
5.030418
5.464102
5.136713
5.030418
4.7030287
5.030418
6.1188803
5.574649
4.9198713
5.136713
5.030418
5.8977866
6.008333
5.4598503
5.6809444
5.353555
6.986249
5.4598503
4.915619
6.2251754
5.7872396
5.5703974
5.5703974
6.3314705
6.875702
6.114629
5.5703974
7.747322
5.893534
6.2209234
6.875702
6.875702
6.4377656
6.5483127
6.3314705
6.765155
6.2209234
6.765155
6.4377656
6.544061
7.526228
7.1988387
6.765155
7.526228
7.849365
6.327219
7.74307
6.544061
7.0882916
7.4114294
7.415681
7.9599123
7.738818
7.4114294
7.0882916
7.738818
7.4114294
6.8671985
7.305134
7.1945877
7.632523
7.4114294
6.9777446
7.8451138
8.393597
7.4114294
8.499891
7.3008823
8.1725025
7.0840406
8.066207
8.061955
7.5177245
9.260964
8.278798
8.716734
9.260964
8.28305
7.8451138
9.150418
7.955661
8.499891
7.6282716
7.6282716
7.955661
8.389345
7.955661
8.1725025
8.716734
8.933577
8.278798
8.8230295
8.933577
8.606187
7.8451138
9.69465
8.385093
8.933577
9.36726
8.385093
9.150418
8.168251
8.716734
9.256713
9.256713
9.039871
8.606187
9.039871
8.385093
8.168251
8.601935
8.168251
9.473556
9.256713
9.584103
9.584103
8.929324
9.911491
9.256713
9.911491
8.818777
8.929324
9.039871
8.491387
8.274546
9.584103
9.3630085
10.017787
9.911491
8.601935
9.800944
9.36726
8.818777
9.690397
9.256713
9.256713
9.035619
9.796692
10.45147
9.252461
9.796692
10.340923
9.252461
10.013535
10.017787
9.907239
9.3630085
9.690397
10.230376
10.234629
10.013535
9.141914
9.146166
8.925072
9.3630085
10.013535
10.340923
10.562017
9.146166
9.57985
9.800944
9.146166
8.70823
9.690397
9.473556
9.3630085
9.146166
8.70823
9.3630085
9.584103
8.385093
8.818777
9.146166
9.907239
8.818777
8.163999
9.150418
8.818777
8.491387
8.712482
9.584103
8.818777
8.601935
9.256713
9.256713
8.712482
9.473556
8.712482
8.929324
9.256713
9.256713
8.168251
8.385093
9.256713
8.274546
8.712482
8.601935
8.601935
9.256713
8.8230295
9.584103
8.168251
7.6240196
8.716734
8.49564
7.951409
8.8230295
8.712482
8.168251
7.5134726
7.6282716
8.168251
8.712482
8.49564
8.057704
9.473556
8.712482
8.49564
7.7345667
8.389345
8.389345
7.6240196
8.278798
8.168251
8.49564
7.5177245
8.933577
9.039871
7.079788
8.278798
9.039871
8.057704
8.061955
7.6240196
7.8451138
8.389345
7.8451138
7.7345667
8.49564
9.039871
8.061955
8.606187
7.5177245
8.499891
7.079788
7.3008823
8.28305
6.9734936
5.8892827
7.849365
6.8671985
5.6724405
6.87145
6.9777446
6.9777446
7.849365
6.6503563
8.1725025
6.539809
8.499891
7.0840406
7.3008823
6.8671985
7.521976
7.6282716
7.4114294
5.995578
7.521976
6.6503563
5.3450513
6.544061
5.7829876
6.544061
6.654608
5.3493037
6.981997
5.99983
5.5661454
5.3493037
6.765155
4.6945252
6.2209234
5.3493037
6.110377
6.110377
6.0040812
6.4377656
6.765155
5.2387567
6.110377
5.5661454
7.1988387
6.544061
5.7829876
7.526228
5.6724405
6.216672
5.7829876
5.5661454
5.3493037
5.2387567
4.8050723
5.132461
5.6766925
5.0219145
5.3493037
5.0219145
5.4598503
6.0040812
5.893534
5.893534
5.0219145
5.4598503
5.99983
5.99983
6.2209234
6.544061
5.2387567
6.4377656
6.760903
4.9113674
6.110377
5.893534
5.1282096
5.5661454
5.132461
4.477683
6.0040812
5.3493037
6.0040812
5.893534
5.4555984
5.3493037
5.893534
6.110377
5.0219145
6.2209234
5.6724405
5.893534
6.110377
5.893534
5.7829876
5.5661454
6.4377656
6.327219
5.2387567
5.7829876
4.9113674
5.4555984
6.4377656
5.8892827
6.327219
6.2209234
6.765155
6.327219
6.110377
6.216672
6.327219
6.110377
6.110377
5.3493037
5.3493037
5.893534
6.765155
5.7829876
5.6724405
5.893534
6.654608
6.216672
6.216672
6.216672
6.87145
6.327219
6.216672
5.7829876
7.0882916
6.6503563
6.433514
7.305134
6.539809
7.1988387
6.327219
7.521976
7.738818
6.3229666
6.760903
6.106125
6.760903
6.433514
6.433514
6.6503563
7.1945877
7.0840406
7.3008823
6.433514
7.4114294
7.738818
7.4114294
6.6503563
6.8671985
7.1945877
7.0840406
7.0840406
8.499891
7.8451138
7.0840406
8.1725025
7.738818
7.955661
7.3008823
7.1903353
8.499891
8.1725025
7.8451138
7.951409
7.3008823
7.3008823
6.9734936
6.9734936
8.1725025
7.4071774
8.278798
8.061955
8.606187
8.49564
8.057704
7.5177245
7.5177245
7.8451138
9.150418
8.057704
8.385093
8.385093
8.057704
8.168251
9.039871
8.712482
8.274546
9.584103
8.929324
8.163999
8.057704
8.818777
9.256713
9.146166
8.712482
9.584103
8.385093
8.0534525
9.039871
9.473556
8.818777
9.146166
8.70823
8.70823
9.252461
10.013535
9.252461
9.57985
9.57985
9.3630085
8.814526
8.814526
10.668313
9.686145
9.469303
8.925072
9.141914
10.230376
10.774608
9.465052
10.447219
10.013535
10.447219
10.880902
10.5535145
10.5535145
11.531429
11.208292
10.442967
11.204041
11.531429
10.659809
11.204041
10.549262
10.33242
11.420882
11.199788
12.292503
11.637725
11.7440195
11.7440195
12.398798
12.505093
13.266166
12.071408
12.61564
12.611388
11.960861
13.270417
13.049324
12.505093
12.938777
13.155619
12.505093
12.611388
12.938777
13.69985
12.717683
13.155619
13.589303
12.611388
12.611388
13.372462
13.589303
13.589303
13.69985
14.133534
13.151368
13.478756
14.133534
14.022987
13.695599
13.69985
13.478756
14.350377
13.69985
13.585052
14.567219
14.677766
14.562967
13.801893
14.677766
14.890355
14.235578
15.545134
15.434587
15.434587
14.890355
14.673514
14.562967
15.651429
14.346125
15.217746
15.540882
14.996652
15.328293
14.890355
14.7755575
14.890355
14.996652
14.996652
16.195662
15.324039
14.886105
16.301954
16.085114
15.868271
15.974566
15.4260845
16.301954
16.080862
15.864019
16.952482
16.40825
16.73564
16.40825
15.098694
16.40825
16.952482
16.514547
16.952482
16.40825
16.841934
17.169323
16.731388
16.40825
16.514547
17.169323
17.27562
17.386166
16.625093
16.62084
17.165071
17.27562
17.926146
17.381914
18.036694
17.492462
18.142988
17.27562
17.709303
18.687218
17.492462
18.35983
18.580925
17.709303
18.249283
18.35983
18.35983
19.448292
17.921894
18.904062
17.8156
18.355577
19.55884
18.576672
18.466124
18.904062
18.576672
19.44404
19.120903
18.682968
18.461872
19.227198
19.881977
18.466124
19.44404
19.992523
18.682968
19.44404
19.120903
18.682968
18.461872
19.116652
20.098818
19.227198
19.333492
19.227198
19.77143
18.576672
19.227198
18.78926
19.660883
19.881977
19.44404
19.550335
19.010355
19.767178
20.094566
19.44404
20.532501
19.550335
20.421955
19.660883
19.006104
19.660883
19.988272
19.550335
19.006104
19.006104
19.439789
19.333492
19.550335
19.877724
19.439789
20.528252
19.877724
20.311407
19.550335
19.660883
19.550335
20.528252
19.877724
20.094566
19.439789
19.656631
20.638798
19.333492
19.32924
21.18303
20.417704
20.421955
19.767178
20.311407
20.311407
19.546083
20.749346
19.439789
19.98402
20.638798
20.855639
19.550335
20.749346
20.200863
19.550335
19.32924
19.767178
18.895557
19.32924
20.421955
20.749346
20.855639
20.638798
19.546083
20.966187
20.200863
20.094566
20.421955
19.767178
19.98402
19.550335
19.767178
20.094566
20.749346
19.656631
19.98402
18.78926
19.767178
20.205114
20.749346
19.767178
19.550335
19.988272
19.439789
19.877724
19.656631
20.311407
20.205114
20.200863
19.660883
20.532501
20.638798
19.660883
20.205114
19.877724
19.550335
19.988272
20.094566
20.638798
20.859892
19.877724
20.094566
20.532501
19.550335
19.550335
20.421955
19.333492
19.439789
19.333492
19.877724
20.094566
20.532501
19.333492
20.094566
19.44404
19.877724
19.333492
19.554586
19.550335
19.222946
19.222946
19.333492
19.222946
19.877724
19.77143
19.77143
19.439789
20.31566
19.660883
18.78926
19.554586
19.006104
18.899809
19.222946
20.205114
19.006104
19.006104
19.988272
18.682968
18.78926
19.660883
19.227198
18.245031
19.333492
19.44404
18.355577
19.227198
20.205114
19.660883
19.227198
19.010355
18.78926
18.78926
19.120903
19.227198
19.44404
18.899809
19.337746
18.899809
20.532501
19.337746
19.44404
19.227198
19.665134
19.44404
18.682968
19.120903
19.44404
18.576672
18.682968
18.355577
18.904062
19.120903
18.35983
18.35983
18.466124
19.227198
18.35983
19.120903
18.682968
18.03244
19.120903
18.793514
19.665134
18.249283
18.249283
18.03244
17.921894
18.249283
18.797766
18.687218
18.687218
17.8156
18.253534
18.470377
18.797766
18.036694
17.598757
18.687218
17.054525
17.8156
17.598757
18.253534
19.23145
18.35983
17.8156
18.904062
18.036694
17.598757
18.03244
18.576672
17.492462
17.8156
18.35983
17.603008
18.470377
17.165071
17.930397
17.492462
17.81985
17.165071
16.94823
16.837683
17.81985
16.62084
17.058777
17.81985
17.603008
17.713554
16.952482
16.731388
17.60726
17.386166
16.731388
16.40825
16.952482
16.40825
16.404
16.40825
16.73564
17.058777
16.841934
16.952482
16.625093
16.080862
16.40825
16.625093
17.824102
15.864019
15.536632
16.629345
16.40825
16.191408
17.279871
15.647177
16.846186
15.647177
16.191408
16.629345
16.301954
16.846186
16.301954
16.846186
16.625093
15.319788
16.080862
16.952482
16.629345
16.085114
15.864019
16.412502
15.324039
15.540882
15.324039
15.651429
15.213492
15.107199
16.199913
14.669261
15.761976
15.655681
14.890355
14.23983
14.677766
15.545134
15.328293
14.456672
15.217746
14.784061
14.022987
14.567219
13.695599
15.43884
14.784061
14.022987
15.332544
14.022987
14.350377
14.2440815
13.372462
13.695599
13.483009
13.916693
13.806146
14.682017
13.589303
13.806146
13.69985
13.69985
13.045072
13.372462
14.57147
13.372462
13.261915
13.155619
14.2440815
13.916693
13.69985
13.69985
13.69985
13.266166
13.810397
13.155619
12.938777
13.159871
13.159871
13.69985
14.031491
13.049324
13.266166
13.270417
12.721935
12.611388
12.61564
12.832482
13.266166
13.920944
12.61564
13.266166
12.2839985
13.5935545
12.288251
12.394546
13.159871
13.376713
11.960861
11.965114
12.832482
12.61564
11.748272
11.637725
12.726187
12.509345
12.071408
11.310335
11.531429
12.836734
11.310335
10.987199
11.965114
11.531429
11.858818
11.314588
11.314588
10.442967
11.748272
11.748272
10.770356
11.531429
10.442967
10.5535145
10.770356
11.314588
10.880902
10.664061
11.208292
10.336672
10.119829
10.230376
10.119829
10.009283
9.9029875
10.119829
10.009283
10.230376
9.792441
10.774608
10.447219
10.336672
10.230376
10.664061
11.101996
10.557766
10.009283
9.469303
9.465052
10.991449
9.9029875
9.24821
10.013535
10.340923
10.119829
10.447219
10.664061
9.686145
9.690397
9.469303
9.141914
9.686145
8.814526
9.796692
10.340923
10.013535
9.358756
10.340923
9.141914
9.358756
10.447219
10.119829
9.035619
10.885155
9.9029875
9.141914
10.991449
9.358756
10.013535
10.009283
9.9029875
10.668313
9.796692
9.031367
10.013535
9.686145
9.141914
10.995702
8.814526
9.907239
9.686145
9.141914
10.234629
10.013535
9.469303
10.013535
10.013535
10.230376
9.690397
10.124082
9.469303
10.340923
9.3630085
9.469303
9.686145
10.557766
8.925072
10.124082
9.686145
9.686145
8.814526
9.796692
9.141914
9.57985
10.013535
9.358756
9.3630085
9.907239
9.686145
9.3630085
9.252461
8.929324
10.340923
9.469303
9.469303
8.925072
9.3630085
9.469303
9.907239
10.230376
9.252461
9.907239
9.469303
8.818777
9.252461
8.597683
9.035619
9.146166
8.818777
9.690397
8.925072
8.38084
8.818777
8.597683
9.473556
9.469303
9.141914
9.907239
9.3630085
9.9029875
9.141914
9.907239
9.358756
10.119829
10.119829
9.796692
9.358756
9.686145
10.668313
9.358756
8.925072
10.013535
9.9029875
10.017787
9.796692
9.252461
9.57985
9.469303
9.690397
9.141914
8.925072
9.252461
10.119829
10.45147
9.469303
9.3630085
10.77886
10.013535
9.57985
9.141914
9.252461
10.995702
10.230376
10.124082
10.340923
9.469303
10.230376
9.473556
10.234629
8.925072
9.146166
8.818777
8.491387
8.818777
9.473556
8.70823
10.017787
9.141914
8.274546
9.473556
10.013535
9.3630085
10.017787
8.925072
9.473556
8.70823
8.491387
9.035619
8.70823
9.3630085
9.035619
8.491387
8.929324
9.57985
9.57985
10.017787
8.491387
9.146166
8.929324
8.491387
8.385093
9.256713
9.473556
9.57985
8.491387
9.800944
9.690397
8.818777
8.491387
9.473556
8.163999
9.690397
9.256713
9.035619
8.818777
9.36726
9.146166
8.0534525
8.70823
8.712482
9.800944
10.017787
9.3630085
8.712482
8.274546
9.911491
9.800944
9.57985
9.256713
9.256713
8.274546
8.818777
8.929324
9.57985
9.146166
10.234629
9.256713
8.929324
9.256713
9.800944
10.017787
8.818777
9.584103
9.690397
9.907239
8.70823
9.035619
9.57985
9.035619
8.70823
9.3630085
8.818777
8.70823
9.473556
9.473556
8.491387
8.818777
9.146166
9.358756
8.929324
10.017787
8.70823
9.690397
9.796692
8.597683
8.818777
9.358756
9.252461
10.340923
9.469303
9.141914
9.252461
10.45147
10.447219
9.469303
10.885155
9.686145
10.013535
10.124082
10.124082
9.796692
9.575599
9.686145
10.013535
10.230376
9.469303
9.57985
9.9029875
9.141914
9.469303
9.9029875
9.686145
10.885155
10.230376
10.230376
9.796692
9.57985
10.664061
10.009283
10.447219
10.230376
10.664061
9.792441
9.9029875
9.465052
10.447219
10.230376
10.336672
9.465052
10.668313
9.686145
9.575599
10.774608
10.230376
10.447219
10.991449
10.230376
9.575599
10.880902
10.987199
9.575599
10.447219
11.425134
11.318839
10.880902
11.425134
10.664061
11.208292
10.5535145
10.336672
10.5535145
10.226125
11.752523
10.880902
10.5535145
9.571347
11.641976
10.880902
10.987199
10.447219
10.226125
11.097745
10.876652
11.204041
11.425134
10.876652
11.314588
11.420882
11.093493
11.531429
11.204041
11.310335
10.442967
10.987199
10.987199
12.071408
11.314588
10.876652
11.965114
11.858818
11.204041
11.093493
12.292503
11.748272
11.527178
12.071408
11.204041
12.181956
12.181956
12.181956
11.310335
11.637725
12.075661
11.314588
10.766105
11.965114
12.075661
11.637725
11.310335
12.403049
11.093493
11.527178
11.310335
12.398798
11.854567
11.637725
12.181956
11.965114
12.071408
11.7440195
12.181956
12.398798
11.527178
11.527178
12.619891
11.854567
11.199788
12.181956
12.292503
12.398798
12.071408
11.965114
11.7440195
11.199788
12.292503
11.637725
12.398798
11.637725
12.075661
12.292503
11.089241
11.637725
12.398798
11.854567
11.854567
12.726187
12.398798
12.071408
12.071408
11.7440195
11.310335
11.637725
11.965114
12.071408
12.071408
11.310335
11.965114
12.071408
12.398798
11.965114
11.637725
11.965114
11.748272
11.531429
11.7440195
11.965114
11.637725
11.199788
12.398798
12.509345
10.872399
12.619891
12.61564
11.416631
13.270417
11.7440195
12.071408
12.509345
12.726187
10.982946
12.075661
12.292503
11.748272
11.854567
11.637725
12.292503
11.7440195
10.987199
12.403049
10.766105
11.420882
10.876652
12.292503
11.965114
11.310335
11.420882
11.965114
11.093493
10.982946
11.314588
11.854567
11.093493
12.288251
11.420882
11.748272
11.637725
12.071408
11.093493
11.748272
11.854567
11.314588
11.637725
11.858818
11.093493
11.858818
11.531429
12.075661
12.186207
11.420882
11.310335
10.766105
10.5535145
11.204041
11.748272
11.748272
11.097745
10.987199
11.637725
10.987199
11.858818
10.549262
11.531429
10.880902
10.987199
10.33242
11.204041
11.314588
10.770356
10.876652
10.226125
10.987199
10.880902
10.336672
10.442967
11.531429
10.33242
11.531429
12.075661
10.33242
10.009283
10.664061
10.442967
10.442967
10.447219
11.314588
10.987199
11.097745
11.314588
11.314588
11.204041
11.208292
11.535681
10.33242
10.991449
10.5535145
10.987199
10.442967
11.097745
10.33242
10.987199
10.880902
10.987199
10.115578
11.314588
11.314588
10.33242
10.226125
10.447219
11.097745
10.33242
10.226125
10.770356
11.420882
10.442967
11.097745
10.987199
11.420882
11.969365
11.204041
11.204041
10.336672
10.659809
10.876652
11.531429
11.204041
10.549262
10.876652
10.987199
11.093493
11.310335
11.752523
10.987199
11.310335
11.097745
11.420882
11.854567
11.965114
11.531429
12.292503
11.314588
11.531429
10.876652
10.876652
11.641976
10.987199
11.748272
11.641976
10.876652
11.637725
11.858818
11.965114
10.438715
12.186207
11.748272
11.097745
12.398798
11.965114
11.420882
11.965114
11.420882
11.199788
11.420882
11.748272
11.854567
11.527178
11.204041
11.097745
10.659809
11.641976
12.186207
11.748272
11.858818
11.527178
11.420882
11.204041
11.965114
11.637725
11.748272
10.876652
12.403049
11.204041
11.097745
11.425134
11.314588
10.982946
11.208292
11.420882
10.766105
11.314588
11.748272
10.766105
11.969365
11.420882
11.748272
12.186207
11.748272
10.876652
10.987199
11.093493
11.420882
12.075661
11.854567
10.987199
11.097745
11.748272
11.858818
10.549262
12.075661
12.075661
10.659809
11.748272
11.748272
11.641976
10.770356
10.987199
10.770356
11.204041
11.531429
11.531429
11.858818
11.420882
10.659809
11.204041
11.637725
11.965114
11.969365
10.876652
11.204041
10.766105
11.097745
11.858818
11.858818
10.442967
11.093493
10.442967
11.858818
10.880902
11.097745
10.880902
11.097745
10.991449
11.420882
10.336672
11.752523
10.33242
10.442967
10.226125
11.318839
11.637725
11.965114
10.987199
11.204041
11.314588
11.314588
12.186207
11.208292
10.659809
11.097745
10.33242
10.5535145
10.880902
10.770356
11.314588
10.5535145
10.5535145
10.991449
11.097745
11.425134
11.208292
11.535681
10.987199
10.659809
10.987199
11.531429
12.075661
10.987199
12.296754
12.181956
11.858818
11.420882
11.641976
12.075661
11.637725
11.858818
11.748272
10.659809
12.186207
10.770356
11.097745
11.097745
10.880902
10.987199
11.314588
10.987199
11.314588
12.186207
12.186207
10.987199
11.965114
11.097745
11.641976
11.637725
12.292503
12.181956
11.7440195
12.071408
12.181956
11.965114
11.854567
12.836734
10.982946
11.637725
11.748272
12.071408
12.181956
11.748272
12.726187
11.420882
12.726187
12.075661
13.164123
12.726187
12.726187
11.748272
11.854567
11.310335
11.965114
11.965114
12.509345
12.726187
12.505093
12.61564
11.854567
12.398798
11.7440195
12.071408
12.721935
12.292503
12.398798
13.049324
12.505093
13.597807
12.726187
11.850314
12.505093
11.7440195
13.376713
13.376713
12.505093
12.61564
13.049324
12.2839985
12.61564
13.704102
13.266166
12.82823
12.505093
13.376713
12.61564
11.960861
12.61564
13.266166
11.633472
12.288251
12.832482
12.071408
12.394546
11.739767
13.48726
12.938777
12.500841
12.394546
13.266166
12.943029
13.155619
12.938777
12.721935
12.938777
13.810397
13.155619
12.938777
12.82823
12.938777
13.266166
12.500841
12.067157
13.049324
13.155619
12.938777
13.049324
12.832482
12.394546
13.049324
13.049324
13.810397
13.266166
12.938777
13.483009
12.721935
13.483009
13.810397
12.938777
13.589303
12.611388
13.045072
13.155619
12.82823
13.589303
13.483009
13.372462
13.69985
13.806146
13.261915
13.916693
14.02724
12.82823
13.69985
13.589303
13.045072
12.717683
12.500841
13.372462
13.916693
13.483009
14.23983
12.82823
13.045072
13.151368
13.368209
13.589303
13.916693
13.368209
13.261915
13.589303
13.478756
13.916693
14.456672
14.784061
14.677766
14.8946085
14.890355
13.91244
14.133534
14.567219
15.11145
14.567219
14.23983
14.346125
13.585052
14.23983
14.567219
14.23983
13.801893
14.673514
14.346125
15.217746
14.129283
14.23983
15.221997
15.328293
14.346125
14.235578
15.000902
14.45242
14.779808
14.673514
15.217746
15.324039
13.91244
14.8946085
15.217746
15.434587
14.673514
15.872524
14.890355
14.890355
15.651429
15.872524
15.540882
14.346125
15.761976
15.107199
14.45242
15.434587
15.868271
14.341873
15.872524
15.217746
15.655681
15.434587
15.434587
14.890355
15.328293
14.996652
15.107199
14.018736
15.000902
15.761976
14.996652
14.890355
15.761976
16.085114
16.085114
15.434587
15.974566
15.319788
15.651429
16.085114
15.213492
15.757724
15.324039
16.306208
16.195662
16.301954
15.974566
16.412502
15.761976
15.651429
16.301954
16.195662
15.978818
16.629345
16.301954
16.956734
16.301954
15.761976
16.085114
15.974566
16.739893
15.324039
16.085114
16.846186
15.430335
16.195662
15.647177
15.864019
16.085114
16.846186
17.173576
16.846186
16.518799
16.412502
16.952482
15.642925
16.846186
15.974566
15.757724
15.647177
15.430335
15.978818
16.518799
15.540882
16.739893
16.085114
16.412502
15.651429
15.974566
16.956734
16.518799
16.191408
15.978818
16.739893
15.430335
16.085114
15.974566
16.191408
17.173576
17.390417
16.297703
16.40825
15.647177
16.739893
17.06728
16.952482
17.279871
15.974566
16.629345
16.518799
16.191408
16.191408
17.063028
16.40825
16.191408
16.518799
16.518799
16.40825
16.080862
17.279871
17.279871
16.518799
16.73564
15.864019
16.297703
16.40825
16.629345
16.40825
16.191408
15.974566
16.952482
16.301954
16.085114
16.73564
16.080862
17.717808
16.841934
17.063028
17.279871
17.279871
17.60726
16.625093
16.297703
17.500965
16.73564
16.191408
16.080862
16.301954
16.73564
16.73564
17.279871
17.173576
16.40825
16.40825
16.191408
16.625093
16.518799
17.496714
16.625093
18.151491
17.169323
17.063028
16.952482
16.952482
17.279871
17.063028
16.841934
16.625093
16.40825
17.279871
17.169323
16.625093
17.60726
17.169323
16.952482
17.169323
16.297703
17.169323
16.952482
16.40825
16.297703
17.173576
16.952482
17.058777
17.934649
17.173576
16.952482
17.824102
16.518799
17.500965
16.518799
16.297703
16.73564
17.063028
16.518799
16.73564
15.647177
16.40825
17.173576
15.974566
17.496714
17.279871
16.191408
17.496714
16.846186
16.625093
17.390417
17.063028
16.73564
15.647177
16.301954
17.173576
16.952482
16.518799
16.085114
16.085114
17.390417
16.518799
16.625093
16.846186
16.952482
16.73564
17.717808
16.73564
16.952482
16.846186
17.063028
16.518799
16.846186
17.390417
15.868271
16.191408
17.173576
16.846186
16.080862
16.523048
16.846186
16.518799
15.757724
16.412502
16.301954
16.195662
15.864019
16.301954
16.739893
16.085114
17.063028
16.956734
16.956734
15.753472
15.757724
16.629345
15.974566
16.956734
16.956734
15.974566
16.846186
15.757724
16.195662
15.540882
16.518799
15.324039
16.739893
15.974566
15.430335
16.956734
15.757724
16.739893
16.739893
16.191408
17.173576
16.956734
16.191408
16.846186
15.430335
17.063028
16.739893
16.518799
16.85044
16.301954
16.412502
16.195662
16.846186
14.996652
15.651429
16.089365
15.868271
16.301954
15.651429
15.868271
15.757724
16.412502
15.107199
15.213492
16.089365
15.868271
15.647177
16.739893
15.757724
15.107199
15.757724
15.651429
15.868271
16.518799
16.306208
16.191408
15.102947
16.306208
15.761976
14.779808
15.651429
15.761976
15.107199
15.545134
16.416756
16.195662
15.217746
15.872524
15.761976
15.651429
15.651429
15.651429
16.089365
15.217746
15.651429
14.8946085
15.978818
16.089365
15.11145
16.306208
14.890355
15.872524
15.868271
15.434587
16.089365
15.324039
15.868271
15.107199
15.217746
15.757724
15.983071
15.217746
14.890355
15.221997
14.346125
14.784061
15.545134
14.8946085
14.567219
14.784061
15.328293
15.11145
15.328293
14.456672
14.350377
14.456672
14.022987
15.43884
14.567219
14.567219
14.567219
14.567219
14.460924
14.673514
15.221997
15.11145
14.788313
14.133534
13.695599
15.005156
15.332544
15.005156
14.8946085
14.350377
14.354629
14.2440815
14.8946085
14.23983
14.2440815
14.2440815
14.788313
15.005156
15.115701
14.8946085
13.916693
13.483009
14.137786
13.372462
14.57147
14.354629
14.567219
13.261915
14.2440815
13.372462
13.372462
14.2440815
13.483009
14.460924
14.465176
14.2440815
14.02724
14.354629
13.372462
14.02724
14.133534
14.02724
13.69985
13.916693
13.69985
14.465176
14.133534
14.248333
14.248333
12.938777
12.938777
13.5935545
14.2440815
13.155619
14.354629
13.483009
13.049324
13.376713
14.2440815
12.938777
13.376713
14.354629
13.159871
14.465176
13.045072
12.938777
13.159871
13.155619
13.376713
13.920944
13.920944
12.394546
13.159871
13.920944
12.721935
13.049324
12.832482
13.266166
13.920944
13.049324
12.726187
14.031491
13.5935545
13.5935545
13.159871
13.049324
12.394546
12.398798
13.48726
13.376713
12.505093
13.48726
12.288251
12.509345
12.288251
11.7440195
13.380964
13.053576
12.61564
13.053576
11.637725
11.854567
12.509345
12.403049
13.708355
13.270417
13.053576
12.726187
12.398798
12.836734
12.398798
11.420882
12.509345
12.075661
11.637725
11.637725
12.292503
12.075661
12.403049
11.531429
12.403049
11.858818
11.204041
12.296754
12.513597
12.075661
11.314588
11.531429
11.531429
11.535681
10.442967
12.075661
11.208292
11.208292
11.204041
11.208292
11.097745
11.641976
11.752523
11.531429
11.531429
11.425134
11.641976
10.770356
11.535681
11.748272
11.641976
11.752523
10.880902
10.885155
10.880902
11.318839
11.318839
10.119829
10.774608
11.318839
10.447219
10.995702
11.8630705
11.101996
10.995702
10.991449
10.234629
11.429386
11.535681
10.557766
11.101996
10.557766
10.230376
11.429386
11.318839
11.2125435
10.668313
10.230376
10.340923
10.124082
10.340923
10.017787
10.557766
10.124082
9.907239
10.668313
10.885155
9.907239
10.562017
9.252461
10.017787
10.889407
10.340923
9.035619
9.690397
9.57985
9.256713
9.690397
10.345176
9.800944
9.473556
9.252461
9.800944
10.017787
9.690397
9.800944
9.146166
9.36726
10.017787
8.601935
10.017787
9.800944
9.473556
9.584103
10.23888
10.6725645
9.690397
10.0220375
9.911491
9.473556
9.256713
9.584103
9.69465
9.584103
9.584103
10.345176
9.039871
9.69465
9.800944
9.584103
9.256713
9.36726
10.0220375
9.150418
8.278798
8.933577
9.477807
8.8230295
9.371511
9.256713
9.150418
9.588354
8.49564
7.7345667
9.044123
9.36726
9.256713
9.69465
8.933577
9.36726
8.606187
8.1725025
8.933577
9.36726
8.389345
9.15467
8.716734
8.606187
8.82728
8.610438
8.716734
8.389345
8.610438
8.1725025
7.6282716
7.521976
8.176754
8.066207
7.521976
7.6282716
7.6282716
8.610438
8.610438
7.849365
8.393597
7.738818
8.393597
8.937827
8.716734
7.521976
8.499891
8.937827
7.6282716
7.1945877
8.720985
8.066207
7.738818
7.521976
7.849365
6.87145
6.87145
6.2209234
7.0882916
7.0882916
7.415681
6.981997
7.521976
7.415681
6.654608
7.853617
8.287301
7.1988387
7.309386
7.0882916
7.415681
6.87145
7.521976
6.6503563
7.1988387
8.070459
6.654608
6.2209234
7.636775
7.309386
6.981997
7.419933
7.74307
5.99983
7.853617
6.981997
5.5661454
6.0040812
6.875702
5.7829876
6.0040812
7.092544
5.3493037
6.6588597
6.2209234
5.6766925
6.6588597
6.6588597
5.6766925
6.6588597
6.4420176
7.092544
6.0040812
5.5661454
6.875702
6.5483127
6.0040812
6.5483127
6.114629
6.5483127
6.0040812
6.875702
7.203091
5.7872396
5.6766925
5.243008
6.986249
6.4420176
5.5703974
6.2251754
5.5661454
6.4420176
5.5703974
6.6588597
6.0040812
5.8977866
6.986249
5.243008
7.4241843
6.3314705
5.243008
6.2251754
6.5483127
6.3314705
5.7872396
6.986249
6.3314705
6.114629
6.3357224
5.5703974
5.464102
6.5525646
5.464102
5.353555
6.114629
6.2251754
5.464102
5.4598503
5.8977866
5.791491
5.353555
6.5525646
5.6809444
5.8977866
6.6588597
5.7872396
5.8977866
5.243008
5.8977866
5.464102
6.2251754
6.2251754
5.464102
5.6809444
5.353555
5.24726
5.7872396
5.464102
5.574649
5.136713
5.030418
5.6809444
5.574649
4.7030287
5.464102
6.1188803
5.030418
6.2251754
5.574649
6.1188803
6.5525646
5.24726
5.574649
5.243008
6.008333
5.24726
5.6809444
5.136713
6.5525646
6.2251754
5.8977866
5.353555
7.096796
6.008333
5.464102
5.026166
6.9905005
5.357807
6.008333
5.791491
4.7030287
5.6809444
5.8977866
6.2251754
5.353555
6.663111
5.8977866
6.008333
6.114629
6.7736583
5.6809444
5.791491
6.3357224
5.5703974
5.136713
5.6809444
5.464102
6.2251754
5.24726
5.357807
5.791491
5.464102
5.136713
6.008333
5.5703974
5.24726
5.464102
6.2251754
6.663111
5.791491
6.4462695
4.481935
6.2251754
4.592482
5.136713
5.24726
4.9198713
6.4420176
4.8093243
5.7872396
5.6809444
6.2251754
5.6809444
5.6809444
6.5525646
6.008333
5.5703974
5.353555
6.4420176
5.243008
5.353555
5.8977866
5.353555
7.4241843
6.5525646
6.3357224
5.6809444
6.663111
5.5703974
5.353555
5.4598503
6.769407
6.2251754
5.6809444
6.2251754
5.8977866
6.5525646
6.2251754
5.5703974
6.008333
6.3314705
6.008333
5.7872396
6.986249
6.5525646
5.5703974
6.5525646
5.8977866
6.2251754
5.353555
6.3357224
5.353555
6.769407
6.2251754
6.4420176
6.008333
6.5525646
5.464102
5.8977866
4.915619
6.4420176
5.026166
6.769407
6.2251754
6.986249
5.353555
6.4420176
6.4420176
6.6588597
6.114629
5.8977866
6.986249
6.114629
6.4420176
6.986249
6.5483127
6.986249
6.769407
6.3314705
7.313638
7.309386
6.6588597
5.7872396
6.5483127
5.6766925
6.3314705
6.0040812
6.875702
6.114629
6.6588597
6.875702
7.203091
6.4377656
6.6588597
6.5483127
7.203091
6.765155
7.203091
5.7872396
7.419933
6.114629
6.2209234
5.6766925
7.092544
6.875702
6.0040812
6.875702
5.6766925
7.747322
6.4377656
7.092544
6.114629
6.875702
6.6588597
6.114629
6.981997
6.769407
6.654608
7.309386
5.7872396
7.092544
6.875702
6.875702
7.092544
7.092544
7.309386
6.875702
6.765155
7.853617
6.5483127
6.87145
6.986249
7.309386
5.7872396
7.092544
5.4598503
7.092544
6.5483127
7.092544
6.110377
7.853617
6.544061
7.0882916
6.327219
8.070459
6.87145
7.415681
6.87145
7.0882916
6.760903
7.1988387
6.981997
8.397848
6.654608
7.636775
6.765155
7.853617
8.070459
7.9641643
6.5483127
7.309386
7.636775
8.070459
7.526228
6.654608
8.070459
7.9599123
7.415681
6.760903
8.614691
6.760903
7.415681
7.0882916
7.415681
7.9599123
7.415681
6.87145
7.74307
8.176754
7.305134
7.74307
8.066207
7.74307
7.305134
7.1988387
7.849365
7.305134
7.6282716
8.393597
7.4114294
8.937827
8.393597
7.415681
7.4114294
8.8315325
7.521976
7.521976
7.4114294
7.849365
7.955661
8.610438
7.6282716
8.393597
7.4114294
8.610438
7.955661
8.82728
8.82728
7.849365
7.1945877
8.499891
8.393597
8.28305
7.1945877
8.1725025
8.720985
8.82728
8.499891
8.389345
8.176754
9.150418
7.955661
8.716734
9.588354
8.389345
9.260964
8.8230295
8.716734
8.278798
9.15467
7.6282716
8.82728
7.738818
9.260964
7.849365
8.606187
8.1725025
9.150418
8.499891
7.5177245
7.955661
9.477807
8.499891
9.477807
9.588354
9.039871
8.933577
8.061955
9.150418
8.8230295
9.911491
8.606187
9.69465
9.039871
9.36726
8.606187
9.69465
9.150418
9.256713
8.606187
9.039871
9.36726
9.150418
9.911491
9.256713
9.039871
9.150418
8.49564
9.800944
8.8230295
10.128334
8.606187
9.36726
9.477807
10.128334
9.911491
9.584103
9.584103
9.36726
8.8230295
8.8230295
9.584103
10.23888
8.818777
9.911491
10.234629
10.128334
9.473556
8.929324
9.800944
9.800944
9.473556
10.128334
9.911491
9.473556
10.128334
10.017787
10.017787
9.146166
9.911491
10.345176
9.911491
9.800944
8.929324
10.128334
9.3630085
9.039871
9.800944
10.455723
9.800944
9.907239
10.234629
10.562017
10.128334
9.907239
9.035619
10.128334
10.6725645
9.035619
9.473556
9.035619
10.345176
10.77886
9.473556
10.45147
10.889407
10.234629
10.017787
9.907239
9.57985
10.77886
9.796692
9.796692
9.796692
10.77886
11.2125435
9.907239
10.340923
10.45147
10.340923
10.995702
10.234629
11.2125435
10.45147
10.995702
10.124082
10.124082
11.106249
10.774608
10.995702
9.796692
10.885155
10.013535
10.230376
10.124082
10.340923
10.124082
10.668313
9.796692
10.013535
11.106249
10.885155
11.2125435
10.774608
11.539933
11.752523
10.557766
10.447219
10.880902
11.535681
11.425134
10.885155
10.5535145
11.318839
11.535681
11.8630705
11.208292
12.517848
10.557766
10.991449
10.664061
11.973618
11.752523
10.664061
11.208292
11.208292
10.336672
11.208292
11.318839
10.880902
11.208292
11.425134
11.2125435
11.208292
11.318839
11.752523
10.447219
11.752523
12.079912
11.425134
12.186207
10.987199
11.969365
12.075661
11.425134
11.314588
12.513597
11.425134
11.969365
11.097745
12.186207
12.075661
12.292503
12.296754
12.075661
11.752523
11.637725
12.403049
12.075661
12.513597
12.075661
11.752523
12.947281
11.858818
11.965114
11.858818
12.836734
11.969365
13.057828
12.075661
12.186207
12.403049
13.274671
12.186207
11.748272
11.858818
12.619891
11.420882
12.730438
12.181956
11.858818
12.509345
12.943029
12.619891
12.398798
13.053576
12.509345
12.726187
12.181956
12.292503
12.726187
12.943029
12.181956
12.292503
12.947281
12.181956
12.186207
13.380964
13.164123
12.292503
11.965114
12.181956
12.292503
12.726187
13.491511
13.053576
11.310335
13.164123
12.071408
12.726187
12.398798
12.181956
11.854567
12.726187
13.270417
12.292503
12.61564
13.164123
13.597807
13.159871
12.509345
13.274671
13.053576
13.48726
13.164123
13.053576
13.814649
13.053576
12.61564
13.270417
12.398798
12.943029
13.053576
12.509345
13.164123
12.832482
12.832482
13.597807
12.726187
12.181956
12.61564
12.726187
12.288251
13.925196
13.159871
12.943029
12.726187
12.943029
13.380964
13.270417
12.181956
13.053576
12.292503
12.836734
12.943029
12.288251
12.403049
12.505093
11.965114
13.380964
12.398798
13.270417
13.159871
13.270417
12.177704
12.61564
12.836734
13.704102
12.398798
12.726187
12.61564
12.61564
13.164123
12.726187
13.597807
12.509345
13.814649
13.270417
12.509345
12.726187
12.509345
12.181956
11.7440195
12.836734
12.288251
12.509345
12.292503
11.854567
13.380964
13.376713
13.164123
12.071408
13.597807
12.943029
12.61564
12.836734
11.854567
12.398798
13.48726
13.925196
13.270417
12.943029
12.398798
12.398798
12.832482
12.509345
13.159871
13.708355
13.159871
13.164123
12.832482
13.159871
12.61564
12.398798
13.053576
12.721935
13.708355
13.48726
12.288251
13.48726
12.181956
13.48726
12.505093
13.159871
13.159871
12.943029
12.288251
12.509345
13.053576
13.053576
13.814649
12.61564
12.071408
13.48726
12.836734
12.398798
13.704102
12.61564
13.380964
12.721935
13.814649
13.48726
13.049324
13.159871
12.943029
13.814649
14.248333
12.943029
13.376713
13.704102
13.049324
13.159871
13.48726
12.832482
12.832482
13.376713
13.704102
13.053576
12.288251
13.159871
12.61564
12.832482
13.270417
12.832482
13.48726
13.159871
12.943029
12.288251
12.619891
13.049324
13.159871
13.5935545
13.814649
13.48726
13.704102
12.836734
13.049324
13.053576
14.031491
13.814649
13.5935545
14.465176
13.704102
13.049324
12.832482
13.376713
12.943029
13.159871
13.376713
12.943029
14.031491
13.48726
12.726187
13.159871
14.142038
13.5935545
13.48726
13.376713
13.925196
13.376713
13.053576
13.48726
13.814649
13.376713
12.61564
12.943029
12.943029
14.142038
13.049324
13.164123
13.48726
14.142038
12.943029
13.48726
13.376713
13.597807
13.159871
13.48726
13.704102
13.920944
14.469427
13.704102
14.031491
14.137786
13.814649
13.266166
13.376713
12.82823
14.465176
13.920944
14.575723
12.938777
13.920944
14.792564
14.031491
13.810397
13.049324
13.704102
13.159871
13.920944
13.483009
14.031491
13.159871
13.049324
13.483009
13.814649
13.159871
13.597807
13.159871
13.708355
13.159871
14.248333
12.832482
13.380964
13.920944
14.142038
13.920944
13.270417
14.465176
13.920944
13.266166
13.69985
14.248333
14.137786
14.465176
14.682017
14.792564
14.465176
14.354629
14.354629
14.575723
13.920944
14.35888
13.049324
14.031491
13.920944
13.376713
13.159871
13.704102
13.810397
13.5935545
13.266166
13.704102
13.704102
13.483009
12.943029
14.354629
14.465176
14.682017
13.920944
13.376713
13.266166
14.575723
13.920944
13.376713
13.483009
14.35888
13.69985
13.266166
12.832482
14.792564
14.465176
13.920944
12.832482
14.142038
14.465176
13.704102
14.02724
14.248333
14.354629
13.049324
14.137786
14.903111
14.137786
13.920944
13.704102
14.142038
14.137786
13.48726
13.48726
13.376713
13.159871
14.031491
12.61564
13.814649
12.938777
14.031491
13.159871
12.832482
12.943029
12.505093
14.35888
14.248333
13.053576
13.049324
13.376713
13.376713
14.031491
13.266166
14.031491
14.354629
14.031491
13.48726
13.704102
14.248333
13.704102
13.376713
13.704102
13.270417
13.48726
14.248333
12.509345
13.704102
12.61564
13.380964
12.61564
13.376713
13.053576
13.704102
14.469427
12.832482
13.270417
13.814649
13.159871
13.376713
12.943029
13.704102
13.597807
13.48726
13.48726
13.597807
13.814649
13.48726
13.48726
13.48726
13.270417
12.721935
13.704102
13.48726
13.920944
13.814649
13.266166
13.597807
13.814649
13.376713
13.266166
13.925196
13.920944
13.270417
14.031491
13.053576
13.159871
12.398798
13.704102
13.925196
12.61564
12.726187
13.925196
14.142038
13.814649
11.7440195
13.053576
13.159871
13.597807
13.704102
13.708355
13.159871
12.836734
13.376713
13.597807
12.509345
13.380964
12.61564
13.597807
13.48726
13.380964
13.270417
12.947281
13.48726
12.726187
12.943029
12.943029
14.248333
13.708355
13.48726
12.836734
13.48726
13.164123
13.376713
12.947281
12.505093
13.597807
12.726187
13.708355
13.814649
13.597807
13.48726
13.053576
12.61564
12.947281
13.597807
13.274671
12.836734
12.619891
12.509345
12.513597
13.053576
13.380964
13.164123
12.836734
13.380964
12.398798
12.836734
13.708355
13.053576
13.380964
12.947281
12.726187
12.832482
13.270417
12.292503
12.836734
12.509345
12.292503
12.726187
13.597807
13.053576
13.164123
13.270417
13.164123
12.398798
12.403049
12.726187
12.947281
12.726187
13.380964
12.619891
13.491511
13.053576
12.292503
12.943029
13.274671
13.920944
12.836734
14.142038
13.708355
13.270417
12.832482
13.159871
13.270417
12.726187
12.726187
13.380964
12.836734
13.270417
13.380964
13.925196
13.376713
12.619891
12.726187
13.053576
12.943029
13.814649
13.925196
13.053576
13.48726
13.159871
13.925196
13.814649
13.164123
13.270417
13.925196
12.509345
12.726187
12.292503
13.597807
13.925196
13.270417
12.181956
12.398798
14.035743
12.836734
13.380964
13.597807
13.925196
13.48726
12.509345
12.61564
13.380964
13.270417
12.509345
13.053576
12.943029
12.836734
13.270417
13.491511
13.597807
13.270417
13.274671
12.832482
12.619891
13.270417
12.726187
12.832482
12.181956
12.288251
13.164123
12.61564
13.380964
13.270417
13.164123
13.925196
12.726187
12.836734
12.947281
13.159871
12.509345
13.814649
13.380964
13.814649
12.509345
13.925196
13.380964
12.726187
11.965114
13.708355
13.164123
13.48726
12.071408
13.049324
13.380964
13.814649
12.292503
13.270417
14.035743
12.943029
13.053576
13.270417
12.730438
13.270417
12.509345
13.48726
13.48726
12.726187
12.61564
12.61564
12.398798
13.704102
12.509345
12.832482
13.925196
13.48726
12.509345
13.270417
13.053576
13.159871
12.61564
12.61564
13.270417
13.049324
13.814649
12.832482
13.48726
12.943029
13.053576
14.469427
14.031491
14.142038
12.61564
13.814649
13.704102
12.836734
13.48726
13.380964
13.48726
13.597807
12.509345
12.619891
12.505093
13.597807
13.48726
14.142038
14.031491
12.509345
12.943029
13.053576
13.049324
13.053576
13.049324
13.053576
13.049324
13.053576
12.721935
12.947281
12.943029
13.708355
14.575723
13.159871
14.248333
14.031491
13.159871
13.5935545
13.704102
13.48726
12.832482
14.142038
13.48726
12.943029
13.376713
13.053576
13.270417
13.920944
14.031491
12.943029
12.943029
13.704102
13.049324
14.469427
13.704102
13.48726
13.920944
13.597807
12.943029
13.053576
13.376713
13.053576
13.5935545
12.943029
13.049324
13.270417
13.704102
13.053576
12.832482
12.836734
13.704102
13.48726
12.943029
14.35888
12.832482
13.159871
13.376713
14.903111
13.159871
13.814649
13.920944
13.053576
14.031491
13.380964
13.48726
12.943029
13.270417
13.5935545
13.270417
12.832482
13.814649
12.832482
12.836734
13.5935545
13.597807
12.398798
13.597807
13.814649
13.159871
14.142038
13.376713
13.053576
13.814649
13.704102
13.925196
13.704102
13.053576
12.398798
13.704102
13.814649
13.920944
12.726187
12.398798
13.159871
13.597807
14.142038
13.48726
14.252585
13.159871
12.726187
13.376713
14.031491
14.031491
13.920944
14.142038
13.266166
12.61564
12.726187
14.469427
13.5935545
13.48726
14.031491
13.053576
13.053576
12.509345
12.832482
13.380964
13.48726
13.925196
13.159871
13.380964
12.726187
12.619891
12.181956
13.597807
13.925196
13.053576
13.704102
14.035743
13.053576
12.836734
12.943029
13.925196
12.943029
13.48726
12.61564
13.164123
12.943029
12.836734
13.270417
13.380964
12.943029
13.597807
12.943029
13.814649
12.726187
13.48726
12.943029
13.814649
13.159871
13.597807
12.398798
13.053576
13.380964
14.142038
12.943029
13.925196
14.137786
13.164123
12.288251
13.491511
14.575723
14.031491
14.248333
13.597807
13.376713
13.053576
12.943029
13.597807
13.704102
13.159871
13.925196
13.925196
12.836734
13.270417
13.491511
13.48726
13.274671
12.726187
13.053576
13.164123
11.965114
12.943029
12.726187
13.053576
13.597807
12.836734
14.469427
13.704102
13.48726
12.726187
13.925196
13.814649
12.509345
13.270417
13.270417
13.274671
12.509345
13.708355
12.398798
13.164123
12.292503
12.947281
13.053576
11.965114
12.619891
12.947281
13.602058
12.836734
12.403049
13.708355
13.053576
13.274671
12.292503
12.075661
12.398798
11.965114
13.597807
12.403049
13.380964
12.947281
12.509345
12.726187
12.726187
13.164123
12.509345
12.509345
13.380964
13.48726
13.053576
13.48726
13.818902
13.597807
12.836734
13.053576
12.619891
13.708355
13.380964
12.509345
12.619891
13.053576
12.181956
12.947281
13.270417
12.947281
13.053576
13.602058
12.619891
12.513597
11.854567
13.491511
12.403049
11.858818
12.513597
13.380964
12.947281
11.420882
13.057828
11.531429
13.274671
11.858818
13.274671
13.491511
12.836734
12.186207
11.965114
13.057828
13.164123
11.748272
13.164123
12.403049
12.619891
11.965114
12.619891
12.296754
12.403049
12.403049
13.053576
12.619891
12.513597
12.730438
12.075661
12.730438
13.164123
12.079912
12.292503
11.969365
11.969365
12.513597
11.641976
12.730438
12.513597
11.858818
12.840985
11.858818
11.858818
12.186207
12.407301
12.296754
12.186207
11.969365
12.513597
12.186207
11.969365
12.296754
11.969365
11.8630705
12.186207
13.385218
11.858818
12.296754
12.186207
11.752523
12.075661
11.752523
12.403049
12.951532
12.403049
12.513597
11.097745
11.969365
12.403049
11.208292
11.969365
11.641976
12.624144
11.425134
12.517848
11.425134
12.296754
11.531429
12.407301
12.186207
12.296754
12.624144
12.624144
11.965114
12.296754
12.403049
11.752523
12.513597
12.403049
13.168375
12.513597
12.840985
12.619891
12.840985
12.186207
11.535681
12.296754
11.8630705
12.624144
11.641976
11.101996
12.190459
11.318839
12.734691
11.425134
11.425134
11.8630705
11.531429
11.425134
12.730438
12.730438
11.969365
12.624144
11.535681
13.057828
12.186207
11.641976
12.840985
12.075661
12.079912
11.641976
11.969365
12.186207
12.190459
12.403049
12.079912
11.641976
12.513597
12.190459
12.734691
12.296754
11.969365
12.296754
11.752523
11.535681
11.752523
12.407301
12.186207
11.535681
12.186207
11.208292
11.969365
11.535681
11.752523
12.513597
12.079912
11.969365
13.278922
11.858818
11.535681
11.752523
12.407301
12.947281
11.429386
11.314588
11.8630705
12.840985
11.646228
11.641976
11.752523
11.858818
11.973618
12.296754
12.734691
12.079912
11.535681
12.186207
11.646228
11.969365
11.969365
11.318839
11.535681
12.407301
12.730438
11.752523
11.641976
12.624144
11.097745
11.8630705
11.425134
11.318839
12.296754
11.425134
11.641976
11.8630705
11.969365
11.429386
11.535681
12.624144
11.535681
12.734691
11.535681
11.8630705
12.079912
11.8630705
11.756775
11.425134
11.973618
11.535681
11.429386
11.425134
12.407301
12.951532
11.969365
11.641976
12.407301
11.969365
12.186207
12.407301
11.752523
12.407301
11.535681
11.208292
11.208292
11.973618
11.429386
11.969365
11.8630705
11.425134
12.407301
11.969365
11.097745
11.535681
11.752523
12.730438
11.208292
11.101996
11.318839
12.407301
11.969365
11.973618
11.535681
11.535681
12.624144
11.318839
11.973618
11.097745
11.318839
12.624144
12.296754
12.624144
12.407301
11.318839
11.969365
11.646228
11.641976
12.407301
12.403049
11.646228
11.318839
12.407301
11.097745
11.208292
11.969365
12.190459
11.969365
12.079912
11.208292
12.624144
11.208292
11.535681
11.101996
12.296754
11.641976
11.641976
12.407301
11.752523
11.8630705
11.969365
11.752523
11.969365
12.845238
12.513597
12.624144
11.425134
11.535681
12.190459
12.296754
12.301006
11.208292
12.190459
11.535681
12.190459
11.752523
11.752523
11.752523
10.991449
12.296754
11.8630705
11.756775
11.752523
11.425134
11.535681
12.296754
11.752523
11.641976
11.097745
12.301006
11.752523
12.407301
11.318839
12.845238
11.535681
12.190459
11.858818
11.8630705
11.969365
12.407301
11.318839
12.407301
11.646228
12.079912
11.646228
12.079912
11.8630705
11.208292
12.079912
12.186207
12.190459
11.752523
11.8630705
11.097745
12.517848
12.296754
12.407301
10.880902
12.190459
12.296754
11.318839
10.991449
11.8630705
12.734691
11.318839
11.429386
11.535681
11.752523
11.535681
11.101996
11.425134
11.646228
11.097745
12.407301
11.641976
12.734691
11.858818
11.425134
12.075661
11.318839
11.858818
12.079912
12.079912
12.079912
12.624144
12.079912
11.208292
11.8630705
11.969365
11.208292
11.969365
11.425134
11.425134
11.752523
12.079912
11.425134
13.168375
11.969365
12.407301
12.186207
12.624144
12.619891
12.075661
12.624144
11.752523
12.079912
12.296754
11.425134
11.318839
12.407301
12.845238
12.840985
11.752523
11.425134
11.425134
12.407301
12.296754
11.973618
11.641976
11.535681
12.079912
12.840985
12.407301
12.186207
12.951532
12.624144
12.186207
11.752523
12.186207
12.513597
11.097745
12.513597
11.8630705
12.403049
13.057828
11.425134
11.314588
12.513597
12.840985
11.8630705
12.840985
11.535681
12.407301
12.947281
11.858818
11.752523
12.186207
12.513597
12.079912
12.730438
12.296754
12.403049
12.296754
12.186207
12.734691
12.513597
11.641976
12.513597
11.314588
11.641976
11.969365
11.535681
12.190459
12.513597
12.734691
12.947281
11.204041
12.296754
12.292503
12.075661
13.057828
12.403049
12.186207
12.296754
12.840985
12.513597
12.730438
12.624144
12.513597
12.075661
12.186207
12.186207
12.292503
12.075661
12.513597
12.296754
12.947281
11.531429
12.624144
12.403049
13.057828
12.730438
12.947281
12.513597
11.858818
12.624144
12.840985
12.619891
13.057828
12.296754
12.730438
12.186207
12.840985
11.637725
13.274671
12.619891
11.969365
11.748272
13.057828
13.274671
12.403049
11.965114
12.186207
11.641976
13.274671
11.641976
13.712605
12.730438
12.296754
11.531429
12.079912
12.292503
12.296754
12.075661
12.840985
12.836734
11.752523
12.181956
13.057828
12.403049
12.513597
12.292503
12.186207
13.164123
13.168375
12.075661
12.951532
12.947281
12.730438
11.531429
12.186207
13.274671
12.079912
12.075661
12.186207
12.075661
12.403049
13.602058
11.969365
12.730438
12.186207
12.730438
12.292503
12.186207
12.296754
12.296754
11.641976
11.752523
12.403049
12.840985
12.079912
11.858818
12.513597
12.186207
12.513597
12.951532
11.641976
12.075661
12.296754
13.274671
11.641976
12.079912
12.186207
11.858818
12.947281
12.513597
12.403049
12.186207
11.858818
11.969365
13.164123
12.619891
12.186207
12.619891
12.836734
12.403049
12.292503
13.168375
12.403049
12.075661
12.071408
12.730438
12.509345
13.057828
12.619891
12.509345
13.380964
12.181956
13.491511
12.730438
13.274671
12.619891
12.186207
13.270417
12.403049
12.619891
13.491511
12.075661
11.854567
12.730438
13.053576
12.947281
12.619891
12.730438
13.708355
13.380964
13.053576
13.168375
11.531429
12.726187
12.943029
13.380964
13.270417
12.186207
13.708355
13.597807
13.164123
12.726187
12.509345
12.726187
13.159871
13.491511
12.292503
12.509345
13.270417
12.730438
12.292503
12.403049
13.380964
13.057828
12.398798
12.619891
12.292503
12.292503
12.288251
12.619891
13.270417
12.619891
12.836734
12.509345
12.943029
11.854567
13.929449
12.619891
12.730438
11.965114
12.947281
12.726187
13.380964
12.292503
12.947281
13.380964
12.509345
12.836734
12.509345
12.730438
12.509345
12.730438
12.943029
12.836734
13.491511
12.403049
13.164123
11.965114
13.164123
12.726187
12.836734
12.619891
12.292503
12.292503
12.836734
13.164123
12.726187
12.186207
12.292503
13.380964
13.380964
13.491511
13.380964
12.292503
12.186207
13.053576
14.252585
13.814649
13.380964
12.730438
12.186207
12.186207
12.947281
12.730438
13.602058
11.420882
12.513597
12.509345
13.708355
13.380964
13.602058
12.836734
12.403049
11.854567
13.491511
12.292503
12.513597
12.836734
12.509345
13.380964
12.619891
12.398798
13.057828
12.403049
12.075661
12.181956
13.491511
12.726187
12.624144
13.164123
12.730438
13.380964
12.509345
12.181956
13.491511
13.164123
13.057828
12.619891
12.181956
13.929449
13.491511
11.858818
12.730438
13.385218
12.947281
12.403049
12.836734
12.840985
12.836734
12.075661
12.943029
13.708355
12.403049
12.403049
12.513597
12.292503
13.380964
12.836734
12.730438
12.619891
11.641976
11.965114
12.513597
12.075661
12.186207
12.947281
12.513597
13.164123
12.186207
12.181956
12.730438
13.164123
11.969365
13.164123
12.403049
12.947281
13.053576
13.274671
13.274671
12.730438
13.164123
14.035743
13.491511
11.748272
13.168375
12.075661
12.186207
12.398798
14.252585
13.380964
11.531429
11.965114
13.385218
13.164123
12.947281
12.947281
13.491511
12.296754
12.836734
13.380964
13.597807
13.274671
11.748272
13.385218
12.619891
12.403049
12.619891
11.858818
11.969365
12.075661
13.385218
12.726187
12.403049
12.730438
11.969365
12.292503
13.057828
12.619891
12.292503
13.164123
12.403049
11.748272
12.619891
13.164123
13.053576
13.164123
12.296754
12.292503
11.858818
13.053576
13.495763
13.164123
13.057828
13.385218
11.965114
13.057828
13.597807
13.164123
13.274671
12.624144
12.726187
12.186207
13.164123
12.619891
13.057828
12.619891
12.619891
11.748272
12.513597
12.836734
12.292503
11.641976
13.057828
11.858818
13.274671
13.164123
12.619891
13.057828
12.947281
12.296754
12.619891
12.624144
12.943029
12.075661
11.531429
13.057828
12.619891
12.730438
12.947281
13.491511
13.057828
12.836734
12.075661
12.943029
12.730438
12.181956
12.292503
11.641976
12.292503
13.602058
13.597807
13.164123
11.637725
11.531429
11.965114
13.164123
12.403049
12.836734
12.513597
12.075661
11.969365
12.836734
12.730438
12.619891
12.730438
11.752523
12.079912
12.947281
12.292503
13.053576
12.730438
12.624144
12.292503
11.969365
12.836734
13.168375
12.619891
12.730438
11.531429
12.730438
12.292503
12.947281
12.403049
12.840985
11.314588
12.513597
11.969365
12.947281
12.292503
12.292503
11.641976
12.186207
12.075661
13.602058
12.836734
12.075661
12.947281
12.186207
12.403049
14.14629
13.925196
13.164123
12.181956
11.641976
12.951532
12.619891
13.164123
13.491511
12.292503
12.075661
12.840985
12.619891
12.292503
13.270417
12.513597
12.836734
12.186207
13.164123
12.619891
11.965114
12.947281
12.403049
11.641976
12.403049
13.929449
12.836734
13.270417
12.186207
12.403049
12.186207
12.292503
12.836734
12.509345
12.513597
12.619891
12.079912
12.509345
12.730438
12.509345
12.186207
11.965114
12.079912
12.509345
13.491511
12.619891
13.491511
12.292503
11.858818
11.531429
12.403049
12.509345
13.053576
12.836734
11.748272
13.385218
13.274671
13.491511
13.708355
13.168375
12.619891
11.641976
11.314588
12.947281
13.053576
13.164123
11.425134
12.403049
11.425134
12.619891
12.292503
12.292503
13.274671
11.748272
11.641976
11.420882
12.624144
12.292503
12.513597
11.314588
11.752523
13.057828
12.619891
12.730438
12.403049
13.168375
12.186207
11.752523
11.858818
13.274671
11.858818
11.641976
11.314588
11.752523
11.858818
12.186207
12.075661
13.385218
11.641976
11.425134
11.748272
13.168375
12.730438
11.858818
11.641976
11.752523
12.186207
12.840985
13.053576
12.947281
13.164123
12.296754
11.314588
12.079912
12.075661
11.748272
12.509345
12.947281
12.186207
12.079912
12.513597
12.186207
12.403049
12.292503
11.8630705
11.858818
11.097745
12.075661
13.274671
12.509345
11.425134
11.425134
11.752523
11.858818
12.513597
12.619891
12.840985
11.752523
11.969365
11.314588
12.075661
12.292503
13.274671
12.296754
11.641976
11.646228
12.513597
12.403049
11.969365
11.752523
11.425134
12.296754
10.880902
12.619891
12.513597
12.840985
12.407301
10.557766
12.407301
11.641976
12.947281
12.619891
11.425134
11.208292
11.969365
10.770356
12.947281
12.730438
12.947281
11.535681
11.097745
12.407301
12.186207
12.730438
11.641976
11.531429
11.208292
11.425134
10.991449
11.969365
12.840985
12.403049
11.314588
11.425134
10.991449
11.641976
12.079912
12.075661
11.8630705
11.641976
11.208292
11.752523
12.190459
12.619891
12.947281
10.987199
12.079912
10.770356
10.880902
12.513597
12.403049
12.840985
12.296754
11.8630705
11.097745
12.407301
12.403049
12.513597
12.079912
11.318839
11.097745
12.296754
11.641976
12.513597
12.619891
10.991449
11.097745
11.752523
12.296754
12.292503
12.513597
11.752523
11.208292
10.774608
12.403049
12.075661
11.969365
12.840985
11.969365
11.208292
10.880902
11.318839
12.513597
11.969365
10.880902
12.190459
11.646228
11.646228
11.535681
12.951532
12.513597
11.752523
10.664061
11.208292
11.318839
11.425134
11.858818
11.646228
12.079912
11.101996
10.5535145
12.734691
11.641976
11.535681
11.101996
11.429386
10.5535145
11.208292
10.664061
12.951532
11.646228
11.208292
10.991449
11.973618
11.425134
11.752523
10.991449
12.190459
11.318839
10.447219
10.991449
11.752523
12.624144
12.190459
11.208292
12.301006
11.535681
11.101996
11.318839
11.752523
12.624144
11.535681
11.208292
11.646228
11.646228
10.774608
12.079912
10.770356
11.535681
11.425134
12.517848
11.097745
11.8630705
12.079912
12.517848
10.774608
12.407301
11.318839
11.756775
12.079912
11.097745
11.646228
11.8630705
11.752523
10.447219
12.301006
12.407301
11.646228
12.190459
10.885155
11.646228
10.557766
11.535681
12.734691
11.097745
10.774608
10.774608
11.8630705
11.535681
11.208292
11.752523
11.318839
10.991449
10.230376
10.774608
10.885155
10.880902
10.664061
11.867322
11.318839
11.429386
10.774608
11.2125435
12.301006
10.885155
10.447219
12.084165
11.535681
11.2125435
10.880902
11.429386
11.641976
11.101996
10.557766
10.774608
11.8630705
11.318839
11.535681
10.991449
11.756775
10.340923
11.8630705
11.101996
10.664061
11.425134
11.867322
10.557766
10.230376
10.340923
11.2125435
10.668313
11.101996
10.995702
11.429386
11.429386
11.429386
11.429386
10.995702
11.646228
10.447219
10.340923
10.774608
10.991449
11.65048
10.991449
10.774608
11.318839
11.429386
11.208292
11.318839
11.8630705
11.646228
10.774608
10.557766
10.340923
10.124082
10.45147
10.885155
10.230376
11.973618
11.973618
11.429386
11.429386
11.646228
12.624144
11.318839
10.336672
10.991449
11.646228
10.880902
10.774608
11.646228
11.535681
10.774608
11.101996
11.101996
11.2125435
11.752523
10.991449
11.318839
11.208292
10.774608
11.535681
10.774608
11.646228
12.407301
11.752523
11.101996
10.664061
11.535681
11.2125435
10.664061
11.2125435
12.407301
10.991449
10.664061
11.646228
11.646228
10.230376
11.2125435
11.318839
11.318839
10.885155
10.664061
10.774608
10.991449
10.774608
11.323091
11.8630705
10.230376
10.885155
10.774608
11.318839
12.190459
12.079912
10.991449
11.208292
10.664061
11.756775
10.664061
10.664061
11.752523
11.8630705
11.8630705
11.535681
11.646228
11.973618
11.8630705
11.646228
11.756775
10.447219
11.429386
10.885155
11.208292
11.101996
11.101996
11.535681
11.756775
10.664061
10.885155
10.991449
11.646228
11.535681
10.668313
10.119829
10.013535
11.756775
11.535681
11.101996
11.2125435
10.880902
11.8630705
10.991449
11.646228
10.447219
10.230376
10.885155
11.646228
11.101996
11.429386
10.991449
11.646228
11.429386
11.535681
10.774608
10.447219
11.318839
11.101996
11.101996
10.774608
12.079912
11.101996
10.885155
11.429386
10.885155
11.535681
10.885155
11.8630705
10.447219
11.101996
11.535681
11.646228
12.079912
11.8630705
10.991449
11.106249
11.646228
11.646228
10.557766
11.535681
11.646228
10.557766
10.991449
10.119829
10.664061
10.774608
11.646228
10.991449
11.429386
10.447219
10.668313
10.774608
10.774608
10.995702
11.646228
10.447219
11.756775
11.101996
11.429386
10.885155
10.013535
10.885155
10.774608
11.646228
10.664061
10.774608
10.668313
10.774608
11.535681
11.429386
10.664061
10.340923
11.539933
10.991449
10.447219
10.013535
10.995702
10.557766
11.318839
11.539933
11.973618
11.318839
10.885155
11.646228
10.774608
11.973618
11.752523
11.208292
12.301006
10.442967
11.646228
11.101996
11.8630705
10.995702
11.101996
10.885155
10.991449
10.340923
10.340923
10.664061
11.101996
10.230376
11.535681
12.190459
10.230376
11.318839
11.646228
11.318839
10.774608
10.995702
11.752523
10.557766
11.535681
10.885155
11.318839
10.664061
11.318839
10.995702
11.208292
10.885155
11.101996
10.991449
11.101996
10.230376
11.535681
10.668313
10.340923
11.318839
11.756775
11.646228
11.8630705
10.557766
10.774608
11.535681
10.885155
11.101996
11.646228
11.646228
10.774608
11.535681
10.880902
11.2125435
11.318839
11.101996
11.318839
11.318839
10.447219
10.774608
10.991449
11.969365
11.535681
11.2125435
11.535681
10.991449
12.084165
11.535681
11.646228
11.208292
11.101996
10.991449
11.2125435
11.318839
10.447219
10.885155
10.447219
11.323091
10.991449
10.447219
11.646228
10.5535145
10.557766
11.429386
11.101996
11.208292
11.429386
11.208292
10.447219
11.535681
10.880902
11.318839
10.991449
11.318839
11.318839
11.318839
11.101996
11.752523
11.535681
11.318839
12.407301
10.880902
10.880902
11.752523
11.535681
11.641976
11.646228
11.752523
10.442967
10.659809
11.969365
12.190459
12.407301
12.296754
11.748272
11.314588
12.407301
12.403049
11.425134
12.079912
12.186207
11.641976
11.535681
12.513597
10.5535145
11.425134
11.858818
11.429386
11.641976
11.208292
10.664061
11.752523
11.097745
11.318839
11.425134
11.208292
11.314588
12.407301
11.531429
11.318839
11.425134
11.314588
11.318839
11.097745
11.097745
11.208292
12.296754
11.969365
12.075661
12.079912
11.641976
10.880902
11.425134
12.186207
11.969365
11.969365
11.858818
12.403049
11.8630705
12.079912
12.079912
11.641976
12.624144
11.314588
12.513597
11.314588
11.535681
12.619891
12.186207
12.730438
11.420882
11.641976
12.292503
11.965114
11.752523
12.403049
12.513597
12.075661
11.641976
12.730438
12.186207
12.624144
11.965114
11.748272
12.186207
11.965114
11.204041
11.858818
12.730438
11.858818
12.403049
12.186207
11.858818
12.186207
12.296754
12.075661
11.641976
11.969365
12.075661
11.641976
12.075661
12.619891
12.292503
12.292503
12.292503
12.292503
11.641976
11.965114
12.730438
12.296754
12.181956
12.186207
12.075661
12.292503
13.053576
12.947281
12.075661
13.057828
13.164123
12.075661
11.965114
12.403049
11.965114
12.513597
11.748272
12.403049
12.513597
13.053576
11.965114
12.840985
13.053576
13.164123
12.075661
12.836734
13.270417
12.726187
13.164123
12.292503
12.181956
13.491511
12.836734
12.947281
12.292503
12.943029
12.403049
12.181956
11.637725
12.075661
12.726187
12.403049
12.509345
12.398798
12.832482
12.836734
12.403049
12.398798
11.748272
12.619891
13.708355
12.288251
13.380964
13.053576
12.832482
13.164123
12.726187
12.509345
13.925196
12.836734
12.398798
11.965114
12.292503
12.181956
13.380964
12.181956
13.049324
12.509345
12.832482
11.854567
12.398798
12.509345
12.509345
12.398798
12.836734
12.943029
13.814649
12.181956
12.726187
13.270417
12.177704
13.270417
13.5935545
12.943029
13.814649
13.270417
12.726187
12.832482
13.925196
13.270417
13.266166
13.270417
12.619891
13.159871
12.726187
13.925196
13.5935545
13.159871
13.920944
12.943029
12.726187
13.159871
13.597807
14.142038
14.469427
12.505093
12.943029
13.053576
12.832482
13.920944
12.943029
13.376713
14.35888
12.943029
13.920944
12.721935
13.814649
13.48726
13.5935545
12.61564
14.575723
13.266166
12.832482
12.943029
12.943029
12.832482
14.031491
13.810397
13.704102
13.704102
12.721935
13.48726
13.48726
12.721935
13.049324
14.354629
13.266166
12.943029
14.031491
13.049324
13.48726
13.049324
13.920944
13.483009
13.920944
14.031491
13.920944
13.376713
13.376713
13.266166
13.704102
13.049324
14.465176
13.266166
13.266166
13.810397
13.049324
13.48726
13.920944
13.704102
13.266166
13.376713
13.48726
14.137786
14.031491
14.354629
13.5935545
13.049324
13.814649
13.266166
13.48726
14.031491
14.465176
13.376713
13.5935545
13.5935545
12.938777
13.376713
14.248333
13.483009
12.938777
14.35888
13.920944
13.69985
13.266166
13.704102
13.266166
13.920944
13.920944
14.682017
13.266166
14.465176
13.266166
12.938777
14.465176
14.031491
13.5935545
13.266166
13.5935545
14.465176
13.5935545
13.376713
13.48726
13.155619
13.483009
15.119954
13.376713
13.483009
14.465176
13.810397
13.049324
14.248333
14.031491
13.5935545
14.137786
14.137786
13.704102
14.354629
14.137786
14.465176
13.810397
13.483009
14.02724
14.248333
13.372462
13.266166
13.266166
14.354629
14.682017
13.483009
14.682017
14.354629
12.938777
13.5935545
13.376713
13.049324
13.049324
13.483009
13.810397
13.920944
13.704102
13.155619
15.009407
13.483009
13.483009
13.704102
13.69985
13.69985
13.920944
13.5935545
14.02724
13.810397
14.137786
14.137786
14.2440815
14.57147
14.792564
14.02724
13.810397
14.903111
14.02724
13.5935545
14.248333
14.354629
14.137786
14.137786
14.137786
13.5935545
13.920944
13.704102
14.02724
14.354629
13.920944
14.682017
14.02724
13.155619
13.920944
14.02724
13.810397
13.69985
13.5935545
13.920944
13.5935545
13.376713
14.89886
13.920944
14.354629
15.009407
13.69985
12.938777
14.137786
13.920944
14.57147
13.810397
13.69985
15.336795
13.916693
13.266166
14.137786
14.354629
13.372462
13.920944
14.792564
14.354629
14.354629
13.810397
14.682017
13.69985
13.810397
14.682017
14.354629
14.137786
14.354629
13.916693
14.2440815
14.137786
14.57147
13.5935545
14.682017
14.137786
14.137786
14.575723
14.682017
13.810397
13.5935545
13.69985
14.682017
14.02724
13.810397
14.354629
14.354629
13.810397
13.920944
14.137786
14.137786
14.465176
13.372462
14.02724
13.155619
14.354629
13.483009
14.354629
14.465176
13.810397
14.57147
13.810397
14.2440815
14.02724
13.5935545
13.69985
14.354629
13.810397
14.465176
14.465176
13.5935545
13.916693
13.5935545
13.266166
14.792564
14.02724
13.266166
14.89886
14.354629
14.2440815
13.810397
13.69985
14.354629
14.465176
13.810397
14.133534
14.682017
14.2440815
12.721935
14.354629
14.57147
14.460924
13.810397
14.354629
14.682017
14.465176
13.810397
13.810397
13.810397
13.589303
13.810397
15.009407
14.465176
14.02724
14.465176
14.354629
14.2440815
14.465176
14.460924
13.483009
14.57147
13.5935545
14.02724
14.354629
14.354629
14.02724
14.354629
13.920944
14.354629
13.261915
14.465176
14.02724
14.465176
13.810397
13.69985
15.226248
13.810397
14.354629
13.5935545
14.02724
14.89886
13.5935545
14.2440815
14.682017
13.916693
14.354629
14.354629
14.465176
14.137786
14.02724
13.483009
14.248333
13.810397
14.137786
14.682017
14.248333
14.02724
13.155619
13.920944
14.137786
13.810397
14.02724
14.465176
13.69985
14.57147
14.682017
14.465176
14.2440815
13.266166
13.266166
13.920944
13.589303
14.792564
14.354629
13.920944
14.137786
13.920944
14.682017
14.137786
14.354629
13.916693
13.372462
13.920944
13.810397
13.155619
13.704102
13.5935545
14.02724
14.137786
13.483009
13.266166
14.248333
13.5935545
14.031491
13.483009
13.483009
14.575723
13.810397
14.682017
13.810397
14.354629
13.372462
14.248333
12.938777
13.920944
13.5935545
13.5935545
14.89886
13.5935545
13.810397
13.810397
15.009407
15.115701
14.465176
14.02724
14.02724
13.810397
13.372462
14.682017
14.792564
13.483009
13.920944
13.810397
13.810397
13.920944
13.483009
13.483009
14.465176
13.810397
13.266166
14.354629
14.248333
13.920944
14.137786
14.02724
14.903111
14.137786
14.02724
14.02724
14.137786
12.938777
14.682017
14.89886
14.137786
13.483009
12.938777
14.248333
13.69985
14.465176
14.02724
13.810397
13.69985
14.792564
14.137786
13.810397
13.483009
13.810397
13.69985
13.810397
14.248333
14.682017
13.810397
14.465176
14.354629
13.483009
14.137786
14.02724
13.810397
13.810397
14.02724
14.354629
13.483009
14.137786
14.354629
13.376713
15.009407
14.02724
14.02724
14.465176
13.810397
13.5935545
13.483009
13.704102
13.810397
14.465176
13.810397
13.266166
13.5935545
14.137786
13.266166
14.465176
14.02724
13.810397
13.483009
14.02724
13.5935545
13.916693
13.155619
13.920944
13.483009
13.376713
14.89886
13.5935545
14.02724
14.682017
12.938777
13.266166
14.137786
14.137786
13.920944
14.02724
14.137786
13.5935545
14.2440815
15.009407
14.89886
12.938777
14.248333
13.483009
14.137786
13.920944
14.792564
13.810397
13.810397
13.69985
14.354629
13.810397
13.920944
14.89886
14.02724
14.137786
13.920944
14.354629
13.483009
14.354629
13.916693
13.483009
15.009407
14.137786
13.5935545
15.119954
14.137786
13.155619
13.5935545
13.5935545
13.5935545
14.137786
13.69985
13.045072
13.920944
14.354629
13.372462
13.376713
13.266166
13.810397
13.810397
13.483009
14.354629
14.02724
13.155619
13.483009
13.159871
15.009407
13.5935545
13.920944
14.682017
14.02724
13.5935545
14.465176
13.810397
13.155619
13.5935545
13.810397
12.938777
13.266166
13.810397
12.721935
14.137786
13.920944
13.5935545
14.682017
14.682017
13.5935545
14.354629
13.810397
13.916693
14.682017
14.465176
13.920944
13.69985
13.5935545
13.920944
14.465176
14.02724
13.266166
13.704102
13.266166
12.721935
13.48726
14.682017
13.376713
13.376713
15.119954
13.5935545
13.810397
14.465176
14.137786
14.137786
14.248333
13.5935545
14.248333
14.031491
14.02724
13.810397
13.5935545
14.575723
13.266166
13.814649
13.5935545
12.938777
13.920944
13.920944
14.465176
13.266166
13.920944
14.031491
14.02724
13.920944
14.248333
14.137786
14.031491
13.814649
14.354629
14.248333
13.48726
13.5935545
14.248333
14.248333
13.704102
12.938777
14.575723
13.266166
12.832482
13.920944
13.589303
13.483009
14.35888
13.920944
14.02724
13.5935545
14.248333
13.920944
12.721935
13.376713
13.155619
13.376713
13.920944
13.5935545
13.5935545
13.5935545
14.575723
13.483009
12.832482
13.48726
14.137786
12.943029
13.376713
14.137786
13.810397
13.814649
12.832482
13.810397
14.031491
13.5935545
12.721935
14.35888
14.031491
12.832482
13.920944
13.049324
12.938777
14.142038
13.155619
14.031491
13.5935545
13.266166
13.48726
12.505093
13.810397
13.5935545
13.814649
13.810397
13.159871
13.48726
13.376713
13.049324
13.597807
13.5935545
13.159871
14.031491
12.832482
12.832482
12.943029
13.48726
13.376713
13.483009
13.597807
12.721935
13.053576
13.597807
12.505093
14.031491
12.832482
13.376713
13.48726
13.159871
13.049324
12.832482
12.832482
12.726187
13.814649
12.943029
13.049324
13.270417
12.832482
13.597807
12.943029
12.398798
12.726187
12.943029
13.5935545
12.726187
13.270417
12.943029
14.031491
13.48726
13.159871
12.61564
12.61564
13.597807
14.031491
13.159871
13.159871
13.159871
13.920944
13.5935545
12.288251
12.61564
13.48726
13.159871
12.943029
12.943029
13.159871
12.943029
13.708355
13.159871
12.288251
13.814649
13.597807
13.5935545
14.031491
12.288251
13.48726
13.049324
13.48726
13.48726
13.48726
13.270417
12.398798
11.960861
12.61564
12.836734
12.943029
12.509345
13.925196
13.159871
13.053576
13.708355
13.159871
11.965114
13.053576
12.61564
13.053576
12.509345
13.380964
12.619891
12.836734
12.943029
11.637725
12.836734
11.854567
12.619891
11.637725
11.748272
12.292503
12.943029
12.509345
13.164123
12.071408
12.181956
12.403049
12.619891
12.398798
12.836734
12.836734
12.943029
12.292503
12.186207
12.288251
13.053576
13.597807
13.380964
12.726187
12.186207
12.726187
12.509345
12.836734
12.292503
12.509345
13.491511
13.597807
11.965114
12.836734
12.403049
12.726187
12.726187
12.403049
13.053576
13.597807
13.380964
12.947281
11.854567
12.836734
12.730438
12.181956
12.181956
12.292503
12.509345
12.071408
12.513597
12.947281
12.181956
12.181956
11.965114
13.385218
11.748272
12.509345
11.093493
13.057828
12.509345
11.965114
12.186207
12.513597
12.509345
12.509345
13.274671
12.619891
11.531429
13.385218
13.053576
11.748272
12.075661
13.274671
11.965114
11.748272
12.619891
11.965114
12.075661
12.186207
12.292503
12.513597
12.186207
12.947281
11.310335
11.969365
13.057828
11.858818
11.748272
12.186207
12.947281
12.292503
12.513597
11.969365
12.292503
11.641976
12.730438
12.836734
12.075661
12.619891
12.075661
12.619891
12.075661
13.057828
12.947281
12.730438
12.403049
11.748272
11.637725
11.748272
12.619891
12.619891
12.075661
11.752523
12.730438
12.836734
12.513597
12.947281
12.186207
11.748272
11.965114
12.730438
11.965114
12.403049
12.619891
12.509345
11.420882
11.531429
11.204041
13.168375
11.965114
12.296754
12.836734
12.509345
11.752523
11.748272
11.425134
12.730438
11.204041
12.075661
11.965114
12.513597
11.748272
12.186207
12.947281
11.641976
12.403049
12.186207
11.965114
11.314588
11.858818
12.403049
12.079912
12.075661
12.513597
12.730438
12.403049
12.079912
11.858818
12.079912
11.425134
11.969365
11.531429
11.969365
11.969365
11.531429
11.208292
11.097745
12.079912
12.403049
11.425134
11.641976
11.314588
11.858818
11.535681
11.531429
10.991449
11.208292
11.425134
11.752523
11.314588
12.296754
11.204041
12.624144
11.752523
11.097745
12.734691
11.641976
10.664061
11.204041
11.969365
11.425134
11.752523
12.186207
11.425134
12.186207
11.969365
11.535681
12.296754
12.296754
12.403049
12.079912
12.186207
11.641976
12.296754
11.8630705
12.296754
11.752523
11.314588
12.296754
11.969365
11.748272
11.752523
12.075661
10.770356
11.752523
11.535681
12.296754
10.770356
11.535681
11.641976
11.858818
12.403049
12.079912
11.097745
11.097745
11.641976
11.641976
11.641976
12.079912
11.646228
12.079912
12.301006
11.425134
10.991449
12.079912
11.752523
10.991449
11.858818
12.079912
12.403049
11.314588
11.097745
11.535681
11.425134
12.079912
12.079912
10.880902
12.407301
12.296754
10.880902
11.425134
11.208292
11.535681
11.641976
11.531429
11.097745
11.208292
11.318839
11.531429
12.079912
11.858818
11.969365
11.752523
11.969365
11.097745
12.517848
11.535681
11.208292
12.517848
11.208292
11.208292
12.407301
11.969365
11.752523
12.407301
11.969365
11.752523
11.429386
11.208292
11.752523
11.425134
12.296754
12.296754
11.748272
12.624144
11.8630705
11.641976
11.425134
11.752523
11.641976
11.535681
11.641976
11.641976
12.407301
12.186207
11.097745
11.425134
11.641976
11.097745
11.969365
11.425134
11.646228
12.186207
11.969365
12.079912
11.314588
12.079912
10.991449
10.991449
11.535681
11.535681
11.752523
11.314588
11.969365
11.641976
12.079912
11.969365
11.318839
10.991449
12.296754
12.407301
11.8630705
11.969365
10.880902
10.991449
11.314588
11.969365
11.101996
12.079912
11.208292
10.774608
11.318839
11.097745
11.8630705
11.429386
10.880902
11.318839
11.208292
11.101996
11.535681
10.664061
11.756775
11.2125435
10.774608
11.535681
11.531429
11.101996
11.8630705
11.646228
10.991449
11.752523
10.774608
11.101996
10.664061
10.880902
11.646228
11.425134
11.318839
10.774608
10.991449
11.752523
10.557766
12.301006
10.991449
11.535681
11.318839
10.880902
10.557766
11.2125435
10.991449
11.535681
11.429386
11.646228
11.8630705
11.756775
11.425134
11.208292
10.995702
11.101996
11.973618
10.664061
12.079912
10.774608
11.8630705
11.969365
11.101996
11.318839
10.774608
11.101996
10.991449
11.973618
11.208292
10.447219
11.867322
10.991449
10.668313
11.2125435
11.535681
11.429386
11.429386
10.336672
10.885155
11.646228
11.8630705
10.447219
12.517848
10.880902
11.973618
11.973618
11.535681
10.447219
10.885155
11.318839
10.991449
11.646228
11.318839
10.991449
12.084165
11.8630705
11.535681
11.973618
10.774608
11.101996
10.230376
11.318839
11.208292
11.318839
10.774608
10.124082
11.429386
11.101996
11.208292
11.756775
10.885155
11.318839
11.8630705
11.539933
10.447219
11.646228
10.013535
10.668313
10.447219
10.668313
11.2125435
10.557766
10.013535
11.106249
11.2125435
10.340923
10.668313
10.991449
10.774608
11.756775
10.557766
11.318839
10.557766
11.429386
9.9029875
10.230376
10.885155
10.230376
11.2125435
10.664061
10.45147
11.106249
10.340923
10.774608
10.668313
11.101996
11.318839
11.208292
10.668313
10.562017
11.101996
10.124082
11.2125435
10.885155
11.646228
11.208292
11.756775
10.557766
10.774608
10.77886
11.429386
10.013535
10.230376
11.2125435
10.995702
10.774608
10.885155
10.668313
10.447219
10.124082
11.429386
11.208292
10.119829
10.885155
10.885155
11.101996
10.124082
10.45147
10.45147
10.557766
10.77886
10.557766
11.539933
10.340923
10.995702
10.013535
10.562017
10.340923
9.907239
10.45147
11.429386
10.77886
11.867322
10.885155
11.429386
10.668313
11.429386
10.013535
9.690397
10.995702
10.340923
11.106249
10.345176
11.2125435
10.45147
10.45147
11.429386
10.234629
10.45147
10.885155
10.995702
10.995702
10.774608
9.907239
10.562017
11.101996
10.774608
10.889407
10.995702
10.45147
10.562017
10.340923
10.234629
11.323091
10.124082
10.774608
11.756775
10.885155
10.124082
9.907239
10.234629
11.106249
10.885155
10.124082
10.340923
11.2125435
10.562017
10.668313
9.796692
10.995702
11.539933
10.340923
10.340923
11.2125435
10.557766
10.013535
10.013535
11.2125435
9.57985
10.562017
10.668313
10.995702
10.234629
10.77886
11.2125435
9.57985
9.256713
11.106249
11.106249
10.124082
11.539933
10.45147
10.885155
10.45147
11.106249
11.433638
9.690397
9.57985
10.234629
10.885155
9.690397
10.345176
10.230376
9.907239
10.234629
10.77886
10.128334
10.562017
10.557766
10.995702
11.106249
11.106249
9.3630085
11.106249
10.345176
10.995702
10.668313
10.124082
10.77886
10.340923
9.796692
9.800944
10.234629
10.124082
9.907239
10.77886
10.77886
9.796692
9.469303
10.017787
10.77886
10.45147
10.128334
9.256713
10.234629
10.999953
9.690397
9.3630085
9.800944
9.690397
9.3630085
10.562017
10.124082
10.45147
9.800944
9.57985
10.6725645
9.800944
10.234629
10.234629
9.473556
9.800944
9.800944
9.3630085
10.017787
10.017787
10.017787
9.3630085
9.800944
10.345176
9.911491
9.800944
9.690397
9.911491
10.45147
9.800944
11.216796
9.907239
9.473556
9.473556
10.128334
9.584103
9.800944
9.800944
9.796692
9.473556
10.45147
10.017787
10.6725645
9.800944
9.256713
10.562017
9.473556
10.889407
9.800944
10.999953
9.473556
10.234629
10.128334
10.345176
9.035619
9.256713
9.584103
10.234629
9.800944
9.800944
9.907239
9.039871
10.562017
9.146166
9.584103
9.800944
10.017787
9.907239
10.128334
9.584103
9.146166
10.23888
9.035619
10.017787
10.345176
8.929324
10.017787
9.800944
9.584103
9.473556
9.800944
10.23888
9.473556
10.017787
9.473556
10.017787
9.800944
10.455723
9.473556
10.017787
9.584103
9.800944
10.017787
9.690397
10.6725645
10.345176
9.800944
10.783112
10.017787
10.017787
10.889407
9.039871
9.473556
9.3630085
9.911491
9.36726
9.36726
9.36726
9.039871
10.017787
10.455723
10.017787
9.911491
9.800944
9.800944
9.690397
10.017787
10.128334
10.128334
10.455723
9.146166
10.23888
9.800944
8.8230295
10.6725645
9.039871
9.256713
10.455723
9.3630085
9.911491
9.256713
9.800944
10.017787
9.800944
9.035619
9.800944
9.146166
10.23888
10.455723
10.017787
9.36726
8.712482
10.017787
10.345176
9.146166
10.017787
9.36726
8.929324
10.017787
10.23888
9.800944
9.69465
9.911491
9.039871
9.039871
9.690397
9.69465
8.712482
9.911491
9.36726
10.345176
10.345176
9.256713
10.783112
10.0220375
8.929324
9.911491
10.017787
9.36726
8.712482
9.146166
9.69465
8.929324
9.800944
9.911491
9.800944
8.929324
9.477807
9.69465
10.017787
10.455723
9.3630085
9.800944
9.473556
9.584103
9.911491
9.36726
9.800944
9.69465
9.473556
8.712482
9.039871
9.36726
9.3630085
9.256713
9.911491
9.146166
9.039871
10.017787
9.584103
9.150418
10.017787
9.146166
9.039871
9.800944
10.128334
9.473556
9.69465
10.128334
9.039871
9.36726
9.69465
9.473556
9.36726
10.23888
9.256713
9.150418
9.911491
9.69465
8.933577
8.929324
10.128334
10.455723
10.455723
8.8230295
8.8230295
10.566269
10.128334
8.385093
9.473556
9.911491
8.712482
9.256713
9.69465
10.128334
8.49564
9.477807
9.039871
9.800944
9.473556
9.477807
9.36726
9.035619
8.385093
10.23888
9.039871
8.385093
9.911491
8.929324
10.017787
10.349427
9.473556
9.150418
10.23888
9.584103
9.473556
9.36726
9.584103
9.690397
9.800944
9.36726
10.566269
8.8230295
8.8230295
9.256713
9.256713
8.168251
9.69465
9.256713
9.256713
9.36726
9.584103
9.146166
9.800944
10.0220375
9.039871
9.911491
9.256713
10.128334
9.039871
10.455723
9.69465
9.584103
8.933577
9.256713
8.712482
8.8230295
9.150418
8.929324
8.8230295
9.36726
9.36726
9.69465
9.800944
9.256713
9.039871
9.150418
9.477807
8.606187
9.260964
9.800944
9.473556
9.36726
9.477807
9.584103
8.712482
9.69465
10.128334
9.584103
8.606187
9.36726
9.256713
8.606187
9.260964
9.473556
8.8230295
8.8230295
10.128334
9.146166
9.36726
8.8230295
9.256713
8.712482
9.584103
8.385093
10.0220375
9.260964
9.911491
9.69465
8.716734
9.36726
8.601935
8.278798
10.23888
9.039871
8.712482
9.039871
9.150418
8.8230295
8.933577
9.69465
9.69465
8.168251
8.389345
10.23888
9.039871
8.8230295
9.911491
9.805196
9.800944
9.584103
8.716734
9.150418
10.23888
9.039871
8.606187
9.039871
8.606187
9.911491
9.039871
9.473556
8.278798
9.477807
10.0220375
9.039871
8.499891
10.0220375
9.584103
8.385093
9.588354
10.23888
9.146166
8.8230295
8.606187
9.36726
9.584103
8.389345
9.256713
8.8230295
8.8230295
9.69465
9.69465
9.69465
8.49564
8.933577
9.477807
9.36726
8.389345
9.588354
9.800944
9.36726
9.69465
10.128334
8.49564
9.044123
8.712482
8.606187
9.36726
8.389345
8.8230295
9.800944
8.8230295
9.588354
9.039871
8.061955
9.69465
8.712482
8.8230295
9.69465
9.039871
8.933577
9.588354
8.606187
9.69465
9.36726
9.039871
9.477807
9.150418
7.840862
8.278798
8.499891
8.606187
8.278798
9.477807
8.606187
9.477807
9.69465
8.606187
8.933577
8.933577
9.260964
8.389345
8.716734
9.044123
8.278798
8.933577
9.260964
9.260964
9.36726
8.389345
9.150418
9.69465
8.933577
9.371511
9.477807
9.044123
8.1725025
8.1725025
8.82728
9.477807
8.061955
8.716734
9.260964
8.061955
9.15467
9.371511
8.8230295
8.8230295
7.5177245
8.82728
8.716734
7.6282716
9.588354
9.260964
9.69465
9.36726
9.588354
9.477807
8.499891
8.82728
8.278798
8.49564
7.8451138
9.588354
8.168251
7.8451138
8.82728
9.36726
8.389345
7.8451138
8.066207
9.371511
8.499891
9.044123
8.606187
8.28305
8.499891
9.150418
9.69465
8.389345
9.915743
8.1725025
7.8451138
8.610438
9.150418
8.28305
9.044123
9.588354
8.389345
8.82728
8.1725025
9.260964
7.7345667
8.716734
8.82728
8.933577
9.044123
8.499891
8.937827
8.933577
8.716734
8.606187
9.15467
8.933577
7.738818
8.1725025
8.393597
9.044123
8.82728
9.150418
8.716734
8.716734
8.606187
8.82728
9.260964
8.1725025
8.1725025
8.933577
9.15467
8.28305
8.393597
7.955661
8.720985
8.1725025
8.389345
9.371511
9.477807
8.933577
8.606187
8.28305
7.955661
7.955661
8.1725025
8.606187
7.955661
8.82728
8.933577
7.955661
8.499891
8.610438
8.28305
8.716734
8.716734
9.15467
8.716734
8.610438
8.716734
8.176754
8.716734
8.82728
8.389345
8.716734
7.8451138
7.738818
8.716734
8.28305
8.82728
9.371511
7.4114294
8.82728
8.716734
9.044123
9.044123
8.937827
8.499891
8.393597
8.720985
8.066207
8.176754
8.28305
8.176754
8.066207
8.28305
7.849365
8.716734
7.849365
9.265217
8.82728
7.849365
8.937827
8.176754
7.955661
8.610438
8.393597
8.499891
8.610438
8.937827
7.9599123
8.066207
8.176754
8.937827
8.28305
8.720985
8.393597
7.738818
8.82728
7.849365
8.066207
9.265217
8.28305
7.849365
8.720985
8.066207
8.720985
9.15467
8.720985
8.066207
8.82728
8.28305
9.265217
9.15467
7.849365
8.393597
8.610438
7.849365
7.415681
8.066207
9.048374
7.849365
8.8315325
8.499891
8.937827
8.176754
8.176754
7.738818
8.504144
8.82728
8.066207
9.048374
7.9599123
8.614691
9.375764
8.610438
8.287301
8.937827
8.176754
7.9599123
8.614691
8.393597
8.504144
7.9599123
8.176754
7.738818
7.9599123
7.849365
8.504144
7.305134
7.74307
7.849365
8.393597
7.74307
8.8315325
8.610438
9.158921
8.393597
7.632523
7.853617
8.176754
7.305134
8.937827
8.066207
7.305134
8.504144
7.738818
7.9599123
8.287301
8.720985
7.305134
7.9599123
7.521976
7.632523
8.504144
8.8315325
9.048374
9.048374
7.849365
8.066207
7.526228
7.74307
8.614691
8.066207
7.632523
8.8315325
8.176754
8.070459
8.287301
9.048374
7.305134
8.070459
8.393597
8.176754
8.8315325
8.937827
7.0882916
8.287301
8.720985
7.9599123
8.614691
8.720985
7.9599123
7.521976
8.8315325
8.720985
7.853617
8.504144
7.849365
7.853617
9.375764
8.393597
6.87145
7.526228
8.066207
7.309386
8.070459
8.8315325
7.1988387
8.94208
8.393597
7.853617
8.614691
8.176754
7.853617
8.94208
7.305134
8.614691
7.309386
8.508395
8.181006
7.74307
8.181006
8.504144
7.526228
8.070459
8.504144
7.526228
7.1988387
8.8315325
7.309386
7.9599123
7.415681
7.632523
7.9599123
7.526228
7.526228
8.504144
7.9599123
7.1988387
8.508395
7.74307
7.632523
8.508395
8.287301
7.309386
8.397848
8.287301
6.654608
7.309386
7.526228
7.092544
7.309386
7.636775
6.87145
7.853617
7.636775
7.526228
6.981997
8.181006
7.419933
7.74307
7.9641643
7.636775
8.614691
7.415681
7.1988387
7.092544
6.981997
7.853617
7.092544
8.070459
7.309386
7.636775
7.419933
7.092544
6.4377656
8.2915535
7.853617
7.747322
7.419933
7.636775
7.747322
7.309386
8.070459
6.654608
6.981997
8.181006
8.181006
7.74307
8.181006
7.747322
7.636775
7.74307
6.2209234
7.747322
7.203091
6.2209234
7.203091
7.636775
6.875702
7.309386
6.981997
7.747322
7.636775
7.1988387
6.765155
7.747322
7.636775
6.981997
8.181006
7.309386
6.765155
7.309386
7.203091
7.309386
8.181006
6.765155
7.9641643
7.309386
7.092544
7.9641643
7.636775
7.636775
7.853617
7.203091
7.419933
6.765155
7.5304804
7.9641643
7.309386
7.747322
8.074712
7.526228
6.5483127
7.419933
8.397848
6.765155
7.203091
7.853617
6.6588597
6.875702
7.9641643
6.6588597
7.9641643
7.313638
7.309386
7.419933
7.203091
7.309386
6.986249
7.419933
6.654608
7.526228
6.5483127
7.636775
6.2209234
7.203091
8.185258
7.309386
6.3314705
6.986249
7.203091
6.6588597
7.419933
7.203091
7.203091
7.5304804
8.181006
6.3314705
7.9641643
7.313638
7.419933
7.747322
7.5304804
6.5483127
7.6410265
7.9641643
7.092544
7.5304804
7.419933
6.6588597
8.4021
6.5483127
7.857869
6.3314705
8.074712
7.092544
6.3314705
7.747322
7.747322
7.5304804
7.419933
7.313638
7.6410265
6.986249
6.0040812
7.203091
7.313638
6.6588597
6.875702
7.313638
7.6410265
7.5304804
7.313638
7.857869
7.747322
6.986249
6.769407
7.313638
6.769407
8.074712
6.986249
6.986249
7.419933
7.5304804
6.6588597
7.313638
7.5304804
6.2251754
6.769407
6.769407
6.4420176
6.986249
6.4420176
6.3314705
7.6410265
6.986249
6.6588597
7.096796
6.5525646
6.986249
7.857869
6.6588597
6.4420176
7.857869
7.203091
6.5525646
7.857869
7.203091
6.114629
6.986249
6.875702
5.6809444
7.5304804
7.096796
5.8977866
7.313638
7.313638
6.769407
7.4241843
6.986249
6.6588597
7.857869
6.5525646
6.6588597
7.6410265
7.5304804
5.7872396
7.857869
6.769407
6.8799534
7.857869
6.2251754
6.769407
7.096796
7.6410265
5.7872396
7.857869
7.096796
6.114629
7.096796
6.875702
6.3314705
7.6410265
6.6588597
7.203091
7.096796
6.2251754
6.986249
7.203091
7.313638
6.769407
7.9684157
7.313638
6.114629
8.078962
6.8799534
6.4420176
6.9905005
6.8799534
6.5525646
7.4241843
6.986249
6.769407
7.096796
7.313638
7.313638
6.2251754
7.5304804
7.7515736
8.185258
6.4420176
7.9684157
6.4420176
7.096796
7.5304804
5.8977866
5.8977866
7.6410265
6.8799534
6.769407
6.5525646
7.6410265
6.5525646
6.5525646
7.313638
6.8799534
7.096796
6.8799534
7.207342
6.008333
6.769407
6.2251754
6.769407
7.313638
6.2251754
6.3357224
7.9684157
7.096796
6.3357224
7.5347314
6.769407
5.6809444
7.096796
6.5525646
6.5525646
6.3357224
6.2294273
7.5347314
6.2251754
6.663111
7.207342
6.5525646
7.7515736
6.663111
6.8799534
6.8799534
6.769407
7.4241843
6.769407
7.5347314
6.8799534
6.5525646
6.663111
6.008333
6.8799534
6.2251754
6.7736583
6.4462695
6.9905005
7.313638
6.3357224
6.3357224
6.2294273
7.4241843
6.663111
6.2251754
6.5525646
6.5525646
5.791491
6.8799534
6.663111
6.8799534
6.8799534
6.4420176
5.6809444
6.8799534
6.3357224
5.6809444
6.2294273
6.4462695
5.791491
6.012585
6.9905005
6.7736583
5.468354
6.4462695
6.556816
6.4462695
5.574649
6.1188803
6.012585
6.556816
6.8799534
6.339974
6.556816
6.1188803
6.1188803
6.4462695
6.1188803
5.574649
6.2294273
6.663111
6.4462695
5.6851964
6.1188803
6.450521
6.1188803
5.357807
5.6851964
6.339974
6.1188803
5.6851964
6.4462695
5.574649
5.902038
5.902038
6.7736583
6.008333
6.556816
6.012585
6.769407
6.3357224
6.4462695
6.3357224
5.140965
6.2294273
5.574649
6.2294273
6.2294273
6.4462695
5.902038
6.339974
5.902038
5.902038
6.012585
6.1188803
5.357807
6.7736583
5.902038
5.24726
5.6851964
5.902038
6.4462695
5.902038
6.7736583
5.357807
5.578901
6.1188803
6.012585
5.6851964
6.2294273
5.902038
6.667363
5.6851964
5.357807
5.795743
5.6851964
5.468354
5.468354
5.795743
6.012585
5.140965
5.6851964
5.251512
5.795743
5.468354
5.357807
5.90629
5.468354
4.924123
6.339974
6.7736583
5.6851964
6.667363
5.357807
5.468354
5.795743
6.012585
5.6851964
5.468354
6.012585
4.7072806
4.924123
5.468354
5.468354
5.0346694
4.7072806
6.123132
5.468354
5.251512
5.689448
6.012585
5.6851964
6.450521
6.123132
5.140965
5.251512
5.251512
5.90629
5.140965
5.795743
6.012585
5.795743
5.3620586
5.578901
5.90629
5.795743
5.468354
5.1452165
5.6851964
5.251512
5.578901
5.689448
6.012585
4.8178277
5.3620586
5.90629
5.795743
5.140965
5.3620586
5.0346694
6.2336793
4.490439
5.578901
6.123132
4.7072806
5.3620586
5.3620586
5.468354
4.490439
5.0346694
5.90629
4.7072806
4.1630497
5.4726057
6.2336793
4.7072806
5.0346694
5.1452165
4.7072806
4.8178277
5.0346694
5.90629
5.689448
5.578901
5.795743
4.490439
5.578901
6.2336793
5.795743
5.1452165
5.90629
5.90629
6.016837
5.90629
5.578901
4.2735963
5.689448
5.251512
3.9462075
5.4726057
5.3620586
5.1452165
5.1452165
5.3620586
5.578901
5.3620586
5.1452165
5.578901
4.6009855
5.2557635
5.4726057
5.0346694
4.8178277
5.038922
5.0346694
4.928375
4.6009855
5.3620586
4.8178277
5.1452165
5.1452165
4.6009855
4.1630497
6.016837
4.490439
4.4946904
5.1452165
4.928375
5.1452165
5.3620586
4.3841434
4.7115326
5.689448
5.4726057
4.3841434
4.928375
6.016837
4.3841434
5.038922
5.3620586
4.6009855
5.583153
5.4726057
5.1452165
4.928375
5.1452165
4.2735963
4.4946904
4.3841434
5.2557635
4.7115326
5.1452165
5.799995
4.928375
4.928375
5.1452165
5.4726057
4.928375
4.3841434
5.4726057
4.167301
4.7115326
4.928375
3.9462075
5.038922
4.928375
4.7115326
4.4946904
5.3663106
5.4726057
4.6009855
5.038922
5.038922
4.7115326
4.056754
4.056754
4.056754
4.7115326
4.056754
4.056754
5.2557635
4.7115326
4.2735963
4.8220797
4.7115326
4.056754
4.8220797
4.8220797
4.928375
3.9504592
5.3663106
5.1452165
4.3883953
4.4946904
4.7115326
4.167301
4.2778482
4.7115326
4.167301
4.3841434
4.8220797
4.4946904
3.8399122
3.7293656
5.583153
4.7115326
3.9504592
4.167301
4.6009855
4.6009855
4.7115326
5.2557635
4.8220797
5.038922
3.9504592
4.7115326
5.1452165
3.8399122
4.8220797
4.7115326
3.8399122
3.9504592
4.8220797
4.4946904
4.7115326
4.3841434
4.2778482
4.3841434
3.8399122
4.605237
5.038922
4.6009855
4.7115326
4.2778482
4.928375
3.9504592
3.62307
5.038922
4.2778482
4.8220797
4.7115326
4.167301
3.7336173
4.928375
4.4946904
4.2778482
4.8220797
4.8220797
5.2557635
5.038922
4.7115326
4.7115326
3.8399122
4.4946904
4.928375
4.2778482
4.7115326
4.0610065
3.7336173
4.8220797
5.1494684
3.8399122
5.1494684
4.4946904
4.3883953
5.3663106
4.4946904
3.406228
3.9504592
5.3663106
3.7336173
3.5125234
4.4946904
4.605237
3.9504592
3.62307
4.3883953
3.7336173
3.5167751
4.0610065
3.62307
4.0610065
4.9326262
4.2778482
3.9504592
4.171553
4.2778482
3.189386
3.5167751
4.605237
4.7115326
3.406228
4.171553
3.406228
4.715784
4.0610065
3.62307
4.3883953
4.3841434
4.7115326
3.844164
4.0610065
4.8220797
4.4946904
3.844164
4.0610065
4.605237
4.0610065
4.0610065
3.7336173
3.844164
5.1494684
4.605237
4.3883953
4.2778482
3.5167751
4.2778482
4.4946904
4.2778482
4.0610065
3.7336173
3.5167751
3.7336173
4.3883953
3.9504592
4.0610065
4.7115326
3.9504592
4.171553
4.605237
4.3841434
3.189386
3.7336173
4.2778482
4.3883953
3.7336173
4.0610065
3.5167751
3.189386
4.605237
3.189386
3.189386
4.3841434
3.62307
3.7336173
4.9326262
4.4946904
4.605237
5.1494684
3.7336173
3.8399122
3.9504592
3.406228
3.5167751
4.9326262
4.2778482
3.9504592
4.605237
3.406228
5.038922
3.7336173
4.3883953
4.2778482
4.605237
4.167301
5.3663106
4.8220797
3.9504592
4.2778482
4.0610065
4.928375
3.5125234
4.4946904
4.605237
4.0610065
5.038922
4.0610065
4.3841434
4.0610065
4.3841434
3.844164
5.038922
4.167301
4.2778482
4.9326262
3.406228
4.8220797
4.9326262
4.9326262
3.7336173
3.7336173
4.171553
5.2557635
5.1494684
3.7336173
4.2778482
4.0610065
4.9326262
3.9504592
3.844164
4.3883953
3.406228
3.9504592
3.7336173
4.9326262
4.605237
4.3883953
4.605237
4.605237
3.9504592
3.406228
4.3883953
3.5167751
4.2778482
3.62307
3.406228
4.605237
4.0610065
5.1494684
3.406228
4.605237
3.9504592
3.406228
4.0610065
3.189386
4.0610065
4.605237
4.2778482
3.5167751
4.171553
4.8220797
3.7336173
4.4946904
4.715784
3.189386
4.3883953
3.844164
4.2778482
4.0610065
4.2778482
4.4946904
3.844164
3.5167751
4.2778482
4.2778482
4.3883953
3.62307
3.6273217
4.9326262
4.715784
4.605237
4.605237
3.5167751
4.2778482
4.715784
4.6009855
3.189386
3.844164
4.0610065
3.9504592
3.844164
4.605237
3.7336173
3.844164
4.2778482
4.3883953
4.605237
4.0610065
4.171553
4.3883953
4.4946904
4.8220797
4.0610065
4.0610065
3.9504592
3.7336173
4.605237
4.9326262
4.0610065
4.605237
3.62307
4.4989424
4.715784
3.844164
4.0610065
5.3663106
4.2778482
4.605237
4.2778482
5.1494684
4.167301
4.8220797
4.0610065
4.7115326
4.928375
3.62307
4.8220797
5.9105415
4.7115326
4.8220797
4.167301
4.4946904
5.4768577
4.2778482
4.0610065
4.167301
4.0610065
4.4989424
5.3663106
4.0610065
4.2778482
3.406228
4.4946904
4.167301
3.5167751
5.1494684
5.1494684
3.62307
4.8220797
5.3663106
3.62307
4.8220797
5.3663106
3.9504592
4.3883953
4.3883953
4.605237
4.715784
4.8220797
4.2778482
4.715784
4.605237
4.8220797
4.605237
5.1494684
4.605237
5.4768577
4.4946904
4.2778482
4.605237
5.1494684
3.844164
4.9326262
4.2778482
3.8399122
5.0431733
5.3663106
4.2778482
4.2778482
5.3663106
3.9504592
4.3883953
3.9504592
4.2778482
4.8220797
5.1494684
4.2778482
4.8220797
4.8220797
4.167301
4.2778482
4.8220797
4.605237
4.9326262
5.3663106
4.8220797
4.3841434
3.9504592
5.1494684
4.9326262
4.928375
5.3663106
5.1494684
4.605237
4.3883953
4.9326262
5.4768577
4.3883953
4.8220797
5.2557635
4.3841434
5.038922
3.8399122
4.9326262
4.4946904
4.8220797
4.8220797
4.4946904
5.1494684
4.4946904
5.038922
4.2778482
5.2557635
4.4946904
4.0610065
5.1494684
4.0610065
4.605237
5.2557635
4.4946904
4.0610065
5.2600155
5.038922
5.1494684
4.8220797
4.0610065
4.4946904
5.038922
4.2778482
4.8220797
5.3663106
4.9326262
4.3841434
3.9504592
5.038922
4.7115326
4.2778482
4.8220797
5.1494684
3.7336173
5.038922
4.8220797
4.8220797
5.9105415
4.056754
4.7115326
5.583153
5.2557635
5.3663106
5.2557635
4.2778482
4.8220797
4.7115326
5.3663106
4.8220797
4.4946904
4.4946904
5.038922
4.7115326
4.4946904
5.3663106
5.2557635
4.8220797
5.038922
5.1494684
3.9504592
5.1494684
4.4946904
5.1494684
5.3663106
3.9504592
5.1494684
4.7115326
4.167301
5.6937
4.2778482
4.4946904
4.8220797
3.5125234
5.1494684
5.038922
4.605237
5.038922
4.9326262
4.2778482
5.3663106
4.8220797
4.8220797
3.9504592
4.9326262
5.038922
4.0610065
4.4946904
5.1494684
5.583153
4.3841434
5.583153
4.4946904
4.3883953
5.038922
4.9326262
5.9105415
4.9326262
5.3663106
4.3841434
4.2778482
4.8220797
4.605237
4.8220797
5.2557635
4.4946904
5.038922
5.3663106
5.3663106
4.4946904
5.6937
5.2557635
4.2778482
6.1273837
4.4946904
5.038922
3.7336173
5.6937
4.928375
5.038922
5.4768577
4.605237
5.2557635
5.583153
4.8220797
5.038922
5.038922
5.038922
5.799995
4.4946904
4.167301
5.2557635
5.4768577
4.7115326
4.7115326
4.7115326
4.8220797
5.1494684
5.583153
4.4946904
4.7115326
5.799995
4.2778482
5.1494684
5.4768577
5.2557635
5.799995
4.8220797
5.1494684
4.4946904
5.038922
5.799995
5.583153
4.8220797
5.583153
4.928375
5.038922
4.8220797
4.2778482
5.038922
5.3663106
5.2557635
4.7115326
5.2557635
5.4726057
4.4946904
5.3663106
4.7115326
4.2778482
5.6937
5.583153
5.038922
5.038922
5.6937
4.4946904
5.3663106
4.3883953
5.1494684
5.9105415
5.799995
4.605237
5.583153
4.4946904
5.2557635
4.8220797
5.2557635
4.8220797
5.2557635
4.605237
4.605237
5.2557635
4.3841434
5.3663106
5.2557635
3.8399122
5.2557635
4.4946904
4.7115326
5.038922
4.8220797
5.2557635
5.689448
5.2557635
5.1494684
4.4946904
4.8220797
5.799995
4.3841434
5.3663106
5.6937
4.928375
5.3663106
5.583153
4.928375
5.799995
5.583153
4.8220797
5.6937
5.1494684
4.8220797
5.038922
4.7115326
5.3663106
5.038922
5.3663106
6.1273837
5.799995
5.3663106
5.3663106
4.7115326
4.8220797
5.038922
5.799995
5.6937
4.7115326
6.0210886
4.3841434
4.9326262
5.9105415
5.2557635
5.038922
5.4726057
4.605237
5.038922
4.7115326
4.928375
5.3663106
5.583153
4.8220797
4.8220797
5.799995
4.9326262
4.4946904
4.4946904
5.3663106
6.3442264
4.4946904
5.1452165
5.9105415
4.4946904
5.583153
5.4726057
4.2778482
4.4946904
5.2557635
5.4726057
5.038922
5.4726057
5.583153
5.2557635
5.038922
5.2557635
5.3663106
4.928375
5.1494684
4.928375
5.2557635
5.799995
5.3663106
5.3663106
4.2778482
5.3663106
4.7115326
4.8220797
5.2557635
4.7115326
5.4726057
5.583153
4.7115326
6.1273837
5.799995
5.2557635
4.8220797
4.7115326
4.7115326
5.2557635
4.6009855
5.2557635
5.6937
5.4726057
4.928375
5.038922
4.4946904
5.4726057
5.4726057
5.799995
5.038922
5.90629
5.583153
5.799995
5.4726057
5.583153
4.7115326
5.9105415
6.1273837
5.3663106
5.2557635
4.4946904
5.6937
5.038922
6.016837
5.3663106
5.3663106
4.8220797
5.583153
5.583153
5.9105415
5.6937
5.1494684
6.237931
5.3663106
5.2557635
4.9326262
4.7115326
4.928375
5.799995
5.2557635
5.689448
4.7115326
4.4946904
5.1452165
4.9326262
5.9105415
5.4726057
5.3663106
6.1273837
4.6009855
5.6937
5.1452165
5.2557635
6.1273837
5.1494684
5.038922
5.038922
5.4726057
4.4946904
4.8220797
5.799995
5.4726057
5.1452165
5.6937
5.799995
5.4726057
6.1273837
4.7115326
4.7115326
6.016837
5.3663106
5.689448
6.3442264
4.7115326
6.1273837
5.3663106
5.2557635
5.583153
5.689448
4.928375
6.016837
5.583153
6.016837
5.4726057
5.689448
6.016837
5.2557635
4.928375
5.583153
6.1273837
4.928375
5.1452165
5.4726057
5.799995
5.3663106
5.038922
5.689448
5.9105415
5.9105415
4.8178277
5.9105415
5.2557635
5.2557635
5.583153
6.1273837
5.2557635
5.1452165
6.1273837
5.583153
4.8178277
5.2557635
5.799995
5.4726057
5.038922
5.583153
5.2557635
5.4768577
4.7115326
5.038922
6.3442264
5.038922
5.4768577
5.689448
4.928375
4.7115326
5.038922
5.038922
5.799995
4.8220797
5.2557635
6.1273837
5.038922
4.7115326
5.9105415
6.016837
4.605237
5.799995
5.1494684
4.8220797
4.7115326
4.7115326
5.4726057
5.038922
5.583153
5.799995
5.1452165
5.583153
5.799995
5.1452165
5.4726057
4.928375
5.4726057
4.928375
6.3442264
4.6009855
5.2557635
5.583153
6.016837
6.016837
5.799995
6.2336793
4.8220797
5.3620586
4.4946904
5.583153
5.3620586
4.7115326
5.2557635
6.2336793
5.038922
6.1273837
5.583153
5.4726057
5.799995
5.4726057
6.016837
5.9105415
5.4726057
5.583153
5.4726057
5.2557635
5.799995
4.7115326
5.4726057
5.4726057
6.2336793
5.583153
5.799995
5.799995
5.583153
6.671615
5.038922
4.928375
5.799995
5.799995
6.3442264
5.799995
5.038922
5.689448
5.9105415
4.7115326
5.4726057
5.3663106
5.4726057
5.2557635
5.038922
5.4726057
5.583153
5.799995
5.6937
5.3663106
5.3663106
6.1273837
5.3663106
6.3442264
5.6937
4.9326262
5.9105415
5.038922
5.038922
6.454773
4.8220797
5.583153
6.1273837
5.1494684
5.2557635
5.799995
5.038922
4.8220797
5.4726057
5.2557635
5.1494684
5.583153
6.016837
4.928375
5.9105415
5.1494684
5.583153
5.3663106
5.9105415
5.799995
5.2557635
5.1452165
5.689448
6.016837
5.3663106
5.2557635
5.4726057
4.7115326
5.3663106
5.3663106
5.3663106
6.1273837
4.605237
5.583153
5.583153
5.2557635
5.038922
5.038922
5.583153
5.1494684
5.038922
6.016837
4.7115326
5.6937
5.3663106
5.583153
5.583153
5.2557635
5.6937
5.2557635
6.1273837
5.3663106
5.4726057
5.4726057
5.3663106
5.4726057
5.689448
5.689448
5.9105415
5.038922
5.4726057
6.561068
5.3663106
6.3442264
5.4726057
5.9105415
5.9105415
6.016837
4.928375
6.016837
6.2336793
5.1494684
5.689448
6.561068
6.016837
5.2557635
5.583153
5.3620586
5.799995
5.2557635
5.90629
5.2557635
6.016837
6.016837
5.583153
5.799995
5.689448
5.799995
5.3663106
4.7115326
5.6937
5.799995
5.4726057
6.1273837
6.016837
5.583153
5.1494684
5.799995
5.4726057
5.3663106
4.928375
5.583153
5.2557635
5.90629
6.671615
5.2557635
5.583153
5.799995
6.016837
6.016837
5.2557635
5.2557635
5.038922
5.9105415
6.016837
5.583153
6.016837
6.3442264
5.583153
6.3442264
6.561068
5.2557635
6.016837
6.3442264
5.1452165
5.799995
5.583153
6.1273837
6.3442264
6.1273837
5.689448
5.799995
5.583153
6.3442264
5.1494684
5.90629
6.1273837
4.928375
6.016837
5.689448
6.3442264
5.583153
4.4946904
5.583153
5.799995
5.799995
6.1273837
5.038922
5.799995
5.3620586
5.583153
5.583153
6.016837
5.4726057
6.016837
6.016837
6.016837
5.583153
6.1273837
6.3442264
5.799995
5.038922
5.4726057
6.1273837
6.1273837
6.1273837
5.799995
6.1273837
6.016837
6.016837
5.689448
5.4726057
5.583153
5.583153
5.799995
6.671615
5.689448
5.1452165
5.4726057
6.3442264
5.799995
5.2557635
5.799995
6.016837
6.016837
5.1452165
5.1452165
6.016837
5.799995
5.583153
5.3663106
5.799995
5.799995
5.583153
5.2557635
5.6937
5.583153
6.016837
5.4726057
5.2557635
6.016837
6.1273837
6.1273837
5.9105415
5.90629
6.016837
5.799995
4.7115326
4.928375
5.4726057
5.9105415
5.583153
4.7115326
5.689448
5.799995
4.7115326
5.4726057
5.799995
6.016837
5.583153
4.7115326
5.799995
6.2336793
6.561068
5.4726057
5.799995
6.016837
5.583153
5.3663106
5.689448
6.016837
5.1452165
5.799995
5.583153
5.4726057
6.1273837
6.3442264
5.2557635
5.583153
5.689448
5.4726057
5.3663106
5.4726057
5.689448
6.3442264
5.3663106
6.1273837
6.2336793
5.583153
5.4726057
5.583153
5.578901
5.4726057
5.799995
6.016837
5.3663106
5.799995
5.799995
5.1452165
6.450521
5.583153
6.1273837
6.016837
6.561068
5.038922
5.799995
6.3442264
5.1452165
5.799995
6.1273837
5.583153
5.799995
5.4726057
6.016837
5.689448
5.583153
5.90629
6.450521
5.9105415
6.2336793
5.583153
5.689448
6.016837
5.799995
5.4726057
5.4726057
5.4726057
5.038922
5.799995
5.2557635
6.1273837
5.799995
6.1273837
5.3620586
6.016837
5.2557635
5.689448
6.3442264
5.3620586
5.799995
6.1273837
6.016837
5.689448
5.583153
6.1273837
5.799995
5.4726057
5.9105415
5.9105415
6.2336793
5.799995
5.4726057
6.016837
5.3663106
6.2336793
6.1273837
6.016837
5.4726057
6.1273837
4.928375
5.799995
5.689448
4.3841434
5.799995
5.799995
5.90629
5.583153
6.3442264
5.2557635
5.799995
6.016837
5.799995
5.4726057
5.6937
5.689448
5.90629
5.4726057
5.799995
6.2336793
5.2557635
5.4726057
5.2557635
5.3620586
5.4726057
5.583153
5.2557635
5.799995
5.3663106
6.3442264
6.1273837
5.799995
6.016837
4.7115326
6.3442264
5.799995
4.928375
6.450521
5.583153
6.2336793
5.2557635
5.9105415
5.3663106
5.2557635
6.016837
5.2557635
5.689448
5.038922
5.799995
5.689448
5.583153
5.799995
5.689448
5.583153
5.799995
5.799995
5.583153
5.799995
5.4726057
6.2336793
4.928375
5.583153
6.3442264
5.583153
5.799995
6.3442264
5.4726057
5.2557635
5.9105415
5.4726057
6.1273837
5.799995
5.3663106
5.1452165
5.4726057
5.038922
6.3442264
5.689448
5.3663106
5.038922
5.4726057
5.583153
5.2557635
5.2557635
6.2336793
5.689448
5.799995
5.4726057
5.583153
5.2557635
6.016837
5.1452165
6.1273837
5.4726057
5.4726057
5.689448
6.1273837
5.2557635
6.016837
5.583153
5.689448
6.3442264
4.8220797
6.016837
5.583153
5.689448
5.689448
5.6937
5.583153
5.9105415
5.2557635
5.799995
5.2557635
5.689448
5.689448
5.2557635
5.90629
5.1494684
6.1273837
5.6937
5.2557635
5.583153
5.799995
6.671615
4.928375
4.7115326
5.583153
4.928375
5.1452165
5.4726057
5.799995
4.7115326
5.9105415
5.1452165
5.799995
6.1273837
5.9105415
5.3663106
6.1273837
5.799995
5.9105415
6.3442264
5.2557635
5.799995
5.1494684
6.3442264
6.016837
5.1494684
4.928375
6.3442264
5.799995
5.4726057
5.4726057
5.583153
5.038922
4.928375
5.799995
5.9105415
4.8220797
5.3663106
5.2557635
5.799995
5.4726057
5.1494684
6.016837
5.689448
6.016837
4.2778482
5.9105415
5.3663106
6.3442264
5.038922
6.3442264
5.9105415
5.2557635
5.4726057
5.038922
5.3663106
5.2557635
5.2557635
5.038922
6.016837
6.1273837
5.038922
5.4726057
5.799995
4.928375
5.6937
5.4726057
5.799995
5.2557635
5.6937
5.2557635
5.1494684
5.3663106
6.454773
5.583153
5.583153
6.237931
5.3663106
5.1494684
5.3663106
5.9105415
4.4946904
4.4946904
5.583153
5.1452165
5.2557635
6.3442264
5.799995
6.1273837
5.583153
5.4726057
4.605237
5.1494684
5.4726057
5.4726057
5.799995
5.1494684
6.016837
5.3663106
5.3663106
6.0210886
5.038922
5.1494684
6.1273837
5.2557635
5.4726057
5.4726057
4.605237
5.583153
5.2557635
5.1494684
5.3663106
4.2778482
5.799995
4.8220797
5.4768577
4.6009855
4.6009855
5.2557635
5.1494684
4.8220797
6.1273837
4.8220797
5.038922
4.8220797
4.7115326
4.8220797
5.2557635
4.167301
4.8220797
5.3663106
4.605237
5.1494684
5.799995
5.038922
4.7115326
5.6937
5.038922
5.2557635
4.928375
4.8220797
5.583153
5.583153
5.583153
5.6937
5.038922
5.804247
5.583153
5.583153
5.4726057
5.583153
4.8220797
5.4726057
4.167301
5.4726057
5.1452165
4.605237
5.038922
6.3442264
4.3841434
5.3663106
5.4726057
4.605237
5.2557635
4.8220797
5.4726057
5.3663106
6.3442264
5.2557635
4.8220797
5.3663106
5.799995
5.038922
5.038922
5.4726057
5.1494684
5.4768577
5.038922
4.8220797
5.3663106
5.3663106
5.4726057
5.799995
4.4946904
5.2557635
5.038922
4.2778482
5.038922
4.928375
4.7115326
4.4946904
5.1494684
5.799995
5.583153
5.2557635
5.2557635
5.038922
5.3663106
5.3663106
5.4726057
4.4946904
4.8220797
5.583153
4.605237
5.3663106
5.4768577
5.583153
4.8220797
4.7115326
5.9105415
4.4946904
5.799995
5.583153
5.2557635
5.038922
5.583153
4.8220797
5.3663106
5.2557635
4.3841434
5.9105415
5.3663106
4.4946904
5.3663106
5.4726057
4.4946904
5.3663106
5.038922
5.3663106
5.3663106
5.1494684
4.167301
5.3663106
5.3663106
4.2778482
5.583153
6.1273837
4.3841434
4.7115326
5.1494684
5.038922
4.8220797
5.1494684
5.038922
4.4946904
5.038922
5.038922
5.4768577
5.2557635
4.7115326
5.3663106
5.6937
4.8220797
5.038922
5.3663106
4.8220797
5.9105415
5.038922
5.4726057
4.9326262
5.583153
5.799995
4.4946904
5.1494684
5.038922
4.9326262
6.1273837
4.9326262
5.2557635
5.3663106
4.605237
5.9105415
4.167301
5.3663106
5.799995
5.4726057
4.928375
5.1494684
4.4946904
6.3442264
5.9105415
4.8220797
5.1494684
4.605237
4.2778482
5.038922
5.3663106
5.038922
5.3663106
5.2557635
5.3663106
5.3663106
5.3663106
5.3663106
4.715784
4.605237
5.799995
4.605237
5.038922
5.038922
5.1494684
5.3663106
4.7115326
4.2778482
4.7115326
4.8220797
3.9504592
4.2778482
5.4726057
5.038922
4.605237
5.9105415
4.2778482
4.8220797
4.8220797
5.2557635
5.038922
4.8220797
4.9326262
5.2557635
4.8220797
5.2557635
3.9504592
5.038922
5.038922
5.1494684
5.3663106
5.3663106
5.2557635
5.038922
5.583153
4.8220797
4.167301
5.3663106
4.605237
5.583153
5.9105415
5.6937
4.8220797
5.9105415
5.1494684
5.1494684
4.715784
4.928375
4.9326262
4.8220797
4.167301
5.3663106
5.3663106
4.8220797
5.9105415
5.3663106
5.038922
5.038922
4.7115326
4.7115326
5.038922
5.038922
4.7115326
4.4946904
5.038922
5.038922
4.4946904
4.167301
5.4768577
5.038922
4.605237
4.2735963
4.8220797
5.583153
4.7115326
4.605237
5.6937
4.4946904
5.583153
4.715784
4.928375
5.1494684
5.2600155
4.4946904
5.038922
4.2778482
5.3663106
4.605237
4.8220797
5.583153
5.2557635
5.6937
5.038922
5.3663106
5.9105415
4.9326262
5.1494684
4.167301
5.038922
4.9326262
3.62307
4.3883953
5.6937
4.6009855
5.038922
5.038922
5.3663106
4.605237
5.038922
4.4946904
4.8220797
4.605237
4.9326262
5.3663106
3.7336173
4.605237
5.038922
4.605237
5.3663106
4.167301
5.2557635
4.3883953
4.8220797
4.4946904
5.3663106
5.038922
4.0610065
5.038922
5.3663106
4.8220797
5.3663106
5.799995
4.605237
5.4768577
5.038922
5.6937
5.4768577
5.3663106
5.3663106
4.8220797
5.038922
4.167301
5.9105415
5.3663106
5.038922
4.167301
5.038922
5.1494684
5.2557635
5.038922
3.9504592
5.038922
5.799995
5.3663106
4.8220797
4.3883953
5.583153
4.605237
5.3663106
4.167301
5.583153
4.167301
5.583153
4.3883953
5.583153
4.8220797
4.9326262
4.7115326
4.6009855
4.928375
5.2557635
5.2557635
4.4946904
5.3663106
5.1494684
4.3883953
4.605237
4.2778482
5.1494684
4.4946904
4.4946904
5.038922
5.4768577
4.4946904
5.1494684
4.7115326
5.9105415
4.3841434
5.038922
5.9105415
4.605237
5.038922
4.605237
4.0610065
5.3663106
4.8220797
5.2557635
4.8220797
5.038922
4.0610065
5.038922
4.7115326
5.3663106
5.038922
4.7115326
4.8220797
4.3841434
3.9504592
5.2600155
5.583153
4.4946904
5.1494684
5.1494684
4.2778482
5.038922
5.2557635
4.715784
5.1494684
5.2557635
4.4946904
5.1494684
5.3663106
4.8220797
5.6937
5.3663106
4.171553
4.4946904
5.2557635
4.4946904
4.8220797
4.8220797
5.3663106
5.1494684
5.583153
5.3663106
4.8220797
5.2557635
5.3663106
5.583153
5.1494684
5.3663106
4.2778482
5.4768577
4.605237
4.4946904
5.9105415
5.1494684
4.8220797
5.2557635
5.2557635
4.0610065
5.3663106
5.1494684
4.8220797
4.605237
4.7115326
3.7336173
5.1494684
5.4768577
4.8220797
4.8220797
5.6937
5.3663106
4.605237
5.9105415
5.2557635
5.1494684
5.583153
4.2778482
4.2778482
5.6937
5.583153
5.038922
4.4946904
5.3663106
5.3663106
5.1494684
4.605237
4.2778482
5.1494684
4.605237
5.2600155
5.9105415
4.2778482
4.8220797
5.2600155
5.9105415
5.6937
5.3663106
5.038922
5.3663106
4.2778482
4.605237
5.6937
4.3883953
4.9326262
5.6937
4.9326262
5.2557635
4.9326262
5.038922
4.3883953
4.0610065
5.3663106
4.0610065
5.3663106
5.3663106
5.4768577
5.3663106
5.799995
5.1494684
4.8220797
5.038922
4.9326262
5.2557635
5.1494684
5.3663106
4.8220797
5.038922
4.605237
4.715784
5.2557635
4.4946904
4.3883953
5.804247
5.3663106
4.8220797
5.583153
4.8220797
4.2778482
5.038922
5.2557635
4.4989424
4.8220797
5.583153
5.038922
5.3663106
5.1494684
4.9326262
4.715784
4.2778482
4.8220797
4.8220797
4.167301
4.605237
5.1494684
4.8220797
4.3883953
5.038922
5.1494684
5.3663106
4.8220797
5.038922
5.6937
4.2778482
4.605237
4.8220797
4.7115326
5.038922
4.605237
4.8220797
5.038922
5.038922
5.038922
5.1494684
4.8220797
4.167301
4.715784
5.6937
4.4946904
4.0610065
5.3663106
5.2557635
4.8220797
5.038922
5.3663106
5.038922
5.038922
5.038922
5.2557635
4.8220797
4.9326262
4.2778482
5.4768577
4.7115326
4.3883953
5.1494684
5.6937
4.0610065
4.715784
4.605237
4.605237
3.9504592
5.038922
4.4946904
4.9326262
5.1494684
5.6937
4.9326262
5.2600155
5.6937
4.605237
5.1494684
4.2778482
4.9326262
5.3663106
5.1494684
5.0431733
5.1494684
4.3883953
4.8220797
4.8220797
4.7115326
4.3883953
5.1494684
4.4946904
4.605237
4.9326262
5.3663106
5.1494684
4.3883953
4.9326262
5.1494684
4.2778482
5.038922
5.1494684
4.8220797
4.3883953
5.4768577
4.8220797
4.8220797
4.8220797
5.4768577
4.4946904
5.1494684
4.605237
4.605237
5.038922
5.583153
4.3883953
4.605237
5.6937
3.406228
4.8220797
4.605237
5.1494684
4.605237
5.6937
4.0610065
4.8220797
5.4768577
4.2778482
5.1494684
5.583153
4.2778482
5.2600155
4.715784
5.4768577
4.605237
4.8220797
5.9105415
5.1494684
3.844164
5.3663106
4.2778482
5.1494684
4.0610065
4.605237
5.0431733
4.0610065
4.171553
5.4768577
4.0610065
4.8220797
4.171553
4.4989424
4.715784
4.715784
4.715784
5.038922
4.605237
4.9326262
5.1494684
4.3883953
4.605237
4.3883953
4.3883953
4.3883953
4.715784
5.4768577
4.605237
5.0431733
5.3663106
4.9326262
3.844164
5.2600155
4.9326262
3.954711
4.3883953
4.3883953
4.4989424
4.605237
4.3883953
4.2778482
4.3883953
4.0610065
4.171553
3.954711
4.715784
3.844164
4.715784
4.605237
3.7336173
4.2778482
4.3883953
4.8220797
4.171553
4.4989424
4.715784
4.9326262
4.605237
5.4768577
5.1494684
4.9326262
5.6937
4.605237
4.2778482
5.3663106
5.6937
4.2778482
5.1494684
5.3663106
4.4946904
5.1494684
5.2557635
5.1494684
4.715784
5.4768577
5.1494684
5.1494684
4.3883953
4.8220797
5.6937
3.844164
5.2600155
5.1494684
4.2778482
4.3883953
4.4989424
5.1494684
4.9326262
3.7336173
4.3883953
4.4946904
5.4768577
4.4989424
4.3883953
4.9326262
4.3883953
4.9326262
4.8220797
5.1494684
5.2600155
5.3663106
5.1494684
5.9105415
4.9326262
5.3663106
5.1494684
5.1494684
5.6937
4.605237
5.1494684
4.8220797
5.3663106
4.8220797
6.1273837
5.2557635
4.8220797
5.3663106
6.016837
5.2557635
5.3663106
5.6937
5.3663106
5.4768577
5.6937
5.2557635
5.6937
5.9105415
5.6937
6.1273837
5.4768577
5.583153
5.1494684
5.3663106
5.038922
5.038922
5.038922
5.583153
5.1494684
5.6937
6.1273837
5.583153
5.1494684
6.0210886
6.0210886
5.1494684
6.1273837
5.4768577
5.804247
5.9105415
5.9105415
6.237931
5.9105415
6.454773
6.1273837
5.583153
5.2557635
6.671615
6.1273837
5.1494684
6.454773
6.454773
5.3663106
6.9990044
6.3442264
6.3442264
5.9105415
6.671615
5.9105415
6.671615
6.1273837
6.1273837
6.016837
5.799995
6.8884573
6.3442264
5.6937
6.454773
6.1273837
5.799995
6.671615
6.8884573
6.1273837
6.454773
6.016837
6.237931
6.1273837
6.8884573
6.8884573
6.671615
5.583153
6.3442264
7.3263927
7.2158465
6.3442264
7.3263927
6.8884573
6.8884573
6.3442264
6.8884573
6.1273837
6.8884573
6.7821617
7.1052995
6.8884573
6.77791
6.9990044
7.1052995
7.543235
6.8884573
7.543235
7.4326887
7.2158465
7.1052995
6.454773
6.8884573
6.9990044
6.561068
6.454773
7.1052995
8.087466
7.543235
7.543235
7.1052995
7.1052995
7.4326887
8.193762
6.77791
7.1052995
7.649531
6.561068
7.1052995
6.8884573
7.1052995
6.77791
7.649531
6.77791
7.760078
7.649531
6.77791
6.8884573
7.649531
7.3221416
7.8663726
7.8663726
7.2158465
7.4326887
7.760078
6.77791
6.671615
7.649531
7.649531
6.9990044
7.4326887
6.8884573
7.543235
7.9769197
7.3221416
7.9769197
7.2158465
6.8884573
7.8663726
7.4326887
7.649531
6.9947524
7.760078
6.450521
8.193762
6.8884573
6.8884573
7.649531
7.3221416
7.9769197
7.8663726
6.77791
7.2158465
8.410604
7.9769197
7.649531
7.760078
7.3221416
7.3221416
7.7558255
7.649531
7.538984
7.8663726
7.1052995
7.538984
7.1052995
7.8663726
7.1052995
7.2115946
7.649531
7.2158465
7.8663726
7.1052995
8.410604
7.538984
7.649531
8.193762
7.9769197
7.8663726
6.9947524
7.1052995
7.8663726
7.538984
7.1052995
8.083215
7.1052995
7.1052995
8.521151
6.9947524
7.2115946
6.8884573
7.3221416
7.7558255
7.649531
7.538984
7.1052995
6.561068
7.7558255
8.083215
6.9947524
7.9769197
7.8663726
6.667363
8.193762
7.4326887
7.3221416
7.1052995
7.8663726
6.667363
6.8884573
7.2158465
7.3221416
7.4326887
7.649531
8.193762
7.2158465
6.671615
7.4326887
7.8663726
7.3221416
8.193762
6.8884573
6.2336793
7.1052995
7.538984
6.561068
7.8663726
6.450521
7.3221416
7.4326887
7.2115946
7.2158465
7.4326887
7.538984
6.2336793
7.3221416
6.9947524
6.450521
7.4326887
6.9947524
6.667363
7.543235
7.1052995
7.649531
6.561068
6.2336793
7.4326887
6.77791
6.8884573
7.4326887
6.9947524
6.561068
6.561068
7.1052995
6.450521
7.649531
7.1052995
6.77791
6.671615
7.3221416
6.77791
7.1052995
7.1052995
6.9947524
6.2336793
7.3221416
6.561068
6.2336793
7.4326887
6.77791
7.1052995
7.1052995
6.77791
6.77791
6.671615
6.016837
6.2336793
6.2336793
6.016837
7.2158465
6.77791
5.799995
6.561068
6.3442264
5.583153
6.3442264
6.2336793
5.799995
5.9105415
6.1273837
7.1052995
6.671615
6.3442264
5.689448
6.561068
6.016837
5.9105415
5.9105415
6.561068
6.1273837
6.016837
6.450521
6.3442264
6.3442264
6.77791
6.1273837
6.3442264
6.2336793
6.3442264
5.4726057
6.237931
6.016837
5.689448
6.1273837
6.8884573
6.016837
5.799995
5.4726057
6.561068
5.583153
5.583153
6.1273837
6.016837
5.689448
5.9105415
5.583153
6.3442264
5.9105415
5.9105415
5.583153
6.671615
6.3442264
5.3663106
6.1273837
5.6937
6.2336793
5.4726057
5.4726057
5.9105415
5.9105415
5.3663106
5.799995
5.583153
5.583153
5.583153
5.4726057
6.3442264
6.8884573
5.3663106
5.583153
6.561068
5.4726057
5.799995
6.1273837
4.928375
5.689448
6.016837
6.016837
5.799995
6.0210886
5.799995
5.2557635
6.1273837
5.6937
6.1273837
5.799995
5.583153
5.9105415
6.3442264
5.9105415
6.237931
5.2557635
5.583153
5.799995
5.799995
5.3663106
6.671615
5.9105415
5.799995
6.561068
5.2557635
5.583153
6.3442264
6.3442264
6.454773
6.1273837
6.1273837
5.583153
6.3442264
5.4726057
5.3663106
6.016837
6.016837
5.9105415
6.3442264
5.799995
5.038922
5.583153
6.016837
5.583153
5.6937
5.583153
6.1273837
5.4768577
5.583153
6.561068
6.2336793
5.9105415
6.9990044
6.016837
5.583153
5.583153
6.671615
6.3442264
6.1273837
5.583153
5.9105415
5.9105415
5.583153
6.3442264
5.583153
6.1273837
6.016837
5.9105415
5.9105415
6.9990044
6.3442264
5.4726057
6.454773
6.671615
6.3442264
5.799995
6.671615
6.8884573
6.3442264
5.2557635
6.450521
6.3442264
6.3442264
6.8884573
6.8884573
5.4726057
5.799995
5.689448
5.799995
7.2158465
6.77791
6.016837
6.2336793
6.8884573
6.3442264
5.583153
7.1052995
6.3442264
6.561068
6.454773
6.561068
5.583153
6.3442264
6.8884573
6.671615
6.561068
6.3442264
6.2336793
6.561068
5.799995
6.3442264
7.1052995
6.1273837
6.016837
6.8884573
7.3221416
6.3442264
6.3442264
6.77791
6.3442264
6.561068
7.9769197
7.3221416
6.77791
7.1052995
7.3221416
6.1273837
7.4326887
7.1052995
7.4326887
6.8884573
7.9769197
6.561068
7.760078
6.561068
6.77791
6.77791
7.1052995
6.9947524
6.8884573
6.8884573
7.8663726
7.538984
7.2158465
7.4326887
6.77791
7.3221416
7.760078
7.1052995
6.561068
7.649531
6.77791
7.4326887
7.538984
7.1052995
7.2158465
7.538984
7.7558255
7.649531
7.2115946
6.8884573
8.521151
7.760078
7.9769197
6.9947524
8.521151
7.1052995
6.9947524
7.649531
7.1052995
7.4326887
7.7558255
7.649531
7.9769197
7.2115946
7.760078
8.193762
8.193762
8.193762
8.193762
7.3221416
7.649531
8.410604
7.538984
8.844288
7.649531
8.627446
7.538984
8.737993
8.627446
8.737993
8.627446
7.538984
8.083215
8.737993
8.083215
7.9726677
7.4284363
8.954835
8.627446
8.300056
7.538984
8.737993
7.9726677
7.649531
8.733741
8.954835
8.954835
7.9726677
8.954835
8.844288
8.516899
8.627446
8.083215
8.627446
8.300056
7.9726677
8.516899
8.954835
8.189509
8.954835
8.733741
8.627446
8.737993
8.189509
9.388519
7.9726677
8.083215
7.9726677
8.627446
8.516899
8.083215
8.516899
9.605361
8.189509
9.171678
8.844288
8.300056
9.061131
9.061131
8.627446
8.627446
9.061131
8.954835
8.733741
8.627446
8.627446
8.954835
8.844288
8.516899
9.822204
7.9726677
8.844288
8.516899
9.277972
8.627446
9.715908
8.516899
9.061131
9.388519
8.950583
8.950583
9.277972
8.627446
8.516899
9.277972
8.733741
9.388519
9.061131
8.516899
9.171678
9.061131
9.277972
8.623194
9.932751
10.149592
8.733741
9.711657
9.277972
8.950583
9.605361
8.733741
9.167425
9.494814
10.149592
10.039045
9.605361
10.039045
9.167425
10.149592
9.494814
9.277972
8.733741
10.260139
9.277972
9.277972
9.715908
9.494814
9.605361
9.061131
9.822204
10.366435
9.167425
9.388519
9.715908
8.950583
9.277972
9.171678
9.822204
9.277972
9.277972
9.822204
9.605361
9.061131
9.822204
8.733741
9.822204
9.494814
9.494814
9.167425
9.277972
10.149592
9.167425
9.494814
9.605361
9.277972
9.822204
9.822204
10.366435
9.822204
9.711657
9.061131
9.494814
9.277972
8.950583
10.260139
10.255888
8.950583
9.822204
8.950583
9.822204
9.605361
8.950583
9.494814
9.605361
9.167425
8.733741
9.822204
8.733741
9.388519
9.277972
8.844288
9.277972
9.932751
9.822204
9.061131
9.388519
8.950583
8.516899
9.277972
9.277972
9.388519
9.061131
9.277972
9.277972
9.605361
9.277972
9.277972
9.605361
9.167425
8.733741
9.167425
9.494814
9.822204
9.494814
9.605361
9.822204
9.822204
9.277972
9.494814
9.277972
9.711657
8.623194
9.932751
9.822204
9.822204
9.277972
9.277972
9.277972
9.277972
9.277972
8.840036
9.061131
9.932751
9.388519
9.605361
9.605361
9.167425
9.061131
9.277972
9.277972
8.733741
9.061131
9.494814
8.950583
9.605361
8.950583
9.277972
9.932751
9.494814
9.932751
8.516899
9.061131
9.061131
9.932751
9.822204
8.950583
9.822204
9.277972
8.406352
9.494814
9.494814
8.840036
9.605361
9.494814
8.516899
9.822204
8.840036
9.277972
9.277972
9.932751
9.932751
9.061131
9.056878
9.277972
9.932751
9.932751
8.516899
9.277972
9.822204
8.950583
9.388519
9.494814
9.384267
8.406352
9.061131
8.516899
9.277972
9.061131
8.950583
9.494814
9.822204
9.494814
9.061131
9.388519
9.711657
8.950583
9.061131
9.494814
8.733741
9.061131
8.950583
9.932751
9.494814
8.950583
9.277972
9.822204
8.623194
9.277972
9.277972
9.822204
9.932751
9.494814
8.950583
9.388519
10.039045
9.605361
9.822204
9.061131
9.388519
10.039045
9.167425
9.061131
10.476982
9.822204
9.388519
10.043297
9.822204
8.733741
9.277972
9.605361
9.277972
8.733741
9.715908
10.039045
9.061131
10.366435
9.494814
9.277972
9.494814
9.932751
9.932751
9.494814
9.277972
9.822204
9.711657
9.932751
10.149592
8.950583
9.822204
9.932751
9.822204
9.277972
10.149592
10.693824
9.494814
9.277972
9.605361
9.494814
9.822204
9.605361
10.255888
9.061131
10.039045
9.388519
9.605361
9.494814
9.494814
10.149592
9.277972
9.932751
10.476982
9.6011095
10.693824
9.928498
9.167425
9.388519
10.693824
9.822204
9.167425
9.277972
9.822204
9.711657
9.277972
10.149592
9.711657
9.277972
9.822204
10.9106655
9.277972
10.9106655
10.800118
10.693824
9.932751
9.928498
10.039045
10.039045
9.928498
9.277972
9.711657
10.583277
10.255888
9.822204
10.583277
9.822204
10.476982
10.039045
10.039045
10.693824
10.583277
10.366435
10.255888
10.366435
9.711657
10.800118
10.693824
10.800118
10.366435
10.149592
10.149592
10.255888
9.932751
10.255888
9.711657
9.932751
10.583277
10.800118
10.80437
11.454897
10.800118
10.693824
10.9106655
11.67174
10.255888
10.366435
10.47273
9.822204
10.476982
11.34435
9.822204
11.127508
11.454897
10.255888
10.47273
10.9106655
10.800118
10.693824
10.800118
10.693824
11.127508
10.800118
11.454897
11.238055
11.238055
10.583277
10.583277
11.34435
11.127508
10.9106655
11.127508
10.800118
11.123256
10.689571
10.9106655
10.800118
11.67174
10.9106655
11.127508
10.583277
10.145341
10.693824
10.9106655
11.67174
11.5611925
10.583277
11.67174
11.34435
10.47273
11.021213
10.9106655
10.800118
10.689571
10.9106655
10.47273
11.127508
11.127508
11.127508
10.366435
10.9106655
11.778034
11.778034
10.583277
11.233803
11.016961
11.782287
11.778034
11.5611925
11.016961
11.454897
10.800118
11.999128
11.5611925
11.5611925
11.67174
11.233803
11.233803
11.5611925
11.34435
10.583277
11.67174
10.795867
11.238055
12.105423
11.454897
11.5611925
10.47273
11.999128
11.34435
11.999128
12.105423
11.5611925
11.450645
11.67174
11.888581
12.105423
11.888581
11.67174
11.778034
11.888581
11.123256
11.34435
11.450645
11.016961
12.21597
12.322266
11.123256
11.888581
11.888581
10.800118
11.127508
11.888581
11.994876
10.906414
11.34435
11.012709
11.127508
11.888581
11.450645
12.105423
11.5611925
11.016961
12.760201
11.667487
11.5611925
11.450645
11.5611925
11.127508
11.667487
11.233803
11.5611925
10.47273
11.67174
11.667487
11.233803
11.127508
11.5611925
11.016961
12.21597
11.773782
11.233803
11.888581
11.34435
11.34435
11.667487
11.67174
11.994876
11.127508
11.5611925
11.5611925
11.888581
11.5611925
10.9106655
11.5611925
10.689571
11.778034
11.778034
11.67174
11.778034
11.994876
11.016961
11.016961
11.233803
11.667487
10.9106655
12.322266
11.888581
11.5611925
12.432813
12.21597
11.450645
11.233803
12.432813
11.5611925
11.127508
12.322266
11.34435
12.211719
12.105423
11.34435
11.5611925
11.5611925
11.5611925
11.34435
11.994876
10.689571
11.5611925
11.667487
11.5611925
11.667487
11.888581
12.105423
11.778034
11.888581
11.778034
11.016961
11.34435
12.211719
12.105423
11.34435
11.450645
11.233803
11.778034
12.21597
12.105423
12.211719
11.233803
11.34435
11.233803
11.667487
11.5611925
11.127508
11.778034
11.778034
11.127508
11.5611925
11.667487
11.778034
12.322266
10.800118
11.778034
11.994876
11.667487
12.21597
12.105423
11.884329
11.778034
11.450645
11.667487
12.539107
11.016961
11.778034
12.211719
11.5611925
11.454897
11.5611925
11.450645
12.322266
11.016961
11.123256
11.34435
11.778034
11.233803
12.432813
11.667487
11.233803
11.778034
11.994876
11.778034
11.5611925
11.667487
11.782287
12.322266
11.667487
11.123256
11.454897
11.450645
10.906414
11.34435
11.233803
11.778034
12.322266
11.994876
12.105423
11.994876
11.667487
11.888581
12.1011715
12.211719
11.34435
11.450645
12.322266
11.994876
12.322266
11.778034
11.34435
11.123256
12.649654
11.884329
11.994876
12.211719
11.233803
11.233803
11.888581
11.340097
12.105423
11.233803
11.127508
11.994876
12.211719
11.123256
12.21597
12.649654
12.42856
11.34435
11.994876
12.322266
12.105423
12.322266
12.539107
11.994876
11.450645
12.539107
12.105423
11.888581
11.450645
11.5611925
11.994876
11.123256
11.34435
11.233803
11.450645
11.888581
12.42856
11.667487
12.105423
11.778034
11.778034
11.450645
11.5611925
12.322266
12.322266
11.67174
12.322266
12.539107
11.5611925
11.778034
12.211719
11.5611925
11.5611925
11.778034
12.105423
12.649654
11.123256
12.105423
11.778034
11.450645
11.5611925
12.211719
11.450645
12.866496
11.667487
12.322266
12.322266
11.67174
12.866496
12.539107
12.105423
12.105423
11.55694
12.42856
12.539107
11.994876
11.778034
12.322266
12.211719
11.667487
12.649654
12.866496
12.42856
12.760201
11.994876
12.1011715
11.778034
12.432813
13.083339
11.778034
11.5611925
12.977044
12.42856
11.994876
12.977044
11.884329
11.667487
12.866496
11.778034
11.450645
12.866496
11.667487
13.3001795
12.211719
12.972792
11.34435
12.105423
11.994876
11.778034
12.755949
12.211719
11.778034
12.539107
13.083339
12.211719
11.994876
11.994876
12.866496
12.211719
12.972792
12.649654
11.994876
11.994876
12.649654
12.42856
13.3001795
12.105423
12.322266
12.105423
12.432813
12.866496
12.211719
11.884329
12.866496
12.866496
12.42856
12.322266
12.866496
12.972792
12.755949
12.322266
12.105423
11.994876
12.866496
12.322266
11.884329
12.645402
13.193886
12.105423
13.3001795
12.1011715
12.649654
13.189634
12.42856
12.105423
12.755949
11.884329
13.083339
12.42856
12.539107
11.994876
12.539107
12.322266
12.211719
13.410727
12.755949
12.432813
13.083339
12.755949
12.42856
12.539107
13.3001795
12.211719
13.083339
12.211719
12.866496
12.972792
12.539107
12.649654
12.866496
12.649654
12.318013
13.083339
12.539107
12.318013
12.322266
13.083339
11.884329
12.211719
12.211719
12.645402
13.083339
13.083339
13.083339
13.3001795
12.866496
12.211719
13.193886
13.189634
12.211719
13.083339
12.539107
13.083339
12.42856
12.972792
12.866496
13.3001795
12.862245
12.539107
12.866496
12.972792
11.884329
12.972792
12.862245
11.994876
12.539107
13.406476
12.755949
12.755949
12.539107
12.972792
13.410727
12.862245
11.884329
13.62757
12.755949
12.539107
12.539107
12.539107
12.42856
13.406476
12.42856
12.539107
13.517023
11.994876
12.972792
13.189634
12.866496
12.755949
12.972792
13.193886
12.322266
12.42856
12.539107
12.755949
13.3001795
12.322266
12.539107
13.3001795
13.3001795
13.083339
13.189634
12.539107
12.755949
13.410727
12.322266
12.645402
12.211719
12.866496
12.42856
13.083339
12.755949
11.990624
12.755949
12.211719
12.42856
12.42856
12.539107
12.755949
13.410727
13.3001795
11.667487
13.083339
12.755949
12.42856
12.322266
13.517023
12.42856
13.410727
13.3001795
11.778034
12.866496
12.755949
12.645402
12.42856
12.862245
12.211719
11.990624
12.755949
12.42856
12.1011715
12.211719
12.539107
12.211719
12.866496
13.083339
12.866496
11.884329
13.083339
12.972792
11.994876
11.667487
12.755949
12.42856
11.667487
12.972792
11.884329
12.645402
12.755949
12.318013
12.322266
12.755949
11.55694
11.994876
12.645402
11.778034
12.645402
11.884329
12.755949
11.340097
12.211719
12.211719
11.884329
11.884329
11.778034
12.539107
12.42856
11.888581
12.42856
12.755949
12.645402
12.972792
12.645402
12.105423
11.994876
13.189634
12.211719
13.083339
12.211719
12.211719
11.994876
11.884329
12.211719
12.539107
12.755949
11.55694
11.994876
11.994876
12.972792
12.42856
11.667487
12.866496
11.778034
11.884329
12.42856
12.322266
12.42856
12.211719
12.866496
12.645402
12.105423
12.42856
12.755949
11.773782
12.866496
11.446393
12.211719
12.42856
11.884329
11.123256
12.649654
11.884329
11.667487
12.211719
11.888581
11.446393
12.105423
12.645402
12.42856
12.645402
11.667487
12.211719
12.866496
11.994876
12.211719
12.539107
11.667487
11.884329
11.778034
12.539107
12.645402
12.1011715
11.340097
12.211719
12.539107
12.42856
11.994876
12.1011715
11.778034
11.55694
11.450645
12.322266
11.667487
12.539107
12.1011715
12.211719
12.211719
12.539107
11.884329
12.42856
12.539107
11.233803
11.884329
12.105423
12.211719
12.42856
12.755949
11.778034
12.755949
12.645402
11.994876
12.1011715
11.994876
12.322266
11.450645
12.105423
11.340097
11.884329
11.884329
11.884329
11.773782
11.994876
12.211719
11.884329
12.539107
11.994876
12.539107
12.539107
11.123256
12.866496
12.1011715
11.888581
11.994876
11.778034
11.667487
11.884329
12.539107
12.211719
11.667487
12.105423
12.211719
12.1011715
12.649654
12.42856
11.450645
12.539107
11.773782
12.322266
11.994876
12.755949
11.55694
12.105423
11.446393
12.322266
12.318013
12.539107
11.667487
12.755949
12.42856
12.539107
12.649654
11.778034
11.884329
12.649654
11.778034
12.645402
12.42856
11.778034
12.211719
11.667487
11.5611925
12.1011715
11.994876
11.22955
12.539107
11.667487
12.42856
12.42856
12.539107
12.645402
11.884329
11.340097
12.211719
11.778034
12.755949
11.994876
12.105423
11.884329
11.994876
12.322266
11.773782
12.42856
11.778034
11.667487
11.778034
12.972792
11.667487
11.994876
11.884329
11.884329
12.322266
13.189634
12.755949
13.083339
12.972792
11.340097
12.972792
11.884329
11.340097
12.539107
12.755949
12.1011715
12.977044
11.884329
12.42856
12.755949
11.990624
11.340097
12.322266
12.42856
12.866496
12.755949
12.42856
11.994876
11.55694
12.539107
12.645402
11.55694
12.322266
12.862245
11.55694
11.667487
12.862245
11.450645
12.539107
13.3001795
12.649654
12.534855
12.539107
12.211719
12.755949
12.755949
11.667487
12.645402
11.884329
12.972792
11.450645
12.977044
12.972792
11.340097
13.083339
12.755949
11.5611925
12.649654
12.755949
11.778034
11.884329
12.211719
11.994876
11.55694
12.539107
12.318013
11.340097
13.083339
12.972792
12.539107
12.322266
12.645402
12.42856
12.211719
12.972792
11.884329
13.3001795
13.3001795
12.539107
12.42856
11.990624
12.649654
12.862245
11.994876
12.972792
12.534855
12.322266
12.539107
13.083339
12.211719
11.994876
13.083339
12.539107
12.755949
12.42856
11.667487
11.884329
11.994876
12.322266
12.862245
11.994876
12.539107
13.3001795
12.105423
12.755949
11.773782
12.755949
12.42856
11.667487
12.1011715
12.645402
12.755949
11.773782
12.322266
11.990624
11.778034
12.42856
12.862245
11.994876
12.42856
13.189634
11.994876
12.211719
12.972792
12.972792
11.990624
13.083339
12.211719
12.42856
12.539107
12.211719
12.539107
11.884329
12.322266
12.862245
11.773782
13.083339
12.1011715
12.539107
13.3001795
12.645402
11.778034
12.42856
11.773782
12.866496
11.773782
12.539107
13.083339
12.211719
12.322266
12.534855
12.42856
12.211719
12.318013
12.645402
12.866496
12.972792
12.322266
12.1011715
12.755949
12.1011715
12.755949
12.539107
12.645402
11.994876
12.42856
11.994876
12.539107
11.994876
12.539107
11.778034
12.645402
11.884329
12.1011715
11.990624
11.884329
12.1011715
12.322266
12.645402
12.318013
12.318013
13.083339
11.994876
12.755949
11.994876
11.773782
11.667487
12.42856
12.42856
13.083339
12.1011715
12.539107
12.755949
12.862245
11.55694
12.539107
12.318013
11.450645
12.322266
12.318013
12.539107
11.884329
12.211719
12.211719
12.1011715
12.1011715
11.994876
12.1011715
11.994876
11.994876
12.866496
12.645402
11.667487
12.322266
12.972792
12.211719
11.778034
12.42856
12.1011715
12.211719
12.318013
11.55694
12.755949
12.318013
11.340097
12.755949
11.773782
12.539107
11.773782
11.667487
12.1011715
12.211719
12.539107
12.211719
11.55694
12.105423
12.972792
11.994876
12.211719
11.994876
12.322266
12.42856
12.755949
12.211719
12.42856
12.105423
11.667487
11.994876
12.105423
11.990624
11.994876
11.994876
12.318013
11.778034
12.42856
12.755949
12.105423
13.189634
11.994876
12.645402
11.340097
11.667487
11.884329
12.1011715
12.866496
11.773782
11.5611925
11.778034
12.645402
12.972792
12.645402
12.866496
11.55694
11.450645
11.450645
12.211719
11.994876
11.778034
12.318013
11.994876
11.884329
11.667487
11.994876
12.649654
12.534855
11.994876
11.5611925
12.42856
11.994876
12.539107
12.755949
11.778034
11.884329
12.42856
11.884329
12.42856
12.211719
12.42856
11.994876
11.233803
11.667487
11.994876
11.123256
11.123256
11.994876
12.42856
11.667487
12.645402
11.667487
12.211719
12.211719
12.1011715
11.450645
12.42856
11.667487
11.667487
11.667487
11.778034
12.322266
12.42856
11.994876
12.1011715
11.667487
11.450645
12.539107
12.211719
11.55694
11.667487
11.55694
12.211719
11.994876
11.884329
12.539107
12.1011715
11.233803
12.211719
11.884329
11.994876
12.755949
12.211719
11.884329
12.42856
11.884329
11.994876
11.884329
11.884329
11.994876
11.884329
12.1011715
11.994876
12.972792
11.884329
11.5611925
11.778034
12.1011715
11.667487
12.539107
11.778034
11.55694
12.539107
11.994876
11.990624
12.42856
11.994876
12.211719
11.667487
12.755949
11.994876
12.42856
11.778034
12.539107
11.884329
12.322266
11.990624
12.322266
12.42856
11.667487
12.755949
11.55694
12.211719
11.450645
12.1011715
12.42856
11.884329
11.888581
12.645402
12.539107
12.1011715
11.55694
12.539107
11.667487
12.1011715
11.994876
12.534855
11.340097
11.994876
12.645402
12.322266
12.211719
12.1011715
11.994876
12.42856
11.446393
12.211719
12.649654
11.884329
12.539107
12.755949
12.318013
12.42856
12.866496
12.211719
12.211719
11.994876
12.755949
12.539107
11.667487
13.3001795
12.207466
11.667487
12.211719
12.755949
12.539107
12.755949
11.667487
11.884329
11.884329
12.972792
11.233803
11.667487
11.884329
12.42856
12.211719
12.1011715
11.994876
12.866496
12.211719
11.340097
11.994876
11.994876
11.667487
12.42856
11.5611925
11.994876
12.318013
12.42856
11.667487
12.211719
11.773782
11.667487
12.755949
12.755949
13.083339
11.340097
11.884329
12.539107
12.755949
12.42856
11.667487
12.322266
12.42856
12.42856
12.1011715
12.318013
12.755949
12.755949
12.972792
12.211719
11.340097
12.755949
12.862245
11.778034
11.667487
12.211719
12.42856
11.994876
12.211719
12.866496
12.645402
11.340097
12.866496
12.755949
11.233803
12.755949
12.42856
12.539107
12.539107
12.42856
12.42856
11.994876
11.884329
12.1011715
12.539107
11.773782
12.42856
12.211719
12.211719
11.55694
11.778034
11.994876
11.340097
12.211719
12.211719
12.1011715
12.645402
11.994876
12.645402
12.1011715
11.994876
12.105423
12.1011715
12.755949
12.755949
11.884329
12.539107
11.884329
11.667487
11.994876
12.322266
12.1011715
12.972792
12.42856
12.211719
13.189634
12.42856
11.994876
12.755949
12.42856
11.994876
12.42856
12.1011715
12.751698
11.233803
12.211719
11.778034
12.42856
11.773782
11.884329
11.778034
12.211719
11.884329
11.233803
12.322266
12.322266
11.446393
11.667487
12.211719
12.645402
11.778034
12.211719
12.42856
12.755949
12.972792
12.539107
12.534855
11.340097
13.083339
12.645402
11.884329
11.667487
11.773782
12.539107
13.3001795
11.667487
12.211719
12.862245
11.55694
12.211719
12.649654
12.1011715
12.1011715
11.778034
12.539107
11.884329
12.1011715
12.211719
11.884329
12.1011715
11.667487
12.1011715
12.755949
11.55694
11.012709
12.755949
12.539107
12.755949
12.645402
11.667487
12.1011715
12.42856
12.539107
13.083339
12.211719
11.778034
12.322266
12.1011715
11.994876
12.42856
12.755949
12.539107
12.866496
11.884329
11.994876
12.645402
11.884329
11.450645
12.866496
11.884329
12.211719
12.42856
12.42856
12.42856
12.211719
12.211719
12.211719
12.645402
11.884329
12.322266
12.1011715
12.1011715
12.211719
11.994876
12.42856
11.778034
12.1011715
12.42856
12.105423
12.1011715
12.645402
11.667487
12.318013
11.994876
11.994876
12.42856
12.211719
11.450645
11.994876
12.645402
12.211719
11.667487
12.318013
11.667487
12.755949
11.884329
11.5611925
12.322266
11.994876
11.994876
11.884329
11.55694
11.994876
12.1011715
11.450645
11.994876
11.55694
11.667487
12.1011715
11.884329
12.322266
12.318013
11.990624
12.322266
12.42856
12.211719
13.083339
12.755949
12.105423
12.645402
12.645402
11.016961
11.773782
12.105423
12.211719
12.645402
12.539107
12.105423
11.773782
12.645402
11.778034
12.755949
11.884329
11.123256
12.539107
12.318013
11.340097
11.778034
11.55694
12.318013
12.539107
11.340097
11.884329
12.1011715
11.450645
12.42856
12.645402
11.123256
12.211719
11.884329
11.233803
11.450645
12.42856
11.016961
12.21597
12.211719
11.994876
12.539107
11.773782
11.123256
12.322266
11.884329
12.211719
12.645402
12.42856
11.450645
11.773782
11.667487
12.105423
12.539107
11.667487
11.667487
12.42856
12.211719
11.884329
12.645402
12.534855
12.1011715
12.539107
12.211719
12.211719
12.539107
11.773782
11.667487
12.42856
11.663235
11.55694
12.866496
12.645402
11.450645
12.755949
11.667487
10.902162
12.539107
12.207466
11.778034
12.755949
11.55694
11.340097
12.755949
11.667487
11.778034
12.42856
11.667487
12.211719
12.105423
12.211719
12.322266
12.211719
12.755949
11.667487
13.083339
11.55694
12.1011715
12.105423
12.42856
11.884329
12.211719
12.539107
12.42856
11.778034
11.340097
11.55694
12.539107
11.884329
11.55694
11.667487
12.211719
12.42856
11.667487
11.5611925
11.884329
11.990624
11.994876
12.539107
11.667487
11.233803
12.322266
12.1011715
11.340097
11.667487
12.755949
11.340097
12.211719
11.667487
11.884329
12.318013
12.211719
12.972792
11.994876
11.233803
12.211719
12.645402
11.450645
11.884329
12.645402
12.645402
12.539107
12.42856
12.105423
11.773782
11.667487
12.1011715
11.667487
11.450645
12.862245
11.884329
11.667487
11.884329
11.884329
12.211719
11.55694
12.42856
10.906414
12.539107
12.42856
12.322266
12.866496
12.755949
11.667487
12.322266
12.972792
12.211719
11.667487
12.755949
12.1011715
12.211719
12.42856
11.994876
11.994876
11.778034
11.884329
12.539107
12.539107
11.994876
12.649654
11.884329
11.55694
12.211719
12.42856
12.105423
12.211719
12.866496
12.318013
12.42856
11.667487
12.755949
12.645402
12.645402
12.972792
12.755949
12.1011715
12.322266
11.884329
11.55694
11.994876
11.994876
11.994876
12.42856
12.755949
12.972792
11.123256
12.539107
12.42856
12.318013
12.755949
12.1011715
12.42856
12.318013
11.884329
12.645402
11.773782
12.539107
12.539107
11.667487
11.994876
12.755949
11.55694
12.972792
13.189634
12.539107
11.773782
11.778034
12.645402
12.42856
12.755949
12.211719
12.862245
11.773782
12.42856
12.42856
12.322266
12.42856
12.972792
12.645402
12.645402
12.755949
11.55694
12.972792
12.318013
12.539107
12.42856
12.211719
11.773782
12.42856
11.55694
12.42856
12.1011715
12.322266
11.994876
12.211719
12.645402
12.1011715
12.539107
11.778034
11.994876
11.773782
12.755949
11.990624
11.884329
12.539107
12.645402
12.1011715
12.322266
12.1011715
11.667487
12.1011715
12.539107
11.990624
11.450645
12.645402
12.211719
12.866496
12.318013
11.884329
12.645402
12.42856
13.083339
11.994876
11.667487
12.42856
11.55694
12.755949
12.42856
11.778034
11.667487
11.773782
11.778034
12.211719
11.990624
11.667487
12.755949
11.884329
12.1011715
12.539107
12.534855
11.012709
12.539107
12.645402
11.22955
11.994876
12.534855
11.994876
11.884329
12.645402
11.667487
11.667487
11.994876
11.994876
11.773782
11.778034
12.211719
11.667487
12.322266
11.663235
11.778034
12.539107
11.884329
12.322266
12.211719
11.773782
11.233803
12.211719
11.55694
11.450645
12.755949
11.667487
11.884329
11.446393
11.778034
12.972792
12.211719
12.105423
12.645402
11.340097
12.322266
11.884329
11.667487
11.994876
12.539107
11.884329
12.42856
12.322266
11.5611925
11.994876
11.994876
12.211719
12.755949
12.211719
12.322266
12.645402
11.667487
11.778034
12.42856
12.1011715
11.667487
11.994876
11.884329
11.994876
12.539107
11.884329
11.773782
12.755949
12.42856
11.5611925
12.755949
12.1011715
12.322266
11.884329
11.773782
12.539107
11.884329
11.884329
12.211719
12.211719
12.539107
11.884329
12.1011715
12.42856
11.667487
11.667487
11.667487
12.755949
11.884329
11.667487
11.450645
12.211719
12.1011715
11.884329
11.5611925
11.123256
12.105423
11.667487
12.1011715
12.42856
11.55694
11.994876
12.755949
11.884329
11.22955
12.42856
11.667487
11.884329
11.450645
12.645402
12.1011715
12.755949
11.884329
11.884329
11.450645
11.667487
11.884329
11.994876
11.884329
11.55694
12.42856
12.755949
11.55694
12.755949
12.42856
12.755949
11.450645
11.884329
12.42856
12.539107
12.42856
12.211719
11.667487
11.884329
11.667487
12.1011715
11.667487
11.994876
12.42856
11.667487
11.994876
11.994876
12.645402
12.322266
12.645402
11.450645
11.994876
12.42856
12.211719
12.211719
12.318013
12.539107
12.755949
11.773782
11.994876
12.649654
12.1011715
12.318013
11.778034
12.539107
11.667487
11.778034
11.884329
11.340097
11.884329
11.22955
12.645402
12.318013
11.884329
11.778034
12.972792
12.322266
12.755949
11.55694
11.5611925
11.994876
12.539107
11.994876
11.667487
12.645402
12.1011715
12.322266
11.884329
12.755949
11.884329
11.012709
12.211719
11.994876
11.55694
12.539107
11.884329
11.22955
12.42856
11.773782
11.012709
12.211719
12.1011715
12.211719
11.994876
11.884329
11.773782
11.667487
12.42856
11.773782
11.888581
12.755949
11.773782
11.778034
12.42856
10.906414
11.884329
12.972792
12.1011715
11.994876
12.534855
11.450645
12.1011715
12.42856
11.778034
12.1011715
12.755949
11.884329
12.755949
11.667487
11.450645
12.1011715
11.994876
12.539107
11.773782
12.322266
11.5611925
12.645402
11.773782
12.42856
11.667487
11.667487
11.55694
11.340097
12.42856
12.645402
11.22955
12.211719
12.645402
12.539107
12.755949
12.211719
12.42856
12.1011715
11.778034
12.42856
12.211719
12.539107
11.884329
11.667487
11.667487
12.211719
11.667487
12.322266
11.994876
12.645402
12.539107
11.55694
11.55694
12.211719
11.778034
11.55694
11.450645
12.211719
12.211719
12.539107
12.211719
11.773782
11.340097
12.1011715
12.211719
12.645402
11.667487
11.667487
12.1011715
11.340097
12.211719
12.42856
11.773782
12.211719
12.539107
11.884329
11.450645
12.539107
10.902162
11.778034
12.42856
12.539107
12.645402
11.340097
12.539107
12.318013
12.42856
11.884329
12.318013
12.211719
12.322266
12.42856
11.55694
12.211719
11.450645
11.884329
12.755949
11.884329
12.539107
11.778034
11.55694
12.42856
11.884329
12.211719
12.211719
12.645402
12.539107
12.318013
12.972792
11.778034
12.42856
11.773782
12.42856
12.211719
12.42856
11.994876
12.318013
11.884329
11.994876
12.211719
12.645402
12.211719
11.450645
12.211719
11.667487
11.55694
11.667487
12.539107
11.773782
12.539107
12.42856
11.340097
12.539107
12.211719
12.318013
12.211719
11.994876
11.667487
12.649654
11.773782
12.211719
11.5611925
11.990624
11.667487
11.778034
11.884329
12.649654
12.42856
11.450645
12.1011715
12.42856
12.539107
11.994876
11.990624
11.994876
12.1011715
12.755949
12.42856
11.884329
11.340097
11.773782
11.994876
11.994876
12.318013
11.884329
12.211719
12.322266
11.884329
11.778034
12.972792
12.211719
12.539107
12.645402
11.340097
11.884329
12.539107
12.866496
11.340097
11.450645
11.55694
12.645402
12.318013
11.773782
11.450645
12.534855
11.340097
11.667487
12.1011715
12.42856
12.318013
11.994876
12.866496
12.318013
12.211719
11.340097
12.42856
11.884329
12.1011715
11.884329
12.755949
12.645402
11.667487
12.211719
11.994876
11.233803
11.778034
12.1011715
12.211719
12.645402
12.539107
12.211719
12.862245
11.450645
11.667487
11.667487
12.211719
11.773782
11.22955
11.994876
11.446393
11.450645
12.645402
12.322266
12.322266
12.211719
12.539107
11.884329
12.42856
12.539107
13.189634
12.211719
12.211719
12.318013
12.42856
12.755949
11.450645
11.994876
11.22955
12.539107
11.990624
11.340097
12.539107
12.645402
11.5611925
12.645402
12.318013
11.994876
12.755949
11.450645
12.755949
11.990624
12.322266
11.667487
11.990624
11.667487
11.667487
12.755949
12.42856
11.340097
11.990624
12.539107
12.211719
11.450645
12.539107
11.667487
11.884329
11.667487
12.42856
11.340097
12.42856
12.539107
12.539107
11.778034
12.211719
11.340097
11.884329
11.667487
11.778034
11.778034
11.55694
11.55694
12.539107
11.667487
11.55694
12.211719
12.211719
11.884329
11.233803
12.211719
12.645402
11.5611925
12.42856
12.972792
12.318013
12.322266
12.211719
11.884329
11.884329
12.211719
12.211719
11.884329
11.884329
12.322266
12.645402
11.778034
11.667487
12.1011715
11.450645
12.322266
12.755949
11.340097
11.994876
11.884329
11.22955
12.42856
11.884329
11.55694
12.649654
12.211719
12.211719
11.884329
11.884329
12.539107
11.884329
10.906414
12.539107
12.755949
11.778034
12.211719
11.884329
11.884329
11.450645
11.667487
12.645402
11.884329
11.450645
11.884329
11.55694
11.123256
11.994876
11.884329
11.012709
12.211719
12.318013
11.012709
11.778034
11.990624
11.667487
11.22955
13.083339
11.55694
11.884329
12.42856
11.884329
11.994876
11.884329
11.340097
11.994876
12.211719
11.884329
11.340097
11.994876
12.42856
12.211719
11.994876
12.1011715
12.645402
12.539107
12.1011715
11.55694
12.539107
11.990624
12.1011715
11.667487
12.211719
12.645402
12.42856
11.667487
11.667487
12.322266
12.211719
11.667487
11.773782
12.539107
12.318013
11.884329
11.233803
12.539107
12.211719
11.778034
11.884329
11.446393
11.667487
12.211719
12.862245
11.450645
11.778034
11.667487
12.1011715
12.862245
12.42856
12.755949
11.340097
11.778034
12.1011715
12.755949
12.1011715
12.211719
11.450645
12.211719
12.755949
12.755949
11.5611925
12.42856
11.884329
11.446393
12.755949
11.884329
11.22955
11.994876
11.667487
11.55694
11.778034
11.778034
11.667487
12.42856
11.994876
12.42856
11.884329
12.645402
12.1011715
11.884329
11.667487
12.755949
12.211719
11.123256
12.211719
12.649654
12.42856
11.773782
12.42856
11.667487
12.211719
11.55694
11.773782
11.778034
11.884329
11.5611925
12.539107
12.755949
11.667487
12.539107
12.1011715
11.340097
12.322266
12.1011715
11.773782
11.994876
12.318013
12.1011715
12.755949
11.667487
12.539107
12.534855
11.884329
12.755949
12.755949
12.42856
11.55694
12.322266
11.884329
11.667487
12.649654
11.994876
12.755949
11.450645
12.42856
11.663235
11.667487
12.755949
11.994876
12.645402
11.994876
12.755949
12.211719
11.994876
11.994876
12.42856
11.884329
12.539107
12.972792
12.862245
11.667487
11.994876
12.972792
11.667487
11.778034
12.42856
12.318013
12.866496
12.539107
11.773782
12.211719
12.42856
12.42856
12.211719
12.211719
12.318013
11.994876
11.884329
12.211719
12.318013
11.450645
11.994876
11.884329
12.1011715
11.994876
11.994876
12.42856
11.994876
11.340097
12.322266
12.1011715
11.450645
12.866496
11.884329
12.1011715
12.539107
12.1011715
11.884329
11.884329
12.322266
11.773782
12.866496
12.211719
11.884329
12.539107
12.42856
11.667487
11.994876
11.994876
12.211719
11.994876
11.884329
12.211719
11.994876
12.1011715
11.884329
12.42856
12.1011715
12.1011715
11.990624
11.450645
12.42856
11.667487
11.55694
12.645402
12.322266
12.1011715
12.645402
11.773782
11.450645
12.211719
12.645402
12.1011715
11.340097
11.994876
12.862245
11.667487
11.450645
12.862245
11.55694
11.884329
12.1011715
11.990624
12.42856
11.994876
12.862245
12.534855
12.211719
11.884329
11.55694
12.649654
11.884329
12.645402
11.667487
11.667487
11.667487
12.211719
12.42856
12.211719
12.42856
11.55694
11.340097
11.884329
12.42856
12.42856
11.994876
12.1011715
11.667487
11.884329
11.773782
11.773782
11.778034
12.645402
12.645402
11.340097
12.318013
12.42856
12.211719
11.884329
11.778034
11.994876
12.1011715
11.773782
11.884329
12.211719
11.884329
11.778034
12.42856
11.340097
11.450645
12.866496
12.645402
11.340097
11.994876
12.42856
11.773782
11.55694
11.450645
12.539107
12.318013
11.994876
12.211719
12.1011715
12.211719
11.994876
12.755949
12.207466
11.994876
11.340097
12.211719
11.773782
11.55694
11.884329
11.55694
12.42856
12.1011715
11.994876
12.862245
12.211719
11.778034
11.667487
11.55694
11.5611925
12.211719
11.340097
11.667487
12.105423
12.211719
11.123256
12.42856
12.539107
12.862245
11.233803
11.667487
12.539107
11.778034
11.773782
12.539107
12.755949
11.994876
11.994876
12.645402
11.123256
11.55694
12.645402
11.340097
12.755949
11.667487
12.318013
12.1011715
11.884329
12.318013
11.667487
12.211719
11.55694
11.5611925
11.773782
11.994876
12.972792
11.123256
12.1011715
11.778034
11.778034
12.42856
13.083339
11.778034
11.55694
12.211719
12.211719
12.211719
11.667487
11.450645
11.994876
12.645402
11.450645
12.862245
11.884329
11.667487
12.42856
12.211719
11.778034
11.884329
11.016961
11.884329
12.645402
11.667487
11.773782
11.667487
11.884329
11.778034
11.55694
12.211719
11.884329
11.55694
11.778034
12.645402
11.884329
12.539107
11.012709
11.667487
11.884329
11.667487
12.1011715
12.211719
12.322266
11.22955
12.211719
12.318013
11.994876
12.322266
11.55694
11.667487
12.1011715
12.322266
11.778034
11.22955
11.667487
12.42856
12.1011715
11.994876
11.884329
11.994876
11.994876
12.42856
12.1011715
12.211719
11.667487
11.5611925
11.994876
12.755949
11.773782
11.340097
11.667487
11.667487
12.645402
11.667487
11.994876
11.778034
12.42856
12.211719
12.211719
12.42856
12.755949
12.322266
12.211719
12.1011715
11.667487
12.1011715
12.42856
12.42856
11.994876
11.667487
12.42856
12.211719
11.778034
12.42856
12.42856
12.539107
11.884329
12.318013
11.5611925
12.539107
11.884329
11.55694
12.539107
12.1011715
11.55694
12.211719
11.778034
11.55694
12.645402
12.211719
11.884329
11.994876
12.211719
12.42856
12.645402
11.22955
12.539107
12.211719
12.322266
11.994876
11.884329
12.211719
11.778034
11.884329
11.773782
11.55694
12.539107
12.645402
12.42856
11.340097
11.884329
11.450645
12.539107
11.994876
12.211719
12.539107
12.318013
11.994876
11.55694
11.233803
11.994876
11.884329
11.667487
12.972792
11.450645
12.1011715
12.211719
12.539107
12.645402
12.211719
12.211719
12.645402
11.884329
11.994876
12.755949
12.755949
11.340097
11.884329
12.645402
11.450645
12.539107
12.645402
11.778034
12.539107
11.994876
12.1011715
11.994876
12.42856
11.340097
12.211719
11.55694
12.1011715
12.318013
11.884329
12.322266
11.667487
11.5611925
11.778034
11.994876
12.645402
11.55694
11.450645
11.667487
11.55694
11.340097
12.322266
12.539107
12.1011715
11.884329
12.211719
12.42856
12.534855
11.5611925
11.450645
12.1011715
12.42856
11.884329
11.994876
11.55694
11.884329
11.450645
12.42856
12.318013
11.450645
11.450645
11.884329
11.884329
11.667487
12.211719
12.1011715
12.42856
12.322266
12.755949
11.55694
12.539107
12.211719
11.667487
11.22955
11.667487
11.340097
12.42856
12.42856
12.42856
12.1011715
12.539107
11.667487
11.778034
12.972792
12.539107
12.318013
11.994876
12.649654
12.211719
11.884329
11.667487
12.755949
12.318013
11.450645
11.667487
12.318013
12.211719
12.866496
11.55694
11.884329
12.42856
12.645402
12.318013
11.55694
11.450645
12.755949
11.773782
11.778034
11.994876
12.42856
12.42856
11.778034
11.990624
11.340097
11.667487
12.539107
12.1011715
12.539107
12.539107
11.22955
12.645402
12.755949
11.994876
12.211719
11.884329
12.539107
11.773782
11.123256
11.667487
12.211719
12.972792
12.972792
11.994876
11.884329
12.42856
11.667487
12.866496
12.645402
11.340097
11.994876
11.667487
11.340097
11.994876
12.211719
12.211719
12.322266
11.667487
11.55694
11.55694
11.884329
11.773782
11.773782
12.539107
12.866496
11.55694
11.450645
12.539107
11.773782
12.539107
12.539107
11.663235
11.667487
12.539107
12.645402
10.902162
12.42856
11.5611925
12.539107
12.42856
11.123256
12.866496
12.42856
11.884329
12.539107
12.42856
12.755949
11.340097
11.340097
11.994876
12.645402
11.233803
12.539107
12.322266
12.534855
12.211719
11.450645
12.755949
12.1011715
11.667487
12.322266
11.884329
12.42856
11.994876
11.667487
12.42856
11.55694
11.773782
12.42856
11.340097
12.42856
11.667487
11.994876
11.773782
11.994876
12.322266
11.994876
11.5611925
12.539107
12.42856
12.1011715
11.994876
11.450645
12.866496
12.972792
11.123256
11.994876
11.667487
12.1011715
12.322266
11.884329
11.884329
12.755949
11.667487
12.1011715
12.645402
11.994876
12.318013
11.55694
12.105423
11.994876
12.1011715
11.012709
11.450645
11.773782
11.55694
12.105423
11.778034
11.340097
11.55694
12.322266
12.755949
12.539107
11.450645
12.539107
11.994876
11.340097
12.972792
11.884329
11.340097
12.866496
12.645402
11.340097
11.994876
12.539107
12.318013
11.55694
11.778034
11.55694
12.1011715
11.994876
11.884329
12.539107
11.55694
11.667487
11.340097
11.884329
11.667487
11.667487
11.994876
12.42856
10.795867
12.42856
11.884329
12.318013
11.55694
11.994876
11.773782
11.340097
12.539107
12.755949
11.884329
11.55694
11.994876
11.884329
11.773782
11.450645
11.55694
11.340097
11.773782
12.211719
12.211719
12.318013
11.22955
12.755949
11.884329
11.994876
12.755949
12.318013
12.1011715
12.322266
12.645402
11.123256
11.667487
11.123256
12.755949
12.42856
11.450645
12.211719
11.990624
11.990624
11.778034
12.645402
12.42856
12.318013
12.539107
12.645402
11.446393
11.450645
12.645402
11.773782
11.123256
12.539107
11.773782
11.55694
12.539107
12.1011715
11.667487
11.994876
12.42856
11.450645
11.123256
11.994876
12.42856
12.318013
12.1011715
11.450645
12.755949
11.990624
11.884329
12.42856
12.866496
12.1011715
11.450645
11.778034
11.667487
11.55694
12.866496
11.884329
12.211719
11.773782
12.539107
12.211719
11.990624
12.539107
11.773782
11.884329
12.322266
12.211719
12.1011715
12.105423
12.318013
11.233803
12.755949
11.884329
11.994876
12.1011715
11.450645
11.233803
12.645402
11.778034
12.211719
11.884329
12.1011715
11.450645
12.539107
11.340097
11.55694
11.884329
11.450645
12.42856
11.450645
11.994876
11.22955
11.450645
11.667487
11.884329
11.450645
11.994876
11.994876
12.211719
12.755949
12.534855
11.55694
12.42856
12.1011715
12.322266
12.211719
11.667487
11.450645
12.211719
12.755949
12.211719
12.42856
11.994876
11.880077
11.450645
12.539107
11.773782
11.778034
12.972792
12.42856
11.450645
11.55694
12.539107
12.645402
12.539107
11.994876
11.773782
12.211719
12.211719
12.1011715
12.1011715
11.994876
12.42856
11.340097
12.645402
12.645402
12.318013
12.211719
11.994876
12.1011715
11.233803
12.211719
11.884329
11.884329
11.994876
12.645402
11.55694
12.755949
11.884329
11.5611925
11.884329
11.667487
12.318013
11.667487
11.994876
11.884329
11.994876
11.994876
11.994876
12.42856
12.645402
11.450645
11.667487
11.5611925
12.755949
11.55694
12.322266
11.990624
11.994876
11.667487
11.012709
12.42856
12.318013
11.778034
12.755949
11.773782
11.994876
12.539107
11.884329
12.105423
11.340097
11.884329
11.884329
11.340097
11.667487
11.773782
12.755949
11.450645
11.884329
12.1011715
11.667487
12.42856
12.318013
11.994876
11.994876
11.773782
11.778034
12.755949
11.884329
11.994876
12.42856
11.773782
12.42856
11.667487
12.42856
11.340097
11.884329
11.994876
11.55694
11.994876
12.1011715
12.1011715
11.450645
11.884329
11.55694
11.884329
12.322266
11.667487
11.884329
11.5611925
12.866496
11.990624
12.539107
12.755949
12.42856
11.667487
12.42856
11.55694
11.778034
12.42856
12.1011715
11.994876
11.884329
11.994876
11.888581
12.211719
11.994876
12.755949
11.450645
12.866496
12.1011715
11.55694
11.994876
11.667487
11.233803
11.884329
11.450645
11.994876
11.340097
11.884329
11.667487
11.773782
12.322266
12.211719
12.211719
11.994876
12.866496
11.123256
11.667487
12.42856
11.884329
12.755949
11.884329
11.340097
11.994876
12.645402
11.22955
12.755949
11.994876
11.55694
12.755949
12.42856
11.450645
13.083339
11.667487
12.322266
12.42856
11.667487
12.322266
12.1011715
11.884329
12.322266
12.1011715
11.55694
11.340097
12.318013
12.645402
12.42856
11.450645
11.994876
11.884329
12.539107
12.42856
12.42856
12.322266
11.884329
11.667487
12.211719
11.55694
11.667487
12.42856
12.322266
11.884329
11.663235
11.450645
12.1011715
13.083339
12.322266
12.972792
11.990624
11.994876
12.645402
12.42856
12.755949
11.123256
11.994876
12.211719
11.778034
12.645402
12.645402
12.211719
12.645402
12.755949
11.994876
11.22955
12.755949
12.755949
12.42856
11.667487
11.450645
12.1011715
11.884329
11.450645
11.884329
12.1011715
11.994876
11.994876
11.55694
11.233803
12.322266
11.884329
11.884329
11.994876
12.1011715
11.773782
11.778034
11.667487
11.450645
12.105423
12.972792
11.22955
12.211719
12.105423
11.667487
12.755949
11.5611925
11.884329
12.645402
12.322266
11.778034
11.884329
11.994876
11.990624
12.318013
12.1011715
11.667487
11.778034
12.318013
11.446393
11.994876
11.55694
11.884329
11.884329
11.5611925
12.211719
11.667487
11.667487
11.340097
12.1011715
12.1011715
11.667487
12.322266
11.884329
12.1011715
11.778034
11.663235
11.340097
12.755949
12.322266
12.318013
11.884329
12.42856
11.450645
11.667487
11.55694
11.884329
12.211719
11.884329
11.340097
11.994876
11.667487
11.5611925
12.539107
12.42856
11.994876
12.1011715
11.884329
11.778034
12.645402
12.42856
11.667487
12.42856
12.322266
11.5611925
11.884329
11.884329
11.5611925
12.211719
11.340097
11.667487
12.755949
12.1011715
11.450645
11.884329
11.123256
11.884329
12.318013
11.450645
12.755949
12.1011715
12.539107
12.42856
12.645402
11.994876
12.645402
11.55694
11.667487
12.539107
11.340097
12.649654
11.884329
11.667487
12.755949
11.667487
11.012709
12.755949
11.667487
11.012709
11.667487
12.539107
11.667487
11.450645
11.778034
12.1011715
11.778034
12.1011715
12.42856
11.450645
11.450645
11.667487
11.55694
11.778034
12.1011715
11.340097
12.211719
12.318013
11.994876
12.539107
11.340097
12.649654
12.534855
12.42856
11.994876
12.42856
11.778034
11.884329
12.972792
12.42856
11.778034
12.539107
12.649654
12.539107
11.22955
12.211719
12.1011715
12.42856
10.906414
11.994876
12.42856
11.450645
11.884329
11.773782
11.012709
12.211719
12.1011715
11.340097
12.755949
11.667487
12.211719
12.42856
11.884329
11.450645
11.667487
12.42856
12.211719
12.539107
11.884329
11.123256
11.994876
12.645402
12.322266
12.539107
12.972792
12.211719
11.667487
12.645402
11.667487
11.994876
12.972792
11.667487
12.539107
12.318013
11.778034
11.667487
12.645402
11.884329
11.994876
12.42856
11.884329
12.105423
12.645402
11.884329
12.539107
12.755949
11.773782
12.649654
12.1011715
11.55694
11.778034
12.1011715
11.884329
12.105423
12.211719
11.5611925
12.42856
12.645402
12.649654
11.667487
12.1011715
11.994876
12.318013
12.539107
11.773782
11.55694
12.972792
11.340097
12.755949
11.667487
11.55694
12.42856
12.42856
12.211719
11.233803
12.211719
12.42856
12.211719
11.450645
12.645402
12.211719
11.667487
11.884329
11.667487
12.432813
12.972792
11.667487
11.450645
12.1011715
11.450645
12.755949
12.42856
12.42856
11.884329
11.450645
11.778034
11.884329
12.42856
12.318013
11.450645
12.1011715
11.450645
11.884329
12.539107
12.42856
12.1011715
12.539107
12.42856
11.450645
12.211719
12.972792
11.5611925
12.42856
12.211719
11.233803
12.211719
11.773782
11.667487
12.42856
12.755949
11.667487
11.667487
12.755949
12.211719
11.123256
12.322266
12.862245
12.42856
11.450645
11.667487
12.1011715
11.233803
11.55694
12.645402
11.994876
12.318013
12.42856
12.211719
11.667487
12.322266
12.755949
12.42856
11.667487
12.322266
11.55694
12.42856
11.990624
11.884329
11.884329
12.211719
12.318013
11.778034
11.55694
11.55694
11.994876
12.211719
11.773782
11.994876
12.1011715
12.755949
11.340097
12.322266
12.42856
11.884329
11.773782
11.778034
12.755949
11.994876
11.667487
12.1011715
12.539107
11.994876
12.211719
12.539107
11.884329
12.645402
12.539107
12.211719
11.773782
11.994876
11.55694
12.42856
11.450645
12.1011715
12.755949
12.42856
11.884329
12.211719
11.667487
11.667487
11.123256
12.539107
11.778034
12.211719
11.667487
12.1011715
11.994876
12.645402
12.539107
11.55694
11.884329
12.755949
12.539107
11.667487
11.884329
11.667487
12.211719
12.42856
11.994876
11.884329
11.55694
11.450645
12.211719
11.884329
11.778034
12.42856
12.42856
11.55694
11.994876
12.322266
12.42856
11.884329
11.884329
11.994876
12.42856
12.211719
12.1011715
11.340097
11.994876
11.884329
11.667487
11.884329
11.773782
11.994876
12.645402
11.773782
11.450645
11.667487
11.340097
11.340097
11.55694
12.1011715
11.55694
11.994876
11.667487
12.42856
11.994876
11.994876
12.42856
11.667487
11.667487
11.994876
12.211719
11.884329
11.340097
11.884329
12.42856
12.1011715
12.322266
11.884329
11.450645
11.884329
12.1011715
12.211719
12.42856
11.667487
11.773782
11.450645
12.1011715
12.211719
11.994876
12.322266
12.539107
11.667487
12.211719
11.450645
12.211719
12.1011715
11.55694
11.667487
11.340097
11.667487
11.123256
12.211719
12.42856
11.55694
12.322266
11.884329
11.55694
12.645402
11.773782
11.994876
12.645402
12.755949
12.1011715
12.322266
11.884329
11.667487
12.105423
12.645402
11.778034
12.755949
12.42856
11.994876
12.42856
12.42856
11.340097
11.994876
11.123256
12.322266
12.1011715
11.012709
12.539107
11.773782
11.012709
12.649654
11.884329
11.340097
12.211719
12.1011715
11.450645
12.539107
11.884329
11.450645
12.42856
11.884329
11.123256
12.539107
12.318013
11.884329
12.866496
12.318013
12.42856
12.539107
11.446393
11.340097
12.322266
11.340097
11.450645
12.539107
11.778034
12.42856
12.539107
12.42856
12.1011715
11.667487
12.42856
12.211719
11.778034
11.773782
11.340097
11.778034
11.773782
11.667487
11.55694
12.42856
11.667487
12.866496
12.534855
11.773782
12.211719
11.773782
11.778034
12.432813
12.539107
12.211719
11.55694
12.539107
12.42856
11.994876
12.539107
12.1011715
11.233803
12.1011715
12.42856
12.755949
11.55694
11.778034
12.42856
11.450645
11.884329
12.42856
11.990624
12.539107
11.55694
11.012709
12.105423
11.667487
11.994876
11.773782
12.211719
11.450645
12.645402
11.880077
12.211719
12.42856
11.773782
12.1011715
11.994876
12.318013
11.22955
12.322266
12.211719
12.318013
11.667487
12.1011715
12.42856
11.667487
11.773782
12.1011715
12.42856
12.42856
12.1011715
12.755949
12.645402
11.340097
12.539107
12.211719
12.211719
11.667487
12.866496
11.446393
11.450645
11.667487
11.340097
12.211719
11.667487
12.645402
11.667487
12.42856
11.884329
11.994876
11.667487
11.450645
12.322266
11.55694
11.778034
12.42856
12.645402
11.994876
12.42856
11.990624
11.994876
12.1011715
12.534855
11.884329
11.778034
12.211719
11.773782
11.233803
12.211719
11.990624
11.123256
12.322266
11.773782
12.322266
12.755949
12.1011715
11.994876
11.340097
12.645402
11.884329
12.211719
12.755949
11.994876
11.773782
11.994876
12.645402
11.55694
12.211719
12.539107
11.667487
12.862245
12.211719
11.884329
12.318013
11.55694
11.667487
12.211719
12.645402
12.862245
12.211719
12.42856
12.42856
12.42856
12.322266
12.645402
12.972792
12.211719
11.667487
12.755949
12.645402
10.906414
12.539107
11.994876
11.55694
11.773782
11.450645
12.211719
12.1011715
12.645402
12.42856
11.884329
11.884329
11.884329
11.123256
12.539107
11.773782
11.667487
11.778034
11.773782
11.22955
11.888581
12.972792
11.884329
11.55694
11.884329
11.340097
12.211719
11.778034
11.884329
11.778034
12.645402
11.994876
12.42856
12.322266
12.539107
11.5611925
11.340097
11.012709
11.667487
12.318013
12.1011715
12.211719
12.645402
11.667487
12.211719
12.645402
12.539107
12.42856
12.42856
12.211719
11.233803
11.884329
11.55694
11.778034
11.667487
11.884329
12.105423
12.211719
11.340097
11.233803
11.667487
12.862245
11.667487
12.318013
12.755949
12.211719
11.778034
12.211719
12.42856
12.322266
11.55694
11.667487
11.55694
11.123256
12.211719
11.55694
11.450645
12.211719
12.42856
11.012709
11.994876
11.990624
12.211719
11.55694
11.994876
11.994876
12.866496
11.884329
12.42856
12.42856
11.667487
12.211719
11.340097
12.211719
11.55694
11.778034
12.318013
11.994876
12.211719
11.667487
12.211719
12.866496
12.755949
12.318013
12.539107
12.318013
11.123256
11.884329
12.42856
12.42856
11.123256
12.1011715
11.778034
12.539107
12.318013
12.432813
12.207466
11.123256
12.539107
11.667487
12.1011715
11.5611925
11.884329
11.778034
12.42856
11.884329
11.994876
12.645402
11.990624
12.539107
11.55694
11.884329
11.340097
12.322266
11.773782
11.994876
12.645402
12.42856
12.539107
11.340097
12.539107
11.773782
11.340097
12.211719
11.884329
11.667487
11.663235
11.340097
11.55694
12.211719
11.773782
12.755949
12.539107
11.340097
12.539107
12.42856
11.233803
13.3001795
12.1011715
11.450645
11.450645
11.667487
12.1011715
11.994876
11.884329
12.539107
12.211719
11.340097
11.778034
11.884329
12.211719
11.773782
11.667487
11.667487
12.211719
11.55694
12.318013
12.211719
11.994876
12.211719
11.5611925
11.884329
12.42856
11.667487
11.340097
12.211719
12.755949
11.667487
12.1011715
12.42856
12.42856
11.884329
12.42856
11.994876
12.1011715
12.539107
11.994876
12.42856
11.340097
12.318013
11.778034
12.42856
12.755949
12.211719
11.773782
12.42856
12.755949
12.322266
12.322266
11.994876
11.55694
11.340097
11.667487
12.322266
12.755949
11.773782
11.994876
12.211719
12.322266
12.211719
11.667487
11.994876
11.994876
12.755949
11.778034
12.322266
11.22955
12.211719
11.994876
11.773782
12.211719
12.1011715
11.773782
11.884329
11.55694
12.318013
11.667487
11.778034
11.55694
11.667487
11.778034
12.211719
11.55694
11.340097
12.539107
12.539107
11.450645
12.649654
12.1011715
12.645402
12.755949
11.450645
12.866496
12.1011715
11.22955
12.866496
11.994876
12.755949
11.884329
11.667487
11.5611925
11.994876
11.884329
11.773782
11.450645
11.667487
11.884329
11.994876
11.667487
12.42856
12.211719
11.450645
12.42856
12.42856
11.667487
12.755949
11.884329
12.645402
11.667487
11.446393
11.446393
11.884329
13.083339
12.534855
11.450645
12.105423
11.667487
11.233803
11.994876
11.778034
12.1011715
12.211719
12.645402
11.55694
12.649654
11.884329
12.318013
12.211719
12.211719
11.884329
11.450645
12.105423
12.318013
12.211719
11.778034
11.55694
12.755949
12.211719
12.972792
12.1011715
12.322266
11.994876
11.994876
11.340097
12.211719
12.539107
10.906414
11.667487
12.1011715
11.34435
12.211719
11.884329
12.42856
12.322266
12.539107
11.340097
12.42856
12.1011715
12.211719
11.667487
12.318013
11.340097
12.755949
12.755949
11.884329
11.994876
12.539107
12.42856
12.318013
11.667487
11.994876
12.755949
12.1011715
11.22955
12.105423
11.773782
11.450645
11.778034
11.994876
11.55694
11.884329
12.211719
11.773782
12.1011715
12.539107
12.211719
12.211719
12.645402
11.233803
12.866496
11.994876
11.667487
12.318013
11.778034
12.645402
12.645402
11.340097
11.667487
12.322266
12.1011715
11.667487
11.994876
12.649654
12.322266
11.884329
12.645402
11.667487
11.994876
12.755949
11.884329
11.884329
11.450645
12.211719
11.773782
11.340097
11.778034
11.884329
12.539107
11.994876
11.884329
11.884329
11.990624
11.012709
11.994876
12.1011715
12.755949
12.318013
12.322266
12.534855
12.1011715
12.42856
12.645402
11.55694
11.450645
12.211719
11.55694
11.5611925
11.884329
11.884329
12.1011715
11.667487
11.340097
11.994876
12.42856
11.340097
12.211719
12.318013
12.645402
12.211719
11.667487
11.778034
12.42856
11.22955
11.667487
12.211719
11.773782
11.884329
12.211719
12.539107
12.42856
12.211719
12.105423
12.539107
11.667487
12.42856
12.755949
13.083339
12.1011715
11.340097
11.994876
11.994876
11.884329
11.994876
11.773782
12.1011715
12.972792
11.884329
11.994876
12.322266
12.534855
12.42856
12.211719
11.340097
11.884329
11.446393
11.667487
12.42856
11.667487
12.1011715
11.340097
12.645402
11.55694
11.667487
11.884329
11.340097
11.778034
11.990624
12.318013
12.322266
12.539107
12.1011715
12.42856
11.123256
11.994876
11.773782
11.667487
12.539107
11.884329
12.42856
12.539107
11.55694
11.55694
11.778034
11.450645
11.667487
12.539107
12.1011715
12.318013
12.645402
11.994876
12.42856
12.318013
11.884329
11.994876
11.884329
11.55694
12.1011715
11.884329
11.667487
11.340097
12.645402
11.340097
12.42856
11.778034
11.884329
12.432813
12.1011715
11.667487
11.233803
11.994876
12.755949
11.994876
11.450645
11.884329
11.884329
11.340097
12.755949
11.5611925
12.755949
11.884329
12.1011715
12.645402
11.884329
11.773782
11.667487
12.539107
11.884329
12.645402
11.340097
11.994876
11.884329
11.667487
12.322266
12.649654
11.55694
12.42856
11.450645
11.884329
11.55694
12.1011715
12.539107
12.1011715
11.446393
12.42856
11.884329
11.123256
11.667487
11.55694
11.994876
12.322266
12.42856
12.211719
11.994876
12.211719
12.42856
12.105423
11.55694
11.884329
11.778034
12.322266
12.1011715
11.773782
12.322266
11.667487
12.42856
12.211719
12.211719
11.55694
11.22955
12.539107
12.42856
11.55694
11.450645
11.778034
12.105423
11.778034
12.649654
11.884329
12.42856
11.884329
12.322266
11.884329
11.55694
12.42856
11.5611925
12.211719
12.318013
11.012709
11.778034
12.211719
11.884329
12.322266
12.42856
12.211719
12.42856
11.667487
11.450645
11.123256
11.994876
12.211719
12.645402
12.211719
11.123256
12.534855
11.884329
11.773782
11.340097
11.778034
11.22955
11.012709
12.539107
12.1011715
11.994876
12.42856
11.994876
11.55694
11.884329
12.1011715
11.667487
12.539107
11.994876
12.972792
12.645402
11.884329
11.884329
12.972792
11.994876
12.1011715
12.211719
11.994876
12.539107
11.446393
12.211719
12.1011715
11.667487
12.105423
11.667487
12.1011715
11.667487
11.55694
12.211719
11.773782
11.778034
12.755949
11.667487
12.42856
12.645402
12.645402
11.450645
11.994876
12.318013
11.994876
12.645402
11.5611925
12.755949
12.42856
11.994876
12.318013
11.233803
12.42856
11.884329
12.105423
11.994876
12.539107
12.645402
11.884329
11.884329
11.340097
12.42856
11.884329
11.667487
11.773782
12.539107
11.773782
12.318013
12.211719
11.667487
11.773782
12.322266
11.773782
12.539107
12.755949
11.340097
12.866496
12.645402
12.322266
12.42856
12.322266
11.773782
11.667487
12.318013
11.778034
11.884329
11.667487
12.1011715
12.211719
12.42856
12.211719
12.42856
11.994876
12.645402
12.322266
11.773782
12.211719
11.55694
11.55694
13.083339
11.773782
11.340097
11.667487
12.42856
11.773782
11.450645
12.211719
11.55694
11.994876
12.318013
12.42856
12.1011715
11.450645
11.994876
11.773782
11.994876
11.55694
12.211719
11.884329
11.340097
11.994876
11.884329
11.667487
12.1011715
12.211719
12.1011715
11.884329
12.211719
11.446393
11.773782
11.994876
12.322266
11.773782
12.645402
11.994876
11.22955
12.211719
12.42856
11.773782
11.994876
11.884329
11.22955
11.778034
11.340097
11.340097
11.667487
12.42856
11.884329
11.667487
11.667487
12.211719
11.450645
12.1011715
12.755949
11.55694
11.55694
11.667487
11.5611925
12.42856
12.42856
11.450645
11.778034
12.211719
11.773782
12.322266
12.42856
11.450645
11.994876
12.42856
11.884329
12.211719
11.667487
12.211719
11.667487
12.755949
12.539107
12.1011715
11.340097
12.1011715
12.645402
11.884329
12.322266
11.340097
11.888581
12.42856
12.645402
11.340097
11.778034
12.1011715
11.22955
12.211719
11.884329
12.1011715
12.211719
11.994876
11.994876
12.211719
11.994876
11.773782
11.884329
11.773782
12.42856
12.539107
11.450645
12.42856
11.667487
11.884329
12.972792
11.55694
11.55694
12.211719
11.667487
12.1011715
12.211719
12.1011715
11.55694
11.22955
12.211719
11.888581
12.318013
12.1011715
12.211719
11.450645
11.994876
12.645402
11.012709
12.322266
11.994876
12.1011715
11.667487
11.773782
11.012709
11.884329
12.42856
11.22955
11.778034
11.450645
12.211719
12.1011715
11.123256
12.539107
11.884329
11.55694
12.539107
11.667487
12.645402
11.446393
12.539107
11.667487
12.1011715
12.1011715
11.773782
13.083339
11.55694
11.446393
12.755949
11.884329
11.340097
12.211719
12.539107
12.1011715
12.539107
11.55694
11.55694
11.884329
11.450645
12.211719
12.1011715
11.340097
11.778034
11.994876
11.773782
12.862245
11.994876
12.211719
12.755949
11.340097
12.42856
12.539107
12.755949
11.884329
12.211719
12.211719
11.773782
11.450645
12.42856
12.42856
11.55694
11.667487
11.773782
11.884329
12.1011715
11.123256
12.322266
12.207466
12.1011715
11.778034
12.755949
10.906414
11.450645
12.211719
11.340097
11.340097
11.22955
11.884329
12.211719
11.884329
11.667487
12.322266
12.211719
11.55694
12.649654
11.884329
11.340097
11.233803
12.318013
12.211719
12.755949
11.446393
11.123256
11.667487
11.667487
11.884329
11.340097
12.755949
12.755949
11.340097
12.42856
12.318013
11.340097
12.539107
12.645402
11.450645
11.778034
11.884329
11.55694
12.211719
12.211719
11.778034
12.539107
11.773782
12.1011715
11.994876
12.645402
11.884329
12.539107
11.884329
11.667487
11.778034
11.55694
12.211719
12.866496
12.42856
11.22955
11.994876
11.55694
12.1011715
12.645402
11.450645
11.884329
13.079086
11.884329
12.755949
11.773782
11.123256
12.211719
11.667487
12.1011715
12.211719
12.211719
12.645402
12.645402
11.778034
12.539107
12.645402
11.012709
11.667487
12.534855
12.42856
12.539107
11.994876
11.667487
12.211719
11.667487
12.1011715
11.5611925
12.42856
11.340097
11.667487
12.539107
12.539107
11.340097
11.994876
11.667487
11.884329
12.211719
11.667487
12.211719
11.884329
11.773782
11.233803
12.211719
12.645402
10.68532
12.539107
12.211719
11.773782
11.55694
11.884329
12.42856
12.322266
12.42856
12.318013
12.645402
12.322266
11.340097
11.450645
12.862245
12.211719
11.884329
12.972792
11.667487
12.211719
12.755949
11.667487
12.318013
11.994876
11.450645
12.539107
12.1011715
11.233803
12.42856
12.1011715
11.884329
12.755949
12.211719
11.884329
12.539107
11.773782
12.105423
12.1011715
11.994876
11.233803
12.211719
11.884329
11.778034
11.884329
12.42856
11.667487
12.207466
11.994876
12.318013
11.773782
12.322266
12.645402
11.22955
12.322266
11.884329
11.123256
12.322266
12.318013
12.42856
11.884329
12.755949
12.42856
11.667487
12.1011715
11.667487
12.211719
11.667487
12.1011715
12.866496
11.55694
11.450645
11.778034
12.539107
12.211719
11.667487
12.322266
11.55694
11.55694
11.450645
11.55694
11.994876
11.5611925
11.778034
12.207466
11.123256
12.866496
11.667487
12.318013
11.994876
11.340097
11.55694
12.972792
12.42856
12.1011715
11.667487
11.667487
11.667487
11.778034
11.22955
11.778034
12.1011715
12.755949
11.778034
12.1011715
12.539107
11.990624
11.994876
12.755949
11.55694
11.450645
12.645402
11.778034
11.773782
11.884329
12.1011715
11.884329
11.884329
11.778034
12.42856
11.667487
12.755949
11.340097
12.1011715
12.645402
11.5611925
12.1011715
11.778034
11.667487
11.667487
12.211719
11.667487
11.450645
12.534855
12.211719
11.667487
11.667487
11.994876
13.189634
11.667487
11.994876
11.55694
12.645402
11.123256
12.539107
12.1011715
11.778034
12.1011715
12.42856
12.539107
11.884329
12.755949
11.667487
12.42856
11.667487
11.667487
12.862245
11.450645
12.1011715
11.5611925
11.994876
11.994876
11.778034
12.318013
12.1011715
12.755949
12.645402
12.211719
12.1011715
12.322266
12.1011715
11.123256
12.866496
12.207466
12.322266
12.1011715
11.55694
11.667487
11.340097
11.778034
12.645402
11.340097
12.649654
12.211719
12.645402
11.012709
12.211719
12.211719
11.778034
12.645402
12.322266
12.322266
11.994876
11.884329
12.649654
12.42856
11.667487
12.645402
12.318013
11.667487
11.55694
11.667487
12.539107
12.1011715
12.211719
12.649654
11.884329
11.5611925
12.211719
11.778034
11.884329
12.1011715
12.539107
12.211719
11.55694
12.318013
13.083339
11.55694
11.884329
12.866496
11.340097
11.667487
12.207466
11.667487
10.795867
12.211719
12.972792
12.211719
11.773782
12.1011715
11.667487
12.866496
12.42856
11.340097
12.645402
11.773782
12.322266
11.55694
11.994876
11.994876
11.667487
12.211719
11.450645
11.884329
11.667487
11.450645
12.755949
12.42856
11.667487
12.645402
12.1011715
11.450645
12.755949
12.755949
11.990624
12.1011715
11.778034
12.211719
12.645402
11.994876
11.884329
11.667487
11.667487
11.994876
11.450645
11.990624
11.778034
12.211719
11.22955
11.667487
12.755949
12.1011715
11.773782
11.55694
11.884329
12.645402
11.450645
12.318013
12.1011715
11.450645
11.994876
12.318013
11.55694
12.42856
12.645402
11.450645
12.211719
12.645402
11.55694
11.340097
11.667487
12.105423
12.972792
12.1011715
11.450645
11.994876
11.994876
12.1011715
12.211719
11.233803
11.994876
11.55694
12.211719
12.211719
12.318013
11.233803
11.667487
12.645402
11.884329
12.211719
11.340097
11.340097
12.1011715
11.994876
12.42856
12.539107
12.539107
12.1011715
11.778034
12.534855
11.773782
11.450645
11.884329
11.340097
11.340097
12.866496
11.994876
11.012709
12.539107
11.667487
12.42856
12.211719
12.322266
11.884329
12.645402
11.5611925
12.42856
12.1011715
11.123256
11.884329
12.862245
11.012709
12.539107
11.773782
11.22955
11.884329
11.990624
12.322266
12.211719
11.667487
11.340097
12.211719
12.972792
11.123256
12.866496
12.318013
11.340097
12.211719
11.884329
11.778034
12.755949
11.884329
11.55694
11.994876
12.645402
11.450645
12.42856
11.884329
12.322266
11.55694
12.211719
11.778034
12.211719
11.55694
11.667487
12.866496
11.994876
12.1011715
12.539107
12.42856
11.55694
11.55694
12.645402
11.884329
12.539107
11.884329
11.340097
11.340097
11.884329
11.667487
11.778034
11.667487
12.318013
11.340097
11.667487
11.667487
12.645402
11.778034
11.773782
11.994876
11.994876
11.884329
13.083339
11.55694
11.123256
12.432813
12.211719
11.55694
11.667487
12.318013
11.884329
11.667487
12.42856
11.55694
12.42856
12.322266
12.1011715
12.645402
11.450645
12.1011715
11.884329
11.450645
12.318013
12.211719
11.5611925
11.884329
12.1011715
11.340097
12.42856
11.55694
12.211719
12.972792
12.645402
11.884329
12.211719
11.884329
12.1011715
12.539107
12.105423
12.866496
11.55694
11.884329
11.994876
11.55694
11.55694
11.884329
12.539107
12.1011715
11.773782
11.994876
12.539107
11.884329
12.1011715
11.667487
12.755949
11.667487
12.755949
12.645402
11.667487
11.778034
11.884329
11.667487
11.994876
12.1011715
12.318013
11.994876
12.539107
12.645402
12.539107
12.972792
12.1011715
12.755949
12.1011715
12.1011715
12.211719
12.211719
11.340097
12.755949
12.42856
12.42856
12.539107
11.55694
11.667487
12.211719
12.1011715
11.884329
12.211719
12.322266
12.42856
11.667487
11.884329
12.645402
11.340097
12.755949
11.778034
12.1011715
11.667487
12.42856
11.884329
11.667487
11.123256
12.322266
12.318013
12.1011715
12.211719
12.322266
11.884329
12.211719
11.340097
12.322266
11.884329
12.1011715
12.42856
11.994876
12.318013
12.539107
11.667487
12.318013
12.211719
11.450645
12.42856
11.884329
11.778034
12.42856
11.55694
11.884329
11.994876
11.667487
12.318013
11.667487
11.994876
12.211719
12.318013
11.22955
11.773782
12.862245
11.450645
12.539107
12.755949
11.55694
12.645402
12.318013
12.42856
12.322266
11.55694
12.1011715
12.1011715
11.450645
12.211719
12.534855
11.994876
12.211719
12.1011715
11.340097
11.340097
12.1011715
12.211719
12.211719
12.1011715
12.318013
12.211719
12.755949
12.645402
12.318013
12.211719
12.318013
11.340097
11.123256
11.667487
12.645402
11.450645
11.994876
12.972792
12.1011715
12.322266
12.645402
11.450645
12.755949
12.972792
11.884329
12.539107
11.884329
11.22955
12.755949
11.340097
11.55694
12.42856
12.211719
12.42856
11.773782
11.884329
12.211719
11.778034
11.884329
12.318013
12.322266
12.755949
11.340097
11.778034
12.211719
12.1011715
11.990624
12.539107
12.539107
12.42856
11.994876
11.884329
11.667487
12.1011715
12.649654
11.994876
12.1011715
11.123256
12.649654
12.755949
12.322266
12.755949
12.318013
11.884329
11.450645
11.778034
11.994876
12.42856
11.994876
12.645402
11.667487
12.211719
11.994876
11.450645
12.755949
12.42856
11.994876
11.55694
12.322266
12.42856
11.773782
11.778034
11.884329
12.211719
12.211719
12.539107
12.539107
11.884329
12.866496
11.994876
11.446393
12.539107
11.55694
11.233803
12.318013
11.450645
11.667487
11.340097
12.755949
11.340097
12.211719
11.884329
12.1011715
11.450645
12.42856
11.340097
12.318013
11.667487
11.55694
12.755949
11.667487
11.667487
11.778034
12.42856
11.340097
11.994876
12.1011715
11.450645
12.1011715
12.42856
12.1011715
11.884329
12.1011715
11.667487
11.884329
11.773782
11.55694
12.1011715
12.42856
11.994876
12.645402
12.105423
12.42856
12.42856
12.1011715
12.1011715
12.42856
12.211719
12.1011715
11.778034
12.105423
11.884329
11.450645
12.972792
12.318013
11.884329
12.972792
11.778034
11.773782
11.994876
13.083339
12.42856
11.012709
12.755949
12.645402
11.994876
11.55694
12.211719
11.34435
12.1011715
11.55694
11.450645
12.1011715
11.340097
11.773782
11.340097
12.318013
12.755949
11.773782
12.42856
11.994876
11.884329
11.450645
12.318013
11.667487
11.667487
12.862245
11.994876
11.340097
11.884329
11.884329
11.340097
11.994876
11.884329
11.450645
12.322266
11.773782
11.450645
11.994876
12.211719
12.42856
11.667487
12.211719
11.773782
12.42856
11.773782
12.211719
11.667487
12.1011715
12.1011715
12.42856
12.211719
12.1011715
12.539107
11.994876
11.773782
12.539107
12.755949
11.55694
11.884329
11.884329
11.884329
11.778034
11.667487
12.322266
12.645402
12.1011715
11.778034
12.755949
12.1011715
11.773782
11.884329
12.42856
11.773782
11.340097
11.450645
12.211719
12.645402
11.884329
11.994876
12.211719
12.211719
12.539107
11.667487
11.994876
11.778034
11.667487
11.773782
10.906414
12.755949
11.663235
11.667487
12.318013
11.667487
11.123256
12.42856
11.773782
11.884329
12.645402
12.1011715
11.450645
11.994876
12.645402
11.667487
11.884329
11.22955
12.539107
11.55694
11.667487
11.340097
11.450645
12.42856
11.340097
11.667487
12.1011715
11.22955
11.888581
11.667487
12.1011715
12.1011715
12.42856
11.994876
12.862245
11.994876
11.884329
12.42856
11.667487
11.773782
12.645402
11.667487
12.42856
11.446393
12.211719
11.884329
12.318013
11.340097
12.211719
11.884329
11.340097
11.667487
11.884329
11.663235
11.778034
12.42856
12.322266
12.645402
11.55694
11.994876
12.211719
11.123256
11.667487
11.667487
12.322266
11.884329
11.55694
11.994876
11.55694
12.211719
12.539107
11.446393
11.450645
11.778034
12.1011715
11.446393
11.667487
11.884329
12.539107
11.55694
11.55694
12.539107
11.55694
11.55694
12.1011715
11.450645
12.318013
11.123256
11.778034
12.972792
11.994876
12.1011715
11.884329
11.450645
12.649654
12.1011715
11.994876
12.539107
11.55694
12.318013
12.539107
12.1011715
11.446393
12.1011715
11.884329
11.55694
12.42856
12.539107
12.645402
11.667487
12.322266
12.211719
11.773782
11.667487
11.884329
12.211719
11.55694
12.211719
11.994876
12.1011715
12.862245
11.778034
12.645402
11.340097
11.778034
12.755949
11.884329
11.667487
11.884329
12.42856
11.55694
11.667487
11.778034
11.884329
12.1011715
12.211719
12.318013
12.1011715
11.450645
12.866496
11.55694
11.55694
12.211719
11.994876
12.105423
12.211719
11.773782
11.340097
12.539107
11.884329
11.773782
12.42856
11.667487
12.1011715
11.450645
11.994876
12.755949
11.884329
12.539107
11.884329
12.645402
12.211719
12.539107
12.42856
11.123256
12.322266
12.645402
12.318013
11.340097
11.667487
12.42856
12.42856
11.123256
12.211719
12.211719
11.123256
11.667487
12.211719
11.773782
12.755949
12.211719
11.55694
12.539107
12.645402
11.123256
12.866496
11.994876
11.450645
11.888581
11.667487
11.123256
11.778034
11.994876
12.211719
11.778034
11.773782
11.012709
12.211719
11.667487
11.55694
11.450645
12.539107
11.340097
12.42856
11.778034
11.994876
11.667487
12.211719
12.649654
12.1011715
11.884329
11.667487
12.645402
12.211719
12.322266
11.450645
12.42856
11.884329
11.450645
12.42856
11.884329
12.322266
12.42856
12.42856
12.1011715
12.211719
11.667487
12.318013
12.322266
12.42856
11.55694
11.773782
11.884329
12.42856
11.667487
12.539107
11.773782
11.778034
11.5611925
12.1011715
12.1011715
12.1011715
11.778034
12.645402
12.1011715
11.884329
11.994876
12.42856
11.55694
11.5611925
12.539107
12.1011715
11.123256
11.5611925
12.1011715
11.663235
12.755949
12.318013
11.994876
11.884329
11.994876
11.884329
11.340097
11.340097
12.322266
12.211719
12.318013
11.667487
12.105423
11.667487
11.884329
11.123256
11.667487
13.083339
12.42856
11.123256
12.755949
12.755949
12.322266
11.55694
11.340097
11.5611925
12.318013
12.322266
12.42856
12.42856
12.42856
11.123256
12.211719
11.773782
11.994876
12.1011715
12.318013
11.5611925
12.322266
11.667487
12.645402
12.1011715
11.5611925
12.42856
11.667487
12.539107
11.884329
12.42856
11.884329
12.972792
11.340097
12.42856
11.667487
11.450645
11.884329
12.1011715
11.667487
12.42856
11.667487
11.55694
11.667487
12.211719
11.778034
12.645402
11.884329
11.667487
12.645402
12.42856
11.123256
12.645402
11.773782
11.778034
12.645402
11.450645
11.994876
12.42856
12.42856
11.778034
11.994876
11.884329
11.450645
12.1011715
11.340097
11.994876
11.773782
11.994876
12.755949
12.534855
12.42856
11.446393
12.322266
12.318013
11.667487
12.539107
11.55694
12.539107
12.1011715
12.866496
12.1011715
11.667487
12.1011715
11.884329
11.884329
12.1011715
11.667487
12.42856
11.884329
11.884329
11.663235
12.322266
12.1011715
11.667487
12.534855
12.42856
11.55694
11.778034
12.322266
11.340097
12.211719
12.645402
11.994876
11.994876
11.667487
12.1011715
11.994876
11.340097
11.994876
12.1011715
11.233803
11.667487
12.862245
11.778034
11.667487
12.318013
12.211719
12.211719
11.667487
11.884329
12.1011715
11.884329
12.1011715
11.55694
12.322266
12.211719
11.450645
12.645402
12.1011715
11.778034
11.994876
12.645402
12.1011715
11.233803
11.994876
11.55694
12.211719
12.42856
11.667487
11.884329
11.884329
12.755949
12.862245
12.1011715
12.866496
12.972792
12.645402
12.1011715
11.884329
11.884329
11.778034
12.539107
11.667487
11.994876
12.42856
11.994876
12.645402
11.884329
11.667487
12.1011715
12.42856
12.866496
11.773782
11.994876
11.994876
12.42856
10.468477
12.755949
11.994876
11.667487
12.755949
12.318013
12.1011715
12.322266
11.884329
11.450645
12.1011715
11.667487
12.42856
11.5611925
11.55694
12.539107
12.755949
12.1011715
12.755949
11.884329
11.340097
11.778034
11.667487
12.211719
11.884329
11.778034
11.773782
11.994876
12.211719
11.667487
12.322266
11.012709
11.884329
12.539107
11.55694
11.667487
12.211719
12.211719
11.5611925
12.322266
11.55694
12.322266
11.884329
12.42856
11.340097
11.884329
12.211719
12.211719
12.211719
11.773782
12.1011715
12.539107
12.42856
11.667487
12.539107
11.5611925
12.1011715
11.884329
11.5611925
12.539107
11.773782
12.211719
12.645402
11.884329
11.012709
12.1011715
11.778034
12.322266
12.755949
11.884329
12.866496
11.994876
12.1011715
12.211719
12.1011715
11.340097
12.105423
12.755949
11.994876
11.667487
12.211719
11.884329
11.450645
11.884329
11.884329
12.322266
11.55694
12.645402
11.994876
11.994876
12.645402
11.994876
12.42856
12.755949
11.994876
12.211719
12.645402
11.233803
12.211719
12.318013
11.667487
12.645402
11.884329
11.34435
12.322266
11.884329
11.778034
11.994876
11.340097
11.667487
12.211719
12.755949
11.340097
11.667487
12.1011715
11.450645
12.322266
12.318013
11.450645
11.778034
11.884329
12.1011715
11.994876
11.340097
11.884329
11.667487
12.211719
12.755949
12.1011715
11.667487
10.906414
12.649654
11.667487
12.534855
11.994876
12.755949
12.645402
11.884329
12.645402
12.1011715
12.211719
12.42856
11.773782
12.211719
12.1011715
12.211719
11.884329
12.42856
11.884329
11.994876
12.211719
11.778034
11.55694
12.539107
12.645402
12.645402
11.450645
13.083339
11.884329
11.340097
11.450645
12.755949
11.450645
12.211719
12.539107
12.207466
11.994876
11.778034
12.42856
12.539107
11.884329
11.884329
12.42856
11.884329
11.994876
11.773782
12.211719
12.42856
11.773782
11.778034
12.211719
12.42856
11.233803
12.211719
11.884329
11.5611925
11.884329
12.534855
11.667487
11.778034
11.778034
11.884329
11.450645
12.105423
11.884329
11.340097
12.645402
11.55694
12.211719
12.539107
11.667487
11.340097
12.42856
11.340097
12.322266
11.450645
12.539107
12.211719
12.318013
11.667487
11.994876
11.5611925
12.539107
11.55694
12.42856
12.211719
12.211719
11.884329
12.755949
12.972792
12.972792
12.645402
11.778034
12.755949
11.884329
12.211719
12.1011715
12.645402
11.667487
12.645402
12.318013
12.755949
12.42856
11.884329
13.083339
12.42856
11.990624
12.539107
11.990624
11.667487
12.105423
11.22955
12.1011715
12.972792
12.755949
12.322266
12.539107
12.318013
11.667487
11.884329
11.55694
11.994876
12.42856
12.1011715
11.994876
11.55694
11.994876
12.1011715
11.123256
11.994876
12.211719
12.42856
12.866496
12.211719
12.1011715
11.994876
11.22955
11.450645
12.755949
11.778034
11.450645
11.994876
12.645402
11.450645
11.773782
12.539107
11.994876
11.55694
12.211719
12.211719
11.450645
12.42856
11.994876
11.990624
11.994876
11.884329
12.645402
11.884329
11.450645
11.884329
12.645402
11.012709
11.994876
11.884329
12.322266
11.55694
11.994876
11.884329
11.012709
11.994876
11.773782
11.450645
12.211719
12.318013
11.884329
11.994876
11.667487
11.778034
11.778034
12.1011715
11.450645
11.884329
12.645402
11.450645
12.211719
11.55694
11.778034
12.755949
12.755949
12.1011715
11.994876
12.211719
12.645402
12.211719
12.539107
12.42856
11.340097
12.1011715
11.994876
11.55694
11.884329
11.450645
12.649654
12.1011715
12.42856
12.539107
11.667487
11.667487
11.994876
11.55694
12.539107
12.42856
11.450645
11.884329
11.55694
11.884329
11.667487
12.318013
11.884329
11.994876
11.994876
11.667487
11.55694
11.450645
11.884329
11.773782
11.884329
12.755949
12.645402
11.123256
11.778034
12.645402
11.667487
11.55694
12.539107
11.884329
11.778034
11.667487
11.884329
11.778034
12.42856
11.340097
11.667487
11.233803
12.318013
12.42856
12.539107
12.1011715
11.450645
12.211719
12.1011715
12.322266
11.990624
11.778034
11.994876
11.55694
11.012709
11.340097
12.318013
11.340097
12.866496
11.884329
12.211719
12.211719
11.884329
12.1011715
12.755949
11.55694
12.539107
12.972792
11.55694
12.755949
11.450645
11.884329
11.994876
11.884329
11.994876
11.450645
11.667487
12.42856
12.1011715
12.42856
11.773782
11.778034
11.667487
12.645402
12.539107
12.645402
11.994876
11.994876
12.755949
12.539107
12.645402
12.322266
11.55694
11.994876
11.55694
11.667487
11.773782
11.994876
12.539107
11.123256
11.778034
12.1011715
11.994876
11.994876
11.994876
11.450645
12.322266
12.755949
11.340097
12.211719
12.539107
11.994876
11.773782
12.755949
11.778034
11.22955
12.755949
12.318013
11.667487
12.1011715
11.667487
11.450645
11.119004
12.322266
12.318013
11.667487
12.42856
12.42856
11.773782
11.667487
12.318013
11.884329
11.884329
12.1011715
13.083339
11.884329
12.539107
11.884329
12.318013
11.667487
12.755949
12.207466
12.211719
11.012709
12.322266
11.55694
12.211719
12.211719
11.773782
12.42856
11.667487
11.994876
12.211719
11.994876
12.755949
12.1011715
12.539107
11.55694
12.866496
11.773782
11.55694
11.994876
11.884329
11.884329
11.994876
11.884329
12.211719
11.450645
12.755949
12.1011715
12.211719
11.778034
12.42856
12.1011715
12.539107
11.667487
11.340097
11.778034
12.645402
12.211719
11.55694
12.322266
12.211719
12.211719
11.884329
12.211719
12.318013
12.211719
11.994876
11.55694
11.667487
12.318013
11.994876
12.972792
12.1011715
11.667487
12.1011715
11.340097
11.667487
12.318013
11.994876
12.318013
11.667487
12.211719
12.866496
12.211719
11.340097
12.105423
12.211719
11.884329
11.994876
12.866496
11.778034
12.1011715
11.450645
12.105423
12.211719
12.1011715
12.42856
12.211719
12.539107
12.318013
11.667487
11.994876
12.318013
11.123256
12.649654
12.755949
11.340097
12.211719
12.211719
12.1011715
12.1011715
11.994876
12.322266
11.773782
12.42856
12.755949
11.884329
11.340097
12.539107
11.884329
12.1011715
11.5611925
12.755949
11.884329
11.667487
12.755949
12.1011715
11.884329
12.42856
12.1011715
12.105423
11.884329
11.55694
11.778034
12.1011715
12.42856
12.539107
12.1011715
11.22955
12.211719
11.884329
12.318013
12.1011715
12.322266
11.994876
11.773782
12.211719
12.211719
11.884329
12.534855
12.539107
11.667487
11.773782
11.778034
12.1011715
11.778034
11.773782
11.994876
11.884329
11.22955
11.667487
12.1011715
12.42856
11.994876
12.42856
12.1011715
11.667487
12.645402
12.318013
11.340097
12.42856
11.340097
12.755949
12.42856
11.884329
11.884329
11.450645
13.193886
11.884329
11.55694
12.755949
12.42856
12.1011715
11.884329
11.884329
11.012709
12.42856
11.884329
12.1011715
12.211719
11.884329
11.123256
11.778034
11.884329
11.22955
12.211719
12.755949
12.1011715
12.105423
12.211719
12.211719
11.450645
11.990624
11.123256
12.1011715
12.1011715
12.1011715
12.755949
11.884329
12.534855
12.539107
11.884329
11.773782
12.42856
11.778034
12.1011715
12.322266
12.322266
11.123256
12.42856
12.539107
11.667487
12.755949
11.55694
11.119004
12.211719
12.539107
11.773782
11.667487
12.645402
11.55694
11.450645
11.34435
11.55694
12.649654
12.211719
11.773782
12.649654
12.1011715
11.340097
11.778034
12.42856
12.1011715
12.42856
12.539107
11.667487
12.539107
12.1011715
11.340097
11.667487
12.211719
11.450645
12.318013
11.994876
11.994876
12.42856
12.645402
11.778034
11.773782
12.42856
12.539107
11.884329
12.755949
12.539107
11.55694
12.755949
12.539107
12.755949
12.1011715
12.318013
11.012709
12.211719
12.42856
11.450645
12.211719
12.755949
11.450645
12.42856
12.649654
11.884329
12.1011715
11.233803
12.211719
12.322266
12.322266
11.773782
11.340097
12.972792
11.773782
11.016961
11.450645
13.189634
12.318013
12.105423
12.645402
11.773782
11.667487
12.318013
12.211719
12.42856
12.42856
11.778034
11.994876
11.778034
11.994876
11.55694
11.5611925
11.667487
11.55694
12.755949
11.994876
11.773782
12.42856
12.211719
11.123256
12.866496
11.55694
11.450645
11.667487
12.318013
12.755949
12.972792
12.755949
11.990624
12.1011715
11.884329
12.1011715
11.884329
12.1011715
11.123256
12.105423
12.645402
12.322266
12.42856
11.884329
12.322266
12.318013
11.884329
11.450645
11.990624
12.539107
12.534855
11.55694
11.667487
12.211719
12.539107
12.539107
12.645402
11.123256
12.42856
11.667487
11.884329
11.55694
12.105423
12.645402
12.1011715
11.994876
12.1011715
12.211719
11.667487
11.884329
11.667487
12.539107
12.211719
11.123256
12.539107
12.211719
11.773782
12.866496
12.1011715
11.123256
12.755949
11.340097
12.211719
12.42856
12.972792
12.42856
10.902162
11.778034
11.667487
12.1011715
11.55694
11.667487
11.884329
12.211719
12.211719
11.012709
11.667487
11.884329
12.211719
11.667487
12.42856
10.795867
11.884329
11.990624
11.55694
12.42856
12.755949
11.994876
12.866496
12.318013
11.994876
12.539107
12.42856
11.994876
12.42856
12.755949
11.5611925
11.884329
11.884329
11.450645
12.105423
11.55694
11.884329
12.755949
11.667487
12.42856
11.667487
11.667487
11.884329
12.972792
11.450645
12.211719
11.884329
12.211719
12.539107
12.645402
11.55694
12.1011715
11.667487
11.55694
11.450645
12.645402
12.211719
12.211719
11.884329
12.42856
12.534855
11.994876
12.42856
12.539107
12.211719
11.450645
12.755949
12.318013
11.55694
12.866496
11.773782
11.123256
11.667487
11.884329
11.123256
12.211719
12.755949
11.340097
12.211719
12.211719
11.123256
11.884329
12.539107
11.884329
11.994876
11.340097
12.1011715
12.755949
12.972792
12.211719
12.211719
11.55694
12.42856
11.123256
11.994876
12.755949
11.55694
12.1011715
12.322266
11.446393
11.667487
11.340097
11.994876
11.773782
11.340097
12.755949
12.1011715
11.773782
12.755949
12.42856
11.340097
11.667487
12.645402
11.450645
11.884329
12.211719
12.862245
12.1011715
12.649654
12.211719
11.340097
12.645402
12.1011715
12.211719
12.1011715
11.994876
11.233803
12.211719
11.340097
12.322266
12.1011715
11.340097
12.211719
12.42856
12.645402
11.773782
12.211719
11.994876
12.322266
11.123256
12.755949
11.884329
11.884329
13.083339
12.862245
11.450645
11.55694
11.994876
12.1011715
11.55694
12.539107
12.1011715
11.55694
11.994876
12.539107
11.884329
12.42856
11.778034
12.42856
11.5611925
12.211719
11.773782
11.884329
12.211719
12.866496
11.884329
11.450645
11.55694
11.884329
12.539107
12.318013
11.667487
11.450645
12.755949
12.318013
11.012709
12.649654
11.990624
11.233803
11.778034
11.778034
11.778034
12.1011715
12.42856
12.1011715
11.778034
12.211719
11.778034
12.42856
11.778034
11.55694
12.211719
12.42856
11.994876
12.211719
12.322266
12.645402
11.55694
12.866496
12.211719
11.994876
12.539107
11.778034
11.667487
11.123256
11.55694
11.994876
12.645402
11.994876
11.450645
12.42856
11.233803
12.649654
12.645402
11.667487
12.649654
11.55694
11.667487
12.1011715
12.755949
11.884329
12.42856
12.645402
11.667487
11.778034
12.42856
12.1011715
12.755949
11.340097
12.42856
12.211719
12.649654
11.884329
12.645402
11.778034
12.211719
12.42856
11.990624
11.778034
12.1011715
12.1011715
11.778034
12.42856
11.667487
12.539107
11.450645
12.42856
12.1011715
12.322266
11.884329
12.318013
12.211719
12.322266
12.755949
11.340097
12.322266
12.972792
11.667487
12.42856
12.322266
11.446393
11.773782
11.884329
11.55694
12.645402
12.318013
11.340097
11.778034
12.42856
11.884329
11.450645
12.755949
12.649654
11.884329
12.755949
11.667487
12.539107
11.446393
11.667487
12.539107
11.667487
12.1011715
12.755949
12.105423
11.667487
11.990624
11.994876
11.55694
11.884329
11.667487
12.211719
12.211719
11.667487
13.083339
12.1011715
11.233803
12.972792
11.994876
11.55694
11.667487
12.211719
12.1011715
11.994876
12.42856
12.1011715
11.55694
11.994876
11.884329
12.42856
12.211719
11.773782
12.42856
12.42856
11.55694
12.649654
12.1011715
11.340097
11.778034
11.990624
11.55694
13.083339
12.539107
11.450645
12.755949
12.211719
11.55694
11.990624
11.778034
12.755949
11.667487
11.667487
11.450645
11.773782
12.211719
12.539107
12.318013
11.667487
11.773782
11.55694
12.539107
11.55694
12.1011715
12.539107
11.778034
12.211719
12.42856
11.667487
12.539107
11.884329
11.773782
12.211719
11.667487
12.42856
12.539107
11.667487
11.884329
12.539107
12.645402
11.340097
12.211719
11.994876
11.123256
12.42856
12.539107
12.862245
11.778034
12.1011715
12.755949
11.994876
11.340097
12.755949
12.1011715
11.450645
12.42856
12.42856
12.211719
12.211719
12.318013
11.994876
12.211719
12.1011715
11.667487
13.083339
12.211719
11.012709
11.667487
12.211719
11.667487
12.42856
12.211719
11.667487
12.322266
12.972792
12.1011715
12.755949
12.42856
11.450645
12.211719
12.1011715
11.994876
12.539107
12.1011715
11.667487
12.211719
12.645402
12.1011715
11.667487
11.990624
11.233803
12.1011715
11.884329
12.211719
11.667487
12.539107
11.340097
11.450645
11.994876
12.1011715
11.667487
12.42856
11.773782
11.667487
11.450645
12.645402
11.884329
11.778034
13.083339
11.667487
11.446393
12.211719
11.773782
12.1011715
12.322266
12.211719
11.994876
12.322266
12.42856
12.318013
11.450645
11.994876
12.539107
11.446393
11.778034
12.539107
11.55694
11.123256
12.322266
11.884329
11.884329
11.778034
11.773782
11.778034
11.884329
11.55694
12.211719
11.884329
11.990624
11.340097
12.755949
12.1011715
11.450645
12.211719
11.667487
12.211719
12.539107
12.1011715
12.211719
11.994876
11.994876
11.123256
11.667487
11.450645
12.972792
12.1011715
12.1011715
12.755949
11.446393
12.105423
11.994876
13.079086
11.667487
11.994876
11.994876
11.340097
11.994876
12.42856
11.663235
11.450645
11.450645
12.755949
12.1011715
12.539107
12.539107
11.667487
11.884329
12.972792
11.884329
11.778034
11.994876
12.645402
11.994876
12.866496
12.972792
11.340097
12.211719
12.42856
12.862245
12.42856
12.211719
11.884329
12.645402
11.667487
12.972792
12.534855
11.123256
11.994876
11.884329
11.22955
11.667487
12.645402
12.318013
12.42856
11.773782
11.55694
11.340097
12.42856
12.862245
12.866496
12.211719
11.884329
11.340097
12.539107
12.42856
12.649654
12.1011715
12.755949
12.862245
11.994876
11.994876
12.42856
11.994876
12.539107
11.884329
10.795867
11.994876
11.884329
11.778034
11.55694
11.994876
12.105423
12.42856
12.42856
11.233803
12.1011715
12.645402
11.012709
11.667487
12.645402
11.773782
11.778034
12.322266
12.755949
12.42856
12.211719
12.42856
12.42856
11.450645
11.667487
12.42856
11.884329
12.211719
12.645402
11.55694
11.994876
12.1011715
11.22955
12.649654
11.994876
12.42856
12.539107
12.211719
11.994876
11.884329
10.795867
12.649654
11.773782
11.884329
11.667487
11.450645
12.539107
11.884329
12.211719
11.667487
12.1011715
12.862245
12.645402
11.55694
12.755949
12.42856
11.340097
12.42856
12.105423
11.884329
11.884329
11.450645
11.994876
11.880077
11.450645
11.884329
11.884329
12.322266
12.539107
11.340097
11.884329
11.773782
12.539107
12.42856
11.123256
12.1011715
11.778034
11.994876
11.012709
12.539107
12.211719
12.42856
11.667487
12.645402
12.211719
12.211719
11.884329
11.340097
12.42856
12.42856
11.123256
12.211719
12.318013
11.55694
12.211719
11.55694
11.884329
13.083339
11.667487
12.211719
12.755949
12.1011715
11.667487
11.667487
12.211719
11.994876
11.773782
12.42856
12.42856
12.1011715
12.211719
12.1011715
11.773782
12.755949
12.42856
12.1011715
11.888581
12.211719
11.55694
12.322266
12.534855
11.667487
11.994876
12.645402
11.994876
12.539107
11.884329
11.667487
11.994876
11.884329
11.884329
11.450645
11.884329
12.1011715
12.322266
11.884329
11.884329
11.123256
12.755949
11.667487
12.211719
11.340097
11.667487
11.667487
11.884329
12.322266
11.884329
12.211719
12.755949
12.211719
11.994876
12.755949
12.1011715
11.884329
12.42856
11.667487
11.55694
12.755949
11.884329
11.884329
12.211719
12.645402
11.450645
12.42856
12.211719
12.755949
12.211719
12.1011715
11.667487
11.450645
12.539107
12.539107
12.755949
12.322266
12.42856
12.322266
11.450645
12.211719
12.211719
11.340097
11.994876
11.667487
11.340097
12.211719
11.340097
11.773782
12.539107
11.884329
11.340097
11.778034
11.994876
11.55694
11.667487
11.667487
12.534855
11.773782
12.211719
11.778034
12.211719
11.773782
11.667487
11.994876
11.994876
12.645402
11.778034
12.42856
11.55694
12.539107
11.340097
12.539107
12.42856
11.123256
11.994876
12.42856
11.450645
12.866496
11.884329
12.539107
11.994876
12.645402
12.211719
11.994876
12.211719
11.773782
11.450645
12.755949
11.884329
12.211719
12.1011715
11.884329
12.539107
12.211719
11.667487
12.211719
11.55694
11.667487
12.432813
11.994876
11.55694
12.649654
12.972792
11.667487
11.994876
12.1011715
12.42856
12.105423
12.1011715
11.012709
11.778034
12.755949
12.1011715
12.539107
11.773782
12.42856
12.972792
11.55694
11.012709
12.539107
12.645402
11.5611925
11.450645
12.862245
11.778034
12.755949
12.318013
11.884329
12.755949
11.994876
11.450645
12.645402
12.1011715
12.211719
11.994876
12.1011715
12.1011715
11.340097
11.667487
12.322266
12.1011715
11.667487
11.990624
12.539107
13.083339
11.884329
11.667487
12.645402
11.55694
11.667487
12.318013
12.866496
11.773782
11.55694
11.884329
12.645402
11.884329
12.539107
12.211719
11.340097
12.322266
11.884329
11.340097
12.322266
11.994876
11.773782
11.884329
11.667487
12.1011715
12.755949
12.539107
12.42856
11.667487
12.211719
12.211719
11.55694
11.012709
12.755949
12.972792
11.340097
12.322266
11.663235
11.450645
12.322266
11.994876
11.340097
12.539107
12.1011715
11.340097
12.42856
11.994876
11.994876
12.211719
11.450645
12.1011715
11.884329
11.778034
12.755949
11.667487
12.539107
13.083339
12.42856
12.1011715
11.778034
11.994876
11.450645
12.755949
11.884329
12.318013
11.667487
12.211719
11.667487
11.55694
12.211719
12.539107
12.645402
11.778034
12.1011715
12.318013
11.773782
11.994876
12.42856
11.778034
12.539107
11.884329
11.450645
12.322266
12.645402
11.884329
12.211719
11.773782
11.884329
12.755949
11.55694
11.340097
11.5611925
11.884329
11.884329
12.1011715
12.211719
12.539107
11.667487
11.667487
12.539107
12.1011715
12.1011715
12.539107
11.450645
11.340097
12.322266
12.755949
11.5611925
12.755949
11.884329
12.211719
12.539107
11.994876
12.1011715
11.884329
12.866496
12.211719
12.1011715
11.667487
11.012709
11.667487
11.55694
11.994876
12.645402
11.884329
11.994876
11.667487
12.1011715
11.778034
12.539107
12.211719
11.884329
12.211719
12.539107
11.55694
11.667487
12.755949
11.994876
11.123256
11.667487
12.539107
12.645402
11.994876
11.778034
12.539107
12.972792
11.340097
12.539107
12.1011715
11.778034
12.211719
12.1011715
12.755949
11.340097
11.778034
12.318013
11.884329
12.322266
12.42856
11.55694
12.322266
11.778034
12.755949
12.1011715
11.884329
11.994876
11.340097
11.884329
12.645402
11.55694
11.778034
12.42856
12.318013
12.539107
12.539107
12.211719
12.866496
12.318013
11.994876
11.778034
11.667487
12.42856
11.994876
12.42856
11.773782
11.884329
11.667487
11.55694
12.42856
11.778034
12.755949
12.211719
12.1011715
11.778034
12.42856
11.233803
11.778034
11.340097
11.773782
12.539107
11.450645
12.539107
12.755949
12.645402
11.884329
11.994876
12.972792
11.55694
12.539107
11.884329
11.22955
11.778034
12.42856
12.318013
12.42856
12.211719
12.972792
12.645402
11.22955
12.649654
12.972792
11.340097
12.866496
13.083339
12.534855
12.755949
11.233803
12.1011715
11.667487
11.22955
12.322266
12.318013
12.42856
11.778034
11.773782
12.42856
12.211719
12.755949
11.667487
11.994876
11.667487
12.539107
11.773782
12.755949
12.42856
12.1011715
11.773782
12.211719
12.211719
12.1011715
12.42856
11.994876
11.884329
11.884329
11.450645
12.539107
11.994876
12.322266
11.990624
12.211719
11.667487
11.5611925
13.193886
12.645402
11.55694
12.755949
11.994876
12.1011715
11.340097
11.55694
12.42856
12.755949
11.884329
12.755949
12.211719
11.778034
12.322266
12.539107
11.773782
12.105423
12.211719
12.539107
11.990624
12.42856
12.972792
11.990624
11.884329
11.667487
12.755949
11.884329
11.450645
12.42856
11.884329
12.211719
12.1011715
11.667487
12.211719
11.884329
11.55694
12.972792
11.773782
12.42856
11.233803
12.211719
12.42856
11.340097
11.778034
12.755949
11.55694
12.42856
11.450645
12.755949
12.866496
12.211719
11.667487
11.773782
11.884329
11.884329
11.778034
11.884329
11.123256
12.649654
11.884329
11.450645
12.322266
12.972792
11.340097
11.778034
12.211719
11.667487
12.42856
11.884329
12.211719
11.884329
11.884329
11.667487
12.318013
12.649654
12.645402
11.450645
12.539107
12.318013
11.994876
12.1011715
11.778034
12.42856
11.884329
12.755949
11.778034
12.318013
11.55694
12.649654
11.773782
11.667487
11.994876
12.539107
11.773782
12.755949
11.667487
12.322266
12.755949
11.778034
12.539107
12.645402
12.105423
11.778034
12.645402
12.211719
12.755949
11.994876
11.994876
12.539107
12.42856
12.42856
12.42856
12.211719
12.755949
11.994876
11.884329
11.773782
11.450645
11.884329
11.22955
12.649654
12.322266
11.450645
12.322266
12.42856
10.906414
12.755949
12.645402
11.778034
12.211719
12.42856
12.318013
12.42856
11.994876
12.211719
11.884329
11.884329
12.866496
11.340097
12.42856
11.450645
12.539107
11.55694
11.994876
11.773782
11.450645
12.649654
13.083339
11.55694
11.888581
12.1011715
11.778034
12.755949
12.322266
12.539107
12.1011715
11.123256
12.1011715
12.42856
11.012709
12.866496
11.884329
11.22955
11.994876
12.539107
12.972792
12.1011715
12.211719
12.755949
11.773782
11.450645
12.1011715
12.755949
12.211719
13.193886
11.994876
12.862245
12.318013
11.884329
12.322266
12.42856
11.340097
12.866496
11.884329
12.211719
12.534855
12.539107
12.645402
11.667487
12.42856
12.322266
11.884329
12.1011715
11.778034
12.755949
12.42856
11.450645
11.340097
11.5611925
12.322266
11.667487
12.755949
11.450645
11.450645
12.42856
12.211719
12.649654
12.211719
12.42856
12.42856
11.5611925
12.1011715
12.972792
11.450645
12.539107
11.884329
11.667487
11.778034
11.667487
11.884329
11.778034
12.211719
12.539107
12.862245
12.539107
12.972792
11.994876
11.778034
12.1011715
11.55694
12.211719
12.539107
11.990624
11.340097
11.994876
11.667487
12.645402
11.55694
11.450645
12.42856
11.994876
11.450645
12.318013
11.884329
12.539107
13.083339
12.1011715
12.211719
12.755949
12.211719
12.539107
12.649654
12.1011715
11.450645
12.211719
11.884329
11.778034
12.105423
12.211719
12.645402
12.539107
11.884329
11.450645
11.994876
12.755949
11.884329
12.322266
11.884329
12.1011715
11.778034
12.539107
11.667487
11.667487
12.539107
11.446393
11.778034
11.667487
11.994876
12.42856
11.884329
12.211719
12.42856
12.42856
12.755949
12.211719
12.1011715
12.1011715
11.667487
12.539107
12.42856
11.340097
11.994876
11.994876
11.55694
12.755949
11.450645
12.539107
11.884329
11.778034
11.994876
12.42856
12.211719
11.884329
11.884329
11.450645
12.539107
12.1011715
11.778034
11.55694
13.083339
12.42856
12.211719
11.450645
12.1011715
11.123256
11.233803
11.994876
12.42856
11.778034
12.322266
12.1011715
11.994876
11.55694
11.667487
12.1011715
12.1011715
12.211719
11.994876
12.649654
12.755949
12.755949
11.778034
12.539107
12.645402
10.906414
12.211719
11.884329
12.318013
11.778034
12.539107
12.211719
11.884329
12.105423
11.994876
11.884329
11.778034
11.994876
12.539107
11.340097
12.211719
12.318013
12.211719
12.105423
11.884329
11.55694
11.778034
11.884329
11.22955
12.539107
12.649654
12.211719
11.5611925
11.778034
12.1011715
11.884329
11.778034
11.884329
12.1011715
11.778034
12.105423
12.1011715
11.012709
12.211719
11.55694
12.211719
11.994876
12.645402
11.450645
12.866496
12.1011715
12.211719
12.105423
12.322266
11.233803
11.884329
12.1011715
11.667487
11.994876
11.773782
11.55694
12.539107
12.322266
12.322266
12.42856
11.55694
11.994876
12.649654
12.645402
12.42856
11.340097
12.322266
11.667487
11.667487
13.083339
12.1011715
11.884329
12.539107
12.539107
11.667487
11.994876
12.755949
12.645402
12.322266
12.1011715
11.340097
12.866496
11.778034
12.211719
12.211719
12.42856
11.884329
12.42856
11.884329
11.667487
12.42856
12.42856
11.450645
12.318013
12.539107
12.42856
11.22955
12.211719
12.1011715
11.773782
11.667487
12.42856
12.1011715
12.211719
11.123256
12.42856
12.755949
11.884329
11.667487
12.1011715
11.450645
12.862245
11.450645
11.778034
11.340097
11.55694
12.866496
12.42856
12.211719
11.884329
12.862245
12.1011715
11.667487
12.211719
11.340097
11.884329
11.667487
11.55694
11.667487
11.994876
11.884329
12.755949
11.667487
12.645402
12.862245
11.5611925
12.1011715
12.211719
11.55694
12.755949
12.42856
11.5611925
12.755949
12.645402
11.450645
12.866496
12.211719
11.55694
12.866496
11.884329
12.1011715
12.105423
12.539107
11.450645
11.667487
12.645402
12.1011715
11.994876
12.318013
11.123256
12.42856
12.42856
11.22955
12.322266
11.884329
12.211719
11.994876
11.340097
12.42856
12.539107
11.667487
11.994876
11.663235
12.322266
12.539107
12.42856
11.55694
11.884329
11.667487
12.1011715
11.340097
12.539107
12.866496
11.773782
11.773782
12.211719
11.994876
12.755949
12.1011715
11.450645
11.884329
11.55694
11.012709
12.866496
12.42856
12.211719
12.42856
11.994876
11.55694
12.755949
11.55694
12.539107
11.884329
12.539107
11.884329
12.211719
12.645402
12.318013
11.123256
12.211719
12.862245
11.450645
12.1011715
11.884329
12.755949
11.667487
11.994876
11.884329
11.884329
11.450645
11.55694
12.755949
11.667487
11.773782
11.667487
12.322266
11.884329
12.645402
12.972792
11.123256
12.211719
11.994876
11.773782
13.083339
12.211719
11.884329
12.866496
12.645402
12.1011715
12.42856
12.318013
12.42856
12.972792
12.42856
11.450645
12.211719
12.755949
11.667487
11.667487
12.42856
12.42856
12.755949
12.539107
12.972792
11.994876
11.667487
12.322266
12.211719
12.211719
11.55694
11.233803
11.994876
11.884329
11.667487
12.539107
12.211719
11.450645
12.211719
12.211719
11.450645
12.866496
11.990624
11.667487
11.994876
11.667487
12.755949
12.972792
12.42856
11.667487
11.884329
11.884329
12.322266
12.1011715
11.778034
12.539107
12.1011715
12.649654
12.1011715
11.778034
12.755949
11.994876
11.340097
11.994876
11.663235
11.450645
12.1011715
12.755949
12.318013
11.994876
12.322266
12.1011715
11.55694
12.105423
12.42856
12.322266
12.42856
11.884329
11.884329
12.645402
12.42856
12.1011715
13.083339
12.211719
11.994876
11.778034
11.340097
11.5611925
12.211719
12.866496
12.645402
11.773782
12.539107
12.755949
12.645402
12.211719
12.211719
12.211719
11.340097
12.539107
12.42856
12.42856
11.773782
11.5611925
12.1011715
11.994876
12.755949
12.322266
11.990624
12.211719
12.972792
11.884329
11.884329
12.755949
12.318013
11.233803
11.884329
12.211719
11.773782
12.1011715
11.340097
13.410727
11.667487
11.778034
12.539107
12.755949
11.667487
13.083339
12.211719
12.539107
13.189634
11.884329
12.649654
12.211719
12.755949
11.994876
12.42856
11.994876
11.778034
12.539107
12.539107
12.645402
11.884329
12.105423
12.322266
12.755949
11.994876
12.866496
12.755949
11.994876
12.42856
11.778034
12.211719
11.990624
11.340097
12.211719
12.318013
12.42856
11.994876
11.990624
11.233803
11.778034
12.1011715
12.211719
11.994876
12.322266
12.649654
12.318013
11.123256
12.105423
12.1011715
12.1011715
12.105423
12.42856
12.1011715
11.994876
12.105423
11.667487
12.1011715
11.667487
11.994876
11.884329
11.446393
11.667487
12.755949
11.773782
12.42856
11.778034
12.1011715
12.42856
11.450645
12.1011715
12.645402
12.42856
12.972792
12.211719
11.994876
11.884329
12.539107
12.539107
12.1011715
12.42856
12.539107
13.083339
11.994876
12.322266
12.1011715
12.1011715
11.123256
11.778034
12.539107
12.42856
11.340097
12.322266
12.42856
11.884329
11.667487
12.866496
13.083339
11.450645
11.994876
12.972792
12.211719
11.884329
11.884329
12.211719
11.994876
12.539107
11.450645
12.211719
12.42856
12.211719
11.994876
11.884329
12.645402
11.884329
11.994876
12.866496
12.645402
11.884329
12.645402
12.42856
11.667487
12.322266
12.1011715
12.42856
11.667487
11.667487
12.866496
11.884329
11.778034
13.3001795
12.318013
11.450645
12.322266
12.211719
12.211719
11.778034
12.539107
11.884329
11.55694
11.340097
12.539107
12.645402
11.55694
11.667487
11.450645
11.450645
13.3001795
11.012709
12.105423
12.211719
12.1011715
11.994876
12.755949
11.667487
12.211719
12.1011715
12.1011715
12.866496
11.667487
12.211719
11.994876
11.773782
11.340097
11.667487
12.645402
12.42856
11.55694
11.778034
12.211719
11.773782
11.55694
12.755949
12.1011715
11.55694
11.994876
12.211719
11.55694
12.645402
12.539107
12.211719
11.994876
12.539107
11.667487
12.755949
12.42856
12.866496
12.1011715
11.340097
12.105423
11.778034
12.645402
11.667487
11.450645
12.105423
12.1011715
11.450645
12.1011715
11.233803
12.755949
12.645402
11.340097
11.450645
11.667487
11.884329
11.884329
11.55694
12.42856
11.884329
11.884329
12.755949
12.645402
11.773782
12.539107
12.42856
12.322266
12.42856
11.340097
12.755949
11.884329
12.649654
11.994876
12.645402
12.42856
12.755949
12.1011715
12.755949
12.322266
11.994876
12.1011715
11.233803
12.1011715
11.667487
12.322266
12.755949
11.446393
11.667487
12.105423
12.42856
12.1011715
12.866496
12.755949
11.667487
11.994876
11.778034
11.340097
11.994876
11.884329
12.211719
12.755949
12.539107
12.645402
12.1011715
11.233803
11.994876
12.211719
12.322266
12.211719
12.1011715
12.322266
12.539107
12.211719
11.884329
11.994876
12.755949
11.55694
12.755949
12.1011715
11.340097
11.667487
11.994876
12.539107
12.862245
12.645402
12.318013
11.994876
12.211719
12.1011715
11.667487
12.322266
11.667487
12.645402
11.340097
11.994876
12.755949
11.55694
11.55694
12.645402
12.42856
12.755949
12.211719
11.884329
11.884329
12.539107
11.884329
12.1011715
11.667487
12.42856
12.1011715
11.123256
12.42856
11.884329
11.55694
12.539107
12.755949
12.42856
12.318013
11.884329
12.1011715
11.778034
12.211719
11.884329
11.990624
11.233803
12.866496
11.884329
12.42856
12.755949
11.446393
12.211719
12.539107
12.1011715
11.55694
11.994876
12.42856
11.884329
11.667487
11.667487
12.755949
12.645402
11.123256
11.667487
12.972792
11.990624
12.318013
11.778034
12.539107
12.1011715
12.1011715
11.340097
13.083339
12.1011715
12.862245
12.211719
11.55694
11.667487
11.340097
12.322266
12.42856
11.773782
11.667487
12.42856
11.884329
12.1011715
12.42856
12.322266
12.1011715
12.755949
12.539107
12.42856
11.667487
11.994876
11.884329
12.211719
11.667487
11.884329
13.193886
12.972792
11.012709
11.994876
12.645402
11.340097
12.645402
12.211719
12.42856
11.884329
12.645402
11.778034
12.318013
11.994876
12.42856
11.55694
11.778034
11.778034
11.884329
12.645402
12.318013
11.667487
12.755949
12.1011715
11.450645
11.667487
11.884329
11.123256
12.322266
12.755949
11.667487
11.450645
12.539107
12.1011715
11.450645
12.211719
11.994876
11.667487
11.884329
12.645402
11.667487
12.539107
12.42856
11.778034
12.322266
13.083339
12.1011715
12.211719
12.42856
11.884329
12.42856
12.318013
11.233803
11.994876
12.211719
12.539107
12.211719
12.534855
11.450645
12.755949
11.667487
12.866496
12.539107
11.55694
11.5611925
12.539107
11.994876
12.42856
12.539107
11.773782
12.318013
11.450645
12.539107
11.990624
11.994876
11.994876
12.42856
12.42856
11.994876
11.773782
11.340097
12.42856
12.645402
11.994876
12.1011715
12.211719
11.994876
12.42856
12.866496
12.42856
11.450645
11.667487
11.994876
12.211719
12.1011715
11.994876
12.105423
12.972792
12.755949
11.123256
11.994876
12.972792
12.539107
12.1011715
11.667487
12.211719
11.123256
12.755949
12.322266
11.884329
12.211719
12.539107
11.994876
12.1011715
11.778034
12.645402
11.994876
12.645402
11.450645
11.994876
11.450645
12.755949
11.884329
11.450645
13.083339
11.773782
11.994876
12.866496
12.211719
11.994876
12.539107
12.318013
12.1011715
11.667487
11.5611925
11.667487
11.994876
12.862245
12.42856
12.322266
11.667487
11.884329
12.42856
12.211719
11.994876
12.755949
11.778034
11.667487
12.211719
11.667487
11.994876
11.884329
12.1011715
12.866496
11.884329
11.55694
12.539107
12.318013
11.884329
11.994876
12.534855
11.888581
12.42856
11.994876
11.450645
12.645402
12.1011715
12.322266
11.667487
12.645402
12.42856
12.42856
11.773782
12.539107
12.1011715
11.994876
12.211719
12.1011715
11.778034
12.645402
12.1011715
12.755949
12.1011715
11.778034
11.994876
12.645402
12.1011715
12.211719
12.1011715
12.42856
11.667487
11.994876
12.211719
11.773782
12.1011715
12.105423
11.884329
12.211719
12.649654
12.211719
12.1011715
12.211719
12.539107
11.773782
11.884329
11.994876
11.884329
12.322266
12.42856
11.340097
12.866496
11.994876
12.1011715
11.994876
12.211719
11.663235
12.211719
12.645402
11.450645
12.649654
12.1011715
11.450645
11.994876
12.318013
11.55694
12.862245
12.1011715
11.994876
11.773782
12.539107
11.5611925
11.884329
11.884329
11.55694
12.211719
12.42856
11.55694
11.667487
12.755949
11.994876
12.211719
12.539107
12.211719
12.211719
12.211719
11.450645
13.083339
11.55694
12.1011715
12.322266
12.211719
12.1011715
11.55694
12.42856
12.539107
11.884329
12.42856
12.105423
12.755949
11.340097
11.778034
11.233803
11.884329
12.539107
11.994876
11.884329
11.994876
11.55694
11.55694
11.450645
12.322266
12.42856
11.22955
12.539107
11.994876
11.667487
11.773782
11.340097
12.755949
12.211719
12.1011715
13.083339
12.211719
11.884329
11.667487
12.42856
12.645402
11.22955
11.123256
12.322266
12.1011715
12.42856
11.667487
12.645402
11.884329
11.994876
11.450645
12.211719
12.862245
12.42856
12.322266
11.667487
11.340097
12.539107
12.211719
12.211719
12.1011715
12.539107
12.1011715
12.211719
12.539107
11.994876
12.755949
11.123256
11.667487
11.450645
12.1011715
11.450645
12.211719
12.42856
12.645402
11.123256
11.340097
11.55694
11.667487
12.539107
12.42856
11.778034
11.55694
11.884329
12.211719
11.994876
11.990624
12.755949
12.42856
12.42856
11.884329
12.211719
11.994876
12.42856
12.755949
11.994876
12.755949
12.755949
11.012709
12.866496
12.322266
12.645402
11.55694
11.994876
12.1011715
12.755949
11.22955
11.778034
12.42856
12.972792
11.663235
12.539107
12.755949
12.318013
11.773782
11.778034
11.994876
11.884329
11.884329
11.5611925
11.778034
12.645402
12.42856
11.994876
11.884329
12.539107
11.994876
12.42856
11.450645
12.42856
11.990624
11.667487
11.5611925
12.539107
12.211719
12.755949
11.667487
12.1011715
12.645402
12.211719
11.884329
12.318013
11.667487
11.888581
12.1011715
11.446393
12.322266
12.539107
12.755949
12.862245
11.340097
12.649654
12.1011715
11.884329
12.211719
12.1011715
12.211719
12.322266
12.318013
11.667487
11.994876
11.994876
11.994876
12.645402
11.450645
12.42856
12.645402
11.884329
13.083339
11.773782
11.884329
12.1011715
12.534855
12.866496
12.972792
12.862245
11.884329
11.994876
12.539107
11.55694
11.884329
11.22955
12.211719
11.55694
11.773782
11.773782
11.884329
12.211719
12.1011715
11.450645
11.667487
12.645402
12.211719
11.450645
12.539107
12.972792
12.539107
11.884329
11.778034
11.773782
12.42856
11.778034
12.539107
11.667487
11.667487
12.105423
12.539107
12.42856
11.884329
11.450645
12.42856
13.083339
12.755949
11.884329
12.755949
12.211719
11.773782
11.450645
12.539107
12.1011715
11.340097
11.450645
11.778034
12.211719
12.211719
12.42856
11.884329
12.322266
11.888581
12.42856
11.667487
12.1011715
11.233803
12.42856
11.994876
12.42856
11.667487
11.667487
12.42856
12.755949
11.994876
13.083339
12.1011715
11.55694
11.994876
12.105423
12.866496
12.645402
11.22955
12.105423
12.42856
12.1011715
12.755949
12.211719
12.1011715
12.211719
11.450645
11.884329
12.322266
12.645402
12.322266
12.866496
12.645402
11.667487
12.1011715
12.866496
12.42856
11.5611925
12.755949
11.667487
11.778034
12.539107
12.318013
13.083339
12.318013
11.994876
12.866496
11.884329
11.667487
11.888581
12.42856
11.450645
12.866496
12.534855
12.211719
12.539107
12.1011715
12.211719
12.1011715
11.994876
11.884329
12.645402
12.42856
11.994876
12.211719
12.1011715
11.994876
11.994876
12.755949
12.866496
12.42856
12.866496
11.884329
11.667487
12.322266
11.884329
11.667487
11.994876
12.42856
11.340097
12.211719
12.211719
11.446393
11.778034
12.42856
11.778034
11.994876
13.079086
11.340097
11.884329
12.755949
12.1011715
12.866496
11.667487
11.884329
11.884329
12.755949
11.667487
11.884329
12.318013
11.667487
12.972792
11.55694
12.42856
12.755949
11.22955
12.211719
12.211719
11.667487
11.884329
11.340097
11.884329
11.667487
12.1011715
11.667487
12.972792
12.645402
12.534855
12.42856
12.105423
12.42856
11.778034
11.884329
11.884329
11.884329
12.539107
12.42856
11.884329
11.667487
12.539107
12.972792
12.645402
11.667487
12.539107
12.645402
11.994876
12.318013
12.755949
12.322266
12.645402
11.667487
12.862245
12.42856
11.994876
12.211719
12.322266
12.322266
11.340097
11.994876
12.211719
12.645402
12.211719
12.1011715
11.340097
12.866496
11.55694
12.211719
12.972792
12.645402
12.649654
12.645402
11.667487
11.340097
12.539107
11.884329
11.233803
11.994876
12.1011715
11.340097
12.539107
11.778034
11.994876
11.55694
12.211719
11.884329
12.539107
11.884329
11.884329
12.211719
12.211719
13.193886
12.862245
11.450645
12.755949
11.450645
12.755949
12.42856
12.42856
11.667487
11.994876
12.42856
12.211719
12.755949
12.42856
12.755949
11.667487
12.42856
12.755949
12.322266
12.42856
11.55694
11.994876
11.450645
12.42856
11.55694
12.755949
11.994876
12.42856
12.211719
12.322266
12.755949
12.534855
11.5611925
12.322266
12.318013
12.539107
11.994876
12.211719
11.340097
11.667487
11.994876
12.645402
11.884329
11.667487
12.211719
12.645402
11.340097
12.211719
11.884329
11.994876
12.972792
12.649654
12.534855
11.22955
11.667487
11.994876
12.539107
11.884329
11.22955
12.322266
12.1011715
12.211719
12.539107
11.994876
12.539107
11.773782
11.778034
12.755949
11.667487
12.318013
12.1011715
11.55694
12.211719
11.884329
12.649654
12.972792
11.773782
11.667487
12.42856
11.884329
11.340097
12.755949
12.539107
11.884329
12.755949
11.994876
12.105423
11.667487
11.340097
12.539107
12.755949
11.667487
11.994876
11.778034
11.884329
11.773782
11.340097
11.884329
12.645402
11.55694
12.211719
12.42856
12.211719
11.55694
12.105423
12.42856
11.773782
11.450645
12.972792
11.55694
11.667487
11.778034
11.994876
11.884329
11.233803
11.884329
12.1011715
11.123256
11.884329
11.773782
11.450645
11.884329
12.645402
11.450645
12.645402
12.42856
11.663235
12.755949
11.994876
12.539107
11.773782
11.667487
11.667487
12.211719
12.42856
12.1011715
11.667487
12.211719
11.667487
12.1011715
12.539107
11.884329
12.318013
12.42856
12.211719
12.42856
12.539107
11.5611925
12.645402
11.884329
12.211719
12.539107
11.884329
12.755949
12.972792
12.755949
11.22955
11.994876
11.884329
11.55694
12.105423
12.645402
12.42856
12.755949
12.539107
11.884329
12.539107
11.667487
12.539107
12.1011715
11.450645
11.884329
12.42856
11.450645
11.994876
11.340097
11.994876
12.1011715
11.884329
11.994876
11.773782
12.211719
12.211719
11.450645
11.994876
12.211719
12.42856
11.778034
12.645402
11.34435
12.211719
11.884329
12.318013
12.539107
12.42856
11.667487
11.994876
12.539107
11.994876
12.211719
11.884329
11.994876
11.884329
12.539107
11.884329
11.667487
12.42856
12.42856
11.773782
12.972792
12.318013
11.884329
13.083339
12.972792
11.233803
12.866496
12.755949
11.55694
12.42856
11.667487
11.667487
12.1011715
11.450645
12.755949
12.539107
11.773782
12.211719
11.994876
13.3001795
12.645402
11.667487
11.778034
11.884329
11.884329
11.667487
11.450645
11.778034
12.42856
12.1011715
12.211719
12.645402
12.539107
12.105423
12.645402
11.773782
12.539107
12.318013
12.645402
11.450645
11.773782
12.972792
12.322266
12.972792
11.773782
11.667487
12.755949
11.55694
11.012709
12.211719
12.1011715
12.318013
12.1011715
12.539107
12.211719
11.778034
12.322266
12.645402
11.773782
12.539107
12.211719
12.539107
11.340097
12.866496
11.884329
11.340097
11.888581
11.667487
11.55694
12.42856
12.649654
12.539107
11.884329
11.773782
11.773782
11.994876
12.1011715
12.539107
12.42856
12.866496
12.211719
11.22955
12.42856
12.42856
11.773782
11.55694
11.994876
12.755949
11.55694
11.778034
12.539107
12.539107
11.990624
11.994876
11.450645
13.083339
12.645402
12.1011715
12.755949
12.539107
11.55694
12.866496
11.667487
12.866496
12.42856
11.667487
12.539107
12.539107
11.884329
12.534855
11.994876
11.994876
12.645402
11.340097
11.994876
12.211719
12.42856
11.884329
12.211719
11.773782
12.866496
11.667487
12.1011715
12.211719
11.67174
11.667487
12.645402
12.539107
11.994876
12.751698
11.340097
12.539107
12.1011715
12.539107
11.994876
11.994876
11.884329
11.773782
11.233803
12.322266
12.972792
12.211719
11.884329
12.755949
11.667487
11.778034
12.539107
12.42856
11.884329
11.340097
11.994876
11.994876
12.1011715
12.1011715
11.994876
12.862245
11.884329
12.105423
12.42856
12.866496
12.539107
11.123256
11.884329
12.42856
11.663235
11.778034
12.645402
12.211719
12.105423
12.645402
12.211719
11.778034
11.884329
11.994876
12.318013
12.972792
12.1011715
11.778034
12.318013
11.778034
12.211719
11.778034
12.318013
12.539107
11.667487
12.42856
12.539107
12.318013
12.211719
11.994876
12.42856
12.211719
12.211719
12.972792
12.42856
12.1011715
11.55694
12.539107
12.318013
12.211719
12.539107
11.450645
11.884329
12.42856
12.105423
12.755949
12.645402
11.55694
12.539107
12.318013
11.340097
12.539107
12.649654
11.55694
12.755949
11.55694
11.5611925
12.649654
12.645402
12.322266
12.866496
11.884329
11.884329
11.994876
12.1011715
12.211719
12.539107
12.534855
12.1011715
11.994876
12.211719
12.322266
12.972792
11.450645
11.994876
12.318013
12.649654
12.645402
12.211719
12.866496
12.539107
12.645402
12.539107
11.55694
12.42856
11.667487
12.211719
11.55694
11.884329
11.884329
11.994876
11.667487
12.972792
11.994876
12.42856
12.211719
12.645402
11.888581
12.539107
11.884329
12.322266
12.322266
12.1011715
11.994876
11.55694
11.884329
12.42856
11.778034
12.105423
12.318013
12.755949
11.55694
11.778034
12.866496
12.1011715
11.994876
12.755949
12.539107
12.645402
11.994876
12.539107
12.755949
11.55694
12.866496
12.42856
11.22955
11.778034
11.450645
12.322266
12.972792
11.994876
12.322266
12.211719
12.211719
11.994876
11.994876
12.755949
12.1011715
11.778034
12.649654
11.55694
11.884329
11.884329
11.233803
11.450645
12.755949
11.340097
11.340097
11.994876
11.994876
12.211719
11.778034
12.755949
11.994876
11.55694
12.211719
12.42856
11.667487
12.322266
12.211719
12.42856
11.5611925
12.539107
11.773782
12.105423
11.994876
11.884329
12.42856
12.539107
12.318013
12.645402
11.123256
12.539107
12.755949
12.42856
11.994876
12.1011715
12.322266
12.539107
11.773782
11.994876
12.755949
12.1011715
11.340097
11.340097
12.211719
12.755949
12.1011715
11.012709
12.866496
11.994876
11.55694
12.211719
11.450645
12.1011715
12.322266
11.450645
12.755949
11.667487
12.318013
12.1011715
11.340097
11.994876
11.994876
12.755949
12.755949
12.1011715
11.450645
12.105423
11.994876
12.972792
12.1011715
12.539107
13.083339
12.318013
12.322266
12.866496
12.1011715
12.539107
11.778034
11.884329
12.42856
11.994876
12.534855
12.42856
12.211719
11.55694
12.211719
12.42856
11.5611925
12.211719
12.42856
11.340097
12.755949
11.667487
12.755949
11.990624
11.340097
12.211719
12.105423
12.318013
11.55694
11.012709
12.211719
11.994876
12.211719
12.42856
12.539107
12.1011715
12.318013
11.884329
11.450645
11.994876
11.123256
11.667487
11.667487
12.211719
12.645402
11.450645
13.193886
11.994876
13.083339
11.667487
11.994876
11.994876
11.667487
12.645402
11.994876
12.322266
12.755949
12.211719
12.645402
11.778034
12.755949
12.1011715
11.884329
11.994876
11.994876
12.1011715
12.645402
11.778034
12.318013
12.755949
11.778034
12.866496
12.972792
12.539107
12.1011715
11.778034
12.1011715
12.755949
11.778034
12.539107
12.1011715
11.667487
11.994876
12.42856
12.318013
11.667487
12.211719
12.211719
12.539107
12.322266
12.1011715
12.539107
11.667487
12.862245
12.539107
11.55694
12.866496
12.539107
11.450645
12.211719
12.42856
12.211719
11.994876
12.866496
12.645402
12.866496
11.233803
12.866496
12.645402
11.667487
11.778034
11.778034
12.972792
11.773782
11.667487
11.778034
12.1011715
11.340097
12.211719
11.778034
12.42856
12.42856
12.866496
12.866496
12.755949
11.012709
12.539107
12.539107
11.884329
12.539107
11.884329
11.55694
12.539107
12.42856
12.1011715
11.884329
12.1011715
11.994876
12.42856
11.446393
12.322266
12.649654
12.211719
13.083339
11.884329
11.340097
12.649654
12.105423
12.42856
12.539107
12.1011715
12.322266
11.55694
11.55694
12.866496
12.645402
11.667487
11.55694
11.994876
11.994876
12.1011715
11.667487
12.322266
12.207466
11.884329
11.994876
12.755949
12.211719
12.755949
12.211719
12.755949
11.55694
11.667487
12.645402
11.884329
11.450645
11.773782
11.450645
11.667487
12.1011715
11.994876
11.994876
11.884329
11.340097
11.340097
13.083339
11.884329
11.22955
12.539107
12.42856
12.211719
11.994876
11.994876
12.1011715
11.994876
12.539107
11.994876
11.884329
11.994876
12.539107
12.534855
11.123256
12.322266
12.1011715
11.994876
12.322266
13.083339
12.211719
12.42856
11.55694
12.42856
11.994876
12.539107
11.884329
12.211719
11.450645
12.645402
11.446393
12.322266
12.755949
12.211719
11.340097
12.539107
11.773782
11.55694
12.105423
12.42856
12.42856
12.645402
11.233803
12.211719
12.645402
11.450645
13.083339
12.211719
11.340097
11.994876
12.42856
11.884329
12.211719
12.862245
11.667487
12.211719
11.884329
11.994876
12.211719
11.884329
11.773782
12.211719
11.667487
12.211719
11.884329
12.1011715
11.778034
12.1011715
11.884329
11.778034
12.539107
11.994876
11.884329
12.42856
12.649654
12.862245
11.667487
12.539107
12.1011715
11.340097
11.888581
12.211719
12.211719
12.645402
11.994876
12.211719
12.645402
12.211719
12.539107
11.773782
12.318013
12.539107
12.534855
11.884329
11.884329
11.55694
11.233803
12.211719
12.318013
11.667487
12.322266
11.994876
11.55694
11.994876
12.645402
11.994876
12.42856
12.105423
12.42856
12.755949
12.211719
11.667487
12.866496
12.972792
11.450645
11.994876
12.42856
11.994876
12.322266
12.972792
11.994876
11.340097
12.755949
12.972792
11.884329
12.539107
12.42856
12.1011715
12.105423
11.55694
12.211719
12.866496
12.534855
12.1011715
12.42856
12.318013
12.211719
12.211719
11.884329
12.42856
12.1011715
11.884329
11.778034
12.42856
12.1011715
11.450645
11.994876
11.55694
11.123256
12.42856
12.318013
11.340097
12.866496
12.645402
11.450645
12.866496
11.884329
11.667487
11.773782
11.778034
11.778034
12.645402
11.450645
12.539107
12.318013
12.105423
11.990624
11.884329
11.55694
12.755949
11.994876
12.866496
12.645402
11.773782
12.42856
12.318013
11.778034
11.667487
11.994876
12.645402
12.539107
12.972792
11.884329
11.667487
12.866496
12.42856
11.233803
12.866496
12.322266
12.211719
11.990624
12.211719
11.450645
12.862245
12.211719
12.539107
13.189634
12.42856
12.866496
12.42856
12.1011715
11.123256
12.318013
12.866496
12.534855
11.55694
12.1011715
11.667487
11.012709
11.667487
12.211719
12.1011715
11.667487
12.211719
12.1011715
11.340097
12.322266
11.233803
11.778034
11.884329
12.755949
12.539107
12.1011715
12.42856
11.667487
11.340097
12.755949
11.778034
12.322266
11.340097
12.105423
11.994876
12.211719
12.866496
12.42856
12.318013
11.778034
12.539107
11.778034
12.862245
11.884329
12.539107
11.884329
11.450645
11.994876
12.1011715
12.211719
12.755949
12.645402
11.233803
11.994876
12.211719
12.755949
12.42856
11.884329
12.972792
12.42856
11.994876
12.539107
12.42856
11.667487
12.211719
11.450645
13.3001795
12.207466
11.450645
12.42856
12.42856
11.55694
11.778034
12.211719
12.318013
12.755949
11.884329
11.994876
11.884329
12.211719
12.539107
12.645402
12.1011715
11.994876
11.994876
12.42856
12.1011715
11.450645
11.884329
12.318013
12.318013
11.55694
11.450645
12.866496
12.645402
11.5611925
11.994876
12.649654
12.322266
12.862245
11.667487
12.755949
12.645402
11.994876
12.318013
11.450645
12.972792
12.755949
12.645402
12.42856
12.649654
12.755949
12.862245
11.667487
11.778034
11.884329
11.884329
11.667487
12.972792
13.083339
12.318013
11.884329
12.42856
11.778034
12.42856
11.994876
11.884329
11.55694
12.322266
11.884329
11.667487
12.42856
12.42856
11.667487
11.450645
12.755949
11.994876
12.645402
11.667487
12.645402
12.862245
11.773782
12.1011715
11.667487
11.667487
12.318013
11.994876
11.994876
12.318013
12.539107
11.5611925
12.755949
12.1011715
11.667487
11.884329
12.539107
12.42856
11.340097
11.667487
12.866496
12.211719
11.340097
11.667487
12.42856
11.884329
12.539107
12.539107
11.778034
12.211719
11.55694
12.755949
11.884329
12.755949
11.884329
11.22955
12.1011715
12.645402
12.42856
12.1011715
12.539107
12.211719
11.884329
11.667487
12.645402
11.994876
12.539107
11.994876
12.534855
11.012709
11.994876
11.884329
12.645402
11.994876
11.450645
12.866496
11.884329
11.884329
12.866496
12.42856
12.866496
12.211719
11.884329
12.211719
12.322266
11.884329
11.55694
12.322266
12.649654
11.55694
11.994876
11.450645
12.645402
11.884329
11.55694
11.450645
11.778034
12.211719
12.645402
12.1011715
11.994876
12.645402
11.340097
12.211719
12.42856
11.667487
11.778034
12.42856
12.972792
12.755949
11.55694
12.42856
11.884329
11.667487
11.994876
12.42856
12.318013
12.42856
12.322266
11.55694
11.778034
11.994876
12.1011715
12.211719
11.994876
12.534855
11.994876
11.994876
12.866496
12.645402
11.233803
11.994876
12.42856
11.994876
12.755949
11.884329
12.211719
13.189634
11.884329
12.539107
11.884329
12.645402
11.667487
12.322266
11.994876
11.994876
12.322266
12.645402
12.211719
11.994876
12.972792
11.667487
11.55694
12.322266
12.42856
12.42856
11.778034
12.534855
12.42856
11.778034
12.645402
11.884329
11.994876
12.755949
12.1011715
12.322266
12.322266
12.645402
12.318013
11.994876
11.884329
12.972792
11.5611925
12.645402
12.1011715
11.773782
12.322266
11.778034
11.55694
12.42856
12.755949
11.884329
12.534855
12.211719
13.083339
12.42856
11.667487
13.3001795
12.318013
12.318013
12.539107
12.211719
11.667487
11.5611925
11.55694
12.755949
12.318013
12.211719
11.994876
12.539107
12.972792
11.773782
12.322266
12.539107
12.42856
11.55694
12.42856
12.1011715
11.667487
12.322266
12.211719
11.667487
11.994876
11.778034
11.990624
12.1011715
12.539107
12.42856
11.884329
11.994876
12.318013
12.322266
11.667487
12.211719
12.211719
12.322266
12.972792
12.42856
12.211719
12.211719
11.123256
11.994876
13.189634
11.340097
11.884329
12.1011715
11.340097
11.994876
11.884329
11.340097
13.193886
12.645402
11.340097
12.211719
12.211719
12.211719
12.322266
12.539107
12.322266
11.884329
11.667487
11.778034
11.884329
12.645402
11.994876
12.322266
12.755949
11.5611925
12.432813
11.884329
11.340097
12.539107
11.994876
11.778034
11.667487
12.1011715
12.211719
12.322266
12.534855
11.667487
12.645402
12.318013
12.211719
12.42856
11.55694
12.211719
12.862245
11.773782
11.778034
12.211719
11.994876
13.083339
11.884329
11.55694
11.884329
11.884329
12.42856
11.884329
11.667487
12.211719
11.994876
12.211719
11.667487
11.778034
11.778034
12.1011715
11.994876
12.645402
12.1011715
11.667487
12.649654
11.778034
12.42856
11.884329
12.322266
11.990624
12.539107
12.42856
11.22955
13.083339
12.42856
12.211719
11.450645
12.211719
12.755949
12.539107
12.866496
12.211719
11.667487
12.755949
12.645402
11.884329
12.105423
12.972792
11.667487
13.083339
12.972792
12.322266
11.778034
12.755949
12.755949
12.42856
12.539107
12.42856
11.340097
11.884329
11.884329
12.211719
11.994876
12.645402
11.884329
12.322266
12.645402
12.322266
12.972792
11.667487
12.432813
12.42856
12.42856
12.105423
12.42856
12.42856
12.645402
11.55694
12.645402
12.1011715
11.340097
12.42856
12.539107
11.888581
12.755949
12.42856
11.884329
12.211719
12.1011715
11.884329
12.211719
12.1011715
11.340097
12.318013
11.667487
12.322266
12.1011715
12.42856
12.755949
12.211719
11.773782
12.211719
12.42856
12.1011715
11.884329
11.55694
12.539107
12.645402
11.450645
11.994876
12.755949
12.1011715
12.105423
12.42856
11.450645
12.972792
12.1011715
11.667487
12.42856
12.539107
12.211719
11.884329
12.755949
12.322266
12.645402
12.211719
11.450645
12.211719
12.645402
12.211719
12.42856
11.884329
12.645402
11.884329
12.755949
12.211719
12.972792
11.340097
12.866496
11.884329
12.755949
12.211719
12.211719
12.534855
12.322266
11.340097
11.994876
12.211719
12.972792
12.645402
11.994876
12.539107
12.42856
11.994876
12.42856
11.55694
12.539107
11.994876
12.1011715
11.990624
12.105423
12.645402
11.773782
12.539107
12.211719
11.340097
11.55694
11.778034
11.667487
11.778034
12.322266
11.778034
11.773782
11.994876
11.994876
11.994876
12.42856
12.539107
12.866496
11.884329
12.1011715
11.55694
12.211719
12.211719
11.667487
11.778034
12.645402
11.994876
11.994876
12.645402
11.340097
12.211719
12.539107
12.1011715
12.755949
12.322266
11.884329
11.773782
11.5611925
12.645402
12.755949
11.884329
12.972792
12.645402
12.211719
13.083339
12.42856
11.994876
12.42856
12.42856
12.322266
11.994876
11.994876
12.42856
11.884329
12.645402
11.123256
11.994876
12.42856
12.42856
12.755949
12.42856
11.340097
12.211719
11.778034
11.773782
11.994876
12.211719
11.773782
11.994876
12.1011715
12.1011715
11.667487
12.539107
12.318013
11.667487
11.884329
11.778034
11.667487
12.645402
12.211719
12.105423
12.322266
11.994876
12.318013
12.211719
12.755949
11.446393
11.667487
12.866496
12.318013
12.42856
12.539107
12.42856
12.211719
11.22955
13.083339
12.211719
11.340097
11.667487
12.211719
12.211719
11.778034
11.994876
12.42856
13.189634
11.340097
11.884329
12.645402
12.42856
12.42856
11.446393
12.211719
12.645402
12.318013
12.322266
11.778034
12.211719
11.884329
11.994876
12.539107
12.322266
11.994876
12.42856
12.539107
12.211719
11.884329
11.884329
12.211719
11.884329
11.994876
11.340097
11.667487
12.539107
12.105423
12.1011715
11.667487
11.667487
12.318013
12.539107
12.755949
11.667487
12.42856
11.994876
11.994876
12.645402
12.972792
12.539107
11.994876
12.42856
12.42856
12.755949
12.645402
11.994876
11.884329
11.55694
11.667487
12.211719
12.1011715
11.55694
12.318013
11.667487
12.1011715
11.884329
12.539107
12.755949
12.645402
11.778034
12.318013
11.884329
12.322266
12.645402
12.211719
12.211719
11.55694
11.884329
12.322266
12.42856
11.994876
11.994876
11.994876
12.1011715
11.340097
12.211719
11.884329
11.450645
12.866496
11.884329
11.884329
11.5611925
13.083339
12.211719
11.663235
12.866496
12.972792
11.884329
11.55694
12.755949
12.211719
12.42856
12.42856
12.539107
12.1011715
12.318013
12.755949
12.649654
12.1011715
12.211719
12.755949
12.1011715
12.211719
11.884329
12.645402
11.778034
12.105423
11.990624
12.42856
12.322266
12.755949
11.994876
12.539107
12.755949
11.884329
12.211719
11.884329
11.012709
11.778034
12.211719
12.211719
12.211719
12.862245
12.211719
11.778034
11.884329
12.211719
11.55694
12.42856
12.1011715
12.42856
12.322266
12.42856
12.862245
11.340097
12.755949
12.755949
11.667487
12.42856
12.322266
13.083339
12.211719
11.994876
12.539107
12.322266
12.645402
12.972792
12.211719
13.083339
12.1011715
11.667487
12.539107
12.211719
12.539107
12.1011715
11.994876
13.3001795
11.773782
12.755949
12.866496
11.990624
11.667487
11.450645
12.539107
12.755949
12.645402
12.1011715
13.410727
11.994876
12.42856
12.755949
11.994876
11.994876
12.42856
11.450645
12.211719
11.773782
11.450645
12.755949
11.884329
12.972792
12.539107
12.645402
11.884329
12.755949
12.539107
11.22955
11.778034
12.972792
12.539107
12.211719
12.42856
11.450645
12.977044
12.755949
12.211719
12.322266
12.42856
11.667487
12.42856
12.211719
12.42856
12.1011715
11.884329
11.667487
11.884329
11.884329
12.42856
12.755949
12.755949
11.884329
13.193886
11.663235
11.994876
12.105423
12.645402
12.42856
12.322266
12.755949
11.667487
11.667487
12.972792
12.755949
12.755949
11.012709
12.42856
12.1011715
11.233803
12.211719
12.645402
12.42856
12.866496
12.42856
11.667487
11.884329
12.105423
12.105423
12.539107
11.450645
12.755949
11.55694
12.211719
12.866496
12.972792
11.450645
12.1011715
11.667487
12.1011715
11.667487
12.755949
11.55694
11.994876
12.645402
11.340097
12.322266
12.211719
11.884329
12.42856
11.340097
12.862245
11.55694
11.667487
12.755949
11.778034
11.884329
12.972792
12.42856
12.42856
12.755949
12.211719
12.42856
12.539107
11.667487
12.539107
12.318013
11.884329
12.42856
12.755949
12.755949
12.645402
11.450645
12.539107
11.884329
11.884329
12.322266
12.645402
11.994876
12.539107
11.884329
11.450645
11.773782
12.322266
11.667487
11.994876
11.55694
12.322266
11.990624
11.773782
11.994876
11.884329
11.994876
12.211719
12.105423
12.318013
11.884329
12.42856
12.318013
12.211719
12.539107
12.755949
12.972792
11.884329
12.1011715
11.994876
11.773782
12.42856
11.884329
11.773782
12.539107
11.773782
13.083339
12.318013
11.22955
11.667487
11.773782
11.994876
11.667487
11.667487
11.884329
12.645402
11.994876
12.1011715
12.211719
12.534855
12.211719
12.1011715
12.105423
11.667487
11.667487
11.667487
12.211719
12.972792
11.450645
12.42856
11.450645
12.211719
12.211719
12.211719
11.884329
12.539107
12.42856
12.645402
12.322266
11.994876
11.667487
11.990624
11.884329
12.755949
12.211719
12.42856
12.211719
12.322266
12.1011715
11.450645
11.994876
11.667487
12.755949
11.884329
11.994876
12.645402
11.450645
12.318013
12.645402
12.645402
12.539107
11.994876
11.773782
12.539107
12.42856
12.42856
12.755949
11.667487
12.42856
12.318013
11.450645
11.340097
12.1011715
12.645402
11.773782
11.667487
12.1011715
12.42856
12.862245
12.105423
12.318013
11.450645
12.866496
12.211719
12.649654
12.318013
12.645402
12.211719
12.755949
12.645402
11.012709
12.539107
12.1011715
11.450645
12.211719
12.534855
11.450645
12.211719
12.645402
12.539107
12.755949
11.990624
11.450645
12.755949
11.773782
12.645402
12.42856
12.755949
12.1011715
13.410727
12.1011715
12.539107
13.083339
12.318013
11.55694
11.994876
12.755949
11.884329
12.42856
11.778034
12.1011715
11.778034
12.539107
11.884329
11.667487
12.972792
11.884329
12.211719
12.866496
12.534855
12.1011715
12.211719
12.211719
11.884329
12.866496
11.994876
12.539107
12.649654
11.994876
11.667487
11.994876
12.211719
11.340097
11.667487
12.645402
12.755949
11.884329
11.884329
11.22955
12.211719
12.42856
11.55694
12.42856
11.884329
11.884329
12.42856
12.534855
11.55694
12.42856
12.645402
12.318013
12.42856
12.755949
12.211719
11.994876
12.42856
12.539107
12.755949
12.42856
12.539107
11.55694
11.340097
12.755949
12.539107
11.667487
12.866496
12.649654
12.318013
11.994876
11.994876
11.55694
11.667487
12.755949
12.211719
12.318013
12.432813
12.862245
12.42856
11.994876
12.211719
12.318013
11.884329
11.994876
12.211719
11.340097
11.778034
12.42856
12.1011715
12.866496
12.1011715
11.012709
12.977044
12.1011715
12.322266
11.884329
11.884329
11.994876
12.755949
12.972792
12.322266
12.539107
12.211719
11.233803
12.866496
13.189634
11.450645
12.539107
11.884329
11.22955
12.322266
11.884329
11.994876
12.755949
11.884329
11.778034
12.105423
11.884329
12.1011715
12.539107
11.994876
11.22955
11.994876
11.884329
11.884329
12.755949
11.667487
12.42856
12.42856
12.755949
12.539107
12.1011715
12.211719
12.211719
11.773782
12.539107
12.211719
11.990624
11.884329
12.866496
12.1011715
11.994876
12.755949
12.755949
12.649654
12.211719
11.994876
12.42856
12.755949
11.667487
12.211719
11.884329
11.667487
11.773782
12.42856
11.778034
12.322266
11.55694
11.667487
12.755949
12.42856
12.322266
12.42856
12.539107
11.778034
12.211719
12.539107
12.539107
12.318013
12.211719
11.994876
12.42856
12.1011715
12.539107
12.755949
12.211719
12.322266
12.211719
12.645402
11.667487
12.534855
12.42856
12.211719
11.773782
12.42856
12.1011715
11.667487
12.42856
12.755949
12.645402
11.884329
12.539107
11.884329
11.778034
11.778034
12.1011715
12.862245
12.649654
13.083339
12.211719
11.667487
11.994876
12.755949
12.645402
11.55694
11.016961
11.994876
12.1011715
11.994876
12.211719
12.755949
11.778034
12.42856
12.211719
12.211719
11.994876
11.667487
11.994876
12.318013
12.539107
12.211719
12.42856
11.778034
12.755949
12.755949
12.42856
12.534855
11.884329
12.755949
12.1011715
11.55694
11.884329
12.972792
11.450645
11.667487
11.5611925
12.318013
12.755949
12.539107
12.211719
12.645402
11.667487
11.994876
12.1011715
12.1011715
12.649654
12.322266
11.667487
12.649654
11.994876
12.866496
11.884329
11.773782
12.1011715
12.1011715
12.534855
11.884329
13.083339
11.884329
12.105423
11.884329
11.667487
12.211719
12.318013
11.012709
12.649654
11.994876
11.884329
12.42856
12.211719
12.866496
12.42856
12.42856
11.450645
12.42856
12.318013
12.211719
11.884329
11.994876
11.778034
12.42856
12.755949
11.667487
11.450645
11.667487
11.773782
11.667487
11.778034
12.539107
12.42856
11.884329
12.755949
12.42856
11.667487
12.539107
12.1011715
11.667487
12.322266
12.755949
12.755949
11.55694
12.755949
12.645402
12.322266
12.972792
11.994876
12.755949
11.778034
12.539107
11.884329
12.211719
12.322266
12.866496
11.55694
12.755949
12.539107
12.42856
12.645402
12.539107
12.42856
12.755949
11.994876
12.755949
12.1011715
12.42856
12.211719
12.755949
11.884329
11.884329
12.42856
11.667487
12.539107
12.645402
12.42856
12.755949
12.645402
12.322266
11.778034
12.211719
11.446393
12.432813
11.884329
12.211719
13.083339
12.211719
12.42856
12.755949
11.778034
11.778034
11.994876
11.55694
12.1011715
12.42856
11.778034
11.667487
11.778034
11.884329
12.322266
11.667487
11.667487
12.645402
12.211719
11.55694
12.211719
12.211719
12.211719
11.778034
12.539107
11.667487
12.211719
11.994876
12.211719
12.211719
12.645402
11.884329
12.1011715
11.667487
12.1011715
12.322266
12.645402
11.778034
12.755949
11.667487
11.5611925
12.539107
12.755949
12.539107
12.649654
12.318013
12.211719
12.755949
12.539107
11.994876
12.539107
12.1011715
11.450645
11.994876
12.755949
12.42856
11.994876
11.884329
11.773782
12.539107
12.972792
11.994876
11.55694
12.432813
12.645402
11.233803
12.105423
12.318013
12.539107
12.211719
12.755949
12.539107
12.211719
11.884329
11.994876
11.450645
12.539107
11.994876
12.318013
11.450645
12.42856
12.211719
12.322266
12.645402
12.322266
12.755949
11.884329
12.539107
12.645402
12.322266
12.539107
11.55694
12.755949
12.211719
12.42856
13.083339
11.884329
11.012709
12.322266
13.189634
12.539107
12.318013
12.755949
11.994876
11.22955
12.211719
12.645402
11.884329
11.773782
11.778034
12.318013
11.450645
11.994876
12.322266
12.211719
12.211719
12.211719
11.990624
12.539107
11.773782
12.539107
13.083339
12.534855
12.42856
12.649654
11.884329
12.539107
11.994876
12.862245
12.322266
11.450645
12.211719
11.884329
12.539107
12.866496
12.645402
12.649654
12.539107
12.645402
12.539107
12.42856
12.1011715
12.539107
12.322266
12.42856
11.667487
11.994876
11.663235
11.884329
12.322266
12.105423
12.539107
11.884329
11.994876
12.211719
11.994876
12.866496
12.322266
11.667487
12.866496
12.211719
12.211719
11.994876
12.42856
11.994876
12.645402
11.5611925
12.1011715
12.42856
11.667487
12.534855
11.994876
11.667487
12.322266
11.884329
11.778034
12.1011715
12.534855
11.233803
12.42856
11.990624
12.211719
12.866496
12.1011715
12.42856
12.42856
11.994876
11.884329
12.318013
12.42856
11.994876
11.778034
12.866496
12.42856
11.884329
11.884329
12.755949
11.773782
11.778034
12.211719
12.1011715
12.42856
11.340097
12.539107
11.773782
12.972792
12.755949
11.884329
12.322266
11.994876
11.884329
12.322266
11.5611925
12.645402
12.211719
12.211719
12.322266
11.773782
12.42856
12.42856
11.667487
12.211719
12.42856
12.42856
12.42856
12.862245
11.55694
11.994876
12.645402
12.1011715
12.755949
12.539107
12.211719
12.211719
11.450645
12.322266
12.862245
12.322266
12.1011715
13.3001795
11.667487
12.322266
11.884329
11.340097
12.755949
11.994876
11.22955
11.994876
11.884329
12.1011715
11.884329
12.1011715
12.755949
12.42856
11.884329
12.42856
12.318013
12.755949
11.994876
11.55694
11.994876
12.539107
11.450645
11.994876
12.755949
10.906414
12.866496
12.755949
11.994876
12.318013
12.972792
11.450645
12.211719
12.645402
11.884329
12.539107
11.884329
12.322266
12.649654
12.755949
11.450645
12.755949
11.884329
12.42856
11.994876
11.994876
12.1011715
12.211719
11.5611925
11.778034
12.318013
12.322266
12.42856
12.42856
11.778034
12.539107
11.773782
11.884329
12.539107
11.778034
12.211719
12.645402
12.211719
12.322266
12.211719
12.972792
12.42856
11.667487
11.667487
11.994876
12.42856
12.211719
12.1011715
12.1011715
12.755949
12.539107
12.1011715
12.211719
13.083339
12.42856
12.42856
11.884329
11.884329
12.211719
12.645402
12.539107
11.667487
11.55694
12.42856
11.667487
12.105423
11.667487
12.972792
12.645402
11.123256
12.322266
12.42856
11.884329
12.539107
12.755949
11.450645
11.994876
12.755949
11.340097
12.972792
12.755949
11.994876
12.645402
12.211719
12.645402
11.994876
12.539107
11.778034
12.211719
12.645402
12.322266
12.645402
13.083339
11.994876
12.972792
11.994876
12.211719
12.211719
11.994876
11.55694
12.649654
12.42856
12.1011715
11.778034
11.55694
12.1011715
11.55694
11.667487
12.211719
12.972792
12.539107
12.539107
12.645402
12.645402
11.994876
12.972792
11.340097
12.645402
12.322266
11.340097
12.105423
12.42856
12.645402
11.994876
11.667487
12.755949
11.667487
12.211719
12.211719
11.884329
12.539107
12.105423
12.972792
12.322266
12.649654
12.211719
12.322266
11.994876
12.645402
11.778034
12.866496
11.667487
11.450645
12.755949
12.42856
11.884329
11.884329
12.42856
11.994876
12.42856
12.42856
12.539107
12.755949
12.755949
12.1011715
12.322266
12.211719
11.990624
12.1011715
12.755949
12.1011715
11.340097
11.994876
13.083339
11.55694
11.340097
11.884329
11.994876
12.972792
12.322266
12.42856
12.322266
11.994876
12.42856
12.318013
12.539107
12.211719
12.539107
11.450645
12.322266
12.534855
12.539107
12.866496
12.645402
12.539107
12.539107
11.884329
11.667487
12.432813
12.645402
11.55694
12.211719
12.1011715
12.534855
12.755949
11.123256
11.994876
12.42856
11.340097
12.539107
12.211719
11.773782
11.667487
11.450645
12.211719
12.211719
11.233803
11.884329
12.211719
12.866496
12.1011715
12.645402
11.450645
11.667487
12.322266
11.667487
12.972792
12.866496
12.211719
12.1011715
12.211719
13.083339
12.1011715
11.22955
12.539107
11.667487
11.233803
12.539107
11.55694
11.778034
11.994876
11.884329
11.994876
12.322266
12.1011715
12.211719
12.211719
12.211719
12.1011715
11.667487
12.322266
11.773782
11.994876
11.884329
11.340097
12.755949
11.884329
11.667487
12.211719
12.211719
11.233803
12.105423
12.645402
12.42856
12.862245
12.211719
12.972792
12.972792
11.667487
12.42856
12.645402
12.42856
11.884329
11.123256
12.539107
12.42856
12.972792
12.645402
11.994876
11.884329
11.884329
11.888581
12.539107
12.211719
12.862245
11.450645
12.539107
12.1011715
12.211719
11.55694
12.972792
12.211719
11.340097
11.667487
12.105423
12.866496
12.755949
12.866496
12.42856
11.667487
12.211719
11.55694
11.884329
11.778034
12.866496
12.645402
12.322266
12.1011715
12.105423
12.1011715
11.55694
12.539107
11.55694
12.105423
12.42856
12.539107
12.1011715
11.884329
12.866496
11.994876
12.539107
12.645402
11.884329
11.5611925
11.667487
12.322266
12.539107
11.340097
11.778034
12.211719
12.322266
12.318013
11.778034
11.123256
12.755949
11.667487
11.994876
13.083339
11.667487
11.994876
12.539107
11.884329
11.994876
12.211719
11.884329
12.211719
11.994876
12.42856
11.55694
12.105423
12.211719
12.42856
12.322266
12.211719
11.450645
12.539107
12.972792
11.667487
12.42856
12.645402
11.667487
12.539107
13.3001795
12.211719
12.322266
11.884329
11.773782
12.866496
12.211719
12.42856
12.645402
12.755949
12.211719
12.322266
12.645402
11.778034
11.884329
12.755949
12.862245
11.994876
11.994876
13.295929
11.884329
11.667487
12.42856
12.42856
12.211719
12.318013
11.773782
12.1011715
12.645402
11.994876
11.667487
13.410727
12.211719
12.42856
12.211719
11.778034
12.211719
11.994876
11.450645
12.539107
12.42856
11.55694
12.649654
12.322266
11.55694
12.539107
12.42856
12.322266
11.994876
12.645402
11.340097
12.972792
12.42856
11.778034
13.3001795
12.1011715
11.884329
11.999128
11.884329
11.994876
12.645402
12.211719
12.1011715
12.1011715
12.866496
12.539107
12.539107
12.211719
11.994876
12.645402
12.42856
12.211719
12.105423
12.211719
12.1011715
12.105423
12.645402
12.539107
12.322266
12.211719
12.755949
12.539107
12.211719
12.211719
11.778034
12.862245
11.012709
12.211719
12.211719
12.211719
11.994876
11.884329
11.450645
12.755949
11.884329
12.42856
12.42856
11.55694
12.211719
12.534855
12.539107
11.994876
13.083339
11.884329
12.42856
11.778034
11.884329
11.667487
12.211719
11.667487
12.105423
12.42856
12.539107
12.318013
11.884329
12.1011715
12.645402
12.211719
12.211719
12.1011715
12.645402
11.884329
12.866496
13.189634
11.884329
12.866496
12.42856
12.534855
12.322266
12.105423
12.645402
12.539107
12.539107
12.645402
11.778034
12.645402
12.1011715
12.322266
12.211719
12.42856
11.884329
12.972792
12.318013
11.450645
12.755949
12.645402
11.667487
11.994876
12.862245
12.539107
12.539107
11.773782
11.450645
12.211719
11.994876
12.972792
12.539107
11.667487
11.5611925
11.994876
12.322266
12.972792
12.42856
12.42856
12.539107
12.866496
12.755949
12.42856
11.667487
13.083339
11.994876
12.755949
12.539107
12.211719
11.773782
11.667487
12.42856
12.42856
12.755949
12.42856
11.340097
11.667487
11.778034
12.42856
11.884329
11.450645
13.083339
11.884329
11.22955
11.778034
11.994876
12.972792
12.42856
11.773782
12.862245
12.645402
11.778034
12.105423
12.539107
12.211719
12.211719
12.322266
12.42856
11.990624
11.340097
11.778034
12.211719
11.55694
12.645402
12.649654
12.755949
12.645402
12.645402
12.211719
12.1011715
11.773782
11.5611925
12.432813
12.211719
11.884329
12.322266
11.994876
12.42856
12.862245
12.211719
11.778034
12.42856
11.22955
12.105423
11.884329
13.406476
12.645402
11.233803
12.322266
12.1011715
12.318013
12.322266
12.539107
12.211719
11.884329
12.322266
12.755949
11.990624
11.667487
12.866496
12.539107
11.55694
11.778034
12.645402
11.994876
12.539107
11.55694
11.667487
12.432813
11.667487
12.534855
12.539107
11.22955
12.42856
12.539107
12.211719
12.645402
11.884329
13.083339
12.972792
11.884329
12.866496
12.318013
12.645402
11.773782
11.994876
11.340097
12.322266
11.778034
12.755949
12.1011715
11.450645
12.539107
12.318013
11.667487
12.42856
12.862245
12.42856
12.1011715
12.755949
12.42856
12.211719
11.773782
12.1011715
11.994876
12.211719
11.990624
13.083339
12.755949
11.884329
11.884329
12.539107
11.884329
12.42856
11.012709
12.539107
12.1011715
11.994876
12.649654
12.972792
12.972792
11.884329
11.884329
13.083339
12.755949
11.994876
12.539107
12.755949
11.667487
11.450645
11.667487
13.079086
12.42856
12.322266
12.539107
12.322266
12.755949
12.866496
11.994876
11.773782
11.994876
12.755949
12.645402
11.994876
12.645402
11.990624
12.539107
12.755949
11.778034
11.884329
11.773782
11.994876
12.972792
12.862245
12.211719
12.539107
13.189634
12.539107
11.340097
12.211719
11.773782
12.539107
12.539107
12.42856
12.211719
11.990624
11.667487
12.649654
11.990624
12.322266
11.994876
12.539107
12.322266
12.322266
11.884329
11.55694
12.105423
12.755949
11.773782
11.884329
11.994876
12.645402
12.211719
12.539107
12.866496
12.645402
12.866496
12.211719
12.211719
12.211719
11.773782
11.994876
12.645402
11.773782
12.42856
12.42856
11.773782
12.645402
12.539107
11.884329
12.322266
11.450645
11.667487
11.994876
12.211719
11.884329
13.083339
12.755949
12.211719
12.42856
12.322266
11.884329
12.539107
12.211719
12.318013
11.778034
12.322266
12.534855
11.340097
11.778034
11.667487
11.884329
12.755949
12.539107
12.755949
12.755949
11.450645
11.994876
12.755949
12.211719
12.1011715
12.42856
12.755949
12.972792
12.645402
11.884329
12.42856
12.42856
11.778034
12.42856
12.866496
12.211719
11.667487
11.994876
13.083339
12.211719
11.55694
12.866496
11.667487
12.755949
12.211719
12.755949
12.211719
12.539107
12.211719
11.994876
12.645402
12.211719
12.1011715
11.778034
12.645402
12.42856
11.450645
11.994876
12.755949
12.539107
12.1011715
11.773782
12.42856
12.432813
12.42856
11.994876
11.778034
12.211719
11.450645
12.322266
11.884329
12.755949
12.42856
12.649654
11.667487
11.340097
12.755949
12.318013
11.994876
12.42856
11.667487
12.649654
12.211719
11.884329
11.55694
12.211719
12.539107
12.1011715
11.667487
12.649654
12.42856
11.884329
12.539107
12.645402
11.450645
12.322266
12.534855
11.778034
12.211719
12.539107
13.083339
11.884329
11.994876
12.322266
12.105423
12.211719
11.994876
12.866496
11.778034
12.322266
12.1011715
12.211719
11.667487
12.105423
12.755949
12.322266
11.994876
12.645402
12.211719
12.866496
12.1011715
11.450645
12.211719
12.42856
12.322266
12.1011715
12.322266
11.5611925
12.42856
11.884329
12.211719
11.667487
11.994876
12.42856
12.649654
12.755949
12.42856
11.778034
12.972792
11.994876
12.539107
12.1011715
12.539107
11.884329
11.012709
12.539107
11.884329
12.318013
12.866496
12.211719
12.539107
11.994876
10.902162
13.083339
12.866496
12.318013
11.667487
12.972792
11.884329
12.1011715
12.649654
12.211719
11.233803
13.083339
12.318013
12.211719
12.866496
11.884329
11.994876
12.539107
13.189634
11.667487
13.3001795
11.994876
11.884329
12.866496
12.645402
11.340097
13.193886
12.972792
11.778034
12.539107
12.42856
11.994876
12.1011715
12.318013
11.884329
12.211719
11.884329
12.42856
13.083339
12.645402
11.55694
12.322266
12.42856
12.318013
11.667487
12.866496
12.645402
11.667487
12.539107
12.211719
11.778034
11.884329
11.884329
12.105423
12.42856
12.42856
12.105423
12.755949
12.972792
13.083339
12.42856
12.755949
12.1011715
11.994876
12.755949
12.211719
11.778034
11.994876
12.42856
11.884329
12.866496
12.42856
12.211719
11.994876
12.1011715
11.884329
11.667487
11.884329
11.994876
12.42856
12.42856
11.667487
13.083339
11.55694
12.539107
11.994876
12.211719
12.972792
11.667487
12.866496
12.755949
11.990624
11.778034
11.888581
12.972792
12.42856
12.211719
12.1011715
11.990624
12.105423
11.667487
11.994876
12.1011715
12.322266
12.972792
12.645402
11.667487
11.778034
12.211719
12.645402
12.1011715
12.105423
12.539107
12.755949
12.972792
11.667487
12.649654
12.211719
11.884329
11.884329
12.211719
12.972792
12.1011715
12.1011715
12.105423
11.994876
12.539107
12.972792
12.539107
12.211719
12.539107
11.773782
12.318013
11.994876
12.649654
11.773782
11.994876
11.994876
12.1011715
11.123256
11.994876
11.450645
12.755949
12.42856
11.773782
12.322266
12.755949
11.233803
12.649654
11.773782
11.667487
11.884329
11.884329
11.667487
12.1011715
11.884329
12.211719
11.778034
12.322266
12.755949
12.211719
11.994876
11.667487
12.211719
12.318013
12.539107
12.211719
12.42856
11.123256
11.667487
12.539107
12.318013
11.340097
12.322266
12.211719
12.322266
12.105423
11.884329
12.318013
11.450645
11.994876
12.972792
11.990624
12.211719
12.1011715
11.450645
11.994876
12.539107
12.539107
12.649654
12.866496
11.55694
12.866496
11.450645
11.884329
11.667487
12.755949
12.755949
12.645402
11.778034
11.994876
12.539107
12.211719
12.645402
11.340097
12.42856
12.972792
11.884329
11.55694
12.755949
11.773782
12.539107
12.539107
12.1011715
12.972792
11.55694
12.972792
12.211719
11.994876
12.211719
11.884329
12.211719
12.42856
12.539107
11.994876
12.211719
11.884329
11.994876
11.778034
12.539107
12.534855
11.450645
12.755949
11.450645
12.42856
11.884329
11.340097
12.866496
12.645402
12.211719
12.645402
11.994876
11.340097
11.778034
12.1011715
11.55694
12.322266
11.884329
11.450645
13.083339
12.534855
10.906414
12.322266
12.755949
12.645402
12.972792
11.450645
12.42856
12.755949
11.884329
12.211719
12.1011715
12.211719
12.755949
11.994876
12.1011715
11.778034
12.211719
12.534855
12.539107
12.539107
12.1011715
12.211719
12.211719
12.645402
11.884329
11.994876
12.42856
12.539107
12.539107
12.645402
11.667487
12.211719
11.884329
12.42856
11.884329
11.667487
11.778034
11.884329
11.55694
11.994876
11.884329
12.1011715
12.432813
11.884329
11.884329
12.649654
12.42856
12.645402
12.42856
11.450645
12.432813
12.645402
11.55694
12.211719
12.42856
12.211719
12.211719
12.211719
12.318013
12.105423
12.42856
12.755949
12.755949
11.884329
11.667487
12.539107
11.778034
12.755949
12.972792
11.667487
12.322266
12.318013
11.340097
11.667487
11.990624
11.667487
12.539107
12.1011715
12.645402
12.539107
11.667487
11.990624
12.318013
12.211719
12.972792
12.322266
12.211719
11.123256
11.778034
12.534855
11.55694
12.866496
12.211719
11.55694
12.105423
12.211719
12.645402
11.884329
11.667487
11.884329
12.645402
11.450645
11.994876
12.866496
11.994876
11.884329
12.211719
11.5611925
12.755949
11.55694
12.866496
12.755949
11.667487
12.105423
11.667487
12.539107
12.211719
12.755949
12.211719
12.862245
12.322266
11.994876
11.55694
12.1011715
12.322266
11.994876
12.211719
12.972792
12.649654
12.322266
11.990624
11.340097
12.322266
12.645402
12.1011715
12.539107
12.649654
12.42856
12.645402
12.1011715
11.994876
12.42856
12.755949
11.773782
12.211719
12.432813
11.994876
11.994876
11.667487
13.083339
12.318013
12.42856
12.645402
12.42856
11.450645
12.755949
12.318013
12.1011715
11.884329
12.42856
12.1011715
12.755949
11.884329
12.1011715
12.645402
12.539107
12.539107
12.645402
11.994876
11.667487
12.972792
11.773782
11.994876
12.645402
12.322266
12.866496
12.755949
12.862245
12.539107
11.55694
12.322266
12.645402
12.972792
11.450645
11.994876
12.645402
11.55694
12.866496
12.645402
12.322266
12.1011715
12.42856
12.211719
11.667487
12.211719
12.645402
11.340097
11.55694
12.755949
11.667487
12.1011715
12.755949
12.42856
11.5611925
12.211719
12.645402
12.1011715
11.450645
12.211719
12.211719
12.649654
12.755949
11.55694
11.778034
12.755949
12.211719
12.42856
12.211719
12.322266
12.755949
12.211719
12.645402
12.42856
11.450645
12.534855
11.994876
11.884329
12.755949
11.884329
12.539107
12.42856
11.778034
12.322266
11.340097
12.322266
12.972792
11.55694
12.105423
12.211719
11.667487
11.994876
11.773782
13.193886
11.884329
11.667487
12.211719
12.42856
12.211719
11.667487
12.42856
11.994876
11.884329
11.340097
12.645402
11.994876
12.42856
12.1011715
11.778034
12.1011715
11.773782
12.322266
12.972792
12.972792
11.22955
11.450645
12.866496
11.884329
12.211719
12.539107
12.1011715
12.539107
12.211719
12.1011715
12.645402
12.755949
11.884329
12.42856
11.667487
11.884329
12.42856
11.888581
12.42856
11.55694
12.866496
11.994876
11.446393
11.884329
11.450645
13.083339
12.862245
11.340097
12.755949
12.1011715
11.55694
12.211719
11.994876
12.211719
12.645402
11.884329
11.994876
12.972792
12.539107
13.083339
12.105423
12.1011715
12.1011715
11.884329
12.1011715
11.778034
12.539107
11.884329
12.42856
11.340097
12.211719
12.534855
11.450645
12.866496
12.42856
11.884329
12.211719
11.667487
12.1011715
11.778034
12.539107
12.318013
12.755949
11.884329
12.211719
12.755949
12.539107
12.755949
12.42856
11.450645
12.105423
12.645402
12.645402
12.539107
11.994876
12.539107
11.667487
11.667487
12.866496
12.755949
12.42856
12.211719
11.667487
11.994876
12.42856
12.211719
12.322266
12.42856
12.42856
12.755949
12.649654
11.994876
12.645402
11.340097
12.539107
11.778034
11.884329
12.539107
11.667487
12.649654
11.990624
11.340097
11.994876
12.862245
12.42856
12.322266
12.755949
12.211719
12.211719
11.994876
12.432813
12.1011715
12.42856
12.211719
12.211719
12.755949
11.994876
12.862245
11.55694
11.994876
12.972792
11.22955
12.322266
12.211719
12.972792
12.755949
11.5611925
11.994876
11.994876
11.778034
12.539107
12.755949
12.42856
12.755949
12.645402
12.539107
12.211719
12.42856
12.539107
12.211719
11.773782
12.972792
11.667487
12.755949
12.318013
12.42856
12.539107
11.994876
12.539107
12.42856
12.211719
12.649654
12.972792
12.318013
12.649654
12.539107
12.42856
12.322266
11.884329
11.884329
12.866496
11.450645
12.42856
12.645402
11.450645
12.866496
12.42856
11.773782
12.322266
12.645402
12.539107
12.42856
12.539107
12.318013
12.42856
12.539107
12.322266
12.645402
12.1011715
11.994876
12.1011715
11.994876
12.211719
12.211719
12.322266
11.773782
11.884329
12.972792
11.888581
12.42856
11.990624
12.105423
12.211719
12.645402
12.539107
12.866496
12.645402
11.55694
12.866496
12.1011715
11.55694
12.211719
12.322266
12.755949
12.1011715
12.649654
12.649654
12.105423
12.42856
11.55694
12.105423
12.755949
12.211719
12.649654
11.884329
11.990624
12.211719
11.667487
13.083339
11.884329
11.667487
12.322266
12.1011715
12.1011715
13.083339
12.755949
11.994876
11.884329
12.322266
12.972792
12.645402
12.432813
12.862245
12.318013
11.667487
11.884329
11.667487
12.211719
11.773782
12.755949
11.994876
12.862245
12.42856
11.667487
13.083339
12.211719
11.667487
11.778034
12.318013
12.539107
12.211719
12.866496
12.42856
12.211719
12.866496
12.539107
11.884329
11.778034
12.755949
11.994876
12.755949
12.645402
11.884329
12.105423
11.884329
11.884329
11.778034
12.211719
11.773782
11.450645
12.322266
11.990624
12.539107
12.645402
12.645402
11.994876
13.193886
12.42856
12.42856
12.539107
11.773782
12.318013
11.778034
12.755949
12.1011715
11.55694
12.1011715
12.1011715
12.645402
12.755949
11.994876
12.42856
12.211719
12.755949
12.645402
12.211719
12.649654
12.645402
12.211719
12.866496
12.645402
12.1011715
11.778034
11.994876
12.42856
11.994876
12.211719
12.645402
11.884329
12.866496
12.755949
12.42856
11.994876
12.866496
12.645402
12.1011715
13.083339
12.42856
12.539107
12.755949
11.994876
11.778034
12.42856
12.645402
11.994876
12.211719
12.755949
12.972792
12.211719
12.322266
11.667487
12.755949
12.211719
12.42856
12.211719
11.778034
12.1011715
12.755949
12.211719
11.884329
12.42856
12.1011715
12.42856
12.866496
11.994876
12.1011715
12.211719
11.667487
11.450645
11.884329
12.42856
11.450645
12.539107
12.645402
11.884329
12.755949
11.340097
12.866496
12.318013
11.450645
11.994876
12.211719
12.755949
12.645402
11.340097
12.755949
11.5611925
12.755949
12.42856
11.994876
12.322266
12.539107
12.539107
12.322266
11.994876
12.866496
12.645402
12.1011715
11.773782
12.539107
12.105423
11.884329
11.994876
12.755949
12.322266
12.755949
13.189634
11.994876
11.884329
12.755949
12.645402
12.322266
11.994876
11.773782
11.778034
12.755949
12.42856
12.539107
12.42856
11.778034
13.083339
11.884329
12.539107
13.3001795
12.105423
11.884329
11.994876
11.994876
12.645402
11.888581
12.649654
12.645402
11.340097
12.105423
12.755949
12.972792
11.667487
12.1011715
12.211719
11.994876
11.990624
11.773782
13.083339
12.1011715
12.322266
12.539107
12.755949
12.322266
11.340097
12.322266
12.972792
12.539107
12.211719
12.42856
11.994876
12.649654
11.884329
11.450645
12.42856
11.884329
11.994876
12.539107
11.884329
13.189634
11.884329
11.340097
12.318013
11.778034
11.994876
12.862245
11.994876
12.866496
11.990624
11.667487
12.755949
12.534855
12.211719
11.55694
12.211719
11.778034
12.645402
12.755949
12.42856
11.773782
12.322266
13.3001795
11.123256
12.755949
12.649654
13.083339
11.340097
11.994876
12.42856
11.778034
12.539107
12.755949
12.211719
11.773782
12.755949
11.994876
12.645402
11.994876
11.994876
12.42856
12.322266
12.1011715
12.866496
11.884329
12.866496
12.42856
12.322266
12.755949
12.972792
11.778034
12.972792
12.539107
13.189634
11.667487
12.539107
12.211719
12.539107
11.340097
11.884329
12.972792
12.105423
12.972792
12.755949
12.649654
12.534855
11.778034
13.083339
12.866496
12.755949
11.778034
11.884329
12.1011715
12.211719
13.083339
12.755949
13.083339
11.667487
11.667487
12.42856
11.884329
11.773782
12.105423
12.866496
12.211719
12.318013
11.667487
12.105423
12.649654
11.994876
12.539107
11.884329
12.42856
12.645402
12.211719
12.42856
12.42856
12.211719
12.866496
12.755949
12.42856
12.645402
11.778034
11.994876
12.755949
12.322266
12.105423
12.211719
11.773782
13.083339
13.083339
12.1011715
12.318013
11.340097
12.42856
12.972792
12.649654
11.773782
12.211719
11.773782
12.645402
11.994876
11.884329
12.977044
12.42856
12.539107
11.340097
13.3001795
12.211719
12.539107
11.778034
12.755949
12.1011715
11.994876
12.105423
11.884329
11.884329
11.884329
12.211719
11.884329
13.083339
11.450645
12.322266
11.990624
12.42856
11.667487
11.994876
11.990624
11.994876
13.3001795
12.318013
12.1011715
12.866496
12.211719
12.42856
11.667487
12.105423
12.211719
11.450645
12.211719
12.318013
12.42856
11.994876
11.778034
12.211719
11.667487
12.211719
12.318013
11.667487
12.539107
12.211719
12.972792
11.450645
12.645402
12.211719
12.755949
12.42856
12.649654
12.755949
11.994876
11.994876
12.42856
11.773782
12.211719
13.083339
12.645402
12.211719
12.862245
12.972792
11.994876
12.322266
12.42856
11.22955
12.322266
12.755949
12.211719
11.994876
11.340097
12.42856
12.755949
12.322266
11.340097
12.42856
11.55694
11.884329
12.211719
11.990624
12.866496
11.773782
11.55694
11.994876
12.645402
11.55694
12.539107
12.972792
11.55694
12.539107
11.994876
12.1011715
11.994876
12.755949
12.1011715
12.977044
11.994876
12.42856
12.539107
11.884329
12.42856
11.667487
11.994876
12.539107
12.1011715
11.994876
12.322266
12.42856
12.755949
12.645402
12.755949
11.994876
11.884329
12.211719
12.211719
12.755949
12.211719
12.211719
12.755949
12.866496
12.645402
12.211719
12.322266
11.884329
11.778034
12.755949
12.645402
12.42856
12.539107
12.539107
12.211719
11.55694
12.211719
13.083339
12.211719
12.1011715
11.778034
11.667487
12.42856
12.755949
12.539107
12.645402
12.1011715
11.667487
12.539107
12.318013
12.972792
12.866496
12.42856
12.42856
12.972792
12.755949
12.211719
12.211719
11.884329
12.539107
12.866496
12.755949
13.3001795
12.42856
12.42856
12.318013
11.450645
12.649654
12.211719
12.42856
11.884329
12.649654
12.42856
11.667487
11.994876
12.539107
12.645402
11.233803
13.083339
11.773782
11.5611925
13.083339
12.318013
12.1011715
12.105423
11.994876
11.884329
12.755949
12.539107
12.645402
11.884329
11.667487
12.322266
12.862245
11.450645
12.866496
12.1011715
11.884329
12.322266
11.773782
12.42856
11.994876
12.862245
11.667487
12.211719
12.972792
11.778034
12.105423
11.994876
11.340097
11.667487
12.42856
12.645402
11.773782
12.42856
11.884329
12.539107
11.778034
12.211719
13.083339
12.211719
11.450645
12.539107
11.884329
12.211719
12.211719
12.755949
12.539107
12.755949
11.450645
12.645402
12.645402
11.667487
11.994876
12.42856
12.645402
11.778034
11.778034
12.539107
12.1011715
11.884329
12.322266
12.645402
11.994876
13.083339
12.211719
11.994876
12.432813
13.083339
12.211719
11.778034
12.42856
12.862245
12.755949
12.866496
12.972792
12.645402
11.450645
12.649654
12.645402
12.539107
12.539107
12.211719
12.211719
11.884329
12.211719
12.755949
11.884329
12.539107
12.322266
12.1011715
11.55694
13.083339
12.322266
12.539107
12.755949
11.450645
12.539107
12.534855
11.450645
13.083339
12.866496
12.645402
12.539107
12.322266
12.211719
12.755949
11.55694
13.083339
12.755949
11.340097
12.755949
12.539107
11.884329
11.884329
12.42856
12.649654
11.884329
12.755949
12.539107
12.322266
12.972792
13.083339
11.778034
11.994876
12.1011715
11.884329
12.972792
12.322266
12.755949
11.994876
12.649654
12.211719
12.1011715
11.884329
12.42856
11.994876
11.778034
12.211719
12.755949
12.539107
12.1011715
12.211719
12.211719
11.667487
12.1011715
11.340097
11.778034
12.1011715
11.994876
12.539107
12.42856
11.450645
12.318013
13.193886
12.211719
12.755949
12.1011715
12.211719
12.211719
12.1011715
11.778034
12.755949
12.1011715
11.994876
12.755949
12.972792
11.994876
11.22955
11.994876
12.862245
11.123256
12.211719
11.884329
11.5611925
12.211719
11.884329
12.539107
12.649654
12.645402
11.773782
12.211719
12.1011715
11.667487
12.539107
11.884329
12.322266
11.340097
13.083339
12.645402
12.211719
11.667487
11.884329
12.211719
12.866496
12.42856
12.755949
12.322266
12.866496
12.645402
12.42856
12.645402
13.083339
12.972792
12.211719
13.083339
12.862245
12.322266
12.862245
11.340097
11.994876
12.42856
12.539107
12.534855
12.539107
13.083339
12.42856
11.450645
12.755949
12.105423
11.994876
12.755949
13.083339
12.645402
11.667487
12.755949
12.42856
11.667487
12.539107
11.884329
11.884329
11.884329
11.55694
12.755949
11.884329
11.778034
12.539107
12.645402
12.645402
12.539107
11.773782
12.649654
13.083339
12.755949
11.778034
13.083339
12.211719
11.994876
12.539107
11.994876
11.55694
11.778034
12.42856
11.778034
11.667487
11.340097
12.972792
12.972792
11.667487
12.211719
12.211719
11.450645
12.755949
12.755949
12.539107
12.211719
11.994876
12.539107
12.866496
12.972792
12.1011715
12.211719
11.667487
11.667487
12.755949
12.1011715
11.994876
11.884329
12.862245
12.862245
12.539107
12.972792
12.755949
11.778034
11.667487
12.1011715
12.211719
12.972792
11.884329
11.884329
12.866496
11.773782
12.539107
12.539107
12.645402
11.450645
12.866496
12.755949
11.884329
12.322266
11.994876
12.534855
12.1011715
12.322266
12.866496
11.884329
11.450645
11.994876
12.211719
11.446393
11.888581
12.211719
12.42856
12.755949
12.755949
12.866496
12.42856
11.667487
11.994876
11.778034
11.884329
12.42856
13.189634
12.105423
12.211719
12.645402
12.211719
12.318013
12.866496
12.649654
11.884329
12.1011715
12.211719
12.211719
12.105423
12.649654
12.322266
12.211719
12.645402
12.539107
12.211719
11.667487
12.755949
11.5611925
12.645402
12.211719
12.1011715
12.42856
11.667487
12.42856
11.773782
12.755949
13.410727
12.645402
11.884329
11.778034
12.755949
11.55694
12.755949
11.994876
12.211719
12.755949
12.866496
12.211719
12.977044
12.645402
11.123256
11.884329
12.866496
12.1011715
11.884329
12.322266
11.667487
12.318013
11.994876
12.539107
12.211719
12.211719
11.340097
12.755949
12.1011715
12.211719
12.322266
12.755949
11.667487
12.42856
12.649654
12.539107
12.972792
12.211719
12.755949
11.773782
12.755949
12.755949
12.645402
12.42856
12.755949
12.1011715
11.340097
12.211719
12.322266
12.645402
12.211719
11.994876
12.755949
12.972792
11.994876
12.755949
12.42856
12.866496
11.667487
12.972792
11.994876
12.539107
12.318013
11.990624
12.649654
12.972792
12.211719
12.322266
12.755949
12.972792
12.539107
12.866496
12.645402
12.318013
12.755949
12.649654
12.539107
12.211719
11.990624
12.649654
11.778034
11.994876
12.211719
12.322266
12.539107
11.884329
12.42856
12.539107
12.42856
11.667487
12.539107
12.755949
11.994876
12.755949
12.211719
12.645402
12.972792
12.42856
11.884329
11.994876
11.667487
11.990624
11.667487
11.884329
12.539107
12.539107
12.42856
11.667487
12.539107
12.755949
11.990624
12.539107
12.645402
11.884329
12.755949
11.994876
13.189634
11.773782
12.105423
12.211719
12.539107
11.994876
12.318013
12.211719
12.539107
12.755949
11.55694
12.649654
12.755949
13.189634
11.884329
12.755949
11.55694
11.450645
12.1011715
12.42856
11.994876
12.755949
12.42856
12.539107
12.322266
12.211719
11.55694
11.778034
11.778034
11.994876
12.755949
11.450645
12.649654
12.1011715
11.5611925
12.322266
11.994876
11.667487
11.778034
11.884329
12.645402
12.318013
11.778034
13.3001795
11.994876
11.884329
13.193886
12.539107
11.55694
12.322266
12.645402
12.42856
12.539107
12.42856
12.318013
13.083339
12.322266
12.972792
12.318013
12.318013
12.539107
12.755949
12.862245
12.1011715
12.755949
13.083339
11.667487
11.450645
11.884329
11.778034
11.450645
12.211719
12.972792
11.450645
13.193886
12.211719
11.450645
11.778034
11.667487
12.211719
12.539107
11.888581
12.322266
12.539107
12.211719
12.1011715
12.972792
12.211719
11.994876
12.645402
11.667487
12.211719
12.862245
12.534855
11.778034
11.778034
11.994876
12.862245
12.42856
12.432813
12.1011715
11.778034
12.755949
11.5611925
12.972792
12.1011715
11.773782
12.755949
12.645402
11.55694
12.318013
12.866496
12.42856
12.539107
11.778034
12.211719
12.1011715
11.994876
11.994876
11.994876
12.211719
11.884329
12.211719
12.1011715
12.322266
11.450645
12.866496
11.994876
11.446393
12.211719
12.645402
11.55694
12.539107
11.340097
11.990624
11.994876
11.5611925
12.211719
12.42856
11.450645
12.42856
12.42856
12.645402
11.994876
12.42856
12.211719
12.866496
11.884329
11.667487
12.972792
11.450645
12.649654
12.645402
12.42856
11.667487
11.994876
12.322266
12.318013
11.778034
12.866496
13.517023
11.884329
12.42856
11.450645
12.649654
12.42856
12.539107
12.539107
11.340097
11.667487
12.211719
12.322266
11.667487
12.1011715
12.539107
12.539107
12.211719
12.645402
12.1011715
12.645402
11.667487
12.539107
12.42856
11.340097
12.755949
12.211719
12.866496
12.1011715
12.645402
12.211719
12.539107
11.773782
12.972792
11.994876
12.755949
12.105423
12.211719
11.667487
12.1011715
12.539107
12.972792
12.42856
12.1011715
11.778034
11.994876
12.42856
11.446393
11.994876
12.42856
12.211719
13.3001795
12.211719
12.645402
12.318013
12.211719
12.211719
12.318013
13.083339
11.994876
12.211719
12.866496
12.211719
11.450645
12.211719
12.645402
11.778034
11.994876
12.211719
12.1011715
11.884329
13.083339
12.755949
12.322266
11.994876
11.884329
11.994876
12.539107
13.083339
12.539107
12.539107
11.994876
12.755949
12.322266
12.755949
12.755949
12.211719
12.1011715
12.318013
12.755949
12.972792
12.972792
12.755949
12.42856
11.994876
12.972792
11.340097
12.322266
12.755949
12.649654
11.994876
12.534855
11.450645
12.322266
12.862245
11.450645
12.866496
12.645402
12.866496
12.42856
12.42856
11.450645
12.755949
12.318013
11.778034
11.884329
11.994876
12.539107
11.884329
11.884329
11.994876
11.994876
13.193886
12.42856
11.667487
12.755949
11.994876
11.884329
12.645402
11.773782
11.778034
12.211719
11.884329
11.5611925
12.42856
11.773782
12.755949
11.994876
12.105423
12.1011715
11.340097
13.410727
12.1011715
12.539107
12.211719
12.755949
11.778034
12.211719
12.645402
12.42856
12.42856
11.994876
12.539107
12.42856
12.539107
12.105423
12.972792
12.322266
12.755949
12.211719
12.866496
11.884329
12.539107
12.972792
12.432813
12.211719
12.866496
12.1011715
11.773782
11.994876
12.42856
12.1011715
12.755949
12.649654
12.318013
11.667487
11.994876
12.211719
12.539107
11.884329
11.884329
12.645402
11.990624
11.994876
13.083339
11.884329
12.534855
11.667487
12.972792
12.539107
11.778034
12.322266
11.990624
12.211719
12.866496
11.773782
11.667487
11.994876
12.755949
11.884329
11.778034
12.1011715
11.340097
11.994876
12.866496
12.318013
12.755949
12.432813
13.083339
12.211719
11.778034
11.884329
11.773782
11.340097
12.322266
11.994876
11.884329
13.083339
13.3001795
12.645402
12.211719
11.667487
12.866496
12.1011715
11.667487
12.539107
12.207466
12.1011715
12.211719
13.083339
11.450645
12.539107
11.884329
12.318013
12.972792
11.667487
12.755949
12.211719
12.539107
11.994876
12.755949
11.5611925
13.083339
12.645402
12.42856
11.994876
11.884329
11.778034
12.645402
12.42856
12.539107
12.42856
12.972792
12.539107
12.862245
12.539107
12.105423
12.645402
12.42856
11.884329
12.755949
12.645402
11.994876
12.318013
12.862245
11.450645
11.994876
12.1011715
12.1011715
11.667487
11.994876
12.539107
11.773782
12.322266
12.645402
12.539107
12.322266
11.994876
12.318013
12.432813
12.322266
12.972792
11.450645
12.866496
12.539107
12.211719
12.1011715
12.105423
13.410727
12.645402
11.884329
11.55694
12.539107
12.42856
12.105423
12.211719
12.1011715
12.211719
12.866496
11.667487
12.649654
12.211719
11.667487
12.539107
11.994876
12.972792
12.755949
12.322266
12.645402
11.884329
11.55694
11.667487
12.105423
12.211719
11.778034
12.211719
12.645402
11.994876
13.3001795
12.42856
11.22955
12.866496
12.755949
12.645402
11.667487
12.211719
12.211719
12.1011715
11.778034
13.410727
12.42856
11.773782
11.884329
11.994876
11.340097
12.42856
11.667487
12.42856
12.755949
11.994876
12.211719
11.884329
12.211719
12.972792
11.55694
11.667487
12.866496
12.42856
12.755949
13.083339
12.645402
12.322266
11.884329
12.645402
11.994876
12.539107
12.539107
12.42856
12.755949
12.649654
12.539107
12.755949
12.755949
12.539107
11.778034
11.778034
12.539107
12.211719
11.450645
12.318013
11.884329
12.539107
12.211719
12.645402
12.322266
11.994876
12.1011715
12.211719
11.994876
12.211719
11.55694
11.667487
11.994876
12.42856
11.884329
12.105423
12.42856
12.211719
11.012709
12.211719
12.42856
11.340097
11.884329
12.211719
12.42856
11.773782
11.778034
12.539107
12.322266
13.189634
12.1011715
11.55694
12.105423
12.755949
11.884329
12.972792
12.211719
12.42856
12.42856
11.994876
12.755949
11.884329
11.340097
12.649654
12.318013
12.1011715
12.539107
11.994876
11.884329
11.667487
11.778034
12.322266
12.42856
11.667487
11.994876
12.1011715
11.667487
13.083339
12.211719
12.539107
12.539107
12.211719
12.539107
12.539107
12.755949
12.539107
13.083339
11.994876
11.667487
11.994876
12.105423
12.645402
12.211719
11.778034
12.42856
11.994876
12.539107
12.755949
13.083339
12.105423
12.866496
12.972792
11.667487
12.645402
12.862245
11.667487
11.994876
12.1011715
11.884329
11.994876
11.667487
12.211719
12.755949
11.994876
12.539107
13.083339
11.884329
12.972792
12.972792
13.083339
12.211719
11.884329
12.866496
12.645402
11.778034
12.972792
11.340097
13.083339
12.645402
11.450645
12.866496
11.884329
12.42856
12.755949
11.994876
12.645402
12.211719
11.994876
12.645402
13.3001795
11.778034
12.211719
11.773782
11.667487
12.539107
12.42856
11.773782
12.105423
12.211719
12.972792
12.972792
12.866496
12.42856
11.667487
12.755949
12.755949
12.972792
12.211719
12.649654
12.751698
11.667487
12.866496
12.211719
12.1011715
13.083339
12.539107
12.755949
11.884329
11.888581
12.755949
12.318013
12.211719
11.994876
12.972792
11.884329
11.884329
13.083339
11.884329
12.649654
11.778034
11.884329
12.322266
11.994876
12.972792
12.211719
11.667487
12.866496
12.42856
12.211719
12.755949
11.884329
11.884329
12.539107
12.649654
12.211719
11.888581
13.083339
12.534855
11.884329
12.1011715
12.322266
11.667487
12.649654
12.318013
11.994876
12.539107
11.340097
12.866496
12.211719
11.778034
11.884329
11.884329
11.667487
11.990624
11.667487
12.866496
12.645402
11.773782
11.994876
12.1011715
12.645402
12.866496
12.322266
11.450645
11.884329
11.990624
11.778034
12.211719
12.42856
12.1011715
12.645402
12.862245
11.994876
11.994876
12.211719
12.755949
12.755949
12.755949
12.105423
12.1011715
11.778034
12.318013
12.105423
12.211719
11.55694
11.990624
11.994876
12.645402
12.42856
11.888581
11.450645
12.755949
11.884329
12.42856
11.994876
12.211719
11.773782
11.667487
13.083339
12.539107
12.432813
12.645402
11.884329
11.994876
12.42856
12.211719
11.888581
12.755949
11.667487
11.994876
11.450645
12.649654
12.42856
11.884329
12.539107
12.755949
12.211719
12.211719
12.755949
11.884329
12.972792
12.539107
11.773782
11.340097
12.539107
13.189634
12.211719
12.322266
12.645402
12.42856
12.211719
11.994876
12.972792
11.663235
12.322266
13.083339
12.645402
12.105423
12.649654
12.1011715
12.755949
12.211719
12.755949
11.994876
12.539107
11.450645
11.884329
12.1011715
11.667487
12.539107
12.318013
11.55694
12.972792
11.884329
12.318013
12.862245
12.755949
12.1011715
12.322266
12.755949
12.211719
12.755949
11.990624
13.083339
11.55694
12.539107
13.083339
11.884329
12.322266
11.884329
12.645402
12.322266
11.994876
12.534855
12.322266
13.193886
13.083339
11.773782
11.994876
12.972792
11.994876
12.42856
12.645402
11.55694
12.42856
12.211719
13.083339
11.994876
11.994876
12.318013
11.667487
12.211719
12.645402
11.884329
12.322266
12.645402
11.884329
12.539107
12.755949
12.866496
12.42856
11.667487
12.866496
12.645402
12.539107
12.211719
12.645402
12.1011715
12.755949
12.211719
12.211719
11.884329
11.667487
12.322266
12.972792
12.1011715
12.755949
11.884329
13.083339
12.1011715
12.211719
12.866496
12.755949
12.42856
12.211719
11.884329
13.193886
12.211719
11.55694
12.211719
11.667487
12.1011715
12.862245
12.645402
11.884329
12.755949
13.3001795
11.667487
12.42856
13.083339
11.994876
11.884329
12.322266
12.1011715
12.42856
13.083339
12.755949
12.211719
11.888581
12.105423
12.211719
12.972792
12.539107
12.539107
12.972792
11.340097
12.42856
12.318013
11.667487
11.994876
12.972792
11.994876
11.884329
11.884329
11.55694
11.994876
12.539107
12.211719
13.189634
12.211719
12.211719
12.645402
11.667487
12.539107
12.539107
12.211719
12.211719
11.667487
12.322266
12.972792
11.667487
12.322266
12.645402
11.5611925
12.211719
12.866496
12.972792
12.862245
11.5611925
12.972792
12.755949
11.884329
12.105423
12.432813
11.994876
12.755949
12.866496
12.649654
12.866496
12.539107
12.866496
12.755949
12.539107
11.994876
12.1011715
12.755949
11.994876
12.539107
12.322266
12.1011715
11.778034
12.755949
12.1011715
11.994876
12.42856
12.211719
11.55694
11.667487
12.539107
12.211719
13.3001795
11.667487
12.1011715
11.994876
12.755949
12.1011715
12.322266
12.539107
12.645402
11.55694
12.539107
12.866496
12.645402
12.539107
11.667487
12.105423
12.318013
11.55694
11.994876
12.211719
11.667487
11.340097
11.778034
11.994876
12.318013
13.083339
11.994876
12.42856
12.755949
12.211719
12.322266
13.189634
12.539107
11.994876
11.994876
12.322266
12.211719
12.105423
12.755949
12.645402
11.22955
11.994876
12.539107
12.322266
12.42856
11.778034
13.083339
12.972792
12.972792
12.211719
11.450645
12.42856
12.649654
11.340097
12.42856
12.42856
11.55694
12.318013
12.755949
13.083339
12.534855
12.42856
12.322266
11.884329
11.773782
12.211719
12.539107
13.410727
12.322266
12.211719
11.667487
11.994876
12.539107
12.534855
12.42856
12.211719
12.866496
12.211719
12.755949
12.755949
12.539107
12.645402
12.211719
13.083339
12.42856
12.539107
12.755949
12.211719
12.322266
12.211719
12.42856
12.645402
12.211719
11.994876
12.42856
11.667487
12.645402
11.994876
12.1011715
12.972792
11.340097
12.866496
13.083339
11.340097
11.994876
12.211719
12.1011715
12.318013
11.667487
12.755949
12.755949
12.211719
13.189634
12.645402
11.778034
13.083339
12.211719
11.55694
12.866496
12.432813
12.539107
13.189634
11.233803
12.322266
11.994876
12.42856
12.42856
11.450645
11.994876
12.645402
12.1011715
12.105423
12.105423
12.755949
11.773782
12.755949
12.972792
12.318013
11.778034
12.755949
12.649654
12.211719
12.755949
11.994876
11.778034
12.211719
12.539107
12.972792
12.318013
11.994876
11.778034
12.649654
12.211719
12.1011715
12.105423
12.322266
12.539107
12.1011715
11.778034
12.211719
12.1011715
11.994876
12.1011715
11.450645
12.866496
12.972792
12.534855
11.994876
11.667487
12.211719
12.42856
11.884329
11.884329
12.539107
12.755949
13.189634
12.211719
12.211719
12.972792
12.539107
12.1011715
11.884329
12.539107
12.649654
12.211719
12.972792
12.318013
12.649654
12.105423
13.083339
12.42856
12.42856
12.105423
12.755949
11.55694
11.446393
12.755949
12.211719
12.322266
11.994876
13.079086
11.888581
11.994876
12.105423
12.42856
12.972792
11.884329
12.42856
12.539107
12.42856
12.1011715
12.211719
11.994876
12.539107
11.994876
12.42856
12.42856
11.994876
12.539107
11.994876
13.083339
12.862245
12.755949
12.42856
11.450645
12.432813
12.211719
11.994876
12.645402
11.667487
12.322266
12.539107
11.994876
12.42856
11.884329
11.994876
12.972792
12.972792
12.645402
12.539107
12.105423
12.105423
12.755949
12.539107
11.667487
12.322266
12.42856
12.755949
12.755949
11.884329
12.645402
11.667487
11.667487
12.649654
12.211719
11.667487
12.42856
12.322266
13.083339
12.539107
12.211719
12.866496
12.42856
11.773782
12.42856
11.884329
11.994876
12.866496
12.1011715
12.211719
12.539107
12.42856
11.340097
12.755949
12.645402
11.667487
12.322266
11.994876
12.755949
12.211719
12.318013
11.667487
12.866496
11.450645
11.884329
12.42856
12.42856
12.866496
11.884329
12.645402
12.211719
11.667487
11.994876
12.42856
12.539107
12.1011715
11.884329
12.755949
12.322266
11.884329
12.211719
12.42856
11.994876
11.884329
11.994876
12.42856
11.773782
12.866496
12.645402
11.994876
13.3001795
12.211719
12.862245
12.645402
11.884329
12.649654
12.42856
12.645402
12.866496
11.778034
12.211719
12.1011715
11.994876
12.649654
11.667487
12.755949
12.972792
12.539107
12.866496
12.42856
11.667487
12.755949
12.972792
12.755949
12.866496
11.994876
11.884329
12.649654
11.994876
11.994876
12.105423
12.972792
12.1011715
13.410727
12.645402
11.5611925
11.667487
12.211719
12.539107
12.42856
12.645402
12.866496
12.755949
12.322266
13.083339
12.972792
11.5611925
13.083339
12.42856
12.211719
12.539107
12.755949
13.189634
11.667487
12.972792
12.105423
12.211719
11.884329
12.105423
12.649654
11.884329
11.994876
11.994876
11.778034
12.432813
12.211719
12.645402
11.994876
12.539107
12.755949
12.211719
12.755949
11.5611925
12.539107
12.322266
13.189634
12.755949
12.755949
11.778034
12.755949
12.211719
12.972792
11.667487
13.083339
12.862245
11.778034
11.994876
11.994876
12.539107
12.1011715
12.539107
12.211719
11.778034
11.778034
13.189634
11.884329
11.667487
12.755949
12.211719
11.667487
11.884329
12.42856
12.866496
12.105423
12.42856
12.1011715
12.211719
12.322266
12.211719
13.3001795
12.645402
11.55694
11.994876
12.1011715
12.1011715
13.083339
12.322266
12.539107
12.322266
12.322266
12.42856
11.773782
11.778034
13.083339
12.755949
11.667487
12.42856
12.755949
11.884329
11.778034
12.1011715
11.773782
11.994876
12.539107
12.211719
12.645402
12.211719
12.322266
11.884329
11.884329
12.211719
12.211719
12.866496
12.755949
12.211719
12.322266
11.778034
11.884329
11.994876
12.972792
12.972792
11.55694
11.994876
12.211719
12.42856
12.322266
12.539107
13.62757
12.755949
12.972792
12.645402
12.322266
11.994876
12.645402
11.340097
12.211719
12.211719
12.211719
12.42856
11.884329
12.755949
12.649654
11.994876
11.994876
12.105423
12.972792
11.884329
12.866496
13.083339
12.539107
11.340097
12.539107
12.972792
12.1011715
12.1011715
11.994876
11.994876
12.42856
12.42856
11.884329
12.755949
11.778034
12.211719
12.539107
12.539107
13.083339
12.211719
11.773782
11.994876
11.888581
12.211719
12.318013
12.539107
12.755949
13.3001795
12.42856
12.539107
12.105423
12.322266
12.755949
12.645402
12.755949
12.211719
12.866496
12.755949
11.667487
12.211719
11.778034
12.539107
11.884329
12.42856
11.994876
12.105423
12.755949
12.755949
12.1011715
11.667487
11.450645
12.105423
12.1011715
12.755949
12.322266
12.211719
12.760201
12.755949
12.42856
12.211719
12.1011715
12.539107
12.1011715
12.1011715
13.083339
11.667487
12.866496
12.972792
11.884329
11.667487
12.866496
12.539107
12.539107
12.755949
11.778034
11.994876
12.539107
11.450645
11.994876
12.42856
12.972792
12.322266
11.778034
12.211719
12.645402
12.1011715
11.884329
12.105423
12.1011715
12.42856
11.340097
12.42856
12.322266
13.083339
12.42856
11.450645
12.211719
12.755949
12.539107
12.862245
11.884329
12.322266
12.539107
12.972792
12.318013
12.649654
12.539107
11.994876
12.42856
12.105423
12.42856
11.884329
11.340097
11.667487
11.778034
12.866496
12.211719
13.083339
12.755949
12.539107
12.211719
12.972792
12.211719
11.5611925
12.322266
12.972792
11.884329
12.972792
12.42856
11.994876
12.755949
12.211719
12.972792
11.450645
12.432813
13.083339
12.645402
11.994876
11.450645
12.42856
12.755949
11.884329
11.994876
12.866496
12.866496
12.42856
12.755949
12.755949
11.994876
12.539107
12.972792
12.539107
12.1011715
11.773782
12.1011715
12.539107
12.211719
12.539107
11.994876
12.211719
12.649654
12.318013
12.211719
11.994876
12.105423
12.42856
12.318013
12.866496
12.866496
11.884329
12.42856
13.083339
12.755949
12.211719
12.972792
12.755949
13.193886
12.42856
12.42856
12.322266
13.083339
12.645402
11.994876
12.539107
12.211719
13.517023
12.211719
12.105423
12.318013
12.1011715
12.862245
11.450645
12.539107
12.322266
12.539107
13.410727
11.884329
12.42856
11.884329
12.211719
12.866496
12.862245
12.1011715
11.450645
12.42856
11.773782
11.994876
13.083339
12.862245
11.55694
11.450645
11.778034
13.083339
12.645402
11.450645
12.322266
12.211719
13.189634
12.1011715
11.994876
12.539107
12.1011715
12.755949
12.211719
12.211719
12.211719
12.755949
12.649654
11.994876
13.3001795
12.211719
12.42856
12.866496
13.083339
12.42856
11.884329
12.755949
12.105423
12.972792
12.755949
11.667487
12.755949
12.755949
12.211719
12.862245
12.42856
12.866496
12.755949
12.211719
12.645402
11.778034
11.994876
12.645402
12.972792
12.211719
11.22955
12.866496
12.755949
11.778034
13.083339
12.645402
11.884329
11.778034
11.994876
12.105423
11.994876
12.862245
11.667487
12.211719
12.1011715
13.3001795
11.450645
12.211719
12.755949
12.322266
12.866496
13.189634
11.450645
11.884329
11.888581
12.755949
12.211719
11.884329
11.994876
11.5611925
12.1011715
12.211719
11.990624
12.539107
11.340097
12.539107
12.866496
11.667487
12.42856
12.211719
11.667487
11.667487
12.755949
11.667487
12.42856
12.207466
11.778034
11.884329
12.42856
12.211719
12.42856
12.755949
12.539107
12.866496
12.866496
12.42856
12.211719
11.778034
12.972792
11.450645
11.994876
12.755949
11.55694
11.884329
11.994876
11.994876
12.322266
12.755949
11.994876
11.884329
11.778034
11.994876
12.645402
12.432813
12.645402
11.55694
12.322266
12.211719
12.755949
12.105423
12.755949
12.211719
12.866496
12.649654
12.539107
12.322266
12.645402
11.450645
13.083339
12.211719
12.755949
11.450645
12.539107
12.42856
11.994876
11.884329
11.994876
12.539107
11.884329
11.884329
12.211719
11.994876
12.211719
12.42856
13.083339
12.1011715
12.539107
12.539107
11.994876
11.994876
12.972792
11.884329
12.539107
12.322266
11.884329
11.123256
11.667487
11.884329
11.884329
11.667487
12.211719
12.866496
13.3001795
12.755949
12.211719
11.667487
12.322266
12.972792
12.539107
11.884329
11.888581
12.539107
12.1011715
11.667487
12.211719
12.322266
12.211719
12.1011715
11.667487
12.211719
12.539107
12.105423
12.755949
12.211719
11.888581
12.211719
12.211719
12.211719
13.083339
11.884329
12.539107
12.866496
13.083339
12.42856
12.862245
12.539107
12.649654
12.755949
12.755949
12.760201
12.972792
12.645402
12.755949
12.21597
11.884329
12.1011715
11.888581
12.539107
11.773782
12.1011715
11.884329
12.539107
12.42856
11.994876
11.884329
12.539107
13.3001795
12.211719
11.994876
13.083339
11.884329
13.083339
12.755949
12.1011715
13.083339
12.755949
11.994876
11.884329
12.755949
12.972792
11.994876
12.755949
12.539107
12.534855
12.211719
12.539107
11.884329
11.994876
12.755949
12.539107
12.322266
12.645402
12.539107
13.083339
13.083339
12.322266
12.211719
12.211719
11.667487
12.755949
13.083339
11.884329
12.866496
11.994876
12.1011715
12.539107
12.649654
12.1011715
11.884329
12.755949
12.972792
12.42856
11.994876
12.211719
12.1011715
11.55694
12.211719
12.539107
12.211719
11.884329
11.667487
13.3001795
12.1011715
12.211719
12.1011715
12.42856
12.649654
12.1011715
11.994876
11.994876
12.539107
12.211719
12.649654
12.211719
12.211719
11.778034
12.432813
12.972792
12.755949
12.105423
12.105423
12.539107
12.211719
11.778034
12.972792
12.211719
12.649654
12.755949
12.862245
12.539107
12.539107
12.211719
11.884329
13.083339
12.539107
13.410727
12.211719
11.778034
12.105423
12.539107
12.211719
12.211719
12.322266
12.211719
12.1011715
12.539107
13.193886
12.322266
12.755949
12.42856
12.322266
13.083339
11.884329
12.42856
11.994876
12.211719
12.42856
12.862245
11.884329
11.778034
12.539107
12.755949
12.1011715
12.539107
12.649654
11.994876
13.083339
12.645402
11.667487
12.211719
12.649654
12.211719
11.884329
12.649654
13.083339
12.211719
12.42856
11.884329
12.322266
12.539107
12.42856
11.778034
13.193886
12.42856
11.667487
12.539107
11.884329
11.994876
12.972792
12.862245
12.534855
12.211719
11.994876
12.1011715
12.211719
11.994876
11.994876
12.322266
11.884329
11.667487
11.667487
12.42856
11.667487
12.1011715
11.994876
13.083339
12.755949
12.755949
12.755949
12.649654
13.083339
12.866496
11.994876
12.539107
12.866496
12.649654
12.972792
12.862245
12.211719
12.105423
12.432813
12.755949
12.539107
13.083339
12.42856
12.1011715
12.972792
12.866496
12.972792
12.972792
12.322266
13.62757
13.189634
11.55694
13.193886
12.318013
12.755949
12.866496
12.866496
12.539107
12.534855
11.340097
13.193886
12.211719
11.667487
12.322266
12.42856
12.755949
12.539107
11.884329
12.211719
12.42856
12.42856
11.884329
12.755949
12.539107
12.862245
12.755949
13.083339
12.972792
11.667487
12.322266
11.994876
12.1011715
12.755949
12.211719
12.645402
12.862245
12.211719
12.211719
12.211719
12.539107
12.42856
12.539107
12.649654
12.42856
12.755949
11.884329
11.994876
12.42856
11.778034
12.211719
12.322266
11.994876
13.189634
12.322266
12.211719
12.42856
11.450645
12.866496
11.884329
12.211719
12.322266
12.539107
11.994876
13.083339
12.972792
12.649654
12.1011715
12.42856
11.994876
12.1011715
12.318013
12.539107
12.322266
13.3001795
12.755949
11.667487
12.539107
12.972792
12.211719
11.667487
12.866496
12.539107
11.340097
12.105423
11.994876
12.322266
12.211719
12.866496
12.539107
12.645402
12.1011715
12.432813
12.539107
13.083339
12.972792
11.667487
12.42856
12.1011715
12.539107
12.211719
12.1011715
12.211719
12.539107
12.211719
12.972792
12.539107
11.884329
12.322266
12.972792
11.55694
12.105423
12.539107
12.322266
12.318013
12.755949
12.755949
11.778034
12.42856
12.972792
12.322266
12.105423
11.773782
12.211719
11.884329
11.450645
12.322266
12.211719
12.972792
11.994876
11.994876
12.211719
11.667487
12.539107
12.211719
11.990624
11.5611925
12.866496
12.972792
12.1011715
12.645402
11.233803
12.322266
13.083339
12.42856
11.667487
12.42856
11.884329
12.755949
12.322266
13.083339
12.645402
11.667487
12.42856
12.755949
12.322266
12.972792
13.3001795
11.994876
11.884329
12.1011715
11.994876
11.667487
13.083339
12.322266
12.211719
11.667487
12.211719
12.42856
12.755949
12.539107
11.994876
11.450645
12.755949
12.866496
12.539107
11.667487
11.884329
11.884329
12.211719
12.211719
11.884329
11.778034
13.193886
12.42856
11.667487
12.322266
12.318013
12.866496
11.994876
11.884329
11.450645
12.539107
11.990624
12.755949
13.083339
12.1011715
12.866496
13.083339
12.1011715
11.994876
12.755949
12.645402
12.42856
12.539107
11.994876
12.211719
12.539107
12.211719
12.322266
11.55694
12.105423
13.3001795
11.450645
12.105423
12.972792
11.994876
12.972792
13.3001795
12.866496
12.211719
12.755949
12.755949
12.42856
11.778034
12.755949
12.539107
12.539107
12.972792
12.649654
12.211719
11.994876
12.322266
12.972792
13.083339
12.866496
12.42856
11.994876
11.667487
12.1011715
12.322266
12.972792
12.211719
11.994876
12.211719
12.322266
13.410727
12.862245
11.994876
12.211719
12.539107
12.539107
12.649654
12.54336
12.211719
11.450645
13.083339
12.755949
12.972792
12.322266
12.645402
11.884329
12.211719
11.55694
12.649654
12.645402
12.539107
12.645402
11.667487
12.322266
12.105423
12.972792
12.211719
12.972792
12.211719
12.1011715
11.884329
12.755949
11.884329
12.539107
12.645402
11.994876
12.318013
12.539107
12.1011715
12.539107
12.972792
12.432813
11.884329
12.866496
12.42856
12.539107
12.105423
12.755949
12.42856
12.649654
12.42856
12.42856
12.1011715
12.42856
12.1011715
12.211719
12.539107
11.884329
12.539107
12.534855
11.778034
12.539107
11.55694
12.539107
12.755949
12.645402
11.994876
12.755949
12.862245
11.884329
12.211719
11.994876
11.667487
12.105423
12.755949
13.189634
12.211719
11.667487
12.755949
12.972792
12.539107
12.105423
12.322266
12.42856
12.318013
12.211719
12.322266
12.645402
12.755949
11.994876
12.211719
13.189634
11.994876
12.539107
12.645402
12.972792
11.55694
12.42856
12.211719
11.884329
13.083339
12.755949
12.1011715
12.866496
11.994876
13.3001795
12.862245
12.211719
11.994876
11.994876
13.189634
12.42856
12.755949
12.866496
12.645402
13.083339
12.539107
12.972792
12.211719
11.884329
12.432813
12.1011715
11.884329
11.994876
12.866496
12.1011715
12.866496
13.083339
12.42856
12.972792
12.322266
12.211719
12.42856
12.211719
12.755949
11.994876
12.42856
12.755949
12.649654
12.211719
12.972792
11.884329
12.755949
12.42856
11.123256
12.211719
12.318013
11.233803
12.866496
12.645402
11.884329
12.322266
11.994876
12.539107
12.755949
11.450645
12.977044
12.211719
11.773782
12.211719
12.755949
12.755949
13.079086
12.866496
12.755949
12.42856
11.55694
13.193886
12.755949
11.778034
11.994876
11.994876
13.083339
12.1011715
11.778034
12.105423
11.884329
11.778034
12.322266
12.645402
11.884329
12.866496
12.211719
12.645402
12.539107
12.649654
12.211719
11.884329
11.778034
12.755949
12.1011715
11.778034
13.083339
12.211719
11.667487
12.211719
11.994876
12.42856
11.994876
11.994876
12.211719
12.211719
11.55694
12.42856
11.884329
11.994876
12.322266
13.193886
12.539107
11.884329
12.42856
12.539107
12.539107
12.42856
11.340097
12.322266
12.866496
11.884329
12.322266
12.862245
12.318013
12.755949
13.3001795
11.667487
12.322266
12.866496
11.55694
12.322266
12.105423
12.866496
11.450645
11.884329
12.866496
13.517023
11.884329
12.211719
12.1011715
12.105423
12.318013
12.211719
11.994876
12.645402
12.211719
11.667487
12.322266
12.1011715
12.539107
12.649654
12.539107
12.211719
12.866496
12.862245
12.211719
12.322266
12.211719
12.42856
12.105423
11.884329
11.778034
12.755949
12.539107
12.211719
12.539107
12.322266
12.645402
12.755949
12.649654
12.211719
12.318013
12.866496
13.083339
13.079086
11.450645
12.539107
12.322266
12.539107
12.972792
12.322266
12.211719
12.42856
12.1011715
12.972792
12.539107
12.539107
12.539107
12.105423
12.645402
12.211719
12.211719
12.539107
12.211719
11.55694
12.866496
12.866496
12.322266
12.972792
12.539107
12.866496
12.318013
11.884329
11.773782
12.322266
12.1011715
12.42856
12.539107
12.755949
11.994876
12.649654
12.211719
12.318013
12.755949
12.211719
12.539107
12.972792
12.1011715
12.539107
11.450645
13.3001795
12.645402
11.340097
11.994876
12.539107
12.211719
12.972792
12.105423
12.866496
12.755949
11.340097
12.866496
12.322266
12.645402
12.1011715
12.755949
13.083339
12.42856
12.211719
12.322266
12.755949
12.755949
13.410727
12.866496
12.539107
12.211719
11.773782
12.760201
12.42856
11.778034
12.211719
12.645402
12.42856
12.972792
13.3001795
12.1011715
11.667487
11.994876
13.083339
11.994876
11.994876
12.972792
12.211719
12.211719
12.211719
13.3001795
11.773782
12.755949
12.755949
11.994876
11.994876
12.866496
12.1011715
11.884329
11.55694
12.105423
12.211719
12.755949
13.083339
12.211719
11.884329
12.105423
12.866496
13.083339
12.42856
11.233803
12.105423
12.105423
12.755949
12.42856
11.233803
12.322266
12.42856
12.539107
12.1011715
13.083339
12.539107
11.994876
11.778034
12.866496
12.534855
12.211719
12.539107
13.189634
12.318013
11.778034
12.211719
12.539107
12.645402
12.539107
12.539107
12.972792
12.539107
12.105423
12.322266
12.42856
12.42856
11.667487
12.21597
12.1011715
12.972792
12.972792
12.42856
11.450645
13.083339
12.862245
12.211719
12.539107
12.645402
12.211719
12.539107
12.42856
12.755949
11.884329
11.884329
12.866496
12.322266
11.773782
13.193886
12.211719
12.755949
12.42856
12.866496
12.211719
11.994876
12.539107
13.083339
12.972792
12.318013
11.994876
12.645402
11.55694
12.760201
13.189634
11.667487
12.432813
12.539107
11.55694
12.322266
12.1011715
12.755949
12.649654
12.645402
12.105423
12.755949
12.322266
12.866496
12.645402
13.083339
12.42856
12.645402
12.322266
12.645402
12.866496
12.866496
13.083339
12.42856
11.884329
13.083339
12.211719
11.778034
12.322266
13.083339
11.884329
12.755949
12.318013
11.994876
12.539107
12.755949
12.42856
11.884329
12.211719
12.211719
12.322266
12.211719
12.211719
12.322266
13.517023
12.42856
12.972792
12.645402
12.539107
12.755949
12.862245
12.211719
12.539107
12.1011715
12.322266
13.410727
12.972792
11.990624
12.649654
13.406476
11.994876
13.083339
12.42856
12.322266
12.1011715
11.667487
11.994876
12.645402
12.649654
11.994876
11.667487
12.211719
12.211719
11.450645
12.322266
12.1011715
12.318013
12.866496
12.1011715
12.211719
11.994876
12.1011715
12.866496
11.667487
11.994876
11.667487
12.211719
12.755949
12.211719
12.972792
12.211719
12.211719
13.189634
12.539107
11.994876
12.211719
12.972792
11.667487
12.211719
12.972792
11.994876
12.866496
12.42856
12.645402
12.645402
12.649654
12.972792
12.1011715
12.322266
12.649654
12.322266
12.432813
12.972792
12.539107
12.211719
12.318013
12.42856
12.539107
12.972792
12.645402
11.994876
11.667487
12.972792
12.972792
11.340097
13.083339
12.539107
12.755949
13.083339
11.994876
12.211719
12.1011715
11.994876
12.432813
12.322266
12.211719
11.994876
13.083339
12.318013
12.539107
12.539107
12.1011715
13.083339
12.972792
11.994876
12.972792
11.884329
12.42856
13.3001795
12.42856
12.755949
12.211719
12.972792
12.645402
11.778034
12.539107
12.42856
11.340097
12.755949
12.42856
12.42856
13.410727
12.972792
12.322266
12.432813
12.211719
12.1011715
12.105423
12.755949
11.667487
12.322266
12.42856
12.755949
12.972792
11.667487
12.539107
12.1011715
11.994876
12.211719
12.645402
11.994876
12.322266
12.645402
11.994876
12.211719
11.994876
12.42856
12.105423
12.1011715
12.755949
13.083339
12.755949
12.42856
12.866496
12.539107
13.3001795
12.211719
11.994876
11.884329
11.778034
11.667487
12.1011715
12.42856
12.755949
12.539107
12.755949
11.450645
12.866496
12.1011715
12.211719
12.755949
12.211719
12.318013
12.755949
12.866496
12.211719
12.755949
12.645402
11.884329
12.755949
11.884329
12.211719
13.189634
11.233803
12.972792
11.994876
11.667487
12.539107
12.539107
12.42856
13.3001795
13.083339
12.42856
11.994876
11.994876
11.994876
12.432813
12.105423
12.539107
11.884329
11.667487
12.755949
13.193886
12.866496
12.755949
12.42856
12.972792
12.42856
11.884329
12.972792
12.539107
12.972792
13.189634
12.539107
12.322266
12.42856
12.539107
13.083339
12.755949
12.42856
12.42856
12.866496
12.42856
12.972792
12.539107
12.866496
12.539107
12.539107
12.649654
12.322266
12.972792
11.884329
11.994876
11.884329
12.645402
12.211719
11.994876
12.1011715
12.862245
12.755949
11.994876
12.645402
12.1011715
11.778034
12.211719
12.755949
12.972792
12.42856
12.211719
13.083339
11.884329
12.972792
12.1011715
11.667487
13.083339
12.322266
12.755949
11.994876
12.755949
12.866496
11.884329
12.211719
12.539107
11.667487
12.322266
12.211719
12.645402
12.539107
12.42856
12.539107
12.755949
11.884329
12.1011715
11.994876
12.755949
13.079086
11.55694
12.322266
12.211719
12.318013
12.318013
12.322266
12.866496
12.866496
12.866496
13.3001795
12.1011715
12.211719
12.866496
12.211719
12.539107
12.649654
12.322266
11.450645
12.322266
12.972792
12.318013
12.649654
12.755949
11.994876
11.667487
12.322266
11.884329
12.755949
11.778034
12.318013
12.211719
12.211719
12.972792
13.083339
12.322266
13.083339
12.1011715
11.994876
12.105423
12.318013
11.884329
12.211719
12.645402
12.539107
12.755949
12.755949
11.884329
12.755949
12.539107
12.211719
11.773782
12.539107
12.322266
12.318013
11.55694
12.105423
12.755949
11.994876
12.539107
12.649654
12.645402
12.322266
11.994876
13.410727
12.755949
12.972792
12.539107
11.667487
12.972792
12.977044
12.862245
12.755949
11.5611925
13.083339
11.994876
12.211719
12.1011715
11.778034
13.083339
12.211719
12.755949
12.862245
11.884329
12.322266
12.318013
11.994876
12.211719
12.649654
12.211719
12.755949
12.862245
12.105423
12.755949
12.322266
12.755949
11.778034
12.755949
12.211719
11.778034
11.667487
12.755949
12.645402
12.972792
12.322266
12.211719
12.755949
12.645402
12.211719
12.322266
12.539107
12.42856
12.42856
12.539107
13.62757
13.406476
11.884329
12.211719
13.083339
13.189634
12.972792
12.755949
12.645402
11.884329
12.645402
12.649654
12.1011715
11.778034
12.977044
12.42856
11.884329
12.972792
12.755949
12.534855
12.211719
12.755949
12.972792
12.645402
11.884329
12.649654
12.1011715
12.534855
13.083339
13.083339
12.645402
12.972792
11.994876
12.211719
12.534855
11.667487
13.083339
13.083339
12.539107
12.539107
12.862245
11.667487
12.539107
12.972792
12.42856
12.211719
12.105423
12.211719
12.211719
12.755949
12.42856
12.539107
12.1011715
11.778034
12.211719
12.1011715
12.755949
12.322266
11.994876
13.083339
12.318013
11.778034
11.994876
12.1011715
11.667487
12.755949
11.994876
12.866496
11.450645
12.539107
11.773782
11.450645
12.42856
12.755949
12.539107
11.884329
11.773782
11.884329
12.211719
11.994876
12.322266
12.755949
11.667487
12.539107
11.884329
12.866496
12.539107
12.211719
12.322266
12.866496
11.884329
12.977044
12.866496
11.340097
12.755949
12.211719
11.778034
12.105423
12.1011715
13.083339
12.755949
11.884329
12.105423
12.539107
12.755949
12.866496
12.42856
12.211719
12.539107
12.755949
12.211719
11.778034
12.866496
12.42856
11.994876
12.211719
12.211719
12.539107
12.755949
12.866496
12.322266
12.1011715
13.083339
11.778034
12.211719
12.42856
12.322266
12.755949
13.189634
11.450645
12.866496
12.322266
12.42856
12.42856
12.866496
13.3001795
12.211719
13.193886
12.972792
13.3001795
12.866496
12.755949
11.994876
11.884329
12.539107
12.972792
13.083339
12.322266
12.42856
12.322266
12.755949
11.778034
11.994876
12.755949
13.083339
12.755949
11.778034
12.755949
12.211719
11.450645
12.539107
12.972792
12.211719
12.866496
13.083339
12.105423
11.778034
13.083339
11.994876
12.322266
12.1011715
12.211719
12.645402
13.410727
12.211719
11.667487
13.3001795
12.972792
12.322266
12.42856
11.994876
12.322266
12.322266
13.410727
13.189634
11.5611925
12.977044
12.42856
11.773782
11.778034
11.778034
12.539107
12.211719
12.211719
12.649654
13.083339
12.211719
12.866496
12.539107
12.645402
11.5611925
12.42856
12.755949
13.083339
11.994876
11.994876
12.322266
12.42856
11.884329
12.432813
12.755949
11.994876
13.083339
12.1011715
11.773782
12.105423
11.778034
12.972792
13.079086
12.866496
13.193886
13.083339
12.42856
12.755949
12.539107
12.1011715
12.211719
12.322266
12.322266
12.645402
12.649654
12.755949
12.972792
12.105423
13.193886
12.755949
12.539107
13.193886
12.211719
11.450645
12.539107
12.1011715
12.539107
12.322266
12.539107
11.340097
13.410727
12.649654
11.773782
12.539107
11.5611925
12.211719
11.884329
11.450645
12.432813
12.211719
12.1011715
12.211719
11.884329
13.083339
11.994876
12.42856
11.994876
11.884329
12.645402
12.755949
12.539107
11.884329
13.406476
11.994876
13.083339
12.645402
12.42856
12.322266
12.972792
11.994876
13.193886
12.1011715
11.450645
11.994876
12.1011715
12.42856
11.55694
12.645402
12.755949
12.322266
13.517023
12.318013
12.539107
12.866496
13.083339
12.972792
12.42856
12.211719
13.193886
12.862245
11.233803
12.866496
12.972792
11.994876
12.211719
12.862245
12.322266
13.193886
12.972792
12.755949
12.649654
12.972792
11.667487
12.866496
12.645402
11.667487
12.755949
12.534855
12.539107
12.755949
12.862245
11.994876
12.105423
12.539107
12.755949
12.105423
12.755949
12.42856
12.322266
11.884329
12.318013
12.755949
12.322266
12.42856
12.42856
11.778034
13.083339
11.884329
12.866496
12.866496
12.1011715
11.667487
13.083339
12.42856
11.55694
13.083339
12.322266
12.972792
12.972792
11.667487
12.866496
12.862245
12.105423
13.193886
12.318013
12.1011715
12.866496
13.083339
12.211719
12.645402
11.884329
12.322266
12.42856
12.42856
12.866496
13.083339
12.318013
12.105423
11.778034
12.645402
13.083339
12.645402
12.755949
12.977044
12.972792
12.42856
12.755949
12.866496
12.972792
12.1011715
12.866496
13.189634
12.866496
12.649654
12.862245
12.755949
11.778034
13.083339
12.1011715
11.5611925
12.539107
12.972792
11.884329
12.539107
12.322266
12.211719
12.318013
11.994876
12.649654
13.189634
12.211719
12.539107
12.972792
12.211719
12.211719
11.884329
11.667487
12.539107
12.539107
11.994876
11.884329
12.211719
12.322266
12.42856
11.884329
12.105423
12.1011715
11.884329
12.211719
12.539107
12.322266
11.667487
12.1011715
12.42856
11.667487
12.539107
12.211719
11.888581
12.866496
13.079086
12.755949
12.211719
12.972792
11.667487
12.322266
12.539107
11.884329
11.994876
11.994876
12.539107
12.862245
12.649654
12.972792
13.3001795
12.755949
13.083339
13.189634
12.1011715
12.755949
12.211719
11.667487
12.977044
12.972792
11.994876
12.866496
12.645402
12.1011715
13.083339
12.211719
11.667487
12.42856
12.322266
12.211719
12.42856
11.5611925
12.649654
11.884329
11.778034
12.105423
12.211719
11.778034
12.539107
12.318013
11.884329
12.539107
12.211719
11.778034
11.994876
12.862245
12.539107
13.083339
12.755949
12.539107
11.884329
11.994876
12.211719
12.42856
12.42856
13.189634
11.340097
12.539107
12.534855
12.866496
12.977044
12.972792
12.755949
12.866496
12.862245
11.667487
11.888581
12.866496
11.884329
12.211719
12.539107
12.972792
12.539107
11.778034
12.866496
12.972792
12.105423
11.884329
12.211719
12.539107
12.755949
13.083339
11.888581
12.645402
11.994876
12.866496
12.42856
12.866496
12.539107
12.645402
13.193886
12.42856
12.755949
12.645402
12.322266
12.755949
12.42856
12.539107
12.755949
12.972792
11.667487
12.539107
12.539107
12.972792
12.539107
12.322266
13.410727
13.189634
12.211719
11.994876
12.972792
11.450645
12.755949
12.755949
12.21597
12.42856
11.994876
12.645402
12.539107
12.42856
12.755949
12.539107
11.884329
12.42856
12.42856
12.211719
13.083339
12.972792
12.539107
12.866496
12.972792
11.884329
11.994876
11.994876
12.211719
12.645402
13.083339
12.866496
12.322266
11.884329
12.105423
12.539107
11.884329
11.994876
12.755949
11.667487
12.755949
11.994876
12.972792
12.1011715
11.22955
12.866496
12.972792
12.211719
13.3001795
12.755949
12.755949
11.884329
12.318013
12.755949
12.755949
12.42856
11.778034
13.083339
13.3001795
12.539107
12.539107
12.645402
11.450645
12.539107
12.211719
12.211719
12.211719
12.432813
12.42856
12.211719
13.410727
12.1011715
12.649654
12.42856
12.972792
12.539107
12.211719
12.42856
12.649654
12.322266
12.972792
12.539107
12.211719
12.755949
13.083339
12.42856
12.211719
12.755949
11.450645
11.994876
12.649654
11.884329
12.539107
12.972792
12.539107
12.539107
12.645402
12.649654
12.539107
12.211719
12.755949
12.539107
12.1011715
12.318013
13.193886
13.083339
11.233803
12.322266
12.1011715
12.866496
13.3001795
12.972792
12.649654
12.42856
12.866496
12.211719
12.649654
12.755949
12.645402
11.778034
12.42856
12.42856
11.667487
12.866496
11.994876
12.649654
12.211719
13.079086
12.211719
12.42856
12.211719
12.322266
12.211719
12.105423
12.539107
12.539107
12.1011715
12.322266
12.539107
12.211719
12.322266
12.649654
12.645402
11.884329
12.755949
13.083339
12.755949
11.667487
13.193886
12.755949
11.778034
12.645402
12.322266
12.211719
11.884329
12.972792
12.105423
12.432813
12.1011715
12.755949
12.539107
11.994876
11.884329
12.318013
13.083339
12.105423
12.866496
12.42856
12.42856
12.866496
13.189634
12.211719
12.105423
12.211719
12.972792
12.539107
11.778034
13.083339
12.42856
11.667487
12.322266
12.755949
12.211719
12.105423
12.211719
13.410727
11.884329
11.450645
13.083339
12.539107
11.994876
13.083339
12.539107
12.211719
12.862245
12.1011715
12.21597
12.755949
13.3001795
13.189634
12.645402
12.539107
11.450645
12.755949
13.410727
11.773782
12.105423
11.888581
12.322266
12.318013
12.539107
12.322266
11.884329
12.755949
12.755949
11.994876
12.972792
11.994876
12.211719
13.189634
12.755949
12.539107
12.755949
12.211719
11.778034
12.322266
13.517023
11.55694
11.884329
12.645402
12.755949
12.211719
11.994876
11.778034
12.972792
12.318013
13.410727
13.083339
12.539107
12.211719
13.083339
12.42856
11.340097
13.193886
12.755949
12.211719
12.539107
12.211719
12.972792
13.189634
11.778034
11.994876
12.1011715
12.211719
13.083339
12.755949
11.994876
12.105423
12.211719
12.972792
12.649654
12.972792
11.22955
12.866496
12.539107
12.539107
12.539107
12.322266
12.318013
12.105423
11.778034
11.884329
12.972792
11.55694
12.755949
12.211719
12.866496
12.755949
12.539107
12.539107
12.322266
12.645402
11.778034
12.866496
12.645402
11.884329
12.42856
12.972792
11.994876
12.755949
11.994876
12.972792
12.105423
12.211719
12.211719
11.884329
12.322266
12.539107
12.211719
12.539107
11.667487
12.539107
12.211719
11.450645
12.432813
11.994876
12.972792
12.1011715
11.994876
12.755949
12.645402
11.778034
12.539107
13.62757
12.322266
12.649654
13.3001795
11.994876
13.083339
12.211719
12.42856
12.755949
12.322266
12.1011715
12.972792
12.42856
12.42856
11.884329
12.866496
12.539107
12.42856
12.322266
12.972792
12.42856
12.105423
12.211719
12.972792
12.755949
12.42856
12.1011715
12.539107
12.42856
11.884329
12.322266
12.972792
12.539107
13.193886
12.211719
12.105423
12.755949
12.755949
12.539107
13.083339
11.55694
13.083339
12.755949
12.755949
13.193886
12.1011715
12.42856
12.539107
12.322266
12.862245
11.994876
12.42856
12.1011715
12.211719
13.083339
12.1011715
12.211719
12.1011715
11.55694
12.755949
12.211719
12.211719
12.42856
12.42856
13.083339
12.755949
11.778034
12.645402
11.884329
11.778034
11.884329
12.645402
13.083339
12.211719
11.450645
12.322266
13.083339
11.884329
12.42856
12.972792
11.884329
12.322266
12.755949
11.888581
12.322266
13.189634
11.994876
13.083339
12.862245
11.340097
12.539107
12.972792
12.539107
12.972792
12.318013
12.539107
12.42856
12.42856
12.211719
12.539107
12.42856
12.755949
12.972792
12.211719
11.884329
12.649654
12.972792
12.755949
12.649654
12.866496
12.755949
12.972792
13.189634
12.211719
12.645402
12.1011715
12.1011715
11.994876
12.649654
12.755949
12.755949
12.42856
12.755949
11.667487
12.211719
12.972792
12.322266
12.972792
12.1011715
12.322266
11.667487
13.083339
12.866496
12.1011715
11.994876
12.322266
12.972792
12.866496
12.539107
13.410727
12.1011715
11.884329
12.1011715
11.994876
12.649654
12.972792
12.211719
13.3001795
11.446393
12.977044
12.645402
11.667487
12.755949
12.211719
11.884329
12.539107
11.884329
11.773782
11.884329
13.083339
11.667487
12.755949
12.539107
12.972792
12.42856
12.211719
12.755949
12.42856
12.322266
13.3001795
12.862245
11.994876
12.42856
12.1011715
11.778034
12.649654
11.884329
11.667487
11.884329
12.539107
12.42856
12.211719
12.322266
12.322266
12.318013
11.994876
12.539107
12.539107
13.3001795
12.1011715
12.1011715
12.649654
12.755949
12.322266
12.649654
12.539107
11.667487
12.211719
13.189634
12.105423
12.42856
13.189634
11.994876
13.083339
12.972792
12.755949
11.667487
12.42856
12.539107
12.866496
13.083339
13.3001795
12.645402
12.211719
12.211719
11.884329
11.994876
12.539107
12.42856
13.3001795
12.649654
13.083339
12.972792
11.778034
12.105423
12.211719
13.193886
12.322266
12.755949
11.450645
12.972792
12.649654
11.450645
13.3001795
12.42856
11.884329
12.755949
12.211719
12.42856
11.994876
12.866496
12.211719
12.105423
13.3001795
12.645402
12.539107
12.211719
12.539107
12.649654
12.1011715
11.994876
13.083339
11.884329
12.322266
12.318013
12.318013
12.322266
12.645402
12.211719
12.972792
12.539107
12.866496
12.1011715
12.211719
11.994876
12.645402
11.994876
12.866496
12.211719
11.778034
11.667487
11.667487
12.539107
11.884329
11.994876
13.3001795
12.1011715
12.322266
11.994876
12.539107
12.322266
12.645402
13.410727
12.972792
11.667487
13.3001795
12.645402
13.3001795
12.211719
12.862245
11.994876
12.42856
12.866496
11.990624
11.667487
12.322266
12.42856
12.755949
11.55694
12.21597
11.994876
13.517023
11.884329
13.3001795
12.755949
12.322266
12.1011715
12.42856
12.755949
11.778034
11.884329
12.649654
11.773782
12.539107
12.755949
12.755949
11.994876
12.755949
12.645402
12.972792
11.55694
12.539107
13.3001795
12.755949
12.322266
12.539107
12.322266
12.539107
11.994876
12.211719
12.322266
12.972792
12.866496
12.42856
12.211719
12.755949
11.994876
12.211719
12.42856
11.884329
11.884329
11.884329
12.1011715
12.322266
13.083339
12.866496
12.42856
12.649654
12.322266
12.105423
12.645402
12.977044
12.322266
12.211719
12.105423
12.972792
12.211719
12.539107
12.645402
11.994876
13.3001795
12.211719
12.211719
12.972792
12.211719
12.972792
11.994876
12.539107
12.539107
11.994876
12.755949
12.1011715
12.539107
12.866496
12.318013
11.994876
12.105423
11.994876
12.755949
12.105423
12.105423
11.884329
12.211719
11.994876
11.773782
12.322266
12.755949
12.645402
12.211719
12.42856
12.755949
12.755949
12.105423
12.862245
12.1011715
11.994876
12.539107
12.42856
12.755949
12.755949
11.994876
11.994876
12.318013
12.755949
12.539107
12.1011715
13.62757
11.778034
13.193886
12.972792
11.450645
13.410727
12.866496
12.211719
12.211719
11.450645
13.410727
12.645402
12.42856
11.994876
12.211719
12.105423
12.432813
12.42856
12.539107
12.539107
12.211719
11.450645
11.994876
11.773782
12.539107
12.972792
12.539107
12.1011715
12.42856
12.755949
12.211719
12.755949
12.539107
12.322266
12.645402
11.884329
12.42856
12.755949
12.972792
13.517023
12.539107
12.211719
11.994876
12.755949
12.211719
12.755949
12.105423
12.539107
12.42856
11.884329
11.884329
12.322266
12.539107
12.211719
11.994876
13.193886
12.972792
12.42856
11.994876
12.211719
11.55694
12.755949
12.105423
12.755949
12.1011715
11.667487
12.322266
12.318013
12.42856
12.972792
11.994876
12.1011715
12.1011715
12.539107
12.539107
12.211719
12.539107
12.539107
12.755949
13.083339
12.322266
13.083339
12.211719
12.211719
12.42856
12.1011715
12.645402
11.778034
13.410727
12.755949
12.42856
11.450645
12.42856
13.189634
12.42856
12.539107
12.755949
12.42856
12.105423
12.649654
11.884329
12.755949
11.884329
12.1011715
11.994876
12.211719
12.755949
12.211719
12.866496
12.1011715
12.866496
11.450645
13.083339
13.517023
11.778034
12.755949
12.755949
12.211719
12.105423
12.322266
11.994876
13.083339
12.755949
12.318013
12.1011715
13.083339
12.755949
13.083339
12.322266
12.42856
12.755949
12.539107
12.539107
12.539107
12.322266
12.211719
11.884329
12.322266
12.42856
12.322266
11.778034
12.42856
12.972792
11.667487
12.211719
12.42856
12.539107
12.211719
13.083339
11.778034
12.539107
12.42856
12.1011715
13.193886
12.1011715
11.773782
12.105423
12.866496
12.645402
12.645402
12.42856
12.645402
12.649654
12.539107
12.1011715
12.539107
11.994876
12.211719
12.211719
12.866496
12.211719
12.1011715
12.322266
12.755949
12.645402
11.667487
12.972792
13.189634
12.42856
12.539107
13.083339
12.211719
13.083339
12.42856
12.755949
11.884329
12.645402
12.322266
12.42856
12.862245
12.42856
12.755949
12.318013
12.1011715
12.649654
12.539107
12.755949
12.432813
12.755949
12.539107
12.972792
12.105423
12.322266
12.42856
12.649654
11.884329
12.211719
12.755949
12.645402
12.1011715
12.649654
13.410727
12.42856
11.450645
13.3001795
12.645402
11.994876
11.994876
12.539107
12.211719
12.972792
12.649654
12.755949
11.773782
12.649654
12.755949
12.42856
11.994876
12.539107
12.42856
12.42856
12.866496
12.755949
11.884329
13.083339
13.193886
13.083339
12.645402
12.42856
12.866496
12.42856
12.972792
13.083339
13.083339
12.539107
12.972792
12.211719
11.884329
11.884329
11.667487
12.322266
13.3001795
11.340097
13.083339
12.322266
12.645402
11.994876
11.884329
12.42856
12.534855
11.778034
13.083339
12.755949
11.450645
12.42856
12.539107
12.755949
12.42856
12.539107
12.755949
13.079086
12.42856
12.105423
12.211719
12.755949
11.773782
12.105423
13.083339
12.972792
12.866496
12.649654
12.972792
12.1011715
13.083339
12.211719
12.866496
12.211719
11.888581
12.322266
12.211719
12.649654
12.211719
12.534855
12.539107
12.755949
12.42856
11.667487
12.755949
13.189634
11.994876
13.62757
12.211719
12.755949
12.211719
12.755949
11.5611925
12.866496
12.211719
12.42856
12.972792
12.862245
12.211719
12.105423
13.410727
11.778034
12.211719
12.211719
12.539107
12.645402
12.649654
12.972792
12.645402
12.866496
13.083339
13.189634
12.1011715
13.193886
12.972792
11.994876
12.42856
12.211719
12.645402
12.972792
11.994876
11.778034
12.1011715
12.322266
12.972792
11.667487
12.649654
13.083339
11.778034
12.755949
12.1011715
12.42856
12.42856
11.994876
12.972792
12.1011715
11.667487
12.322266
13.189634
12.322266
13.193886
13.3001795
11.778034
12.1011715
11.994876
13.083339
12.318013
12.755949
12.539107
12.42856
12.211719
11.994876
12.539107
12.318013
12.866496
13.3001795
12.755949
13.193886
12.105423
11.884329
12.977044
12.1011715
12.322266
12.322266
11.884329
12.42856
12.322266
12.211719
12.866496
12.42856
12.645402
13.410727
12.645402
12.105423
12.211719
12.42856
12.977044
12.211719
12.211719
13.083339
12.207466
12.539107
12.649654
12.972792
12.649654
12.211719
12.539107
12.645402
12.755949
13.083339
12.318013
11.884329
13.083339
12.211719
12.755949
12.42856
12.42856
11.994876
12.105423
12.211719
12.866496
11.773782
12.977044
12.42856
12.42856
12.755949
13.3001795
11.667487
13.083339
12.42856
11.884329
11.994876
12.1011715
11.123256
12.42856
12.755949
12.105423
13.410727
12.42856
12.322266
12.322266
13.189634
11.5611925
12.322266
12.866496
12.866496
12.755949
13.083339
13.406476
12.539107
12.1011715
12.972792
12.105423
12.866496
12.645402
11.994876
12.42856
11.667487
12.866496
13.193886
12.755949
12.322266
11.994876
12.539107
12.211719
12.105423
12.645402
12.42856
12.755949
11.888581
13.193886
12.645402
12.645402
12.322266
12.977044
12.322266
13.083339
12.211719
13.3001795
12.42856
11.773782
12.755949
12.866496
12.972792
12.322266
11.884329
13.083339
12.318013
12.322266
12.649654
12.1011715
11.884329
11.773782
11.778034
12.539107
12.42856
13.083339
12.755949
12.539107
11.994876
11.778034
13.083339
12.322266
12.211719
12.42856
12.539107
12.972792
12.42856
12.539107
13.083339
12.42856
13.410727
12.42856
11.994876
12.866496
13.083339
13.083339
12.645402
11.994876
12.105423
12.211719
12.539107
11.778034
12.322266
12.539107
12.318013
11.994876
13.3001795
12.211719
11.884329
12.972792
12.211719
11.55694
11.994876
11.884329
13.3001795
13.079086
11.884329
12.322266
12.318013
11.884329
12.866496
12.649654
12.755949
12.211719
12.322266
12.42856
12.972792
11.55694
12.755949
12.42856
12.972792
12.42856
13.083339
12.539107
12.211719
11.5611925
13.62757
13.189634
12.539107
12.322266
12.42856
12.42856
11.994876
11.884329
12.539107
12.211719
12.539107
13.193886
13.189634
12.42856
12.755949
12.322266
12.42856
12.322266
12.322266
13.3001795
13.189634
11.994876
12.322266
12.972792
11.773782
11.994876
12.539107
13.3001795
12.534855
12.42856
12.322266
12.322266
12.755949
12.645402
12.42856
12.322266
12.972792
12.21597
13.083339
12.1011715
12.645402
13.083339
11.994876
12.866496
13.517023
11.884329
12.322266
13.083339
11.778034
13.083339
12.755949
12.322266
12.1011715
12.211719
13.083339
12.866496
12.755949
12.1011715
11.994876
12.866496
12.972792
11.994876
12.322266
12.322266
12.972792
12.42856
12.539107
13.083339
12.972792
11.778034
11.994876
11.994876
12.972792
12.42856
11.778034
13.083339
12.645402
12.432813
12.211719
12.645402
12.539107
12.755949
12.211719
12.755949
13.083339
13.189634
11.994876
12.866496
11.994876
12.322266
13.083339
12.755949
12.42856
12.539107
12.211719
11.994876
11.778034
12.866496
12.42856
12.972792
11.994876
13.3001795
12.972792
12.318013
12.539107
11.994876
12.322266
12.1011715
12.539107
13.083339
12.1011715
12.211719
12.755949
13.521274
12.211719
11.667487
12.972792
12.755949
11.5611925
12.539107
12.755949
11.667487
13.083339
12.42856
12.755949
11.994876
11.994876
12.972792
12.211719
12.649654
12.972792
12.211719
11.884329
12.755949
12.539107
12.211719
12.42856
12.211719
12.211719
13.3001795
12.645402
12.42856
12.755949
12.972792
12.972792
11.667487
11.884329
12.211719
12.322266
12.42856
12.645402
12.211719
13.083339
12.1011715
12.105423
11.884329
12.755949
12.42856
11.450645
12.42856
13.189634
12.755949
13.083339
13.083339
12.645402
12.211719
11.888581
13.083339
13.189634
11.667487
12.866496
12.862245
11.994876
12.322266
12.645402
12.755949
11.994876
12.211719
12.1011715
12.211719
12.755949
12.539107
11.884329
12.322266
12.755949
12.42856
12.645402
12.211719
11.667487
12.539107
12.1011715
12.105423
13.410727
12.1011715
12.755949
12.322266
12.755949
12.645402
12.645402
12.972792
12.649654
13.3001795
11.884329
13.410727
12.211719
12.211719
12.322266
12.1011715
12.977044
13.083339
12.862245
12.322266
12.972792
12.645402
12.539107
12.211719
12.1011715
12.866496
12.322266
12.539107
12.211719
12.755949
11.884329
13.083339
13.410727
12.755949
11.884329
12.42856
12.42856
13.410727
12.972792
12.105423
12.105423
12.42856
11.450645
12.211719
12.755949
11.990624
12.105423
12.211719
12.972792
12.1011715
12.322266
12.972792
12.862245
12.105423
12.322266
12.755949
12.318013
11.778034
12.1011715
12.105423
12.972792
11.667487
13.083339
12.972792
11.994876
12.977044
13.517023
12.42856
12.21597
12.755949
12.42856
12.432813
12.42856
12.972792
13.083339
12.211719
12.211719
12.42856
12.42856
12.755949
12.972792
13.193886
12.755949
13.083339
11.667487
12.42856
13.083339
11.667487
12.866496
12.42856
11.667487
12.42856
12.322266
11.994876
12.972792
12.211719
12.211719
12.866496
12.649654
12.755949
13.189634
12.539107
12.42856
12.972792
12.862245
12.539107
12.42856
11.884329
12.645402
12.866496
12.539107
11.994876
12.977044
12.322266
13.189634
12.539107
13.3001795
12.862245
12.322266
12.755949
12.42856
12.42856
12.972792
13.083339
12.755949
12.211719
12.322266
12.755949
13.410727
12.1011715
12.539107
12.972792
12.649654
12.318013
12.322266
12.539107
12.755949
12.322266
12.755949
13.3001795
12.539107
13.083339
12.645402
11.667487
12.42856
12.42856
12.866496
12.1011715
12.755949
12.866496
12.211719
12.42856
11.884329
11.994876
12.645402
12.539107
12.862245
11.884329
12.211719
12.1011715
12.539107
12.211719
13.083339
11.994876
12.972792
11.778034
12.211719
11.884329
12.211719
12.318013
12.211719
13.083339
13.083339
12.1011715
12.977044
13.189634
12.866496
12.539107
12.322266
12.972792
12.322266
13.3001795
11.773782
13.083339
12.42856
11.778034
12.972792
12.211719
12.755949
12.755949
11.994876
11.994876
12.539107
12.539107
12.972792
12.211719
12.645402
11.667487
12.105423
12.972792
11.5611925
11.994876
12.1011715
12.755949
11.884329
12.539107
11.773782
11.994876
12.755949
13.083339
12.866496
12.755949
11.884329
13.083339
12.866496
12.972792
12.649654
12.211719
12.866496
13.193886
12.972792
12.1011715
12.539107
13.083339
11.884329
12.322266
12.42856
12.322266
12.755949
11.884329
12.539107
12.972792
11.667487
12.211719
12.318013
11.778034
13.3001795
12.42856
12.972792
12.866496
11.994876
12.755949
12.322266
12.322266
12.539107
12.755949
12.539107
11.667487
12.211719
12.972792
11.884329
11.667487
13.083339
12.755949
12.211719
12.432813
12.755949
12.42856
12.211719
12.211719
13.3001795
13.3001795
12.972792
13.410727
13.410727
12.211719
11.773782
12.322266
12.211719
12.211719
11.884329
12.211719
12.866496
13.083339
12.1011715
11.884329
12.649654
12.539107
12.42856
12.972792
11.450645
13.193886
12.866496
12.645402
13.189634
11.667487
12.42856
12.211719
11.340097
12.322266
12.755949
12.42856
12.211719
12.755949
12.645402
12.42856
12.211719
13.083339
13.083339
11.778034
12.211719
12.42856
12.539107
12.211719
12.866496
12.539107
11.773782
13.083339
12.866496
12.211719
12.1011715
11.994876
13.193886
12.42856
12.645402
13.193886
12.1011715
12.211719
13.083339
12.866496
12.539107
12.318013
11.667487
11.884329
11.994876
12.42856
11.884329
12.211719
12.42856
12.42856
11.884329
12.539107
12.211719
12.42856
12.755949
13.3001795
11.667487
12.432813
11.994876
11.778034
12.866496
11.994876
12.755949
12.42856
12.322266
13.083339
12.755949
11.884329
12.866496
12.645402
11.994876
13.3001795
12.755949
13.083339
12.1011715
12.866496
12.972792
12.42856
12.645402
13.189634
12.866496
13.3001795
13.083339
12.539107
12.539107
12.322266
13.3001795
12.539107
11.884329
13.083339
12.322266
13.410727
13.189634
12.645402
12.539107
12.105423
12.42856
12.211719
11.778034
12.322266
12.866496
12.211719
12.105423
12.866496
12.972792
11.884329
12.539107
13.083339
12.755949
12.972792
12.645402
13.083339
12.42856
13.083339
11.994876
13.083339
12.755949
12.972792
13.083339
12.755949
12.432813
12.42856
12.211719
12.42856
12.318013
12.649654
12.42856
12.322266
12.539107
13.083339
12.211719
11.667487
12.322266
12.211719
12.42856
12.211719
12.322266
12.645402
13.189634
12.539107
12.322266
12.42856
12.211719
12.105423
12.755949
12.318013
11.667487
13.193886
11.884329
12.755949
12.211719
12.211719
12.211719
12.539107
12.42856
13.083339
11.55694
12.211719
12.42856
12.42856
11.884329
12.755949
11.778034
13.083339
12.1011715
12.866496
13.3001795
12.755949
12.318013
12.322266
12.1011715
12.645402
12.211719
13.189634
12.755949
12.866496
12.972792
11.884329
13.083339
12.539107
12.972792
12.539107
12.322266
12.972792
11.667487
12.322266
12.322266
12.645402
12.318013
12.322266
12.539107
12.755949
13.083339
12.105423
12.649654
12.318013
11.667487
12.977044
13.3001795
11.667487
12.42856
12.322266
12.211719
12.322266
11.667487
13.3001795
12.755949
12.755949
12.977044
12.211719
11.884329
12.211719
12.972792
13.3001795
13.3001795
11.667487
13.083339
12.866496
12.539107
12.755949
13.193886
12.1011715
11.667487
12.42856
13.083339
12.42856
12.211719
12.645402
12.1011715
11.994876
12.105423
12.645402
12.1011715
11.340097
12.649654
12.42856
12.42856
12.322266
11.994876
12.1011715
12.972792
12.649654
12.322266
12.42856
11.773782
12.322266
13.083339
12.1011715
12.211719
12.539107
12.649654
13.083339
11.994876
12.866496
11.884329
12.649654
11.994876
12.322266
11.994876
13.083339
12.105423
12.539107
12.105423
12.42856
11.884329
12.42856
12.432813
12.42856
12.972792
12.211719
11.778034
12.866496
12.539107
12.539107
12.649654
12.42856
12.755949
12.211719
13.189634
11.340097
11.994876
12.539107
12.755949
12.211719
11.884329
13.083339
12.1011715
11.778034
12.539107
13.083339
12.1011715
13.083339
13.3001795
12.322266
12.211719
11.994876
12.211719
13.083339
11.884329
11.994876
12.211719
13.3001795
12.645402
11.450645
12.211719
12.972792
12.105423
12.755949
12.972792
12.318013
12.105423
12.322266
12.755949
12.972792
12.105423
12.42856
12.645402
12.755949
12.539107
12.42856
11.884329
12.539107
12.42856
12.211719
13.083339
12.42856
11.884329
12.972792
11.884329
12.105423
12.42856
12.105423
12.649654
11.884329
11.773782
12.105423
11.667487
12.645402
12.539107
12.866496
12.42856
12.755949
12.866496
11.884329
12.866496
13.3001795
12.539107
12.539107
12.42856
12.211719
13.3001795
12.318013
12.755949
12.211719
13.3001795
12.866496
12.322266
12.972792
12.539107
11.994876
11.994876
13.189634
13.3001795
12.322266
12.539107
12.42856
12.539107
12.211719
12.866496
12.972792
11.994876
12.645402
12.318013
12.1011715
13.083339
12.539107
11.884329
12.866496
12.755949
12.42856
12.866496
12.972792
12.866496
12.211719
11.994876
12.866496
12.318013
12.322266
13.083339
12.534855
12.755949
13.083339
11.667487
12.211719
13.083339
12.755949
12.42856
12.645402
12.322266
12.972792
12.755949
12.866496
12.972792
12.645402
12.211719
12.645402
11.884329
12.1011715
12.211719
12.211719
12.211719
12.539107
11.55694
13.410727
12.211719
12.322266
12.105423
12.645402
12.866496
12.322266
12.318013
12.539107
12.211719
12.42856
12.866496
12.1011715
12.972792
12.866496
12.42856
11.994876
11.994876
12.645402
12.432813
12.755949
12.539107
12.866496
12.211719
13.083339
12.211719
12.42856
12.539107
12.972792
12.539107
12.755949
13.083339
12.649654
12.866496
12.755949
11.778034
13.083339
12.755949
12.318013
12.211719
11.884329
12.1011715
12.42856
12.755949
12.755949
13.083339
12.539107
12.318013
13.410727
12.645402
11.994876
12.211719
12.755949
12.42856
12.322266
12.42856
12.1011715
13.083339
12.322266
12.539107
11.994876
11.994876
13.083339
13.083339
13.083339
12.755949
12.755949
12.322266
12.42856
11.667487
13.193886
12.755949
11.884329
12.1011715
11.667487
13.410727
12.972792
12.42856
12.211719
12.211719
12.649654
12.972792
11.994876
13.193886
13.3001795
12.211719
12.42856
11.994876
12.755949
13.083339
12.211719
12.322266
12.42856
12.42856
12.322266
13.193886
12.539107
12.211719
12.1011715
11.884329
11.884329
12.755949
13.3001795
12.755949
12.539107
12.649654
12.1011715
11.884329
13.083339
12.972792
12.866496
12.755949
12.862245
11.994876
12.105423
12.211719
11.884329
12.42856
12.972792
11.667487
12.649654
12.862245
12.972792
12.977044
13.3001795
12.645402
12.1011715
12.539107
12.866496
12.211719
11.994876
12.1011715
12.649654
12.539107
13.083339
12.211719
12.755949
13.083339
12.211719
12.972792
12.755949
12.539107
13.189634
12.539107
12.322266
12.211719
13.083339
13.083339
12.649654
13.517023
12.1011715
11.773782
12.866496
12.42856
12.211719
13.3001795
12.539107
12.755949
12.645402
12.866496
11.994876
11.667487
12.539107
12.211719
12.1011715
12.42856
12.105423
12.211719
12.322266
12.649654
13.3001795
12.862245
11.340097
12.322266
13.083339
12.645402
12.866496
13.083339
12.534855
12.322266
12.105423
12.755949
13.517023
12.539107
12.866496
12.972792
12.755949
12.1011715
11.994876
12.1011715
12.972792
12.866496
13.3001795
12.534855
12.105423
12.866496
11.884329
11.994876
12.645402
12.322266
13.410727
12.211719
12.211719
13.083339
12.539107
13.189634
11.994876
11.778034
12.539107
12.972792
11.884329
11.994876
13.193886
12.211719
12.866496
11.994876
12.972792
12.862245
11.888581
13.083339
12.105423
12.211719
12.211719
13.193886
12.539107
13.517023
12.42856
12.42856
12.211719
12.322266
13.083339
12.539107
11.994876
12.211719
11.778034
13.083339
13.083339
11.994876
12.1011715
12.42856
11.994876
12.211719
12.645402
12.318013
12.42856
12.432813
13.3001795
12.972792
12.866496
12.866496
12.42856
11.450645
12.866496
12.42856
12.42856
12.322266
11.888581
12.866496
11.994876
12.755949
13.189634
11.884329
12.211719
12.211719
13.3001795
12.42856
11.778034
13.083339
12.755949
13.410727
12.318013
11.450645
12.432813
12.649654
12.539107
12.322266
12.755949
12.539107
12.866496
13.3001795
12.42856
12.1011715
11.778034
11.994876
12.972792
12.972792
12.318013
12.866496
12.322266
12.1011715
13.3001795
12.649654
12.539107
13.3001795
12.1011715
12.866496
12.539107
13.193886
12.755949
12.539107
12.645402
12.211719
13.3001795
12.42856
11.884329
12.539107
12.972792
12.322266
13.083339
12.211719
12.211719
12.972792
12.866496
12.760201
12.866496
13.193886
12.972792
12.534855
12.755949
12.977044
12.539107
12.862245
12.645402
12.539107
12.211719
12.211719
12.755949
12.866496
12.645402
11.667487
12.866496
11.994876
12.42856
12.866496
12.539107
12.972792
12.42856
12.539107
12.539107
12.211719
12.972792
12.649654
13.083339
12.42856
12.972792
12.432813
12.755949
12.539107
13.193886
12.42856
12.211719
12.972792
12.322266
12.42856
13.083339
11.994876
12.322266
12.645402
11.884329
12.322266
12.755949
12.211719
11.994876
12.977044
12.322266
11.994876
11.884329
12.105423
12.866496
12.755949
12.211719
12.866496
13.083339
13.406476
12.972792
12.432813
12.539107
11.667487
13.193886
12.42856
12.972792
13.083339
12.866496
11.778034
13.083339
12.539107
12.539107
13.521274
12.972792
12.211719
13.083339
11.884329
12.755949
12.105423
12.539107
12.42856
11.994876
12.105423
12.318013
13.083339
12.539107
11.884329
12.42856
11.884329
13.193886
12.211719
11.5611925
12.866496
12.972792
11.667487
12.322266
12.755949
12.649654
12.645402
12.1011715
12.105423
13.083339
12.1011715
12.539107
11.55694
12.972792
11.778034
13.083339
12.972792
11.994876
12.322266
12.645402
12.322266
12.977044
11.994876
11.667487
11.994876
13.083339
11.55694
12.866496
13.3001795
11.778034
12.432813
12.1011715
12.539107
11.994876
13.193886
11.994876
12.42856
12.539107
12.539107
12.862245
12.645402
12.649654
12.539107
11.340097
12.649654
12.105423
12.42856
12.539107
12.539107
11.884329
12.322266
13.083339
12.211719
12.539107
12.318013
12.211719
12.211719
12.42856
13.3001795
13.083339
12.539107
12.645402
12.105423
13.083339
12.211719
11.994876
12.755949
13.083339
12.42856
11.55694
12.755949
12.755949
12.21597
12.322266
12.42856
12.539107
12.1011715
12.105423
13.410727
12.534855
12.211719
13.3001795
12.645402
13.083339
12.755949
13.083339
12.972792
12.211719
12.322266
13.3001795
13.083339
12.539107
13.189634
12.318013
12.645402
12.755949
12.432813
12.645402
12.42856
12.211719
12.207466
12.211719
12.755949
12.42856
12.539107
12.755949
12.539107
12.211719
12.42856
13.410727
12.318013
11.888581
12.42856
12.318013
13.083339
13.083339
12.649654
12.42856
12.42856
12.322266
13.083339
11.340097
12.211719
12.42856
12.866496
11.994876
12.211719
12.322266
12.211719
12.42856
12.866496
12.649654
12.432813
12.211719
11.994876
13.083339
12.539107
12.211719
13.083339
12.755949
12.211719
12.972792
12.211719
12.539107
12.322266
12.972792
12.322266
12.211719
12.211719
13.3001795
12.972792
12.211719
12.211719
11.994876
12.866496
12.322266
12.866496
12.318013
13.3001795
13.083339
12.1011715
12.211719
12.322266
12.972792
12.322266
11.450645
12.649654
12.539107
12.977044
13.62757
12.866496
12.645402
12.645402
13.193886
12.972792
11.450645
12.972792
12.318013
11.994876
13.083339
12.211719
12.42856
12.866496
12.972792
11.884329
12.539107
12.972792
11.778034
12.211719
12.211719
12.866496
12.866496
12.211719
12.1011715
12.539107
12.42856
13.3001795
12.755949
12.211719
12.972792
12.42856
12.539107
12.866496
12.211719
12.211719
12.322266
12.755949
11.884329
12.866496
11.994876
12.539107
12.42856
11.994876
13.410727
12.972792
11.994876
12.755949
11.994876
12.645402
13.083339
12.866496
13.3001795
12.539107
12.211719
12.211719
12.649654
13.083339
12.539107
12.755949
12.42856
11.994876
12.42856
12.42856
12.866496
12.755949
12.862245
13.083339
12.322266
12.539107
12.539107
11.778034
13.083339
12.42856
11.450645
12.755949
12.539107
12.972792
11.884329
12.322266
13.083339
12.645402
12.539107
12.866496
12.42856
12.42856
12.755949
12.866496
12.42856
13.3001795
12.42856
12.866496
13.410727
12.42856
11.990624
12.862245
11.884329
13.083339
12.866496
12.1011715
12.866496
13.083339
12.755949
11.884329
12.866496
13.410727
12.322266
12.755949
12.539107
13.083339
13.3001795
12.105423
12.534855
12.645402
12.972792
12.755949
12.755949
12.649654
12.42856
11.884329
11.994876
12.755949
11.884329
12.105423
11.778034
12.972792
12.539107
11.994876
12.539107
12.972792
11.994876
12.866496
13.410727
12.42856
13.083339
12.866496
12.645402
12.211719
13.083339
13.083339
12.211719
11.667487
11.994876
12.866496
12.42856
12.211719
12.649654
12.539107
11.884329
12.105423
13.193886
12.42856
12.42856
12.539107
11.994876
12.539107
12.755949
12.539107
12.539107
12.211719
12.105423
12.977044
12.539107
12.42856
12.322266
12.42856
12.539107
13.083339
12.211719
12.211719
12.862245
12.322266
12.42856
13.3001795
12.539107
11.778034
12.1011715
12.211719
12.211719
11.994876
12.539107
12.1011715
12.539107
12.211719
12.866496
12.105423
12.539107
12.322266
11.884329
12.211719
12.211719
12.539107
12.322266
12.755949
12.866496
12.42856
12.42856
12.42856
12.322266
12.42856
12.211719
11.884329
11.667487
12.972792
12.1011715
11.884329
12.322266
12.42856
11.884329
12.539107
12.322266
12.645402
11.778034
11.994876
12.649654
12.1011715
12.649654
13.083339
12.755949
11.667487
12.866496
11.994876
12.105423
12.322266
13.083339
12.866496
12.972792
13.3001795
11.994876
12.649654
13.189634
12.42856
12.42856
12.211719
12.42856
12.866496
12.649654
12.866496
12.755949
12.539107
12.866496
12.42856
12.866496
13.410727
13.083339
12.211719
12.972792
12.866496
12.539107
12.755949
12.539107
12.866496
12.972792
11.667487
13.083339
12.866496
12.539107
12.322266
12.866496
12.42856
12.755949
12.211719
12.539107
12.645402
12.866496
12.977044
13.083339
11.884329
13.410727
12.866496
12.539107
12.862245
12.755949
12.322266
12.42856
11.667487
12.211719
12.755949
11.667487
11.778034
12.322266
12.755949
12.42856
12.977044
13.517023
12.645402
12.105423
12.755949
12.1011715
12.972792
12.866496
12.322266
12.755949
11.994876
13.083339
12.972792
12.211719
12.649654
12.42856
12.211719
12.322266
12.972792
11.994876
11.994876
12.211719
12.755949
11.884329
11.994876
12.1011715
12.539107
12.649654
12.866496
13.083339
12.211719
12.211719
12.645402
12.211719
13.62757
12.539107
11.884329
12.211719
12.211719
12.42856
11.884329
11.994876
12.866496
12.42856
12.1011715
12.972792
12.972792
12.972792
12.755949
12.972792
12.866496
12.211719
11.994876
12.322266
13.083339
12.972792
12.972792
12.322266
12.539107
12.211719
12.42856
12.539107
12.211719
13.3001795
11.778034
12.322266
12.42856
11.450645
13.410727
12.866496
12.1011715
12.645402
12.866496
12.211719
11.884329
12.105423
12.42856
12.211719
12.105423
12.866496
12.645402
12.645402
13.083339
13.083339
11.778034
12.649654
12.432813
12.42856
12.866496
13.083339
11.450645
12.645402
11.884329
12.211719
12.1011715
13.193886
12.322266
12.972792
12.539107
12.755949
11.884329
11.994876
11.994876
12.105423
12.755949
11.884329
13.410727
12.972792
12.1011715
12.972792
12.211719
12.105423
12.539107
11.994876
12.105423
12.972792
13.193886
12.42856
11.450645
12.760201
11.994876
12.539107
13.083339
12.972792
11.778034
12.42856
12.322266
12.972792
12.1011715
13.3001795
12.972792
11.778034
12.322266
12.211719
11.994876
12.862245
11.994876
12.755949
12.755949
12.105423
12.755949
11.994876
12.649654
13.189634
12.105423
12.755949
13.189634
11.994876
12.645402
12.972792
12.211719
13.3001795
12.211719
11.994876
11.778034
12.755949
12.755949
11.884329
12.755949
13.189634
12.322266
12.1011715
12.42856
12.866496
12.211719
12.866496
12.755949
12.432813
12.42856
11.994876
12.755949
12.755949
12.322266
12.755949
12.972792
12.211719
12.211719
12.42856
11.884329
12.866496
12.972792
11.884329
12.539107
11.450645
12.539107
12.972792
12.755949
11.667487
12.866496
12.1011715
11.884329
12.322266
13.406476
12.539107
12.539107
12.1011715
11.994876
12.211719
12.539107
12.42856
11.778034
12.211719
12.755949
12.42856
12.432813
13.193886
13.3001795
12.755949
12.211719
12.432813
13.189634
12.866496
12.322266
12.211719
12.322266
12.1011715
12.645402
12.755949
12.645402
12.1011715
11.884329
12.539107
12.539107
11.994876
12.105423
12.755949
11.884329
13.410727
12.866496
12.972792
13.189634
11.778034
12.977044
12.42856
11.667487
13.3001795
12.539107
12.645402
12.755949
13.410727
12.866496
12.862245
11.778034
13.410727
12.972792
12.539107
12.972792
12.645402
11.450645
13.410727
13.189634
12.755949
12.322266
12.972792
11.778034
12.322266
13.189634
12.318013
13.3001795
11.994876
12.866496
13.517023
12.1011715
12.432813
12.755949
13.189634
11.994876
12.866496
12.539107
12.211719
13.193886
13.083339
13.189634
11.778034
13.083339
12.1011715
11.884329
12.322266
13.189634
13.083339
13.083339
12.866496
12.42856
12.211719
12.755949
12.42856
11.994876
11.994876
13.083339
12.211719
12.866496
12.866496
12.645402
11.778034
11.55694
12.432813
12.862245
12.42856
12.42856
12.866496
13.083339
12.318013
11.994876
12.972792
12.211719
12.649654
12.645402
12.42856
12.755949
12.105423
12.211719
12.42856
11.994876
12.211719
12.318013
11.994876
12.211719
12.211719
12.972792
11.778034
12.649654
12.972792
12.211719
12.866496
12.105423
12.649654
12.862245
11.667487
12.322266
11.994876
12.42856
12.755949
11.667487
13.083339
13.517023
12.755949
13.193886
12.1011715
12.42856
12.105423
12.649654
12.972792
12.322266
12.42856
12.322266
12.539107
12.42856
12.539107
12.211719
12.1011715
12.539107
12.539107
13.189634
12.972792
11.994876
13.083339
12.211719
11.5611925
13.083339
12.862245
11.55694
13.193886
13.3001795
11.884329
12.972792
12.649654
12.42856
12.105423
12.539107
12.1011715
12.211719
12.539107
13.083339
12.755949
11.994876
12.972792
12.42856
12.755949
12.972792
13.083339
12.322266
12.866496
12.1011715
12.539107
12.755949
13.3001795
13.3001795
13.189634
11.667487
13.410727
11.994876
11.778034
12.539107
12.645402
11.450645
13.083339
12.649654
12.211719
12.211719
12.105423
12.755949
12.318013
12.42856
12.972792
11.778034
13.083339
12.42856
11.884329
12.539107
12.972792
11.884329
11.994876
12.539107
12.866496
12.866496
12.649654
12.42856
12.534855
13.083339
12.534855
12.866496
13.3001795
12.972792
12.1011715
11.340097
13.62757
12.1011715
11.994876
12.866496
12.539107
12.755949
12.539107
12.866496
13.738117
12.211719
11.55694
12.322266
12.211719
12.211719
12.1011715
11.994876
13.410727
11.773782
12.539107
13.193886
12.211719
12.539107
12.211719
12.42856
11.994876
13.193886
12.42856
12.432813
12.755949
11.994876
12.755949
12.755949
12.645402
12.211719
11.888581
13.410727
12.755949
12.322266
13.083339
12.1011715
11.667487
11.994876
12.755949
11.884329
12.972792
12.105423
12.539107
12.539107
12.755949
12.866496
13.189634
12.105423
12.322266
11.994876
11.994876
12.539107
12.322266
12.645402
11.994876
12.105423
13.193886
12.211719
12.322266
12.755949
12.211719
12.322266
12.539107
12.866496
12.755949
11.55694
12.322266
12.972792
12.211719
12.105423
12.755949
12.322266
12.322266
12.211719
13.189634
12.42856
11.994876
12.755949
12.866496
12.755949
12.862245
12.539107
12.649654
13.3001795
12.1011715
12.211719
11.994876
12.972792
12.211719
12.645402
12.866496
12.866496
12.539107
12.972792
13.189634
11.994876
12.105423
12.645402
12.211719
13.193886
12.322266
12.42856
12.322266
12.645402
12.866496
12.211719
12.972792
12.211719
12.322266
13.3001795
12.972792
11.778034
12.211719
12.211719
12.211719
12.972792
12.105423
12.322266
13.517023
12.318013
12.539107
12.105423
12.539107
12.318013
12.105423
13.083339
12.649654
12.866496
12.322266
12.972792
12.1011715
12.211719
12.866496
12.866496
12.645402
12.211719
12.322266
12.972792
12.42856
11.667487
12.539107
12.42856
12.755949
12.211719
12.322266
12.211719
13.189634
11.994876
13.3001795
12.211719
12.866496
12.972792
12.539107
12.539107
12.1011715
12.42856
12.322266
12.211719
12.645402
13.193886
12.972792
12.211719
12.539107
13.083339
13.083339
12.539107
12.42856
12.755949
11.667487
12.42856
12.105423
12.42856
12.862245
11.778034
13.083339
13.083339
12.1011715
12.322266
12.211719
13.3001795
11.994876
12.649654
13.083339
12.211719
12.755949
12.866496
13.3001795
11.994876
12.211719
12.42856
12.539107
12.211719
12.645402
13.083339
12.534855
12.645402
12.755949
12.211719
12.539107
12.755949
12.755949
12.649654
12.211719
12.322266
12.211719
12.1011715
12.866496
12.862245
12.866496
12.322266
12.972792
12.322266
12.42856
13.189634
11.884329
13.410727
12.42856
12.649654
12.432813
12.755949
12.42856
12.866496
12.322266
12.539107
12.649654
12.755949
12.755949
12.211719
12.211719
12.866496
12.211719
12.755949
12.649654
11.994876
13.083339
12.755949
13.193886
12.755949
12.211719
12.539107
12.755949
12.866496
12.539107
11.884329
12.432813
13.189634
11.667487
12.322266
12.42856
11.667487
13.083339
12.972792
12.866496
12.318013
12.972792
12.42856
12.755949
13.083339
13.193886
12.211719
12.866496
12.322266
13.410727
13.193886
13.083339
11.667487
12.866496
12.42856
11.55694
12.649654
12.972792
12.755949
12.866496
12.1011715
12.211719
13.083339
12.42856
13.083339
12.755949
12.322266
12.1011715
12.322266
12.322266
11.667487
13.083339
12.322266
13.517023
12.539107
12.539107
12.866496
12.645402
11.994876
12.322266
12.539107
12.539107
12.42856
12.755949
12.211719
13.193886
13.083339
12.866496
12.972792
12.322266
12.539107
12.539107
12.755949
12.322266
12.539107
13.3001795
12.755949
13.083339
12.972792
12.105423
13.083339
12.645402
11.5611925
12.432813
12.866496
12.211719
11.994876
13.083339
12.42856
12.866496
11.778034
12.42856
12.977044
12.211719
12.539107
12.977044
12.539107
12.42856
13.410727
12.42856
11.667487
12.539107
12.972792
12.211719
12.322266
12.42856
12.105423
12.322266
12.755949
12.42856
13.517023
12.755949
12.972792
12.539107
12.105423
12.539107
12.972792
13.3001795
12.322266
13.083339
12.755949
12.866496
12.322266
12.755949
12.1011715
12.211719
12.649654
12.866496
12.645402
12.42856
12.539107
12.866496
11.884329
11.5611925
12.318013
12.322266
12.322266
12.211719
12.105423
12.755949
11.994876
12.755949
12.211719
12.42856
12.755949
12.42856
12.539107
11.667487
12.322266
11.778034
12.211719
12.105423
12.322266
12.539107
11.994876
12.977044
11.884329
12.866496
12.649654
11.773782
13.193886
12.211719
12.211719
12.866496
11.888581
11.778034
11.994876
11.5611925
11.994876
11.994876
11.778034
12.322266
12.755949
12.866496
12.322266
12.211719
11.994876
12.539107
12.318013
11.778034
12.322266
12.322266
12.862245
12.42856
12.539107
12.539107
12.211719
12.866496
11.994876
12.211719
12.432813
13.083339
11.884329
12.432813
12.649654
12.42856
11.450645
12.539107
12.755949
11.340097
11.888581
11.994876
12.211719
12.211719
11.778034
12.211719
12.539107
11.34435
11.994876
12.866496
11.450645
12.322266
12.866496
11.667487
11.340097
12.432813
12.211719
12.866496
11.450645
12.322266
12.755949
11.994876
11.450645
11.884329
12.539107
11.450645
12.649654
12.432813
11.994876
11.994876
12.322266
12.105423
11.667487
12.432813
12.432813
12.866496
11.5611925
12.105423
11.884329
11.340097
11.778034
11.778034
11.994876
11.5611925
12.322266
12.539107
11.778034
12.322266
12.42856
11.994876
12.322266
11.778034
11.994876
11.233803
11.5611925
12.105423
12.322266
11.888581
12.322266
12.322266
11.994876
11.34435
11.778034
12.211719
11.34435
12.322266
12.42856
11.994876
11.778034
11.34435
11.884329
12.539107
11.667487
11.884329
11.340097
10.579024
12.322266
11.450645
11.233803
11.778034
11.012709
11.888581
11.450645
11.994876
11.450645
12.211719
12.322266
10.689571
11.778034
12.322266
11.778034
11.34435
11.667487
11.667487
11.888581
11.233803
11.340097
12.322266
11.233803
10.795867
11.888581
11.233803
12.105423
12.211719
11.450645
12.105423
11.233803
10.689571
11.778034
11.450645
10.795867
11.450645
11.778034
11.667487
10.906414
11.778034
11.450645
11.123256
10.906414
12.105423
11.340097
11.994876
11.667487
11.450645
11.34435
11.778034
11.55694
11.778034
11.233803
11.450645
11.012709
11.340097
11.450645
11.233803
11.778034
10.800118
11.5611925
11.994876
11.5611925
11.34435
12.105423
12.322266
11.233803
11.778034
11.233803
11.994876
11.34435
11.233803
11.778034
11.233803
11.5611925
11.667487
11.888581
11.34435
10.689571
11.016961
11.34435
11.994876
11.67174
12.322266
12.211719
10.906414
11.123256
10.689571
11.5611925
11.5611925
11.667487
11.016961
11.127508
10.906414
11.123256
11.5611925
11.34435
11.994876
10.579024
10.800118
11.34435
11.233803
10.47273
11.34435
12.211719
11.34435
11.454897
11.5611925
11.888581
11.450645
10.906414
11.34435
11.233803
11.233803
11.778034
11.123256
10.689571
10.47273
11.5611925
11.667487
10.906414
11.34435
11.778034
10.800118
11.450645
10.9106655
11.5611925
10.362183
10.906414
11.994876
11.34435
10.579024
10.795867
10.47273
10.47273
10.795867
11.34435
11.450645
10.689571
10.47273
11.667487
11.5611925
10.906414
11.016961
10.579024
11.016961
11.450645
10.906414
11.233803
11.34435
10.579024
10.366435
11.888581
11.5611925
10.689571
10.800118
11.016961
10.145341
11.34435
10.906414
11.233803
11.233803
9.817951
11.016961
11.123256
10.906414
10.689571
10.689571
11.450645
11.233803
10.145341
11.450645
10.47273
11.233803
9.928498
11.016961
11.233803
10.689571
11.454897
10.689571
10.689571
11.016961
10.034794
11.454897
11.667487
11.016961
10.689571
10.362183
9.928498
11.34435
11.233803
11.016961
10.906414
10.362183
11.5611925
11.016961
11.34435
11.34435
10.906414
11.127508
10.47273
10.800118
11.233803
10.255888
10.362183
10.47273
10.255888
10.255888
10.583277
11.127508
11.233803
11.233803
10.366435
10.689571
10.906414
10.583277
11.016961
10.800118
11.016961
11.127508
11.450645
10.906414
10.800118
10.906414
10.800118
9.490562
10.47273
10.362183
10.689571
11.123256
10.800118
11.016961
10.689571
10.689571
10.800118
10.689571
10.039045
11.016961
10.362183
10.47273
10.906414
10.145341
10.800118
10.255888
11.233803
9.928498
10.800118
11.016961
10.689571
10.689571
10.583277
11.127508
11.016961
10.145341
10.255888
10.47273
10.47273
11.127508
10.034794
9.711657
10.906414
10.800118
11.016961
10.145341
10.255888
10.149592
10.906414
10.145341
10.800118
11.016961
10.689571
9.711657
10.039045
10.689571
10.583277
11.127508
10.034794
10.689571
11.127508
10.689571
9.928498
10.255888
10.689571
9.27372
10.255888
10.366435
9.928498
9.928498
10.47273
10.689571
10.47273
9.928498
10.039045
9.817951
10.47273
10.47273
9.384267
10.039045
9.928498
9.928498
10.362183
10.255888
10.906414
9.711657
9.490562
9.6011095
10.255888
9.6011095
10.362183
10.255888
11.016961
10.034794
10.255888
9.711657
9.928498
10.039045
11.016961
9.277972
10.039045
10.689571
9.711657
10.149592
10.689571
10.145341
10.149592
10.689571
9.6011095
10.255888
9.711657
10.145341
9.928498
9.711657
9.928498
10.255888
8.840036
9.711657
10.366435
11.016961
9.384267
9.384267
10.145341
9.928498
9.056878
10.145341
10.255888
10.366435
9.384267
9.817951
11.127508
10.145341
9.494814
9.822204
9.822204
10.693824
10.689571
9.494814
10.145341
9.711657
9.494814
9.822204
10.255888
9.928498
9.494814
9.822204
9.817951
9.384267
9.384267
10.689571
9.928498
9.711657
10.366435
9.494814
9.167425
10.034794
10.366435
10.689571
9.711657
10.039045
9.711657
10.47273
9.384267
8.950583
9.928498
8.950583
10.366435
10.47273
9.167425
8.840036
9.277972
10.034794
10.255888
10.255888
9.494814
10.583277
9.277972
9.817951
10.366435
9.384267
9.384267
10.039045
9.494814
9.494814
10.145341
8.840036
9.928498
9.056878
8.406352
9.822204
10.039045
8.729489
9.822204
9.494814
9.384267
9.384267
9.27372
9.167425
9.384267
9.167425
8.840036
9.167425
9.167425
10.145341
8.950583
9.384267
9.494814
9.061131
9.6011095
9.6011095
9.494814
9.384267
9.167425
9.384267
9.494814
9.384267
9.6011095
9.494814
9.711657
9.6011095
9.384267
8.840036
8.950583
9.711657
9.167425
9.711657
9.167425
9.167425
9.605361
9.384267
9.494814
9.822204
9.711657
9.056878
8.950583
8.950583
8.512647
8.623194
9.932751
9.384267
9.605361
9.277972
9.605361
8.844288
8.300056
7.9769197
8.410604
6.9947524
8.627446
6.8884573
7.3221416
7.760078
6.7821617
6.56532
6.56532
6.9990044
5.9105415
6.454773
6.454773
6.671615
7.4326887
6.454773
7.760078
7.109551
6.1273837
6.671615
6.2336793
6.671615
8.083215
7.649531
7.1052995
7.538984
7.538984
8.193762
9.171678
8.083215
7.7558255
8.627446
8.410604
7.7558255
9.499066
8.950583
7.8621206
8.410604
8.516899
7.4284363
7.9726677
8.410604
7.9726677
7.8663726
7.8663726
7.9769197
7.4326887
7.1052995
8.410604
7.2158465
6.8884573
7.3263927
6.454773
6.1273837
6.671615
5.799995
6.454773
6.3442264
6.0210886
7.4326887
6.8884573
6.1273837
6.454773
6.671615
6.3442264
7.3263927
6.561068
7.1052995
7.649531
6.77791
7.9769197
7.649531
7.3221416
8.521151
7.538984
7.538984
7.8663726
6.667363
6.77791
7.538984
7.3221416
7.3221416
7.3221416
7.538984
7.2115946
6.77791
6.8884573
6.8884573
6.77791
7.1052995
6.7821617
6.9990044
6.016837
6.9990044
6.8884573
6.7821617
6.454773
6.3442264
5.9105415
7.3263927
6.454773
5.799995
5.4768577
6.56532
6.454773
5.9105415
6.237931
6.671615
7.1052995
5.6937
6.9990044
6.454773
6.8884573
6.671615
7.4326887
7.9769197
6.561068
6.8884573
6.7821617
6.671615
7.1052995
6.3442264
7.870624
6.8884573
6.3442264
6.561068
6.454773
6.1273837
6.7821617
5.9105415
6.7821617
6.671615
6.7821617
5.9105415
6.454773
6.671615
6.454773
6.3442264
5.9105415
5.799995
6.56532
7.109551
5.804247
6.237931
5.6937
5.3663106
6.56532
6.454773
5.6937
6.892709
5.799995
6.237931
7.109551
6.671615
5.4768577
6.348478
5.799995
6.237931
6.454773
6.1273837
7.109551
5.799995
5.6937
6.671615
6.0210886
6.237931
6.7821617
6.237931
5.1494684
6.1316357
6.237931
6.7821617
6.0210886
5.1494684
5.6937
6.56532
6.671615
5.4768577
5.804247
6.56532
5.9105415
6.454773
5.804247
5.6937
6.237931
6.0210886
4.605237
6.0210886
6.1273837
5.9105415
4.9326262
5.6937
6.0210886
5.9105415
6.0210886
5.3705626
6.237931
6.237931
5.3663106
5.2600155
5.804247
5.804247
6.3442264
5.6937
6.348478
6.454773
6.0210886
5.2600155
5.804247
5.3663106
6.237931
5.4768577
5.1494684
5.804247
6.237931
5.804247
5.583153
5.799995
6.348478
5.6937
5.6937
6.1273837
5.4768577
5.4768577
5.914794
4.9326262
5.4768577
6.0210886
6.0210886
5.804247
5.6937
5.9105415
5.4768577
5.0431733
5.3663106
5.6937
6.0210886
5.4768577
5.3663106
5.2600155
5.4768577
5.2600155
5.4768577
5.804247
5.804247
5.804247
5.2600155
5.4768577
5.2600155
5.038922
5.804247
5.3663106
6.237931
5.4768577
5.4768577
5.4768577
4.826331
6.454773
5.1494684
4.9326262
5.9105415
5.804247
5.3663106
5.3663106
6.348478
5.2600155
5.804247
5.6937
5.804247
5.4768577
5.804247
5.6937
5.5874047
4.4989424
6.6758666
5.3663106
5.0431733
5.804247
5.3663106
5.0431733
5.1494684
5.3663106
5.914794
5.4768577
5.1494684
5.804247
6.0210886
5.1494684
5.1494684
5.4768577
5.6937
5.9105415
5.1494684
5.5874047
4.9326262
5.5874047
5.6937
4.9326262
5.9105415
5.4768577
6.237931
5.4768577
5.6937
5.5874047
5.4768577
5.2600155
4.0610065
5.2600155
5.4768577
5.4768577
5.2600155
4.9326262
5.4768577
5.4768577
4.9326262
5.3663106
4.9326262
5.4768577
5.5874047
5.1494684
4.3883953
6.0210886
5.4768577
4.605237
5.4768577
5.1494684
4.3883953
5.0431733
5.4768577
4.9326262
5.5874047
5.1494684
5.2600155
5.804247
4.9326262
5.2600155
4.4989424
5.804247
4.2778482
6.237931
5.804247
5.2600155
5.0431733
5.2600155
5.4768577
5.804247
5.804247
4.8220797
5.2600155
4.8220797
4.605237
6.1316357
5.4768577
4.826331
5.2600155
5.4768577
5.2600155
5.4768577
4.715784
4.3883953
4.3883953
5.4768577
5.0431733
4.9326262
5.2600155
5.804247
5.804247
5.2600155
4.715784
5.0431733
4.826331
5.5874047
5.2600155
5.1494684
4.4989424
6.348478
5.0431733
5.3705626
4.4989424
4.9326262
5.2600155
5.4768577
5.4768577
5.5874047
4.9326262
4.3883953
5.0431733
4.3883953
5.2600155
4.9326262
4.715784
4.826331
4.715784
5.6937
5.2600155
4.6094894
5.0431733
4.826331
4.4989424
5.1537204
4.4989424
5.5874047
4.715784
4.2821
5.1537204
5.1494684
4.9326262
4.4989424
3.954711
4.2821
5.0431733
5.2600155
4.4989424
3.954711
4.6094894
4.9326262
4.6094894
4.3883953
3.737869
4.4989424
4.2821
4.826331
4.4989424
3.848416
4.4989424
4.4989424
4.826331
4.3926473
4.065258
4.3926473
4.6094894
3.954711
4.2821
4.6094894
4.065258
3.848416
3.737869
4.6094894
4.936878
3.954711
3.631574
3.0873425
4.3926473
4.503194
3.631574
3.737869
3.3041847
4.3926473
3.737869
3.631574
3.5210268
3.9589627
3.631574
3.848416
3.0873425
4.3926473
3.848416
3.0873425
3.1978896
3.9589627
3.9589627
4.1758046
3.631574
4.2863517
3.737869
3.848416
3.414732
3.631574
3.0873425
3.631574
4.1758046
3.9589627
3.414732
2.9767957
2.8705006
3.5252786
3.0873425
3.414732
3.414732
3.1978896
3.5210268
3.631574
3.3041847
3.0873425
2.8705006
3.1978896
3.3041847
3.631574
3.0873425
3.1978896
2.6536584
2.9767957
3.414732
3.414732
2.9810476
3.414732
3.631574
2.9810476
3.1936376
3.1978896
2.8705006
3.1978896
2.6536584
2.1094272
2.9810476
2.8705006
3.5252786
2.1094272
2.6536584
2.9810476
3.414732
2.5473633
2.7642052
3.1978896
1.7862899
1.8925852
1.8925852
2.6536584
2.3262694
1.565196
2.6536584
2.9810476
2.4368165
2.003132
2.1094272
2.2199743
2.9810476
2.9810476
2.2199743
3.0915945
2.9810476
2.9810476
2.4368165
2.2199743
2.9810476
2.7642052
2.2199743
2.7642052
2.3262694
2.4368165
2.9810476
2.2199743
2.4368165
2.4368165
2.7642052
2.7642052
2.8705006
2.7642052
2.5473633
3.1978896
2.6536584
1.7862899
2.4368165
2.4368165
3.2021413
2.65791
2.7642052
2.5473633
3.5252786
3.0915945
2.4368165
2.7642052
2.9810476
2.2199743
2.9810476
3.4189837
3.6358256
2.003132
2.4368165
2.5473633
2.2199743
2.330521
2.6536584
2.330521
2.5473633
2.7642052
2.9810476
2.6536584
3.3084364
2.6536584
2.7642052
2.5473633
2.8747523
2.5473633
3.3084364
3.3084364
2.5473633
2.5473633
2.7642052
2.8747523
2.1136792
2.1136792
2.4368165
1.8925852
2.7642052
2.5473633
3.3084364
2.7642052
3.1978896
2.2199743
2.7642052
3.3084364
2.330521
2.65791
2.4368165
3.3084364
2.5473633
2.7642052
2.003132
2.2199743
3.0915945
3.0915945
2.65791
2.5473633
2.9810476
3.5252786
2.8747523
2.1094272
2.003132
2.5473633
3.3084364
3.3084364
1.8925852
3.5252786
2.5473633
2.7642052
3.0915945
2.1136792
2.7642052
2.4368165
2.5473633
2.7642052
2.7642052
2.5473633
2.7642052
3.3084364
2.65791
1.7862899
2.65791
2.2199743
2.7642052
2.4410682
2.8747523
2.5473633
3.6358256
2.1136792
2.5473633
3.4189837
2.5473633
2.330521
2.5473633
2.7642052
2.330521
3.0915945
2.8747523
2.330521
3.0915945
3.0915945
2.330521
2.330521
3.0915945
2.1136792
2.8747523
3.2021413
3.3084364
2.4368165
2.5473633
3.0915945
3.4189837
2.5473633
2.2199743
3.6358256
2.224226
2.330521
2.7642052
2.65791
2.1136792
3.0915945
2.6536584
3.5252786
3.0915945
2.8747523
2.4368165
2.4410682
2.330521
2.8747523
3.3084364
2.5473633
3.8526678
2.9810476
3.3084364
2.2199743
2.4368165
2.8747523
3.3084364
2.5473633
3.6358256
2.9810476
3.0915945
2.1136792
2.5473633
3.2021413
2.8747523
2.65791
2.5473633
2.5473633
2.5473633
2.5473633
2.4368165
2.8747523
2.9810476
2.9810476
2.5473633
2.330521
2.4368165
2.9810476
1.6757431
2.330521
3.3084364
2.5473633
2.5473633
2.330521
3.2021413
2.330521
2.1136792
2.8747523
2.65791
3.6358256
2.7642052
2.330521
3.0915945
2.65791
2.65791
2.5473633
2.5473633
3.2021413
1.7862899
2.65791
2.7642052
2.330521
2.65791
2.8747523
2.5473633
2.5473633
2.003132
2.7642052
2.2199743
2.330521
2.5473633
2.7642052
2.1136792
2.5473633
2.2199743
2.8747523
2.65791
3.4189837
2.5473633
3.4189837
2.5473633
2.7642052
2.4410682
2.7642052
2.7642052
2.8747523
3.0915945
2.5473633
2.003132
3.0915945
2.8747523
2.9852993
3.2021413
2.7642052
3.2021413
2.7642052
2.1136792
2.65791
2.9810476
2.1136792
2.330521
3.0915945
3.3084364
2.65791
2.7642052
2.8747523
2.5473633
2.5473633
2.5473633
2.8747523
2.9810476
2.5473633
3.4189837
2.7642052
2.1136792
2.330521
2.9810476
2.5473633
2.330521
2.5473633
2.8747523
2.330521
3.6358256
3.2021413
2.330521
2.1136792
3.0915945
2.5473633
3.0915945
2.65791
2.8747523
2.4410682
2.1136792
2.1136792
2.330521
2.003132
1.5694479
2.9852993
2.8747523
1.5694479
2.65791
1.896837
1.7862899
2.8747523
2.330521
1.896837
2.9852993
1.7862899
2.5473633
2.330521
2.65791
3.0915945
2.9852993
2.65791
3.4189837
2.7642052
2.330521
3.3084364
2.65791
2.65791
3.4189837
1.896837
3.0915945
3.0915945
2.5473633
2.7642052
3.8526678
2.65791
3.3084364
2.1136792
3.4189837
2.330521
3.6358256
2.8747523
2.5473633
3.5252786
3.3084364
3.0915945
3.6358256
2.8747523
2.7642052
2.5473633
2.9810476
2.8747523
3.2021413
3.0915945
2.003132
2.2199743
3.4189837
2.5473633
2.1136792
3.0915945
2.8747523
2.003132
3.0915945
2.224226
2.8747523
3.2021413
2.5473633
1.896837
2.8747523
2.1136792
2.65791
2.8747523
2.9852993
2.8747523
2.4410682
3.3084364
2.5473633
2.4410682
3.0915945
2.1136792
3.4189837
2.65791
3.0915945
2.5473633
2.4410682
3.0915945
2.9810476
2.1136792
3.0915945
3.9632149
3.2021413
3.2021413
3.7463725
2.8747523
2.1136792
2.5473633
3.2021413
2.8747523
2.1136792
2.8747523
2.8747523
2.2199743
3.0915945
2.1136792
2.65791
3.3084364
2.65791
2.1136792
3.3084364
3.3084364
2.8747523
3.0915945
2.65791
3.4189837
2.5473633
3.3084364
2.5473633
2.7642052
3.0915945
3.4189837
2.330521
2.9810476
3.3084364
2.9852993
2.7642052
3.8526678
2.330521
2.5473633
3.9632149
3.0915945
2.4410682
3.0915945
3.6358256
2.4410682
2.8747523
3.3084364
2.330521
2.7642052
2.5473633
3.6358256
2.330521
2.8747523
2.65791
2.1136792
3.0915945
2.5473633
2.4410682
2.65791
2.8747523
2.65791
3.0915945
3.3084364
2.5516152
2.4410682
2.65791
2.4368165
2.65791
3.6358256
2.65791
2.4410682
2.65791
2.7642052
2.4410682
2.8747523
2.2199743
2.5473633
2.8747523
2.65791
3.3084364
2.7684572
2.330521
3.0915945
3.6358256
2.8747523
2.8747523
2.65791
3.3084364
2.8747523
2.2199743
3.0915945
2.1136792
2.8747523
2.7642052
3.7463725
2.7642052
3.3084364
2.9810476
3.0915945
2.5473633
2.5473633
3.8526678
2.330521
2.4368165
3.0915945
2.6536584
3.2021413
3.0915945
3.0915945
3.0915945
2.7642052
2.8747523
3.6358256
2.5473633
2.330521
3.6358256
2.7642052
2.8747523
3.0915945
3.3084364
3.0915945
2.4410682
2.8747523
3.8526678
2.65791
2.2199743
2.7642052
3.4189837
2.65791
3.6358256
2.4368165
3.3084364
2.9852993
3.4189837
2.2199743
2.8747523
3.6358256
2.9810476
2.65791
2.5473633
2.7642052
2.7642052
2.7642052
3.7463725
2.9810476
2.2199743
2.65791
3.0915945
2.4368165
3.4189837
3.5252786
2.9810476
2.4368165
3.0915945
3.3084364
2.4368165
2.8747523
3.8526678
3.8526678
2.5473633
3.0915945
2.7642052
3.5252786
3.3084364
2.9810476
3.8526678
3.6358256
2.4368165
3.9632149
3.5252786
2.65791
2.9810476
3.3084364
3.1978896
2.2199743
3.0915945
2.9810476
3.0915945
2.5473633
3.5252786
2.7642052
2.5473633
3.0915945
2.8747523
2.6536584
3.8526678
2.2199743
2.5473633
2.5473633
3.4189837
2.65791
2.330521
2.4368165
3.8526678
2.8747523
2.4368165
4.06951
3.4189837
2.7642052
3.3084364
3.0915945
2.330521
3.6358256
2.7642052
3.0915945
3.0915945
3.3084364
2.8747523
2.4368165
2.5473633
3.6358256
2.003132
2.8747523
2.7642052
2.7642052
2.5473633
3.1978896
2.9810476
3.7421207
3.0915945
3.0915945
3.1978896
3.8526678
3.1978896
3.0873425
2.9810476
3.1978896
3.8526678
3.7421207
3.8526678
2.330521
2.5473633
3.8526678
3.5252786
3.3084364
2.8747523
2.5473633
2.9852993
3.0915945
3.5252786
3.3084364
2.7642052
3.4189837
2.9810476
3.8526678
3.631574
3.1978896
3.414732
3.1978896
3.5252786
3.5252786
3.5252786
2.8705006
3.7421207
3.5252786
3.0915945
2.7642052
3.1978896
3.3084364
2.9810476
3.8526678
3.1978896
3.5252786
3.3084364
2.9810476
3.5252786
2.9810476
3.414732
3.7421207
3.9589627
3.414732
3.1978896
4.06951
4.3926473
3.631574
3.414732
4.2863517
3.414732
3.9589627
3.9589627
3.9589627
3.414732
3.1978896
2.8705006
3.9589627
3.3084364
2.9810476
3.8526678
3.631574
3.5252786
3.414732
3.5252786
3.1978896
3.414732
3.0873425
4.06951
3.9589627
3.0873425
3.414732
3.631574
3.9589627
3.7421207
3.7421207
3.9589627
3.1978896
3.1978896
3.5252786
3.631574
3.631574
3.9589627
3.414732
3.8526678
3.7421207
3.414732
3.0873425
3.1978896
4.2863517
3.7421207
3.631574
3.7421207
3.7421207
3.631574
3.848416
3.414732
3.414732
2.9810476
2.8705006
3.5252786
3.1978896
4.2863517
4.06951
3.5210268
3.7421207
3.9589627
3.0873425
2.9810476
4.06951
3.9589627
3.848416
3.631574
3.7421207
3.631574
3.414732
3.414732
3.1978896
3.848416
3.631574
3.631574
3.7421207
3.0873425
3.9589627
3.848416
3.631574
3.9589627
3.9589627
3.414732
3.414732
4.2863517
3.848416
4.1758046
3.631574
3.631574
3.848416
3.0873425
3.3084364
3.0873425
4.720036
3.0873425
3.7421207
3.848416
4.1758046
4.1758046
3.414732
3.414732
3.7421207
3.9589627
3.631574
3.7421207
4.2863517
3.414732
3.9589627
4.1758046
3.414732
4.06951
4.06951
3.414732
3.9589627
4.2863517
3.414732
4.1758046
3.9589627
3.414732
4.1758046
3.3041847
3.9589627
3.9589627
3.414732
4.503194
3.631574
2.8705006
3.848416
3.414732
3.631574
3.3041847
3.7421207
3.631574
3.1936376
4.1758046
4.1758046
3.631574
3.1936376
3.0873425
3.414732
3.3041847
3.9589627
3.631574
3.3041847
3.631574
3.414732
4.1758046
3.7421207
3.631574
3.5252786
3.848416
3.414732
3.848416
3.9589627
3.631574
4.065258
3.737869
3.414732
3.414732
3.631574
4.1758046
4.2863517
3.9589627
4.720036
3.848416
3.0873425
3.414732
3.5210268
3.737869
4.1758046
3.848416
3.7421207
4.720036
3.3041847
4.3926473
4.065258
3.414732
4.3926473
4.503194
3.5210268
3.631574
4.2821
3.3041847
4.1758046
4.6094894
3.848416
4.1758046
4.503194
3.631574
3.9589627
4.1758046
3.631574
3.5210268
3.848416
3.5210268
4.503194
2.9767957
2.8705006
3.848416
4.065258
3.631574
3.848416
4.1758046
3.5210268
3.631574
4.3926473
4.065258
3.5210268
4.6094894
3.848416
3.9589627
4.6094894
4.3926473
3.414732
3.631574
4.2821
3.848416
4.065258
3.3041847
4.2821
4.2821
3.9589627
3.5210268
4.720036
3.3041847
3.737869
4.065258
3.5210268
3.737869
3.9589627
4.6094894
3.737869
4.2821
4.1758046
4.2821
4.1758046
4.065258
4.3926473
4.065258
4.6094894
4.4989424
3.848416
3.5210268
4.6094894
4.1758046
3.5210268
4.065258
3.848416
4.503194
3.737869
3.0873425
5.1537204
3.848416
4.1758046
3.954711
4.1758046
4.2821
3.3041847
3.414732
4.2821
4.4989424
4.1758046
3.9589627
3.737869
4.826331
4.6094894
4.3926473
3.848416
3.4104798
4.6094894
4.6094894
4.2821
4.065258
4.4989424
3.954711
3.5210268
3.954711
3.5210268
4.2821
4.6094894
3.737869
3.844164
4.2821
4.065258
5.1537204
4.3926473
3.5210268
3.737869
3.737869
4.3926473
3.848416
4.2821
3.848416
4.6094894
4.6094894
4.2821
4.826331
4.065258
4.6094894
4.6094894
3.848416
3.9589627
3.3041847
4.1758046
4.3926473
3.848416
4.065258
4.720036
3.848416
4.1758046
4.065258
3.848416
3.0873425
3.848416
3.848416
3.848416
3.848416
3.5210268
3.414732
3.7421207
4.2821
4.1758046
4.065258
3.9589627
3.7421207
3.414732
3.3084364
3.631574
3.5252786
3.414732
3.5252786
3.414732
3.9589627
3.9589627
3.1978896
2.7599535
3.0873425
3.414732
2.9810476
3.5252786
3.414732
4.06951
3.3084364
3.5252786
3.5252786
3.6358256
2.5473633
3.6358256
3.8526678
3.6358256
2.8747523
3.3084364
2.8747523
3.3084364
2.7642052
2.9810476
3.0915945
3.8526678
2.65791
2.1136792
3.9632149
3.3084364
2.65791
2.8747523
3.4189837
3.1978896
3.3084364
2.2199743
3.4189837
3.6358256
2.8747523
3.4189837
3.5252786
2.5473633
2.5473633
3.6358256
3.3084364
2.8747523
3.3084364
3.8526678
3.8526678
2.1136792
3.2021413
3.4189837
2.4410682
2.330521
2.9852993
2.8747523
2.8747523
2.65791
3.2021413
2.8747523
2.330521
3.0915945
3.5295303
2.224226
3.6358256
2.9852993
2.224226
2.9852993
3.7463725
3.2021413
3.0958462
2.9852993
3.7463725
3.312688
2.65791
2.7684572
2.65791
2.4410682
2.4410682
2.224226
3.5295303
3.5295303
2.9852993
3.312688
2.7684572
2.3347728
2.1136792
2.5516152
2.4410682
1.6799948
3.0958462
2.0073838
1.6799948
3.5337825
3.4232354
1.7905419
2.44532
3.6400774
2.5516152
2.989551
2.5516152
2.117931
2.3347728
2.44532
2.44532
2.879004
2.879004
2.44532
2.3347728
2.772709
2.662162
1.3568575
1.6842467
3.5337825
2.772709
2.44532
3.7506244
1.9010887
1.5736997
2.117931
2.228478
1.9010887
2.117931
2.5516152
2.662162
3.644329
2.989551
1.4674045
2.3390248
2.662162
2.44532
1.6842467
1.9010887
3.4274871
2.555867
2.44532
2.44532
2.772709
1.6842467
1.6842467
2.0116355
1.9010887
2.555867
2.44532
1.9010887
2.3390248
1.2505624
3.1000981
2.44532
1.1400155
2.1221828
2.228478
2.3390248
2.0116355
0.9231734
1.7947936
1.5779516
1.0337203
2.7769608
1.7947936
2.228478
2.0116355
2.772709
1.4674045
1.9053404
1.2505624
2.0116355
1.5779516
1.7947936
2.4495716
2.3390248
1.2505624
2.1221828
2.555867
0.81687826
2.1221828
2.1221828
1.3611094
0.60003614
1.6884984
0.92742515
1.3611094
1.0379721
1.3611094
1.5779516
1.6884984
0.7105831
0.60003614
2.0158875
1.1442673
0.92742515
1.3611094
2.2327297
1.1442673
0.27264705
1.6884984
1.4716563
1.0337203
0.92742515
1.5779516
1.5779516
0.60003614
0.38319403
2.1221828
1.5779516
0.38319403
1.5779516
0.60003614
0.38319403
1.1442673
1.3611094
0.81687826
1.1442673
1.4716563
1.1442673
0.81687826
1.3611094
1.1442673
1.3611094
0.4894892
1.3611094
0.81687826
0.81687826
1.7990454
1.2548143
1.1442673
1.3611094
0.92742515
0.92742515
1.4716563
1.0337203
0.27264705
2.2327297
2.2327297
1.1442673
0.70633125
1.7990454
1.6884984
0.38319403
1.2548143
0.055804953
1.5779516
1.4716563
1.2548143
0.38319403
1.1442673
1.6884984
0.60003614
0.27264705
1.2548143
0.60003614
1.7990454
0.7105831
1.4716563
0.92742515
1.4716563
0.81687826
1.4716563
1.1442673
0.4894892
1.1442673
1.1442673
1.3611094
0.81687826
1.5822034
1.3611094
1.2548143
0.92742515
1.0379721
0.60003614
1.4716563
0.60003614
0.92742515
0.81687826
1.1442673
0.81687826
1.0379721
0.92742515
1.1442673
1.1442673
1.1442673
0.92742515
0.38319403
2.3432765
0.92742515
1.2548143
1.2548143
1.4716563
0.7105831
0.92742515
1.3611094
1.1442673
1.1442673
0.60003614
1.1442673
0.16635191
0.92742515
1.2548143
0.38319403
1.1442673
0.27264705
0.4894892
1.1442673
0.92742515
0.81687826
1.2548143
0.055804953
0.27264705
0.81687826
1.2548143
0.055804953
2.1264346
0.38319403
0.4894892
1.3611094
0.92742515
0.92742515
0.38319403
0.92742515
0.7105831
0.49374095
0.055804953
1.4716563
1.4716563
1.2548143
1.4716563
0.27264705
0.60003614
1.0379721
0.60003614
1.1485192
1.2548143
0.38319403
0.49374095
0.7105831
1.1442673
0.92742515
0.16635191
0.81687826
1.0379721
0.60003614
1.1442673
1.1442673
0.38319403
1.0379721
1.2548143
0.49374095
0.92742515
0.92742515
0.49374095
1.4716563
0.27689886
1.2548143
0.82113004
-0.050490197
0.7105831
0.38319403
1.4716563
-0.16103715
0.7105831
1.5822034
0.055804953
0.7105831
0.92742515
0.38319403
1.2548143
0.60003614
-0.050490197
0.49374095
1.2548143
0.81687826
1.2548143
0.27264705
0.38319403
0.38319403
1.3653612
1.2548143
1.1485192
0.92742515
0.055804953
0.7105831
0.7105831
0.49374095
0.92742515
-0.7052683
1.0379721
0.27689886
1.0379721
0.7105831
0.055804953
0.055804953
1.2548143
0.92742515
-0.050490197
0.49374095
0.92742515
1.0379721
0.06005676
-0.16103715
0.60003614
1.1442673
0.27264705
1.0379721
0.60003614
-0.4884262
0.82113004
1.0379721
0.38319403
1.0379721
1.0379721
0.7105831
-0.5947214
1.0379721
1.1485192
0.49374095
0.38319403
0.16635191
1.2548143
0.16635191
0.06005676
0.7105831
1.4716563
0.7105831
-0.37787926
0.82113004
0.92742515
0.7105831
0.82113004
1.5822034
1.0379721
1.0379721
0.49374095
2.1264346
-0.16103715
0.16635191
1.3653612
1.4716563
-0.050490197
0.27689886
0.49374095
0.49374095
1.0379721
1.0379721
1.0379721
-0.37787926
-0.2673323
0.7105831
1.0379721
0.055804953
0.82113004
0.60003614
0.82113004
0.82113004
0.7105831
0.82113004
0.7105831
1.0379721
1.2548143
0.49374095
-0.16103715
0.82113004
1.0379721
1.3653612
1.1485192
0.49374095
0.6042879
1.2548143
-0.16103715
0.49374095
1.3653612
1.1485192
1.2548143
0.82113004
0.16635191
0.82113004
0.7105831
0.27689886
1.4716563
0.6042879
0.82113004
1.2548143
0.38319403
-0.37787926
0.6042879
1.0379721
1.3653612
-0.050490197
-0.2673323
1.3653612
1.5822034
0.7105831
1.1485192
0.49374095
1.0379721
0.16635191
0.17060372
1.2548143
0.16635191
0.49374095
0.82113004
0.82113004
0.7105831
1.5822034
0.9316769
-0.050490197
0.9316769
1.2548143
0.82113004
0.49374095
1.3653612
0.82113004
0.06005676
0.27689886
1.4759082
0.49374095
0.27689886
1.1485192
0.49374095
-0.050490197
1.5822034
0.92742515
0.49374095
0.27689886
1.0379721
1.0379721
0.7105831
0.27689886
1.5822034
0.6042879
1.0379721
0.7105831
0.49374095
0.06005676
1.3653612
0.38319403
1.0379721
0.82113004
0.6042879
0.92742515
1.0379721
-0.16103715
0.16635191
1.5822034
1.1485192
0.49374095
0.49374095
1.5822034
0.92742515
0.7105831
0.49374095
1.5822034
0.38319403
0.49374095
1.6927503
1.1485192
1.5822034
1.7990454
1.1485192
0.6042879
1.1485192
1.3653612
1.1485192
0.49374095
0.27689886
0.9316769
1.5822034
-0.050490197
1.1485192
0.7105831
0.82113004
0.7105831
0.82113004
0.27689886
1.0379721
1.5822034
1.0379721
0.6042879
0.82113004
0.27689886
0.9316769
1.5822034
0.7105831
1.0379721
0.17060372
0.27689886
0.055804953
1.3653612
1.3653612
0.27689886
0.06005676
0.16635191
1.0379721
0.82113004
0.49374095
0.27689886
-0.050490197
0.7105831
0.6042879
0.06005676
1.1485192
0.3874458
1.1485192
0.27689886
-0.2673323
1.0379721
0.82113004
0.6042879
1.2548143
0.6042879
1.5822034
0.6042879
0.82113004
0.27689886
0.82113004
1.6927503
1.1485192
0.06005676
0.6042879
1.0379721
0.82113004
0.9316769
0.27689886
1.3653612
0.82113004
1.4759082
0.49374095
0.49799278
0.17060372
0.82113004
2.0201392
1.4759082
0.49374095
0.3874458
0.82113004
1.5822034
1.6927503
0.27689886
0.6042879
1.3653612
0.71483487
0.06005676
0.3874458
0.82113004
0.49374095
1.259066
0.27689886
-0.2673323
1.4759082
0.6042879
0.49799278
0.06005676
-0.37362745
0.82113004
0.6042879
0.3874458
0.82113004
0.82113004
-0.7010165
0.82113004
1.1485192
0.9316769
0.06005676
1.0379721
0.9316769
0.17060372
-0.15678534
0.6042879
0.82113004
-0.37362745
0.9316769
0.27689886
0.82113004
0.06005676
1.4759082
0.6042879
-0.15678534
0.27689886
0.3874458
1.1485192
0.9316769
0.71483487
0.3874458
1.259066
0.17060372
0.9316769
0.6042879
0.27689886
-0.15678534
0.06005676
0.3874458
0.82113004
0.3874458
0.71483487
0.9316769
0.82113004
-0.2673323
1.259066
0.27689886
-0.2673323
0.6042879
1.4759082
0.27689886
1.3653612
0.9316769
0.06005676
0.49799278
0.9316769
0.27689886
-0.2673323
1.1485192
0.3874458
0.71483487
0.17060372
0.71483487
0.71483487
0.06005676
0.49799278
0.3874458
0.71483487
1.4759082
1.1485192
0.3874458
0.3874458
0.27689886
0.17060372
0.3874458
0.49374095
1.259066
0.3874458
0.6042879
0.9316769
0.7105831
0.9316769
0.17060372
0.17060372
1.0422239
-0.04623839
0.71483487
0.3874458
0.49799278
-0.04623839
0.3874458
0.17060372
0.17060372
0.71483487
0.3874458
0.71483487
0.71483487
0.3874458
-0.15678534
1.8032973
0.9316769
0.6042879
0.82113004
0.06005676
0.9316769
0.27689886
-0.37362745
0.3874458
0.9316769
1.259066
0.3874458
0.6085397
1.259066
1.0422239
0.3874458
1.0422239
0.49799278
-0.59046954
-0.04623839
0.71483487
0.17060372
0.9316769
-0.2630805
0.3874458
0.71483487
-0.7010165
0.71483487
0.71483487
0.6042879
-0.04623839
0.49799278
0.17060372
-0.04623839
1.5864551
0.71483487
-0.37362745
0.17060372
0.28115067
0.3874458
1.259066
0.17060372
0.17060372
1.0422239
0.49799278
0.71483487
-0.2630805
1.369613
0.17060372
-0.15678534
0.6085397
0.3874458
-0.04623839
0.8253819
-0.2630805
0.49799278
-0.47992262
0.49799278
-0.2630805
-0.59046954
0.8253819
1.0422239
-0.04623839
0.8253819
1.369613
-0.04623839
-0.47992262
-0.04623839
-0.91785866
-0.15678534
-0.15678534
0.49799278
1.0422239
-0.37362745
-0.15678534
0.7190867
0.49799278
-0.2630805
0.8253819
-0.2630805
-0.47992262
0.17485553
0.06430857
-0.59046954
-0.91785866
0.8253819
0.17060372
-0.80731165
-0.2630805
0.28115067
-0.47992262
0.6085397
0.49799278
-0.59046954
1.0422239
-0.37362745
-0.37362745
0.6085397
0.49799278
0.17060372
0.28115067
-0.36937565
0.39169762
-0.47992262
-0.04623839
-0.2630805
0.39169762
0.28115067
-0.04623839
0.06430857
-1.0241537
0.17485553
-0.6967647
-0.36937565
0.06430857
0.06430857
-0.2630805
-0.04623839
-0.36937565
-0.59046954
-0.47992262
-0.47992262
0.28115067
0.8253819
-0.80731165
-0.37362745
0.17060372
0.28115067
0.17060372
-0.6967647
-0.04623839
0.6085397
-0.15253355
0.06430857
-0.15253355
-0.36937565
-0.36937565
-0.9136068
-0.36937565
-1.0241537
0.28115067
-0.2588287
-0.80731165
-0.36937565
-1.1347008
-0.2630805
-0.04623839
-0.47992262
0.6085397
-0.80731165
0.06430857
0.6085397
0.39169762
0.17485553
0.28115067
0.17485553
-0.47992262
0.93592876
-0.47992262
-0.47992262
0.8296336
-0.9136068
-0.36937565
0.39169762
-0.36937565
-0.58621776
-0.6967647
-0.47992262
0.7190867
-0.15253355
-0.36937565
-0.47992262
-0.47992262
-0.15253355
-0.47992262
-0.2630805
0.06430857
-0.47992262
0.28115067
0.17485553
-1.2409959
-0.80731165
0.28540248
-0.041986585
-0.9136068
-0.58621776
-0.36937565
-0.2588287
-0.36937565
-0.6967647
-0.6967647
-0.15253355
-0.15253355
-1.0199019
-0.8030599
-0.041986585
0.39169762
0.17485553
-0.9136068
-0.36937565
-0.6967647
-1.2409959
-0.041986585
-0.47992262
-0.15253355
-0.15253355
-0.041986585
0.7190867
-0.58621776
-0.36937565
-0.9136068
-0.041986585
-0.2588287
-0.58621776
-0.36937565
0.28540248
-0.6967647
-0.041986585
-0.2588287
-0.2588287
-0.2588287
-1.1304489
-1.1304489
-0.041986585
0.06430857
0.5022446
0.28540248
-0.9136068
0.61279154
0.17485553
-1.4578379
-0.4756708
0.17485553
-0.9136068
-0.58621776
-0.9136068
0.28540248
-0.041986585
-0.58621776
-0.4756708
-0.4756708
-0.8030599
-0.2588287
-0.58621776
-0.8030599
-0.9136068
-1.347291
-0.041986585
0.17485553
-0.8030599
-1.1304489
-0.58621776
-0.6967647
-0.36937565
-0.2588287
-0.58621776
-0.58621776
-0.8030599
-0.2588287
-0.58621776
-1.67468
-0.8030599
0.06856038
-0.9136068
-0.58621776
-0.9136068
-0.15253355
-1.1304489
-1.1304489
-0.6967647
-0.36937565
-0.36937565
-0.041986585
0.06856038
0.39169762
-0.36937565
-0.36937565
-0.36937565
-0.2588287
-1.1304489
-0.6967647
-0.2588287
-1.1304489
-1.1304489
-0.36937565
-0.2588287
-0.58621776
-1.236744
0.17485553
0.06430857
-1.2409959
-0.36937565
-0.9136068
-1.891522
-0.36937565
-0.9136068
-0.36937565
-0.6967647
-0.2588287
-0.4756708
-0.58621776
-1.2409959
-0.15253355
-0.58621776
-0.36937565
-1.0199019
-1.2409959
-0.4756708
-0.15253355
0.17485553
-1.347291
-1.1304489
-0.041986585
0.17485553
0.5022446
-0.4756708
-0.9136068
-0.58621776
0.5022446
0.28540248
-1.1304489
-1.4578379
-1.1304489
-0.6967647
-0.041986585
-0.8030599
-0.2588287
-1.1304489
-1.1304489
-1.1304489
0.06856038
-1.568385
-1.4578379
-0.9136068
-0.9136068
-0.4756708
-1.1304489
-1.347291
-0.041986585
-0.36937565
-0.36937565
-0.15253355
-0.041986585
-1.1304489
-1.568385
0.28540248
-0.4756708
-1.0199019
-0.58621776
-0.2588287
-0.47992262
-1.4578379
-1.347291
-0.6967647
-0.36937565
0.39169762
-0.15253355
-0.36937565
-0.8030599
-0.47992262
-0.6967647
0.17485553
-0.8030599
-1.1304489
-0.36937565
0.7190867
-1.1304489
-0.47992262
-0.58621776
-0.15253355
-0.58621776
-0.36937565
0.39169762
0.17485553
-0.36937565
-0.2588287
-1.2409959
-0.58621776
0.17485553
-0.58621776
-0.041986585
-1.4578379
-0.9136068
-0.041986585
-0.36937565
0.17485553
-0.15253355
-0.6967647
-0.6967647
-0.041986585
-0.4756708
-0.041986585
-1.0199019
-0.58621776
-0.6967647
-1.4578379
-0.2588287
-0.6967647
-0.2588287
-0.36937565
-1.67468
-1.2409959
-0.041986585
0.39169762
-0.15253355
-1.1304489
-1.4578379
-0.58621776
-0.9136068
-0.4756708
-0.6967647
-0.58621776
-1.2409959
0.06430857
-0.15253355
-0.36937565
-0.58621776
-0.80731165
0.7190867
-0.6967647
-1.2409959
-0.36937565
-0.6967647
-0.041986585
-0.2588287
-0.041986585
0.39169762
-0.2588287
-0.8030599
-0.2588287
-1.347291
0.39169762
0.17485553
0.06430857
-0.6967647
-0.2588287
0.5022446
0.17485553
-0.36937565
-0.36937565
0.17485553
0.06856038
-0.6967647
-1.347291
-0.36937565
0.17485553
0.5022446
-0.6967647
-0.041986585
-0.58621776
-0.47992262
-0.58621776
-0.9136068
-0.9136068
0.28540248
0.93592876
-0.36937565
-0.2630805
-0.47992262
-0.15253355
0.17485553
-0.2588287
-1.1304489
-0.9136068
0.5022446
0.17485553
0.06430857
0.06856038
-0.6967647
0.28540248
-0.36937565
-1.4578379
-0.9136068
-0.2588287
0.39169762
-0.9136068
-0.80731165
-0.041986585
0.28115067
-0.47992262
0.17485553
-0.58621776
-1.2409959
-0.8030599
-0.36937565
-0.36937565
-0.36937565
-0.9136068
0.5022446
-0.80731165
-0.47992262
-0.8030599
-0.80731165
0.39169762
-0.59046954
-0.58621776
-1.0241537
0.17485553
0.06430857
-0.2630805
-1.1304489
-1.0241537
0.17485553
0.17485553
0.17485553
-1.0241537
-0.9136068
-0.6967647
0.8296336
-0.9136068
-0.9136068
-0.9136068
0.06430857
-0.15253355
-0.58621776
-1.0241537
-0.36937565
0.39169762
-0.15253355
0.06430857
-0.6967647
-0.47992262
-0.2630805
0.17485553
-0.15253355
-0.15253355
-0.2588287
-0.47992262
-0.041986585
0.28115067
-0.47992262
-0.15253355
0.06430857
-0.36937565
-1.0241537
-0.36937565
-0.47992262
-0.9136068
-0.15253355
1.2633178
-0.2588287
0.39169762
0.06430857
0.39169762
-0.2630805
0.7190867
0.28115067
0.6085397
-0.15253355
0.28115067
-0.6967647
-0.6967647
-0.36937565
-0.2630805
0.39169762
-0.47992262
0.39169762
-0.15253355
-0.041986585
-0.36937565
0.8296336
0.28115067
-0.59046954
0.39169762
0.39169762
-0.2630805
0.6085397
0.17485553
0.39169762
0.17485553
-0.47992262
-0.47992262
0.28540248
0.6085397
-0.15253355
-0.041986585
-0.15253355
0.17485553
0.7190867
-0.2630805
-0.36937565
0.6085397
0.93592876
-0.91785866
0.8253819
0.06430857
-0.2630805
-0.9136068
-0.36937565
0.39169762
0.06430857
-0.15253355
0.5022446
0.06430857
-0.9136068
0.5022446
-0.15253355
-0.6967647
-1.2409959
0.39169762
1.2633178
0.39169762
-0.9136068
0.5022446
0.06430857
0.06430857
-0.04623839
-0.6967647
-1.2409959
0.17485553
0.93592876
1.0464758
-0.15253355
0.39169762
-0.47992262
-0.15253355
-0.36937565
-0.2630805
-1.3515428
-0.15253355
0.28115067
0.93592876
-0.47992262
0.06430857
0.17485553
0.17485553
0.06430857
-0.9136068
-0.6967647
0.06430857
-0.15253355
-0.2630805
-1.0241537
0.17485553
0.28115067
-0.58621776
-0.80731165
-0.47992262
0.7190867
-1.0241537
-0.58621776
0.28115067
0.5022446
-0.36937565
-0.6967647
-0.15253355
0.28115067
-0.59046954
0.7190867
0.39169762
0.93592876
-1.0241537
0.93592876
-0.36937565
-0.36937565
-0.58621776
0.39169762
-0.15253355
-0.47992262
-0.6967647
-0.041986585
-0.15253355
0.5022446
0.93592876
-0.15253355
-1.0241537
-0.04623839
0.7190867
-0.47992262
0.17485553
-0.47992262
0.7190867
0.6085397
-0.15253355
-0.80731165
-0.15253355
1.2633178
0.28115067
-0.47992262
-0.9136068
-0.47992262
-0.15253355
-0.6967647
-0.47992262
-0.47992262
0.71483487
-0.04623839
-0.2630805
-0.2630805
0.39169762
-0.36937565
0.39169762
-0.47992262
-0.9136068
-0.47992262
-0.041986585
0.93592876
-0.2630805
-0.47992262
0.06430857
0.06430857
0.06430857
-0.15253355
0.39169762
-0.8030599
-0.6967647
-0.36937565
0.6085397
0.17485553
-0.6967647
0.28115067
-0.47992262
-0.58621776
-0.2630805
0.06430857
0.28115067
-0.15253355
0.17485553
0.28115067
-0.2630805
0.17485553
0.28115067
0.49799278
-0.36937565
0.17060372
0.39169762
0.6085397
-0.6967647
0.39169762
-0.59046954
0.93592876
-0.37362745
-0.36937565
-0.2630805
-0.15253355
0.39169762
0.39169762
-0.04623839
0.17485553
-0.15253355
-0.6967647
-0.041986585
-0.15253355
0.06430857
-0.36937565
0.17060372
0.39169762
-0.36937565
-0.6967647
0.39169762
0.7190867
0.5022446
-0.15253355
0.06430857
-0.47992262
-0.47992262
-0.2630805
0.28115067
0.6085397
-1.0241537
0.49799278
0.17060372
-0.15253355
-0.47992262
0.06430857
0.6085397
-0.36937565
-0.47992262
0.17060372
0.28115067
-0.36937565
0.6085397
0.28115067
0.28115067
0.7190867
0.17485553
0.17485553
0.06430857
0.06430857
0.49799278
-0.2630805
0.49799278
0.93592876
0.39169762
0.06430857
-0.47992262
-0.47992262
0.39169762
0.39169762
-0.15253355
-0.80731165
-0.59046954
-0.15253355
-0.47992262
0.7190867
0.28115067
0.93592876
0.06430857
-0.59046954
0.39169762
-0.2630805
-0.37362745
-0.59046954
0.28115067
0.28115067
-0.2630805
-0.04623839
0.6085397
-0.36937565
-0.15253355
0.17485553
-0.47992262
0.8253819
-0.15253355
-0.59046954
-0.47992262
0.6085397
0.49799278
-0.15678534
-0.80731165
0.39169762
0.39169762
-0.15253355
-0.2630805
0.8253819
0.6085397
0.28115067
-0.6967647
0.49799278
0.06430857
0.5022446
0.49799278
0.06430857
0.39169762
-0.2630805
1.0422239
0.06430857
0.28115067
-0.37362745
-0.04623839
0.39169762
-0.36937565
0.17060372
0.17485553
0.6085397
0.8253819
0.06430857
-0.59046954
0.17485553
0.8253819
0.39169762
-0.80731165
0.06430857
0.6085397
1.0422239
0.7190867
0.8253819
-0.47992262
0.06430857
0.49799278
-0.47992262
-0.47992262
-0.47992262
-0.15253355
0.17060372
0.49799278
0.7190867
-0.15253355
-0.15253355
0.93592876
0.49799278
-0.04623839
1.1527709
0.8253819
-0.2630805
0.39169762
0.6085397
0.7190867
-0.36937565
0.06430857
-0.04623839
-0.37362745
-0.04623839
0.6085397
0.6085397
0.8253819
0.6085397
-0.37362745
1.1527709
0.17060372
-0.2630805
0.28115067
-0.15678534
0.28115067
0.06430857
0.28115067
0.17485553
0.06430857
0.28115067
1.1527709
1.369613
0.49799278
0.06430857
-0.47992262
0.6085397
0.06430857
-0.2630805
-0.37362745
-0.59046954
0.8253819
1.1527709
0.8253819
0.49799278
-0.15253355
0.17060372
0.39169762
-0.47992262
1.369613
0.6085397
-0.04623839
-0.2630805
0.49799278
0.71483487
-0.2630805
0.8253819
1.0422239
1.259066
0.71483487
0.71483487
0.28115067
0.49799278
-0.2630805
-0.2630805
-0.04623839
0.17060372
0.49799278
-0.04623839
0.06430857
0.49799278
0.6085397
0.06430857
-0.04623839
-0.37362745
-0.04623839
0.8253819
1.259066
0.06430857
0.28115067
-0.2630805
0.49799278
0.3874458
0.49799278
0.49799278
1.0422239
0.8253819
0.6085397
-0.04623839
0.71483487
0.49799278
0.3874458
0.8253819
-0.37362745
0.28115067
0.49799278
0.49799278
-0.2630805
0.28115067
0.49799278
1.259066
-0.37362745
0.28115067
0.3874458
0.71483487
-0.59046954
0.71483487
0.49799278
0.71483487
0.28115067
0.06005676
0.49799278
0.49799278
0.8253819
1.0422239
0.6085397
-0.37362745
0.17060372
0.49799278
1.0422239
0.71483487
-0.2630805
1.0422239
0.28115067
0.6042879
1.0422239
0.9316769
1.5864551
0.71483487
0.17060372
0.6085397
1.1527709
-0.2630805
1.259066
0.9316769
0.6042879
0.9316769
-0.2673323
1.5864551
0.17060372
-0.04623839
0.71483487
0.49799278
0.6042879
-0.050490197
0.9316769
1.5864551
0.17060372
0.17060372
0.71483487
1.0422239
0.06005676
0.8253819
1.369613
1.1485192
0.71483487
-0.37362745
1.8032973
0.49799278
-0.15678534
1.259066
1.259066
1.4759082
0.17060372
-0.15678534
0.82113004
0.6042879
0.9316769
1.4759082
0.6042879
1.259066
0.8253819
0.71483487
0.17060372
1.3653612
0.9316769
1.6927503
0.71483487
0.17060372
1.8032973
0.17060372
0.17060372
0.49799278
1.6927503
1.1485192
1.4759082
0.82113004
0.49374095
0.82113004
0.9316769
0.6042879
1.6927503
0.9316769
0.49799278
1.4759082
0.9316769
0.82113004
0.9316769
0.3874458
0.06005676
0.82113004
0.9316769
-0.15678534
1.3653612
1.1485192
1.3653612
0.82113004
1.8032973
1.1485192
0.9316769
0.17060372
0.6042879
1.4759082
0.9316769
1.1485192
1.3653612
1.3653612
0.27689886
1.0422239
1.259066
1.6927503
1.1485192
1.259066
1.4759082
0.49374095
2.2369814
1.0379721
0.06005676
1.1485192
1.1485192
0.9316769
1.259066
1.4759082
0.27689886
2.0201392
0.82113004
0.3874458
1.4759082
1.3653612
1.1485192
0.9316769
0.6042879
1.3653612
1.5822034
1.0379721
1.4759082
0.6042879
1.9095924
1.4759082
1.4759082
2.0158875
1.3653612
2.2369814
1.3653612
1.0379721
1.5822034
1.1485192
1.3653612
1.9095924
0.82113004
2.1264346
1.3653612
1.4716563
0.7105831
0.49374095
1.4759082
1.3653612
1.9095924
1.4759082
0.92742515
1.6927503
2.1264346
0.7105831
2.0201392
0.7105831
0.7105831
0.49374095
1.6927503
1.7990454
0.7105831
1.9095924
1.3653612
1.2548143
1.9095924
1.5822034
1.7990454
1.1485192
1.3653612
1.0379721
2.1264346
0.92742515
1.0379721
2.1264346
0.92742515
1.3653612
2.1264346
1.7990454
1.3653612
1.0379721
1.3653612
1.4716563
1.5822034
1.5822034
1.3653612
1.2548143
1.3653612
2.1264346
1.9095924
1.5822034
1.6927503
2.1264346
2.1264346
1.5822034
1.5822034
2.9980547
2.1264346
1.2548143
1.9095924
1.1442673
2.9980547
2.1264346
1.3653612
1.7990454
1.4716563
1.6927503
1.9095924
1.6884984
1.7990454
1.5822034
1.9095924
1.5822034
1.4716563
2.2369814
2.3432765
1.5822034
1.2548143
1.1442673
1.9095924
1.6884984
1.3653612
0.7105831
1.2548143
2.4538236
1.4716563
1.3653612
2.3432765
2.1264346
1.5822034
1.5822034
2.0158875
2.6706657
1.2548143
1.3653612
2.0158875
1.6884984
1.5822034
1.6884984
1.3653612
2.1264346
1.4716563
1.0379721
0.92742515
1.2548143
1.2548143
1.6927503
2.5601187
1.9095924
1.4716563
1.5822034
2.3432765
1.0379721
0.49374095
2.1264346
1.4716563
2.2369814
2.5601187
1.5822034
1.3653612
1.9095924
2.4538236
1.9095924
2.2327297
1.2548143
2.2369814
1.4716563
2.9980547
2.2327297
1.2548143
2.0158875
1.6884984
0.7105831
1.5822034
1.9095924
1.9095924
1.9095924
1.2548143
1.5822034
1.6884984
2.5601187
1.2548143
1.4716563
1.5822034
2.3432765
1.2548143
2.1264346
2.1264346
1.9095924
2.1264346
1.3653612
1.5822034
1.6884984
1.7990454
2.1264346
1.4716563
1.1442673
2.0201392
1.9095924
1.9095924
1.4716563
2.0158875
2.6706657
1.0379721
1.7990454
1.7990454
1.5822034
1.2548143
1.6884984
2.6706657
2.2327297
2.0158875
1.2548143
1.9095924
2.4495716
2.1264346
1.2548143
1.6884984
2.1264346
2.3432765
1.3611094
1.2548143
2.2327297
2.5601187
1.9053404
2.4495716
1.6884984
0.81687826
2.0158875
1.7990454
2.5601187
1.4716563
1.3611094
1.3611094
1.3611094
2.3432765
1.9053404
2.0158875
1.7990454
1.2548143
2.3432765
2.0158875
1.6884984
1.7990454
2.8875077
2.2327297
2.4495716
1.4716563
1.9053404
2.2327297
1.7990454
1.7990454
0.92742515
2.1264346
2.2327297
1.6884984
2.2327297
1.1442673
2.5601187
1.9053404
2.2327297
2.7769608
1.7947936
1.3611094
2.5601187
2.2327297
1.9053404
2.1264346
2.0158875
1.9053404
2.0158875
1.9053404
1.2548143
1.4716563
2.2327297
0.92742515
2.1264346
1.5822034
2.8875077
1.9053404
1.4716563
2.2327297
2.5601187
2.1221828
2.0158875
2.5601187
2.4495716
2.7769608
2.7769608
2.0158875
2.0158875
2.5601187
2.5601187
2.4495716
2.4495716
2.3432765
2.7769608
2.6664138
2.3432765
1.6884984
3.1043499
2.2327297
1.9053404
2.2327297
2.0158875
2.3432765
1.3611094
1.6884984
2.8875077
1.6884984
1.3611094
2.0158875
2.3432765
3.321192
2.3390248
2.1221828
2.6706657
2.6664138
1.9053404
2.1264346
2.4495716
3.321192
2.4495716
1.7947936
2.1221828
2.5601187
2.2327297
2.0158875
1.9053404
2.993803
2.7769608
1.9053404
1.9053404
3.4274871
2.1221828
2.1221828
1.4716563
2.4495716
1.5779516
2.3390248
2.6664138
2.555867
2.2327297
1.5779516
2.4495716
3.5380342
2.2327297
2.1221828
2.7769608
2.993803
2.6664138
2.5601187
1.7990454
2.2327297
1.7990454
1.7990454
2.3432765
2.0158875
2.2327297
2.2327297
3.1043499
2.3432765
2.5601187
1.7990454
2.2327297
2.7769608
1.9053404
1.6884984
2.1221828
2.1221828
2.7769608
2.6664138
1.9053404
2.4495716
2.0158875
2.5601187
1.6884984
2.5601187
2.5601187
3.321192
2.0158875
1.6884984
2.6664138
2.3432765
2.5601187
2.0158875
2.2327297
2.5601187
2.7769608
2.2327297
2.2327297
2.993803
2.7769608
2.2327297
1.4716563
3.1043499
2.7769608
2.4495716
2.4495716
1.5779516
2.3432765
2.1221828
2.2327297
2.8875077
2.6664138
2.6664138
2.1221828
1.9053404
1.9053404
2.6664138
3.4274871
2.1221828
2.4495716
2.6664138
2.6664138
3.1000981
1.5779516
1.5779516
2.6664138
3.210645
2.1221828
2.7769608
1.3611094
3.5380342
2.555867
2.6664138
3.210645
3.321192
3.4274871
2.7769608
1.6884984
2.7769608
1.6884984
2.2327297
3.644329
2.2327297
1.9053404
2.5601187
2.6664138
2.6664138
2.6664138
1.6884984
2.4495716
2.7769608
2.3390248
1.9053404
2.3390248
2.7769608
2.2327297
2.883256
2.883256
2.2327297
1.9053404
2.3390248
3.210645
2.0158875
1.9053404
2.1221828
3.1000981
2.0158875
2.3390248
2.883256
2.3390248
3.210645
1.9053404
2.6664138
2.2327297
2.1221828
2.2327297
2.4495716
2.4495716
2.7769608
2.883256
2.883256
2.1221828
3.5380342
3.5380342
2.1221828
2.7769608
2.4495716
2.4495716
2.4495716
2.4495716
2.2327297
2.1221828
1.2505624
2.4495716
2.1221828
2.1221828
3.4274871
2.555867
2.883256
3.1000981
2.7769608
2.1221828
2.6664138
2.6664138
1.7947936
2.1221828
2.6664138
3.1000981
2.883256
2.4495716
2.993803
2.6664138
1.9053404
2.993803
2.6664138
2.4495716
3.1000981
2.0116355
2.772709
1.9053404
3.210645
3.210645
2.4495716
2.2327297
3.1043499
2.1221828
1.5779516
2.5601187
3.1000981
3.3169398
3.210645
2.1221828
3.210645
2.1221828
1.0337203
2.8875077
2.993803
1.9053404
2.993803
2.2327297
2.4495716
2.1221828
2.883256
1.9053404
3.5380342
3.4274871
2.555867
3.321192
2.772709
2.228478
1.9053404
2.555867
2.3390248
2.993803
3.4274871
2.883256
2.3390248
3.210645
2.1221828
2.6664138
2.4495716
2.993803
1.9053404
2.993803
3.3169398
2.2327297
2.7769608
3.1000981
2.1221828
2.6664138
2.883256
2.772709
1.7947936
2.6664138
3.5380342
2.555867
4.0822654
1.7947936
2.1221828
3.4274871
2.993803
2.6664138
2.4495716
2.993803
3.210645
3.4274871
2.7769608
2.228478
2.7769608
3.1000981
2.3390248
3.644329
3.1000981
3.4274871
2.883256
1.9053404
2.993803
2.6664138
1.9053404
3.5380342
1.7947936
2.3390248
2.555867
2.3390248
2.993803
2.6664138
2.5601187
2.883256
2.3390248
2.3390248
2.883256
2.7769608
2.883256
2.6664138
2.1221828
2.993803
2.4495716
3.4274871
2.4495716
2.0158875
1.7947936
3.210645
2.555867
2.1221828
2.993803
3.210645
2.3390248
2.2327297
1.9053404
3.321192
2.883256
1.7947936
2.993803
2.6664138
2.7769608
2.6664138
2.555867
1.4674045
2.2327297
3.4274871
1.9053404
2.6664138
2.1221828
1.4716563
2.4495716
2.6664138
2.1221828
2.993803
2.1221828
3.7548761
2.883256
1.9053404
2.2327297
3.5380342
2.4495716
1.9053404
2.1221828
3.5337825
3.1000981
2.4495716
3.3169398
3.1000981
2.4495716
2.6664138
2.6664138
2.4495716
2.883256
2.44532
2.4495716
2.883256
2.993803
2.2327297
3.321192
2.3390248
2.993803
2.2327297
2.993803
2.4495716
1.7947936
2.6664138
3.1000981
2.555867
2.6664138
2.6664138
3.644329
2.989551
2.883256
3.210645
2.1221828
2.7769608
2.4495716
2.993803
3.4274871
2.0116355
2.772709
2.883256
3.4274871
2.993803
1.7947936
1.6884984
2.0116355
2.993803
2.6664138
3.3169398
3.210645
2.6664138
3.5380342
3.210645
1.7947936
2.3390248
3.4274871
3.644329
2.0116355
2.1221828
3.7548761
2.555867
2.3390248
2.1221828
2.6664138
3.644329
2.44532
1.6842467
3.644329
2.883256
2.3390248
2.1221828
2.555867
2.993803
3.8611712
2.772709
3.3169398
2.883256
2.555867
3.1000981
3.210645
3.1000981
2.772709
3.3169398
2.3390248
1.6842467
2.993803
2.555867
3.5337825
2.772709
2.883256
3.3169398
3.9717183
2.0116355
2.555867
3.7548761
2.3390248
2.3390248
3.210645
3.210645
3.3169398
2.228478
2.1221828
2.555867
3.3169398
3.7506244
2.989551
2.228478
3.210645
2.883256
2.6664138
2.993803
3.4274871
3.5337825
3.1000981
2.3390248
3.1000981
2.772709
2.228478
3.210645
2.883256
2.44532
2.883256
2.228478
3.1000981
3.644329
2.555867
2.883256
3.3169398
2.228478
2.228478
3.7548761
3.3169398
3.1000981
2.772709
2.555867
2.772709
2.662162
2.0116355
2.3390248
3.2063932
2.6664138
2.555867
3.5380342
2.555867
2.883256
2.555867
2.772709
3.644329
2.555867
2.7684572
2.883256
2.772709
3.1000981
2.555867
3.4274871
3.210645
3.3169398
1.6842467
3.3169398
3.8611712
2.772709
2.228478
2.555867
3.9717183
3.2063932
3.2063932
2.555867
2.989551
2.772709
3.5337825
2.662162
3.1000981
2.6664138
2.555867
3.4274871
2.772709
2.44532
3.4274871
3.1000981
2.6664138
2.883256
2.228478
3.8611712
2.989551
3.3169398
3.1000981
3.4274871
2.3390248
2.228478
3.1000981
3.3169398
4.0780134
3.2063932
2.883256
2.228478
3.644329
2.989551
2.555867
3.9717183
3.8611712
3.5337825
2.989551
3.1000981
3.1000981
2.555867
1.9010887
3.1000981
3.1000981
3.2063932
2.555867
3.3169398
3.5337825
2.883256
2.883256
2.772709
3.9717183
2.555867
3.3169398
2.228478
2.772709
3.5337825
3.2063932
3.3169398
2.989551
3.644329
3.1000981
2.772709
2.883256
2.989551
2.662162
2.228478
2.555867
3.7506244
3.3169398
3.3169398
3.2063932
2.44532
2.6664138
3.1000981
2.989551
3.2063932
3.1000981
2.555867
3.1000981
3.3169398
2.772709
2.662162
3.1000981
3.9674666
3.5337825
2.555867
3.4274871
3.7506244
2.44532
3.3169398
3.3169398
2.772709
2.228478
2.44532
3.7506244
2.44532
3.2063932
3.5337825
4.0780134
2.117931
3.1000981
3.5337825
3.5337825
2.883256
2.0116355
3.1000981
2.555867
2.44532
4.0780134
3.1000981
2.879004
3.2063932
3.3169398
2.772709
3.5337825
4.0780134
3.5337825
3.3169398
2.1221828
3.2063932
3.2063932
2.989551
3.6400774
3.2063932
2.662162
3.3169398
3.8611712
2.555867
2.117931
4.0780134
2.989551
2.0073838
3.1000981
3.0958462
2.3347728
3.4274871
3.3169398
2.989551
2.772709
3.4232354
3.9674666
2.772709
2.772709
3.3169398
3.5337825
2.44532
2.989551
3.2063932
2.555867
3.644329
3.1000981
3.5337825
2.228478
3.1000981
3.1000981
3.2063932
2.0116355
2.6664138
2.772709
2.989551
3.2063932
3.2063932
4.0780134
3.4274871
3.3169398
3.5337825
2.883256
2.989551
2.3390248
3.3169398
3.7506244
2.662162
3.3169398
3.7506244
3.4232354
1.9010887
3.3169398
4.0780134
2.662162
2.989551
3.2063932
2.117931
2.6664138
3.4232354
2.555867
3.4274871
2.989551
2.772709
3.3169398
3.6400774
3.1000981
3.7506244
3.8611712
2.117931
3.8611712
2.879004
3.3169398
2.44532
3.8611712
2.44532
2.989551
2.879004
3.8611712
2.228478
1.9010887
2.772709
2.555867
2.44532
3.1000981
3.2063932
3.2063932
4.0780134
3.5337825
2.879004
3.9717183
2.772709
2.662162
3.1000981
3.4274871
3.2063932
2.772709
3.1000981
2.662162
2.772709
2.4495716
2.989551
2.662162
2.555867
3.1000981
1.9010887
2.44532
2.883256
3.5337825
2.772709
3.3169398
2.44532
2.883256
2.883256
2.228478
2.228478
2.883256
3.5337825
3.2063932
3.4274871
3.1000981
2.44532
3.8611712
3.7506244
2.989551
3.9717183
2.555867
1.6842467
3.4274871
3.3169398
2.555867
4.2991076
2.879004
2.228478
3.644329
3.3169398
2.117931
4.1885605
3.0958462
2.883256
2.772709
2.555867
2.228478
3.5337825
2.772709
2.44532
3.8611712
3.644329
3.1000981
3.3169398
2.883256
2.879004
2.117931
2.883256
2.989551
2.989551
2.555867
2.883256
2.6664138
3.8611712
2.0116355
2.989551
2.772709
3.5337825
3.5337825
2.228478
3.5337825
2.989551
2.555867
3.0958462
2.772709
3.3169398
2.0116355
2.3390248
2.44532
2.879004
3.1000981
3.5337825
3.4232354
2.228478
3.210645
2.555867
2.6664138
2.989551
3.5337825
4.1885605
3.1000981
3.2063932
3.1000981
3.5337825
3.7506244
2.662162
3.1000981
4.1885605
2.989551
3.8611712
2.883256
2.117931
2.6664138
3.3169398
2.879004
2.44532
3.2063932
3.9674666
2.555867
2.44532
3.5337825
2.989551
2.44532
2.989551
3.4232354
2.662162
3.8611712
3.3169398
3.9674666
3.644329
3.1000981
3.2063932
2.883256
4.0780134
2.879004
2.228478
2.989551
3.8611712
3.3169398
2.3390248
3.644329
3.3169398
3.3169398
3.3169398
2.44532
2.879004
3.2063932
3.8611712
3.2063932
3.2063932
2.228478
3.5337825
2.3390248
2.662162
3.4232354
3.5337825
3.2063932
4.0780134
2.772709
3.2063932
3.5337825
2.772709
3.5337825
2.989551
3.2063932
3.4232354
3.5337825
3.7506244
4.0780134
2.662162
3.5337825
3.8611712
3.5337825
3.2063932
2.662162
2.989551
3.7506244
2.989551
3.2063932
3.644329
4.1843085
3.9674666
2.662162
3.2063932
4.511698
3.4232354
3.0958462
3.3169398
3.6400774
2.662162
2.662162
3.7506244
3.4232354
3.5337825
2.989551
2.772709
2.883256
3.5337825
2.3347728
3.5337825
2.989551
2.989551
3.1000981
3.5337825
2.7684572
3.5337825
3.6400774
3.9674666
2.989551
2.879004
3.7506244
2.989551
2.662162
3.4232354
3.6400774
2.662162
2.989551
3.5337825
3.8611712
3.644329
2.3347728
4.2948556
2.662162
3.0958462
3.8611712
3.9674666
3.2063932
3.7506244
3.8569195
2.9852993
4.0780134
4.72854
4.1843085
2.879004
4.2948556
4.1843085
3.0958462
3.8569195
3.8569195
3.2063932
3.2063932
4.8390865
3.6400774
3.4232354
2.44532
3.7506244
2.662162
3.2063932
3.2063932
4.2948556
3.2063932
2.9852993
4.511698
2.772709
2.44532
3.5337825
4.4011507
2.5516152
4.0780134
3.5337825
3.6400774
2.879004
3.4232354
3.2063932
3.2063932
3.2063932
2.989551
4.1843085
2.44532
3.4232354
4.2948556
4.511698
2.5516152
2.3347728
4.2948556
3.7506244
3.5337825
3.4232354
3.0958462
2.7684572
3.9674666
3.6400774
3.6400774
3.6400774
3.312688
4.617993
3.5295303
2.879004
3.6400774
4.4011507
3.0958462
3.9674666
3.8569195
3.312688
3.8569195
3.6400774
2.5516152
4.1843085
3.8569195
4.1843085
3.0958462
3.9674666
4.4011507
3.312688
2.5516152
3.8569195
4.8348346
3.312688
3.7506244
3.6400774
3.8569195
3.0958462
3.312688
4.72854
4.617993
3.2063932
3.4232354
3.4232354
4.0737615
3.9674666
3.0958462
4.1843085
3.6400774
3.8569195
4.2948556
3.6400774
4.72854
3.9674666
3.0958462
4.6222444
3.0958462
3.7506244
2.879004
3.8569195
3.6400774
3.8569195
3.0958462
3.7506244
3.4232354
3.0958462
4.2948556
4.4011507
3.8569195
3.8569195
3.8569195
3.5295303
3.5295303
3.2021413
5.162224
3.312688
3.312688
4.72854
4.180057
3.8569195
4.1843085
4.1843085
2.4410682
3.8569195
4.1843085
4.2906036
3.8569195
2.7684572
4.0737615
3.6400774
3.8569195
3.8569195
3.9632149
4.4011507
4.617993
4.4011507
3.9674666
4.1843085
4.4011507
3.8569195
4.72854
4.507446
3.5295303
3.2063932
3.9674666
4.72854
3.5295303
4.0737615
4.4011507
3.5295303
2.8747523
3.4232354
4.2906036
4.617993
3.6400774
3.7463725
4.511698
3.2063932
3.8569195
4.511698
3.8569195
2.9852993
4.511698
3.8569195
3.6400774
3.312688
3.312688
3.8569195
4.0737615
3.7463725
3.0958462
3.6400774
4.1843085
3.5295303
4.0737615
3.8569195
4.1843085
4.4011507
4.9453816
3.5295303
3.5295303
3.8569195
4.4011507
4.8348346
4.2906036
3.4189837
3.0958462
4.617993
5.379066
3.8569195
3.4232354
3.2063932
3.8569195
4.4011507
3.5295303
4.1843085
3.9674666
3.0958462
2.879004
3.6400774
3.9632149
3.9674666
3.8569195
3.7463725
4.0737615
3.5295303
3.8569195
4.8348346
3.8569195
4.1843085
3.5295303
4.1843085
4.8348346
2.7684572
3.8569195
4.0737615
4.617993
4.0737615
3.5295303
3.9674666
4.2906036
4.3968987
4.4011507
3.6400774
4.617993
3.8569195
3.5295303
4.511698
4.8348346
4.0737615
3.8569195
4.1843085
5.0516768
3.6400774
4.724288
5.162224
3.5295303
3.7463725
4.2906036
4.507446
3.6400774
4.2906036
5.162224
3.8569195
3.9632149
4.2906036
4.2906036
4.8348346
4.94113
3.5295303
3.6400774
3.9674666
3.5295303
3.8526678
4.2906036
3.6400774
3.4189837
4.511698
3.7463725
3.312688
5.379066
4.4011507
4.0737615
4.0737615
4.617993
3.5295303
4.617993
3.4189837
4.0737615
3.8569195
4.0737615
3.312688
3.8569195
3.7463725
4.0737615
4.8348346
3.4232354
3.5295303
3.7463725
2.9852993
4.2863517
4.0737615
4.724288
3.2021413
3.7463725
4.0737615
5.162224
3.9632149
4.724288
5.379066
4.180057
3.5295303
4.617993
4.9453816
4.2906036
4.613741
3.7463725
3.8569195
3.9632149
3.6358256
5.1579723
4.94113
3.6358256
3.7463725
3.7463725
3.0958462
5.0516768
4.617993
3.7463725
4.0737615
3.2021413
3.8569195
4.0737615
4.180057
4.507446
4.180057
4.8348346
3.312688
4.2906036
4.724288
3.9632149
5.268519
4.507446
4.0737615
3.7463725
3.7463725
5.162224
3.9632149
2.9852993
4.0737615
3.8569195
4.0737615
3.5252786
4.617993
3.7463725
2.8747523
3.8569195
3.312688
4.2906036
3.9632149
4.724288
4.8348346
3.7463725
4.0737615
4.2906036
4.180057
4.94113
3.7463725
4.72854
4.180057
4.180057
4.3968987
3.7463725
4.3968987
3.4189837
3.9632149
4.617993
4.2906036
4.180057
4.3968987
4.2906036
3.7463725
4.2906036
3.4189837
4.3968987
4.724288
4.2906036
3.8569195
4.180057
5.0516768
4.3968987
4.617993
3.8526678
4.617993
3.5295303
3.6358256
5.0516768
3.7463725
3.9632149
4.507446
3.7463725
3.5295303
4.8348346
4.507446
3.7463725
3.312688
3.9632149
4.0737615
4.0737615
4.724288
4.2906036
3.6358256
3.5295303
4.724288
4.507446
3.2021413
5.379066
5.268519
3.7463725
3.4189837
4.2906036
4.180057
5.162224
5.0516768
5.1579723
4.180057
4.2906036
4.2906036
4.507446
3.2021413
4.180057
4.2906036
4.3968987
3.9632149
4.2906036
3.7463725
3.5295303
3.9632149
4.507446
4.724288
3.9632149
4.3968987
5.1579723
3.9632149
4.617993
4.180057
4.507446
4.180057
5.595908
4.3968987
4.0737615
3.4189837
4.0737615
3.4189837
4.617993
4.180057
3.312688
3.7463725
3.8526678
3.4189837
4.617993
4.724288
3.6358256
3.2021413
4.507446
4.3968987
4.2906036
4.507446
4.0737615
4.180057
4.180057
3.7463725
4.2906036
4.8348346
4.724288
3.2021413
4.4011507
4.507446
4.06951
5.0516768
4.2906036
3.9632149
3.4189837
4.2906036
4.180057
5.0516768
3.7463725
4.94113
3.8526678
4.3968987
3.8526678
4.8348346
4.180057
3.7463725
4.2906036
3.6358256
4.507446
4.2906036
4.507446
4.613741
3.0915945
4.507446
5.0516768
4.724288
4.507446
4.180057
5.162224
4.507446
3.4189837
3.9632149
4.724288
4.2863517
4.180057
4.617993
4.617993
3.8526678
3.8526678
4.8348346
3.8526678
3.9632149
3.6358256
4.724288
4.3968987
4.507446
4.724288
4.507446
4.3968987
3.9632149
4.8348346
4.3968987
3.3084364
3.9632149
3.8526678
4.06951
4.724288
4.613741
3.9632149
4.06951
4.613741
3.9632149
4.613741
4.724288
3.6358256
4.0737615
4.3968987
3.9632149
4.94113
4.2863517
4.94113
4.180057
4.724288
3.6358256
3.6358256
5.0516768
4.3968987
4.06951
4.617993
4.180057
4.724288
3.6358256
4.3968987
3.8526678
4.180057
4.3968987
5.268519
4.3968987
3.0915945
4.2906036
4.94113
4.06951
4.2906036
4.724288
4.06951
4.2906036
4.617993
4.613741
3.6358256
5.0516768
4.94113
4.180057
3.8526678
4.3968987
4.507446
3.5252786
3.7421207
4.2906036
3.7463725
4.3968987
4.507446
3.3084364
3.6358256
4.94113
3.8526678
4.617993
4.06951
3.7421207
4.8348346
4.94113
5.0516768
4.724288
4.3968987
4.507446
3.8526678
4.507446
5.0516768
3.9632149
4.617993
4.8348346
4.2906036
3.0915945
3.4189837
4.724288
4.3968987
3.7463725
4.8348346
4.180057
3.6400774
3.5295303
4.724288
4.613741
3.6358256
4.4011507
3.6358256
4.724288
3.7463725
4.507446
5.268519
4.507446
4.2906036
4.9453816
4.724288
3.6358256
4.724288
3.6358256
2.9852993
3.9632149
3.9632149
3.6358256
3.6358256
4.617993
4.8348346
4.617993
3.7463725
5.0516768
4.06951
3.312688
4.1843085
4.507446
3.2021413
4.2906036
4.617993
3.2021413
3.4189837
3.9632149
4.2906036
4.180057
3.6358256
5.0516768
3.7463725
3.9632149
3.4189837
3.9632149
3.6400774
3.8569195
3.0958462
2.9852993
4.4011507
3.6400774
2.9852993
3.8569195
4.2906036
3.5295303
4.1843085
3.5295303
3.7463725
3.312688
3.312688
5.162224
3.6358256
3.0958462
3.8569195
3.8569195
3.5295303
3.4232354
3.5295303
3.2021413
2.7684572
3.2021413
3.8569195
2.5516152
3.9632149
3.8569195
2.7684572
3.0958462
3.4232354
3.7463725
3.5295303
3.7463725
3.5295303
2.4410682
3.8569195
3.9632149
3.5295303
4.511698
3.5295303
2.65791
3.9632149
4.0737615
2.65791
3.312688
3.0958462
2.9852993
3.7506244
4.2906036
3.5295303
3.2063932
4.0737615
4.2906036
3.6400774
3.4189837
4.617993
4.1843085
3.312688
3.0958462
3.7463725
3.4189837
2.9852993
3.0958462
3.8569195
2.9852993
3.8569195
4.617993
3.8569195
2.7684572
3.8569195
3.7463725
3.8569195
4.0737615
3.8569195
3.0958462
3.5295303
3.4189837
3.9632149
2.5516152
3.4189837
3.4232354
2.5516152
2.65791
3.7463725
2.7684572
3.4232354
3.8569195
3.5295303
2.9852993
3.7463725
4.2906036
3.312688
3.5295303
3.312688
3.9632149
3.5295303
2.7684572
3.5295303
4.0737615
3.8569195
3.5295303
4.0737615
3.6400774
3.8569195
2.65791
3.5295303
3.312688
2.65791
3.312688
3.2021413
3.7506244
4.2906036
3.4232354
2.879004
3.312688
3.5295303
3.2063932
3.9632149
3.8569195
3.5295303
3.5295303
3.312688
3.7463725
4.617993
2.9852993
4.0737615
3.6400774
3.7506244
4.0737615
2.8747523
3.2021413
4.0737615
3.0958462
4.0737615
3.7463725
2.4410682
3.7463725
3.0958462
2.4410682
3.4189837
3.4189837
3.6400774
2.5516152
3.9674666
4.0737615
4.1843085
4.0737615
3.8569195
4.507446
3.2021413
3.5295303
3.6358256
3.4189837
2.9852993
3.5295303
4.0737615
4.1843085
3.5295303
2.7684572
3.8569195
3.0958462
2.65791
3.8569195
3.0958462
3.312688
3.5295303
3.4232354
3.5295303
3.5295303
4.2906036
4.0737615
3.4189837
3.6400774
3.312688
3.312688
4.8348346
3.5295303
3.7463725
3.312688
4.0737615
3.5295303
2.5516152
2.9852993
3.2063932
3.4232354
3.312688
3.312688
2.5516152
2.7684572
3.5295303
3.8569195
2.5516152
4.2948556
3.0958462
2.5516152
4.2948556
3.312688
2.9852993
3.6400774
3.312688
3.0958462
4.617993
3.312688
2.879004
2.7684572
3.4232354
2.879004
2.879004
2.879004
4.0737615
2.9852993
2.9852993
3.6400774
3.312688
2.9852993
2.5516152
3.4232354
2.879004
4.0737615
3.0958462
2.879004
3.312688
3.7506244
3.4232354
2.879004
4.1843085
2.9852993
4.4011507
3.7506244
2.224226
3.4232354
3.5295303
3.312688
3.0958462
3.312688
2.9852993
3.0958462
2.5516152
3.6400774
2.879004
3.3169398
3.5337825
2.879004
3.9674666
2.879004
3.9674666
2.879004
2.44532
2.879004
3.4232354
2.224226
3.6400774
3.2063932
3.6400774
2.7684572
2.4410682
2.879004
3.0958462
2.879004
3.0958462
4.1843085
3.6400774
3.7506244
3.6400774
2.5516152
3.6400774
2.879004
3.4232354
2.44532
3.4232354
3.0958462
3.312688
3.2021413
2.7684572
2.0073838
3.4232354
2.879004
2.662162
2.989551
3.312688
3.2021413
2.9852993
3.0958462
2.5516152
3.2063932
3.5295303
2.224226
3.2063932
3.0958462
3.8569195
2.65791
1.9010887
3.4232354
3.312688
4.1843085
2.7684572
2.224226
3.5337825
2.9852993
2.9852993
2.662162
3.0958462
3.0958462
3.0958462
2.3347728
3.2063932
2.3347728
3.0958462
2.5516152
2.5516152
3.3169398
3.6400774
3.6400774
2.44532
2.7684572
3.6400774
2.5516152
2.879004
2.7684572
3.9674666
3.5295303
2.879004
3.0958462
3.4232354
3.2021413
2.879004
3.8569195
2.7684572
3.4232354
3.2063932
3.5295303
3.2021413
2.7684572
3.0958462
2.9852993
3.4232354
2.9852993
3.9674666
2.3347728
2.0073838
2.4410682
3.6400774
3.7463725
3.2063932
3.0958462
3.8569195
3.6400774
3.312688
3.0958462
3.5295303
2.9852993
2.879004
3.4189837
4.617993
3.5295303
2.879004
2.5516152
3.2063932
3.6400774
2.7684572
3.8569195
3.312688
3.5337825
2.4410682
2.7684572
3.0958462
2.7684572
2.7684572
3.4189837
3.7463725
3.8569195
3.2021413
3.5295303
3.6400774
3.8569195
2.662162
2.662162
2.9852993
2.3347728
4.0737615
3.4232354
3.0958462
3.0958462
3.7506244
3.0958462
3.0958462
2.44532
3.5337825
3.4232354
2.5516152
3.4232354
3.8569195
3.8569195
2.7684572
2.44532
3.312688
2.879004
3.312688
3.2063932
2.989551
2.879004
3.2063932
2.879004
2.228478
2.117931
2.5516152
2.879004
3.2063932
2.662162
2.662162
2.989551
3.312688
2.117931
2.555867
3.2063932
3.5337825
3.4232354
1.5736997
3.3169398
3.5337825
2.228478
2.117931
3.2063932
3.7506244
2.117931
1.7905419
3.5337825
2.879004
1.9010887
2.662162
2.662162
1.9010887
1.9010887
2.44532
3.2063932
1.6842467
2.44532
3.2063932
2.3347728
2.117931
1.6842467
3.2063932
2.989551
1.7947936
2.879004
1.3568575
3.3169398
2.555867
2.0116355
2.44532
2.989551
1.9010887
3.1000981
2.228478
2.228478
1.4674045
2.0116355
3.1000981
2.0116355
1.9010887
2.772709
2.117931
1.9010887
1.9010887
2.117931
1.3568575
1.7947936
2.555867
1.9010887
1.2505624
1.9010887
1.9010887
2.228478
2.555867
2.0116355
2.772709
2.0116355
1.4674045
2.44532
1.4674045
1.7947936
2.7769608
2.3390248
2.0116355
2.2327297
2.0116355
1.1400155
1.5779516
2.228478
1.0337203
1.7947936
2.6664138
0.9231734
2.2327297
2.0116355
0.9231734
1.7947936
1.4716563
1.1442673
2.4495716
1.4674045
1.7947936
1.3611094
1.1442673
1.1442673
1.7947936
1.0337203
1.6884984
2.4495716
1.0337203
1.5779516
2.4495716
1.6884984
1.7947936
1.4674045
0.70633125
1.6884984
1.7947936
0.81687826
1.0337203
2.0116355
0.70633125
0.70633125
1.6884984
1.7947936
0.27264705
1.9053404
1.5779516
1.7947936
1.5779516
1.6884984
1.9053404
1.5779516
1.1442673
0.60003614
1.6884984
1.3611094
1.9053404
0.81687826
2.2327297
1.4674045
1.4674045
1.5779516
1.5779516
1.5779516
1.2505624
1.6884984
2.4495716
1.3611094
1.5779516
0.92742515
1.5779516
0.4894892
1.3611094
1.2505624
0.81687826
0.4894892
1.3611094
1.5779516
0.4894892
0.70633125
1.5779516
0.81687826
1.4674045
1.3611094
0.27264705
1.2505624
1.5779516
1.1442673
1.6884984
1.5779516
1.2505624
0.70633125
1.1442673
1.4716563
0.4894892
0.92742515
1.0337203
0.92742515
1.3611094
1.1442673
1.2548143
1.1442673
0.92742515
0.81687826
0.81687826
2.0158875
1.3611094
1.1442673
0.81687826
1.0337203
1.1442673
1.1442673
2.1221828
1.9053404
0.92742515
0.70633125
1.7990454
0.60003614
0.60003614
1.0337203
0.70633125
2.0158875
0.60003614
0.27264705
0.27264705
0.27264705
2.0158875
1.0379721
0.92742515
1.2548143
1.2548143
1.1442673
1.1442673
1.1442673
0.70633125
0.81687826
1.1442673
1.0337203
2.0158875
0.92742515
1.5822034
1.5822034
0.81687826
0.81687826
1.4716563
0.27264705
1.6884984
1.4716563
0.81687826
2.0158875
1.0337203
1.4716563
1.6884984
0.4894892
0.81687826
0.38319403
0.60003614
0.81687826
1.5822034
1.3611094
0.92742515
1.5822034
0.27264705
1.3611094
0.4894892
1.5822034
1.3611094
1.4716563
1.0379721
0.70633125
0.81687826
1.1442673
1.4716563
1.0379721
1.0337203
1.5822034
0.7105831
0.81687826
1.2548143
0.92742515
0.4894892
1.4716563
1.0379721
0.055804953
1.0379721
1.1442673
0.055804953
1.1442673
0.49374095
1.1442673
1.1442673
0.7105831
0.38319403
0.60003614
0.7105831
1.4716563
0.7105831
0.27264705
1.7990454
1.2548143
0.60003614
1.4716563
0.4894892
0.38319403
0.60003614
1.1442673
0.7105831
0.60003614
-0.27158412
1.4716563
0.49374095
0.92742515
1.2548143
0.92742515
0.60003614
0.38319403
0.16635191
1.0379721
0.92742515
1.5822034
0.38319403
1.2548143
1.2548143
0.49374095
-0.2673323
0.49374095
0.7105831
0.7105831
0.82113004
1.2548143
-0.16103715
0.27264705
1.0379721
-0.050490197
0.92742515
-0.37787926
0.4894892
0.7105831
0.16635191
0.16635191
1.5822034
0.27689886
-0.2673323
1.3653612
0.82113004
-0.050490197
1.3653612
0.49374095
0.6042879
1.0379721
0.81687826
-0.050490197
1.5822034
-0.2673323
-0.16103715
-0.2673323
0.16635191
1.1485192
1.7990454
1.1485192
1.0379721
-0.4841744
0.82113004
0.49374095
0.9316769
-0.16103715
0.06005676
0.7105831
0.82113004
0.49374095
-0.16103715
0.7105831
-0.16103715
1.2548143
0.49374095
0.16635191
-0.2673323
0.06005676
0.7105831
0.7105831
0.7105831
-0.4841744
0.82113004
0.7105831
-0.2673323
-0.2673323
-0.15678534
0.6042879
0.3874458
0.06005676
-0.15678534
-0.37362745
-0.2673323
0.3874458
0.17060372
-0.59046954
0.27689886
-0.4841744
-0.37787926
0.71483487
0.17060372
0.3874458
-0.37362745
-0.4841744
-0.15678534
0.27689886
0.06005676
-0.04623839
-0.37362745
0.17060372
0.17060372
-0.04623839
-0.37362745
-1.1347008
-0.2673323
-0.15678534
0.17060372
0.3874458
-1.0284055
0.49799278
-0.4841744
-1.0284055
-0.37362745
0.6042879
-0.15678534
-0.37362745
-0.7010165
-0.15678534
0.6042879
-0.91785866
-0.59046954
-0.47992262
0.17060372
-0.4841744
-1.2452477
-0.59046954
0.06005676
-0.04623839
-0.59046954
-0.7010165
-0.7010165
0.17060372
0.06430857
-0.91785866
-0.8115635
-0.91785866
0.17060372
-0.80731165
-0.2630805
-0.7010165
-1.0241537
-0.59046954
-0.47992262
-0.5947214
-0.59046954
-0.59046954
-0.80731165
-0.37362745
-0.2630805
-1.0241537
-0.47992262
-1.3515428
-1.3515428
-0.15253355
-0.59046954
-0.80731165
-1.568385
-0.47992262
-1.3515428
-1.4620898
-0.59046954
0.17060372
0.06430857
-1.568385
-1.4620898
-1.2409959
0.06430857
-0.47992262
-0.6967647
-1.2409959
-1.568385
-1.0241537
-1.4578379
-0.36937565
-1.0241537
-0.6967647
-2.0020692
-1.2409959
-1.7852271
-0.2588287
-1.4578379
-0.47992262
-1.1347008
-0.36937565
-1.2409959
-1.3515428
-0.47992262
-1.3515428
-2.112616
-1.3515428
-1.0241537
-1.2409959
-0.80731165
-1.568385
-1.7852271
-1.568385
-0.36937565
-2.0020692
-1.895774
-1.1304489
-1.4578379
-0.2630805
-1.0241537
-2.0020692
-1.4578379
-0.80731165
-1.0241537
-1.4578379
-2.0020692
-0.2630805
-1.7852271
-1.7852271
-0.9136068
-1.568385
-0.80731165
-1.568385
-1.7852271
-0.36937565
-1.67468
-2.0020692
-1.4578379
-0.36937565
-0.9136068
-1.4578379
-1.0241537
-0.80731165
-0.47992262
-1.7852271
-1.568385
-0.37362745
-1.4578379
-0.59046954
-1.0241537
-1.0241537
-1.895774
-2.006321
-0.6967647
-0.80731165
-1.0241537
-1.4578379
-0.80731165
-1.1304489
-1.2409959
-1.2409959
-0.9136068
-1.7852271
-1.4620898
-0.6967647
-1.2409959
-2.112616
-1.7852271
-0.6967647
-1.2409959
-1.0241537
-1.3515428
-0.47992262
-1.0241537
-1.568385
-0.80731165
-1.568385
-1.3515428
-0.15253355
-1.678932
-1.1347008
-0.6967647
-1.4578379
-1.3515428
-1.1347008
-1.3515428
-1.678932
-1.7852271
-1.3515428
-1.1347008
-0.80731165
-0.15678534
-1.7852271
-1.568385
-1.1347008
-0.80731165
-1.2409959
-1.4620898
0.06005676
-0.91785866
-0.2630805
-0.15678534
-0.04623839
-0.59046954
-0.91785866
-0.37362745
-0.80731165
-0.91785866
-0.8115635
-0.91785866
0.49799278
-0.2630805
-0.04623839
0.49799278
-0.37362745
-1.0284055
0.49799278
-0.37362745
-0.4841744
0.3874458
-0.59046954
-0.15678534
0.6042879
-0.59046954
-0.050490197
0.71483487
-0.15678534
-0.4841744
-0.2673323
-0.2673323
-1.2452477
-0.2673323
0.49374095
-0.050490197
0.3874458
0.3874458
-0.59046954
-0.4841744
-0.2673323
0.06005676
-0.050490197
-0.4841744
0.06005676
0.71483487
0.06005676
-0.7010165
0.06005676
-0.050490197
-0.2673323
0.06005676
-0.050490197
-0.2673323
-0.5947214
-0.2673323
-0.050490197
0.06005676
-0.050490197
-0.4841744
-0.4841744
-0.04623839
0.27689886
-0.4841744
0.17060372
0.06005676
-0.8115635
0.6042879
0.60003614
-0.2673323
-0.4841744
0.27689886
0.27689886
0.06005676
-0.15678534
0.82113004
0.82113004
0.16635191
-0.37787926
0.06005676
-0.050490197
-0.37787926
-0.37787926
0.16635191
1.0379721
0.7105831
-0.5947214
1.0379721
1.2548143
0.82113004
0.16635191
1.0379721
0.92742515
0.49374095
-0.16103715
0.92742515
1.1442673
1.0379721
0.82113004
1.0337203
1.0379721
1.0379721
0.60003614
0.81687826
1.2548143
0.27264705
0.49374095
1.2548143
0.92742515
0.7105831
0.60003614
0.60003614
0.92742515
0.92742515
1.2548143
0.60003614
-0.2673323
0.92742515
0.81687826
0.38319403
0.4894892
1.0379721
0.38319403
0.81687826
0.81687826
1.0379721
0.92742515
0.27264705
1.4716563
1.4716563
0.38319403
1.4716563
1.0379721
0.49374095
0.49374095
0.055804953
0.7105831
0.49374095
0.16635191
1.4716563
0.49374095
0.38319403
1.5822034
0.92742515
-0.16103715
0.60003614
0.27264705
1.6884984
0.7105831
0.60003614
1.3611094
1.2548143
0.16635191
1.4716563
0.27264705
1.2548143
0.49374095
0.92742515
1.3611094
1.1442673
0.92742515
0.60003614
1.0337203
-0.16103715
0.92742515
1.0337203
1.3611094
0.38319403
0.055804953
1.4716563
0.92742515
0.60003614
1.4716563
0.27264705
0.60003614
0.81687826
0.4894892
1.1442673
0.92742515
0.92742515
0.92742515
1.3611094
1.1442673
0.70633125
1.3611094
0.60003614
1.6884984
1.0337203
1.1442673
1.4716563
0.81687826
0.60003614
0.81687826
0.92742515
-0.054742
1.3611094
0.81687826
0.9231734
1.6884984
1.5779516
0.4894892
0.81687826
0.92742515
1.3611094
0.4894892
1.3611094
1.6884984
0.60003614
1.3611094
1.3611094
1.0337203
0.92742515
1.0337203
1.1442673
0.81687826
0.81687826
0.7105831
0.7105831
1.1442673
0.81687826
0.4894892
1.1442673
0.4894892
0.7105831
1.4716563
0.9231734
0.70633125
1.2505624
1.0337203
0.27264705
1.3611094
1.6884984
1.0337203
0.60003614
1.5779516
0.37894222
1.3611094
1.9053404
1.0337203
0.27264705
2.2327297
1.3611094
1.5779516
1.7947936
1.7947936
1.3611094
1.7947936
2.1221828
1.5779516
1.6842467
2.0116355
1.7947936
1.6842467
2.3390248
1.9053404
1.5779516
2.228478
1.7947936
2.44532
0.9231734
2.228478
2.228478
1.7947936
2.1221828
2.1221828
1.7947936
1.2505624
0.9231734
1.9053404
1.7947936
2.3390248
1.9053404
2.1221828
1.5779516
2.0116355
1.7947936
1.5779516
1.5779516
1.1442673
1.9053404
0.9231734
1.4674045
1.2505624
1.5779516
0.70633125
0.27264705
1.0337203
1.6884984
1.2505624
0.92742515
0.81687826
1.5779516
0.81687826
1.0337203
2.1221828
1.7947936
1.0337203
1.6884984
1.4674045
1.1442673
1.3611094
0.055804953
1.9053404
0.92742515
1.4716563
2.4495716
1.0337203
1.2505624
1.2505624
1.0337203
1.3611094
1.7947936
1.1400155
1.7947936
1.6884984
1.5779516
1.7947936
1.2505624
2.228478
1.9010887
1.2505624
0.9231734
2.1221828
1.6842467
2.555867
1.2505624
1.6842467
2.0116355
1.1400155
1.9010887
1.4674045
0.9231734
1.3568575
2.883256
2.228478
0.70633125
1.3611094
1.9010887
1.0337203
0.8126264
1.9010887
2.0116355
1.2505624
1.3611094
1.7947936
1.5779516
1.2505624
1.2505624
1.2505624
1.5779516
1.3611094
1.5779516
1.3611094
1.5779516
1.0337203
1.2505624
0.27264705
1.0337203
1.2505624
0.70633125
1.2505624
1.3611094
0.70633125
1.0337203
2.2327297
0.70633125
1.2505624
1.6884984
0.9231734
1.2505624
1.6884984
0.60003614
1.3611094
1.6884984
0.4894892
0.70633125
1.1442673
0.4894892
1.3611094
1.6884984
1.0337203
-0.054742
1.2505624
1.2505624
1.0337203
0.81687826
1.5779516
1.0337203
0.9231734
1.2505624
1.4674045
1.5779516
0.70633125
1.0337203
1.0337203
0.4894892
0.60003614
1.5779516
0.70633125
1.2505624
1.7947936
0.4894892
0.9231734
0.70633125
2.2327297
0.81687826
1.4674045
1.9053404
1.1442673
0.4894892
2.0116355
1.2505624
1.7947936
1.2505624
0.4894892
2.1221828
1.0337203
0.4894892
0.81687826
1.0337203
0.60003614
0.92742515
1.1442673
0.70633125
0.4894892
0.81687826
0.60003614
0.4894892
1.3611094
1.1442673
0.27264705
1.2548143
1.2548143
0.60003614
0.81687826
1.4716563
0.81687826
-0.16103715
1.6884984
1.7947936
0.81687826
1.1442673
1.5779516
0.92742515
0.81687826
0.60003614
1.0337203
0.4894892
0.055804953
1.1442673
0.92742515
1.0337203
1.5822034
0.81687826
0.60003614
0.38319403
0.92742515
0.60003614
1.1442673
0.9231734
0.4894892
1.3611094
0.60003614
1.3611094
1.0337203
1.3611094
0.38319403
0.4894892
0.81687826
1.1442673
0.27264705
0.92742515
0.60003614
0.92742515
0.7105831
0.38319403
1.2548143
1.5779516
0.60003614
1.4716563
1.1442673
0.1621001
1.4716563
0.81687826
0.38319403
1.3611094
0.49374095
0.92742515
0.81687826
1.2548143
0.055804953
0.92742515
0.92742515
0.70633125
1.1442673
0.38319403
0.38319403
1.4716563
0.7105831
0.055804953
1.0379721
0.38319403
0.38319403
0.16635191
0.7105831
-0.050490197
0.49374095
1.2548143
0.7105831
-0.7052683
1.0379721
0.82113004
-0.050490197
0.38319403
1.1442673
0.7105831
0.38319403
0.16635191
0.38319403
0.7105831
1.0379721
-0.050490197
0.60003614
0.16635191
0.60003614
0.27689886
0.38319403
0.60003614
0.49374095
0.27689886
-0.2673323
-0.050490197
0.82113004
0.92742515
0.60003614
0.49374095
0.38319403
0.16635191
-0.37787926
-0.050490197
0.16635191
0.16635191
-0.2673323
-0.2673323
-0.050490197
0.06005676
-0.15678534
-0.2673323
-0.16103715
0.3874458
-0.2673323
-1.0284055
-0.37362745
0.49374095
-0.15678534
-0.59046954
0.06005676
0.6042879
-0.4841744
-0.8115635
0.27689886
0.6042879
-0.7010165
-0.050490197
-0.37362745
-0.59046954
-0.91785866
0.6042879
-1.0284055
-0.91785866
-0.80731165
-0.91785866
-0.91785866
-1.3515428
-0.59046954
-0.80731165
-2.112616
-1.0241537
-0.2630805
-1.0241537
-1.3515428
-0.2630805
-0.59046954
-1.2409959
-0.59046954
-1.1347008
-1.895774
-0.80731165
-1.3515428
-1.2409959
-1.0241537
-1.0241537
-1.568385
-1.3515428
-1.2409959
-1.0241537
-1.4578379
-2.006321
-0.15253355
-1.3515428
-1.7852271
-1.2409959
-1.0241537
-2.2189112
-1.891522
-1.678932
-2.7631423
-1.0241537
-1.0241537
-2.0020692
-1.2409959
-1.347291
-1.568385
-1.891522
-2.112616
-1.5641332
-1.7852271
-1.347291
-1.1304489
-1.3515428
-1.0241537
-1.2409959
-1.2409959
-1.67468
-2.112616
-2.2189112
-1.5641332
-1.1304489
-1.5641332
-1.891522
-2.6525953
-1.5641332
-1.67468
-1.891522
-2.1083643
-2.9799845
-2.1083643
-1.891522
-2.1083643
-3.0862796
-2.5420485
-2.5420485
-1.7809752
-2.8694377
-3.0862796
-2.9799845
-1.9978173
-3.0862796
-3.5242157
-2.2146595
-2.5420485
-3.0862796
-2.5420485
-2.9757328
-3.5242157
-2.6525953
-3.1968267
-3.6305108
-3.0862796
-2.5420485
-2.1041124
-2.5420485
-3.0862796
-2.7588906
-3.303122
-2.7588906
-2.7588906
-3.1968267
-3.0862796
-3.192575
-2.7588906
-3.519964
-3.4136686
-3.192575
-2.7588906
-2.2146595
-2.6483436
-3.0862796
-3.303122
-3.8473527
-2.6483436
-2.5420485
-3.8473527
-2.9757328
-2.8651857
-3.303122
-3.7368062
-2.2146595
-3.8473527
-3.0862796
-3.303122
-3.303122
-2.4315016
-2.8694377
-3.6305108
-3.0862796
-3.303122
-2.5420485
-3.7368062
-2.4315016
-2.7588906
-2.8694377
-2.4315016
-2.7588906
-3.0862796
-2.5420485
-3.6305108
-2.3209546
-3.4136686
-3.303122
-2.7588906
-2.9757328
-3.6305108
-3.519964
-2.5377967
-3.2988698
-2.3209546
-3.953648
-2.9757328
-2.9757328
-3.519964
-3.303122
-2.2146595
-3.519964
-3.303122
-2.4315016
-2.9757328
-2.4315016
-3.303122
-2.7588906
-2.7588906
-2.3252065
-2.4315016
-2.2146595
-3.303122
-2.9757328
-2.1041124
-3.7368062
-3.519964
-2.6483436
-2.9757328
-2.7588906
-2.9757328
-2.6483436
-2.4315016
-3.6305108
-3.0862796
-2.5420485
-2.8694377
-3.6305108
-2.4315016
-3.0862796
-2.2146595
-2.8694377
-2.2146595
-2.7588906
-2.6525953
-1.7809752
-1.9978173
-2.4315016
-3.3073738
-2.8694377
-2.5420485
-2.5420485
-2.2146595
-2.5420485
-3.6305108
-2.3252065
-2.3252065
-1.5641332
-2.3252065
-2.7631423
-2.1083643
-2.3252065
-2.3252065
-1.891522
-2.8694377
-2.6525953
-1.4535861
-2.4315016
-2.2146595
-3.4136686
-1.6704283
-3.0862796
-2.5420485
-1.9978173
-2.8694377
-2.6525953
-2.3252065
-2.6525953
-1.5641332
-2.7588906
-3.0905313
-1.4535861
-1.9978173
-2.6525953
-1.4535861
-2.3252065
-1.9978173
-2.8694377
-2.6525953
-2.2146595
-2.9799845
-2.7588906
-1.9978173
-2.7588906
-3.4136686
-2.7588906
-2.9799845
-2.1083643
-2.7631423
-1.347291
-2.3252065
-2.6525953
-1.0199019
-2.3252065
-1.891522
-2.2189112
-1.347291
-2.1083643
-1.347291
-1.7852271
-1.4578379
-1.7852271
-1.1304489
-1.1304489
-1.67468
-0.80731165
-1.5641332
-1.891522
-1.0241537
-0.47992262
-1.2409959
-1.2409959
-1.4578379
-0.6967647
-1.67468
-1.568385
-1.3515428
-0.2630805
-1.0241537
-1.0241537
-1.4578379
-1.4578379
-1.4578379
-2.0020692
-0.9136068
-1.0241537
-2.2189112
-1.0241537
-1.4578379
-1.4578379
-2.2189112
-0.9136068
-1.7852271
-1.7852271
-1.568385
-1.4578379
-1.678932
-1.678932
-0.8030599
-2.0020692
-1.3515428
-0.9136068
-2.3294582
-0.6967647
-1.2409959
-1.7852271
-1.67468
-1.1304489
-1.568385
-1.7852271
-1.67468
-1.4578379
-1.7852271
-2.0020692
-1.2409959
-2.112616
-0.6967647
-1.3515428
-1.7852271
-1.7852271
-1.568385
-0.6967647
-0.6967647
-1.568385
-2.112616
-1.0241537
-0.80731165
-1.7852271
-0.59046954
-1.1347008
-1.1347008
0.17060372
0.06430857
-1.4620898
-1.0241537
0.17060372
-0.91785866
0.28115067
-0.15678534
-1.4620898
-0.04623839
-0.59046954
-0.7010165
0.28115067
-0.91785866
-0.91785866
-0.91785866
-1.4620898
-0.04623839
0.17060372
-0.91785866
-0.7010165
0.27689886
-0.15678534
0.17060372
0.49799278
0.06005676
-0.37362745
-0.37362745
-0.59046954
0.6042879
-0.7010165
0.6042879
0.6042879
-0.7010165
-0.15678534
0.3874458
-0.5947214
-0.4841744
-0.2673323
0.6042879
0.27689886
0.27689886
0.49374095
-0.4841744
0.6042879
0.49374095
0.16635191
0.06005676
-0.2673323
0.06005676
-0.5947214
0.27689886
1.3653612
0.6042879
-0.050490197
1.5822034
0.60003614
-0.27158412
1.5822034
0.38319403
0.38319403
1.4716563
0.49374095
-0.050490197
1.5822034
1.6884984
1.0379721
0.16635191
0.81687826
0.7105831
0.7105831
0.81687826
1.4716563
0.60003614
0.60003614
0.92742515
1.5779516
0.38319403
1.2548143
1.3653612
0.38319403
1.1442673
0.38319403
1.4716563
1.4716563
0.27264705
2.1221828
1.4674045
0.60003614
0.4894892
0.4894892
1.6884984
1.1442673
1.4716563
1.3611094
0.81687826
1.6884984
1.9053404
0.055804953
0.92742515
1.2505624
0.81687826
0.60003614
1.1442673
1.9053404
1.3611094
1.7947936
1.3611094
1.2505624
1.1442673
1.7947936
1.4674045
1.3611094
1.5779516
1.4674045
1.7947936
2.1221828
1.5736997
1.4674045
1.1400155
1.7947936
1.6842467
1.2505624
2.772709
1.4674045
1.4674045
1.2505624
1.7947936
1.3611094
2.228478
2.0116355
1.1400155
1.5779516
2.555867
1.2505624
2.228478
2.555867
2.1221828
2.44532
1.7947936
1.3568575
2.3390248
2.44532
2.44532
2.3347728
2.3347728
1.2505624
1.7947936
2.44532
2.117931
2.3390248
1.9010887
3.1000981
2.3347728
1.7947936
1.6842467
2.6664138
2.228478
2.228478
2.44532
2.44532
2.228478
2.228478
1.4674045
1.9010887
2.879004
1.9010887
2.879004
2.9852993
3.2063932
2.228478
3.2063932
2.3347728
2.228478
3.0958462
1.7905419
2.879004
3.312688
2.989551
2.117931
2.117931
2.879004
2.662162
2.5516152
2.117931
2.3347728
2.879004
2.989551
2.5516152
1.9010887
2.5516152
2.879004
3.5295303
3.4232354
2.879004
3.0958462
3.312688
2.3347728
3.312688
2.3347728
2.3347728
2.879004
2.9852993
2.5516152
2.662162
2.9852993
2.224226
3.2063932
2.224226
2.7684572
2.7684572
3.0958462
2.7684572
3.4232354
3.2021413
2.7684572
2.879004
2.0073838
1.896837
3.312688
3.2063932
2.0073838
2.228478
2.117931
2.44532
2.44532
2.117931
3.4232354
2.117931
2.879004
3.3169398
2.3347728
1.9010887
2.662162
3.4232354
1.7905419
3.2063932
2.44532
3.3169398
3.2063932
2.879004
2.5516152
2.3347728
3.7506244
3.0958462
2.117931
3.1000981
2.879004
2.44532
2.3347728
2.5516152
1.2463106
2.662162
2.0116355
1.9010887
2.772709
2.879004
3.0958462
2.117931
2.0073838
2.879004
2.117931
2.989551
2.662162
1.7905419
2.3347728
2.228478
3.0958462
2.3347728
2.3347728
2.44532
2.44532
2.662162
2.44532
2.879004
2.228478
2.117931
2.989551
1.6842467
1.9010887
2.989551
1.4674045
1.1400155
1.5736997
2.772709
1.9010887
2.44532
2.44532
2.44532
1.9010887
2.0116355
2.7684572
2.228478
2.0116355
2.228478
1.4674045
1.2463106
1.9010887
2.228478
1.6842467
2.772709
1.4674045
1.6842467
2.0116355
1.6884984
2.772709
2.662162
2.44532
2.772709
1.7905419
1.9010887
2.989551
1.2505624
3.3169398
1.6842467
2.662162
2.0116355
2.228478
2.117931
2.0116355
3.644329
1.9010887
2.989551
2.3347728
2.44532
2.879004
2.117931
1.5736997
1.7905419
2.228478
2.989551
2.117931
2.44532
1.9010887
2.44532
2.44532
2.555867
2.662162
2.228478
1.6842467
2.7684572
2.117931
1.7905419
2.44532
3.2063932
2.879004
2.662162
2.772709
1.9010887
2.989551
3.2063932
2.989551
2.662162
3.2063932
3.5337825
2.44532
2.879004
2.3347728
2.44532
3.2063932
1.7905419
1.9010887
2.879004
2.5516152
2.662162
2.662162
2.7684572
3.0958462
2.662162
3.6400774
3.7463725
2.7684572
3.0958462
3.2063932
2.9852993
2.879004
3.312688
2.5516152
2.224226
3.7506244
2.7684572
2.7684572
3.6400774
3.312688
3.8569195
2.65791
3.7463725
3.5295303
3.8569195
3.2021413
3.7463725
4.507446
3.0915945
3.7463725
4.507446
3.7463725
4.0737615
3.4232354
2.9852993
3.9632149
3.8569195
3.8569195
2.65791
3.7463725
4.8348346
3.312688
4.0737615
3.5295303
3.6400774
3.4189837
2.7684572
3.8569195
3.312688
2.65791
2.9852993
3.4189837
3.9632149
3.8569195
2.5473633
3.8569195
4.2906036
3.7463725
2.8747523
2.9852993
3.7463725
2.5516152
2.9852993
3.6400774
2.8747523
3.8569195
3.5295303
3.6400774
3.4189837
2.3347728
3.312688
3.4232354
2.1136792
2.9852993
3.8569195
3.8569195
2.9852993
4.1843085
4.180057
2.224226
2.879004
3.8569195
3.312688
3.2021413
4.0737615
3.9632149
3.2021413
3.7463725
4.06951
3.312688
3.2021413
3.9632149
3.9632149
3.4189837
2.8747523
3.9632149
3.5252786
3.8569195
3.9632149
3.6358256
4.2906036
3.4189837
4.0737615
4.180057
3.9632149
3.7463725
3.3084364
4.507446
3.6400774
4.0737615
4.180057
3.4189837
3.7463725
4.180057
3.5295303
2.8747523
4.617993
3.7463725
3.4189837
3.4189837
3.4189837
3.4189837
3.6400774
3.9632149
3.6358256
3.7463725
3.0915945
3.4189837
3.7463725
3.7463725
4.2906036
3.0915945
3.2021413
4.2906036
2.8747523
3.8569195
4.2906036
3.4189837
3.3084364
3.9632149
3.7421207
2.5473633
3.9632149
3.7421207
3.2021413
4.0737615
4.2863517
3.8526678
4.180057
4.06951
4.3968987
4.724288
3.8526678
3.7421207
3.9632149
3.8526678
4.2863517
4.724288
3.8526678
4.94113
3.8526678
4.613741
4.94113
4.3968987
3.7421207
4.830583
4.180057
4.724288
3.8526678
3.7421207
5.379066
4.503194
4.3968987
3.8526678
3.8526678
5.0516768
4.830583
4.1758046
5.0516768
4.613741
4.503194
4.507446
4.613741
4.94113
4.06951
4.180057
5.268519
4.2863517
4.830583
4.724288
5.1579723
4.1758046
5.1579723
4.2863517
4.613741
3.8526678
4.503194
4.613741
4.507446
4.3968987
4.3968987
4.06951
3.9632149
4.724288
4.180057
4.724288
4.06951
4.724288
4.180057
4.2863517
4.2863517
4.613741
4.2863517
4.3968987
4.613741
4.94113
3.9589627
5.1579723
5.268519
4.180057
4.830583
4.94113
5.1579723
4.06951
4.1758046
4.94113
4.3926473
4.2863517
5.0516768
4.613741
4.1758046
4.3968987
4.180057
4.3968987
4.503194
4.613741
4.613741
5.3748145
5.591656
4.720036
4.2863517
6.1358876
5.8084984
4.830583
4.2863517
5.591656
4.830583
3.9589627
4.2863517
4.830583
5.9190454
4.720036
4.720036
5.3748145
5.591656
5.0474253
5.3748145
4.830583
5.3748145
4.503194
4.6094894
4.720036
5.591656
5.0474253
4.503194
4.830583
5.6979513
4.3926473
4.6094894
5.3748145
5.6979513
5.481109
4.936878
4.3926473
5.8084984
6.0253406
5.1537204
4.936878
4.720036
5.591656
4.826331
5.264267
5.264267
5.0474253
5.481109
4.503194
4.720036
5.481109
5.8084984
4.3926473
5.3748145
5.0474253
5.0474253
5.4853616
4.613741
4.720036
5.8084984
4.720036
5.264267
5.0474253
5.481109
5.591656
4.503194
5.591656
5.1537204
4.720036
5.264267
5.8084984
6.0253406
4.826331
5.9190454
5.0474253
5.3705626
5.6979513
5.3748145
5.481109
4.936878
5.481109
5.1537204
4.720036
4.1758046
5.591656
5.9190454
4.3926473
5.3705626
5.0474253
5.591656
5.1537204
6.0253406
5.481109
5.1537204
4.503194
5.481109
5.6979513
5.591656
5.481109
5.8084984
5.264267
5.0474253
5.264267
4.720036
4.503194
4.936878
4.503194
4.6094894
4.830583
5.1537204
5.8084984
4.613741
5.1579723
4.936878
4.830583
4.720036
4.503194
4.613741
5.481109
5.591656
5.3748145
4.720036
5.591656
4.503194
4.06951
4.3968987
5.1579723
4.613741
3.5252786
4.830583
4.724288
5.0516768
4.06951
4.613741
4.613741
4.3968987
4.830583
4.2863517
4.613741
4.3968987
4.06951
4.94113
4.94113
4.06951
4.2863517
4.2863517
4.94113
4.3968987
4.503194
4.613741
4.180057
4.2863517
4.1758046
5.0516768
4.94113
4.06951
5.268519
4.2863517
4.3968987
4.724288
3.8526678
4.180057
4.94113
4.06951
4.3968987
4.3968987
4.3968987
4.507446
4.613741
4.3968987
5.1579723
4.3968987
4.613741
4.94113
4.724288
4.724288
4.180057
5.379066
3.9589627
4.94113
4.507446
4.613741
4.1758046
4.06951
5.1579723
3.7421207
5.0474253
4.94113
5.264267
4.3968987
4.06951
5.268519
3.7421207
4.2863517
4.2863517
3.8526678
3.9589627
4.503194
3.7421207
4.2863517
4.94113
4.06951
3.7421207
4.8348346
4.2863517
5.0474253
4.724288
4.06951
3.7421207
4.180057
4.94113
4.2863517
3.7421207
4.3968987
5.0474253
4.724288
4.503194
4.06951
4.06951
4.3968987
4.507446
3.9589627
2.9810476
4.724288
4.724288
4.613741
4.2906036
4.3968987
4.180057
4.94113
4.3968987
4.180057
4.180057
4.3968987
4.2863517
4.507446
4.613741
4.507446
3.6358256
5.268519
5.268519
4.724288
4.94113
3.7421207
3.7421207
4.180057
4.2863517
4.180057
4.613741
4.503194
4.2863517
4.2863517
4.507446
4.503194
4.94113
4.613741
5.4853616
4.830583
4.503194
4.94113
4.2863517
4.830583
4.613741
3.9589627
3.5252786
4.1758046
5.1579723
5.0474253
3.6358256
5.268519
4.503194
4.613741
4.3968987
4.94113
3.9589627
4.830583
4.2863517
4.613741
4.830583
4.503194
4.06951
3.7421207
5.4853616
4.503194
4.94113
4.06951
5.0516768
5.4853616
4.830583
4.613741
4.613741
4.94113
4.2863517
4.94113
4.613741
3.631574
4.724288
4.06951
4.3968987
4.180057
3.8526678
4.06951
4.06951
4.613741
4.2863517
4.06951
4.94113
4.613741
4.06951
4.724288
4.3968987
4.503194
5.264267
4.2863517
4.720036
4.3926473
4.507446
4.830583
4.180057
4.3968987
4.503194
4.613741
4.2863517
4.613741
4.2863517
4.2863517
3.9589627
5.1579723
5.1579723
4.06951
4.2863517
4.503194
3.9589627
4.06951
5.1579723
4.3926473
4.94113
5.1579723
4.2863517
3.7421207
4.503194
4.3968987
4.1758046
5.4853616
4.503194
5.0474253
4.830583
4.2863517
4.503194
4.503194
4.3968987
4.2863517
4.2863517
3.9589627
4.94113
4.3926473
4.613741
4.3968987
4.1758046
3.9589627
4.724288
3.7421207
3.7421207
3.7421207
4.06951
4.830583
3.848416
4.06951
4.2863517
4.1758046
4.3968987
4.180057
4.2863517
5.0516768
4.724288
4.3968987
3.6358256
3.9632149
4.613741
4.724288
3.6358256
3.4189837
3.0915945
4.2906036
3.3084364
3.0915945
3.9632149
4.724288
3.8526678
3.7463725
4.06951
3.5252786
3.3084364
3.8526678
4.2863517
3.7421207
3.9632149
4.06951
4.724288
4.613741
3.6358256
4.3968987
4.180057
4.2863517
3.5252786
4.613741
3.8526678
4.3968987
4.180057
4.503194
3.414732
4.613741
4.613741
3.9589627
4.3968987
5.1579723
4.06951
4.2863517
4.830583
3.414732
4.613741
3.9589627
3.7421207
5.1579723
4.1758046
3.9589627
5.268519
3.7421207
4.503194
4.3968987
4.3968987
4.613741
3.7421207
4.1758046
4.507446
3.8526678
3.7421207
4.613741
4.06951
4.507446
3.8526678
3.8526678
3.9632149
3.7421207
4.724288
4.06951
3.8526678
4.06951
3.5252786
3.9632149
4.613741
4.3968987
3.3084364
4.06951
4.06951
4.180057
2.8747523
3.3084364
3.9632149
3.2021413
2.4410682
3.0958462
3.5295303
2.8747523
4.2906036
3.8569195
3.6400774
3.5295303
2.8747523
3.312688
4.1843085
3.4189837
3.4189837
3.2021413
2.9852993
3.4189837
3.2021413
2.9852993
4.617993
3.4189837
2.65791
4.0737615
4.180057
3.4189837
3.8526678
3.2021413
3.4189837
3.0915945
2.8747523
3.2021413
3.4189837
4.507446
3.2021413
2.7642052
4.507446
3.9632149
3.0915945
3.4189837
4.507446
4.2906036
3.9632149
3.4189837
4.507446
4.180057
3.3084364
3.4189837
4.180057
3.8526678
2.9852993
4.2906036
3.4189837
3.0915945
3.0915945
4.0737615
3.9632149
4.180057
2.7642052
3.4189837
3.6358256
4.724288
3.5295303
3.0915945
4.180057
4.724288
3.6358256
3.3084364
3.6358256
3.8526678
3.4189837
4.180057
4.0737615
4.3968987
3.4189837
3.4232354
3.0915945
3.2021413
3.7463725
3.5295303
3.8569195
3.7463725
3.312688
2.9852993
3.312688
3.5295303
2.4410682
2.224226
3.8569195
2.9852993
2.8747523
3.0958462
2.65791
2.9852993
3.312688
2.65791
3.312688
2.4410682
2.662162
2.4410682
1.7905419
3.6400774
3.5295303
2.879004
2.0073838
2.4410682
2.65791
3.0958462
3.9674666
2.9852993
2.330521
3.0958462
3.2021413
3.5295303
2.9852993
2.8747523
3.8569195
3.2021413
2.7642052
3.7463725
2.9852993
3.312688
2.5516152
2.65791
2.9852993
2.65791
3.4189837
3.6358256
2.8747523
3.7463725
3.5295303
3.2021413
3.7463725
3.9632149
3.6358256
3.4189837
2.330521
4.2906036
4.3968987
3.0915945
3.9632149
3.3084364
2.330521
3.8569195
4.507446
3.4189837
2.9852993
3.5252786
3.2021413
3.0915945
3.9632149
3.8526678
2.8747523
2.65791
3.7463725
3.9632149
3.2021413
3.7463725
3.5252786
3.0915945
2.5516152
3.312688
3.7463725
3.4189837
3.7463725
3.2021413
3.4189837
3.4189837
4.1843085
3.5295303
3.6358256
2.65791
2.8747523
3.3084364
2.9852993
3.7463725
2.8747523
3.312688
3.2021413
2.7684572
2.5516152
2.65791
3.4189837
3.0958462
2.330521
2.9852993
2.4410682
2.7684572
3.6400774
3.0915945
3.4189837
2.8747523
3.0915945
4.180057
3.4189837
3.2021413
4.180057
2.65791
3.0915945
3.7463725
4.3968987
4.724288
3.6358256
3.3084364
4.8348346
3.6358256
3.631574
5.0516768
3.3084364
4.06951
4.507446
4.2863517
4.3926473
4.94113
4.180057
3.5252786
4.3968987
4.06951
4.613741
4.180057
4.2863517
4.2863517
3.7421207
3.8526678
4.503194
3.8526678
4.06951
4.2863517
4.830583
4.2863517
4.1758046
3.7421207
4.3926473
4.503194
4.180057
4.06951
3.7421207
5.1579723
4.503194
4.503194
4.06951
4.613741
4.503194
4.180057
3.8526678
3.9589627
4.3968987
3.8526678
4.503194
4.830583
4.06951
4.06951
4.503194
4.06951
3.8526678
4.2863517
4.06951
3.6358256
3.8526678
5.1579723
4.94113
4.3968987
4.06951
3.8526678
4.3968987
4.180057
4.1758046
4.06951
4.503194
3.8526678
3.9632149
3.8526678
3.631574
3.8526678
4.06951
3.8526678
3.6358256
3.6358256
4.3968987
3.9589627
4.06951
4.613741
4.2863517
3.8526678
4.06951
4.2906036
4.613741
4.2863517
4.3968987
4.1758046
4.2863517
4.2863517
4.830583
4.613741
4.720036
4.1758046
4.06951
4.830583
3.631574
5.3748145
4.830583
4.613741
4.3968987
4.1758046
3.8526678
4.94113
5.0474253
4.2863517
3.8526678
4.2863517
4.2863517
5.0474253
4.613741
5.1579723
4.503194
3.631574
4.2863517
3.9589627
4.720036
3.414732
4.3968987
4.2863517
4.503194
4.3968987
4.830583
4.503194
5.1579723
3.9589627
4.1758046
4.503194
4.613741
4.503194
4.3968987
4.1758046
3.8526678
4.2863517
4.503194
4.720036
4.613741
3.7421207
3.848416
4.830583
4.507446
3.631574
4.613741
3.7421207
4.06951
3.414732
4.2863517
4.3968987
3.8526678
4.724288
3.3084364
4.06951
3.9589627
3.8526678
3.5252786
4.94113
3.7421207
3.7421207
4.724288
4.3968987
4.830583
3.1978896
3.8526678
3.9589627
4.3968987
3.3084364
3.8526678
3.3084364
4.2863517
4.180057
3.9632149
4.94113
4.2863517
3.8526678
4.3968987
4.2863517
4.830583
4.830583
4.180057
4.2863517
3.1978896
4.3968987
4.2863517
4.06951
3.5252786
4.06951
4.2863517
4.2863517
4.06951
3.9632149
3.7421207
4.830583
3.5252786
4.06951
3.7421207
3.9632149
3.9589627
4.180057
3.9589627
4.503194
4.1758046
3.5252786
3.414732
4.613741
4.724288
3.7421207
4.2863517
4.06951
4.503194
4.507446
3.414732
4.06951
3.6358256
4.94113
4.3968987
4.503194
3.7421207
4.507446
3.5252786
3.7421207
4.180057
4.613741
4.2863517
4.94113
4.830583
3.9589627
4.613741
4.180057
3.3084364
3.5252786
4.180057
3.9589627
4.613741
3.8526678
3.414732
3.7421207
3.8526678
4.507446
4.06951
3.7421207
3.6358256
3.414732
4.613741
3.9589627
3.631574
4.613741
3.7421207
4.180057
3.5252786
3.3084364
4.507446
3.8526678
3.414732
3.7421207
3.5252786
4.06951
4.06951
3.5252786
3.3084364
4.724288
3.7463725
3.6358256
4.180057
3.8526678
3.8526678
3.8526678
3.8526678
3.3084364
4.613741
3.8526678
4.830583
3.8526678
3.8526678
4.180057
2.65791
3.3084364
4.180057
4.06951
2.8747523
3.4189837
3.7463725
2.9852993
3.5295303
2.5473633
3.8526678
3.5295303
3.5252786
4.180057
3.7463725
3.6358256
3.8526678
2.5473633
4.2863517
4.3968987
3.5252786
4.180057
4.180057
2.9810476
3.2021413
3.4189837
4.0737615
4.2906036
4.724288
2.5473633
3.5295303
4.180057
3.0915945
2.65791
3.4189837
2.9852993
2.8747523
2.9852993
4.180057
3.9632149
3.2021413
2.8747523
4.0737615
3.312688
3.9632149
4.503194
4.06951
3.1978896
4.180057
3.8526678
4.180057
3.8526678
3.6358256
4.507446
4.613741
3.4189837
3.6358256
3.2021413
4.3968987
3.3084364
3.6358256
4.3968987
3.7421207
4.180057
3.0915945
3.5252786
3.5252786
3.5252786
4.3968987
3.5252786
3.5252786
4.06951
3.5252786
3.5252786
4.06951
3.9589627
4.180057
4.2863517
3.414732
4.724288
3.8526678
4.180057
4.2863517
2.9810476
4.06951
4.2863517
4.180057
3.414732
4.06951
4.613741
4.2863517
3.3084364
3.7421207
3.9589627
4.180057
4.06951
4.180057
4.3968987
3.8526678
4.2863517
4.830583
4.2863517
4.503194
4.724288
4.503194
3.9589627
5.1579723
3.9589627
3.8526678
3.9589627
3.8526678
4.507446
4.503194
3.9589627
3.5252786
4.06951
4.613741
5.1579723
5.1579723
3.9589627
3.9589627
4.2863517
4.2863517
4.2863517
5.264267
4.830583
3.9589627
4.936878
3.9589627
4.720036
5.591656
5.0474253
4.1758046
5.0474253
4.4989424
4.3926473
5.1579723
4.3926473
5.0474253
4.720036
4.503194
5.591656
4.3926473
4.936878
5.8084984
4.065258
3.848416
4.503194
4.936878
3.7421207
4.503194
5.1537204
5.3705626
5.591656
4.936878
4.826331
4.720036
4.936878
4.1758046
3.7421207
3.7421207
4.830583
4.3926473
4.2863517
4.06951
4.2863517
3.9589627
4.613741
3.9589627
3.7421207
4.180057
4.2863517
3.9589627
4.503194
4.613741
3.7421207
4.613741
4.2863517
4.2863517
3.8526678
4.3968987
3.9589627
3.9589627
4.503194
4.1758046
4.06951
4.2863517
3.3084364
3.8526678
4.06951
3.9632149
4.3968987
3.2021413
3.5252786
3.4189837
3.8526678
3.0915945
4.3968987
3.3084364
4.613741
4.2863517
4.180057
3.5252786
4.2863517
3.9589627
4.830583
3.9589627
3.631574
4.724288
3.7421207
4.1758046
3.8526678
4.2863517
3.9589627
4.507446
3.9589627
4.2863517
4.06951
3.414732
4.3968987
4.3968987
3.3084364
4.613741
3.8526678
4.2863517
3.5252786
4.06951
3.4189837
4.613741
3.5252786
4.180057
3.1978896
3.6358256
4.2863517
4.06951
4.06951
4.180057
4.180057
3.6358256
3.4189837
3.6358256
3.0915945
3.8526678
3.4189837
2.8747523
3.6358256
2.1136792
2.5473633
3.7463725
2.65791
2.65791
2.65791
2.0073838
2.224226
2.224226
2.224226
3.312688
3.312688
2.224226
1.6799948
2.65791
2.879004
3.0958462
2.0073838
2.879004
2.3347728
2.3347728
3.0958462
2.44532
2.44532
1.9010887
1.4674045
1.9010887
3.4232354
2.662162
2.879004
3.0958462
1.9010887
2.0073838
2.989551
2.224226
1.7905419
2.3347728
2.879004
3.312688
2.0073838
2.7684572
2.8747523
2.65791
2.8747523
2.65791
2.7684572
2.7684572
2.65791
3.312688
2.224226
3.0915945
2.8747523
3.0915945
3.2021413
2.0073838
4.0737615
2.5516152
3.312688
2.65791
2.8747523
2.224226
3.0915945
2.4410682
3.7463725
2.65791
2.4410682
4.0737615
2.7684572
2.4410682
3.4189837
3.312688
3.4232354
2.330521
3.5295303
2.4410682
2.224226
3.0958462
2.0073838
2.7684572
3.0958462
2.0073838
2.0073838
2.0073838
2.117931
1.6842467
1.7905419
1.1400155
2.772709
2.117931
1.9010887
2.44532
2.117931
2.117931
0.8126264
1.6842467
1.7905419
2.0116355
1.4674045
1.1400155
2.555867
1.5736997
2.0116355
1.4674045
1.3611094
1.7947936
0.27264705
1.0337203
0.9231734
1.5779516
1.4674045
1.0337203
2.1221828
1.0337203
0.70633125
0.70633125
0.4894892
1.0337203
1.0337203
0.27264705
1.0337203
1.2548143
0.4894892
-0.054742
1.7947936
0.81687826
1.1442673
0.60003614
1.3611094
1.2505624
1.0337203
1.7947936
0.4894892
0.37894222
1.3568575
0.81687826
1.5779516
0.9231734
1.3568575
0.1621001
0.70633125
0.70633125
0.81687826
0.70633125
0.4894892
0.27264705
0.81687826
0.81687826
1.1442673
0.27264705
1.0337203
1.2505624
0.27264705
0.92742515
0.81687826
1.1442673
0.60003614
0.60003614
0.81687826
0.27264705
0.81687826
1.0337203
0.27264705
0.81687826
1.3611094
0.92742515
0.92742515
0.27264705
0.055804953
0.92742515
0.38319403
0.7105831
-0.050490197
-0.050490197
0.7105831
0.38319403
-0.2673323
-0.2673323
-0.5947214
-1.1389525
-0.2673323
-0.050490197
-0.2673323
0.06005676
-0.2673323
-0.2673323
-0.050490197
-0.15678534
-0.9221104
0.7105831
-0.8115635
-1.1389525
0.16635191
0.7105831
-0.5947214
1.0379721
-0.5947214
-0.2673323
0.7105831
-0.2673323
-0.8115635
0.49374095
-0.2673323
-1.0284055
0.27689886
-0.8115635
-1.3557947
0.06005676
0.055804953
0.06005676
-1.0284055
0.6042879
0.7105831
0.49374095
-0.5947214
0.16635191
0.7105831
0.16635191
0.60003614
1.0379721
-0.27158412
-0.054742
0.70633125
0.055804953
0.7105831
0.27264705
0.38319403
-0.16103715
0.60003614
0.38319403
-0.050490197
0.27689886
-0.050490197
-0.37787926
-0.050490197
-0.2673323
-0.16103715
-0.16103715
1.0379721
0.92742515
-0.16103715
0.60003614
0.7105831
0.38319403
0.81687826
1.1442673
1.2548143
0.60003614
-0.27158412
1.2548143
0.92742515
0.27264705
1.4716563
0.60003614
-0.054742
0.81687826
-0.050490197
1.1442673
1.2548143
-0.16103715
0.38319403
0.4894892
0.92742515
-0.054742
1.4716563
0.16635191
0.16635191
0.49374095
0.81687826
-0.054742
1.0337203
1.3611094
0.16635191
0.60003614
0.60003614
0.16635191
0.81687826
0.16635191
0.16635191
0.27689886
0.38319403
-0.5947214
0.27689886
-0.37787926
-0.050490197
0.60003614
-1.1389525
-0.16103715
0.60003614
0.055804953
0.38319403
0.055804953
0.055804953
0.60003614
0.4894892
0.27264705
0.38319403
1.6884984
0.38319403
0.055804953
1.5779516
0.38319403
-0.054742
1.1442673
0.60003614
-0.37787926
1.0379721
1.1442673
0.16635191
0.16635191
0.60003614
0.60003614
0.60003614
1.3611094
0.60003614
0.27264705
0.7105831
0.27264705
0.7105831
1.6884984
0.4894892
0.27264705
0.38319403
1.6884984
0.7105831
0.27264705
0.60003614
0.7105831
0.38319403
1.2548143
0.92742515
0.38319403
0.92742515
0.27264705
0.38319403
0.4894892
0.60003614
0.92742515
0.92742515
0.055804953
0.7105831
-0.37787926
0.81687826
0.38319403
0.38319403
0.81687826
0.7105831
0.4894892
0.38319403
0.38319403
0.16635191
0.81687826
1.2548143
-0.16103715
0.60003614
0.82113004
0.38319403
-0.16103715
0.27689886
0.7105831
-0.2673323
0.38319403
-0.2673323
-0.050490197
0.27689886
-0.4841744
-0.9221104
0.06005676
-1.0284055
-1.0284055
-0.4841744
0.27689886
-0.7010165
-0.80731165
0.49374095
-0.15678534
0.17060372
-0.5947214
-1.1389525
0.3874458
0.06005676
-0.91785866
-0.59046954
-1.0284055
-0.91785866
-0.37362745
-1.5726367
-0.91785866
-1.0241537
-1.895774
-1.1347008
-0.80731165
-1.568385
-0.59046954
-1.0284055
0.17060372
-1.678932
-0.47992262
-0.15678534
-0.91785866
-1.2452477
-0.91785866
0.06005676
-1.3515428
-0.7010165
-0.2673323
-0.91785866
-0.37362745
-0.8115635
-1.0284055
-0.15678534
-0.15678534
-0.7010165
-0.2673323
-0.5947214
0.27689886
-0.5947214
-1.0284055
-0.5947214
0.49374095
-0.4841744
-0.2673323
0.7105831
0.16635191
-0.050490197
-0.2673323
0.38319403
0.49374095
-0.16103715
0.16635191
-0.050490197
0.16635191
0.38319403
-0.050490197
-0.7052683
0.16635191
-0.7052683
-0.37787926
0.27689886
0.49374095
-0.5947214
-0.15678534
-0.050490197
-0.2673323
-0.8115635
-0.5947214
-0.15678534
-0.4841744
-1.0284055
-0.8115635
-1.4620898
-0.8115635
-0.15678534
-0.7010165
-1.2452477
-1.2452477
-1.2452477
-1.0284055
-2.006321
-1.2452477
-0.04623839
-0.91785866
-1.7894788
-1.3515428
-1.568385
-1.4620898
-1.3515428
-1.678932
-1.895774
-0.80731165
-0.2630805
-0.91785866
-1.2452477
-0.2630805
-1.1347008
-1.1347008
-0.91785866
-0.7010165
-1.7894788
-0.91785866
-0.91785866
-1.1347008
-1.0284055
-1.4620898
-1.895774
-0.80731165
-1.1347008
-1.3515428
-0.80731165
-1.1347008
-1.7894788
-0.80731165
-0.15678534
-0.4841744
-0.91785866
-1.0284055
0.17060372
-0.4841744
-1.2452477
0.27689886
-0.5947214
0.06005676
-0.050490197
-0.5947214
-0.9221104
0.27689886
-0.4841744
-0.37787926
0.3874458
0.82113004
-0.050490197
-0.050490197
0.16635191
0.49374095
0.3874458
-0.2673323
-0.050490197
-1.1389525
-0.8115635
0.92742515
0.16635191
-0.16103715
0.38319403
0.16635191
-0.37787926
-0.5947214
1.0379721
-0.050490197
-0.2673323
-0.5947214
-0.16103715
-0.050490197
-0.8115635
0.38319403
0.7105831
-0.7052683
-0.4884262
0.16635191
-1.0284055
0.06005676
0.06005676
-0.2673323
-0.5947214
-0.050490197
-0.8115635
-0.4841744
-1.0284055
0.9316769
-1.1389525
-1.5726367
-0.37362745
-0.4841744
-0.4841744
-0.91785866
-0.2673323
-1.0284055
-0.37362745
-0.2673323
-1.678932
-1.2452477
-0.8115635
-0.2673323
0.27689886
-0.7010165
0.06005676
-0.7010165
-0.15678534
-0.7010165
-0.2673323
0.06005676
0.16635191
0.16635191
-0.37787926
-0.16103715
-0.4884262
-0.050490197
0.16635191
-0.4841744
-0.5947214
-0.16103715
0.92742515
-0.16103715
0.27264705
-0.16103715
0.055804953
1.1442673
-0.16103715
1.6884984
0.60003614
0.7105831
0.055804953
-0.16103715
0.4894892
1.0337203
0.38319403
0.4894892
0.70633125
0.27264705
0.60003614
1.3611094
0.055804953
0.70633125
0.4894892
1.6884984
-0.27158412
0.7105831
1.1442673
0.92742515
0.055804953
1.0337203
0.4894892
0.4894892
1.4674045
0.81687826
0.1621001
1.6884984
1.2505624
0.81687826
2.0116355
0.4894892
0.37894222
1.5779516
-0.054742
1.7947936
1.5779516
0.27264705
0.70633125
1.2505624
0.60003614
1.2505624
1.0337203
1.3611094
0.37894222
1.5779516
0.60003614
1.2505624
1.0337203
0.5957843
1.5736997
1.4674045
1.2505624
1.6842467
0.37894222
0.5957843
1.9010887
0.70633125
1.3568575
1.4674045
1.1400155
2.555867
1.9010887
2.0116355
2.228478
1.6842467
2.0116355
2.989551
1.6842467
1.1400155
1.7905419
2.989551
1.5736997
2.7684572
2.5516152
1.6799948
2.9852993
2.4410682
1.7905419
2.117931
2.4410682
2.8747523
2.7684572
2.330521
3.9632149
3.2021413
2.9852993
2.65791
2.65791
2.9852993
2.224226
3.8569195
2.4410682
3.2021413
2.330521
3.8526678
2.65791
2.8747523
3.4189837
2.5473633
2.8747523
2.65791
3.2021413
3.3084364
3.6358256
3.8526678
3.0915945
4.06951
3.5252786
4.180057
4.06951
3.414732
2.8747523
4.3968987
3.8526678
3.3084364
2.9810476
2.9810476
3.6358256
4.06951
3.5252786
3.0915945
4.3968987
3.8526678
2.5473633
2.65791
2.8747523
3.4189837
3.4189837
3.4189837
4.180057
4.180057
3.4189837
3.4189837
2.8747523
4.180057
3.9632149
2.330521
2.65791
3.6358256
3.9632149
2.9852993
3.4189837
3.9632149
3.3084364
3.6358256
2.8747523
3.8526678
4.180057
3.5252786
2.8747523
2.8747523
3.5252786
3.414732
2.65791
3.6358256
3.8526678
3.3084364
4.3968987
4.830583
3.3084364
3.8526678
3.5252786
4.06951
3.3084364
3.848416
3.7421207
3.8526678
3.9589627
3.414732
3.848416
3.9589627
4.3968987
3.9589627
4.1758046
4.3968987
3.7421207
3.848416
3.1978896
3.631574
4.1758046
4.2863517
4.503194
3.848416
4.503194
4.2863517
3.414732
3.8526678
3.5252786
3.7421207
3.7421207
4.3926473
3.9589627
4.1758046
3.1978896
3.7421207
3.5252786
2.6536584
3.3084364
3.9589627
4.613741
3.7421207
3.5252786
4.06951
4.1758046
3.1978896
4.180057
3.5252786
4.613741
3.7421207
3.6358256
3.3084364
4.06951
4.724288
3.4189837
3.0915945
2.9852993
3.2021413
3.4189837
2.7684572
2.9810476
2.8747523
3.2021413
2.7684572
2.65791
2.1136792
3.4189837
2.224226
3.0958462
2.65791
2.9852993
2.117931
2.65791
4.0737615
2.4410682
2.4410682
2.4410682
2.5516152
2.4410682
3.9632149
3.4189837
3.2021413
3.0958462
3.312688
3.5295303
2.9852993
2.9852993
2.9852993
3.0915945
2.8747523
3.6358256
3.6358256
3.2021413
3.3084364
3.8526678
3.3084364
3.2021413
2.5473633
2.7642052
3.6358256
3.6358256
3.0915945
2.330521
3.2021413
3.6358256
3.3084364
3.6358256
2.7642052
4.507446
3.3084364
3.9589627
3.3084364
2.9810476
3.7421207
3.631574
4.06951
3.0915945
4.3968987
3.7421207
3.7421207
3.7421207
4.1758046
4.2863517
3.8526678
3.4189837
3.5252786
2.7642052
2.5473633
3.3084364
3.0915945
2.8747523
3.2021413
3.9632149
3.3084364
3.2021413
2.65791
2.9852993
4.0737615
2.5473633
2.330521
3.7463725
2.8747523
3.8526678
3.8526678
3.3084364
2.4410682
3.2021413
3.7463725
3.4189837
2.7684572
2.4410682
3.9632149
2.4410682
3.3084364
2.8747523
3.6358256
3.6358256
3.3084364
2.9810476
3.7463725
4.06951
4.2863517
3.3084364
4.06951
4.180057
4.06951
4.2863517
4.3968987
3.6358256
4.507446
3.5252786
4.2863517
4.2863517
3.0915945
2.8747523
3.7463725
4.180057
3.7421207
3.6358256
3.4189837
3.4189837
3.6358256
3.7421207
4.06951
3.3084364
4.3968987
3.8526678
3.8526678
4.06951
3.5252786
3.0915945
3.8526678
3.0915945
3.8526678
3.9632149
4.2863517
3.9589627
3.8526678
4.2863517
3.414732
3.4189837
2.7642052
4.06951
3.0915945
4.06951
3.8526678
3.9589627
2.8747523
3.0915945
3.9632149
3.0915945
2.9810476
3.4189837
3.0915945
3.6358256
3.4189837
3.6358256
3.9632149
3.5295303
3.2021413
3.5295303
4.06951
3.4189837
2.65791
4.94113
3.6358256
4.06951
3.3084364
3.7463725
3.2021413
3.6358256
4.3968987
3.1978896
3.7421207
4.2863517
3.5252786
3.5252786
4.3968987
4.3968987
4.06951
4.180057
4.3968987
3.7463725
4.507446
3.631574
4.06951
4.3968987
3.9632149
3.5252786
3.4189837
3.8526678
3.7463725
3.8526678
3.5252786
4.06951
3.9589627
3.3084364
3.4189837
4.94113
3.631574
4.1758046
3.7421207
4.06951
4.2863517
3.631574
3.9589627
4.2863517
4.1758046
4.06951
3.9589627
3.5252786
3.8526678
4.2863517
4.2863517
3.5210268
4.830583
4.2863517
4.720036
4.1758046
3.8526678
4.2863517
4.2863517
4.503194
4.613741
3.8526678
4.06951
4.613741
4.3926473
4.2863517
4.3926473
4.06951
5.264267
4.06951
4.1758046
3.7421207
5.264267
5.0474253
4.3968987
5.264267
3.9589627
4.720036
4.2863517
5.264267
4.503194
4.720036
5.0474253
4.720036
4.1758046
4.3926473
5.3705626
4.826331
5.264267
5.264267
5.1537204
4.2821
5.264267
5.6979513
4.3926473
6.2421827
5.4768577
4.826331
5.1537204
5.804247
5.481109
6.1316357
5.804247
5.2600155
5.3705626
5.1494684
5.804247
5.1537204
6.1316357
5.3705626
5.0431733
5.481109
5.0431733
5.5874047
6.0210886
6.6758666
5.804247
4.9326262
6.0210886
5.6937
5.1494684
5.2600155
5.4768577
6.0210886
5.583153
6.237931
5.804247
5.583153
6.56532
5.6937
6.454773
5.9105415
6.671615
6.454773
5.799995
6.77791
6.671615
6.1273837
6.7821617
6.671615
6.454773
7.109551
6.3442264
6.3442264
6.454773
6.9990044
6.237931
5.9105415
6.8884573
5.6937
6.7821617
5.9105415
6.1273837
6.454773
6.9990044
6.671615
6.671615
6.454773
7.1052995
6.016837
7.4326887
6.561068
6.016837
6.561068
6.671615
7.2158465
6.0210886
6.7821617
6.7821617
6.671615
6.56532
6.56532
5.9105415
6.671615
6.3442264
6.237931
6.237931
6.56532
6.237931
6.7821617
5.799995
6.454773
6.1273837
6.0210886
5.0431733
5.804247
5.9105415
6.4590244
5.804247
6.1316357
5.1494684
6.6758666
5.804247
5.6937
5.5874047
6.348478
4.826331
5.914794
5.804247
5.5874047
6.6758666
5.5874047
5.804247
5.2600155
5.0431733
5.4768577
5.804247
6.6758666
5.1494684
6.237931
6.0210886
5.4768577
6.0210886
6.0253406
5.5874047
5.6979513
5.0431733
5.2600155
5.6937
5.3705626
5.804247
5.1537204
4.715784
5.914794
5.1494684
5.2600155
5.4768577
5.9105415
7.3263927
6.237931
6.237931
5.4768577
5.3663106
5.1494684
6.7821617
6.348478
5.6937
5.6937
5.804247
5.3705626
5.3705626
4.936878
4.6094894
5.3705626
5.6979513
5.6979513
5.3705626
5.1537204
4.715784
5.3705626
5.5874047
4.6094894
6.0253406
5.3705626
4.6094894
4.6094894
5.0431733
5.3705626
4.826331
4.936878
5.1537204
5.0431733
5.1537204
5.481109
4.3926473
5.0474253
3.7421207
4.1758046
5.0474253
4.826331
3.9589627
3.631574
3.414732
4.830583
3.7421207
3.5252786
4.180057
3.414732
3.631574
3.8526678
3.8526678
4.503194
4.06951
4.3968987
4.06951
4.2863517
4.724288
4.06951
4.2863517
3.414732
4.2863517
4.3968987
4.2863517
3.414732
3.9589627
3.414732
3.414732
3.7421207
4.3968987
4.613741
4.3968987
4.3968987
4.3968987
4.613741
3.8526678
3.7421207
3.9632149
3.9589627
3.414732
4.507446
3.5252786
4.06951
4.3968987
3.6358256
3.5252786
3.7421207
4.180057
4.06951
3.9589627
3.631574
4.724288
4.503194
3.631574
4.180057
3.9589627
4.2863517
3.5252786
3.7421207
3.5252786
3.3084364
3.5252786
3.7463725
3.7463725
3.6358256
3.7463725
3.4189837
3.5295303
3.7463725
3.5252786
3.6358256
3.6358256
3.8526678
3.7463725
3.0915945
3.7463725
3.0915945
3.5252786
2.9852993
3.5295303
3.4189837
2.4410682
2.5516152
3.6400774
2.5516152
2.3347728
3.8569195
2.7684572
2.224226
2.3347728
2.1136792
1.7905419
1.4631528
2.5516152
2.5516152
2.3347728
3.6400774
2.879004
2.117931
1.4631528
3.4232354
2.3347728
1.3568575
1.6842467
1.6842467
2.772709
2.44532
1.3568575
2.0116355
1.6842467
1.9010887
1.2505624
1.4674045
2.3390248
2.0116355
1.4674045
1.0337203
1.4674045
1.2505624
1.6842467
1.3568575
1.0294685
1.1400155
1.1400155
1.2505624
1.5736997
1.9010887
2.0116355
1.1400155
2.1221828
1.1400155
0.81687826
0.37894222
1.5779516
1.1400155
1.0337203
0.60003614
1.5779516
0.4894892
0.70633125
1.3611094
1.0337203
1.0337203
0.70633125
0.81687826
0.70633125
0.055804953
0.27264705
0.60003614
1.5779516
1.2505624
-0.054742
1.1442673
0.1621001
1.1442673
0.60003614
0.81687826
0.60003614
0.4894892
0.81687826
1.2548143
0.4894892
0.4894892
1.3611094
1.0337203
1.1442673
0.27264705
1.0337203
1.6884984
0.4894892
-0.27158412
0.4894892
0.81687826
0.4894892
0.27264705
0.27264705
0.92742515
0.38319403
1.3611094
0.60003614
0.16635191
0.4894892
0.92742515
1.1442673
0.60003614
0.60003614
0.055804953
0.38319403
0.27264705
1.0337203
1.4716563
0.60003614
0.81687826
0.81687826
1.3611094
1.1442673
0.4894892
0.60003614
1.3611094
0.81687826
0.92742515
0.81687826
1.2548143
0.16635191
-0.27158412
0.27264705
1.2548143
0.38319403
0.60003614
0.27264705
1.0379721
0.16635191
0.27264705
1.1442673
0.60003614
-0.16103715
0.16635191
1.6884984
0.7105831
0.38319403
-0.27158412
0.38319403
0.7105831
-0.27158412
1.3611094
0.60003614
0.38319403
0.81687826
0.4894892
0.81687826
0.60003614
0.38319403
0.16635191
1.1442673
0.60003614
0.27264705
0.16635191
1.2548143
-0.16103715
0.055804953
0.92742515
1.4716563
0.7105831
-0.050490197
-0.16103715
0.055804953
0.92742515
0.16635191
0.49374095
0.60003614
0.38319403
0.16635191
0.7105831
0.92742515
0.92742515
0.16635191
0.7105831
0.4894892
0.81687826
1.2548143
0.4894892
0.81687826
0.92742515
1.2548143
0.38319403
0.60003614
0.81687826
0.055804953
0.27264705
1.0379721
0.38319403
0.60003614
0.38319403
0.7105831
0.7105831
-0.37787926
0.7105831
1.0379721
0.92742515
-0.5947214
0.7105831
0.16635191
1.2548143
0.60003614
0.4894892
0.38319403
1.3611094
0.81687826
0.38319403
1.0337203
0.60003614
1.6884984
0.81687826
1.0337203
0.92742515
1.1442673
0.38319403
0.27264705
0.27264705
0.60003614
0.16635191
1.2548143
0.7105831
0.38319403
-0.27158412
0.60003614
0.81687826
0.38319403
2.2327297
0.27264705
0.81687826
1.2548143
1.1442673
0.92742515
1.1442673
0.60003614
0.81687826
0.7105831
1.4716563
0.27264705
1.2548143
1.2548143
1.1442673
0.27264705
0.7105831
0.16635191
0.60003614
0.81687826
1.1442673
0.27264705
0.92742515
0.4894892
-0.054742
0.27264705
0.38319403
0.92742515
0.16635191
0.38319403
0.055804953
1.1442673
0.92742515
0.38319403
1.4716563
0.60003614
0.92742515
0.38319403
0.38319403
1.0337203
0.81687826
1.3611094
1.3611094
0.92742515
0.70633125
0.60003614
0.38319403
1.4716563
0.60003614
0.4894892
0.7105831
1.1442673
1.1442673
0.49374095
1.2548143
0.81687826
0.055804953
0.60003614
0.4894892
0.60003614
1.1442673
1.2505624
1.6884984
1.0337203
1.1442673
0.92742515
0.81687826
1.9053404
1.6884984
2.228478
1.7947936
2.3390248
1.1400155
1.9010887
2.555867
1.2505624
2.555867
2.228478
1.7947936
1.1400155
2.883256
2.1221828
1.4674045
1.9010887
1.5779516
2.662162
1.1400155
1.9010887
1.6842467
1.6842467
1.1400155
2.117931
1.3568575
2.662162
3.312688
3.0958462
2.117931
2.5516152
2.9852993
1.7905419
3.4232354
2.879004
2.3347728
3.0958462
2.1136792
2.879004
4.0737615
2.1136792
3.6400774
2.3347728
3.2063932
1.9010887
2.44532
3.2063932
2.3347728
2.44532
2.117931
3.4232354
2.9852993
2.65791
2.5516152
2.662162
3.312688
2.5516152
2.3347728
2.44532
2.3347728
3.8569195
2.5516152
2.662162
3.2021413
2.44532
3.6400774
2.5516152
2.989551
2.3347728
1.6842467
1.4674045
2.117931
2.117931
2.662162
1.6842467
2.117931
2.555867
2.662162
2.879004
3.5295303
3.312688
4.2906036
2.4410682
3.9674666
3.4232354
2.9852993
2.8747523
4.507446
2.9852993
4.4011507
3.7463725
3.5295303
2.9852993
2.4410682
2.879004
4.2906036
4.8348346
3.7463725
2.879004
3.4232354
2.9852993
2.4410682
3.6358256
3.5252786
4.94113
3.7421207
4.613741
3.4189837
2.7684572
3.0958462
3.7506244
2.224226
2.1136792
3.8526678
4.2863517
4.94113
4.617993
4.180057
3.9632149
3.5295303
4.3968987
4.180057
4.2863517
4.1758046
4.06951
4.06951
4.830583
3.9632149
3.7463725
4.507446
4.180057
4.724288
4.3968987
4.830583
4.06951
3.6358256
4.4011507
3.4232354
3.7506244
3.2021413
3.6358256
4.724288
4.503194
4.2863517
5.0474253
5.0474253
3.9589627
4.2863517
3.0873425
4.2906036
4.3968987
4.3968987
4.2863517
4.830583
4.503194
5.4853616
5.264267
4.503194
4.613741
4.2863517
4.3968987
4.06951
3.5252786
5.379066
4.720036
3.848416
5.481109
4.826331
4.1758046
5.591656
4.830583
5.1537204
4.613741
5.9190454
5.264267
4.4989424
4.826331
6.2421827
5.3705626
4.936878
6.2421827
5.1537204
5.914794
4.720036
5.5874047
5.481109
5.481109
5.5874047
4.6094894
6.2421827
6.6758666
6.1316357
5.0431733
4.6094894
4.503194
5.591656
5.1537204
6.2421827
6.348478
5.2600155
4.715784
6.348478
6.1316357
6.6758666
5.804247
5.914794
5.914794
6.892709
5.804247
6.56532
4.826331
5.591656
5.3705626
5.914794
5.5874047
6.1316357
6.6758666
5.5874047
4.826331
5.914794
5.914794
6.348478
6.892709
5.914794
6.1316357
5.9105415
5.6937
5.4768577
5.804247
6.56532
7.543235
6.454773
6.7821617
6.6758666
5.6937
6.2421827
6.1316357
5.9105415
6.561068
5.9105415
6.237931
7.543235
5.9105415
6.237931
5.9105415
5.804247
5.9105415
5.6937
6.348478
5.5874047
6.6758666
6.0210886
6.8884573
6.56532
6.7821617
6.237931
6.7821617
5.6937
7.109551
7.2158465
5.1494684
6.237931
6.0210886
5.804247
5.804247
5.804247
7.220098
6.0210886
6.237931
5.5874047
4.4989424
6.1316357
5.4768577
6.1316357
6.0210886
6.7821617
7.109551
6.7821617
5.5874047
5.5874047
4.826331
5.2600155
5.2600155
5.2600155
7.4369397
6.237931
5.5874047
4.4989424
5.5874047
5.6979513
4.6094894
5.0431733
5.5874047
5.804247
6.237931
6.1316357
5.3705626
5.804247
4.9326262
5.6937
5.804247
6.4590244
5.6937
5.914794
5.6937
6.7821617
5.799995
5.9105415
5.804247
6.237931
6.7821617
5.804247
4.9326262
5.6937
5.1494684
5.9105415
5.6937
5.2600155
5.914794
5.804247
6.237931
6.1316357
5.6937
5.6937
5.4768577
4.9326262
6.348478
6.454773
5.9105415
5.9105415
6.671615
6.454773
6.1273837
5.9105415
6.454773
6.892709
6.454773
6.671615
6.1273837
5.6937
6.0210886
6.892709
5.6937
5.6937
6.892709
6.56532
5.6937
6.237931
6.8884573
6.1273837
6.3442264
7.2158465
7.649531
6.9990044
5.6937
7.109551
7.3263927
7.3221416
6.3442264
6.454773
5.5874047
5.3663106
5.6937
6.9990044
6.671615
6.671615
5.6937
5.1494684
5.6937
6.454773
6.1273837
6.1273837
6.237931
6.671615
6.9990044
8.193762
8.083215
7.3221416
6.1273837
6.671615
6.1273837
5.583153
6.56532
7.760078
6.77791
6.561068
7.543235
7.543235
6.016837
6.8884573
7.649531
7.9769197
7.8663726
6.2336793
6.671615
7.4326887
6.561068
7.4326887
7.649531
6.454773
6.8884573
6.671615
6.8884573
7.1052995
6.9947524
6.77791
7.4326887
7.760078
6.3442264
6.561068
6.561068
6.561068
6.9990044
6.8884573
7.8663726
7.1052995
6.8884573
6.7821617
6.7821617
6.671615
5.583153
5.4768577
6.56532
6.8884573
6.8884573
6.77791
6.237931
6.9990044
5.6937
6.454773
6.454773
7.3263927
5.583153
5.804247
6.016837
5.6937
5.9105415
5.2600155
6.56532
6.0210886
5.6937
5.583153
6.0210886
5.4768577
6.0210886
6.0210886
6.348478
6.2421827
6.1273837
5.4768577
4.9326262
5.804247
5.804247
5.3705626
5.5874047
6.56532
6.348478
6.237931
6.1316357
6.237931
4.9326262
5.0431733
6.0210886
6.237931
5.4768577
5.6937
6.0210886
6.1273837
5.804247
6.237931
5.1494684
5.6937
5.804247
6.237931
5.2600155
5.6937
6.237931
6.4590244
5.5874047
5.2600155
6.237931
6.1273837
6.1273837
7.3263927
6.1273837
6.892709
5.0431733
5.0431733
5.804247
5.1494684
6.9990044
7.1052995
6.8884573
6.1273837
5.799995
6.7821617
6.8884573
5.6937
6.7821617
5.804247
5.5874047
5.804247
5.804247
5.4768577
5.6937
6.237931
5.804247
5.5874047
6.454773
6.7821617
5.4768577
6.1316357
5.6937
5.1494684
5.9105415
5.038922
5.804247
5.5874047
6.56532
5.3663106
6.0210886
5.6937
5.799995
6.237931
5.6937
6.9990044
5.804247
5.804247
5.583153
6.1273837
6.454773
5.583153
5.9105415
5.799995
6.1273837
6.1273837
5.9105415
6.9990044
6.671615
6.016837
6.671615
6.016837
6.671615
7.1052995
6.561068
7.4326887
6.2336793
5.799995
5.4768577
6.671615
6.561068
6.667363
6.77791
7.3221416
6.561068
6.77791
6.77791
6.9990044
6.77791
6.561068
7.649531
6.77791
6.9947524
7.538984
6.77791
7.3221416
7.2115946
7.3221416
6.8842053
6.561068
7.1052995
6.450521
7.1052995
7.1052995
7.649531
7.649531
6.8842053
6.9947524
7.1010475
6.667363
6.016837
6.8884573
6.667363
6.561068
7.7558255
7.1052995
7.9769197
7.3221416
6.9947524
6.8842053
7.4284363
7.6452785
7.6452785
7.4284363
8.083215
7.7558255
8.083215
7.7558255
7.6452785
7.2115946
6.8842053
6.8842053
7.4284363
8.083215
8.627446
7.7558255
7.9726677
7.2115946
7.317889
7.6452785
7.4284363
8.733741
7.4284363
7.7558255
8.623194
7.7515736
7.8621206
7.8621206
7.5347314
7.1010475
7.9726677
8.295805
7.8621206
8.078962
7.7515736
8.295805
8.406352
7.6452785
8.189509
8.512647
8.406352
9.277972
8.189509
7.1010475
8.950583
8.295805
8.189509
9.384267
7.9684157
8.295805
8.406352
7.7515736
8.078962
8.406352
8.512647
8.623194
8.733741
9.167425
7.9684157
8.950583
7.9684157
8.729489
9.384267
8.623194
8.295805
8.729489
8.295805
8.295805
9.494814
8.4021
8.295805
8.623194
8.946331
7.9684157
9.384267
9.163173
8.185258
9.167425
8.840036
8.729489
9.384267
9.27372
9.384267
8.840036
8.185258
8.2915535
9.707404
9.490562
8.946331
8.835785
8.946331
8.4021
8.618942
9.380016
9.380016
8.729489
9.056878
9.27372
9.6011095
8.729489
9.707404
9.924246
8.729489
9.707404
9.380016
8.4021
9.27372
9.163173
9.490562
9.27372
9.163173
9.490562
9.6011095
9.380016
8.295805
9.817951
8.729489
9.163173
9.380016
9.163173
9.817951
9.924246
9.27372
9.490562
9.490562
8.835785
8.729489
8.512647
9.056878
8.512647
8.512647
9.056878
9.056878
8.078962
8.840036
8.512647
7.7515736
8.512647
7.9684157
8.840036
7.9684157
8.512647
8.512647
8.946331
9.056878
9.052627
8.729489
9.384267
8.946331
8.185258
9.167425
8.623194
8.295805
9.056878
8.185258
7.6410265
8.512647
8.946331
9.056878
9.056878
8.623194
8.295805
9.167425
9.167425
8.295805
8.185258
9.167425
8.295805
8.512647
8.512647
9.490562
7.9684157
8.840036
8.078962
8.295805
8.295805
8.512647
8.729489
8.295805
9.163173
8.946331
8.295805
8.185258
7.7515736
7.7515736
8.840036
8.512647
7.5347314
8.406352
8.950583
7.8621206
7.7515736
9.167425
8.078962
7.8621206
8.950583
7.317889
7.1010475
8.406352
7.317889
7.5347314
8.516899
7.8621206
7.9726677
8.406352
7.6452785
7.1010475
7.4284363
7.7558255
7.7558255
6.450521
7.4284363
7.9726677
7.2115946
7.8621206
7.4284363
7.2115946
7.9726677
7.7558255
7.4284363
6.9947524
7.2158465
6.2336793
6.561068
6.9947524
7.538984
6.9947524
6.2336793
7.3221416
7.3221416
6.123132
7.3221416
7.3221416
6.561068
7.4326887
6.3442264
6.77791
6.77791
6.2336793
7.760078
6.450521
5.9105415
7.2158465
6.671615
5.799995
6.671615
6.1273837
5.6937
7.4326887
6.8884573
5.799995
6.3442264
7.3221416
6.8884573
6.9990044
7.1052995
5.9105415
6.1316357
5.6937
6.0210886
6.237931
6.348478
5.6937
5.1537204
5.804247
5.914794
5.1537204
3.848416
5.1537204
4.936878
5.2600155
6.1316357
5.3705626
4.2821
4.2821
4.936878
4.503194
4.830583
5.1537204
3.848416
5.1537204
4.826331
4.826331
4.065258
4.3926473
3.631574
4.2863517
4.2863517
3.1978896
3.8526678
3.3084364
4.180057
3.5252786
4.06951
3.414732
3.631574
4.2863517
3.7463725
3.8526678
2.65791
2.9852993
2.9852993
2.65791
3.312688
3.9632149
3.4189837
3.3084364
3.7421207
4.06951
2.9810476
3.0915945
3.5252786
3.7463725
2.8747523
3.0915945
3.6358256
3.4189837
2.8747523
2.65791
3.9632149
3.2021413
3.4232354
1.7905419
2.3347728
2.3347728
2.3347728
1.6842467
2.3347728
1.896837
2.0073838
2.0073838
1.5736997
2.228478
2.5516152
1.3568575
2.3347728
1.6842467
2.0116355
1.3568575
1.7905419
1.2505624
2.117931
2.5516152
3.0958462
2.117931
2.117931
1.0337203
0.70633125
0.70633125
0.1621001
1.2505624
1.4674045
1.2505624
1.6842467
0.81687826
1.3611094
0.70633125
1.0337203
1.3611094
0.60003614
0.27264705
0.38319403
0.27264705
0.60003614
0.27264705
0.4894892
0.1621001
1.1442673
0.81687826
0.81687826
-0.054742
0.92742515
0.16635191
-0.16103715
-0.050490197
0.81687826
1.0337203
0.70633125
0.27264705
0.60003614
0.60003614
0.60003614
0.16635191
-0.16103715
-0.054742
0.60003614
-0.9221104
0.16635191
0.16635191
-0.5947214
-0.8115635
0.92742515
0.27264705
-0.054742
-0.27158412
0.16635191
0.49374095
-0.050490197
-0.4884262
-0.37787926
0.27689886
-0.7010165
-0.054742
-0.37787926
0.16635191
0.055804953
-0.37787926
-0.7010165
-0.91785866
0.06005676
-0.59046954
0.06005676
-0.5947214
-0.4841744
-0.9221104
0.27689886
-0.37787926
-0.7010165
-1.3557947
-0.4841744
-0.37787926
-0.8115635
-0.8115635
0.06005676
-0.8115635
-0.7010165
-1.2452477
-0.8115635
-0.7010165
-0.37787926
-0.5947214
-1.0284055
-0.2630805
-0.91785866
-1.1347008
-0.7010165
-0.59046954
-1.2452477
0.06005676
-0.5947214
-1.1389525
0.6042879
-1.2452477
-1.2494994
-0.050490197
-0.050490197
0.16635191
-0.2673323
-0.5947214
0.16635191
-0.37787926
-0.7052683
0.6042879
0.7105831
-0.37787926
0.06005676
-0.27158412
-0.37787926
0.49374095
-0.37787926
-0.2673323
0.16635191
0.49374095
-0.050490197
0.7105831
0.49374095
0.055804953
0.055804953
-0.16103715
0.055804953
0.27264705
0.055804953
0.16635191
0.38319403
0.16635191
0.49374095
0.60003614
0.1621001
-0.4884262
-0.16103715
-0.37787926
0.16635191
0.38319403
-0.27158412
1.3611094
0.055804953
0.81687826
0.81687826
-0.4884262
0.055804953
0.60003614
0.16635191
-0.4884262
1.0337203
-0.054742
-0.27158412
0.055804953
0.38319403
0.1621001
0.92742515
0.38319403
0.1621001
0.27264705
-0.4884262
0.4894892
1.0379721
-0.054742
0.055804953
0.81687826
0.4894892
1.2505624
0.4894892
-0.054742
0.81687826
1.0337203
0.4894892
1.6842467
0.70633125
2.117931
1.2463106
2.0116355
1.4674045
0.8126264
1.1400155
1.1400155
1.3568575
1.2505624
0.4894892
0.37894222
1.2505624
1.0337203
2.0116355
0.8126264
2.228478
1.4631528
1.5736997
1.3568575
2.0073838
1.4631528
2.662162
1.7905419
0.9231734
2.44532
1.7905419
1.5736997
2.0073838
2.0073838
0.8126264
1.7947936
0.8126264
0.5957843
1.2463106
2.3347728
1.6799948
2.4410682
2.8747523
3.0915945
3.7463725
2.5516152
1.5736997
1.7905419
1.3568575
1.7905419
1.6799948
1.5694479
2.8747523
2.65791
2.1136792
3.2021413
2.330521
2.7684572
1.896837
2.3347728
1.1357636
2.65791
2.65791
2.8747523
2.4410682
3.2021413
3.4189837
2.7642052
4.180057
3.6358256
2.4368165
2.8747523
2.330521
2.5473633
4.06951
3.414732
3.848416
4.1758046
2.9767957
4.1758046
4.1758046
3.8526678
3.7421207
3.5252786
3.7421207
2.7642052
2.9810476
3.7421207
3.9589627
3.3041847
4.3926473
4.503194
3.631574
3.631574
3.7421207
3.9589627
4.06951
3.7421207
3.631574
3.414732
4.720036
3.848416
4.065258
3.737869
3.9589627
3.631574
3.631574
3.3041847
4.1758046
4.503194
3.5210268
4.3926473
4.3926473
4.065258
4.3926473
4.4989424
3.5210268
3.954711
4.6094894
4.065258
4.2821
4.6094894
3.954711
4.1758046
4.503194
3.5210268
5.264267
4.6094894
3.5210268
3.737869
4.2821
3.9589627
4.1758046
5.481109
3.848416
4.2821
4.3926473
3.737869
4.715784
4.3926473
3.844164
5.2600155
5.2600155
4.4989424
4.4989424
4.3883953
4.9326262
4.2821
5.5874047
4.171553
3.848416
4.2821
3.848416
5.0431733
4.171553
3.954711
5.4768577
4.715784
4.4989424
5.1537204
4.171553
3.737869
4.6094894
4.826331
3.3041847
5.3705626
4.171553
4.065258
4.4989424
3.737869
5.4768577
4.605237
4.6094894
4.9326262
5.804247
4.4989424
4.4989424
4.8220797
3.954711
4.3883953
5.6937
4.715784
4.3883953
4.9326262
4.4989424
3.954711
5.5874047
3.737869
4.1758046
4.1758046
3.737869
3.3041847
3.954711
4.2821
3.5210268
4.720036
3.848416
3.848416
4.2821
4.2821
5.1537204
4.065258
4.2821
4.826331
4.715784
4.2821
3.6273217
4.4989424
4.715784
4.065258
4.2821
4.1758046
3.4104798
4.4989424
4.2821
3.5210268
4.3883953
4.4989424
3.1936376
4.3926473
4.2821
3.954711
4.065258
3.9589627
3.631574
4.6094894
4.2821
3.631574
4.1758046
3.0873425
4.065258
4.2821
4.065258
3.0873425
4.4989424
4.2821
3.737869
4.3926473
4.6094894
4.065258
4.4989424
4.715784
4.065258
4.2821
3.848416
3.1936376
4.2821
3.3041847
3.737869
4.065258
3.954711
4.720036
4.4989424
3.5210268
3.737869
4.065258
3.737869
3.848416
3.7421207
4.1758046
3.9589627
2.2157223
3.7421207
3.9589627
3.3041847
3.7421207
3.9589627
3.631574
3.3041847
3.3041847
2.9767957
3.5210268
4.2821
4.6094894
3.737869
4.065258
5.1537204
4.826331
5.1537204
3.848416
3.3041847
3.848416
4.065258
3.848416
4.1758046
2.7599535
3.848416
3.631574
3.414732
3.0873425
3.9589627
3.631574
3.848416
4.1758046
3.0873425
3.848416
4.2821
3.5210268
5.3705626
3.631574
3.848416
4.065258
3.5210268
3.848416
3.954711
3.3041847
3.631574
3.1936376
3.631574
3.3041847
3.848416
3.631574
3.414732
3.3041847
2.8705006
3.848416
2.5431116
2.8705006
3.631574
3.631574
3.0915945
3.7421207
2.9810476
2.6536584
3.3084364
3.414732
3.0873425
2.2199743
2.9810476
2.4368165
2.7642052
3.5252786
2.3262694
2.9810476
3.0873425
2.7642052
2.7642052
2.8747523
2.330521
2.4368165
2.003132
2.003132
2.5473633
2.7642052
2.003132
2.330521
2.8747523
1.5694479
2.330521
2.8747523
2.330521
2.65791
2.003132
2.2199743
2.003132
1.7862899
2.330521
2.4368165
2.9810476
1.7862899
2.330521
2.7642052
2.65791
2.4368165
2.7684572
2.5473633
1.7862899
2.2199743
2.65791
1.5694479
2.9810476
2.330521
1.7862899
2.7642052
2.8747523
1.6757431
2.8747523
2.224226
1.896837
1.3526058
1.5694479
1.6799948
1.4631528
1.7862899
1.1357636
1.2463106
2.330521
2.4410682
1.896837
2.224226
1.2420589
1.5694479
1.6799948
2.0073838
2.224226
2.7684572
1.1357636
1.6799948
1.6799948
2.0073838
1.1357636
2.1136792
1.5736997
1.7905419
1.7905419
0.48523736
1.9010887
1.2463106
0.7020795
1.2463106
0.70633125
0.1578483
1.2463106
1.1357636
1.5736997
1.1400155
0.8126264
1.3568575
0.3746904
1.5736997
0.9189216
0.48523736
0.8126264
0.9231734
1.0294685
1.0294685
0.8126264
-0.2758359
0.26839525
0.26839525
1.0294685
0.1578483
1.2463106
0.9231734
0.1578483
0.5957843
1.0294685
1.2463106
0.48523736
0.5957843
1.1400155
-0.2758359
0.7020795
0.9189216
0.1578483
0.9189216
1.5736997
0.48523736
1.3568575
0.26839525
0.5957843
0.9231734
1.0337203
0.37894222
-0.16528895
0.8126264
0.37894222
0.8126264
0.1621001
0.37894222
0.9231734
0.37894222
1.5736997
1.3568575
1.3568575
1.5736997
1.1357636
0.5957843
0.5957843
1.1400155
0.9231734
0.8126264
0.9231734
0.8126264
0.1621001
0.05155315
-0.38213107
0.5957843
0.05155315
0.4894892
0.5957843
0.1621001
0.4894892
1.1400155
0.27264705
0.37894222
0.70633125
0.27264705
0.37894222
0.4894892
1.1400155
0.055804953
0.1621001
0.27264705
0.70633125
0.1621001
0.37894222
0.1621001
0.37894222
0.1621001
0.8126264
0.8126264
-0.38213107
0.37894222
0.37894222
0.70633125
0.1621001
0.5957843
0.70633125
0.4894892
0.1621001
1.1400155
0.27264705
0.70633125
0.1621001
0.70633125
0.37894222
1.2505624
-0.16528895
-0.59897316
0.4894892
0.4894892
0.1621001
-0.054742
0.4894892
-0.054742
0.055804953
0.37894222
0.1621001
0.37894222
0.70633125
0.70633125
-0.054742
0.81687826
1.3568575
0.05155315
1.5736997
1.4674045
-0.16528895
1.4674045
0.9231734
0.70633125
0.5957843
0.70633125
0.5957843
0.27264705
0.9231734
0.37894222
0.70633125
1.0294685
0.5957843
0.70633125
0.9231734
0.37894222
1.2505624
0.5957843
1.5736997
0.5957843
1.2463106
1.7905419
0.8126264
1.4631528
2.117931
2.224226
1.4631528
1.5736997
2.0073838
1.5736997
2.3347728
0.8126264
1.2463106
1.896837
1.3568575
1.0252168
2.3347728
2.0073838
1.7905419
1.3568575
1.9010887
2.4410682
1.2463106
1.896837
1.7905419
2.5516152
2.0073838
1.896837
2.7684572
3.4189837
3.0915945
2.65791
2.5516152
3.0915945
2.65791
2.4368165
2.9852993
2.8747523
1.5694479
2.65791
2.003132
2.65791
2.1136792
2.5473633
2.8747523
2.8747523
2.5473633
3.0915945
3.2021413
2.330521
2.5473633
2.1136792
2.65791
2.7684572
2.003132
3.9632149
2.7642052
2.4368165
3.5252786
3.0915945
3.0915945
2.9810476
3.8526678
2.9810476
2.9810476
3.8526678
2.5473633
2.7642052
3.7421207
3.6358256
3.7421207
3.0873425
3.631574
2.9810476
3.7421207
3.9589627
3.414732
3.7421207
3.0873425
3.848416
3.7421207
4.06951
3.631574
3.0873425
4.2863517
3.414732
3.848416
3.9589627
3.9589627
3.7421207
3.848416
3.631574
3.9589627
4.1758046
3.9589627
3.9589627
4.2863517
4.503194
4.1758046
3.414732
4.1758046
4.4989424
4.3926473
4.6094894
4.826331
4.826331
4.503194
4.2821
5.1537204
4.3883953
5.1537204
4.065258
4.936878
4.826331
5.0431733
3.848416
4.2821
4.3926473
3.5210268
5.1537204
4.1758046
4.3926473
4.715784
5.914794
4.826331
4.2821
4.4989424
4.715784
4.826331
5.3705626
5.0431733
4.171553
5.1494684
5.3663106
5.804247
6.1273837
6.237931
5.799995
5.799995
5.3663106
6.1273837
6.3442264
5.6937
5.583153
6.016837
6.3442264
6.016837
6.77791
6.561068
5.583153
6.1273837
5.799995
5.6937
6.237931
6.1273837
5.799995
5.3663106
5.2557635
6.2336793
6.450521
6.450521
7.2158465
6.339974
6.667363
6.450521
6.8884573
7.2115946
7.2115946
6.450521
7.538984
7.4284363
7.4284363
7.9726677
7.317889
7.317889
8.300056
7.8621206
7.2115946
7.538984
7.1010475
8.078962
7.7558255
7.7558255
8.083215
6.9947524
6.9947524
7.4284363
6.9947524
7.2115946
7.3221416
7.2115946
6.667363
7.1052995
7.538984
8.083215
6.8842053
7.538984
8.300056
7.7515736
7.6452785
7.8621206
7.9684157
8.189509
7.7558255
7.7515736
7.7515736
7.8621206
8.078962
7.317889
7.6452785
7.7515736
7.317889
7.8621206
6.9947524
7.9726677
7.4284363
7.9726677
7.7558255
6.7736583
7.9726677
7.1010475
8.078962
7.7558255
7.2115946
7.9684157
8.406352
7.7515736
8.623194
8.406352
8.078962
8.623194
8.078962
8.406352
8.840036
8.406352
8.295805
8.512647
7.9684157
8.295805
8.295805
7.9684157
8.189509
8.406352
8.078962
8.189509
8.623194
7.5347314
8.516899
7.6452785
7.9726677
7.8621206
8.516899
7.5347314
8.623194
8.295805
8.078962
8.406352
8.078962
8.623194
9.056878
8.623194
7.8621206
8.295805
8.295805
7.9684157
8.295805
7.4241843
7.6410265
7.8621206
9.167425
7.7515736
8.840036
7.8621206
8.078962
8.406352
8.623194
8.300056
8.189509
8.295805
8.078962
8.295805
8.295805
7.7515736
8.516899
8.512647
8.295805
8.512647
8.406352
8.295805
8.295805
8.295805
8.733741
8.406352
8.840036
8.840036
8.295805
8.295805
8.840036
7.9684157
8.078962
8.185258
8.078962
7.7515736
8.078962
7.4241843
8.189509
7.9684157
8.078962
8.733741
7.5347314
7.1010475
8.733741
8.078962
8.189509
8.516899
7.9726677
7.7558255
7.7558255
7.6452785
7.8621206
7.2115946
8.516899
7.9726677
7.4284363
8.189509
7.6452785
8.733741
7.7558255
8.406352
8.189509
7.8621206
7.207342
7.8621206
8.623194
7.5347314
8.516899
7.7515736
8.189509
8.516899
7.8621206
8.078962
7.317889
8.733741
7.5347314
7.7515736
8.406352
7.7515736
8.623194
8.078962
7.9726677
8.623194
8.406352
7.4284363
7.5347314
7.6452785
8.516899
8.406352
7.5347314
7.6452785
8.189509
7.8621206
7.8621206
8.189509
7.8621206
8.840036
7.9726677
8.406352
8.406352
8.512647
8.078962
8.295805
8.295805
8.078962
8.733741
8.406352
7.8621206
7.8621206
7.9726677
8.295805
7.9726677
7.4284363
7.8621206
7.8621206
8.189509
7.9726677
7.1010475
7.7558255
6.8842053
7.8621206
8.078962
7.5347314
8.078962
7.5347314
7.7515736
8.295805
7.8621206
8.623194
8.300056
8.295805
8.078962
8.840036
7.9684157
8.295805
8.078962
7.6452785
7.317889
7.317889
7.3221416
8.300056
7.5347314
8.189509
7.7558255
7.8621206
7.5347314
9.061131
7.7515736
8.078962
7.6452785
9.167425
8.840036
7.8621206
9.061131
8.078962
7.317889
8.189509
8.733741
8.623194
7.8621206
8.623194
8.406352
8.623194
8.189509
8.189509
8.623194
8.406352
7.8621206
8.950583
7.8621206
8.623194
8.189509
8.078962
7.7558255
8.627446
7.1052995
8.083215
7.8621206
8.627446
7.8621206
8.516899
8.406352
7.6452785
7.317889
8.733741
8.189509
8.300056
7.7558255
8.844288
8.078962
7.538984
8.189509
8.733741
8.623194
7.4284363
8.078962
8.189509
8.300056
7.7558255
8.300056
7.7558255
8.083215
7.7558255
7.3221416
7.649531
7.3221416
7.538984
7.6452785
8.410604
7.538984
8.410604
8.627446
8.300056
7.1052995
8.193762
8.410604
8.083215
9.171678
8.189509
8.300056
9.061131
7.9726677
8.300056
8.844288
8.844288
7.4284363
7.7558255
7.7558255
7.538984
8.737993
7.8663726
7.9769197
7.3263927
7.4326887
7.8663726
7.1052995
7.8663726
8.516899
8.193762
8.521151
8.083215
7.2158465
8.193762
9.171678
8.300056
8.844288
8.516899
8.189509
8.083215
8.954835
8.300056
7.649531
7.760078
8.193762
7.1052995
7.4326887
8.954835
7.7558255
8.304308
7.4326887
7.4326887
7.4326887
8.627446
8.300056
8.627446
9.061131
8.300056
8.083215
8.627446
7.7558255
7.8663726
8.083215
8.737993
7.538984
7.649531
7.9726677
8.410604
8.410604
8.189509
8.627446
7.7558255
7.9726677
6.9947524
7.538984
8.627446
8.627446
7.6452785
8.083215
8.193762
8.627446
8.083215
7.649531
7.8663726
7.8663726
7.538984
7.649531
8.300056
7.538984
6.9947524
7.3221416
7.4284363
6.77791
7.760078
7.3221416
6.8884573
6.8884573
7.4326887
6.9947524
6.8884573
6.671615
7.538984
7.538984
8.410604
8.083215
7.8663726
8.193762
7.9769197
6.8884573
6.561068
7.3221416
7.1052995
6.77791
8.521151
7.7558255
7.649531
6.671615
6.561068
6.7821617
7.1052995
6.7821617
6.7821617
6.77791
6.016837
6.454773
6.3442264
6.0210886
7.3263927
7.2158465
6.0210886
6.237931
6.9990044
6.3442264
5.583153
5.9105415
6.56532
6.454773
6.348478
6.9990044
6.454773
6.0210886
6.671615
6.0210886
6.0210886
5.804247
5.0431733
5.3705626
4.826331
5.3705626
4.826331
5.5874047
5.6979513
5.1537204
4.826331
5.1537204
4.6094894
4.503194
4.613741
4.826331
4.3926473
4.1758046
4.3926473
4.6094894
5.0474253
4.2821
4.3926473
4.1758046
4.065258
5.481109
4.720036
4.1758046
3.9589627
3.5210268
4.2863517
4.613741
4.3926473
3.7421207
4.2863517
3.1978896
3.1978896
3.8526678
3.7421207
4.3968987
4.06951
3.5252786
4.06951
4.2863517
4.06951
4.06951
4.613741
3.848416
3.9589627
3.5252786
3.8526678
3.3084364
4.180057
4.3968987
3.4189837
2.9810476
3.3084364
3.5252786
3.4189837
3.3084364
4.180057
3.4189837
2.9852993
3.6358256
3.3084364
3.5252786
3.8526678
3.414732
3.6358256
2.4410682
3.2021413
3.9632149
4.180057
3.8526678
3.7463725
3.5252786
3.4189837
3.6358256
3.0915945
3.6358256
2.4410682
3.7463725
3.2021413
2.8747523
3.7463725
3.0915945
3.4189837
3.9632149
3.3084364
2.65791
3.7463725
4.507446
3.6358256
3.6358256
3.9632149
3.5295303
2.9852993
3.5295303
2.8747523
2.1136792
4.0737615
2.7684572
2.65791
3.5295303
2.65791
2.7684572
3.2063932
2.9852993
2.4410682
3.6400774
3.6400774
2.65791
3.5295303
3.3084364
3.7421207
3.6358256
3.4189837
3.5295303
2.65791
2.8747523
3.2021413
3.8526678
2.8747523
2.9852993
2.9852993
3.0958462
3.0958462
2.4410682
3.2063932
2.65791
2.3347728
2.5516152
3.0958462
2.224226
3.0958462
3.5295303
2.9852993
2.1136792
3.9632149
3.5252786
3.3084364
3.6358256
4.180057
2.7642052
3.8526678
4.06951
2.5473633
4.0737615
3.4189837
2.7684572
3.312688
2.8747523
2.5516152
2.117931
1.7905419
1.1400155
2.117931
1.7905419
1.2463106
2.3347728
2.7684572
2.4410682
2.879004
2.7684572
1.0294685
2.3347728
2.879004
2.7684572
2.7684572
2.3347728
3.4232354
1.7905419
2.3347728
2.879004
2.5516152
3.312688
2.4410682
2.224226
3.0958462
2.0073838
2.117931
2.3347728
1.3568575
1.7905419
3.0958462
1.4631528
2.224226
2.65791
2.65791
2.1136792
1.6799948
2.0073838
2.0073838
1.896837
2.9852993
2.7684572
2.9852993
2.5473633
2.330521
3.2021413
2.1136792
2.330521
1.5694479
2.9852993
2.4410682
2.224226
3.7463725
2.65791
2.4410682
2.65791
3.4189837
2.224226
3.5295303
3.6358256
2.8747523
2.8747523
3.8526678
2.8747523
2.9852993
3.4189837
2.8747523
2.224226
2.9852993
2.4410682
3.4189837
2.330521
1.896837
2.9852993
2.4410682
2.1136792
2.330521
3.2021413
2.5473633
3.5252786
3.8526678
2.8705006
3.5252786
4.2863517
2.9810476
3.9589627
3.5252786
4.2863517
3.7421207
3.631574
3.7421207
3.631574
4.180057
3.631574
3.7421207
3.9589627
4.06951
3.3084364
3.7421207
3.9589627
3.1978896
3.7421207
3.414732
3.1978896
3.631574
4.1758046
3.9589627
3.631574
4.503194
4.065258
4.6094894
4.3926473
4.503194
3.848416
4.4989424
4.936878
5.1537204
4.2821
4.6094894
4.1758046
4.4989424
4.6094894
4.6094894
4.720036
4.3926473
4.2863517
4.3926473
4.720036
4.3926473
3.5210268
4.720036
3.9589627
4.3926473
5.1537204
3.848416
4.3926473
4.826331
4.715784
4.936878
5.1537204
4.4989424
5.1537204
5.5874047
4.4989424
5.3705626
4.715784
5.3705626
4.3926473
5.0431733
4.4989424
5.0431733
4.9326262
5.6937
5.2600155
5.1494684
5.6937
4.826331
5.2600155
4.715784
4.171553
5.0431733
4.4989424
5.4768577
4.9326262
5.5874047
5.0431733
5.1537204
4.4989424
4.826331
4.171553
5.0431733
5.4768577
4.715784
6.454773
4.9326262
5.4768577
5.9105415
5.3663106
4.9326262
5.2600155
5.5874047
5.9105415
5.9105415
5.4768577
5.804247
5.9105415
5.583153
6.016837
6.3442264
5.4726057
5.583153
5.3663106
5.9105415
3.954711
4.6094894
4.2821
4.6094894
4.826331
4.503194
4.4989424
5.2600155
4.9326262
4.715784
5.4768577
5.2600155
5.3663106
5.3705626
4.605237
5.583153
5.4768577
6.454773
5.4768577
5.9105415
5.1494684
5.9105415
5.6937
5.3663106
5.6937
5.4768577
4.8220797
4.6094894
4.4989424
4.826331
3.954711
5.0431733
5.4768577
3.954711
5.4768577
5.3663106
5.2600155
4.8220797
4.171553
5.2600155
5.0431733
5.4768577
4.9326262
5.9105415
6.0210886
4.605237
4.605237
5.1494684
5.5874047
4.171553
5.4768577
4.9326262
4.715784
5.6937
4.9326262
5.038922
5.9105415
5.3663106
5.6937
4.9326262
4.9326262
4.9326262
5.1494684
5.1494684
5.1494684
4.9326262
5.2600155
4.715784
4.3883953
6.56532
5.6937
5.3663106
5.3663106
5.9105415
5.1494684
5.4768577
5.5874047
4.171553
6.0210886
5.4768577
5.1494684
6.3442264
6.016837
5.038922
5.1494684
4.9326262
5.4768577
5.1494684
5.6937
5.804247
5.6937
5.1494684
4.605237
6.0210886
4.9326262
4.9326262
5.2600155
5.799995
4.605237
6.454773
5.6937
4.8220797
5.583153
6.0210886
4.8220797
5.6937
5.583153
6.0210886
6.237931
6.1273837
5.799995
5.583153
5.583153
4.3883953
5.2600155
5.583153
5.038922
4.9326262
5.3705626
4.2821
4.826331
4.826331
4.715784
4.3926473
4.6094894
4.3926473
4.6094894
4.4989424
4.9326262
4.9326262
4.6094894
5.0431733
4.826331
4.2821
5.5874047
4.936878
4.4989424
5.0431733
4.2821
3.848416
4.2821
3.7421207
4.6094894
4.826331
4.1758046
3.414732
4.720036
3.9589627
4.065258
3.5252786
4.503194
2.8705006
3.1978896
3.414732
3.7421207
3.631574
3.9589627
3.0873425
3.631574
3.414732
3.414732
3.631574
3.3041847
3.7421207
3.848416
4.1758046
4.1758046
4.2863517
3.848416
3.631574
3.848416
3.7421207
3.5252786
3.8526678
3.8526678
3.3084364
3.1978896
3.7421207
2.5473633
3.414732
3.7421207
4.2863517
3.631574
2.6536584
2.7642052
3.5252786
3.1978896
3.1978896
3.848416
3.1978896
3.3084364
4.2863517
3.1978896
2.7642052
2.9810476
3.0915945
2.330521
2.7642052
3.9589627
2.9810476
4.613741
3.3084364
2.6536584
4.06951
3.1978896
3.4189837
2.8747523
3.0915945
3.1978896
2.9810476
3.6358256
2.5473633
3.3084364
2.8705006
3.0915945
3.5252786
4.2863517
2.8747523
2.5473633
3.0915945
2.9852993
3.3084364
3.5252786
2.7642052
2.4368165
3.5252786
3.5252786
2.5473633
3.5252786
3.1978896
2.5473633
2.5473633
2.7684572
2.330521
2.8747523
2.65791
2.9810476
2.9810476
3.414732
2.7642052
3.0915945
3.3084364
2.330521
1.7862899
2.7684572
1.896837
2.0073838
2.1136792
2.224226
1.7905419
2.4410682
1.896837
2.330521
2.1136792
2.003132
2.4410682
3.0915945
2.224226
2.4410682
2.4410682
2.1136792
2.330521
2.65791
2.65791
2.65791
2.330521
2.4410682
1.896837
1.2463106
1.9010887
2.224226
0.9189216
2.0073838
2.117931
1.6799948
1.6799948
2.224226
2.224226
2.0073838
1.896837
2.8747523
2.0073838
1.896837
2.65791
2.330521
2.0073838
1.4631528
1.6799948
1.4631528
2.3347728
1.2463106
2.7684572
1.896837
0.9189216
2.3347728
2.224226
1.1400155
1.2463106
1.896837
1.7905419
1.3568575
1.7905419
2.5516152
2.117931
1.5736997
1.5736997
1.2463106
1.2463106
1.0294685
2.3347728
2.4410682
2.0073838
1.4631528
1.9010887
1.3568575
1.0294685
1.0294685
1.4631528
1.4631528
1.0294685
1.2463106
1.7905419
1.2505624
1.0294685
1.3568575
1.3568575
1.2463106
0.8126264
1.7905419
1.5736997
1.3568575
0.8126264
1.5736997
1.4674045
1.5736997
1.9010887
2.0073838
2.0073838
0.5957843
1.3568575
2.3347728
1.5736997
1.2463106
1.7905419
1.0294685
2.0073838
2.9852993
0.7020795
0.59153247
2.117931
1.0294685
0.8126264
1.2463106
1.1357636
1.4631528
2.224226
0.7020795
1.4631528
2.0073838
1.0294685
-0.16528895
0.5957843
0.05155315
0.05155315
0.5957843
1.7905419
0.26839525
1.0294685
1.2463106
1.1400155
0.8126264
1.4631528
2.224226
1.5694479
1.1357636
2.0073838
2.224226
1.6799948
2.224226
2.4410682
2.1136792
1.7905419
2.9852993
2.65791
1.6799948
1.6799948
2.3347728
1.7905419
1.2463106
2.0073838
1.5736997
2.4410682
1.6799948
2.330521
2.8747523
2.1136792
2.1136792
3.2021413
2.8747523
2.5473633
4.06951
3.0915945
2.5473633
3.414732
3.5252786
3.1978896
3.5252786
2.4368165
3.6358256
2.9810476
3.1978896
2.7642052
2.8747523
3.3084364
3.0915945
2.5473633
2.9810476
2.9810476
3.0915945
3.848416
2.9810476
3.5252786
3.6358256
3.9589627
4.503194
3.414732
4.06951
3.631574
4.3926473
3.9589627
3.9589627
4.503194
3.631574
3.848416
3.9589627
4.503194
4.2821
4.936878
3.737869
3.5210268
3.4104798
5.1537204
4.720036
4.3926473
3.631574
3.737869
3.737869
4.2821
4.715784
4.065258
4.065258
4.826331
4.1758046
4.065258
4.715784
4.6094894
4.2821
5.4768577
5.3705626
4.2821
5.3705626
4.826331
4.9326262
5.6937
5.9105415
5.3663106
5.038922
4.605237
4.8220797
4.8220797
5.9105415
5.583153
5.583153
5.9105415
5.799995
6.2336793
5.4768577
5.4768577
5.1494684
4.8220797
5.799995
5.6937
6.1273837
6.3442264
6.016837
6.450521
6.561068
6.667363
6.561068
6.667363
7.4284363
7.4284363
7.4284363
7.9726677
6.8842053
6.8842053
7.8621206
7.4284363
7.6452785
8.078962
7.8621206
7.207342
7.5347314
6.663111
7.1010475
7.5347314
7.7515736
7.7515736
6.9905005
7.8621206
7.6410265
8.512647
8.840036
7.9684157
8.295805
8.185258
7.857869
7.857869
8.729489
8.4021
9.056878
7.857869
8.4021
8.835785
8.729489
8.185258
8.4021
7.857869
9.056878
9.490562
8.185258
8.729489
8.618942
8.078962
8.946331
9.163173
7.747322
8.074712
9.380016
8.074712
9.596858
9.596858
8.94208
9.596858
9.703153
9.052627
9.8137
10.030542
8.94208
10.574773
10.353679
9.052627
10.464226
11.114753
9.703153
10.136837
10.353679
9.703153
10.357931
9.919995
9.592606
10.681068
11.442142
10.570521
10.243132
10.464226
10.136837
10.787363
9.809448
10.353679
11.2253
10.681068
10.464226
11.875826
11.004206
10.570521
11.114753
10.676816
11.437889
11.548436
10.566269
11.221047
11.9821205
10.893659
11.221047
11.548436
11.9821205
12.198963
12.415805
12.088415
11.221047
11.765279
11.548436
11.327342
11.437889
11.221047
11.548436
10.459974
11.221047
11.331594
11.654732
11.765279
11.548436
11.654732
10.676816
11.331594
11.327342
11.544185
12.526352
12.088415
12.198963
11.9821205
12.088415
11.871573
12.5220995
12.411553
12.415805
12.960036
11.654732
11.548436
11.548436
11.437889
11.331594
12.092668
10.893659
11.004206
11.548436
11.004206
11.765279
11.331594
11.004206
10.570521
10.787363
10.570521
10.787363
10.570521
11.004206
10.570521
10.459974
11.004206
11.548436
10.676816
11.331594
11.331594
10.353679
11.548436
11.331594
10.353679
10.464226
10.681068
10.02629
10.02629
10.247384
9.809448
10.357931
9.486311
9.8137
10.247384
9.596858
10.247384
10.136837
9.703153
10.136837
10.136837
10.247384
10.464226
10.353679
8.508395
9.707404
9.269468
8.946331
9.703153
9.269468
8.94208
9.375764
9.269468
9.052627
9.596858
9.269468
8.725238
8.835785
9.163173
7.9684157
8.618942
8.512647
8.4021
8.835785
8.185258
8.729489
8.729489
8.729489
8.406352
8.512647
8.185258
7.7515736
7.9684157
8.295805
7.4241843
7.4241843
8.512647
7.096796
8.512647
8.623194
7.4241843
7.8621206
8.078962
7.207342
7.9726677
7.317889
6.556816
6.556816
7.2115946
6.4462695
7.1010475
7.2115946
6.556816
7.1052995
6.012585
6.2336793
6.3442264
7.2115946
6.9947524
6.561068
6.9947524
6.667363
6.556816
6.667363
6.9947524
7.1010475
6.4462695
6.8842053
7.1010475
6.012585
6.9947524
6.667363
5.689448
6.2336793
6.450521
6.1273837
6.561068
6.450521
5.038922
6.1273837
5.3663106
5.3663106
6.0210886
5.9105415
5.4768577
6.1273837
5.3663106
4.715784
5.3663106
5.6937
4.605237
5.6937
5.4768577
6.1316357
5.3663106
5.1494684
5.038922
5.1494684
5.3663106
4.2821
5.0431733
4.9326262
4.4989424
4.3883953
5.3705626
4.4989424
4.3926473
4.2821
3.954711
4.1758046
4.6094894
4.720036
3.848416
4.6094894
3.3041847
3.5210268
3.9589627
3.848416
3.5210268
3.9589627
3.9589627
3.414732
4.1758046
3.848416
3.631574
3.414732
3.1978896
3.9589627
3.5210268
3.7421207
4.503194
3.631574
3.5210268
4.1758046
3.848416
3.7421207
4.2863517
3.631574
3.7421207
3.1978896
3.9589627
4.2863517
3.3084364
2.9810476
4.3968987
3.7421207
3.0915945
2.5473633
3.3084364
2.9810476
3.0915945
3.0915945
2.5473633
3.8526678
3.1978896
2.9810476
3.7421207
3.7421207
2.8747523
3.414732
3.414732
2.9810476
3.5252786
3.9589627
3.7421207
3.3084364
3.5252786
2.7642052
3.5252786
3.0915945
4.3968987
2.9810476
3.0915945
4.06951
3.9589627
2.8705006
3.9589627
3.631574
3.631574
4.180057
3.9589627
3.7421207
4.3968987
4.2863517
3.7421207
3.1978896
3.1978896
4.06951
4.2863517
3.631574
3.631574
3.3041847
4.503194
3.631574
3.1978896
4.180057
3.7421207
3.3084364
4.1758046
3.9589627
4.3926473
3.848416
4.720036
4.503194
4.503194
4.06951
4.503194
3.5252786
3.5252786
3.7421207
3.631574
3.7421207
4.3968987
3.9589627
3.7421207
4.503194
4.1758046
4.06951
3.9589627
3.7421207
4.613741
3.9589627
3.7421207
3.414732
3.8526678
3.631574
3.7421207
3.9589627
3.5210268
4.065258
4.6094894
3.414732
4.1758046
4.1758046
3.848416
4.2863517
4.503194
3.9589627
4.720036
4.3926473
4.065258
4.6094894
4.4989424
3.9589627
4.720036
4.065258
3.9589627
3.7421207
4.1758046
4.936878
4.065258
4.2821
5.0431733
5.3705626
3.848416
4.613741
5.0474253
4.3926473
3.1978896
3.414732
3.9589627
3.631574
3.848416
4.826331
4.1758046
4.936878
4.2863517
3.5252786
4.720036
3.631574
4.6094894
4.6094894
4.6094894
5.2600155
4.6094894
5.1537204
4.826331
4.715784
4.826331
6.1316357
5.1537204
4.936878
4.720036
4.3926473
5.0474253
4.4989424
5.0431733
4.826331
5.2600155
5.264267
4.936878
4.4989424
5.804247
4.9326262
5.3705626
5.0431733
4.9326262
5.1494684
5.4768577
5.5874047
6.1316357
5.1494684
4.9326262
5.0431733
4.9326262
6.348478
6.1273837
4.8220797
5.6937
5.4768577
4.715784
4.715784
5.0431733
4.936878
5.5874047
4.4989424
5.3705626
5.2600155
5.804247
5.0431733
4.715784
5.5874047
4.6094894
5.2600155
5.2600155
4.171553
5.0431733
5.3705626
4.936878
5.1537204
4.826331
4.3926473
4.826331
5.0431733
4.4989424
5.0431733
4.826331
4.1758046
4.4989424
4.6094894
4.936878
4.4989424
4.4989424
5.0431733
5.2600155
5.0431733
5.0431733
4.4989424
5.0431733
4.4989424
5.4768577
4.715784
4.826331
4.9326262
4.2778482
5.2600155
5.4768577
3.954711
5.4768577
4.3883953
5.1537204
4.3926473
4.715784
4.6094894
5.1537204
4.826331
4.826331
4.826331
5.1537204
4.3926473
5.1494684
5.3705626
4.826331
4.826331
4.826331
5.4768577
5.804247
5.804247
6.1316357
5.804247
4.4989424
5.914794
5.0431733
5.481109
5.1494684
5.3705626
4.715784
4.715784
4.715784
4.826331
6.0210886
5.3705626
5.0431733
5.0431733
4.3926473
4.3926473
4.6094894
4.3926473
4.065258
5.0474253
4.6094894
3.9589627
4.6094894
4.1758046
4.1758046
4.936878
3.9589627
4.6094894
4.3926473
4.936878
4.826331
5.0431733
4.503194
4.503194
4.3926473
3.9589627
4.720036
3.737869
4.3926473
3.631574
4.1758046
4.1758046
4.503194
3.7421207
4.1758046
3.9589627
3.9589627
3.9589627
3.414732
4.06951
4.06951
3.9589627
4.503194
3.3084364
3.631574
3.9589627
4.2863517
3.9589627
4.065258
4.503194
3.3084364
3.414732
4.06951
3.9589627
3.8526678
4.2863517
4.180057
3.7421207
3.848416
4.06951
3.5252786
3.5252786
4.2863517
4.180057
3.5252786
3.1978896
4.830583
3.5252786
3.3084364
3.3084364
3.7421207
3.414732
3.1978896
4.3968987
3.6358256
3.7421207
3.5252786
3.5252786
3.3084364
2.9810476
3.7421207
3.9589627
3.848416
4.503194
3.848416
4.720036
3.414732
3.9589627
4.2863517
3.3084364
3.9589627
3.5252786
3.3084364
3.9589627
2.8705006
3.3084364
3.7421207
3.9589627
3.9589627
3.7421207
4.2906036
2.5473633
3.5252786
4.613741
3.414732
3.8526678
4.1758046
3.848416
4.06951
4.3968987
3.9589627
3.9589627
4.2863517
4.1758046
4.06951
3.8526678
3.7421207
4.503194
4.613741
3.9589627
3.0873425
3.9589627
4.3968987
4.06951
3.5252786
4.06951
2.7642052
2.7642052
3.7421207
3.0915945
4.503194
4.06951
4.503194
4.2863517
5.0474253
3.0873425
4.2863517
4.1758046
3.5252786
3.631574
4.2863517
4.3926473
4.1758046
5.0474253
3.9589627
3.9589627
3.7421207
2.9810476
3.414732
4.180057
4.2863517
3.7421207
2.7642052
2.8747523
3.3084364
3.0915945
3.5252786
3.631574
3.5252786
3.9589627
4.3968987
3.5252786
4.06951
2.7642052
3.3084364
4.3968987
3.8526678
3.5252786
4.3968987
4.06951
3.8526678
4.503194
4.2863517
4.3968987
3.0915945
2.5473633
3.4189837
3.0915945
2.7642052
3.9589627
3.5252786
3.8526678
4.06951
3.8526678
2.5473633
3.5252786
3.8526678
2.7642052
3.7421207
3.6358256
2.9810476
3.7421207
3.7421207
4.503194
4.3926473
3.414732
3.9589627
4.2863517
4.06951
3.9589627
3.7421207
4.3968987
4.503194
3.7421207
4.830583
4.1758046
4.3926473
3.9589627
4.2863517
3.9589627
4.06951
4.2863517
4.1758046
3.9589627
5.0474253
4.3926473
4.1758046
4.936878
4.720036
4.06951
4.936878
4.065258
4.720036
5.1537204
4.715784
4.3926473
5.804247
5.4768577
6.1316357
6.1316357
5.2600155
5.1537204
5.6937
4.6094894
5.1537204
5.804247
5.2600155
4.826331
5.0431733
6.2421827
6.0210886
5.6979513
5.3705626
5.2600155
4.826331
5.6979513
5.3705626
4.826331
5.804247
5.804247
4.715784
5.5874047
6.9990044
6.1273837
6.0210886
6.237931
6.1273837
5.9105415
5.804247
6.7821617
6.348478
6.1273837
6.454773
6.454773
5.9105415
6.671615
6.3442264
6.671615
5.804247
6.671615
5.6937
5.3705626
5.4768577
6.56532
5.3705626
6.0210886
6.0210886
5.583153
6.454773
5.9105415
6.77791
6.561068
5.799995
6.3442264
6.3442264
6.0210886
6.561068
6.454773
6.561068
6.1273837
6.016837
6.1273837
6.561068
6.0210886
6.1316357
6.348478
5.804247
6.56532
6.3442264
5.4768577
6.0210886
6.3442264
5.4768577
5.6937
6.671615
5.2600155
6.7864137
6.0210886
5.804247
6.237931
6.1273837
5.799995
6.9990044
6.8884573
6.7821617
6.3442264
5.583153
6.56532
6.671615
5.2600155
6.454773
6.3442264
5.4726057
7.1052995
6.561068
5.583153
6.348478
5.4768577
4.715784
4.826331
5.804247
5.0431733
6.0210886
5.4768577
5.5874047
5.6937
6.1273837
6.454773
6.9990044
5.3663106
6.0210886
5.9105415
6.0210886
5.5874047
6.454773
5.9105415
7.2158465
6.8884573
6.1273837
6.561068
5.6937
6.0210886
4.826331
5.481109
5.3705626
5.1537204
5.0431733
6.0210886
7.760078
6.3442264
6.8884573
6.454773
6.0210886
4.9326262
5.4768577
5.2600155
5.804247
5.5874047
6.454773
6.671615
6.3442264
6.7821617
6.8884573
6.2336793
7.109551
6.454773
6.454773
5.804247
5.5874047
5.5874047
6.454773
6.8884573
7.2158465
6.8884573
7.4326887
6.561068
6.671615
5.9105415
5.4768577
4.826331
5.804247
5.0431733
5.9105415
6.237931
6.56532
6.237931
5.6937
6.0210886
5.9105415
4.826331
5.804247
4.9326262
4.9326262
5.914794
5.5874047
4.826331
5.6979513
5.2600155
5.2600155
6.348478
4.9326262
5.0431733
5.1537204
3.848416
4.720036
4.503194
4.1758046
5.1537204
4.2821
4.6094894
5.0431733
4.6094894
4.3926473
5.0431733
3.9589627
4.613741
4.1758046
4.503194
3.9589627
3.848416
3.631574
4.3926473
4.720036
4.936878
4.6094894
4.720036
5.264267
4.065258
3.9589627
4.3926473
3.7421207
4.830583
4.830583
4.2863517
4.3926473
4.503194
4.3926473
4.2863517
4.503194
4.2863517
4.06951
3.7421207
3.9589627
3.5252786
4.503194
3.9589627
4.1758046
4.826331
4.826331
3.7421207
5.0474253
4.3926473
4.06951
5.264267
4.1758046
4.724288
4.613741
3.414732
4.180057
4.1758046
3.9589627
4.2863517
4.2863517
3.5252786
3.9589627
4.2863517
3.8526678
3.7421207
4.2863517
4.720036
4.613741
4.3926473
4.830583
4.3926473
4.720036
4.830583
4.936878
4.613741
4.720036
4.720036
3.848416
4.06951
3.9589627
4.503194
5.0474253
4.1758046
5.3748145
4.720036
4.830583
4.720036
4.2863517
3.9589627
4.830583
4.6094894
4.6094894
5.264267
5.3705626
4.065258
5.0431733
5.4768577
4.4989424
6.4590244
4.826331
5.0431733
5.9190454
4.715784
4.6094894
5.0431733
4.826331
6.7821617
6.1316357
5.0431733
5.4768577
6.237931
6.0210886
6.454773
6.016837
5.689448
7.2158465
6.3442264
6.454773
6.7821617
6.454773
5.3663106
6.8884573
6.0210886
6.237931
5.5874047
5.5874047
5.5874047
6.0210886
5.0431733
5.9105415
6.1316357
6.237931
6.348478
6.237931
6.7821617
6.016837
6.9990044
6.1273837
6.2336793
7.1052995
6.8884573
6.3442264
7.2158465
7.649531
6.8884573
6.1273837
6.2336793
6.016837
7.1052995
6.77791
6.9947524
7.1052995
7.649531
7.2115946
7.1052995
7.538984
7.1052995
6.3442264
7.1052995
7.4326887
6.1273837
7.538984
7.6452785
6.8842053
7.7558255
8.406352
8.189509
8.078962
8.189509
8.295805
8.078962
8.078962
9.056878
8.078962
9.384267
8.623194
8.185258
8.840036
8.946331
9.167425
8.295805
7.8621206
8.512647
9.056878
8.4021
8.185258
8.840036
8.512647
8.185258
9.6011095
8.729489
9.490562
8.512647
8.729489
9.490562
8.835785
8.946331
9.596858
9.924246
9.486311
9.163173
9.703153
10.357931
9.596858
9.052627
10.574773
8.94208
10.1410885
9.919995
10.247384
10.247384
10.574773
10.136837
10.247384
10.1410885
10.357931
10.247384
10.247384
9.596858
10.030542
10.353679
10.68532
11.008457
10.247384
10.574773
10.464226
10.464226
10.681068
11.008457
11.2253
10.89791
10.353679
10.7916155
10.681068
11.114753
10.7916155
9.919995
9.592606
10.030542
10.464226
9.703153
10.574773
10.681068
9.703153
10.902162
11.2253
10.464226
10.353679
10.353679
10.247384
10.357931
10.570521
10.681068
10.574773
11.331594
11.442142
11.331594
11.221047
11.654732
11.875826
11.004206
10.681068
10.464226
10.681068
10.570521
11.008457
11.114753
10.464226
11.442142
11.2253
9.919995
10.89791
11.008457
9.486311
10.7916155
10.464226
9.703153
10.247384
9.703153
9.703153
10.89791
10.136837
11.004206
10.353679
10.681068
11.442142
11.114753
10.570521
11.008457
10.89791
11.114753
10.681068
11.658983
11.548436
11.114753
11.2253
10.464226
9.158921
9.919995
9.703153
9.924246
9.596858
8.94208
9.269468
9.8137
9.924246
9.163173
9.8137
9.707404
8.618942
9.380016
9.269468
9.380016
9.596858
9.596858
9.269468
10.1410885
10.1410885
10.030542
10.247384
10.1410885
9.27372
8.4021
9.056878
8.185258
8.512647
8.946331
8.946331
9.056878
8.840036
8.840036
8.295805
8.840036
8.078962
7.7515736
8.623194
7.9684157
7.7515736
7.9726677
8.295805
7.5347314
8.295805
7.8621206
8.078962
8.406352
8.406352
8.189509
7.207342
7.8621206
7.9726677
6.9947524
7.6452785
7.7558255
6.77791
6.561068
7.2115946
6.454773
6.8884573
6.671615
6.561068
6.667363
6.77791
6.561068
6.454773
6.454773
6.2336793
6.7821617
6.561068
6.671615
7.2158465
5.799995
6.7821617
5.9105415
5.583153
6.237931
5.6937
5.6937
6.454773
5.3663106
5.3663106
6.348478
5.2600155
4.2821
5.0431733
4.3926473
4.065258
5.3705626
4.4989424
5.264267
5.1537204
4.6094894
4.6094894
4.936878
5.2600155
4.171553
5.5874047
5.3705626
3.9589627
4.720036
3.9589627
4.065258
4.6094894
4.3926473
4.3883953
4.3926473
4.065258
4.6094894
4.2821
4.830583
4.503194
4.3926473
4.2863517
4.2863517
4.06951
4.503194
3.9589627
3.414732
3.9589627
3.9589627
4.830583
3.7421207
4.06951
4.06951
3.7421207
3.7421207
4.503194
4.06951
4.720036
3.848416
3.631574
3.9589627
3.848416
3.414732
4.613741
4.2863517
3.8526678
4.503194
4.1758046
3.7421207
4.2863517
3.9589627
4.503194
4.1758046
4.503194
3.7421207
4.065258
4.06951
4.1758046
4.1758046
4.1758046
4.1758046
3.7421207
3.7421207
3.848416
4.3968987
3.7421207
4.1758046
4.1758046
3.9589627
4.2863517
4.503194
3.9589627
3.7421207
4.2821
4.065258
5.0474253
4.613741
3.631574
4.3968987
3.631574
3.9589627
4.503194
3.848416
3.7421207
3.9589627
4.2863517
3.848416
4.1758046
3.9589627
3.9589627
4.503194
4.1758046
3.848416
4.065258
4.6094894
5.0431733
4.715784
4.065258
4.826331
4.826331
5.6979513
4.6094894
4.2821
4.936878
5.1537204
4.2821
4.720036
4.826331
4.3926473
4.720036
4.3926473
4.1758046
4.3926473
5.0431733
3.848416
4.6094894
4.065258
5.3705626
5.2600155
5.6979513
5.4768577
5.4768577
6.237931
5.4768577
5.9105415
6.237931
6.0210886
5.3663106
6.237931
5.6937
6.237931
4.9326262
6.237931
5.1494684
5.6937
5.9105415
6.0210886
5.9105415
5.4768577
5.4768577
6.56532
5.1494684
5.4768577
6.454773
5.804247
6.016837
6.1273837
6.8884573
6.454773
6.561068
6.3442264
6.8842053
6.561068
6.9947524
7.649531
6.8842053
6.561068
7.2115946
7.2115946
7.8621206
7.9726677
7.9726677
8.078962
7.4284363
6.8842053
8.189509
7.4284363
7.6452785
8.406352
6.667363
8.189509
7.6452785
7.5347314
8.078962
8.512647
7.4241843
8.295805
7.7515736
8.512647
8.295805
8.295805
8.295805
8.406352
8.295805
8.623194
8.512647
8.512647
8.623194
8.185258
8.295805
8.840036
8.623194
7.9684157
8.623194
8.295805
8.512647
8.295805
8.623194
8.078962
8.185258
8.840036
8.185258
8.512647
8.295805
8.729489
8.4021
9.384267
8.840036
9.056878
8.623194
8.078962
8.295805
8.729489
7.9684157
7.7515736
8.185258
7.4241843
8.512647
8.295805
7.7515736
9.711657
8.512647
8.295805
7.9726677
8.295805
7.8621206
8.733741
7.7515736
7.7515736
8.516899
8.512647
8.078962
7.5347314
7.5347314
7.7515736
8.078962
8.623194
8.406352
8.078962
7.6452785
8.406352
7.8621206
8.078962
7.5347314
7.4284363
8.083215
7.6452785
6.8842053
6.667363
7.2115946
6.2336793
7.4326887
6.450521
5.799995
6.8884573
5.6937
5.9105415
5.4768577
5.9105415
5.9105415
5.2600155
6.348478
5.804247
4.715784
5.3705626
5.0431733
4.720036
5.3705626
4.826331
4.936878
5.481109
4.720036
4.1758046
5.0474253
4.613741
4.1758046
4.503194
4.06951
4.3926473
3.9589627
4.06951
2.9810476
3.4189837
3.3084364
2.4410682
2.330521
2.9852993
2.7684572
2.5516152
2.65791
2.224226
2.5516152
2.7684572
1.7905419
2.3347728
3.0958462
1.7905419
2.3347728
1.3568575
1.5736997
2.44532
1.5736997
1.4631528
2.879004
1.0294685
1.5736997
0.9231734
0.8126264
1.6842467
0.9231734
0.4894892
1.7947936
0.27264705
1.3611094
1.4674045
-0.054742
0.81687826
0.81687826
0.27264705
0.60003614
0.60003614
0.38319403
-0.37787926
-0.9221104
0.16635191
-0.8115635
-0.5947214
0.27689886
-0.16103715
-0.050490197
0.16635191
-0.37787926
-0.4841744
-1.3557947
-0.7010165
0.06005676
-0.91785866
-0.7010165
-0.15678534
-1.0284055
-1.5726367
-0.91785866
-0.91785866
-0.37362745
-1.2452477
-1.895774
-0.59046954
-1.895774
-2.3294582
-1.4578379
-2.9799845
-2.1083643
-2.5420485
-2.9757328
-3.843101
-4.3873324
-4.059943
-5.471543
-5.58209
-5.0421104
-5.3652477
-3.8473527
-4.2810373
-3.953648
-2.2146595
-4.1747417
-3.0862796
-3.6305108
-4.608426
-2.9757328
-3.519964
-3.8473527
-3.192575
-4.4978795
-3.409417
-2.4315016
-2.7588906
-2.6525953
-3.1968267
-3.8473527
-2.7588906
-3.4136686
-3.6305108
-4.608426
-4.064195
-4.1704903
-4.064195
-4.064195
-3.0862796
-3.303122
-4.1747417
-3.4136686
-3.7410579
-3.8473527
-4.1747417
-4.064195
-3.8473527
-3.519964
-3.519964
-3.953648
-3.7410579
-3.7410579
-3.8473527
-4.064195
-4.2810373
-4.9315634
-4.604174
-4.714721
-3.515712
-4.604174
-4.3873324
-3.2988698
-4.9315634
-4.1704903
-3.303122
-3.626259
-4.2810373
-4.3873324
-4.3873324
-4.3873324
-4.3873324
-4.4978795
-4.4978795
-4.3873324
-4.064195
-4.391584
-2.7588906
-3.519964
-3.519964
-3.192575
-4.4978795
-4.8252683
-3.7368062
-3.519964
-4.064195
-2.7588906
-2.6525953
-2.8694377
-2.9799845
-2.5420485
-2.5420485
-3.4136686
-2.8694377
-2.5463004
-2.0020692
-2.8736894
-1.2409959
-2.5463004
-3.4179204
-1.568385
-2.6568472
-1.1347008
-1.7852271
-1.4578379
-1.3515428
-2.2189112
-2.4357533
-2.5463004
-2.223163
-1.678932
-1.678932
-0.47992262
-0.050490197
0.27689886
0.27689886
0.81687826
-0.8115635
-0.4841744
0.38319403
-1.1389525
-0.050490197
0.055804953
0.38319403
0.27264705
0.60003614
0.38319403
0.81687826
0.27264705
0.81687826
0.60003614
0.9231734
1.1442673
0.4894892
1.5779516
1.7905419
1.0337203
2.44532
1.6842467
1.0294685
1.7905419
2.224226
2.3347728
2.5516152
2.879004
2.5516152
2.0073838
3.0958462
3.2021413
2.4410682
3.0958462
2.65791
2.5516152
2.9852993
2.224226
2.0073838
1.896837
2.5516152
2.4410682
2.0073838
3.2021413
2.9852993
2.8747523
2.2199743
3.7463725
2.9852993
2.4410682
3.6358256
3.0915945
4.06951
3.9589627
3.7421207
3.1978896
4.3926473
4.1758046
3.9589627
3.414732
4.3926473
4.503194
4.1758046
4.3926473
3.9589627
4.1758046
5.264267
4.6094894
5.3705626
5.804247
4.4989424
5.1537204
5.0431733
5.5874047
6.1316357
6.7821617
6.348478
5.804247
6.348478
5.6937
5.4768577
6.56532
6.454773
6.454773
6.016837
5.038922
5.583153
6.77791
6.671615
6.123132
6.9947524
8.406352
8.295805
7.7515736
8.189509
7.4284363
7.1010475
8.300056
8.078962
7.7515736
9.494814
8.512647
7.9684157
9.056878
8.295805
8.729489
8.840036
8.512647
9.061131
8.623194
8.295805
8.078962
8.078962
8.189509
8.295805
7.8621206
8.406352
9.277972
8.078962
7.8621206
7.3221416
6.77791
7.2115946
7.649531
8.733741
7.5347314
8.844288
8.406352
7.5347314
8.623194
8.516899
7.8621206
7.8621206
8.189509
7.7558255
7.317889
7.4284363
7.6452785
7.4284363
7.6452785
8.189509
8.623194
7.8621206
7.8621206
7.9726677
7.9726677
7.7558255
7.8621206
6.9947524
6.8842053
7.3221416
7.7558255
7.1052995
6.8842053
6.667363
7.2115946
7.3221416
7.9726677
7.4284363
7.8663726
7.4284363
6.77791
7.4284363
7.7558255
8.078962
7.9726677
8.189509
8.078962
8.733741
8.295805
8.300056
8.406352
7.317889
8.516899
8.623194
8.844288
7.9726677
7.4284363
7.7558255
7.8621206
8.083215
7.8663726
7.4284363
7.4284363
7.7558255
7.6452785
7.1010475
8.410604
6.9947524
8.410604
7.8621206
8.083215
8.300056
7.2115946
7.3221416
7.4284363
6.8842053
7.6452785
8.300056
7.9726677
6.9947524
6.450521
6.016837
7.3221416
6.561068
7.3221416
6.454773
6.3442264
6.016837
6.016837
6.1273837
6.454773
6.016837
6.237931
6.0210886
5.6937
5.0431733
5.5874047
5.2600155
4.826331
5.4768577
5.914794
5.5874047
4.715784
6.237931
5.0431733
5.1537204
5.5874047
5.1537204
4.826331
4.826331
5.0431733
5.4768577
5.4768577
4.9326262
5.3705626
5.4768577
4.4989424
5.6979513
4.6094894
4.3926473
4.826331
4.826331
4.4989424
4.2821
4.6094894
4.6094894
4.2821
3.848416
5.3705626
4.6094894
4.4989424
4.065258
3.3041847
4.826331
5.481109
3.848416
5.1537204
3.848416
4.826331
4.6094894
4.065258
5.0431733
5.0431733
4.1758046
5.1537204
4.936878
3.848416
4.1758046
4.2821
4.6094894
4.3926473
4.6094894
4.720036
4.720036
4.065258
4.3926473
3.737869
4.1758046
3.848416
4.1758046
4.720036
3.631574
3.631574
4.065258
4.3926473
4.503194
4.1758046
4.3926473
4.720036
4.3926473
4.720036
4.2863517
4.720036
3.848416
4.720036
4.1758046
3.9589627
5.0474253
4.503194
3.414732
4.06951
4.503194
4.2863517
3.9589627
4.1758046
3.7421207
4.2863517
4.1758046
3.848416
4.1758046
3.9589627
4.06951
3.8526678
3.631574
4.2863517
3.7421207
3.9589627
3.7421207
4.2863517
4.3926473
4.3926473
4.3926473
3.414732
4.2863517
4.2863517
3.9589627
4.3926473
4.3926473
4.6094894
5.1537204
3.9589627
3.5210268
4.6094894
3.9589627
4.2863517
4.2863517
3.631574
4.06951
3.7421207
3.5210268
4.2821
4.720036
4.6094894
4.6094894
5.1537204
4.2863517
4.720036
3.414732
4.503194
4.3926473
4.6094894
4.6094894
4.3926473
5.1537204
4.3926473
4.3926473
3.9589627
4.1758046
3.414732
3.631574
4.2863517
3.631574
3.631574
3.631574
3.631574
3.414732
3.414732
3.9589627
3.631574
3.3084364
3.8526678
4.1758046
3.3084364
3.9589627
3.7421207
4.06951
3.8526678
4.06951
3.5252786
3.5252786
3.414732
2.8705006
2.7642052
3.0873425
2.9810476
3.7421207
3.4189837
3.0915945
3.631574
2.5473633
3.0915945
3.7421207
3.5252786
2.6536584
2.9810476
3.5252786
2.7642052
2.7642052
4.1758046
4.06951
3.7421207
4.2863517
3.414732
3.631574
3.414732
3.631574
3.631574
3.631574
3.848416
3.414732
3.631574
3.631574
3.9589627
3.631574
3.7421207
3.631574
3.3041847
3.1978896
4.503194
4.503194
3.9589627
4.503194
4.936878
4.936878
5.0431733
4.3926473
5.3705626
4.4989424
5.2600155
4.715784
3.954711
4.715784
4.065258
4.065258
4.6094894
4.065258
4.6094894
3.848416
4.936878
4.826331
3.5210268
4.6094894
3.848416
3.848416
4.065258
3.848416
4.3926473
4.065258
3.954711
5.0431733
4.9326262
4.4989424
5.2600155
4.826331
4.065258
5.6937
4.9326262
5.0431733
5.3663106
4.826331
4.9326262
4.715784
4.171553
5.3705626
4.2821
4.4989424
4.4989424
3.3041847
4.2821
4.720036
4.2821
4.826331
5.5874047
4.065258
4.715784
4.715784
4.2821
4.3926473
4.6094894
4.065258
5.5874047
5.4768577
4.3883953
4.3883953
4.715784
5.3663106
5.4768577
5.3663106
5.4768577
5.1494684
4.171553
5.5874047
4.826331
4.3883953
4.4989424
4.9326262
3.954711
4.4989424
4.826331
5.0431733
4.065258
4.826331
4.2821
3.848416
5.0431733
3.954711
4.936878
3.848416
4.826331
4.4989424
4.6094894
4.826331
5.0431733
4.1758046
4.4989424
4.6094894
4.065258
4.3926473
4.2821
4.2821
4.6094894
3.848416
3.5210268
3.9589627
3.1978896
3.9589627
3.7421207
3.0873425
3.9589627
3.414732
3.631574
2.4368165
2.9810476
3.9589627
3.631574
3.9589627
3.848416
4.1758046
4.1758046
4.1758046
3.0873425
3.1978896
3.7421207
3.631574
2.8705006
3.7421207
3.5210268
3.631574
2.8705006
3.631574
2.6536584
3.7421207
3.9589627
3.631574
3.1978896
3.631574
3.9589627
3.1978896
3.414732
3.848416
3.848416
3.7421207
3.631574
3.5210268
3.7421207
3.9589627
2.8705006
3.631574
4.1758046
3.414732
3.848416
3.9589627
3.3041847
3.631574
3.9589627
3.9589627
3.7421207
2.9810476
4.3926473
3.9589627
3.9589627
3.631574
3.5252786
3.631574
3.848416
3.414732
3.5252786
3.631574
3.414732
4.065258
2.8705006
3.7421207
3.1936376
3.9589627
3.5252786
3.1936376
3.848416
3.631574
3.1978896
3.7421207
2.8705006
2.3262694
3.848416
2.9810476
2.7642052
2.9810476
3.7421207
2.9810476
2.6536584
2.6536584
3.5252786
3.1978896
3.1978896
3.7421207
3.5252786
3.414732
3.414732
3.7421207
3.1978896
2.7642052
3.3084364
2.7642052
2.330521
2.6536584
2.8747523
1.3526058
2.7684572
1.896837
2.7684572
1.4631528
1.1357636
1.896837
1.7862899
1.896837
2.0073838
1.6799948
1.1357636
2.65791
1.4631528
0.7020795
2.224226
1.7905419
2.330521
1.2463106
1.7905419
1.5736997
0.8126264
1.7905419
1.6799948
0.8126264
1.7905419
1.6799948
0.7020795
2.0073838
0.48523736
1.2463106
2.0073838
0.8126264
0.48523736
1.4674045
0.05155315
1.5736997
0.26839525
0.70633125
1.0294685
0.26839525
0.26839525
0.5957843
0.9231734
1.1400155
-0.2758359
0.26839525
1.3568575
0.5957843
1.2463106
0.8126264
0.5957843
0.7020795
-0.16528895
1.0294685
0.8126264
1.2463106
1.2463106
1.1357636
2.0073838
1.5736997
1.7905419
1.1357636
2.3347728
0.48523736
0.9231734
0.37894222
0.5957843
1.1400155
0.37894222
1.2463106
0.7020795
1.2463106
1.2463106
0.9189216
2.0073838
0.8126264
2.0073838
1.3568575
0.9189216
1.6799948
2.0073838
2.0073838
1.2463106
1.4631528
0.7020795
2.4410682
1.5736997
0.48523736
1.2463106
1.3568575
0.8126264
1.2463106
1.1400155
1.5694479
1.6799948
0.9189216
1.1357636
1.2463106
1.2463106
1.6799948
1.4631528
2.0073838
1.4631528
0.48523736
2.0073838
1.4631528
0.48098555
0.7020795
1.0294685
0.9189216
1.5736997
0.48523736
1.7905419
1.2463106
1.0294685
1.0294685
1.1357636
1.3526058
1.0252168
1.7862899
2.0073838
0.59153247
1.7905419
2.224226
2.4410682
2.1136792
1.3526058
2.224226
1.2463106
1.0294685
1.2463106
1.4631528
1.1357636
1.7905419
0.1578483
1.6799948
1.5736997
0.9231734
1.2463106
0.3746904
1.4631528
0.8083746
0.3746904
1.2463106
1.0294685
0.3746904
2.117931
0.48523736
1.0294685
2.117931
1.5736997
0.8126264
1.6799948
2.117931
0.9189216
0.1621001
0.3746904
0.48523736
0.27264705
0.5957843
-0.054742
-0.27158412
-0.27158412
0.70633125
0.37894222
0.5957843
0.055804953
-0.59897316
0.4894892
1.0337203
0.70633125
0.5957843
0.37894222
0.26839525
0.1621001
-0.054742
0.27264705
1.2505624
0.70633125
-0.16528895
0.70633125
0.70633125
1.0337203
0.9231734
0.4894892
0.055804953
-0.27158412
-0.27158412
0.05155315
1.1400155
0.1621001
0.4894892
0.4894892
-0.054742
1.0294685
0.70633125
1.7905419
0.5957843
0.8126264
2.0073838
1.2463106
1.1357636
3.2021413
1.3526058
2.224226
2.65791
1.6799948
2.8747523
2.8747523
2.1136792
1.3526058
2.4410682
1.6799948
0.9189216
1.7905419
0.8126264
0.37894222
0.5957843
0.055804953
-0.16528895
0.37894222
0.1621001
-0.16528895
1.1400155
-0.054742
0.7020795
1.4631528
1.6799948
2.5473633
2.9852993
1.5694479
2.5473633
2.5473633
2.65791
1.7862899
2.65791
2.9852993
1.6799948
1.1357636
1.2463106
1.0294685
0.5957843
0.5957843
1.2463106
1.1400155
0.05155315
0.7020795
1.1400155
1.0294685
0.5957843
0.48523736
1.0294685
1.3568575
0.04730134
2.0073838
0.8083746
0.7020795
2.330521
1.6799948
1.5694479
1.5694479
1.4589009
2.4368165
2.224226
1.3526058
2.1136792
2.003132
2.003132
1.7862899
2.330521
1.896837
1.6799948
2.224226
2.003132
1.1357636
2.8747523
3.0915945
2.6536584
3.414732
3.1978896
3.848416
2.7599535
3.1978896
4.2863517
3.0873425
3.9589627
3.9589627
4.1758046
2.9767957
2.5431116
3.5252786
3.7421207
4.2863517
3.5210268
3.631574
3.1978896
4.06951
3.3041847
3.9589627
3.7421207
3.1978896
3.5210268
3.5252786
3.848416
3.848416
3.631574
3.7421207
4.503194
3.3041847
3.848416
4.1758046
4.503194
3.848416
3.848416
3.631574
3.414732
3.631574
3.631574
3.3041847
3.414732
3.631574
2.8705006
3.848416
3.631574
3.7421207
3.737869
3.631574
3.5210268
4.3926473
3.848416
4.3883953
5.4768577
4.2821
3.954711
4.4989424
4.826331
4.171553
3.848416
4.065258
3.737869
3.631574
3.848416
4.4989424
3.848416
3.848416
4.065258
4.4989424
4.0610065
3.737869
4.171553
4.715784
5.1494684
5.1494684
5.1494684
4.9326262
5.038922
5.1494684
5.1494684
4.2778482
4.2778482
5.9105415
5.583153
4.605237
5.6937
5.1494684
4.9326262
3.299933
4.4989424
4.171553
5.0431733
5.6937
4.0610065
5.583153
6.1273837
4.7115326
5.689448
6.3442264
5.689448
6.8842053
6.667363
5.6851964
6.450521
6.77791
6.2294273
6.450521
6.556816
6.8842053
8.189509
6.9905005
6.7736583
7.6452785
7.4284363
7.317889
6.2294273
7.8621206
6.556816
7.1010475
6.667363
7.6452785
7.317889
6.556816
7.6452785
7.317889
6.9905005
7.7515736
7.8621206
7.4241843
7.9684157
8.185258
8.185258
7.7515736
7.6410265
7.096796
7.9684157
8.835785
7.313638
8.4021
8.729489
8.512647
8.4021
7.6410265
8.078962
7.9684157
8.840036
7.7515736
8.185258
7.9684157
8.185258
8.618942
7.9684157
7.9684157
6.8799534
7.4241843
8.185258
8.295805
8.512647
7.7515736
7.6410265
7.9684157
7.5347314
7.313638
7.857869
7.4241843
7.4241843
7.9684157
7.1010475
7.207342
7.6452785
7.5304804
8.295805
7.7515736
8.295805
7.4241843
7.6410265
8.4021
7.7515736
7.6410265
7.4241843
8.185258
7.7515736
8.078962
6.9905005
6.7736583
7.7515736
7.6410265
7.5347314
7.6410265
7.8621206
6.8842053
6.7736583
7.317889
6.9905005
7.5347314
6.9905005
7.7515736
7.8621206
6.667363
8.078962
7.5347314
6.7736583
7.6452785
7.8621206
7.1010475
7.7515736
7.6410265
7.317889
7.8621206
7.7515736
7.5347314
7.9684157
7.7515736
7.5347314
7.8621206
7.8621206
6.556816
7.4284363
7.1010475
6.012585
6.667363
7.1052995
6.2336793
5.90629
6.016837
6.77791
5.90629
5.90629
5.90629
6.8842053
6.9947524
6.339974
6.77791
7.317889
6.556816
7.2115946
6.667363
5.90629
6.123132
6.123132
6.77791
6.012585
6.2336793
6.3442264
6.1273837
6.3442264
5.3663106
5.1494684
5.1494684
5.1494684
5.038922
5.3663106
5.583153
4.8220797
5.9105415
6.1273837
5.689448
6.2336793
5.1452165
6.3442264
5.689448
5.689448
6.561068
7.3221416
6.339974
6.2336793
6.561068
5.689448
6.016837
6.2336793
5.583153
6.2336793
5.689448
5.583153
6.3442264
6.1273837
6.1273837
5.3620586
6.2336793
6.77791
5.795743
6.016837
5.689448
6.123132
6.123132
6.667363
7.1010475
7.1010475
7.317889
6.7736583
7.7515736
6.9905005
7.9684157
7.207342
7.6452785
7.317889
6.339974
6.8842053
7.2115946
6.450521
7.6452785
6.9947524
7.5347314
6.667363
7.1010475
6.7736583
7.1010475
6.9905005
7.317889
8.078962
7.4241843
7.9684157
7.5347314
7.5347314
7.9684157
7.857869
7.9684157
8.185258
8.295805
7.7515736
7.7515736
7.5347314
7.207342
7.4284363
7.207342
7.4284363
6.8842053
7.7515736
6.7736583
7.7515736
6.2294273
6.667363
6.556816
7.1010475
7.6452785
7.1010475
6.9905005
7.6452785
6.667363
7.1010475
6.8842053
6.339974
6.8842053
6.561068
6.561068
6.2336793
4.8220797
5.583153
6.1273837
4.8220797
4.715784
5.2600155
5.6937
5.6937
4.605237
4.8220797
5.0431733
5.0431733
3.954711
3.848416
5.5874047
4.2821
4.171553
4.6094894
3.848416
4.065258
3.848416
4.3926473
3.848416
4.1758046
3.848416
3.7421207
3.414732
3.414732
3.5252786
2.6536584
3.1978896
3.7421207
3.3041847
3.848416
3.3041847
3.9589627
3.631574
3.0873425
3.9589627
3.631574
3.3041847
4.2863517
3.631574
2.6494067
3.414732
2.8705006
3.9589627
3.9589627
3.5210268
3.1978896
3.848416
3.0873425
2.8705006
3.414732
3.5252786
2.7642052
3.414732
3.5252786
2.9810476
3.414732
2.9810476
2.7642052
2.9810476
4.2863517
2.6536584
3.1978896
3.5252786
2.5431116
3.631574
3.414732
3.414732
3.414732
3.9589627
3.414732
3.414732
2.8747523
3.1978896
3.9589627
2.7642052
2.8705006
3.1978896
3.1978896
2.9810476
2.2199743
3.3084364
2.5473633
2.2199743
2.5473633
1.7862899
2.330521
2.1136792
3.0915945
2.8747523
2.003132
2.5473633
2.003132
2.330521
2.65791
2.7642052
2.4410682
2.5473633
2.5473633
2.5473633
2.003132
2.7642052
2.1136792
1.3526058
2.8747523
1.896837
1.5736997
1.6799948
2.1136792
1.896837
2.3347728
2.0073838
2.3347728
1.2463106
1.2463106
1.896837
1.4631528
1.3568575
1.2463106
2.3347728
1.6799948
1.0294685
1.1357636
0.9231734
0.5957843
1.9010887
2.0073838
1.1400155
1.5736997
0.37894222
1.3568575
1.3568575
0.48523736
1.3568575
1.0294685
1.3568575
0.05155315
1.1400155
1.3568575
0.70633125
0.1621001
1.1400155
0.5957843
0.37894222
0.9231734
0.27264705
0.1621001
0.27264705
0.4894892
0.4894892
-0.27158412
-0.054742
-0.9263622
-0.4884262
0.38319403
-0.27158412
0.37894222
-0.27158412
-0.59897316
0.37894222
-0.4884262
-0.9263622
0.4894892
0.27264705
-0.054742
0.37894222
0.055804953
-0.27158412
0.1621001
0.70633125
0.055804953
0.27264705
-0.38213107
-0.27158412
-0.27158412
-0.38213107
0.27264705
-0.81581527
-0.054742
0.4894892
-0.27158412
0.37894222
-0.054742
-0.27158412
0.1621001
0.1621001
0.9231734
0.70633125
1.9010887
1.4631528
2.117931
2.0073838
1.896837
2.0073838
2.224226
1.896837
2.4410682
2.330521
0.9189216
1.4631528
2.330521
0.8083746
2.1136792
2.330521
2.8747523
2.65791
2.8747523
3.0915945
3.4189837
3.1978896
3.7421207
3.3084364
2.6536584
3.5252786
1.7862899
2.5473633
2.5473633
2.2199743
2.6536584
3.3084364
2.7642052
2.6536584
3.6358256
2.8747523
2.7642052
3.0915945
2.6536584
3.8526678
3.0915945
2.3262694
4.2863517
3.631574
2.7642052
3.7421207
3.7421207
3.7421207
3.414732
3.5252786
3.3041847
3.8526678
3.0873425
2.8705006
4.1758046
3.631574
3.414732
3.414732
3.8526678
3.5252786
3.1978896
3.5252786
2.9810476
3.414732
4.2863517
3.7421207
3.9589627
3.414732
3.3041847
3.848416
3.5252786
4.06951
3.1978896
3.414732
3.5210268
3.848416
3.848416
4.1758046
3.954711
3.3041847
4.065258
5.1537204
4.065258
4.2821
5.804247
4.4989424
4.6094894
4.065258
4.2821
4.503194
4.2821
5.5874047
4.4989424
4.715784
5.0431733
4.936878
5.0431733
4.715784
5.3663106
6.1273837
5.2600155
5.1494684
6.237931
5.4768577
5.9105415
5.9105415
5.799995
5.2557635
6.1273837
5.9105415
5.2557635
5.6937
6.1273837
5.038922
5.4726057
5.9105415
6.1273837
6.3442264
5.583153
5.4726057
5.583153
5.038922
6.561068
6.2336793
5.90629
6.450521
6.9947524
7.538984
7.2115946
7.317889
7.5347314
7.7515736
7.4241843
8.295805
6.9905005
7.9684157
7.1010475
8.078962
7.9684157
8.185258
7.4241843
8.185258
7.9684157
7.4241843
7.9684157
8.295805
7.9684157
7.9684157
8.729489
8.840036
8.074712
8.4021
8.185258
9.490562
9.163173
8.618942
9.163173
8.508395
9.596858
10.030542
8.94208
9.919995
9.703153
9.375764
9.919995
10.7916155
10.247384
9.703153
10.247384
10.464226
10.464226
9.919995
9.919995
10.353679
10.030542
10.353679
10.459974
10.681068
11.114753
11.221047
11.331594
10.893659
11.221047
10.893659
11.437889
11.004206
11.221047
11.221047
12.092668
11.1105
11.654732
11.331594
11.437889
12.30951
11.1105
11.658983
11.221047
11.437889
11.871573
11.437889
11.871573
11.9821205
11.871573
11.654732
12.415805
11.9821205
12.305258
11.977869
11.871573
12.5220995
12.305258
11.65048
11.761026
11.871573
12.632647
11.761026
12.305258
11.437889
12.415805
12.5220995
12.632647
11.977869
12.415805
12.849489
13.066331
12.088415
12.632647
13.176878
12.088415
12.194712
12.415805
12.305258
11.761026
12.526352
13.066331
12.632647
11.977869
12.305258
12.960036
11.9821205
12.415805
12.632647
12.305258
11.548436
11.654732
11.9821205
12.30951
12.632647
11.9821205
11.1105
11.004206
10.676816
11.327342
10.787363
10.893659
11.437889
10.893659
11.765279
11.9821205
11.654732
12.092668
10.566269
11.331594
11.004206
10.570521
10.787363
10.787363
11.004206
11.114753
9.809448
11.221047
10.570521
10.89791
10.89791
9.482059
11.008457
11.2253
10.247384
9.486311
9.592606
10.353679
9.919995
10.570521
11.008457
9.486311
10.136837
10.464226
9.375764
10.89791
10.030542
9.919995
9.8137
10.247384
9.375764
9.269468
9.052627
8.94208
9.269468
9.380016
7.9641643
8.2915535
8.835785
8.4021
8.835785
8.512647
8.185258
8.729489
8.185258
8.618942
8.074712
8.729489
7.4241843
8.295805
8.295805
7.7515736
8.512647
8.512647
7.317889
7.207342
7.317889
7.1010475
7.6452785
7.1010475
7.4284363
6.667363
6.77791
6.9947524
6.339974
6.561068
6.3442264
5.2557635
6.2336793
6.3442264
5.9105415
5.689448
5.3663106
5.9105415
4.8220797
4.9326262
4.4989424
4.715784
5.804247
4.2821
5.0431733
5.0431733
4.826331
4.2821
4.2821
3.848416
4.4989424
4.3926473
4.1758046
3.631574
4.720036
3.5210268
3.8526678
3.848416
3.848416
4.1758046
3.9589627
3.414732
3.1978896
3.631574
3.1978896
3.1978896
3.8526678
3.414732
3.414732
2.6536584
4.06951
3.4189837
2.3347728
2.330521
2.4410682
2.4410682
2.003132
3.2021413
2.224226
1.896837
3.6358256
2.8747523
2.4410682
2.1136792
2.65791
3.4189837
1.1357636
1.7905419
2.003132
1.896837
2.4410682
1.4631528
1.6799948
2.0073838
1.3568575
1.3526058
1.1400155
1.7905419
2.5516152
0.9231734
1.5736997
2.3347728
0.70633125
1.5736997
1.3568575
1.5736997
1.7905419
0.48523736
2.3347728
0.70633125
1.3568575
0.7020795
2.0073838
1.6799948
0.7020795
2.0073838
1.6799948
0.70633125
0.70633125
1.4674045
1.1400155
1.2505624
0.70633125
1.9010887
1.0294685
0.5957843
0.9231734
0.48523736
1.7905419
0.9231734
1.1400155
1.0294685
0.9231734
0.1621001
0.37894222
1.1400155
1.0294685
0.5957843
1.7905419
1.1400155
0.9231734
1.7905419
1.3568575
1.7905419
1.3526058
2.3347728
1.7905419
1.5694479
1.3526058
2.65791
2.4410682
3.0915945
2.65791
2.7642052
3.4189837
2.330521
2.330521
2.224226
2.330521
3.2021413
1.5694479
2.8747523
2.5473633
2.5473633
2.224226
2.330521
3.4189837
2.224226
2.330521
3.4189837
2.65791
2.8747523
3.2021413
3.2021413
4.06951
2.330521
2.6536584
3.0915945
3.4189837
3.414732
3.9589627
3.9589627
3.9589627
2.8705006
3.414732
3.9589627
3.848416
4.1758046
3.7421207
3.1978896
3.0873425
4.503194
3.7421207
2.9810476
2.8747523
2.5473633
3.414732
3.0873425
3.414732
2.9810476
4.2863517
3.1978896
3.9589627
3.9589627
3.631574
3.5252786
3.631574
3.848416
4.1758046
3.631574
3.848416
3.5210268
4.065258
4.3926473
3.5210268
3.848416
4.503194
4.6094894
3.1936376
4.1758046
4.2863517
4.1758046
4.1758046
4.1758046
3.848416
4.1758046
3.3041847
4.6094894
3.5210268
5.2600155
4.4989424
5.0431733
4.715784
4.826331
5.1494684
4.605237
4.8220797
5.6937
4.3883953
5.1494684
5.6937
5.4768577
5.4768577
4.9326262
6.1273837
5.6937
5.1494684
6.454773
5.4768577
5.038922
5.799995
5.799995
6.016837
5.583153
5.583153
6.671615
5.689448
6.450521
6.9947524
7.7558255
6.8842053
6.339974
7.4284363
7.4284363
7.4284363
6.667363
6.450521
7.538984
5.90629
6.339974
6.9947524
6.561068
6.8842053
5.689448
6.667363
6.9947524
6.77791
7.649531
6.2336793
6.667363
7.4284363
7.7558255
7.1010475
6.556816
7.9726677
7.6452785
7.6452785
7.5347314
8.078962
7.7515736
6.9905005
6.8842053
7.8621206
7.1010475
6.339974
7.8621206
7.7515736
7.5347314
7.317889
7.7515736
7.1010475
7.8621206
8.295805
7.5347314
7.6410265
8.512647
7.6410265
7.4241843
7.857869
8.185258
7.5304804
8.4021
9.052627
8.725238
8.618942
7.857869
8.512647
8.074712
8.835785
8.618942
8.946331
8.074712
7.857869
8.4021
8.4021
9.269468
9.052627
9.052627
9.269468
8.835785
8.94208
9.380016
9.158921
8.725238
9.919995
9.592606
9.8137
9.703153
10.247384
10.030542
8.94208
9.596858
9.919995
8.94208
9.596858
10.464226
8.8315325
9.375764
9.703153
9.486311
11.2253
9.158921
10.464226
9.592606
9.809448
10.787363
9.592606
11.004206
11.1105
10.893659
11.765279
11.1105
11.654732
11.221047
11.221047
11.654732
10.783112
11.437889
10.676816
11.004206
11.221047
11.1105
10.893659
11.548436
11.004206
10.349427
9.482059
10.787363
11.331594
9.592606
9.265217
9.375764
9.158921
9.269468
9.380016
9.158921
9.052627
9.269468
10.030542
10.247384
10.136837
9.592606
10.570521
10.787363
10.787363
11.548436
11.548436
11.654732
11.327342
11.437889
12.526352
10.23888
11.437889
11.544185
11.437889
11.437889
10.783112
11.548436
11.437889
10.455723
11.654732
11.221047
11.004206
10.566269
10.676816
10.459974
11.221047
10.23888
10.893659
10.455723
10.566269
11.331594
10.893659
11.327342
10.893659
11.977869
11.216796
12.415805
11.761026
11.977869
11.65048
12.5220995
12.628395
12.411553
12.305258
12.5220995
12.088415
11.977869
11.977869
11.327342
11.216796
11.327342
11.548436
11.871573
11.548436
11.437889
10.566269
11.437889
11.327342
11.004206
11.004206
11.548436
11.437889
11.437889
10.566269
11.327342
11.221047
10.566269
11.437889
11.221047
12.088415
11.544185
11.544185
12.415805
10.566269
11.544185
11.1105
10.893659
11.1105
11.221047
11.654732
11.004206
10.676816
9.477807
10.570521
10.570521
10.132585
10.136837
10.02629
10.676816
10.676816
9.809448
10.243132
11.221047
9.915743
11.221047
11.437889
9.915743
11.004206
11.114753
9.809448
10.89791
9.482059
9.265217
9.592606
9.698901
9.809448
9.703153
10.136837
9.596858
10.464226
8.8315325
9.486311
8.8315325
8.508395
9.703153
9.158921
9.919995
10.353679
9.919995
10.136837
9.703153
10.136837
9.158921
9.375764
9.375764
8.614691
9.703153
9.158921
9.163173
9.158921
9.269468
9.486311
7.9641643
9.163173
8.181006
8.074712
8.618942
7.7515736
7.6410265
7.7515736
7.313638
8.512647
7.313638
7.5347314
8.185258
7.096796
7.9684157
7.4241843
7.1010475
8.295805
6.339974
7.1010475
7.1010475
6.7736583
7.207342
7.5347314
7.6452785
6.339974
6.1188803
6.667363
5.795743
5.799995
5.90629
6.016837
5.90629
5.1452165
6.123132
6.123132
6.450521
6.450521
5.689448
5.4726057
4.3841434
6.2336793
5.90629
6.667363
6.8842053
7.317889
6.1188803
7.207342
7.207342
6.3357224
6.663111
7.207342
8.295805
7.317889
6.9905005
7.317889
6.663111
8.185258
7.7515736
7.9684157
7.317889
8.078962
6.9905005
6.556816
6.9947524
6.016837
5.4726057
6.8884573
5.9105415
5.4768577
4.3883953
5.3663106
5.6937
4.9326262
5.1494684
4.8220797
4.605237
5.2600155
5.1494684
4.605237
4.171553
4.9326262
4.9326262
4.4989424
5.4768577
4.605237
5.4768577
4.9326262
4.715784
5.1494684
4.065258
5.0431733
3.4104798
4.065258
4.4989424
4.2821
3.5210268
4.3926473
3.737869
3.848416
3.1936376
3.631574
3.631574
3.631574
3.848416
4.3926473
3.1936376
3.5210268
3.631574
3.848416
3.631574
4.065258
4.3926473
3.631574
4.065258
4.6094894
4.6094894
4.065258
3.737869
4.715784
3.954711
4.6094894
3.5210268
3.848416
4.065258
3.3041847
4.065258
3.848416
3.3041847
3.5210268
3.3041847
3.737869
3.7421207
3.631574
4.2821
4.3926473
3.631574
4.065258
3.631574
3.0873425
3.848416
3.414732
3.1978896
3.7421207
4.1758046
3.414732
3.414732
3.631574
2.8705006
3.0873425
3.3084364
3.5210268
3.1978896
3.7421207
4.1758046
2.8705006
3.631574
3.7421207
2.7642052
2.9810476
2.9810476
2.2199743
2.2199743
3.5252786
3.8526678
2.003132
2.7642052
2.224226
2.003132
2.8747523
2.9852993
2.7642052
2.8747523
3.7421207
3.5252786
2.4368165
3.5252786
3.414732
3.0915945
3.414732
4.06951
4.06951
3.5252786
3.5252786
3.1978896
2.9810476
3.5252786
2.7642052
3.1978896
2.2199743
2.330521
2.5473633
2.65791
2.2199743
2.5473633
2.8747523
2.9810476
2.003132
2.5473633
2.4368165
2.4410682
2.2199743
2.7642052
3.3084364
1.7862899
2.330521
2.7642052
1.7862899
3.1978896
2.7642052
2.4410682
1.7862899
2.7642052
3.2021413
2.4410682
2.224226
1.896837
1.4631528
1.6799948
1.5694479
2.8747523
2.65791
2.1136792
2.003132
2.5473633
2.330521
2.1136792
2.330521
2.8747523
1.7905419
2.330521
2.4410682
2.4410682
2.5473633
2.65791
2.0073838
1.3526058
1.896837
2.4410682
1.3526058
2.0073838
2.0073838
1.4631528
1.3526058
2.330521
2.330521
2.330521
2.330521
2.2199743
2.65791
1.7862899
2.1136792
1.6799948
2.65791
1.896837
2.003132
2.7642052
1.7862899
2.7642052
3.4189837
2.224226
1.6799948
2.5516152
2.224226
2.1136792
2.65791
2.0073838
2.4410682
1.4631528
2.0073838
2.65791
1.6799948
2.8747523
2.8747523
2.9852993
2.65791
2.7684572
2.65791
1.896837
2.1136792
2.5473633
2.5516152
3.4189837
2.224226
2.224226
1.896837
1.1357636
1.6799948
0.3746904
0.9189216
1.7905419
1.0294685
0.9189216
1.5694479
2.1136792
1.7905419
0.9189216
2.65791
2.4410682
1.0252168
2.224226
2.7684572
2.330521
2.1136792
2.4410682
2.65791
1.3526058
1.896837
2.224226
1.4631528
2.0073838
0.3746904
1.1357636
1.4631528
1.4631528
1.3568575
1.6799948
1.3568575
1.1400155
1.2463106
1.7905419
2.117931
2.117931
1.0294685
2.4410682
2.1136792
2.4410682
2.1136792
1.896837
3.0915945
2.65791
2.7684572
2.330521
2.1136792
1.6799948
1.6799948
2.5473633
2.330521
1.896837
2.9852993
2.0073838
2.0073838
2.0073838
2.3347728
1.4631528
1.2463106
2.224226
1.4631528
2.9852993
3.0915945
2.330521
2.65791
2.330521
2.003132
2.2199743
2.7642052
3.6358256
1.896837
2.4410682
2.1136792
2.224226
1.5694479
0.9189216
2.4410682
2.7684572
1.7905419
2.1136792
1.6799948
2.8747523
1.4631528
2.7684572
2.224226
2.0073838
1.896837
1.3568575
2.3347728
2.9852993
2.224226
2.1136792
2.5516152
1.6799948
1.5694479
1.6799948
2.4410682
1.2463106
2.117931
2.0073838
1.2463106
1.4631528
2.224226
2.3347728
2.224226
1.4631528
2.4410682
1.4631528
1.7905419
2.224226
1.4631528
1.896837
1.3526058
2.0073838
2.5516152
1.2463106
2.65791
2.003132
1.6799948
2.0073838
1.6799948
2.5473633
2.4410682
1.1357636
1.2463106
2.224226
3.0958462
2.7642052
2.5473633
2.4410682
2.5473633
1.7862899
2.1136792
3.0915945
3.0915945
3.0915945
2.9810476
4.2863517
4.2863517
3.3041847
2.9810476
3.7421207
3.0915945
2.9810476
3.8526678
3.0915945
2.9810476
2.5473633
2.4368165
3.8526678
2.5473633
3.4189837
2.330521
3.1978896
2.9810476
2.7642052
3.5252786
3.5252786
4.1758046
4.065258
4.2863517
3.9589627
3.414732
4.6094894
4.065258
3.737869
3.7421207
3.0873425
3.7421207
3.9589627
3.631574
3.3041847
3.5210268
3.631574
3.9589627
3.0873425
3.1978896
3.414732
2.6536584
3.3084364
3.9589627
3.5252786
3.0873425
3.9589627
3.414732
3.1978896
4.503194
4.503194
3.1978896
3.7421207
4.065258
4.2863517
3.7421207
2.8705006
3.9589627
2.9767957
3.8526678
4.1758046
2.9810476
3.414732
3.5252786
3.9589627
4.06951
2.330521
3.0915945
2.9810476
3.7421207
3.414732
3.9589627
3.9589627
3.9589627
3.414732
3.737869
3.631574
4.720036
4.2863517
4.3926473
3.414732
3.848416
3.848416
3.3041847
4.2821
3.848416
4.503194
3.7421207
3.9589627
3.7421207
3.9589627
3.414732
3.3041847
3.3041847
4.3926473
4.3926473
4.1758046
4.2821
5.3705626
4.171553
4.6094894
4.2778482
5.6979513
3.848416
5.5874047
3.5210268
5.0431733
4.4989424
3.954711
4.936878
4.2821
5.2600155
3.5210268
4.9326262
4.6094894
4.715784
4.2821
5.5874047
4.9326262
4.715784
5.0431733
6.016837
5.2557635
5.583153
6.1273837
5.583153
6.450521
5.583153
5.583153
5.3663106
5.6937
6.1273837
5.2557635
6.454773
6.454773
5.799995
5.583153
5.6937
5.583153
6.1273837
5.799995
6.3442264
5.583153
6.3442264
5.799995
7.1052995
6.8884573
7.3221416
7.1052995
6.450521
6.123132
7.4284363
7.3221416
7.8663726
6.2336793
7.3221416
6.9947524
6.2336793
6.77791
7.2115946
7.1010475
7.3221416
6.8842053
6.2336793
6.671615
6.450521
5.799995
7.3221416
6.3442264
5.799995
6.9947524
6.2336793
6.339974
6.123132
6.9947524
7.2115946
6.450521
6.8842053
7.2115946
7.538984
7.1010475
6.667363
8.189509
6.339974
6.339974
7.1010475
6.8842053
7.6452785
6.9947524
7.2115946
6.2336793
6.9947524
7.2115946
7.1010475
6.7736583
6.9905005
7.1010475
7.317889
7.6410265
7.207342
6.9905005
7.9684157
8.078962
7.1010475
7.4241843
7.5347314
7.207342
7.7515736
8.185258
8.295805
7.5347314
8.078962
7.5347314
7.4241843
8.295805
8.623194
7.9684157
8.729489
9.167425
8.623194
7.857869
8.618942
8.185258
8.185258
8.512647
8.512647
8.185258
9.056878
9.27372
7.6410265
8.295805
8.512647
7.7515736
8.623194
8.729489
7.6452785
8.623194
7.6410265
7.9684157
8.4021
8.185258
8.512647
8.840036
8.185258
8.295805
8.185258
8.946331
7.7515736
8.729489
8.4021
8.185258
8.512647
8.840036
8.185258
8.512647
8.840036
7.6410265
7.7515736
8.295805
7.9684157
8.078962
8.078962
7.6410265
7.5347314
8.078962
7.5347314
6.9905005
8.078962
7.6410265
8.295805
7.8621206
8.078962
7.317889
7.9684157
7.7515736
6.9905005
7.8621206
7.8621206
6.9905005
7.7515736
8.189509
7.5347314
7.7515736
7.8621206
7.5347314
6.556816
8.189509
8.406352
7.1010475
7.317889
8.406352
7.8621206
7.8621206
8.295805
7.317889
6.8842053
7.5347314
7.7558255
6.667363
7.4284363
6.77791
7.4284363
7.2115946
7.4284363
6.667363
6.2336793
7.2115946
6.9947524
6.9947524
7.1052995
6.561068
6.7736583
6.9947524
7.4284363
8.078962
7.1010475
8.295805
7.7515736
8.295805
7.4241843
7.317889
7.1010475
7.2115946
7.1010475
7.538984
7.1010475
7.2115946
6.8842053
7.6452785
7.4284363
6.9947524
7.6452785
7.2115946
7.1052995
6.77791
6.8842053
6.77791
6.9947524
6.123132
7.3221416
7.538984
6.667363
7.2115946
7.2115946
6.561068
7.2115946
6.450521
7.2115946
7.2115946
6.339974
8.189509
6.2336793
7.538984
7.4284363
6.9947524
6.667363
7.1052995
6.123132
6.77791
6.671615
6.77791
6.237931
6.561068
5.799995
5.6937
5.583153
5.3663106
6.3442264
6.1273837
5.3663106
5.6937
5.9105415
6.3442264
4.9326262
5.799995
6.1273837
5.9105415
6.016837
5.799995
5.689448
5.799995
6.561068
5.799995
5.799995
6.77791
6.454773
5.799995
6.671615
5.583153
5.3663106
6.237931
6.237931
6.0210886
5.6937
4.826331
4.715784
5.2600155
5.0431733
5.2600155
5.1494684
5.4768577
5.4768577
6.0210886
5.804247
4.715784
6.1273837
6.3442264
6.1273837
6.1273837
6.8884573
5.583153
5.799995
6.77791
6.3442264
6.2336793
5.799995
6.561068
6.454773
5.3663106
6.3442264
5.6937
5.2600155
5.4768577
6.0210886
5.2600155
4.715784
4.9326262
5.4768577
4.605237
6.0210886
6.454773
5.799995
6.1273837
6.1273837
6.3442264
5.799995
6.561068
6.450521
6.561068
6.9947524
6.450521
6.1273837
6.77791
6.016837
5.583153
6.454773
6.1273837
6.3442264
6.237931
5.9105415
5.6937
6.0210886
6.454773
6.237931
5.799995
6.454773
6.237931
5.4726057
6.8884573
7.3221416
6.016837
6.561068
6.3442264
6.77791
5.90629
7.1052995
6.77791
7.2115946
6.77791
6.667363
6.450521
6.667363
6.123132
7.538984
6.9947524
5.689448
7.4284363
6.667363
6.8842053
6.9947524
6.9947524
6.9947524
7.649531
7.8621206
6.8842053
7.6452785
6.667363
7.8621206
6.667363
6.556816
7.4284363
7.1010475
7.1010475
7.7558255
7.7558255
7.317889
7.6452785
7.207342
7.6452785
6.8842053
7.1010475
7.6452785
7.5347314
7.317889
9.061131
8.078962
8.406352
8.512647
8.840036
8.729489
8.512647
7.857869
8.4021
8.406352
8.078962
7.8621206
8.295805
8.078962
8.840036
8.512647
8.512647
8.078962
7.857869
8.512647
8.512647
8.4021
8.185258
8.729489
8.618942
8.4021
9.056878
9.163173
9.163173
8.618942
9.707404
9.380016
9.596858
9.380016
9.8137
9.380016
9.163173
9.163173
9.052627
9.703153
8.946331
9.924246
8.618942
8.946331
8.4021
8.946331
9.052627
9.596858
9.486311
9.596858
9.924246
9.596858
10.030542
10.030542
9.269468
10.030542
10.574773
9.269468
10.681068
10.247384
9.269468
9.8137
10.030542
9.596858
10.247384
10.1410885
9.592606
9.269468
9.052627
9.380016
9.596858
9.380016
9.486311
9.486311
8.94208
10.574773
10.030542
10.030542
9.486311
9.052627
10.7916155
10.030542
9.592606
8.725238
10.247384
9.375764
10.251636
8.835785
8.835785
10.030542
9.052627
9.924246
9.596858
9.707404
9.269468
9.380016
9.052627
8.508395
8.508395
9.269468
9.380016
9.269468
9.269468
9.163173
10.030542
8.835785
9.052627
9.052627
9.052627
9.707404
8.835785
8.074712
9.27372
8.835785
9.269468
8.618942
9.163173
9.596858
8.94208
9.8137
10.1410885
9.269468
9.596858
9.158921
8.725238
10.030542
9.052627
9.596858
8.835785
9.163173
8.835785
9.703153
9.269468
8.835785
8.946331
8.618942
8.618942
8.729489
9.596858
9.380016
9.380016
9.163173
9.052627
9.269468
9.163173
9.919995
9.269468
9.380016
8.835785
9.380016
9.490562
9.269468
8.835785
8.835785
8.946331
8.840036
7.9684157
9.490562
8.729489
7.9684157
7.4241843
8.512647
7.7515736
8.623194
8.623194
8.406352
7.9684157
8.840036
7.9684157
8.295805
7.857869
8.4021
7.6410265
7.9684157
8.512647
8.406352
8.512647
7.5347314
8.295805
7.4241843
8.623194
7.5347314
7.5347314
7.9684157
7.1010475
7.5347314
7.5347314
7.1010475
7.317889
7.2115946
7.6452785
7.6452785
6.8842053
7.317889
7.317889
7.7515736
7.4284363
8.406352
8.078962
7.5347314
7.1010475
6.9947524
6.7736583
7.2115946
7.538984
6.8842053
6.9947524
7.1010475
6.450521
6.667363
7.1010475
7.1010475
7.1052995
6.2336793
6.016837
6.77791
7.1052995
6.8842053
6.9947524
6.016837
7.3221416
6.450521
6.016837
6.2336793
6.450521
6.77791
7.3221416
6.8842053
6.9947524
5.90629
6.339974
5.90629
6.77791
7.3221416
6.3442264
5.4726057
5.799995
6.77791
6.450521
5.3663106
5.583153
6.016837
4.9326262
6.454773
4.9326262
5.4768577
4.9326262
5.4768577
5.1494684
5.2600155
5.6937
4.8220797
6.0210886
5.689448
6.671615
6.561068
5.2557635
5.2557635
5.4726057
6.1273837
5.799995
5.3663106
5.799995
5.3663106
6.1273837
6.454773
5.3663106
5.1494684
5.2600155
5.1494684
5.0431733
5.6937
4.8220797
4.715784
5.4768577
5.3663106
5.6937
4.605237
5.3663106
6.1273837
6.016837
5.583153
5.583153
6.671615
5.4726057
5.4726057
6.339974
6.339974
6.2336793
6.77791
6.123132
6.2336793
5.2557635
6.671615
5.9105415
4.8220797
4.0610065
4.2821
4.1758046
3.631574
3.3084364
3.5252786
2.1136792
2.4410682
2.224226
2.224226
1.1357636
2.9810476
3.5252786
3.0873425
3.5210268
4.3926473
4.4989424
4.171553
5.0431733
5.0431733
5.2600155
4.065258
3.848416
4.503194
3.3041847
3.0873425
3.631574
3.3041847
3.5252786
3.1978896
3.0915945
2.003132
2.5473633
2.8747523
1.5694479
1.896837
2.9852993
2.330521
2.5473633
2.5473633
2.9810476
2.4368165
4.06951
2.5431116
3.8526678
4.1758046
3.631574
3.3041847
3.0873425
4.065258
3.0873425
3.9589627
3.9589627
3.414732
3.414732
2.7642052
3.3084364
2.9810476
2.8747523
3.1978896
2.5473633
2.1136792
2.8747523
2.8747523
2.1136792
2.224226
2.8747523
1.7862899
1.7862899
2.4410682
1.5736997
1.5694479
2.1136792
2.224226
1.896837
2.4410682
1.1357636
2.0073838
2.330521
1.6799948
2.4410682
2.1136792
1.896837
1.5694479
1.4631528
2.4410682
1.6799948
2.224226
2.2199743
2.0073838
2.0073838
1.2463106
1.3568575
1.1357636
-0.16528895
1.3568575
0.05155315
0.9231734
0.8126264
1.2505624
1.2463106
1.1400155
1.1400155
0.8126264
1.9010887
1.3568575
0.48523736
0.7020795
1.4631528
0.9189216
1.9010887
1.4631528
1.6799948
2.0073838
1.2420589
2.1136792
1.6799948
1.3568575
1.7905419
2.3347728
1.3568575
1.4631528
1.896837
2.5516152
1.1357636
1.5694479
2.65791
1.0252168
1.3526058
2.1136792
2.003132
3.3084364
2.330521
2.4368165
2.6536584
2.8705006
3.1978896
3.414732
3.631574
2.9810476
2.1094272
2.9810476
3.414732
3.7421207
3.0873425
2.8705006
3.1978896
3.414732
3.631574
3.5252786
3.1978896
2.8705006
3.4189837
2.6536584
3.9589627
4.06951
2.8705006
3.414732
3.1978896
3.3041847
3.1978896
3.414732
3.631574
4.2863517
3.7421207
3.1978896
4.06951
2.8705006
3.1978896
3.414732
2.8747523
2.9810476
3.1978896
3.9589627
3.414732
4.06951
3.848416
2.6494067
3.0873425
2.9767957
3.5210268
3.737869
4.4989424
4.065258
3.737869
5.0431733
3.9504592
5.4768577
4.0610065
4.171553
4.171553
5.1537204
4.171553
4.715784
5.0431733
5.4768577
5.0431733
4.4989424
5.2600155
4.605237
5.583153
5.6937
4.8220797
5.3663106
5.6937
4.715784
4.8220797
4.9326262
4.605237
5.1494684
4.4946904
5.583153
5.583153
5.1494684
5.038922
5.6937
4.4946904
6.1273837
5.9105415
5.4768577
6.016837
6.2336793
6.77791
7.2115946
6.016837
5.90629
5.799995
6.3442264
5.689448
5.799995
6.561068
5.583153
6.3442264
5.689448
6.016837
6.2336793
5.689448
5.799995
5.6937
5.6937
4.9326262
5.038922
5.1494684
5.2600155
6.1273837
5.9105415
4.8220797
5.799995
6.450521
5.795743
6.9947524
7.4284363
6.556816
6.2336793
5.1452165
6.2336793
7.3221416
6.3442264
6.9947524
5.3620586
6.450521
5.3620586
5.2557635
6.77791
5.1452165
5.9105415
5.2557635
5.1494684
6.237931
5.3663106
6.3442264
5.578901
6.2336793
5.468354
5.578901
6.556816
6.8842053
6.339974
6.339974
6.339974
6.7736583
6.8842053
7.2115946
6.450521
5.795743
6.561068
6.667363
6.667363
6.556816
6.667363
7.1052995
6.2336793
5.90629
5.583153
5.689448
6.016837
6.123132
5.578901
6.016837
6.3442264
6.123132
5.3620586
6.77791
5.3620586
6.671615
6.016837
5.583153
5.583153
6.561068
5.689448
6.123132
5.689448
6.2336793
6.016837
5.4726057
6.450521
5.3663106
5.9105415
5.2557635
5.4726057
6.3442264
6.237931
5.038922
5.689448
5.2557635
5.90629
6.1273837
5.3663106
4.928375
5.4726057
5.1494684
5.038922
5.1494684
5.2557635
5.799995
6.016837
5.689448
6.1273837
5.799995
5.4726057
5.689448
5.3663106
6.561068
5.4726057
5.4726057
5.689448
5.90629
6.339974
6.450521
6.8842053
6.77791
6.123132
6.561068
5.90629
6.016837
6.3442264
5.583153
5.799995
5.799995
6.561068
6.3442264
6.2336793
6.667363
6.3442264
6.667363
6.450521
6.8842053
7.7558255
6.123132
6.667363
7.317889
6.8842053
6.8842053
7.2115946
7.8621206
7.4284363
6.123132
6.339974
6.9947524
6.2336793
6.450521
6.667363
5.0346694
6.016837
6.671615
5.90629
6.2336793
6.561068
5.578901
6.2336793
5.90629
6.667363
7.538984
6.012585
6.8842053
7.1010475
6.8842053
6.556816
7.4284363
6.9905005
7.317889
6.7736583
7.6452785
6.8842053
7.1010475
7.2115946
6.8842053
7.6452785
6.556816
6.9905005
7.6452785
7.5347314
6.9905005
7.1010475
7.1010475
7.6452785
7.6452785
6.8799534
7.5347314
8.295805
7.4241843
8.512647
7.4241843
7.4241843
7.6410265
7.7515736
7.5347314
8.295805
7.9684157
7.7515736
7.207342
8.078962
8.295805
8.185258
7.7515736
8.295805
7.7515736
7.857869
7.857869
7.207342
7.7515736
6.7736583
8.078962
8.078962
7.6410265
7.9684157
7.5304804
7.6410265
8.295805
8.295805
7.5304804
7.857869
8.4021
8.4021
8.512647
8.512647
8.618942
8.4021
8.512647
8.618942
8.2915535
8.835785
9.052627
9.27372
7.857869
8.623194
7.857869
7.9684157
8.185258
8.295805
8.295805
8.185258
8.295805
7.9684157
8.295805
7.6410265
8.078962
7.6410265
8.078962
7.9684157
8.512647
8.4021
8.729489
8.618942
8.074712
8.2915535
9.163173
8.618942
8.840036
9.27372
8.4021
8.4021
8.2915535
8.4021
8.618942
8.946331
8.4021
8.295805
8.185258
8.185258
8.078962
7.207342
7.7515736
7.9684157
7.5304804
8.512647
8.185258
7.7515736
8.295805
8.295805
7.7515736
7.207342
7.8621206
7.9684157
7.313638
8.078962
7.7515736
8.4021
8.512647
8.074712
7.9684157
7.9684157
9.056878
8.185258
8.185258
8.295805
7.8621206
7.9684157
7.5347314
7.6410265
6.9905005
7.8621206
6.7736583
6.667363
7.1010475
8.078962
7.1010475
7.1010475
7.4284363
6.9905005
6.339974
7.2115946
6.450521
7.2115946
7.5347314
7.4284363
7.7515736
7.207342
7.4241843
7.7515736
7.5347314
7.8621206
7.6452785
6.7736583
7.4284363
6.7736583
7.7558255
7.1010475
7.4284363
7.3221416
6.450521
6.2336793
6.77791
5.799995
6.3442264
6.1273837
6.016837
6.016837
6.016837
5.795743
6.016837
6.8842053
6.9947524
7.2115946
7.538984
6.339974
6.7736583
6.667363
6.450521
6.8842053
5.4726057
5.90629
5.689448
6.016837
5.4726057
5.038922
5.9105415
5.9105415
5.6937
5.9105415
5.2600155
5.038922
4.605237
5.583153
5.583153
5.689448
6.450521
6.561068
6.561068
5.90629
5.689448
6.016837
5.9105415
5.3620586
6.671615
6.77791
6.450521
6.1273837
5.4726057
5.3663106
5.4768577
5.1494684
4.9326262
5.2600155
5.2600155
4.8220797
5.4768577
4.6094894
4.4989424
5.2600155
4.9326262
4.8220797
5.2600155
5.3663106
4.171553
5.1494684
5.4768577
5.2600155
5.2600155
5.0431733
4.605237
5.3663106
5.2600155
4.715784
4.8220797
5.6937
4.2821
5.4768577
5.1494684
4.715784
5.2600155
5.5874047
4.715784
4.605237
5.6937
4.4989424
5.6937
4.9326262
3.844164
5.5874047
5.0431733
4.3883953
5.5874047
5.6937
5.0431733
5.0431733
5.5874047
4.715784
5.4768577
5.4768577
4.9326262
4.715784
5.5874047
5.3663106
4.171553
5.2600155
4.9326262
5.0431733
5.2600155
5.0431733
5.0431733
4.171553
4.4989424
4.6094894
4.2821
4.2821
4.2821
4.065258
4.826331
4.065258
4.4989424
4.4989424
4.8220797
4.9326262
4.715784
4.6094894
4.715784
4.715784
5.3663106
4.715784
5.2600155
4.9326262
5.4768577
4.826331
4.826331
5.4768577
4.6094894
4.2821
5.2600155
5.0431733
4.826331
4.826331
5.3705626
3.954711
4.4989424
4.6094894
4.1758046
4.2821
5.0431733
3.6273217
4.9326262
5.0431733
3.844164
4.605237
5.2600155
4.9326262
4.9326262
4.8220797
5.2600155
5.1494684
4.4989424
4.9326262
5.1494684
4.605237
4.4989424
4.2821
4.3926473
4.936878
4.1758046
4.3926473
4.4989424
4.4989424
5.3705626
3.954711
5.2600155
4.0610065
4.0610065
5.5874047
5.1494684
5.4768577
5.1494684
5.0431733
4.3883953
4.715784
5.0431733
5.0431733
4.171553
5.5874047
3.848416
4.3926473
3.848416
3.9589627
4.503194
3.9589627
3.3041847
4.720036
4.503194
4.065258
4.826331
3.737869
4.1758046
3.631574
4.3926473
4.065258
5.0431733
3.5210268
4.2821
5.1537204
3.848416
4.1758046
4.1758046
3.5210268
4.503194
3.3041847
3.631574
3.9589627
3.5210268
4.2863517
4.2863517
3.631574
3.414732
3.631574
3.3041847
3.8526678
3.848416
3.7421207
3.631574
3.848416
3.414732
3.1978896
3.5210268
4.720036
3.848416
4.2821
4.3926473
3.631574
3.848416
4.1758046
3.7421207
3.9589627
3.3041847
3.631574
4.1758046
3.9589627
4.2821
3.9589627
3.9589627
4.1758046
4.065258
3.631574
4.06951
3.8526678
4.06951
3.8526678
3.631574
3.7421207
3.848416
2.8705006
3.9589627
4.2863517
3.631574
3.848416
3.5252786
3.848416
3.5210268
4.2863517
3.848416
3.5210268
4.6094894
4.1758046
4.065258
3.848416
4.3926473
3.848416
3.414732
4.503194
4.2863517
3.414732
3.414732
3.8526678
3.414732
3.9589627
3.0873425
4.2863517
3.848416
3.7421207
3.7421207
3.3084364
3.414732
3.631574
3.414732
3.9589627
3.9589627
3.5210268
4.3926473
4.4989424
3.848416
4.826331
4.2821
3.848416
4.826331
4.4989424
4.2821
4.3883953
4.2821
4.3926473
3.737869
4.3926473
3.9589627
3.414732
3.848416
4.826331
3.848416
3.631574
3.9589627
3.7421207
3.631574
4.065258
3.848416
5.0431733
4.2821
3.954711
4.826331
5.3705626
4.826331
4.4989424
5.481109
3.848416
4.1758046
5.0431733
4.9326262
4.3926473
4.4989424
4.826331
3.631574
4.065258
4.1758046
4.3926473
4.2821
4.3926473
4.4989424
4.503194
4.715784
3.848416
4.503194
4.3926473
4.936878
4.3883953
4.826331
5.2600155
4.4989424
5.3705626
4.826331
4.936878
5.5874047
5.6937
5.583153
4.605237
5.9105415
5.4726057
5.1494684
5.583153
4.9326262
4.715784
4.8220797
5.9105415
5.583153
5.583153
5.3663106
6.1273837
4.8220797
5.6937
5.799995
5.9105415
5.9105415
6.671615
5.6937
5.799995
6.237931
6.3442264
6.671615
5.799995
6.016837
5.583153
6.016837
6.77791
6.77791
6.2336793
7.3221416
5.799995
5.799995
5.689448
6.8884573
6.450521
6.561068
6.667363
6.9947524
6.2336793
7.3221416
6.016837
7.3221416
6.77791
6.339974
7.2115946
6.77791
6.556816
7.3221416
6.450521
6.016837
7.1052995
6.77791
6.2336793
7.538984
6.9947524
7.2115946
7.1010475
7.2115946
6.8842053
7.3221416
6.667363
6.2336793
6.667363
5.90629
6.123132
6.556816
6.561068
7.6452785
6.8842053
7.3221416
6.9947524
6.8842053
6.339974
7.9726677
6.8842053
8.189509
8.078962
7.317889
8.189509
7.2115946
7.5347314
7.8621206
8.078962
7.317889
7.8621206
8.078962
7.5347314
7.5347314
8.189509
7.1010475
7.9684157
7.9684157
7.7515736
7.857869
8.185258
7.317889
8.078962
7.9684157
6.9905005
7.8621206
7.5347314
8.189509
7.207342
8.074712
7.6410265
7.4241843
7.9684157
8.295805
8.512647
8.295805
8.185258
8.185258
8.623194
8.729489
8.078962
8.729489
8.512647
8.2915535
7.857869
8.295805
8.729489
7.313638
8.946331
8.4021
8.078962
8.512647
8.185258
8.078962
7.9684157
8.185258
9.490562
7.857869
8.618942
9.490562
8.2915535
8.4021
9.380016
9.158921
8.618942
9.707404
10.1410885
8.508395
9.052627
9.269468
9.052627
9.596858
10.030542
8.835785
8.835785
9.596858
9.163173
9.052627
8.835785
9.490562
10.030542
8.94208
9.8137
9.8137
10.574773
9.269468
9.8137
9.375764
9.052627
9.596858
10.030542
8.94208
10.1410885
9.919995
9.269468
9.707404
9.486311
9.163173
9.380016
9.163173
8.618942
8.946331
9.27372
8.4021
8.840036
8.618942
8.4021
8.729489
8.946331
8.835785
8.4021
8.946331
9.052627
8.946331
7.9684157
7.857869
7.6410265
8.729489
8.185258
8.078962
8.295805
8.189509
7.9684157
7.317889
8.840036
7.8621206
7.4284363
7.8621206
6.9905005
7.8621206
8.078962
6.9905005
7.5347314
7.6452785
6.7736583
7.9684157
7.9684157
7.317889
7.317889
7.5347314
8.623194
6.9905005
7.7515736
6.667363
6.450521
7.1010475
7.1010475
7.1010475
7.7558255
7.1010475
7.4284363
7.6452785
7.8621206
6.9905005
8.189509
7.9726677
6.9905005
7.1010475
6.667363
7.1010475
8.406352
6.339974
7.538984
7.1010475
6.8842053
7.6452785
6.7736583
7.7558255
6.9947524
6.77791
6.77791
6.2336793
6.123132
6.2336793
6.016837
6.667363
7.3221416
6.667363
6.2336793
6.450521
6.671615
6.2336793
6.237931
5.9105415
4.715784
5.804247
5.5874047
4.715784
5.2600155
5.4768577
4.4989424
4.6094894
5.2600155
5.0431733
5.5874047
5.0431733
5.9105415
5.6937
5.3663106
5.4726057
6.016837
5.799995
6.450521
6.3442264
6.2336793
6.016837
6.3442264
6.1273837
5.2600155
4.4989424
4.2821
4.6094894
3.9589627
3.7421207
4.1758046
3.9589627
3.1978896
3.8526678
2.3262694
3.2021413
2.8747523
2.4410682
2.65791
3.0915945
2.8747523
2.8705006
3.1978896
4.6094894
4.503194
4.3926473
4.4989424
4.2821
5.5874047
5.804247
5.3705626
5.1537204
5.804247
4.1758046
3.848416
4.3968987
3.414732
3.631574
3.9589627
3.9589627
2.8705006
3.8526678
4.06951
2.8747523
3.6358256
2.7642052
3.7421207
3.5252786
3.414732
3.0873425
4.6094894
4.936878
3.848416
3.848416
4.936878
5.0431733
5.4768577
5.583153
5.2600155
5.2600155
4.9326262
4.9326262
5.4768577
4.4989424
4.9326262
4.2821
4.826331
5.3705626
5.0431733
5.0431733
4.4989424
5.1537204
5.3705626
4.171553
5.4768577
5.4768577
5.4768577
5.4768577
5.1494684
5.2600155
4.9326262
5.583153
5.9105415
5.6937
6.454773
5.90629
6.8884573
6.561068
6.9947524
6.561068
6.77791
6.450521
5.799995
6.671615
6.77791
6.561068
6.77791
6.9947524
7.1052995
5.799995
6.561068
5.799995
6.3442264
5.3620586
6.667363
6.561068
6.450521
6.77791
6.556816
6.77791
6.8842053
7.8621206
8.078962
7.8621206
7.8621206
7.4284363
7.8621206
7.5347314
7.317889
7.9726677
7.4284363
6.556816
7.6452785
6.7736583
6.8842053
6.77791
6.9947524
6.667363
6.2336793
6.8842053
7.1010475
7.1010475
6.667363
6.8842053
6.77791
7.1010475
6.77791
6.8842053
6.8842053
7.1010475
7.7515736
7.1010475
8.185258
7.4241843
7.8621206
8.189509
6.339974
7.8621206
7.1010475
7.6452785
6.450521
6.450521
7.1010475
7.6452785
6.667363
7.1010475
7.4284363
7.2115946
6.667363
6.450521
6.450521
7.2115946
7.2115946
6.9947524
6.450521
6.667363
6.561068
7.2115946
7.7558255
6.8842053
6.8842053
7.2115946
6.450521
7.538984
6.450521
6.9947524
6.9947524
6.77791
6.2336793
6.8842053
6.9947524
7.1010475
7.2115946
7.1010475
6.8842053
7.317889
7.317889
7.7515736
8.623194
7.9684157
7.7515736
8.295805
7.8621206
7.9684157
8.406352
8.078962
8.189509
8.406352
7.5347314
7.8621206
8.300056
7.6452785
7.1010475
6.8842053
6.8842053
6.8842053
7.3221416
6.9947524
6.339974
6.561068
7.2115946
5.799995
7.2115946
6.667363
7.3221416
7.2115946
6.9947524
7.538984
7.1010475
7.7558255
7.538984
6.123132
6.9947524
6.450521
6.123132
7.538984
6.77791
6.667363
7.2115946
6.3442264
5.799995
5.799995
5.9105415
5.4726057
6.1273837
5.799995
5.4726057
6.561068
6.561068
6.450521
6.016837
6.561068
6.667363
6.2336793
6.450521
6.667363
6.667363
6.2336793
6.016837
5.689448
6.2336793
6.77791
6.667363
6.2336793
6.667363
6.667363
7.538984
7.1052995
6.77791
5.90629
6.667363
6.2336793
7.7558255
6.77791
7.2115946
7.4284363
6.9947524
6.9947524
6.77791
6.77791
7.3221416
6.667363
7.2115946
6.3442264
6.77791
6.2336793
6.2336793
6.8842053
6.9947524
7.6452785
7.7558255
7.2115946
7.7558255
6.450521
6.450521
7.4284363
7.538984
6.667363
7.5347314
7.2115946
6.8842053
7.4284363
7.9726677
7.7558255
6.9947524
5.90629
6.77791
7.2115946
6.2336793
6.339974
7.7558255
6.9947524
7.4284363
6.450521
7.3221416
6.9947524
7.2115946
6.9947524
7.7558255
7.8621206
7.5347314
7.1010475
8.406352
7.207342
7.1010475
7.1010475
7.6452785
7.1010475
7.6452785
8.189509
6.8842053
7.538984
7.538984
7.538984
7.4284363
7.6452785
7.2115946
8.189509
6.450521
6.339974
7.317889
7.6452785
7.6452785
8.300056
7.4284363
6.9905005
8.078962
7.4284363
7.4284363
7.538984
6.667363
6.9947524
6.9947524
6.2336793
6.1273837
7.1052995
5.3663106
6.3442264
6.3442264
6.1273837
6.1273837
5.799995
5.799995
6.671615
6.77791
6.561068
6.450521
6.3442264
7.1052995
6.77791
6.8884573
6.561068
7.1052995
6.2336793
6.1273837
6.667363
5.583153
6.1273837
4.8220797
6.1273837
5.804247
5.3663106
5.1494684
5.1494684
5.3663106
5.9105415
5.0431733
5.1494684
6.237931
5.3663106
5.2600155
5.9105415
5.9105415
6.454773
6.3442264
6.1273837
6.454773
6.1273837
6.1273837
6.1273837
5.9105415
5.6937
6.348478
5.4768577
5.1494684
4.715784
5.2600155
5.3705626
5.3705626
5.0431733
4.171553
5.0431733
4.826331
4.6094894
4.2821
4.936878
4.3926473
4.826331
4.715784
4.6094894
4.2821
4.9326262
4.2821
4.3926473
5.0431733
4.6094894
3.848416
5.264267
4.503194
4.3926473
5.1537204
4.4989424
4.2821
4.065258
4.1758046
3.414732
4.1758046
3.631574
3.631574
3.3041847
3.5210268
3.631574
4.1758046
3.0873425
3.414732
3.848416
3.3041847
4.2863517
3.9589627
3.0873425
4.1758046
3.9589627
3.631574
3.414732
4.3926473
3.9589627
3.631574
4.826331
5.3705626
4.6094894
4.6094894
4.3926473
4.1758046
4.2821
4.503194
4.3926473
4.2821
4.3926473
4.826331
5.481109
4.6094894
3.631574
4.720036
3.7421207
3.3041847
4.720036
3.848416
3.848416
4.2821
4.2821
3.848416
4.6094894
4.065258
4.2821
5.2600155
5.2600155
4.6094894
4.826331
3.954711
4.715784
4.826331
4.826331
5.1537204
4.2821
5.0431733
3.848416
5.264267
4.2821
4.2821
5.2600155
4.065258
4.3926473
5.0431733
4.720036
5.5874047
4.715784
4.826331
5.2600155
4.715784
4.715784
4.715784
5.1494684
5.4768577
5.4768577
6.1273837
5.1494684
5.038922
5.0431733
5.2600155
5.4768577
5.3663106
5.4768577
5.583153
5.583153
6.561068
6.016837
5.2557635
5.583153
5.6937
5.1494684
5.799995
6.1273837
6.671615
6.2336793
5.583153
6.454773
5.9105415
5.1494684
6.1273837
5.799995
6.3442264
6.1273837
6.1273837
6.561068
7.1052995
6.016837
5.799995
6.016837
6.3442264
5.4726057
6.2336793
6.016837
6.3442264
6.1273837
6.237931
5.3663106
5.3663106
5.2557635
6.892709
5.583153
4.8220797
5.583153
5.2600155
5.4768577
5.2600155
5.583153
6.237931
5.804247
6.454773
5.3663106
5.5874047
4.9326262
5.1494684
4.715784
5.9105415
5.9105415
5.6937
5.1494684
4.9326262
5.9105415
4.3883953
5.0431733
4.3926473
4.826331
3.7421207
4.936878
4.3926473
5.481109
5.1537204
3.848416
4.6094894
3.5210268
3.7421207
4.1758046
3.3041847
4.065258
4.826331
5.1537204
4.065258
4.4989424
5.0431733
4.3926473
4.720036
3.9589627
4.1758046
4.06951
4.2863517
4.720036
4.3968987
4.1758046
3.848416
3.7421207
3.414732
4.1758046
3.631574
3.631574
3.631574
3.631574
4.1758046
3.9589627
3.9589627
3.9589627
4.1758046
3.631574
4.065258
3.848416
4.503194
3.414732
3.7421207
3.848416
3.7421207
3.7421207
3.9589627
3.848416
4.1758046
3.414732
3.414732
3.7421207
3.9589627
3.631574
3.414732
3.848416
4.2863517
4.06951
3.631574
4.1758046
3.848416
3.414732
3.631574
4.720036
4.720036
3.3041847
3.848416
3.9589627
4.3926473
3.848416
4.1758046
3.631574
3.414732
4.1758046
3.9589627
4.1758046
3.631574
4.1758046
3.0873425
3.7421207
4.1758046
4.2863517
4.2863517
3.848416
3.9589627
4.3926473
4.2863517
4.1758046
4.1758046
4.1758046
4.613741
4.1758046
3.631574
4.06951
3.414732
4.06951
2.4368165
3.5252786
2.9810476
3.8526678
2.4410682
3.0915945
3.2021413
2.8747523
2.8747523
3.4189837
2.65791
2.65791
2.1136792
2.8747523
3.9632149
2.5473633
3.9632149
2.7642052
2.5473633
3.2021413
3.0915945
3.3084364
3.3084364
3.8526678
3.0915945
2.9810476
3.6358256
3.0915945
3.3084364
2.8747523
2.65791
2.9810476
2.330521
3.7421207
3.5252786
4.724288
4.06951
3.3084364
3.3084364
4.06951
3.5252786
3.9589627
3.414732
4.3926473
3.7421207
4.720036
3.848416
4.936878
4.1758046
3.848416
3.9589627
4.936878
4.826331
5.0474253
4.936878
4.6094894
4.936878
4.720036
4.6094894
4.503194
4.6094894
4.936878
5.1537204
5.1537204
4.826331
4.720036
4.1758046
5.1537204
5.0431733
5.481109
5.914794
5.804247
5.1494684
5.0431733
5.3705626
6.0210886
5.914794
6.1316357
5.2600155
5.5874047
6.348478
5.0431733
5.1494684
5.804247
5.1537204
4.4989424
4.715784
4.936878
4.1758046
5.0474253
5.1537204
4.1758046
4.3926473
4.720036
4.3926473
5.5874047
4.6094894
4.6094894
5.1537204
5.1537204
4.936878
4.2821
4.2821
5.0431733
4.4989424
5.0431733
5.0431733
5.1537204
5.6979513
5.3705626
4.1758046
5.264267
4.3926473
4.503194
4.830583
4.830583
3.848416
5.3705626
4.936878
4.613741
5.0474253
3.631574
4.2821
4.6094894
5.264267
5.481109
5.3705626
5.1537204
5.3705626
5.3705626
5.0431733
5.804247
5.4768577
5.0431733
5.3705626
4.2821
4.6094894
4.3926473
3.848416
4.720036
4.065258
4.3926473
4.065258
4.936878
4.936878
4.936878
4.936878
4.503194
4.720036
4.720036
4.715784
5.8084984
5.804247
5.0431733
5.0431733
5.3705626
5.2600155
5.5874047
5.3705626
4.065258
5.804247
5.0431733
5.3705626
5.6979513
4.503194
5.0474253
4.6094894
4.2821
4.2863517
5.1537204
5.3705626
4.065258
5.481109
4.826331
4.3926473
5.1537204
4.06951
4.503194
4.3926473
4.3926473
4.720036
4.826331
4.6094894
5.591656
4.720036
4.503194
4.1758046
4.720036
4.936878
4.3926473
4.720036
4.720036
4.2863517
5.3748145
4.720036
4.503194
4.936878
4.503194
3.7421207
4.06951
4.1758046
4.2863517
4.3968987
4.613741
3.8526678
3.8526678
3.9589627
3.7421207
4.613741
4.180057
3.6358256
3.5252786
3.5252786
4.06951
4.180057
4.2863517
4.180057
4.06951
3.9589627
3.414732
4.503194
4.2863517
3.7421207
4.3968987
3.7421207
3.7421207
4.3968987
2.7642052
2.7642052
4.2863517
3.4189837
2.9810476
3.6358256
3.3084364
3.631574
3.8526678
3.3041847
4.613741
3.1978896
3.631574
4.503194
3.631574
4.2863517
3.7421207
4.830583
4.3926473
3.631574
4.830583
4.3926473
4.2863517
4.503194
4.1758046
4.06951
3.414732
3.5252786
3.9632149
3.8526678
3.1978896
4.3968987
4.06951
4.1758046
4.2863517
3.848416
3.7421207
4.180057
3.3084364
3.8526678
4.2863517
3.9589627
3.1978896
4.3968987
4.2863517
4.2863517
4.06951
3.9589627
4.180057
3.7421207
2.330521
3.4189837
4.180057
3.0915945
3.7463725
3.4189837
3.2021413
2.9852993
3.7463725
3.312688
2.7684572
2.65791
4.0737615
2.224226
1.896837
2.9852993
2.65791
2.65791
2.8747523
2.7642052
2.65791
2.9852993
2.4410682
2.879004
2.0073838
1.4631528
2.0073838
2.879004
1.6799948
2.0073838
3.0958462
1.7905419
1.7905419
2.5516152
2.117931
2.0073838
1.4631528
3.4232354
2.879004
2.0073838
2.1136792
2.4410682
2.224226
2.3347728
2.0073838
2.9852993
1.896837
1.896837
1.9010887
2.224226
2.5516152
1.0294685
1.2463106
1.7905419
2.4410682
1.7905419
2.4410682
1.7905419
2.3347728
1.0294685
2.228478
2.44532
2.3347728
1.7905419
2.5516152
2.4410682
2.7684572
1.7905419
2.1136792
2.224226
2.4410682
2.7684572
2.9852993
2.224226
2.0073838
2.1136792
2.0073838
2.3347728
2.117931
2.5516152
1.6799948
1.6799948
2.5516152
2.5516152
1.7905419
1.7905419
2.0073838
1.7905419
1.3568575
2.44532
1.3568575
1.4674045
2.662162
2.44532
1.4631528
2.3347728
2.224226
1.6799948
2.0073838
2.224226
2.0073838
1.9010887
1.3568575
2.879004
1.5736997
0.8126264
2.1221828
2.0116355
0.70633125
2.0116355
1.1400155
1.6842467
1.3568575
1.7947936
1.7947936
2.228478
0.9231734
2.0116355
2.3347728
1.4631528
1.4674045
2.3347728
1.3568575
1.3568575
2.44532
1.5736997
1.7905419
2.662162
1.4631528
1.6842467
2.117931
1.3568575
2.3347728
1.1400155
1.3568575
1.9010887
1.3568575
1.3568575
1.4674045
1.2463106
0.9231734
2.44532
1.2505624
2.662162
1.7905419
2.879004
2.879004
2.5516152
2.0073838
2.7684572
2.1136792
2.0073838
2.9852993
2.3347728
2.65791
2.9852993
1.896837
2.8747523
2.7684572
1.896837
2.7684572
2.5516152
2.3347728
1.7905419
2.0073838
1.9010887
2.0073838
2.4410682
2.330521
3.5295303
3.2021413
2.5473633
3.4189837
3.8526678
3.8526678
3.0915945
3.4189837
3.5252786
4.06951
2.7642052
3.414732
3.7421207
2.9810476
3.7421207
3.7421207
4.06951
4.2863517
3.414732
3.5252786
4.2863517
3.1978896
2.9810476
4.06951
4.06951
3.5252786
4.06951
3.414732
3.0915945
3.414732
3.0915945
4.06951
3.9589627
3.8526678
5.0474253
4.06951
3.9589627
4.503194
3.414732
3.414732
3.848416
5.0474253
3.9589627
4.06951
3.631574
3.8526678
3.5252786
4.180057
3.9589627
3.1978896
3.8526678
3.8526678
3.1978896
4.06951
3.9589627
3.1978896
4.06951
3.5252786
3.414732
4.180057
4.06951
3.5252786
3.9589627
4.2863517
4.06951
4.1758046
4.06951
3.9589627
3.0873425
3.9589627
3.3084364
4.1758046
3.8526678
3.8526678
3.7421207
3.1978896
3.7421207
2.8705006
2.9810476
3.1978896
4.613741
3.7421207
3.414732
3.6358256
3.7421207
3.8526678
3.7421207
3.7421207
4.3926473
3.9589627
3.7421207
4.1758046
3.414732
3.1978896
3.9589627
3.7421207
3.7421207
4.06951
4.503194
3.631574
3.1978896
4.2863517
3.7421207
3.1978896
3.414732
3.9589627
3.1978896
4.180057
2.65791
2.4410682
2.330521
3.2021413
2.65791
2.4410682
2.4410682
3.0958462
3.312688
2.65791
1.896837
3.2021413
2.1136792
3.5295303
2.4410682
2.65791
3.4189837
2.7684572
1.896837
3.2021413
2.7684572
2.0073838
1.7905419
2.3347728
1.6799948
1.3568575
1.2463106
1.1400155
2.117931
2.0073838
1.5736997
2.224226
2.1136792
2.224226
1.5736997
2.0073838
2.117931
2.0073838
1.1400155
1.4631528
1.7905419
2.224226
2.5516152
2.224226
2.7642052
2.7642052
3.7421207
3.631574
3.3084364
2.9810476
2.4410682
2.117931
0.055804953
-0.7010165
-2.0020692
-3.0862796
-2.7631423
-2.9799845
-2.5463004
-1.1347008
0.055804953
1.4674045
2.65791
3.848416
4.065258
5.4768577
6.237931
5.9105415
4.715784
5.481109
3.9589627
2.5473633
2.228478
0.1621001
0.81687826
-0.4841744
-1.0284055
-0.16103715
0.055804953
-0.81581527
0.7105831
0.27264705
-0.054742
-0.16103715
0.27264705
0.4894892
1.0337203
0.8126264
1.0294685
1.2463106
1.2463106
1.1400155
2.3347728
1.4631528
2.0073838
2.662162
2.0073838
2.117931
2.3347728
1.7905419
1.5736997
1.6842467
1.5736997
1.1400155
1.2505624
0.70633125
-0.16103715
-0.16103715
-0.16103715
0.81687826
1.3611094
0.9231734
1.0337203
0.37894222
1.6842467
1.1400155
0.8126264
0.8126264
1.9010887
1.3568575
1.1400155
1.7905419
2.117931
1.5736997
1.1357636
2.879004
2.7684572
2.65791
2.003132
2.9852993
2.3347728
1.3568575
2.117931
1.9010887
2.0073838
2.1136792
1.7905419
1.5736997
2.3347728
1.5736997
1.9010887
2.117931
2.44532
1.2463106
2.330521
2.330521
2.5473633
3.0915945
3.0915945
2.330521
3.0915945
2.65791
2.1136792
3.312688
2.7684572
2.5516152
1.9010887
2.224226
2.0073838
2.5516152
2.224226
2.4410682
2.8747523
2.9810476
2.5473633
3.0915945
3.4189837
2.8747523
2.9852993
3.6358256
3.0915945
3.2021413
3.3084364
2.224226
2.5473633
4.06951
3.7421207
3.414732
4.3968987
3.7421207
2.7642052
3.6358256
3.3084364
3.7421207
3.5252786
3.5252786
3.5252786
2.9810476
3.7421207
3.8526678
4.1758046
4.06951
3.3084364
3.9589627
3.0915945
3.4189837
4.2863517
3.8526678
3.1978896
3.7421207
3.5252786
3.6358256
3.0915945
4.2863517
4.2863517
3.2021413
3.6358256
3.7421207
2.8747523
2.1136792
1.7862899
1.5736997
1.1357636
3.2021413
3.1978896
4.1758046
4.6094894
4.1758046
4.4989424
5.0431733
4.2821
5.1537204
4.3926473
4.3968987
3.2021413
2.4410682
2.0073838
2.65791
2.224226
1.6799948
3.0915945
2.5473633
3.3084364
3.6358256
2.9810476
3.0915945
2.330521
3.0958462
2.5516152
2.0073838
2.8747523
1.896837
1.1357636
1.896837
0.9189216
1.7862899
2.65791
2.8747523
3.3084364
2.8747523
3.5252786
4.3926473
4.826331
5.1494684
6.0210886
4.826331
4.1758046
3.848416
3.7421207
4.2863517
2.8747523
2.4410682
1.4631528
0.5957843
1.0337203
1.5736997
2.5516152
3.3084364
3.6358256
3.0915945
3.9632149
3.1978896
3.9589627
4.2863517
3.3084364
3.0915945
3.7463725
3.2021413
1.6799948
2.7684572
1.896837
2.224226
2.7684572
2.4410682
2.4410682
3.4189837
3.9589627
4.3968987
3.9589627
3.1978896
3.1978896
3.5252786
3.5252786
3.8526678
1.7905419
1.5736997
1.5779516
0.4894892
1.2505624
1.4674045
1.5736997
1.2463106
1.5736997
2.224226
2.8747523
3.5252786
3.1978896
2.8705006
3.6358256
2.224226
3.4189837
2.65791
3.0958462
3.5295303
1.896837
3.312688
2.8747523
2.1136792
3.2021413
2.8747523
2.330521
3.6358256
2.8747523
3.2021413
2.65791
2.1136792
1.896837
2.8747523
1.6799948
2.330521
2.8747523
3.5295303
2.330521
2.1136792
3.4189837
2.9852993
2.5473633
3.9632149
3.2021413
2.7642052
3.0915945
3.4189837
2.7684572
2.8747523
2.224226
2.4410682
2.7684572
2.224226
2.65791
2.4410682
2.9852993
2.330521
2.5473633
2.7684572
2.5473633
2.65791
2.5516152
2.7642052
2.7642052
3.312688
3.4189837
2.9852993
3.2021413
2.1136792
3.2021413
3.0915945
3.3084364
2.4368165
3.2021413
2.8747523
2.7642052
3.6358256
3.6358256
3.848416
4.06951
4.2863517
3.5252786
3.9589627
3.5252786
3.7421207
3.8526678
3.7421207
3.631574
3.8526678
3.7421207
3.4189837
4.2863517
2.9810476
4.1758046
3.7421207
3.9589627
4.3926473
4.936878
5.591656
3.848416
3.848416
5.264267
3.9589627
3.631574
4.2863517
4.2863517
3.5252786
4.3926473
4.3926473
4.2821
4.6094894
4.6094894
4.1758046
3.5210268
3.414732
4.503194
5.0474253
4.1758046
5.0474253
3.848416
4.065258
4.4989424
5.3705626
5.4768577
5.4768577
6.56532
5.804247
4.171553
5.3705626
4.715784
6.1316357
6.0210886
5.4768577
5.804247
5.2600155
6.1316357
6.0210886
6.56532
5.6937
7.2158465
6.237931
6.1273837
5.2557635
5.9105415
6.561068
6.671615
6.671615
6.9947524
7.1052995
7.7558255
7.3221416
7.4284363
6.667363
7.3221416
6.2336793
5.799995
6.561068
6.016837
5.799995
6.8884573
5.799995
6.016837
5.9105415
6.56532
5.4768577
5.2600155
5.2600155
5.804247
5.2600155
5.2600155
5.2600155
5.0431733
5.804247
5.2600155
4.9326262
5.2600155
5.4768577
5.0431733
4.936878
4.3926473
4.720036
4.936878
3.9589627
4.830583
3.9589627
4.2863517
3.9589627
3.7421207
3.9589627
4.06951
2.7642052
3.4189837
4.180057
2.4410682
2.8747523
3.6358256
3.5252786
3.6358256
3.7463725
3.9632149
2.9852993
2.65791
2.0073838
2.9852993
2.65791
1.896837
2.9852993
2.662162
1.9010887
2.117931
2.5516152
1.7905419
2.0073838
2.117931
2.117931
2.44532
2.989551
1.5736997
2.662162
2.3347728
1.3568575
2.1136792
2.224226
2.4410682
1.7905419
2.117931
1.6842467
2.3347728
1.4631528
1.5736997
1.7905419
1.7905419
0.48523736
2.228478
1.5736997
2.0116355
1.9010887
1.5736997
1.2505624
2.0116355
1.9010887
1.4674045
2.44532
2.0116355
1.2463106
1.6842467
0.8126264
0.70633125
1.6842467
1.7947936
1.1400155
1.4674045
2.0116355
0.9231734
1.7947936
1.6842467
1.6842467
1.5736997
2.0116355
1.2505624
1.3611094
1.7947936
1.1400155
0.5957843
1.3568575
0.70633125
0.9231734
1.7947936
1.4674045
1.9010887
2.772709
0.9231734
1.2463106
2.228478
1.5736997
1.6799948
1.6842467
1.2505624
1.3611094
1.0337203
1.6842467
2.1221828
1.4631528
2.662162
1.4674045
2.1221828
0.9231734
1.6884984
2.3390248
1.0337203
1.9053404
0.81687826
1.2505624
1.2505624
1.2505624
1.3568575
2.3390248
1.9010887
0.9231734
1.5779516
1.4674045
1.2505624
2.0116355
1.5736997
0.8126264
1.5736997
2.44532
0.9231734
2.0116355
1.9010887
1.3568575
1.9010887
2.662162
1.4674045
2.117931
1.7905419
1.9010887
1.6842467
2.989551
2.3347728
2.44532
2.5516152
3.2021413
3.0958462
2.5516152
2.5473633
3.312688
2.9852993
2.9852993
3.6358256
3.9632149
3.4189837
4.180057
3.8526678
4.06951
3.9589627
4.830583
4.06951
3.9589627
3.8526678
4.613741
3.8526678
4.06951
3.5252786
4.830583
4.06951
4.613741
4.720036
4.830583
4.065258
4.720036
4.503194
4.720036
5.8084984
5.3705626
5.1537204
5.3705626
4.715784
5.0431733
6.56532
5.914794
5.6937
6.348478
6.0210886
6.0210886
6.1316357
6.3442264
5.9105415
5.9105415
6.454773
6.3442264
6.3442264
5.9105415
6.0210886
6.1273837
5.583153
5.4726057
6.671615
6.3442264
6.454773
6.9990044
6.671615
5.799995
6.454773
6.7821617
5.1494684
6.7821617
6.237931
5.9105415
6.454773
6.671615
6.454773
5.799995
6.7821617
6.8884573
5.9105415
6.1273837
6.9990044
6.3442264
5.6937
6.561068
6.7821617
5.6937
6.1273837
6.0210886
6.348478
6.237931
6.1273837
6.454773
6.0210886
6.237931
5.6937
6.56532
6.671615
6.3442264
6.7821617
7.2158465
6.671615
6.671615
6.3442264
6.454773
6.7821617
6.454773
6.454773
6.8884573
6.454773
6.7821617
5.6937
5.9105415
6.8884573
6.671615
5.799995
7.2158465
7.1052995
5.583153
6.454773
6.8884573
6.561068
5.9105415
6.9990044
6.8884573
6.1273837
6.9990044
6.8884573
6.671615
6.3442264
6.1316357
6.2421827
5.0431733
4.6094894
5.2600155
5.3705626
4.720036
4.936878
4.826331
5.0431733
5.3705626
4.936878
5.264267
4.936878
4.1758046
5.6979513
5.0431733
4.3926473
5.264267
5.264267
4.826331
5.1537204
5.6979513
5.481109
4.2821
5.264267
4.720036
3.848416
4.936878
4.830583
3.631574
4.1758046
3.7421207
4.1758046
4.06951
4.503194
4.613741
3.8526678
4.1758046
3.9589627
3.9589627
3.9589627
3.7421207
3.7421207
4.1758046
4.1758046
4.613741
4.06951
3.9589627
4.3968987
4.2863517
4.06951
4.830583
4.2863517
3.7421207
4.06951
4.613741
3.9589627
3.7421207
3.8526678
4.1758046
3.9589627
3.7421207
3.848416
4.2863517
3.631574
3.7421207
4.2863517
3.631574
4.065258
4.503194
4.2863517
4.2863517
3.3084364
4.06951
2.65791
2.4410682
1.9010887
1.1400155
0.27264705
1.5779516
0.055804953
0.27264705
1.1442673
0.81687826
0.27264705
1.0337203
1.0337203
2.228478
1.4631528
2.0073838
3.4189837
2.8747523
3.7421207
4.2863517
3.9589627
3.848416
3.631574
4.06951
3.7421207
4.3968987
3.7421207
3.3084364
4.507446
3.9632149
2.224226
2.224226
1.5736997
0.5957843
1.5736997
0.9231734
-0.16528895
0.9231734
0.81687826
0.38319403
0.4894892
1.0337203
0.37894222
0.9231734
1.3568575
2.4410682
2.65791
2.65791
3.0915945
3.4189837
3.5252786
3.8526678
3.4189837
3.7421207
3.3084364
2.8747523
2.65791
2.9852993
1.7905419
1.4631528
1.5736997
2.3347728
0.70633125
1.4674045
0.5957843
0.70633125
0.70633125
0.4894892
0.27264705
0.1621001
1.3611094
-0.054742
0.70633125
1.7947936
0.8126264
1.7905419
1.3568575
1.7905419
2.3347728
1.896837
1.4631528
1.896837
1.6799948
2.224226
1.1400155
1.5736997
0.8126264
0.8126264
0.5957843
1.1400155
0.60003614
0.9231734
0.055804953
1.0337203
0.70633125
-0.054742
0.9231734
0.4894892
0.60003614
0.5957843
0.4894892
1.2505624
1.5736997
1.2463106
2.224226
1.6799948
1.9010887
1.6842467
1.1400155
0.70633125
0.1621001
0.70633125
0.81687826
0.9231734
0.4894892
0.4894892
0.1621001
0.1621001
0.9231734
1.0294685
0.70633125
0.9231734
0.9231734
0.37894222
0.48523736
0.5957843
1.0294685
0.48523736
0.5957843
2.117931
0.9189216
1.2463106
1.7905419
1.896837
2.7684572
2.7684572
1.6799948
1.0294685
1.0294685
1.7905419
0.05155315
1.5736997
1.5736997
1.4631528
2.5516152
1.7905419
1.1357636
1.3568575
0.9231734
0.8126264
1.7905419
1.7905419
1.1400155
2.3347728
1.5736997
1.5736997
1.2463106
0.48523736
1.7905419
1.0294685
1.3526058
2.8747523
2.224226
2.330521
2.8747523
2.1094272
3.1978896
3.414732
4.1758046
4.3926473
3.737869
4.3926473
3.848416
3.848416
3.414732
2.8705006
3.5252786
4.06951
3.7421207
3.1978896
3.414732
2.9810476
2.7642052
2.6536584
3.1978896
3.414732
3.0915945
2.5473633
2.65791
2.8747523
1.6799948
1.7862899
3.2021413
2.7642052
3.414732
4.1758046
3.8526678
3.0873425
3.1978896
3.848416
4.1758046
4.936878
4.3926473
4.3926473
5.1537204
4.2821
4.3926473
4.936878
4.503194
3.1978896
3.5252786
3.5252786
3.3084364
2.9810476
3.0915945
1.896837
2.330521
2.224226
2.1136792
1.7862899
2.7642052
2.65791
1.6799948
2.65791
2.7684572
3.2021413
2.1136792
3.4189837
3.1978896
2.9810476
3.3084364
3.414732
4.065258
3.7421207
4.065258
4.6094894
4.503194
3.9589627
3.848416
2.8705006
3.0873425
4.06951
3.6358256
3.1978896
4.180057
3.0915945
3.2021413
2.65791
2.9852993
1.896837
3.2021413
4.06951
2.9810476
3.1978896
3.5252786
2.5473633
3.5252786
3.3084364
4.06951
3.9589627
4.1758046
3.631574
4.503194
4.503194
3.848416
3.9589627
4.06951
3.5252786
3.3084364
3.414732
3.3084364
3.0915945
3.0915945
3.3084364
2.1136792
2.8747523
2.9852993
2.4410682
2.4410682
2.8747523
2.4410682
2.9810476
2.2199743
2.1136792
2.9810476
3.6358256
2.5473633
3.7421207
3.7421207
3.8526678
2.9810476
3.5252786
2.1136792
1.896837
2.0073838
2.117931
1.5694479
2.224226
1.7862899
1.5694479
1.896837
3.2021413
2.003132
2.8747523
3.4189837
2.1136792
2.4410682
1.5694479
2.7684572
2.0073838
1.4631528
2.9852993
2.0073838
3.0915945
3.7421207
3.8526678
3.1978896
3.4189837
2.4410682
1.6799948
1.896837
2.8747523
2.1136792
2.65791
2.8747523
2.224226
2.5473633
2.7684572
1.896837
2.0073838
1.2463106
1.7905419
1.6842467
1.1400155
1.1400155
0.8126264
0.37894222
2.3347728
1.3568575
1.1400155
1.6799948
1.6799948
1.4631528
1.7905419
1.0294685
1.1400155
1.1400155
0.5957843
0.8126264
1.3568575
1.0294685
1.3526058
1.4631528
2.3347728
2.224226
1.896837
2.0073838
0.5957843
1.0294685
1.1400155
1.6842467
1.4631528
1.4631528
1.4631528
2.224226
2.224226
2.224226
1.7905419
0.9189216
1.5736997
2.0073838
1.3568575
2.7684572
2.224226
3.2021413
2.8747523
2.1136792
1.6799948
2.224226
1.1357636
2.5516152
2.9852993
2.8747523
3.3084364
2.7642052
2.1136792
2.7642052
2.5473633
2.8747523
3.6358256
3.5252786
2.8747523
3.4189837
3.0915945
3.2021413
3.0915945
2.330521
2.4410682
1.4631528
2.5516152
2.3347728
1.2463106
2.3347728
1.3568575
1.2463106
1.7905419
2.1136792
1.3526058
2.0073838
2.65791
2.4410682
2.224226
2.8747523
4.06951
3.2021413
2.1136792
3.8526678
3.6358256
3.5252786
3.0873425
3.7421207
3.414732
4.06951
3.9589627
2.9810476
2.7642052
3.4189837
2.65791
3.3084364
3.3084364
3.1978896
3.1978896
3.5252786
3.414732
3.848416
3.631574
3.5252786
3.3084364
3.1978896
3.3084364
2.7642052
2.7642052
3.1978896
3.0915945
3.414732
3.414732
3.631574
3.414732
3.5252786
4.06951
3.9589627
3.9589627
4.06951
2.7642052
3.1978896
3.9589627
3.848416
4.1758046
4.3926473
3.954711
4.1758046
4.2821
4.826331
3.9589627
3.631574
4.720036
3.5210268
3.848416
3.848416
3.9589627
3.7421207
3.848416
3.5210268
4.503194
4.3926473
3.631574
3.631574
4.3926473
3.9589627
4.3926473
5.0431733
3.954711
5.5874047
6.56532
5.583153
5.2600155
5.9105415
5.4768577
4.715784
5.583153
6.0210886
4.9326262
4.715784
4.9326262
5.583153
4.9326262
5.2600155
5.3663106
5.038922
4.8220797
5.0431733
5.5874047
4.065258
4.6094894
5.0431733
4.826331
4.4989424
5.799995
5.583153
5.4768577
5.9105415
4.715784
4.4989424
4.171553
5.6937
4.826331
5.2600155
6.0210886
5.799995
5.038922
5.799995
5.799995
5.583153
6.3442264
5.9105415
5.3663106
6.237931
5.9105415
5.1494684
4.4989424
4.826331
5.1537204
5.0431733
4.9326262
4.826331
4.936878
4.065258
4.6094894
4.826331
5.0431733
5.1494684
5.4768577
6.454773
5.6937
6.016837
5.9105415
5.583153
5.9105415
6.7821617
6.016837
5.3663106
6.3442264
6.348478
5.1494684
5.2600155
4.2821
5.3705626
5.1537204
5.1494684
5.3663106
4.2821
4.936878
4.826331
3.848416
4.3926473
5.5874047
5.2600155
5.1537204
4.826331
6.0210886
6.0210886
5.6937
5.2600155
5.583153
4.9326262
5.6937
6.1273837
6.561068
6.9990044
6.1273837
5.9105415
5.3663106
4.605237
4.9326262
4.9326262
5.4768577
4.715784
4.715784
5.0431733
4.3926473
4.9326262
5.1537204
4.2821
4.1758046
3.9589627
3.848416
4.1758046
4.720036
4.2821
5.0431733
5.1537204
4.2821
6.454773
6.671615
5.583153
5.1494684
5.4768577
5.0431733
5.5874047
5.5874047
6.0210886
5.0431733
5.5874047
5.0431733
4.826331
5.5874047
3.848416
3.9589627
3.631574
3.631574
3.631574
3.414732
4.1758046
3.631574
4.720036
4.826331
4.2821
5.2600155
5.2600155
5.0431733
4.1758046
4.065258
4.6094894
4.4989424
5.1537204
4.4989424
4.715784
4.4989424
4.715784
6.1316357
5.2600155
4.4989424
4.065258
4.936878
4.3926473
4.720036
4.2821
4.503194
4.1758046
4.2863517
4.6094894
4.6094894
5.5874047
4.715784
5.2600155
4.065258
4.715784
4.826331
3.737869
5.1537204
4.6094894
4.826331
3.737869
5.1537204
5.0431733
4.2821
4.065258
4.3926473
4.6094894
4.3926473
3.848416
4.503194
3.848416
4.826331
4.6094894
5.2600155
4.4989424
4.9326262
4.4989424
5.1537204
4.3883953
5.0431733
4.3926473
3.848416
4.065258
4.2821
4.2821
5.1537204
4.4989424
5.5874047
4.2821
4.4989424
3.848416
4.2821
4.936878
3.9589627
4.1758046
3.5252786
4.503194
3.848416
4.6094894
5.5874047
5.1537204
4.715784
4.936878
4.715784
4.6094894
4.171553
5.1537204
4.6094894
3.414732
3.9589627
3.848416
4.1758046
3.9589627
3.631574
3.5252786
3.5252786
3.3041847
3.5252786
3.5252786
2.8705006
3.7421207
3.4189837
2.8747523
2.9810476
2.7642052
3.1978896
3.3084364
3.0915945
2.9810476
3.5252786
3.5252786
3.1978896
4.3968987
4.2863517
3.414732
3.9589627
3.0873425
3.9589627
3.9589627
3.5252786
3.414732
4.06951
3.414732
3.3041847
2.9810476
2.2199743
2.65791
2.8747523
2.330521
2.9810476
2.8747523
2.9810476
3.9589627
3.5252786
4.1758046
3.1936376
3.9589627
4.503194
3.0873425
3.1978896
3.9589627
3.1978896
4.06951
4.06951
4.065258
3.414732
4.2863517
4.936878
3.3041847
3.414732
3.631574
3.5252786
3.8526678
4.06951
2.9810476
3.1978896
3.7421207
3.5252786
3.9589627
3.5252786
3.7421207
2.7642052
3.631574
2.9810476
3.7421207
2.7642052
2.5473633
2.9810476
3.5252786
3.414732
3.7421207
3.9589627
3.631574
3.9589627
3.9589627
2.9810476
2.7642052
3.0915945
2.5473633
2.9810476
2.6536584
3.5252786
2.7642052
3.414732
3.6358256
3.414732
3.6358256
3.6358256
2.6536584
3.7421207
3.0915945
2.7642052
2.7642052
2.4410682
2.330521
3.5252786
3.1978896
3.414732
3.7421207
3.414732
3.3084364
3.3084364
2.5473633
2.9810476
3.3084364
3.0915945
3.3084364
3.7421207
2.9810476
2.4368165
3.9589627
2.9810476
2.4368165
3.9589627
3.9589627
2.8747523
2.8705006
2.2199743
1.5694479
2.8747523
1.1357636
1.896837
1.4589009
2.1136792
3.2021413
1.896837
2.0073838
2.3347728
1.2463106
2.0073838
2.3347728
1.896837
2.7684572
2.8747523
2.330521
2.65791
2.330521
2.5473633
2.65791
3.4189837
2.65791
2.7684572
1.6799948
2.7684572
2.0073838
1.2463106
1.3568575
1.4631528
1.9010887
1.4631528
1.896837
2.3347728
1.4674045
1.3568575
2.44532
1.9010887
0.9189216
2.224226
1.6842467
1.2463106
1.896837
2.4410682
2.65791
2.9852993
2.7684572
2.65791
2.0073838
1.6799948
1.896837
2.3347728
1.2463106
2.224226
2.0073838
1.0294685
2.117931
0.5957843
1.4674045
1.3568575
0.9231734
-0.054742
0.27264705
0.9231734
0.5957843
0.9231734
0.9231734
0.9231734
1.2505624
1.1400155
0.48523736
1.2463106
0.9231734
0.8126264
0.26839525
1.1400155
0.70633125
0.70633125
0.8126264
1.7905419
1.3568575
1.0294685
0.8126264
1.2463106
1.5736997
0.9231734
1.1400155
1.0294685
0.1621001
0.37894222
1.4674045
1.9010887
0.5957843
1.7905419
2.330521
2.7684572
1.4631528
2.9852993
2.224226
1.4631528
1.7905419
2.3347728
1.5736997
1.2505624
1.5736997
1.6842467
1.9010887
2.0073838
1.7905419
1.0294685
1.0294685
1.3568575
0.8126264
1.3568575
1.9010887
1.4631528
2.0073838
1.2463106
1.3526058
2.8747523
2.5516152
2.003132
2.7684572
2.9852993
1.5736997
2.1136792
2.0073838
1.7905419
2.5516152
1.7905419
1.0294685
1.5736997
2.0073838
0.9189216
1.7905419
1.896837
1.6799948
2.224226
1.7862899
2.1136792
2.4410682
1.5694479
2.330521
1.896837
3.4189837
3.7421207
3.7421207
3.631574
3.7421207
3.7421207
3.0873425
2.6536584
3.7421207
3.631574
3.5252786
3.631574
3.9589627
3.631574
3.631574
3.9589627
4.2863517
3.9589627
4.065258
4.6094894
4.826331
4.3926473
4.065258
4.2821
5.0431733
4.0610065
5.4768577
5.3663106
5.038922
5.038922
6.1273837
6.8884573
5.583153
6.016837
6.016837
6.3442264
6.3442264
5.90629
6.77791
7.2115946
6.450521
6.667363
7.8621206
7.317889
7.4284363
7.2115946
7.2115946
6.450521
7.7515736
7.317889
7.1010475
7.9684157
7.857869
7.9684157
9.056878
9.163173
7.9684157
7.9684157
8.835785
8.4021
8.835785
8.946331
8.4021
8.729489
8.618942
8.508395
9.163173
9.707404
9.380016
8.618942
8.729489
8.4021
8.946331
7.857869
7.857869
8.618942
8.946331
8.185258
9.380016
9.919995
10.247384
9.703153
10.7916155
10.030542
9.592606
10.570521
10.247384
10.247384
10.7916155
10.7916155
10.02629
10.787363
11.2253
10.787363
10.570521
10.243132
10.570521
10.681068
10.030542
9.486311
10.030542
10.464226
9.8137
9.375764
10.681068
11.114753
11.114753
10.89791
10.459974
10.570521
11.004206
11.442142
10.787363
11.331594
11.442142
11.004206
12.30951
11.004206
11.658983
11.9821205
11.765279
11.875826
11.004206
11.331594
10.893659
10.676816
11.548436
11.004206
11.004206
11.548436
11.437889
11.765279
10.787363
10.89791
10.459974
10.136837
11.658983
10.353679
10.136837
10.02629
10.787363
10.02629
11.437889
11.654732
11.114753
11.548436
11.331594
9.809448
9.919995
10.570521
10.02629
10.89791
10.89791
9.375764
10.247384
10.136837
10.464226
9.703153
10.030542
9.707404
9.596858
9.163173
9.163173
7.9684157
8.185258
8.512647
8.185258
8.729489
8.946331
8.729489
8.4021
9.27372
9.056878
8.185258
8.295805
8.295805
7.857869
7.9684157
8.295805
7.5347314
8.295805
7.7515736
7.4284363
7.1010475
7.538984
6.2336793
6.450521
6.561068
6.1273837
6.671615
5.1494684
5.6937
3.844164
4.715784
4.8220797
4.171553
4.4989424
3.954711
3.848416
4.2821
4.3926473
3.848416
3.631574
4.503194
4.6094894
3.848416
5.3705626
4.9326262
5.6937
7.1052995
6.671615
5.6937
4.2821
3.1936376
3.848416
3.631574
4.503194
4.3926473
5.2600155
4.715784
4.6094894
3.631574
2.6536584
3.3084364
2.8747523
2.7684572
2.3347728
3.2021413
3.5295303
2.003132
3.2021413
2.8747523
2.330521
3.9589627
4.3926473
4.9326262
5.3663106
6.0210886
5.6937
4.2821
4.2821
3.631574
3.848416
3.9589627
4.2863517
2.330521
2.5473633
2.224226
1.1400155
0.37894222
0.81687826
-0.27158412
-1.0326574
-0.16103715
-1.1389525
-0.81581527
0.27264705
0.70633125
1.5736997
1.4631528
1.4631528
1.4631528
2.4410682
2.65791
2.5473633
4.2863517
2.8747523
2.9852993
3.0915945
2.4410682
1.3526058
2.1136792
0.5957843
0.37894222
0.4894892
0.9231734
-0.16528895
0.37894222
0.27264705
-0.5947214
-0.7052683
-0.37787926
-0.7052683
0.5957843
-0.054742
1.0337203
-0.054742
-0.16528895
0.27264705
0.4894892
0.4894892
0.055804953
-0.27158412
-0.054742
0.27264705
0.4894892
-0.59897316
-0.16528895
-0.27158412
-0.81581527
-0.4884262
-0.7052683
-0.7052683
0.4894892
-0.16103715
-0.4884262
-0.9263622
-0.4884262
-0.27158412
0.70633125
0.81687826
0.27264705
-0.9221104
-1.0326574
-0.054742
-1.0326574
0.055804953
-0.16103715
0.60003614
-0.7052683
-0.37787926
0.055804953
-0.4884262
-0.37787926
-0.7052683
0.16635191
-0.9221104
-1.0284055
-0.91785866
-2.33371
-1.9000257
-1.3557947
-0.2673323
-1.4663416
0.38319403
-1.3557947
-1.7894788
-0.8115635
-0.2673323
-0.8115635
-0.9221104
-0.054742
-0.4884262
-0.16103715
0.4894892
-0.4884262
-0.054742
-0.16528895
0.4894892
-0.38213107
0.37894222
0.055804953
-0.27158412
-0.27158412
-0.27158412
-0.16103715
-0.27158412
-0.7052683
-1.0326574
-0.7052683
-0.16103715
-0.7052683
0.16635191
-1.2494994
-1.2452477
-2.33371
-1.2452477
-1.0284055
-1.2452477
-2.116868
-1.3557947
-1.1389525
-0.050490197
-0.9221104
-1.9000257
-1.7937305
-1.2494994
-2.116868
-1.5726367
-1.6831837
-1.0284055
-1.4620898
-1.6831837
-1.5726367
-1.5726367
-1.4663416
-0.9221104
-2.5505521
-1.5726367
-1.0284055
-1.5726367
-1.4620898
-1.4620898
-2.4400053
-2.444257
-1.4620898
-2.444257
-2.2274148
-0.8115635
-2.8779414
-2.5505521
-2.223163
-2.767394
-1.4620898
-1.2452477
-2.33371
-2.5505521
-1.0284055
-1.6831837
-1.1389525
-0.81581527
-0.16103715
-0.7052683
-0.7052683
-0.81581527
-0.7052683
-0.4884262
-0.16103715
0.055804953
-0.81581527
-0.81581527
0.38319403
-0.7052683
-0.81581527
0.27264705
-0.054742
-0.9221104
-0.054742
-0.050490197
-0.27158412
-0.16103715
0.1621001
-0.4884262
0.1621001
0.1621001
-0.054742
-0.054742
0.8126264
0.26839525
0.37894222
1.0294685
0.9231734
1.1400155
0.8083746
2.224226
0.7020795
0.9189216
1.0294685
1.2463106
1.6799948
1.3526058
0.8126264
1.7905419
1.7905419
0.9231734
0.48523736
0.8126264
0.26839525
0.48523736
1.3568575
-0.16528895
1.4631528
1.4631528
1.5736997
0.9189216
2.224226
0.7020795
1.2463106
1.7905419
1.896837
2.5473633
2.5473633
2.1136792
2.8747523
2.7642052
2.2199743
2.8705006
1.4589009
2.8747523
3.3084364
1.7862899
2.003132
2.7642052
1.5694479
1.6799948
2.8747523
2.330521
2.003132
3.0873425
2.8705006
2.8705006
2.9810476
3.631574
2.5473633
3.1978896
3.0915945
3.8526678
2.7642052
3.631574
3.3084364
3.414732
3.631574
3.414732
3.3084364
2.8705006
3.2021413
3.7421207
1.8925852
1.4589009
2.5473633
1.8925852
2.5473633
2.7642052
3.5252786
3.5252786
3.1978896
3.414732
3.0915945
2.5473633
3.3084364
2.3262694
2.2199743
2.9810476
3.1978896
2.6536584
3.1978896
3.7421207
2.5431116
3.7421207
3.414732
2.8705006
2.5431116
3.3084364
3.631574
2.2199743
2.9810476
3.9589627
3.3041847
3.0873425
3.848416
2.7599535
3.0873425
2.9767957
2.9767957
3.631574
3.3041847
3.0873425
3.414732
2.5431116
3.414732
3.3041847
2.2157223
2.6536584
2.8705006
3.0873425
2.8705006
3.414732
2.8705006
2.9810476
2.8705006
3.414732
2.6536584
3.1978896
4.1758046
3.737869
4.3926473
3.737869
3.848416
3.5252786
2.2157223
2.5473633
3.0915945
2.330521
2.1136792
1.896837
2.0073838
2.224226
2.330521
1.1357636
1.896837
1.5736997
0.8083746
2.0073838
1.4589009
2.4368165
2.7642052
2.8747523
2.9810476
3.414732
3.848416
2.8705006
3.631574
3.0873425
3.5252786
1.9988803
2.9810476
2.1136792
1.2420589
2.0073838
0.9189216
1.2463106
1.896837
2.4410682
1.4589009
2.003132
1.896837
1.7862899
2.224226
1.6799948
0.7020795
1.3526058
2.330521
3.0915945
2.7642052
3.5252786
3.631574
2.7642052
2.6536584
2.9810476
2.1136792
2.1136792
1.3526058
1.6799948
1.4631528
0.7020795
2.0073838
1.5736997
1.2463106
0.9189216
0.26839525
0.7020795
0.26839525
0.37894222
0.8126264
0.05155315
-0.16528895
0.05155315
0.5957843
0.37894222
1.3568575
1.1357636
0.48523736
1.896837
1.3526058
2.117931
0.48523736
1.0294685
0.05155315
0.05155315
0.8126264
1.0294685
0.7020795
1.3568575
-0.058993805
0.9189216
0.37894222
1.2463106
0.05155315
0.9231734
0.70633125
0.8126264
1.5736997
1.0294685
1.5736997
0.3746904
1.7905419
1.0294685
1.0294685
0.48523736
0.9231734
1.0294685
0.7020795
1.0294685
-0.054742
0.37894222
-1.0369092
0.70633125
0.5957843
-0.16528895
0.1621001
-0.058993805
-0.70952016
0.05155315
0.81687826
-0.27158412
0.27264705
-0.38213107
0.37894222
0.055804953
0.5957843
-0.70952016
0.05155315
0.70633125
-1.0369092
-0.16528895
-1.0326574
-1.5768886
-1.3557947
-1.3557947
-1.3557947
-1.6831837
-0.4884262
-1.3557947
-1.7937305
-1.4663416
-1.6831837
-0.9221104
-2.2274148
-0.7052683
-0.16103715
-0.27158412
-0.81581527
-0.38213107
-0.38213107
-1.1432043
-0.054742
-0.70952016
0.1621001
-0.27158412
-0.054742
-0.054742
-0.16103715
-0.7052683
-0.7052683
-1.2494994
-1.7937305
-1.2494994
-0.5947214
-0.8115635
-0.9221104
-1.3557947
-1.9000257
-2.665351
-1.3557947
-1.9000257
-1.0284055
-1.5726367
-1.5726367
-0.27158412
-1.2494994
-0.4884262
-0.81581527
-0.16103715
-0.27158412
-0.16103715
-0.49267802
0.055804953
-0.70952016
-0.7052683
-0.81581527
-1.1389525
-0.37787926
-0.37787926
-1.7937305
-1.4663416
-0.16103715
-2.010573
-0.8115635
-0.37787926
-1.1389525
-0.9221104
-0.9221104
-1.5768886
-0.7052683
-0.9221104
-0.9263622
-0.16528895
-0.27158412
-0.16528895
0.60003614
-0.59897316
-0.27158412
-0.38213107
-0.38213107
-0.38213107
0.05155315
0.1621001
0.48523736
1.9010887
0.26839525
0.26839525
0.5957843
-0.16528895
0.37894222
0.8126264
0.1621001
-0.16528895
0.4894892
0.37894222
0.8126264
-0.49267802
-0.2758359
0.9189216
-0.28008774
0.59153247
0.9189216
0.1578483
1.4631528
1.7905419
1.0252168
2.003132
2.003132
2.003132
2.8705006
2.9810476
1.8925852
2.4368165
2.4368165
2.3262694
3.0873425
2.2199743
1.6757431
1.6757431
1.7862899
1.7862899
1.348354
2.330521
2.6536584
1.565196
2.003132
2.8747523
1.4589009
3.0915945
2.8705006
2.8705006
3.5252786
3.3041847
3.0830908
3.848416
3.4104798
3.844164
3.954711
5.2600155
3.7336173
5.038922
5.038922
4.605237
4.715784
4.715784
3.844164
4.0610065
5.1494684
5.3663106
5.2600155
3.7336173
3.299933
3.6273217
4.171553
3.189386
4.605237
4.0610065
4.605237
4.4946904
4.3883953
5.1494684
5.3663106
4.167301
4.8220797
5.9105415
4.2778482
4.8220797
4.9326262
4.4946904
4.8220797
4.928375
5.689448
6.2336793
6.2336793
5.583153
5.1494684
3.9504592
4.2778482
4.715784
4.9326262
4.171553
3.954711
4.0610065
4.715784
4.3883953
3.5167751
4.2778482
5.583153
3.9504592
4.171553
5.3663106
5.1494684
3.7336173
5.1494684
4.4946904
4.928375
6.3442264
5.3620586
5.0346694
5.2557635
6.016837
5.1452165
4.3841434
5.038922
4.3841434
5.1494684
5.038922
5.90629
5.90629
5.689448
6.123132
4.7072806
5.4726057
6.016837
6.2336793
5.2557635
6.016837
5.90629
5.1452165
6.016837
6.667363
6.123132
6.667363
5.90629
6.4462695
6.012585
6.663111
6.7736583
7.317889
7.207342
7.4241843
7.1010475
7.5347314
6.8799534
6.9905005
7.4241843
6.3357224
6.8799534
7.7515736
6.339974
6.9947524
6.339974
5.4726057
6.77791
6.123132
6.667363
5.90629
6.123132
6.556816
6.556816
7.6452785
7.9684157
7.4241843
7.6410265
7.7515736
8.185258
8.4021
8.946331
7.5304804
7.857869
8.618942
8.2915535
8.618942
8.508395
7.857869
7.6410265
7.6410265
6.663111
6.4462695
7.8621206
7.8621206
6.9905005
7.317889
7.207342
8.185258
7.857869
8.835785
8.074712
7.857869
8.4021
8.4021
8.4021
9.163173
8.618942
8.618942
9.380016
7.747322
8.2915535
9.163173
8.4021
7.857869
8.623194
7.6410265
8.729489
8.295805
8.4021
7.9684157
8.946331
8.4021
8.618942
9.269468
9.380016
9.052627
8.508395
8.614691
8.185258
8.185258
7.9684157
8.4021
8.618942
8.835785
8.618942
9.052627
8.729489
8.397848
8.181006
8.729489
8.508395
8.185258
7.857869
8.4021
7.313638
8.074712
8.4021
7.747322
8.512647
8.2915535
8.725238
9.380016
8.725238
7.9641643
8.074712
8.729489
7.6410265
7.9641643
8.618942
9.163173
8.725238
8.2915535
7.747322
7.5304804
8.512647
7.9684157
8.295805
7.8621206
7.5347314
7.1010475
7.317889
6.7736583
8.406352
7.9684157
7.6410265
7.7515736
6.9905005
6.8842053
7.1010475
6.450521
6.667363
6.77791
6.123132
5.90629
5.90629
6.667363
5.4726057
4.9326262
4.715784
4.2821
4.6094894
4.065258
3.848416
4.6094894
3.9589627
4.6094894
4.3926473
4.826331
5.4768577
4.605237
4.9326262
5.3663106
4.0610065
5.1494684
4.9326262
4.9326262
4.3883953
3.954711
4.6094894
3.5210268
2.7599535
3.414732
2.8705006
3.5252786
3.3084364
2.7642052
3.0915945
2.4410682
2.2199743
2.5473633
2.2199743
3.5252786
4.06951
3.414732
3.848416
3.0873425
4.2821
4.2821
3.3041847
3.5210268
4.2821
3.631574
4.1758046
3.414732
4.2863517
3.5252786
2.7642052
2.7642052
3.4189837
1.6799948
1.2463106
1.5736997
1.1357636
1.1400155
1.2463106
2.0073838
1.9010887
1.1357636
2.5473633
3.2021413
2.1136792
3.0915945
2.6536584
3.5252786
2.7642052
3.0915945
2.7684572
2.5473633
1.6799948
2.8747523
2.1136792
1.5694479
2.1136792
1.3526058
1.2463106
1.7905419
0.5957843
1.3568575
0.26839525
0.7020795
1.4631528
1.896837
1.1357636
0.8083746
1.2463106
1.2463106
2.3347728
1.6799948
1.3526058
2.5473633
2.0073838
2.8747523
2.5473633
2.5473633
2.5473633
2.9810476
2.2199743
2.9810476
3.7421207
3.414732
2.3262694
3.414732
3.631574
3.414732
3.7421207
3.3041847
3.0873425
3.1978896
3.631574
2.9810476
3.5252786
3.631574
2.3262694
2.003132
1.5694479
1.7862899
2.330521
1.4589009
2.1136792
1.7862899
2.330521
2.7642052
2.330521
3.3041847
3.631574
4.3926473
5.1494684
4.605237
5.9105415
6.3442264
6.9947524
5.795743
6.2336793
6.450521
5.578901
5.2557635
5.4726057
5.4726057
4.4989424
4.605237
3.6273217
2.9767957
4.171553
4.826331
5.1494684
5.2557635
5.9105415
6.3442264
6.561068
6.561068
6.450521
6.9905005
7.8621206
6.8799534
8.512647
8.074712
8.835785
8.185258
8.946331
8.946331
8.074712
7.5304804
8.185258
7.4241843
6.7736583
6.2294273
6.339974
5.0346694
5.689448
5.2557635
4.928375
6.016837
5.799995
5.2557635
7.538984
6.556816
6.7736583
7.7515736
7.9684157
8.185258
8.946331
7.853617
8.508395
9.375764
10.7916155
9.380016
8.94208
8.2915535
8.074712
8.4021
7.6410265
8.623194
8.295805
7.9684157
7.9684157
7.207342
7.4241843
7.5347314
7.4241843
7.6410265
7.6410265
7.4241843
7.313638
8.185258
8.508395
10.1410885
10.030542
8.725238
9.486311
9.8137
9.592606
9.158921
9.919995
8.94208
8.725238
9.8137
8.508395
8.181006
8.835785
7.9641643
8.4021
8.835785
9.486311
8.074712
8.946331
8.2915535
8.397848
8.4021
9.052627
8.725238
9.919995
9.158921
9.592606
9.375764
9.596858
8.94208
8.8315325
8.508395
8.618942
8.185258
7.6410265
7.9684157
7.313638
7.857869
8.074712
7.747322
8.508395
8.618942
8.074712
8.8315325
9.919995
9.592606
9.915743
10.132585
10.02629
11.765279
10.783112
10.676816
11.114753
11.437889
10.23888
11.437889
11.437889
10.783112
10.459974
11.004206
10.0220375
10.23888
10.455723
11.548436
10.893659
10.6725645
10.566269
11.765279
10.893659
10.349427
11.765279
11.544185
10.999953
11.544185
11.216796
12.632647
11.654732
11.765279
11.544185
12.088415
10.566269
11.1105
11.437889
11.544185
12.305258
12.849489
12.738942
12.190459
12.301006
13.500016
13.929449
14.363132
14.796817
15.013659
15.447342
14.68627
14.363132
15.447342
14.35888
14.796817
14.796817
14.363132
13.500016
12.084165
10.889407
11.221047
11.004206
10.353679
9.375764
10.247384
10.570521
9.592606
10.02629
11.221047
11.331594
11.327342
13.610563
13.278922
14.690521
15.774733
15.770479
16.09787
15.770479
16.752647
17.075785
17.18208
16.421007
15.991573
15.881026
14.252585
13.385218
14.039994
12.301006
11.433638
10.676816
10.349427
10.6725645
10.566269
11.004206
11.437889
10.783112
11.977869
11.867322
11.433638
11.973618
12.628395
13.1726265
13.60631
14.035743
14.14629
14.579974
14.796817
13.925196
13.929449
15.01791
15.234753
14.14629
13.385218
14.039994
13.9337
13.278922
12.084165
12.194712
12.088415
11.429386
11.544185
11.761026
12.088415
10.783112
10.676816
10.676816
10.893659
10.783112
11.1105
10.893659
11.327342
10.455723
10.893659
10.783112
11.875826
11.544185
10.893659
10.893659
11.327342
10.23888
11.433638
11.544185
12.632647
12.5220995
12.411553
11.871573
12.084165
11.977869
10.676816
11.004206
10.893659
10.787363
11.004206
10.02629
9.592606
8.94208
9.486311
8.181006
8.94208
9.052627
10.464226
9.048374
8.8315325
9.048374
9.486311
8.508395
8.614691
8.397848
7.5304804
8.185258
8.946331
6.769407
7.6410265
6.986249
7.6410265
6.5525646
6.4462695
7.4284363
6.9905005
6.012585
7.317889
7.1010475
6.8799534
6.9905005
7.5347314
7.6410265
8.078962
7.4241843
8.185258
8.406352
7.207342
7.8621206
6.339974
6.3442264
7.1052995
6.1273837
5.4726057
6.3442264
4.2778482
5.0431733
3.844164
3.0830908
3.737869
3.5210268
3.954711
3.299933
3.0873425
3.0830908
2.6494067
3.0830908
3.954711
4.0610065
4.171553
5.4768577
5.038922
4.7115326
5.583153
4.4989424
3.6273217
4.826331
4.4989424
4.6094894
4.065258
4.6094894
3.631574
3.1978896
3.848416
3.5210268
3.414732
2.6494067
3.414732
3.1978896
2.8705006
2.2199743
2.7642052
2.5473633
1.0252168
1.5694479
2.224226
1.3526058
0.69782764
2.5473633
2.003132
2.4368165
2.4368165
1.4589009
2.7642052
3.414732
2.2199743
2.4368165
2.7642052
3.0915945
2.1094272
2.4368165
3.1978896
2.7599535
2.5473633
2.8747523
2.2199743
2.2199743
2.1136792
1.7862899
1.896837
2.003132
2.8705006
1.4546491
1.8925852
3.1978896
2.4368165
2.7642052
2.6536584
2.5473633
1.0252168
2.224226
2.5473633
1.6757431
3.0915945
2.9810476
1.9988803
2.8705006
2.6494067
3.631574
2.6536584
2.8705006
3.414732
3.3041847
2.6536584
3.3084364
1.4589009
1.5694479
1.4589009
1.8925852
2.7642052
1.565196
1.4589009
1.6799948
1.2420589
1.2420589
1.6799948
2.2199743
2.7642052
2.2199743
2.4368165
3.5252786
2.2157223
2.8705006
2.8705006
2.6536584
3.8526678
1.020965
1.6757431
2.330521
1.7862899
2.5473633
2.5473633
1.4589009
1.348354
2.003132
0.8083746
0.91466975
2.1136792
2.003132
0.8041228
2.4368165
2.7642052
2.8705006
3.5210268
3.3041847
2.6494067
3.954711
2.8662488
2.5388596
4.2821
4.171553
3.737869
3.1936376
3.414732
3.414732
2.3220174
3.414732
2.1094272
2.8705006
2.9767957
3.0873425
1.7820382
2.5431116
2.1051755
3.5252786
2.8705006
2.9810476
3.631574
2.3262694
2.5431116
4.2863517
2.5431116
2.5431116
3.4104798
3.631574
3.0873425
2.5431116
3.631574
3.0873425
2.8705006
2.2157223
2.5431116
3.631574
2.5431116
1.237807
2.4368165
3.1978896
2.8705006
2.9810476
2.8705006
2.1094272
2.9810476
1.7820382
3.9589627
3.631574
2.8705006
3.7421207
3.414732
2.2157223
3.1978896
2.6536584
1.565196
2.8747523
2.7642052
1.6757431
2.7642052
2.2199743
1.7820382
2.4368165
1.8925852
0.8041228
2.330521
2.8747523
1.7820382
2.9810476
2.4368165
2.5473633
2.003132
1.4589009
2.003132
1.6757431
1.7862899
1.7862899
2.65791
1.4589009
2.330521
0.8083746
2.0073838
1.0294685
0.26839525
1.4674045
0.7020795
0.05155315
1.7905419
-0.38638288
0.05155315
1.0294685
0.3746904
1.5736997
0.26839525
1.0294685
0.9189216
-0.058993805
0.3746904
0.59153247
-0.16954076
0.05155315
0.37894222
-1.1474562
0.26839525
0.5957843
-0.49267802
0.7020795
-0.38213107
0.26839525
0.3746904
-0.38638288
0.5957843
-0.058993805
0.48523736
0.37894222
0.9231734
0.1578483
-0.058993805
0.5957843
-0.058993805
0.9189216
0.59153247
1.1315118
1.896837
0.26414344
1.2463106
2.0073838
0.9189216
-0.06324561
1.0294685
0.7020795
0.59153247
2.0073838
0.3704386
1.1357636
1.7862899
0.3746904
0.26414344
0.7020795
0.3746904
0.3746904
1.2463106
1.0294685
-0.16954076
0.59153247
1.0252168
0.7020795
1.0294685
0.59153247
1.7905419
0.3746904
1.0252168
2.4410682
2.330521
1.2420589
2.1136792
1.7862899
1.5694479
2.003132
2.4368165
1.8925852
1.4589009
2.2199743
2.5431116
2.9810476
2.6536584
2.2199743
3.0915945
2.6536584
1.9988803
2.3262694
3.9589627
2.4325645
3.3041847
2.6494067
2.6494067
2.9767957
3.737869
3.844164
3.3041847
3.4104798
4.8220797
4.0610065
3.9504592
5.1494684
3.62307
4.167301
6.3442264
6.016837
5.3620586
5.578901
5.799995
3.9462075
5.799995
5.251512
4.3841434
6.561068
5.578901
6.012585
6.8842053
6.667363
6.4462695
6.7736583
7.5347314
7.7515736
7.9684157
7.313638
7.313638
7.4241843
7.6410265
8.4021
7.9641643
8.181006
8.508395
8.181006
7.747322
7.9641643
8.835785
7.9641643
7.419933
9.596858
8.835785
8.614691
8.614691
8.618942
9.269468
9.698901
8.937827
10.136837
9.482059
9.265217
9.375764
9.592606
10.787363
10.783112
11.1105
11.437889
12.088415
10.566269
11.327342
10.787363
10.676816
11.765279
11.765279
10.893659
10.349427
10.459974
10.676816
11.331594
11.221047
10.566269
11.1105
11.765279
11.1105
11.221047
11.004206
11.331594
10.893659
10.23888
11.221047
10.89791
10.459974
10.136837
10.030542
10.030542
9.703153
9.158921
9.380016
8.618942
8.295805
7.7515736
8.729489
7.7515736
7.313638
7.207342
7.7515736
8.623194
7.317889
7.8621206
7.317889
7.2115946
7.317889
7.7515736
7.8621206
7.7515736
8.295805
7.8621206
8.078962
7.317889
7.1010475
6.556816
6.8842053
6.667363
6.339974
6.556816
6.450521
6.012585
6.450521
5.90629
5.140965
6.77791
5.468354
5.1452165
4.6009855
5.583153
4.4946904
3.848416
4.2821
4.2821
4.4989424
4.171553
5.583153
4.0610065
4.4989424
4.4989424
2.6494067
2.7599535
3.631574
3.3041847
3.4104798
4.6094894
4.6094894
3.5210268
4.715784
4.8220797
4.715784
4.826331
3.954711
3.848416
3.737869
4.065258
3.848416
3.414732
3.5210268
3.848416
2.1094272
3.1978896
3.1978896
2.330521
1.4589009
2.1136792
2.0073838
0.26414344
1.2463106
2.1136792
1.5694479
2.224226
2.5473633
2.003132
1.896837
2.7642052
2.9852993
1.896837
1.1357636
1.6799948
1.5694479
2.5473633
1.7862899
2.5473633
2.5473633
1.5694479
1.5694479
1.6799948
1.7905419
0.48523736
1.2505624
0.9231734
0.1621001
0.1621001
0.8126264
0.5957843
0.4894892
0.8126264
1.0294685
0.70633125
-0.9263622
-0.70952016
0.1621001
0.055804953
-0.054742
-0.16528895
-0.054742
0.60003614
0.055804953
0.4894892
-0.054742
-0.4884262
-1.0284055
-1.7894788
-1.5726367
-1.0284055
-1.7894788
-1.2452477
-0.5947214
-0.8115635
-0.9221104
-0.59897316
0.055804953
-0.37787926
-0.59897316
0.05155315
0.38319403
0.37894222
0.4894892
0.9231734
0.5957843
0.7020795
1.2463106
2.7684572
1.0294685
1.6799948
2.0073838
2.330521
2.4368165
2.8705006
3.848416
2.9810476
3.414732
3.7421207
3.631574
4.2863517
4.1758046
3.7421207
3.0873425
2.9810476
3.1978896
2.7642052
2.6536584
3.5252786
3.8526678
2.4368165
2.2199743
3.3084364
3.3084364
3.5252786
3.1978896
2.2199743
3.0915945
3.6358256
2.5473633
3.631574
3.1936376
3.631574
4.1758046
3.0873425
2.3262694
2.9810476
3.7421207
3.5210268
2.5473633
2.6536584
1.8925852
2.8747523
3.3084364
2.5473633
3.0915945
2.7642052
2.2199743
1.4589009
3.1978896
3.631574
2.5431116
3.0873425
3.414732
3.414732
2.7599535
3.848416
5.1537204
4.2778482
4.826331
4.3883953
4.8220797
5.3663106
4.9326262
5.3663106
5.6937
3.299933
3.737869
3.848416
2.6494067
3.9589627
3.737869
4.065258
4.1758046
3.3041847
4.3926473
3.9589627
3.1936376
3.848416
4.171553
3.844164
5.2600155
4.715784
4.9326262
4.8220797
4.7115326
5.6937
5.583153
6.016837
5.038922
5.689448
5.799995
4.7115326
5.038922
4.3883953
4.8220797
6.0210886
5.2600155
5.4768577
3.844164
4.171553
4.605237
4.0610065
3.0830908
5.1494684
4.605237
4.4989424
4.3883953
5.3663106
4.2778482
5.3620586
5.4726057
5.1452165
6.561068
6.016837
6.1273837
4.924123
6.339974
6.556816
6.556816
7.5347314
6.4462695
7.207342
6.4462695
7.7515736
6.9905005
6.4462695
7.4241843
7.7515736
6.5525646
7.5347314
6.2294273
6.663111
7.1010475
6.012585
5.3620586
5.90629
5.2557635
4.7115326
4.4946904
5.689448
5.4726057
4.7115326
5.578901
6.123132
6.556816
6.2294273
6.556816
6.7736583
6.8842053
6.9905005
6.663111
7.2115946
7.1010475
6.9905005
6.7736583
6.339974
6.667363
7.4241843
6.663111
7.4241843
7.313638
6.4462695
6.8799534
6.008333
7.317889
7.7515736
7.096796
8.840036
8.185258
7.747322
8.074712
7.857869
7.9641643
8.070459
8.504144
8.070459
8.393597
7.092544
8.614691
8.393597
8.176754
9.158921
7.9599123
8.070459
8.397848
7.419933
7.526228
7.636775
8.070459
7.419933
7.747322
7.857869
8.287301
7.419933
8.2915535
8.181006
8.070459
8.504144
8.8315325
10.243132
10.136837
9.15467
9.048374
9.588354
9.265217
9.698901
9.482059
9.048374
8.82728
9.809448
7.526228
7.636775
7.9641643
8.618942
8.070459
8.8315325
9.052627
8.8315325
8.504144
9.482059
9.698901
9.698901
9.915743
9.698901
8.499891
10.243132
9.477807
9.36726
10.132585
10.893659
10.0220375
10.676816
10.132585
9.800944
9.588354
9.150418
10.0220375
10.349427
9.69465
9.69465
11.1105
10.23888
9.36726
10.132585
9.800944
10.23888
11.1105
9.260964
9.805196
11.1105
9.477807
9.911491
11.327342
11.1105
9.690397
10.0220375
10.566269
8.929324
9.915743
11.437889
10.455723
10.132585
10.566269
9.69465
10.0220375
10.23888
10.345176
10.23888
10.566269
9.69465
10.566269
10.566269
10.349427
9.800944
10.783112
10.566269
10.345176
10.455723
10.783112
10.017787
10.562017
9.690397
11.106249
11.1105
9.800944
10.999953
11.106249
9.36726
10.999953
10.889407
10.999953
11.1105
11.216796
9.690397
10.783112
10.566269
9.911491
10.893659
10.128334
10.562017
11.977869
11.867322
10.995702
11.867322
12.084165
12.513597
13.164123
13.274671
14.035743
13.814649
14.248333
14.469427
14.575723
14.903111
13.48726
12.296754
12.301006
10.45147
9.911491
9.371511
8.070459
6.5483127
7.747322
7.857869
6.986249
7.9641643
8.397848
9.158921
9.150418
11.106249
13.495763
14.252585
14.465176
15.664186
15.553638
14.57147
14.137786
14.68627
14.469427
14.252585
13.385218
11.425134
10.885155
10.455723
10.0220375
9.36726
9.482059
8.397848
6.6588597
5.030418
6.2294273
6.3357224
7.313638
7.203091
7.1988387
7.9599123
8.606187
10.0220375
11.1105
10.889407
11.867322
10.017787
11.433638
12.301006
10.995702
9.911491
11.1105
10.23888
9.36726
8.716734
9.048374
9.703153
7.636775
6.875702
7.313638
6.875702
7.636775
8.185258
7.526228
7.415681
8.8315325
8.393597
8.28305
7.738818
8.614691
7.632523
7.849365
8.393597
9.048374
8.070459
7.092544
6.114629
6.875702
7.5304804
7.096796
5.8977866
7.4241843
6.8799534
5.5703974
6.986249
7.203091
8.725238
6.87145
6.765155
7.853617
7.092544
7.203091
6.008333
6.8799534
6.5525646
5.6809444
6.3357224
7.207342
5.468354
3.2914293
4.8178277
5.0346694
3.9462075
4.928375
4.3841434
2.3177657
2.7557018
3.7336173
3.62307
4.056754
4.6009855
5.689448
3.4019763
3.7293656
5.251512
5.251512
4.8178277
4.2735963
5.038922
4.4946904
2.1009235
2.6494067
2.9767957
2.2114706
2.3220174
1.8883334
2.4325645
1.1230083
2.2157223
2.6494067
2.1051755
3.0873425
2.7599535
1.9946285
3.631574
4.503194
2.7599535
3.1936376
2.9767957
3.0873425
2.3262694
1.7777863
2.8705006
1.6672394
1.12726
1.9988803
1.3441021
-0.39913827
0.47248197
1.7777863
1.9946285
3.848416
2.9767957
2.6494067
1.9988803
1.8883334
1.8925852
1.237807
1.8925852
0.8041228
2.65791
2.4368165
1.5609442
2.4325645
2.7599535
3.0830908
3.5210268
3.631574
3.844164
3.3041847
2.2157223
3.414732
2.6536584
0.3661868
1.8925852
2.3262694
2.2157223
2.7599535
2.6494067
1.12726
2.2157223
2.5388596
2.9767957
4.2863517
2.5431116
2.1051755
2.6494067
3.3041847
2.3220174
3.0873425
3.0873425
2.9767957
3.848416
4.8220797
5.4726057
4.7115326
4.928375
5.795743
5.140965
5.0346694
5.799995
4.167301
4.056754
5.1494684
3.62307
3.9504592
3.5210268
3.3041847
1.7777863
2.9767957
3.5210268
2.6494067
3.0915945
3.7421207
3.3041847
3.1936376
3.9504592
5.038922
5.3663106
5.90629
5.583153
4.8178277
4.928375
5.3620586
5.3620586
6.450521
7.4284363
6.012585
5.468354
5.3620586
4.6009855
3.9504592
4.167301
4.167301
4.826331
2.8662488
3.0873425
3.414732
2.4325645
3.737869
4.4989424
5.038922
4.4946904
5.3663106
4.928375
4.6009855
4.4946904
4.056754
5.038922
4.928375
5.0346694
6.123132
6.9947524
6.556816
5.90629
6.667363
5.140965
5.689448
5.6851964
6.556816
5.90629
6.339974
6.339974
6.7736583
5.578901
6.667363
6.7736583
6.012585
7.4284363
6.667363
6.339974
6.2336793
6.8842053
6.556816
6.667363
6.7736583
6.7736583
6.012585
6.339974
7.2115946
7.6452785
5.791491
6.667363
6.016837
5.4726057
4.6009855
5.4726057
6.016837
6.77791
5.689448
4.8220797
3.7336173
4.9326262
4.3883953
5.038922
5.4768577
5.9105415
4.3841434
5.038922
6.1273837
5.038922
6.2336793
5.0346694
5.1452165
5.90629
6.2336793
5.90629
5.251512
5.3663106
6.016837
5.3620586
6.123132
7.317889
6.2294273
7.317889
6.339974
6.556816
7.207342
6.8842053
7.1010475
7.207342
7.313638
7.857869
7.5347314
7.7515736
7.6410265
7.9684157
7.857869
7.857869
7.4241843
6.8799534
7.4284363
6.556816
5.795743
5.795743
6.450521
6.9947524
6.667363
6.9947524
6.450521
6.7736583
7.4241843
7.4241843
8.185258
8.835785
8.618942
8.618942
8.835785
8.2915535
8.618942
8.074712
8.4021
9.163173
7.9684157
7.7515736
7.5347314
6.2294273
6.77791
6.8842053
6.8842053
7.7558255
7.4241843
8.078962
7.8621206
7.207342
7.5347314
7.5347314
7.8621206
7.7515736
7.317889
7.317889
7.7515736
8.185258
9.056878
9.596858
9.052627
9.158921
9.052627
8.2915535
9.163173
8.4021
8.618942
8.4021
7.9684157
8.185258
8.946331
8.835785
8.4021
8.835785
8.618942
8.618942
7.6410265
8.512647
8.618942
8.946331
8.508395
8.2915535
8.181006
9.052627
10.030542
9.919995
9.380016
8.504144
9.052627
8.835785
9.486311
9.269468
9.269468
8.94208
9.269468
8.94208
10.247384
10.459974
10.349427
10.893659
11.437889
12.198963
11.327342
12.088415
12.305258
11.65048
12.5220995
13.1726265
13.716857
12.628395
13.9337
13.60631
13.278922
13.9337
14.367384
13.818902
13.278922
13.278922
12.407301
12.301006
12.849489
12.738942
12.845238
13.500016
12.845238
12.624144
13.278922
12.840985
13.9337
14.039994
13.062079
13.716857
13.283173
12.084165
12.5220995
13.283173
12.628395
13.60631
14.367384
14.477931
14.14629
13.385218
14.367384
14.150541
13.062079
12.955785
12.738942
13.283173
12.849489
12.628395
13.1726265
13.283173
13.1726265
12.628395
11.761026
13.176878
12.738942
11.216796
11.654732
11.433638
12.301006
13.389469
13.712605
12.951532
14.150541
13.274671
13.602058
14.256837
13.712605
13.491511
13.60631
13.929449
13.057828
13.60631
13.60631
13.495763
14.252585
13.602058
14.256837
13.602058
13.385218
14.150541
13.712605
14.256837
13.929449
14.363132
13.602058
15.01791
14.579974
14.035743
14.796817
15.451593
14.035743
13.929449
14.473679
13.929449
14.363132
14.690521
13.708355
14.14629
14.796817
13.814649
14.796817
13.818902
14.035743
13.274671
12.951532
13.168375
13.602058
13.495763
13.389469
13.278922
12.407301
13.385218
14.252585
13.164123
13.495763
13.708355
13.057828
13.495763
13.818902
13.164123
14.473679
13.270417
14.142038
13.597807
14.252585
15.124206
15.124206
13.708355
12.947281
13.168375
13.385218
11.756775
12.738942
12.517848
11.539933
11.973618
11.429386
11.756775
11.323091
10.885155
10.668313
11.323091
10.995702
10.562017
10.345176
11.867322
11.433638
12.084165
11.973618
11.973618
11.756775
12.624144
11.2125435
12.301006
11.539933
10.6725645
10.999953
10.349427
10.345176
9.690397
11.654732
10.345176
10.562017
11.544185
10.889407
10.345176
10.349427
11.871573
10.0220375
11.437889
10.23888
10.345176
10.455723
11.867322
12.190459
12.190459
12.624144
11.969365
12.628395
10.77886
10.340923
10.889407
10.128334
10.455723
10.23888
10.6725645
9.800944
10.455723
10.889407
10.23888
10.345176
11.216796
10.455723
11.761026
11.323091
11.106249
11.2125435
12.084165
12.403049
12.624144
12.840985
13.057828
12.186207
12.301006
12.301006
11.429386
11.323091
12.194712
11.429386
12.628395
12.190459
12.079912
11.429386
12.190459
11.2125435
11.106249
11.539933
10.562017
11.2125435
11.756775
11.323091
12.301006
12.186207
12.624144
13.385218
12.624144
12.407301
11.8630705
11.973618
11.2125435
10.77886
10.995702
11.65048
11.535681
11.318839
12.079912
12.513597
13.062079
11.969365
11.318839
12.190459
11.756775
12.190459
12.296754
12.517848
13.712605
13.491511
14.14629
13.597807
14.469427
13.164123
12.836734
13.380964
13.712605
13.274671
13.708355
14.035743
13.602058
12.619891
12.619891
13.278922
11.752523
11.2125435
11.323091
11.318839
10.557766
10.995702
12.407301
11.429386
11.756775
13.168375
12.296754
13.385218
14.690521
14.035743
14.035743
12.947281
12.730438
13.712605
13.274671
12.619891
12.296754
13.062079
12.619891
12.296754
11.973618
12.628395
11.973618
11.106249
10.128334
11.106249
10.889407
10.6725645
10.995702
10.45147
10.999953
11.323091
10.562017
11.433638
10.6725645
10.017787
9.796692
11.106249
10.345176
10.345176
10.77886
10.455723
9.584103
9.800944
10.124082
10.128334
11.327342
10.23888
10.566269
9.911491
10.349427
10.349427
9.150418
10.0220375
9.911491
9.911491
10.349427
10.455723
9.69465
10.0220375
9.588354
9.915743
9.588354
9.477807
10.787363
9.805196
8.937827
9.698901
9.482059
7.849365
9.048374
8.504144
7.738818
8.28305
9.375764
8.94208
7.849365
8.94208
8.504144
8.287301
7.9599123
7.849365
8.066207
9.375764
9.15467
9.265217
8.504144
8.287301
8.287301
7.853617
7.203091
7.6410265
7.747322
7.313638
7.6410265
7.419933
7.747322
6.986249
7.309386
8.725238
8.8315325
8.397848
8.94208
8.287301
9.158921
8.397848
8.618942
7.309386
7.419933
7.313638
8.074712
7.313638
7.096796
7.5347314
6.8799534
4.8135757
5.0346694
5.1452165
6.450521
6.012585
5.578901
7.1010475
6.663111
6.339974
6.3357224
6.3357224
6.4462695
7.317889
5.902038
5.902038
5.251512
5.0346694
5.578901
5.689448
5.4726057
4.928375
5.799995
4.8220797
3.406228
4.2778482
4.8220797
4.7115326
4.605237
5.799995
5.583153
4.6009855
4.928375
5.3620586
5.1452165
5.4726057
5.4726057
5.0346694
5.1452165
5.1494684
4.4946904
3.9504592
5.4726057
5.578901
6.2336793
5.578901
5.251512
4.6009855
5.4726057
4.167301
4.3883953
4.167301
5.038922
5.2557635
3.7293656
4.9326262
4.2778482
4.928375
4.4946904
4.4946904
5.3620586
5.689448
4.928375
5.2557635
4.928375
5.9105415
6.016837
4.2735963
5.4726057
4.928375
5.689448
5.689448
5.3663106
5.4768577
4.2778482
4.4946904
4.3883953
6.2336793
5.90629
6.450521
6.2336793
6.339974
5.468354
6.8842053
7.4241843
6.4462695
6.7736583
6.556816
6.1188803
7.8621206
7.6410265
6.663111
7.7515736
7.6410265
7.4241843
7.857869
7.096796
6.9905005
6.8799534
7.9684157
7.096796
7.6410265
7.096796
7.6410265
7.9684157
7.857869
7.5304804
8.618942
8.074712
8.4021
7.6410265
7.207342
7.5347314
7.6410265
7.4241843
8.078962
6.9905005
7.9684157
7.6410265
7.6410265
8.4021
8.725238
7.853617
9.052627
9.919995
9.809448
9.592606
10.89791
10.464226
8.614691
9.703153
9.703153
8.8315325
9.380016
6.986249
8.840036
7.313638
7.096796
8.840036
7.7515736
8.2915535
8.508395
8.618942
7.419933
8.508395
9.8137
8.614691
8.614691
10.136837
9.919995
11.114753
10.89791
11.1105
11.331594
10.893659
11.1105
11.221047
10.787363
11.004206
10.353679
10.464226
9.592606
10.353679
10.247384
10.136837
9.809448
9.919995
9.703153
9.809448
8.94208
10.357931
9.919995
8.725238
10.570521
10.570521
10.02629
10.681068
11.331594
10.02629
11.114753
11.004206
9.915743
10.02629
10.570521
9.809448
9.158921
9.592606
10.570521
10.030542
9.486311
9.919995
10.7916155
10.030542
9.703153
10.357931
10.247384
10.353679
9.809448
10.570521
10.349427
11.1105
10.783112
11.004206
11.004206
11.437889
11.327342
11.548436
11.004206
10.132585
10.132585
11.221047
11.331594
10.349427
11.221047
10.893659
10.459974
10.570521
10.02629
10.676816
10.459974
10.353679
10.570521
11.548436
10.676816
11.654732
10.676816
11.875826
10.676816
10.459974
11.658983
10.243132
10.89791
10.464226
10.681068
10.787363
10.247384
10.464226
10.02629
9.809448
10.243132
10.464226
10.89791
10.243132
9.703153
10.353679
10.676816
9.915743
10.570521
10.459974
10.681068
10.570521
10.02629
11.004206
10.676816
9.915743
10.136837
9.269468
10.464226
10.464226
10.464226
10.247384
9.592606
10.353679
9.809448
9.375764
10.136837
11.008457
9.592606
10.136837
10.353679
11.114753
11.442142
10.787363
10.02629
9.809448
10.353679
10.89791
10.570521
10.243132
11.548436
11.114753
10.570521
10.464226
11.2253
10.89791
9.375764
10.247384
9.703153
10.136837
10.02629
10.681068
11.221047
11.437889
11.654732
12.849489
13.500016
12.738942
13.716857
14.150541
12.951532
12.845238
13.283173
11.9821205
11.004206
9.592606
8.729489
7.7515736
6.123132
6.454773
5.4768577
4.3926473
4.3883953
5.0431733
6.1273837
7.1010475
7.4241843
9.486311
10.459974
12.415805
12.738942
14.367384
14.690521
14.579974
14.796817
14.907364
15.124206
14.363132
13.168375
13.9337
11.977869
10.676816
10.353679
9.048374
8.4021
6.8799534
6.9905005
5.689448
5.1494684
4.7115326
6.450521
6.450521
7.2115946
6.4462695
7.7515736
8.2915535
10.247384
10.132585
9.698901
10.349427
10.349427
11.004206
11.765279
11.871573
12.198963
12.198963
10.893659
10.570521
11.114753
9.482059
9.052627
9.269468
8.512647
7.207342
6.9905005
6.667363
6.339974
7.317889
6.8842053
6.556816
6.556816
7.1010475
6.9905005
8.078962
6.1188803
7.6452785
6.9905005
6.008333
8.185258
7.7515736
7.857869
7.6410265
7.7515736
8.295805
7.317889
6.9905005
6.8842053
7.6410265
7.7515736
8.078962
7.9684157
7.9684157
8.729489
8.946331
9.163173
7.9684157
7.6410265
6.7736583
7.2115946
6.556816
6.123132
6.339974
7.5347314
6.339974
5.578901
6.561068
6.123132
6.123132
6.556816
6.339974
6.123132
6.2294273
7.1010475
7.1010475
7.6410265
7.7515736
7.857869
7.857869
7.4241843
7.7515736
7.6410265
6.9905005
6.556816
5.689448
6.2336793
6.667363
6.8842053
6.663111
7.5347314
7.7515736
8.512647
8.074712
8.512647
9.056878
8.729489
8.512647
8.946331
8.946331
8.078962
7.9684157
7.9684157
7.6410265
7.6410265
8.185258
6.875702
6.769407
7.6410265
8.729489
9.158921
8.176754
10.243132
11.221047
9.915743
10.459974
10.349427
11.221047
10.566269
10.459974
11.548436
11.221047
9.592606
11.114753
10.89791
9.703153
10.464226
10.464226
9.482059
10.247384
10.136837
10.243132
10.570521
9.592606
10.681068
10.459974
10.783112
11.004206
11.331594
10.459974
10.570521
11.548436
11.331594
11.1105
11.544185
11.871573
11.221047
11.1105
12.5220995
13.062079
13.823153
13.60631
12.5220995
10.889407
10.999953
11.327342
12.088415
11.761026
10.999953
10.893659
10.893659
10.783112
12.088415
12.194712
11.433638
11.977869
11.654732
10.889407
11.761026
12.738942
13.500016
12.194712
12.628395
13.500016
12.628395
13.062079
13.389469
13.389469
12.5220995
12.088415
12.411553
12.194712
13.283173
12.738942
13.60631
12.190459
13.1726265
13.389469
12.845238
13.389469
11.761026
10.995702
11.761026
11.544185
11.544185
11.544185
11.871573
12.088415
11.216796
12.088415
11.977869
11.654732
11.761026
12.088415
12.194712
13.716857
13.062079
13.9337
13.712605
13.712605
13.495763
14.907364
14.035743
14.14629
14.363132
14.584226
13.818902
13.9337
13.60631
12.738942
12.628395
12.5220995
13.389469
12.840985
13.60631
13.062079
12.951532
13.60631
13.60631
12.845238
12.845238
13.827404
12.5220995
12.5220995
12.084165
11.544185
11.327342
10.999953
11.1105
11.437889
10.676816
11.1105
11.9821205
11.221047
11.437889
12.415805
12.960036
12.632647
11.654732
12.088415
12.632647
11.654732
12.632647
11.437889
11.004206
11.221047
11.004206
11.221047
10.570521
11.331594
10.243132
10.676816
10.243132
10.89791
11.331594
11.004206
11.1105
11.548436
11.221047
11.327342
11.871573
11.106249
11.004206
10.566269
11.765279
11.437889
11.327342
10.893659
10.787363
11.004206
10.132585
10.02629
10.02629
10.243132
9.919995
9.919995
9.486311
9.703153
11.2253
10.136837
9.919995
10.464226
10.787363
9.375764
10.89791
10.243132
10.353679
10.353679
11.114753
10.464226
9.919995
10.030542
9.592606
9.269468
8.181006
8.185258
7.313638
7.9684157
8.185258
8.074712
8.295805
8.295805
7.313638
7.317889
7.6410265
8.729489
7.5304804
7.313638
8.4021
7.6410265
7.7515736
7.9684157
7.9684157
7.4241843
8.185258
7.313638
8.074712
7.313638
7.9684157
7.857869
7.9684157
6.769407
7.5347314
7.207342
7.5347314
7.6452785
7.9726677
6.8799534
7.7515736
7.8621206
7.9684157
6.663111
6.9905005
6.9905005
6.667363
4.6009855
5.4726057
5.2557635
5.3663106
4.2821
4.9326262
4.171553
4.715784
3.9504592
5.583153
6.3442264
5.4726057
5.4726057
5.689448
6.3442264
6.016837
6.016837
6.561068
6.2336793
6.8842053
7.1010475
5.583153
5.689448
5.4726057
5.1494684
4.605237
4.605237
4.4946904
3.844164
4.3883953
4.715784
4.0610065
3.954711
2.9767957
4.6094894
4.826331
5.0431733
4.826331
3.844164
4.0610065
4.715784
5.1494684
4.8178277
4.0610065
4.3883953
4.065258
3.3041847
3.631574
4.3926473
3.9589627
3.3041847
3.414732
2.9767957
2.7599535
3.1978896
3.414732
2.8662488
3.631574
2.8705006
3.414732
2.003132
2.7642052
2.8747523
3.0915945
2.003132
2.5473633
2.7642052
1.6757431
2.6536584
2.9810476
3.3084364
2.003132
2.1094272
3.4189837
2.1136792
1.896837
2.65791
2.330521
1.896837
1.0252168
2.5473633
2.5473633
3.0915945
1.348354
1.7862899
2.330521
2.4368165
2.330521
1.1315118
1.7862899
2.003132
1.3526058
2.0073838
1.5736997
1.3526058
1.6799948
1.1357636
2.1136792
2.1136792
1.1357636
0.7020795
1.7905419
1.3526058
1.1357636
1.4589009
2.3262694
3.414732
3.631574
3.631574
2.9810476
3.848416
3.414732
3.3041847
2.9810476
3.4189837
2.2199743
0.59153247
1.3526058
1.3568575
0.1578483
0.48523736
1.1400155
0.37894222
0.70633125
-0.16528895
1.0294685
1.5694479
2.5473633
4.06951
3.7421207
3.848416
4.065258
3.1978896
3.1978896
3.7421207
2.5431116
1.6757431
2.003132
2.65791
0.15359649
0.7020795
1.2463106
1.3526058
1.0294685
1.1357636
1.896837
0.7020795
0.9189216
1.4631528
1.7905419
0.7020795
1.1357636
2.65791
3.1978896
3.414732
3.1978896
3.1978896
2.9810476
2.7599535
3.0873425
3.1978896
3.5252786
1.8925852
2.7642052
2.7642052
0.8083746
1.4631528
2.1136792
1.5694479
0.91466975
2.7642052
1.4589009
1.0252168
1.896837
2.330521
2.2199743
1.7862899
1.7820382
3.0873425
2.9810476
3.3041847
3.954711
3.5210268
4.6094894
3.4104798
2.6494067
3.737869
3.5210268
3.954711
3.299933
5.5874047
4.0610065
3.406228
4.715784
4.171553
4.0610065
4.065258
4.4989424
4.171553
3.844164
4.605237
5.799995
5.2557635
4.3841434
6.1273837
5.578901
4.8178277
6.339974
5.3620586
5.1452165
5.583153
5.1494684
3.189386
4.171553
3.954711
4.3883953
5.1494684
3.7336173
4.8220797
5.038922
5.1494684
4.4946904
4.4946904
4.171553
4.8220797
5.1494684
5.1494684
4.8220797
4.4989424
5.6937
4.0610065
4.0610065
5.1494684
4.715784
4.605237
4.0610065
4.7115326
5.038922
4.8178277
5.90629
6.2336793
4.3841434
6.1273837
5.2557635
5.1452165
5.2557635
4.8178277
5.578901
5.0346694
4.6009855
5.689448
5.795743
5.3620586
5.90629
5.578901
6.123132
6.012585
5.578901
6.4462695
6.7736583
6.8842053
7.1010475
7.4241843
6.4420176
7.096796
7.313638
6.5483127
7.4241843
7.6410265
7.203091
8.4021
8.074712
8.4021
7.6410265
7.6410265
8.185258
7.9684157
7.857869
8.185258
7.313638
7.096796
8.4021
7.313638
7.207342
7.7515736
7.096796
7.313638
7.9684157
7.4241843
6.769407
7.857869
8.4021
7.5304804
8.840036
7.747322
7.6410265
7.9684157
7.419933
7.313638
8.512647
8.074712
7.313638
7.9684157
7.9684157
7.313638
7.6410265
7.9684157
8.512647
7.6410265
7.313638
7.6410265
7.6410265
7.6410265
6.875702
7.4241843
8.512647
8.185258
7.313638
7.857869
8.4021
8.618942
7.309386
8.2915535
7.857869
6.986249
7.857869
8.185258
7.857869
6.8799534
8.185258
8.295805
6.8799534
6.8799534
7.6410265
7.096796
7.096796
7.5347314
6.663111
7.207342
7.317889
6.123132
7.317889
7.8621206
7.5347314
7.9684157
7.317889
7.4241843
9.056878
8.4021
7.313638
7.7515736
7.6410265
8.074712
8.185258
8.94208
8.397848
8.508395
7.9641643
9.052627
9.707404
7.747322
8.946331
7.6410265
7.9684157
7.9684157
7.6410265
7.6410265
7.9684157
7.7515736
7.317889
8.512647
8.295805
7.9684157
7.9684157
8.185258
7.857869
8.074712
8.4021
9.380016
8.618942
9.269468
8.508395
9.269468
10.030542
9.269468
10.030542
9.163173
8.181006
8.725238
8.835785
7.9684157
8.185258
7.096796
7.207342
7.4241843
7.8621206
7.4284363
6.339974
6.77791
6.9947524
5.799995
6.667363
6.667363
6.667363
7.1010475
6.2294273
6.556816
5.578901
6.8842053
6.339974
6.9905005
7.7515736
6.9905005
6.2294273
7.207342
7.207342
7.096796
7.5347314
7.7515736
7.9684157
7.9684157
7.4241843
7.7515736
7.5347314
6.8842053
6.4462695
7.5347314
6.7736583
7.5347314
8.078962
8.185258
7.6410265
8.946331
8.4021
8.729489
7.9641643
8.4021
8.835785
9.052627
8.835785
8.4021
8.94208
8.397848
8.4021
8.946331
7.857869
7.857869
8.512647
8.185258
6.9905005
7.5347314
7.1010475
7.1010475
7.1010475
6.339974
7.4284363
7.1010475
6.2294273
8.185258
7.7515736
7.7515736
7.7515736
7.6410265
8.946331
8.4021
8.835785
9.052627
8.946331
8.946331
8.2915535
8.512647
8.295805
7.7515736
7.9684157
7.5347314
7.4241843
6.769407
8.512647
7.4241843
6.8799534
8.295805
8.185258
7.7515736
8.185258
7.096796
7.7515736
8.295805
8.512647
8.181006
7.857869
7.9641643
8.835785
8.508395
8.508395
8.2915535
9.163173
7.6410265
7.9684157
8.295805
8.078962
7.7515736
6.663111
8.078962
7.5347314
7.207342
7.6410265
8.4021
8.835785
8.946331
8.946331
8.2915535
9.052627
9.8137
9.052627
9.380016
8.835785
8.835785
8.729489
8.185258
7.5304804
8.295805
7.5304804
8.512647
7.4241843
8.840036
8.946331
8.074712
8.508395
9.269468
9.380016
9.269468
9.375764
9.158921
10.464226
9.482059
10.787363
11.442142
10.132585
9.588354
10.570521
10.89791
11.437889
10.787363
10.570521
10.459974
10.570521
10.893659
11.331594
9.371511
10.893659
11.221047
10.349427
11.221047
11.004206
11.004206
11.9821205
10.566269
11.114753
11.004206
10.893659
10.676816
10.459974
11.004206
11.221047
9.915743
9.15467
9.592606
9.809448
9.809448
9.592606
10.464226
10.89791
9.265217
10.787363
10.243132
11.004206
11.004206
10.02629
10.89791
10.459974
11.1105
11.331594
11.437889
11.004206
11.221047
10.132585
10.999953
11.004206
10.787363
11.004206
9.915743
10.459974
11.114753
9.588354
10.243132
10.459974
11.004206
11.004206
10.570521
10.459974
10.243132
9.482059
10.464226
9.915743
9.698901
9.809448
10.89791
9.371511
9.592606
10.681068
9.698901
9.375764
8.725238
9.380016
8.508395
8.4021
9.056878
8.946331
7.857869
7.9684157
8.185258
9.380016
10.464226
9.375764
9.158921
9.8137
9.8137
9.375764
9.048374
8.835785
8.508395
8.185258
8.618942
7.6410265
8.074712
7.6410265
7.7515736
8.185258
8.074712
7.5304804
8.618942
8.512647
8.835785
8.618942
7.857869
7.9684157
7.9684157
6.986249
7.857869
7.5304804
7.096796
7.6410265
7.5304804
7.857869
7.4241843
7.7515736
7.857869
8.623194
7.4241843
7.6410265
8.946331
8.295805
7.6410265
8.185258
6.8799534
7.5347314
8.078962
6.9905005
7.317889
7.5347314
7.317889
7.5347314
6.7736583
7.7515736
8.295805
8.185258
7.857869
8.074712
8.618942
8.614691
9.596858
9.919995
10.353679
8.82728
11.004206
10.676816
10.893659
10.136837
9.592606
9.048374
7.419933
6.4462695
5.4726057
4.065258
3.3041847
2.7642052
2.003132
1.2420589
2.9810476
3.1978896
4.2821
6.1273837
7.317889
7.857869
9.158921
10.787363
11.1105
11.437889
11.765279
10.893659
10.23888
11.004206
11.221047
9.15467
9.486311
8.4021
8.078962
5.90629
4.0610065
4.065258
3.3041847
2.4325645
2.9810476
2.1094272
1.8925852
2.5431116
3.4104798
4.2821
4.3883953
5.3620586
6.4462695
7.857869
7.853617
9.052627
9.265217
9.044123
9.15467
9.371511
10.676816
9.15467
8.94208
8.4021
7.207342
6.7736583
6.339974
5.0346694
4.8220797
4.8220797
3.9504592
4.928375
6.123132
5.791491
7.6410265
7.857869
7.747322
6.986249
7.203091
7.747322
7.309386
7.747322
7.5304804
7.857869
7.096796
7.096796
7.317889
6.556816
5.574649
6.012585
6.016837
5.689448
4.8178277
5.2557635
6.339974
6.4462695
6.5525646
8.078962
7.4241843
7.4241843
7.6410265
7.4241843
6.8799534
7.207342
5.357807
6.016837
6.012585
6.339974
6.450521
6.2336793
6.561068
5.3620586
4.924123
6.123132
4.6009855
4.7115326
4.4946904
4.8178277
4.8178277
5.583153
4.6009855
4.056754
5.799995
4.8220797
4.3841434
3.7336173
3.5167751
3.4104798
3.5210268
3.299933
3.4104798
3.737869
3.5210268
3.5210268
2.7599535
2.6494067
3.5252786
3.5210268
3.3041847
2.7642052
3.7421207
2.9810476
2.330521
2.330521
1.4589009
2.65791
2.1136792
1.8925852
2.1094272
1.4546491
1.12726
1.9988803
2.1051755
3.3041847
3.4104798
3.1936376
3.848416
3.1978896
2.2157223
3.1978896
1.565196
0.3704386
0.04730134
0.1578483
0.8083746
1.5694479
1.6757431
3.414732
3.1978896
3.414732
3.6358256
1.8925852
1.7862899
2.2199743
2.330521
1.2420589
0.59153247
0.9189216
-0.28008774
1.2463106
1.0294685
-0.38638288
0.05155315
0.05155315
0.37894222
1.2463106
0.1578483
0.8083746
1.0294685
1.3568575
1.4631528
2.1136792
2.5473633
2.5473633
2.003132
1.6799948
0.26414344
1.5694479
0.1578483
0.8126264
-0.49267802
0.48523736
1.3526058
0.69782764
2.5473633
1.5694479
1.2420589
1.0252168
0.26839525
-0.49692985
1.0294685
0.05155315
0.8126264
-0.603225
0.9189216
0.3746904
0.7020795
1.4631528
-0.16954076
0.9189216
2.0073838
0.69782764
1.4589009
2.003132
2.003132
1.348354
2.3262694
3.631574
2.9767957
3.1978896
2.6536584
1.8925852
2.2199743
2.003132
1.0252168
1.1357636
-0.16528895
-0.2758359
0.05155315
-0.2758359
-0.058993805
0.26414344
0.3746904
0.3746904
0.9189216
0.69782764
1.0252168
1.2420589
1.2420589
2.2199743
2.5473633
1.565196
3.414732
2.6536584
2.9810476
2.6494067
4.065258
3.9589627
3.631574
3.0873425
3.631574
2.5431116
2.5431116
2.4368165
2.6536584
1.565196
3.1978896
2.7599535
3.1978896
2.8705006
2.8705006
2.8705006
3.0873425
3.0873425
3.9589627
3.5210268
3.631574
5.2600155
4.605237
4.3883953
3.9504592
4.171553
2.8662488
3.1978896
2.6536584
3.3041847
2.9767957
3.414732
2.9767957
3.9589627
3.3041847
3.848416
3.9589627
3.954711
4.4989424
5.3663106
4.605237
5.2557635
6.3442264
5.3663106
6.3442264
6.016837
5.3663106
6.561068
5.1452165
5.4726057
5.3620586
6.123132
6.339974
6.561068
5.251512
6.3442264
5.799995
6.450521
5.795743
6.667363
6.450521
5.3620586
6.3442264
6.561068
6.123132
6.123132
6.667363
7.1010475
5.795743
5.90629
6.8842053
7.3221416
6.450521
6.2336793
5.795743
5.795743
6.561068
6.450521
5.90629
6.77791
6.667363
6.556816
6.9905005
6.8799534
7.4241843
7.207342
8.295805
7.5347314
6.9905005
7.5347314
7.1010475
5.795743
6.667363
6.450521
6.450521
6.123132
6.77791
6.77791
5.578901
6.2336793
6.339974
5.251512
5.3663106
6.016837
5.1452165
5.4726057
5.90629
7.538984
5.90629
5.90629
6.123132
6.123132
5.1452165
4.7072806
6.3442264
6.77791
7.2115946
5.90629
6.2336793
6.667363
6.123132
6.123132
5.795743
6.7736583
7.1010475
6.2294273
6.556816
6.2294273
6.8842053
5.578901
6.667363
7.317889
7.207342
6.7736583
7.1010475
6.8842053
5.578901
6.2336793
5.90629
5.799995
4.2778482
4.715784
4.171553
4.2821
4.171553
4.826331
4.715784
5.0431733
3.954711
3.848416
5.3705626
4.9326262
5.1494684
5.4726057
5.689448
5.1452165
5.578901
6.8842053
6.7736583
6.667363
5.689448
6.450521
6.016837
5.2557635
4.9326262
5.2600155
4.4989424
2.9767957
4.2821
4.715784
4.605237
4.715784
5.3663106
5.583153
4.605237
4.2778482
5.9105415
5.1452165
4.928375
5.689448
5.1452165
6.2336793
5.4726057
4.4946904
6.016837
6.237931
4.7115326
5.0431733
4.715784
4.3883953
4.3883953
4.9326262
5.038922
5.583153
5.2557635
5.583153
6.016837
6.3442264
6.2336793
6.012585
7.2115946
7.317889
6.7736583
6.667363
7.1010475
6.339974
6.667363
6.9947524
6.77791
5.90629
4.928375
5.799995
4.928375
4.2778482
4.605237
4.605237
4.2778482
5.583153
5.4726057
5.0346694
6.2336793
5.90629
6.339974
6.339974
6.7736583
5.791491
6.9905005
6.8799534
5.357807
6.556816
6.012585
5.251512
5.689448
4.928375
4.605237
4.4989424
4.171553
4.8220797
5.4768577
4.928375
5.799995
6.556816
6.9905005
6.7736583
7.6410265
6.769407
8.2915535
9.269468
9.158921
8.720985
9.592606
8.720985
8.393597
8.181006
8.181006
7.313638
6.769407
7.7515736
6.7736583
4.379892
5.1452165
5.251512
4.0525026
5.0346694
6.339974
5.140965
6.1188803
6.4462695
7.096796
6.769407
6.6588597
7.9641643
8.397848
7.9599123
8.725238
9.592606
7.9599123
9.486311
8.94208
7.849365
9.269468
8.070459
7.636775
8.397848
9.375764
8.397848
8.614691
9.375764
7.849365
8.070459
9.269468
8.287301
8.504144
7.415681
8.614691
9.048374
8.070459
8.287301
8.070459
8.8315325
8.725238
8.393597
7.9599123
9.265217
8.82728
7.849365
9.158921
9.809448
8.393597
9.048374
9.265217
8.82728
9.592606
8.504144
9.698901
8.720985
7.738818
10.243132
10.23888
8.82728
10.787363
9.260964
9.805196
10.243132
10.349427
10.349427
10.783112
9.482059
10.02629
10.566269
9.584103
10.676816
10.459974
10.676816
9.588354
9.915743
10.353679
10.570521
9.69465
9.477807
10.893659
9.805196
9.588354
10.349427
11.004206
10.566269
10.128334
10.132585
10.459974
11.327342
11.977869
10.995702
11.867322
11.977869
11.433638
11.433638
12.628395
12.305258
12.955785
11.539933
12.305258
12.5220995
11.867322
11.2125435
11.65048
11.867322
10.562017
10.889407
11.433638
12.084165
11.216796
11.106249
11.544185
11.867322
10.77886
11.761026
12.517848
12.407301
13.278922
12.296754
12.411553
12.845238
12.628395
12.301006
12.411553
13.1726265
12.301006
11.867322
13.283173
12.411553
12.301006
12.194712
11.977869
11.756775
12.301006
12.845238
12.955785
12.845238
12.407301
13.712605
12.840985
13.495763
13.495763
13.057828
13.274671
12.296754
13.057828
12.951532
13.929449
13.818902
12.513597
14.256837
13.491511
12.947281
13.818902
12.624144
13.929449
13.818902
12.403049
13.712605
13.168375
13.818902
13.274671
14.035743
14.579974
14.35888
13.708355
13.929449
13.491511
14.252585
13.597807
15.124206
15.234753
14.469427
14.031491
14.142038
15.557889
15.557889
15.341048
15.447342
15.013659
13.925196
14.469427
15.341048
15.341048
14.252585
14.252585
14.690521
13.491511
13.057828
14.039994
13.818902
13.495763
14.039994
12.734691
11.973618
11.539933
12.194712
11.65048
11.977869
11.977869
11.216796
11.65048
12.411553
11.977869
12.845238
13.278922
13.389469
12.619891
14.801068
14.469427
14.579974
14.473679
14.801068
13.9337
13.823153
13.062079
13.062079
12.194712
11.106249
10.676816
10.787363
10.132585
9.915743
10.353679
9.915743
10.787363
10.459974
9.371511
9.809448
10.893659
10.459974
10.787363
10.459974
10.353679
10.570521
10.02629
10.02629
9.915743
10.787363
10.787363
9.698901
9.703153
10.247384
9.486311
8.835785
8.94208
8.185258
8.618942
7.6410265
8.4021
8.2915535
7.857869
9.490562
7.203091
8.4021
8.835785
7.5304804
8.4021
8.2915535
7.419933
8.295805
7.203091
7.857869
9.163173
8.074712
7.857869
8.512647
7.207342
6.008333
6.9905005
6.8842053
7.317889
6.2294273
6.9947524
6.339974
5.90629
6.450521
6.9947524
5.4726057
5.583153
5.799995
5.799995
5.90629
6.450521
6.2336793
6.2336793
6.667363
5.799995
6.561068
5.2557635
5.6937
4.9326262
4.3883953
4.167301
4.3883953
4.9326262
4.3883953
5.2600155
4.2821
4.715784
4.171553
4.715784
4.715784
3.844164
3.954711
3.954711
3.3041847
4.3926473
3.737869
3.1936376
3.954711
3.414732
4.065258
3.737869
3.631574
3.9589627
3.3041847
3.1936376
3.631574
3.848416
3.5210268
4.065258
3.844164
4.715784
4.3883953
5.3705626
4.0610065
4.4989424
4.715784
4.0610065
4.0610065
4.8220797
6.671615
6.1273837
5.3663106
5.9105415
5.4726057
5.9105415
5.6937
4.2778482
4.605237
4.715784
4.9326262
5.2600155
4.715784
4.715784
4.8220797
3.954711
4.2821
4.065258
2.7599535
3.848416
3.414732
3.9589627
2.9767957
3.3041847
3.5210268
4.065258
3.737869
3.848416
3.5210268
4.2821
4.4989424
4.6094894
3.1936376
4.715784
5.1494684
4.171553
5.4768577
5.3663106
5.038922
5.799995
5.799995
6.2336793
6.123132
5.4726057
6.3442264
5.4726057
5.2557635
6.123132
6.450521
5.578901
6.016837
6.2336793
6.016837
5.90629
5.578901
7.4284363
5.90629
4.7072806
6.450521
6.450521
6.2336793
6.3442264
6.450521
6.123132
7.1010475
6.556816
7.317889
7.5347314
6.8842053
7.1010475
7.317889
6.8842053
6.4462695
7.4284363
5.3620586
5.4726057
6.016837
5.578901
6.339974
6.8842053
7.2115946
6.339974
6.667363
7.1010475
7.7515736
6.7736583
8.512647
7.9684157
8.2915535
8.618942
8.4021
8.725238
8.181006
8.2915535
7.9641643
8.4021
8.4021
7.207342
7.7515736
7.313638
7.317889
6.556816
7.317889
7.207342
7.7515736
7.096796
7.4241843
8.512647
7.096796
6.5525646
7.5304804
7.9684157
7.747322
7.747322
8.835785
8.397848
8.835785
9.8137
9.158921
7.419933
8.618942
7.313638
7.313638
7.6410265
8.295805
7.4241843
7.4241843
7.096796
6.2251754
6.1188803
6.8842053
5.578901
4.928375
6.3442264
6.123132
6.339974
6.339974
6.2294273
6.7736583
6.556816
6.663111
6.8842053
7.5347314
6.2294273
6.339974
7.6452785
6.7736583
6.7736583
7.7515736
6.986249
7.6410265
7.9684157
8.185258
8.835785
7.747322
8.618942
7.5304804
7.203091
8.2915535
8.508395
8.618942
8.725238
8.4021
7.9641643
7.9641643
7.419933
8.185258
7.5304804
6.663111
7.207342
7.096796
6.2251754
7.207342
7.9684157
6.4420176
7.6410265
7.313638
6.114629
7.096796
7.4241843
6.008333
7.1010475
6.9947524
6.2294273
5.689448
5.2557635
5.689448
4.4946904
3.9504592
4.4946904
5.6937
5.3663106
5.3663106
4.605237
4.7115326
4.2778482
3.8399122
5.689448
6.667363
5.6851964
6.556816
7.207342
7.6410265
6.769407
7.5304804
8.2915535
7.092544
7.857869
7.9641643
6.5483127
7.747322
6.4420176
6.875702
6.663111
5.6851964
4.490439
3.62307
2.5388596
2.7599535
1.7777863
2.9767957
3.0873425
2.9767957
3.6273217
3.8399122
6.556816
6.8799534
7.9641643
8.614691
9.260964
10.132585
10.566269
10.23888
10.349427
9.482059
9.265217
8.504144
7.9641643
7.4241843
6.4462695
4.3841434
3.954711
3.3041847
1.0167131
1.6757431
2.003132
0.58728075
2.003132
1.8925852
2.3262694
2.1051755
2.7557018
3.406228
3.8399122
6.123132
7.207342
6.4420176
7.207342
6.9905005
6.3314705
6.8799534
7.6410265
6.1188803
4.5967336
6.016837
3.8399122
4.3883953
4.171553
3.5167751
2.6494067
4.3926473
3.0830908
4.0610065
4.0610065
4.2778482
3.7336173
4.167301
4.7115326
3.8399122
4.2735963
4.2735963
3.5125234
5.90629
5.1452165
5.357807
5.140965
6.339974
4.8178277
4.7115326
4.3841434
3.62307
3.954711
4.171553
3.4104798
2.8662488
3.189386
4.605237
4.605237
3.189386
3.954711
3.406228
2.861997
2.972544
4.3841434
4.2778482
3.8399122
3.9504592
4.3841434
3.8399122
3.7336173
4.4946904
5.038922
4.0610065
4.171553
4.0610065
3.4104798
3.954711
4.605237
3.62307
3.7336173
4.167301
4.056754
5.3620586
4.5967336
5.251512
5.6851964
5.0346694
5.1452165
5.689448
5.1452165
3.8399122
4.8178277
4.4946904
4.2778482
4.4946904
4.7115326
3.7336173
4.605237
4.3883953
4.171553
4.4989424
4.171553
4.3883953
5.799995
5.3620586
4.6009855
5.4726057
6.339974
5.140965
4.924123
5.468354
5.574649
5.902038
5.357807
5.689448
6.339974
6.556816
5.4726057
4.928375
4.4946904
4.3883953
3.1936376
1.9946285
3.5210268
3.0873425
3.3041847
2.3220174
2.1051755
3.9589627
2.7599535
4.3926473
4.171553
4.715784
3.7336173
5.1494684
4.715784
3.6273217
3.6273217
3.5210268
2.972544
3.4104798
4.065258
4.605237
3.9504592
5.3705626
4.2821
4.3883953
4.8220797
5.038922
5.038922
4.8220797
5.2557635
4.8220797
5.038922
5.2557635
5.578901
5.799995
5.795743
5.3620586
6.667363
5.90629
5.795743
4.924123
5.6851964
5.251512
4.379892
4.924123
4.7072806
5.90629
6.339974
6.339974
5.468354
6.450521
5.795743
6.8842053
7.096796
7.313638
7.6410265
8.835785
8.074712
8.070459
9.269468
8.94208
8.181006
8.835785
8.070459
6.981997
9.052627
9.048374
8.937827
9.265217
9.698901
8.389345
10.02629
10.243132
8.720985
9.265217
9.482059
8.937827
9.375764
9.371511
10.566269
10.566269
10.893659
10.349427
10.566269
10.6725645
10.6725645
12.5220995
10.999953
11.216796
11.544185
11.216796
12.194712
12.301006
12.301006
13.9337
12.624144
11.646228
13.062079
12.738942
12.5220995
12.738942
12.845238
12.951532
14.039994
14.68627
15.013659
15.341048
15.013659
14.469427
14.363132
14.796817
14.907364
14.690521
13.929449
13.929449
13.823153
13.062079
13.1726265
12.734691
13.716857
12.951532
13.60631
13.062079
12.411553
12.628395
12.301006
13.823153
14.256837
13.602058
14.690521
14.252585
13.814649
15.341048
14.903111
14.903111
15.341048
15.341048
15.230501
15.119954
15.341048
15.230501
16.208416
15.664186
15.124206
14.903111
15.119954
15.557889
15.664186
14.792564
15.336795
14.465176
14.469427
14.907364
15.230501
14.142038
14.796817
13.814649
14.35888
15.336795
15.336795
15.119954
15.119954
14.792564
14.796817
14.575723
14.792564
15.336795
14.575723
15.991573
15.553638
15.664186
15.553638
15.009407
14.35888
14.907364
14.796817
13.814649
15.341048
15.013659
15.447342
14.142038
13.708355
14.907364
13.491511
14.14629
13.929449
13.602058
11.425134
11.539933
12.194712
10.885155
11.65048
12.845238
12.624144
12.624144
11.646228
12.190459
11.539933
11.65048
10.562017
10.128334
10.349427
10.23888
10.455723
9.805196
9.911491
9.911491
10.566269
9.260964
9.915743
8.504144
8.176754
9.698901
8.8315325
9.592606
9.915743
9.698901
10.676816
11.004206
10.23888
10.132585
10.459974
10.787363
10.0220375
9.260964
10.570521
10.349427
8.393597
8.504144
9.375764
9.592606
8.070459
7.9599123
8.397848
8.725238
6.981997
7.857869
6.769407
6.986249
8.185258
7.857869
8.2915535
7.747322
7.747322
6.986249
7.857869
7.9641643
8.2915535
9.269468
9.048374
9.592606
9.919995
10.464226
9.809448
9.048374
8.8315325
9.703153
9.265217
9.052627
7.853617
7.419933
7.5304804
8.512647
7.313638
7.203091
7.9641643
8.618942
8.070459
9.163173
8.2915535
8.397848
8.614691
7.5304804
8.725238
8.397848
7.526228
8.720985
8.94208
8.397848
8.835785
8.181006
8.074712
8.946331
7.9641643
7.526228
6.986249
7.419933
6.875702
7.419933
8.2915535
8.074712
7.9641643
8.618942
8.508395
8.720985
8.614691
9.158921
9.048374
9.269468
9.486311
8.508395
7.419933
7.747322
7.747322
7.313638
8.185258
7.6410265
6.3357224
6.9905005
6.2294273
6.1188803
6.4462695
5.140965
6.556816
5.90629
5.578901
6.2294273
6.123132
6.2294273
7.8621206
6.4420176
6.8799534
7.857869
7.6410265
6.986249
7.9684157
7.857869
7.419933
8.508395
8.835785
7.636775
7.9641643
7.9684157
8.074712
8.835785
8.185258
7.9684157
6.986249
7.5304804
7.6410265
6.875702
8.074712
7.857869
7.4241843
7.4241843
7.313638
6.663111
7.1010475
6.663111
5.791491
7.4284363
6.4462695
6.012585
5.795743
6.2294273
5.357807
6.7736583
7.1010475
6.7736583
7.6452785
7.1010475
6.4462695
6.7736583
7.207342
7.4241843
7.317889
7.5347314
7.5347314
7.4284363
7.2115946
6.556816
6.556816
7.2115946
6.9905005
6.3357224
6.9905005
6.8799534
6.663111
7.5347314
7.207342
7.5347314
6.5525646
7.4241843
6.8799534
6.5525646
6.769407
6.769407
6.1188803
6.8799534
7.207342
5.24726
7.1010475
6.556816
5.795743
6.123132
7.317889
7.207342
6.8799534
7.6410265
7.313638
7.313638
8.4021
7.9641643
8.835785
8.725238
9.707404
8.074712
8.618942
9.163173
7.6410265
7.313638
7.747322
8.729489
7.313638
6.9905005
8.078962
7.096796
6.8842053
7.1010475
6.4462695
7.6452785
7.1010475
7.5347314
7.7515736
8.074712
7.096796
7.5304804
7.7515736
7.203091
7.853617
8.074712
7.857869
7.6410265
7.747322
8.4021
8.4021
7.747322
7.857869
8.729489
8.074712
7.5304804
8.2915535
9.596858
8.2915535
9.269468
9.048374
9.265217
9.375764
10.89791
10.566269
11.221047
10.676816
11.437889
10.566269
11.1105
11.221047
11.765279
11.765279
10.132585
11.331594
10.570521
11.114753
9.265217
10.02629
10.02629
11.114753
9.375764
9.698901
10.570521
10.243132
9.371511
11.004206
11.331594
11.221047
11.9821205
11.1105
12.5220995
13.066331
12.628395
13.066331
12.738942
12.305258
12.305258
12.5220995
11.323091
12.194712
12.849489
12.305258
12.632647
12.194712
12.305258
12.849489
12.738942
13.1726265
12.628395
13.062079
12.628395
12.628395
12.517848
11.867322
12.5220995
12.305258
12.5220995
11.433638
11.221047
11.761026
11.433638
11.867322
11.65048
13.283173
13.1726265
12.845238
12.738942
13.1726265
12.517848
12.845238
13.1726265
13.60631
13.9337
13.389469
12.845238
13.062079
14.150541
13.278922
13.389469
13.389469
12.517848
13.1726265
13.389469
12.849489
12.955785
12.411553
12.411553
12.738942
13.066331
12.738942
12.5220995
12.5220995
12.088415
13.066331
12.5220995
11.761026
12.738942
12.194712
13.283173
13.1726265
11.977869
13.1726265
12.628395
12.738942
12.305258
12.5220995
12.415805
11.544185
12.738942
12.628395
12.407301
12.5220995
14.477931
13.385218
13.495763
13.823153
14.367384
13.60631
13.60631
13.062079
13.389469
14.801068
14.256837
14.14629
14.256837
14.150541
12.951532
13.500016
13.712605
13.1726265
13.1726265
12.411553
13.066331
12.845238
12.632647
12.194712
11.544185
12.632647
11.544185
12.198963
11.761026
11.871573
11.544185
11.544185
11.9821205
12.5220995
11.871573
12.198963
12.849489
12.955785
12.738942
12.628395
12.088415
11.977869
12.198963
12.198963
11.544185
11.654732
11.9821205
11.1105
10.893659
10.787363
11.327342
11.1105
10.676816
10.349427
10.787363
11.548436
9.588354
11.004206
10.893659
10.23888
10.566269
10.676816
10.893659
10.783112
11.765279
10.999953
10.783112
10.349427
11.004206
11.004206
10.02629
9.260964
9.482059
10.570521
9.371511
9.703153
10.02629
10.570521
10.787363
10.353679
10.570521
10.570521
9.698901
9.915743
10.570521
9.915743
9.698901
10.459974
11.331594
9.698901
10.136837
8.94208
9.596858
9.486311
8.2915535
8.074712
9.052627
8.397848
8.835785
8.074712
8.074712
7.4241843
6.3357224
7.4241843
6.986249
7.096796
7.207342
7.9684157
6.986249
6.986249
7.5304804
8.946331
8.508395
8.397848
8.508395
10.030542
8.8315325
8.397848
8.508395
8.8315325
9.158921
7.853617
9.052627
8.397848
8.725238
8.4021
7.9684157
6.769407
7.313638
7.313638
7.313638
7.313638
7.4241843
7.096796
6.3357224
6.556816
7.5347314
6.2294273
6.2336793
6.8842053
7.2115946
5.795743
5.6851964
7.1010475
6.663111
6.769407
7.207342
7.5347314
6.9905005
6.556816
7.5347314
7.207342
7.1010475
6.663111
7.317889
7.4241843
6.5525646
7.207342
6.8799534
6.4462695
7.5347314
7.1010475
6.8842053
7.538984
7.5347314
6.2294273
7.6452785
7.7515736
5.6851964
5.6851964
6.2336793
6.8842053
6.4462695
6.556816
6.012585
5.90629
5.689448
4.4946904
5.2557635
5.038922
4.6009855
5.6937
5.038922
6.016837
5.038922
5.2557635
5.583153
5.3620586
5.4726057
6.016837
6.2336793
6.123132
5.583153
4.605237
5.6937
4.7115326
4.7115326
5.2557635
5.4726057
4.6009855
5.689448
6.450521
6.2336793
4.490439
4.3841434
6.1273837
5.2557635
4.0610065
4.928375
4.605237
3.9504592
5.1494684
4.2778482
3.189386
3.737869
4.0610065
2.7557018
3.0830908
3.844164
4.3883953
3.9504592
4.8220797
4.167301
5.689448
5.90629
6.012585
6.2336793
5.795743
6.1188803
6.450521
5.468354
5.3620586
5.795743
5.251512
6.9947524
6.450521
5.1452165
5.795743
6.339974
5.795743
5.90629
6.2294273
5.578901
4.8178277
5.3663106
4.7115326
4.167301
4.9326262
5.3663106
3.844164
3.7336173
5.1494684
5.2557635
4.7072806
4.6009855
6.1273837
4.7115326
4.4946904
5.689448
4.7115326
4.8220797
3.844164
5.1494684
4.3883953
4.0610065
4.605237
3.844164
4.715784
3.299933
4.4989424
4.8220797
4.3841434
5.038922
5.799995
6.012585
6.556816
7.313638
6.8799534
7.7515736
7.207342
7.207342
5.251512
5.578901
6.2336793
5.038922
4.7115326
5.799995
4.7115326
5.1494684
5.038922
5.038922
5.3663106
4.605237
4.605237
3.844164
5.5874047
4.2778482
4.4946904
5.4726057
6.123132
5.140965
5.90629
6.123132
5.3620586
5.583153
5.4726057
5.2557635
4.4946904
4.8220797
4.928375
5.2557635
5.689448
6.123132
7.4284363
6.7736583
6.556816
7.5347314
7.857869
8.185258
7.857869
7.747322
7.419933
8.185258
8.181006
8.287301
7.636775
6.769407
7.096796
6.339974
5.1494684
3.954711
3.1936376
3.0873425
2.7599535
2.9767957
4.065258
4.2778482
5.4726057
6.77791
6.9905005
7.7515736
7.636775
9.703153
10.570521
10.676816
10.570521
11.004206
10.893659
10.459974
9.375764
9.8137
8.725238
7.203091
7.8621206
6.450521
5.4726057
4.3883953
2.4325645
2.8705006
3.3041847
3.0873425
2.8705006
3.0873425
2.7599535
2.4325645
4.171553
4.4946904
4.2735963
6.016837
7.1010475
6.663111
8.512647
7.6410265
6.769407
8.078962
7.5347314
6.4462695
6.556816
6.8842053
6.8842053
6.339974
5.799995
5.90629
5.90629
6.667363
5.689448
6.016837
6.450521
6.8842053
5.578901
5.3620586
6.450521
5.4726057
4.8178277
5.4726057
5.799995
5.2557635
6.016837
6.450521
5.3620586
5.689448
5.583153
4.2778482
4.3883953
5.1494684
4.6009855
5.2557635
5.583153
5.689448
5.2557635
6.016837
6.561068
6.016837
6.2336793
6.3442264
4.928375
4.928375
5.3663106
5.9105415
5.1494684
5.9105415
3.954711
4.3883953
5.4768577
4.8220797
4.3883953
4.3883953
3.6273217
3.844164
3.4104798
3.954711
4.171553
4.2821
3.954711
4.605237
4.7115326
5.6937
4.0610065
3.5167751
3.848416
3.1936376
3.1936376
3.5210268
4.1758046
2.9767957
3.1936376
3.414732
3.1978896
2.9767957
3.848416
3.0873425
3.5252786
3.414732
3.5252786
2.8705006
3.414732
3.5252786
2.6536584
3.631574
3.5210268
4.1758046
3.5210268
3.5210268
3.0873425
3.954711
4.2821
3.848416
4.1758046
4.503194
3.1978896
2.5473633
3.5252786
1.6757431
2.1094272
1.8925852
2.4368165
3.1978896
3.9589627
3.0873425
3.9589627
2.6536584
2.1094272
2.6536584
2.2199743
1.0252168
2.8747523
2.330521
1.6757431
1.7820382
3.414732
2.9767957
3.954711
4.4989424
4.4989424
3.844164
5.3663106
5.4726057
5.689448
5.90629
5.689448
5.90629
6.7736583
6.450521
5.578901
6.3442264
5.4726057
5.90629
5.4726057
5.3620586
4.3841434
5.689448
6.2336793
5.90629
5.799995
6.9947524
6.8842053
6.556816
5.1452165
5.689448
4.5967336
6.016837
6.3442264
5.3620586
5.90629
6.2294273
6.663111
7.207342
8.185258
7.857869
8.185258
9.27372
8.508395
7.857869
8.4021
7.6410265
7.5304804
8.4021
9.596858
8.614691
9.486311
8.725238
7.747322
8.074712
8.614691
9.052627
9.052627
9.052627
8.185258
8.074712
7.203091
7.5304804
6.769407
8.185258
7.857869
6.6588597
7.6410265
7.5304804
8.4021
7.313638
7.857869
8.4021
8.508395
8.618942
8.94208
9.703153
9.919995
9.919995
11.008457
10.459974
10.243132
10.787363
10.136837
9.592606
9.486311
10.136837
10.243132
10.787363
10.243132
9.915743
10.783112
11.1105
10.893659
11.437889
10.787363
9.698901
10.243132
9.915743
11.221047
10.353679
10.676816
10.783112
11.004206
11.765279
10.676816
10.676816
10.566269
10.132585
10.783112
10.349427
11.1105
10.889407
11.433638
11.871573
11.433638
11.977869
11.871573
11.977869
11.977869
11.871573
11.871573
10.889407
11.004206
11.548436
11.437889
10.349427
10.566269
11.1105
11.437889
10.6725645
10.893659
9.805196
11.114753
11.004206
10.566269
10.787363
11.327342
10.455723
10.676816
10.455723
10.349427
11.765279
10.566269
9.260964
10.570521
9.371511
8.1725025
8.937827
9.265217
8.937827
8.720985
8.066207
9.265217
9.477807
10.23888
11.1105
10.0220375
9.371511
10.132585
11.221047
10.0220375
11.004206
10.455723
10.23888
10.345176
11.1105
11.977869
11.867322
12.088415
10.999953
10.566269
10.349427
10.23888
8.82728
10.459974
9.915743
9.371511
9.809448
10.353679
9.915743
9.15467
9.809448
10.02629
10.787363
9.265217
10.136837
10.243132
9.482059
11.548436
11.114753
10.566269
11.437889
11.004206
10.349427
10.459974
10.787363
11.875826
11.004206
9.911491
11.654732
12.415805
12.194712
12.194712
11.761026
11.216796
10.455723
10.676816
10.459974
10.243132
10.89791
10.455723
10.353679
10.566269
10.0220375
9.915743
9.915743
9.915743
9.698901
10.132585
9.477807
10.676816
11.004206
11.221047
10.349427
9.698901
10.132585
10.243132
9.048374
10.353679
9.698901
8.937827
9.919995
9.809448
10.132585
10.132585
11.221047
11.765279
11.761026
10.455723
10.893659
11.437889
10.783112
11.004206
11.437889
10.566269
11.327342
10.566269
10.570521
9.915743
8.504144
8.94208
9.269468
8.070459
8.185258
8.508395
8.508395
9.269468
8.397848
8.397848
9.269468
8.287301
7.632523
9.919995
10.570521
10.243132
10.132585
9.044123
10.243132
11.221047
10.349427
12.30951
10.566269
10.676816
11.1105
10.349427
11.221047
11.221047
11.548436
10.783112
10.459974
10.570521
10.136837
10.136837
8.720985
8.8315325
10.464226
9.265217
8.181006
9.052627
8.393597
9.048374
8.82728
8.287301
9.8137
9.592606
9.265217
9.265217
9.486311
9.486311
9.048374
8.393597
9.919995
9.592606
9.809448
9.375764
10.136837
9.809448
10.464226
9.375764
9.592606
9.158921
10.353679
10.570521
10.353679
9.698901
10.02629
9.809448
9.265217
9.592606
9.703153
9.809448
10.570521
10.566269
9.371511
9.805196
10.02629
10.570521
10.787363
9.915743
10.02629
10.787363
9.482059
8.937827
8.720985
9.482059
9.809448
10.02629
9.809448
10.243132
9.592606
10.570521
10.459974
11.221047
11.004206
11.331594
10.566269
11.654732
10.676816
10.676816
10.783112
11.765279
11.437889
11.765279
10.676816
10.132585
10.6725645
10.676816
9.915743
9.915743
10.676816
9.919995
9.482059
9.919995
9.265217
9.703153
9.265217
8.287301
8.397848
9.703153
7.853617
8.2915535
9.163173
7.853617
8.4021
8.725238
8.8315325
9.919995
9.703153
10.136837
10.02629
10.570521
10.353679
11.331594
10.676816
10.243132
10.787363
10.132585
10.893659
10.0220375
10.23888
10.349427
9.809448
9.809448
8.94208
7.9641643
9.052627
8.181006
8.618942
8.4021
8.618942
8.185258
8.185258
7.096796
6.114629
8.078962
6.769407
6.5525646
7.9684157
7.096796
6.008333
7.207342
7.5304804
7.096796
7.313638
8.074712
6.769407
7.6410265
7.4241843
7.6410265
7.7515736
8.185258
6.986249
7.857869
7.7515736
7.4241843
6.7736583
7.4241843
5.902038
7.5347314
7.6452785
6.7736583
7.4241843
7.313638
8.185258
7.313638
7.6410265
7.7515736
6.8799534
5.030418
6.667363
6.339974
6.339974
4.490439
4.3841434
5.583153
5.4726057
4.3841434
4.7115326
5.0346694
6.450521
5.468354
6.016837
5.799995
5.251512
6.123132
6.667363
7.207342
7.4241843
6.339974
6.123132
6.123132
4.3841434
5.038922
5.583153
5.1494684
3.6273217
4.171553
4.4989424
3.5167751
3.954711
3.737869
4.065258
2.8662488
2.8705006
3.414732
3.3041847
2.6494067
2.9767957
2.7599535
3.3041847
2.9767957
2.7599535
2.3220174
2.3220174
3.954711
3.4104798
4.0610065
4.3883953
4.0610065
4.2778482
4.928375
4.7115326
4.2778482
5.799995
5.3620586
5.4726057
5.1452165
5.689448
6.016837
4.8178277
5.689448
5.4726057
5.578901
5.3620586
5.689448
6.556816
5.140965
6.012585
6.2294273
6.9947524
5.795743
6.2336793
5.2557635
5.1452165
5.1494684
4.8220797
4.171553
4.3883953
4.0610065
4.2778482
5.6937
5.4726057
5.689448
4.6009855
5.9105415
4.7115326
4.4946904
5.2600155
5.0346694
5.3620586
5.578901
6.4462695
6.8799534
7.6410265
7.313638
6.986249
7.313638
8.185258
6.6588597
6.5525646
6.769407
6.986249
7.5304804
7.5347314
7.857869
7.096796
5.6851964
5.24726
6.7736583
6.7736583
6.4462695
6.5525646
5.902038
6.008333
6.4420176
7.5304804
8.2915535
6.87145
7.853617
8.393597
7.521976
8.8315325
8.504144
8.070459
8.504144
8.504144
8.070459
8.618942
8.725238
7.419933
8.508395
8.614691
7.526228
8.94208
9.15467
8.504144
9.698901
10.459974
10.02629
10.349427
10.0220375
10.132585
10.0220375
10.349427
9.477807
10.459974
9.805196
10.243132
8.937827
9.048374
8.720985
8.614691
7.849365
8.181006
7.419933
7.309386
7.747322
7.526228
8.835785
8.070459
9.15467
8.504144
9.809448
10.459974
9.477807
10.893659
10.349427
11.761026
11.977869
10.77886
11.761026
10.562017
11.871573
11.761026
11.327342
10.676816
10.783112
9.915743
10.132585
9.915743
9.482059
9.809448
8.937827
9.158921
9.048374
8.504144
10.136837
10.02629
7.9599123
9.158921
9.809448
9.044123
10.893659
9.915743
10.23888
10.132585
9.809448
9.698901
10.0220375
10.0220375
10.132585
10.349427
10.0220375
11.221047
10.349427
10.783112
10.566269
11.004206
10.0220375
10.893659
11.1105
11.216796
11.327342
11.765279
10.23888
11.221047
11.004206
10.243132
10.243132
10.243132
9.919995
10.0220375
9.15467
11.004206
9.588354
9.265217
9.809448
9.477807
9.048374
9.375764
9.265217
8.066207
9.592606
10.136837
9.15467
9.592606
9.698901
8.937827
9.375764
8.504144
9.703153
9.592606
8.725238
8.835785
8.8315325
9.048374
8.94208
9.596858
7.74307
8.074712
8.2915535
8.287301
8.2915535
7.5304804
7.7515736
7.096796
6.008333
7.4241843
8.185258
7.5304804
7.7515736
6.3357224
5.6809444
5.6851964
6.7736583
6.2294273
5.357807
6.012585
6.663111
6.4462695
6.2294273
7.317889
6.9905005
5.357807
7.317889
6.8799534
6.008333
7.9684157
8.074712
7.313638
6.6588597
7.857869
7.419933
6.8799534
7.4241843
7.9684157
7.6410265
6.008333
6.1188803
6.9905005
7.096796
6.4462695
5.030418
6.663111
5.902038
6.4462695
6.8842053
4.7072806
4.928375
5.689448
4.6009855
5.038922
6.3442264
5.1452165
3.7336173
4.4946904
3.9504592
4.056754
5.038922
4.8220797
4.3841434
5.038922
4.7115326
4.2778482
4.167301
6.1273837
6.016837
5.689448
5.90629
6.667363
5.6851964
6.339974
6.8842053
7.317889
6.9905005
7.317889
7.4284363
6.4462695
5.902038
6.7736583
7.317889
7.5347314
7.317889
6.3357224
6.3357224
5.578901
6.012585
4.8178277
4.3841434
5.038922
4.928375
4.4946904
4.3883953
4.171553
3.737869
3.1936376
2.6494067
3.737869
3.848416
5.0431733
4.4946904
5.689448
5.90629
5.902038
7.5347314
7.7515736
7.313638
8.078962
7.6410265
6.9905005
7.8621206
7.5347314
7.313638
8.074712
8.835785
7.526228
8.4021
9.052627
6.769407
7.317889
5.468354
3.8399122
4.065258
2.9767957
2.4368165
3.0915945
2.003132
1.565196
2.4368165
3.631574
3.1936376
3.844164
5.1452165
6.339974
7.857869
10.464226
10.132585
10.676816
11.544185
10.128334
10.566269
11.1105
9.805196
8.397848
8.508395
7.5347314
7.207342
6.8842053
6.2336793
6.450521
5.4726057
6.123132
6.7736583
6.4462695
6.012585
6.450521
4.8178277
5.795743
7.6452785
6.769407
7.203091
8.2915535
9.048374
7.632523
8.614691
9.809448
8.725238
8.508395
7.857869
8.729489
7.096796
5.574649
6.339974
6.012585
6.123132
7.317889
6.9905005
8.4021
7.853617
7.747322
7.9641643
8.508395
7.738818
8.614691
9.588354
11.221047
9.805196
9.698901
10.681068
9.809448
9.265217
9.375764
8.614691
8.725238
8.614691
6.5483127
7.747322
7.857869
6.769407
7.4241843
8.185258
8.2915535
8.8315325
8.614691
8.94208
9.265217
9.482059
9.371511
9.265217
9.919995
9.482059
8.725238
7.9641643
7.747322
7.5304804
7.9684157
8.729489
8.618942
8.512647
7.313638
7.747322
6.875702
7.5304804
6.875702
8.074712
7.9641643
10.030542
9.919995
9.482059
9.919995
8.937827
8.937827
9.809448
9.809448
8.937827
9.486311
8.8315325
7.526228
8.185258
7.4241843
7.313638
8.185258
8.4021
8.618942
7.857869
9.163173
8.508395
7.857869
7.313638
8.2915535
7.74307
8.94208
9.592606
9.588354
11.221047
10.783112
11.544185
11.323091
12.955785
13.500016
12.411553
12.305258
11.221047
11.221047
10.893659
10.349427
10.676816
10.566269
11.1105
10.676816
12.088415
11.433638
11.331594
10.893659
10.23888
10.459974
9.809448
10.353679
8.94208
8.725238
8.725238
8.397848
7.203091
8.835785
9.269468
8.8315325
9.703153
10.459974
9.698901
10.459974
11.331594
10.566269
11.327342
11.114753
11.221047
10.676816
9.477807
10.353679
9.588354
9.592606
9.592606
8.614691
7.74307
8.4021
7.6410265
6.986249
7.207342
7.4241843
8.295805
7.092544
8.618942
9.048374
9.158921
9.809448
9.809448
10.353679
8.720985
8.176754
9.482059
8.933577
9.482059
8.504144
9.265217
9.15467
9.809448
10.459974
9.809448
9.486311
8.94208
9.486311
9.596858
8.287301
9.269468
8.614691
10.030542
10.681068
10.681068
9.269468
8.508395
8.4021
8.185258
7.207342
7.6452785
8.406352
7.317889
7.5347314
6.769407
6.5525646
7.6410265
7.207342
8.295805
7.8621206
6.9905005
7.1010475
6.4462695
6.9947524
7.1010475
6.7736583
7.6410265
7.5304804
7.857869
8.074712
7.5304804
8.4021
7.636775
8.508395
9.486311
9.269468
9.486311
9.269468
8.2915535
8.618942
8.835785
8.618942
8.181006
7.4241843
7.6410265
6.5525646
7.4284363
7.1010475
6.9947524
6.339974
6.7736583
5.795743
5.3620586
6.9947524
5.795743
4.924123
6.9947524
5.468354
5.3620586
6.8884573
4.6009855
5.1494684
6.016837
4.928375
4.8178277
4.8178277
5.689448
5.799995
5.3620586
6.667363
5.4726057
4.8220797
5.6937
4.9326262
4.715784
5.3663106
5.3663106
5.799995
6.123132
5.578901
5.795743
5.251512
5.689448
5.689448
5.038922
4.4946904
3.406228
4.3883953
4.8220797
3.4104798
3.6273217
3.5210268
3.299933
2.972544
4.171553
3.1936376
3.5210268
3.5210268
3.954711
3.6273217
4.3926473
4.715784
4.0610065
4.0610065
5.2557635
5.90629
5.3620586
6.561068
5.689448
4.6009855
4.7115326
5.038922
4.7115326
5.1494684
5.2557635
5.2557635
4.2778482
3.9504592
3.844164
3.844164
4.2821
4.2821
3.5167751
3.737869
3.9589627
3.954711
2.6494067
3.1936376
3.9504592
3.9504592
3.9504592
2.968292
3.844164
3.844164
3.954711
3.1936376
3.6273217
3.5167751
4.2778482
4.3841434
5.578901
5.795743
6.012585
6.8799534
6.769407
6.008333
7.5347314
7.1010475
6.123132
6.339974
6.2336793
6.8842053
6.7736583
6.2294273
5.357807
5.902038
7.1010475
5.0346694
5.4726057
4.4946904
5.3663106
4.2778482
3.189386
4.3883953
4.0610065
2.5388596
4.171553
3.406228
4.4946904
4.2735963
5.1494684
4.928375
4.3841434
3.62307
4.928375
3.9462075
4.928375
5.90629
6.3357224
6.2251754
6.3357224
6.5525646
6.3357224
4.8135757
5.140965
6.339974
5.251512
5.574649
6.9905005
6.4462695
6.4462695
6.3357224
7.096796
6.2251754
6.008333
5.902038
6.008333
6.4462695
5.140965
5.468354
4.7072806
5.140965
5.795743
4.379892
4.379892
5.140965
5.140965
4.4861865
5.6851964
6.1188803
7.207342
7.096796
5.791491
7.207342
7.203091
6.769407
7.9641643
7.092544
7.747322
7.309386
7.636775
7.419933
6.875702
7.857869
7.857869
7.5304804
7.857869
6.986249
6.986249
7.5304804
6.4420176
6.4420176
7.857869
7.313638
6.769407
7.207342
5.791491
5.574649
5.902038
6.6588597
6.0040812
8.074712
6.981997
7.092544
7.419933
8.181006
8.070459
7.419933
7.309386
7.747322
7.853617
7.853617
9.052627
8.504144
6.765155
7.309386
7.6410265
8.074712
6.5483127
6.2251754
7.096796
6.769407
6.114629
7.5304804
7.092544
8.070459
8.287301
7.526228
8.287301
8.614691
7.309386
8.8315325
7.632523
7.415681
7.636775
6.986249
6.114629
6.3314705
6.008333
5.8977866
6.2251754
5.6851964
6.3357224
6.663111
6.769407
6.6588597
6.6588597
6.986249
6.769407
7.419933
6.5483127
8.614691
8.8315325
9.052627
8.504144
9.375764
8.176754
9.048374
8.8315325
7.74307
8.070459
8.074712
7.747322
7.9641643
7.313638
6.6588597
6.9905005
6.3357224
5.136713
5.902038
6.1188803
5.791491
5.6809444
6.663111
5.8977866
6.769407
6.986249
7.092544
7.309386
6.3314705
7.747322
7.203091
7.309386
6.6588597
6.986249
6.4420176
6.875702
6.4420176
7.096796
7.313638
7.7515736
8.074712
6.765155
7.747322
8.618942
8.725238
8.181006
7.853617
8.614691
8.2915535
7.853617
8.287301
8.397848
8.8315325
8.82728
7.9599123
8.937827
8.181006
9.698901
9.482059
7.849365
9.158921
9.698901
9.15467
10.02629
9.588354
9.588354
9.044123
9.044123
10.459974
9.588354
9.915743
11.114753
10.23888
10.132585
10.349427
10.0220375
9.477807
10.459974
10.783112
10.128334
10.455723
10.783112
11.544185
11.761026
11.1105
11.327342
10.455723
9.800944
10.23888
10.455723
11.216796
10.783112
10.345176
10.459974
11.437889
10.999953
10.23888
10.132585
10.783112
10.455723
10.132585
10.0220375
8.933577
9.150418
10.349427
11.437889
10.893659
10.23888
11.437889
10.783112
11.221047
10.999953
10.562017
11.106249
11.977869
13.066331
12.845238
12.301006
12.738942
13.823153
13.385218
12.624144
11.318839
11.756775
11.973618
10.995702
11.2125435
11.761026
12.305258
11.65048
11.216796
11.106249
11.433638
10.562017
12.194712
11.65048
11.65048
12.084165
11.867322
11.106249
10.783112
11.221047
11.004206
10.783112
11.1105
12.088415
12.738942
12.517848
12.734691
12.734691
14.039994
13.712605
13.823153
13.9337
13.9337
12.951532
13.062079
13.062079
14.150541
14.256837
13.495763
13.712605
13.602058
13.602058
13.385218
14.039994
14.473679
13.168375
14.473679
13.168375
12.734691
13.389469
13.389469
12.190459
11.973618
12.628395
12.084165
12.849489
12.305258
11.977869
11.544185
11.9821205
12.088415
11.761026
11.323091
12.5220995
12.738942
12.845238
13.9337
12.517848
13.1726265
13.066331
13.60631
12.955785
12.411553
12.632647
11.544185
12.305258
10.893659
11.871573
11.1105
11.544185
11.654732
11.544185
10.566269
10.349427
10.459974
10.349427
9.477807
11.221047
10.23888
11.1105
11.875826
11.654732
10.455723
11.871573
10.999953
11.765279
11.1105
11.433638
11.327342
11.977869
11.761026
11.977869
12.305258
12.628395
12.194712
11.977869
12.5220995
12.305258
11.327342
11.433638
11.544185
11.544185
11.433638
10.893659
11.221047
11.004206
11.004206
10.243132
10.459974
9.809448
9.15467
9.592606
10.030542
8.504144
8.94208
8.287301
7.853617
8.074712
9.158921
9.592606
9.052627
8.508395
8.181006
9.380016
9.703153
9.486311
9.052627
8.614691
8.94208
8.835785
8.835785
8.508395
7.203091
8.618942
9.163173
7.419933
8.946331
7.419933
7.857869
7.5304804
7.092544
8.074712
8.2915535
6.986249
7.9684157
7.5304804
7.9684157
6.8799534
5.6851964
6.123132
6.339974
5.578901
7.207342
6.5525646
7.4241843
7.6410265
7.5304804
6.6588597
7.5304804
8.4021
7.203091
7.313638
9.163173
7.313638
8.185258
8.185258
8.185258
6.8799534
7.6410265
6.769407
6.4462695
7.2115946
6.556816
5.795743
6.9947524
6.123132
6.339974
6.8842053
6.450521
6.556816
5.3620586
6.450521
5.689448
3.9504592
5.90629
4.6009855
5.038922
2.7514498
5.583153
5.038922
5.1494684
4.928375
5.4768577
4.7115326
5.1494684
3.7336173
4.9326262
3.844164
4.9326262
4.0610065
5.90629
5.2557635
6.3442264
5.689448
5.251512
5.2557635
4.8178277
3.9462075
4.928375
5.799995
5.583153
5.1452165
4.7115326
5.1494684
4.2778482
2.6494067
3.4104798
3.1936376
3.0830908
3.0873425
2.1051755
3.5210268
2.4325645
3.0830908
2.2157223
2.1051755
3.299933
3.0830908
2.8662488
3.954711
4.0610065
3.5167751
4.171553
3.5167751
4.4946904
3.9504592
4.4946904
4.605237
3.406228
3.1851342
3.62307
4.3841434
5.4726057
5.1452165
4.4946904
4.2778482
4.4946904
3.844164
4.4946904
3.62307
3.189386
4.2778482
3.406228
4.3841434
4.4946904
3.406228
3.0830908
3.8399122
3.189386
4.9326262
3.1851342
3.2956812
4.928375
4.6009855
3.5125234
3.8399122
4.8178277
5.90629
4.8178277
4.2735963
5.1452165
5.795743
5.140965
5.6851964
5.468354
6.556816
6.663111
5.791491
6.663111
5.6851964
6.7736583
5.6851964
6.1188803
7.207342
6.008333
5.6809444
5.468354
5.251512
4.6009855
4.3841434
4.4946904
4.2778482
3.406228
3.406228
4.715784
3.5125234
3.62307
4.2778482
4.167301
5.1452165
4.490439
3.8399122
3.7293656
4.3841434
3.5125234
3.5125234
4.056754
4.7072806
4.379892
5.140965
6.339974
5.902038
5.251512
5.468354
6.4462695
6.2294273
5.574649
5.468354
5.357807
6.012585
5.902038
5.140965
4.7072806
4.8178277
3.5125234
3.078839
3.5167751
3.844164
3.5167751
3.5167751
3.0830908
4.715784
3.406228
3.189386
3.189386
4.0610065
2.4283128
2.3177657
4.056754
4.4946904
4.2778482
4.928375
5.795743
5.357807
6.5525646
5.6809444
6.1188803
5.140965
4.7072806
5.0346694
4.928375
4.6009855
5.038922
4.4946904
4.4946904
4.6009855
5.0346694
5.357807
5.791491
7.313638
8.508395
8.504144
7.9599123
6.765155
7.5304804
6.986249
7.747322
7.092544
8.614691
8.070459
6.654608
5.8977866
5.902038
5.0346694
5.468354
6.5525646
9.158921
9.592606
9.698901
8.28305
7.632523
8.2915535
7.9641643
6.6588597
7.857869
7.747322
6.986249
7.6410265
7.5304804
7.203091
8.2915535
9.486311
8.937827
10.132585
9.805196
11.221047
11.004206
9.15467
10.243132
10.243132
9.260964
9.698901
9.15467
9.265217
8.504144
6.981997
8.618942
7.096796
7.096796
7.636775
7.5304804
7.309386
7.526228
8.8315325
9.158921
8.720985
7.9599123
8.725238
8.070459
6.981997
7.747322
8.504144
9.044123
10.893659
11.761026
12.411553
12.301006
11.2125435
11.327342
10.783112
10.459974
9.15467
8.070459
8.614691
8.725238
8.720985
9.048374
8.504144
8.287301
8.937827
8.397848
8.2915535
8.725238
6.2251754
6.5525646
5.464102
6.5525646
7.313638
7.853617
8.287301
9.919995
10.243132
9.477807
10.353679
9.588354
8.606187
10.243132
9.698901
11.004206
10.349427
10.787363
11.548436
10.999953
10.566269
10.783112
10.349427
10.349427
10.353679
9.265217
10.02629
9.592606
10.02629
10.464226
9.809448
8.393597
9.486311
8.94208
7.853617
6.765155
8.618942
8.181006
8.8315325
10.02629
11.548436
10.783112
10.783112
11.004206
11.1105
10.566269
10.02629
10.247384
8.725238
8.397848
8.070459
9.486311
10.89791
10.349427
10.787363
11.1105
10.889407
10.999953
10.893659
9.15467
8.8315325
8.946331
7.5304804
7.207342
7.5347314
7.4241843
5.6809444
6.6588597
8.397848
9.048374
9.265217
10.02629
10.566269
10.566269
10.02629
9.158921
8.508395
8.2915535
8.185258
8.4021
7.9684157
6.986249
7.313638
8.946331
9.809448
9.482059
10.353679
11.004206
11.004206
11.765279
11.548436
11.331594
10.349427
10.676816
11.221047
8.8315325
9.375764
8.287301
8.8315325
10.570521
10.243132
9.698901
10.459974
11.331594
11.437889
10.6725645
12.415805
11.544185
10.999953
11.9821205
11.1105
10.783112
10.787363
10.676816
10.89791
9.919995
9.371511
10.132585
10.676816
10.349427
11.327342
10.893659
11.437889
10.566269
10.787363
11.548436
10.676816
11.437889
11.327342
12.5220995
11.65048
12.194712
12.845238
12.301006
12.628395
12.628395
11.977869
11.544185
11.437889
11.437889
10.349427
10.349427
10.893659
11.437889
11.977869
11.871573
12.5220995
11.323091
10.6725645
11.544185
12.738942
12.955785
13.60631
13.602058
14.367384
13.925196
13.818902
14.35888
14.469427
15.013659
14.584226
14.584226
13.062079
12.628395
13.385218
12.955785
12.624144
13.60631
13.389469
13.278922
12.738942
13.278922
12.955785
13.066331
12.628395
11.756775
12.301006
12.517848
12.628395
12.084165
11.327342
11.1105
9.588354
9.809448
9.048374
9.375764
9.375764
8.614691
10.030542
8.82728
9.809448
9.915743
10.783112
11.221047
10.459974
9.482059
10.353679
10.787363
11.1105
11.004206
11.761026
12.632647
12.849489
12.305258
11.544185
10.345176
10.455723
10.676816
9.69465
9.486311
8.8315325
8.4021
6.6588597
6.986249
7.857869
7.636775
6.6588597
8.074712
7.747322
6.986249
8.185258
8.185258
6.8799534
8.4021
8.512647
8.618942
7.203091
8.4021
8.618942
8.94208
7.857869
8.185258
8.295805
6.663111
7.4284363
7.4284363
6.7736583
7.313638
7.5304804
7.857869
7.6410265
7.313638
7.6410265
6.663111
6.339974
5.2557635
4.7115326
5.1494684
4.605237
3.62307
4.6009855
4.7115326
4.928375
4.4946904
3.844164
3.4104798
3.5210268
2.8662488
3.3041847
2.6494067
2.5388596
4.2821
3.7336173
4.4946904
4.7115326
4.8220797
4.167301
3.9504592
4.8220797
3.7336173
5.1494684
4.3841434
5.038922
5.038922
6.667363
6.667363
6.339974
6.4462695
6.2294273
7.207342
7.747322
7.9641643
8.287301
8.181006
7.309386
6.765155
8.181006
8.181006
6.8799534
6.8799534
6.123132
4.167301
1.8840815
2.9767957
2.4368165
1.6757431
1.1315118
2.2199743
3.1978896
3.6273217
5.2557635
6.4462695
7.857869
7.526228
9.698901
10.999953
12.407301
13.274671
13.712605
14.584226
13.057828
10.668313
10.893659
11.004206
9.048374
9.269468
7.857869
5.795743
5.9105415
5.1494684
5.2557635
4.056754
4.7115326
4.6009855
4.6009855
4.5967336
5.030418
6.8799534
6.875702
7.526228
7.415681
9.158921
9.150418
9.69465
10.783112
11.544185
10.6725645
9.800944
10.783112
10.345176
10.23888
9.698901
9.15467
8.937827
9.809448
9.048374
10.02629
10.132585
8.933577
9.915743
10.128334
9.477807
11.327342
10.349427
10.783112
10.6725645
10.6725645
10.23888
10.132585
9.805196
10.128334
10.676816
10.893659
10.676816
10.570521
9.588354
9.15467
8.933577
9.482059
9.915743
9.911491
10.23888
10.889407
12.084165
12.407301
12.407301
12.730438
13.274671
13.057828
13.929449
12.947281
12.403049
12.079912
12.296754
12.079912
11.323091
11.756775
11.323091
11.756775
11.867322
11.871573
11.106249
10.124082
11.761026
11.216796
11.433638
12.194712
11.2125435
11.973618
12.301006
12.734691
13.057828
12.301006
12.628395
11.106249
11.1105
11.216796
11.221047
10.349427
10.243132
9.371511
10.243132
10.349427
9.371511
8.389345
9.915743
8.066207
8.28305
10.136837
10.23888
10.23888
10.0220375
11.216796
10.128334
11.654732
11.216796
11.327342
11.327342
10.459974
9.915743
9.592606
9.371511
9.260964
9.915743
9.588354
9.260964
9.69465
9.915743
9.915743
10.132585
8.287301
8.725238
9.158921
7.636775
7.747322
8.074712
7.092544
7.636775
7.636775
9.592606
10.02629
9.044123
10.783112
10.349427
11.327342
11.544185
10.999953
10.455723
11.004206
11.1105
11.004206
10.676816
10.783112
9.15467
9.375764
9.371511
8.504144
9.158921
9.158921
7.309386
8.4021
8.725238
7.0882916
8.287301
9.592606
8.393597
8.504144
8.504144
8.8315325
7.747322
9.269468
8.287301
9.269468
8.8315325
8.287301
7.74307
8.614691
9.371511
9.482059
9.482059
10.459974
9.915743
10.676816
10.893659
10.132585
9.805196
10.459974
10.893659
10.459974
9.915743
9.477807
10.132585
10.349427
9.15467
10.136837
9.482059
9.15467
9.698901
9.265217
9.375764
9.588354
7.955661
9.265217
10.02629
9.477807
9.915743
10.02629
10.676816
10.0220375
10.23888
10.349427
10.459974
9.588354
9.371511
9.809448
10.243132
10.132585
10.132585
11.221047
10.783112
11.539933
12.624144
13.60631
13.818902
13.380964
13.708355
12.951532
12.407301
10.128334
10.893659
8.82728
7.632523
8.074712
6.663111
6.012585
5.2557635
2.7557018
2.6494067
3.5210268
3.844164
3.189386
6.2336793
6.9905005
8.181006
9.482059
10.455723
11.867322
13.278922
12.947281
13.818902
13.708355
15.013659
14.465176
15.119954
15.013659
13.062079
11.977869
10.566269
8.720985
7.5304804
7.096796
5.0346694
3.189386
3.3041847
2.8705006
3.0873425
2.9767957
4.3883953
3.8399122
4.7072806
6.875702
9.048374
9.044123
10.783112
9.911491
10.349427
10.6725645
10.132585
11.1105
11.1105
10.783112
10.353679
9.592606
8.2915535
8.185258
7.9684157
6.8799534
6.450521
5.468354
5.583153
5.3620586
5.2557635
5.2557635
6.2336793
5.0346694
5.1452165
5.3620586
6.123132
5.3620586
4.379892
6.123132
5.3620586
5.689448
4.928375
5.038922
5.1494684
4.8220797
3.7336173
4.3883953
4.3883953
4.715784
3.737869
2.7599535
3.7421207
2.9767957
2.4325645
2.9767957
4.4989424
4.0610065
4.171553
4.3883953
3.4104798
2.8662488
2.7599535
2.8705006
2.8705006
2.4368165
2.330521
2.2199743
2.003132
0.91466975
2.003132
1.5694479
1.3526058
0.3746904
1.2463106
0.7020795
0.1578483
-0.38638288
1.1357636
1.0294685
1.3526058
1.896837
1.7862899
2.1094272
1.3526058
0.59153247
0.8126264
-0.49267802
-0.054742
-0.7052683
-1.0326574
-2.3379617
-1.4663416
-1.7894788
-2.665351
-1.4705935
-1.1432043
-1.1474562
0.1621001
-0.49267802
-0.930614
1.0294685
1.7862899
2.9852993
1.6757431
2.330521
2.7642052
3.5252786
2.65791
1.5694479
1.5736997
0.1621001
-0.16103715
0.06005676
-2.006321
-2.116868
-2.33371
-2.6568472
-3.5284674
-3.7453096
-3.9621515
-3.4179204
-2.767394
-3.9621515
-3.7453096
-3.5242157
-3.4179204
-3.4179204
-2.4400053
-1.9000257
-2.1211197
-0.27158412
-0.49267802
0.8126264
0.26839525
1.2463106
0.8083746
0.7020795
1.5736997
0.26839525
0.8126264
0.05155315
0.37894222
-0.16528895
-0.70952016
-0.9221104
-3.3158772
-2.661099
-2.6568472
-5.050614
-3.9621515
-4.395836
-4.289541
-2.5505521
-3.3158772
-1.2494994
-1.3600464
-1.7937305
-1.2494994
-1.6874356
-1.4705935
-0.59897316
-1.1432043
-0.7052683
-1.0326574
-0.59897316
0.1621001
-0.38213107
0.26414344
2.003132
2.6536584
3.1978896
3.631574
2.9767957
2.4325645
2.8705006
2.6494067
2.7599535
3.0873425
2.2157223
2.5431116
1.8925852
2.003132
1.2420589
0.8083746
0.3746904
-0.38638288
0.05155315
-0.603225
-1.2580031
-1.2580031
-0.38638288
0.48098555
-0.06324561
1.8925852
2.2199743
1.7820382
2.2157223
1.8883334
2.3220174
2.9767957
3.4104798
4.3883953
4.0610065
4.167301
3.7336173
3.844164
4.4946904
2.972544
4.065258
3.848416
3.0830908
2.9767957
3.1936376
3.5167751
3.844164
3.4104798
4.0610065
3.7336173
3.406228
3.5167751
4.4946904
3.189386
4.2778482
4.2778482
4.3841434
4.2778482
5.2557635
5.1452165
3.5125234
5.689448
4.490439
4.379892
5.0346694
5.6851964
4.5967336
6.2294273
5.902038
6.663111
7.207342
7.857869
7.747322
7.419933
6.2209234
8.725238
8.397848
8.614691
8.8315325
8.070459
8.397848
8.504144
8.287301
7.636775
8.4021
6.4420176
7.7515736
7.6410265
6.769407
6.3314705
6.8799534
6.769407
6.3357224
5.791491
6.1188803
4.8135757
6.4462695
7.313638
7.313638
7.313638
6.114629
7.203091
7.092544
8.94208
8.720985
9.15467
8.504144
8.066207
9.482059
9.588354
8.716734
10.893659
10.23888
10.566269
10.23888
10.455723
9.911491
9.477807
10.349427
9.36726
9.371511
10.676816
10.349427
9.805196
9.698901
8.176754
9.482059
8.28305
8.937827
9.375764
9.371511
8.610438
8.610438
8.287301
9.15467
9.588354
9.588354
9.69465
11.1105
10.455723
10.234629
11.544185
10.566269
10.77886
10.783112
11.216796
12.194712
11.106249
11.761026
10.668313
10.128334
10.6725645
10.128334
10.889407
10.676816
10.23888
10.783112
9.477807
9.915743
8.499891
9.698901
9.915743
9.69465
10.132585
9.044123
10.459974
10.23888
9.915743
10.676816
10.0220375
10.455723
10.893659
11.327342
9.907239
9.36726
10.0220375
11.1105
10.6725645
11.106249
10.893659
10.6725645
9.911491
10.349427
10.0220375
10.0220375
9.915743
10.0220375
9.915743
10.455723
10.132585
9.150418
9.371511
10.132585
9.044123
9.260964
8.82728
8.720985
9.044123
8.393597
8.287301
9.375764
8.393597
7.632523
9.15467
8.720985
9.371511
9.15467
8.937827
9.482059
9.260964
8.610438
9.805196
8.937827
9.260964
8.716734
8.393597
9.588354
9.150418
8.937827
8.82728
8.937827
8.8315325
9.375764
9.809448
8.066207
9.482059
10.132585
8.610438
8.504144
7.9599123
9.048374
8.287301
7.747322
8.181006
8.070459
7.1988387
8.397848
7.9599123
8.287301
8.397848
8.176754
8.070459
8.614691
7.9641643
8.287301
6.981997
8.181006
8.287301
7.74307
8.070459
8.725238
8.397848
8.181006
7.9641643
8.725238
8.181006
7.9599123
9.592606
9.698901
10.132585
10.132585
10.349427
9.477807
9.588354
9.698901
9.371511
10.136837
9.044123
9.805196
9.371511
10.676816
10.459974
9.260964
10.136837
9.15467
9.265217
9.375764
8.8315325
9.482059
9.703153
9.805196
10.676816
10.566269
10.783112
10.893659
10.6725645
9.69465
10.676816
10.893659
10.562017
10.676816
10.0220375
11.437889
11.654732
11.548436
10.783112
10.349427
9.265217
9.698901
10.243132
9.477807
10.893659
10.349427
10.455723
10.893659
11.221047
10.23888
10.783112
10.349427
11.765279
10.345176
9.256713
10.566269
10.349427
10.566269
9.911491
9.477807
10.132585
10.132585
9.805196
9.15467
9.805196
9.69465
10.345176
11.327342
10.6725645
11.2125435
12.194712
12.411553
10.885155
12.084165
11.756775
12.411553
12.190459
12.628395
12.738942
11.433638
10.889407
11.327342
10.6725645
10.349427
9.805196
10.455723
11.004206
10.349427
10.0220375
9.15467
9.371511
8.610438
9.265217
8.937827
9.482059
10.566269
8.933577
10.132585
9.698901
10.0220375
10.23888
10.676816
10.676816
11.221047
9.911491
10.349427
10.349427
9.911491
10.349427
10.783112
10.787363
9.588354
9.588354
9.482059
9.698901
10.566269
9.477807
9.477807
11.004206
10.23888
9.36726
11.1105
10.349427
9.588354
9.809448
8.28305
7.521976
8.287301
7.9599123
7.521976
7.9599123
7.415681
7.74307
7.853617
8.614691
8.287301
7.9641643
7.74307
8.287301
8.725238
8.725238
8.937827
9.375764
8.287301
8.614691
7.9599123
8.504144
8.720985
8.720985
9.482059
7.74307
7.636775
7.636775
7.092544
7.9641643
7.747322
7.309386
6.765155
7.419933
8.2915535
6.765155
6.981997
6.0040812
7.203091
7.636775
6.4420176
7.747322
7.203091
7.092544
6.875702
6.5483127
7.526228
8.070459
8.720985
8.504144
9.809448
8.8315325
8.176754
8.937827
9.371511
9.371511
8.716734
9.371511
9.915743
8.28305
8.725238
7.309386
6.4377656
7.419933
7.203091
6.4420176
8.074712
8.074712
6.3314705
6.2251754
6.3314705
7.313638
5.353555
6.1188803
5.030418
5.795743
5.902038
6.2294273
5.8977866
5.8977866
6.3357224
6.4420176
6.875702
7.203091
6.6588597
7.203091
7.5304804
6.3314705
6.6588597
6.769407
7.203091
6.875702
7.747322
7.092544
7.747322
7.5304804
6.0040812
6.986249
7.419933
7.092544
6.5483127
6.986249
5.8977866
6.6588597
6.986249
6.6588597
6.6588597
6.4420176
6.114629
6.4420176
7.203091
6.2251754
5.902038
6.2251754
5.791491
5.791491
6.8799534
6.3357224
5.8977866
6.769407
6.2251754
5.464102
6.2251754
6.5525646
6.4420176
7.313638
7.5304804
7.9641643
6.0040812
7.203091
8.397848
8.287301
7.636775
7.636775
7.853617
6.875702
7.5304804
6.769407
6.4420176
6.769407
7.857869
6.986249
7.203091
7.096796
6.5525646
6.008333
7.207342
6.4462695
6.008333
6.008333
7.203091
7.636775
8.074712
7.526228
7.415681
7.309386
7.853617
8.074712
7.9599123
9.052627
8.720985
8.287301
9.919995
8.504144
8.287301
9.158921
9.375764
8.8315325
7.747322
8.181006
8.725238
8.074712
7.636775
7.636775
7.526228
7.092544
7.526228
8.508395
8.397848
7.415681
8.618942
8.181006
8.287301
7.9599123
8.614691
9.698901
8.716734
9.15467
8.610438
9.698901
10.23888
9.260964
9.915743
10.89791
10.783112
10.783112
11.548436
10.676816
11.1105
10.893659
10.676816
11.1105
10.6725645
10.455723
11.1105
11.761026
10.77886
10.783112
10.893659
10.893659
10.566269
10.0220375
10.132585
10.783112
10.459974
9.911491
10.0220375
10.349427
10.893659
10.787363
10.349427
9.36726
9.698901
9.805196
9.477807
10.0220375
10.455723
10.893659
10.6725645
9.584103
11.216796
10.889407
11.977869
11.544185
10.77886
11.867322
11.867322
11.539933
12.194712
11.539933
11.867322
11.318839
12.190459
11.756775
11.756775
10.995702
11.65048
11.973618
11.867322
11.867322
11.756775
11.318839
12.955785
12.951532
11.973618
12.628395
13.278922
11.969365
12.407301
12.517848
13.495763
13.495763
12.190459
13.168375
13.278922
13.929449
13.385218
15.124206
14.792564
14.252585
14.903111
15.119954
15.119954
15.447342
16.318964
14.903111
15.013659
15.447342
15.119954
15.013659
14.796817
14.256837
12.840985
12.407301
12.088415
12.194712
11.216796
11.323091
11.977869
13.500016
13.495763
13.062079
13.495763
12.951532
13.385218
12.951532
13.60631
13.495763
14.363132
14.035743
14.256837
14.690521
14.252585
14.796817
15.668436
15.230501
14.792564
14.68627
15.451593
15.124206
13.929449
13.602058
14.690521
13.925196
14.579974
14.690521
13.929449
13.818902
12.084165
12.084165
11.646228
11.65048
12.5220995
12.517848
12.845238
12.955785
13.495763
12.513597
12.513597
13.057828
13.708355
14.473679
14.473679
14.363132
14.035743
13.491511
13.712605
13.712605
14.363132
13.602058
13.818902
13.274671
14.796817
13.929449
13.495763
14.14629
13.823153
13.716857
13.278922
12.190459
12.845238
13.60631
13.602058
14.584226
14.584226
12.730438
13.495763
13.062079
12.517848
13.168375
12.845238
12.738942
13.062079
11.429386
11.539933
12.088415
11.977869
11.65048
11.327342
10.566269
10.893659
10.783112
10.893659
11.216796
11.433638
11.544185
11.761026
12.084165
12.194712
11.433638
13.066331
12.628395
13.278922
12.951532
13.057828
13.380964
14.579974
14.256837
13.278922
12.407301
10.6725645
9.482059
8.070459
6.1188803
5.1452165
4.8220797
4.4946904
4.6009855
4.928375
7.1010475
7.7515736
7.203091
10.136837
9.805196
9.800944
11.871573
11.756775
11.973618
12.088415
11.977869
10.455723
11.765279
10.345176
10.783112
10.787363
10.23888
10.02629
9.486311
7.419933
7.857869
7.207342
5.795743
5.689448
6.667363
6.2294273
6.4462695
7.9684157
6.8799534
6.6588597
7.9684157
7.9641643
7.5304804
7.313638
7.313638
6.4420176
7.5347314
7.313638
7.857869
7.9641643
7.313638
7.857869
6.4420176
5.8977866
7.4241843
5.8977866
6.3357224
6.556816
6.7736583
5.8977866
7.857869
7.747322
7.636775
6.4420176
6.6588597
6.769407
6.769407
7.4241843
6.8799534
6.008333
6.1188803
5.6851964
6.556816
5.574649
6.556816
6.123132
5.030418
3.9462075
5.1452165
4.379892
4.6009855
5.1452165
4.3841434
3.8399122
5.0346694
5.795743
5.902038
6.5525646
6.8799534
6.5525646
5.6809444
6.2294273
7.4284363
4.924123
5.0346694
6.016837
4.490439
3.5125234
4.3841434
5.4726057
5.251512
4.490439
5.578901
4.167301
3.6273217
3.5167751
3.189386
2.7557018
3.844164
3.5167751
2.972544
3.5167751
3.299933
3.299933
3.844164
3.0830908
3.3041847
2.6536584
2.5431116
2.5431116
1.565196
1.1315118
1.565196
1.565196
-0.17804438
1.3441021
1.4503974
1.7777863
2.3220174
3.406228
4.167301
5.1452165
4.8178277
5.1452165
3.078839
3.844164
3.5167751
3.299933
2.3220174
2.2114706
2.2114706
1.9946285
3.6273217
2.972544
3.844164
1.9946285
4.065258
2.5388596
1.8883334
2.7599535
2.2157223
2.2157223
2.2157223
2.2114706
1.7777863
2.9767957
2.4325645
1.5609442
1.8883334
2.3220174
2.6494067
2.3220174
3.631574
2.7557018
3.844164
4.0610065
4.4946904
4.3841434
3.078839
5.1494684
4.2778482
2.972544
3.954711
2.4325645
2.3220174
3.0830908
2.3220174
3.954711
3.1936376
2.9767957
3.737869
3.0830908
2.1051755
2.6494067
2.1051755
2.1051755
3.414732
2.5431116
0.799871
2.7599535
1.7820382
1.8883334
2.6494067
2.6494067
2.2114706
2.6451547
3.299933
3.189386
2.3177657
2.861997
3.8399122
3.2956812
5.1452165
5.0346694
4.4861865
5.6851964
5.578901
4.5967336
4.2735963
3.299933
2.7557018
2.2114706
3.414732
2.9767957
1.9988803
1.348354
1.2335552
2.5431116
1.6714911
1.7777863
3.0830908
3.189386
2.6451547
3.62307
2.861997
4.2778482
4.7115326
3.8399122
4.7115326
4.8220797
3.078839
4.8220797
4.7115326
3.5125234
3.7336173
4.2735963
3.8399122
4.928375
5.795743
4.8178277
6.012585
4.7072806
5.140965
5.791491
5.030418
5.251512
5.574649
4.7072806
5.140965
5.574649
6.2294273
6.339974
4.5967336
4.7072806
5.578901
3.8356605
5.0346694
5.6851964
5.030418
5.578901
4.924123
4.269345
3.9462075
4.490439
5.6851964
4.379892
5.251512
5.140965
5.902038
6.3357224
6.4420176
7.207342
7.313638
6.2251754
6.769407
7.6410265
6.2209234
6.5483127
7.092544
6.0040812
6.3314705
6.765155
7.203091
7.526228
7.203091
7.853617
7.415681
7.0882916
6.87145
7.849365
8.720985
8.720985
7.4114294
8.720985
8.82728
9.044123
9.044123
8.1725025
8.82728
9.477807
9.36726
10.23888
10.455723
10.783112
10.128334
10.77886
11.216796
11.433638
10.562017
10.999953
11.433638
12.084165
11.539933
11.323091
11.433638
12.088415
10.566269
10.017787
10.783112
10.345176
10.889407
11.2125435
11.867322
11.977869
11.867322
11.539933
10.668313
11.544185
11.646228
12.5220995
11.323091
11.2125435
11.756775
11.2125435
11.8630705
12.301006
12.301006
12.517848
12.951532
11.8630705
13.168375
14.035743
13.597807
14.469427
15.230501
14.248333
14.031491
14.035743
14.796817
14.252585
14.907364
14.796817
14.35888
14.252585
14.575723
15.553638
13.814649
14.907364
15.230501
13.5935545
13.925196
14.14629
13.818902
13.491511
13.057828
13.818902
13.164123
13.385218
13.708355
14.68627
13.818902
15.013659
14.35888
14.142038
15.664186
15.336795
15.664186
15.336795
15.336795
15.009407
15.447342
15.115701
15.009407
15.447342
15.987322
15.119954
15.447342
15.119954
14.142038
15.557889
15.013659
14.469427
13.925196
14.252585
13.380964
13.929449
13.818902
12.947281
13.818902
13.495763
13.274671
13.168375
12.296754
13.495763
13.274671
12.513597
13.057828
13.164123
12.840985
13.712605
13.712605
12.840985
12.190459
12.084165
12.517848
11.539933
12.305258
12.084165
11.539933
11.65048
12.411553
11.65048
11.539933
12.190459
11.429386
11.977869
12.301006
10.668313
11.761026
11.65048
11.65048
11.323091
10.6725645
10.893659
10.455723
10.128334
10.128334
10.566269
10.566269
10.783112
10.893659
10.676816
10.132585
10.893659
10.999953
12.088415
12.084165
12.411553
12.734691
13.495763
13.818902
13.708355
12.951532
14.261088
13.495763
13.168375
13.60631
13.60631
13.495763
13.062079
12.517848
13.062079
12.305258
10.783112
9.150418
9.265217
8.94208
9.809448
10.353679
10.353679
11.548436
10.566269
10.6725645
12.194712
12.517848
13.278922
14.14629
14.796817
14.469427
15.013659
15.013659
14.473679
15.234753
14.907364
14.796817
13.929449
13.712605
13.495763
12.628395
11.756775
11.544185
11.765279
10.893659
9.915743
10.570521
10.132585
9.698901
11.221047
10.0220375
11.216796
11.761026
12.628395
13.168375
12.951532
11.969365
12.296754
14.256837
14.903111
15.013659
15.553638
15.987322
15.664186
15.009407
15.119954
14.68627
14.35888
14.469427
12.951532
12.624144
13.062079
12.517848
13.278922
12.407301
12.951532
12.840985
12.840985
12.301006
11.535681
11.973618
12.517848
13.062079
13.385218
12.513597
14.14629
12.947281
12.186207
12.951532
12.951532
12.513597
12.734691
12.411553
11.318839
11.867322
12.5220995
11.977869
11.106249
10.128334
11.654732
10.23888
10.889407
10.0220375
10.0220375
10.128334
10.783112
10.676816
9.477807
10.128334
10.0220375
9.911491
9.69465
10.676816
9.039871
9.584103
11.216796
10.45147
10.455723
9.911491
9.256713
9.36726
10.128334
10.566269
10.23888
8.712482
10.349427
10.0220375
9.15467
9.048374
8.504144
8.720985
7.526228
6.981997
7.857869
6.5483127
6.2209234
7.5304804
7.419933
6.6588597
6.986249
7.747322
7.203091
8.185258
8.2915535
7.526228
9.052627
8.8315325
7.526228
9.052627
8.94208
6.875702
7.313638
7.096796
6.8799534
7.4241843
6.7736583
6.2251754
6.9905005
5.6851964
5.6851964
5.357807
4.490439
4.2735963
3.2914293
4.490439
4.8178277
5.90629
4.7115326
5.251512
5.0346694
5.0346694
5.357807
5.8977866
6.8799534
7.096796
7.096796
7.857869
7.6410265
6.6588597
7.857869
8.4021
7.313638
6.3357224
6.4462695
6.4462695
5.574649
6.556816
5.795743
5.1452165
5.038922
4.7115326
4.171553
3.7336173
2.4283128
2.8662488
2.5388596
1.6672394
2.4325645
2.8662488
2.972544
2.7557018
3.406228
3.406228
4.3883953
4.3841434
3.6188183
4.490439
5.140965
6.556816
5.464102
5.357807
6.8799534
6.6588597
5.8977866
7.096796
6.5525646
5.6809444
5.574649
6.008333
7.207342
6.4462695
6.9905005
6.1188803
6.123132
5.795743
5.251512
5.0346694
5.0346694
5.468354
5.90629
5.3620586
5.795743
6.012585
6.123132
5.251512
6.123132
5.578901
5.3620586
4.8178277
5.3620586
5.0346694
5.251512
6.123132
5.3620586
5.0346694
6.561068
5.574649
5.574649
5.791491
6.1188803
7.8621206
7.4241843
7.096796
6.986249
6.8799534
7.7515736
6.8799534
6.8799534
7.207342
6.012585
6.8842053
5.357807
5.795743
6.012585
6.012585
5.468354
5.251512
5.795743
5.795743
5.357807
6.008333
6.8799534
6.339974
6.123132
6.4462695
6.7736583
6.5525646
7.096796
7.857869
7.857869
7.419933
7.857869
8.618942
8.4021
8.508395
8.2915535
6.986249
8.729489
7.5304804
7.857869
7.9641643
7.857869
7.857869
7.6410265
7.7515736
7.096796
6.5525646
7.9684157
7.9684157
6.986249
6.663111
6.9905005
7.317889
7.317889
6.339974
7.2115946
6.2294273
6.2294273
5.795743
6.7736583
6.012585
6.2294273
6.2294273
6.556816
7.9684157
7.096796
7.9684157
7.203091
7.9684157
7.096796
7.5304804
8.185258
7.9641643
7.5304804
7.747322
7.5304804
6.663111
6.012585
5.90629
5.90629
5.468354
6.016837
6.123132
5.468354
6.123132
6.339974
6.123132
6.339974
4.8178277
5.2557635
5.799995
5.2557635
5.0346694
5.1452165
5.468354
5.578901
4.924123
6.2336793
6.2336793
4.056754
5.90629
5.689448
4.7072806
6.667363
6.9905005
5.574649
7.207342
6.5525646
7.207342
7.4241843
6.2251754
6.663111
7.207342
7.5347314
6.4462695
7.6452785
6.2294273
5.6851964
6.9905005
7.4241843
6.769407
7.4241843
6.5525646
5.6809444
5.6851964
5.795743
5.6851964
5.902038
6.7736583
6.663111
7.207342
6.3357224
5.8977866
7.5304804
6.769407
7.313638
7.6410265
7.419933
7.5304804
7.747322
7.6410265
8.4021
7.9641643
7.747322
8.4021
8.181006
8.070459
8.94208
8.070459
8.508395
8.287301
7.636775
8.2915535
8.94208
7.9641643
9.703153
9.269468
9.048374
8.614691
8.181006
8.181006
7.526228
8.2915535
9.596858
9.265217
8.720985
10.02629
10.132585
9.588354
10.787363
10.132585
10.566269
10.566269
11.327342
10.566269
11.1105
11.548436
11.221047
10.893659
11.544185
11.654732
11.761026
10.889407
11.221047
10.6725645
10.455723
10.893659
11.437889
10.345176
11.004206
10.893659
10.676816
11.1105
10.349427
10.566269
9.805196
11.004206
10.459974
9.698901
11.004206
10.676816
11.004206
10.243132
10.566269
9.911491
10.349427
10.0220375
10.783112
11.871573
11.65048
11.216796
10.893659
11.977869
10.45147
12.415805
10.77886
10.6725645
11.433638
12.415805
11.65048
10.77886
12.088415
11.106249
10.6725645
10.893659
11.1105
10.893659
11.1105
10.783112
10.893659
10.783112
10.566269
10.783112
9.911491
11.1105
9.800944
9.805196
10.349427
10.349427
9.044123
10.243132
10.349427
10.132585
10.353679
10.243132
8.720985
9.592606
10.676816
9.260964
9.805196
9.592606
9.482059
10.136837
9.265217
8.610438
9.592606
9.048374
9.158921
8.397848
7.9641643
8.618942
7.419933
6.5483127
8.618942
7.747322
6.986249
7.313638
6.6588597
7.419933
7.747322
7.747322
6.5483127
7.203091
6.875702
7.857869
7.203091
7.5304804
6.769407
7.5304804
6.4420176
6.6588597
7.9684157
7.096796
6.4420176
6.3357224
6.9905005
5.140965
6.8842053
5.468354
5.0346694
6.012585
6.339974
5.689448
6.2336793
5.1452165
4.3841434
4.928375
5.4726057
4.056754
4.928375
3.62307
5.689448
5.689448
3.7293656
3.9504592
4.4946904
4.167301
3.9504592
5.038922
4.8178277
4.7115326
4.7115326
5.90629
4.8178277
4.490439
6.667363
6.556816
6.2294273
6.4462695
7.096796
5.791491
7.4241843
6.9905005
7.207342
6.663111
6.663111
7.317889
5.902038
6.012585
4.924123
6.667363
5.4726057
5.3620586
6.2336793
5.578901
5.0346694
4.8178277
4.928375
5.4726057
5.3620586
5.689448
4.924123
4.8178277
5.038922
4.7115326
3.5167751
4.0610065
3.844164
3.6273217
3.7336173
5.4768577
5.4726057
5.578901
5.90629
5.795743
4.5967336
4.928375
6.016837
5.578901
3.62307
3.7293656
4.8220797
3.8399122
4.6009855
4.8220797
5.038922
4.0610065
3.5125234
3.62307
4.3883953
3.7336173
2.4283128
3.5167751
4.3841434
4.8178277
5.578901
4.924123
4.6009855
5.1452165
5.468354
5.251512
5.3620586
6.012585
5.902038
6.008333
6.9905005
6.8799534
6.5525646
6.9905005
7.096796
5.574649
6.339974
5.357807
4.1630497
3.7293656
4.3841434
4.3841434
4.056754
4.928375
5.578901
6.123132
5.251512
4.490439
4.2735963
4.056754
3.2956812
4.928375
5.251512
4.1630497
4.4946904
4.8178277
5.0346694
4.5967336
5.578901
5.468354
6.2294273
6.012585
6.2294273
6.2294273
6.3357224
6.556816
6.5525646
7.313638
6.769407
7.747322
7.5304804
6.3314705
7.203091
7.6410265
7.096796
6.008333
5.791491
6.7736583
6.3357224
5.464102
6.7736583
6.8799534
7.4241843
7.207342
6.008333
6.4462695
5.140965
5.791491
6.339974
6.7736583
5.902038
5.791491
6.663111
7.747322
7.5304804
7.747322
8.4021
7.853617
6.769407
7.857869
7.5304804
6.769407
6.769407
7.7515736
7.313638
7.096796
7.096796
6.6588597
7.4241843
7.5347314
7.096796
6.8799534
6.6588597
7.207342
7.5304804
6.769407
7.203091
8.074712
7.096796
6.769407
7.5304804
7.6410265
6.769407
6.769407
7.096796
6.2251754
5.574649
6.339974
7.5347314
5.8977866
7.5304804
6.769407
7.203091
6.3314705
7.419933
6.986249
8.074712
6.986249
6.769407
7.313638
7.5304804
7.419933
7.419933
7.5304804
7.203091
6.3314705
7.313638
7.6410265
6.875702
6.769407
7.096796
7.096796
6.663111
6.5525646
6.3357224
7.207342
5.902038
5.902038
5.6851964
5.574649
5.357807
6.1188803
6.008333
5.6809444
7.313638
6.6588597
6.6588597
7.857869
6.6588597
7.857869
7.5304804
6.769407
7.092544
6.3314705
6.008333
7.6410265
6.769407
7.313638
6.8799534
7.096796
8.185258
6.4420176
7.096796
7.857869
6.6588597
7.9684157
7.857869
6.008333
6.8799534
7.317889
5.030418
5.795743
6.012585
4.8135757
6.667363
5.357807
4.924123
6.667363
5.1452165
4.6009855
5.1452165
5.3620586
5.689448
6.012585
5.6851964
5.902038
6.012585
5.357807
5.90629
5.795743
5.251512
7.2115946
7.317889
6.4462695
6.4462695
6.7736583
5.6851964
7.1010475
5.357807
5.578901
6.339974
6.123132
5.578901
5.1452165
5.689448
5.1452165
5.140965
6.2336793
5.902038
5.251512
5.90629
4.5967336
6.339974
6.012585
6.450521
5.468354
5.1452165
5.795743
5.6851964
6.339974
6.8799534
5.90629
6.4462695
5.6851964
6.1188803
6.3357224
6.3357224
8.185258
7.096796
8.185258
6.9905005
7.9684157
7.857869
8.074712
6.4420176
8.074712
7.6410265
7.096796
7.6410265
7.207342
6.2294273
5.468354
6.450521
5.140965
4.8135757
6.1188803
6.3357224
6.5525646
6.4420176
6.8799534
7.5304804
7.096796
7.313638
6.986249
7.747322
7.857869
7.5304804
6.875702
8.2915535
8.504144
8.835785
9.375764
8.070459
7.853617
8.070459
8.614691
8.94208
9.048374
9.482059
8.8315325
8.94208
8.066207
8.720985
8.504144
8.720985
8.504144
8.508395
7.747322
6.3314705
6.769407
6.2251754
7.207342
5.791491
6.339974
6.339974
5.795743
4.490439
6.667363
5.468354
6.1188803
6.9905005
7.9684157
7.419933
7.9641643
8.397848
8.614691
8.070459
7.9599123
7.9641643
10.030542
10.681068
9.486311
9.375764
9.809448
7.853617
8.614691
8.94208
8.397848
7.203091
6.986249
6.3314705
5.574649
5.578901
5.0346694
4.3841434
4.490439
4.8178277
4.928375
4.8178277
6.2336793
4.490439
4.6009855
4.3841434
6.2336793
6.339974
7.1010475
7.9684157
8.070459
8.287301
8.720985
9.265217
9.915743
9.15467
9.052627
7.636775
8.2915535
7.5304804
7.5304804
7.4241843
6.5525646
6.4420176
7.4241843
6.769407
5.6809444
6.556816
6.4462695
5.578901
6.016837
6.2294273
6.986249
7.9641643
10.02629
11.433638
11.429386
11.314588
12.296754
12.407301
11.2125435
10.6725645
10.999953
10.6725645
10.893659
11.221047
9.805196
9.158921
7.092544
5.8977866
4.924123
5.0346694
4.167301
5.3663106
4.928375
5.3663106
4.167301
4.928375
5.578901
5.574649
5.6766925
7.9641643
9.265217
9.588354
10.459974
10.132585
10.783112
9.915743
9.698901
10.243132
10.128334
8.716734
8.82728
10.0220375
9.698901
7.305134
7.5304804
6.2251754
6.3357224
6.3357224
6.6588597
6.6588597
6.986249
6.875702
7.092544
5.7872396
5.5703974
6.6588597
7.203091
7.636775
9.048374
8.610438
8.066207
9.15467
8.393597
8.720985
9.044123
8.610438
9.915743
9.15467
9.482059
9.371511
7.632523
7.092544
7.309386
8.397848
7.9599123
6.654608
7.526228
6.765155
6.3314705
5.7872396
5.5703974
5.136713
5.574649
4.0482507
6.3357224
5.8977866
6.0040812
6.4420176
5.893534
5.5661454
6.6588597
7.849365
8.176754
9.260964
9.039871
9.256713
9.256713
8.49564
8.929324
9.3630085
10.017787
9.256713
9.473556
8.061955
9.371511
8.1725025
8.610438
9.482059
7.955661
7.849365
7.0840406
6.106125
7.305134
8.393597
8.610438
9.588354
9.588354
10.459974
10.783112
10.23888
10.455723
10.889407
10.562017
10.77886
10.783112
10.6725645
10.349427
10.787363
9.158921
6.765155
6.8799534
6.3357224
6.008333
6.9905005
5.4598503
4.1587977
4.4861865
4.8135757
3.5082712
4.924123
4.5967336
4.1630497
4.8135757
5.902038
4.8093243
6.0040812
6.3314705
7.74307
8.176754
8.176754
9.048374
8.8230295
9.260964
10.676816
9.698901
8.82728
8.720985
8.287301
7.526228
8.176754
7.092544
8.287301
7.9641643
7.203091
7.203091
6.4420176
5.136713
5.574649
6.986249
5.5703974
5.7872396
6.6588597
6.769407
6.2209234
6.3314705
5.893534
7.5304804
8.2915535
6.6588597
7.309386
7.636775
8.287301
8.066207
8.610438
8.720985
8.499891
9.698901
9.482059
10.02629
10.02629
9.919995
9.371511
10.243132
10.676816
10.455723
9.150418
10.0220375
10.23888
9.805196
9.15467
8.393597
8.614691
9.158921
6.765155
7.5304804
6.875702
6.4420176
6.765155
7.9641643
8.070459
8.82728
9.044123
9.698901
9.588354
9.150418
10.783112
10.455723
9.911491
10.017787
10.6725645
11.327342
11.106249
10.234629
10.562017
10.999953
9.800944
9.69465
9.805196
10.349427
10.0220375
8.8230295
9.805196
10.0220375
8.933577
11.004206
9.800944
10.459974
9.69465
10.23888
9.371511
8.720985
8.937827
8.610438
8.504144
8.176754
8.614691
7.74307
7.1988387
9.048374
9.371511
9.371511
10.353679
9.915743
8.82728
10.0220375
9.911491
9.584103
10.128334
10.455723
9.69465
10.783112
10.017787
11.765279
11.433638
10.23888
11.327342
9.911491
9.36726
9.588354
10.349427
10.566269
10.455723
9.915743
9.371511
10.136837
9.15467
9.044123
9.805196
9.477807
9.482059
10.676816
10.566269
11.221047
10.566269
9.69465
10.783112
10.566269
9.584103
10.893659
11.1105
9.584103
11.004206
11.221047
9.150418
11.004206
10.999953
10.6725645
10.999953
10.889407
10.6725645
11.544185
11.977869
10.455723
11.9821205
10.889407
11.871573
11.1105
10.566269
10.23888
10.0220375
10.132585
10.349427
9.805196
10.132585
10.459974
9.477807
9.698901
11.004206
10.570521
10.676816
9.698901
10.459974
10.676816
9.915743
10.243132
9.588354
8.606187
10.02629
10.349427
9.805196
10.787363
10.455723
10.999953
11.544185
10.783112
10.676816
9.584103
10.349427
10.345176
9.36726
10.893659
10.23888
10.349427
10.23888
10.0220375
10.23888
10.566269
9.911491
9.260964
9.150418
8.933577
9.805196
10.132585
9.477807
9.588354
10.349427
9.15467
9.915743
10.455723
8.716734
10.459974
10.0220375
9.477807
10.132585
10.566269
10.23888
12.088415
11.65048
11.867322
12.517848
11.973618
12.084165
11.65048
10.77886
10.999953
10.893659
11.327342
10.349427
10.783112
10.455723
10.23888
9.150418
10.566269
9.044123
9.15467
10.349427
10.132585
10.676816
10.459974
8.82728
9.477807
9.044123
9.911491
9.477807
10.455723
11.544185
10.562017
11.216796
10.455723
9.584103
10.455723
10.783112
10.128334
10.783112
10.23888
10.783112
9.69465
9.36726
10.783112
10.893659
9.044123
9.371511
10.136837
9.809448
9.482059
8.499891
9.698901
9.915743
9.260964
9.805196
9.36726
9.371511
9.044123
9.588354
8.066207
8.614691
8.937827
8.610438
9.048374
7.955661
8.720985
9.588354
9.260964
10.0220375
10.349427
10.676816
9.69465
8.82728
8.937827
9.588354
9.588354
9.15467
8.82728
9.915743
9.260964
9.915743
8.499891
8.28305
8.287301
8.070459
8.287301
8.508395
8.504144
7.1988387
8.725238
8.614691
7.632523
8.181006
8.070459
7.9599123
8.066207
9.048374
9.375764
8.720985
7.74307
8.725238
7.853617
7.203091
7.5304804
7.419933
7.526228
6.3314705
6.114629
7.313638
7.203091
7.313638
7.203091
7.203091
7.092544
7.9641643
7.9599123
7.309386
7.853617
8.504144
7.74307
8.397848
7.747322
6.875702
7.5304804
7.857869
5.7872396
7.096796
6.008333
6.1188803
6.2294273
5.357807
5.140965
5.795743
5.251512
5.6851964
5.795743
6.556816
5.030418
6.012585
5.0346694
6.2336793
5.578901
4.8178277
5.1452165
5.3620586
4.8178277
4.6009855
5.4726057
4.167301
4.4946904
3.406228
4.8220797
4.7115326
3.5167751
4.715784
3.844164
3.0830908
3.299933
3.844164
4.2778482
3.299933
3.4104798
2.4283128
2.9767957
3.0830908
2.972544
3.299933
3.406228
3.844164
3.844164
3.406228
3.299933
4.0610065
2.7557018
3.0830908
3.4104798
3.299933
3.7336173
3.078839
4.2778482
4.4946904
2.861997
3.299933
3.844164
4.0610065
4.2821
3.954711
2.4325645
2.4325645
2.7599535
2.2157223
2.3262694
2.3262694
1.8925852
1.8925852
2.9810476
1.0167131
1.565196
1.6714911
2.9767957
1.7777863
2.8662488
2.4325645
2.9767957
2.7599535
2.1051755
1.8883334
2.9767957
2.6494067
2.8662488
2.6494067
3.848416
3.299933
2.8662488
2.4325645
2.7599535
3.1978896
2.6494067
1.8883334
2.4325645
1.7777863
2.1051755
2.5431116
1.6714911
1.7820382
1.1315118
1.020965
2.9767957
1.4546491
1.237807
2.6536584
0.910418
1.020965
2.5431116
1.565196
2.1094272
2.3262694
2.6536584
0.3661868
1.9988803
2.5431116
2.1051755
2.6494067
2.1051755
2.4325645
2.6494067
2.9767957
2.8662488
2.5431116
1.9946285
2.1051755
1.8883334
1.7777863
1.7777863
1.4503974
0.799871
0.25989163
0.8041228
1.020965
1.9988803
1.3441021
1.6714911
1.4546491
0.3661868
1.3441021
2.8662488
1.7777863
1.6672394
2.4283128
3.189386
2.4283128
3.9504592
4.167301
4.056754
3.8399122
4.8178277
4.379892
5.90629
4.8135757
4.5967336
6.8842053
6.4462695
6.663111
6.5525646
5.24726
6.5525646
6.2251754
6.2251754
7.4241843
6.6588597
5.464102
6.663111
6.2251754
5.6809444
6.008333
6.8799534
6.2251754
6.008333
6.5525646
7.313638
6.3314705
6.3314705
7.313638
7.313638
7.092544
7.1988387
7.853617
8.8315325
8.504144
8.504144
8.504144
9.265217
8.82728
10.0220375
10.893659
9.805196
10.566269
10.243132
9.805196
10.23888
9.584103
10.23888
10.349427
10.345176
10.6725645
10.0220375
9.69465
10.566269
10.783112
10.345176
10.234629
10.455723
10.45147
10.885155
11.433638
11.65048
11.2125435
11.318839
11.429386
12.301006
11.318839
11.535681
13.057828
13.274671
12.840985
14.363132
14.252585
12.947281
14.473679
13.602058
12.730438
13.708355
12.836734
13.708355
15.341048
14.68627
14.575723
13.925196
13.168375
12.730438
13.057828
13.057828
13.708355
14.142038
13.708355
13.491511
13.708355
12.509345
14.579974
14.68627
13.814649
14.35888
13.597807
14.469427
13.708355
13.270417
13.925196
14.137786
14.465176
15.447342
14.460924
14.2440815
14.788313
15.005156
15.549385
15.226248
14.788313
14.248333
15.447342
14.57147
14.792564
15.447342
15.226248
14.137786
14.68627
14.682017
14.465176
15.009407
15.664186
15.991573
15.119954
14.248333
15.119954
15.553638
14.465176
15.013659
15.447342
14.465176
15.009407
14.792564
15.119954
15.553638
14.89886
14.903111
14.465176
14.354629
15.230501
15.553638
15.770479
15.226248
16.09787
15.443091
15.553638
14.89886
15.336795
14.792564
13.920944
15.119954
15.336795
14.575723
14.903111
15.336795
14.575723
14.903111
15.119954
13.925196
13.48726
14.252585
13.270417
13.270417
14.584226
14.14629
13.818902
13.274671
13.278922
13.274671
12.730438
13.062079
13.278922
12.951532
12.951532
13.495763
13.495763
12.517848
12.624144
12.951532
12.628395
12.951532
13.385218
13.278922
12.624144
12.190459
11.8630705
11.318839
11.646228
11.867322
12.084165
11.756775
10.562017
11.433638
11.323091
9.800944
10.566269
10.128334
10.566269
10.128334
10.566269
9.69465
9.36726
9.805196
9.477807
8.937827
8.610438
9.698901
11.004206
10.23888
9.69465
10.349427
10.017787
11.331594
10.23888
10.783112
9.36726
10.676816
10.893659
8.937827
9.482059
8.28305
7.5304804
7.5304804
6.663111
6.5525646
5.24726
6.4462695
7.6410265
6.6588597
8.504144
8.606187
9.588354
9.584103
10.455723
10.124082
10.455723
11.2125435
10.668313
11.65048
10.234629
9.584103
10.345176
10.455723
8.610438
7.1988387
6.2209234
5.5703974
7.096796
7.096796
7.313638
7.096796
6.1188803
6.986249
7.5304804
7.419933
8.28305
7.955661
8.8230295
9.69465
8.606187
9.584103
9.15467
8.499891
9.69465
9.911491
9.69465
9.805196
10.0220375
9.371511
9.260964
9.371511
7.74307
8.066207
7.9599123
8.937827
9.044123
9.15467
10.349427
10.23888
10.345176
10.23888
10.999953
10.128334
10.128334
9.911491
11.216796
10.889407
10.345176
10.23888
10.77886
10.345176
11.977869
10.995702
10.885155
11.106249
10.23888
10.0220375
9.150418
10.349427
10.999953
10.455723
11.544185
10.234629
10.345176
9.256713
9.36726
9.039871
9.915743
9.044123
9.371511
10.459974
9.044123
9.588354
8.606187
9.260964
9.805196
10.566269
10.345176
10.999953
10.6725645
9.584103
9.800944
9.473556
10.999953
10.889407
10.668313
12.517848
11.429386
11.969365
11.641976
11.425134
12.624144
11.314588
11.208292
11.323091
10.124082
9.57985
10.889407
9.473556
9.039871
10.124082
9.146166
8.929324
10.562017
10.77886
11.977869
10.562017
10.128334
10.893659
9.911491
10.128334
10.783112
11.004206
9.36726
11.106249
10.889407
11.323091
11.973618
11.429386
10.995702
9.039871
10.132585
9.15467
7.955661
7.3008823
7.305134
7.632523
7.849365
8.1725025
7.1945877
7.6282716
8.061955
7.6282716
8.278798
9.584103
10.132585
9.584103
9.69465
10.783112
10.455723
10.45147
10.017787
11.216796
10.128334
9.800944
9.36726
10.783112
10.23888
11.004206
10.0220375
8.8230295
9.698901
9.150418
8.278798
8.389345
8.82728
8.716734
9.482059
9.482059
8.393597
7.632523
8.504144
7.849365
7.9599123
7.849365
7.632523
8.720985
8.82728
8.066207
8.720985
8.82728
9.588354
9.915743
9.805196
9.805196
10.676816
9.69465
10.455723
10.128334
9.800944
9.911491
9.588354
8.933577
8.066207
9.809448
8.8315325
8.8315325
7.849365
7.632523
8.504144
8.610438
8.070459
9.592606
9.15467
8.720985
8.8315325
8.82728
8.066207
8.614691
9.371511
8.933577
9.915743
9.260964
10.566269
10.132585
10.23888
9.911491
9.911491
11.216796
10.6725645
10.128334
9.911491
11.1105
10.889407
10.562017
10.128334
10.562017
11.106249
9.800944
10.128334
10.017787
9.69465
10.455723
10.562017
11.544185
10.455723
10.234629
9.911491
10.23888
11.221047
10.893659
9.584103
10.124082
10.345176
11.65048
11.433638
10.562017
10.995702
11.867322
12.411553
12.734691
12.301006
12.194712
11.756775
11.429386
12.738942
12.840985
12.513597
13.823153
14.035743
13.164123
12.840985
12.513597
11.752523
11.973618
12.517848
12.190459
12.411553
12.734691
12.190459
12.411553
13.278922
12.407301
12.517848
12.734691
12.190459
12.296754
13.062079
12.624144
12.951532
12.840985
13.385218
13.708355
13.708355
14.796817
15.013659
13.920944
14.35888
14.35888
14.796817
14.903111
14.35888
14.252585
15.124206
14.142038
15.124206
13.925196
14.907364
13.818902
13.057828
13.495763
14.039994
12.730438
13.057828
12.951532
14.14629
15.013659
13.48726
14.035743
15.119954
14.575723
14.796817
14.252585
13.597807
15.230501
14.796817
15.557889
15.336795
13.920944
15.119954
15.447342
15.336795
15.664186
15.557889
15.009407
15.774733
15.119954
15.447342
15.774733
15.991573
15.119954
15.664186
15.447342
14.792564
14.575723
14.579974
14.363132
14.690521
14.035743
14.801068
14.801068
14.035743
13.712605
14.039994
12.734691
12.301006
12.628395
13.495763
13.278922
14.584226
14.584226
14.579974
12.947281
13.929449
14.035743
13.925196
15.230501
15.774733
15.009407
15.447342
14.690521
15.451593
14.792564
13.925196
15.124206
14.796817
13.597807
14.473679
13.602058
13.385218
12.845238
11.756775
12.301006
11.977869
11.539933
12.955785
11.973618
11.756775
11.867322
12.305258
12.084165
12.407301
12.301006
12.951532
12.951532
14.261088
13.823153
12.951532
13.823153
13.929449
13.168375
13.495763
13.495763
12.951532
13.283173
12.411553
12.084165
11.977869
12.849489
11.977869
11.867322
11.65048
12.198963
12.628395
12.301006
12.738942
11.867322
11.216796
10.893659
10.349427
9.260964
9.698901
9.592606
10.459974
10.132585
9.915743
10.132585
10.243132
9.915743
9.482059
10.570521
11.004206
11.548436
10.459974
10.783112
10.893659
11.004206
11.437889
11.765279
11.1105
11.437889
11.331594
11.327342
11.221047
10.349427
10.132585
9.375764
10.570521
10.243132
9.048374
7.9599123
7.9641643
8.725238
7.747322
8.185258
8.508395
8.729489
8.835785
8.508395
9.052627
8.725238
10.030542
10.243132
10.02629
9.698901
10.681068
9.698901
10.02629
9.703153
9.915743
10.353679
10.353679
10.243132
9.809448
9.698901
9.265217
8.94208
9.048374
9.8137
8.508395
9.596858
7.9641643
8.074712
7.747322
7.747322
7.9684157
7.7515736
7.313638
7.9684157
8.074712
6.769407
7.9684157
7.4241843
7.5304804
8.185258
7.747322
6.875702
7.9641643
8.508395
7.853617
8.4021
8.2915535
7.5304804
7.857869
6.6588597
8.074712
7.313638
8.074712
7.5304804
7.747322
7.857869
7.096796
6.769407
7.317889
6.1188803
7.207342
7.313638
6.5525646
6.2251754
7.207342
7.4241843
6.1188803
6.9905005
7.5347314
6.1188803
6.9905005
5.468354
5.140965
5.357807
6.2294273
6.556816
6.667363
6.4462695
7.6452785
7.096796
5.902038
6.7736583
6.008333
7.096796
7.096796
7.4241843
7.313638
7.096796
7.4241843
7.857869
6.008333
6.8799534
7.096796
5.795743
6.4462695
5.468354
5.578901
5.90629
5.0346694
5.689448
5.468354
5.251512
7.317889
6.8799534
6.4462695
5.574649
6.012585
5.902038
6.1188803
6.4462695
6.2294273
5.902038
5.574649
6.4462695
6.008333
5.791491
6.8799534
6.5525646
6.8799534
6.4462695
6.663111
6.2251754
6.663111
7.857869
7.857869
7.747322
6.765155
6.6588597
8.181006
7.5304804
7.092544
7.6410265
7.9684157
7.203091
6.765155
7.6410265
7.092544
7.5304804
6.986249
8.074712
7.857869
7.4241843
7.5304804
7.6410265
6.6588597
6.4420176
6.986249
7.747322
6.875702
7.747322
8.725238
8.181006
8.725238
7.853617
8.8315325
9.375764
8.8315325
10.02629
9.371511
9.698901
9.809448
9.371511
8.176754
8.94208
8.835785
9.158921
8.070459
8.397848
7.853617
7.309386
7.636775
7.309386
9.158921
9.15467
7.632523
8.287301
8.287301
7.9599123
8.725238
7.0882916
8.614691
7.9599123
8.070459
8.937827
9.588354
8.066207
8.610438
7.849365
8.176754
7.636775
8.287301
8.725238
7.853617
7.9641643
8.397848
8.070459
7.419933
7.415681
6.765155
7.309386
8.181006
7.6410265
6.875702
7.203091
6.765155
7.203091
6.986249
6.981997
6.4377656
7.419933
7.1988387
7.309386
6.986249
6.114629
6.4420176
7.636775
7.636775
8.397848
8.176754
7.1988387
7.9599123
8.28305
8.061955
8.176754
9.048374
9.482059
9.592606
7.849365
8.070459
7.636775
8.070459
6.981997
7.203091
7.9641643
7.419933
6.114629
7.6410265
7.313638
7.096796
6.4420176
6.5525646
6.663111
6.5525646
6.2251754
6.8799534
6.663111
6.8799534
5.6809444
5.574649
6.1188803
6.3357224
7.313638
6.2251754
6.986249
7.313638
6.6588597
6.986249
6.769407
6.5525646
7.4241843
7.313638
6.875702
7.6410265
8.074712
7.203091
6.765155
7.419933
7.313638
7.9641643
7.309386
7.092544
8.4021
7.636775
6.2209234
7.5304804
6.875702
6.986249
6.2251754
5.8977866
6.986249
6.769407
5.7872396
6.4420176
7.096796
6.4420176
7.096796
6.4420176
6.986249
7.203091
6.769407
6.875702
6.769407
6.875702
7.313638
6.769407
7.096796
7.6410265
6.769407
7.096796
7.096796
6.663111
6.2251754
5.791491
7.5347314
6.8799534
6.663111
7.096796
5.791491
4.9198713
5.140965
5.6851964
6.7736583
5.902038
5.464102
6.008333
6.3357224
5.24726
6.4462695
6.3357224
6.8799534
6.769407
6.5525646
6.6588597
5.8977866
7.203091
7.5304804
7.636775
6.875702
7.203091
7.203091
7.203091
7.526228
6.981997
6.986249
7.309386
6.6588597
6.986249
6.6588597
7.092544
7.5304804
6.875702
6.769407
6.5525646
7.4241843
6.6588597
6.4420176
6.986249
8.074712
6.6588597
6.765155
7.203091
7.092544
8.725238
8.614691
8.393597
9.048374
9.15467
9.15467
9.260964
9.371511
10.02629
10.02629
9.809448
10.02629
10.349427
9.805196
10.455723
10.893659
10.566269
9.911491
9.911491
10.0220375
10.132585
10.566269
10.0220375
10.676816
10.349427
10.0220375
10.459974
10.566269
9.36726
10.23888
10.459974
10.23888
10.349427
10.0220375
10.893659
10.6725645
11.1105
10.132585
11.327342
10.999953
10.999953
11.433638
10.889407
11.544185
12.738942
10.889407
11.433638
12.738942
12.301006
11.65048
11.65048
11.871573
11.65048
11.433638
10.566269
11.327342
10.6725645
11.216796
11.1105
10.566269
10.676816
10.0220375
10.893659
9.36726
10.676816
11.221047
10.459974
10.893659
9.588354
10.459974
9.698901
10.676816
10.243132
10.353679
10.570521
10.787363
10.566269
11.437889
9.698901
10.570521
10.676816
10.787363
11.437889
10.566269
11.548436
11.437889
11.1105
11.004206
10.455723
9.592606
9.703153
10.681068
9.371511
9.375764
8.94208
8.618942
6.2251754
5.6809444
5.795743
6.8842053
5.90629
5.251512
7.4284363
7.4241843
6.5525646
6.986249
7.313638
6.3357224
7.6410265
7.6410265
7.857869
8.618942
7.9641643
8.835785
9.482059
10.893659
10.128334
10.6725645
12.088415
11.867322
11.761026
11.327342
10.999953
10.562017
11.437889
11.221047
11.221047
10.566269
11.1105
11.548436
10.566269
10.02629
10.570521
9.698901
10.132585
9.809448
9.15467
9.265217
10.464226
9.915743
11.004206
10.566269
10.893659
10.783112
11.1105
11.1105
11.1105
11.114753
11.114753
9.809448
11.548436
11.004206
11.442142
10.566269
11.437889
11.437889
10.787363
10.353679
10.353679
9.915743
9.482059
10.243132
10.349427
11.004206
11.331594
11.1105
10.566269
11.221047
10.132585
10.787363
11.004206
10.459974
11.548436
11.437889
10.783112
11.9821205
11.106249
11.761026
11.216796
11.761026
11.433638
11.216796
11.327342
11.1105
10.0220375
11.327342
10.566269
10.999953
11.761026
12.301006
11.761026
11.761026
10.889407
10.566269
11.1105
11.221047
10.893659
10.893659
11.327342
10.6725645
10.128334
10.676816
10.999953
10.999953
10.128334
10.676816
10.128334
10.017787
11.654732
11.106249
11.216796
11.327342
11.433638
10.6725645
11.216796
10.6725645
9.911491
10.349427
9.584103
8.8230295
10.349427
10.566269
10.999953
11.327342
12.628395
11.867322
12.296754
12.301006
12.296754
13.385218
12.947281
12.730438
12.407301
13.385218
12.407301
11.756775
13.283173
11.106249
10.23888
10.349427
10.676816
9.592606
8.504144
8.074712
7.5304804
6.6588597
7.747322
6.986249
7.092544
7.9641643
9.052627
8.94208
8.720985
9.592606
10.136837
9.698901
10.243132
9.698901
9.588354
9.592606
8.720985
8.614691
7.636775
8.508395
8.070459
7.415681
6.981997
7.636775
6.6588597
6.5525646
6.986249
7.4241843
7.096796
7.9684157
6.3357224
6.8799534
6.1188803
6.1188803
7.096796
8.074712
7.6410265
7.6410265
7.6410265
7.9641643
6.8799534
8.729489
8.508395
7.5304804
7.5304804
6.6588597
6.4420176
6.769407
6.8799534
7.7515736
6.1188803
6.012585
6.1188803
6.3357224
6.663111
6.8799534
7.313638
7.313638
6.6588597
7.419933
7.5304804
7.096796
6.4420176
6.986249
7.1010475
7.096796
6.5525646
6.8799534
7.4241843
6.6588597
7.5347314
8.185258
6.8799534
7.857869
7.203091
6.986249
7.4241843
6.9905005
7.207342
7.317889
8.074712
7.9684157
7.6410265
6.6588597
7.9641643
6.986249
6.5525646
7.4241843
6.769407
5.140965
6.123132
5.795743
5.251512
6.123132
5.251512
5.902038
6.2294273
4.37564
5.574649
6.8799534
5.8977866
6.5525646
6.875702
7.853617
7.309386
7.636775
7.853617
6.981997
6.4377656
6.986249
7.636775
7.853617
7.309386
7.9641643
7.313638
7.313638
6.4420176
7.207342
6.5525646
5.574649
6.1188803
6.012585
6.2294273
6.2294273
4.4861865
5.468354
5.795743
5.902038
5.574649
5.24726
6.008333
6.3357224
6.5525646
6.8799534
5.791491
5.574649
5.791491
7.207342
6.008333
6.008333
5.902038
6.2294273
6.4462695
6.2251754
6.663111
6.8799534
7.4241843
5.136713
7.5347314
7.207342
5.791491
7.1010475
6.1188803
5.791491
7.1010475
6.339974
5.574649
6.3357224
5.464102
6.667363
6.012585
6.7736583
6.008333
5.791491
6.8842053
6.663111
6.5525646
5.902038
6.8799534
7.7515736
7.4241843
6.008333
6.8799534
7.7515736
7.313638
7.747322
6.2251754
7.6410265
7.313638
6.986249
7.313638
7.203091
8.074712
8.397848
7.9641643
8.618942
8.4021
7.5304804
6.875702
6.875702
6.769407
6.8799534
6.8799534
7.207342
8.185258
7.4241843
6.986249
6.2251754
6.5525646
8.4021
6.769407
7.313638
7.096796
6.986249
6.986249
7.096796
7.419933
7.6410265
8.618942
7.747322
6.875702
7.419933
7.5304804
7.853617
8.181006
8.725238
9.486311
8.504144
8.287301
8.94208
6.875702
8.508395
8.512647
7.313638
7.313638
6.6588597
7.857869
7.203091
7.5304804
6.6588597
6.981997
7.853617
8.614691
7.415681
7.853617
7.313638
7.747322
7.747322
7.5304804
7.9641643
8.287301
7.521976
8.720985
9.592606
9.15467
10.02629
8.82728
8.176754
9.486311
8.614691
8.725238
8.287301
9.158921
9.048374
9.915743
8.28305
8.066207
7.9599123
7.0882916
8.185258
7.419933
7.096796
6.2251754
5.8977866
6.5525646
6.986249
6.986249
7.419933
7.309386
6.875702
7.419933
7.747322
8.393597
7.9599123
9.592606
10.132585
10.893659
10.23888
10.128334
10.128334
11.544185
10.23888
10.128334
10.0220375
8.82728
9.15467
8.504144
8.176754
8.610438
9.375764
8.610438
9.482059
9.809448
9.15467
8.933577
9.265217
9.044123
8.610438
8.393597
8.504144
9.486311
9.592606
8.499891
9.805196
9.260964
9.15467
10.459974
9.588354
8.610438
8.614691
8.287301
8.393597
8.393597
9.698901
9.371511
9.260964
10.128334
10.23888
10.23888
10.349427
10.0220375
10.459974
9.915743
9.69465
10.0220375
9.698901
10.243132
9.477807
9.36726
9.805196
9.15467
9.809448
9.915743
7.632523
9.265217
8.8315325
9.809448
8.504144
8.176754
9.048374
9.15467
10.23888
10.0220375
10.566269
10.0220375
10.459974
10.23888
10.349427
10.566269
10.459974
10.0220375
10.349427
9.371511
9.915743
10.459974
10.0220375
8.1725025
8.610438
7.738818
8.720985
8.287301
8.393597
8.614691
8.287301
7.636775
7.853617
8.504144
9.048374
8.610438
8.176754
8.720985
9.15467
8.28305
8.937827
9.482059
9.915743
10.23888
9.805196
10.566269
9.36726
10.128334
9.588354
9.588354
9.371511
9.477807
9.044123
8.8315325
8.8315325
7.309386
8.397848
8.070459
8.8315325
8.614691
6.981997
7.9599123
9.265217
7.636775
7.636775
8.181006
7.853617
7.419933
6.6588597
7.857869
6.765155
6.87145
7.203091
7.853617
8.287301
7.9641643
6.981997
7.309386
7.203091
7.203091
6.875702
5.7872396
6.875702
6.4420176
6.114629
6.4420176
7.857869
6.6588597
6.5525646
6.4420176
7.857869
7.857869
6.114629
7.313638
7.747322
7.636775
7.203091
6.875702
7.203091
6.769407
7.203091
8.2915535
7.203091
7.092544
7.096796
7.203091
7.096796
7.096796
7.747322
6.986249
7.419933
7.203091
7.747322
6.986249
6.875702
7.313638
7.419933
7.096796
6.3314705
6.5525646
6.986249
5.8977866
7.313638
7.203091
6.114629
7.313638
6.4420176
6.663111
7.207342
7.207342
6.3357224
6.9905005
6.9905005
6.1188803
7.207342
5.902038
5.357807
6.9905005
5.6809444
5.464102
6.9905005
6.2251754
6.2251754
5.6809444
6.769407
6.3357224
5.030418
6.2294273
5.574649
5.0346694
5.251512
4.928375
4.167301
4.490439
4.056754
6.123132
5.90629
5.468354
6.2294273
6.556816
6.8799534
6.8799534
6.663111
5.8977866
5.24726
6.012585
5.902038
5.357807
6.2294273
5.6851964
5.251512
5.140965
5.578901
5.0346694
6.450521
5.468354
4.269345
5.578901
5.140965
5.251512
6.556816
6.012585
5.0346694
6.667363
6.7736583
4.7072806
5.90629
5.90629
6.339974
6.4462695
5.6851964
4.8135757
6.339974
6.2294273
6.9905005
6.2294273
5.791491
5.902038
6.1188803
6.4462695
6.012585
5.357807
6.2251754
6.3357224
6.114629
7.096796
6.6588597
6.114629
7.096796
7.203091
6.008333
6.4462695
6.7736583
5.902038
6.9905005
6.7736583
5.6851964
5.1452165
5.795743
4.8178277
6.012585
6.667363
6.012585
6.339974
5.6851964
5.468354
5.902038
7.4241843
6.3314705
8.295805
7.857869
7.203091
7.203091
7.9684157
6.986249
7.203091
6.6588597
7.313638
7.5304804
7.313638
7.309386
8.4021
7.747322
7.636775
8.2915535
6.986249
8.2915535
7.092544
7.747322
8.508395
8.94208
9.486311
8.8315325
9.375764
8.8315325
8.94208
8.287301
7.636775
8.725238
9.048374
8.8315325
9.703153
10.243132
9.698901
9.375764
9.592606
7.9599123
8.614691
9.375764
8.181006
8.508395
8.2915535
8.181006
7.747322
9.269468
7.74307
8.508395
8.397848
8.508395
8.94208
8.181006
9.703153
8.937827
10.459974
10.23888
9.69465
10.455723
10.128334
11.1105
11.437889
9.805196
10.459974
10.459974
9.698901
9.265217
8.8315325
8.937827
9.482059
9.703153
9.371511
10.132585
10.02629
9.805196
9.698901
8.504144
9.048374
9.371511
8.8315325
10.136837
10.132585
9.482059
10.893659
11.1105
9.805196
11.1105
10.132585
10.349427
10.570521
10.243132
10.349427
10.132585
9.69465
10.783112
10.783112
11.004206
11.221047
10.783112
9.36726
10.676816
10.459974
9.044123
9.15467
9.698901
9.588354
9.911491
10.349427
9.69465
9.584103
9.911491
10.566269
9.911491
10.566269
10.128334
10.0220375
10.23888
11.1105
10.562017
10.345176
12.415805
11.429386
12.079912
12.517848
12.190459
11.973618
11.539933
11.761026
10.45147
10.783112
10.893659
10.23888
10.787363
10.349427
10.349427
10.566269
10.128334
10.676816
9.477807
10.23888
10.243132
10.132585
9.15467
9.698901
10.23888
9.911491
10.345176
11.65048
11.106249
10.995702
10.889407
10.6725645
11.327342
11.433638
10.999953
10.999953
10.345176
10.889407
10.889407
11.867322
10.77886
11.544185
11.106249
9.584103
10.23888
10.0220375
10.787363
9.915743
10.349427
10.132585
10.676816
10.0220375
10.893659
11.1105
10.128334
10.999953
9.911491
10.128334
9.69465
9.805196
10.0220375
9.150418
8.82728
9.588354
9.805196
9.371511
10.0220375
10.0220375
10.0220375
10.349427
8.499891
7.955661
9.371511
9.044123
9.69465
11.1105
10.0220375
10.999953
11.1105
10.128334
9.584103
9.69465
9.584103
9.039871
10.128334
10.566269
9.69465
9.911491
9.039871
9.477807
9.588354
8.389345
7.632523
8.176754
7.305134
7.74307
8.508395
7.747322
6.986249
7.5304804
7.9641643
6.765155
7.092544
8.070459
6.87145
6.87145
7.9599123
7.526228
7.9641643
9.158921
8.937827
8.614691
8.393597
8.499891
8.716734
8.066207
7.9599123
6.327219
6.3314705
7.096796
4.8135757
4.3841434
4.167301
2.3177657
3.299933
3.078839
3.2956812
2.640903
3.4019763
3.8356605
4.4861865
6.3357224
6.4420176
7.5304804
7.5304804
9.919995
9.260964
10.0220375
10.128334
9.36726
9.36726
10.783112
9.805196
10.459974
8.393597
7.526228
6.986249
6.3314705
4.9198713
5.795743
3.6188183
2.968292
3.5167751
4.0610065
3.8399122
3.8399122
4.2735963
3.7293656
4.2735963
3.4019763
5.251512
6.008333
6.0040812
7.092544
7.9599123
8.610438
7.9599123
7.526228
7.9599123
8.070459
7.526228
8.2915535
6.6588597
6.4420176
7.313638
6.4420176
5.8977866
6.8799534
6.663111
5.357807
4.8178277
4.7072806
4.269345
5.0346694
4.7072806
5.140965
5.24726
5.574649
6.5525646
4.9198713
5.791491
5.902038
4.8135757
4.7030287
5.902038
4.37564
5.464102
6.1188803
5.136713
6.2251754
6.8799534
6.5525646
5.6766925
6.114629
6.2251754
6.2251754
5.791491
5.136713
5.791491
5.140965
5.574649
5.791491
5.6851964
5.357807
6.1188803
5.468354
4.379892
5.251512
4.3841434
3.1851342
4.7115326
4.8178277
4.379892
4.056754
3.7293656
4.928375
3.2956812
4.7115326
4.8178277
4.6009855
4.6009855
5.6851964
5.357807
5.030418
5.6809444
6.3357224
6.986249
5.7872396
6.114629
6.765155
7.203091
7.203091
6.6588597
6.114629
7.747322
7.632523
7.309386
8.504144
8.070459
7.9599123
7.0882916
8.94208
8.8315325
8.287301
9.052627
7.9641643
7.313638
7.4241843
6.2251754
5.791491
6.114629
6.4420176
5.791491
6.2251754
6.5525646
5.8977866
6.5525646
7.096796
7.096796
6.114629
7.203091
6.6588597
6.765155
8.181006
8.8315325
8.82728
10.459974
9.805196
10.783112
9.044123
9.809448
9.265217
7.526228
8.070459
8.397848
8.725238
7.5304804
8.181006
7.419933
6.875702
7.9599123
7.526228
9.048374
8.28305
8.610438
9.044123
7.632523
8.066207
8.397848
7.415681
6.765155
6.6588597
6.3314705
6.114629
6.5483127
8.070459
7.738818
8.397848
8.8315325
8.176754
9.15467
9.482059
10.0220375
10.455723
11.327342
10.77886
9.473556
10.349427
9.588354
8.28305
8.614691
8.397848
7.203091
7.857869
7.5304804
6.765155
7.092544
7.092544
7.636775
7.853617
6.2209234
8.614691
7.309386
8.720985
7.1988387
8.397848
8.720985
8.720985
8.504144
8.614691
8.937827
9.588354
10.0220375
10.455723
9.800944
10.999953
10.128334
10.349427
10.893659
9.915743
9.044123
9.915743
8.28305
9.265217
8.28305
9.698901
8.393597
8.176754
8.393597
8.070459
8.720985
8.720985
9.588354
9.698901
9.044123
9.260964
9.915743
9.044123
9.588354
8.8230295
9.36726
9.477807
9.584103
9.150418
10.128334
10.0220375
10.459974
10.0220375
10.0220375
10.459974
8.606187
9.482059
8.610438
8.28305
9.375764
9.588354
9.371511
9.482059
9.265217
8.716734
9.588354
10.0220375
10.783112
11.1105
10.999953
10.999953
9.805196
10.893659
10.0220375
10.349427
10.676816
9.915743
8.82728
9.150418
9.69465
10.23888
10.6725645
10.349427
10.455723
9.260964
10.0220375
10.23888
9.36726
10.676816
10.345176
9.690397
10.566269
11.65048
10.77886
11.433638
11.433638
10.562017
10.893659
10.0220375
11.1105
9.69465
10.562017
10.128334
10.999953
10.77886
10.128334
11.544185
10.889407
10.128334
11.544185
11.106249
10.77886
10.45147
10.77886
11.539933
11.429386
10.340923
10.885155
10.889407
12.084165
10.668313
11.539933
10.889407
9.584103
10.349427
10.234629
10.6725645
11.106249
11.2125435
11.323091
11.106249
10.668313
9.800944
11.544185
10.889407
10.6725645
10.999953
10.128334
9.36726
9.69465
10.128334
9.584103
9.588354
10.128334
9.588354
9.698901
9.150418
9.044123
10.132585
10.23888
9.150418
10.676816
9.911491
9.36726
10.566269
9.805196
9.584103
9.371511
9.584103
9.150418
9.805196
9.260964
8.389345
9.482059
8.82728
9.15467
8.393597
7.632523
6.654608
6.654608
6.765155
8.287301
7.0882916
8.070459
7.849365
7.1945877
7.9599123
8.504144
7.4114294
8.070459
8.94208
7.305134
8.181006
7.419933
7.526228
7.092544
7.092544
7.309386
7.415681
8.070459
8.397848
7.526228
7.203091
6.6588597
7.5304804
7.419933
8.181006
7.203091
6.3314705
7.203091
6.5483127
6.2209234
6.5525646
7.096796
5.791491
5.574649
5.140965
5.574649
5.6851964
5.6851964
5.791491
5.030418
5.140965
6.3357224
6.008333
6.3357224
7.313638
6.4420176
6.4420176
6.875702
7.309386
8.725238
7.632523
7.092544
8.181006
7.9641643
7.419933
7.636775
6.769407
6.2251754
5.6809444
5.030418
5.6851964
6.2294273
4.1630497
6.2336793
5.0346694
3.8356605
3.2956812
4.3841434
5.90629
5.578901
4.924123
5.140965
4.8135757
5.464102
6.986249
6.875702
7.9641643
8.8315325
8.176754
8.397848
7.849365
7.309386
7.203091
6.6588597
7.5304804
6.6588597
7.5304804
6.875702
7.747322
7.9641643
7.636775
5.132461
6.6588597
6.6588597
6.769407
7.4241843
6.663111
6.1188803
6.1188803
6.2294273
5.574649
6.2251754
5.8977866
6.769407
6.114629
6.3314705
6.769407
6.769407
5.464102
6.7736583
6.1188803
6.556816
6.3357224
5.24726
5.464102
7.096796
6.875702
6.3314705
7.5304804
6.4420176
5.7872396
6.663111
6.663111
5.24726
5.136713
5.791491
5.6809444
5.357807
4.5967336
4.8135757
5.795743
3.9462075
5.251512
4.37564
6.663111
6.769407
6.875702
7.203091
6.875702
6.765155
7.419933
8.181006
6.4377656
7.6410265
7.419933
7.636775
7.313638
7.203091
7.5304804
7.203091
6.986249
7.857869
8.2915535
8.397848
7.9641643
8.4021
7.419933
7.419933
6.765155
7.313638
7.313638
6.769407
6.3357224
6.8799534
7.5304804
7.096796
6.986249
6.663111
5.902038
5.357807
5.791491
6.1188803
6.2251754
6.114629
7.747322
8.2915535
7.1988387
7.419933
7.419933
7.9599123
7.747322
8.2915535
7.415681
6.4377656
6.875702
7.74307
6.6588597
8.397848
8.070459
7.9641643
7.857869
8.397848
7.419933
8.2915535
7.419933
6.875702
6.986249
7.857869
6.875702
6.769407
7.6410265
6.875702
6.765155
7.309386
7.092544
7.853617
7.313638
7.747322
6.769407
6.8799534
6.3314705
6.986249
6.3314705
7.5304804
7.747322
6.875702
7.526228
7.747322
7.747322
7.636775
7.5304804
7.309386
7.636775
9.052627
8.8315325
7.1988387
7.853617
8.504144
7.521976
7.853617
8.8315325
8.720985
9.371511
9.477807
8.933577
10.132585
9.477807
9.698901
8.8230295
10.132585
9.044123
9.915743
8.610438
8.610438
8.393597
8.933577
7.521976
9.482059
10.23888
10.0220375
11.1105
9.800944
10.345176
10.999953
11.433638
11.756775
12.194712
12.084165
11.867322
11.65048
11.539933
11.977869
10.77886
10.889407
9.800944
11.221047
10.0220375
10.787363
9.592606
8.937827
9.809448
8.82728
9.805196
10.77886
11.977869
12.407301
12.845238
13.495763
13.495763
13.491511
12.947281
12.730438
12.624144
12.845238
12.734691
11.756775
11.539933
11.973618
11.106249
11.65048
11.539933
11.973618
12.407301
13.278922
12.407301
13.278922
14.14629
12.619891
13.929449
13.602058
14.252585
12.836734
13.712605
14.252585
13.491511
13.062079
12.301006
11.429386
10.995702
11.756775
12.517848
13.60631
12.947281
12.840985
14.14629
12.403049
13.495763
12.840985
12.734691
13.057828
12.734691
12.951532
12.951532
13.602058
13.708355
14.142038
14.68627
14.252585
14.142038
13.385218
13.602058
13.708355
12.730438
12.296754
12.840985
11.969365
12.624144
11.429386
11.318839
11.973618
10.668313
10.995702
11.65048
12.084165
12.296754
12.840985
12.840985
13.602058
12.403049
12.951532
12.619891
13.057828
12.403049
12.517848
11.756775
11.65048
10.77886
10.6725645
10.017787
9.911491
10.783112
10.455723
9.36726
10.893659
11.004206
10.243132
9.371511
9.915743
10.566269
10.0220375
10.455723
9.911491
9.690397
10.455723
11.1105
10.23888
9.150418
9.150418
9.588354
7.738818
8.2915535
7.309386
7.9599123
8.176754
8.933577
10.02629
10.02629
8.499891
9.265217
9.15467
9.482059
9.371511
9.044123
9.048374
7.853617
7.092544
8.287301
8.287301
7.419933
7.853617
6.2209234
6.5525646
7.4241843
7.747322
7.6410265
9.163173
7.747322
7.419933
7.853617
7.857869
8.287301
6.5483127
6.986249
7.747322
6.986249
7.313638
7.203091
7.636775
8.070459
8.397848
9.375764
7.9599123
7.9599123
9.915743
10.132585
9.915743
9.371511
8.070459
8.070459
6.765155
8.287301
7.9641643
7.526228
7.313638
7.313638
6.3314705
6.769407
8.729489
6.875702
7.747322
7.419933
6.3314705
7.419933
8.835785
9.265217
8.8315325
7.9641643
7.419933
7.419933
7.313638
7.6410265
7.9684157
6.4462695
7.207342
8.295805
6.4420176
6.8799534
7.096796
7.747322
6.986249
7.419933
7.313638
6.986249
6.5525646
7.6410265
7.096796
6.663111
6.663111
5.902038
6.114629
7.4241843
6.986249
7.313638
6.5483127
5.5703974
6.4420176
6.3357224
6.5525646
6.2251754
6.3314705
7.203091
7.203091
6.2209234
7.747322
7.853617
8.287301
8.397848
6.769407
7.6410265
6.8799534
6.4420176
7.313638
7.313638
7.419933
8.074712
7.203091
6.875702
6.986249
6.2251754
5.251512
4.8178277
4.167301
4.167301
4.0610065
4.171553
3.0830908
2.6494067
3.5210268
2.5388596
2.7557018
3.6273217
3.9504592
2.7557018
4.605237
3.844164
2.861997
4.9326262
4.928375
5.578901
5.140965
6.1188803
6.2294273
6.114629
6.9905005
7.4241843
6.4462695
5.251512
5.4726057
3.7336173
2.7557018
3.844164
5.689448
6.556816
6.008333
6.8799534
7.9641643
8.181006
8.8315325
9.486311
9.915743
9.915743
9.911491
10.566269
11.1105
9.805196
8.499891
9.265217
9.698901
8.937827
8.066207
8.287301
8.725238
7.5304804
7.096796
6.7736583
6.556816
5.902038
6.7736583
7.313638
6.875702
6.5525646
6.986249
7.9641643
8.2915535
7.747322
7.9641643
8.397848
8.066207
9.592606
10.243132
9.588354
9.915743
9.915743
9.915743
8.82728
9.048374
8.720985
7.526228
7.857869
7.5304804
6.4420176
6.769407
7.857869
7.313638
6.4420176
8.074712
7.853617
7.1988387
7.526228
8.28305
9.260964
9.698901
10.349427
9.477807
9.69465
10.0220375
10.455723
9.36726
9.150418
10.676816
9.477807
9.588354
10.349427
9.36726
9.039871
10.676816
9.36726
10.23888
9.477807
8.716734
9.15467
8.393597
6.6503563
7.415681
8.393597
8.8230295
9.048374
8.82728
9.15467
9.371511
7.955661
8.720985
8.82728
7.738818
8.28305
8.82728
8.716734
7.849365
8.393597
9.150418
9.584103
9.690397
10.566269
10.455723
10.017787
9.477807
10.132585
10.566269
9.69465
9.150418
10.0220375
9.150418
9.36726
8.712482
9.473556
9.911491
9.584103
10.345176
10.889407
10.6725645
11.106249
10.668313
11.323091
10.45147
11.761026
10.128334
9.911491
10.23888
9.150418
9.15467
8.393597
8.94208
7.415681
6.981997
6.5483127
7.092544
6.6588597
6.114629
5.353555
6.0040812
7.853617
6.654608
6.981997
6.654608
5.5703974
4.698777
4.1587977
4.8135757
5.464102
6.3314705
5.353555
5.8977866
6.6588597
7.096796
7.309386
7.092544
7.092544
7.9599123
8.066207
7.415681
9.158921
8.937827
8.176754
8.725238
8.181006
8.070459
7.305134
7.415681
6.87145
7.1988387
6.981997
6.875702
5.7872396
5.353555
6.2251754
6.986249
7.203091
7.9599123
8.070459
7.74307
8.499891
8.1725025
7.74307
8.070459
7.853617
7.636775
8.287301
7.74307
8.499891
8.82728
9.805196
9.588354
8.066207
8.504144
7.415681
8.070459
6.5483127
6.4420176
7.313638
7.313638
6.769407
6.114629
6.5525646
6.3314705
6.3357224
6.6588597
6.5525646
6.2251754
5.8977866
6.1188803
5.791491
6.3357224
6.6588597
6.6588597
8.074712
8.070459
7.305134
9.158921
9.375764
8.610438
8.287301
8.610438
7.632523
7.636775
7.74307
8.610438
8.499891
8.716734
8.937827
9.15467
9.15467
8.82728
7.521976
8.94208
7.853617
6.87145
8.181006
6.4377656
6.5483127
6.4420176
6.6588597
6.008333
5.8977866
5.357807
5.791491
5.902038
4.0525026
4.7030287
4.379892
5.140965
5.24726
6.556816
5.6851964
4.7030287
6.663111
5.24726
5.791491
4.7030287
6.012585
5.136713
5.136713
5.357807
5.24726
4.924123
5.251512
3.9462075
4.7072806
3.8356605
4.1630497
4.2735963
4.1630497
4.7115326
3.406228
3.8399122
4.167301
3.2956812
4.6009855
3.5125234
3.62307
4.7072806
3.62307
4.928375
4.379892
5.795743
4.7072806
4.8135757
4.1630497
5.6851964
5.902038
5.140965
6.1188803
5.357807
6.1188803
5.902038
6.012585
5.6851964
4.8135757
6.123132
5.791491
6.2294273
7.2115946
6.012585
5.251512
3.8356605
4.6009855
4.167301
3.7293656
5.468354
5.3620586
4.2735963
4.7115326
3.62307
2.6494067
3.6273217
2.9767957
3.4104798
2.3220174
3.299933
3.5167751
2.972544
4.167301
4.2778482
4.4946904
5.3620586
5.0346694
4.379892
5.468354
4.924123
5.140965
5.578901
5.468354
4.490439
5.3620586
4.928375
3.9504592
2.972544
2.6451547
2.2114706
3.7336173
3.2956812
3.62307
3.7336173
3.62307
3.078839
2.640903
3.2956812
5.0346694
4.4861865
5.795743
4.8135757
5.357807
5.578901
4.490439
5.574649
5.8977866
5.026166
6.2209234
6.769407
6.4420176
6.6588597
5.7872396
6.4420176
6.114629
6.8799534
5.24726
5.24726
6.3357224
6.008333
5.6851964
6.663111
6.2251754
7.096796
7.6410265
7.096796
6.3314705
6.3314705
6.4420176
6.6588597
7.313638
7.5304804
6.3314705
6.4462695
6.3357224
6.2294273
5.140965
4.8135757
5.24726
6.2294273
6.2251754
5.464102
6.2294273
5.8977866
5.464102
6.008333
6.114629
6.875702
6.875702
7.309386
8.397848
7.853617
7.092544
6.6588597
6.6588597
6.3314705
6.986249
6.4420176
6.986249
6.114629
5.8977866
6.875702
6.875702
5.6766925
6.875702
6.3314705
5.6766925
7.092544
7.092544
6.875702
7.092544
7.74307
6.765155
7.632523
8.176754
7.849365
7.415681
8.176754
7.9599123
7.74307
6.4377656
6.6588597
7.313638
6.3314705
6.875702
6.114629
5.791491
6.986249
6.3314705
7.313638
7.313638
7.526228
6.5483127
7.309386
7.74307
8.287301
7.9599123
8.393597
8.176754
7.309386
6.87145
7.092544
6.5483127
6.981997
7.309386
6.654608
6.327219
7.1988387
8.287301
6.6503563
7.1988387
6.327219
6.327219
7.1988387
6.9777446
6.544061
8.504144
7.738818
7.521976
8.070459
7.632523
7.738818
7.526228
6.544061
7.415681
6.765155
6.4377656
6.2209234
6.6588597
5.243008
6.4420176
5.4598503
7.092544
7.419933
6.4377656
5.0219145
6.0040812
6.114629
6.2209234
6.4420176
6.2209234
7.313638
6.765155
6.114629
7.203091
6.765155
6.4377656
7.309386
7.1988387
7.305134
8.614691
8.504144
7.632523
7.1988387
7.526228
7.74307
7.521976
8.393597
7.9599123
7.415681
6.981997
6.765155
5.3493037
5.6766925
7.203091
6.765155
6.87145
7.309386
5.7829876
5.4598503
5.6766925
6.5483127
7.5304804
6.87145
6.216672
6.654608
6.433514
6.87145
6.216672
5.893534
6.875702
6.114629
6.986249
5.7872396
5.7872396
6.3314705
5.5661454
6.765155
6.87145
7.0882916
6.2209234
7.636775
7.203091
7.1988387
5.6766925
6.2209234
5.243008
6.875702
5.132461
4.371388
6.6588597
5.243008
6.6588597
5.5661454
6.110377
7.415681
8.066207
7.9599123
7.849365
8.176754
7.1988387
8.176754
7.8451138
8.82728
8.499891
9.911491
9.588354
8.49564
9.69465
8.168251
9.477807
9.260964
7.1903353
8.061955
8.278798
9.477807
8.389345
7.955661
7.3008823
6.6503563
6.6503563
6.654608
7.1945877
8.1725025
9.800944
8.274546
9.477807
9.584103
9.69465
9.800944
9.796692
10.45147
9.57985
9.9029875
10.991449
9.9029875
10.340923
10.774608
9.57985
10.124082
10.995702
9.796692
10.124082
9.796692
9.690397
10.562017
8.70823
10.234629
11.646228
10.557766
10.340923
10.991449
9.9029875
10.119829
11.318839
12.079912
11.208292
9.796692
10.889407
10.45147
9.796692
9.473556
10.562017
11.106249
10.668313
10.991449
11.101996
12.075661
12.726187
12.836734
13.053576
12.721935
14.465176
14.02724
14.02724
13.810397
14.02724
13.810397
13.810397
13.5935545
13.159871
12.943029
12.288251
14.142038
13.270417
12.071408
12.832482
12.947281
13.380964
12.61564
12.61564
13.704102
13.376713
14.137786
14.788313
14.133534
14.460924
15.659932
15.659932
14.350377
14.788313
14.677766
14.8946085
15.43884
15.11145
16.195662
16.306208
15.872524
15.328293
15.005156
15.115701
15.766228
15.11145
15.766228
15.872524
14.890355
14.8946085
15.221997
14.133534
13.266166
13.810397
14.575723
14.02724
13.69985
14.137786
14.354629
14.567219
15.545134
15.324039
15.11145
15.655681
15.217746
16.416756
16.306208
15.545134
16.306208
16.523048
16.744143
15.978818
16.73564
16.416756
14.890355
14.8946085
14.02724
14.354629
12.721935
13.708355
13.708355
13.704102
13.376713
13.704102
13.049324
13.155619
13.049324
13.920944
14.02724
13.049324
13.380964
12.836734
13.053576
12.509345
12.619891
12.398798
14.031491
14.137786
14.354629
13.5935545
12.288251
12.943029
12.836734
12.186207
12.619891
12.726187
12.943029
13.491511
12.61564
11.420882
10.659809
11.204041
11.965114
11.858818
11.641976
11.314588
10.770356
10.5535145
11.318839
11.318839
10.119829
10.013535
10.880902
10.987199
10.664061
11.097745
10.987199
11.854567
11.420882
12.292503
11.965114
14.35888
13.810397
14.137786
13.5935545
14.031491
13.810397
13.380964
13.704102
12.509345
11.748272
11.641976
11.637725
13.057828
13.053576
11.748272
12.292503
12.079912
11.204041
10.774608
11.097745
10.659809
11.208292
11.748272
11.752523
12.075661
12.186207
12.186207
11.425134
11.965114
12.398798
13.053576
14.465176
13.372462
14.465176
13.810397
13.916693
14.57147
14.57147
14.89886
14.2440815
14.788313
14.788313
13.69985
14.57147
14.57147
14.354629
13.270417
12.836734
12.181956
12.075661
12.403049
11.965114
13.597807
13.376713
13.483009
13.483009
14.57147
13.806146
14.23983
14.677766
15.005156
15.545134
15.655681
14.8946085
15.545134
16.956734
15.974566
16.952482
17.60726
17.603008
18.257786
17.81985
18.040945
16.956734
17.500965
18.26204
16.952482
17.60726
17.713554
19.452543
19.014608
18.904062
18.580925
18.797766
19.01886
17.279871
17.279871
16.956734
15.974566
16.089365
16.195662
15.655681
16.739893
17.500965
16.846186
16.518799
17.279871
16.629345
17.390417
16.412502
16.080862
16.629345
17.60726
17.169323
17.27562
17.386166
18.040945
16.94823
17.063028
17.27562
16.841934
17.279871
18.040945
16.73564
16.73564
16.952482
15.864019
16.73564
17.063028
16.191408
16.629345
16.633596
16.085114
16.301954
15.868271
15.974566
17.063028
15.868271
16.085114
16.40825
16.629345
17.063028
17.60726
17.063028
16.841934
16.625093
15.753472
17.390417
15.864019
16.73564
18.368332
18.151491
17.386166
17.386166
16.952482
17.279871
17.063028
15.647177
16.085114
14.23983
14.022987
13.266166
13.053576
12.619891
11.858818
12.403049
12.947281
14.137786
13.69985
13.810397
13.155619
14.02724
13.916693
13.589303
13.5935545
15.115701
15.332544
15.328293
15.107199
15.655681
15.217746
15.324039
16.085114
15.761976
15.221997
14.677766
14.02724
13.920944
12.292503
13.164123
12.181956
11.204041
12.951532
11.641976
11.535681
10.987199
11.204041
11.858818
13.274671
12.619891
11.965114
12.403049
11.535681
11.314588
11.752523
10.987199
10.115578
10.991449
10.664061
10.336672
10.124082
9.252461
8.491387
8.929324
8.601935
10.345176
10.340923
9.796692
10.45147
10.124082
9.146166
9.796692
10.124082
9.3630085
10.017787
9.800944
9.800944
9.907239
9.3630085
10.562017
9.57985
8.818777
9.36726
9.800944
8.818777
9.800944
9.256713
8.168251
9.256713
9.039871
9.911491
9.473556
8.49564
9.477807
8.8230295
9.039871
9.039871
9.256713
8.929324
8.712482
8.601935
9.035619
9.146166
10.128334
9.3630085
9.473556
9.146166
10.128334
9.36726
8.8230295
9.800944
8.601935
9.039871
10.0220375
9.039871
7.951409
9.039871
8.278798
8.061955
9.588354
8.716734
7.4114294
6.9777446
7.632523
5.778736
5.2345047
6.3229666
6.6461043
6.2081685
7.840862
8.818777
9.796692
10.340923
10.774608
9.469303
10.45147
10.013535
10.447219
10.774608
9.686145
9.796692
9.035619
9.800944
10.995702
10.557766
10.557766
10.774608
9.252461
9.584103
9.36726
8.929324
10.128334
8.818777
8.929324
8.929324
9.57985
9.141914
10.991449
12.075661
12.075661
11.965114
12.509345
12.288251
12.832482
12.61564
12.943029
12.288251
12.938777
11.637725
12.398798
12.832482
12.61564
12.398798
12.619891
11.858818
11.641976
11.314588
10.664061
11.318839
10.880902
10.770356
11.097745
11.535681
11.314588
12.075661
11.965114
11.965114
11.748272
11.204041
11.199788
11.854567
11.637725
12.726187
12.832482
13.049324
13.049324
12.832482
12.836734
12.726187
12.61564
12.611388
12.071408
11.199788
12.836734
12.292503
11.960861
11.960861
11.637725
12.071408
12.398798
12.61564
12.61564
12.726187
12.403049
12.730438
11.093493
11.637725
11.965114
11.637725
12.509345
11.527178
12.075661
11.314588
10.876652
11.097745
11.420882
10.987199
11.965114
10.876652
11.965114
12.292503
12.181956
10.982946
11.199788
12.071408
11.637725
12.509345
11.310335
10.982946
11.204041
12.509345
11.310335
12.071408
12.509345
12.181956
12.288251
11.420882
12.075661
11.858818
11.748272
12.292503
12.075661
11.854567
11.748272
10.876652
10.5535145
12.186207
12.181956
11.093493
13.057828
11.965114
11.093493
11.965114
12.292503
12.836734
11.310335
11.420882
12.61564
12.071408
11.854567
13.48726
13.704102
12.832482
12.619891
12.288251
12.832482
12.181956
11.314588
11.204041
10.987199
11.8630705
11.314588
12.075661
12.840985
11.965114
11.531429
11.531429
12.292503
12.836734
12.181956
13.053576
12.505093
12.509345
12.505093
13.376713
13.266166
13.5935545
13.266166
13.5935545
13.704102
12.938777
13.376713
12.836734
11.7440195
12.292503
11.531429
12.509345
12.292503
12.075661
12.071408
12.398798
12.403049
12.619891
11.637725
11.748272
11.752523
11.531429
11.637725
12.394546
12.943029
13.159871
12.611388
13.376713
12.832482
13.5935545
14.137786
13.045072
13.266166
13.810397
14.02724
13.704102
12.611388
13.155619
12.394546
12.721935
13.5935545
13.5935545
14.02724
12.943029
13.159871
13.266166
12.398798
12.832482
13.159871
12.938777
13.810397
13.049324
13.376713
13.045072
13.155619
12.505093
13.704102
12.832482
13.5935545
13.483009
14.02724
14.2440815
13.589303
14.354629
13.806146
13.916693
13.916693
13.916693
14.354629
13.155619
13.69985
14.2440815
14.02724
14.2440815
14.350377
13.916693
13.372462
13.478756
14.354629
14.354629
14.133534
14.2440815
14.682017
14.460924
14.677766
13.916693
14.89886
14.2440815
13.69985
13.5935545
14.460924
13.810397
14.02724
14.788313
14.02724
14.460924
14.350377
14.89886
14.677766
14.788313
14.460924
15.11145
15.655681
15.549385
15.221997
14.23983
14.460924
14.677766
15.545134
15.11145
15.983071
15.872524
15.655681
14.784061
15.328293
14.8946085
14.677766
14.788313
14.89886
14.133534
14.460924
15.11145
15.226248
14.89886
13.916693
14.57147
14.133534
14.02724
14.460924
13.483009
14.788313
14.354629
13.916693
15.119954
15.005156
14.2440815
14.57147
14.89886
13.806146
14.788313
14.788313
14.57147
14.682017
13.916693
14.137786
15.443091
15.115701
13.69985
13.810397
13.69985
14.02724
14.137786
14.133534
13.372462
13.916693
14.02724
14.460924
14.354629
14.784061
14.2440815
13.916693
15.11145
14.788313
14.788313
15.11145
14.460924
14.354629
13.69985
13.69985
14.57147
13.483009
13.049324
14.248333
13.920944
12.619891
12.292503
13.053576
12.509345
13.925196
14.031491
12.943029
12.832482
13.597807
13.491511
13.053576
12.513597
13.380964
13.274671
11.641976
11.969365
10.442967
11.208292
11.641976
11.208292
12.186207
11.752523
11.531429
10.987199
11.641976
11.535681
11.752523
11.097745
12.292503
12.836734
13.380964
13.270417
12.292503
11.858818
11.535681
12.075661
13.164123
12.836734
12.836734
11.748272
13.057828
12.509345
12.398798
12.398798
12.403049
12.186207
12.947281
12.624144
11.752523
11.641976
13.057828
11.637725
12.726187
11.527178
12.075661
11.637725
13.164123
11.748272
13.164123
12.398798
11.637725
12.619891
13.270417
12.398798
13.159871
13.159871
13.270417
13.159871
12.61564
13.814649
13.491511
13.380964
13.053576
13.380964
13.491511
13.159871
12.181956
13.270417
12.075661
13.164123
11.965114
11.858818
12.186207
12.186207
12.075661
11.858818
11.208292
12.624144
11.208292
11.752523
12.190459
11.097745
10.880902
10.880902
12.079912
10.880902
11.097745
11.641976
11.314588
11.314588
12.079912
12.403049
10.770356
11.208292
11.314588
11.425134
11.641976
11.093493
13.164123
12.836734
11.748272
11.965114
11.531429
12.509345
12.181956
12.181956
13.053576
13.376713
13.5935545
13.049324
13.916693
14.02724
14.2440815
14.57147
14.788313
14.89886
14.57147
14.02724
13.916693
13.483009
13.810397
14.354629
14.137786
13.483009
14.02724
14.354629
14.354629
13.916693
13.916693
12.938777
14.137786
14.354629
13.376713
14.682017
13.704102
13.5935545
13.483009
12.398798
13.159871
12.61564
13.266166
12.726187
12.61564
12.505093
13.376713
13.704102
12.721935
13.48726
12.505093
12.832482
13.159871
12.288251
13.814649
12.61564
13.5935545
13.159871
12.071408
12.61564
13.48726
13.376713
13.159871
13.5935545
13.810397
14.465176
13.5935545
13.266166
12.943029
14.142038
13.5935545
13.483009
13.266166
13.920944
14.682017
14.137786
13.155619
13.5935545
12.721935
14.469427
12.61564
12.943029
12.071408
13.164123
13.491511
13.049324
12.61564
12.938777
12.947281
13.053576
13.053576
12.943029
14.792564
14.465176
13.483009
14.02724
14.137786
13.049324
13.159871
12.509345
12.730438
13.270417
12.726187
12.181956
11.748272
12.186207
11.641976
11.314588
11.097745
10.991449
11.429386
11.641976
10.880902
11.097745
11.641976
11.314588
10.876652
10.659809
11.535681
11.641976
11.641976
11.208292
11.752523
11.314588
11.969365
10.987199
11.748272
11.425134
11.531429
11.748272
11.204041
11.752523
10.987199
11.314588
11.646228
10.447219
11.101996
11.318839
10.991449
10.774608
11.425134
11.748272
11.858818
10.774608
11.752523
11.748272
12.513597
12.619891
11.748272
11.531429
11.097745
10.987199
11.420882
11.420882
12.075661
11.854567
11.858818
10.770356
11.858818
11.641976
11.641976
12.075661
12.181956
11.965114
12.619891
11.7440195
12.726187
12.513597
12.730438
12.075661
11.531429
12.513597
13.274671
13.053576
11.965114
12.619891
13.164123
11.969365
13.057828
12.186207
11.969365
11.646228
11.208292
10.5535145
11.425134
11.858818
12.292503
11.969365
10.885155
10.013535
9.57985
9.690397
11.318839
10.664061
10.991449
11.646228
11.535681
11.646228
11.208292
10.774608
10.991449
11.101996
11.208292
11.752523
12.292503
12.186207
12.509345
12.509345
12.619891
12.840985
12.186207
12.296754
11.752523
12.403049
11.858818
12.292503
12.619891
12.398798
11.965114
13.597807
13.814649
12.947281
13.270417
12.726187
12.292503
12.836734
13.376713
13.049324
12.726187
12.943029
12.943029
12.836734
11.748272
10.770356
10.557766
9.792441
10.128334
9.690397
10.017787
9.039871
10.017787
9.035619
9.907239
9.469303
10.234629
10.234629
9.911491
9.256713
9.039871
9.36726
10.234629
10.77886
11.101996
10.880902
11.858818
13.164123
12.292503
11.637725
12.840985
11.531429
11.097745
10.668313
10.885155
10.774608
11.65048
10.668313
9.686145
10.234629
10.557766
8.70823
9.473556
10.128334
9.911491
9.800944
10.45147
11.101996
12.079912
12.403049
11.637725
12.61564
12.726187
14.142038
13.920944
12.836734
13.270417
11.965114
12.730438
12.398798
11.965114
12.509345
12.619891
11.204041
11.8630705
10.880902
9.686145
10.234629
10.45147
8.929324
9.690397
10.995702
12.190459
12.513597
13.274671
13.164123
12.075661
13.925196
13.053576
12.726187
13.270417
12.730438
12.075661
13.380964
13.48726
13.48726
13.704102
12.398798
13.48726
12.288251
13.380964
12.288251
12.836734
13.48726
12.61564
13.814649
13.049324
13.049324
13.704102
14.137786
14.02724
14.677766
14.89886
15.005156
14.460924
14.89886
15.005156
13.916693
14.2440815
13.483009
13.916693
14.2440815
14.350377
14.89886
15.43884
15.549385
14.57147
13.69985
14.354629
13.483009
14.57147
14.23983
15.655681
15.545134
15.000902
15.978818
15.978818
15.328293
15.324039
16.633596
16.085114
17.173576
16.085114
16.191408
16.412502
16.412502
15.974566
16.523048
17.173576
16.846186
16.956734
17.500965
17.390417
17.500965
17.284122
16.739893
17.505217
15.545134
14.784061
15.328293
14.8946085
15.11145
15.872524
16.416756
16.739893
17.934649
17.390417
16.40825
17.063028
17.169323
16.952482
17.173576
17.828354
16.301954
17.611511
16.629345
15.978818
16.191408
17.72206
17.284122
17.173576
16.85044
16.416756
15.328293
15.221997
15.332544
14.460924
15.009407
14.788313
13.916693
15.443091
14.89886
14.350377
14.788313
14.133534
14.2440815
15.005156
14.022987
15.115701
14.02724
14.350377
15.115701
15.115701
14.677766
14.456672
14.460924
15.549385
15.43884
14.788313
14.57147
14.788313
14.57147
15.226248
14.354629
14.2440815
14.575723
14.02724
14.137786
14.465176
14.89886
14.354629
14.137786
14.682017
14.792564
13.270417
13.704102
14.903111
14.903111
13.5935545
13.270417
12.943029
13.376713
14.575723
14.248333
13.704102
14.575723
14.031491
12.943029
14.031491
13.48726
14.354629
14.792564
14.465176
14.354629
15.009407
13.5935545
14.248333
15.009407
15.226248
15.115701
15.659932
14.57147
15.443091
14.788313
13.69985
15.230501
14.031491
12.943029
13.597807
13.814649
13.48726
12.943029
13.053576
13.159871
13.925196
12.509345
12.836734
12.730438
11.969365
12.836734
13.818902
12.730438
13.380964
12.403049
12.840985
11.425134
10.774608
10.664061
11.867322
11.429386
11.208292
11.318839
12.407301
11.425134
11.101996
11.867322
11.2125435
10.557766
10.124082
10.128334
10.77886
10.23888
10.562017
10.45147
9.473556
11.867322
10.340923
11.756775
10.557766
11.646228
10.013535
11.2125435
10.45147
9.3630085
10.124082
10.234629
10.995702
9.690397
10.77886
10.885155
10.45147
10.668313
10.017787
9.69465
9.36726
9.36726
10.132585
9.150418
9.36726
10.345176
10.562017
9.690397
9.907239
10.234629
9.690397
11.433638
9.907239
10.885155
11.323091
10.885155
10.557766
10.557766
10.991449
11.208292
11.641976
11.208292
11.752523
12.079912
12.513597
11.314588
11.425134
12.513597
11.425134
12.517848
12.517848
11.101996
12.624144
11.535681
12.840985
13.274671
12.730438
12.840985
13.274671
11.641976
11.646228
11.973618
11.429386
11.101996
11.539933
11.429386
10.880902
10.774608
11.756775
10.447219
10.668313
10.128334
10.562017
9.584103
9.911491
10.562017
8.929324
10.562017
10.017787
10.230376
10.6725645
11.2125435
10.557766
10.885155
10.664061
11.208292
11.973618
11.2125435
11.8630705
10.880902
11.8630705
12.190459
11.425134
11.208292
12.190459
11.752523
10.5535145
11.646228
12.407301
11.318839
12.407301
11.646228
11.752523
12.734691
12.403049
12.403049
13.491511
13.270417
12.947281
12.509345
13.053576
13.818902
12.726187
13.708355
13.597807
13.376713
13.925196
13.920944
13.376713
13.597807
13.380964
12.509345
12.947281
13.708355
13.053576
13.053576
13.708355
12.509345
12.61564
12.403049
12.943029
12.943029
13.159871
14.248333
13.266166
13.597807
13.48726
12.726187
12.61564
14.35888
13.376713
13.920944
13.049324
14.02724
13.5935545
14.57147
14.57147
14.02724
14.575723
13.483009
13.159871
15.013659
14.248333
13.155619
14.575723
14.57147
14.354629
15.009407
14.682017
14.137786
14.575723
14.465176
14.02724
14.137786
15.009407
14.137786
15.443091
13.5935545
14.57147
15.115701
14.57147
14.2440815
15.005156
14.57147
15.332544
14.57147
14.682017
14.460924
14.02724
13.266166
14.354629
14.354629
14.137786
14.682017
14.57147
14.465176
13.920944
14.248333
13.483009
13.925196
13.597807
13.376713
14.031491
14.248333
14.02724
15.553638
14.02724
14.788313
14.89886
15.336795
14.354629
13.810397
14.465176
12.938777
13.48726
13.704102
14.031491
14.465176
12.832482
13.597807
14.137786
12.938777
15.226248
14.89886
13.69985
14.682017
13.920944
13.483009
14.248333
15.115701
14.57147
14.460924
14.354629
14.89886
14.677766
14.465176
14.792564
13.5935545
14.137786
14.031491
13.920944
13.483009
14.137786
14.354629
13.483009
14.465176
13.69985
14.2440815
14.02724
14.02724
14.682017
13.810397
13.483009
14.682017
13.810397
14.57147
14.89886
14.02724
15.005156
13.810397
12.943029
13.48726
13.053576
12.186207
11.646228
10.885155
10.124082
10.995702
11.216796
10.77886
10.668313
10.340923
10.77886
11.2125435
11.318839
11.752523
12.403049
12.509345
12.075661
12.624144
12.075661
13.053576
12.836734
13.491511
12.836734
12.292503
12.403049
11.425134
11.314588
10.774608
10.013535
10.45147
9.36726
9.473556
9.584103
10.017787
9.690397
9.584103
10.017787
9.800944
10.345176
9.796692
10.45147
10.885155
11.2125435
11.535681
12.407301
12.730438
12.075661
12.61564
12.836734
13.597807
12.836734
12.403049
12.836734
12.403049
11.535681
12.079912
10.774608
10.340923
8.925072
10.128334
9.256713
9.256713
8.712482
9.69465
9.690397
9.911491
9.473556
8.712482
10.783112
9.907239
10.345176
10.124082
11.867322
10.557766
9.9029875
11.208292
11.752523
11.646228
10.447219
10.447219
10.230376
10.017787
10.017787
9.473556
9.800944
10.017787
10.234629
10.45147
11.208292
10.557766
11.2125435
10.013535
10.885155
11.867322
11.425134
11.8630705
12.840985
11.858818
11.965114
12.730438
12.181956
12.398798
13.380964
12.61564
13.491511
12.730438
12.079912
11.8630705
12.079912
11.973618
11.535681
11.425134
12.190459
12.079912
10.664061
11.752523
11.969365
10.880902
10.880902
11.531429
11.425134
11.420882
13.164123
13.920944
14.137786
15.115701
15.005156
14.2440815
15.115701
14.57147
13.916693
14.57147
14.137786
14.02724
13.810397
14.2440815
14.57147
14.682017
14.682017
13.69985
14.031491
13.69985
14.031491
14.465176
12.832482
13.48726
12.832482
13.159871
13.48726
14.354629
14.02724
14.677766
14.2440815
14.460924
14.57147
14.788313
15.549385
14.2440815
14.8946085
14.677766
14.57147
13.155619
14.788313
14.465176
14.137786
14.567219
13.810397
15.115701
13.261915
14.682017
13.372462
14.89886
14.682017
14.788313
15.443091
14.788313
15.11145
15.115701
15.221997
14.350377
14.8946085
15.332544
14.677766
15.221997
14.2440815
14.57147
13.589303
13.69985
15.115701
14.460924
14.784061
14.350377
14.89886
14.2440815
14.567219
14.567219
15.876775
14.567219
14.2440815
15.549385
15.443091
15.549385
15.983071
14.8946085
14.89886
14.8946085
14.23983
15.005156
15.43884
15.872524
15.332544
14.8946085
14.350377
15.226248
14.57147
15.11145
15.655681
14.8946085
15.549385
14.567219
14.350377
14.89886
14.460924
14.89886
15.226248
14.354629
14.2440815
15.005156
14.460924
15.221997
15.11145
15.876775
15.766228
15.332544
14.02724
14.465176
14.89886
14.354629
14.354629
13.69985
14.57147
14.792564
14.354629
14.465176
14.248333
14.792564
13.376713
13.704102
14.142038
13.597807
13.380964
13.057828
12.730438
12.403049
12.296754
12.730438
12.836734
12.398798
12.619891
11.858818
12.186207
12.947281
11.8630705
12.186207
13.057828
12.075661
13.168375
11.965114
11.531429
12.624144
11.8630705
11.752523
12.517848
11.318839
10.991449
12.190459
12.407301
11.969365
11.646228
11.425134
11.208292
11.323091
10.885155
10.668313
9.3630085
10.017787
11.106249
10.45147
12.084165
10.885155
10.557766
10.77886
10.991449
11.429386
12.194712
12.079912
12.079912
12.517848
12.079912
11.969365
12.840985
12.403049
12.730438
12.513597
13.385218
12.292503
12.619891
12.186207
12.292503
13.168375
12.624144
12.079912
12.190459
11.867322
11.429386
11.539933
11.756775
11.752523
10.774608
11.973618
10.774608
10.885155
11.756775
11.539933
11.318839
11.2125435
12.190459
11.969365
11.752523
11.535681
12.403049
11.858818
13.602058
13.491511
12.947281
11.858818
12.513597
12.730438
13.053576
12.730438
12.840985
12.509345
13.491511
12.296754
12.186207
11.531429
11.535681
12.296754
11.969365
12.079912
11.756775
10.991449
11.535681
12.190459
11.8630705
11.425134
11.969365
12.840985
12.624144
12.407301
11.101996
11.429386
11.973618
11.429386
11.641976
12.407301
11.8630705
12.619891
12.403049
12.186207
12.296754
11.208292
12.734691
12.296754
11.535681
12.407301
11.969365
11.425134
12.079912
11.425134
10.447219
11.973618
11.8630705
11.8630705
11.646228
12.840985
11.965114
13.385218
13.270417
12.726187
14.796817
14.68627
14.248333
14.35888
14.142038
13.704102
14.792564
14.792564
14.2440815
13.920944
14.792564
14.465176
13.920944
13.597807
13.597807
14.35888
13.925196
13.708355
13.380964
13.164123
13.270417
12.836734
12.619891
13.708355
12.836734
13.270417
13.270417
12.619891
13.380964
12.509345
12.509345
13.708355
12.836734
13.270417
13.704102
13.704102
13.925196
14.031491
12.947281
13.597807
14.142038
14.02724
13.810397
15.443091
15.009407
14.354629
14.788313
14.57147
14.682017
15.336795
14.792564
13.920944
14.137786
13.69985
14.682017
15.881026
14.137786
14.354629
13.920944
14.137786
13.483009
14.031491
14.35888
14.354629
13.049324
14.465176
14.354629
14.57147
14.137786
13.810397
13.266166
14.682017
14.02724
14.02724
13.916693
15.443091
14.8946085
14.677766
14.8946085
16.199913
15.217746
15.655681
15.766228
15.43884
16.306208
15.434587
15.983071
15.549385
15.221997
14.89886
14.788313
14.677766
16.089365
15.221997
16.85469
15.328293
16.195662
16.633596
15.434587
16.199913
16.31046
15.655681
15.872524
16.527302
16.199913
15.651429
15.872524
15.872524
16.093616
15.43884
14.350377
15.332544
14.682017
14.788313
14.89886
15.226248
15.443091
14.354629
13.483009
15.336795
14.02724
13.810397
14.465176
14.792564
14.57147
15.009407
14.465176
14.792564
15.226248
14.02724
14.465176
14.137786
13.5935545
13.920944
14.02724
14.2440815
14.02724
14.2440815
14.89886
13.916693
13.69985
14.788313
14.788313
15.332544
15.443091
14.788313
14.354629
14.57147
14.02724
14.575723
13.483009
14.682017
13.266166
14.031491
14.57147
14.137786
14.68627
15.009407
12.938777
12.726187
12.947281
12.726187
12.181956
12.943029
12.726187
14.465176
12.943029
13.376713
13.270417
12.836734
13.491511
12.075661
12.398798
13.164123
12.619891
13.380964
13.708355
12.509345
13.380964
12.947281
12.730438
12.181956
12.836734
12.836734
12.947281
14.142038
13.380964
13.164123
13.818902
13.380964
12.292503
12.947281
12.947281
12.186207
12.836734
13.274671
13.164123
12.947281
11.858818
12.407301
11.425134
11.425134
12.079912
12.186207
12.947281
12.075661
11.531429
11.969365
12.730438
12.075661
12.186207
12.079912
12.186207
12.513597
12.079912
12.296754
12.840985
12.619891
12.624144
13.385218
12.619891
12.407301
13.385218
13.274671
11.969365
13.491511
13.274671
12.840985
11.531429
11.8630705
12.951532
13.274671
12.730438
13.057828
12.947281
14.035743
13.164123
13.380964
14.252585
14.252585
12.947281
13.491511
14.903111
13.814649
14.142038
13.704102
13.48726
13.704102
14.031491
14.469427
14.68627
14.137786
14.248333
14.57147
13.920944
13.920944
13.925196
13.704102
13.597807
13.708355
13.920944
13.380964
13.053576
12.292503
13.491511
12.943029
13.925196
13.164123
12.619891
12.513597
11.858818
13.274671
13.270417
13.380964
12.726187
12.619891
12.947281
12.943029
12.619891
13.380964
14.142038
13.164123
13.053576
13.376713
13.597807
14.142038
13.708355
14.363132
13.270417
13.597807
13.053576
14.35888
15.009407
13.814649
14.248333
13.5935545
13.376713
13.814649
13.48726
14.792564
14.903111
13.810397
14.248333
14.465176
14.469427
14.031491
13.053576
14.14629
13.708355
12.292503
12.730438
13.925196
13.164123
14.256837
12.947281
13.274671
12.730438
12.947281
13.274671
13.929449
12.840985
13.274671
13.925196
13.818902
13.491511
14.142038
13.491511
12.509345
13.274671
12.836734
12.619891
12.836734
13.491511
13.057828
13.925196
12.730438
13.602058
13.274671
13.814649
13.597807
13.925196
13.491511
14.252585
13.818902
14.142038
14.252585
13.925196
13.929449
13.925196
14.035743
13.057828
14.035743
12.619891
13.495763
13.385218
13.274671
12.513597
13.062079
13.823153
12.190459
12.079912
13.062079
12.407301
12.079912
11.973618
12.624144
12.296754
11.8630705
11.973618
11.756775
12.194712
11.535681
12.407301
12.407301
12.951532
12.624144
13.274671
13.057828
12.624144
13.057828
12.726187
13.164123
13.274671
14.142038
13.597807
13.814649
13.925196
14.35888
13.597807
14.796817
13.597807
14.142038
13.164123
14.035743
13.925196
14.035743
13.057828
13.602058
13.491511
12.186207
12.730438
13.818902
12.403049
13.712605
13.057828
13.168375
12.840985
11.208292
12.407301
12.296754
13.278922
12.951532
12.513597
11.208292
12.079912
11.752523
11.208292
11.646228
12.734691
12.624144
12.840985
12.624144
13.823153
13.168375
12.190459
11.969365
12.947281
12.296754
13.495763
13.818902
13.929449
13.380964
12.947281
12.840985
13.602058
14.035743
13.491511
13.057828
13.602058
13.053576
13.380964
13.491511
13.491511
13.708355
12.730438
14.256837
12.947281
13.164123
13.274671
12.186207
12.407301
13.602058
12.619891
13.385218
12.296754
12.624144
13.602058
13.274671
13.168375
13.164123
13.274671
12.947281
12.947281
13.712605
13.164123
13.814649
14.579974
13.491511
13.491511
13.491511
13.057828
13.712605
13.380964
12.619891
13.164123
14.690521
14.252585
14.35888
13.48726
14.796817
15.119954
14.465176
14.792564
15.119954
15.664186
15.553638
14.248333
14.68627
14.796817
14.35888
13.925196
13.814649
14.142038
14.579974
11.965114
13.712605
12.951532
13.929449
13.602058
13.278922
13.385218
13.164123
12.836734
12.840985
13.818902
13.053576
13.712605
13.925196
14.142038
15.447342
15.009407
15.336795
15.005156
14.89886
15.987322
15.005156
14.354629
14.465176
13.920944
11.965114
11.8630705
11.756775
9.690397
9.69465
9.584103
9.915743
9.371511
8.716734
10.566269
11.327342
10.45147
12.411553
11.756775
11.756775
11.752523
11.646228
12.845238
12.407301
13.380964
13.597807
13.597807
13.925196
14.252585
13.925196
12.947281
13.602058
13.168375
13.712605
13.385218
13.168375
12.513597
11.8630705
11.756775
10.991449
12.194712
11.323091
12.411553
13.278922
12.730438
13.385218
13.057828
12.734691
12.403049
13.385218
13.495763
13.602058
12.840985
13.168375
13.278922
11.8630705
11.973618
11.8630705
13.062079
11.646228
11.646228
10.562017
10.889407
11.216796
11.65048
10.77886
11.216796
10.889407
11.323091
10.77886
10.017787
10.77886
11.2125435
11.2125435
11.539933
11.539933
10.995702
11.65048
11.977869
10.340923
10.668313
10.995702
11.323091
10.668313
10.77886
10.889407
10.6725645
10.345176
11.437889
11.433638
10.995702
10.77886
10.455723
9.584103
9.690397
11.106249
10.889407
10.77886
11.216796
10.999953
11.323091
10.128334
11.216796
10.77886
10.455723
11.216796
11.216796
10.128334
10.783112
10.455723
11.327342
10.566269
9.477807
10.893659
9.805196
8.937827
8.8315325
8.8315325
8.070459
9.052627
8.176754
8.176754
8.393597
7.738818
9.260964
9.039871
8.057704
10.0220375
9.800944
10.017787
10.77886
11.756775
11.318839
12.407301
12.186207
12.186207
11.318839
11.973618
11.65048
11.756775
11.323091
11.539933
11.973618
12.084165
12.738942
11.539933
11.323091
11.539933
10.77886
10.017787
10.23888
10.783112
9.800944
10.017787
10.345176
11.106249
11.8630705
11.646228
12.517848
12.517848
11.208292
11.8630705
12.517848
11.646228
11.973618
11.539933
10.995702
11.106249
11.867322
11.2125435
10.995702
11.106249
11.216796
10.668313
10.889407
10.345176
10.0220375
10.999953
10.128334
10.455723
10.45147
10.6725645
10.345176
10.6725645
10.345176
10.889407
10.889407
10.017787
9.256713
9.36726
9.039871
9.256713
10.455723
9.584103
9.584103
10.455723
10.017787
9.690397
9.3630085
10.889407
10.017787
9.690397
10.124082
10.557766
11.323091
11.539933
10.340923
11.761026
10.557766
11.101996
11.429386
11.323091
10.45147
9.796692
10.017787
10.995702
12.301006
10.774608
10.668313
11.433638
10.234629
10.77886
11.2125435
11.756775
12.084165
11.318839
11.2125435
10.234629
9.690397
9.800944
10.23888
9.146166
10.6725645
10.562017
9.57985
10.6725645
11.756775
10.77886
10.017787
10.455723
10.562017
10.783112
10.889407
10.234629
10.77886
10.562017
10.991449
9.907239
10.668313
11.323091
10.77886
9.473556
10.455723
10.017787
9.3630085
10.345176
10.45147
9.57985
10.345176
9.3630085
9.473556
9.3630085
9.800944
10.234629
9.796692
10.345176
9.800944
8.929324
9.256713
10.017787
9.800944
9.690397
9.252461
10.23888
9.907239
9.907239
10.562017
9.256713
9.36726
9.477807
9.36726
8.929324
9.473556
9.584103
10.017787
9.690397
9.3630085
8.929324
9.039871
9.36726
9.039871
8.1725025
9.911491
8.274546
10.23888
9.150418
9.584103
10.455723
9.584103
9.690397
10.23888
9.039871
9.690397
9.69465
9.69465
9.690397
9.36726
9.69465
9.473556
9.473556
7.951409
9.36726
8.8230295
7.3008823
8.82728
8.49564
8.061955
8.28305
8.1725025
8.610438
7.521976
6.544061
8.393597
7.6282716
7.7345667
8.610438
8.28305
7.955661
8.28305
7.521976
7.632523
6.6503563
6.6503563
7.632523
8.066207
7.0840406
7.305134
7.849365
6.327219
6.765155
6.5483127
6.110377
6.765155
6.981997
6.327219
5.5661454
6.765155
6.2209234
5.5661454
6.3314705
6.3314705
6.114629
5.8977866
6.6588597
6.875702
5.243008
4.698777
5.243008
5.026166
4.269345
3.9419558
5.030418
4.5967336
4.269345
4.4861865
3.9419558
4.8178277
3.6188183
3.074587
2.968292
2.7514498
3.1851342
2.0966718
3.62307
3.62307
1.9903767
2.3177657
2.861997
2.3177657
1.6672394
2.8662488
2.3177657
2.4283128
1.5566925
2.972544
2.3177657
0.7956192
1.5566925
1.2335552
1.2335552
1.8883334
1.9946285
1.6672394
2.5388596
1.8840815
1.7735345
3.0873425
2.3220174
1.2335552
1.6672394
1.8840815
1.5566925
2.4283128
2.7557018
1.5566925
2.8662488
2.2114706
2.4283128
2.3177657
3.406228
3.62307
2.861997
2.3177657
2.5388596
1.6672394
1.6672394
1.2335552
1.9946285
1.3398503
2.6451547
2.424061
2.2072186
2.1009235
2.968292
2.424061
2.640903
2.968292
3.6188183
3.9462075
3.8356605
2.8577452
2.424061
2.7514498
2.0966718
3.62307
2.8577452
2.0966718
2.6451547
3.189386
1.9903767
2.1009235
1.3355986
2.2114706
2.5388596
1.2293034
1.6672394
2.6451547
2.2114706
2.6451547
1.6672394
1.7777863
2.0966718
2.424061
4.2735963
3.7251134
2.9640403
3.9462075
4.379892
2.530356
3.8399122
4.924123
3.3977246
4.7030287
5.24726
3.9377036
4.1587977
5.8977866
5.5703974
4.9198713
4.37564
4.0482507
4.9198713
5.6809444
5.6766925
5.2387567
6.327219
5.5661454
6.4377656
6.765155
5.7829876
6.87145
6.327219
6.216672
7.305134
7.305134
7.305134
7.632523
6.9777446
5.995578
8.066207
7.521976
7.0840406
8.066207
6.9734936
6.7566514
8.1725025
6.8671985
7.4071774
7.8451138
9.36726
8.929324
9.039871
8.601935
8.929324
9.039871
8.274546
9.911491
8.712482
8.712482
9.911491
10.017787
10.128334
9.690397
9.690397
9.035619
9.584103
9.473556
9.473556
9.256713
9.146166
10.562017
10.124082
10.017787
10.234629
9.3630085
10.889407
10.128334
8.385093
9.800944
9.039871
7.840862
8.389345
8.385093
9.256713
9.584103
9.36726
9.36726
9.36726
9.256713
8.712482
9.805196
8.278798
8.716734
8.499891
8.278798
7.955661
7.738818
7.521976
7.4114294
7.4114294
6.9777446
6.9777446
7.1945877
7.526228
7.0882916
6.433514
7.0882916
7.632523
5.99983
7.415681
7.415681
5.2387567
6.110377
5.99983
5.2387567
6.765155
6.327219
6.110377
6.654608
6.981997
6.87145
7.415681
6.110377
6.6503563
6.327219
5.99983
6.765155
6.3314705
5.7872396
7.092544
6.2209234
5.893534
5.7872396
6.981997
6.654608
6.0040812
4.8050723
5.7872396
5.6809444
4.9198713
5.243008
6.4420176
6.3314705
6.2209234
6.6588597
6.4377656
5.6766925
7.203091
6.2209234
6.2209234
6.6588597
6.2209234
5.132461
6.2209234
7.092544
5.6766925
5.4598503
5.5661454
5.4598503
6.875702
6.3314705
5.5703974
6.875702
6.3314705
6.3314705
6.875702
6.2251754
5.026166
6.875702
6.6588597
6.875702
6.5483127
6.0040812
5.7872396
6.875702
6.0040812
6.114629
6.4420176
6.3314705
6.5483127
5.3493037
5.7872396
6.3314705
7.092544
6.2209234
5.5703974
6.114629
6.4377656
5.132461
6.4377656
6.4377656
5.7829876
6.2209234
6.986249
6.4377656
6.2209234
6.6588597
6.5483127
6.3314705
6.114629
5.132461
6.6588597
6.3314705
6.3314705
6.114629
5.6809444
6.4420176
6.2251754
5.136713
5.5703974
5.8977866
5.5703974
6.4420176
5.136713
6.008333
5.136713
4.58823
5.6809444
5.026166
5.8977866
5.6809444
5.6809444
6.769407
5.026166
5.7872396
4.9198713
6.4420176
6.3314705
6.4420176
7.092544
6.4420176
5.136713
6.114629
5.5703974
6.2251754
5.4598503
6.008333
5.24726
4.8135757
4.7030287
6.1188803
5.464102
5.030418
5.464102
4.8093243
6.3357224
5.464102
6.2251754
5.464102
5.791491
5.026166
5.8977866
6.008333
5.353555
4.698777
5.6809444
5.030418
5.030418
6.3357224
5.464102
6.008333
6.008333
5.353555
5.464102
5.6809444
5.791491
5.24726
5.24726
6.986249
6.0040812
6.6588597
6.3314705
6.2209234
6.5483127
5.6766925
6.769407
5.353555
6.114629
6.2251754
6.769407
6.0040812
6.2209234
6.87145
7.419933
7.309386
6.5483127
7.096796
6.6588597
6.5483127
7.092544
7.526228
7.092544
7.9599123
7.74307
7.74307
7.092544
6.110377
6.765155
7.309386
6.765155
7.526228
7.419933
7.0882916
8.397848
7.1988387
7.636775
6.5483127
7.1988387
6.5483127
6.981997
7.415681
7.305134
7.849365
7.632523
8.176754
7.955661
8.1725025
8.28305
9.044123
8.278798
9.911491
9.150418
9.256713
9.36726
10.455723
8.8230295
9.473556
9.36726
10.23888
9.039871
10.128334
10.345176
9.800944
10.23888
10.017787
10.017787
10.455723
9.800944
10.23888
9.256713
9.584103
10.128334
10.234629
10.128334
10.017787
9.473556
10.562017
10.995702
10.774608
11.756775
10.991449
12.190459
11.208292
10.991449
10.664061
11.2125435
11.539933
11.535681
10.774608
12.190459
12.079912
11.314588
12.951532
12.947281
11.858818
13.168375
11.641976
12.730438
12.079912
12.513597
11.858818
12.407301
13.164123
12.730438
13.712605
12.292503
12.513597
12.186207
12.840985
11.531429
12.624144
13.164123
11.858818
12.513597
13.491511
11.314588
12.296754
12.186207
11.641976
11.752523
11.425134
12.730438
11.535681
11.535681
12.079912
11.318839
10.557766
10.889407
10.885155
10.668313
12.194712
11.2125435
11.208292
10.668313
10.45147
9.907239
10.017787
10.455723
10.6725645
10.124082
9.690397
10.234629
10.345176
10.017787
9.477807
8.8230295
8.933577
10.0220375
9.150418
8.716734
9.371511
9.588354
8.933577
8.82728
9.048374
9.265217
7.849365
8.287301
7.849365
7.849365
6.87145
8.176754
7.738818
7.1988387
8.393597
7.305134
7.853617
7.203091
6.6588597
6.0040812
7.747322
6.981997
6.2209234
6.875702
7.526228
7.203091
6.765155
7.636775
6.765155
6.981997
7.526228
7.9641643
7.1988387
7.0882916
8.070459
6.981997
6.765155
7.74307
6.3314705
7.9641643
7.203091
6.3314705
7.203091
6.5483127
6.769407
6.5525646
5.8977866
4.9198713
5.902038
6.008333
5.24726
5.6851964
5.030418
4.4861865
6.2294273
5.357807
5.140965
5.795743
4.5967336
4.1630497
6.123132
5.251512
5.357807
5.357807
4.8135757
4.8135757
5.468354
5.468354
3.7251134
5.4726057
4.379892
3.6188183
4.1630497
4.490439
3.2914293
3.8399122
4.167301
2.7514498
4.167301
4.167301
3.5125234
4.6009855
3.078839
2.7557018
3.189386
3.406228
2.4283128
4.4946904
3.7293656
3.6188183
6.012585
5.357807
4.5967336
6.1188803
5.791491
6.012585
4.269345
5.24726
6.2251754
5.574649
5.574649
4.9198713
5.357807
4.490439
4.490439
4.7072806
4.6009855
3.9462075
5.251512
5.140965
4.379892
5.902038
4.8135757
5.030418
6.012585
5.357807
4.37564
5.902038
6.5525646
5.8977866
6.4420176
5.357807
6.008333
4.9198713
4.37564
5.6851964
5.24726
5.357807
5.140965
4.4861865
3.9462075
4.1630497
4.7072806
4.7072806
4.8135757
4.4861865
5.030418
5.030418
5.24726
5.357807
5.464102
5.791491
6.2294273
5.357807
5.791491
4.265093
5.574649
5.6851964
5.6809444
6.1188803
5.791491
6.3357224
5.357807
5.0346694
4.924123
4.7072806
4.5967336
5.140965
6.012585
4.8135757
4.5967336
5.357807
5.030418
4.1630497
5.140965
5.902038
5.574649
4.8135757
5.357807
4.9198713
4.7072806
5.140965
4.9198713
4.5967336
5.140965
5.0346694
3.7293656
4.2735963
3.9462075
4.1630497
3.8399122
3.7293656
4.6009855
3.2914293
3.2956812
3.9504592
2.7514498
3.5167751
2.7514498
2.640903
4.3841434
4.056754
4.2735963
3.078839
4.056754
3.62307
2.7514498
3.5125234
5.4726057
4.1630497
6.012585
5.468354
4.1630497
4.7072806
4.490439
4.379892
5.0346694
4.6009855
5.578901
4.924123
3.9462075
4.8178277
4.7072806
4.2735963
4.2735963
4.6009855
4.6009855
4.928375
4.1630497
3.6188183
5.1452165
4.6009855
3.8356605
4.3841434
4.056754
3.8356605
4.2735963
4.2735963
5.468354
4.8135757
4.379892
5.574649
4.5967336
4.379892
5.251512
5.251512
4.269345
4.4861865
5.574649
6.123132
4.5967336
4.924123
5.795743
5.0346694
5.468354
5.030418
5.574649
5.357807
6.3357224
5.574649
5.357807
6.663111
6.008333
5.030418
6.7736583
5.24726
5.464102
5.357807
6.663111
5.353555
6.5525646
6.4420176
6.6588597
6.986249
6.114629
6.986249
6.2209234
6.5483127
6.981997
7.092544
7.092544
7.526228
7.0882916
6.4377656
8.181006
7.0882916
7.309386
6.760903
7.636775
9.048374
8.720985
8.066207
7.9599123
7.9599123
7.849365
7.1988387
8.393597
7.4114294
8.066207
8.82728
9.044123
9.15467
9.260964
9.150418
8.061955
8.1725025
8.716734
9.150418
8.49564
9.260964
9.150418
9.69465
9.800944
9.039871
8.49564
8.933577
9.473556
9.36726
9.150418
9.800944
9.477807
10.23888
9.584103
8.929324
10.0220375
9.256713
9.039871
9.800944
9.473556
9.035619
10.128334
10.017787
9.690397
10.995702
10.128334
9.911491
10.017787
10.77886
10.995702
10.991449
10.77886
10.668313
10.234629
9.039871
9.36726
10.128334
9.690397
9.800944
9.36726
10.017787
9.911491
9.911491
8.929324
9.256713
9.039871
9.36726
10.566269
10.889407
10.128334
9.800944
10.124082
9.800944
10.345176
8.712482
9.907239
10.889407
10.455723
9.3630085
10.45147
9.796692
10.017787
10.345176
10.128334
9.256713
10.345176
9.690397
9.907239
11.2125435
10.340923
10.668313
10.124082
9.584103
9.690397
10.0220375
10.23888
10.995702
10.562017
10.562017
10.557766
9.3630085
10.45147
10.885155
10.6725645
9.473556
9.911491
10.889407
9.800944
10.345176
10.234629
9.584103
9.69465
8.929324
9.69465
9.584103
9.69465
9.36726
10.0220375
9.911491
9.039871
9.584103
10.349427
9.256713
9.477807
9.69465
8.278798
9.584103
10.455723
9.473556
9.69465
9.36726
8.933577
9.800944
9.039871
9.477807
9.150418
9.800944
9.477807
9.584103
9.150418
9.039871
8.712482
10.566269
9.69465
8.716734
10.0220375
9.150418
9.477807
10.455723
9.256713
9.69465
9.69465
9.473556
9.69465
9.584103
9.911491
8.8230295
9.911491
10.128334
9.256713
10.23888
9.69465
9.588354
9.911491
9.044123
8.606187
9.477807
7.738818
7.521976
8.287301
7.74307
7.853617
6.5483127
6.875702
7.419933
6.981997
6.981997
7.309386
6.4377656
8.287301
8.614691
7.1988387
8.070459
7.632523
7.632523
9.482059
8.716734
8.1725025
10.132585
8.933577
8.28305
9.371511
9.588354
8.606187
8.499891
9.588354
8.28305
8.061955
7.955661
8.066207
7.738818
8.504144
8.066207
7.0882916
8.614691
7.6282716
7.1945877
8.8315325
8.82728
8.28305
8.066207
9.15467
8.499891
8.610438
9.15467
8.933577
8.933577
8.499891
10.132585
9.039871
9.69465
9.588354
10.23888
9.69465
9.371511
9.805196
8.8230295
10.0220375
9.260964
9.588354
8.278798
9.260964
9.260964
8.933577
8.28305
8.610438
8.499891
8.393597
8.176754
9.265217
8.610438
9.044123
9.265217
8.610438
7.849365
7.849365
9.265217
8.393597
8.066207
8.610438
9.044123
7.415681
8.504144
8.393597
7.849365
8.614691
7.9599123
7.6282716
9.592606
8.716734
8.606187
9.698901
8.716734
8.28305
9.048374
9.482059
8.1725025
9.044123
8.499891
9.805196
9.36726
9.36726
10.570521
9.15467
8.176754
7.632523
7.9599123
9.048374
8.393597
7.849365
9.265217
8.393597
7.9599123
8.070459
7.632523
7.1988387
7.9599123
8.066207
7.1945877
7.849365
8.499891
7.8451138
9.260964
8.8230295
9.039871
8.606187
10.0220375
9.36726
9.039871
10.349427
8.712482
9.256713
10.349427
9.805196
9.477807
8.933577
8.499891
10.132585
9.805196
9.150418
9.588354
9.371511
9.698901
8.610438
7.305134
8.070459
8.720985
7.1945877
7.415681
7.309386
7.9599123
7.849365
8.937827
9.15467
9.150418
8.28305
9.805196
9.150418
8.716734
8.28305
8.610438
7.849365
7.849365
7.1945877
7.305134
7.0882916
8.287301
7.738818
7.415681
6.654608
8.397848
6.5483127
6.3314705
7.747322
6.875702
7.092544
6.981997
7.636775
7.309386
7.415681
6.654608
7.636775
7.092544
6.2209234
8.070459
7.74307
6.2209234
7.1988387
6.981997
7.1988387
7.632523
7.092544
7.415681
6.654608
6.5483127
8.181006
6.87145
7.74307
7.9641643
7.309386
7.74307
6.4377656
6.3314705
7.5304804
7.092544
5.7872396
6.986249
6.5483127
5.7872396
6.114629
6.114629
6.6588597
6.6588597
6.114629
5.6809444
6.0040812
6.4420176
6.5483127
6.110377
7.309386
6.2209234
6.986249
6.986249
6.6588597
6.986249
7.747322
7.203091
6.5483127
7.313638
6.765155
7.309386
7.092544
7.747322
7.419933
7.419933
6.114629
7.636775
7.419933
6.3314705
7.9641643
7.526228
6.875702
6.875702
6.114629
5.4598503
6.114629
6.4420176
6.2251754
6.114629
5.7872396
6.4420176
6.2251754
6.4420176
5.7872396
5.353555
6.0040812
6.0040812
6.986249
6.875702
7.203091
6.4377656
5.7872396
7.203091
6.875702
6.2209234
6.4377656
7.309386
7.1988387
7.313638
6.0040812
5.243008
6.5525646
5.791491
5.791491
6.663111
5.6809444
4.8093243
5.791491
5.24726
5.464102
4.9198713
5.574649
5.353555
5.24726
6.663111
5.5703974
5.464102
7.096796
5.6766925
7.313638
6.114629
6.986249
5.243008
5.6766925
7.313638
6.875702
6.765155
7.5304804
6.114629
6.0040812
5.4598503
6.2251754
5.026166
6.2251754
6.114629
5.7872396
7.096796
7.203091
5.7872396
6.875702
6.4420176
5.6809444
6.4420176
6.114629
6.114629
6.0040812
6.5483127
6.0040812
6.6588597
6.5483127
6.3314705
6.3314705
6.4377656
5.893534
6.5483127
6.4377656
6.0040812
6.986249
6.5483127
6.5483127
7.203091
6.3314705
6.5483127
5.6766925
6.3314705
5.5703974
6.0040812
6.875702
6.5483127
5.7872396
5.7872396
6.986249
6.5483127
5.132461
6.6588597
6.114629
7.203091
6.3314705
6.114629
6.3314705
6.3314705
6.654608
7.092544
6.5483127
6.4377656
6.87145
7.415681
7.74307
6.87145
6.654608
8.181006
6.87145
6.654608
6.654608
7.526228
8.176754
8.393597
7.415681
8.720985
8.610438
7.6282716
8.614691
7.9599123
7.632523
7.632523
6.760903
8.393597
7.521976
7.6282716
8.610438
8.1725025
7.738818
8.720985
8.82728
8.393597
8.716734
9.15467
8.933577
9.911491
9.584103
9.800944
9.039871
9.36726
8.933577
10.128334
10.017787
11.539933
10.995702
10.557766
10.45147
10.668313
11.2125435
10.124082
10.995702
11.323091
10.45147
11.756775
10.77886
10.668313
11.646228
10.664061
10.885155
10.557766
10.668313
10.991449
10.774608
11.318839
12.079912
10.991449
11.8630705
12.513597
12.403049
12.513597
12.513597
11.748272
12.075661
11.854567
12.292503
13.48726
12.730438
13.597807
12.726187
14.142038
13.920944
13.049324
14.575723
14.137786
13.48726
14.252585
13.376713
13.164123
12.398798
12.726187
13.925196
12.61564
13.164123
13.814649
12.181956
12.730438
13.270417
11.531429
13.274671
11.531429
12.403049
12.186207
12.730438
12.292503
12.181956
12.296754
12.403049
11.425134
11.973618
12.079912
11.208292
12.624144
11.535681
12.624144
11.646228
11.425134
10.664061
10.668313
10.889407
10.340923
9.690397
11.433638
9.690397
10.345176
10.017787
9.584103
9.911491
9.911491
9.69465
8.933577
9.915743
8.389345
8.278798
9.36726
8.389345
8.933577
8.606187
9.588354
8.716734
8.061955
8.499891
9.371511
8.933577
9.044123
8.610438
8.28305
8.28305
8.504144
7.305134
7.305134
6.981997
6.875702
6.875702
6.327219
6.87145
6.981997
6.6588597
6.114629
7.313638
5.7872396
5.7872396
6.875702
6.765155
6.6588597
6.765155
6.5483127
6.2209234
6.875702
6.986249
5.6766925
6.114629
6.5483127
5.893534
7.5304804
6.5483127
5.893534
6.114629
6.6588597
7.096796
6.008333
5.791491
6.9905005
6.5525646
5.136713
5.24726
5.574649
5.791491
5.357807
6.123132
5.140965
4.5967336
5.357807
5.251512
4.5967336
4.1587977
6.123132
4.5967336
4.379892
4.8178277
4.2735963
5.251512
5.251512
4.379892
4.924123
5.795743
4.924123
4.8135757
5.468354
4.1630497
4.8135757
6.5525646
6.3357224
6.5525646
5.5703974
5.902038
5.791491
6.4420176
6.1188803
5.902038
6.8799534
6.8799534
7.207342
7.6410265
5.574649
6.008333
7.6410265
6.4420176
5.791491
6.012585
5.6851964
5.357807
5.902038
7.1010475
5.902038
6.4462695
6.3357224
5.791491
5.030418
5.030418
6.9905005
5.902038
6.1188803
7.096796
6.2251754
5.24726
7.096796
6.6588597
6.1188803
6.5525646
6.008333
5.464102
5.5703974
6.986249
6.769407
6.4420176
6.6588597
6.986249
7.313638
6.3314705
6.4420176
6.5525646
5.7872396
6.986249
6.769407
6.4420176
7.096796
6.0040812
6.4462695
6.663111
5.030418
5.357807
6.008333
5.902038
6.2251754
5.5703974
6.3357224
6.114629
6.4420176
6.986249
5.6809444
6.3357224
6.2251754
5.7872396
7.313638
7.203091
6.875702
6.4420176
6.3357224
6.5525646
6.5525646
6.5525646
6.769407
5.6809444
5.353555
6.4420176
6.3314705
5.5703974
6.008333
6.6588597
5.7872396
6.769407
6.986249
6.986249
6.875702
6.769407
6.0040812
6.3314705
7.203091
6.114629
7.092544
7.5304804
6.875702
7.857869
6.765155
7.526228
7.636775
7.526228
7.526228
8.2915535
8.287301
7.74307
8.287301
8.181006
6.87145
7.526228
8.397848
7.1988387
8.176754
7.309386
7.1988387
8.181006
8.287301
8.176754
7.9599123
7.526228
8.397848
7.9599123
8.066207
9.048374
9.044123
9.044123
10.243132
8.712482
8.8230295
9.371511
10.23888
8.712482
9.69465
9.477807
9.150418
8.933577
9.150418
9.477807
10.128334
10.6725645
10.783112
8.929324
9.584103
10.23888
9.477807
9.69465
10.128334
10.893659
9.477807
9.584103
10.0220375
9.584103
9.907239
9.039871
10.23888
9.69465
9.800944
9.3630085
10.6725645
10.455723
9.3630085
9.256713
9.800944
9.584103
9.800944
9.800944
9.146166
10.562017
10.77886
10.345176
9.800944
10.124082
10.668313
11.544185
10.77886
9.3630085
10.128334
10.230376
10.124082
11.2125435
10.668313
9.690397
11.327342
9.800944
10.562017
10.6725645
10.124082
10.995702
10.6725645
10.340923
10.345176
10.345176
9.473556
10.455723
9.800944
9.800944
10.455723
10.017787
10.345176
10.77886
9.907239
10.562017
10.455723
9.146166
10.999953
9.800944
10.017787
10.6725645
11.106249
9.907239
10.0220375
9.800944
9.800944
10.23888
10.128334
9.473556
9.36726
10.455723
8.929324
10.566269
9.69465
9.477807
10.0220375
9.36726
8.601935
10.0220375
9.800944
9.146166
10.23888
9.690397
9.473556
9.584103
9.690397
9.256713
10.017787
9.584103
9.039871
9.36726
10.455723
9.146166
10.0220375
9.039871
9.800944
9.69465
9.69465
10.455723
8.8230295
9.260964
9.260964
10.0220375
9.260964
8.716734
9.039871
7.8451138
9.260964
8.716734
8.716734
8.716734
8.8230295
9.044123
8.389345
7.8451138
7.738818
8.716734
8.716734
8.393597
8.389345
10.0220375
9.044123
10.132585
8.49564
7.7345667
8.716734
9.371511
7.738818
8.1725025
8.061955
9.15467
8.499891
9.477807
8.1725025
9.698901
8.1725025
7.738818
8.176754
8.176754
7.849365
8.28305
7.955661
8.499891
8.716734
8.393597
9.044123
8.610438
8.499891
9.69465
8.389345
9.477807
8.8230295
9.477807
10.0220375
9.150418
9.477807
9.800944
10.0220375
9.911491
9.150418
9.584103
9.584103
9.588354
9.039871
8.933577
8.610438
7.4114294
9.375764
7.521976
7.305134
8.287301
7.955661
7.526228
6.433514
7.203091
7.1988387
6.3314705
7.636775
7.1945877
8.393597
7.4114294
7.1945877
7.632523
7.415681
6.654608
7.632523
7.309386
8.504144
6.9777446
8.504144
8.393597
8.070459
7.632523
6.981997
7.526228
6.2209234
7.309386
6.765155
6.6588597
6.4420176
4.9198713
4.8135757
4.8135757
4.490439
3.9462075
3.078839
4.928375
3.8356605
5.24726
6.6588597
6.0040812
8.070459
7.415681
8.720985
7.849365
8.066207
7.6282716
8.28305
8.716734
8.933577
8.8230295
8.28305
8.28305
6.654608
6.654608
8.397848
7.305134
5.7829876
7.203091
6.0040812
5.464102
5.791491
5.243008
5.353555
5.4598503
6.2251754
5.6766925
6.114629
6.765155
6.0040812
7.092544
7.092544
6.2209234
6.875702
6.3314705
6.6588597
7.419933
6.875702
7.092544
6.114629
6.4420176
7.203091
6.2251754
6.114629
5.353555
5.6809444
6.008333
6.008333
6.008333
5.7872396
6.3357224
5.8977866
5.791491
6.008333
6.4420176
5.5703974
5.136713
5.574649
4.7030287
4.5967336
4.8135757
4.1587977
4.8135757
5.030418
4.8135757
5.251512
5.6851964
5.357807
4.37564
5.24726
5.464102
6.008333
6.8799534
6.3314705
6.875702
6.875702
6.654608
6.2209234
7.092544
6.765155
6.110377
8.2915535
7.526228
7.636775
6.981997
8.2915535
6.981997
7.309386
6.765155
6.5483127
7.636775
6.0040812
6.6588597
6.5483127
6.114629
7.313638
5.5703974
5.5703974
6.6588597
5.8977866
6.986249
6.114629
7.203091
6.2209234
6.3314705
5.893534
7.1988387
6.4377656
6.654608
7.849365
6.539809
8.1725025
8.49564
9.150418
9.588354
9.69465
8.49564
9.477807
9.477807
9.36726
8.933577
8.937827
8.716734
8.720985
8.610438
7.305134
7.74307
7.305134
7.305134
7.74307
7.738818
7.849365
8.287301
8.176754
7.632523
7.0882916
7.309386
5.99983
7.526228
7.305134
7.632523
8.504144
8.1725025
6.8671985
7.521976
8.82728
8.1725025
8.610438
9.044123
8.1725025
9.371511
8.933577
7.955661
7.955661
9.044123
7.305134
8.176754
7.1988387
6.765155
8.614691
7.632523
8.504144
7.955661
7.305134
8.393597
8.1725025
7.738818
8.28305
7.632523
8.066207
8.393597
9.371511
9.044123
8.937827
9.371511
9.371511
9.371511
8.499891
9.150418
9.044123
8.933577
9.371511
8.610438
8.610438
9.805196
10.0220375
8.499891
10.353679
9.150418
8.716734
9.698901
9.588354
8.82728
9.588354
9.371511
9.482059
9.482059
8.937827
7.849365
8.1725025
8.610438
9.265217
8.82728
8.28305
8.720985
8.389345
8.82728
8.389345
8.168251
10.132585
9.150418
9.911491
9.805196
9.150418
9.588354
9.150418
9.260964
8.933577
10.132585
8.8230295
8.82728
9.805196
9.36726
8.278798
9.805196
9.69465
9.044123
8.389345
8.937827
9.15467
9.371511
9.805196
9.698901
8.606187
8.933577
9.477807
8.933577
9.805196
9.477807
9.039871
9.588354
8.606187
8.278798
8.389345
9.477807
8.933577
10.0220375
10.455723
9.150418
9.915743
9.150418
9.044123
9.69465
8.933577
8.499891
8.933577
9.15467
8.28305
7.849365
9.371511
9.477807
8.499891
10.459974
9.911491
9.260964
9.044123
9.588354
8.066207
8.610438
9.15467
9.477807
9.588354
10.0220375
8.8230295
8.937827
8.82728
9.044123
9.265217
9.265217
7.955661
8.393597
8.933577
8.82728
10.132585
9.911491
8.610438
10.353679
9.371511
8.720985
9.588354
9.805196
10.132585
10.243132
9.69465
9.260964
10.23888
10.566269
10.459974
9.805196
10.676816
9.588354
9.698901
9.805196
8.82728
10.243132
9.044123
9.371511
9.15467
9.69465
8.82728
10.349427
10.23888
9.915743
10.243132
9.588354
8.716734
9.915743
8.716734
8.393597
9.044123
10.0220375
8.499891
10.0220375
9.805196
9.044123
9.477807
9.805196
10.02629
10.132585
10.0220375
10.23888
10.566269
10.23888
8.82728
9.477807
8.82728
9.482059
9.809448
9.044123
9.15467
9.371511
9.260964
9.588354
8.937827
8.287301
8.720985
8.937827
8.720985
8.937827
8.393597
9.482059
8.393597
9.265217
9.375764
8.720985
8.176754
8.397848
8.393597
8.504144
9.69465
9.698901
10.676816
8.8230295
10.243132
10.349427
8.716734
10.459974
10.23888
9.698901
9.260964
9.911491
10.0220375
10.566269
9.477807
9.371511
11.004206
10.0220375
9.371511
9.698901
9.477807
9.044123
9.915743
9.69465
9.477807
9.477807
9.915743
8.8230295
9.482059
9.588354
10.566269
9.805196
10.349427
10.566269
9.36726
9.69465
10.999953
10.349427
9.477807
10.349427
10.676816
9.477807
10.23888
10.23888
10.128334
10.783112
9.69465
10.0220375
10.132585
8.716734
10.676816
9.584103
10.459974
11.1105
10.566269
9.150418
10.23888
10.566269
8.716734
10.455723
9.584103
9.150418
10.0220375
9.69465
9.473556
9.477807
10.23888
9.69465
10.128334
11.1105
10.128334
10.349427
10.783112
9.584103
10.128334
10.132585
10.455723
9.36726
9.588354
9.477807
9.584103
9.805196
10.893659
10.23888
9.150418
10.566269
9.477807
9.039871
10.455723
9.800944
9.69465
9.256713
9.69465
9.584103
10.23888
9.477807
10.132585
9.260964
9.150418
10.132585
11.1105
9.911491
9.039871
9.911491
9.150418
8.49564
9.805196
9.260964
9.150418
9.69465
8.1725025
9.698901
10.676816
8.499891
9.265217
9.048374
7.849365
7.632523
7.632523
8.066207
8.610438
8.504144
8.176754
7.415681
7.1988387
7.1988387
6.4377656
8.287301
6.981997
6.87145
7.632523
7.9599123
8.393597
8.176754
6.765155
7.526228
7.853617
7.853617
6.4377656
7.636775
6.981997
7.853617
8.070459
7.74307
7.636775
7.9641643
7.1988387
7.853617
7.526228
7.853617
8.504144
8.28305
8.287301
7.415681
7.74307
7.636775
6.4377656
6.3314705
6.2209234
7.203091
6.765155
6.875702
7.747322
7.419933
7.092544
7.6410265
6.875702
6.114629
6.4420176
6.6588597
6.5483127
6.6588597
6.6588597
7.313638
6.110377
6.5483127
5.7872396
5.8977866
6.875702
6.3314705
7.419933
6.3314705
6.6588597
6.6588597
5.4598503
6.0040812
5.7872396
6.5483127
7.203091
6.5483127
5.893534
7.092544
6.4420176
6.3314705
5.4598503
6.4420176
6.2209234
5.5703974
7.309386
6.875702
6.2209234
8.181006
7.1988387
6.4377656
7.9641643
7.419933
5.7872396
7.203091
5.893534
6.2209234
7.313638
6.0040812
6.3314705
5.893534
6.981997
6.5483127
6.114629
6.3314705
5.243008
6.875702
6.114629
5.6766925
6.5483127
6.2209234
5.3493037
6.765155
6.110377
5.893534
6.327219
6.760903
6.654608
7.305134
7.9599123
7.521976
7.521976
7.0882916
7.1988387
6.760903
7.415681
6.87145
6.9777446
7.632523
7.632523
8.176754
6.765155
6.981997
6.3314705
6.2209234
7.092544
7.1988387
6.87145
5.6766925
6.0040812
5.893534
6.114629
6.0040812
5.4598503
6.0040812
6.0040812
6.0040812
5.893534
6.765155
6.87145
6.110377
6.765155
7.415681
6.327219
6.327219
6.216672
6.760903
6.544061
6.87145
6.87145
7.526228
6.2209234
6.9777446
6.87145
6.4377656
7.1988387
5.99983
6.760903
6.981997
7.203091
6.0040812
5.4598503
6.765155
5.6766925
5.7872396
5.7872396
6.654608
5.6724405
7.1988387
6.760903
6.327219
6.4377656
5.7829876
6.0040812
5.2387567
5.0219145
6.5483127
6.327219
5.7829876
6.327219
6.4377656
5.893534
5.3493037
5.6766925
5.4598503
6.6588597
5.5661454
5.4598503
6.2209234
6.110377
6.4377656
6.0040812
5.6766925
5.4598503
5.4598503
6.2251754
5.243008
5.4598503
6.3314705
6.0040812
6.4377656
6.327219
5.3493037
6.765155
6.327219
7.0882916
7.305134
7.738818
6.87145
7.0882916
7.1988387
5.99983
6.4377656
6.327219
6.654608
5.7829876
5.7829876
7.1988387
6.433514
6.544061
7.526228
5.99983
5.3493037
6.4377656
5.2387567
5.5661454
6.327219
5.5661454
6.981997
7.309386
7.0882916
6.654608
7.0882916
5.5661454
6.3314705
6.981997
6.2209234
5.7829876
7.526228
7.632523
5.8892827
7.636775
7.305134
5.99983
6.981997
5.99983
6.654608
6.110377
6.2209234
8.287301
7.305134
5.4555984
6.4377656
6.216672
6.2209234
6.875702
6.875702
6.2209234
5.0219145
6.875702
5.3493037
5.4598503
6.114629
4.8050723
5.5703974
6.114629
5.7872396
5.893534
6.5483127
6.114629
5.3493037
5.6766925
6.5483127
4.8050723
6.5483127
5.3493037
5.5661454
5.5661454
6.2209234
5.893534
6.87145
6.760903
7.0882916
6.87145
5.7829876
5.5661454
6.2209234
6.981997
6.327219
6.765155
6.216672
6.110377
6.765155
6.216672
5.5661454
5.1282096
5.6766925
5.5661454
6.654608
6.0040812
6.87145
6.4377656
5.893534
5.893534
5.893534
7.092544
5.8892827
6.760903
6.327219
7.305134
6.433514
5.7829876
6.110377
6.760903
6.4377656
5.132461
5.893534
6.5483127
6.981997
7.415681
5.7829876
6.654608
5.5661454
6.0040812
5.243008
6.2209234
5.6766925
5.6766925
6.3314705
6.5483127
5.7872396
5.4598503
5.6766925
5.3493037
4.698777
5.136713
5.136713
4.698777
5.5703974
6.2209234
6.6588597
5.026166
5.8977866
4.8093243
5.464102
5.353555
4.8093243
6.008333
5.5703974
4.9198713
5.353555
5.136713
4.37564
4.7030287
3.5082712
4.5967336
3.9419558
3.4019763
4.0525026
4.7030287
4.5967336
4.8135757
3.5082712
3.1808825
3.5082712
3.7251134
3.5082712
4.269345
4.269345
4.8135757
4.4861865
3.8356605
3.9462075
2.530356
3.8399122
3.8399122
2.424061
4.056754
3.5082712
3.7251134
3.6188183
3.2914293
3.8356605
3.62307
3.2956812
2.640903
2.7514498
3.8399122
3.1851342
3.406228
3.2956812
2.2072186
2.534608
2.1009235
1.8840815
1.6672394
1.2293034
1.7777863
2.2114706
1.5566925
2.6494067
1.5566925
1.1230083
1.7777863
2.5388596
1.5566925
2.3177657
3.189386
2.2072186
3.1851342
3.8356605
3.074587
4.6009855
3.7293656
2.9640403
3.8399122
3.2914293
2.9640403
4.490439
3.5082712
3.9419558
2.747198
3.5082712
3.8399122
2.424061
2.6451547
3.078839
2.2072186
3.2956812
3.9462075
3.6188183
3.074587
3.7251134
3.9462075
3.2914293
4.1630497
4.490439
3.1851342
4.924123
5.574649
5.136713
5.574649
5.026166
4.265093
5.574649
5.026166
5.4598503
5.4598503
6.2209234
6.5483127
6.3314705
6.5483127
6.2209234
6.2209234
5.8977866
5.6766925
5.6766925
6.3314705
6.2209234
7.309386
7.1988387
6.433514
6.981997
7.849365
6.216672
6.4377656
6.981997
6.433514
8.504144
8.066207
7.0840406
8.720985
8.82728
7.1945877
7.305134
7.415681
8.066207
7.8451138
8.716734
9.477807
8.929324
9.039871
8.933577
9.800944
8.49564
8.712482
9.584103
9.473556
10.562017
9.690397
10.234629
10.340923
9.57985
10.77886
10.124082
9.473556
9.690397
9.907239
10.45147
10.562017
10.77886
9.907239
10.455723
9.256713
9.256713
9.36726
8.929324
9.36726
9.690397
9.146166
10.6725645
10.017787
8.929324
9.796692
10.128334
9.911491
9.36726
9.146166
10.017787
9.690397
10.6725645
9.3630085
9.907239
10.017787
10.234629
8.712482
9.473556
8.929324
10.128334
9.473556
9.039871
9.473556
9.690397
10.23888
9.256713
9.907239
8.818777
9.911491
10.128334
9.800944
9.800944
10.562017
9.57985
9.57985
9.039871
8.929324
9.039871
9.146166
9.473556
10.234629
9.907239
9.800944
8.712482
8.8230295
8.278798
7.7345667
7.738818
7.955661
9.371511
8.061955
8.389345
8.389345
8.066207
7.632523
7.415681
7.092544
6.654608
6.654608
8.287301
6.760903
6.654608
6.981997
6.2209234
6.4377656
5.893534
6.986249
6.2209234
6.3314705
6.6588597
6.765155
7.419933
7.526228
6.654608
5.6766925
7.419933
7.309386
6.0040812
6.6588597
5.8977866
6.5483127
7.419933
7.092544
7.092544
6.5483127
7.092544
6.2209234
6.2209234
6.875702
7.1988387
7.203091
7.5304804
6.875702
6.875702
6.3314705
6.875702
6.875702
6.875702
6.114629
6.114629
6.4420176
6.769407
6.6588597
6.5525646
7.5304804
6.3314705
7.7515736
6.2251754
5.7872396
7.203091
6.769407
5.6766925
7.203091
6.4420176
6.986249
6.3314705
7.6410265
6.875702
7.5304804
7.313638
6.875702
6.5525646
7.6410265
6.4420176
6.4420176
5.6809444
7.207342
6.3357224
5.24726
5.791491
5.136713
6.008333
6.5525646
6.2251754
6.114629
5.791491
6.5525646
7.313638
6.8799534
6.114629
6.769407
6.986249
5.7872396
6.875702
6.5483127
7.203091
6.4420176
6.769407
7.313638
6.4420176
5.8977866
7.5304804
6.5483127
6.114629
6.4420176
6.3314705
6.114629
5.5703974
5.5703974
6.769407
6.6588597
6.5483127
6.5483127
6.6588597
6.3314705
6.3314705
6.4420176
6.769407
7.5304804
6.5483127
7.313638
7.419933
7.203091
6.875702
7.747322
7.092544
7.636775
6.765155
7.636775
7.092544
6.981997
7.1988387
7.526228
7.309386
7.747322
6.875702
6.6588597
7.747322
7.203091
6.6588597
7.9641643
7.309386
7.203091
6.6588597
6.114629
6.4420176
7.203091
6.0040812
6.875702
8.181006
8.397848
8.504144
7.74307
6.87145
7.309386
7.203091
7.419933
6.875702
7.853617
7.9599123
8.397848
8.393597
7.632523
7.9641643
7.526228
8.070459
7.747322
7.853617
7.415681
8.720985
7.1988387
7.9641643
8.504144
7.632523
7.853617
8.614691
8.504144
8.393597
7.849365
7.853617
9.158921
7.9599123
9.048374
9.371511
7.1945877
7.849365
8.176754
8.82728
9.044123
9.260964
10.132585
9.260964
8.716734
8.716734
9.371511
10.132585
9.584103
10.23888
10.676816
9.69465
8.8230295
9.039871
10.132585
10.128334
9.69465
10.132585
9.477807
8.933577
8.716734
10.676816
10.566269
10.0220375
8.933577
9.044123
10.132585
9.36726
8.28305
9.371511
8.716734
9.805196
10.23888
10.349427
9.36726
9.584103
10.455723
10.455723
9.039871
9.800944
9.584103
10.017787
10.345176
10.889407
11.539933
11.323091
11.539933
10.557766
10.885155
11.65048
11.973618
10.557766
11.646228
11.2125435
11.425134
12.951532
11.535681
11.535681
11.535681
11.535681
11.535681
11.969365
12.186207
13.164123
13.380964
13.380964
13.708355
12.836734
12.61564
14.142038
14.137786
14.02724
15.009407
14.788313
13.916693
14.89886
15.115701
15.005156
15.115701
15.443091
14.677766
15.872524
15.332544
15.766228
15.328293
15.655681
15.659932
15.987322
15.332544
14.8946085
15.443091
15.226248
15.553638
13.920944
14.792564
14.575723
14.137786
13.597807
13.376713
14.252585
14.035743
13.380964
13.597807
13.491511
14.252585
13.053576
12.836734
13.602058
13.380964
14.469427
13.925196
13.925196
13.708355
13.925196
13.491511
13.712605
11.969365
13.062079
12.407301
12.734691
11.2125435
11.323091
11.216796
10.889407
10.234629
10.889407
10.783112
9.36726
9.36726
10.349427
10.349427
9.911491
10.345176
10.345176
10.45147
10.234629
11.106249
10.889407
9.57985
11.216796
10.455723
9.796692
10.562017
10.77886
11.867322
10.557766
10.557766
10.340923
9.039871
9.477807
9.588354
9.800944
10.0220375
10.783112
9.805196
9.69465
8.278798
9.588354
9.477807
8.606187
7.955661
9.15467
9.588354
8.393597
8.393597
8.937827
8.610438
7.6282716
8.393597
8.499891
8.937827
8.720985
8.066207
8.287301
7.9599123
7.849365
7.092544
8.070459
8.8315325
7.9599123
7.74307
7.74307
7.092544
7.526228
8.508395
6.765155
6.0040812
6.2251754
6.769407
6.2251754
6.008333
5.574649
6.663111
6.5525646
6.5525646
5.902038
5.578901
5.140965
5.0346694
5.468354
5.251512
5.574649
5.6809444
5.6809444
5.24726
6.4462695
6.3357224
5.464102
7.4241843
6.4420176
6.3314705
7.309386
7.526228
8.504144
7.305134
8.070459
9.486311
8.176754
7.849365
8.504144
8.937827
10.02629
8.937827
8.28305
9.265217
9.265217
7.74307
7.636775
7.636775
8.074712
8.074712
8.508395
8.504144
8.176754
8.614691
9.371511
9.044123
7.632523
8.614691
8.937827
7.955661
8.937827
8.82728
9.260964
9.805196
8.499891
9.915743
8.82728
7.849365
7.632523
8.287301
6.87145
6.87145
8.504144
7.74307
7.415681
6.4377656
7.092544
6.3314705
5.893534
7.1988387
7.74307
8.28305
7.738818
8.610438
8.720985
8.389345
8.28305
7.849365
9.15467
8.82728
8.1725025
10.132585
9.36726
8.712482
10.0220375
9.477807
9.36726
9.911491
9.039871
10.0220375
9.69465
8.929324
10.6725645
9.911491
9.584103
10.783112
10.345176
10.0220375
9.584103
9.36726
9.150418
9.256713
10.455723
9.911491
10.132585
9.690397
9.69465
9.69465
9.69465
9.911491
9.473556
9.473556
9.584103
9.584103
9.256713
9.477807
9.473556
10.0220375
9.256713
10.23888
10.6725645
8.818777
11.216796
10.017787
9.584103
9.477807
9.584103
9.36726
10.128334
9.256713
9.69465
9.473556
10.23888
9.800944
9.36726
9.477807
9.256713
8.716734
8.606187
9.150418
8.8230295
9.256713
9.256713
9.150418
9.039871
9.473556
9.911491
9.36726
10.128334
9.039871
10.128334
9.800944
9.907239
10.345176
10.124082
10.128334
10.017787
9.146166
9.3630085
9.3630085
9.256713
10.345176
10.124082
9.800944
10.234629
9.256713
9.256713
10.017787
9.36726
9.690397
9.690397
8.818777
9.911491
10.128334
9.473556
9.473556
8.712482
9.36726
9.256713
8.818777
9.584103
9.146166
8.712482
9.584103
9.256713
9.256713
9.150418
8.712482
8.929324
9.146166
9.69465
10.234629
9.039871
9.256713
10.128334
9.36726
8.8230295
8.385093
10.0220375
8.389345
8.8230295
9.256713
10.0220375
9.039871
9.477807
8.8230295
8.8230295
7.849365
8.499891
7.849365
7.8451138
9.044123
7.7345667
8.716734
8.168251
8.82728
8.716734
8.1725025
9.044123
9.15467
8.8230295
8.278798
8.278798
7.8451138
7.951409
9.260964
8.389345
7.6282716
7.738818
7.521976
7.738818
6.216672
6.87145
7.305134
6.544061
7.4114294
7.0882916
6.4377656
6.765155
6.327219
5.893534
7.1988387
6.87145
6.327219
7.415681
7.415681
7.1988387
7.0882916
6.5483127
6.87145
7.632523
6.760903
7.305134
9.260964
7.1945877
7.4114294
7.0882916
6.9777446
7.305134
6.4377656
6.433514
6.544061
7.0882916
7.305134
7.1988387
7.0882916
5.99983
6.981997
7.1988387
5.7829876
7.526228
6.544061
5.6766925
6.5483127
7.1988387
6.654608
6.981997
6.765155
6.0040812
5.4598503
6.6588597
6.114629
6.0040812
6.2209234
6.4377656
7.092544
5.5661454
7.0882916
6.765155
6.5483127
6.981997
6.4377656
7.0882916
7.305134
7.305134
7.415681
6.654608
6.654608
6.765155
6.654608
5.7829876
8.397848
7.1988387
6.87145
6.875702
6.875702
5.7872396
5.8977866
6.769407
5.7872396
4.698777
6.114629
5.4598503
5.6809444
5.6809444
4.592482
4.481935
5.24726
6.008333
5.030418
4.37564
5.24726
5.5703974
5.353555
5.353555
5.243008
4.915619
4.8093243
5.026166
4.9198713
4.37564
5.24726
5.791491
4.8135757
5.140965
4.7030287
4.269345
3.5082712
4.8178277
3.1851342
2.313514
3.189386
3.7336173
2.861997
2.1009235
2.972544
3.078839
3.189386
2.4283128
2.4283128
2.6451547
2.4283128
3.189386
2.6451547
2.6451547
1.9903767
2.5388596
3.0830908
1.8840815
1.5609442
1.6714911
2.3220174
0.799871
0.799871
1.2335552
1.4503974
2.1051755
1.1230083
1.6714911
0.5830289
0.3661868
1.237807
0.69357586
0.910418
1.348354
0.69357586
1.020965
1.020965
-0.06324561
-0.6074768
0.7020795
0.48098555
-0.82857066
0.15359649
-0.28433952
1.1315118
-0.93911767
-0.06324561
0.48098555
0.47673374
-0.82857066
0.91466975
0.15359649
-0.17379257
0.47673374
1.565196
1.4546491
1.7820382
1.4546491
1.237807
2.1051755
1.12726
1.0167131
2.7599535
1.6714911
1.5609442
1.9988803
0.3661868
-0.7180237
-0.28008774
0.26414344
-0.82857066
-0.06324561
0.69782764
-0.06749742
0.8041228
0.25989163
-0.72227556
0.25989163
1.237807
1.237807
1.12726
2.1051755
1.7777863
2.6494067
1.8883334
1.5609442
1.9946285
1.7777863
1.3398503
2.3220174
1.9946285
1.7735345
2.8662488
3.299933
2.4283128
2.5388596
2.1051755
2.4325645
2.5388596
1.3398503
2.4325645
2.3220174
2.7557018
2.972544
3.9504592
3.7293656
3.406228
2.861997
3.189386
3.7293656
3.1851342
4.8178277
4.8178277
4.0525026
5.251512
5.357807
4.4861865
6.012585
5.574649
6.008333
5.24726
5.8977866
7.857869
6.3314705
6.0040812
6.875702
7.9641643
7.74307
7.74307
7.526228
8.614691
8.176754
8.070459
7.74307
8.720985
7.521976
8.070459
8.287301
7.849365
7.853617
7.415681
7.632523
8.176754
8.82728
9.482059
7.849365
7.738818
7.632523
8.176754
8.28305
9.371511
9.69465
8.385093
9.36726
9.69465
9.473556
10.0220375
9.911491
9.584103
10.999953
10.6725645
9.800944
11.106249
11.433638
10.230376
11.973618
10.995702
11.318839
12.301006
11.429386
11.756775
12.734691
10.991449
11.8630705
11.969365
11.969365
11.973618
11.535681
12.079912
12.301006
12.517848
11.8630705
12.624144
11.646228
11.858818
11.969365
11.314588
12.513597
12.619891
12.509345
13.491511
14.35888
12.943029
14.252585
14.142038
14.031491
13.270417
13.057828
12.726187
13.385218
13.057828
12.730438
11.748272
12.296754
12.730438
13.491511
12.624144
12.403049
13.380964
12.730438
12.513597
11.748272
12.513597
12.403049
13.057828
12.403049
12.186207
12.947281
12.181956
11.858818
11.314588
13.164123
12.075661
13.818902
13.602058
13.053576
13.164123
13.164123
13.164123
12.947281
13.164123
11.8630705
12.951532
12.403049
12.840985
12.951532
12.079912
11.752523
12.624144
12.624144
11.867322
12.084165
11.973618
12.084165
11.101996
11.539933
11.323091
10.885155
11.323091
11.756775
10.995702
11.756775
11.973618
10.447219
12.411553
11.535681
10.885155
11.2125435
10.885155
11.323091
10.995702
10.77886
10.234629
10.995702
9.473556
11.106249
10.77886
9.907239
9.800944
9.584103
10.23888
9.36726
9.256713
10.566269
9.584103
9.911491
9.039871
9.371511
9.805196
8.606187
9.698901
9.044123
8.499891
9.044123
10.0220375
9.150418
9.044123
9.039871
8.389345
9.36726
8.933577
10.132585
8.712482
9.588354
8.712482
9.260964
10.23888
9.69465
8.8230295
8.8230295
10.0220375
9.260964
8.278798
9.150418
9.805196
8.606187
9.15467
8.1725025
8.720985
8.610438
8.499891
8.499891
7.955661
8.393597
8.499891
7.0882916
8.720985
8.8315325
7.9599123
7.849365
7.849365
7.849365
8.176754
6.8671985
9.375764
8.1725025
7.632523
8.1725025
8.066207
8.499891
8.389345
8.610438
8.28305
8.1725025
8.499891
9.044123
8.393597
9.048374
8.610438
7.849365
7.738818
8.066207
8.82728
6.9777446
7.849365
8.610438
7.521976
8.716734
8.389345
7.632523
8.393597
8.499891
9.371511
8.061955
9.15467
8.49564
8.499891
8.716734
9.477807
10.23888
8.610438
9.260964
9.36726
8.1725025
8.716734
8.606187
9.69465
9.36726
9.915743
8.933577
9.477807
7.8451138
9.260964
8.933577
9.915743
9.150418
8.610438
8.499891
8.610438
9.698901
8.393597
8.499891
8.610438
7.8451138
9.265217
9.584103
9.477807
9.69465
8.389345
8.8230295
9.150418
8.8230295
9.039871
10.23888
9.039871
10.0220375
8.929324
9.36726
9.039871
9.150418
9.039871
8.8230295
9.584103
9.039871
9.3630085
9.146166
10.128334
8.8230295
9.260964
8.1725025
9.805196
8.8230295
8.278798
8.278798
9.911491
9.69465
9.473556
8.601935
9.69465
8.712482
9.473556
9.911491
9.36726
8.601935
9.800944
10.124082
10.562017
10.340923
9.473556
10.345176
9.907239
11.101996
10.5535145
10.885155
10.885155
10.447219
10.557766
10.013535
10.234629
10.013535
9.690397
9.584103
9.907239
10.234629
9.473556
10.6725645
9.473556
8.929324
9.800944
9.473556
9.584103
9.035619
8.929324
9.800944
9.477807
9.690397
9.584103
9.584103
9.57985
9.796692
10.124082
9.3630085
9.686145
10.234629
9.57985
10.45147
9.035619
9.473556
9.473556
9.035619
10.017787
10.124082
9.907239
10.234629
9.146166
9.473556
9.473556
9.3630085
9.256713
8.818777
9.800944
9.911491
9.146166
9.907239
10.128334
10.017787
8.929324
8.818777
9.911491
9.36726
9.800944
9.584103
9.039871
9.146166
9.584103
10.345176
10.124082
9.3630085
9.36726
9.584103
9.035619
8.929324
9.039871
9.69465
9.473556
9.584103
9.477807
9.256713
9.256713
8.168251
7.8451138
7.3008823
8.716734
8.061955
7.8451138
8.061955
8.389345
8.610438
7.4114294
6.3229666
7.0882916
6.110377
6.110377
7.1988387
6.9777446
5.5661454
7.526228
7.0882916
5.99983
7.0882916
6.110377
6.544061
6.87145
6.110377
6.87145
6.327219
5.2387567
6.2209234
6.2209234
5.4598503
5.4598503
5.4598503
6.114629
5.243008
3.9377036
4.592482
4.698777
4.9198713
3.5040195
4.1587977
4.0525026
3.9419558
3.6145666
4.37564
4.592482
4.481935
4.592482
4.37564
4.37564
4.8093243
4.7030287
5.24726
4.592482
4.7030287
4.4861865
4.1587977
3.9419558
4.1587977
4.1587977
2.9640403
4.8178277
4.269345
4.0525026
3.5082712
3.7251134
3.0703354
3.4019763
3.5082712
4.5967336
4.379892
2.636651
3.2914293
3.1851342
1.2250515
2.640903
2.7514498
3.2914293
2.8577452
3.6188183
3.2914293
2.313514
1.6587358
2.968292
3.074587
2.313514
2.636651
3.6188183
4.1587977
3.1808825
3.6145666
3.8356605
3.7251134
3.3977246
3.8314087
4.269345
4.269345
4.8135757
3.6145666
5.026166
4.7030287
4.265093
5.24726
5.136713
4.7030287
4.8093243
5.464102
4.37564
5.136713
4.9198713
4.269345
4.7030287
4.4861865
3.7251134
4.4861865
3.5082712
3.6145666
4.37564
3.9377036
4.0482507
4.7030287
4.0482507
4.0482507
5.791491
5.6809444
4.698777
5.026166
4.8093243
4.265093
4.37564
5.464102
5.5703974
4.698777
5.353555
6.008333
5.026166
4.371388
6.5483127
6.0040812
5.4598503
4.9198713
5.136713
3.6103148
5.136713
5.5661454
4.58823
5.8977866
5.132461
5.6766925
5.132461
5.5703974
5.8977866
4.698777
5.026166
5.026166
4.58823
4.698777
5.4598503
4.915619
5.4598503
6.875702
5.5661454
5.893534
6.110377
5.243008
5.2387567
5.3493037
5.2387567
4.8050723
5.4598503
5.7872396
5.5661454
6.3314705
5.5661454
5.6766925
6.3314705
5.2387567
5.5661454
5.3493037
6.0040812
5.893534
4.915619
5.893534
6.4377656
5.7829876
6.4377656
6.327219
5.4555984
6.216672
5.2387567
5.99983
5.778736
5.893534
5.99983
5.3450513
5.0176625
5.0176625
4.6945252
6.433514
5.995578
6.21242
5.778736
5.5661454
5.0176625
4.9113674
5.7829876
5.2387567
5.132461
5.3493037
5.4555984
5.1282096
5.893534
5.6766925
4.367136
4.2608414
5.6766925
5.0219145
4.6945252
4.477683
4.9113674
4.039747
5.4555984
4.9113674
4.9113674
6.110377
4.477683
5.5661454
4.6945252
4.8008204
5.4555984
4.8050723
5.3493037
5.4598503
5.5661454
5.0219145
5.0219145
5.0219145
4.8050723
5.5661454
5.4598503
5.2387567
5.4598503
5.4598503
5.4598503
4.367136
4.150294
5.3493037
4.9113674
5.0219145
5.5661454
4.583978
6.327219
5.132461
5.3493037
4.9113674
4.477683
5.0176625
5.99983
5.7829876
5.6724405
5.5661454
5.1282096
6.106125
6.7566514
5.2345047
7.4114294
7.0840406
5.5618935
5.995578
5.8892827
6.106125
6.216672
4.583978
5.2387567
5.2387567
4.9113674
6.106125
5.6724405
5.99983
5.4555984
5.2387567
5.7829876
4.367136
4.583978
4.477683
5.893534
4.9113674
5.2387567
5.3450513
4.477683
4.9113674
4.6945252
5.3493037
5.026166
5.3493037
4.043999
4.698777
4.371388
4.2608414
6.0040812
4.58823
4.2608414
4.043999
5.6766925
4.8050723
4.043999
4.915619
4.043999
3.827157
4.154546
5.026166
4.371388
4.481935
4.698777
4.8050723
4.9113674
4.8050723
4.043999
4.698777
5.132461
5.6766925
5.893534
5.893534
5.7829876
5.893534
5.99983
5.1282096
6.327219
5.99983
5.778736
5.995578
5.99983
5.7829876
6.544061
6.216672
6.327219
6.544061
6.216672
5.99983
5.0176625
5.5618935
4.8008204
4.8050723
5.0219145
4.58823
4.150294
5.893534
4.2608414
4.367136
5.893534
4.9113674
5.0219145
5.7829876
6.110377
4.6945252
5.2387567
6.110377
5.5661454
5.99983
5.3450513
5.4555984
7.415681
6.3229666
5.7829876
6.433514
5.2387567
5.3493037
5.5618935
5.8892827
5.2387567
6.216672
5.5661454
5.99983
4.2565894
4.9113674
5.99983
6.110377
5.8892827
5.8892827
6.433514
7.632523
6.216672
6.433514
5.6724405
7.955661
6.7566514
5.995578
6.216672
6.3229666
5.995578
5.99983
7.0840406
7.1945877
5.995578
5.8892827
6.327219
6.544061
7.521976
5.8892827
7.6282716
7.3008823
7.0840406
8.1725025
7.0840406
7.521976
7.1945877
7.8451138
7.6282716
8.389345
8.606187
7.4071774
7.4071774
9.044123
8.8230295
7.8451138
7.0840406
6.3229666
6.3229666
6.216672
6.87145
6.3229666
6.654608
7.632523
7.1945877
5.5618935
7.632523
7.6282716
6.3229666
6.539809
7.955661
6.9734936
8.066207
7.1945877
7.6282716
6.9734936
7.7345667
8.061955
8.49564
8.49564
8.278798
8.8230295
8.1725025
9.150418
8.057704
8.8230295
8.716734
8.168251
6.9734936
8.606187
7.951409
6.7566514
8.82728
8.389345
7.1903353
8.937827
7.3008823
7.0840406
7.3008823
7.7345667
8.49564
8.385093
8.49564
8.933577
8.712482
8.061955
8.606187
8.057704
7.951409
10.128334
8.601935
8.49564
9.911491
9.473556
8.491387
9.584103
8.929324
8.929324
9.039871
9.146166
7.9471564
9.039871
8.061955
8.606187
6.8671985
8.066207
8.499891
7.6282716
7.738818
7.3008823
7.8451138
8.061955
7.079788
8.1725025
7.4114294
8.1725025
8.066207
7.6282716
8.712482
8.601935
8.8230295
8.274546
8.818777
8.491387
9.3630085
8.712482
10.128334
8.385093
9.146166
8.712482
9.035619
8.601935
9.800944
8.274546
9.36726
9.473556
9.146166
9.57985
8.929324
9.690397
9.800944
10.128334
9.690397
9.690397
9.469303
9.907239
10.017787
10.557766
10.340923
10.562017
10.774608
10.119829
10.119829
11.425134
10.447219
10.991449
10.995702
9.796692
10.557766
10.774608
10.340923
10.995702
10.885155
10.013535
10.77886
10.991449
10.124082
10.77886
10.124082
10.340923
10.345176
10.234629
9.796692
10.234629
10.345176
10.234629
10.017787
10.234629
9.800944
9.800944
9.800944
9.800944
9.146166
10.889407
10.562017
10.017787
10.340923
10.995702
11.535681
11.973618
11.429386
10.774608
11.8630705
12.296754
11.318839
12.624144
11.858818
11.8630705
12.513597
11.208292
11.318839
11.8630705
12.079912
11.646228
11.425134
12.084165
11.752523
11.106249
11.2125435
11.646228
11.756775
11.101996
10.995702
10.991449
10.340923
11.106249
11.65048
10.013535
10.234629
9.907239
10.124082
10.562017
10.557766
12.296754
11.641976
11.641976
12.296754
12.836734
12.186207
12.403049
13.274671
12.730438
13.164123
13.274671
12.947281
12.619891
12.624144
12.292503
12.186207
12.079912
12.407301
12.190459
12.301006
12.079912
10.668313
11.433638
11.2125435
10.995702
11.323091
11.8630705
10.991449
12.734691
12.079912
12.079912
12.190459
11.8630705
12.084165
12.190459
10.991449
11.756775
11.425134
13.278922
12.840985
12.840985
12.513597
12.079912
12.296754
12.517848
11.8630705
11.752523
11.756775
12.624144
12.296754
12.624144
13.168375
13.274671
13.823153
11.8630705
11.641976
11.641976
11.752523
13.274671
13.708355
12.947281
13.270417
13.164123
12.836734
12.509345
13.159871
13.925196
13.053576
14.031491
14.142038
14.35888
13.810397
14.248333
14.792564
13.920944
15.009407
14.02724
13.704102
14.35888
14.35888
14.137786
13.704102
13.925196
13.48726
13.380964
13.925196
12.509345
13.274671
13.814649
12.292503
12.726187
13.818902
12.619891
12.619891
12.730438
12.292503
12.730438
12.075661
12.075661
12.836734
13.48726
13.597807
14.35888
12.832482
13.597807
14.031491
13.376713
12.943029
13.920944
13.049324
13.48726
14.137786
14.465176
14.57147
14.137786
14.248333
14.248333
13.159871
13.48726
13.48726
13.483009
13.810397
14.354629
14.137786
13.916693
13.69985
14.465176
13.916693
14.133534
14.350377
14.022987
14.784061
14.350377
14.562967
15.000902
15.221997
14.456672
14.23983
14.567219
15.540882
15.868271
16.960987
16.195662
17.063028
15.974566
15.540882
15.647177
15.545134
15.430335
16.85044
16.518799
15.978818
16.518799
15.872524
14.996652
16.195662
15.11145
15.651429
16.089365
15.651429
15.328293
15.324039
14.784061
14.890355
15.978818
16.199913
15.107199
15.757724
15.545134
14.886105
15.213492
15.540882
16.085114
15.978818
15.102947
14.890355
15.107199
14.886105
15.324039
15.324039
16.629345
15.647177
16.085114
15.540882
16.085114
16.085114
16.195662
15.540882
16.518799
16.195662
15.647177
15.974566
16.301954
15.213492
15.324039
15.647177
16.523048
16.085114
15.324039
15.213492
15.107199
15.757724
14.9924
16.956734
16.301954
16.301954
15.753472
16.739893
15.974566
15.757724
16.412502
16.301954
16.191408
15.864019
17.169323
15.974566
15.430335
14.996652
14.9924
16.195662
15.757724
15.978818
14.231326
15.872524
15.107199
14.562967
14.673514
15.868271
15.107199
14.235578
15.000902
15.107199
14.346125
15.434587
15.540882
14.890355
14.346125
14.673514
14.018736
13.368209
14.567219
14.890355
14.018736
14.235578
13.801893
14.673514
14.23983
13.261915
13.151368
12.607137
14.129283
14.456672
14.890355
13.801893
14.133534
12.717683
13.151368
13.372462
12.390294
13.806146
12.062905
13.589303
13.261915
13.478756
13.806146
12.82823
13.372462
12.611388
12.2839985
11.739767
12.607137
12.9345255
13.695599
13.261915
13.478756
13.045072
13.045072
11.95661
14.02724
13.261915
13.261915
12.9345255
13.368209
13.368209
13.478756
12.717683
12.82823
12.9345255
12.173452
12.82823
13.478756
13.589303
12.173452
12.500841
12.61564
12.2839985
11.960861
12.177704
11.960861
11.199788
11.412379
11.089241
11.854567
11.522925
11.960861
11.416631
11.306084
11.420882
10.876652
11.527178
10.000779
10.766105
11.416631
10.761852
12.398798
11.089241
11.199788
10.982946
10.549262
12.292503
11.093493
10.876652
10.549262
10.221873
10.659809
11.204041
10.987199
9.898736
10.442967
9.898736
10.009283
9.358756
10.5535145
9.354505
9.031367
10.009283
9.358756
9.358756
9.031367
8.491387
9.252461
8.925072
7.8366094
8.925072
9.469303
8.70823
8.163999
7.6197677
7.6197677
7.8366094
7.509221
8.163999
8.491387
7.7260633
8.491387
9.146166
7.9471564
8.929324
8.168251
7.7303147
7.9471564
7.4029255
7.6197677
7.840862
7.840862
7.8366094
8.057704
6.858694
7.1903353
7.1860833
7.079788
8.168251
6.858694
8.163999
7.4071774
7.079788
7.6240196
7.1903353
6.429262
6.429262
7.4071774
7.5134726
6.969241
7.4071774
7.1860833
7.2966304
7.951409
7.3008823
7.5177245
7.8451138
6.7523994
7.079788
6.9734936
6.9734936
7.5134726
7.4071774
6.7566514
7.5177245
7.0840406
6.8671985
6.101873
5.3408
6.318715
7.1903353
6.7523994
6.969241
7.5134726
7.7303147
7.2966304
7.079788
7.5134726
6.5313053
8.385093
7.9471564
7.9471564
8.818777
7.8366094
8.491387
8.385093
7.7303147
8.601935
8.163999
8.70823
8.274546
8.929324
8.0534525
8.70823
8.385093
7.292379
8.163999
8.274546
8.491387
7.509221
8.601935
8.70823
7.4029255
8.491387
7.5134726
7.840862
7.840862
7.6197677
8.163999
8.274546
7.0755363
7.7303147
8.818777
8.0534525
8.163999
9.469303
9.686145
9.575599
8.814526
8.814526
10.336672
9.354505
10.230376
9.792441
10.115578
9.792441
9.681894
10.770356
9.788189
10.770356
11.420882
10.770356
11.748272
10.549262
10.659809
10.442967
10.33242
10.221873
11.748272
10.872399
10.982946
12.726187
11.412379
11.195537
12.61564
11.633472
10.761852
10.982946
11.420882
10.761852
11.522925
12.721935
11.739767
11.739767
12.82823
11.850314
12.82823
12.067157
12.173452
13.589303
12.611388
11.95661
12.500841
12.82823
13.69985
12.717683
12.173452
12.611388
11.629221
11.08499
11.850314
12.173452
12.9345255
12.2839985
13.155619
12.173452
11.850314
11.633472
11.739767
12.500841
12.390294
13.151368
12.173452
13.69985
11.95661
12.938777
12.067157
11.522925
12.177704
13.045072
12.173452
12.2839985
12.500841
11.522925
12.832482
12.938777
11.310335
10.872399
10.982946
10.978694
11.310335
12.832482
12.394546
11.195537
12.832482
11.522925
11.199788
10.982946
11.965114
11.204041
11.420882
11.093493
10.655557
11.854567
10.766105
10.982946
10.005031
11.531429
10.766105
11.420882
12.181956
10.655557
11.093493
11.965114
11.420882
10.549262
11.531429
11.310335
11.097745
10.33242
10.336672
9.354505
9.24821
10.013535
9.358756
8.270294
8.597683
7.8366094
8.818777
8.163999
7.8366094
8.712482
7.9471564
8.597683
9.146166
9.035619
8.0534525
8.70823
9.146166
7.9471564
8.601935
7.840862
9.146166
8.057704
7.840862
8.491387
8.163999
8.057704
8.70823
8.929324
8.057704
8.49564
8.274546
7.2966304
9.039871
8.168251
6.969241
8.057704
7.2966304
8.168251
6.8629465
7.4071774
7.7345667
8.606187
7.6240196
7.6240196
6.7523994
7.4071774
6.429262
7.6240196
7.2966304
6.7523994
8.385093
8.057704
7.6240196
7.6240196
7.7303147
6.9734936
7.1903353
6.7523994
7.2966304
7.840862
8.057704
8.274546
8.49564
8.712482
7.6240196
7.4071774
7.8451138
7.0840406
6.9734936
6.7566514
6.7566514
8.278798
6.9734936
7.0840406
7.5177245
6.101873
6.106125
5.778736
7.0840406
5.668189
7.7345667
6.8629465
6.9734936
7.5177245
7.5177245
7.7345667
6.5355573
7.1903353
7.6240196
7.1903353
7.9471564
7.840862
8.274546
7.9471564
7.951409
8.712482
8.057704
7.951409
7.840862
7.5134726
7.7303147
7.7303147
7.8366094
8.601935
7.9471564
8.274546
8.8230295
8.385093
8.274546
8.168251
7.7303147
8.712482
8.38084
8.274546
9.252461
9.252461
8.70823
8.491387
8.814526
8.597683
8.814526
9.469303
10.880902
9.681894
10.33242
10.226125
10.987199
10.659809
10.005031
10.987199
10.221873
9.681894
10.659809
10.336672
9.788189
8.810273
9.354505
9.575599
8.92082
10.119829
9.571347
9.9029875
10.880902
10.115578
9.681894
10.115578
10.226125
11.425134
10.549262
10.549262
12.075661
10.438715
10.876652
11.420882
11.420882
11.310335
11.199788
12.181956
12.726187
11.527178
12.619891
12.067157
12.726187
12.61564
11.633472
11.7440195
11.527178
11.310335
12.181956
11.633472
11.854567
11.850314
12.721935
12.394546
12.177704
11.633472
11.633472
11.527178
11.416631
10.982946
12.181956
11.850314
12.177704
12.288251
11.629221
10.978694
12.071408
11.854567
13.049324
12.611388
12.832482
12.938777
12.500841
12.82823
13.372462
13.372462
13.045072
12.82823
13.261915
12.500841
12.500841
12.611388
12.938777
12.2839985
13.261915
13.704102
13.159871
11.850314
12.181956
11.960861
10.438715
11.420882
11.310335
10.33242
10.987199
10.770356
10.987199
10.991449
10.880902
10.442967
9.681894
10.009283
10.659809
10.115578
11.093493
11.310335
11.527178
11.416631
11.633472
11.850314
12.82823
13.045072
12.173452
12.067157
13.372462
12.82823
13.261915
13.261915
14.23983
13.040821
12.49659
12.611388
10.328168
11.425134
8.163999
8.818777
8.385093
7.292379
7.840862
7.8366094
7.6197677
7.8366094
9.146166
8.597683
9.469303
10.770356
12.398798
13.266166
13.372462
14.022987
13.045072
13.478756
12.173452
12.500841
13.916693
13.695599
14.8946085
15.43884
14.8946085
12.390294
12.82823
12.82823
12.071408
11.204041
9.681894
9.686145
10.664061
11.310335
12.181956
12.832482
12.611388
11.7440195
11.527178
11.416631
12.288251
12.938777
13.589303
13.372462
14.460924
14.022987
13.478756
14.350377
13.045072
13.372462
12.500841
12.938777
12.721935
13.266166
13.049324
12.832482
13.266166
11.850314
12.288251
12.61564
13.045072
11.960861
14.137786
13.69985
13.266166
13.483009
14.2440815
14.02724
14.354629
13.916693
12.500841
13.810397
12.505093
12.505093
12.394546
12.288251
12.509345
11.854567
10.982946
11.089241
12.509345
12.832482
12.505093
12.181956
12.721935
12.288251
12.61564
12.2839985
12.394546
13.155619
13.916693
12.717683
13.69985
12.938777
12.288251
12.943029
12.181956
12.177704
12.177704
11.527178
11.854567
11.527178
10.33242
10.880902
9.9029875
9.9029875
10.119829
9.57985
9.252461
9.035619
7.9471564
8.929324
8.274546
10.234629
10.017787
10.340923
8.818777
7.7303147
7.7303147
7.8366094
6.527054
7.4029255
8.70823
10.226125
10.33242
10.442967
11.527178
10.761852
11.637725
10.111326
10.770356
10.340923
9.146166
8.274546
8.929324
6.429262
7.1945877
6.539809
7.8451138
7.1903353
7.2966304
7.5177245
7.0840406
6.760903
5.4598503
6.2209234
5.4598503
5.7829876
5.2387567
6.87145
6.539809
6.7523994
9.256713
8.38084
9.146166
8.49564
7.8451138
6.539809
6.539809
6.6503563
7.6282716
7.951409
7.3008823
7.951409
7.7345667
7.1903353
8.389345
8.1725025
5.995578
6.87145
7.092544
6.765155
7.1988387
7.1988387
6.544061
7.0840406
6.7566514
8.061955
7.2966304
7.6282716
9.150418
8.1725025
6.6503563
8.066207
8.393597
7.521976
7.849365
8.066207
7.3008823
7.951409
8.712482
9.146166
8.933577
8.278798
9.36726
9.477807
9.371511
9.69465
9.584103
9.256713
8.385093
9.57985
8.929324
9.907239
10.45147
8.601935
9.584103
10.345176
9.36726
9.36726
9.584103
9.907239
9.690397
10.557766
10.013535
9.907239
10.013535
8.491387
9.3630085
9.473556
9.907239
10.774608
10.885155
10.885155
10.880902
10.557766
10.664061
11.858818
10.876652
11.858818
11.637725
10.987199
10.991449
10.230376
10.230376
10.226125
10.991449
11.314588
10.659809
12.075661
11.748272
11.858818
10.005031
10.226125
10.226125
10.119829
10.774608
11.097745
10.226125
10.115578
10.876652
11.420882
11.416631
11.522925
12.177704
11.637725
11.960861
10.982946
11.7440195
11.7440195
13.155619
12.394546
12.938777
12.938777
13.376713
13.69985
13.049324
12.177704
12.398798
12.721935
12.398798
11.965114
11.748272
11.527178
12.509345
12.071408
11.310335
11.527178
11.527178
11.093493
11.204041
11.204041
11.310335
12.075661
11.965114
10.766105
11.314588
10.5535145
11.204041
11.965114
12.292503
12.181956
11.527178
10.987199
10.987199
11.531429
10.5535145
11.425134
12.619891
10.987199
11.531429
11.204041
10.876652
12.398798
11.527178
12.071408
11.093493
10.770356
12.079912
10.770356
11.318839
10.013535
10.119829
11.101996
10.336672
9.358756
9.796692
9.469303
9.469303
9.690397
9.146166
8.274546
9.907239
9.3630085
8.929324
8.818777
8.712482
9.3630085
9.035619
9.146166
9.252461
8.814526
9.57985
9.141914
8.38084
9.252461
8.925072
8.70823
9.252461
8.70823
8.601935
8.057704
8.929324
8.274546
8.168251
8.601935
8.385093
7.7345667
7.079788
7.0840406
7.0840406
7.5177245
6.9734936
7.951409
7.4071774
6.429262
7.3008823
6.9734936
7.0840406
7.7345667
7.1903353
7.5177245
7.1945877
7.7345667
7.1903353
7.6282716
7.1903353
6.7566514
6.539809
6.3229666
5.778736
6.6503563
5.8892827
5.6724405
5.4555984
5.5661454
5.0219145
5.2387567
5.893534
5.7829876
5.2387567
5.7829876
6.110377
6.216672
5.7829876
6.110377
6.4377656
5.0219145
6.110377
5.6724405
5.99983
7.6282716
5.778736
8.066207
6.3229666
6.216672
6.327219
6.87145
5.5618935
6.981997
6.216672
5.2387567
6.110377
5.7829876
5.2387567
6.981997
5.6724405
4.6945252
5.99983
5.7829876
6.110377
5.5661454
6.654608
5.99983
5.4555984
5.778736
6.433514
6.544061
5.2345047
6.544061
5.6724405
5.6724405
6.544061
6.3229666
6.8671985
6.106125
6.539809
6.544061
7.4114294
7.632523
6.9777446
6.7566514
7.8451138
6.7566514
6.9734936
7.3008823
8.278798
8.716734
8.278798
8.061955
8.8230295
7.1903353
7.1903353
7.3008823
9.584103
8.929324
7.5177245
8.389345
8.278798
6.8671985
7.3008823
6.9734936
7.5177245
8.278798
8.49564
7.951409
8.278798
8.389345
6.9734936
7.8451138
6.9734936
7.8451138
7.7345667
8.601935
8.274546
9.039871
8.601935
8.601935
7.7303147
8.712482
8.818777
8.818777
8.385093
9.146166
8.491387
9.690397
9.141914
9.035619
7.9471564
8.385093
8.70823
8.818777
9.035619
9.690397
8.818777
9.141914
8.487137
9.031367
9.9029875
9.031367
9.681894
11.208292
11.204041
11.748272
10.549262
11.637725
11.310335
11.850314
12.071408
11.306084
11.306084
12.067157
12.067157
13.045072
12.611388
13.045072
12.500841
13.155619
11.518674
12.279747
12.611388
12.390294
12.717683
12.717683
13.261915
12.9345255
13.695599
13.040821
13.695599
14.018736
13.040821
13.368209
13.261915
13.257662
13.147116
13.801893
14.018736
13.691346
15.000902
13.691346
14.235578
13.585052
14.346125
13.5808
15.217746
14.129283
14.779808
13.036569
13.695599
14.673514
13.5808
14.129283
15.217746
14.890355
14.018736
14.673514
15.102947
14.886105
14.45242
14.45242
14.341873
15.434587
15.978818
15.974566
15.974566
15.647177
15.209241
16.085114
15.974566
15.757724
16.956734
15.647177
15.647177
15.868271
16.40825
16.629345
16.523048
16.191408
15.324039
15.540882
15.974566
16.191408
16.85044
15.540882
15.213492
15.328293
14.784061
14.45242
14.45242
14.456672
15.217746
15.000902
14.673514
14.129283
13.151368
13.589303
14.129283
12.9345255
14.022987
14.133534
12.9345255
13.483009
13.589303
12.607137
13.916693
12.717683
12.173452
13.589303
13.151368
13.589303
13.372462
12.717683
13.155619
13.376713
12.938777
11.850314
12.288251
12.721935
12.2839985
11.850314
12.505093
11.089241
11.854567
10.226125
10.226125
11.097745
9.681894
9.898736
10.013535
9.681894
8.37659
9.469303
9.035619
8.491387
8.491387
8.274546
8.491387
7.6197677
7.9471564
9.146166
8.163999
8.274546
7.7303147
7.2966304
8.491387
7.2966304
6.969241
7.951409
8.274546
6.7523994
6.7523994
7.4071774
6.101873
7.849365
6.539809
6.7566514
7.0840406
6.106125
6.9777446
6.539809
5.5618935
6.433514
6.544061
5.6724405
5.778736
6.654608
6.8671985
6.3229666
5.8892827
6.106125
6.433514
5.6724405
7.092544
5.6766925
5.4555984
6.0040812
5.3493037
6.2209234
6.87145
5.2387567
6.87145
5.99983
5.2387567
5.5661454
5.5661454
5.2387567
6.765155
6.4377656
6.327219
5.6766925
7.092544
7.1988387
5.7829876
6.87145
6.9777446
6.110377
7.74307
7.74307
6.216672
7.0882916
8.070459
6.106125
6.4377656
7.9599123
7.415681
7.521976
6.433514
7.849365
7.738818
7.738818
8.066207
7.0882916
8.393597
8.28305
6.760903
8.176754
8.389345
6.9777446
7.849365
7.738818
8.82728
8.716734
7.4114294
8.28305
7.1945877
7.955661
6.9777446
7.521976
8.1725025
7.6282716
8.393597
7.1945877
7.0840406
8.066207
8.070459
7.632523
5.8892827
7.0882916
7.0840406
7.849365
7.738818
8.389345
7.5177245
7.955661
7.738818
7.6282716
6.9734936
8.82728
9.477807
8.168251
9.36726
9.150418
8.168251
8.057704
8.389345
9.260964
8.8230295
8.389345
9.36726
9.36726
8.601935
9.477807
8.385093
8.929324
9.911491
9.256713
9.146166
8.712482
9.690397
9.3630085
9.9029875
9.035619
9.690397
10.013535
9.3630085
10.124082
9.800944
9.469303
9.690397
10.668313
10.774608
11.097745
10.880902
11.425134
11.531429
12.075661
11.637725
12.836734
12.071408
12.832482
13.053576
12.071408
12.181956
11.748272
12.730438
11.420882
11.637725
12.292503
11.965114
11.527178
12.292503
11.204041
11.854567
11.420882
11.854567
11.420882
11.535681
11.204041
11.204041
11.531429
11.854567
12.075661
13.270417
12.505093
12.836734
12.292503
12.071408
13.053576
13.48726
13.814649
13.5935545
12.721935
12.938777
13.5935545
13.5935545
13.266166
12.82823
13.48726
13.810397
13.155619
13.483009
14.460924
13.483009
14.792564
13.920944
13.483009
13.159871
12.611388
12.505093
13.270417
13.049324
13.483009
13.920944
12.832482
13.266166
12.61564
13.48726
13.049324
13.5935545
13.810397
14.57147
13.69985
13.266166
13.810397
13.916693
12.82823
14.2440815
14.2440815
14.137786
13.916693
14.133534
14.2440815
14.02724
14.2440815
14.2440815
14.02724
13.920944
13.266166
13.266166
13.810397
13.69985
12.611388
12.394546
13.5935545
12.2839985
13.049324
12.505093
12.509345
11.965114
11.965114
11.854567
11.522925
12.071408
12.832482
12.398798
11.748272
12.186207
11.310335
10.880902
12.186207
10.659809
11.425134
11.425134
11.314588
10.5535145
11.641976
11.314588
10.226125
10.124082
9.796692
9.3630085
8.925072
8.818777
8.818777
9.039871
8.929324
8.057704
7.955661
7.1903353
7.7345667
6.106125
7.305134
5.6724405
6.544061
5.4555984
6.2209234
5.893534
6.765155
5.6766925
5.7829876
5.5661454
5.3493037
5.6724405
6.110377
5.893534
6.654608
6.3314705
6.110377
6.981997
5.3493037
6.2209234
6.114629
4.8093243
3.8314087
5.251512
2.530356
2.2072186
3.2956812
2.2072186
1.2293034
1.8840815
1.5566925
1.5566925
0.68507224
1.6672394
1.3398503
0.90616614
2.3220174
2.5388596
1.6672394
2.972544
1.7735345
1.4461455
1.9903767
0.9019143
2.861997
2.3177657
3.189386
1.5566925
1.1230083
2.3220174
1.8840815
0.46823013
1.0124613
1.7735345
0.361935
1.7777863
0.689324
0.47248197
-0.39913827
1.4503974
1.1230083
0.689324
1.8883334
-0.071749225
0.799871
0.799871
0.03879773
0.69357586
-0.82857066
-0.6117286
0.47673374
-1.7001909
-0.5011816
-0.28433952
-1.589644
-2.0275798
-0.93486583
-0.6074768
-1.1559597
-1.0454128
-0.7180237
0.14934468
-0.93911767
-0.3948865
-0.28859133
-1.8107378
-0.6117286
0.25563982
-0.8328225
1.237807
-0.72227556
0.47248197
0.5787771
-0.39913827
0.5787771
1.3398503
1.7777863
0.90616614
1.0124613
0.9019143
0.7956192
1.3398503
0.46823013
1.3398503
0.7956192
1.3398503
1.0124613
1.8840815
0.9019143
1.4461455
2.861997
1.7735345
1.7692827
2.968292
2.530356
3.8356605
4.379892
3.9419558
4.37564
4.7030287
4.9198713
4.481935
3.9419558
5.24726
5.136713
5.7872396
5.4598503
6.0040812
5.7872396
5.8977866
4.371388
4.265093
5.136713
4.698777
4.481935
5.6809444
5.6766925
5.132461
5.132461
6.0040812
5.7829876
5.4555984
5.5661454
5.5618935
6.6503563
5.5618935
5.995578
6.539809
7.5134726
8.168251
9.584103
9.146166
8.712482
7.1860833
9.256713
7.6240196
9.035619
8.274546
9.584103
8.601935
9.36726
8.601935
9.3630085
10.013535
9.690397
8.818777
8.818777
8.163999
9.473556
8.601935
8.601935
8.818777
8.929324
8.057704
9.146166
8.163999
8.385093
9.146166
8.929324
8.057704
7.9471564
9.796692
9.686145
10.5535145
10.226125
11.097745
10.766105
11.204041
10.659809
11.314588
10.33242
10.876652
10.659809
12.075661
12.726187
11.637725
11.854567
12.288251
11.7440195
12.836734
11.7440195
12.832482
12.288251
12.61564
11.7440195
11.7440195
11.637725
12.726187
11.7440195
11.420882
12.509345
12.398798
11.854567
11.965114
11.527178
11.093493
11.204041
11.093493
11.527178
12.075661
11.748272
11.637725
11.7440195
11.854567
12.177704
11.965114
10.876652
12.075661
11.204041
10.659809
11.314588
11.310335
11.854567
10.982946
11.854567
11.748272
11.310335
10.659809
11.425134
11.314588
11.535681
10.336672
10.005031
10.659809
11.641976
10.549262
11.420882
11.420882
10.659809
10.876652
11.420882
11.314588
11.641976
10.770356
10.659809
12.292503
10.982946
10.876652
11.310335
11.527178
10.655557
10.549262
11.965114
11.854567
10.982946
11.7440195
11.199788
10.005031
11.420882
10.766105
10.33242
9.571347
10.442967
10.221873
10.549262
10.876652
10.33242
9.788189
10.115578
10.115578
9.677642
10.221873
11.637725
11.633472
10.872399
11.7440195
11.960861
11.850314
12.505093
13.155619
11.633472
11.854567
11.093493
10.005031
10.659809
10.876652
10.115578
10.005031
10.659809
11.420882
10.33242
10.005031
10.442967
10.33242
9.571347
10.770356
10.770356
10.336672
10.5535145
10.770356
10.005031
11.204041
10.770356
10.987199
10.770356
10.226125
11.314588
10.226125
10.336672
11.752523
11.531429
10.442967
10.664061
11.531429
9.894484
10.987199
11.093493
11.420882
11.965114
10.987199
11.858818
11.204041
11.314588
11.425134
11.748272
11.314588
11.208292
11.097745
10.230376
10.230376
9.469303
9.469303
8.70823
9.3630085
8.929324
9.57985
8.38084
9.473556
8.925072
9.252461
9.907239
10.013535
9.796692
9.473556
10.230376
9.358756
10.447219
10.013535
10.774608
9.9029875
9.252461
10.017787
9.035619
9.035619
9.473556
8.818777
7.8366094
8.057704
9.473556
7.840862
7.951409
7.8451138
7.8451138
8.389345
7.3008823
7.8451138
7.1903353
6.8629465
7.7345667
6.8671985
7.8451138
8.389345
6.101873
6.9734936
6.318715
7.0840406
7.6282716
6.5355573
7.1903353
8.606187
7.9471564
8.49564
8.8230295
7.951409
5.995578
6.8671985
7.6282716
6.429262
6.6503563
7.0840406
7.955661
6.8671985
5.7829876
5.4555984
5.4555984
5.132461
5.6766925
5.2387567
4.915619
4.371388
4.8093243
4.7030287
5.030418
3.9419558
3.3977246
4.0525026
3.4019763
2.747198
3.074587
3.7293656
3.074587
2.968292
2.7514498
2.7514498
1.9903767
2.534608
2.7514498
2.313514
2.0966718
2.640903
3.1851342
2.747198
2.968292
3.62307
3.074587
2.424061
2.8577452
1.6587358
2.424061
1.8798298
1.6629877
1.9903767
1.7735345
2.2072186
2.7514498
1.6629877
1.6629877
1.7735345
1.9903767
1.2293034
1.4461455
1.7735345
2.1009235
0.68507224
1.0124613
1.8840815
2.424061
2.424061
2.0966718
3.074587
4.269345
2.8577452
3.7251134
3.8356605
3.3977246
3.6145666
3.8356605
3.3977246
4.269345
3.1808825
2.8534935
3.8356605
3.2914293
3.6188183
3.1808825
3.2914293
1.6587358
3.074587
2.747198
2.747198
2.747198
2.313514
3.074587
2.3177657
3.62307
3.4019763
2.8534935
2.9640403
4.0525026
4.1587977
4.5967336
4.4861865
5.468354
5.357807
4.0482507
4.5967336
5.136713
5.24726
5.6809444
4.37564
5.5703974
5.4598503
5.464102
4.8093243
5.791491
5.7872396
5.026166
5.6809444
6.2251754
6.663111
5.5703974
6.2251754
6.3314705
5.3493037
5.893534
6.5483127
4.698777
5.5703974
5.5703974
5.5703974
6.4377656
5.0219145
5.893534
6.327219
5.893534
6.4377656
7.521976
7.955661
7.6282716
8.716734
8.168251
8.8230295
9.256713
8.70823
10.6725645
10.340923
10.124082
10.668313
10.230376
9.252461
10.885155
10.885155
10.340923
10.562017
10.562017
10.234629
9.473556
9.146166
8.818777
10.234629
9.57985
9.473556
10.345176
8.818777
9.800944
9.800944
9.473556
9.69465
9.800944
9.57985
10.340923
9.57985
8.925072
9.146166
8.929324
8.601935
8.385093
10.017787
9.146166
8.929324
9.575599
10.230376
9.9029875
10.230376
9.9029875
10.340923
10.991449
10.009283
10.340923
11.101996
9.686145
9.57985
9.469303
8.925072
9.907239
9.252461
8.929324
9.584103
8.712482
9.473556
9.57985
11.101996
10.124082
10.447219
10.119829
11.097745
10.770356
11.531429
12.619891
12.947281
12.071408
11.858818
12.836734
11.748272
11.858818
12.181956
12.292503
12.836734
12.398798
11.965114
12.61564
11.854567
11.637725
13.057828
12.181956
13.053576
12.398798
13.053576
13.376713
11.633472
13.049324
12.938777
12.505093
13.266166
13.266166
13.155619
14.031491
13.049324
13.376713
13.155619
13.5935545
13.372462
12.82823
12.721935
13.810397
12.938777
13.704102
12.938777
13.049324
13.5935545
12.82823
12.611388
13.920944
14.57147
13.261915
13.049324
13.483009
12.82823
12.611388
12.177704
12.61564
13.372462
11.739767
13.049324
13.69985
12.394546
13.049324
11.7440195
12.505093
11.637725
11.637725
12.071408
12.288251
12.61564
12.721935
12.500841
12.505093
12.2839985
13.589303
12.394546
13.372462
13.372462
13.045072
13.69985
13.372462
12.82823
13.049324
12.721935
13.155619
11.850314
12.61564
12.067157
12.505093
12.398798
12.832482
11.633472
12.832482
12.726187
11.633472
12.288251
11.637725
11.089241
11.748272
12.943029
12.288251
13.266166
12.938777
12.288251
11.850314
12.177704
11.637725
11.854567
11.637725
10.982946
11.531429
11.093493
11.854567
11.310335
12.181956
10.982946
11.093493
11.093493
12.075661
11.637725
10.549262
11.748272
11.420882
11.204041
11.425134
10.770356
10.880902
10.880902
9.792441
9.898736
9.465052
10.230376
9.686145
9.358756
9.9029875
9.358756
9.9029875
9.141914
9.358756
9.469303
9.9029875
9.358756
10.230376
9.575599
9.575599
10.013535
9.796692
9.031367
9.792441
9.141914
9.031367
10.013535
9.035619
9.141914
8.925072
9.252461
8.601935
9.035619
8.38084
8.70823
8.168251
8.385093
8.601935
7.2966304
7.840862
9.584103
8.274546
9.473556
7.9471564
7.5134726
8.168251
7.840862
8.385093
8.8230295
7.840862
7.4029255
8.601935
8.818777
7.840862
8.0534525
8.929324
8.491387
8.818777
8.385093
8.491387
8.274546
8.491387
9.146166
8.168251
9.039871
8.385093
8.163999
9.3630085
9.035619
8.274546
8.163999
7.9471564
7.6197677
7.5134726
8.385093
7.8366094
8.818777
8.491387
8.70823
8.712482
8.38084
7.9471564
8.274546
8.601935
8.38084
9.035619
8.491387
9.907239
9.469303
9.686145
9.146166
8.597683
9.3630085
9.252461
9.039871
8.385093
8.929324
8.385093
9.800944
9.907239
8.818777
9.256713
8.8230295
7.9471564
9.256713
9.911491
8.49564
8.385093
9.256713
8.929324
8.270294
8.601935
8.818777
9.252461
9.469303
9.252461
9.686145
8.163999
8.818777
8.925072
9.57985
9.907239
9.146166
9.796692
9.358756
9.690397
10.557766
9.792441
10.230376
10.340923
10.664061
10.340923
10.124082
9.792441
10.013535
10.340923
10.774608
9.358756
10.119829
10.336672
9.9029875
10.234629
9.035619
9.3630085
8.818777
9.473556
8.274546
8.929324
8.818777
10.017787
9.3630085
8.925072
8.925072
9.3630085
9.469303
10.447219
10.230376
9.9029875
10.664061
10.336672
10.226125
11.318839
10.770356
10.991449
10.885155
10.447219
11.641976
11.314588
10.770356
11.752523
10.987199
11.097745
10.880902
10.119829
10.447219
11.208292
10.226125
10.013535
10.119829
10.230376
11.097745
11.097745
10.447219
11.752523
10.226125
10.5535145
10.009283
10.226125
10.005031
9.681894
11.314588
11.097745
11.531429
11.858818
10.659809
13.053576
11.633472
12.288251
11.960861
12.500841
12.500841
14.137786
13.155619
13.806146
14.57147
13.045072
13.372462
13.589303
13.372462
13.368209
13.368209
13.478756
14.567219
13.368209
12.9345255
12.717683
12.500841
13.483009
12.721935
13.372462
13.91244
15.000902
16.191408
15.102947
16.625093
16.080862
15.970315
16.518799
16.40825
15.864019
17.390417
16.73564
16.625093
16.629345
16.841934
16.629345
14.996652
14.673514
14.460924
12.717683
13.372462
13.589303
12.500841
13.916693
13.695599
13.261915
13.589303
13.372462
14.354629
14.133534
15.434587
14.886105
14.673514
14.890355
15.647177
16.301954
17.279871
17.284122
17.173576
17.713554
16.40825
16.841934
17.603008
17.386166
17.603008
18.040945
17.386166
17.81985
17.603008
17.603008
16.297703
17.60726
17.169323
17.063028
16.846186
16.73564
16.952482
15.974566
15.430335
16.956734
16.195662
16.085114
16.412502
16.306208
15.761976
16.195662
14.456672
14.567219
14.460924
15.107199
15.434587
16.412502
16.416756
14.673514
14.890355
15.107199
14.784061
15.11145
15.872524
15.107199
16.523048
15.217746
14.779808
16.085114
15.217746
14.673514
14.784061
15.328293
14.350377
14.133534
14.23983
15.107199
15.217746
14.890355
15.540882
15.651429
15.872524
14.890355
14.567219
13.91244
14.022987
14.567219
14.2440815
13.69985
13.372462
14.354629
13.155619
12.82823
12.832482
10.982946
9.894484
10.005031
10.982946
11.204041
12.186207
11.637725
10.872399
12.288251
12.611388
12.500841
13.372462
13.478756
13.372462
12.611388
13.049324
12.394546
12.61564
10.766105
10.987199
10.664061
10.336672
9.796692
11.539933
10.45147
9.252461
8.925072
9.469303
10.336672
11.314588
11.204041
12.726187
13.810397
13.69985
15.115701
14.350377
15.328293
14.567219
14.788313
13.920944
13.5935545
13.266166
12.398798
13.270417
12.726187
12.947281
13.380964
12.075661
13.380964
13.376713
13.814649
13.270417
12.836734
13.057828
12.292503
11.858818
12.407301
11.969365
12.296754
10.987199
11.208292
12.403049
11.748272
11.858818
10.664061
10.668313
10.562017
9.146166
10.345176
10.995702
10.774608
10.447219
11.969365
11.314588
12.513597
12.836734
13.053576
13.057828
12.730438
11.531429
10.774608
9.796692
11.106249
10.885155
11.318839
11.2125435
10.77886
9.690397
9.796692
9.039871
9.3630085
10.6725645
10.455723
9.800944
9.473556
10.668313
10.124082
10.991449
12.296754
12.292503
12.947281
13.053576
13.48726
13.376713
12.721935
13.920944
14.35888
13.159871
13.920944
12.832482
12.726187
12.61564
11.965114
12.730438
12.186207
12.836734
11.641976
12.624144
12.730438
11.208292
10.991449
11.429386
10.774608
12.296754
11.641976
12.407301
11.641976
11.969365
10.770356
10.880902
11.756775
11.208292
11.208292
13.495763
13.380964
12.075661
13.491511
12.836734
11.965114
12.509345
12.947281
13.164123
12.947281
12.730438
12.403049
12.075661
11.973618
11.8630705
11.641976
10.880902
12.951532
12.296754
11.531429
13.385218
12.407301
12.513597
11.969365
13.495763
13.168375
12.407301
11.752523
13.1726265
12.296754
12.186207
12.951532
13.274671
12.513597
13.057828
13.274671
12.619891
13.491511
14.14629
13.385218
13.708355
13.597807
13.925196
14.252585
14.575723
13.597807
14.469427
14.252585
13.491511
12.730438
13.389469
12.628395
12.845238
12.296754
12.079912
12.190459
11.8630705
11.8630705
12.194712
12.734691
12.084165
12.079912
12.628395
13.278922
13.168375
13.057828
12.624144
13.385218
12.734691
13.385218
13.168375
13.389469
12.190459
12.840985
12.951532
12.296754
11.8630705
13.062079
12.734691
11.973618
11.977869
11.65048
11.867322
11.977869
11.216796
11.433638
10.889407
10.999953
11.323091
10.77886
11.761026
10.77886
10.455723
10.128334
10.783112
10.0220375
9.805196
9.044123
10.349427
9.15467
10.243132
10.349427
8.716734
9.371511
8.937827
8.937827
8.82728
9.809448
9.915743
9.805196
9.919995
8.720985
9.158921
8.504144
8.8315325
8.614691
8.181006
8.074712
7.203091
6.5525646
6.875702
7.203091
6.769407
6.769407
6.5483127
7.313638
7.313638
6.986249
7.096796
6.2251754
6.5525646
6.663111
6.663111
6.8799534
6.6588597
6.769407
7.313638
6.4420176
6.5525646
6.7736583
7.207342
6.663111
7.207342
7.5347314
7.7515736
7.096796
6.8799534
7.096796
6.769407
6.4420176
6.769407
6.663111
5.791491
5.140965
6.4462695
5.795743
7.1010475
5.6851964
5.251512
5.3620586
5.90629
6.561068
5.1452165
4.167301
4.167301
4.2778482
4.3883953
3.7336173
3.5167751
4.605237
3.6273217
3.954711
4.6094894
3.954711
3.6273217
4.605237
5.1494684
4.928375
5.3620586
4.167301
4.167301
4.7115326
4.605237
4.6009855
4.3883953
4.4989424
3.7336173
4.4989424
2.8662488
2.5388596
2.8662488
4.4989424
3.4104798
3.1936376
2.5431116
3.0830908
2.6494067
2.7599535
2.5431116
2.9767957
2.6494067
2.7599535
2.8705006
3.0873425
3.3041847
2.5388596
3.3041847
3.414732
2.9767957
3.737869
2.9767957
2.8662488
2.9767957
2.9767957
3.3041847
2.9767957
1.7777863
3.0873425
2.8705006
2.9767957
2.4325645
2.7599535
3.1978896
2.8705006
2.2157223
3.414732
2.8705006
2.7599535
2.1051755
3.0873425
3.0873425
2.3262694
2.6494067
2.6536584
2.7599535
2.6536584
1.1315118
0.58728075
2.1094272
2.7599535
2.7599535
2.3262694
2.2157223
2.7599535
2.5431116
2.4325645
2.5431116
2.7599535
2.3220174
3.1936376
3.5210268
3.1936376
2.5388596
2.6494067
2.7599535
2.8705006
2.7599535
4.6094894
3.6273217
2.3220174
4.2821
2.6494067
2.6494067
2.4325645
1.9988803
3.0873425
2.9767957
2.4325645
2.5388596
2.6494067
2.4325645
2.4325645
2.5388596
2.3220174
2.8662488
2.9767957
2.3220174
2.6494067
2.6494067
2.9767957
2.4283128
1.8840815
4.0610065
3.62307
3.62307
2.861997
4.4946904
5.3620586
4.379892
4.924123
6.7736583
5.251512
4.924123
4.5967336
6.012585
6.008333
4.8135757
6.1188803
6.1188803
5.7872396
5.357807
6.9905005
5.902038
5.468354
4.8135757
4.1630497
6.123132
5.357807
4.4861865
4.924123
4.8135757
6.008333
6.2251754
5.791491
5.464102
5.902038
4.7030287
5.140965
6.8799534
5.026166
7.096796
7.203091
6.875702
7.636775
7.636775
8.397848
7.419933
6.986249
8.074712
8.181006
6.327219
7.309386
6.981997
7.526228
7.092544
7.415681
7.853617
7.9641643
6.4377656
7.5304804
7.636775
6.5483127
7.092544
7.9641643
7.636775
6.765155
6.5483127
7.5304804
6.875702
6.3314705
7.092544
7.1988387
7.9599123
7.849365
7.74307
7.738818
7.1945877
7.9599123
9.044123
7.4114294
8.716734
9.477807
9.915743
9.260964
9.588354
8.606187
9.477807
8.606187
9.044123
8.278798
9.150418
8.389345
8.606187
8.933577
8.933577
8.1725025
7.849365
7.6282716
6.9777446
7.632523
7.415681
7.738818
8.1725025
8.066207
7.955661
7.6282716
8.937827
8.933577
7.7345667
8.933577
8.168251
8.389345
9.371511
9.150418
7.738818
8.720985
8.066207
7.521976
8.066207
8.066207
7.521976
7.849365
6.6503563
6.4377656
6.327219
7.309386
7.309386
5.893534
7.636775
6.981997
5.5661454
6.875702
7.526228
6.2209234
6.765155
5.3493037
5.7872396
5.7872396
6.114629
6.5483127
5.6766925
6.3314705
6.2209234
5.6766925
5.893534
5.5661454
5.5661454
6.5483127
7.092544
6.986249
6.0040812
7.092544
6.5483127
5.3493037
6.4377656
6.4377656
5.6766925
5.5661454
5.132461
6.0040812
5.353555
4.1587977
5.8977866
5.4598503
5.243008
5.132461
5.026166
4.481935
5.464102
4.0482507
5.6809444
4.592482
4.915619
5.7872396
5.4598503
5.4598503
6.008333
5.243008
5.5703974
4.915619
4.8093243
5.5703974
5.6766925
4.915619
4.915619
5.4598503
6.008333
5.574649
5.030418
4.8135757
5.140965
5.140965
4.8135757
3.6145666
4.924123
3.1808825
4.4861865
4.0525026
3.9462075
2.8577452
2.313514
1.8798298
3.8399122
2.9640403
1.7692827
2.968292
2.313514
1.8798298
3.078839
2.7514498
2.7514498
2.7514498
2.313514
3.2914293
4.1630497
3.6145666
4.1630497
4.0525026
3.8314087
3.8314087
4.8135757
4.4861865
3.3977246
4.924123
3.6145666
4.269345
4.7030287
3.7251134
4.269345
2.202967
3.1851342
3.4019763
3.4019763
3.4019763
3.074587
3.9462075
2.8577452
3.4019763
4.2735963
3.5082712
3.9462075
3.074587
4.1630497
3.5082712
4.5967336
4.1587977
5.030418
4.37564
4.379892
4.269345
4.8135757
4.8135757
4.269345
4.379892
3.5082712
3.3977246
4.7072806
4.0525026
4.379892
3.4019763
2.424061
3.62307
2.2072186
1.5566925
2.2072186
3.406228
2.7514498
2.968292
3.406228
1.9903767
2.6451547
1.8798298
2.424061
3.2956812
2.968292
2.534608
2.419809
3.4019763
3.074587
4.6009855
2.530356
3.1851342
4.6009855
2.8577452
2.8577452
3.8356605
3.6145666
4.269345
4.7072806
4.4861865
3.6145666
2.9640403
3.074587
3.9462075
2.640903
3.7293656
3.1851342
2.8577452
2.8577452
3.406228
2.861997
1.9903767
2.861997
1.9903767
1.9903767
2.3177657
3.2956812
4.056754
3.9462075
2.747198
3.1851342
4.3841434
5.251512
4.8135757
5.5703974
5.464102
5.5703974
4.9198713
6.3357224
6.1188803
6.008333
6.008333
5.24726
5.357807
5.030418
4.8135757
5.030418
4.7030287
5.136713
5.902038
4.269345
5.3620586
4.924123
4.269345
4.379892
4.7072806
4.5967336
5.468354
5.140965
5.902038
5.030418
4.7030287
5.251512
4.8135757
4.269345
5.795743
6.663111
5.6809444
6.008333
5.4598503
5.464102
5.791491
5.8977866
5.902038
6.4462695
4.9198713
5.030418
5.574649
6.1188803
5.791491
5.030418
6.2294273
5.6851964
4.379892
5.0346694
5.357807
5.030418
5.6851964
5.357807
5.140965
4.4861865
4.8178277
3.5082712
4.1630497
4.4861865
5.791491
4.5967336
4.9198713
5.574649
5.6809444
5.6851964
5.795743
5.251512
4.7072806
5.0346694
4.8135757
5.0346694
4.8135757
4.1630497
4.2735963
4.5967336
4.1630497
5.1452165
5.2557635
4.490439
3.4019763
2.861997
3.406228
3.7336173
2.1009235
2.7514498
4.490439
4.8178277
3.6188183
2.968292
2.534608
2.972544
1.6672394
2.1051755
1.7820382
1.8925852
0.3704386
-0.3906347
-0.16954076
0.04730134
-0.16954076
-0.7137719
-1.0411611
0.3746904
-0.603225
-0.930614
-0.28008774
-1.0411611
0.59153247
0.69782764
1.9988803
1.5609442
1.6714911
2.2157223
1.8883334
1.7777863
0.25989163
-0.06324561
-2.2359185
-4.081202
-3.9664037
-4.0726986
-4.7232246
-3.851605
-3.7453096
-3.3158772
-1.3600464
-1.2537513
-1.7979825
-2.0148246
-2.2316666
-1.9042777
-2.6696026
-2.8864448
-1.0326574
-1.1432043
-1.6874356
-1.0369092
-0.930614
-0.16528895
-0.930614
-1.8022342
-0.70952016
-0.70952016
-1.4705935
-1.4663416
-1.7937305
-1.9000257
-2.2274148
-2.665351
-0.7052683
-1.1432043
-1.2537513
-1.2537513
-0.49267802
-1.0369092
-0.38213107
-0.49267802
-1.4748453
-0.70952016
0.1621001
-0.9263622
-0.38213107
-0.16528895
0.9231734
-0.8200671
-0.2758359
-0.38213107
-0.70952016
-1.1432043
-1.1432043
-1.5811403
-1.1432043
-0.38213107
0.37894222
-0.16954076
-0.16954076
0.59153247
1.1357636
-0.058993805
0.1578483
0.26839525
0.7020795
0.05155315
0.1578483
-0.49267802
-0.38638288
-0.2758359
1.2463106
2.003132
0.8041228
1.348354
1.6757431
2.1094272
1.9988803
3.631574
2.9767957
3.5210268
3.848416
3.299933
4.2821
4.171553
4.4946904
4.4946904
3.737869
3.3041847
1.1315118
0.91466975
1.4589009
1.6757431
2.5431116
2.9810476
3.1936376
1.6672394
4.4989424
3.844164
3.8399122
5.3663106
6.339974
5.791491
7.9684157
7.636775
7.309386
9.486311
10.464226
7.853617
7.857869
7.857869
6.008333
6.77791
4.9326262
3.844164
3.414732
3.4104798
4.9326262
4.3841434
5.583153
4.167301
5.583153
4.6009855
4.5967336
5.468354
6.875702
7.9641643
8.176754
9.15467
9.69465
10.676816
9.809448
8.94208
8.720985
7.9641643
8.074712
7.203091
6.875702
7.857869
7.203091
7.9641643
8.181006
9.265217
9.588354
9.260964
9.15467
8.504144
7.74307
10.247384
9.482059
9.703153
9.265217
8.287301
8.610438
10.02629
10.349427
10.455723
10.566269
10.455723
10.566269
9.805196
11.221047
9.911491
9.915743
10.23888
10.893659
10.132585
10.0220375
10.23888
10.566269
10.566269
10.566269
10.23888
8.610438
9.265217
9.15467
8.8315325
9.592606
8.066207
7.853617
9.592606
8.82728
9.588354
8.716734
9.044123
8.82728
8.504144
8.937827
7.849365
8.720985
9.15467
9.265217
9.371511
9.044123
8.933577
10.02629
9.805196
8.82728
8.393597
9.044123
8.82728
8.499891
8.82728
9.36726
10.459974
9.584103
8.061955
9.477807
8.716734
9.150418
9.15467
9.805196
7.738818
8.393597
8.393597
7.8451138
8.610438
8.28305
8.606187
7.738818
6.760903
7.0882916
6.765155
5.5661454
6.2209234
7.419933
6.5483127
6.3314705
6.4377656
7.74307
7.632523
7.738818
7.521976
7.9599123
7.1988387
8.287301
7.853617
7.092544
7.853617
7.632523
7.415681
8.720985
8.610438
8.28305
7.521976
8.393597
7.849365
6.544061
7.738818
9.044123
8.933577
8.499891
8.937827
7.3008823
7.521976
7.738818
7.74307
7.1945877
6.8671985
8.393597
7.738818
8.393597
9.260964
9.044123
8.610438
8.28305
9.371511
8.933577
9.477807
9.911491
9.584103
9.256713
9.256713
8.49564
9.256713
9.473556
9.584103
9.473556
9.039871
9.36726
8.385093
8.061955
8.389345
8.278798
8.28305
8.1725025
8.82728
9.477807
8.610438
8.28305
7.738818
7.1945877
7.1988387
7.305134
8.066207
7.8451138
7.415681
7.74307
8.176754
7.0882916
6.765155
6.5483127
7.526228
6.875702
6.6588597
6.875702
6.875702
6.5483127
6.875702
7.203091
6.3314705
7.096796
6.0040812
4.915619
5.791491
6.4420176
6.114629
6.5483127
5.4598503
6.5525646
5.5703974
5.5703974
6.5525646
6.3357224
5.791491
6.008333
5.353555
6.5525646
6.2251754
6.6588597
6.2209234
6.6588597
6.114629
6.6588597
7.203091
5.7872396
6.3314705
7.313638
6.3314705
7.092544
7.203091
7.1988387
6.981997
7.092544
6.4377656
6.327219
6.5483127
7.309386
7.1988387
6.2209234
6.4377656
6.2209234
5.6766925
6.5483127
6.110377
6.110377
6.0040812
6.5483127
6.765155
6.2209234
7.092544
6.5483127
6.4420176
6.5483127
6.3314705
6.2209234
6.4377656
6.327219
5.6766925
4.0482507
4.7072806
3.9462075
2.640903
3.5125234
2.8577452
3.2956812
3.9504592
2.640903
2.4283128
2.3220174
3.189386
2.534608
4.167301
3.2914293
3.5082712
4.379892
3.7251134
3.1851342
3.5125234
3.078839
2.1009235
2.5388596
1.5566925
1.4503974
1.6672394
1.9946285
1.3398503
1.6672394
1.7735345
2.7557018
3.078839
2.534608
2.861997
3.189386
4.167301
3.074587
3.6188183
3.9462075
3.5125234
4.2735963
3.9462075
3.8356605
5.251512
4.379892
5.251512
5.251512
4.5967336
4.8135757
4.1630497
4.490439
3.4019763
3.62307
3.7293656
2.8577452
3.5125234
4.056754
3.078839
4.167301
3.5125234
3.7293656
3.1851342
4.056754
3.078839
3.7336173
3.8399122
2.861997
3.8399122
4.167301
3.078839
3.7336173
2.3177657
2.6451547
3.5167751
2.6451547
2.6451547
3.844164
1.7735345
2.1009235
3.189386
2.4283128
1.9946285
3.299933
2.4283128
2.4283128
2.5388596
2.1009235
2.3177657
1.3398503
1.8840815
2.3177657
2.2114706
2.2114706
1.6672394
2.5388596
0.90616614
1.2335552
0.90616614
1.8840815
2.2114706
1.5609442
0.90616614
1.6672394
1.2335552
1.4503974
2.3220174
2.5388596
2.3220174
1.7777863
1.9946285
2.1009235
1.7777863
1.6672394
2.1051755
2.3177657
2.861997
2.3177657
2.972544
2.1009235
1.5566925
2.1009235
2.2114706
2.2072186
2.972544
3.62307
3.62307
3.62307
3.2956812
1.9903767
1.6672394
2.3220174
2.5388596
1.5566925
2.6451547
1.9903767
2.2114706
2.6451547
2.5388596
1.6672394
2.3220174
2.4283128
2.2114706
2.6451547
3.954711
3.299933
2.4283128
2.4325645
2.3220174
1.5566925
2.861997
3.737869
3.6273217
3.5167751
2.6451547
3.299933
4.0610065
2.3177657
2.861997
3.844164
3.406228
2.4283128
3.7336173
2.972544
3.62307
2.534608
3.62307
4.1630497
4.6009855
3.62307
4.2778482
3.62307
3.2956812
4.167301
4.928375
4.490439
5.0346694
3.074587
4.2735963
5.140965
4.0525026
3.5082712
4.8178277
3.9462075
3.406228
2.968292
5.2557635
4.490439
4.2735963
3.8399122
4.928375
3.4019763
5.0346694
4.5967336
4.379892
4.5967336
5.140965
4.0525026
5.1452165
5.140965
5.6851964
5.030418
3.7251134
4.5967336
4.7072806
4.2735963
4.490439
4.6009855
3.5125234
4.928375
3.8399122
4.3841434
4.2735963
3.7293656
4.7072806
4.490439
4.8135757
5.251512
6.1188803
5.6851964
4.8135757
5.357807
4.7030287
5.6851964
6.663111
5.6809444
6.2251754
6.0040812
5.8977866
5.136713
5.791491
5.464102
5.24726
5.24726
5.030418
5.357807
5.030418
5.357807
5.24726
3.9419558
5.574649
6.1188803
4.37564
6.1188803
5.464102
5.791491
5.6809444
6.114629
4.9198713
6.008333
6.114629
5.353555
4.9198713
6.5525646
5.6809444
6.0040812
6.3314705
6.5483127
7.203091
6.875702
5.136713
6.3357224
5.6809444
4.9198713
5.24726
5.353555
5.353555
6.008333
6.008333
5.8977866
5.24726
4.37564
5.574649
6.008333
4.592482
5.464102
6.986249
5.7872396
6.6588597
6.765155
6.3314705
6.6588597
6.986249
6.3314705
6.769407
6.986249
6.3314705
6.2251754
6.0040812
6.4420176
5.6766925
6.114629
6.5483127
5.7872396
6.4420176
6.6588597
6.4420176
6.4420176
6.4420176
6.3314705
6.5483127
6.2251754
4.9198713
5.902038
5.574649
5.574649
5.24726
5.464102
4.8135757
5.468354
4.8135757
3.8356605
6.012585
5.140965
4.924123
5.902038
5.357807
6.4462695
6.114629
6.3357224
6.5525646
6.4420176
5.353555
6.1188803
6.3357224
4.4861865
5.795743
5.574649
5.357807
4.269345
5.468354
5.468354
4.5967336
4.7072806
4.056754
4.490439
4.2735963
4.3841434
3.9462075
3.4019763
4.8178277
3.9462075
4.7072806
3.8356605
5.251512
3.8399122
3.8356605
4.7072806
6.123132
5.902038
4.8135757
5.791491
5.791491
4.1587977
6.2294273
6.4462695
5.24726
5.6809444
5.24726
6.4462695
5.030418
5.574649
6.4462695
5.030418
6.2294273
5.468354
4.269345
5.3620586
5.251512
4.924123
4.7115326
3.6188183
3.9504592
4.7115326
3.9504592
2.7514498
3.62307
3.62307
3.62307
4.056754
3.406228
4.7115326
4.6009855
4.1630497
4.056754
3.074587
3.9462075
4.6009855
4.490439
5.6851964
4.8135757
6.7736583
5.357807
5.6851964
4.7072806
3.8356605
5.3620586
4.0525026
6.2294273
5.357807
5.136713
5.902038
5.464102
5.902038
5.140965
4.7072806
4.2735963
5.90629
4.6009855
5.1452165
4.6009855
4.1630497
5.140965
4.7072806
5.468354
5.251512
4.924123
5.468354
5.795743
4.8135757
5.902038
6.2294273
5.902038
4.9198713
4.8135757
5.578901
5.574649
4.5967336
6.339974
6.123132
5.251512
5.689448
4.924123
5.468354
4.6009855
5.1452165
5.1452165
4.7072806
5.4726057
5.1452165
4.6009855
5.4726057
4.490439
3.9504592
4.3841434
4.4946904
3.7336173
5.038922
3.7336173
2.972544
4.2778482
3.7336173
2.7557018
4.2821
2.4283128
3.0830908
4.0610065
2.7557018
2.8662488
3.0830908
2.5388596
1.5609442
2.7599535
2.7599535
2.9767957
3.3041847
1.348354
1.6757431
1.020965
0.69357586
2.5431116
2.6536584
0.8041228
1.237807
1.8925852
0.47673374
1.8925852
0.69782764
0.69782764
0.69782764
1.2420589
1.8925852
0.69357586
1.565196
1.4546491
1.8925852
2.3262694
0.910418
0.58728075
1.8925852
0.8041228
1.565196
2.8705006
1.5609442
0.47248197
2.3262694
1.4546491
0.25989163
1.565196
1.6757431
2.2199743
0.58728075
0.47673374
1.2420589
1.4589009
0.043049537
0.3704386
0.25989163
1.2420589
0.043049537
-0.17379257
0.48098555
0.69782764
-0.28008774
0.04730134
-0.06324561
0.69782764
0.3704386
0.91466975
0.3704386
0.3704386
-0.3906347
1.1315118
2.4368165
1.020965
3.0873425
2.2114706
2.1051755
3.3041847
2.3220174
2.2114706
3.5210268
3.299933
2.4283128
3.9504592
4.605237
3.189386
4.2778482
4.056754
3.62307
3.7336173
3.406228
4.2778482
3.189386
2.2072186
4.0610065
3.5167751
3.078839
3.406228
3.5167751
4.8220797
3.7336173
3.078839
3.406228
3.8399122
3.5125234
5.1452165
4.056754
3.7293656
4.8178277
5.6851964
6.3357224
5.791491
7.313638
7.203091
7.526228
7.092544
8.2915535
7.309386
7.203091
7.6410265
6.986249
5.136713
6.339974
4.1630497
3.7293656
4.6009855
3.62307
3.62307
2.7557018
3.954711
2.972544
2.534608
3.406228
5.689448
4.7072806
5.3620586
6.339974
4.9198713
6.2294273
6.9905005
5.8977866
6.663111
6.4462695
6.012585
4.0525026
5.251512
5.468354
4.379892
4.7115326
4.7115326
3.62307
5.4768577
4.8220797
4.167301
4.9326262
4.4946904
5.1452165
5.578901
6.339974
6.3357224
6.2251754
6.986249
7.5304804
6.6588597
5.8977866
7.5304804
6.875702
6.0040812
6.6588597
6.765155
6.114629
6.3357224
6.008333
4.379892
4.8178277
4.490439
4.7072806
4.269345
5.030418
5.6809444
6.769407
6.765155
6.2209234
6.5483127
6.114629
4.8093243
5.902038
5.574649
5.7872396
7.092544
7.9599123
7.9599123
8.499891
7.738818
7.521976
7.74307
7.203091
7.747322
7.5304804
6.114629
5.353555
5.791491
5.357807
4.924123
5.0346694
4.8135757
5.6809444
5.468354
7.096796
6.875702
6.4420176
5.24726
5.6851964
4.3841434
3.7293656
6.123132
5.574649
5.8977866
6.875702
6.5483127
7.203091
7.207342
5.251512
3.9504592
3.5167751
3.4104798
3.0830908
3.2956812
4.7115326
4.167301
3.7293656
3.8399122
4.3883953
3.189386
2.6494067
2.8662488
2.5388596
4.0610065
4.2778482
4.167301
3.189386
4.3841434
3.189386
1.8840815
1.6672394
2.6451547
4.4946904
3.8399122
5.140965
4.4861865
4.7072806
5.6851964
3.6188183
4.2735963
5.0346694
5.468354
6.3357224
6.8799534
6.3357224
5.6851964
4.7072806
4.490439
4.379892
6.1188803
6.114629
6.4420176
6.986249
6.2251754
7.096796
6.6588597
6.6588597
6.875702
7.526228
7.203091
7.092544
7.092544
8.397848
7.74307
6.981997
8.614691
9.265217
6.760903
7.419933
6.765155
5.6766925
5.4598503
5.136713
4.7030287
3.9462075
3.1851342
3.62307
3.8399122
1.5524408
3.5167751
3.078839
2.8577452
2.8577452
3.6188183
3.0703354
4.592482
6.5483127
6.327219
6.327219
6.110377
5.5661454
6.6588597
4.8093243
3.3977246
2.9640403
3.2914293
1.5524408
1.6629877
1.6629877
1.3355986
1.8798298
2.968292
3.6188183
2.747198
3.7251134
3.2871776
3.0703354
4.0482507
3.933452
5.0219145
5.8892827
6.8671985
7.8451138
7.7345667
7.8451138
5.668189
5.1282096
5.3493037
5.4598503
5.026166
5.6809444
5.243008
5.3493037
6.110377
6.106125
6.3229666
7.6282716
7.5177245
6.539809
9.044123
7.4114294
7.0840406
8.716734
7.2966304
8.712482
8.38084
10.013535
10.664061
9.9029875
10.447219
10.124082
9.690397
10.234629
9.256713
8.929324
9.690397
10.774608
10.221873
12.403049
12.288251
11.965114
11.7440195
12.292503
11.093493
10.880902
12.186207
11.425134
11.318839
10.33242
11.748272
11.093493
10.987199
11.204041
12.403049
12.292503
12.513597
11.748272
12.619891
12.730438
11.965114
12.509345
12.832482
12.505093
13.810397
14.354629
13.270417
12.832482
13.708355
13.053576
11.965114
12.292503
12.292503
12.726187
11.208292
11.101996
10.562017
9.150418
8.606187
8.933577
9.260964
8.28305
8.937827
8.82728
8.287301
8.397848
8.070459
7.415681
6.327219
6.875702
6.87145
8.070459
6.87145
7.632523
7.9599123
6.87145
6.6588597
6.5483127
6.654608
8.176754
7.738818
7.1988387
5.893534
6.3314705
5.893534
6.5483127
5.6766925
7.096796
6.0040812
6.3314705
6.4420176
5.8977866
4.9198713
4.592482
4.5967336
4.269345
3.9462075
3.8356605
2.8534935
4.0525026
2.636651
3.8399122
2.8577452
1.6629877
2.2072186
2.3177657
1.2293034
1.6672394
1.8840815
1.3398503
1.2335552
2.2114706
1.3398503
2.2114706
0.25563982
1.0167131
1.0167131
1.0167131
0.47673374
0.043049537
0.043049537
-0.7180237
-0.17379257
-1.3685501
-1.2580031
-1.2580031
-0.930614
-1.5853921
-2.5590558
-1.3642982
-2.5590558
-2.7758977
-2.882193
-3.6432662
-3.5327191
-3.9664037
-4.1832457
-4.4043393
-4.1832457
-5.271708
-4.1832457
-3.4221725
-3.8601084
-3.9706554
-4.298044
-2.5548038
-2.1211197
-1.5768886
-1.6874356
-2.7758977
-2.4527607
-2.0148246
-1.9085294
-1.0369092
-0.70952016
-0.8200671
-1.9085294
-0.70952016
-2.1253715
-1.7979825
-1.5811403
-1.2580031
-1.2580031
-1.1474562
-1.2580031
-0.930614
-0.16954076
-0.93486583
0.3746904
0.58728075
-0.17379257
2.2199743
1.1315118
1.237807
2.5431116
2.8662488
2.8662488
2.4325645
2.9767957
1.9946285
3.737869
4.0610065
4.2778482
4.0610065
5.2557635
4.8178277
4.2735963
5.3620586
5.140965
4.2735963
5.251512
5.578901
5.0346694
4.7115326
6.016837
5.3620586
4.1630497
6.450521
5.795743
4.379892
6.012585
5.578901
4.7072806
5.3620586
4.8178277
4.490439
5.0346694
4.1630497
5.251512
5.6851964
5.030418
5.468354
5.902038
5.791491
5.24726
5.24726
4.8135757
6.3357224
5.24726
5.8977866
6.5525646
6.875702
6.5483127
7.526228
8.504144
8.720985
8.1725025
7.0840406
8.504144
8.499891
7.521976
8.393597
6.981997
5.893534
7.313638
6.875702
6.2209234
7.419933
6.986249
7.092544
6.114629
6.6588597
5.6766925
6.3314705
6.765155
6.327219
7.9641643
8.28305
8.066207
9.588354
8.933577
10.455723
11.1105
9.911491
8.933577
10.459974
10.132585
9.044123
9.371511
9.588354
8.82728
8.937827
8.610438
8.176754
7.309386
7.1988387
7.415681
8.070459
8.287301
8.937827
8.504144
7.9599123
8.610438
9.044123
8.504144
10.243132
9.805196
8.28305
10.570521
10.132585
9.260964
8.82728
9.15467
9.588354
9.915743
9.805196
10.566269
10.0220375
8.28305
10.136837
9.482059
7.632523
8.610438
8.937827
8.287301
8.287301
7.415681
8.181006
7.853617
7.636775
7.853617
7.526228
8.070459
6.5483127
8.181006
7.419933
7.636775
8.287301
7.636775
6.875702
7.419933
7.5304804
6.765155
7.203091
7.203091
7.203091
6.6588597
8.074712
6.986249
6.2251754
6.5525646
6.3357224
6.1188803
7.4241843
6.8799534
5.791491
7.9684157
6.769407
7.5304804
8.4021
7.313638
6.986249
8.295805
6.986249
7.313638
8.4021
7.5304804
6.875702
6.769407
6.4420176
6.5525646
7.6410265
7.857869
6.6588597
7.6410265
7.313638
6.986249
7.096796
7.6410265
7.4241843
6.2294273
6.5525646
6.5525646
5.902038
6.9905005
6.663111
6.7736583
6.769407
7.313638
7.313638
7.313638
7.747322
7.4241843
7.6410265
7.5304804
6.986249
6.986249
8.185258
7.313638
7.096796
7.9684157
6.986249
7.313638
8.185258
7.207342
7.096796
6.4462695
6.5525646
6.3357224
7.317889
6.8799534
7.207342
7.6410265
6.4462695
5.6851964
5.578901
5.3620586
4.6009855
6.450521
6.339974
4.490439
5.795743
5.0346694
4.924123
5.578901
5.578901
5.795743
6.2294273
6.339974
6.7736583
7.317889
5.902038
7.8621206
6.008333
7.5347314
6.4462695
6.7736583
6.2294273
6.4420176
6.2294273
6.1188803
6.7736583
5.357807
6.123132
5.689448
4.7115326
5.0346694
5.1452165
3.7293656
4.2778482
4.8220797
4.0610065
3.8399122
4.605237
4.4946904
4.3883953
5.4768577
3.9504592
4.2778482
4.4946904
5.4726057
4.7115326
6.016837
5.0346694
5.3620586
5.689448
5.0346694
4.8178277
6.450521
5.468354
5.902038
6.339974
6.4462695
7.4284363
7.207342
5.902038
6.339974
6.1188803
6.012585
4.8178277
5.795743
5.468354
5.3620586
5.4768577
4.4946904
4.2778482
4.167301
4.4946904
4.4946904
3.9504592
3.7336173
3.299933
4.3883953
3.299933
3.844164
4.6094894
4.171553
2.972544
4.8220797
4.9326262
4.8220797
3.6273217
3.737869
4.715784
4.2821
2.6494067
3.844164
4.2778482
3.5167751
3.4104798
4.065258
4.826331
4.4989424
3.0830908
2.9767957
3.848416
3.5210268
2.6494067
2.5431116
3.9589627
2.7599535
3.1936376
2.4325645
3.3041847
2.8662488
3.3041847
2.5388596
3.3041847
3.1936376
3.4104798
3.3041847
3.954711
3.5167751
4.7115326
4.7115326
4.6009855
5.799995
5.4726057
3.8399122
4.8220797
5.2557635
3.9462075
4.3841434
3.7336173
4.2778482
4.167301
3.406228
4.2778482
4.3841434
5.0346694
3.7293656
4.3841434
4.7115326
3.7293656
4.6009855
4.924123
4.5967336
4.924123
4.7072806
4.8135757
4.269345
5.0346694
6.4462695
5.574649
5.24726
5.8977866
5.8977866
7.747322
6.6588597
6.4420176
6.3314705
7.096796
7.092544
7.203091
6.765155
6.875702
7.092544
6.769407
6.765155
7.313638
6.769407
7.6410265
6.4420176
6.6588597
5.7872396
7.203091
6.4420176
6.769407
6.2251754
6.2251754
6.5525646
6.663111
6.008333
5.6809444
6.769407
6.875702
6.986249
7.5304804
7.419933
6.3314705
6.6588597
7.636775
8.287301
7.74307
8.397848
8.397848
8.614691
7.9599123
6.4377656
8.070459
7.309386
7.309386
7.309386
7.74307
7.1988387
7.74307
7.1988387
8.504144
8.504144
7.632523
7.74307
8.176754
7.415681
8.393597
7.415681
8.504144
7.632523
7.74307
8.610438
8.937827
9.482059
9.588354
9.809448
10.132585
9.915743
9.482059
8.937827
8.176754
9.809448
8.176754
8.504144
8.94208
7.1988387
6.3314705
7.5304804
7.313638
6.875702
6.986249
7.419933
6.3314705
6.6588597
7.313638
6.5525646
5.791491
6.2294273
6.4462695
4.7030287
5.140965
5.6851964
4.269345
4.924123
4.0525026
4.6009855
3.9504592
4.167301
3.62307
3.189386
4.2778482
3.9504592
2.7514498
3.62307
3.406228
3.62307
3.2956812
2.3177657
3.5167751
3.5167751
1.8840815
1.9946285
1.9946285
2.1009235
1.4503974
2.3262694
0.90616614
2.1051755
0.3661868
0.03879773
1.4546491
1.348354
0.043049537
-0.17379257
-0.06749742
-0.28433952
-0.7180237
-0.17379257
1.6757431
0.910418
0.58728075
0.47673374
1.348354
-0.06749742
0.25989163
0.8041228
0.14934468
0.69782764
0.3704386
0.15359649
0.3704386
0.58728075
1.0252168
0.48098555
0.69782764
-0.6074768
0.48098555
-0.7137719
-1.5853921
-0.7137719
-1.3642982
-2.3464653
-1.1474562
-1.2537513
-1.2537513
-2.6696026
-1.4705935
-2.665351
-1.9042777
-2.0148246
-2.5590558
-2.448509
-1.6874356
-3.5369713
-1.9042777
-3.430676
-1.6874356
-1.6874356
-1.1432043
-1.7979825
-0.70952016
-1.4748453
-1.9085294
-0.70952016
-0.49267802
-1.6916873
-1.2537513
-1.5811403
-2.2359185
-1.3642982
-0.8200671
-1.6916873
-1.6916873
-0.8200671
-1.0369092
-0.49267802
-0.70952016
-0.9263622
-2.3379617
-2.3379617
-2.33371
-3.4221725
-3.5327191
-3.6390145
-4.400088
-5.054866
-3.7453096
-4.7274766
-5.161161
-3.7453096
-5.050614
-4.7232246
-4.395836
-3.7453096
-4.833772
-4.289541
-3.5284674
-3.5284674
-4.506383
-3.6390145
-4.1832457
-3.9621515
-3.5284674
-4.289541
-4.400088
-4.0726986
-5.267456
-4.82952
-5.2632046
-7.0021925
-7.0021925
-7.6527195
-8.1926985
-8.626383
-9.604299
-9.714846
-8.294743
-9.276909
-7.5379205
-7.214783
-6.7853503
-6.6790557
-5.6968884
-5.2632046
-5.3737516
-5.5948453
-5.050614
-4.9443192
-4.8380237
-3.9664037
-3.9664037
-5.815939
-5.9222345
-5.7011404
-7.767518
-6.6790557
-5.6968884
-7.4358773
-7.9801087
-6.674804
-8.524339
-7.546424
-8.201202
-7.546424
-6.3559184
-5.267456
-4.9443192
-4.2937922
-4.1874976
-3.103287
-3.2095819
-4.8422756
-4.514887
-3.8601084
-4.4043393
-4.9485707
-3.2053301
-4.7274766
-5.599097
-4.833772
-5.484298
-5.378003
-5.267456
-5.161161
-6.3601704
-4.8380237
-4.6211815
-3.103287
-0.4884262
-1.6874356
-2.3422136
-2.8864448
-2.0148246
-1.3642982
-1.1474562
-0.603225
-0.49267802
-1.0369092
-1.8022342
-0.70952016
-1.9042777
-2.3422136
-2.3422136
-1.6916873
-1.7979825
-2.0148246
-2.1253715
-1.4705935
-2.7758977
-1.4748453
-0.603225
-0.8243188
-1.5853921
-0.93486583
0.48098555
-0.28008774
-0.5011816
-0.28433952
1.348354
0.25989163
0.8041228
0.47673374
-0.6074768
-0.17379257
0.58728075
-1.0454128
-0.28433952
1.12726
1.4546491
0.90616614
2.3220174
2.5388596
2.4283128
2.972544
2.972544
4.605237
3.62307
2.2072186
3.2956812
4.3841434
2.968292
3.62307
4.167301
3.2956812
4.3841434
4.6009855
4.8135757
5.574649
6.1188803
5.8977866
6.986249
7.5304804
7.313638
7.636775
6.981997
8.066207
8.716734
9.584103
9.805196
10.783112
9.150418
9.15467
7.9599123
7.6410265
4.7030287
5.2557635
3.406228
2.534608
2.534608
3.2956812
2.8577452
3.7293656
3.1851342
5.038922
4.167301
3.1851342
4.7072806
6.663111
6.2209234
6.5483127
7.415681
7.521976
7.521976
5.0219145
6.0040812
5.136713
3.6145666
3.7293656
3.189386
1.3398503
1.8883334
1.2335552
1.1230083
1.9988803
1.6672394
1.4503974
1.2335552
1.7777863
0.9019143
4.056754
5.574649
4.915619
6.0040812
5.4598503
5.6766925
6.5483127
7.092544
6.981997
6.87145
6.3314705
6.0040812
5.136713
5.24726
4.37564
5.140965
4.0525026
4.924123
3.6188183
2.968292
2.640903
3.1851342
3.1851342
4.2735963
2.968292
2.424061
3.1851342
3.074587
2.0966718
2.861997
3.2956812
2.7514498
2.7557018
3.0830908
3.0830908
3.189386
2.972544
2.3177657
3.299933
2.4283128
2.2114706
2.3220174
3.954711
2.6451547
3.189386
3.9504592
4.3841434
2.424061
4.167301
3.9504592
2.972544
1.7777863
1.8883334
1.4546491
0.8041228
-0.06749742
0.910418
1.6714911
2.1051755
1.9946285
2.6494067
1.0167131
0.69357586
1.8925852
2.2157223
1.3441021
1.8883334
2.6494067
2.3220174
2.8662488
2.5388596
1.9946285
2.6494067
2.6494067
2.4325645
2.1051755
2.1051755
2.1009235
2.5431116
2.3220174
1.2335552
2.5431116
2.6494067
1.12726
2.5431116
1.4503974
1.7777863
1.7820382
1.12726
1.9988803
2.5431116
2.3220174
2.2114706
1.8883334
1.5609442
1.6714911
1.3441021
1.7777863
1.8883334
1.6714911
1.12726
1.7820382
0.799871
1.12726
1.9988803
1.8883334
0.90616614
2.3220174
2.2157223
1.6714911
1.8883334
1.9988803
2.1094272
2.1051755
1.6672394
1.9946285
2.1051755
1.5609442
1.5609442
2.2157223
1.7820382
2.2157223
1.5609442
0.90616614
3.0873425
1.8883334
1.3441021
1.4546491
1.3441021
0.69357586
2.6536584
1.8883334
1.5609442
2.2114706
2.4325645
2.8662488
1.4503974
3.299933
1.8840815
2.972544
2.1009235
2.6494067
1.7777863
1.5566925
2.1051755
2.3220174
2.1009235
3.1936376
2.5388596
1.7777863
1.3398503
2.6494067
2.8662488
1.8840815
2.6494067
2.6494067
1.6672394
3.4104798
3.7336173
3.5167751
3.7336173
3.078839
4.8220797
4.167301
4.056754
3.6188183
4.2735963
4.6009855
4.056754
4.2735963
4.3841434
4.056754
6.2336793
4.7072806
4.928375
5.1452165
4.7072806
4.6009855
3.9462075
4.167301
4.3841434
3.8399122
4.3841434
4.8178277
6.012585
4.8178277
5.251512
5.357807
6.012585
6.2294273
4.924123
6.339974
5.902038
5.468354
6.4462695
5.6851964
5.24726
6.7736583
6.008333
6.1188803
7.4241843
6.6588597
6.6588597
7.9684157
6.4420176
7.096796
5.6809444
6.5525646
6.8799534
6.5525646
7.096796
6.769407
6.3357224
5.902038
6.012585
5.357807
6.667363
5.357807
5.578901
5.251512
4.5967336
5.468354
6.9905005
6.012585
4.4861865
6.1188803
6.556816
5.6851964
6.012585
5.6851964
5.464102
5.574649
6.3357224
6.2294273
6.3357224
6.5525646
5.6809444
6.3357224
5.791491
6.5525646
6.5525646
6.769407
5.8977866
5.464102
6.1188803
6.1188803
4.9198713
6.8799534
6.663111
6.663111
5.574649
6.1188803
6.4462695
6.008333
5.464102
7.313638
6.986249
6.6588597
6.986249
5.243008
7.096796
7.096796
5.7872396
6.114629
7.5304804
7.203091
6.875702
6.5525646
6.5525646
6.5525646
6.3357224
6.008333
5.464102
6.008333
5.6766925
6.0040812
6.2251754
6.6588597
6.4420176
7.309386
6.3314705
7.857869
7.419933
7.313638
6.5483127
5.6766925
6.3314705
6.4420176
6.0040812
6.5483127
6.4420176
7.6410265
6.114629
6.3314705
7.5304804
6.4420176
6.114629
6.3314705
6.3314705
6.986249
6.765155
6.4377656
6.765155
8.2915535
7.309386
7.632523
7.526228
8.2915535
7.853617
7.092544
7.419933
7.849365
7.9599123
8.287301
8.176754
8.397848
8.070459
7.526228
8.181006
8.720985
8.720985
9.265217
7.632523
8.070459
8.176754
8.393597
9.265217
8.287301
8.8315325
8.610438
7.849365
7.849365
7.305134
8.397848
8.287301
7.9599123
8.181006
7.526228
7.74307
7.309386
6.0040812
7.419933
7.203091
8.397848
7.415681
7.526228
7.74307
8.720985
7.305134
8.070459
8.287301
8.614691
8.070459
8.508395
8.397848
8.8315325
7.849365
7.526228
7.74307
8.181006
7.9641643
6.2209234
7.5304804
6.986249
6.875702
6.986249
7.203091
7.4241843
6.6588597
6.3314705
5.8977866
6.769407
7.313638
7.096796
5.136713
6.769407
6.5525646
5.6809444
6.663111
5.357807
5.902038
5.357807
5.357807
6.2294273
5.574649
5.24726
6.7736583
6.663111
4.4861865
6.556816
5.791491
5.574649
6.2294273
6.2294273
5.902038
5.468354
5.468354
6.9905005
5.902038
5.574649
4.924123
4.1630497
5.468354
3.5125234
3.406228
4.0610065
2.861997
1.8840815
3.954711
2.7557018
3.6273217
2.2114706
3.0830908
4.065258
2.7557018
1.7777863
3.3041847
3.4104798
2.1009235
2.8662488
3.5167751
3.7336173
3.299933
3.5167751
3.737869
2.972544
2.3220174
3.4104798
2.6494067
3.737869
3.1936376
2.6494067
2.5431116
1.6714911
1.6714911
2.1094272
1.565196
2.5473633
1.6757431
0.58728075
0.59153247
1.1357636
-0.16954076
0.26839525
0.7020795
-0.603225
-0.8200671
-0.603225
0.9189216
0.8083746
-0.49692985
0.9189216
0.1578483
-0.2758359
-0.16528895
-0.49267802
0.37894222
-0.058993805
-1.1474562
0.37894222
0.37894222
-0.38638288
-1.0369092
-0.59897316
-0.59897316
-0.9263622
-0.81581527
-1.3600464
-1.5768886
-1.5768886
-1.5768886
-1.3557947
-1.9000257
-3.2053301
-2.9842362
-3.3116255
-3.9621515
-3.851605
-4.068447
-4.82952
-3.7410579
-4.068447
-4.9358153
-5.369499
-5.803184
-6.7810993
-6.7810993
-6.6705523
-6.2326164
-7.4316254
-7.104236
-7.104236
-6.015774
-7.975857
-7.5379205
-8.626383
-9.3832035
-8.294743
-8.511584
-8.1841955
-8.838974
-8.511584
-9.272657
-9.378953
-10.250573
-9.706342
-10.029479
-9.4895
-9.816889
-9.710593
-9.055816
-8.294743
-8.298994
-7.3210783
-7.104236
-7.975857
-6.564257
-6.674804
-6.3474145
-6.5685086
-6.1348248
-5.8074355
-5.2632046
-5.7011404
-5.484298
-4.395836
-5.3737516
-5.267456
-5.161161
-3.4221725
-3.6432662
-2.1211197
-2.7758977
-2.8864448
-1.7979825
-1.6916873
-2.4527607
-0.49267802
-1.8022342
-1.0411611
0.47673374
0.3661868
1.9988803
1.3441021
0.910418
1.6714911
-0.3948865
-0.5011816
1.6757431
0.69357586
1.237807
2.4325645
2.8662488
2.2114706
1.7777863
2.972544
1.9946285
3.0830908
2.8662488
3.6273217
3.2956812
4.2778482
4.3841434
3.7293656
4.490439
5.251512
6.3357224
6.3357224
5.902038
6.556816
5.90629
5.3620586
5.2557635
4.2778482
5.583153
3.9504592
4.8178277
3.9462075
5.4726057
5.578901
5.578901
6.016837
5.3620586
4.6009855
5.0346694
5.902038
7.096796
6.986249
6.986249
7.9684157
8.181006
7.415681
7.74307
8.8315325
9.265217
7.738818
8.066207
10.349427
9.260964
8.933577
10.132585
9.911491
9.36726
10.562017
11.429386
12.407301
12.730438
13.164123
13.602058
14.35888
15.013659
15.664186
15.332544
15.336795
15.876775
16.633596
17.177828
17.72206
17.06728
18.155743
17.72206
17.611511
17.39467
17.505217
17.177828
17.173576
17.173576
18.372585
17.828354
17.06728
15.983071
15.553638
14.682017
14.68627
14.248333
13.814649
13.597807
13.164123
11.531429
11.204041
10.991449
10.885155
11.65048
10.128334
9.907239
11.2125435
10.557766
10.557766
11.318839
10.668313
10.340923
9.686145
9.686145
10.124082
9.146166
8.278798
8.385093
7.951409
8.937827
8.937827
7.521976
7.526228
7.636775
5.893534
6.765155
6.2209234
7.309386
8.070459
7.9599123
8.8315325
8.28305
9.15467
9.260964
9.69465
10.893659
10.455723
10.455723
10.455723
10.77886
10.6725645
11.327342
10.455723
10.345176
10.132585
10.349427
8.610438
10.353679
8.610438
8.397848
7.526228
7.747322
7.419933
6.875702
7.5304804
6.663111
7.313638
6.5483127
7.096796
6.5483127
5.243008
7.203091
6.986249
6.5483127
6.5483127
7.203091
7.419933
7.415681
8.181006
7.5304804
6.769407
5.8977866
6.2251754
5.464102
6.1188803
6.3314705
5.4598503
6.6588597
6.2209234
6.0040812
7.5304804
6.5483127
6.5483127
6.2209234
6.4420176
6.875702
6.6588597
6.4420176
6.3314705
7.313638
6.0040812
5.7872396
7.526228
7.092544
6.2251754
5.8977866
5.6809444
4.8135757
4.37564
5.136713
6.1188803
5.8977866
6.4420176
7.207342
6.6588597
7.419933
7.203091
6.986249
6.8799534
5.902038
6.012585
5.357807
5.357807
6.012585
5.90629
3.7293656
5.799995
4.6009855
4.056754
4.4946904
5.038922
3.62307
4.171553
4.7115326
5.3620586
5.578901
6.339974
6.123132
5.140965
5.251512
5.689448
5.251512
5.578901
5.902038
5.791491
6.5525646
7.5304804
7.747322
6.3314705
7.096796
6.7736583
5.6851964
5.251512
4.7115326
4.6009855
3.406228
3.9504592
4.8178277
5.251512
6.2294273
5.902038
6.556816
4.924123
3.8356605
6.339974
5.574649
5.791491
7.857869
6.769407
7.313638
6.3357224
6.1188803
6.1188803
6.769407
7.096796
7.203091
7.5304804
7.857869
7.4241843
7.203091
6.6588597
7.9684157
6.986249
7.313638
7.5304804
7.5304804
7.313638
7.207342
6.1188803
4.924123
6.012585
5.799995
4.490439
4.6009855
5.1452165
5.1452165
4.6009855
5.578901
4.5967336
5.0346694
6.339974
5.578901
6.123132
5.90629
5.251512
6.667363
5.140965
6.2294273
6.7736583
7.317889
6.663111
6.9905005
7.1010475
6.5525646
6.7736583
7.207342
6.2294273
6.663111
6.9905005
6.556816
6.4462695
6.9947524
6.667363
5.90629
5.583153
5.3663106
4.605237
4.715784
3.844164
5.2600155
4.2778482
4.171553
4.9326262
4.605237
3.62307
4.3883953
3.844164
5.2600155
3.844164
3.844164
3.6273217
4.171553
4.0610065
4.605237
4.8220797
5.3663106
4.4946904
4.8220797
5.9105415
4.928375
5.3663106
5.038922
4.4946904
3.9589627
3.414732
3.3041847
2.7642052
1.8925852
1.0252168
0.7020795
0.70633125
-0.16528895
-0.27158412
0.4894892
-1.2494994
-0.8115635
-0.9221104
-0.8115635
-1.895774
-1.2452477
-2.006321
-2.4400053
-2.8736894
-2.6525953
-2.6525953
-3.5242157
-3.9578998
-4.2810373
-4.8252683
-4.391584
-4.714721
-5.475795
-5.3652477
-5.9094787
-6.449458
-6.993689
-7.6442156
-7.533669
-8.511584
-8.945269
-8.945269
-9.595795
-10.029479
-10.135774
-10.352616
-11.007394
-10.025227
-11.113689
-11.2242365
-9.268406
-9.272657
-8.728426
-8.294743
-8.0779
-8.728426
-8.188447
-7.9716043
-7.3210783
-5.58209
-4.8252683
-5.5905933
-4.612678
-4.395836
-4.7232246
-4.833772
-4.395836
-4.718973
-6.4579616
-4.9358153
-3.9578998
-3.7410579
-3.5284674
-3.8558567
-1.7894788
-1.7937305
-1.2537513
-0.49267802
0.3746904
1.3526058
1.5694479
1.9988803
2.2157223
1.237807
1.020965
1.7862899
0.8041228
0.14934468
2.1136792
1.2420589
1.0252168
0.9189216
0.3746904
0.26839525
-0.9263622
-0.16954076
0.9189216
1.2420589
2.2199743
1.348354
2.9810476
3.9589627
3.0873425
3.1936376
3.414732
3.414732
2.9767957
3.3041847
3.5252786
3.848416
3.848416
3.414732
3.8526678
2.7642052
3.1978896
3.1978896
2.65791
0.8083746
0.7020795
2.4410682
1.4631528
1.3526058
2.003132
3.5252786
3.7421207
3.3041847
3.3041847
3.844164
3.6273217
3.6273217
4.171553
5.038922
4.3883953
3.406228
5.689448
5.251512
5.578901
5.795743
6.2294273
5.902038
6.556816
5.902038
7.1010475
5.574649
6.9905005
7.6410265
7.207342
7.207342
6.3357224
7.857869
7.203091
6.2251754
7.857869
7.6410265
7.203091
7.747322
8.181006
9.048374
8.937827
8.937827
10.0220375
10.0220375
9.805196
10.0220375
10.562017
10.77886
11.323091
11.65048
10.885155
10.995702
10.562017
10.999953
10.889407
10.345176
10.783112
10.566269
8.720985
9.158921
8.725238
6.986249
6.008333
3.9462075
3.189386
1.1230083
1.237807
0.910418
1.565196
1.565196
2.3262694
1.6714911
2.2157223
1.3441021
1.7820382
1.6714911
1.6714911
2.6494067
2.4283128
1.3398503
2.5388596
2.4283128
1.7777863
-0.28433952
-0.058993805
-2.2316666
-3.9664037
-4.506383
-4.7232246
-6.5727606
-6.7896028
-5.917982
-5.8074355
-4.7232246
-3.0947833
-2.771646
-1.6874356
-1.0369092
0.3746904
1.565196
1.3441021
3.1978896
2.4325645
2.8662488
3.0873425
3.1978896
3.414732
1.6757431
1.7820382
3.0915945
2.5473633
2.2199743
2.0073838
0.7020795
1.0294685
-0.49267802
0.37894222
0.9231734
0.37894222
1.5736997
0.9189216
2.2199743
1.1315118
1.348354
2.330521
0.8083746
0.3746904
0.7020795
-0.058993805
0.1578483
0.05155315
-0.058993805
-0.058993805
-0.7137719
-0.70952016
0.05155315
0.37894222
-1.3642982
-0.054742
-0.49267802
-0.70952016
-0.930614
-1.3642982
1.0294685
-0.16954076
0.48098555
1.6799948
-0.28008774
1.3526058
0.04730134
0.8083746
-0.49692985
-0.16954076
0.05155315
-0.16528895
0.05155315
-2.2359185
-0.16528895
-1.2537513
-0.49267802
-0.59897316
-1.0369092
-1.1474562
-0.49267802
-0.70952016
-1.9085294
-0.058993805
-0.38638288
-0.603225
0.7020795
-0.49267802
-0.2758359
-0.058993805
0.26839525
0.7020795
-0.38638288
0.8126264
0.26414344
0.3746904
0.5957843
-0.16528895
-0.9263622
-0.16528895
-0.2758359
0.7020795
1.3526058
0.8083746
1.0252168
1.4589009
1.0252168
0.91466975
1.348354
2.9810476
2.2199743
2.330521
2.5473633
2.2199743
2.003132
2.7642052
1.6757431
2.003132
1.6757431
0.91466975
1.7820382
1.8925852
2.330521
1.6757431
1.5694479
1.2420589
1.6799948
0.04730134
1.3526058
0.26414344
0.48098555
1.3526058
0.48098555
0.26414344
-0.06324561
1.2463106
-0.06324561
0.1578483
0.7020795
0.3746904
-0.28008774
0.48098555
0.59153247
0.04730134
-0.28008774
0.9189216
1.4631528
1.2463106
0.04730134
0.8083746
1.896837
0.043049537
1.0252168
1.3526058
0.04730134
1.3526058
1.0252168
0.91466975
0.26414344
1.1357636
-0.16954076
0.1578483
-0.058993805
-0.38638288
0.48523736
-0.38638288
0.05155315
0.05155315
-1.2580031
-0.38638288
0.04730134
-0.058993805
0.7020795
-0.38638288
-0.058993805
-0.2758359
0.1578483
0.3746904
-0.7137719
0.1578483
1.0252168
0.7020795
1.3526058
1.5694479
0.26414344
0.8083746
0.48098555
1.5694479
1.0252168
1.4589009
1.1315118
0.69782764
2.1136792
0.26414344
1.5694479
1.6757431
0.8041228
1.4631528
0.7020795
-0.16954076
1.5736997
-0.16954076
0.04730134
1.2463106
1.0252168
0.26414344
1.2463106
0.26414344
0.3746904
1.4631528
0.9189216
0.9189216
1.2463106
1.2420589
1.348354
2.5473633
2.1094272
1.1315118
1.6757431
2.5473633
1.0252168
1.7862899
1.1357636
1.3526058
2.224226
0.7020795
0.48098555
2.0073838
1.6799948
1.1357636
0.59153247
0.48523736
0.48523736
0.48523736
0.7020795
1.2463106
0.04730134
0.7020795
-0.058993805
0.48523736
1.0294685
0.3746904
0.7020795
0.9231734
1.0294685
0.05155315
-0.930614
-0.49267802
-0.16528895
0.26839525
-0.2758359
0.48523736
0.05155315
-0.49267802
1.1400155
0.1578483
-0.8243188
0.26839525
0.8126264
-1.1474562
-1.0369092
0.48523736
-0.930614
-0.058993805
-0.16954076
0.3746904
0.3704386
-0.3906347
0.48098555
0.48098555
-0.06324561
0.7020795
0.1578483
-0.49692985
1.3526058
0.59153247
-0.8243188
0.26414344
0.04730134
-0.7180237
0.48098555
-0.06324561
-0.8243188
0.59153247
0.59153247
-0.7137719
-0.058993805
-0.3906347
-0.06324561
0.15359649
-0.06324561
1.0252168
0.9189216
0.8083746
-0.06324561
2.1136792
1.5694479
0.58728075
2.003132
2.2157223
2.8705006
2.4368165
1.348354
1.5694479
1.1315118
0.91466975
0.59153247
1.3526058
1.2420589
1.1315118
0.043049537
0.91466975
0.15359649
0.15359649
0.04730134
-0.06324561
1.3526058
2.003132
0.3704386
1.0252168
1.0252168
1.4589009
1.0252168
0.69782764
1.1315118
0.25989163
1.5694479
1.5694479
0.15359649
1.0252168
1.348354
2.1136792
0.15359649
1.0252168
1.3526058
1.6799948
-0.6074768
0.3746904
1.0252168
-0.16954076
0.59153247
1.0252168
1.4589009
1.565196
2.003132
1.348354
1.348354
1.348354
1.7862899
1.896837
0.8041228
1.0252168
1.7820382
1.020965
1.565196
1.6757431
0.8041228
1.2420589
1.0252168
-0.6074768
1.1357636
0.48098555
-0.17379257
1.896837
0.59153247
0.15359649
1.5694479
-0.17379257
-0.28008774
1.1357636
1.1357636
-0.28008774
0.8083746
-0.3906347
0.7020795
1.1357636
-0.28008774
-0.16954076
-0.16954076
0.05155315
-0.38638288
-0.603225
-1.0369092
-0.8200671
-0.2758359
-0.8200671
-0.8200671
-1.0369092
-0.16528895
-0.9263622
-1.1474562
-0.38638288
-1.3642982
-1.3642982
-0.2758359
-0.16528895
-2.2359185
-0.49267802
-1.1432043
-0.70952016
-1.3642982
-1.5811403
-2.0148246
-1.0369092
-1.9042777
-1.9042777
-2.2316666
-2.99274
-3.3158772
-1.7937305
-2.771646
-2.444257
-2.5548038
-2.2274148
-3.2053301
-3.2053301
-2.010573
-2.3379617
-2.448509
-2.665351
-2.2274148
-2.9884882
-3.9706554
-2.771646
-2.444257
-3.5327191
-2.444257
-3.099035
-3.7495613
-2.444257
-3.0947833
-4.1874976
-3.7495613
-3.2053301
-2.9884882
-3.099035
-2.010573
-2.882193
-3.3158772
-2.444257
-2.8779414
-2.9842362
-2.661099
-3.0947833
-3.5327191
-3.6390145
-2.8779414
-4.7274766
-3.7453096
-4.289541
-4.7232246
-4.7232246
-5.378003
-4.506383
-5.050614
-5.378003
-4.506383
-3.9621515
-5.050614
-4.506383
-3.9621515
-5.8116875
-5.378003
-3.851605
-3.9621515
-4.0726986
-5.4885497
-4.506383
-4.5106344
-4.7274766
-3.9621515
-4.289541
-4.9443192
-4.0726986
-4.0726986
-3.9621515
-3.9621515
-3.8558567
-3.3116255
-5.161161
-4.7274766
-4.0726986
-3.8558567
-4.0769506
-2.33371
-3.7495613
-2.8779414
-3.2053301
-2.661099
-2.5548038
-3.2053301
-2.661099
-2.1211197
-2.9884882
-2.9884882
-1.9042777
-3.099035
-2.5548038
-1.9042777
-2.3422136
-1.4705935
-0.9263622
-2.1253715
-1.4705935
-1.1432043
-0.70952016
-0.930614
-0.70952016
-0.2758359
-0.49267802
-0.38638288
0.9189216
-0.38638288
-1.1474562
-0.058993805
-0.38638288
-0.8200671
-1.0369092
-0.49267802
-0.49692985
-0.2758359
-1.8022342
-1.6916873
-0.70952016
-0.2758359
-1.3642982
-0.16528895
-1.5811403
-1.2580031
-0.930614
-0.49267802
-0.930614
-0.7137719
0.7020795
0.48098555
-1.0411611
0.04730134
0.48098555
0.26414344
-0.3906347
-0.17379257
-0.06749742
-0.6074768
0.3746904
-0.8243188
-1.1517079
0.48098555
0.58728075
0.69357586
0.14934468
1.348354
1.020965
0.043049537
1.020965
0.58728075
1.1315118
0.8041228
1.7820382
0.910418
1.4546491
1.5609442
2.2157223
2.1051755
2.6494067
1.12726
1.6714911
1.7820382
1.020965
1.237807
0.25989163
2.1094272
1.348354
1.565196
1.565196
1.12726
1.8925852
0.58728075
2.2199743
0.91466975
1.565196
0.910418
1.237807
2.8705006
2.1094272
2.1051755
2.5431116
2.5431116
2.5431116
1.9988803
1.7820382
0.58728075
1.7820382
0.91466975
1.5609442
1.9988803
0.8041228
1.1315118
0.15359649
0.91466975
1.1315118
0.8083746
-0.28008774
0.8083746
-0.06324561
0.48098555
1.348354
0.91466975
1.4589009
0.25989163
-0.28008774
0.58728075
0.59153247
1.1315118
-0.28008774
0.69782764
0.8083746
-0.49692985
-0.06324561
0.9189216
0.04730134
-0.06324561
0.1578483
1.6799948
0.48098555
2.1136792
2.1094272
2.2199743
2.1094272
1.7820382
1.348354
0.91466975
0.8083746
0.7020795
0.7020795
-0.058993805
-0.058993805
-0.603225
-0.49692985
1.2463106
0.15359649
0.3704386
0.04730134
-0.8243188
0.26839525
-1.1474562
-0.49267802
-0.8200671
-0.8200671
-0.058993805
0.04730134
0.69782764
1.2420589
-0.06324561
0.9189216
0.26414344
-0.16954076
1.0294685
0.26839525
0.26839525
-0.16528895
-0.49267802
-1.6916873
-0.49267802
-1.2537513
-0.49267802
-0.38213107
-0.49267802
-0.49267802
-0.054742
-1.1432043
-0.70952016
-1.2537513
-1.2537513
-1.6916873
-0.70952016
0.05155315
-0.16528895
-1.1474562
-0.930614
-0.49267802
-0.2758359
0.26839525
-0.38638288
-0.38638288
-0.2758359
0.26839525
-0.7137719
-0.930614
-0.06324561
-0.603225
0.1578483
-1.0369092
0.7020795
-0.49692985
-0.603225
-0.930614
-0.058993805
0.26839525
-0.8200671
-0.930614
-0.70952016
-0.9263622
-1.6874356
-1.3600464
-2.2316666
-1.2494994
-1.5768886
-2.665351
-1.9000257
-2.5548038
-2.771646
-3.7495613
-3.4221725
-3.4221725
-4.1832457
-2.223163
-2.33371
-3.2053301
-2.5505521
-2.5505521
-2.8779414
-2.33371
-2.8779414
-2.8779414
-2.5505521
-2.8779414
-2.006321
-2.771646
-2.9884882
-1.5726367
-2.661099
-3.3158772
-2.33371
-2.9842362
-2.5463004
-3.9621515
-3.9621515
-3.9621515
-3.7410579
-3.851605
-3.851605
-3.851605
-4.833772
-3.7410579
-4.82952
-5.3737516
-3.7410579
-3.9578998
-4.068447
-4.502131
-4.1747417
-3.9578998
-5.1526575
-5.2589526
-6.343163
-6.776847
-8.082151
-7.6442156
-8.515836
-8.298994
-7.316827
-7.4273734
-8.732677
-8.511584
-8.728426
-9.16211
-9.706342
-9.16211
-9.595795
-9.595795
-9.816889
-8.401037
-8.511584
-8.405289
-8.732677
-8.188447
-8.843225
-8.515836
-7.7590146
-6.130573
-5.5863414
-5.484298
-4.395836
-4.395836
-5.4885497
-4.506383
-3.8558567
-4.1832457
-3.4221725
-3.8558567
-4.2937922
-2.8779414
-3.4264243
-3.2095819
-2.8864448
-2.3422136
-0.49267802
-2.1296234
-1.3642982
0.48523736
-0.3906347
-0.28433952
1.1315118
1.020965
-0.7180237
1.020965
0.043049537
1.2420589
0.58728075
-0.3906347
0.04730134
0.26414344
-0.6074768
-0.3906347
0.59153247
-0.930614
-0.8200671
-0.38213107
-0.8200671
-0.8243188
1.896837
0.8083746
0.3704386
1.6799948
1.4589009
1.020965
1.9988803
2.6536584
2.8705006
2.9767957
3.3041847
2.8705006
3.5210268
3.1936376
4.0610065
4.2778482
5.1452165
4.167301
4.605237
4.9326262
3.6273217
2.7557018
2.9767957
3.844164
3.7336173
3.9504592
4.6009855
4.6009855
4.928375
4.7072806
4.6009855
4.928375
4.056754
3.4019763
6.123132
4.924123
4.5967336
5.6851964
5.574649
6.1188803
6.008333
5.8977866
6.008333
7.203091
6.114629
5.893534
7.309386
7.632523
7.9599123
8.393597
9.805196
8.8230295
10.6725645
10.017787
10.345176
11.106249
10.230376
12.190459
12.730438
13.380964
12.947281
13.053576
13.380964
12.292503
13.708355
14.142038
13.602058
13.164123
12.947281
11.429386
11.318839
11.969365
12.190459
11.318839
11.646228
9.57985
9.800944
10.017787
9.473556
10.128334
9.044123
9.15467
7.738818
7.305134
5.893534
5.6766925
5.464102
3.6145666
4.0525026
2.640903
2.7514498
2.2072186
2.313514
2.534608
2.0966718
1.2250515
1.8798298
3.074587
1.8755778
2.202967
3.1808825
2.3092623
2.8534935
3.4019763
2.2072186
2.2072186
2.2072186
2.7514498
2.3177657
2.530356
1.7735345
0.68507224
0.35768318
1.5566925
2.972544
4.7115326
4.1630497
4.5967336
6.008333
6.0040812
6.875702
8.287301
9.048374
8.720985
9.592606
8.278798
8.716734
7.955661
8.82728
7.415681
7.203091
6.6588597
4.8135757
5.578901
4.2735963
3.189386
2.534608
2.6451547
2.7514498
3.4019763
3.4019763
3.2956812
2.3177657
1.6672394
1.0124613
1.7735345
3.189386
3.8399122
4.3841434
4.8135757
4.9198713
5.574649
4.9198713
5.24726
4.9198713
5.6809444
4.9198713
5.353555
6.2251754
6.769407
5.464102
5.464102
3.3977246
3.6188183
3.7293656
2.530356
1.6629877
3.406228
1.5566925
1.5566925
1.9903767
3.4019763
2.202967
3.5125234
2.7514498
1.4461455
1.5566925
2.2114706
2.2114706
2.6451547
3.7336173
3.2956812
3.5125234
4.8178277
4.1630497
3.2914293
3.9462075
1.9903767
1.8840815
2.7557018
2.1051755
1.8883334
2.4283128
2.4325645
2.3220174
1.8840815
1.9946285
1.8883334
1.9988803
0.8041228
1.237807
1.3441021
1.5609442
2.6494067
2.1051755
1.4546491
1.9946285
2.1051755
0.69357586
0.69357586
1.4546491
0.14934468
0.8041228
2.2157223
-0.3948865
-0.72227556
1.2420589
0.15359649
-0.28433952
0.91466975
0.15359649
0.14934468
0.8041228
-0.06749742
0.91466975
0.47673374
1.020965
-0.5011816
1.1315118
1.348354
-0.06749742
1.348354
1.020965
0.91466975
0.91466975
0.58728075
1.2420589
0.48098555
-0.5011816
-0.5011816
0.47673374
-0.06324561
-0.16954076
0.48098555
0.043049537
-0.93486583
0.48098555
1.0252168
-0.6074768
-0.3906347
0.15359649
-0.6074768
1.0252168
0.3704386
-0.17379257
1.1315118
0.25989163
-0.3906347
-0.17379257
1.7862899
0.58728075
0.14934468
-0.7180237
0.8041228
-0.28008774
0.14934468
0.3704386
0.25989163
-0.06324561
-1.2580031
-0.49692985
-1.0411611
-0.38638288
-1.4748453
-1.1517079
-1.3685501
0.04730134
-1.5853921
-1.3642982
-0.70952016
-0.930614
-1.1474562
-2.0190763
-0.38638288
-0.7137719
-1.9127812
-1.0411611
-0.7137719
-1.1474562
0.7020795
0.59153247
-0.7137719
-1.0411611
-1.3642982
-0.8200671
-1.3642982
-1.2580031
-0.603225
-0.603225
-0.603225
-0.603225
-1.0369092
-0.058993805
-0.9263622
-0.603225
-0.9263622
-1.5811403
-1.1474562
-0.38638288
-1.1474562
-1.3642982
-1.9085294
-0.38638288
-0.7137719
-0.16954076
-0.06324561
-0.16954076
0.48098555
0.04730134
-0.38638288
0.69782764
-0.6074768
1.6799948
0.48098555
0.15359649
0.59153247
0.91466975
-0.06749742
1.565196
0.69782764
-0.17379257
1.2420589
0.043049537
0.91466975
-0.6074768
-0.17379257
1.4589009
-0.17379257
1.1357636
1.2420589
0.69782764
0.48098555
0.48523736
0.48523736
-1.2580031
-0.058993805
-0.058993805
-0.49692985
0.3746904
-0.058993805
0.8083746
-1.3685501
-0.16954076
-0.16954076
-0.16954076
-0.28008774
-0.603225
-0.49692985
-0.06324561
0.15359649
-0.6074768
-0.06324561
-0.6074768
0.26414344
-0.3906347
-0.06324561
-0.06324561
0.9189216
0.04730134
-0.49692985
1.3526058
0.91466975
0.69782764
0.15359649
0.69782764
-0.06324561
-0.49692985
-0.28008774
-0.28008774
0.59153247
0.15359649
0.3746904
0.26414344
1.2420589
0.26414344
0.59153247
0.48098555
0.26414344
0.15359649
0.69782764
0.15359649
0.3704386
0.69782764
1.2420589
-0.06324561
-0.7180237
0.3746904
0.69782764
0.26414344
0.8041228
1.1315118
1.3526058
0.48098555
0.8083746
0.59153247
-0.06324561
1.1357636
0.8083746
0.59153247
1.4631528
-0.3906347
-0.06324561
0.48098555
0.1578483
0.3746904
1.1357636
-0.930614
0.04730134
0.3746904
-0.16954076
0.04730134
0.04730134
0.26414344
-0.6074768
0.59153247
1.2420589
0.69782764
0.1578483
0.26414344
1.7862899
0.69782764
0.91466975
0.8041228
1.348354
2.1094272
1.565196
1.8925852
1.565196
1.6757431
0.3704386
1.4589009
1.6757431
0.91466975
0.8083746
0.58728075
-0.17379257
0.7020795
0.8083746
-0.49692985
-0.38638288
0.7020795
0.48098555
0.1578483
0.15359649
1.4631528
-0.28008774
-0.8243188
0.8083746
0.3746904
-0.8243188
-0.058993805
0.04730134
-0.16954076
-0.603225
-0.2758359
0.3746904
-0.16954076
1.2420589
0.48098555
0.1578483
0.48523736
-0.16954076
-0.8200671
1.3526058
1.1357636
-0.06324561
-0.16954076
0.9189216
0.48523736
-0.7137719
0.26839525
-0.16528895
-0.2758359
-0.49267802
-1.2537513
-1.0369092
-0.70952016
-0.9263622
-2.448509
-1.0326574
-2.3379617
-3.4264243
-2.3379617
-2.665351
-3.4264243
-2.2274148
-2.444257
-1.2494994
-1.3600464
-1.1432043
-0.81581527
-2.0148246
-0.59897316
-0.9263622
-1.6874356
-1.2537513
-1.4705935
-1.1432043
-1.7979825
-1.1474562
-1.2537513
-1.3642982
-1.2537513
-2.1211197
-1.9042777
-1.1432043
-1.4705935
-2.2316666
-2.448509
-0.9263622
-2.448509
-2.2316666
-1.6874356
-2.882193
-3.4264243
-1.6831837
-3.2053301
-3.5327191
-3.3158772
-2.5548038
-3.4264243
-1.5768886
-2.882193
-3.099035
-2.010573
-2.665351
-3.2095819
-2.665351
-1.3600464
-2.1211197
-1.9042777
-1.1432043
-0.38213107
-0.8200671
-1.7979825
-1.5811403
-1.9085294
-1.4705935
-1.4705935
-1.4705935
-2.010573
-1.9042777
-1.2494994
-3.099035
-2.99274
-2.1211197
-1.9042777
-2.882193
-2.448509
-1.9042777
-2.2316666
-2.5548038
-2.448509
-2.665351
-3.4264243
-2.3379617
-2.1211197
-2.448509
-3.320129
-1.5768886
-2.7758977
-3.2138338
-2.3422136
-1.7937305
-1.5768886
-3.2095819
-2.1211197
-1.7937305
-3.6432662
-3.320129
-1.7937305
-1.7979825
-1.4705935
-1.6874356
-2.2316666
-1.7937305
-3.099035
-3.9706554
-2.665351
-3.099035
-2.771646
-2.5590558
-3.103287
-1.3600464
-2.0148246
-3.320129
-2.3379617
-2.882193
-3.3158772
-3.099035
-3.2095819
-1.9042777
-3.103287
-2.448509
-1.6874356
-1.6874356
-2.8864448
-1.1432043
-1.7979825
-2.8864448
-1.9042777
-1.9085294
-1.7979825
-1.3642982
-1.1474562
-0.2758359
-1.3642982
-2.2359185
-1.1474562
-1.4705935
-2.2359185
-0.49267802
-1.1474562
-1.5811403
-2.6696026
-0.9263622
-2.1253715
-2.2316666
-2.7758977
-1.6874356
-2.1253715
-2.0148246
-3.103287
-3.320129
-2.0148246
-2.2316666
-3.647518
-1.5768886
-1.2537513
-2.7758977
-2.9969919
-1.3642982
-2.6696026
-1.9085294
-2.2359185
-1.1474562
-2.0190763
-0.38638288
-1.9085294
-1.9085294
-2.3464653
-1.5811403
-1.2580031
-1.0411611
-1.5853921
-1.4748453
-1.4748453
-0.930614
-1.4748453
-2.5633075
-1.6916873
-1.1474562
-2.5633075
-0.930614
-2.0190763
-2.1296234
-1.1474562
-1.8022342
-2.1296234
-1.8022342
-1.8022342
-1.6916873
-1.2580031
-1.5853921
-1.3685501
-1.8022342
-0.6074768
-1.479097
-0.7137719
-1.0454128
-0.28433952
-1.917033
0.25989163
-0.28433952
-0.6117286
-0.6117286
0.910418
0.043049537
-0.3948865
0.8041228
0.910418
1.237807
1.020965
0.3661868
0.25563982
0.90616614
0.799871
1.5609442
1.0167131
1.3441021
0.799871
1.5609442
1.0167131
0.25563982
2.4325645
1.5609442
1.8840815
1.7777863
0.46823013
1.7777863
2.3220174
1.1230083
0.5787771
2.1051755
1.2293034
1.1230083
1.8840815
2.3177657
1.8798298
3.8399122
3.4019763
2.7514498
3.8399122
2.530356
1.986125
3.078839
2.0966718
3.7293656
4.379892
4.9198713
3.6145666
4.5967336
4.269345
3.1808825
3.7251134
4.4861865
4.4861865
4.5967336
5.140965
4.4861865
4.7030287
4.7030287
5.464102
5.026166
4.1587977
5.357807
5.353555
4.592482
5.7872396
6.6588597
4.8093243
5.6766925
6.0040812
6.0040812
6.3314705
5.3493037
6.4377656
6.875702
5.4598503
7.419933
6.765155
5.6766925
6.0040812
6.981997
7.1988387
6.654608
6.875702
6.87145
6.981997
6.5483127
7.309386
6.327219
5.3493037
5.7829876
6.110377
6.110377
4.8050723
5.7872396
4.154546
5.791491
5.026166
5.791491
4.698777
5.4598503
6.0040812
4.915619
6.114629
4.58823
6.6588597
6.0040812
6.4377656
6.3314705
6.981997
5.99983
5.893534
5.4555984
6.2209234
6.0040812
5.6766925
6.0040812
6.0040812
5.7872396
5.132461
4.481935
4.8093243
4.154546
4.8093243
4.8093243
4.4861865
3.9377036
2.8534935
4.8135757
3.3934724
4.4861865
3.827157
4.698777
5.4598503
5.2387567
6.5483127
4.8050723
5.4598503
5.3493037
5.3493037
4.698777
5.3493037
5.5703974
5.243008
5.132461
4.371388
4.8093243
4.371388
3.3934724
4.592482
5.136713
5.353555
4.592482
4.592482
5.357807
4.592482
4.1587977
4.37564
3.8314087
4.4861865
4.7030287
5.136713
4.9198713
4.481935
5.24726
4.8093243
4.7030287
5.24726
5.464102
4.37564
4.1587977
5.24726
3.2871776
5.140965
4.269345
4.8135757
4.8135757
2.9640403
3.5082712
3.5082712
3.7251134
3.5082712
4.5967336
5.24726
3.6145666
5.140965
3.9419558
3.7293656
3.2914293
4.379892
4.8135757
2.9640403
4.8135757
4.269345
3.8356605
4.269345
3.9462075
3.5082712
3.5082712
4.2735963
3.9462075
2.2072186
3.7293656
3.62307
2.861997
3.5125234
4.490439
3.074587
2.640903
3.078839
2.7514498
2.2072186
2.861997
2.3177657
3.62307
2.3177657
3.62307
1.4461455
2.7514498
1.5566925
2.3177657
2.4283128
1.7735345
2.534608
2.968292
2.8577452
2.3177657
4.056754
3.4019763
2.640903
3.8399122
2.6451547
2.861997
2.861997
2.1009235
1.9903767
2.424061
1.8798298
3.2956812
2.6451547
2.3177657
2.2114706
2.972544
1.7735345
1.8840815
3.078839
2.968292
2.534608
2.3177657
2.6451547
2.3177657
2.4283128
2.1009235
2.1009235
1.8840815
2.534608
2.6451547
2.1009235
2.4283128
2.4283128
1.3398503
1.3398503
2.1009235
2.7557018
2.3220174
2.8662488
1.7777863
1.9946285
1.1230083
1.5609442
1.8883334
1.4503974
1.7777863
1.9946285
1.7777863
0.7956192
0.9019143
1.4503974
2.972544
2.6451547
2.1009235
2.8662488
3.189386
1.6672394
2.6451547
2.3177657
2.7514498
2.5388596
2.4283128
1.1230083
1.2335552
1.6672394
1.1230083
1.5609442
2.6494067
1.8840815
2.7557018
1.7735345
2.972544
2.2114706
1.8840815
2.1051755
1.9946285
2.7557018
2.2114706
1.7777863
1.4503974
1.8840815
1.7735345
2.1009235
3.0830908
2.5388596
1.7777863
1.3441021
1.2335552
1.7777863
2.1051755
2.1051755
2.6451547
2.3177657
2.972544
4.3883953
2.6451547
1.9903767
2.5388596
1.7777863
2.2114706
2.2114706
2.5388596
4.2778482
3.62307
3.4019763
3.62307
3.8399122
2.7514498
2.972544
2.2114706
2.5388596
2.2114706
2.5388596
2.2157223
3.6273217
2.5388596
2.5388596
2.5388596
2.5388596
2.2114706
1.4503974
2.9767957
1.8840815
2.5388596
2.3220174
2.5431116
2.1051755
2.4325645
2.6494067
1.3398503
3.3041847
1.4546491
1.237807
2.3262694
1.7820382
1.2335552
2.2157223
1.3441021
2.4325645
2.6494067
1.4503974
0.3661868
1.9988803
2.5431116
1.4546491
3.0873425
2.2157223
1.2335552
1.3441021
1.7820382
0.910418
1.12726
1.237807
2.9767957
2.3220174
0.90616614
1.2335552
2.3220174
1.12726
1.12726
0.910418
2.4325645
1.6714911
1.2335552
1.3441021
1.9946285
1.7777863
2.1051755
1.4503974
2.4325645
2.4325645
1.6672394
1.8883334
2.2157223
2.5388596
2.2114706
1.6672394
1.7777863
1.9946285
3.299933
2.5388596
1.6672394
1.9946285
1.5609442
1.8883334
1.9946285
1.3441021
2.4325645
1.8883334
2.2157223
1.0167131
1.6714911
2.6536584
1.8883334
0.910418
0.910418
2.2157223
1.6714911
1.6714911
1.020965
2.8705006
2.4325645
1.3441021
2.3262694
2.2157223
1.8883334
1.6714911
2.3220174
2.4325645
2.7599535
1.9988803
3.3041847
2.5431116
1.2335552
1.5609442
2.5431116
1.237807
0.910418
1.565196
0.69357586
0.14934468
0.8041228
1.237807
-0.3906347
-0.5011816
0.3704386
0.91466975
0.8041228
0.47673374
0.47673374
2.1094272
1.7820382
1.348354
2.1094272
1.237807
2.3262694
1.5609442
2.6494067
1.8883334
1.7777863
2.8662488
3.0830908
2.7557018
2.1009235
2.6494067
3.0830908
4.171553
2.2114706
2.5388596
2.6451547
3.4104798
3.6273217
1.9946285
2.1051755
3.1936376
1.7777863
2.8705006
2.2157223
2.1051755
1.8883334
2.3220174
2.3220174
2.1051755
2.2114706
1.5609442
1.7777863
2.1051755
2.2114706
2.4325645
2.4325645
2.4283128
1.7777863
2.6494067
2.5388596
2.5388596
2.5388596
3.299933
3.4104798
3.4104798
1.9946285
2.5388596
3.0830908
3.844164
3.406228
2.7557018
3.299933
3.299933
1.4503974
1.8883334
2.4325645
2.3262694
2.1094272
2.5431116
1.5609442
2.6536584
1.12726
1.237807
1.348354
1.565196
0.47673374
-0.3948865
1.2420589
0.91466975
1.348354
0.69357586
0.910418
1.7820382
1.9988803
1.6714911
1.020965
0.799871
1.8883334
2.4325645
1.3441021
2.2157223
2.4325645
2.7599535
2.4325645
1.2335552
1.7820382
2.7599535
1.6714911
0.910418
1.8883334
1.8883334
1.237807
1.565196
0.47673374
0.8041228
1.565196
1.348354
1.6714911
1.6714911
1.9988803
1.237807
0.69357586
1.7820382
2.6536584
2.1094272
0.3661868
0.3661868
0.69357586
1.3441021
0.47673374
2.1094272
2.2157223
1.9988803
1.7820382
1.565196
1.1315118
0.043049537
1.1315118
0.47673374
1.020965
1.1315118
1.348354
1.1315118
1.1315118
0.25989163
0.04730134
-0.7137719
-0.16954076
-1.1474562
-0.8243188
0.3746904
-0.28008774
0.8083746
-0.38638288
-0.38638288
0.9189216
-0.058993805
0.15359649
-0.49692985
0.59153247
0.26414344
0.8083746
1.1315118
-0.17379257
0.3704386
0.15359649
1.020965
1.6757431
1.8925852
0.5830289
2.1094272
1.12726
0.5830289
2.1094272
1.237807
0.58728075
0.8041228
0.58728075
1.8925852
0.25989163
0.48098555
0.3704386
-0.72227556
1.348354
0.8041228
0.25989163
1.4589009
0.8041228
0.25989163
0.58728075
1.1315118
0.69357586
1.12726
2.3220174
0.90616614
2.6494067
1.5609442
1.5609442
2.8662488
2.4283128
1.9946285
2.6494067
2.972544
3.5167751
4.4946904
3.078839
3.5125234
3.8399122
2.861997
1.6672394
2.5388596
3.0830908
3.299933
3.299933
4.7115326
3.7293656
4.2735963
4.490439
4.167301
3.8399122
4.167301
4.167301
3.9504592
3.7336173
4.056754
4.1630497
3.074587
4.8178277
3.8399122
3.2914293
5.251512
5.140965
4.0525026
5.468354
4.5967336
3.8356605
6.2294273
6.3357224
5.464102
6.769407
6.114629
5.6766925
7.1988387
6.981997
6.87145
6.654608
7.1988387
7.415681
6.981997
8.176754
7.4114294
8.066207
8.1725025
8.28305
7.849365
8.82728
8.066207
8.82728
9.588354
8.28305
8.8230295
8.499891
9.477807
9.69465
8.389345
9.260964
9.69465
8.8230295
9.36726
9.256713
9.477807
9.36726
8.601935
9.36726
9.800944
9.690397
9.800944
10.234629
10.234629
11.106249
10.013535
10.562017
9.911491
10.017787
10.128334
10.345176
9.690397
9.907239
10.77886
10.234629
10.234629
9.584103
8.8230295
9.150418
10.132585
9.039871
8.929324
10.23888
9.69465
9.039871
10.0220375
8.8230295
9.477807
8.8230295
10.0220375
8.8230295
9.36726
9.584103
9.690397
10.128334
9.911491
9.584103
9.690397
10.128334
9.256713
9.911491
9.800944
8.8230295
9.477807
8.933577
8.061955
9.482059
9.260964
8.389345
8.8230295
7.738818
8.499891
7.3008823
7.632523
7.1988387
7.9599123
5.5661454
6.765155
6.981997
6.654608
6.2209234
6.5483127
7.1988387
5.7829876
6.110377
6.0040812
6.875702
5.8977866
6.4420176
5.243008
6.6588597
6.875702
5.7872396
5.353555
6.6588597
5.243008
5.243008
5.8977866
6.3357224
5.574649
4.4861865
5.251512
4.1587977
4.379892
4.5967336
3.7251134
4.379892
4.924123
3.2914293
4.056754
3.8399122
3.62307
1.9903767
4.0610065
2.534608
2.534608
1.5566925
2.4283128
2.6451547
2.1009235
1.8840815
2.4283128
2.4283128
1.9903767
1.6672394
2.3177657
2.3177657
2.6451547
1.7735345
1.9946285
3.299933
2.972544
2.6451547
2.534608
3.7336173
2.8577452
3.078839
2.861997
3.62307
1.9903767
2.4283128
2.534608
2.7514498
3.406228
3.2956812
3.078839
2.7514498
3.406228
2.534608
1.8840815
2.1009235
3.0830908
2.1009235
2.534608
3.5167751
3.62307
1.8798298
2.861997
3.078839
2.2072186
2.972544
3.2956812
3.62307
2.6451547
3.078839
2.313514
3.7336173
3.078839
2.6451547
3.9504592
3.9504592
3.2956812
3.189386
3.7336173
1.9903767
3.5167751
2.534608
2.3177657
3.6273217
2.7557018
2.4283128
2.972544
2.8662488
2.4283128
1.7777863
2.9767957
2.3220174
1.9946285
2.7557018
3.844164
2.8662488
2.1009235
3.5167751
3.7336173
3.8399122
4.056754
3.7293656
4.3841434
5.1452165
4.379892
4.2735963
3.9462075
5.0346694
4.490439
3.7293656
3.4019763
4.1630497
4.379892
3.6188183
2.968292
3.62307
3.1851342
3.62307
4.056754
4.7115326
4.490439
3.7293656
4.6009855
4.2735963
3.6188183
4.056754
4.056754
4.6009855
3.7293656
4.7072806
3.8356605
4.269345
4.490439
3.8356605
5.0346694
5.3620586
5.0346694
5.90629
5.251512
4.269345
4.5967336
5.140965
4.5967336
4.924123
5.030418
4.7030287
5.468354
6.012585
4.490439
4.490439
5.251512
4.0525026
5.0346694
4.928375
4.490439
4.056754
4.490439
4.8178277
4.0525026
3.8399122
4.8220797
3.406228
2.6451547
3.7336173
3.5167751
2.861997
3.2956812
3.189386
3.189386
3.5125234
3.078839
2.861997
3.7336173
3.7336173
3.62307
4.6009855
3.9462075
3.1851342
4.4946904
3.8399122
3.8399122
4.3841434
3.8399122
4.167301
5.2557635
4.928375
3.078839
4.2778482
3.406228
3.189386
3.406228
3.189386
3.5167751
3.844164
2.8662488
2.5388596
2.1051755
3.631574
3.4104798
1.4503974
2.6494067
2.3220174
3.6273217
3.0830908
3.299933
3.299933
3.1936376
3.4104798
3.189386
3.189386
3.406228
4.0610065
2.6451547
2.6451547
3.5167751
3.5167751
3.6273217
3.7336173
3.844164
3.0830908
3.189386
3.0830908
3.299933
3.844164
3.189386
2.3220174
3.1936376
3.0830908
3.4104798
3.0830908
3.5210268
2.4325645
2.1051755
2.4325645
2.5431116
1.7777863
2.2157223
2.3220174
2.5431116
2.6494067
3.1936376
4.171553
3.7336173
3.6273217
2.5388596
3.1936376
3.0830908
3.189386
4.2778482
3.9504592
4.7115326
4.2778482
3.189386
2.972544
3.5167751
2.2114706
2.3220174
1.9946285
3.0830908
2.5388596
1.4503974
3.0830908
2.9767957
2.6494067
2.2157223
2.6494067
2.6494067
3.631574
2.6494067
2.2114706
2.6494067
2.6494067
3.3041847
2.8662488
2.9767957
3.6273217
3.5210268
2.6494067
4.171553
2.5388596
2.3220174
3.0830908
2.7557018
4.065258
3.1936376
2.3220174
2.3220174
2.3220174
1.8840815
2.1051755
3.1936376
3.954711
2.7557018
2.1051755
2.1051755
2.3220174
4.2821
2.9767957
2.5388596
2.5388596
2.3220174
3.1936376
2.8662488
1.8840815
3.1936376
2.972544
3.6273217
2.8662488
1.7777863
2.3220174
3.1936376
2.972544
2.3177657
2.972544
4.715784
4.6009855
3.078839
3.299933
3.189386
3.189386
2.6451547
3.5167751
3.8399122
2.861997
3.406228
3.406228
2.2114706
2.5388596
3.6273217
2.4283128
3.299933
4.065258
3.0830908
2.6494067
2.5388596
2.3220174
2.2114706
3.1936376
1.6672394
2.3220174
2.1051755
2.2157223
2.9767957
2.1051755
1.5609442
1.9946285
2.4325645
2.4325645
2.7599535
2.9767957
2.3262694
2.2157223
1.3441021
1.7820382
1.9988803
1.5609442
2.8705006
1.6714911
1.3441021
2.8705006
2.7599535
2.6494067
2.9767957
1.8883334
2.4325645
2.3220174
2.1051755
3.1936376
2.5431116
2.8705006
2.6494067
1.6714911
1.9988803
0.5830289
0.14934468
2.1136792
1.7862899
1.0252168
-0.06324561
0.69782764
0.15359649
0.26414344
0.26414344
1.5694479
1.1315118
-0.5011816
0.3704386
0.25989163
0.69782764
0.69782764
1.1315118
1.1315118
1.348354
0.5830289
1.8883334
1.8883334
2.5431116
2.6494067
2.3220174
1.8925852
1.4546491
0.58728075
1.8925852
1.348354
1.237807
1.565196
0.69782764
0.91466975
0.043049537
1.896837
0.69357586
0.47673374
2.2199743
1.6757431
-0.17379257
1.7862899
1.237807
-0.28433952
1.7862899
0.91466975
1.2420589
1.1315118
0.26414344
-0.17379257
0.15359649
-0.28008774
0.69782764
-0.28433952
1.3526058
-0.17379257
0.47673374
0.58728075
-0.06324561
1.4589009
0.91466975
0.58728075
2.5473633
1.1315118
2.1136792
0.8041228
0.69357586
1.4546491
1.348354
1.6714911
2.6536584
1.6714911
1.6714911
1.8883334
1.3441021
1.7820382
2.2157223
2.6536584
2.4325645
2.8705006
2.2114706
2.1051755
3.4104798
3.5167751
2.7557018
2.972544
4.0610065
3.5125234
3.9504592
5.038922
4.490439
4.928375
3.9462075
5.1452165
4.8178277
4.8178277
3.1851342
5.3620586
4.490439
3.7293656
5.3620586
5.468354
4.4861865
4.7072806
4.490439
5.578901
4.5967336
5.3620586
5.468354
5.574649
4.269345
6.4462695
6.2294273
5.24726
5.251512
4.8135757
4.928375
4.167301
3.7293656
5.4726057
4.167301
4.6009855
5.4726057
5.468354
5.902038
6.1188803
6.123132
5.574649
5.6851964
4.7030287
6.012585
6.2294273
6.1188803
6.2251754
5.6809444
6.8799534
6.008333
5.136713
6.4420176
6.5525646
6.008333
5.902038
5.030418
6.2294273
4.8135757
4.269345
5.574649
4.5967336
5.795743
5.140965
4.4861865
5.6851964
5.6851964
5.136713
5.6809444
6.5525646
6.6588597
6.986249
7.203091
7.313638
7.853617
6.765155
7.526228
8.725238
8.287301
8.720985
7.1988387
8.181006
7.74307
7.526228
7.853617
8.181006
7.853617
7.526228
6.654608
7.853617
8.287301
8.504144
8.181006
6.3314705
7.203091
7.419933
7.309386
6.981997
6.3314705
8.618942
7.636775
7.636775
6.2209234
6.3314705
6.875702
6.4377656
7.092544
7.853617
6.986249
7.747322
8.070459
7.092544
8.287301
6.544061
7.309386
7.526228
9.158921
7.74307
7.415681
8.94208
8.504144
8.504144
8.070459
7.74307
8.070459
7.526228
7.526228
7.526228
8.181006
8.614691
8.8315325
7.74307
8.397848
8.176754
7.415681
8.397848
8.8315325
7.526228
8.287301
9.158921
8.176754
9.482059
7.74307
8.720985
9.588354
8.82728
10.132585
10.459974
9.260964
10.23888
9.698901
10.893659
10.676816
9.260964
10.0220375
9.911491
10.349427
9.800944
10.0220375
11.1105
9.477807
9.911491
9.805196
9.805196
10.0220375
10.23888
9.260964
10.23888
9.150418
8.389345
9.915743
9.588354
9.588354
9.588354
9.15467
10.570521
10.566269
8.8230295
10.566269
9.805196
9.915743
10.459974
9.150418
10.349427
10.893659
10.23888
10.349427
9.588354
9.911491
9.69465
10.455723
11.1105
10.676816
10.23888
11.331594
10.132585
10.566269
10.566269
9.477807
10.676816
10.349427
10.243132
9.477807
9.805196
9.371511
10.02629
9.588354
8.937827
9.915743
10.0220375
9.477807
9.805196
9.805196
10.23888
10.0220375
10.459974
10.893659
10.23888
9.911491
10.23888
10.999953
11.1105
10.6725645
10.455723
11.327342
11.2125435
10.668313
10.995702
11.65048
10.999953
10.889407
10.999953
11.327342
10.455723
10.455723
10.23888
9.911491
10.893659
10.349427
9.584103
11.1105
9.588354
9.805196
10.23888
10.455723
10.783112
10.566269
10.349427
9.911491
10.6725645
11.004206
10.0220375
10.893659
10.349427
10.783112
10.783112
11.544185
10.234629
10.566269
11.327342
10.23888
11.221047
11.216796
10.23888
11.1105
10.566269
10.999953
10.128334
9.800944
10.893659
10.349427
11.437889
10.455723
10.23888
10.23888
9.805196
10.676816
11.221047
9.911491
10.0220375
9.698901
10.243132
9.805196
9.915743
10.132585
9.15467
9.915743
8.933577
8.937827
9.482059
10.349427
9.260964
10.459974
11.1105
10.783112
9.69465
10.0220375
11.327342
10.455723
10.345176
11.1105
10.999953
10.455723
10.783112
9.911491
10.566269
9.911491
9.911491
10.566269
10.23888
10.893659
9.588354
8.82728
9.809448
9.371511
9.588354
9.805196
9.588354
10.459974
10.459974
9.915743
10.128334
9.915743
10.02629
10.0220375
9.044123
10.459974
10.676816
9.477807
10.0220375
9.260964
9.698901
10.02629
9.371511
8.716734
9.482059
9.592606
9.588354
9.588354
8.937827
8.8315325
9.482059
9.588354
8.287301
9.048374
10.136837
8.066207
9.703153
8.937827
9.048374
8.720985
9.269468
9.158921
8.725238
7.74307
8.8315325
8.504144
9.486311
8.8315325
8.504144
9.048374
9.15467
8.937827
10.136837
9.482059
9.592606
10.132585
9.15467
10.132585
10.02629
10.353679
10.02629
9.15467
9.265217
9.592606
8.610438
9.809448
9.588354
8.070459
8.94208
8.614691
8.397848
8.614691
8.393597
8.614691
8.070459
8.504144
7.853617
8.181006
7.419933
8.074712
7.419933
8.070459
8.94208
9.265217
8.287301
9.486311
8.504144
8.504144
9.269468
8.397848
8.504144
8.720985
9.048374
9.265217
9.265217
10.02629
8.720985
8.610438
8.720985
9.048374
8.94208
8.610438
7.521976
9.486311
9.265217
8.287301
9.375764
8.720985
7.415681
7.9641643
8.397848
8.070459
7.203091
7.747322
8.074712
6.986249
6.6588597
7.203091
7.203091
8.074712
7.092544
7.747322
8.074712
7.5304804
7.092544
8.185258
8.508395
8.181006
7.636775
7.1988387
8.2915535
7.853617
8.8315325
8.287301
8.614691
7.1988387
7.309386
8.508395
7.636775
7.9641643
8.181006
8.2915535
8.2915535
8.508395
6.875702
7.419933
7.636775
6.654608
7.9641643
8.181006
7.092544
8.508395
8.070459
7.636775
8.725238
7.526228
8.508395
8.070459
7.74307
8.287301
8.614691
8.176754
8.94208
8.393597
9.048374
8.725238
9.265217
8.8315325
9.15467
8.720985
9.158921
9.482059
8.720985
7.853617
8.070459
8.504144
7.849365
8.8315325
9.048374
8.8315325
8.287301
7.9599123
8.508395
8.393597
7.526228
8.504144
8.397848
8.181006
8.070459
8.181006
8.614691
9.703153
8.504144
9.048374
8.397848
8.8315325
7.521976
8.287301
9.048374
8.393597
9.375764
9.048374
9.809448
8.82728
8.176754
9.375764
8.287301
7.632523
8.504144
7.9599123
7.9599123
7.415681
7.526228
8.070459
8.720985
8.397848
7.636775
7.9641643
7.309386
7.853617
7.526228
7.636775
7.526228
8.070459
8.614691
8.070459
7.419933
7.636775
6.981997
7.632523
8.397848
8.176754
8.393597
8.176754
8.066207
8.937827
9.15467
8.610438
8.937827
7.849365
8.8315325
9.048374
8.610438
8.937827
7.849365
8.8315325
8.28305
8.82728
8.504144
7.305134
8.614691
8.287301
7.526228
7.526228
8.504144
7.309386
7.74307
7.526228
7.309386
8.287301
7.092544
7.1988387
8.287301
8.287301
7.305134
9.375764
7.521976
7.632523
8.720985
8.504144
8.066207
8.937827
8.82728
8.28305
9.371511
8.066207
9.809448
9.588354
8.937827
9.588354
9.915743
9.698901
8.937827
8.610438
8.82728
9.371511
8.610438
8.504144
9.15467
8.176754
8.287301
8.070459
6.981997
8.835785
8.397848
7.526228
7.5304804
7.309386
6.981997
7.203091
7.309386
7.203091
6.765155
7.419933
8.508395
6.765155
7.636775
8.94208
7.632523
8.287301
8.287301
9.15467
8.176754
7.849365
8.8315325
8.397848
7.632523
7.415681
7.9599123
7.9599123
7.9599123
7.9599123
7.9599123
7.74307
7.419933
6.87145
7.9599123
8.397848
7.526228
7.415681
7.415681
7.9599123
8.504144
8.28305
7.632523
7.415681
9.048374
8.176754
8.066207
9.265217
8.82728
8.1725025
8.389345
9.044123
9.150418
10.349427
9.911491
10.128334
8.8230295
9.911491
9.69465
9.584103
9.473556
9.150418
9.805196
9.473556
9.36726
9.044123
10.128334
9.477807
8.720985
7.849365
7.849365
7.747322
7.9641643
7.1988387
6.765155
7.419933
7.305134
7.0882916
8.176754
8.393597
8.1725025
8.610438
8.82728
9.15467
8.1725025
8.610438
8.933577
8.712482
8.606187
10.23888
10.455723
9.69465
9.260964
8.82728
8.389345
7.738818
8.610438
7.521976
7.305134
7.0882916
7.415681
8.070459
7.1988387
8.287301
7.415681
7.1988387
7.853617
6.9777446
7.526228
8.070459
7.632523
7.1988387
7.0882916
7.415681
7.521976
7.632523
7.74307
7.415681
7.9599123
6.654608
7.636775
8.287301
7.849365
8.176754
7.738818
7.521976
7.738818
8.937827
8.28305
9.048374
8.176754
7.849365
8.504144
6.760903
7.9599123
7.1988387
6.87145
7.203091
6.5483127
5.893534
5.6766925
7.203091
6.986249
6.114629
6.765155
6.110377
6.3314705
7.203091
6.4420176
6.4420176
5.4598503
6.114629
6.3314705
6.986249
6.875702
6.875702
6.0040812
6.3314705
5.893534
6.3314705
6.765155
6.6588597
7.092544
7.419933
6.654608
6.875702
7.203091
6.6588597
6.0040812
6.2209234
7.747322
6.0040812
6.4420176
7.5304804
6.0040812
5.3493037
6.114629
6.875702
6.6588597
5.026166
6.2251754
5.4598503
5.5703974
6.0040812
6.6588597
6.0040812
6.875702
6.875702
6.6588597
5.6766925
6.4420176
6.3314705
6.110377
6.875702
6.765155
5.893534
6.981997
6.4377656
6.110377
8.070459
7.1988387
7.305134
7.0882916
8.393597
7.521976
7.9599123
6.760903
8.066207
7.4114294
6.9777446
8.070459
7.521976
7.305134
7.74307
7.632523
8.066207
7.0882916
7.74307
6.87145
7.853617
7.415681
7.415681
7.9599123
7.309386
7.853617
6.4377656
6.981997
7.853617
7.9599123
7.1988387
7.74307
7.9599123
7.305134
8.176754
7.415681
7.1988387
8.720985
7.632523
6.9777446
7.632523
6.760903
7.853617
7.849365
6.654608
7.526228
7.526228
6.4377656
7.74307
7.309386
6.87145
7.1988387
6.981997
7.1988387
6.87145
6.87145
6.544061
6.87145
7.1945877
7.9599123
7.849365
8.176754
8.28305
7.849365
9.260964
9.477807
9.690397
9.473556
9.36726
9.256713
9.035619
8.601935
10.6725645
10.6725645
9.57985
10.77886
10.562017
9.690397
10.345176
10.345176
9.690397
8.925072
9.3630085
9.035619
10.455723
9.146166
9.035619
10.017787
9.252461
9.800944
9.690397
8.491387
10.017787
9.57985
10.234629
9.469303
11.216796
10.017787
10.995702
9.69465
9.907239
9.473556
9.36726
10.017787
10.017787
10.889407
10.995702
10.345176
10.345176
10.128334
9.256713
9.69465
9.911491
9.800944
10.23888
10.45147
10.128334
10.017787
10.6725645
10.23888
9.800944
9.584103
9.36726
9.800944
9.911491
9.69465
9.588354
9.482059
7.955661
6.9777446
7.74307
7.8451138
7.849365
8.610438
9.044123
8.499891
9.044123
8.389345
8.716734
7.8451138
9.477807
10.23888
9.911491
9.256713
9.584103
9.800944
9.690397
10.23888
10.128334
9.800944
10.345176
9.907239
10.345176
10.77886
9.907239
9.800944
10.562017
11.106249
10.345176
10.234629
9.3630085
9.800944
9.690397
9.039871
9.800944
9.800944
8.818777
10.017787
9.146166
10.562017
9.800944
10.345176
9.256713
9.800944
9.473556
10.783112
10.017787
9.800944
11.106249
10.995702
10.77886
11.2125435
10.45147
9.584103
10.566269
9.039871
9.69465
9.584103
10.128334
9.584103
9.150418
9.588354
9.588354
8.066207
8.066207
7.305134
7.309386
6.765155
7.415681
8.070459
6.654608
7.309386
6.5483127
6.5483127
6.87145
7.092544
7.415681
7.092544
7.415681
6.110377
7.203091
7.632523
7.747322
7.9641643
6.654608
6.2209234
7.9641643
7.305134
7.415681
8.725238
8.070459
7.092544
7.203091
7.9641643
7.9599123
7.1988387
7.9641643
7.636775
6.4377656
7.309386
6.765155
7.636775
7.092544
6.110377
7.203091
6.981997
6.0040812
6.6588597
7.203091
6.5483127
6.3314705
6.6588597
6.5483127
8.070459
7.415681
8.176754
7.9599123
7.9641643
7.747322
8.070459
7.632523
8.725238
8.504144
7.9599123
7.415681
8.393597
7.415681
7.853617
7.9599123
7.526228
7.092544
6.981997
7.1988387
7.853617
7.636775
7.309386
7.526228
7.092544
7.747322
6.981997
7.419933
7.203091
5.6766925
5.7872396
7.419933
7.636775
5.7872396
7.313638
6.986249
6.2209234
6.6588597
7.419933
7.857869
7.415681
7.092544
7.526228
8.287301
7.1988387
8.614691
7.526228
7.9599123
7.849365
8.720985
8.8315325
7.632523
7.632523
8.614691
8.720985
7.305134
7.632523
8.287301
8.393597
8.504144
8.397848
8.725238
8.181006
7.092544
7.5304804
7.9641643
7.526228
7.9641643
8.397848
7.309386
7.747322
7.853617
6.765155
8.725238
8.181006
8.8315325
8.504144
8.070459
7.74307
8.8315325
9.265217
8.937827
9.703153
10.136837
10.247384
8.614691
9.048374
10.136837
8.720985
8.937827
9.371511
7.9599123
9.375764
9.265217
8.504144
8.937827
8.82728
9.592606
7.849365
8.937827
8.720985
7.521976
9.486311
8.720985
8.499891
8.8315325
9.703153
9.588354
9.044123
8.720985
10.02629
10.459974
9.044123
9.915743
10.893659
10.0220375
9.477807
11.1105
10.566269
10.676816
10.459974
10.132585
10.566269
10.0220375
10.132585
10.566269
9.805196
10.459974
10.676816
10.0220375
9.805196
10.243132
10.459974
9.371511
8.937827
10.570521
9.588354
8.937827
9.809448
10.02629
8.937827
9.482059
9.265217
9.482059
10.02629
8.720985
9.698901
9.260964
9.482059
11.004206
10.349427
8.933577
10.787363
10.349427
9.915743
10.349427
10.459974
10.349427
10.893659
10.132585
10.243132
10.676816
9.260964
9.371511
10.02629
9.371511
9.698901
9.698901
10.132585
10.459974
9.805196
9.698901
10.243132
10.02629
9.477807
9.044123
10.676816
10.349427
10.566269
10.676816
10.566269
10.23888
9.588354
9.915743
10.0220375
9.477807
9.69465
10.893659
10.566269
11.437889
10.566269
9.477807
10.783112
10.132585
10.566269
10.128334
10.349427
10.459974
10.455723
10.0220375
10.349427
11.004206
10.566269
11.004206
10.132585
10.676816
9.150418
8.610438
9.048374
10.132585
8.610438
10.353679
9.371511
9.698901
8.937827
8.393597
9.371511
10.464226
9.915743
9.588354
9.698901
9.915743
10.353679
10.349427
10.349427
10.243132
10.893659
10.0220375
10.676816
10.132585
9.584103
10.893659
10.566269
10.0220375
10.676816
10.566269
10.893659
11.221047
10.893659
10.455723
11.437889
10.893659
11.327342
10.23888
10.132585
10.349427
10.459974
10.243132
10.132585
9.588354
10.243132
10.787363
10.349427
10.132585
10.132585
9.588354
9.800944
10.893659
10.349427
10.783112
11.548436
10.783112
10.455723
10.566269
10.783112
9.911491
10.349427
10.566269
9.911491
10.893659
10.676816
10.455723
11.1105
10.459974
10.0220375
11.004206
10.132585
10.676816
10.566269
9.477807
10.243132
10.459974
10.349427
10.136837
9.265217
9.698901
10.353679
9.265217
8.937827
9.486311
9.15467
9.265217
8.720985
9.919995
8.614691
9.158921
8.397848
8.614691
9.375764
9.158921
9.375764
9.486311
9.375764
9.158921
9.592606
9.048374
9.592606
8.287301
8.181006
8.397848
7.526228
7.747322
8.181006
8.397848
8.94208
8.181006
9.596858
7.74307
6.875702
8.185258
8.074712
7.203091
7.636775
8.4021
8.508395
7.526228
7.9641643
8.287301
8.504144
8.287301
9.592606
9.809448
9.592606
10.136837
9.915743
9.15467
10.243132
10.676816
10.459974
10.787363
10.566269
10.783112
10.676816
10.783112
10.349427
11.221047
10.459974
10.676816
9.805196
8.933577
9.915743
9.805196
9.805196
10.566269
10.676816
10.02629
10.02629
9.371511
10.136837
10.459974
9.15467
10.787363
10.243132
10.893659
10.132585
9.588354
9.805196
9.044123
9.915743
9.482059
9.698901
10.570521
9.371511
9.809448
9.371511
10.787363
10.570521
9.044123
10.136837
9.805196
9.698901
10.136837
10.02629
9.375764
8.610438
9.592606
10.02629
8.8315325
9.052627
8.614691
8.397848
8.508395
8.508395
8.181006
8.070459
8.725238
8.181006
8.508395
8.504144
8.397848
8.397848
8.8315325
8.504144
9.048374
10.02629
9.482059
9.805196
11.004206
11.221047
11.437889
11.437889
10.132585
10.0220375
11.221047
10.566269
10.23888
11.437889
10.566269
9.584103
10.349427
10.0220375
9.371511
10.132585
10.132585
10.676816
10.23888
11.004206
9.911491
9.69465
9.698901
9.805196
10.0220375
9.371511
9.482059
10.132585
10.566269
9.260964
10.787363
9.150418
9.805196
10.0220375
9.69465
9.588354
10.132585
10.0220375
9.260964
9.36726
10.566269
9.911491
10.566269
10.349427
10.128334
10.128334
10.349427
9.584103
9.260964
10.243132
9.473556
10.132585
10.459974
10.349427
8.933577
9.588354
9.588354
9.482059
10.02629
9.915743
9.048374
9.044123
10.459974
10.0220375
9.698901
9.69465
10.243132
9.044123
10.349427
9.482059
10.0220375
9.588354
10.0220375
10.02629
10.455723
10.0220375
10.459974
9.260964
9.69465
8.716734
9.044123
10.349427
9.260964
9.698901
9.477807
8.82728
9.371511
9.588354
8.1725025
9.698901
9.69465
8.499891
9.698901
9.805196
8.8230295
10.676816
10.132585
9.477807
9.915743
9.915743
9.260964
8.82728
9.698901
10.136837
9.588354
8.066207
10.243132
10.243132
9.805196
10.783112
11.1105
10.893659
10.128334
10.566269
10.566269
10.566269
10.455723
10.23888
10.128334
10.787363
10.999953
10.128334
9.36726
9.911491
11.437889
10.566269
10.23888
10.132585
9.477807
9.477807
9.809448
9.482059
7.955661
9.371511
8.8315325
8.94208
8.504144
8.504144
8.393597
9.048374
7.738818
8.287301
9.048374
8.393597
9.265217
8.287301
8.720985
9.15467
7.955661
8.937827
9.048374
8.28305
8.720985
8.393597
8.393597
8.28305
7.738818
8.176754
8.176754
7.632523
7.9599123
8.287301
6.654608
6.981997
6.875702
7.092544
6.4420176
6.6588597
7.419933
6.5525646
5.8977866
7.4241843
6.875702
5.5703974
6.986249
6.4420176
5.6809444
5.464102
6.8799534
7.313638
7.096796
5.8977866
6.875702
6.6588597
6.114629
6.769407
6.6588597
7.203091
6.769407
5.8977866
6.5525646
7.857869
6.6588597
7.6410265
6.875702
6.5483127
6.769407
6.3314705
7.857869
7.313638
6.2251754
7.4241843
6.6588597
5.464102
6.663111
6.3314705
6.769407
7.313638
6.875702
7.526228
6.765155
6.5483127
7.636775
7.74307
7.1988387
7.853617
7.1988387
7.9599123
8.393597
7.521976
8.937827
8.720985
8.82728
7.6282716
7.74307
8.720985
8.28305
8.176754
8.287301
8.504144
8.066207
7.849365
8.82728
8.393597
8.720985
7.415681
8.393597
8.287301
6.981997
7.747322
6.875702
6.3314705
7.092544
6.87145
7.9641643
8.070459
8.614691
7.309386
8.614691
7.415681
7.849365
7.849365
8.82728
7.849365
7.9599123
8.720985
9.375764
7.9599123
8.720985
8.504144
8.066207
8.937827
9.371511
7.849365
7.9599123
7.9599123
7.632523
8.504144
7.521976
8.287301
7.9599123
8.720985
8.066207
8.504144
7.415681
8.28305
7.849365
8.066207
8.504144
8.499891
8.066207
7.521976
7.849365
8.499891
7.951409
8.610438
9.588354
9.150418
9.800944
9.36726
9.36726
9.584103
8.8230295
9.36726
10.349427
8.933577
9.911491
9.588354
9.911491
10.345176
9.256713
9.911491
10.128334
9.69465
9.800944
8.933577
9.260964
8.82728
9.371511
8.066207
8.610438
9.915743
8.389345
7.738818
8.716734
8.389345
8.937827
8.393597
8.393597
7.955661
8.28305
9.044123
8.610438
8.716734
8.610438
8.610438
9.371511
9.260964
7.955661
8.28305
9.260964
9.584103
9.805196
10.0220375
10.0220375
9.911491
9.800944
10.676816
9.260964
8.933577
9.371511
9.15467
7.738818
8.393597
8.287301
7.74307
7.0882916
7.1988387
7.092544
6.981997
6.5483127
6.5483127
6.0040812
6.6588597
6.4420176
6.0040812
6.6588597
6.986249
5.893534
5.6766925
7.203091
6.765155
5.893534
6.327219
6.875702
6.4377656
7.1988387
7.1988387
7.415681
8.070459
6.760903
7.74307
7.419933
6.765155
6.5483127
7.636775
7.1988387
6.981997
6.5483127
8.074712
7.309386
5.6766925
6.986249
6.981997
8.181006
7.092544
7.309386
6.875702
7.309386
7.092544
7.419933
7.9641643
7.419933
7.309386
6.2209234
9.052627
7.636775
6.6588597
7.419933
6.875702
7.092544
7.636775
8.508395
7.9599123
8.94208
7.74307
9.048374
8.720985
8.393597
8.397848
7.632523
8.070459
8.94208
8.94208
6.87145
7.9599123
7.526228
7.526228
9.269468
8.504144
7.415681
8.181006
8.397848
8.504144
7.74307
8.614691
9.048374
9.265217
8.937827
9.15467
9.044123
10.23888
10.455723
9.477807
11.1105
10.566269
9.800944
10.676816
10.566269
9.256713
10.128334
10.566269
10.455723
10.23888
10.23888
10.0220375
10.23888
10.566269
9.048374
8.82728
9.915743
9.698901
9.15467
9.371511
9.477807
9.044123
8.176754
8.720985
9.044123
8.393597
8.504144
8.8315325
8.937827
7.9599123
9.809448
8.610438
8.393597
8.937827
8.610438
9.260964
8.28305
8.933577
8.720985
9.375764
8.716734
9.044123
8.82728
9.265217
9.044123
8.716734
8.610438
8.393597
8.8315325
8.393597
8.716734
8.287301
8.504144
8.720985
9.15467
8.720985
8.720985
9.482059
8.504144
10.136837
9.371511
9.375764
8.937827
8.610438
9.048374
9.15467
8.720985
10.243132
8.937827
10.893659
10.459974
8.716734
10.787363
9.588354
9.371511
9.698901
10.132585
9.915743
9.805196
9.260964
10.349427
9.805196
10.570521
10.243132
9.371511
9.919995
9.482059
9.15467
10.136837
9.371511
8.716734
8.82728
9.698901
8.937827
8.720985
8.8315325
9.375764
8.070459
8.397848
9.375764
8.835785
9.052627
9.486311
9.052627
9.380016
9.048374
8.614691
9.919995
9.375764
10.030542
8.725238
8.94208
9.809448
9.703153
10.247384
9.048374
9.592606
9.371511
8.937827
9.048374
8.720985
9.375764
10.353679
9.375764
9.809448
9.809448
8.937827
9.919995
9.265217
9.592606
9.592606
9.15467
9.375764
9.482059
9.15467
9.698901
8.720985
10.464226
9.809448
9.588354
10.243132
10.132585
9.805196
10.566269
10.893659
10.349427
10.676816
11.221047
10.676816
11.004206
10.132585
10.893659
10.349427
10.566269
10.783112
11.221047
10.676816
10.349427
10.787363
10.243132
10.566269
11.004206
11.1105
10.349427
10.349427
10.132585
9.805196
10.787363
10.243132
10.243132
9.15467
9.592606
9.048374
9.809448
9.15467
9.809448
10.136837
10.243132
10.459974
9.482059
9.919995
10.681068
9.698901
10.570521
10.570521
10.681068
10.132585
10.566269
10.353679
10.787363
10.787363
10.893659
9.371511
9.915743
10.0220375
9.915743
10.132585
11.221047
9.260964
10.243132
10.02629
10.459974
9.698901
9.371511
10.787363
10.243132
9.698901
10.02629
10.459974
10.570521
10.89791
9.588354
11.1105
9.915743
11.004206
10.349427
10.783112
10.566269
10.566269
11.548436
11.004206
10.783112
10.676816
10.783112
11.004206
10.132585
10.0220375
10.349427
10.893659
9.69465
10.893659
10.132585
10.999953
10.676816
11.1105
11.1105
9.915743
11.004206
10.243132
10.459974
9.265217
10.464226
10.464226
8.393597
9.048374
8.94208
9.265217
9.592606
8.287301
9.486311
9.375764
8.397848
9.158921
8.504144
8.725238
8.94208
9.375764
9.269468
9.596858
9.592606
9.375764
8.94208
10.243132
8.8315325
9.919995
9.592606
10.353679
9.15467
8.614691
9.919995
9.809448
8.504144
9.703153
10.136837
9.592606
9.592606
9.919995
9.809448
9.265217
9.703153
10.136837
9.592606
8.397848
9.809448
9.698901
8.720985
10.353679
10.681068
10.02629
10.353679
9.265217
10.247384
10.136837
9.371511
9.915743
9.915743
11.548436
10.132585
10.23888
10.676816
10.0220375
11.221047
10.787363
10.23888
10.128334
11.221047
9.805196
10.132585
9.588354
10.132585
10.243132
9.809448
10.136837
10.353679
9.805196
9.482059
8.610438
9.703153
9.919995
8.937827
9.809448
9.158921
8.937827
9.809448
9.919995
9.15467
9.809448
9.915743
9.698901
10.136837
9.809448
9.265217
9.592606
9.592606
10.247384
10.357931
9.265217
9.703153
9.596858
9.375764
9.486311
9.048374
8.2915535
9.052627
8.94208
8.181006
7.857869
7.9641643
8.287301
7.747322
7.5304804
8.618942
7.9641643
7.1988387
7.1988387
7.9641643
8.2915535
8.181006
8.725238
8.725238
8.181006
9.052627
9.375764
9.265217
9.482059
9.592606
9.048374
9.482059
9.915743
10.787363
10.132585
9.698901
10.459974
9.588354
10.02629
9.915743
10.349427
10.132585
10.353679
9.588354
10.136837
10.02629
9.260964
10.02629
9.592606
9.265217
8.82728
7.9599123
9.486311
9.375764
10.030542
9.048374
8.504144
8.181006
8.835785
8.725238
8.397848
7.74307
7.853617
9.486311
8.287301
8.397848
9.375764
9.919995
9.703153
9.158921
9.158921
9.048374
8.287301
9.158921
9.265217
8.287301
8.8315325
8.94208
8.397848
9.269468
8.614691
8.2915535
8.181006
7.419933
7.5304804
6.765155
7.9641643
8.181006
7.309386
8.181006
7.203091
8.508395
8.397848
8.508395
7.636775
7.636775
7.747322
8.2915535
8.287301
7.9599123
8.504144
9.048374
9.703153
10.02629
8.937827
8.287301
9.375764
9.809448
8.28305
9.375764
9.482059
9.915743
10.459974
8.82728
9.048374
9.482059
9.371511
9.698901
9.15467
8.937827
8.610438
8.82728
10.02629
9.265217
10.243132
10.132585
9.482059
9.698901
8.933577
8.716734
9.371511
9.915743
10.893659
10.566269
9.36726
10.23888
10.23888
9.805196
10.349427
10.676816
10.676816
11.1105
10.23888
10.566269
10.566269
10.345176
9.911491
11.327342
10.566269
10.893659
9.911491
10.783112
10.349427
10.128334
10.0220375
9.150418
10.459974
9.477807
10.349427
10.132585
9.588354
9.588354
10.676816
10.0220375
9.260964
10.132585
9.915743
10.243132
9.805196
10.0220375
10.132585
10.132585
10.349427
10.6725645
10.128334
10.783112
10.349427
10.676816
10.889407
10.345176
11.544185
11.1105
10.999953
10.6725645
10.455723
10.999953
10.783112
10.23888
10.676816
10.455723
9.256713
10.783112
10.783112
10.349427
10.128334
10.349427
10.459974
10.676816
9.69465
10.23888
9.588354
10.349427
9.911491
10.455723
10.999953
10.783112
10.566269
10.455723
10.999953
10.128334
10.783112
10.889407
10.128334
11.544185
11.433638
10.999953
10.783112
11.65048
10.6725645
11.327342
10.345176
11.221047
9.800944
10.0220375
10.566269
10.128334
10.783112
10.0220375
10.017787
10.893659
10.0220375
9.584103
10.349427
10.132585
10.0220375
10.459974
10.23888
10.6725645
10.566269
9.911491
10.999953
10.783112
11.867322
10.562017
11.216796
11.65048
10.995702
10.455723
10.995702
12.194712
11.867322
11.756775
11.323091
11.65048
10.562017
10.999953
10.783112
10.783112
10.345176
10.889407
10.889407
10.455723
10.455723
10.995702
11.544185
11.106249
10.562017
11.106249
10.889407
10.234629
11.327342
11.761026
10.234629
10.455723
10.999953
10.345176
10.128334
11.1105
10.455723
10.783112
10.455723
9.584103
10.676816
10.455723
10.128334
10.783112
11.433638
10.562017
11.327342
10.995702
10.6725645
11.977869
11.761026
10.999953
11.871573
10.889407
10.6725645
10.455723
10.783112
10.562017
11.216796
10.345176
10.459974
10.128334
10.893659
10.676816
9.805196
10.23888
10.566269
9.69465
9.911491
11.1105
10.999953
10.345176
12.088415
11.216796
11.323091
11.544185
11.1105
10.234629
11.761026
11.871573
11.871573
10.455723
10.455723
11.544185
12.088415
11.654732
11.544185
11.327342
11.004206
10.566269
10.676816
10.676816
10.6725645
11.1105
11.1105
10.566269
10.132585
10.893659
10.783112
10.893659
10.132585
10.566269
10.676816
11.1105
11.221047
10.676816
10.676816
10.676816
9.482059
11.004206
9.915743
9.15467
10.02629
10.132585
8.8315325
9.809448
9.482059
9.044123
9.588354
10.353679
10.676816
9.805196
10.02629
10.02629
9.371511
10.353679
10.243132
11.004206
10.676816
9.265217
10.570521
9.265217
9.265217
8.176754
8.94208
8.504144
8.397848
8.508395
8.181006
8.725238
8.074712
7.9641643
7.203091
8.185258
7.857869
8.074712
8.4021
8.2915535
8.074712
8.725238
7.419933
8.074712
8.074712
8.2915535
8.618942
8.618942
8.181006
7.313638
7.313638
8.729489
7.203091
8.074712
7.6410265
8.181006
7.203091
8.185258
7.857869
6.875702
7.4241843
8.185258
6.769407
6.663111
6.663111
7.207342
6.339974
5.689448
5.799995
5.2557635
4.8220797
4.3883953
4.171553
4.826331
4.0610065
3.954711
5.1494684
3.6273217
3.5167751
5.2600155
4.8220797
4.171553
4.4946904
5.4726057
6.1273837
5.4726057
4.7115326
6.561068
6.561068
6.450521
5.1452165
4.928375
6.3442264
5.2557635
4.7115326
4.3883953
4.715784
4.2778482
4.3926473
4.6094894
4.065258
3.0873425
2.9767957
3.414732
2.5431116
3.414732
3.414732
3.3041847
3.0873425
2.9767957
2.8705006
3.3084364
2.7599535
2.9810476
3.7421207
2.5431116
2.6536584
2.5473633
3.3084364
2.7642052
2.2199743
2.9810476
2.003132
2.8747523
2.224226
1.6799948
1.3526058
1.2463106
1.1357636
0.9189216
0.8126264
0.5957843
1.3568575
0.4894892
0.05155315
0.05155315
0.4894892
-0.38213107
-0.59897316
0.27264705
-0.7052683
-2.1211197
-1.5768886
-0.4841744
-2.444257
-1.6831837
-1.4663416
-1.7937305
-1.895774
-2.33371
-2.006321
-2.223163
-2.223163
-2.33371
-1.9000257
-2.116868
-1.4620898
-1.4620898
-2.33371
-2.33371
-1.895774
-3.4179204
-3.2010784
-3.6390145
-2.33371
-2.33371
-2.223163
-3.2010784
-2.9842362
-2.6568472
-2.223163
-3.4179204
-3.5284674
-4.506383
-2.9842362
-3.0905313
-3.4179204
-3.8558567
-3.5284674
-2.767394
-3.5284674
-3.2010784
-2.5505521
-2.8779414
-1.7894788
-2.5505521
-1.5726367
-0.7052683
-0.7052683
-1.5768886
-1.1432043
0.055804953
-0.16528895
-0.054742
0.05155315
1.1400155
0.37894222
0.05155315
0.26839525
0.1621001
0.48523736
0.8126264
0.9189216
-0.28008774
1.0294685
0.9189216
0.5957843
-0.38213107
-0.38213107
-0.49267802
-0.16528895
-0.70952016
-0.38213107
0.05155315
0.4894892
-0.16528895
-0.8200671
-0.054742
0.27264705
0.27264705
-0.27158412
0.27264705
0.37894222
0.70633125
0.05155315
1.0294685
0.1578483
0.37894222
0.1621001
0.27264705
-0.49267802
0.26839525
1.0294685
1.896837
0.59153247
2.5516152
1.0252168
1.1315118
2.1136792
3.3084364
1.348354
2.2199743
2.5473633
2.7642052
2.4368165
2.2199743
3.1978896
3.1978896
3.0873425
1.7820382
1.8925852
2.8705006
3.414732
3.1978896
2.5431116
3.631574
4.065258
3.4104798
3.1936376
4.171553
4.4989424
4.3883953
3.0830908
3.954711
4.2863517
3.848416
3.5210268
3.1936376
3.3041847
3.5210268
3.7421207
3.3041847
2.3220174
3.631574
3.5210268
3.5210268
3.0873425
3.848416
2.9767957
2.8705006
4.1758046
4.1758046
3.1936376
3.631574
3.414732
3.414732
3.1978896
2.2199743
2.65791
2.2199743
0.48098555
2.8747523
1.0252168
1.7862899
0.69782764
0.7020795
1.2463106
1.4631528
1.4631528
-0.16954076
1.1357636
1.2463106
1.6799948
1.4631528
0.9189216
1.3526058
1.1357636
0.69782764
0.9189216
0.8083746
1.4631528
1.3526058
0.3746904
0.48523736
0.7020795
0.48523736
-0.49692985
0.3746904
1.0252168
1.5694479
1.0252168
1.4631528
-0.930614
-0.603225
0.37894222
-0.2758359
-0.930614
0.1578483
-0.2758359
0.48523736
-0.49692985
0.1578483
0.3746904
1.1357636
-1.0411611
0.8126264
0.8083746
-0.058993805
0.48523736
0.7020795
1.3526058
0.8083746
0.3746904
1.6799948
1.2420589
1.7862899
0.48098555
1.896837
1.5694479
-0.16954076
-0.16954076
0.5957843
0.26839525
-0.38638288
-0.16954076
0.59153247
1.4631528
0.3746904
-0.38638288
0.9231734
-0.70952016
-0.8200671
-1.7979825
-0.8200671
-1.2537513
-0.38638288
0.37894222
-1.3642982
0.70633125
-0.38213107
-0.49267802
-0.8200671
-0.16528895
-0.054742
-0.8200671
0.37894222
-1.0369092
-0.16528895
0.48523736
-0.38638288
0.05155315
0.7020795
0.7020795
-0.16954076
0.1578483
1.1400155
0.1578483
0.48523736
0.26414344
0.9189216
0.48098555
0.26414344
2.1136792
0.58728075
2.003132
1.565196
2.330521
2.1094272
2.5431116
1.7777863
3.414732
3.0873425
2.9767957
4.3926473
3.844164
3.737869
4.8220797
4.715784
4.605237
4.7115326
4.7115326
6.016837
5.468354
5.795743
6.450521
6.012585
6.7736583
7.5347314
7.317889
6.5525646
6.769407
6.986249
6.986249
7.5304804
7.6410265
6.986249
7.419933
7.203091
6.5483127
7.747322
7.5304804
7.419933
8.074712
6.986249
5.7872396
7.419933
6.6588597
7.747322
6.986249
7.857869
6.986249
6.875702
8.2915535
7.853617
7.309386
7.636775
8.504144
8.176754
8.720985
9.15467
8.393597
8.8315325
8.8315325
6.327219
8.181006
8.393597
7.521976
8.610438
9.260964
8.82728
8.287301
8.937827
8.28305
7.521976
7.415681
9.048374
7.849365
7.632523
8.720985
8.066207
7.9599123
8.070459
8.504144
9.371511
9.482059
9.698901
8.066207
8.176754
8.610438
9.375764
8.066207
8.610438
10.353679
9.15467
9.260964
9.044123
9.588354
9.371511
8.610438
9.044123
9.698901
9.482059
9.588354
9.15467
8.82728
9.588354
9.588354
7.955661
9.809448
9.265217
8.504144
7.74307
8.397848
8.287301
8.393597
8.82728
7.9599123
8.8315325
8.287301
8.504144
6.981997
7.092544
6.981997
7.1988387
7.636775
8.181006
8.070459
8.8315325
7.9599123
8.725238
9.158921
7.1988387
7.415681
8.94208
7.9599123
8.614691
7.309386
8.397848
7.636775
6.6588597
7.9684157
6.769407
7.636775
6.6588597
7.4241843
6.3314705
6.986249
6.008333
7.096796
6.114629
5.030418
5.468354
5.902038
5.24726
6.2294273
5.6851964
5.468354
4.7072806
4.5967336
5.251512
5.0346694
4.7072806
6.1188803
5.902038
5.0346694
6.012585
4.5967336
4.4861865
6.667363
5.902038
5.357807
6.4462695
5.24726
4.7030287
5.795743
5.140965
4.8135757
4.0525026
4.5967336
5.140965
4.924123
4.490439
4.7072806
3.7293656
4.3841434
4.8178277
4.928375
3.7293656
4.7115326
4.7115326
3.9462075
4.8178277
4.928375
4.3841434
4.167301
4.4946904
3.9462075
3.4019763
4.928375
4.7115326
5.1452165
4.3841434
4.167301
4.4946904
3.8399122
3.7336173
3.1851342
3.62307
3.9504592
5.2557635
3.9462075
5.689448
4.8178277
4.056754
4.7115326
3.9504592
4.7115326
3.406228
4.6009855
4.8178277
4.6009855
4.7115326
4.2735963
3.8399122
3.9504592
4.2735963
3.8399122
5.038922
4.167301
3.7336173
4.167301
4.928375
4.4946904
4.4946904
4.7115326
4.056754
4.7072806
4.7072806
4.924123
5.357807
5.468354
6.4462695
5.791491
6.9905005
6.5525646
6.008333
6.1188803
6.008333
6.6588597
7.096796
7.096796
7.313638
6.8799534
6.769407
7.096796
5.791491
5.574649
6.3357224
6.1188803
5.24726
4.7072806
5.468354
6.7736583
5.902038
5.140965
5.902038
6.3357224
5.791491
6.1188803
5.902038
6.4462695
6.5525646
5.6809444
7.313638
7.313638
7.313638
8.4021
6.981997
6.0040812
7.313638
7.5304804
6.0040812
6.769407
5.8977866
6.3314705
6.4420176
6.5525646
7.313638
6.6588597
6.4420176
6.2251754
5.6809444
6.2251754
6.3357224
6.5525646
6.0040812
7.096796
6.769407
7.857869
6.769407
6.3314705
7.313638
7.5304804
6.769407
6.986249
6.6588597
6.6588597
7.5304804
7.203091
7.747322
7.1988387
7.203091
8.2915535
7.747322
7.853617
8.074712
7.9641643
7.309386
7.092544
7.747322
8.8315325
8.176754
7.0882916
7.74307
8.508395
7.526228
7.419933
8.508395
7.853617
7.526228
7.853617
7.526228
7.526228
6.875702
7.9641643
8.2915535
8.074712
7.5304804
8.074712
8.074712
6.875702
7.313638
7.203091
6.875702
6.3314705
7.313638
7.419933
6.2251754
7.313638
7.5304804
7.203091
6.6588597
6.875702
7.6410265
6.6588597
7.203091
7.203091
7.636775
6.4420176
7.747322
7.5304804
7.313638
6.875702
7.203091
7.419933
7.313638
6.875702
7.203091
6.765155
6.986249
6.875702
7.096796
6.769407
7.313638
7.203091
7.203091
6.986249
6.769407
6.769407
6.4420176
8.185258
6.986249
7.313638
7.203091
8.508395
8.397848
7.1988387
6.981997
8.835785
8.070459
7.9641643
7.853617
7.74307
9.048374
9.375764
8.8315325
7.853617
7.9599123
8.287301
7.203091
7.9641643
7.419933
6.4420176
7.5304804
7.747322
6.114629
7.857869
6.6588597
7.096796
7.096796
7.6410265
7.857869
7.747322
6.4420176
8.074712
7.6410265
6.6588597
6.114629
6.769407
8.074712
7.313638
6.4420176
6.769407
7.313638
7.7515736
7.096796
6.2251754
7.207342
6.1188803
7.313638
6.008333
7.6410265
7.6410265
7.096796
6.769407
6.5525646
6.3357224
7.207342
7.313638
6.008333
6.3357224
6.1188803
7.313638
6.2251754
6.0040812
6.8799534
6.986249
6.769407
6.2251754
7.4241843
6.769407
6.769407
6.4420176
6.986249
6.875702
7.313638
6.6588597
6.114629
7.419933
7.747322
7.6410265
7.092544
7.203091
7.419933
7.6410265
5.8977866
6.986249
6.986249
7.313638
8.074712
6.875702
8.074712
6.3314705
6.986249
7.096796
6.3314705
6.986249
7.313638
6.769407
7.5304804
7.5304804
7.096796
6.875702
7.313638
7.313638
7.5304804
6.6588597
6.6588597
6.875702
6.2251754
7.7515736
7.096796
6.769407
7.4241843
6.986249
6.875702
7.203091
6.986249
7.747322
6.114629
7.5304804
7.747322
7.857869
7.203091
8.397848
7.9641643
8.4021
7.092544
6.765155
8.074712
7.857869
6.875702
8.074712
7.5304804
7.313638
7.6410265
6.986249
6.4420176
7.203091
6.4420176
6.769407
6.663111
7.207342
7.313638
6.4462695
7.096796
6.986249
7.313638
6.5525646
6.769407
6.769407
7.857869
7.419933
7.747322
7.857869
7.857869
7.309386
7.636775
7.5304804
6.6588597
7.203091
8.074712
7.747322
8.2915535
6.8799534
7.096796
6.8799534
6.2251754
7.6410265
6.6588597
6.5525646
8.074712
6.986249
6.986249
7.7515736
6.8799534
5.574649
6.7736583
6.769407
6.663111
6.9905005
7.096796
6.1188803
7.096796
5.357807
5.795743
6.012585
6.2294273
5.3620586
5.468354
6.2294273
6.339974
6.2294273
5.689448
6.667363
5.795743
6.339974
5.140965
6.123132
6.3357224
6.2294273
6.9905005
6.339974
6.663111
6.556816
5.574649
6.8842053
7.2115946
5.357807
5.578901
6.556816
6.2294273
6.123132
6.012585
5.578901
5.90629
5.578901
4.6009855
5.583153
5.689448
4.056754
5.578901
6.016837
5.6851964
6.450521
6.012585
5.902038
6.012585
6.339974
5.0346694
6.123132
5.902038
5.468354
6.339974
5.140965
5.140965
5.3620586
5.795743
6.339974
5.140965
5.251512
6.667363
6.9947524
5.902038
6.2294273
5.251512
7.1010475
6.2294273
5.251512
6.339974
6.2294273
5.468354
5.251512
5.251512
6.012585
5.357807
5.251512
6.667363
5.3620586
6.667363
5.140965
5.357807
6.450521
5.791491
5.24726
6.7736583
6.4462695
5.357807
6.4462695
6.5525646
7.4241843
6.2294273
6.5525646
7.207342
7.5304804
6.3357224
7.6410265
7.9684157
7.313638
6.986249
6.986249
7.6410265
6.6588597
7.096796
6.769407
7.857869
7.203091
7.5304804
7.9684157
6.114629
5.902038
5.791491
5.902038
4.924123
5.578901
5.795743
4.8178277
5.795743
5.795743
5.578901
4.8178277
5.251512
5.3620586
5.689448
6.2294273
6.556816
7.207342
6.6588597
7.096796
7.5304804
6.2251754
7.857869
6.986249
7.419933
6.986249
7.419933
8.074712
6.986249
7.6410265
7.857869
6.986249
6.5525646
7.9684157
6.2251754
6.8799534
6.1188803
6.9905005
6.663111
5.902038
5.6851964
6.2294273
6.5525646
5.136713
7.096796
7.096796
6.769407
6.663111
6.986249
6.769407
7.313638
6.6588597
8.185258
7.092544
6.3314705
6.6588597
6.875702
6.769407
6.5525646
7.313638
6.8799534
6.008333
6.8799534
6.8799534
6.2251754
6.3357224
6.663111
6.663111
6.4462695
5.8977866
6.008333
7.207342
6.6588597
6.2251754
7.7515736
6.4420176
5.464102
6.1188803
6.663111
6.4462695
5.464102
6.2294273
6.7736583
7.207342
6.8799534
7.4241843
7.317889
6.1188803
6.008333
6.663111
6.1188803
6.663111
6.1188803
7.207342
6.3357224
6.663111
6.9905005
5.8977866
5.464102
7.096796
6.2251754
6.008333
7.6410265
6.008333
6.986249
5.6851964
5.6851964
6.5525646
5.140965
6.9905005
6.4462695
5.468354
5.140965
5.90629
6.012585
5.6851964
5.578901
6.123132
4.1630497
5.689448
5.0346694
4.2735963
4.6009855
4.6009855
5.2557635
3.8399122
4.7115326
5.4726057
5.2557635
5.2557635
5.038922
4.167301
3.078839
3.9504592
3.406228
4.0610065
4.2778482
4.6009855
4.056754
3.6188183
4.490439
4.1630497
2.968292
3.9504592
3.9504592
3.2956812
3.189386
3.406228
4.0610065
2.972544
2.7514498
3.844164
4.4946904
3.406228
3.954711
3.5167751
4.0610065
4.715784
3.7336173
5.038922
5.4726057
3.8399122
4.4946904
4.8220797
5.1452165
5.578901
5.1452165
5.4726057
5.251512
6.339974
6.556816
4.924123
5.90629
5.90629
5.795743
5.578901
5.3620586
5.2557635
5.0346694
4.7115326
4.7115326
4.605237
3.7336173
3.6273217
3.406228
2.6451547
4.065258
3.1936376
2.8662488
2.4325645
3.1936376
4.171553
4.4989424
4.2778482
3.62307
3.954711
3.6273217
2.7557018
3.4104798
3.4104798
4.171553
3.5210268
3.6273217
4.605237
3.9504592
3.844164
3.6273217
4.171553
2.6494067
3.0873425
3.0873425
2.7599535
2.9767957
3.5210268
3.4104798
3.3041847
2.5388596
3.3041847
2.3262694
2.6494067
2.4325645
2.8705006
2.6536584
2.6494067
2.4325645
3.0873425
3.3041847
2.9767957
2.4325645
2.2157223
3.1936376
3.6273217
3.4104798
3.0830908
3.844164
5.1494684
5.038922
3.7293656
5.583153
6.016837
4.8178277
5.1452165
4.3841434
6.016837
5.583153
4.928375
4.8220797
3.844164
5.1494684
4.8220797
4.3841434
5.038922
3.7336173
4.9326262
4.8220797
4.0610065
4.2778482
5.3663106
5.3663106
4.8220797
4.605237
4.7115326
4.8220797
5.038922
5.1452165
4.928375
4.7115326
5.3663106
4.7115326
5.1452165
5.689448
4.8178277
5.038922
5.583153
4.2778482
4.0610065
4.7115326
5.799995
5.2557635
4.8178277
5.4726057
5.1452165
5.4726057
5.689448
5.689448
6.2336793
5.3620586
5.0346694
5.0346694
6.450521
6.339974
5.578901
6.012585
6.123132
6.123132
5.578901
5.795743
5.578901
6.339974
6.450521
6.012585
5.6851964
6.2336793
7.1010475
6.3357224
5.8977866
6.7736583
7.5347314
7.5347314
6.8799534
6.2294273
7.317889
8.185258
7.096796
7.6410265
6.3357224
8.185258
6.769407
6.8799534
6.8799534
6.1188803
6.663111
6.4462695
6.5525646
6.8799534
6.9905005
7.6410265
6.8799534
6.8799534
5.468354
5.468354
5.140965
5.468354
6.9905005
6.4462695
6.2294273
6.5525646
5.791491
6.2294273
7.4241843
7.207342
6.1188803
6.769407
6.6588597
7.6410265
7.857869
6.6588597
7.6410265
6.8799534
6.5525646
7.6410265
6.8799534
6.769407
8.185258
7.857869
6.5483127
7.6410265
7.6410265
6.3357224
6.2251754
6.986249
6.5525646
6.4420176
7.747322
6.986249
7.857869
7.419933
6.6588597
6.986249
7.6410265
6.5483127
7.203091
6.986249
7.857869
8.070459
6.986249
8.070459
8.287301
8.181006
7.632523
7.853617
7.419933
8.397848
6.765155
7.9641643
8.070459
7.309386
8.181006
7.9599123
7.1988387
8.287301
8.504144
8.176754
8.614691
8.508395
8.393597
8.8315325
8.610438
9.486311
9.048374
8.066207
8.614691
9.703153
9.158921
8.287301
8.070459
8.070459
8.181006
7.9641643
8.070459
8.94208
8.070459
8.287301
8.2915535
8.181006
7.747322
7.092544
8.074712
7.526228
7.415681
9.052627
9.703153
7.632523
7.9599123
8.287301
7.0882916
7.636775
8.508395
8.94208
8.504144
7.853617
9.592606
9.371511
9.265217
8.393597
8.070459
7.74307
7.74307
8.2915535
7.9599123
7.9641643
9.919995
8.94208
8.393597
8.937827
9.044123
9.588354
9.260964
9.150418
9.15467
9.371511
9.703153
9.482059
8.066207
8.393597
8.610438
8.82728
8.393597
8.937827
8.176754
7.853617
8.397848
8.8315325
7.9599123
9.048374
7.526228
9.158921
7.9599123
7.415681
8.070459
9.048374
8.937827
9.048374
8.8315325
9.592606
9.044123
8.28305
8.720985
8.8315325
9.592606
8.614691
8.504144
7.853617
7.9641643
7.419933
7.526228
8.397848
7.092544
7.636775
6.875702
7.203091
6.986249
6.875702
6.875702
7.092544
7.1988387
8.181006
7.853617
8.94208
7.092544
7.092544
7.9641643
7.5304804
7.419933
8.287301
7.0882916
7.853617
8.070459
6.87145
6.875702
7.9641643
7.636775
7.203091
7.203091
7.096796
7.419933
6.0040812
7.9684157
7.419933
6.4420176
6.986249
6.5483127
6.3314705
6.3314705
6.6588597
6.986249
7.092544
6.4377656
7.9641643
7.5304804
8.070459
7.092544
6.6588597
8.181006
7.74307
8.720985
7.305134
7.9599123
8.397848
8.94208
9.592606
9.698901
8.066207
8.720985
8.610438
9.048374
8.070459
7.526228
8.614691
8.176754
7.632523
9.703153
8.614691
7.415681
7.092544
7.747322
6.769407
6.5483127
6.986249
8.074712
7.5304804
6.5483127
7.092544
7.857869
7.203091
6.4420176
6.6588597
7.096796
6.5525646
7.7515736
7.4241843
7.747322
7.203091
7.313638
7.313638
7.203091
5.8977866
7.313638
6.2251754
6.4462695
6.5525646
7.096796
7.6410265
6.6588597
7.313638
6.875702
6.769407
6.769407
5.353555
6.8799534
6.3357224
5.464102
5.902038
5.24726
5.791491
5.791491
5.030418
5.902038
6.8799534
5.464102
5.902038
5.357807
6.012585
6.4462695
6.1188803
6.663111
6.3357224
7.096796
6.875702
6.3314705
7.857869
7.419933
6.6588597
7.419933
7.203091
6.5483127
6.769407
7.419933
6.986249
6.986249
6.114629
6.875702
6.6588597
7.5304804
6.986249
6.875702
6.6588597
6.2251754
6.114629
6.4420176
6.008333
6.008333
6.9905005
6.5525646
5.464102
6.2251754
5.464102
6.4420176
6.5525646
7.313638
5.8977866
5.353555
7.096796
7.203091
6.986249
6.769407
6.114629
7.203091
6.6588597
7.636775
7.309386
7.092544
8.070459
8.287301
7.853617
8.504144
7.1988387
8.287301
8.504144
10.136837
10.0220375
8.716734
9.588354
9.588354
9.805196
8.716734
8.610438
9.260964
10.0220375
10.783112
9.911491
10.6725645
11.433638
10.77886
10.77886
11.323091
11.867322
12.411553
12.084165
12.407301
12.084165
12.407301
11.535681
11.318839
12.517848
11.969365
12.186207
11.973618
12.301006
12.084165
12.079912
12.301006
12.084165
11.8630705
11.2125435
11.973618
12.734691
12.075661
13.491511
12.947281
13.925196
14.903111
14.137786
14.575723
14.575723
14.682017
14.89886
15.009407
15.881026
14.792564
14.354629
15.443091
15.226248
14.89886
15.336795
14.792564
14.465176
14.137786
14.248333
15.664186
14.792564
14.792564
15.115701
15.336795
15.115701
15.221997
16.421007
16.960987
16.523048
17.500965
17.06728
17.173576
17.717808
17.832605
17.828354
17.611511
17.06728
16.523048
17.398922
16.744143
15.434587
17.18208
15.983071
15.217746
15.983071
16.093616
16.85469
17.505217
15.978818
16.527302
17.177828
16.739893
17.39467
17.173576
17.390417
17.717808
18.47888
18.372585
17.496714
18.045197
18.802017
18.589426
18.372585
17.284122
18.151491
17.60726
17.173576
18.045197
17.39467
18.26204
18.045197
17.279871
18.155743
18.589426
18.045197
17.72206
18.155743
17.390417
17.717808
18.372585
16.739893
17.284122
17.500965
16.739893
18.483133
16.744143
17.611511
16.089365
16.416756
16.421007
17.18208
17.071531
16.960987
16.965237
16.633596
16.31046
16.531553
16.421007
16.093616
16.85469
17.18208
17.18208
16.416756
16.089365
16.31046
15.553638
15.443091
15.443091
15.443091
15.226248
15.009407
15.009407
15.226248
14.354629
14.792564
15.226248
15.664186
14.682017
14.35888
14.035743
14.031491
13.925196
14.469427
15.124206
14.469427
14.35888
13.270417
13.925196
14.35888
13.920944
14.031491
15.013659
14.035743
13.380964
12.403049
13.168375
13.823153
12.301006
12.190459
11.973618
11.756775
12.084165
12.517848
11.323091
12.194712
11.65048
11.1105
11.544185
11.544185
10.999953
10.23888
10.23888
10.566269
10.349427
10.017787
10.783112
10.349427
10.0220375
10.0220375
10.132585
10.0220375
10.676816
10.566269
10.349427
11.221047
10.455723
10.6725645
10.893659
10.566269
9.69465
10.132585
11.1105
10.783112
11.221047
9.911491
11.331594
10.783112
10.455723
9.915743
10.349427
10.459974
8.499891
10.353679
10.243132
8.499891
8.8315325
8.82728
8.82728
9.048374
9.486311
8.504144
9.482059
8.287301
8.725238
7.9599123
7.849365
7.526228
8.720985
9.371511
9.482059
9.805196
8.610438
10.459974
9.044123
9.588354
9.265217
10.247384
8.937827
8.937827
9.703153
8.8315325
8.176754
8.94208
8.508395
6.981997
7.636775
8.4021
7.203091
8.835785
8.508395
8.2915535
6.6588597
7.203091
6.986249
7.9684157
7.096796
6.8799534
7.4241843
7.096796
7.5304804
6.6588597
7.4241843
7.5304804
6.3357224
6.663111
6.3357224
7.4241843
7.313638
7.207342
7.4241843
6.986249
6.5525646
7.7515736
6.5525646
6.3357224
7.096796
7.313638
6.4420176
7.313638
7.857869
7.9684157
6.769407
6.769407
7.313638
8.4021
7.4241843
8.074712
8.835785
8.181006
8.2915535
8.181006
7.636775
9.163173
8.94208
9.158921
8.614691
9.919995
9.592606
9.698901
9.809448
10.570521
10.349427
11.004206
11.548436
11.221047
10.6725645
11.216796
10.999953
11.437889
12.738942
12.845238
13.062079
12.734691
13.1726265
13.495763
13.278922
13.389469
14.367384
13.168375
13.168375
12.734691
13.495763
14.473679
13.278922
13.716857
13.389469
12.517848
12.845238
13.389469
12.628395
12.951532
12.734691
13.062079
13.389469
14.039994
13.929449
13.60631
13.389469
13.389469
12.628395
13.283173
13.500016
12.517848
13.716857
14.584226
14.796817
15.009407
15.881026
16.425257
15.336795
14.682017
15.881026
15.447342
15.881026
15.664186
15.230501
15.230501
15.447342
15.664186
15.336795
15.447342
14.682017
16.102121
14.575723
14.903111
14.903111
15.447342
16.318964
15.336795
14.792564
15.664186
15.553638
16.527302
17.615763
16.85044
18.376837
18.810522
17.828354
18.045197
17.72206
17.717808
17.938902
17.828354
18.589426
17.39467
17.611511
18.26629
18.483133
16.85469
17.72631
17.832605
17.284122
18.699974
18.810522
18.372585
18.045197
17.717808
18.049448
18.810522
17.72206
18.155743
17.505217
17.505217
17.398922
17.72206
18.483133
18.26204
19.354752
18.916817
17.063028
18.483133
18.483133
18.372585
17.717808
18.155743
18.810522
19.023111
18.695723
20.111574
19.129406
19.996775
20.213617
20.213617
20.757847
20.757847
19.886229
19.996775
20.757847
20.43046
20.974691
20.213617
20.103071
20.974691
20.324163
20.868395
20.757847
20.536755
20.974691
20.651554
19.456795
19.779932
18.580925
19.239954
19.456795
19.461048
18.699974
18.699974
18.589426
18.699974
18.155743
17.611511
17.39467
17.72631
17.620016
17.72631
16.31046
17.292625
16.637848
17.071531
16.744143
16.965237
16.744143
16.527302
16.85469
16.31046
16.527302
16.748394
16.85469
15.766228
15.221997
15.881026
15.005156
15.553638
16.31471
16.531553
15.881026
15.336795
15.336795
14.68627
14.903111
15.230501
14.031491
13.925196
14.142038
15.013659
15.013659
15.447342
15.009407
15.119954
14.68627
13.814649
14.363132
13.708355
14.68627
14.35888
14.252585
14.35888
14.575723
15.230501
15.336795
16.09787
15.987322
15.774733
15.664186
15.553638
14.35888
14.35888
14.142038
13.708355
13.60631
13.712605
13.602058
14.039994
13.057828
12.624144
11.646228
11.973618
12.517848
13.278922
13.278922
13.602058
12.947281
14.363132
14.579974
14.142038
14.252585
14.256837
15.013659
13.925196
15.557889
14.796817
15.119954
15.774733
14.252585
14.256837
12.407301
11.2125435
11.761026
10.6725645
10.783112
10.566269
10.132585
9.805196
8.720985
8.614691
8.8315325
8.504144
8.181006
8.614691
7.309386
8.181006
7.74307
9.048374
8.287301
9.375764
7.632523
7.5304804
7.747322
7.747322
6.2251754
6.7736583
6.2294273
6.663111
5.791491
6.9905005
7.096796
6.769407
6.114629
8.074712
7.5304804
6.6588597
7.747322
8.4021
7.747322
8.2915535
7.747322
8.2915535
8.725238
8.725238
8.720985
10.132585
9.048374
9.265217
8.720985
7.9599123
8.508395
9.269468
6.875702
8.181006
7.6410265
7.857869
7.313638
6.986249
7.857869
7.857869
7.9641643
8.508395
7.419933
8.835785
8.8315325
8.614691
9.592606
9.375764
8.82728
9.482059
9.044123
10.893659
10.132585
10.349427
10.243132
10.0220375
8.937827
9.265217
9.158921
8.720985
8.504144
8.720985
9.269468
8.504144
8.287301
9.052627
8.725238
9.375764
7.9641643
8.181006
9.052627
8.181006
7.636775
8.2915535
9.052627
7.309386
8.074712
7.9641643
7.636775
7.9684157
7.747322
7.203091
6.986249
7.747322
8.074712
7.313638
6.8799534
7.5304804
6.769407
7.096796
7.096796
6.8799534
6.5525646
6.3357224
6.5525646
7.096796
7.4241843
6.6588597
7.096796
6.769407
7.313638
7.096796
7.4241843
7.5304804
6.2251754
7.4241843
6.8799534
7.207342
6.663111
7.4241843
5.6809444
7.207342
7.5304804
6.2251754
6.663111
7.4241843
6.986249
7.6410265
8.185258
6.986249
7.313638
8.074712
6.875702
7.203091
8.074712
8.074712
7.853617
6.765155
8.074712
7.636775
7.419933
6.875702
7.9684157
7.203091
8.618942
7.636775
6.6588597
7.419933
6.2251754
6.3357224
6.8799534
6.2251754
7.313638
7.096796
6.3357224
7.096796
6.663111
6.1188803
6.1188803
7.207342
6.1188803
5.357807
5.90629
6.2294273
5.902038
6.1188803
6.2294273
6.008333
7.6410265
6.0040812
6.663111
7.096796
6.663111
6.5525646
6.8799534
6.8799534
7.419933
7.313638
7.6410265
6.986249
6.4420176
7.313638
6.986249
5.5703974
6.5525646
6.008333
6.9905005
6.8799534
6.2251754
5.902038
6.2294273
5.140965
5.24726
5.795743
5.795743
6.2294273
5.6809444
5.902038
6.769407
7.4241843
6.875702
5.5703974
7.317889
6.9905005
6.114629
7.747322
7.203091
6.4377656
7.419933
7.747322
7.203091
7.857869
7.313638
6.3314705
6.6588597
7.096796
6.114629
7.207342
7.9684157
6.4420176
7.092544
7.4241843
7.5304804
7.313638
7.5304804
7.853617
7.313638
7.096796
6.5525646
5.6809444
5.578901
5.468354
6.012585
6.339974
5.1452165
4.6009855
4.6009855
4.056754
5.4726057
3.8399122
4.605237
4.605237
3.8399122
3.9504592
4.7115326
4.7115326
3.7293656
4.928375
4.2735963
5.251512
6.556816
6.8842053
6.1188803
5.574649
5.574649
6.8842053
5.6851964
5.6851964
4.490439
5.140965
5.578901
5.578901
5.578901
5.468354
4.6009855
4.8178277
4.8178277
4.928375
5.689448
4.7072806
3.4019763
4.7115326
4.2735963
3.4019763
5.4726057
4.7072806
5.3620586
5.3620586
4.2735963
4.4946904
3.299933
3.0830908
3.5210268
2.6494067
1.7777863
3.414732
2.7599535
2.1051755
1.020965
2.5431116
1.4546491
1.8925852
1.348354
1.348354
1.348354
0.25989163
1.3526058
1.4589009
0.58728075
1.2420589
0.91466975
1.4589009
0.26414344
-0.28008774
1.2463106
1.1357636
-0.930614
0.5957843
-0.2758359
-0.49267802
-1.1474562
0.26839525
-1.3642982
-1.3642982
0.05155315
-0.16528895
-0.70952016
-0.054742
-0.49267802
-1.6874356
-1.5811403
-1.1432043
-1.4705935
-2.0148246
-1.6874356
-1.9042777
-1.7937305
-1.4663416
-2.010573
-2.665351
-1.5726367
-2.9884882
-4.1874976
-2.767394
-3.3116255
-4.0726986
-3.9621515
-4.506383
-5.050614
-3.0905313
-4.833772
-3.9621515
-4.285289
-4.1789937
-4.1789937
-3.4179204
-3.0947833
-2.9842362
-4.289541
-4.1832457
-3.4179204
-4.400088
-3.0947833
-2.006321
-1.5726367
-3.3158772
-2.8779414
-2.223163
-3.8601084
-2.9842362
-3.2010784
-3.851605
-4.1789937
-3.9621515
-3.9621515
-4.289541
-3.0947833
-3.3158772
-3.9706554
-1.9042777
-1.7894788
-3.6347628
-6.24112
-7.214783
-9.816889
-11.662172
-12.095857
-11.657921
-11.555878
-9.493752
-7.9716043
-6.9979415
-6.4579616
-5.8074355
-5.6968884
-5.484298
-4.502131
-4.068447
-4.940067
-4.940067
-4.1789937
-4.940067
-5.161161
-4.0726986
-3.3073738
-4.395836
-4.718973
-5.2589526
-6.130573
-5.803184
-5.369499
-6.0242777
-6.028529
-4.068447
-3.9578998
-4.82952
-5.484298
-4.068447
-3.8601084
-3.3158772
-4.6254334
-3.647518
-3.2095819
-4.081202
-4.514887
-2.7758977
-1.3600464
-1.6874356
-1.3600464
-3.4264243
-4.1874976
-4.1874976
-4.514887
-4.081202
-2.2316666
-2.3422136
-2.3422136
-1.1432043
-0.59897316
-1.3642982
-0.930614
0.04730134
1.348354
1.565196
1.8883334
2.7599535
2.6494067
2.2157223
1.9988803
1.7820382
3.631574
2.6536584
3.7421207
2.8705006
2.2199743
2.8705006
2.4368165
1.6757431
1.6757431
1.8925852
2.003132
1.7820382
2.1094272
2.4325645
2.2157223
2.4325645
1.565196
2.8705006
2.5431116
2.7599535
3.4104798
3.737869
3.189386
2.424061
3.7336173
3.5167751
2.4283128
2.8705006
3.631574
2.6494067
3.737869
4.4946904
4.1630497
6.2294273
6.4462695
6.114629
6.2251754
6.663111
5.791491
6.5525646
6.556816
7.207342
5.574649
6.7736583
6.4462695
6.663111
5.902038
6.8842053
4.4861865
4.0525026
4.1630497
5.468354
4.379892
5.140965
6.4462695
7.317889
6.2294273
6.123132
6.123132
5.251512
4.490439
3.5125234
2.747198
3.6188183
5.902038
6.0040812
8.066207
10.132585
11.323091
10.889407
12.088415
11.221047
10.243132
7.636775
7.857869
6.4420176
6.2209234
6.765155
7.309386
7.9641643
7.096796
7.5304804
8.185258
6.114629
5.791491
6.2294273
7.096796
6.1188803
6.663111
7.5347314
6.3357224
6.9905005
5.251512
5.6851964
5.0346694
4.490439
4.924123
6.008333
5.464102
7.857869
7.092544
6.765155
7.747322
6.765155
5.4598503
6.769407
6.2251754
5.136713
5.6851964
5.468354
4.5967336
4.379892
5.574649
5.24726
5.795743
5.24726
5.791491
5.357807
5.030418
7.096796
5.8977866
5.8977866
6.769407
5.357807
3.6188183
4.8135757
5.795743
4.5967336
5.578901
4.7072806
4.5967336
4.1630497
3.9462075
5.030418
5.574649
5.464102
7.096796
6.5525646
6.5525646
6.769407
6.769407
7.203091
8.185258
6.875702
6.2251754
7.313638
6.986249
6.114629
7.203091
6.6588597
6.4420176
7.207342
6.769407
7.313638
6.986249
6.769407
6.2251754
5.791491
5.8977866
6.4420176
7.096796
6.663111
8.295805
7.313638
6.663111
6.5525646
6.4420176
6.2251754
7.313638
6.0040812
6.769407
8.074712
6.2251754
7.4241843
7.313638
6.4420176
6.769407
6.6588597
6.765155
6.986249
7.853617
6.875702
7.203091
6.5483127
7.092544
7.309386
6.6588597
7.5304804
7.092544
6.986249
5.353555
7.5304804
6.114629
5.6766925
7.5304804
6.981997
6.875702
6.875702
6.986249
6.3357224
6.2251754
4.9198713
6.3314705
6.0040812
6.654608
7.636775
7.632523
7.1988387
7.415681
8.8315325
8.176754
7.636775
7.636775
6.765155
6.4377656
6.327219
8.070459
7.6282716
9.044123
10.0220375
9.477807
7.7345667
9.36726
10.02629
10.455723
8.499891
9.477807
9.044123
7.1945877
8.504144
8.1725025
8.28305
9.482059
8.933577
8.28305
8.176754
7.521976
7.521976
8.066207
8.061955
9.260964
9.36726
9.584103
8.933577
9.044123
7.8451138
8.393597
8.610438
9.69465
9.69465
9.911491
10.128334
10.345176
10.889407
10.234629
9.907239
10.234629
10.783112
10.128334
10.234629
10.77886
11.2125435
10.991449
12.734691
11.969365
12.624144
11.314588
11.318839
11.646228
10.340923
11.323091
10.995702
10.124082
11.977869
10.340923
10.668313
11.101996
11.425134
11.097745
11.752523
11.097745
11.8630705
10.991449
10.77886
12.407301
12.407301
13.057828
12.730438
13.491511
14.035743
12.840985
12.836734
14.252585
14.035743
14.363132
13.925196
13.491511
13.925196
13.380964
13.380964
14.575723
15.230501
13.814649
14.465176
14.682017
15.230501
14.792564
14.792564
13.925196
14.792564
14.465176
13.704102
14.792564
13.814649
14.252585
13.708355
13.270417
14.792564
14.469427
14.248333
14.575723
14.031491
14.248333
14.465176
14.35888
14.682017
15.553638
14.89886
14.2440815
15.115701
15.443091
15.987322
15.115701
14.02724
14.354629
14.354629
14.248333
13.810397
13.925196
13.704102
13.925196
13.920944
14.903111
14.903111
13.159871
14.252585
13.814649
13.704102
14.575723
15.009407
15.009407
15.443091
14.460924
15.115701
15.005156
15.766228
16.306208
15.655681
15.11145
14.682017
14.682017
14.02724
14.682017
15.553638
14.788313
15.987322
15.659932
14.460924
13.916693
14.02724
14.57147
14.788313
14.354629
14.792564
15.115701
14.465176
14.354629
15.553638
15.221997
14.784061
15.549385
15.766228
15.328293
15.11145
16.093616
15.005156
14.89886
14.354629
14.465176
13.920944
14.575723
15.009407
14.137786
13.810397
14.137786
14.57147
14.89886
14.465176
14.248333
15.447342
14.031491
14.031491
13.597807
13.925196
13.925196
14.68627
13.376713
14.031491
12.836734
13.057828
13.274671
10.991449
10.885155
10.562017
10.6725645
11.433638
11.101996
11.756775
11.429386
11.973618
11.208292
10.774608
11.539933
10.77886
10.45147
11.429386
11.65048
11.867322
12.190459
10.991449
12.624144
11.208292
12.407301
12.079912
11.318839
11.539933
11.761026
11.977869
11.2125435
10.124082
11.429386
11.323091
10.557766
11.2125435
10.999953
10.23888
10.455723
9.36726
11.221047
9.805196
9.915743
10.0220375
8.933577
10.23888
9.477807
10.455723
10.566269
9.36726
9.260964
8.937827
8.610438
8.28305
7.74307
7.309386
8.287301
7.632523
6.760903
7.849365
8.82728
10.566269
9.911491
9.911491
10.349427
9.592606
9.698901
8.720985
8.287301
9.482059
8.716734
8.28305
9.698901
9.265217
9.482059
9.044123
9.044123
8.937827
8.720985
8.504144
7.738818
7.309386
8.181006
9.048374
9.048374
7.955661
7.632523
7.305134
7.853617
8.397848
7.526228
6.5483127
7.9684157
6.875702
6.114629
6.8799534
7.747322
6.875702
7.419933
6.3314705
6.4377656
6.4420176
5.243008
6.3357224
6.5525646
6.4420176
5.353555
5.353555
7.096796
5.353555
4.37564
4.9198713
4.9198713
6.2251754
4.9198713
5.24726
5.464102
5.24726
4.37564
5.24726
6.008333
6.2251754
5.8977866
5.6809444
6.769407
5.7872396
5.6766925
6.3314705
6.87145
6.654608
7.632523
8.720985
8.066207
8.499891
7.0882916
8.614691
7.1988387
7.309386
6.986249
7.092544
7.0882916
7.74307
7.309386
7.526228
7.1988387
7.203091
6.986249
6.769407
6.2251754
6.5483127
7.853617
7.419933
7.309386
7.309386
7.74307
8.504144
7.415681
8.28305
7.521976
8.504144
9.158921
7.632523
8.397848
7.636775
6.3314705
6.6588597
7.419933
7.203091
5.7829876
6.4377656
6.4377656
7.636775
7.747322
6.654608
6.986249
6.6588597
5.8977866
5.5703974
6.114629
6.981997
7.853617
8.176754
7.305134
8.504144
8.176754
6.9777446
7.1945877
6.654608
7.0882916
8.397848
7.419933
6.765155
5.7872396
8.074712
6.765155
6.5483127
5.5703974
5.8977866
5.6766925
6.6588597
6.4420176
6.986249
5.136713
4.1587977
5.140965
5.5703974
6.986249
6.769407
6.3314705
5.8977866
7.5304804
6.769407
6.114629
5.8977866
5.791491
5.464102
5.791491
6.3314705
6.875702
7.309386
6.765155
6.5483127
7.203091
5.6766925
6.2209234
6.875702
6.765155
6.4377656
6.327219
6.110377
6.2209234
5.7872396
4.9198713
5.464102
5.24726
4.37564
4.265093
4.265093
5.5703974
6.2251754
5.026166
5.24726
4.7030287
3.8314087
4.0482507
4.1587977
4.8093243
5.7872396
5.243008
6.875702
6.4377656
5.2387567
6.2209234
6.3314705
6.0040812
5.3493037
6.5483127
6.327219
6.6503563
7.1945877
7.305134
7.0882916
6.216672
5.3450513
6.2209234
5.3493037
5.4598503
5.6766925
6.3314705
5.7872396
7.419933
6.110377
6.0040812
5.5661454
6.4377656
5.2387567
6.981997
6.2209234
7.309386
6.327219
5.7829876
7.526228
7.415681
7.1945877
6.3229666
7.4114294
7.849365
6.9777446
6.433514
7.415681
6.875702
7.092544
6.2209234
6.981997
6.654608
7.0882916
7.521976
6.6503563
7.1945877
6.539809
7.738818
7.9599123
8.176754
8.504144
7.415681
5.893534
6.544061
6.87145
6.544061
7.415681
6.87145
6.6503563
5.7829876
6.110377
6.4377656
7.092544
6.110377
7.636775
7.9599123
7.415681
8.176754
8.933577
8.8230295
8.1725025
8.712482
9.36726
9.800944
9.150418
9.473556
9.473556
9.800944
9.039871
9.256713
9.477807
9.473556
9.039871
9.256713
9.907239
9.039871
10.234629
9.3630085
8.712482
9.584103
9.690397
9.800944
10.23888
9.911491
9.800944
10.345176
9.3630085
8.929324
9.3630085
8.712482
9.800944
9.473556
10.349427
8.933577
9.36726
9.039871
10.23888
9.911491
10.0220375
9.584103
10.128334
9.69465
9.584103
10.017787
10.999953
10.45147
11.323091
9.796692
10.6725645
9.907239
9.690397
10.345176
10.017787
10.234629
10.23888
10.345176
10.6725645
9.256713
10.455723
9.150418
10.455723
9.911491
9.150418
10.128334
9.911491
9.477807
9.584103
9.477807
9.69465
9.69465
10.999953
9.911491
9.69465
10.999953
9.690397
10.345176
10.017787
10.45147
11.216796
11.106249
11.2125435
11.973618
12.845238
11.318839
11.208292
12.628395
12.079912
11.425134
12.407301
13.057828
12.296754
12.407301
12.296754
13.057828
12.190459
11.756775
12.190459
11.646228
11.323091
11.65048
11.2125435
11.323091
12.301006
11.973618
11.101996
11.867322
12.951532
12.840985
11.756775
11.646228
12.190459
12.517848
13.168375
13.168375
13.274671
12.947281
12.951532
13.491511
13.814649
14.252585
13.380964
13.602058
12.730438
13.274671
13.274671
12.730438
14.035743
13.708355
12.836734
13.164123
13.164123
13.925196
12.836734
12.947281
12.840985
12.840985
12.296754
13.278922
13.602058
12.730438
13.057828
13.491511
13.164123
14.35888
13.380964
13.925196
14.469427
13.708355
14.690521
13.491511
13.925196
14.68627
13.920944
14.68627
14.137786
14.031491
14.796817
13.814649
14.575723
13.597807
13.274671
13.929449
13.602058
13.274671
12.407301
12.292503
11.641976
12.624144
13.057828
12.619891
12.619891
12.403049
13.385218
12.730438
12.840985
13.168375
13.164123
11.858818
12.403049
12.840985
12.296754
12.186207
11.969365
12.734691
11.101996
11.8630705
11.646228
11.429386
11.2125435
12.407301
12.296754
13.053576
12.726187
13.48726
15.009407
14.354629
14.57147
14.682017
14.682017
13.810397
13.049324
13.053576
12.513597
12.292503
13.274671
13.164123
12.292503
12.509345
13.380964
12.292503
12.296754
11.101996
9.907239
10.455723
9.69465
10.128334
10.77886
10.668313
12.624144
11.314588
10.774608
10.774608
10.017787
10.017787
10.77886
10.6725645
12.738942
12.624144
13.057828
13.385218
13.380964
13.5935545
13.5935545
15.226248
14.57147
14.8946085
15.226248
15.230501
14.354629
13.053576
13.053576
12.181956
11.637725
12.186207
11.752523
11.969365
11.429386
9.907239
10.23888
9.477807
9.256713
10.349427
9.584103
9.911491
9.473556
9.796692
11.535681
11.097745
10.876652
12.619891
11.641976
13.385218
13.380964
12.947281
14.14629
13.164123
13.164123
11.752523
11.535681
11.535681
10.447219
10.668313
11.973618
11.318839
11.756775
11.106249
10.995702
9.256713
10.23888
9.477807
9.584103
8.929324
9.256713
10.999953
9.039871
10.128334
9.911491
9.800944
9.36726
9.477807
9.36726
8.606187
9.477807
10.783112
10.455723
10.017787
10.999953
11.433638
10.340923
12.845238
12.079912
12.079912
12.730438
11.425134
11.641976
12.513597
12.509345
12.513597
12.951532
11.535681
10.774608
10.447219
11.2125435
11.106249
10.77886
10.340923
10.017787
9.690397
8.929324
10.0220375
9.256713
8.49564
8.606187
8.606187
9.698901
10.0220375
8.389345
8.389345
8.716734
8.716734
9.69465
10.0220375
10.23888
10.455723
9.690397
10.128334
9.150418
9.584103
9.584103
9.260964
9.044123
9.477807
6.9734936
8.610438
7.8451138
7.6282716
7.305134
7.849365
6.216672
6.433514
7.305134
7.1945877
7.0882916
7.305134
8.176754
7.955661
9.36726
9.477807
9.911491
8.606187
7.1945877
6.5483127
7.747322
7.309386
6.4377656
7.092544
7.632523
7.1945877
7.6240196
8.061955
8.28305
7.632523
5.5661454
6.5483127
6.981997
5.6766925
6.4377656
7.092544
7.9599123
7.738818
6.539809
8.066207
7.521976
6.544061
6.5483127
6.875702
6.765155
5.0219145
6.765155
7.1988387
7.305134
5.7829876
6.2209234
6.110377
5.4598503
5.243008
6.2251754
4.1587977
4.7030287
5.140965
3.9377036
5.8977866
5.8977866
6.4377656
5.5661454
6.110377
6.110377
5.99983
6.875702
6.5483127
5.136713
5.353555
5.7872396
5.7872396
5.6766925
5.5661454
6.765155
6.110377
6.110377
7.203091
6.765155
7.092544
7.9641643
7.1988387
6.87145
6.544061
6.4377656
7.74307
7.6282716
7.305134
8.393597
7.632523
5.5661454
7.5304804
6.765155
5.4598503
6.114629
5.7872396
5.5703974
5.464102
4.4861865
4.4861865
4.379892
4.5967336
4.4861865
4.1587977
4.924123
6.1188803
5.353555
5.464102
6.4420176
5.5703974
5.6809444
6.114629
7.203091
6.2209234
6.875702
7.309386
6.765155
5.7829876
6.2209234
7.636775
6.4377656
6.2209234
6.5483127
6.6588597
5.132461
5.8977866
6.2251754
5.353555
6.2251754
6.114629
5.7872396
6.114629
5.353555
6.6588597
5.6809444
5.3493037
6.5483127
6.2209234
5.7872396
7.419933
6.0040812
5.6766925
7.203091
5.893534
6.5483127
6.4377656
6.986249
6.0040812
6.5483127
7.5304804
6.875702
6.327219
6.2209234
5.7829876
6.3314705
5.6766925
6.114629
6.765155
7.526228
6.110377
5.893534
6.875702
5.893534
6.875702
5.4598503
6.5483127
5.7872396
6.2209234
6.769407
5.026166
6.114629
5.4598503
6.008333
6.769407
5.353555
5.24726
6.2251754
5.5703974
4.8093243
6.6588597
5.893534
6.981997
8.504144
7.415681
8.610438
7.526228
8.82728
8.1725025
8.499891
8.610438
7.955661
7.521976
8.937827
7.415681
8.287301
7.849365
7.419933
6.654608
6.765155
7.747322
6.3314705
6.5483127
7.5304804
6.981997
6.654608
8.614691
7.955661
8.933577
8.499891
8.937827
8.066207
6.87145
7.526228
7.0882916
7.309386
9.052627
7.632523
8.287301
8.070459
8.287301
7.74307
8.070459
7.415681
7.526228
8.397848
8.066207
8.176754
9.915743
9.805196
9.69465
10.349427
9.588354
9.584103
10.243132
8.8230295
9.260964
10.132585
8.933577
9.044123
8.499891
9.698901
9.15467
7.9599123
8.504144
8.176754
8.937827
8.610438
9.698901
8.82728
9.265217
8.933577
9.482059
9.588354
10.566269
10.0220375
10.128334
9.805196
9.911491
9.69465
10.23888
10.0220375
11.544185
11.216796
10.6725645
11.437889
9.36726
9.69465
10.23888
10.017787
11.1105
10.128334
10.893659
10.6725645
10.562017
10.562017
11.433638
11.106249
11.323091
10.77886
10.6725645
10.128334
10.562017
10.124082
11.323091
10.562017
10.6725645
10.017787
10.45147
10.562017
11.216796
11.216796
10.995702
12.411553
12.301006
11.535681
13.062079
12.079912
12.730438
12.190459
12.734691
11.8630705
13.062079
12.190459
12.734691
12.411553
12.845238
11.101996
12.517848
12.517848
12.845238
12.084165
11.977869
12.5220995
12.301006
10.889407
12.088415
11.323091
10.455723
11.221047
10.566269
9.805196
11.437889
11.1105
10.23888
10.349427
10.455723
10.783112
9.256713
10.566269
10.349427
11.871573
11.323091
11.323091
11.544185
12.411553
12.407301
12.517848
13.062079
12.845238
14.14629
12.407301
13.389469
13.057828
13.057828
12.840985
14.256837
12.730438
13.385218
13.057828
13.053576
13.925196
12.951532
13.60631
12.079912
13.168375
12.190459
13.062079
12.734691
11.318839
13.389469
12.513597
13.164123
14.14629
12.951532
13.495763
12.624144
11.969365
12.951532
13.385218
14.14629
14.579974
14.579974
14.142038
14.248333
15.230501
14.579974
14.252585
14.473679
14.473679
14.469427
13.602058
13.929449
13.385218
12.624144
13.495763
12.734691
13.712605
13.712605
13.062079
12.738942
11.867322
12.194712
11.977869
12.194712
10.995702
11.977869
11.216796
11.761026
11.871573
11.433638
11.323091
12.5220995
12.301006
12.301006
11.539933
12.411553
11.977869
11.867322
11.323091
12.301006
12.738942
12.194712
12.845238
12.194712
12.194712
12.517848
13.500016
12.084165
10.885155
10.995702
11.429386
11.429386
11.756775
12.955785
11.867322
12.084165
11.539933
11.867322
12.084165
11.65048
11.106249
10.889407
11.544185
11.433638
11.65048
9.907239
11.761026
10.77886
11.323091
11.216796
10.77886
11.216796
10.889407
11.867322
11.977869
11.867322
12.079912
12.730438
14.363132
13.818902
14.031491
13.053576
12.947281
13.495763
12.403049
12.186207
12.517848
12.845238
11.318839
11.429386
10.889407
10.345176
10.889407
9.911491
10.783112
10.128334
10.23888
10.455723
11.216796
11.433638
11.433638
11.318839
11.429386
11.973618
11.535681
10.013535
9.690397
9.146166
9.039871
9.69465
8.929324
9.584103
9.584103
9.039871
10.23888
8.929324
7.6240196
10.566269
9.477807
9.690397
11.544185
10.124082
11.323091
9.907239
11.2125435
10.668313
11.101996
11.2125435
11.101996
10.77886
11.539933
11.101996
10.668313
10.889407
11.756775
10.557766
10.77886
10.345176
10.999953
10.783112
9.588354
9.584103
8.716734
10.0220375
9.584103
9.800944
11.327342
10.017787
9.256713
10.889407
10.995702
9.911491
11.544185
11.323091
11.208292
13.278922
13.168375
11.752523
12.079912
11.535681
11.8630705
12.845238
11.752523
11.646228
11.101996
12.411553
11.323091
10.77886
10.995702
11.106249
10.124082
10.45147
11.106249
10.017787
10.340923
10.128334
10.6725645
9.473556
10.562017
10.455723
9.57985
8.929324
9.584103
9.256713
9.039871
9.039871
8.712482
9.800944
10.345176
9.252461
11.216796
10.885155
9.796692
10.124082
10.557766
10.557766
10.668313
11.318839
10.557766
12.190459
11.969365
10.659809
11.535681
11.101996
9.686145
9.57985
9.473556
10.234629
9.256713
8.929324
8.057704
8.49564
9.256713
9.146166
8.49564
7.1903353
8.933577
8.389345
7.849365
8.393597
7.7345667
8.278798
8.933577
9.039871
8.274546
8.385093
9.36726
9.256713
9.584103
9.256713
9.256713
9.256713
9.256713
9.584103
8.929324
9.3630085
9.57985
8.929324
9.256713
9.146166
8.057704
9.039871
8.274546
8.601935
8.929324
7.951409
8.057704
7.951409
8.716734
7.6282716
7.3008823
7.4114294
7.6282716
7.0840406
7.1945877
7.521976
8.28305
6.3229666
8.499891
8.499891
7.3008823
8.389345
8.389345
8.8230295
9.69465
9.584103
9.36726
9.800944
9.69465
9.911491
9.690397
10.6725645
10.345176
9.252461
9.800944
10.345176
10.557766
10.013535
9.690397
10.995702
10.340923
10.230376
9.907239
10.124082
9.146166
9.69465
9.800944
9.57985
10.885155
10.230376
11.752523
10.770356
11.641976
11.752523
11.314588
10.770356
11.531429
11.208292
12.513597
12.943029
12.721935
13.920944
14.35888
13.270417
13.270417
12.61564
12.832482
13.380964
13.814649
11.854567
12.619891
12.398798
11.637725
12.947281
12.619891
11.637725
11.969365
12.730438
11.641976
11.420882
12.296754
12.513597
11.208292
11.318839
11.425134
11.097745
11.646228
11.8630705
11.097745
12.730438
13.164123
12.619891
13.270417
13.274671
13.708355
13.053576
13.818902
12.398798
13.48726
14.363132
13.814649
13.48726
14.682017
14.575723
14.248333
14.903111
13.704102
14.031491
13.376713
13.376713
13.380964
13.380964
12.619891
13.385218
12.619891
11.969365
12.186207
12.840985
11.208292
12.955785
11.535681
11.539933
12.190459
12.079912
12.624144
11.858818
13.274671
13.270417
13.053576
13.929449
12.730438
12.292503
13.708355
13.48726
14.142038
13.704102
13.597807
14.469427
13.597807
13.597807
13.925196
14.579974
13.48726
14.796817
13.48726
13.814649
14.469427
13.159871
13.597807
12.832482
12.947281
13.164123
12.513597
11.8630705
12.624144
12.407301
11.858818
12.079912
13.274671
12.947281
13.602058
12.730438
13.385218
12.296754
12.403049
13.274671
14.252585
13.602058
13.48726
14.252585
13.597807
14.252585
14.35888
13.48726
14.579974
14.035743
14.252585
13.491511
12.190459
11.2125435
11.323091
12.305258
11.323091
11.65048
12.301006
11.8630705
11.756775
11.101996
11.323091
11.756775
11.216796
11.106249
11.973618
12.079912
11.752523
13.168375
12.079912
12.190459
12.407301
12.190459
11.973618
13.062079
12.296754
13.495763
13.278922
12.296754
11.8630705
11.646228
12.517848
11.8630705
11.756775
11.539933
11.756775
12.084165
11.539933
11.216796
12.301006
11.761026
12.738942
12.517848
11.973618
13.1726265
11.973618
11.2125435
11.539933
13.062079
13.385218
13.708355
13.597807
15.447342
15.115701
15.443091
15.009407
14.57147
14.137786
13.925196
12.730438
11.101996
10.6725645
9.69465
9.584103
10.349427
10.23888
8.066207
9.371511
9.044123
8.716734
10.0220375
9.584103
10.77886
11.323091
11.646228
12.734691
13.818902
15.226248
15.770479
17.39467
17.063028
17.173576
18.912563
19.563091
18.912563
17.279871
18.810522
17.071531
15.11145
16.642101
15.009407
13.376713
13.057828
11.646228
10.23888
9.36726
9.588354
8.176754
9.044123
9.260964
9.044123
9.36726
9.69465
10.345176
11.756775
12.513597
12.296754
12.836734
13.270417
13.814649
14.575723
13.814649
13.270417
12.292503
12.513597
12.951532
11.318839
10.557766
10.45147
10.455723
9.911491
9.260964
9.15467
8.176754
9.15467
7.738818
8.499891
9.477807
9.584103
9.146166
10.128334
10.345176
11.2125435
10.77886
11.101996
10.345176
10.889407
10.345176
10.562017
10.345176
10.77886
9.796692
11.323091
10.345176
11.106249
10.124082
9.690397
9.911491
10.889407
9.800944
10.23888
10.345176
10.128334
10.889407
10.345176
10.45147
11.539933
10.885155
9.800944
9.584103
10.676816
10.23888
8.8230295
9.15467
8.393597
9.048374
8.176754
7.415681
7.9599123
7.415681
6.654608
6.4420176
6.3314705
7.857869
7.203091
6.2209234
7.853617
7.309386
7.9599123
8.393597
7.415681
8.181006
7.853617
7.415681
8.508395
6.981997
6.3314705
7.5304804
6.0040812
6.2209234
6.114629
5.243008
6.0040812
4.9113674
5.2387567
5.3493037
6.765155
6.2209234
6.4377656
7.092544
6.5483127
7.203091
6.2209234
5.5703974
6.3314705
6.114629
6.3357224
5.357807
4.8135757
4.8178277
3.406228
3.62307
3.5167751
2.6451547
2.2114706
2.3220174
2.6451547
1.9946285
2.4283128
2.861997
2.534608
2.3177657
3.406228
2.8577452
4.0525026
3.6145666
3.7208617
4.481935
5.026166
5.243008
4.592482
4.7030287
4.0482507
3.7251134
3.5082712
3.8356605
2.530356
2.0966718
0.7956192
1.1187565
1.0124613
0.35768318
0.7956192
1.3398503
0.35768318
0.90616614
1.0124613
0.7956192
1.2335552
1.5566925
2.3177657
1.8798298
1.8798298
1.9903767
2.202967
2.419809
3.2914293
2.9640403
3.074587
3.2956812
2.968292
2.0966718
2.534608
2.1009235
2.2072186
2.0966718
1.6587358
1.5524408
1.5481889
1.6587358
1.5524408
1.3355986
2.424061
2.747198
2.3092623
3.1808825
3.8314087
3.0703354
2.4155574
3.1766307
2.9597883
4.1587977
3.2871776
4.5967336
3.0703354
3.3977246
3.7251134
3.2871776
3.3977246
4.0482507
3.7208617
3.7208617
5.353555
5.243008
5.3493037
4.915619
5.4598503
5.7872396
6.544061
7.305134
6.9777446
7.0840406
7.7345667
7.955661
7.738818
7.1945877
7.0840406
5.6724405
6.981997
5.8892827
4.8050723
6.3314705
5.893534
6.765155
5.3493037
6.4377656
6.2209234
5.4555984
4.6945252
6.765155
6.216672
7.521976
7.3008823
8.1725025
8.933577
8.716734
7.6240196
6.8629465
8.061955
7.8451138
7.5177245
7.951409
6.8629465
7.951409
7.9471564
8.818777
8.057704
8.168251
9.256713
8.929324
8.818777
8.929324
9.473556
9.473556
8.818777
9.035619
9.686145
9.9029875
8.814526
10.124082
10.557766
9.252461
9.690397
9.686145
9.9029875
9.690397
8.925072
8.0534525
9.039871
8.385093
8.057704
8.168251
8.278798
9.256713
9.039871
8.389345
8.168251
7.4029255
8.712482
9.146166
9.035619
8.601935
9.146166
9.256713
9.146166
9.800944
9.035619
9.469303
10.45147
9.465052
10.5535145
10.557766
10.668313
8.270294
9.473556
9.907239
10.885155
10.230376
10.991449
10.659809
10.659809
11.641976
11.425134
10.987199
10.442967
10.880902
11.420882
12.726187
12.071408
12.505093
13.159871
11.95661
12.394546
12.288251
12.61564
11.854567
12.071408
12.832482
12.832482
12.509345
11.637725
12.619891
11.527178
12.505093
13.48726
12.611388
12.721935
13.266166
14.465176
13.916693
13.372462
14.788313
13.916693
13.916693
14.23983
14.129283
14.8946085
14.456672
15.549385
14.133534
14.57147
14.460924
13.69985
14.02724
15.119954
14.465176
13.483009
14.2440815
13.266166
13.045072
14.02724
14.137786
13.69985
14.02724
13.916693
14.8946085
14.57147
13.916693
14.2440815
13.806146
14.682017
14.89886
14.133534
15.443091
14.2440815
14.460924
13.69985
13.916693
13.266166
13.376713
13.266166
13.5935545
14.57147
14.682017
13.810397
13.810397
14.137786
13.376713
13.266166
13.5935545
13.5935545
13.704102
12.721935
13.270417
12.505093
12.943029
13.049324
13.380964
12.726187
13.704102
13.380964
12.181956
12.509345
12.398798
11.960861
12.619891
13.270417
12.832482
14.35888
14.248333
13.266166
14.682017
13.704102
14.682017
14.354629
14.031491
14.2440815
13.69985
13.920944
13.589303
13.810397
13.69985
14.031491
14.137786
13.049324
12.943029
11.965114
11.637725
11.531429
12.840985
12.181956
12.398798
12.726187
13.270417
13.270417
12.398798
11.748272
11.641976
12.075661
11.425134
12.186207
12.075661
12.840985
13.380964
11.531429
11.858818
11.637725
11.318839
10.45147
9.907239
10.017787
10.017787
9.690397
9.256713
10.6725645
9.907239
9.256713
9.260964
10.128334
8.385093
9.805196
10.128334
9.473556
9.69465
9.469303
9.469303
10.345176
9.473556
9.035619
9.256713
10.234629
9.473556
9.911491
8.712482
8.712482
9.36726
8.8230295
9.256713
10.455723
9.256713
8.278798
8.716734
9.911491
8.716734
10.132585
9.69465
9.800944
10.566269
9.69465
8.8230295
8.933577
8.606187
9.044123
9.260964
7.632523
8.393597
7.1988387
7.9599123
6.87145
6.5483127
8.074712
6.4420176
6.6588597
7.313638
6.1188803
5.902038
6.5525646
5.6809444
5.791491
6.5525646
6.986249
6.0040812
7.9641643
7.636775
7.419933
8.508395
7.1988387
7.853617
8.287301
7.632523
8.8315325
8.393597
8.720985
7.9599123
8.504144
7.526228
7.526228
7.415681
7.309386
7.415681
7.1988387
6.4377656
7.415681
6.5483127
7.636775
7.74307
6.986249
6.875702
6.5483127
6.765155
6.765155
8.070459
6.110377
7.853617
6.5483127
6.875702
7.203091
7.092544
5.8977866
6.875702
7.1988387
6.765155
8.181006
6.87145
6.5483127
8.181006
7.203091
6.875702
7.747322
7.853617
8.614691
8.499891
7.849365
7.415681
7.1988387
6.87145
7.853617
6.5483127
7.853617
7.1988387
7.415681
7.526228
7.74307
6.5483127
7.203091
6.2209234
5.6766925
6.5483127
7.1988387
6.4377656
8.070459
7.74307
6.654608
7.309386
7.0882916
8.176754
8.610438
8.499891
9.15467
9.15467
8.1725025
8.393597
9.15467
8.716734
9.044123
9.150418
9.698901
9.911491
8.49564
8.606187
8.933577
8.389345
7.955661
8.937827
8.82728
9.588354
10.0220375
9.150418
8.389345
8.1725025
9.044123
7.6282716
8.28305
7.955661
8.066207
8.393597
7.1945877
6.760903
7.526228
7.521976
6.6503563
8.610438
9.039871
8.278798
8.712482
9.911491
8.385093
9.044123
9.69465
9.473556
9.690397
9.146166
9.911491
9.800944
10.017787
9.473556
10.017787
10.562017
9.800944
10.23888
9.473556
10.230376
11.539933
12.951532
11.969365
11.429386
11.101996
10.230376
10.557766
10.668313
10.234629
11.65048
11.323091
10.995702
10.889407
10.234629
9.800944
9.36726
10.128334
10.0220375
9.039871
9.039871
8.933577
9.911491
9.911491
9.911491
8.933577
9.256713
8.393597
10.132585
9.150418
9.260964
9.150418
9.584103
10.345176
9.36726
9.256713
10.0220375
10.128334
10.455723
9.584103
9.69465
9.039871
9.473556
8.933577
9.473556
8.49564
10.566269
9.260964
8.933577
8.937827
8.716734
7.415681
8.287301
7.0882916
7.1988387
7.9641643
7.1988387
6.4377656
7.853617
8.070459
6.87145
6.5483127
6.5483127
6.981997
6.4377656
6.986249
7.092544
6.4377656
6.981997
7.636775
6.654608
7.092544
6.3314705
7.203091
5.4598503
6.0040812
6.5483127
5.132461
7.419933
6.4420176
5.8977866
6.3314705
5.5703974
5.353555
6.008333
5.030418
4.0482507
5.791491
4.592482
5.353555
6.0040812
5.7872396
5.6766925
6.765155
5.893534
6.6588597
7.419933
7.092544
6.2209234
6.654608
7.0882916
6.765155
6.981997
6.9777446
7.0882916
7.415681
8.393597
7.4114294
8.28305
9.150418
8.8230295
8.712482
9.584103
8.274546
8.929324
9.256713
9.36726
10.23888
9.911491
7.955661
9.588354
9.584103
9.36726
9.473556
8.929324
9.473556
10.455723
8.818777
8.168251
9.805196
10.23888
9.256713
10.128334
9.911491
9.473556
10.455723
10.668313
10.124082
11.106249
11.2125435
10.995702
10.995702
12.084165
11.101996
12.190459
11.752523
11.425134
12.079912
11.752523
10.664061
10.991449
11.973618
11.646228
11.752523
11.756775
12.624144
12.079912
10.991449
11.646228
11.8630705
11.2125435
12.407301
12.079912
12.407301
11.752523
12.186207
11.425134
12.296754
11.858818
12.403049
13.602058
12.403049
12.403049
12.403049
12.186207
13.164123
14.248333
12.947281
13.597807
13.270417
13.053576
14.142038
14.142038
13.704102
13.704102
14.248333
13.704102
13.810397
14.031491
14.137786
13.810397
14.682017
13.5935545
14.248333
13.69985
13.920944
14.354629
14.682017
14.02724
13.155619
13.372462
13.376713
13.483009
14.137786
14.682017
14.465176
14.682017
14.354629
13.695599
14.354629
14.567219
15.43884
15.761976
15.766228
16.523048
15.545134
15.978818
16.416756
14.784061
14.350377
14.677766
15.217746
15.549385
15.332544
13.916693
13.69985
13.920944
12.398798
13.164123
12.403049
13.053576
13.159871
13.376713
13.049324
12.505093
13.48726
13.376713
13.597807
13.159871
13.597807
13.704102
12.836734
12.288251
13.053576
12.398798
12.619891
11.858818
11.318839
11.641976
10.336672
11.752523
12.075661
12.403049
12.832482
13.925196
13.376713
13.814649
13.266166
13.814649
12.832482
12.832482
14.575723
12.938777
13.5935545
13.049324
13.266166
13.920944
13.483009
13.159871
14.02724
12.943029
12.61564
13.597807
12.075661
11.965114
12.513597
11.965114
12.075661
12.509345
11.969365
11.965114
12.403049
13.053576
11.965114
12.513597
12.947281
12.947281
12.509345
12.726187
14.031491
13.810397
13.920944
13.5935545
13.270417
13.270417
13.491511
13.814649
13.48726
13.5935545
14.682017
15.336795
14.57147
14.354629
14.575723
13.5935545
13.920944
12.726187
13.159871
13.376713
14.354629
12.726187
12.721935
12.836734
12.947281
12.398798
13.704102
14.142038
13.5935545
13.049324
13.376713
13.376713
13.810397
13.5935545
14.2440815
13.69985
14.354629
14.465176
12.832482
13.159871
13.376713
13.810397
12.505093
13.48726
13.159871
12.186207
12.619891
11.965114
11.425134
12.624144
12.186207
11.641976
13.597807
14.031491
12.943029
14.575723
14.465176
14.137786
13.69985
14.57147
13.483009
14.89886
14.677766
14.460924
14.354629
14.57147
12.938777
13.159871
12.726187
12.726187
12.398798
13.380964
12.943029
13.053576
12.832482
13.376713
14.465176
14.465176
14.57147
14.788313
15.872524
15.217746
16.523048
16.523048
15.978818
15.766228
16.089365
15.655681
15.659932
15.000902
15.43884
15.549385
15.332544
15.005156
14.02724
14.354629
14.031491
14.68627
13.920944
14.137786
15.009407
14.137786
14.02724
13.806146
14.354629
14.89886
14.57147
13.5935545
14.137786
14.133534
13.916693
14.682017
13.372462
14.57147
13.372462
13.69985
14.89886
14.2440815
14.354629
14.2440815
13.155619
12.832482
13.380964
13.270417
13.053576
12.836734
13.597807
12.505093
12.726187
13.597807
13.270417
12.726187
12.398798
11.531429
11.858818
12.509345
12.071408
12.075661
12.292503
12.947281
11.641976
13.168375
12.186207
10.880902
11.641976
11.208292
12.407301
11.969365
12.509345
13.057828
12.513597
12.403049
13.270417
13.48726
13.704102
13.159871
13.053576
13.164123
12.619891
11.531429
12.186207
11.318839
10.774608
11.752523
10.119829
10.774608
11.2125435
10.991449
9.57985
10.562017
9.146166
8.818777
8.818777
9.800944
10.45147
9.690397
9.469303
10.557766
10.124082
11.2125435
10.230376
10.885155
10.77886
10.124082
9.252461
10.455723
9.146166
10.128334
9.584103
10.23888
9.36726
9.588354
8.28305
8.397848
7.74307
8.393597
8.720985
6.9777446
8.82728
7.955661
7.955661
8.066207
9.477807
8.606187
8.716734
7.415681
7.849365
7.0882916
6.765155
6.981997
6.6588597
5.6809444
6.2251754
5.353555
4.8093243
5.464102
5.136713
5.24726
4.4861865
3.7251134
4.7030287
5.136713
6.0040812
6.2209234
5.3493037
7.419933
6.87145
6.981997
5.7829876
6.0040812
6.875702
5.6766925
5.132461
5.7829876
6.765155
7.309386
6.981997
6.0040812
6.2209234
6.114629
6.5483127
6.2209234
5.132461
5.4598503
4.592482
4.0482507
4.4861865
5.030418
4.1587977
4.7030287
4.7030287
4.37564
5.030418
5.026166
5.353555
5.026166
5.4598503
5.8977866
5.7872396
6.4420176
6.0040812
4.8093243
5.8977866
6.5525646
6.2251754
5.026166
6.2251754
5.6809444
5.243008
5.7872396
6.5483127
6.875702
6.5483127
5.132461
6.6588597
6.765155
6.2209234
7.9641643
7.1988387
7.0882916
7.309386
6.87145
6.986249
7.092544
6.110377
7.419933
6.765155
6.0040812
6.6588597
6.654608
5.893534
6.4377656
7.092544
6.114629
5.893534
6.2209234
6.3314705
5.893534
5.132461
6.986249
6.0040812
5.7872396
6.986249
5.893534
6.110377
6.986249
6.5483127
5.5661454
6.765155
6.2209234
7.1988387
6.654608
6.765155
7.526228
6.8671985
7.305134
7.632523
8.504144
7.521976
6.760903
6.327219
7.0882916
7.632523
6.9777446
6.327219
6.654608
7.1988387
6.875702
6.4377656
6.875702
6.981997
6.875702
6.2209234
7.1988387
7.415681
7.74307
7.521976
7.521976
7.305134
7.521976
7.9599123
8.28305
8.933577
8.278798
8.8230295
8.716734
8.389345
9.260964
8.168251
8.389345
8.28305
8.716734
7.8451138
8.278798
7.6282716
9.805196
8.933577
7.4114294
8.82728
8.389345
7.8451138
7.955661
8.937827
8.499891
8.393597
7.521976
7.6282716
8.716734
8.716734
8.499891
9.371511
8.716734
8.066207
8.393597
7.0882916
7.849365
7.738818
7.0840406
8.1725025
8.929324
9.039871
8.606187
8.8230295
9.146166
9.69465
9.907239
9.907239
9.907239
10.562017
9.3630085
10.557766
9.907239
9.911491
9.146166
9.473556
10.0220375
9.584103
8.491387
9.150418
9.3630085
9.57985
9.584103
9.039871
9.584103
8.385093
9.36726
9.039871
8.929324
9.911491
9.911491
10.234629
10.017787
10.45147
9.907239
9.907239
10.995702
9.796692
9.473556
10.345176
10.562017
10.45147
9.800944
10.234629
10.017787
10.45147
8.925072
10.455723
9.690397
10.017787
9.907239
10.234629
10.124082
11.429386
11.535681
10.447219
11.318839
10.774608
10.885155
10.668313
10.124082
10.557766
11.646228
11.535681
10.991449
10.557766
10.774608
11.752523
10.880902
11.641976
11.535681
11.318839
10.119829
11.318839
11.858818
11.641976
11.641976
13.164123
11.531429
12.292503
11.752523
12.075661
12.947281
12.947281
11.748272
11.425134
12.730438
12.292503
12.403049
11.858818
12.292503
12.509345
12.624144
12.509345
12.403049
12.190459
12.403049
10.659809
11.535681
12.296754
12.186207
12.079912
12.840985
12.947281
12.513597
12.296754
12.190459
11.641976
11.969365
12.403049
12.186207
12.730438
12.296754
12.403049
11.420882
12.619891
13.491511
13.380964
12.619891
12.398798
13.491511
13.814649
13.380964
13.380964
12.947281
12.721935
13.48726
14.031491
13.810397
13.704102
12.832482
12.61564
13.380964
12.071408
14.35888
13.159871
13.48726
13.597807
12.181956
13.053576
12.726187
12.726187
12.61564
14.142038
13.376713
12.943029
13.376713
13.920944
14.142038
13.704102
13.270417
13.48726
13.708355
13.376713
14.35888
14.354629
13.920944
13.916693
14.57147
14.57147
13.810397
14.788313
15.332544
14.460924
16.204163
15.332544
14.460924
15.332544
14.137786
14.354629
13.483009
14.02724
13.920944
13.5935545
13.810397
13.376713
13.814649
14.248333
13.376713
12.943029
14.252585
13.5935545
14.02724
14.031491
13.814649
13.48726
14.575723
13.920944
13.155619
13.704102
13.920944
13.483009
13.376713
13.159871
12.726187
12.730438
12.186207
12.619891
13.708355
12.403049
13.708355
13.270417
13.053576
12.292503
12.947281
12.403049
12.075661
11.752523
13.168375
12.840985
12.186207
13.164123
13.270417
12.832482
13.159871
12.61564
12.832482
12.513597
11.858818
12.403049
12.840985
12.079912
12.947281
13.274671
11.858818
12.730438
12.619891
12.075661
12.947281
12.292503
11.965114
12.075661
12.292503
12.513597
12.840985
12.403049
12.186207
11.858818
12.730438
12.075661
12.624144
11.752523
11.314588
11.318839
10.668313
10.234629
9.911491
9.800944
9.584103
9.911491
10.23888
9.477807
10.017787
9.039871
9.69465
9.039871
8.168251
9.256713
9.477807
9.039871
9.039871
10.0220375
9.150418
8.49564
8.606187
8.933577
8.278798
9.477807
8.389345
9.039871
8.716734
9.260964
9.150418
9.260964
8.1725025
8.389345
8.606187
8.066207
8.061955
9.150418
8.712482
8.933577
8.278798
8.8230295
7.738818
8.933577
8.278798
8.933577
9.473556
8.274546
8.606187
9.039871
8.8230295
9.039871
9.805196
8.606187
8.28305
8.720985
9.260964
8.278798
8.933577
9.044123
8.712482
8.8230295
7.6282716
9.588354
8.933577
8.82728
9.805196
9.69465
9.36726
10.23888
9.911491
9.911491
10.23888
9.477807
8.712482
9.256713
9.69465
8.278798
8.716734
8.606187
9.039871
8.499891
8.066207
9.482059
9.260964
8.28305
9.15467
7.955661
7.5177245
8.28305
10.0220375
9.36726
9.039871
8.49564
10.128334
9.911491
10.128334
10.345176
11.2125435
10.128334
11.539933
10.230376
9.57985
11.65048
10.45147
10.017787
10.345176
10.455723
10.562017
10.128334
10.234629
10.013535
11.539933
10.45147
10.77886
10.995702
10.668313
11.433638
10.345176
10.124082
9.473556
10.128334
9.800944
10.23888
9.584103
9.584103
9.473556
10.128334
9.36726
9.36726
10.566269
10.45147
9.911491
10.23888
9.907239
10.017787
10.77886
11.2125435
10.668313
11.756775
10.774608
10.885155
11.752523
12.407301
12.619891
12.186207
12.730438
12.509345
12.943029
12.509345
13.270417
11.531429
12.190459
10.885155
10.562017
10.77886
11.216796
10.234629
9.57985
9.690397
10.017787
10.562017
9.907239
10.345176
11.539933
10.668313
10.45147
10.234629
10.77886
10.6725645
10.77886
11.539933
10.668313
11.323091
10.995702
10.995702
10.234629
10.124082
10.45147
9.907239
10.234629
11.323091
12.301006
11.318839
10.885155
10.77886
11.2125435
10.991449
10.995702
10.995702
11.646228
9.796692
10.345176
9.907239
9.035619
10.45147
8.929324
10.455723
9.690397
10.345176
10.017787
9.911491
9.256713
10.128334
9.36726
10.017787
10.562017
9.796692
11.101996
10.991449
12.517848
12.296754
12.403049
13.708355
12.619891
13.164123
12.186207
11.858818
11.641976
11.969365
12.075661
11.425134
11.425134
11.318839
10.5535145
11.2125435
9.690397
9.3630085
8.601935
9.911491
9.477807
9.256713
9.911491
9.584103
9.146166
9.36726
10.128334
8.929324
10.6725645
9.146166
8.929324
9.260964
8.933577
9.260964
9.69465
10.23888
9.805196
9.039871
9.690397
10.23888
9.150418
9.36726
8.8230295
9.15467
9.371511
9.477807
9.044123
8.716734
9.588354
9.039871
8.606187
8.933577
8.610438
9.260964
7.521976
7.1988387
7.74307
6.87145
7.74307
7.9599123
7.1945877
7.9599123
7.419933
6.87145
7.74307
6.654608
7.636775
7.747322
7.636775
7.0882916
6.654608
7.636775
7.9599123
6.6503563
7.632523
8.610438
8.28305
9.15467
8.610438
8.82728
8.610438
9.044123
8.8230295
9.36726
9.911491
10.128334
8.929324
9.800944
10.132585
9.69465
8.8230295
9.039871
9.473556
9.690397
9.584103
9.039871
8.712482
9.044123
8.061955
6.654608
7.74307
6.765155
7.203091
6.3314705
6.875702
6.769407
6.114629
6.3314705
6.4420176
6.986249
6.986249
7.853617
7.853617
8.720985
10.349427
9.805196
10.234629
11.973618
12.301006
13.057828
13.602058
12.292503
12.734691
11.646228
10.234629
10.783112
10.0220375
9.150418
9.588354
9.588354
8.393597
7.526228
6.5483127
7.747322
7.203091
7.313638
7.6410265
7.313638
6.986249
7.74307
8.933577
9.800944
10.6725645
11.65048
11.433638
10.234629
11.106249
10.234629
10.995702
11.539933
12.190459
12.084165
11.318839
12.411553
11.2125435
10.45147
10.455723
10.77886
10.999953
11.756775
12.301006
11.2125435
11.429386
10.995702
10.77886
10.668313
10.668313
12.517848
11.646228
11.097745
11.756775
11.097745
11.318839
12.190459
11.318839
11.429386
11.535681
12.186207
13.712605
12.619891
13.597807
13.48726
14.575723
13.5935545
13.159871
13.597807
14.137786
13.920944
14.137786
13.920944
13.159871
13.270417
14.465176
13.597807
13.704102
13.920944
14.137786
13.5935545
14.031491
13.270417
13.704102
13.704102
12.832482
14.792564
14.89886
14.682017
14.460924
14.788313
14.2440815
15.221997
15.009407
14.2440815
13.48726
14.35888
13.704102
14.248333
14.903111
14.2440815
14.682017
14.57147
13.704102
13.704102
14.142038
13.053576
12.403049
12.836734
13.164123
13.491511
13.708355
12.947281
13.597807
13.164123
12.726187
12.181956
12.509345
12.509345
13.380964
13.814649
14.142038
14.354629
15.009407
13.810397
14.354629
15.553638
14.354629
14.788313
15.119954
14.792564
13.5935545
13.597807
12.186207
12.947281
12.186207
11.8630705
12.079912
11.425134
11.535681
11.539933
10.557766
9.690397
11.327342
10.566269
10.562017
10.566269
10.128334
9.584103
10.234629
10.77886
10.995702
10.995702
10.557766
12.190459
12.296754
12.190459
12.845238
12.513597
11.641976
13.062079
11.641976
12.517848
11.2125435
10.668313
10.340923
10.562017
10.6725645
9.256713
9.69465
8.933577
8.606187
9.588354
9.805196
8.8230295
9.584103
9.69465
10.455723
8.8230295
8.606187
9.260964
9.039871
7.521976
7.521976
8.610438
7.955661
9.265217
9.482059
8.393597
8.937827
9.588354
8.716734
10.0220375
8.933577
9.69465
9.588354
9.260964
8.1725025
8.82728
9.588354
9.260964
9.260964
9.044123
8.389345
8.82728
6.433514
7.526228
8.070459
8.614691
8.287301
7.419933
7.419933
6.3314705
6.875702
6.765155
6.6588597
7.636775
7.092544
7.309386
7.853617
7.419933
7.526228
7.415681
9.158921
9.048374
7.74307
7.747322
7.309386
6.5483127
7.092544
7.636775
6.875702
8.074712
7.636775
7.636775
7.853617
7.309386
6.3314705
6.986249
7.203091
7.747322
6.875702
7.9641643
7.096796
6.008333
6.3314705
7.096796
8.074712
6.4420176
6.1188803
5.357807
5.030418
4.379892
6.012585
6.339974
6.012585
6.4462695
6.008333
6.3357224
6.556816
6.1188803
6.8799534
6.008333
6.8799534
7.313638
6.875702
8.074712
7.526228
7.092544
8.397848
7.74307
7.203091
8.2915535
7.853617
7.092544
7.203091
7.203091
6.986249
7.857869
7.313638
7.309386
7.419933
6.5483127
6.5483127
7.5304804
6.3314705
5.8977866
6.2251754
7.313638
6.4420176
7.5304804
7.5304804
6.0040812
7.203091
6.875702
6.4420176
7.096796
6.986249
6.4420176
8.185258
8.074712
6.5483127
7.309386
8.508395
7.526228
8.508395
7.9641643
8.2915535
7.853617
6.5483127
8.725238
8.397848
6.981997
8.181006
8.070459
7.74307
9.158921
8.504144
8.504144
7.9599123
7.419933
6.3314705
6.6588597
6.986249
7.419933
7.636775
7.419933
5.893534
7.092544
6.986249
6.765155
6.765155
7.419933
8.2915535
7.9641643
7.092544
9.265217
8.720985
9.375764
8.610438
8.066207
9.265217
9.044123
10.349427
8.82728
9.805196
10.132585
9.69465
10.893659
10.893659
8.933577
10.02629
9.698901
8.933577
10.787363
9.588354
9.15467
9.371511
9.260964
9.477807
8.82728
9.15467
9.805196
9.265217
9.915743
10.787363
9.915743
9.260964
10.566269
10.23888
9.044123
10.566269
10.349427
10.0220375
10.570521
11.1105
9.69465
9.588354
10.566269
9.477807
10.783112
10.23888
10.562017
11.327342
10.566269
10.566269
10.23888
10.455723
10.566269
11.221047
11.761026
10.995702
11.433638
11.216796
9.473556
9.584103
10.676816
10.23888
9.69465
10.783112
10.128334
10.0220375
9.911491
10.349427
9.800944
9.256713
10.783112
10.23888
9.36726
10.783112
9.805196
10.23888
11.548436
10.999953
10.999953
11.216796
10.889407
10.128334
10.345176
10.017787
10.017787
10.783112
10.6725645
11.323091
11.871573
11.973618
10.562017
10.889407
10.345176
10.345176
10.132585
10.23888
10.23888
9.69465
9.36726
9.150418
10.893659
9.69465
9.911491
10.566269
10.455723
10.243132
9.698901
7.632523
6.4377656
9.375764
8.937827
9.588354
11.331594
10.999953
11.216796
10.459974
10.566269
8.8230295
9.588354
9.915743
9.915743
9.588354
10.676816
10.999953
10.999953
11.327342
11.539933
11.106249
10.999953
9.36726
10.455723
10.349427
10.566269
10.349427
9.36726
9.911491
10.23888
10.455723
9.260964
8.504144
8.176754
7.636775
9.380016
8.610438
7.9599123
9.592606
9.915743
9.482059
10.02629
9.265217
8.937827
8.82728
9.809448
9.698901
8.82728
9.15467
10.893659
10.787363
9.805196
11.221047
10.459974
9.588354
9.265217
11.004206
10.243132
10.459974
9.698901
9.592606
9.260964
9.698901
9.919995
10.459974
9.15467
8.82728
8.610438
9.048374
8.610438
9.809448
8.82728
8.504144
8.393597
8.504144
9.703153
9.375764
8.8315325
8.720985
7.309386
8.397848
8.504144
8.181006
9.809448
9.15467
10.136837
8.720985
9.158921
10.136837
9.592606
9.158921
10.676816
9.698901
10.459974
10.243132
9.588354
9.805196
8.504144
8.287301
9.158921
9.265217
8.181006
8.2915535
8.074712
7.747322
7.5304804
7.5304804
7.313638
6.986249
7.6410265
6.663111
7.4241843
7.207342
7.9684157
8.4021
7.747322
8.2915535
8.508395
7.526228
7.853617
8.181006
7.419933
7.313638
8.4021
7.313638
7.857869
7.9641643
8.181006
7.636775
8.181006
7.419933
7.9641643
9.052627
8.397848
8.2915535
9.052627
8.070459
8.835785
8.070459
7.309386
8.287301
8.2915535
7.419933
7.6410265
7.203091
7.313638
6.986249
7.9684157
7.6410265
7.5304804
7.747322
8.397848
7.092544
7.203091
7.857869
7.419933
7.6410265
7.857869
8.181006
9.052627
8.614691
9.158921
9.048374
9.048374
9.158921
9.703153
10.02629
9.486311
8.725238
9.269468
9.919995
9.486311
8.504144
8.287301
8.725238
8.614691
8.508395
8.508395
8.397848
8.074712
8.2915535
7.747322
7.092544
7.747322
9.052627
8.614691
8.94208
7.853617
8.397848
8.176754
8.070459
8.508395
9.375764
8.8315325
8.725238
9.269468
9.052627
8.8315325
9.052627
10.136837
9.265217
9.592606
9.482059
10.136837
10.353679
10.243132
10.893659
10.353679
10.787363
9.915743
9.265217
8.614691
9.919995
10.02629
9.482059
9.592606
9.375764
9.703153
8.287301
9.269468
8.94208
8.287301
7.419933
8.074712
8.4021
7.853617
7.9641643
8.181006
8.725238
8.397848
8.94208
9.380016
8.614691
9.486311
7.9599123
9.919995
10.02629
9.371511
10.132585
10.570521
10.243132
10.893659
10.566269
10.459974
9.69465
10.566269
10.349427
11.221047
11.548436
10.349427
10.0220375
11.221047
10.353679
9.371511
10.02629
9.375764
9.265217
9.371511
8.82728
9.588354
10.132585
9.915743
10.893659
10.243132
9.698901
9.048374
9.375764
9.265217
9.375764
9.592606
9.371511
10.566269
9.911491
11.004206
11.1105
10.23888
10.676816
9.588354
10.349427
11.004206
9.915743
9.805196
11.004206
10.132585
10.0220375
10.999953
10.349427
11.1105
10.455723
9.805196
11.221047
9.915743
8.504144
8.614691
8.725238
9.371511
9.805196
9.805196
9.915743
9.15467
9.265217
10.136837
9.375764
8.287301
9.703153
9.592606
9.15467
9.371511
10.893659
10.23888
10.889407
11.437889
11.544185
10.132585
10.349427
10.459974
10.455723
10.455723
11.221047
10.566269
9.150418
10.787363
9.915743
9.915743
10.353679
10.243132
10.136837
9.482059
9.588354
9.919995
9.588354
9.915743
9.915743
10.349427
9.588354
11.1105
10.23888
10.676816
9.482059
8.82728
9.048374
9.486311
8.176754
8.287301
8.397848
10.136837
9.915743
10.02629
11.004206
11.9821205
11.433638
11.9821205
11.106249
9.800944
11.004206
9.69465
10.6725645
12.305258
13.062079
13.278922
12.845238
12.517848
10.6725645
10.783112
10.132585
10.23888
10.02629
9.809448
10.02629
10.349427
9.805196
11.437889
10.455723
9.36726
10.566269
10.676816
9.044123
10.02629
10.570521
9.698901
10.676816
9.915743
7.9599123
8.8315325
8.82728
9.809448
11.114753
10.0220375
10.132585
9.805196
9.8137
7.853617
7.636775
8.397848
8.2915535
9.052627
9.15467
9.588354
9.477807
10.0220375
9.69465
10.893659
10.02629
9.048374
7.636775
6.875702
8.070459
8.614691
8.176754
9.048374
7.74307
6.765155
8.287301
8.181006
8.181006
8.287301
7.419933
7.857869
7.5304804
6.986249
7.857869
6.875702
5.3493037
7.853617
8.82728
9.805196
10.783112
12.628395
11.761026
10.676816
9.698901
7.632523
8.181006
7.9599123
9.809448
9.915743
9.69465
10.349427
10.23888
9.911491
10.23888
9.371511
7.313638
7.207342
6.0040812
5.6766925
7.747322
9.375764
8.176754
8.720985
7.9599123
7.521976
8.070459
6.765155
7.419933
6.769407
7.096796
6.769407
7.636775
8.610438
9.915743
10.459974
10.23888
8.8230295
7.632523
8.94208
8.4021
7.419933
7.5304804
6.6588597
6.4377656
7.74307
8.066207
10.0220375
10.995702
10.991449
11.761026
10.349427
9.477807
8.933577
8.716734
7.1945877
8.070459
7.632523
8.28305
9.805196
9.911491
8.49564
9.698901
7.738818
6.4377656
6.981997
8.181006
8.070459
8.94208
8.614691
7.1988387
8.8315325
9.044123
9.69465
10.893659
10.676816
9.044123
9.371511
9.588354
10.132585
10.6725645
10.6725645
10.455723
10.345176
8.712482
10.893659
10.23888
9.36726
11.004206
9.911491
8.712482
9.800944
9.15467
9.588354
9.698901
9.265217
6.981997
7.853617
7.0882916
6.6503563
8.937827
8.061955
9.477807
8.937827
8.8315325
9.044123
9.69465
10.6725645
11.221047
10.455723
10.23888
10.455723
10.77886
10.562017
11.646228
10.885155
12.301006
12.840985
12.947281
14.796817
15.226248
14.682017
14.248333
13.814649
13.5935545
13.704102
14.469427
14.031491
11.858818
11.429386
8.49564
8.176754
6.5525646
2.424061
2.7599535
-0.3948865
1.0252168
-0.6117286
1.6714911
2.1051755
3.954711
3.954711
4.1758046
3.5210268
3.737869
6.556816
9.158921
12.088415
14.469427
15.659932
16.31046
16.629345
18.589426
18.045197
17.832605
14.89886
13.057828
11.327342
9.915743
6.765155
7.313638
4.8135757
3.1851342
2.1009235
2.2114706
1.9946285
2.4283128
2.2114706
3.5167751
2.7557018
3.299933
3.5082712
3.9419558
5.5703974
5.7829876
7.955661
9.690397
11.2125435
11.433638
11.216796
10.893659
10.0220375
10.0220375
9.36726
9.039871
9.371511
9.809448
9.482059
6.875702
7.1010475
5.574649
5.140965
6.2294273
4.592482
6.663111
7.096796
3.7251134
5.357807
5.136713
4.8093243
6.2251754
6.4420176
6.114629
5.357807
6.4462695
6.3357224
5.7872396
6.5525646
5.353555
6.2251754
7.203091
7.309386
6.875702
7.203091
7.092544
7.419933
7.092544
7.74307
7.9599123
9.265217
9.260964
9.915743
8.066207
8.614691
8.8315325
7.853617
7.74307
7.203091
7.747322
8.074712
8.181006
6.5483127
7.203091
6.663111
5.5703974
6.4420176
6.8799534
6.4462695
5.140965
6.2251754
6.3314705
6.769407
7.5304804
6.986249
6.6588597
6.4462695
6.1188803
6.2294273
5.6851964
5.251512
5.2557635
3.9504592
4.056754
5.4768577
3.5167751
2.8662488
1.6714911
1.2335552
1.237807
1.12726
0.5787771
1.5566925
1.9903767
2.0966718
2.9640403
2.9597883
4.150294
5.99983
9.150418
10.128334
10.45147
9.252461
10.562017
10.783112
10.349427
9.698901
9.158921
9.052627
6.5483127
6.4462695
6.012585
5.24726
6.123132
5.6851964
4.7030287
5.3620586
4.269345
4.37564
4.592482
5.902038
5.8977866
6.0040812
5.893534
6.544061
5.6724405
6.765155
8.614691
8.176754
6.9777446
8.28305
8.393597
7.415681
7.955661
8.066207
6.760903
8.504144
7.632523
7.849365
8.070459
7.309386
6.4377656
6.654608
5.893534
7.203091
6.110377
6.6588597
6.4420176
5.4598503
6.981997
7.74307
7.849365
6.765155
7.1988387
6.765155
6.765155
6.981997
6.765155
6.875702
6.3314705
5.6809444
3.9419558
4.592482
3.9419558
5.574649
5.7872396
5.353555
7.092544
6.6588597
6.544061
7.415681
7.632523
8.393597
8.1725025
10.0220375
9.805196
10.0220375
9.256713
9.039871
9.256713
8.49564
10.23888
8.8230295
8.28305
7.74307
7.526228
6.981997
6.875702
7.092544
5.6766925
6.875702
6.4377656
5.7829876
6.5483127
7.1988387
6.4377656
7.203091
6.654608
7.632523
8.504144
7.415681
6.654608
7.849365
8.504144
7.849365
7.632523
8.610438
7.4114294
8.504144
7.632523
7.849365
8.287301
7.849365
8.499891
7.4114294
9.15467
9.588354
8.8230295
9.371511
8.8230295
9.150418
10.349427
9.805196
7.951409
8.066207
7.951409
8.606187
8.28305
8.610438
7.1945877
7.632523
7.0882916
7.521976
8.28305
7.738818
7.8451138
8.933577
8.606187
8.49564
9.256713
9.911491
10.345176
10.124082
10.45147
10.995702
10.664061
10.668313
10.991449
11.756775
10.668313
11.208292
11.8630705
11.535681
11.535681
12.840985
12.513597
12.403049
12.075661
12.186207
10.226125
10.774608
11.429386
10.230376
10.124082
11.756775
10.013535
10.124082
10.447219
9.796692
9.690397
10.45147
10.340923
11.867322
11.318839
11.101996
11.318839
12.513597
11.531429
12.296754
12.403049
12.509345
13.164123
12.726187
14.142038
13.920944
14.575723
14.248333
14.354629
14.792564
14.354629
14.2440815
15.443091
15.332544
15.005156
14.89886
14.567219
15.000902
14.788313
14.567219
13.916693
14.677766
15.115701
14.133534
15.115701
15.005156
14.350377
15.11145
16.093616
15.978818
17.071531
17.177828
16.089365
15.434587
16.85044
16.089365
16.518799
17.390417
17.177828
16.739893
17.828354
17.828354
17.390417
17.173576
17.934649
17.934649
17.284122
17.717808
18.589426
17.824102
17.824102
19.3505
19.456795
18.585176
19.01886
19.01886
18.912563
18.14724
18.908312
18.474628
18.585176
18.802017
17.169323
18.151491
17.386166
18.368332
17.824102
16.518799
16.956734
17.063028
17.390417
17.173576
17.390417
17.500965
18.045197
18.26204
17.284122
16.956734
17.717808
18.483133
17.717808
18.368332
18.80627
18.151491
18.474628
19.239954
18.151491
17.824102
18.695723
17.279871
17.934649
17.500965
17.390417
17.60726
16.846186
18.155743
17.06728
16.412502
16.195662
15.872524
16.306208
16.633596
16.31046
15.655681
16.199913
15.983071
15.221997
15.545134
15.545134
15.43884
16.089365
15.872524
16.633596
15.761976
16.739893
17.06728
15.217746
16.089365
15.540882
15.651429
15.983071
16.306208
15.655681
16.089365
16.306208
15.43884
14.784061
14.788313
14.8946085
14.460924
14.788313
15.659932
14.57147
15.115701
14.2440815
13.589303
14.682017
15.443091
14.682017
15.009407
14.682017
13.810397
14.248333
13.270417
13.270417
14.248333
13.814649
13.5935545
13.376713
14.248333
14.248333
14.2440815
14.137786
15.226248
15.336795
13.920944
14.354629
14.682017
14.031491
13.483009
14.248333
13.159871
12.726187
11.752523
11.641976
11.752523
10.774608
10.991449
10.230376
11.429386
10.562017
11.2125435
10.668313
10.340923
11.323091
11.535681
10.013535
11.756775
11.646228
10.991449
12.084165
10.668313
10.774608
10.45147
10.77886
10.124082
11.539933
11.2125435
10.45147
10.017787
9.69465
10.566269
9.911491
9.039871
9.150418
9.584103
9.584103
10.017787
9.911491
8.929324
9.36726
10.893659
10.0220375
10.0220375
9.911491
10.128334
9.584103
9.69465
9.256713
9.256713
9.911491
10.0220375
9.805196
10.566269
8.933577
8.712482
10.345176
9.36726
8.716734
8.606187
9.371511
7.951409
8.82728
8.716734
8.066207
9.048374
8.066207
8.176754
7.955661
8.393597
8.066207
7.1945877
8.393597
8.287301
8.287301
7.74307
8.508395
8.176754
8.8315325
7.9599123
8.82728
8.82728
9.15467
9.048374
7.955661
7.0882916
9.158921
7.9599123
7.092544
7.309386
7.1988387
7.853617
6.433514
8.287301
7.9599123
7.849365
7.849365
7.636775
7.0882916
7.74307
6.5483127
6.544061
7.309386
7.632523
6.981997
7.521976
7.415681
8.066207
7.9599123
8.176754
6.87145
8.287301
7.092544
7.853617
7.1988387
7.309386
8.499891
7.955661
9.150418
9.371511
9.477807
9.36726
10.0220375
8.606187
9.805196
9.044123
9.260964
8.933577
8.8230295
8.933577
9.690397
10.0220375
9.36726
9.260964
10.23888
8.712482
10.23888
9.150418
9.260964
8.8230295
9.584103
8.8230295
10.23888
9.150418
9.36726
10.0220375
9.911491
9.69465
10.345176
9.800944
10.562017
9.69465
9.69465
10.23888
10.459974
10.893659
10.128334
9.690397
10.345176
10.017787
10.017787
10.345176
8.929324
9.915743
8.606187
8.389345
10.570521
10.0220375
9.69465
10.783112
10.6725645
9.039871
10.128334
9.36726
8.8230295
10.132585
10.23888
9.36726
10.23888
10.23888
9.473556
9.911491
9.911491
10.562017
10.45147
11.323091
11.323091
10.124082
11.323091
11.101996
10.991449
11.429386
11.969365
11.535681
12.734691
11.535681
11.8630705
11.2125435
11.101996
9.796692
11.973618
11.646228
10.230376
12.301006
11.756775
11.318839
11.973618
11.101996
10.340923
11.973618
12.079912
12.517848
11.969365
12.840985
12.624144
11.969365
12.730438
12.407301
12.513597
12.296754
11.646228
11.535681
11.8630705
12.301006
11.318839
11.318839
11.318839
11.969365
11.641976
11.101996
9.9029875
9.469303
9.690397
11.106249
11.2125435
10.124082
10.668313
10.885155
10.345176
10.889407
10.017787
8.929324
9.911491
8.712482
9.36726
9.915743
9.146166
8.49564
8.389345
8.933577
8.49564
9.044123
9.69465
8.716734
8.720985
9.048374
7.738818
8.499891
8.066207
9.69465
9.256713
9.911491
9.69465
9.150418
8.499891
8.499891
8.8230295
8.393597
9.698901
8.499891
9.044123
8.28305
7.5177245
6.433514
8.070459
7.1988387
6.875702
7.419933
5.4598503
5.24726
6.4420176
5.5703974
5.4598503
5.6766925
6.0040812
6.765155
6.0040812
6.875702
6.2209234
5.893534
6.5483127
6.87145
7.419933
7.526228
7.0882916
6.760903
7.636775
6.87145
6.110377
7.309386
7.853617
6.981997
8.287301
7.74307
7.305134
6.544061
5.6766925
6.3314705
5.4598503
7.096796
6.4420176
5.6809444
5.8977866
5.243008
6.008333
6.769407
5.7872396
5.5703974
6.769407
5.8977866
5.6809444
5.791491
5.353555
6.986249
6.4420176
6.0040812
6.5483127
6.0040812
6.3314705
6.5483127
6.5483127
7.309386
6.765155
6.4377656
6.6588597
6.765155
6.986249
7.203091
6.2209234
6.5483127
6.4377656
6.114629
6.3314705
6.875702
5.893534
7.203091
6.981997
6.87145
7.1988387
7.74307
7.305134
7.415681
7.853617
7.74307
7.526228
6.981997
7.632523
7.1988387
8.176754
8.937827
7.9599123
7.305134
7.9599123
7.74307
7.9599123
6.87145
6.981997
7.1988387
7.9599123
7.9599123
7.0882916
8.176754
7.1988387
7.415681
7.526228
7.415681
8.066207
8.720985
8.720985
8.933577
8.499891
9.477807
7.955661
8.716734
9.36726
8.82728
9.477807
8.8230295
10.0220375
8.49564
9.36726
9.69465
9.256713
10.349427
9.911491
8.929324
9.69465
10.345176
9.800944
9.584103
9.3630085
9.3630085
10.562017
10.668313
10.995702
11.2125435
10.013535
9.57985
11.106249
10.45147
9.690397
10.345176
10.45147
11.756775
11.539933
10.885155
11.429386
10.668313
11.756775
11.2125435
12.845238
12.730438
12.840985
12.947281
13.053576
14.031491
14.2440815
16.204163
17.39467
16.40825
16.306208
14.673514
14.788313
13.48726
11.965114
12.079912
10.77886
10.668313
10.017787
9.57985
8.818777
8.712482
8.712482
9.911491
9.911491
10.234629
11.8630705
13.708355
14.903111
14.89886
15.217746
17.173576
17.824102
18.14724
20.324163
19.014608
19.988272
21.297827
20.536755
19.881977
19.023111
17.500965
15.549385
15.226248
13.69985
13.270417
13.814649
13.920944
12.61564
14.68627
13.814649
12.398798
13.270417
13.814649
13.266166
15.005156
16.527302
16.629345
17.717808
17.717808
16.73564
17.390417
16.956734
16.952482
16.633596
17.071531
16.089365
16.748394
14.682017
15.226248
15.770479
15.443091
15.005156
15.876775
15.987322
16.199913
15.332544
15.770479
15.553638
15.005156
16.093616
15.43884
17.611511
17.06728
17.717808
16.629345
17.177828
16.633596
16.633596
16.527302
15.983071
14.788313
15.443091
14.682017
14.465176
15.443091
14.354629
14.682017
15.553638
14.465176
14.354629
15.115701
14.2440815
14.89886
14.682017
15.332544
15.115701
15.987322
15.766228
15.872524
16.093616
15.766228
14.137786
14.903111
14.575723
12.61564
13.053576
13.053576
13.270417
12.726187
13.814649
12.619891
12.186207
11.858818
10.885155
10.562017
11.433638
10.774608
10.774608
10.345176
10.995702
10.230376
11.2125435
10.45147
10.995702
11.433638
9.584103
10.0220375
10.345176
10.566269
10.128334
9.039871
9.150418
7.849365
6.9777446
5.99983
7.521976
6.6503563
7.6282716
8.278798
7.6240196
8.601935
8.929324
8.712482
9.256713
8.066207
7.6282716
9.375764
8.393597
8.070459
7.419933
5.8977866
4.379892
2.313514
2.3177657
1.6629877
1.6672394
2.534608
3.4019763
2.530356
5.24726
5.7872396
6.5525646
5.464102
4.269345
4.269345
3.2956812
2.424061
1.2293034
1.6672394
1.4461455
2.534608
3.074587
4.37564
4.592482
5.6809444
4.4861865
4.4861865
3.1808825
5.251512
4.7072806
3.1851342
4.3841434
2.6451547
2.7514498
3.074587
2.640903
3.6188183
1.986125
4.379892
4.0525026
3.7251134
5.24726
4.1587977
4.0482507
4.7030287
4.0482507
3.1808825
4.924123
3.7251134
3.5125234
4.167301
2.313514
1.7735345
1.5566925
1.7777863
2.1009235
0.68507224
2.3177657
1.6672394
2.2114706
2.2114706
2.9767957
2.1009235
1.8840815
2.0966718
2.640903
2.8577452
3.2914293
2.530356
3.6188183
2.1009235
2.2114706
1.3441021
0.799871
-0.17804438
-0.93911767
0.361935
0.47248197
1.6672394
1.1230083
0.7956192
1.4461455
0.7956192
1.3398503
1.2293034
1.9903767
2.424061
3.2956812
4.1630497
2.530356
4.0525026
2.636651
2.419809
3.5082712
2.5261042
3.1808825
4.379892
3.0703354
2.9597883
3.6145666
4.698777
3.5040195
4.043999
4.481935
5.8977866
5.026166
5.353555
4.8093243
4.481935
3.827157
5.5703974
4.6945252
4.58823
5.7872396
3.7208617
4.37564
3.8314087
4.7030287
4.4861865
2.9597883
4.1587977
4.7030287
4.265093
5.6766925
4.8050723
5.2387567
6.327219
6.106125
6.6503563
6.3229666
7.1903353
7.3008823
8.1725025
7.6282716
9.36726
8.274546
8.057704
8.274546
7.7303147
7.4071774
8.716734
7.7345667
8.49564
8.49564
7.5134726
7.7345667
8.8230295
8.601935
9.584103
9.039871
9.039871
10.23888
9.256713
9.146166
9.690397
8.597683
9.358756
8.597683
9.469303
8.38084
8.385093
8.929324
8.274546
8.712482
8.49564
8.057704
9.3630085
9.9029875
10.5535145
10.442967
10.442967
10.880902
10.336672
9.575599
10.668313
10.230376
10.336672
10.991449
12.186207
12.181956
12.61564
12.943029
12.177704
12.721935
12.181956
12.943029
11.748272
11.641976
10.987199
12.075661
10.987199
12.075661
11.204041
10.987199
11.097745
10.876652
10.987199
12.730438
11.858818
11.531429
12.403049
11.420882
11.7440195
11.527178
12.398798
13.266166
13.376713
13.049324
13.69985
14.2440815
14.2440815
14.2440815
13.806146
14.350377
14.456672
15.328293
14.346125
15.872524
14.677766
14.8946085
14.350377
14.57147
14.57147
14.682017
13.916693
14.2440815
13.589303
13.69985
13.372462
14.02724
13.478756
13.806146
14.460924
14.350377
13.589303
13.916693
14.350377
13.151368
14.350377
14.677766
15.328293
14.456672
14.129283
14.022987
14.350377
14.45242
14.562967
15.545134
16.412502
16.195662
16.629345
16.846186
16.841934
16.191408
16.952482
16.297703
18.257786
17.603008
16.297703
16.518799
16.739893
16.518799
16.412502
16.306208
15.872524
16.195662
15.540882
16.306208
15.651429
14.779808
15.761976
15.328293
15.43884
14.23983
15.217746
14.567219
15.872524
16.412502
15.319788
15.974566
16.412502
16.518799
16.40825
17.173576
16.191408
16.846186
16.629345
17.063028
17.063028
15.974566
15.974566
15.868271
16.629345
16.412502
15.868271
15.545134
15.983071
15.000902
15.217746
16.089365
15.647177
16.518799
16.412502
15.974566
16.629345
15.655681
15.978818
15.545134
15.766228
15.000902
14.788313
15.328293
14.567219
15.766228
14.456672
14.567219
15.221997
14.677766
14.022987
14.460924
15.549385
15.43884
15.217746
16.195662
16.739893
15.974566
16.412502
17.611511
16.956734
16.195662
17.071531
15.545134
15.545134
16.093616
14.784061
15.000902
14.460924
14.682017
13.483009
13.810397
13.155619
13.69985
13.155619
13.483009
13.920944
14.35888
13.704102
13.266166
14.248333
13.049324
12.611388
13.376713
13.920944
13.155619
13.920944
14.465176
14.02724
13.5935545
13.483009
14.137786
13.372462
13.5935545
13.48726
13.920944
13.270417
14.031491
14.031491
12.61564
12.836734
12.61564
11.854567
11.748272
12.186207
11.208292
11.425134
11.425134
10.880902
11.097745
11.858818
10.770356
10.442967
10.991449
11.425134
10.5535145
10.991449
10.668313
10.774608
9.9029875
11.539933
10.880902
9.9029875
11.429386
10.447219
10.770356
10.664061
11.425134
10.664061
10.991449
11.425134
12.296754
11.420882
12.403049
12.513597
11.314588
11.641976
11.752523
11.752523
11.973618
12.079912
10.447219
11.752523
11.531429
12.186207
10.664061
11.535681
11.318839
10.774608
9.469303
10.234629
10.668313
10.45147
10.013535
10.340923
12.407301
11.531429
11.314588
11.752523
11.858818
11.641976
11.646228
11.535681
11.425134
11.425134
11.646228
12.513597
12.075661
12.513597
12.619891
12.619891
11.752523
12.407301
11.752523
11.318839
12.951532
12.730438
10.880902
11.8630705
11.318839
11.531429
12.186207
12.296754
11.425134
11.867322
10.668313
9.686145
10.77886
11.2125435
10.991449
11.867322
11.429386
11.752523
12.407301
12.734691
11.531429
12.186207
12.513597
13.814649
13.48726
13.376713
13.708355
13.266166
13.704102
14.248333
14.465176
12.726187
12.730438
13.057828
12.186207
10.991449
12.517848
11.425134
11.208292
12.075661
12.840985
12.075661
11.858818
12.619891
12.509345
13.818902
13.704102
13.704102
13.159871
14.142038
12.943029
12.832482
13.704102
13.925196
13.274671
13.168375
12.186207
12.513597
10.991449
12.513597
11.535681
12.296754
11.752523
11.641976
11.425134
12.190459
12.730438
11.8630705
12.403049
12.730438
13.491511
12.836734
13.814649
13.48726
12.726187
11.965114
12.619891
12.943029
12.288251
13.597807
13.270417
12.398798
13.164123
11.965114
12.296754
11.752523
11.318839
11.318839
11.8630705
11.318839
11.535681
11.752523
12.624144
11.969365
12.186207
12.726187
13.602058
12.509345
11.748272
12.734691
11.646228
10.774608
12.190459
12.734691
12.624144
11.208292
11.097745
11.425134
12.840985
12.840985
12.296754
12.407301
11.2125435
12.079912
11.318839
11.535681
11.314588
11.097745
12.513597
12.513597
10.880902
10.774608
10.991449
10.995702
10.774608
10.340923
11.539933
10.664061
10.774608
11.2125435
11.101996
9.9029875
11.101996
11.641976
11.535681
12.186207
12.513597
11.969365
12.079912
10.770356
10.557766
11.756775
10.664061
11.425134
11.425134
10.991449
11.535681
12.513597
12.186207
12.730438
11.858818
12.517848
11.969365
11.318839
11.318839
11.314588
12.301006
10.447219
10.5535145
10.991449
11.101996
10.668313
10.230376
10.995702
9.796692
9.584103
10.566269
9.69465
9.039871
9.473556
10.340923
11.101996
10.668313
10.447219
11.208292
11.8630705
10.557766
11.756775
10.885155
10.45147
11.973618
12.513597
10.880902
11.535681
12.186207
10.557766
11.646228
11.429386
10.557766
11.65048
11.216796
9.36726
9.911491
9.690397
9.3630085
10.45147
9.796692
11.323091
11.101996
10.885155
10.991449
10.45147
11.65048
10.995702
10.447219
10.557766
11.101996
11.646228
10.119829
10.124082
10.45147
9.907239
9.584103
10.23888
10.017787
9.57985
10.234629
10.995702
10.885155
10.668313
10.995702
11.2125435
10.991449
11.101996
11.539933
10.880902
11.208292
12.190459
10.880902
10.447219
10.668313
10.885155
10.557766
9.57985
9.796692
10.124082
9.584103
9.800944
9.57985
10.668313
10.668313
10.664061
11.535681
11.535681
10.664061
11.425134
10.447219
11.2125435
11.318839
11.208292
10.991449
10.770356
10.5535145
12.186207
11.969365
11.858818
11.858818
11.425134
11.969365
11.965114
11.314588
12.513597
13.053576
12.619891
11.858818
12.186207
11.858818
12.071408
12.947281
12.947281
13.814649
11.854567
13.270417
13.270417
12.832482
12.61564
11.965114
12.513597
12.075661
12.181956
13.053576
12.947281
11.854567
13.164123
12.509345
11.637725
13.380964
12.947281
12.619891
13.053576
14.252585
14.252585
13.708355
13.48726
14.02724
14.682017
14.682017
13.5935545
13.920944
13.920944
14.137786
14.465176
13.270417
13.814649
14.137786
15.336795
14.354629
15.226248
15.115701
15.115701
14.682017
14.137786
14.465176
14.792564
14.788313
15.226248
14.89886
14.682017
14.350377
14.2440815
15.226248
14.57147
14.89886
15.009407
15.659932
13.810397
14.903111
14.682017
14.465176
14.137786
15.115701
14.89886
15.115701
14.02724
14.89886
14.682017
14.354629
15.336795
15.115701
15.332544
15.43884
16.204163
15.655681
16.744143
15.655681
15.766228
15.872524
15.872524
16.199913
15.876775
17.071531
15.328293
15.983071
15.766228
15.11145
15.005156
15.226248
14.788313
14.137786
15.443091
13.916693
14.460924
15.115701
14.57147
14.460924
14.465176
14.460924
14.784061
16.093616
16.31046
16.199913
15.217746
15.983071
15.217746
16.527302
15.549385
16.204163
16.199913
16.306208
15.655681
16.633596
16.416756
15.876775
15.766228
15.868271
16.089365
17.06728
16.093616
14.89886
14.456672
14.022987
14.89886
15.115701
15.221997
14.57147
15.115701
14.354629
14.354629
14.354629
14.792564
14.57147
13.053576
13.053576
13.597807
13.925196
14.035743
14.142038
12.832482
14.142038
13.491511
13.48726
13.708355
13.708355
13.491511
14.35888
13.376713
15.336795
15.876775
17.177828
17.72206
16.846186
16.412502
16.199913
16.093616
14.354629
14.2440815
14.137786
15.119954
15.119954
14.460924
15.226248
15.659932
14.682017
13.925196
13.708355
14.035743
13.159871
15.336795
15.553638
15.549385
15.659932
15.655681
15.761976
16.637848
17.06728
15.540882
15.766228
15.659932
15.226248
14.465176
14.252585
12.840985
11.101996
9.039871
10.23888
8.82728
6.4377656
8.181006
6.765155
8.287301
8.606187
10.455723
12.084165
12.513597
11.854567
13.270417
14.465176
13.69985
15.987322
15.43884
14.677766
15.226248
15.009407
15.009407
15.226248
13.704102
14.252585
13.920944
12.730438
12.190459
11.8630705
11.756775
12.301006
12.513597
12.292503
13.274671
12.075661
12.186207
11.965114
11.960861
14.903111
15.009407
14.354629
14.682017
13.270417
13.164123
12.509345
12.403049
11.973618
13.168375
12.296754
11.646228
11.867322
10.566269
10.128334
8.499891
9.265217
10.566269
10.349427
9.805196
10.6725645
10.455723
10.562017
10.45147
12.5220995
12.301006
10.668313
12.084165
11.323091
11.756775
12.517848
11.646228
11.756775
11.2125435
10.340923
11.323091
10.6725645
11.433638
9.907239
9.57985
11.323091
10.885155
10.340923
10.45147
11.429386
12.296754
12.186207
11.752523
13.274671
13.380964
12.292503
13.164123
13.597807
12.398798
13.925196
14.142038
13.053576
13.48726
13.053576
13.818902
12.730438
12.079912
12.734691
11.973618
11.323091
10.345176
9.36726
9.805196
8.499891
8.1725025
9.044123
9.584103
9.911491
9.911491
9.805196
9.146166
8.933577
10.132585
10.243132
8.716734
9.265217
9.588354
8.933577
8.499891
8.389345
8.278798
9.911491
9.150418
9.584103
9.911491
9.911491
9.150418
9.039871
8.385093
8.389345
9.146166
8.49564
9.039871
10.128334
9.69465
9.039871
10.455723
9.69465
9.039871
9.477807
9.584103
10.783112
8.929324
9.911491
10.889407
10.017787
9.800944
9.584103
11.216796
11.2125435
10.345176
11.106249
11.323091
11.106249
11.2125435
11.65048
11.101996
11.867322
10.995702
10.234629
10.0220375
10.132585
10.455723
10.455723
10.128334
10.783112
10.455723
10.889407
10.345176
10.562017
10.128334
10.345176
9.3630085
9.584103
9.36726
10.783112
9.477807
9.69465
10.459974
9.805196
10.455723
10.23888
9.800944
10.017787
10.668313
10.562017
10.885155
12.084165
11.8630705
11.539933
10.999953
10.77886
10.562017
10.23888
9.911491
9.039871
8.929324
9.911491
9.69465
9.911491
9.805196
9.36726
9.36726
9.584103
9.69465
10.128334
9.260964
8.933577
8.716734
9.911491
10.0220375
8.601935
10.23888
9.039871
9.150418
9.260964
8.49564
9.150418
8.061955
9.150418
9.477807
9.044123
9.150418
9.915743
8.933577
8.278798
9.477807
8.933577
9.477807
8.929324
9.044123
9.044123
8.499891
8.28305
8.716734
9.260964
9.260964
8.606187
8.061955
8.610438
9.15467
7.6282716
7.0882916
7.849365
7.955661
7.305134
8.937827
7.521976
8.28305
8.610438
7.955661
8.937827
8.066207
8.393597
8.937827
8.82728
8.933577
9.915743
9.911491
9.805196
9.260964
9.911491
8.716734
8.716734
9.150418
8.278798
8.278798
8.278798
8.28305
8.1725025
7.738818
8.504144
8.393597
9.265217
7.849365
6.87145
8.181006
7.305134
6.87145
7.526228
7.415681
7.1988387
7.853617
7.526228
7.5304804
8.074712
8.181006
7.1988387
8.720985
8.393597
8.393597
8.176754
7.849365
8.287301
8.28305
8.393597
7.632523
8.504144
8.176754
8.287301
8.499891
8.176754
8.716734
7.4114294
9.371511
8.061955
7.955661
7.738818
8.504144
7.74307
6.2209234
7.092544
6.6588597
6.5483127
6.5483127
6.875702
7.419933
5.7872396
5.791491
6.4420176
5.8977866
6.4420176
5.7872396
6.2209234
6.5483127
6.875702
6.765155
7.092544
6.765155
6.5483127
6.3314705
6.0040812
7.419933
6.3314705
6.4377656
6.3314705
6.3314705
5.6809444
5.353555
5.6809444
5.136713
4.7030287
6.663111
5.24726
5.136713
5.464102
5.5703974
6.114629
5.4598503
6.3314705
6.981997
6.6588597
7.203091
7.203091
5.243008
5.136713
5.24726
4.1587977
4.1587977
5.030418
5.030418
5.24726
5.136713
5.24726
5.24726
5.353555
5.136713
6.2251754
5.791491
5.136713
6.769407
6.4420176
5.353555
7.092544
5.893534
5.7872396
6.875702
6.875702
5.893534
6.5483127
6.4377656
7.092544
7.74307
6.544061
6.5483127
7.419933
6.544061
7.747322
6.981997
6.654608
6.654608
6.765155
6.4377656
6.87145
7.5304804
6.654608
6.0040812
6.875702
6.5483127
6.765155
6.875702
6.654608
6.654608
6.765155
7.415681
7.0882916
6.765155
7.853617
6.4377656
6.765155
7.9599123
6.5483127
7.305134
8.393597
7.521976
8.066207
8.610438
7.955661
7.955661
8.499891
7.9599123
9.371511
8.1725025
9.044123
9.588354
9.260964
9.260964
10.0220375
9.150418
9.915743
10.132585
9.044123
8.504144
8.937827
8.28305
9.15467
7.955661
9.915743
8.933577
7.738818
9.371511
8.1725025
9.15467
8.937827
9.915743
10.0220375
10.6725645
9.911491
10.566269
9.36726
9.800944
9.584103
9.256713
11.327342
11.106249
10.77886
10.889407
11.429386
10.557766
11.539933
11.8630705
11.2125435
12.517848
12.079912
11.973618
11.097745
11.646228
12.296754
11.318839
12.084165
11.323091
10.889407
10.885155
11.429386
11.756775
11.318839
10.885155
11.106249
11.2125435
10.995702
10.885155
12.301006
12.730438
12.730438
12.836734
12.836734
12.186207
13.278922
12.407301
11.2125435
11.867322
11.101996
11.318839
12.513597
12.836734
13.385218
13.491511
12.836734
11.969365
12.840985
12.513597
12.403049
13.491511
12.730438
12.407301
11.641976
12.513597
13.057828
12.075661
12.951532
12.186207
12.296754
12.840985
12.190459
12.517848
11.429386
11.539933
11.646228
11.535681
11.969365
11.965114
11.858818
12.079912
12.840985
12.079912
13.495763
13.818902
12.513597
12.730438
13.053576
12.292503
13.164123
13.164123
12.947281
12.619891
12.513597
12.840985
11.637725
13.380964
13.704102
12.186207
11.969365
12.624144
11.752523
13.712605
13.491511
13.380964
13.818902
12.730438
12.730438
13.385218
12.407301
12.079912
12.296754
11.208292
11.101996
11.318839
11.8630705
12.513597
13.602058
12.407301
11.973618
11.756775
10.77886
12.517848
11.969365
13.495763
13.168375
12.186207
12.951532
12.840985
13.057828
12.947281
12.186207
13.057828
13.385218
12.624144
12.186207
12.513597
12.407301
11.425134
13.495763
13.164123
14.035743
13.602058
13.380964
12.836734
11.973618
12.407301
11.539933
12.190459
12.296754
11.539933
11.973618
11.318839
11.429386
11.208292
12.845238
12.190459
11.8630705
11.973618
11.756775
10.557766
11.646228
13.389469
11.8630705
12.407301
13.057828
12.951532
11.8630705
11.539933
11.973618
11.106249
10.234629
11.761026
10.562017
10.128334
10.128334
10.783112
9.477807
9.146166
8.606187
10.893659
9.039871
10.23888
11.327342
10.77886
10.23888
10.345176
9.911491
11.327342
10.566269
9.36726
10.0220375
10.132585
9.15467
8.066207
9.260964
9.911491
9.911491
10.455723
9.69465
10.893659
9.260964
9.150418
8.393597
9.375764
9.044123
8.176754
8.937827
8.8315325
9.150418
9.800944
9.256713
10.889407
10.562017
10.885155
11.756775
12.084165
10.340923
8.929324
9.256713
8.716734
8.287301
7.1988387
7.9641643
6.769407
6.4462695
4.379892
2.4283128
1.8883334
0.25563982
1.348354
1.1315118
1.1315118
2.7642052
2.4325645
2.8662488
3.6273217
4.2735963
6.1188803
7.092544
7.74307
8.176754
9.477807
9.36726
10.455723
10.566269
10.128334
10.345176
10.889407
10.345176
9.907239
10.128334
8.1725025
5.7872396
4.8135757
2.2114706
1.7777863
1.3441021
1.9988803
0.3661868
0.3661868
1.2335552
1.5609442
2.2114706
2.534608
4.3841434
3.7293656
3.074587
5.0346694
6.4420176
5.7872396
7.5304804
7.74307
6.765155
6.875702
5.8977866
4.9198713
4.4861865
4.1587977
4.924123
4.1630497
2.7514498
3.62307
2.4283128
1.5566925
2.4325645
3.0830908
2.1009235
2.972544
2.3177657
2.861997
2.1009235
3.2956812
3.4019763
3.6188183
4.0525026
5.24726
4.7030287
5.791491
4.924123
4.924123
4.490439
2.640903
3.7336173
1.8840815
2.2114706
2.5388596
1.1230083
2.7557018
2.968292
4.0610065
2.968292
3.406228
3.5125234
2.968292
4.2735963
4.0525026
4.379892
5.574649
4.9198713
4.9198713
5.136713
4.371388
6.3357224
4.592482
4.4861865
4.7072806
4.7072806
3.1851342
4.490439
3.1851342
3.7293656
4.379892
4.269345
4.379892
3.9419558
4.4861865
4.4861865
4.379892
3.5082712
4.1587977
5.791491
6.2251754
5.6809444
6.4420176
4.8093243
6.5525646
5.4598503
7.096796
6.6588597
5.243008
5.026166
5.357807
3.6145666
3.9419558
4.1587977
4.1587977
3.9377036
5.7829876
6.5483127
6.216672
6.760903
5.451347
5.778736
6.8671985
7.738818
8.061955
7.840862
9.256713
9.690397
9.035619
10.234629
10.995702
10.234629
10.128334
8.8230295
7.092544
7.309386
6.4420176
6.8799534
6.3357224
5.357807
5.6851964
6.012585
5.791491
5.357807
5.791491
4.592482
5.030418
5.243008
7.313638
6.875702
7.415681
7.738818
8.389345
8.49564
8.49564
9.039871
8.601935
9.584103
9.039871
8.712482
8.49564
8.606187
8.929324
8.606187
8.278798
7.4114294
7.955661
6.9777446
5.99983
6.654608
6.2209234
6.3314705
7.1988387
7.1988387
7.6282716
8.061955
9.150418
9.584103
8.929324
9.36726
10.017787
9.039871
9.690397
8.929324
9.36726
8.712482
9.584103
9.36726
9.146166
9.69465
9.256713
9.146166
10.23888
8.712482
9.150418
9.039871
9.039871
9.256713
10.128334
10.017787
9.690397
9.473556
9.800944
9.800944
9.584103
9.911491
9.473556
8.606187
9.150418
9.477807
8.716734
7.7345667
8.716734
8.720985
9.15467
7.849365
7.849365
7.4114294
7.305134
7.9599123
8.28305
8.28305
8.937827
9.260964
9.044123
8.499891
8.610438
7.8451138
8.1725025
9.584103
9.150418
9.805196
8.8230295
8.061955
8.28305
8.28305
7.521976
7.305134
7.9599123
6.9777446
6.981997
6.2209234
5.893534
6.114629
6.3314705
6.5483127
6.114629
7.636775
7.0882916
6.5483127
6.110377
6.5483127
5.893534
6.544061
7.0882916
7.309386
8.176754
7.0882916
6.2209234
7.309386
7.74307
6.981997
6.4377656
7.74307
7.1945877
6.760903
6.87145
7.849365
7.1945877
7.1988387
6.760903
6.654608
7.521976
5.99983
7.526228
6.760903
7.9599123
6.87145
7.849365
7.1988387
7.415681
7.309386
6.654608
7.419933
6.87145
6.981997
8.181006
7.203091
8.287301
8.393597
8.066207
8.937827
7.415681
8.287301
7.738818
7.632523
8.393597
8.389345
8.720985
8.393597
7.738818
9.15467
9.69465
9.477807
9.044123
10.0220375
8.716734
9.15467
9.915743
8.499891
8.82728
9.265217
9.15467
8.389345
8.82728
8.610438
7.849365
7.74307
9.048374
8.28305
9.915743
10.132585
9.805196
9.36726
9.150418
9.150418
9.69465
10.0220375
9.911491
10.017787
10.566269
9.69465
10.132585
9.69465
10.566269
9.69465
11.1105
10.455723
11.106249
10.77886
11.756775
11.539933
11.429386
11.2125435
11.2125435
11.65048
12.190459
12.517848
11.429386
13.389469
13.168375
11.752523
13.057828
12.734691
13.062079
12.296754
12.079912
11.756775
11.867322
12.190459
12.517848
11.646228
12.407301
13.168375
12.079912
12.845238
12.079912
12.407301
13.274671
13.278922
13.062079
13.062079
11.973618
12.407301
12.407301
12.734691
12.513597
11.646228
12.951532
11.752523
11.646228
12.628395
12.301006
12.624144
11.973618
12.734691
11.646228
11.752523
11.973618
13.385218
12.624144
13.385218
14.363132
14.579974
13.597807
13.597807
13.814649
13.925196
13.491511
13.053576
11.641976
11.752523
12.296754
10.885155
12.628395
11.101996
11.318839
11.977869
11.101996
11.2125435
11.535681
11.646228
13.062079
13.168375
12.624144
14.039994
13.385218
13.708355
14.469427
15.341048
14.575723
14.575723
15.119954
15.230501
14.575723
13.704102
14.575723
14.248333
14.142038
14.142038
12.947281
13.491511
13.491511
13.164123
12.840985
13.385218
11.535681
11.646228
12.624144
12.840985
13.057828
13.385218
12.947281
13.057828
12.624144
12.836734
12.509345
14.035743
13.597807
14.142038
14.142038
13.704102
14.579974
15.009407
14.248333
14.469427
13.814649
13.704102
15.013659
14.35888
14.142038
14.68627
13.814649
13.164123
14.469427
14.031491
13.814649
14.903111
14.682017
14.248333
14.248333
13.810397
13.48726
14.579974
13.814649
14.031491
14.035743
14.035743
14.035743
13.597807
12.840985
13.164123
12.730438
14.14629
13.597807
14.35888
14.469427
15.013659
14.248333
15.557889
14.682017
14.465176
14.903111
14.682017
15.005156
16.425257
15.766228
15.336795
15.876775
15.876775
15.443091
15.115701
15.443091
15.553638
14.788313
15.443091
15.443091
15.553638
14.57147
14.788313
15.226248
14.89886
14.89886
14.89886
15.119954
14.682017
15.119954
14.02724
15.119954
14.57147
14.137786
15.226248
14.682017
14.89886
14.89886
15.770479
14.57147
15.443091
15.009407
15.549385
16.31471
15.553638
15.328293
15.876775
15.005156
14.682017
15.336795
15.553638
14.89886
14.792564
15.553638
14.57147
14.89886
14.89886
14.248333
15.119954
14.903111
13.704102
14.35888
14.031491
14.142038
13.704102
14.252585
13.270417
14.68627
14.35888
14.465176
13.704102
14.248333
13.920944
14.465176
14.469427
14.248333
14.682017
13.376713
14.354629
13.483009
14.792564
14.465176
13.920944
15.119954
14.248333
14.469427
14.248333
14.035743
13.925196
13.704102
13.704102
14.469427
13.818902
13.380964
13.925196
12.947281
13.385218
12.624144
12.186207
11.752523
12.079912
12.734691
11.535681
10.995702
10.668313
10.557766
10.885155
10.668313
10.77886
11.973618
11.756775
11.429386
10.991449
11.539933
10.668313
10.885155
10.885155
11.761026
10.77886
11.756775
11.106249
11.106249
11.433638
11.106249
10.45147
11.433638
11.2125435
10.668313
11.433638
11.323091
10.234629
10.6725645
11.433638
11.433638
11.106249
11.1105
10.455723
9.69465
9.044123
8.82728
8.28305
7.305134
8.720985
9.482059
8.287301
8.176754
8.8315325
7.9599123
9.158921
8.176754
8.176754
9.375764
9.15467
9.371511
8.393597
8.28305
9.15467
8.389345
8.28305
9.044123
8.937827
8.614691
8.8315325
7.415681
6.981997
8.508395
8.397848
6.654608
7.636775
7.9641643
7.526228
6.654608
6.4377656
6.875702
6.4420176
6.875702
7.313638
7.309386
6.5483127
8.074712
6.765155
6.87145
6.981997
8.181006
6.4377656
7.5304804
6.6588597
5.7872396
6.986249
7.5304804
5.7872396
6.4420176
5.8977866
7.096796
6.3314705
6.008333
6.3357224
6.3357224
5.791491
6.8799534
5.8977866
6.4420176
6.986249
6.6588597
6.4420176
6.769407
7.096796
7.096796
6.5525646
6.5525646
4.7030287
5.902038
6.4462695
5.357807
5.578901
6.012585
5.902038
4.7072806
4.490439
5.251512
5.6851964
4.5967336
4.924123
5.468354
5.791491
5.357807
5.574649
6.5525646
5.6809444
6.3357224
6.1188803
5.791491
5.902038
7.096796
5.5703974
6.769407
6.5525646
6.6588597
6.3314705
8.729489
7.419933
6.0040812
7.203091
8.074712
6.5483127
7.5304804
7.636775
6.4377656
7.636775
8.2915535
6.875702
7.5304804
6.4420176
6.0040812
6.6588597
7.203091
7.857869
6.5483127
7.203091
8.074712
7.5304804
8.074712
6.875702
7.857869
7.747322
7.747322
7.6410265
7.313638
6.986249
7.6410265
7.313638
7.4241843
7.747322
7.9641643
7.313638
7.5304804
7.313638
8.4021
7.419933
8.181006
8.397848
8.614691
7.419933
8.614691
8.94208
8.8315325
8.181006
8.2915535
7.419933
8.618942
7.9641643
7.853617
8.181006
7.9641643
7.747322
7.419933
7.9641643
7.9641643
7.203091
7.203091
7.419933
8.2915535
8.181006
8.397848
9.375764
8.181006
8.397848
8.070459
9.265217
9.375764
8.720985
9.269468
8.94208
8.8315325
9.269468
8.720985
8.397848
8.504144
8.070459
9.052627
8.504144
8.94208
7.419933
8.4021
7.857869
8.074712
7.636775
8.074712
7.203091
7.747322
8.4021
7.5304804
6.986249
7.4241843
6.769407
6.769407
8.078962
7.313638
7.207342
6.986249
6.2251754
7.7515736
7.313638
7.207342
7.096796
7.096796
7.313638
7.5304804
6.4420176
7.747322
7.6410265
6.769407
7.857869
8.508395
8.181006
7.9641643
7.9641643
7.5304804
7.853617
7.747322
7.419933
8.508395
8.618942
7.313638
7.526228
7.747322
7.747322
7.5304804
8.185258
8.508395
7.857869
7.9684157
7.857869
7.096796
6.6588597
6.3357224
7.4241843
7.9684157
6.8799534
6.7736583
6.5525646
7.4241843
6.8799534
7.313638
8.074712
7.419933
7.5304804
8.2915535
8.725238
9.052627
8.397848
7.419933
8.2915535
7.309386
8.4021
8.725238
8.614691
8.287301
8.181006
8.508395
7.636775
8.508395
8.94208
8.397848
8.614691
8.176754
8.181006
8.287301
8.508395
8.181006
7.74307
8.835785
7.74307
7.636775
8.618942
8.181006
7.5304804
7.5304804
8.2915535
7.419933
8.508395
8.725238
8.614691
10.136837
8.8315325
7.9599123
9.919995
9.809448
9.048374
9.919995
9.809448
8.720985
9.375764
8.720985
8.504144
8.8315325
9.703153
9.809448
8.8315325
9.048374
9.15467
10.02629
8.499891
8.937827
9.482059
8.8315325
9.809448
8.82728
8.610438
9.592606
9.482059
8.499891
8.504144
9.919995
8.720985
9.048374
9.375764
9.482059
9.805196
10.570521
10.132585
10.349427
10.787363
10.23888
11.004206
10.0220375
10.0220375
11.1105
11.221047
10.128334
10.349427
10.893659
10.676816
11.1105
11.216796
11.65048
10.562017
11.871573
11.65048
10.017787
10.6725645
10.566269
10.893659
10.6725645
11.654732
10.783112
10.349427
10.349427
10.566269
9.698901
9.698901
9.809448
9.265217
9.158921
9.482059
10.459974
9.371511
10.893659
10.893659
10.676816
10.349427
10.889407
11.221047
10.893659
11.216796
9.69465
11.1105
11.654732
11.216796
11.106249
11.65048
12.411553
11.106249
11.539933
12.849489
13.062079
12.407301
13.062079
13.164123
12.951532
14.14629
13.168375
13.164123
12.730438
13.168375
12.190459
12.079912
12.079912
11.323091
10.676816
9.260964
8.287301
7.747322
6.5483127
7.313638
7.9684157
7.309386
7.526228
10.681068
10.893659
12.5220995
13.712605
15.230501
15.447342
14.89886
15.659932
15.009407
15.983071
15.987322
15.226248
15.447342
14.465176
15.013659
13.057828
12.190459
11.106249
11.327342
9.805196
10.23888
10.459974
10.243132
8.499891
10.353679
9.260964
10.0220375
10.566269
10.783112
11.323091
12.301006
12.734691
12.840985
13.057828
12.730438
13.168375
14.256837
15.451593
14.579974
14.579974
13.929449
13.823153
13.712605
12.845238
13.283173
12.084165
11.323091
11.871573
12.5220995
10.668313
11.539933
12.305258
11.646228
12.194712
12.628395
13.062079
12.628395
13.062079
12.734691
11.106249
11.2125435
11.977869
11.327342
11.544185
10.889407
11.1105
10.783112
11.544185
10.562017
11.544185
11.323091
11.65048
11.106249
11.65048
12.301006
11.65048
12.084165
11.867322
12.738942
12.845238
11.867322
11.977869
12.194712
12.301006
12.194712
11.756775
11.867322
11.544185
11.216796
11.761026
11.106249
11.216796
11.216796
11.433638
11.761026
11.539933
11.544185
10.783112
11.327342
10.455723
10.893659
11.216796
10.455723
10.23888
11.106249
10.783112
11.327342
11.216796
11.327342
11.221047
10.349427
10.02629
10.787363
9.482059
9.919995
10.570521
8.28305
9.915743
10.243132
9.044123
10.136837
9.703153
7.849365
9.703153
8.82728
9.260964
9.477807
9.260964
9.805196
10.455723
10.6725645
10.562017
11.654732
10.783112
10.128334
10.783112
10.243132
9.915743
9.044123
9.265217
8.937827
10.02629
8.937827
9.265217
8.393597
8.614691
8.287301
7.632523
8.8315325
8.720985
8.94208
8.614691
8.393597
8.066207
9.048374
9.809448
9.15467
10.243132
9.588354
9.805196
10.459974
10.455723
11.1105
10.999953
11.761026
10.566269
11.437889
10.783112
11.1105
11.114753
10.132585
8.176754
9.919995
8.82728
9.15467
10.681068
9.809448
8.82728
8.8315325
9.698901
9.15467
8.720985
7.849365
9.486311
9.158921
7.415681
9.052627
7.9641643
8.835785
8.2915535
9.052627
8.504144
9.158921
9.048374
9.265217
9.158921
10.136837
10.353679
9.044123
10.353679
10.676816
11.437889
10.128334
11.871573
10.893659
10.566269
10.23888
11.1105
10.0220375
10.132585
9.805196
8.937827
8.937827
9.482059
9.375764
9.703153
9.592606
9.265217
8.8315325
8.8315325
9.703153
8.504144
8.725238
8.8315325
9.265217
9.809448
9.260964
9.15467
10.787363
11.221047
10.128334
10.243132
9.915743
9.809448
9.698901
9.703153
9.375764
9.919995
10.136837
8.720985
8.8315325
9.048374
9.375764
9.809448
9.158921
8.508395
8.508395
7.9641643
6.875702
8.074712
8.614691
9.15467
8.720985
8.8315325
9.158921
7.0882916
7.747322
7.853617
8.614691
8.181006
9.596858
8.8315325
6.87145
8.94208
9.265217
8.066207
9.919995
8.610438
7.849365
10.353679
8.8315325
8.8315325
9.596858
9.592606
8.8315325
10.136837
9.15467
9.477807
8.937827
8.8315325
7.9599123
9.375764
9.269468
9.703153
9.592606
9.486311
9.375764
9.809448
8.8315325
8.8315325
8.066207
8.070459
9.375764
8.070459
8.070459
9.158921
9.486311
8.070459
8.725238
8.94208
9.048374
8.720985
8.94208
9.915743
9.588354
10.243132
9.915743
10.349427
9.805196
10.02629
10.243132
10.459974
10.132585
11.114753
9.805196
10.676816
10.353679
11.004206
9.805196
11.004206
11.004206
10.893659
10.893659
11.548436
10.676816
10.6725645
10.676816
10.676816
10.787363
10.132585
10.243132
11.765279
11.658983
9.588354
10.02629
10.132585
9.371511
10.243132
9.805196
10.349427
10.676816
11.221047
10.459974
10.787363
10.676816
10.566269
11.765279
11.1105
11.216796
11.004206
11.654732
10.6725645
11.437889
12.305258
11.437889
11.871573
12.088415
11.433638
12.088415
12.305258
11.544185
12.198963
11.867322
11.323091
12.955785
11.756775
11.867322
12.5220995
12.088415
11.323091
11.323091
12.088415
11.323091
12.738942
12.738942
12.951532
12.730438
12.301006
13.823153
14.039994
12.840985
13.495763
13.168375
12.951532
13.60631
13.60631
13.495763
13.278922
12.951532
13.278922
13.062079
12.5220995
12.411553
12.517848
12.084165
13.283173
12.411553
12.628395
13.712605
13.168375
13.712605
14.14629
14.363132
13.491511
13.602058
14.469427
14.248333
14.903111
14.796817
13.708355
13.164123
12.845238
12.296754
11.429386
12.5220995
12.305258
11.433638
11.327342
11.544185
10.77886
11.106249
11.544185
12.305258
13.1726265
11.867322
12.5220995
11.867322
12.411553
13.9337
14.14629
15.124206
15.557889
14.248333
15.447342
15.119954
15.664186
15.447342
15.230501
15.341048
14.796817
14.68627
14.575723
15.013659
13.814649
14.14629
12.730438
13.062079
11.867322
9.800944
9.592606
7.853617
6.986249
6.5525646
6.339974
6.012585
6.012585
6.9905005
7.9684157
7.5304804
9.486311
11.875826
10.783112
12.305258
14.801068
14.252585
15.230501
17.075785
17.509468
17.071531
16.637848
16.421007
15.447342
16.535805
15.668436
12.734691
12.301006
10.893659
10.676816
8.504144
8.835785
8.2915535
6.875702
7.6410265
6.4462695
5.468354
5.251512
6.339974
7.313638
7.747322
8.8315325
9.805196
9.584103
12.5220995
12.845238
13.062079
14.039994
12.734691
13.062079
12.840985
13.278922
12.738942
11.539933
10.455723
10.893659
10.893659
10.459974
10.459974
9.265217
7.9599123
9.269468
7.853617
7.092544
8.2915535
7.309386
6.6588597
7.203091
6.4420176
7.857869
7.092544
7.526228
7.9599123
8.070459
8.504144
7.415681
7.747322
7.636775
7.857869
7.309386
7.419933
7.853617
7.313638
6.986249
6.5525646
7.857869
6.114629
7.6410265
7.203091
6.6588597
6.114629
6.769407
7.203091
7.313638
7.419933
7.203091
6.3314705
7.203091
6.875702
6.5483127
6.986249
7.096796
6.008333
6.769407
6.8799534
6.6588597
6.769407
6.5525646
6.114629
6.2251754
6.5525646
5.8977866
6.2251754
5.6809444
5.357807
5.578901
5.468354
4.269345
5.0346694
4.8178277
4.6009855
4.6009855
3.62307
4.928375
4.4946904
4.7115326
5.4726057
5.1452165
5.3620586
3.4019763
3.074587
3.5082712
4.7030287
5.136713
5.3493037
6.981997
7.9599123
7.1945877
8.499891
8.716734
9.36726
9.371511
7.955661
7.305134
8.287301
6.765155
8.070459
8.720985
7.203091
7.203091
6.2251754
6.1188803
6.008333
5.24726
5.140965
5.24726
3.9419558
4.5967336
4.924123
4.37564
4.58823
6.2251754
5.6766925
6.3314705
7.092544
8.176754
7.849365
7.9599123
8.287301
7.526228
7.74307
8.716734
9.260964
10.02629
9.477807
8.1725025
8.176754
7.955661
6.760903
7.853617
6.5483127
6.114629
6.2251754
6.3314705
5.8977866
4.8093243
5.24726
5.030418
3.8314087
4.9198713
5.574649
5.030418
5.6809444
5.24726
6.008333
5.24726
6.5525646
6.3357224
6.6588597
6.5483127
6.4377656
6.5483127
6.4377656
7.203091
7.309386
6.981997
7.74307
8.066207
7.632523
8.28305
7.738818
9.044123
9.371511
8.606187
8.1725025
9.477807
8.061955
8.937827
8.176754
6.9777446
7.419933
6.5483127
5.5703974
6.4462695
6.5525646
4.4861865
5.464102
6.769407
5.6766925
5.6809444
6.3314705
6.0040812
7.857869
7.419933
8.393597
8.066207
9.482059
8.933577
10.0220375
9.805196
8.8230295
8.606187
9.371511
9.150418
8.1725025
8.066207
8.720985
8.066207
7.74307
7.526228
6.87145
7.636775
7.853617
8.937827
7.521976
7.9599123
8.393597
7.738818
9.482059
9.044123
7.415681
8.066207
8.499891
7.849365
8.504144
8.720985
8.066207
8.8315325
8.070459
8.066207
7.9599123
7.853617
6.981997
8.504144
8.28305
7.74307
7.74307
7.9599123
7.1988387
7.309386
7.415681
7.0882916
7.526228
7.415681
7.849365
8.066207
8.720985
8.82728
8.1725025
7.1945877
8.937827
9.150418
9.260964
9.588354
8.82728
8.82728
8.066207
7.849365
9.044123
9.15467
7.738818
7.738818
7.415681
7.415681
7.632523
8.176754
8.8315325
8.28305
8.720985
8.716734
9.044123
8.716734
10.0220375
9.150418
9.915743
9.371511
9.260964
9.915743
10.0220375
9.800944
9.584103
9.36726
10.23888
10.23888
9.69465
10.455723
10.889407
10.455723
10.455723
10.345176
9.473556
10.676816
9.911491
10.23888
10.783112
10.783112
10.566269
10.128334
9.260964
9.477807
10.23888
8.8230295
9.36726
9.69465
9.69465
9.371511
8.716734
10.243132
10.349427
9.36726
9.477807
9.698901
9.915743
9.044123
8.389345
10.02629
8.933577
8.606187
9.260964
9.805196
9.150418
10.349427
9.69465
9.584103
10.017787
9.584103
10.455723
10.455723
9.150418
10.128334
10.349427
10.23888
8.389345
9.044123
8.933577
8.716734
7.632523
7.738818
7.955661
7.305134
7.738818
8.066207
7.849365
9.15467
8.716734
8.929324
8.8230295
9.36726
9.150418
8.933577
9.150418
10.893659
10.349427
9.584103
9.69465
9.584103
10.783112
10.889407
10.345176
10.128334
10.23888
9.800944
9.800944
9.039871
10.23888
9.039871
9.584103
8.933577
8.8230295
8.49564
8.061955
8.066207
8.1725025
9.15467
8.066207
8.610438
8.1725025
8.610438
9.371511
9.044123
7.955661
9.15467
8.499891
9.044123
10.0220375
8.933577
9.805196
8.716734
9.805196
10.0220375
9.473556
10.0220375
9.039871
9.473556
9.146166
10.455723
9.69465
9.800944
9.039871
9.150418
9.256713
8.712482
9.260964
9.911491
8.8230295
9.588354
8.716734
9.69465
9.36726
7.5177245
8.82728
9.69465
9.584103
9.69465
9.69465
9.150418
9.477807
9.260964
9.477807
9.36726
8.499891
9.371511
9.588354
8.933577
9.477807
9.039871
9.584103
9.150418
10.455723
10.0220375
9.911491
9.473556
10.128334
10.128334
10.889407
10.128334
9.911491
10.6725645
10.668313
10.668313
11.323091
10.885155
10.668313
11.2125435
10.995702
10.885155
9.690397
10.017787
9.256713
9.256713
8.168251
10.783112
9.039871
8.8230295
8.8230295
9.256713
10.23888
9.911491
9.690397
9.473556
10.455723
10.128334
8.929324
9.584103
10.6725645
10.23888
10.6725645
10.234629
9.473556
9.473556
10.345176
9.584103
9.3630085
10.23888
10.234629
10.017787
9.911491
10.45147
9.57985
10.124082
9.800944
9.690397
9.800944
9.256713
9.039871
10.234629
9.911491
9.473556
9.800944
8.929324
9.69465
9.039871
9.584103
9.039871
9.690397
10.128334
10.455723
9.686145
10.013535
9.690397
9.686145
10.562017
11.106249
10.557766
11.318839
11.535681
11.425134
12.513597
12.403049
12.840985
11.314588
11.641976
11.531429
12.624144
12.951532
12.296754
10.770356
12.190459
10.447219
10.119829
11.101996
10.45147
9.256713
10.345176
9.3630085
8.601935
10.128334
9.800944
9.36726
9.256713
9.256713
8.168251
8.712482
9.584103
10.017787
10.668313
9.796692
9.57985
9.9029875
10.880902
9.9029875
11.2125435
10.774608
9.800944
10.234629
9.57985
9.690397
10.45147
10.124082
8.601935
9.690397
9.473556
8.8230295
8.49564
8.278798
8.28305
8.8230295
8.933577
9.69465
9.039871
9.3630085
9.584103
9.36726
8.929324
8.8230295
10.455723
9.473556
9.690397
9.800944
10.6725645
10.017787
10.562017
9.800944
10.128334
9.146166
9.911491
9.36726
9.260964
8.606187
8.716734
8.933577
9.044123
9.36726
7.6240196
9.477807
8.061955
8.499891
8.606187
7.7345667
9.69465
8.168251
9.146166
9.256713
10.128334
8.929324
9.800944
8.818777
9.907239
9.473556
10.017787
8.491387
8.601935
9.36726
9.3630085
9.146166
9.36726
9.36726
9.150418
9.150418
8.061955
7.849365
6.8671985
8.28305
7.305134
6.216672
7.526228
6.4377656
6.327219
6.654608
6.875702
7.415681
7.526228
6.433514
7.415681
7.632523
7.521976
7.0840406
9.260964
7.955661
8.389345
8.716734
7.7345667
8.28305
7.0882916
7.849365
6.760903
5.8892827
7.738818
6.6503563
7.849365
6.6503563
6.6503563
6.544061
6.110377
5.6724405
6.981997
5.99983
6.544061
5.893534
6.106125
6.216672
6.981997
7.305134
6.106125
7.415681
7.521976
8.28305
8.1725025
8.499891
8.1725025
8.499891
8.933577
8.716734
7.6282716
9.150418
8.278798
9.260964
9.039871
8.278798
8.712482
8.385093
8.49564
9.039871
8.712482
8.933577
8.385093
8.716734
8.716734
7.7345667
8.061955
7.738818
7.738818
7.955661
8.606187
8.278798
9.69465
8.716734
8.606187
8.1725025
7.8451138
7.951409
9.477807
9.039871
9.146166
9.477807
9.584103
9.256713
9.69465
9.473556
8.601935
9.256713
9.584103
9.57985
10.124082
10.885155
11.646228
10.659809
10.664061
11.2125435
10.5535145
11.208292
11.535681
11.8630705
10.774608
11.429386
11.535681
10.774608
11.429386
10.013535
10.119829
10.557766
10.557766
10.340923
10.995702
11.101996
9.9029875
11.429386
11.969365
11.531429
12.513597
12.403049
12.075661
12.509345
13.48726
13.049324
12.619891
12.288251
12.181956
13.597807
13.270417
13.810397
12.832482
13.049324
12.61564
13.270417
13.270417
13.053576
13.810397
12.071408
13.925196
12.726187
12.832482
12.075661
12.509345
13.159871
13.814649
13.380964
12.61564
12.288251
12.836734
12.726187
13.164123
12.186207
12.730438
11.965114
12.730438
11.965114
12.403049
13.491511
13.270417
12.398798
11.965114
12.292503
12.398798
11.637725
13.270417
12.943029
12.836734
12.836734
12.61564
12.288251
13.597807
12.509345
12.071408
11.965114
12.403049
12.836734
11.7440195
11.204041
11.425134
10.770356
10.987199
11.425134
12.403049
12.075661
12.075661
12.398798
10.987199
12.730438
11.314588
11.752523
11.097745
10.659809
11.637725
12.292503
12.61564
12.177704
13.810397
12.721935
12.832482
13.704102
12.943029
12.61564
13.049324
13.049324
13.69985
14.682017
13.483009
13.916693
13.916693
14.350377
13.372462
13.916693
14.02724
13.266166
13.920944
13.266166
12.938777
13.266166
13.483009
13.483009
13.810397
13.589303
13.916693
12.938777
13.376713
12.832482
12.82823
13.155619
14.465176
14.02724
13.376713
13.049324
13.372462
13.155619
14.57147
14.137786
13.916693
13.916693
14.133534
15.443091
14.354629
14.2440815
14.792564
13.704102
14.02724
13.69985
13.810397
13.69985
14.354629
14.57147
13.483009
14.137786
14.137786
13.483009
13.920944
13.920944
14.354629
13.483009
13.376713
13.376713
13.916693
14.682017
14.2440815
14.350377
15.005156
14.57147
14.567219
13.372462
15.115701
14.677766
14.788313
14.788313
13.916693
14.8946085
14.677766
15.983071
14.677766
14.2440815
14.460924
14.57147
15.115701
15.655681
14.350377
15.549385
15.221997
15.655681
15.766228
15.000902
16.199913
15.655681
15.217746
16.306208
16.633596
16.412502
15.217746
15.107199
15.545134
15.221997
15.43884
14.677766
14.350377
14.460924
14.567219
14.022987
14.2440815
14.677766
14.23983
15.328293
14.677766
15.978818
15.868271
15.545134
15.757724
16.412502
15.647177
17.284122
16.518799
16.301954
17.063028
16.846186
15.757724
15.978818
15.107199
14.784061
13.478756
13.261915
14.02724
13.916693
13.261915
13.261915
13.155619
13.266166
14.133534
13.806146
14.022987
15.655681
14.562967
14.346125
14.996652
15.864019
15.978818
15.000902
15.324039
14.129283
14.456672
14.23983
14.460924
14.133534
12.82823
13.69985
14.677766
14.784061
14.784061
14.567219
14.567219
14.02724
14.2440815
14.23983
15.11145
14.996652
16.739893
17.173576
17.386166
16.94823
18.03244
18.138737
18.793514
18.466124
18.142988
17.16082
18.253534
17.496714
17.27562
16.40825
15.864019
15.978818
14.133534
13.483009
13.049324
12.181956
11.641976
12.509345
13.053576
13.810397
14.784061
17.611511
16.73564
17.81985
18.687218
20.97044
20.855639
21.620964
21.506166
21.837807
21.072481
20.966187
21.18303
20.31566
19.554586
18.580925
18.036694
16.191408
16.629345
14.784061
14.350377
14.133534
14.350377
15.766228
15.651429
16.195662
16.297703
17.390417
15.970315
16.625093
17.271368
18.474628
18.470377
17.492462
18.036694
18.908312
18.470377
18.797766
18.793514
18.35983
18.904062
18.253534
17.377663
17.81985
18.580925
17.713554
16.625093
16.195662
15.319788
16.191408
16.518799
16.297703
16.404
17.60726
16.40825
16.080862
17.063028
15.970315
16.40825
15.974566
16.195662
16.846186
16.301954
16.85044
15.974566
15.974566
15.107199
15.978818
15.974566
15.978818
15.107199
15.540882
14.996652
15.868271
15.974566
15.757724
15.978818
16.73564
16.080862
15.107199
15.213492
14.9924
15.324039
14.562967
14.567219
14.456672
14.129283
14.567219
15.221997
14.456672
14.567219
14.677766
14.346125
14.346125
13.695599
13.806146
14.677766
13.695599
14.133534
13.916693
14.133534
13.91244
13.69985
12.717683
13.155619
13.045072
13.483009
12.288251
12.071408
12.509345
13.053576
12.071408
12.509345
11.858818
11.965114
11.204041
11.858818
12.075661
11.314588
9.9029875
10.774608
9.686145
9.686145
10.124082
9.575599
9.027116
10.005031
11.527178
11.960861
12.938777
13.155619
12.938777
12.071408
12.61564
12.181956
11.531429
11.641976
10.987199
10.774608
10.447219
9.358756
9.031367
10.013535
9.792441
9.792441
10.230376
10.880902
11.097745
11.097745
10.340923
8.491387
10.45147
9.252461
8.712482
9.146166
9.146166
8.929324
9.039871
8.818777
9.686145
10.995702
9.9029875
10.5535145
11.314588
11.314588
11.641976
11.097745
10.447219
10.447219
10.774608
11.535681
9.9029875
10.557766
9.469303
9.57985
9.686145
10.447219
9.796692
10.995702
10.119829
9.252461
9.035619
10.013535
9.9029875
10.45147
9.358756
9.907239
9.690397
10.885155
9.469303
9.57985
10.124082
10.340923
10.013535
10.557766
11.101996
11.097745
11.535681
12.403049
11.965114
12.186207
12.509345
13.053576
13.380964
12.292503
12.181956
12.509345
11.960861
13.708355
12.836734
12.292503
10.880902
10.987199
11.641976
12.190459
10.774608
10.336672
11.429386
11.646228
10.230376
11.429386
10.340923
10.774608
11.969365
12.730438
11.854567
13.704102
13.270417
13.376713
12.509345
13.380964
13.48726
13.920944
12.509345
13.376713
12.943029
13.380964
12.61564
13.164123
12.726187
12.943029
12.075661
12.075661
13.270417
12.730438
12.619891
12.61564
14.248333
13.48726
13.597807
12.721935
12.943029
13.159871
13.704102
13.5935545
14.142038
13.049324
12.943029
13.704102
13.5935545
13.266166
13.159871
12.721935
14.031491
14.137786
13.920944
13.704102
14.465176
14.575723
12.726187
13.5935545
14.137786
15.115701
15.005156
14.354629
14.350377
15.221997
15.226248
14.2440815
14.133534
15.226248
15.43884
14.677766
15.876775
14.567219
14.350377
14.57147
14.354629
14.57147
14.788313
14.137786
14.031491
14.02724
14.57147
14.465176
13.372462
14.354629
14.57147
14.02724
14.465176
13.810397
14.575723
14.137786
13.376713
14.469427
14.682017
13.376713
14.354629
14.137786
13.814649
13.704102
14.248333
14.792564
14.89886
14.465176
14.792564
14.460924
14.465176
14.02724
15.443091
14.677766
14.788313
14.460924
15.221997
14.788313
14.350377
14.460924
15.115701
13.916693
14.354629
13.810397
13.916693
14.248333
13.5935545
13.69985
12.943029
13.704102
13.049324
14.682017
13.920944
14.137786
14.465176
13.810397
14.465176
15.009407
14.89886
15.332544
15.226248
14.788313
16.31471
14.57147
14.57147
14.89886
15.115701
13.916693
15.659932
15.336795
14.89886
15.226248
15.881026
14.792564
14.89886
14.89886
14.89886
14.682017
14.2440815
14.792564
14.57147
14.57147
15.226248
15.009407
15.226248
13.483009
14.354629
15.009407
14.137786
13.5935545
14.575723
14.248333
14.02724
14.465176
13.920944
14.354629
14.682017
13.810397
14.792564
14.137786
14.2440815
15.009407
14.2440815
14.354629
14.465176
14.137786
15.226248
15.009407
14.57147
14.677766
15.115701
14.354629
14.682017
13.483009
13.48726
13.380964
13.704102
13.376713
13.159871
14.248333
14.137786
13.704102
13.376713
13.159871
13.270417
13.597807
13.48726
12.398798
12.726187
13.814649
12.721935
13.920944
14.460924
14.788313
14.788313
15.009407
13.69985
14.792564
14.465176
13.920944
14.57147
15.009407
15.770479
14.8946085
14.788313
14.354629
14.57147
14.2440815
14.354629
14.02724
14.02724
14.89886
14.89886
14.133534
14.460924
14.137786
13.483009
14.89886
13.920944
14.354629
15.009407
13.925196
14.469427
14.248333
13.925196
13.814649
14.031491
13.920944
14.248333
14.137786
14.137786
13.810397
14.031491
14.575723
14.792564
14.575723
14.89886
15.226248
14.89886
15.443091
15.226248
14.788313
15.336795
15.009407
13.704102
14.031491
13.814649
14.248333
14.248333
14.465176
14.465176
13.261915
14.465176
14.792564
13.266166
13.920944
13.48726
12.726187
12.181956
12.836734
13.053576
12.836734
12.943029
12.075661
13.053576
12.075661
13.164123
13.925196
13.274671
12.075661
12.398798
12.292503
12.619891
13.053576
13.053576
12.943029
13.270417
13.814649
13.266166
13.376713
12.726187
12.832482
13.053576
12.943029
13.48726
12.181956
12.61564
13.380964
11.965114
12.730438
11.531429
12.292503
11.858818
13.159871
12.943029
13.053576
12.075661
11.965114
12.186207
10.987199
11.531429
11.858818
11.318839
10.5535145
12.079912
11.425134
11.318839
11.208292
10.557766
9.469303
10.013535
10.45147
10.774608
10.774608
10.991449
11.973618
10.880902
11.208292
11.208292
10.880902
11.429386
11.752523
10.013535
11.2125435
11.646228
11.65048
10.340923
11.756775
10.340923
9.796692
9.690397
9.57985
9.3630085
8.818777
9.584103
9.039871
9.150418
9.256713
9.3630085
9.800944
10.234629
10.017787
9.035619
9.57985
9.473556
9.584103
9.3630085
10.23888
10.562017
10.017787
9.57985
10.889407
10.45147
9.690397
9.150418
8.929324
8.601935
9.690397
10.562017
10.995702
10.557766
10.124082
10.124082
9.686145
10.45147
9.907239
9.907239
10.668313
9.9029875
11.433638
10.234629
10.234629
8.818777
8.818777
9.36726
9.473556
9.256713
9.146166
8.606187
9.150418
9.039871
9.588354
8.8230295
9.256713
9.146166
9.911491
9.3630085
9.146166
9.690397
10.345176
9.57985
10.234629
9.800944
9.3630085
10.668313
10.017787
9.469303
9.57985
10.345176
10.017787
9.36726
9.690397
8.8230295
9.69465
9.473556
9.584103
9.150418
9.150418
9.36726
9.36726
9.36726
8.933577
8.606187
9.584103
8.389345
8.933577
9.039871
8.278798
8.606187
9.150418
8.606187
9.69465
9.584103
7.7345667
9.150418
10.128334
9.36726
9.150418
9.256713
9.911491
9.150418
9.256713
8.49564
9.584103
8.933577
8.712482
9.584103
10.562017
9.911491
10.999953
9.690397
9.690397
10.0220375
10.889407
9.146166
10.234629
9.256713
9.473556
9.473556
9.911491
9.146166
8.929324
8.929324
8.601935
9.911491
9.584103
8.8230295
9.584103
8.929324
9.69465
9.69465
10.128334
9.800944
10.345176
10.017787
9.584103
9.146166
9.256713
9.256713
8.601935
10.349427
10.234629
9.146166
10.017787
9.907239
9.035619
9.3630085
10.45147
9.690397
10.562017
10.345176
10.124082
9.800944
9.473556
9.473556
10.128334
10.017787
9.690397
10.234629
9.473556
9.473556
9.800944
9.800944
8.712482
8.8230295
10.455723
9.36726
8.929324
8.385093
9.150418
9.473556
8.712482
10.562017
10.345176
10.455723
10.128334
10.455723
9.690397
10.234629
9.146166
11.323091
10.45147
10.013535
10.340923
9.796692
10.124082
11.106249
9.907239
9.796692
10.128334
10.234629
10.77886
10.340923
10.995702
11.101996
10.557766
9.690397
9.800944
9.907239
9.3630085
10.234629
9.800944
9.473556
9.146166
9.473556
10.77886
9.146166
9.146166
9.911491
10.017787
10.128334
9.690397
9.473556
10.345176
9.907239
10.017787
11.216796
11.101996
10.013535
10.995702
11.101996
10.885155
11.429386
11.429386
11.101996
10.340923
10.013535
10.880902
10.991449
10.447219
10.991449
12.075661
12.296754
11.425134
12.292503
12.075661
12.181956
13.159871
12.938777
14.354629
13.483009
13.261915
14.354629
13.916693
14.350377
14.57147
15.115701
13.916693
13.814649
12.292503
11.858818
10.557766
10.124082
9.146166
9.584103
9.584103
10.017787
9.690397
10.562017
10.889407
10.774608
10.664061
11.429386
12.296754
12.513597
11.965114
13.057828
14.142038
13.5935545
13.920944
14.575723
15.009407
14.137786
15.009407
13.48726
12.61564
13.376713
13.159871
14.903111
14.682017
14.02724
13.483009
13.916693
14.456672
16.199913
17.06728
17.284122
17.717808
17.173576
17.717808
17.60726
16.40825
17.930397
18.470377
20.209366
20.532501
21.72726
21.620964
21.510418
21.616713
22.050398
22.377787
23.13461
24.76305
25.63467
25.630417
25.630417
25.413576
25.30303
25.192482
24.758799
24.97564
26.935722
26.068354
24.546207
23.68309
20.532501
18.249283
16.518799
14.8946085
14.469427
13.168375
10.783112
9.915743
8.725238
7.092544
8.074712
7.857869
6.765155
8.074712
8.614691
10.243132
12.305258
14.363132
16.318964
16.531553
17.832605
17.72206
17.500965
17.943153
17.72206
17.39467
17.72631
16.31471
15.553638
15.013659
15.447342
14.68627
13.274671
12.403049
11.641976
11.314588
10.659809
11.314588
10.442967
10.5535145
10.664061
10.230376
11.101996
11.969365
11.748272
13.380964
13.920944
14.354629
14.133534
13.045072
13.159871
13.159871
11.208292
10.124082
10.6725645
9.911491
9.477807
9.260964
8.389345
7.4114294
6.654608
6.87145
6.654608
7.092544
6.6588597
6.114629
5.5703974
6.8799534
6.2209234
6.2209234
7.74307
7.0882916
7.1945877
7.4114294
5.4555984
6.2209234
5.4598503
4.915619
5.6766925
6.2209234
5.7829876
5.4555984
5.99983
7.415681
7.305134
6.327219
8.176754
8.610438
8.499891
8.601935
9.252461
10.5535145
11.965114
11.854567
12.398798
12.398798
11.527178
11.858818
11.752523
10.5535145
9.57985
9.256713
9.146166
8.8230295
8.393597
7.9641643
6.875702
4.0482507
3.9419558
3.1808825
2.640903
2.2114706
1.6672394
2.9767957
2.5431116
1.9946285
3.3041847
2.5431116
2.6494067
3.1936376
3.4104798
2.6494067
2.5431116
1.8925852
-0.3906347
-1.3642982
-1.4748453
-1.2537513
-1.5768886
-3.6432662
-3.7495613
-5.815939
-5.9222345
-5.7053924
-5.926486
-4.6211815
-2.99274
-2.5633075
-2.5675595
-2.8949482
-1.7001909
0.03454592
-0.186548
2.9640403
3.1766307
4.915619
4.2608414
4.150294
4.583978
4.1460423
5.5618935
6.8671985
6.6461043
6.21242
6.3229666
6.7566514
7.1945877
8.504144
8.287301
6.981997
7.305134
8.716734
9.473556
10.230376
12.084165
11.318839
10.991449
12.951532
14.68627
15.447342
15.655681
15.005156
14.57147
13.483009
14.02724
16.09787
15.553638
15.336795
14.252585
11.641976
10.119829
11.8630705
12.513597
12.296754
11.641976
10.664061
9.57985
10.774608
11.535681
11.8630705
12.407301
11.969365
12.836734
12.071408
13.266166
14.567219
14.456672
14.2440815
13.806146
13.372462
14.2440815
15.009407
14.354629
13.589303
13.266166
13.5935545
12.2839985
13.049324
13.589303
14.788313
14.682017
13.916693
13.049324
12.292503
11.748272
12.726187
12.505093
13.049324
14.788313
15.43884
13.916693
13.806146
14.57147
14.460924
14.460924
15.655681
15.43884
15.332544
15.221997
14.350377
15.770479
15.766228
14.8946085
15.332544
15.115701
14.02724
13.916693
13.704102
13.48726
12.836734
11.420882
12.403049
13.159871
12.181956
13.053576
12.292503
12.730438
11.314588
12.619891
12.840985
12.407301
11.425134
12.301006
12.079912
10.991449
11.101996
12.407301
12.624144
12.624144
13.712605
13.712605
12.836734
13.708355
12.186207
11.8630705
11.208292
10.991449
13.278922
12.624144
13.274671
12.292503
11.641976
11.318839
11.8630705
11.318839
10.774608
10.885155
12.301006
11.756775
12.411553
11.973618
10.447219
12.411553
12.951532
12.619891
13.057828
12.730438
12.079912
12.624144
12.407301
10.880902
11.8630705
13.168375
12.079912
13.164123
12.730438
12.296754
12.836734
11.641976
11.8630705
11.429386
12.194712
10.885155
10.557766
11.323091
11.867322
10.995702
10.668313
9.57985
11.756775
11.871573
10.995702
10.562017
10.124082
10.345176
9.150418
10.0220375
10.128334
9.911491
9.690397
10.668313
11.539933
11.65048
10.991449
10.885155
11.323091
11.65048
11.973618
11.646228
11.8630705
12.190459
13.274671
12.619891
13.708355
13.053576
13.708355
13.274671
11.969365
11.969365
11.535681
11.8630705
12.296754
12.296754
12.947281
12.403049
12.951532
11.535681
11.752523
10.668313
10.345176
10.995702
10.124082
9.800944
11.216796
10.995702
10.234629
10.45147
11.323091
11.429386
11.535681
11.756775
12.194712
12.194712
10.668313
10.234629
10.562017
10.885155
12.079912
12.407301
11.973618
12.190459
11.8630705
12.305258
10.995702
10.234629
10.995702
10.77886
11.323091
12.301006
11.646228
10.995702
12.079912
11.535681
11.318839
10.774608
10.880902
10.774608
11.756775
11.429386
11.752523
12.513597
12.407301
11.208292
11.097745
11.101996
11.539933
11.973618
12.190459
11.429386
12.301006
10.230376
10.885155
11.101996
11.535681
12.075661
11.641976
12.407301
11.535681
12.407301
11.8630705
12.624144
12.513597
13.385218
12.079912
12.296754
12.403049
11.752523
11.8630705
12.513597
11.8630705
11.646228
10.45147
10.77886
10.774608
10.668313
11.429386
10.340923
9.57985
10.234629
10.128334
10.562017
11.429386
11.2125435
10.345176
10.668313
9.686145
11.756775
10.774608
10.774608
11.646228
10.668313
11.429386
11.318839
10.447219
11.539933
11.539933
10.557766
10.557766
10.340923
11.2125435
12.403049
11.208292
12.190459
11.646228
11.8630705
11.208292
10.880902
10.885155
11.8630705
10.664061
11.318839
11.101996
11.429386
11.429386
9.473556
10.128334
10.128334
9.911491
10.017787
10.45147
10.017787
9.907239
10.562017
10.013535
9.907239
11.761026
11.106249
10.45147
10.889407
10.017787
11.539933
10.885155
11.429386
12.084165
10.885155
10.562017
10.77886
10.889407
10.345176
9.473556
9.800944
10.6725645
10.562017
10.6725645
11.327342
9.907239
9.690397
10.889407
9.57985
10.345176
10.128334
9.800944
9.800944
10.566269
9.039871
9.256713
9.690397
9.584103
9.256713
9.256713
9.150418
9.371511
8.499891
8.389345
8.28305
7.632523
8.393597
7.738818
8.066207
8.720985
7.955661
7.1988387
7.419933
8.287301
8.066207
7.632523
8.937827
8.066207
8.82728
9.371511
7.738818
8.393597
7.309386
7.849365
8.066207
7.415681
8.720985
7.955661
7.4114294
9.044123
8.8230295
8.274546
9.584103
9.800944
8.8230295
8.606187
8.499891
7.521976
6.654608
5.893534
5.243008
5.136713
4.8135757
3.9462075
3.2956812
2.968292
3.078839
3.189386
3.078839
4.2735963
4.8135757
5.902038
6.4377656
6.4377656
8.504144
8.82728
8.28305
7.4114294
8.499891
8.066207
7.738818
8.28305
8.82728
7.305134
8.287301
6.765155
5.4598503
5.5703974
5.574649
5.030418
4.0525026
4.924123
4.7030287
4.592482
4.1587977
4.37564
4.7030287
4.1587977
3.3977246
3.8356605
3.2914293
3.2914293
2.8577452
3.2914293
3.6188183
3.074587
3.6188183
4.924123
4.0525026
4.0525026
6.1188803
5.24726
4.8135757
6.4462695
5.136713
4.481935
6.3314705
5.5703974
5.026166
6.5525646
6.114629
5.5703974
5.574649
4.9198713
4.7030287
3.5082712
3.3977246
4.7030287
3.3977246
3.5082712
2.747198
3.5125234
3.078839
2.968292
3.5125234
2.861997
2.972544
2.861997
3.5125234
4.379892
4.1587977
5.136713
6.4420176
6.875702
6.5483127
5.893534
7.203091
7.526228
6.2209234
6.87145
6.0040812
6.654608
7.092544
6.5483127
5.893534
6.765155
5.0219145
5.5703974
5.791491
4.0525026
4.5967336
4.924123
3.9419558
4.1587977
6.2251754
4.698777
5.4598503
6.0040812
5.3493037
6.0040812
5.5703974
6.2251754
4.8093243
6.3314705
5.5703974
6.0040812
5.4598503
5.7872396
6.2209234
6.0040812
6.5483127
6.5483127
6.2209234
6.5483127
6.875702
6.4377656
7.636775
7.526228
6.5483127
6.0040812
6.2209234
6.5483127
5.3493037
5.893534
6.981997
6.110377
5.5618935
6.3229666
5.995578
7.0840406
8.061955
7.079788
8.061955
7.5177245
8.057704
7.951409
8.49564
8.061955
7.6240196
7.8451138
8.49564
8.274546
8.8230295
8.606187
8.8230295
8.606187
7.8451138
7.738818
8.066207
8.393597
8.061955
7.4114294
8.82728
8.606187
9.039871
9.039871
7.951409
8.1725025
9.039871
8.929324
8.8230295
9.3630085
9.473556
9.796692
9.57985
10.6725645
9.57985
8.270294
10.124082
9.686145
8.925072
10.124082
9.031367
9.907239
9.252461
9.3630085
10.124082
9.9029875
9.686145
9.907239
10.230376
10.119829
10.668313
10.230376
10.447219
9.792441
10.774608
11.425134
11.535681
12.403049
12.947281
11.637725
11.425134
12.186207
11.420882
11.641976
11.531429
12.292503
12.513597
12.403049
12.292503
11.637725
11.535681
11.858818
12.075661
11.531429
11.310335
12.292503
12.509345
12.181956
12.181956
12.288251
13.049324
11.854567
13.274671
12.943029
11.7440195
13.053576
12.726187
12.836734
12.832482
14.031491
13.920944
13.266166
13.483009
14.248333
14.031491
13.159871
13.48726
13.708355
14.248333
14.02724
13.155619
13.372462
13.69985
14.02724
13.483009
13.376713
13.5935545
13.266166
12.832482
13.483009
13.810397
14.2440815
13.483009
14.2440815
15.43884
14.57147
14.460924
13.916693
13.920944
14.2440815
14.02724
14.248333
13.920944
13.69985
13.920944
13.483009
13.916693
14.137786
13.920944
13.376713
12.726187
13.380964
14.137786
13.589303
15.443091
14.2440815
13.916693
14.788313
14.465176
15.332544
14.2440815
14.02724
15.009407
13.372462
13.261915
15.115701
14.133534
14.02724
13.69985
13.589303
14.133534
14.2440815
14.57147
13.69985
13.810397
13.810397
14.460924
14.460924
14.022987
15.115701
14.677766
14.8946085
14.677766
14.57147
13.69985
13.483009
13.5935545
14.354629
14.02724
14.354629
14.788313
14.022987
13.69985
15.115701
13.372462
14.02724
13.916693
14.354629
13.916693
15.009407
13.69985
13.045072
13.049324
13.916693
13.372462
13.372462
13.810397
12.717683
13.049324
14.02724
13.266166
13.810397
13.920944
12.938777
13.266166
12.82823
13.806146
14.354629
14.137786
13.155619
13.920944
13.270417
12.288251
14.031491
12.943029
13.266166
13.372462
13.810397
14.137786
14.460924
13.155619
14.137786
14.031491
13.483009
13.5935545
13.266166
13.810397
13.916693
13.372462
14.02724
13.920944
13.810397
14.137786
13.155619
14.02724
14.788313
13.045072
14.354629
13.372462
13.589303
13.810397
13.266166
13.810397
13.810397
13.270417
14.02724
13.5935545
13.372462
13.69985
13.810397
14.2440815
13.045072
13.266166
13.704102
13.810397
13.704102
13.5935545
12.938777
13.483009
13.376713
13.155619
12.611388
13.049324
12.398798
13.48726
11.854567
11.965114
12.619891
12.075661
11.965114
12.398798
11.854567
13.270417
13.376713
12.721935
13.708355
13.159871
13.053576
12.181956
11.527178
12.071408
11.531429
12.509345
12.509345
11.965114
11.310335
12.292503
11.531429
11.531429
11.641976
11.318839
10.991449
11.425134
11.641976
11.314588
12.075661
12.726187
11.960861
12.61564
12.836734
12.61564
12.288251
13.380964
13.270417
12.726187
13.159871
12.292503
13.057828
11.531429
11.093493
12.513597
12.509345
11.858818
11.097745
11.318839
9.9029875
10.336672
10.119829
10.880902
11.208292
11.425134
11.858818
11.748272
11.969365
12.079912
12.186207
11.752523
10.885155
10.880902
10.447219
10.664061
10.664061
10.991449
10.987199
10.230376
11.101996
10.991449
9.9029875
10.774608
11.8630705
11.531429
11.314588
10.336672
11.097745
12.403049
11.097745
12.292503
11.969365
12.840985
11.310335
12.075661
11.097745
11.314588
11.748272
10.442967
10.880902
11.535681
11.531429
10.880902
10.991449
10.664061
10.991449
9.575599
10.124082
11.2125435
10.664061
10.880902
11.973618
11.752523
10.664061
10.230376
10.013535
11.101996
10.885155
11.101996
10.668313
9.796692
10.340923
10.017787
9.473556
9.690397
9.800944
9.911491
9.146166
9.690397
8.818777
9.473556
9.469303
10.447219
10.230376
10.664061
10.557766
11.535681
11.318839
11.752523
11.314588
11.531429
12.509345
11.748272
11.420882
11.204041
12.075661
11.097745
11.204041
11.097745
11.425134
10.5535145
10.774608
12.190459
11.641976
11.097745
10.664061
10.664061
11.208292
11.858818
12.296754
12.840985
11.854567
12.181956
13.164123
13.48726
12.61564
14.248333
13.704102
13.376713
12.186207
11.858818
11.969365
11.8630705
11.539933
11.2125435
10.013535
9.57985
10.345176
10.230376
11.101996
10.774608
11.208292
10.340923
11.433638
11.429386
11.535681
12.403049
12.832482
12.288251
12.938777
12.500841
12.717683
12.938777
12.717683
12.177704
12.726187
12.186207
10.5535145
10.991449
10.880902
10.336672
11.318839
9.9029875
10.013535
10.013535
10.774608
10.230376
11.106249
10.017787
10.128334
9.907239
10.447219
11.318839
12.726187
11.425134
12.186207
10.876652
11.425134
11.314588
11.429386
11.646228
10.013535
8.925072
10.340923
10.234629
10.230376
10.557766
9.907239
9.792441
8.70823
9.473556
9.039871
8.49564
8.929324
8.712482
9.039871
8.929324
8.49564
9.473556
9.473556
8.70823
9.256713
9.57985
9.584103
9.146166
9.800944
9.36726
9.256713
9.477807
9.039871
8.818777
9.039871
8.278798
7.8451138
7.6282716
6.87145
6.2209234
5.893534
7.203091
6.5483127
6.2209234
6.5483127
7.9599123
7.305134
8.066207
8.610438
8.610438
9.039871
9.805196
9.800944
10.995702
11.318839
11.429386
11.425134
10.226125
10.880902
12.186207
11.641976
11.752523
11.101996
10.5535145
11.101996
10.885155
10.340923
9.473556
9.69465
8.385093
9.473556
10.0220375
10.45147
9.690397
9.57985
10.557766
11.101996
10.991449
10.557766
10.885155
10.880902
11.101996
10.889407
11.539933
10.668313
10.234629
9.796692
11.106249
10.45147
9.035619
10.23888
9.150418
8.49564
8.1725025
8.716734
8.712482
9.260964
8.8230295
9.36726
9.57985
9.57985
9.686145
10.45147
10.770356
10.991449
11.752523
10.880902
11.641976
11.425134
11.535681
11.531429
11.854567
11.531429
11.531429
10.557766
10.664061
10.124082
10.340923
10.128334
9.469303
10.668313
11.097745
11.535681
10.987199
12.186207
12.619891
11.531429
11.204041
11.641976
11.969365
11.748272
11.641976
11.641976
11.858818
11.965114
12.186207
11.531429
12.730438
11.314588
11.646228
11.531429
10.774608
12.407301
10.991449
11.314588
11.641976
13.168375
12.292503
12.288251
12.398798
13.049324
13.5935545
12.61564
12.943029
13.376713
12.726187
12.61564
13.5935545
13.155619
13.5935545
13.155619
13.045072
13.69985
13.69985
12.938777
12.938777
13.159871
14.137786
13.155619
13.261915
14.2440815
13.806146
13.257662
13.801893
14.129283
15.434587
15.434587
15.324039
16.416756
15.213492
16.73564
16.956734
16.846186
15.647177
16.191408
16.518799
16.080862
16.956734
17.284122
16.739893
16.629345
15.761976
15.766228
15.983071
16.306208
16.199913
16.199913
16.739893
15.000902
15.11145
15.766228
14.788313
15.005156
15.005156
15.221997
14.460924
14.788313
14.137786
13.48726
14.354629
12.505093
12.943029
12.505093
13.159871
13.270417
13.704102
12.938777
13.483009
13.810397
13.155619
13.69985
13.045072
13.916693
13.589303
13.69985
13.69985
14.354629
14.02724
13.261915
12.611388
13.483009
13.483009
12.500841
13.266166
13.920944
14.02724
13.155619
13.155619
14.788313
13.261915
13.151368
13.916693
14.2440815
12.500841
13.69985
13.810397
13.589303
13.155619
13.810397
12.938777
14.354629
13.69985
13.916693
14.354629
13.372462
13.69985
13.806146
13.376713
13.376713
12.938777
13.814649
13.704102
12.394546
12.721935
13.920944
13.155619
13.483009
13.155619
13.261915
14.788313
13.589303
14.133534
14.788313
13.589303
14.784061
15.328293
14.022987
15.43884
15.217746
15.43884
14.567219
15.11145
13.91244
15.005156
14.567219
13.806146
14.022987
13.806146
13.806146
13.806146
14.567219
14.677766
13.372462
13.69985
13.704102
13.483009
13.589303
13.916693
13.69985
14.350377
14.133534
13.045072
13.589303
14.2440815
14.02724
13.155619
12.505093
13.376713
12.61564
13.159871
14.02724
13.589303
12.717683
12.500841
12.832482
12.943029
12.938777
11.7440195
12.943029
11.960861
12.505093
12.721935
12.943029
13.270417
12.832482
11.306084
11.637725
11.310335
11.204041
11.093493
11.531429
11.965114
11.531429
11.204041
10.876652
10.770356
10.876652
10.982946
11.637725
11.531429
10.659809
10.5535145
10.880902
12.186207
11.858818
10.336672
10.770356
11.641976
10.336672
10.880902
10.880902
11.097745
11.535681
10.557766
10.770356
10.991449
11.425134
10.336672
10.664061
9.9029875
11.429386
9.465052
10.013535
10.668313
9.469303
9.686145
10.124082
10.230376
9.358756
10.124082
9.9029875
9.907239
10.230376
9.252461
9.686145
10.557766
9.686145
10.230376
10.5535145
11.314588
11.097745
10.987199
10.987199
12.075661
11.097745
10.664061
10.013535
10.995702
9.57985
9.57985
10.017787
9.3630085
10.013535
9.3630085
9.473556
8.057704
8.49564
8.601935
8.8230295
7.951409
8.057704
9.36726
9.473556
9.146166
10.45147
10.991449
10.230376
10.124082
9.686145
9.252461
9.3630085
8.929324
10.128334
9.57985
8.601935
9.039871
9.3630085
8.712482
8.274546
8.712482
8.8230295
9.150418
7.951409
7.4114294
8.28305
7.951409
8.385093
8.712482
9.256713
8.818777
8.818777
9.3630085
9.796692
8.163999
9.690397
9.473556
9.473556
9.035619
9.796692
9.035619
8.491387
9.690397
9.690397
9.57985
8.057704
9.69465
7.5177245
7.0840406
7.6282716
7.5177245
7.951409
10.128334
9.473556
8.163999
8.601935
8.601935
8.712482
9.146166
9.039871
8.278798
9.039871
8.274546
9.584103
8.274546
8.818777
8.712482
8.601935
7.7303147
8.278798
9.36726
9.039871
8.061955
7.8451138
9.039871
8.712482
8.601935
7.7303147
8.929324
9.035619
9.57985
9.252461
8.712482
9.473556
8.818777
8.491387
9.690397
9.57985
8.70823
8.70823
9.035619
8.601935
8.8230295
8.712482
8.601935
8.8230295
8.49564
8.929324
8.929324
9.473556
9.907239
10.119829
9.469303
10.013535
9.141914
9.256713
9.256713
9.3630085
8.274546
8.929324
8.168251
8.8230295
8.274546
8.385093
8.389345
8.061955
7.6282716
8.389345
6.539809
7.6282716
7.6282716
7.6282716
9.36726
9.039871
8.168251
8.925072
9.3630085
10.447219
9.9029875
9.469303
8.814526
8.491387
10.017787
8.38084
9.473556
8.929324
9.146166
7.292379
9.039871
7.840862
8.274546
9.039871
8.491387
8.057704
9.039871
9.256713
7.951409
9.256713
9.256713
8.712482
9.477807
8.601935
8.818777
9.473556
9.473556
9.146166
9.150418
9.039871
8.601935
9.36726
9.039871
7.951409
8.1725025
7.3008823
6.21242
7.632523
7.738818
6.6503563
8.716734
7.849365
7.521976
8.28305
7.0840406
7.4114294
7.1945877
7.305134
6.539809
5.6724405
7.305134
7.955661
7.1903353
7.5177245
7.7345667
7.5177245
7.6282716
8.393597
7.8451138
5.995578
6.6503563
6.6503563
6.6503563
6.7566514
7.521976
8.066207
6.8671985
7.4114294
7.305134
7.1945877
6.433514
7.092544
6.216672
5.7829876
7.1988387
6.87145
7.0840406
6.216672
6.433514
6.110377
5.3493037
6.765155
6.3314705
6.3314705
5.5703974
5.243008
5.243008
6.0040812
6.0040812
6.4377656
5.132461
5.243008
5.6766925
5.243008
5.8977866
5.6809444
5.5703974
6.114629
4.698777
6.3314705
5.4598503
6.4377656
7.092544
6.765155
5.3493037
6.110377
5.893534
6.6588597
6.3314705
7.203091
5.6766925
5.6766925
6.5483127
5.7829876
5.5661454
6.875702
5.4598503
5.026166
5.136713
5.136713
4.371388
5.574649
4.8093243
5.464102
5.136713
5.7872396
5.136713
4.9198713
4.265093
3.9419558
4.7030287
5.574649
4.9198713
5.24726
5.030418
4.4861865
4.4861865
4.5967336
4.0525026
3.5082712
5.0346694
2.9640403
2.968292
3.2914293
3.1851342
2.530356
4.7072806
3.2914293
3.7293656
4.490439
3.6188183
3.1851342
4.056754
2.313514
3.9462075
4.167301
3.1851342
3.7293656
3.9462075
3.9462075
3.8356605
3.5082712
4.379892
3.9462075
3.1851342
3.4019763
2.968292
2.640903
3.2956812
3.1851342
3.8356605
3.5082712
3.3977246
3.7251134
5.574649
4.0525026
4.490439
4.924123
4.379892
4.2735963
5.251512
3.9462075
4.379892
4.379892
5.574649
4.9198713
5.030418
5.464102
4.7030287
5.574649
5.6851964
4.7030287
4.4861865
4.37564
6.3357224
5.136713
5.464102
5.574649
5.464102
4.4861865
4.269345
4.490439
4.379892
5.140965
4.7072806
5.6851964
5.136713
5.030418
5.464102
5.8977866
5.8977866
6.6588597
6.0040812
6.2209234
7.419933
6.875702
7.5304804
7.636775
6.981997
7.309386
7.74307
6.544061
7.1988387
6.5483127
6.765155
6.0040812
6.0040812
7.636775
6.765155
5.99983
8.070459
7.9599123
7.4114294
7.738818
7.521976
8.393597
8.176754
7.309386
7.74307
7.526228
7.849365
8.176754
8.393597
8.28305
7.4114294
7.738818
8.499891
7.955661
8.937827
8.176754
7.849365
8.610438
8.28305
8.499891
8.1725025
10.0220375
9.477807
9.150418
9.150418
9.044123
8.8230295
8.8230295
9.588354
10.128334
9.584103
9.36726
9.584103
9.800944
8.601935
9.256713
9.69465
10.017787
9.584103
9.911491
9.150418
10.0220375
9.69465
9.800944
9.473556
10.999953
11.429386
11.429386
11.429386
11.323091
10.668313
10.668313
11.539933
11.429386
11.8630705
11.969365
11.318839
11.973618
11.752523
12.186207
11.101996
12.301006
11.973618
12.079912
11.535681
12.517848
11.973618
11.858818
13.274671
13.274671
13.491511
13.814649
13.814649
14.68627
13.704102
13.376713
13.380964
13.597807
13.814649
15.009407
13.810397
14.02724
14.465176
13.69985
14.248333
12.726187
13.164123
12.726187
13.380964
13.597807
12.509345
13.925196
14.465176
13.920944
15.226248
14.57147
14.465176
14.57147
14.465176
15.009407
14.788313
15.443091
15.553638
14.02724
15.115701
15.332544
14.2440815
13.69985
15.226248
15.119954
14.465176
14.57147
14.02724
15.659932
14.2440815
14.354629
14.02724
14.350377
15.005156
15.005156
15.545134
15.005156
16.093616
15.000902
14.8946085
15.332544
15.761976
15.872524
16.85469
15.328293
15.545134
15.005156
14.57147
14.57147
15.005156
15.009407
14.460924
15.226248
14.354629
14.57147
15.549385
14.57147
15.115701
15.766228
14.8946085
15.987322
15.43884
15.872524
15.872524
15.655681
15.540882
16.956734
16.089365
15.868271
15.217746
15.876775
15.000902
14.8946085
15.549385
15.11145
14.677766
14.350377
15.872524
16.089365
15.545134
15.651429
15.651429
15.43884
14.890355
16.089365
15.983071
15.766228
15.757724
15.978818
17.284122
16.40825
16.73564
17.938902
16.301954
16.518799
16.629345
16.523048
17.390417
17.611511
17.284122
16.412502
17.500965
17.60726
16.841934
17.390417
16.301954
16.518799
18.045197
17.06728
16.739893
16.085114
16.73564
17.500965
17.934649
17.279871
16.629345
16.952482
17.169323
17.173576
17.173576
17.500965
16.523048
17.284122
16.956734
17.063028
17.063028
17.824102
17.60726
16.625093
17.390417
17.500965
17.717808
16.518799
17.390417
16.629345
17.279871
17.063028
17.279871
17.496714
17.063028
17.60726
17.390417
17.934649
17.390417
18.155743
17.60726
16.846186
17.828354
17.390417
17.279871
17.173576
16.952482
16.952482
16.841934
17.717808
17.500965
17.063028
17.173576
17.284122
16.956734
16.952482
17.828354
16.956734
16.080862
16.739893
16.518799
16.306208
16.089365
16.199913
16.412502
16.739893
16.956734
16.629345
16.523048
17.934649
16.085114
17.611511
16.956734
17.177828
15.978818
15.324039
16.199913
15.757724
15.651429
16.744143
15.868271
15.978818
15.221997
15.872524
14.673514
14.8946085
14.788313
14.784061
15.766228
15.328293
15.545134
15.545134
15.761976
16.306208
15.213492
16.195662
16.85044
15.328293
15.651429
15.655681
14.8946085
15.655681
15.655681
15.983071
14.784061
14.784061
15.553638
13.69985
13.810397
13.483009
13.5935545
14.031491
13.483009
14.248333
13.483009
14.02724
14.89886
13.806146
12.500841
13.049324
12.177704
13.159871
13.270417
13.266166
12.938777
14.57147
14.354629
14.02724
13.478756
13.916693
13.483009
14.354629
12.505093
12.726187
12.726187
11.416631
11.965114
12.943029
11.637725
12.288251
12.288251
13.5935545
13.266166
12.721935
13.270417
12.832482
12.071408
12.288251
13.5935545
12.2839985
13.810397
13.372462
13.589303
13.372462
13.69985
13.589303
13.589303
13.483009
13.69985
12.721935
14.682017
13.155619
13.372462
13.806146
14.137786
14.350377
14.350377
15.221997
14.784061
14.673514
15.545134
15.540882
16.956734
16.40825
16.518799
17.60726
17.058777
16.952482
17.713554
16.518799
17.279871
16.841934
16.73564
16.195662
14.350377
14.133534
14.788313
13.372462
13.376713
13.376713
12.505093
12.61564
12.619891
12.836734
12.288251
12.832482
14.460924
14.460924
16.089365
15.974566
16.629345
17.279871
16.191408
16.956734
16.518799
16.40825
17.500965
17.284122
18.045197
16.629345
16.85044
15.11145
15.000902
14.562967
14.8946085
13.806146
13.91244
15.11145
15.43884
15.43884
14.784061
14.567219
14.23983
14.673514
14.456672
15.328293
15.213492
16.956734
17.06728
17.500965
16.301954
15.868271
16.629345
15.757724
15.540882
15.545134
15.978818
14.996652
15.655681
15.983071
16.523048
16.195662
16.523048
17.063028
16.518799
18.045197
17.496714
16.625093
17.058777
16.40825
17.063028
16.952482
17.279871
17.390417
16.73564
16.40825
16.191408
17.063028
15.647177
16.518799
16.301954
16.089365
15.217746
14.779808
15.324039
16.633596
16.085114
16.195662
15.868271
15.434587
16.412502
15.430335
15.974566
16.846186
15.647177
15.978818
15.647177
16.846186
16.085114
16.301954
16.73564
16.085114
15.974566
15.978818
15.540882
15.655681
14.022987
14.673514
13.806146
14.567219
14.562967
15.43884
14.784061
15.000902
14.129283
15.005156
15.11145
14.567219
15.221997
14.677766
13.91244
14.8946085
14.2440815
14.022987
14.8946085
13.589303
14.460924
14.682017
14.137786
14.137786
14.137786
14.031491
13.920944
12.947281
12.398798
12.61564
13.053576
13.708355
13.053576
13.270417
11.531429
12.075661
11.858818
11.752523
10.33242
10.991449
11.858818
11.314588
11.310335
11.310335
12.398798
11.310335
11.089241
11.089241
11.854567
12.832482
12.2839985
13.266166
12.721935
13.810397
12.721935
13.920944
13.69985
14.57147
14.57147
13.478756
13.810397
14.137786
14.2440815
12.938777
13.704102
14.2440815
12.938777
14.465176
13.810397
14.02724
13.483009
13.920944
13.5935545
12.509345
12.509345
13.270417
11.527178
12.726187
14.031491
14.57147
14.354629
14.682017
14.02724
13.69985
13.69985
13.376713
14.354629
14.2440815
13.920944
13.69985
14.460924
14.02724
14.354629
13.155619
13.69985
12.832482
13.159871
12.938777
13.704102
13.48726
13.48726
12.509345
13.376713
12.505093
13.704102
13.704102
13.159871
11.7440195
13.380964
13.270417
13.266166
13.483009
13.704102
14.35888
13.045072
13.372462
14.788313
14.133534
13.045072
13.483009
13.916693
13.045072
13.69985
13.810397
14.460924
13.372462
14.2440815
13.806146
13.045072
13.69985
13.483009
12.2839985
12.61564
13.597807
12.071408
13.814649
12.943029
13.810397
13.920944
13.266166
13.920944
13.483009
13.270417
12.509345
12.509345
11.527178
13.708355
12.181956
12.394546
12.943029
13.159871
12.938777
12.394546
12.509345
12.181956
11.641976
11.858818
11.097745
11.858818
12.513597
11.858818
12.509345
11.420882
11.965114
12.61564
12.505093
12.943029
12.726187
12.292503
12.836734
12.509345
11.858818
11.965114
12.943029
12.509345
12.509345
11.965114
12.186207
11.531429
12.296754
11.646228
11.429386
11.425134
11.425134
12.079912
11.425134
11.965114
11.858818
13.164123
12.292503
12.947281
12.403049
12.186207
11.641976
12.730438
12.403049
10.880902
12.624144
11.969365
11.858818
11.318839
11.641976
11.425134
10.995702
11.101996
10.557766
10.234629
10.124082
10.45147
9.800944
10.234629
9.796692
10.995702
11.539933
10.885155
10.668313
10.995702
11.2125435
10.234629
10.45147
10.77886
10.885155
9.796692
10.234629
10.345176
10.45147
8.929324
9.584103
9.039871
9.36726
8.8230295
9.039871
9.805196
9.800944
9.256713
10.23888
10.77886
10.124082
10.995702
10.017787
9.3630085
9.911491
9.039871
9.150418
10.0220375
9.800944
8.818777
10.345176
9.3630085
9.800944
9.150418
9.256713
8.49564
8.1725025
8.933577
8.066207
8.499891
8.499891
8.061955
9.260964
8.82728
8.933577
9.371511
8.82728
9.69465
8.49564
9.044123
10.128334
9.477807
8.933577
10.566269
9.805196
9.146166
9.039871
9.260964
8.606187
8.1725025
8.82728
8.716734
9.482059
9.371511
8.393597
7.738818
8.393597
8.28305
8.176754
8.28305
8.066207
7.955661
7.305134
7.1945877
8.610438
8.389345
8.712482
9.477807
8.8230295
9.915743
9.260964
8.1725025
8.176754
8.393597
8.28305
7.849365
7.521976
9.044123
8.499891
8.499891
8.499891
8.720985
8.393597
7.4114294
8.287301
8.82728
7.632523
8.610438
8.504144
9.260964
7.521976
9.371511
8.389345
8.389345
8.28305
8.499891
8.066207
8.28305
7.738818
7.955661
8.504144
8.28305
8.610438
8.716734
9.477807
9.588354
8.278798
8.389345
8.389345
8.389345
8.499891
8.606187
8.716734
8.8230295
8.933577
9.260964
8.606187
9.805196
9.36726
8.716734
9.044123
8.933577
8.499891
9.150418
8.1725025
9.588354
8.8230295
9.256713
9.911491
9.584103
9.57985
9.690397
9.473556
9.256713
10.0220375
10.128334
9.69465
10.017787
10.45147
9.256713
9.473556
9.800944
9.911491
9.36726
8.606187
9.039871
10.0220375
10.455723
10.455723
10.77886
10.017787
10.668313
11.756775
12.411553
11.8630705
11.429386
11.429386
10.774608
10.124082
10.230376
10.340923
11.433638
10.889407
9.584103
9.584103
9.911491
9.69465
9.800944
10.349427
10.345176
10.017787
10.455723
11.327342
10.345176
11.433638
10.45147
10.995702
11.429386
11.2125435
11.756775
11.425134
12.079912
12.190459
11.752523
11.969365
11.641976
11.429386
10.447219
11.429386
10.774608
9.800944
9.800944
8.491387
9.911491
10.77886
10.668313
9.907239
10.995702
10.885155
11.752523
11.973618
11.969365
11.641976
11.969365
13.168375
12.403049
11.752523
11.641976
11.858818
11.969365
11.425134
12.079912
11.208292
10.991449
11.101996
11.535681
11.756775
10.340923
10.885155
11.425134
10.991449
11.535681
11.425134
10.880902
12.079912
12.296754
11.208292
11.969365
12.075661
11.531429
11.752523
13.057828
11.858818
12.186207
12.619891
12.075661
12.190459
11.752523
11.535681
10.991449
11.8630705
11.318839
11.101996
11.646228
11.646228
11.969365
11.641976
11.646228
11.425134
12.513597
12.403049
12.403049
11.641976
12.181956
11.208292
12.296754
12.513597
11.314588
11.969365
11.748272
11.748272
11.969365
11.531429
11.641976
11.208292
11.429386
10.885155
12.079912
11.097745
11.641976
11.858818
11.969365
11.858818
11.854567
12.403049
12.509345
13.380964
12.947281
12.403049
13.274671
12.947281
12.836734
13.48726
13.597807
12.509345
12.943029
12.292503
13.164123
12.619891
12.292503
11.425134
11.641976
12.624144
11.858818
11.531429
13.053576
12.181956
13.597807
14.248333
12.61564
14.142038
12.943029
13.704102
13.5935545
13.920944
13.5935545
14.682017
13.916693
12.721935
12.394546
13.814649
13.48726
12.726187
13.708355
13.708355
13.164123
13.491511
11.965114
12.292503
12.726187
13.053576
12.726187
13.159871
12.509345
13.164123
13.164123
12.943029
12.61564
13.597807
13.270417
13.270417
13.48726
12.943029
11.748272
11.748272
12.730438
13.380964
12.403049
12.730438
12.513597
11.641976
12.513597
11.752523
12.513597
11.748272
11.965114
12.509345
12.509345
11.965114
12.61564
12.292503
12.61564
13.380964
12.177704
13.159871
12.288251
12.938777
12.071408
12.61564
12.071408
13.376713
11.527178
11.965114
12.836734
11.965114
11.854567
12.181956
12.509345
11.965114
12.075661
12.726187
12.836734
12.836734
12.181956
12.726187
13.159871
13.049324
13.69985
12.611388
13.155619
12.505093
13.48726
13.48726
13.159871
12.071408
12.398798
11.965114
12.398798
12.832482
12.505093
11.850314
12.726187
12.071408
12.288251
12.071408
11.965114
13.053576
13.053576
12.398798
12.832482
11.965114
12.61564
12.071408
12.398798
13.376713
13.597807
13.053576
13.376713
12.181956
12.075661
11.748272
11.314588
11.965114
11.748272
11.858818
11.748272
13.380964
12.509345
11.854567
11.204041
11.858818
11.858818
12.075661
11.310335
12.398798
12.836734
11.637725
11.310335
11.420882
11.641976
11.310335
10.880902
10.5535145
10.991449
10.447219
9.57985
9.3630085
10.995702
10.991449
10.557766
10.557766
10.987199
11.531429
11.314588
10.987199
12.730438
11.310335
11.204041
11.314588
11.093493
11.637725
12.292503
12.836734
11.199788
11.093493
10.659809
10.987199
11.097745
11.641976
10.770356
11.314588
11.420882
11.752523
11.204041
10.876652
10.770356
11.641976
11.097745
11.093493
12.181956
11.420882
11.314588
11.204041
11.637725
11.748272
11.748272
12.836734
12.619891
11.204041
11.531429
12.403049
11.531429
11.314588
10.991449
10.119829
10.336672
10.5535145
10.5535145
11.969365
11.314588
11.641976
10.009283
10.880902
11.965114
10.987199
11.097745
10.876652
11.420882
11.858818
11.093493
11.420882
10.115578
10.659809
10.5535145
10.987199
10.009283
11.748272
11.420882
10.221873
10.770356
11.204041
10.221873
11.748272
11.204041
11.748272
11.748272
10.766105
12.403049
11.637725
11.420882
11.531429
10.005031
10.438715
10.876652
11.531429
10.987199
11.314588
10.226125
9.792441
9.465052
10.5535145
10.5535145
10.664061
11.208292
10.987199
10.659809
10.770356
10.664061
10.009283
11.097745
10.336672
10.880902
9.681894
10.009283
10.009283
11.425134
10.226125
10.987199
11.637725
10.876652
9.788189
10.991449
10.226125
10.009283
10.005031
10.987199
9.9029875
10.226125
10.987199
10.115578
10.549262
11.420882
10.009283
11.535681
10.659809
10.659809
10.336672
10.987199
10.5535145
9.792441
10.5535145
11.097745
11.314588
11.748272
10.664061
10.659809
9.686145
10.664061
9.57985
10.447219
10.230376
10.774608
10.226125
10.664061
10.880902
10.226125
10.991449
10.770356
10.442967
10.5535145
10.336672
11.208292
11.208292
9.792441
10.336672
9.898736
10.664061
10.336672
10.880902
10.880902
10.119829
9.792441
8.703979
9.796692
10.230376
9.141914
9.9029875
10.447219
9.141914
10.557766
9.575599
9.9029875
10.119829
10.115578
9.686145
10.880902
10.009283
9.686145
10.991449
9.137663
9.465052
10.991449
10.009283
9.57985
8.70823
9.252461
8.70823
8.38084
9.252461
9.141914
9.57985
9.141914
9.9029875
10.230376
10.664061
10.447219
10.230376
9.358756
9.031367
10.557766
9.792441
9.686145
9.141914
9.358756
10.119829
9.686145
9.031367
8.814526
9.252461
9.035619
9.800944
8.70823
9.3630085
8.929324
9.3630085
8.601935
9.800944
8.491387
8.385093
8.929324
9.035619
9.3630085
9.035619
9.796692
9.57985
10.124082
9.796692
8.70823
10.45147
9.358756
9.469303
10.124082
9.141914
8.597683
9.57985
9.358756
9.031367
9.141914
9.039871
9.146166
8.491387
9.256713
9.035619
8.491387
9.800944
8.274546
8.601935
10.234629
10.340923
9.252461
10.013535
9.796692
8.491387
9.035619
10.234629
9.252461
9.473556
8.925072
8.818777
8.601935
8.70823
9.3630085
9.57985
9.57985
8.274546
9.57985
8.385093
10.124082
9.469303
8.925072
10.668313
10.009283
9.575599
9.575599
9.686145
10.447219
10.119829
10.774608
11.535681
10.991449
10.880902
10.119829
10.880902
10.119829
10.119829
10.774608
10.885155
10.230376
10.557766
9.792441
11.097745
11.318839
11.097745
11.318839
10.226125
10.664061
11.535681
12.186207
10.987199
11.969365
11.969365
11.858818
11.420882
12.403049
12.292503
11.310335
12.075661
11.314588
11.425134
10.876652
12.292503
10.766105
11.969365
12.292503
12.292503
12.943029
12.403049
12.403049
12.509345
12.398798
12.509345
13.159871
12.288251
13.48726
12.509345
12.509345
12.61564
13.270417
12.398798
13.48726
13.376713
12.721935
11.7440195
12.61564
13.376713
13.597807
12.836734
12.726187
11.960861
12.943029
11.854567
13.380964
11.965114
12.398798
12.292503
11.854567
12.619891
13.814649
12.288251
12.61564
12.61564
13.270417
13.159871
13.483009
14.142038
12.943029
12.943029
12.938777
13.810397
13.159871
13.704102
13.376713
13.920944
13.049324
13.483009
12.943029
13.5935545
13.376713
13.376713
13.159871
13.5935545
14.02724
13.483009
14.031491
13.810397
13.810397
13.155619
14.137786
14.248333
13.266166
13.5935545
14.031491
13.049324
13.483009
14.57147
13.049324
14.682017
13.916693
13.372462
14.2440815
14.137786
13.916693
14.460924
13.155619
13.261915
14.02724
14.460924
13.372462
12.938777
14.354629
14.2440815
13.810397
13.483009
13.810397
13.266166
12.611388
13.266166
12.943029
13.48726
13.159871
12.505093
13.380964
13.380964
13.5935545
14.465176
13.159871
13.266166
12.938777
13.69985
13.69985
13.159871
14.465176
12.832482
13.5935545
12.509345
13.920944
14.354629
13.920944
13.159871
13.053576
12.505093
12.071408
14.031491
12.726187
11.7440195
12.61564
12.071408
13.159871
13.376713
13.5935545
13.159871
13.483009
12.177704
13.814649
12.505093
13.159871
12.943029
12.398798
12.61564
12.943029
12.509345
13.159871
13.376713
12.075661
12.619891
12.513597
11.858818
12.403049
12.836734
12.619891
11.965114
11.858818
12.947281
12.943029
12.832482
12.292503
11.854567
11.637725
12.403049
13.159871
12.181956
12.619891
12.398798
11.748272
12.947281
12.943029
12.726187
12.619891
11.425134
11.641976
11.748272
11.204041
12.403049
11.748272
11.314588
12.509345
12.288251
13.376713
14.248333
13.920944
12.832482
12.836734
12.509345
13.597807
12.619891
13.164123
12.075661
11.204041
12.079912
11.535681
11.969365
11.858818
11.748272
11.858818
11.752523
11.101996
12.190459
11.752523
10.991449
10.447219
11.208292
11.969365
11.425134
11.425134
10.991449
10.336672
10.336672
11.101996
11.2125435
10.230376
10.119829
10.124082
10.340923
9.690397
10.340923
9.907239
9.57985
9.141914
10.45147
9.800944
10.124082
9.141914
10.234629
9.146166
9.796692
9.57985
10.234629
9.358756
9.358756
10.557766
9.796692
9.686145
10.336672
10.124082
10.234629
9.9029875
9.57985
10.013535
10.124082
10.664061
9.358756
10.340923
9.690397
10.124082
10.234629
9.256713
9.800944
10.234629
9.690397
9.3630085
9.690397
10.124082
9.686145
10.230376
10.668313
10.340923
10.447219
10.774608
10.668313
9.3630085
9.141914
9.907239
9.473556
10.562017
9.796692
9.796692
9.469303
8.601935
9.3630085
9.907239
8.163999
8.601935
9.256713
10.45147
8.491387
8.818777
9.907239
9.469303
9.796692
10.234629
9.907239
9.141914
9.469303
9.57985
9.796692
10.124082
9.686145
10.119829
9.9029875
11.208292
9.792441
9.469303
10.124082
10.557766
10.009283
10.119829
10.5535145
10.880902
11.314588
11.425134
11.425134
10.770356
11.641976
10.659809
10.880902
11.752523
11.204041
11.314588
11.208292
11.314588
10.770356
11.748272
11.314588
11.748272
11.531429
11.531429
11.969365
11.535681
11.752523
11.204041
11.965114
11.969365
12.186207
11.204041
11.204041
12.509345
11.310335
13.164123
12.398798
12.398798
12.181956
12.726187
12.071408
12.292503
12.61564
12.505093
13.5935545
13.049324
13.155619
12.943029
12.398798
12.288251
11.7440195
13.164123
11.527178
12.292503
11.965114
11.527178
11.093493
12.075661
12.513597
12.403049
11.420882
10.876652
11.314588
11.858818
11.641976
12.509345
12.181956
11.748272
11.748272
12.943029
11.858818
11.858818
11.965114
11.204041
12.296754
11.531429
11.204041
12.619891
10.549262
11.7440195
11.204041
12.403049
11.420882
12.075661
12.292503
10.987199
10.659809
11.531429
10.659809
11.097745
10.226125
10.442967
11.097745
10.5535145
10.987199
11.425134
10.336672
10.5535145
11.097745
10.226125
10.659809
11.204041
11.858818
11.093493
10.766105
12.075661
11.854567
11.420882
11.748272
12.292503
11.310335
10.876652
11.531429
10.770356
10.770356
10.770356
10.770356
11.531429
10.447219
10.226125
11.097745
10.880902
10.226125
10.336672
10.5535145
11.314588
11.314588
10.336672
11.097745
10.226125
10.664061
10.5535145
10.549262
10.442967
11.097745
11.420882
11.097745
10.770356
9.9029875
10.664061
10.5535145
9.898736
9.792441
10.664061
10.991449
10.340923
9.796692
10.557766
8.70823
10.124082
9.686145
9.57985
9.907239
9.252461
9.469303
9.57985
10.340923
9.358756
10.013535
9.686145
9.3630085
9.035619
10.013535
9.796692
9.469303
10.234629
9.796692
10.013535
10.119829
10.562017
9.252461
9.3630085
8.38084
8.929324
10.013535
9.252461
10.124082
9.907239
9.035619
9.252461
9.141914
9.469303
10.234629
9.469303
9.907239
9.690397
9.690397
9.252461
9.146166
9.800944
9.3630085
9.796692
9.358756
11.2125435
11.2125435
10.774608
9.469303
10.995702
9.792441
9.792441
10.991449
11.101996
11.535681
10.880902
12.296754
11.420882
11.204041
11.858818
12.292503
10.876652
12.403049
11.748272
11.531429
11.097745
10.880902
10.119829
10.119829
10.013535
10.230376
10.340923
10.664061
10.668313
9.796692
11.101996
10.664061
12.079912
12.296754
12.186207
11.314588
11.969365
11.420882
10.659809
12.513597
12.186207
11.204041
11.531429
10.119829
9.9029875
10.991449
11.2125435
10.119829
9.141914
10.562017
9.57985
9.9029875
10.774608
10.119829
11.535681
11.425134
10.336672
10.774608
10.664061
10.664061
11.314588
11.748272
11.531429
12.726187
11.7440195
12.288251
12.943029
12.836734
12.61564
11.965114
11.637725
12.288251
11.527178
12.292503
11.204041
12.075661
11.637725
10.659809
11.314588
11.097745
11.425134
10.770356
10.880902
11.969365
11.425134
11.097745
11.858818
12.398798
11.854567
12.288251
14.137786
13.372462
13.589303
12.505093
13.376713
13.266166
13.704102
12.832482
13.48726
12.394546
12.611388
12.61564
13.69985
12.82823
12.611388
11.633472
12.61564
11.854567
11.854567
12.288251
11.854567
12.071408
13.159871
12.832482
12.177704
13.155619
13.483009
13.704102
12.611388
13.376713
13.704102
12.2839985
13.5935545
14.248333
12.82823
12.938777
14.031491
13.266166
13.5935545
12.394546
12.721935
12.61564
12.505093
12.832482
12.832482
13.920944
12.721935
13.159871
12.067157
12.181956
12.398798
13.376713
12.721935
12.394546
12.067157
12.398798
12.611388
12.938777
12.832482
12.505093
12.394546
12.394546
12.505093
12.398798
12.832482
12.288251
11.854567
12.398798
12.832482
12.61564
13.5935545
13.5935545
12.067157
13.5935545
13.155619
13.589303
12.82823
13.920944
12.832482
12.721935
13.266166
13.266166
14.354629
13.372462
12.82823
14.2440815
14.02724
12.2839985
14.02724
13.810397
12.938777
11.850314
11.960861
13.049324
12.394546
13.483009
13.049324
13.483009
12.611388
13.372462
12.938777
13.916693
13.372462
13.69985
14.02724
12.500841
13.266166
12.9345255
13.045072
13.483009
12.832482
12.832482
12.394546
13.159871
12.071408
11.854567
11.093493
12.947281
12.836734
11.854567
12.726187
11.965114
12.726187
12.505093
12.288251
13.48726
12.071408
12.505093
12.071408
11.965114
11.199788
13.376713
13.376713
14.02724
12.82823
11.416631
12.288251
12.288251
12.832482
12.505093
12.61564
12.071408
12.071408
11.960861
12.177704
12.721935
13.916693
12.505093
12.832482
12.721935
11.960861
12.071408
12.398798
12.721935
12.181956
11.965114
11.965114
11.089241
12.509345
13.266166
12.505093
13.48726
12.726187
11.633472
12.394546
12.726187
12.836734
12.832482
11.637725
13.053576
12.832482
13.155619
12.288251
13.159871
13.053576
12.071408
11.633472
13.266166
12.505093
11.633472
12.832482
11.854567
13.266166
13.810397
13.266166
12.721935
12.394546
13.48726
13.5935545
13.155619
13.266166
13.155619
13.704102
13.155619
13.372462
13.483009
13.69985
13.589303
13.483009
13.483009
13.810397
13.916693
13.810397
13.372462
13.372462
12.938777
13.266166
13.916693
13.589303
14.682017
14.031491
12.067157
13.810397
12.721935
13.69985
13.5935545
13.483009
13.920944
13.266166
13.155619
14.2440815
14.2440815
13.155619
13.916693
14.2440815
14.02724
13.806146
13.372462
14.137786
13.372462
13.155619
13.372462
13.483009
14.57147
13.69985
12.82823
12.943029
13.159871
12.61564
13.48726
13.5935545
13.483009
13.266166
13.266166
14.682017
14.354629
13.045072
13.69985
14.57147
13.372462
13.589303
14.133534
14.460924
14.2440815
12.938777
13.155619
14.2440815
13.806146
14.677766
14.460924
13.69985
12.717683
13.155619
14.465176
13.261915
13.483009
14.682017
12.721935
13.5935545
13.155619
13.69985
13.69985
13.69985
13.376713
14.354629
13.266166
12.938777
13.266166
13.814649
12.288251
11.960861
12.071408
13.270417
13.810397
12.832482
11.850314
12.721935
12.943029
12.61564
12.61564
13.270417
11.637725
11.7440195
12.509345
13.48726
12.938777
12.61564
13.270417
12.832482
13.159871
12.721935
12.938777
12.505093
13.376713
12.938777
12.61564
12.721935
11.739767
13.266166
13.376713
12.832482
12.832482
13.159871
12.509345
12.288251
11.854567
11.965114
11.7440195
11.965114
11.965114
13.049324
12.721935
12.721935
13.049324
12.832482
11.310335
11.960861
12.181956
11.748272
12.288251
12.836734
13.053576
11.960861
13.376713
12.288251
12.288251
11.7440195
12.292503
12.509345
12.292503
12.075661
11.531429
11.093493
11.965114
12.947281
12.726187
12.832482
12.398798
12.398798
11.960861
11.637725
12.181956
12.726187
11.854567
11.965114
12.398798
13.049324
13.159871
12.721935
12.611388
12.61564
13.049324
11.854567
12.181956
11.527178
12.509345
11.420882
12.288251
12.292503
13.270417
12.288251
13.270417
12.505093
13.053576
12.836734
12.181956
11.854567
12.398798
13.053576
12.61564
11.7440195
11.637725
12.288251
11.960861
12.288251
11.522925
13.376713
13.053576
12.726187
12.509345
11.858818
11.531429
11.310335
11.7440195
12.726187
13.5935545
13.704102
11.739767
12.61564
13.376713
12.288251
13.48726
12.071408
12.832482
12.181956
13.049324
12.61564
13.5935545
13.483009
13.920944
13.810397
12.82823
13.5935545
13.48726
12.509345
11.854567
11.7440195
12.513597
12.509345
11.204041
12.186207
11.748272
12.398798
11.637725
11.965114
11.531429
11.527178
12.071408
12.509345
12.075661
11.531429
13.164123
10.982946
12.619891
12.398798
11.965114
11.748272
11.314588
12.075661
12.619891
11.858818
10.770356
10.447219
10.774608
10.880902
9.792441
10.336672
10.5535145
10.774608
10.774608
11.318839
10.774608
10.774608
10.230376
9.9029875
9.9029875
9.141914
10.230376
11.208292
9.898736
10.5535145
10.5535145
10.336672
10.664061
10.5535145
11.752523
11.208292
11.425134
11.858818
11.204041
11.748272
11.965114
10.987199
11.097745
10.987199
9.9029875
10.119829
10.5535145
9.9029875
10.447219
9.469303
9.9029875
9.141914
8.814526
10.774608
10.880902
10.447219
9.465052
10.557766
9.792441
9.9029875
9.252461
10.234629
9.358756
10.119829
9.575599
9.9029875
10.885155
9.9029875
9.681894
10.774608
10.885155
10.774608
9.24821
10.668313
10.340923
9.469303
9.686145
9.252461
9.3630085
9.3630085
9.57985
9.469303
9.146166
9.3630085
10.234629
10.345176
9.252461
9.57985
9.252461
9.796692
10.562017
10.230376
9.575599
9.686145
9.469303
10.340923
9.575599
10.119829
10.557766
10.447219
10.336672
10.234629
10.013535
9.575599
9.57985
9.690397
9.907239
9.252461
10.340923
9.252461
9.796692
9.3630085
9.690397
9.252461
8.70823
9.907239
9.9029875
9.9029875
9.3630085
10.340923
9.796692
9.575599
9.57985
10.774608
9.792441
9.9029875
9.469303
10.340923
9.686145
9.469303
9.796692
10.230376
9.575599
9.686145
10.336672
11.208292
10.447219
10.336672
10.447219
10.987199
11.965114
12.075661
12.403049
12.619891
12.398798
11.748272
12.947281
11.637725
11.854567
11.637725
11.965114
12.181956
10.876652
12.619891
13.164123
12.943029
11.310335
13.164123
11.965114
12.61564
12.071408
12.509345
12.726187
11.854567
12.836734
12.505093
13.159871
13.049324
13.5935545
14.02724
13.376713
12.398798
12.61564
11.854567
12.398798
11.527178
10.987199
11.425134
10.880902
10.770356
11.969365
10.442967
10.770356
10.987199
11.531429
10.987199
10.876652
12.186207
12.730438
12.398798
12.61564
13.155619
12.82823
14.57147
12.82823
13.261915
13.049324
13.045072
14.02724
13.155619
11.850314
12.398798
12.726187
11.854567
12.721935
12.398798
12.071408
11.854567
11.854567
12.398798
13.376713
12.832482
12.177704
12.292503
13.380964
13.266166
12.82823
14.137786
14.02724
14.8946085
13.91244
13.695599
14.677766
14.133534
12.9345255
13.155619
13.589303
13.916693
13.589303
12.9345255
13.810397
13.155619
12.61564
12.832482
13.69985
13.376713
13.266166
14.137786
12.721935
13.48726
13.916693
13.372462
14.567219
14.022987
14.567219
14.673514
14.456672
15.217746
14.784061
16.416756
14.235578
14.673514
14.8946085
15.000902
15.545134
15.761976
14.567219
15.545134
15.217746
14.018736
14.346125
14.350377
14.346125
14.346125
15.328293
15.328293
14.890355
15.651429
16.306208
15.324039
14.562967
15.761976
14.784061
15.000902
15.651429
14.890355
15.221997
14.673514
14.129283
16.089365
16.089365
15.978818
15.651429
15.324039
15.43884
15.872524
15.434587
15.217746
15.872524
14.8946085
15.217746
14.350377
15.876775
14.890355
15.868271
15.545134
15.43884
15.766228
14.677766
14.460924
14.567219
14.567219
14.350377
14.23983
13.801893
14.779808
15.217746
15.651429
13.908189
15.545134
14.456672
14.567219
14.562967
14.350377
14.567219
13.806146
13.261915
14.2440815
13.695599
15.11145
14.129283
14.456672
13.368209
14.677766
14.022987
13.91244
15.005156
14.022987
13.589303
13.261915
14.567219
13.695599
15.876775
14.456672
14.133534
13.155619
14.133534
12.717683
14.2440815
13.5935545
14.02724
12.721935
12.288251
13.589303
13.695599
13.806146
13.916693
13.806146
13.589303
13.045072
12.82823
14.02724
13.916693
12.82823
13.69985
12.82823
13.589303
13.155619
13.69985
12.823978
13.049324
13.372462
13.376713
12.721935
13.483009
13.049324
12.394546
12.394546
13.159871
12.82823
12.938777
14.2440815
13.589303
12.832482
12.721935
12.398798
12.071408
12.721935
12.288251
12.61564
10.54501
12.726187
11.95661
12.288251
12.721935
12.288251
12.288251
10.217621
11.531429
11.854567
11.093493
11.748272
10.766105
10.659809
10.987199
12.071408
11.093493
10.982946
11.204041
11.310335
10.226125
10.987199
11.420882
10.33242
10.987199
10.880902
9.677642
9.788189
11.097745
10.549262
10.987199
10.442967
11.097745
9.898736
11.641976
10.33242
10.880902
10.770356
10.336672
10.770356
10.664061
10.659809
10.987199
10.442967
10.336672
10.226125
9.137663
10.5535145
11.641976
11.097745
10.119829
10.009283
9.358756
10.880902
11.748272
10.876652
10.5535145
10.226125
9.792441
10.226125
11.097745
11.641976
10.009283
10.880902
10.336672
10.336672
10.009283
10.442967
10.659809
11.969365
10.880902
9.898736
10.447219
10.770356
11.641976
11.531429
10.991449
10.987199
10.442967
10.987199
11.965114
11.748272
10.659809
10.770356
11.097745
10.876652
10.659809
11.637725
11.854567
11.420882
11.637725
10.982946
12.943029
13.159871
12.288251
12.177704
12.071408
11.854567
12.398798
12.943029
13.48726
13.049324
12.181956
11.416631
11.7440195
13.159871
12.500841
12.505093
13.5935545
12.071408
13.159871
11.960861
12.505093
12.726187
12.832482
12.071408
13.270417
12.726187
12.505093
13.69985
13.920944
13.266166
13.483009
13.049324
12.071408
12.721935
11.850314
13.814649
12.071408
12.288251
12.943029
12.61564
13.266166
13.155619
12.721935
12.505093
12.611388
12.067157
13.920944
13.69985
13.5935545
12.505093
12.721935
13.045072
13.916693
13.589303
14.022987
12.717683
13.806146
12.500841
14.02724
13.045072
14.02724
14.788313
13.589303
14.133534
13.589303
13.368209
13.261915
13.589303
13.372462
12.938777
13.266166
14.2440815
13.261915
13.266166
13.5935545
12.82823
13.045072
13.806146
13.69985
13.806146
13.478756
13.916693
13.916693
14.460924
14.2440815
13.916693
14.350377
13.806146
13.372462
13.69985
14.57147
14.133534
13.585052
13.69985
13.69985
12.717683
13.589303
13.806146
13.69985
13.91244
13.806146
12.9345255
14.350377
13.695599
14.022987
14.02724
13.91244
13.151368
14.133534
14.133534
13.69985
14.677766
14.784061
14.456672
13.151368
13.585052
14.346125
14.567219
14.784061
13.474504
15.005156
13.695599
13.91244
15.005156
13.695599
14.022987
14.460924
13.372462
13.695599
15.11145
14.350377
15.11145
14.022987
14.567219
13.151368
15.328293
14.133534
14.23983
14.784061
14.350377
14.350377
14.456672
14.8946085
14.673514
14.8946085
13.916693
13.91244
13.916693
14.788313
13.589303
14.784061
13.261915
14.02724
13.045072
13.916693
14.677766
14.23983
13.474504
14.567219
14.2440815
13.261915
14.2440815
14.57147
13.916693
14.350377
14.784061
14.133534
14.23983
15.000902
15.545134
15.328293
15.221997
14.022987
13.916693
15.115701
13.589303
13.916693
14.57147
13.589303
14.23983
14.460924
13.69985
14.022987
14.677766
13.806146
13.916693
12.9345255
13.69985
14.350377
13.261915
14.2440815
14.57147
13.589303
13.589303
14.354629
14.02724
13.483009
13.372462
12.394546
12.177704
13.159871
13.159871
12.938777
13.266166
13.266166
14.133534
13.155619
14.354629
14.354629
13.155619
13.155619
13.920944
13.810397
12.721935
14.465176
13.810397
12.611388
13.159871
13.810397
13.372462
14.354629
13.69985
12.9345255
13.483009
13.049324
13.916693
13.589303
13.372462
14.2440815
14.460924
12.717683
14.354629
13.806146
14.57147
13.261915
13.372462
13.372462
12.500841
13.155619
13.159871
13.483009
13.266166
13.916693
12.611388
13.589303
14.354629
13.483009
13.372462
14.460924
13.372462
13.483009
14.575723
13.155619
13.810397
13.266166
14.354629
13.266166
13.483009
13.483009
13.049324
13.589303
13.266166
13.810397
12.82823
14.137786
13.483009
13.478756
12.82823
14.354629
13.806146
12.832482
14.460924
13.261915
13.69985
13.483009
13.155619
13.155619
14.137786
12.611388
12.938777
13.5935545
12.2839985
12.505093
13.5935545
13.045072
12.505093
13.376713
13.69985
12.177704
13.810397
13.483009
13.266166
13.5935545
13.266166
12.938777
13.810397
12.181956
13.159871
12.938777
12.943029
13.266166
13.704102
12.181956
12.61564
13.5935545
12.177704
13.376713
12.505093
12.071408
12.721935
13.5935545
12.505093
12.394546
13.266166
13.049324
13.155619
13.049324
13.69985
12.611388
13.920944
12.288251
12.721935
12.288251
12.505093
12.938777
13.376713
12.938777
12.394546
13.5935545
12.938777
12.721935
13.920944
12.938777
13.483009
13.266166
14.133534
14.57147
14.57147
14.022987
13.69985
14.788313
13.916693
13.045072
13.483009
13.049324
13.049324
13.376713
12.398798
12.832482
13.155619
13.266166
13.483009
13.916693
12.82823
13.266166
12.938777
13.5935545
13.810397
14.02724
13.5935545
14.137786
13.372462
13.69985
14.788313
14.350377
14.57147
13.045072
13.5935545
13.266166
13.376713
13.483009
12.943029
13.266166
13.5935545
12.938777
13.810397
14.02724
14.02724
15.115701
13.155619
13.049324
13.049324
12.938777
13.049324
13.810397
12.82823
13.5935545
13.704102
14.460924
13.69985
14.460924
13.916693
12.717683
14.354629
14.02724
14.57147
13.372462
12.717683
13.916693
13.261915
13.045072
14.460924
13.589303
13.368209
13.045072
13.589303
13.69985
14.2440815
13.483009
14.682017
13.916693
13.483009
13.155619
14.133534
13.916693
14.350377
14.2440815
13.916693
13.151368
13.69985
14.133534
14.784061
14.567219
13.91244
14.677766
13.261915
13.372462
14.57147
13.916693
14.133534
14.022987
13.589303
14.133534
14.133534
13.585052
14.8946085
15.549385
13.916693
14.2440815
13.69985
14.8946085
14.350377
15.005156
15.328293
14.129283
14.2440815
13.806146
14.567219
14.350377
15.328293
13.916693
14.23983
13.806146
15.11145
14.567219
14.890355
14.23983
13.478756
14.23983
14.350377
14.350377
14.784061
14.677766
14.8946085
14.354629
14.02724
13.261915
14.02724
14.460924
14.129283
14.784061
15.766228
14.350377
14.890355
14.133534
14.784061
14.456672
14.677766
15.000902
15.545134
15.978818
15.324039
16.195662
14.890355
15.217746
15.540882
15.102947
15.324039
15.000902
14.346125
13.695599
14.567219
13.91244
14.133534
15.11145
13.478756
14.677766
13.916693
14.350377
15.651429
16.629345
17.063028
16.731388
15.864019
16.518799
15.430335
15.868271
15.217746
14.022987
14.2440815
13.483009
12.292503
10.549262
10.119829
9.800944
10.77886
10.774608
12.840985
13.5935545
14.57147
14.456672
13.916693
14.022987
14.677766
14.567219
15.983071
15.328293
16.523048
15.655681
14.460924
12.721935
12.505093
13.266166
14.02724
13.376713
13.597807
11.637725
11.204041
10.664061
10.664061
11.097745
10.5535145
11.8630705
10.770356
11.310335
11.637725
12.943029
12.943029
12.61564
12.832482
12.288251
12.177704
12.726187
13.597807
13.049324
13.69985
13.69985
14.031491
12.61564
11.306084
12.832482
13.48726
13.270417
11.637725
12.288251
13.159871
12.61564
12.832482
11.420882
12.075661
11.641976
11.531429
12.181956
11.420882
11.748272
11.637725
10.549262
11.097745
10.770356
11.318839
11.854567
12.505093
12.726187
11.748272
12.398798
11.420882
11.531429
12.181956
12.181956
12.075661
11.748272
11.416631
11.527178
12.726187
13.049324
11.965114
10.876652
10.880902
10.659809
10.770356
10.664061
10.991449
10.880902
10.230376
11.097745
10.987199
12.403049
11.204041
11.531429
10.880902
10.5535145
11.969365
12.619891
11.854567
11.748272
11.204041
11.748272
10.987199
10.442967
11.748272
12.292503
11.965114
11.420882
11.097745
10.340923
9.575599
9.575599
10.447219
10.774608
10.664061
9.681894
9.792441
10.447219
11.208292
10.5535145
11.101996
11.752523
10.987199
11.425134
11.531429
11.637725
11.314588
11.748272
11.097745
11.097745
10.013535
9.24821
9.575599
10.013535
9.252461
9.358756
10.119829
10.447219
10.770356
10.119829
10.013535
9.24821
10.124082
10.77886
10.557766
8.597683
7.6197677
6.858694
7.840862
8.274546
9.465052
11.960861
12.938777
11.739767
10.761852
11.854567
10.876652
13.376713
13.810397
15.009407
12.836734
10.876652
8.266043
9.24821
9.792441
10.987199
11.637725
11.965114
10.987199
9.898736
8.487137
9.358756
11.097745
12.075661
11.858818
12.832482
11.522925
10.766105
10.655557
11.204041
11.641976
12.509345
11.641976
10.880902
10.876652
9.681894
10.5535145
12.832482
13.372462
14.465176
13.920944
13.810397
13.589303
11.739767
11.531429
11.420882
10.33242
11.097745
10.876652
11.637725
10.655557
10.221873
9.571347
9.24821
10.336672
10.987199
11.854567
11.637725
12.726187
9.788189
10.005031
10.119829
11.965114
12.398798
12.288251
13.483009
12.067157
11.416631
11.093493
11.097745
10.659809
11.314588
12.947281
12.288251
12.505093
11.7440195
12.2839985
12.394546
13.483009
12.288251
13.376713
12.505093
11.416631
12.181956
12.836734
11.420882
11.420882
10.438715
11.420882
12.071408
11.416631
12.832482
12.067157
11.527178
11.960861
13.049324
12.173452
13.483009
13.810397
13.810397
13.483009
12.82823
12.505093
12.394546
12.394546
12.611388
12.2839985
12.82823
13.155619
12.611388
13.155619
13.372462
12.938777
13.049324
13.155619
13.155619
13.155619
13.155619
13.916693
13.261915
13.155619
14.133534
14.460924
13.478756
15.115701
13.916693
11.95661
11.850314
11.7440195
12.177704
12.938777
12.611388
13.376713
14.02724
13.372462
13.483009
13.372462
13.589303
14.02724
14.2440815
13.69985
14.57147
14.354629
13.483009
13.589303
14.02724
12.938777
12.717683
13.372462
14.02724
14.682017
13.261915
13.5935545
12.394546
12.505093
12.61564
13.049324
13.69985
14.354629
13.810397
13.155619
13.155619
12.9345255
13.045072
13.372462
13.483009
14.788313
14.89886
13.155619
14.02724
14.133534
12.938777
13.483009
13.483009
13.589303
13.372462
13.916693
13.261915
13.155619
13.810397
13.155619
13.589303
14.2440815
14.23983
14.2440815
14.022987
14.456672
13.810397
13.045072
13.045072
13.806146
14.02724
13.69985
13.916693
13.810397
13.483009
13.155619
13.483009
13.916693
12.9345255
13.045072
13.69985
14.137786
13.5935545
12.721935
12.832482
13.266166
12.717683
14.137786
13.266166
13.376713
13.266166
13.155619
12.611388
11.960861
12.505093
12.288251
13.049324
13.5935545
12.943029
13.48726
12.071408
12.61564
12.071408
13.704102
13.810397
14.248333
13.159871
13.266166
13.049324
12.288251
11.306084
12.398798
12.398798
11.527178
11.854567
11.965114
12.832482
12.177704
12.832482
11.960861
12.943029
13.155619
12.398798
13.48726
12.509345
12.071408
12.181956
12.403049
12.398798
11.637725
12.071408
13.159871
13.704102
13.049324
11.854567
11.637725
10.659809
11.208292
10.876652
11.858818
11.425134
10.447219
11.8630705
11.646228
11.752523
9.898736
11.969365
10.987199
11.748272
10.987199
11.208292
10.442967
10.447219
10.5535145
9.796692
9.796692
9.9029875
10.885155
9.792441
10.119829
10.664061
9.469303
9.358756
10.013535
10.230376
10.774608
10.668313
10.124082
9.575599
10.447219
10.557766
10.009283
10.664061
11.535681
9.792441
10.668313
9.575599
9.358756
10.885155
10.557766
9.469303
10.340923
9.9029875
10.009283
11.425134
11.858818
10.774608
11.208292
9.796692
10.119829
10.230376
10.885155
9.465052
9.358756
10.340923
10.336672
11.318839
11.429386
10.880902
9.792441
10.5535145
10.447219
10.230376
10.664061
10.447219
10.230376
9.575599
10.774608
10.230376
10.340923
11.318839
10.880902
10.991449
10.447219
10.447219
9.469303
10.013535
10.124082
10.340923
9.686145
10.77886
10.447219
10.557766
10.447219
10.336672
9.9029875
11.208292
11.208292
10.336672
10.885155
10.774608
10.119829
10.774608
10.880902
10.5535145
10.336672
10.447219
11.8630705
10.876652
10.336672
9.898736
11.8630705
10.119829
10.447219
10.664061
11.208292
10.442967
10.774608
11.535681
10.664061
10.880902
10.230376
11.969365
11.641976
10.115578
11.641976
11.208292
11.314588
11.204041
11.425134
11.101996
10.336672
10.880902
10.557766
10.226125
10.770356
11.097745
10.447219
11.208292
10.880902
11.535681
11.535681
11.535681
10.009283
11.318839
10.664061
10.5535145
11.8630705
10.987199
11.641976
11.101996
10.880902
10.442967
10.336672
10.664061
11.097745
11.641976
10.336672
11.2125435
10.664061
9.681894
10.987199
11.097745
11.204041
11.314588
11.752523
11.097745
11.314588
10.987199
11.318839
10.5535145
10.009283
10.991449
11.097745
11.425134
11.314588
10.5535145
11.641976
10.009283
10.230376
10.5535145
10.557766
10.447219
10.774608
9.9029875
10.557766
10.880902
9.792441
11.752523
10.770356
10.876652
12.403049
11.748272
11.204041
11.8630705
10.664061
10.009283
10.119829
9.792441
10.557766
11.097745
10.664061
10.447219
11.097745
10.659809
10.770356
10.770356
10.438715
10.987199
10.987199
11.425134
11.641976
10.5535145
10.447219
10.987199
11.314588
12.075661
10.987199
11.425134
11.752523
10.115578
10.33242
10.987199
10.119829
11.097745
11.314588
10.119829
11.535681
11.097745
10.659809
10.659809
10.880902
10.770356
10.5535145
10.987199
10.5535145
11.748272
11.204041
11.531429
10.880902
11.101996
10.880902
11.097745
10.664061
11.752523
11.425134
9.898736
10.5535145
11.101996
10.336672
10.659809
10.226125
11.425134
10.987199
10.442967
11.969365
10.987199
11.420882
11.204041
10.5535145
11.531429
11.204041
10.009283
10.119829
10.5535145
9.9029875
10.991449
11.641976
10.770356
10.442967
10.876652
10.659809
11.425134
11.420882
11.531429
11.858818
11.208292
11.097745
11.531429
10.33242
11.420882
12.292503
11.527178
12.509345
11.637725
11.093493
11.965114
10.5535145
9.9029875
9.792441
9.575599
10.230376
10.991449
11.314588
10.659809
11.425134
10.987199
10.659809
11.965114
12.403049
12.398798
11.310335
11.314588
11.204041
11.314588
10.770356
10.876652
11.641976
10.5535145
10.876652
10.226125
11.535681
10.226125
10.5535145
10.987199
10.664061
10.991449
10.119829
10.013535
9.681894
10.336672
10.774608
10.876652
10.226125
10.336672
11.641976
10.33242
10.987199
10.009283
11.208292
11.314588
9.792441
9.9029875
10.119829
10.664061
10.774608
10.447219
11.097745
10.221873
11.748272
12.186207
11.748272
10.226125
10.5535145
11.748272
10.336672
11.314588
10.336672
9.788189
10.336672
11.097745
11.204041
11.093493
10.442967
10.774608
11.314588
9.465052
10.124082
10.230376
9.358756
10.442967
9.469303
9.9029875
10.119829
11.208292
10.226125
10.5535145
9.894484
9.898736
9.898736
11.641976
11.531429
11.097745
10.557766
10.119829
10.009283
10.119829
10.124082
10.557766
9.465052
9.031367
10.340923
9.686145
8.597683
10.017787
9.686145
9.57985
10.885155
10.009283
10.770356
11.420882
10.880902
11.965114
11.7440195
12.071408
11.854567
12.288251
11.416631
12.398798
13.266166
12.611388
13.376713
11.854567
11.637725
11.204041
10.447219
10.230376
8.49564
6.106125
6.0040812
4.915619
3.8356605
3.5125234
2.313514
2.968292
4.379892
6.2251754
6.765155
6.433514
7.4114294
8.49564
8.929324
8.38084
9.690397
10.668313
10.664061
11.425134
11.531429
11.858818
12.726187
13.159871
13.376713
11.637725
10.659809
9.24821
8.929324
8.49564
6.539809
6.544061
5.0219145
4.915619
4.154546
3.1723788
3.1723788
4.58823
4.8008204
5.451347
6.9734936
8.168251
8.385093
9.146166
8.491387
8.929324
8.925072
10.336672
11.641976
11.637725
10.872399
11.093493
10.009283
9.137663
9.465052
9.473556
9.256713
7.7303147
7.2966304
7.5177245
6.6461043
5.8850307
5.8892827
6.3229666
5.2345047
5.2345047
5.557642
6.318715
8.385093
7.4029255
8.925072
8.270294
9.141914
8.37659
9.57985
10.119829
9.031367
9.681894
9.677642
10.33242
10.876652
10.221873
10.226125
9.575599
9.575599
9.469303
9.358756
7.8366094
7.9429054
8.270294
8.38084
8.597683
9.146166
9.796692
9.141914
8.703979
9.681894
10.230376
9.354505
9.031367
9.24821
9.24821
9.9029875
8.92082
9.358756
10.226125
10.115578
10.33242
11.204041
10.009283
10.659809
10.009283
9.575599
9.465052
9.681894
10.442967
9.677642
10.005031
11.420882
10.872399
9.788189
11.204041
10.549262
10.766105
10.876652
10.549262
10.987199
11.420882
10.655557
10.655557
10.872399
10.872399
11.960861
11.633472
11.637725
12.82823
12.832482
12.832482
11.633472
11.089241
11.416631
10.54501
11.960861
11.633472
10.761852
11.527178
11.310335
9.567095
9.571347
10.005031
10.438715
10.876652
10.982946
10.549262
9.788189
10.226125
10.659809
10.33242
10.438715
8.916569
9.681894
8.916569
8.695475
10.217621
10.9744425
13.585052
13.368209
12.386043
12.8154745
14.231326
14.886105
15.970315
16.191408
15.107199
14.235578
12.823978
12.49659
13.797642
14.018736
15.540882
14.66501
16.297703
15.430335
15.647177
14.886105
14.018736
15.115701
13.589303
12.500841
13.155619
12.500841
12.82823
11.952358
13.483009
12.173452
13.478756
13.257662
14.022987
13.687095
13.908189
15.107199
14.45242
15.000902
13.801893
14.779808
14.562967
12.386043
13.691346
14.341873
14.129283
13.695599
13.801893
13.695599
13.91244
14.996652
14.23983
13.036569
13.261915
13.806146
12.823978
12.9345255
13.368209
11.739767
12.611388
12.067157
12.721935
12.938777
10.978694
13.049324
12.82823
13.045072
14.02724
12.82823
13.589303
12.938777
12.173452
14.2440815
14.57147
12.82823
14.133534
13.806146
13.155619
13.916693
12.611388
11.633472
11.310335
10.982946
11.199788
11.633472
11.310335
12.505093
13.049324
12.611388
11.093493
11.965114
10.549262
10.115578
10.115578
10.009283
9.571347
10.442967
10.982946
12.071408
13.159871
12.726187
12.505093
10.982946
11.420882
12.398798
12.611388
12.938777
12.177704
12.832482
11.850314
11.522925
12.721935
12.721935
11.633472
11.527178
11.641976
11.314588
11.314588
12.071408
10.876652
12.403049
10.982946
11.854567
11.960861
12.509345
12.721935
12.832482
12.943029
10.761852
11.310335
12.181956
11.854567
12.288251
10.872399
12.398798
12.177704
12.938777
12.394546
11.960861
11.310335
11.531429
10.226125
10.987199
12.075661
11.204041
10.987199
11.310335
10.549262
11.093493
10.766105
11.748272
11.965114
12.292503
11.858818
10.442967
9.788189
11.097745
10.549262
12.071408
10.876652
10.770356
10.226125
10.009283
9.358756
10.013535
10.009283
10.336672
11.318839
9.9029875
9.9029875
8.814526
9.469303
10.557766
9.358756
10.774608
9.9029875
9.358756
9.24821
9.3630085
10.557766
8.814526
9.031367
9.141914
10.668313
9.686145
9.358756
8.925072
9.469303
9.358756
9.9029875
9.686145
10.5535145
10.880902
10.5535145
9.792441
10.119829
9.575599
9.465052
9.141914
8.925072
9.141914
9.3630085
10.340923
9.358756
9.358756
9.57985
9.252461
9.358756
8.274546
7.840862
8.385093
8.49564
8.385093
8.274546
9.035619
8.925072
9.358756
10.230376
9.465052
10.664061
9.575599
11.093493
10.770356
10.226125
10.115578
10.5535145
10.447219
8.593431
9.358756
9.469303
10.013535
10.5535145
10.5535145
10.442967
10.664061
10.336672
9.137663
11.208292
10.336672
9.24821
9.792441
10.009283
11.314588
11.854567
11.960861
13.270417
12.726187
11.960861
11.093493
11.199788
12.505093
12.177704
10.655557
10.876652
11.748272
10.770356
11.314588
10.770356
11.531429
10.872399
10.33242
11.531429
10.009283
10.880902
11.858818
10.33242
9.681894
9.575599
10.226125
9.898736
10.009283
11.535681
10.774608
9.465052
8.270294
9.907239
8.597683
10.447219
10.880902
9.252461
10.013535
9.358756
9.141914
9.035619
8.814526
9.686145
9.57985
9.358756
8.597683
9.358756
8.703979
8.38084
9.9029875
9.252461
9.035619
9.035619
8.597683
8.163999
8.385093
8.818777
8.163999
9.146166
8.38084
8.487137
8.274546
9.035619
8.814526
9.686145
8.814526
9.252461
7.9471564
8.163999
7.7303147
9.796692
8.38084
8.597683
9.24821
9.035619
9.3630085
7.6197677
8.057704
7.5134726
8.168251
8.712482
8.929324
8.057704
6.969241
7.9471564
7.9471564
7.4029255
8.712482
7.7303147
9.035619
8.929324
7.8366094
8.38084
8.818777
8.163999
7.6197677
8.70823
8.163999
8.70823
8.491387
7.8366094
8.597683
9.57985
9.031367
8.703979
9.9029875
8.70823
8.0534525
9.031367
9.141914
9.141914
8.597683
8.491387
7.4029255
7.0755363
7.1860833
8.601935
7.840862
6.858694
8.057704
7.1860833
8.385093
8.818777
7.7260633
8.270294
9.031367
8.699726
9.571347
10.770356
10.33242
9.681894
9.575599
9.2439575
9.571347
10.33242
9.898736
8.92082
8.159747
8.159747
8.70823
8.597683
8.814526
8.597683
7.6197677
7.6197677
7.615516
7.8366094
7.9471564
8.597683
7.292379
7.292379
7.181832
6.641852
7.7303147
7.4029255
7.7303147
7.509221
8.70823
8.159747
9.24821
8.92082
9.137663
7.8323584
8.703979
7.292379
8.270294
7.071285
7.292379
7.7260633
8.270294
8.597683
8.487137
9.792441
8.37659
10.119829
8.92082
9.465052
9.792441
8.487137
8.814526
8.593431
9.031367
9.137663
9.354505
9.898736
10.442967
10.659809
11.310335
10.115578
11.199788
10.659809
10.987199
9.571347
9.137663
10.115578
9.571347
10.987199
11.204041
9.681894
10.005031
10.876652
11.204041
10.005031
10.33242
10.659809
10.005031
10.549262
10.549262
10.549262
10.33242
10.005031
11.204041
10.766105
11.306084
9.4608
10.226125
10.655557
10.872399
10.655557
10.982946
10.655557
10.111326
10.982946
10.221873
11.416631
11.850314
11.7440195
11.850314
11.306084
12.177704
11.629221
11.846064
12.717683
12.2839985
12.173452
10.868148
12.173452
12.500841
13.372462
12.717683
12.9345255
12.607137
13.801893
13.806146
12.386043
13.368209
13.801893
13.691346
13.691346
14.779808
13.151368
13.801893
13.585052
13.691346
13.801893
13.691346
15.107199
14.235578
14.669261
14.125031
14.7755575
14.881853
14.886105
14.7755575
15.757724
15.753472
14.886105
14.346125
14.7755575
13.691346
15.434587
15.107199
15.107199
14.341873
14.022987
13.908189
14.562967
14.554463
13.797642
14.669261
14.771306
14.45242
16.841934
16.727137
17.16082
17.7008
17.488209
18.138737
17.054525
17.381914
15.753472
14.669261
14.45242
14.8946085
14.669261
13.036569
14.018736
15.753472
15.536632
16.297703
17.165071
18.142988
17.492462
17.603008
16.731388
15.4260845
16.40825
15.753472
15.864019
16.297703
15.4260845
15.536632
14.9924
16.187157
16.187157
17.271368
17.377663
17.156569
17.921894
16.178654
17.054525
17.054525
17.926146
18.03244
19.55884
18.899809
17.488209
16.399746
17.271368
16.2892
17.8156
18.682968
19.227198
18.678717
20.528252
20.311407
19.333492
18.682968
17.705051
17.926146
18.14724
16.301954
16.514547
14.9924
15.209241
15.315537
16.94823
16.404
17.054525
17.054525
16.731388
15.536632
15.970315
17.713554
17.8156
18.466124
19.337746
19.010355
18.678717
17.594505
16.837683
18.03244
17.271368
17.496714
18.14724
16.841934
16.301954
15.647177
15.753472
16.625093
17.165071
16.943977
16.731388
16.076609
16.731388
16.191408
15.319788
14.669261
15.757724
16.085114
17.173576
15.4260845
15.430335
15.864019
15.098694
16.514547
16.62084
16.73564
16.080862
16.191408
15.753472
15.536632
15.4260845
15.753472
14.9924
16.080862
16.301954
15.430335
16.191408
14.996652
15.864019
14.341873
14.996652
14.456672
14.779808
14.996652
14.890355
14.669261
15.213492
14.562967
13.691346
13.151368
14.890355
15.328293
15.107199
14.235578
15.872524
14.890355
14.018736
15.655681
14.346125
14.779808
15.872524
14.129283
13.585052
14.890355
14.129283
14.23983
13.257662
13.589303
14.784061
15.434587
15.000902
14.022987
13.261915
13.376713
11.629221
11.412379
12.721935
12.717683
13.483009
13.916693
12.394546
13.483009
13.372462
12.82823
13.69985
13.372462
13.704102
12.071408
11.204041
11.531429
11.314588
11.531429
11.199788
11.850314
12.611388
12.726187
11.850314
10.221873
11.748272
12.288251
12.505093
11.527178
11.420882
10.5535145
10.664061
9.792441
9.137663
10.447219
9.9029875
9.465052
10.119829
9.354505
10.115578
11.641976
11.093493
11.199788
9.898736
11.965114
11.310335
10.33242
11.425134
10.664061
10.880902
9.575599
9.141914
9.24821
7.8366094
7.509221
8.163999
9.9029875
9.788189
10.442967
11.420882
11.531429
11.425134
10.880902
9.575599
10.991449
10.991449
11.097745
9.137663
10.987199
11.633472
10.438715
11.420882
10.982946
10.987199
11.425134
10.664061
10.119829
9.9029875
9.24821
9.031367
10.230376
11.420882
10.549262
12.075661
11.420882
10.987199
10.987199
10.770356
11.969365
11.097745
11.314588
10.221873
12.075661
12.292503
12.071408
11.306084
11.420882
12.181956
11.420882
11.204041
11.965114
11.965114
11.637725
12.726187
11.199788
12.509345
11.089241
10.659809
12.509345
12.181956
11.199788
11.965114
11.531429
10.766105
11.854567
13.920944
13.045072
13.261915
12.721935
12.505093
12.177704
12.832482
13.810397
12.721935
11.965114
12.071408
11.204041
12.398798
12.611388
13.266166
13.69985
12.500841
12.505093
12.943029
13.920944
12.500841
13.48726
13.483009
13.69985
13.372462
14.133534
15.000902
13.801893
13.261915
13.478756
11.739767
12.505093
13.266166
13.69985
13.69985
12.82823
14.137786
13.806146
12.717683
13.589303
13.151368
14.456672
14.784061
14.23983
14.460924
13.478756
14.23983
14.677766
14.129283
15.107199
13.691346
14.890355
14.562967
14.562967
15.217746
13.91244
14.456672
12.9345255
14.788313
13.585052
14.779808
15.651429
15.761976
15.647177
16.412502
15.107199
16.301954
15.757724
15.757724
15.757724
15.974566
16.080862
15.647177
16.187157
16.40825
16.625093
15.970315
17.496714
16.73564
16.40825
16.841934
16.518799
16.080862
17.169323
15.319788
16.514547
16.297703
16.297703
17.169323
16.404
17.598757
17.603008
17.27562
17.271368
17.381914
17.709303
18.142988
18.249283
18.142988
18.253534
18.904062
17.598757
17.926146
17.705051
17.598757
17.271368
17.926146
17.705051
17.926146
18.576672
19.227198
17.921894
19.227198
18.682968
19.337746
18.682968
18.138737
19.988272
17.705051
18.138737
19.660883
18.57242
20.532501
19.439789
20.417704
19.333492
19.006104
18.895557
19.116652
18.682968
19.006104
20.205114
19.333492
18.78926
19.767178
19.550335
20.311407
20.417704
20.307158
20.417704
19.32924
19.979769
19.762926
19.333492
20.421955
19.767178
19.006104
19.660883
20.421955
19.767178
19.001852
20.528252
20.532501
19.439789
19.32924
20.532501
19.1124
19.767178
19.656631
20.417704
21.18303
20.307158
20.413452
21.616713
21.285072
21.072481
21.068232
20.413452
20.19661
20.524
21.178778
20.413452
19.1124
19.873472
19.656631
19.32924
20.957684
20.090315
20.524
20.961935
21.068232
21.285072
21.506166
20.086063
21.285072
21.395618
20.524
21.178778
21.174524
22.26724
20.957684
21.501915
21.501915
21.174524
20.413452
21.718756
21.174524
20.524
20.851387
20.634546
19.979769
20.524
20.094566
19.979769
19.873472
20.851387
20.307158
20.745094
20.634546
21.072481
20.524
21.612461
21.395618
21.068232
20.307158
20.957684
21.612461
20.307158
21.395618
20.417704
21.833555
19.873472
20.302906
20.634546
20.524
21.178778
21.289324
21.068232
19.873472
19.435537
19.652378
19.32924
20.851387
20.200863
21.068232
21.068232
20.311407
20.200863
20.851387
20.19661
20.413452
19.979769
20.851387
20.307158
20.851387
19.873472
20.417704
20.634546
20.19661
20.851387
19.979769
19.979769
20.417704
20.307158
20.200863
20.851387
20.74084
21.612461
20.090315
19.652378
20.200863
19.222946
19.98402
19.546083
19.873472
19.1124
19.1124
20.417704
20.094566
20.745094
20.417704
19.222946
19.546083
19.222946
20.200863
19.873472
20.205114
19.439789
18.895557
20.094566
19.1124
19.767178
20.307158
19.873472
20.090315
19.546083
19.439789
19.656631
18.245031
18.895557
18.138737
17.807095
18.461872
18.351326
19.98402
18.678717
19.98402
19.218695
20.421955
20.851387
20.851387
20.524
20.307158
19.656631
20.090315
20.961935
20.851387
20.957684
21.612461
20.851387
20.74084
21.612461
21.612461
20.847137
22.807219
21.612461
22.156693
21.063978
21.718756
21.501915
20.847137
22.041893
22.258736
21.391367
22.913515
21.714504
23.347198
22.041893
23.130356
24.541956
23.780882
23.670336
23.670336
23.89143
22.254484
22.692421
24.869345
22.798716
23.342947
24.652502
23.347198
23.126104
23.240902
22.369284
21.170273
21.72301
20.307158
20.311407
20.098818
19.448292
18.904062
19.988272
19.660883
20.528252
20.200863
21.072481
21.289324
21.068232
22.156693
21.174524
21.178778
21.501915
21.289324
19.550335
20.745094
20.094566
21.072481
20.528252
21.289324
21.18303
19.988272
19.98402
19.333492
19.337746
18.57242
19.227198
18.03244
18.797766
18.249283
17.921894
18.687218
17.921894
18.466124
18.576672
18.355577
18.57242
19.010355
18.466124
19.333492
19.988272
19.448292
18.249283
18.35983
18.036694
17.926146
17.8156
18.253534
17.926146
18.466124
17.381914
17.058777
16.404
16.297703
17.169323
16.514547
17.386166
16.514547
15.753472
15.4260845
16.40825
15.864019
16.191408
16.518799
15.319788
15.757724
15.864019
16.40825
15.647177
16.085114
15.647177
15.102947
16.085114
15.102947
15.213492
13.801893
15.213492
14.45242
15.217746
14.558716
14.125031
14.669261
14.779808
14.562967
13.363957
14.23983
13.151368
14.022987
12.2839985
13.045072
13.261915
13.155619
13.589303
13.261915
13.261915
13.045072
12.717683
12.607137
12.173452
12.500841
12.611388
12.177704
12.177704
12.177704
11.850314
11.850314
12.394546
12.938777
12.177704
11.199788
10.982946
11.310335
11.527178
10.328168
11.633472
10.005031
11.969365
10.438715
10.766105
11.310335
10.221873
10.978694
10.982946
10.33242
11.637725
11.633472
11.965114
11.310335
11.416631
11.199788
12.398798
11.199788
9.677642
9.792441
10.5535145
9.575599
10.664061
10.336672
10.991449
10.442967
8.810273
10.991449
11.204041
9.465052
10.664061
9.141914
9.796692
8.491387
7.9471564
9.039871
9.3630085
9.035619
8.274546
8.929324
8.385093
7.9471564
7.6240196
7.951409
6.7566514
9.044123
6.9734936
6.429262
6.8671985
7.632523
8.1725025
6.429262
6.6461043
8.061955
7.7345667
6.7523994
6.101873
7.4071774
7.6240196
7.079788
7.840862
7.2966304
6.969241
7.079788
6.429262
7.5134726
8.057704
8.49564
6.7523994
7.951409
7.6197677
7.7303147
8.168251
8.38084
8.601935
9.907239
9.252461
9.035619
9.146166
9.146166
9.57985
8.712482
9.473556
9.141914
8.597683
10.230376
8.814526
8.0534525
8.925072
8.925072
10.45147
10.013535
8.925072
10.668313
8.818777
10.124082
8.814526
8.814526
10.336672
10.770356
11.420882
11.531429
11.204041
11.637725
11.310335
11.310335
12.726187
11.310335
11.416631
11.420882
11.854567
11.310335
11.7440195
12.61564
10.328168
12.61564
12.398798
12.181956
11.420882
11.748272
11.310335
10.982946
10.766105
11.748272
11.310335
11.199788
11.093493
12.398798
12.288251
12.067157
13.69985
13.266166
12.82823
13.045072
13.920944
13.155619
12.067157
12.61564
13.376713
11.7440195
12.288251
12.61564
12.721935
13.045072
11.850314
13.266166
12.2839985
12.394546
13.155619
12.394546
13.155619
13.483009
12.505093
12.390294
13.483009
13.155619
12.717683
13.483009
14.022987
12.717683
13.916693
12.9345255
12.611388
13.483009
13.372462
13.483009
13.589303
13.372462
13.806146
15.115701
14.022987
14.23983
12.9345255
14.022987
13.585052
14.673514
15.434587
14.996652
15.107199
14.784061
13.801893
13.908189
14.022987
15.000902
14.346125
13.801893
13.91244
14.129283
14.567219
14.346125
14.235578
15.430335
14.562967
15.324039
14.456672
14.890355
14.562967
14.456672
14.567219
15.11145
14.784061
14.45242
15.328293
15.651429
14.886105
14.669261
16.301954
15.540882
16.412502
14.779808
14.346125
14.346125
13.691346
14.350377
14.784061
13.806146
15.107199
14.562967
14.346125
15.540882
14.886105
14.669261
14.784061
15.107199
15.328293
14.346125
15.434587
14.23983
15.107199
15.434587
14.133534
15.000902
14.129283
14.456672
15.545134
14.346125
13.691346
13.91244
14.346125
14.23983
15.11145
14.23983
14.677766
14.23983
15.540882
13.368209
15.655681
14.456672
14.456672
14.890355
13.91244
13.589303
14.567219
13.045072
15.11145
14.567219
14.23983
14.456672
13.916693
14.022987
12.938777
13.806146
14.133534
12.717683
13.045072
13.589303
13.261915
14.022987
13.478756
14.784061
14.567219
13.261915
13.695599
13.372462
14.133534
11.95661
13.5935545
12.500841
12.173452
13.045072
13.478756
13.261915
13.806146
13.916693
13.483009
14.2440815
14.2440815
13.483009
13.049324
12.177704
12.505093
11.199788
13.045072
14.02724
13.589303
12.500841
12.717683
13.589303
12.390294
12.82823
13.810397
12.500841
14.02724
12.938777
12.9345255
13.045072
12.177704
13.478756
13.372462
13.045072
12.82823
12.177704
13.372462
12.500841
13.483009
13.916693
12.062905
12.9345255
12.82823
13.589303
13.261915
12.82823
13.916693
13.695599
12.9345255
14.23983
14.133534
13.478756
12.9345255
12.611388
13.155619
11.960861
11.850314
13.5935545
13.376713
12.721935
12.071408
11.089241
11.416631
10.982946
12.721935
11.846064
13.266166
12.717683
12.611388
12.394546
12.177704
11.960861
12.717683
12.721935
13.155619
13.155619
11.633472
13.266166
11.739767
11.306084
12.832482
11.416631
11.960861
11.637725
10.549262
11.748272
9.4608
9.567095
10.005031
10.876652
10.982946
9.4608
9.894484
11.199788
10.982946
12.61564
10.872399
10.005031
10.33242
9.13341
10.33242
9.677642
10.876652
11.420882
9.354505
10.442967
9.027116
9.9029875
9.575599
9.465052
9.354505
9.681894
9.354505
9.2439575
8.0492
9.358756
9.465052
8.92082
10.009283
9.681894
10.115578
10.115578
8.92082
9.571347
9.2439575
9.677642
10.442967
10.33242
10.115578
9.027116
8.593431
10.009283
9.2439575
9.2439575
11.097745
10.005031
9.894484
10.221873
11.633472
10.4344635
10.982946
11.522925
10.54501
11.522925
10.111326
9.788189
9.7839365
9.571347
10.876652
10.655557
10.000779
11.310335
10.000779
10.766105
10.328168
10.33242
11.310335
10.438715
10.005031
10.766105
10.111326
11.199788
12.071408
12.2839985
12.173452
12.717683
11.95661
12.067157
11.95661
12.173452
11.850314
11.089241
12.611388
11.416631
10.982946
9.677642
9.022863
9.354505
9.792441
9.354505
9.2439575
9.898736
9.788189
8.482884
8.810273
9.13341
8.699726
10.221873
10.328168
11.089241
10.323916
11.527178
11.739767
12.607137
12.390294
12.500841
12.067157
11.518674
12.611388
10.761852
11.739767
10.217621
10.111326
11.199788
9.7839365
10.005031
10.328168
8.916569
10.659809
9.239705
11.416631
10.655557
10.872399
11.850314
12.2839985
11.850314
12.721935
11.412379
12.394546
13.045072
12.611388
12.611388
12.500841
12.500841
12.2839985
12.394546
12.9345255
12.2839985
11.412379
12.505093
10.761852
11.306084
10.655557
10.655557
10.982946
10.655557
11.093493
10.880902
10.33242
10.328168
11.204041
11.960861
10.761852
10.872399
11.089241
11.850314
11.739767
12.611388
12.181956
12.177704
11.199788
10.33242
10.872399
10.54501
11.854567
11.7440195
10.982946
10.876652
10.876652
12.071408
10.111326
9.894484
10.766105
10.549262
10.221873
12.292503
11.527178
10.438715
9.4608
10.221873
11.306084
11.199788
10.872399
11.199788
11.089241
11.7440195
11.204041
10.872399
10.328168
10.766105
10.33242
10.111326
11.748272
12.177704
11.633472
11.416631
11.850314
11.416631
11.301832
11.416631
12.721935
11.95661
12.173452
12.2839985
12.394546
12.394546
12.500841
11.850314
12.067157
11.7440195
11.633472
10.761852
10.115578
10.982946
10.872399
10.876652
11.093493
10.549262
11.199788
12.071408
10.005031
11.310335
10.655557
10.766105
12.071408
11.7440195
12.067157
11.089241
10.982946
12.177704
10.872399
10.982946
11.960861
12.071408
11.960861
10.438715
10.770356
11.310335
10.659809
10.115578
9.571347
9.681894
10.115578
8.810273
11.310335
10.111326
11.199788
11.633472
12.288251
12.394546
12.173452
10.54501
11.199788
11.960861
11.633472
12.288251
11.7440195
11.199788
10.872399
11.854567
12.611388
11.416631
11.416631
11.527178
10.761852
11.850314
10.766105
10.766105
11.093493
10.33242
10.876652
11.7440195
11.960861
13.270417
12.177704
11.960861
11.629221
11.199788
12.067157
11.960861
12.288251
12.2839985
11.633472
11.089241
12.61564
10.982946
10.438715
10.876652
10.770356
10.442967
10.442967
10.770356
11.637725
10.766105
10.761852
11.633472
12.500841
11.522925
11.960861
12.505093
10.978694
12.071408
11.310335
10.872399
11.7440195
11.416631
10.876652
11.854567
11.7440195
10.982946
10.761852
10.438715
11.093493
11.093493
10.438715
11.748272
11.420882
12.181956
11.416631
11.637725
12.394546
12.067157
13.376713
13.266166
11.850314
11.7440195
11.522925
12.177704
12.067157
11.637725
12.832482
12.611388
12.721935
12.181956
11.7440195
10.872399
12.394546
12.071408
12.067157
11.850314
11.199788
12.611388
12.9345255
12.390294
13.155619
13.69985
13.589303
12.823978
12.611388
13.69985
12.394546
11.522925
12.832482
11.633472
12.2839985
12.500841
12.82823
12.938777
12.611388
11.7440195
11.522925
11.416631
12.288251
11.7440195
11.199788
12.288251
12.82823
12.611388
11.95661
12.717683
11.739767
12.177704
12.9345255
12.390294
13.155619
12.067157
11.199788
11.416631
12.288251
12.505093
12.721935
12.82823
11.850314
12.177704
12.071408
11.7440195
10.982946
11.314588
10.655557
10.438715
12.398798
12.611388
11.850314
12.288251
12.394546
11.522925
12.832482
12.067157
11.310335
12.938777
12.500841
13.483009
12.938777
12.500841
12.82823
11.95661
12.177704
11.633472
10.438715
10.549262
11.204041
11.310335
10.438715
11.531429
12.071408
12.173452
11.739767
13.155619
12.067157
12.062905
12.067157
11.416631
11.527178
10.876652
11.633472
11.089241
12.288251
12.279747
12.177704
12.938777
13.155619
11.850314
11.633472
12.071408
11.310335
11.854567
11.310335
10.438715
12.071408
12.61564
11.629221
12.505093
11.637725
10.868148
11.637725
11.637725
11.416631
11.093493
12.509345
12.288251
12.177704
11.633472
12.2839985
11.95661
11.850314
11.739767
11.95661
11.850314
11.7440195
12.505093
10.978694
12.505093
11.960861
10.982946
11.522925
11.522925
12.398798
11.965114
11.093493
10.876652
10.442967
10.987199
11.7440195
11.960861
11.739767
11.850314
11.95661
12.177704
12.611388
11.522925
11.195537
11.633472
11.739767
11.960861
11.199788
10.655557
10.978694
11.854567
12.500841
12.067157
11.7440195
12.394546
10.000779
11.965114
11.633472
10.872399
12.288251
12.177704
11.629221
12.611388
11.739767
12.2839985
12.173452
11.850314
12.938777
11.089241
11.850314
11.739767
12.2839985
13.372462
12.9345255
12.717683
12.062905
13.69985
12.82823
13.589303
12.721935
12.394546
12.717683
12.067157
12.82823
12.9345255
12.500841
13.483009
12.500841
12.9345255
13.806146
12.390294
12.607137
13.151368
12.607137
13.372462
13.151368
13.372462
12.717683
14.350377
12.386043
13.045072
13.69985
13.589303
12.823978
13.261915
12.823978
12.717683
13.045072
13.585052
13.691346
13.368209
13.368209
12.823978
13.372462
12.607137
11.95661
12.82823
12.279747
12.390294
13.916693
12.607137
12.823978
12.823978
14.346125
13.585052
14.129283
13.040821
13.478756
14.456672
13.585052
14.23983
14.018736
14.125031
14.996652
15.107199
13.363957
14.673514
13.151368
12.823978
14.456672
13.801893
13.257662
13.257662
14.562967
15.324039
14.341873
14.120779
15.430335
14.346125
14.125031
13.91244
13.806146
13.261915
13.91244
13.368209
13.801893
14.129283
13.478756
14.673514
14.341873
15.757724
15.430335
15.213492
14.7755575
15.753472
16.40825
15.102947
15.970315
16.080862
14.9924
15.4260845
16.080862
15.107199
15.213492
15.647177
14.235578
14.669261
13.363957
14.45242
15.324039
15.102947
14.7755575
15.102947
15.647177
15.753472
16.080862
15.319788
15.102947
15.864019
15.430335
15.430335
15.315537
15.753472
15.753472
15.319788
16.080862
16.514547
15.536632
15.753472
15.647177
15.4260845
14.554463
14.337622
15.319788
15.536632
16.080862
15.319788
15.536632
15.209241
14.66501
15.864019
15.647177
15.319788
14.66501
15.536632
15.319788
15.864019
16.297703
15.642925
16.841934
15.319788
14.771306
15.753472
16.080862
15.536632
16.297703
16.404
16.40825
16.841934
15.970315
16.62084
15.970315
16.731388
15.859768
16.625093
16.297703
16.73564
16.841934
16.731388
16.187157
15.753472
17.496714
16.731388
16.510294
16.731388
15.859768
16.297703
16.625093
16.731388
15.864019
15.864019
15.864019
14.881853
15.753472
16.080862
15.647177
15.536632
15.209241
16.40825
16.625093
16.40825
15.970315
15.4260845
15.864019
15.753472
16.404
16.404
17.165071
16.62084
16.076609
16.731388
16.73564
16.297703
14.881853
16.73564
15.864019
14.66501
15.4260845
15.753472
15.430335
15.102947
15.647177
16.085114
14.9924
15.753472
15.970315
15.974566
16.191408
16.40825
16.191408
16.191408
15.647177
14.66501
15.540882
15.757724
15.102947
16.301954
15.540882
14.456672
14.456672
14.346125
13.585052
13.801893
15.000902
14.890355
14.018736
14.677766
13.257662
14.129283
14.350377
13.045072
12.607137
12.717683
13.266166
13.69985
12.500841
13.155619
13.045072
12.390294
12.394546
13.155619
13.261915
12.500841
12.938777
12.721935
12.938777
11.95661
11.199788
11.199788
10.766105
10.549262
10.438715
10.111326
10.659809
10.549262
11.420882
10.33242
10.770356
10.659809
10.659809
11.527178
11.7440195
11.089241
10.982946
10.982946
10.655557
10.111326
10.005031
10.987199
9.898736
9.898736
10.226125
10.226125
8.92082
9.24821
9.354505
9.575599
9.031367
9.031367
9.358756
8.92082
9.031367
8.92082
9.358756
8.814526
9.575599
9.24821
8.703979
9.031367
8.159747
8.487137
8.37659
8.482884
9.575599
9.141914
8.593431
7.8366094
8.0534525
8.925072
7.181832
7.9471564
7.8366094
8.163999
7.4029255
7.7303147
8.057704
8.491387
7.6197677
8.057704
7.8366094
7.509221
7.7303147
6.748148
7.292379
7.8366094
8.601935
8.925072
8.38084
7.509221
7.9471564
7.8366094
8.0534525
7.6197677
7.4029255
8.274546
7.6197677
7.6197677
8.818777
8.057704
7.8366094
7.9471564
8.601935
8.491387
8.163999
7.0755363
8.601935
7.4029255
7.4029255
7.6197677
8.49564
8.0534525
7.6197677
8.163999
8.168251
8.491387
6.96499
7.4029255
8.929324
7.4029255
8.057704
8.601935
8.38084
7.7303147
8.385093
6.858694
7.1860833
7.9471564
8.491387
7.6240196
8.385093
6.969241
8.933577
8.057704
7.7303147
8.712482
8.270294
8.163999
7.9429054
9.690397
9.141914
8.818777
8.491387
9.146166
8.491387
8.274546
9.690397
7.9471564
9.3630085
8.818777
8.163999
8.163999
8.601935
8.70823
7.4029255
7.7303147
8.168251
8.057704
7.2966304
8.929324
8.929324
8.601935
8.38084
9.3630085
9.9029875
9.792441
9.469303
9.9029875
9.358756
9.358756
10.340923
9.796692
9.469303
9.792441
9.686145
9.465052
8.270294
9.57985
9.686145
9.035619
9.796692
9.252461
9.9029875
9.031367
9.9029875
10.009283
10.770356
11.204041
11.531429
11.858818
10.33242
11.748272
11.531429
11.416631
12.288251
12.181956
11.420882
12.181956
11.310335
12.071408
12.398798
12.398798
11.310335
11.7440195
11.527178
12.181956
11.854567
12.177704
10.982946
11.093493
11.965114
11.960861
11.416631
12.398798
12.721935
11.527178
12.505093
11.854567
12.398798
12.067157
11.850314
12.611388
13.049324
13.155619
13.483009
13.589303
12.394546
13.69985
13.155619
13.155619
12.394546
12.832482
12.721935
11.306084
11.850314
11.95661
13.589303
13.261915
13.916693
12.500841
12.500841
13.045072
13.155619
12.717683
12.823978
13.585052
13.91244
12.9345255
14.129283
13.695599
13.589303
14.23983
12.607137
12.062905
14.133534
12.173452
14.02724
12.9345255
13.589303
14.133534
13.91244
13.368209
13.91244
13.91244
13.368209
13.478756
14.022987
13.478756
13.151368
13.368209
13.91244
13.478756
14.456672
13.801893
14.235578
13.91244
14.018736
13.691346
14.23983
13.478756
14.018736
13.806146
12.9345255
13.368209
13.368209
14.677766
13.151368
13.368209
13.589303
13.261915
12.607137
14.022987
12.9345255
12.9345255
13.91244
14.23983
13.801893
14.460924
12.713431
12.930274
13.040821
13.91244
13.695599
14.133534
13.151368
12.607137
13.155619
13.045072
13.045072
13.478756
13.261915
14.133534
12.717683
13.155619
13.261915
13.045072
13.155619
13.045072
13.151368
13.151368
13.155619
13.368209
13.368209
12.713431
12.607137
13.589303
12.9345255
12.9345255
13.372462
13.478756
12.390294
13.69985
12.173452
13.045072
13.372462
13.261915
12.9345255
13.155619
12.500841
11.739767
12.067157
12.938777
13.372462
12.938777
13.69985
12.390294
13.368209
13.151368
13.372462
13.478756
12.717683
13.806146
13.478756
13.916693
12.173452
12.607137
12.82823
12.82823
12.500841
12.717683
14.460924
13.806146
12.390294
11.739767
12.721935
11.633472
11.416631
10.978694
11.633472
12.067157
13.045072
12.500841
12.611388
13.5935545
12.82823
12.9345255
12.938777
12.505093
13.372462
12.2839985
12.938777
12.721935
13.589303
12.2839985
12.832482
13.483009
13.045072
12.500841
11.95661
12.721935
11.960861
11.089241
12.292503
13.266166
12.067157
12.721935
12.394546
11.629221
12.9345255
12.611388
11.633472
12.177704
11.522925
12.505093
12.721935
12.721935
12.721935
12.9345255
12.9345255
12.82823
12.390294
12.611388
12.611388
12.717683
12.82823
13.372462
13.261915
12.607137
12.717683
13.810397
12.82823
12.394546
12.721935
12.505093
11.629221
12.500841
12.288251
12.721935
12.177704
11.522925
12.067157
12.067157
13.155619
12.717683
12.82823
13.266166
11.633472
12.177704
12.61564
12.288251
12.177704
11.960861
12.505093
13.159871
11.522925
12.394546
11.850314
11.7440195
11.850314
11.416631
11.854567
12.832482
12.177704
12.071408
12.177704
11.960861
11.960861
12.721935
12.500841
12.82823
13.155619
11.95661
11.95661
11.850314
12.500841
11.846064
12.721935
12.394546
11.629221
12.2839985
11.306084
12.177704
11.416631
11.089241
12.067157
12.721935
12.173452
12.611388
12.394546
12.832482
12.394546
11.850314
12.721935
11.633472
12.394546
12.2839985
12.177704
12.2839985
12.500841
12.390294
12.717683
13.155619
13.810397
13.69985
12.82823
12.394546
11.633472
12.721935
12.61564
11.850314
12.500841
12.173452
12.9345255
12.9345255
13.368209
14.2440815
13.151368
13.368209
13.372462
13.589303
12.279747
12.500841
11.95661
13.049324
13.155619
13.155619
12.717683
12.607137
12.717683
12.500841
12.717683
12.823978
13.045072
13.045072
12.279747
13.589303
12.713431
13.151368
13.91244
14.23983
13.908189
14.562967
15.107199
14.673514
13.368209
13.478756
13.478756
14.350377
13.585052
14.022987
13.045072
13.151368
13.585052
13.695599
14.022987
13.368209
12.717683
13.69985
12.9345255
13.261915
14.133534
13.372462
13.916693
13.372462
13.801893
13.589303
13.91244
15.434587
14.45242
14.346125
14.235578
14.346125
14.456672
14.022987
13.585052
14.129283
14.346125
13.801893
14.350377
13.806146
14.456672
13.040821
13.695599
14.456672
14.673514
14.456672
13.478756
13.474504
13.368209
13.151368
14.562967
14.341873
15.434587
14.235578
13.797642
14.890355
15.647177
14.881853
15.540882
15.974566
15.647177
14.9924
15.213492
15.213492
14.9924
15.102947
14.779808
14.996652
14.341873
15.324039
15.540882
14.7755575
15.102947
14.779808
13.797642
13.801893
14.562967
14.125031
14.341873
15.651429
15.107199
14.7755575
15.213492
14.235578
14.779808
14.669261
14.014484
14.129283
14.129283
15.107199
14.456672
14.341873
15.102947
14.7755575
14.886105
16.191408
15.864019
16.080862
14.66501
15.864019
15.753472
15.753472
15.864019
15.536632
15.757724
14.554463
14.669261
15.536632
15.213492
15.324039
15.102947
15.324039
14.125031
14.562967
13.585052
14.346125
14.018736
14.7755575
15.536632
15.102947
15.102947
15.647177
14.9924
14.779808
14.014484
14.014484
14.996652
14.890355
15.107199
14.231326
14.669261
14.341873
14.669261
14.341873
15.102947
14.235578
14.779808
13.474504
13.040821
14.235578
12.713431
13.695599
13.363957
14.558716
14.235578
14.7755575
14.448169
14.010232
14.669261
14.346125
13.797642
13.470253
14.779808
14.45242
13.142863
13.691346
15.102947
14.66501
15.430335
14.014484
12.602884
12.930274
13.908189
14.23983
13.040821
14.45242
14.784061
13.040821
13.147116
12.930274
14.129283
13.363957
14.129283
14.669261
12.819726
13.801893
13.801893
13.5808
13.801893
14.125031
12.823978
13.257662
13.151368
11.841811
11.301832
12.2839985
11.301832
11.195537
12.177704
11.522925
11.960861
11.850314
11.629221
13.045072
13.045072
12.823978
13.155619
12.823978
13.806146
12.823978
11.841811
13.69985
13.368209
13.151368
14.022987
12.9345255
12.717683
12.82823
12.611388
12.2839985
11.739767
12.173452
12.173452
12.611388
11.301832
11.522925
12.2839985
12.390294
13.045072
12.717683
12.82823
13.045072
12.173452
13.045072
12.823978
13.372462
12.062905
12.390294
12.9345255
13.806146
12.607137
13.478756
13.155619
13.045072
12.9345255
13.045072
12.9345255
13.045072
13.478756
12.390294
13.040821
13.261915
13.478756
13.585052
12.9345255
12.823978
13.368209
13.261915
12.390294
13.151368
12.607137
12.717683
12.823978
11.95661
12.721935
13.049324
12.173452
11.195537
11.633472
12.832482
11.633472
10.54501
10.328168
10.872399
10.107075
12.177704
12.61564
11.412379
11.850314
12.394546
12.067157
12.2839985
13.155619
12.394546
12.500841
12.500841
12.067157
10.982946
11.527178
10.766105
10.111326
11.527178
9.7839365
10.111326
9.4608
10.766105
10.328168
11.089241
11.522925
10.872399
11.633472
11.629221
10.868148
11.846064
11.522925
12.394546
12.390294
12.173452
11.846064
11.95661
12.82823
12.717683
12.82823
12.173452
11.195537
12.721935
12.721935
11.522925
11.522925
11.633472
11.633472
12.721935
12.721935
12.611388
12.2839985
12.938777
13.266166
12.2839985
11.846064
12.500841
12.173452
12.82823
12.390294
12.390294
12.394546
12.607137
12.607137
12.607137
13.155619
12.062905
12.390294
12.067157
12.500841
12.717683
12.390294
12.500841
12.173452
12.611388
12.2839985
12.500841
12.067157
12.071408
11.850314
12.2839985
11.301832
13.372462
12.279747
11.735517
11.952358
12.2839985
12.500841
11.95661
12.173452
13.261915
12.279747
12.279747
12.390294
12.717683
13.589303
12.607137
12.823978
12.500841
11.846064
11.629221
11.846064
11.195537
13.155619
11.739767
12.067157
12.394546
11.850314
12.2839985
11.518674
11.95661
11.7440195
11.522925
12.500841
13.049324
12.062905
11.952358
12.173452
12.607137
12.607137
12.823978
12.9345255
12.062905
13.478756
13.151368
12.607137
12.062905
12.173452
13.261915
12.279747
12.062905
12.717683
12.717683
13.478756
12.173452
11.518674
11.195537
13.155619
12.500841
12.067157
13.151368
12.279747
11.735517
12.717683
13.151368
12.9345255
12.607137
12.9345255
13.806146
13.806146
13.91244
13.368209
12.173452
12.390294
12.390294
13.151368
13.040821
13.695599
12.717683
12.713431
12.823978
13.045072
13.478756
13.585052
13.695599
13.695599
13.695599
13.151368
13.368209
13.257662
13.585052
13.585052
13.801893
14.45242
14.346125
13.040821
13.478756
14.129283
13.257662
13.474504
12.823978
14.567219
14.018736
14.018736
14.018736
14.996652
13.363957
13.691346
13.147116
14.346125
14.346125
13.585052
14.779808
14.562967
14.996652
13.687095
13.903937
14.669261
15.540882
14.7755575
15.430335
14.7755575
15.324039
14.125031
14.779808
15.647177
14.886105
14.125031
14.341873
14.014484
15.107199
14.125031
14.673514
14.779808
14.669261
13.5808
13.908189
13.691346
14.125031
14.235578
14.669261
14.018736
14.018736
15.107199
15.651429
14.341873
14.7755575
15.213492
14.779808
15.102947
14.341873
14.996652
14.669261
13.691346
13.801893
13.908189
14.562967
14.562967
13.5808
14.45242
13.691346
14.341873
14.779808
13.585052
13.691346
14.45242
14.235578
14.562967
14.018736
14.235578
13.363957
14.558716
14.886105
14.562967
14.129283
13.5808
13.797642
14.456672
13.040821
13.147116
14.673514
13.474504
13.801893
13.474504
13.908189
14.346125
14.673514
14.23983
14.235578
14.125031
13.801893
14.784061
13.801893
13.25341
14.018736
13.151368
14.018736
13.691346
13.147116
13.801893
13.801893
14.018736
13.040821
13.585052
13.478756
13.585052
13.368209
13.695599
14.018736
13.363957
13.801893
14.346125
14.018736
13.691346
14.562967
14.567219
14.562967
14.235578
13.151368
13.368209
13.257662
14.125031
14.346125
14.341873
14.669261
13.801893
14.341873
14.341873
14.341873
13.691346
13.5808
14.779808
14.886105
15.213492
13.691346
14.558716
14.448169
14.018736
14.890355
13.797642
13.797642
14.996652
13.5808
14.235578
14.235578
14.779808
13.797642
14.014484
14.448169
14.45242
15.102947
14.669261
14.9924
14.779808
15.430335
15.536632
14.66501
15.430335
14.9924
15.536632
14.771306
15.536632
15.4260845
14.66501
15.864019
14.9924
15.319788
14.66501
15.102947
14.886105
15.753472
14.988147
15.102947
15.4260845
15.209241
15.319788
15.647177
15.864019
15.209241
15.753472
14.554463
16.297703
14.9924
15.098694
15.753472
15.753472
15.20499
16.080862
15.098694
16.404
16.94823
16.94823
15.20499
17.165071
16.187157
15.859768
16.731388
17.492462
15.859768
16.837683
16.62084
15.970315
16.293453
16.94823
16.514547
16.514547
16.727137
15.749221
17.054525
16.62084
16.837683
17.598757
17.165071
17.8156
17.16082
17.488209
17.16082
16.727137
16.62084
17.27562
17.381914
17.488209
16.722885
18.253534
17.054525
17.921894
17.598757
17.8156
17.488209
18.142988
17.377663
18.35983
17.8156
17.054525
17.8156
16.837683
17.594505
17.377663
19.010355
18.355577
18.466124
18.35983
17.377663
16.727137
18.03244
17.050274
16.616589
16.62084
16.399746
16.076609
17.381914
17.598757
17.598757
17.488209
18.142988
17.054525
16.62084
16.404
17.381914
16.837683
16.616589
17.381914
18.142988
17.050274
17.377663
16.943977
18.466124
17.598757
17.377663
17.377663
18.142988
17.377663
17.16082
17.381914
17.488209
16.837683
17.381914
17.271368
17.921894
17.381914
16.837683
16.076609
16.07236
16.510294
16.943977
17.054525
16.943977
17.271368
17.598757
17.8156
17.483957
18.138737
17.811346
18.687218
17.488209
18.142988
17.705051
19.010355
18.682968
17.590254
18.028189
18.57242
17.705051
18.028189
17.377663
17.16082
17.377663
17.483957
18.03244
18.904062
17.8156
17.377663
17.598757
18.03244
17.377663
18.249283
16.943977
17.488209
17.705051
17.811346
17.16082
18.142988
18.35983
17.483957
17.594505
18.682968
18.35983
18.35983
17.811346
18.576672
17.705051
17.381914
17.267115
16.833431
17.488209
17.381914
17.16082
16.510294
16.837683
17.058777
16.182905
16.727137
17.81985
16.94823
16.616589
16.94823
16.62084
17.488209
17.921894
16.833431
17.381914
16.943977
16.939726
18.138737
17.050274
16.943977
17.16082
16.727137
16.837683
16.399746
16.399746
17.27562
16.182905
16.833431
17.271368
16.182905
17.381914
17.488209
16.399746
16.404
16.833431
16.404
16.182905
17.271368
17.271368
17.054525
18.142988
17.8156
17.050274
17.271368
17.598757
17.050274
16.939726
17.054525
16.616589
16.727137
17.926146
17.488209
17.377663
16.943977
17.165071
16.616589
16.510294
16.837683
17.165071
16.510294
16.727137
16.62084
16.293453
15.859768
16.404
16.62084
15.859768
15.8555155
16.293453
16.62084
15.966063
15.966063
16.40825
16.404
16.182905
16.293453
17.054525
16.399746
16.837683
16.837683
15.634422
16.62084
16.187157
16.297703
15.532378
15.749221
16.510294
16.510294
16.404
16.076609
15.638674
16.404
15.4260845
16.514547
16.510294
16.62084
16.076609
15.315537
16.404
16.837683
16.076609
17.165071
16.510294
16.616589
16.94823
15.749221
16.076609
16.182905
16.187157
16.514547
16.514547
16.62084
16.841934
16.297703
16.731388
16.187157
15.970315
15.536632
15.209241
15.536632
15.642925
15.970315
16.076609
15.864019
16.514547
15.638674
15.970315
15.20499
17.058777
16.293453
16.293453
17.27562
16.62084
15.20499
15.098694
16.297703
15.532378
15.102947
16.080862
15.319788
15.4260845
14.881853
15.864019
15.753472
15.4260845
14.9924
14.9924
15.319788
14.558716
15.536632
15.753472
15.974566
15.974566
16.297703
14.558716
15.536632
16.080862
15.864019
15.209241
15.536632
14.66501
15.753472
14.996652
14.7755575
13.903937
14.886105
15.107199
14.346125
14.125031
13.908189
13.908189
13.801893
13.695599
13.470253
13.040821
14.022987
12.713431
13.585052
14.673514
14.235578
13.801893
14.456672
13.474504
14.125031
13.695599
14.018736
13.908189
13.801893
14.022987
13.257662
13.806146
12.9345255
13.372462
12.823978
13.040821
13.045072
13.91244
12.279747
13.695599
12.279747
13.589303
12.82823
12.611388
13.045072
12.390294
12.173452
13.155619
13.261915
12.717683
12.067157
12.067157
13.049324
11.850314
11.633472
12.611388
12.505093
11.850314
11.960861
11.850314
11.310335
12.288251
12.071408
11.199788
11.527178
10.549262
9.788189
9.681894
9.571347
11.097745
10.659809
9.571347
11.314588
9.898736
9.465052
9.358756
9.031367
9.792441
10.336672
8.814526
9.141914
9.686145
9.031367
8.92082
9.137663
9.469303
8.70823
8.925072
8.270294
9.57985
8.70823
9.3630085
8.814526
8.163999
9.3630085
8.163999
8.597683
9.031367
8.0534525
9.469303
7.8366094
8.925072
9.358756
9.141914
9.031367
7.9429054
8.597683
9.141914
9.686145
9.031367
7.9429054
7.9429054
8.818777
8.163999
8.057704
8.597683
7.6197677
8.491387
7.1860833
8.057704
7.7303147
8.168251
7.7303147
6.969241
6.8629465
7.2966304
7.840862
6.8629465
6.6461043
6.9734936
7.5177245
7.4071774
7.8451138
7.7345667
7.840862
7.7345667
7.0840406
7.079788
5.8850307
6.6503563
5.995578
6.8671985
5.778736
5.8892827
7.738818
6.5355573
6.5355573
7.6240196
7.079788
6.8629465
7.079788
5.663937
5.991326
6.5355573
6.7523994
7.6240196
6.318715
6.429262
6.318715
7.1903353
6.4250107
7.079788
7.1903353
6.8629465
7.4071774
7.079788
5.7744837
6.6461043
5.991326
6.5355573
6.2081685
7.5134726
7.1860833
7.509221
6.7523994
6.4250107
6.7523994
7.6240196
6.858694
7.079788
7.951409
7.1860833
7.2966304
6.96499
6.2081685
7.5134726
6.858694
6.858694
7.5134726
7.4029255
7.9471564
7.7303147
8.491387
6.5313053
7.840862
7.1860833
8.0534525
7.6197677
8.38084
8.0534525
8.925072
7.7260633
7.9429054
8.487137
8.814526
8.270294
9.792441
10.009283
8.266043
9.358756
9.24821
9.792441
9.4608
10.009283
10.009283
9.681894
9.788189
10.33242
10.5535145
9.137663
10.549262
9.898736
9.894484
10.766105
11.633472
11.199788
12.836734
10.978694
10.54501
11.965114
11.416631
10.872399
12.61564
10.982946
11.960861
11.739767
11.199788
11.960861
11.527178
10.982946
11.7440195
11.960861
12.071408
12.721935
11.850314
12.067157
12.82823
12.394546
13.266166
13.261915
13.806146
13.483009
13.806146
13.368209
13.589303
13.589303
12.9345255
13.372462
13.589303
13.151368
12.713431
14.456672
14.23983
14.346125
14.567219
13.91244
13.040821
14.022987
14.784061
14.45242
14.235578
14.562967
14.129283
14.669261
15.107199
14.886105
15.213492
14.886105
15.647177
15.430335
14.341873
15.864019
15.647177
15.430335
15.209241
16.085114
15.864019
15.753472
16.301954
15.753472
16.301954
16.297703
15.753472
15.4260845
15.098694
16.952482
16.080862
16.841934
16.297703
16.187157
16.731388
17.496714
16.731388
16.297703
16.514547
16.404
17.169323
16.94823
18.040945
16.514547
16.297703
17.054525
17.603008
17.603008
16.73564
17.27562
16.625093
17.169323
17.058777
16.731388
17.81985
17.271368
18.14724
16.514547
15.859768
16.625093
16.297703
16.404
16.841934
16.293453
16.62084
16.62084
16.187157
16.62084
17.054525
17.926146
16.837683
17.16082
17.271368
18.687218
17.377663
17.488209
17.483957
18.470377
18.138737
17.811346
18.03244
18.138737
17.921894
17.377663
18.142988
17.8156
17.705051
17.8156
18.470377
17.377663
18.904062
17.381914
18.580925
18.249283
18.03244
18.142988
18.904062
17.921894
18.03244
18.03244
18.355577
18.134485
18.249283
18.682968
18.245031
19.116652
19.010355
19.222946
18.245031
19.120903
18.466124
18.245031
17.917643
18.028189
18.78926
18.57242
18.138737
18.678717
18.245031
19.010355
18.028189
17.483957
18.466124
18.134485
18.78926
19.222946
19.877724
18.78926
18.023937
19.222946
19.333492
18.899809
18.78501
20.090315
18.895557
19.1124
20.634546
20.745094
19.979769
19.979769
19.546083
20.200863
18.78501
19.546083
20.090315
20.205114
20.200863
19.767178
19.006104
19.767178
19.762926
20.528252
19.546083
20.307158
19.762926
19.98402
19.762926
19.439789
20.417704
19.656631
20.094566
19.656631
19.873472
19.652378
20.090315
20.634546
19.979769
19.873472
20.745094
20.19661
20.086063
20.961935
19.541832
20.745094
18.351326
19.656631
19.1124
19.988272
19.222946
19.222946
19.877724
19.656631
19.222946
19.006104
19.98402
19.218695
20.311407
19.550335
19.656631
18.78501
20.311407
19.439789
20.090315
19.550335
18.568169
19.222946
19.550335
19.001852
20.961935
20.19661
20.851387
19.656631
19.001852
19.222946
19.116652
20.532501
19.877724
19.873472
20.528252
19.550335
19.435537
19.767178
20.200863
19.98402
20.961935
20.417704
20.200863
20.634546
20.307158
20.200863
20.417704
21.068232
20.634546
20.090315
20.745094
19.979769
19.98402
20.961935
20.200863
20.200863
19.439789
20.200863
19.873472
20.528252
19.439789
20.200863
20.094566
19.1124
19.435537
20.094566
20.311407
19.98402
21.18303
19.767178
19.546083
20.961935
19.873472
19.767178
19.546083
20.094566
19.550335
20.090315
20.307158
19.98402
19.767178
19.32924
19.767178
19.218695
19.439789
19.660883
19.767178
19.439789
19.877724
19.767178
19.439789
18.57242
18.899809
18.245031
19.116652
18.138737
19.006104
18.895557
19.44404
19.44404
18.682968
18.899809
18.351326
20.098818
18.682968
19.550335
19.439789
19.333492
19.550335
19.98402
19.1124
19.660883
19.010355
19.222946
19.333492
19.660883
18.682968
18.78926
18.355577
18.142988
18.466124
17.8156
18.687218
18.03244
17.594505
17.488209
18.466124
17.377663
18.35983
17.483957
18.03244
18.580925
18.03244
18.138737
19.120903
18.57242
18.682968
19.337746
16.722885
18.138737
18.687218
18.03244
18.138737
19.120903
17.594505
17.377663
18.03244
17.492462
17.058777
16.293453
16.514547
16.62084
17.492462
17.381914
17.488209
16.62084
15.749221
16.94823
16.94823
15.970315
16.080862
15.4260845
15.536632
15.970315
15.753472
16.731388
16.841934
16.514547
15.4260845
16.73564
16.080862
16.080862
16.625093
16.297703
16.62084
15.532378
14.988147
14.554463
15.4260845
15.536632
15.753472
15.209241
15.536632
16.191408
15.753472
15.209241
15.536632
15.4260845
15.098694
15.4260845
16.080862
15.864019
15.647177
15.757724
14.9924
14.7755575
15.209241
15.753472
15.4260845
14.771306
16.080862
15.642925
15.098694
15.4260845
15.647177
14.9924
15.536632
15.753472
15.4260845
14.881853
15.209241
16.297703
16.297703
16.187157
15.536632
15.859768
15.098694
16.080862
15.319788
15.753472
16.080862
15.753472
16.404
15.753472
15.970315
16.187157
15.209241
15.864019
15.209241
15.102947
16.191408
16.297703
16.187157
15.647177
16.73564
15.642925
14.554463
16.191408
15.098694
16.080862
14.9924
15.647177
15.974566
15.753472
16.625093
15.647177
14.881853
15.864019
15.753472
15.753472
15.753472
15.536632
15.753472
15.864019
16.952482
15.536632
15.536632
14.7755575
15.864019
15.753472
15.642925
14.988147
16.625093
15.753472
14.7755575
15.102947
15.319788
15.540882
15.974566
16.080862
14.558716
14.779808
15.430335
14.231326
15.213492
16.301954
15.864019
16.40825
16.191408
16.191408
16.297703
15.536632
15.209241
15.753472
15.319788
16.404
16.297703
15.970315
16.187157
16.40825
16.080862
15.536632
15.536632
15.102947
16.080862
14.9924
16.191408
15.864019
15.315537
16.191408
14.9924
16.297703
16.40825
15.647177
15.532378
15.4260845
16.952482
16.514547
16.297703
16.40825
16.080862
15.4260845
15.642925
16.73564
16.297703
16.625093
17.169323
16.518799
17.386166
15.859768
15.859768
16.73564
15.974566
17.063028
16.841934
17.169323
16.080862
16.187157
16.187157
15.753472
16.297703
16.40825
16.40825
16.514547
16.518799
15.974566
16.297703
16.514547
16.514547
15.864019
15.970315
16.73564
16.731388
16.625093
16.625093
16.514547
16.297703
16.73564
16.625093
17.713554
16.62084
17.279871
16.841934
17.058777
15.864019
16.080862
16.404
16.841934
15.4260845
16.40825
15.753472
16.625093
15.4260845
15.753472
16.187157
15.647177
16.73564
15.536632
15.753472
15.647177
16.625093
16.297703
16.297703
17.058777
16.94823
16.510294
16.731388
16.841934
16.625093
16.94823
16.514547
16.404
15.642925
17.27562
16.40825
15.753472
16.518799
16.40825
16.191408
15.753472
16.080862
15.536632
16.297703
15.209241
15.319788
16.080862
15.430335
16.085114
16.73564
15.974566
15.642925
16.518799
14.66501
15.4260845
14.771306
14.554463
16.187157
15.4260845
16.191408
16.40825
15.864019
16.73564
15.647177
15.430335
15.536632
15.536632
14.886105
15.430335
14.448169
14.996652
14.673514
14.129283
13.368209
13.151368
14.890355
14.996652
15.213492
14.886105
14.66501
15.536632
16.085114
14.996652
16.085114
15.430335
15.434587
14.886105
14.018736
14.890355
14.231326
14.996652
14.779808
14.231326
14.562967
14.129283
13.908189
14.779808
14.567219
13.261915
13.695599
13.151368
13.368209
13.257662
13.147116
13.691346
14.346125
14.129283
14.018736
13.908189
14.022987
15.328293
15.213492
14.456672
14.129283
14.125031
15.107199
14.996652
15.319788
14.996652
14.779808
14.235578
15.213492
15.107199
15.217746
14.129283
14.673514
14.562967
14.45242
14.341873
14.456672
14.018736
14.346125
13.585052
12.823978
13.045072
12.9345255
13.151368
12.607137
14.23983
12.9345255
13.695599
14.018736
14.346125
14.022987
13.040821
12.717683
13.261915
12.9345255
12.823978
13.261915
13.695599
14.022987
13.585052
13.368209
14.23983
13.695599
13.478756
13.801893
12.823978
13.045072
13.69985
13.261915
12.611388
13.69985
13.916693
13.045072
13.916693
13.806146
12.607137
13.045072
13.916693
13.155619
13.045072
14.57147
13.478756
12.9345255
13.261915
13.695599
12.49659
13.151368
13.916693
13.261915
12.717683
12.82823
12.500841
13.483009
12.394546
12.500841
13.483009
12.288251
13.049324
11.850314
12.611388
12.938777
12.717683
12.938777
11.522925
12.611388
12.832482
12.832482
12.832482
13.155619
11.850314
12.2839985
13.266166
12.61564
12.071408
11.633472
11.089241
12.509345
11.7440195
10.655557
12.398798
11.633472
11.093493
12.509345
11.310335
10.766105
11.748272
11.310335
11.204041
12.075661
10.982946
10.659809
10.876652
12.292503
11.637725
10.876652
10.876652
11.748272
11.637725
10.549262
10.766105
11.199788
10.876652
11.641976
12.288251
11.527178
11.637725
11.527178
11.420882
10.442967
10.987199
11.637725
11.7440195
11.637725
11.204041
11.420882
11.420882
10.115578
10.5535145
10.33242
10.33242
10.442967
10.987199
11.093493
10.987199
10.5535145
11.531429
11.748272
10.659809
11.204041
11.531429
10.876652
11.093493
11.314588
11.420882
10.876652
10.770356
11.314588
11.204041
10.438715
11.093493
10.33242
11.858818
10.549262
10.770356
10.226125
10.880902
10.009283
10.5535145
10.009283
9.575599
9.681894
9.354505
10.664061
10.119829
10.442967
9.465052
9.9029875
8.92082
9.681894
9.681894
9.681894
10.987199
9.465052
10.119829
10.119829
9.031367
9.469303
10.013535
9.141914
9.9029875
9.252461
9.252461
9.141914
8.491387
9.3630085
8.0534525
8.38084
9.146166
8.925072
8.818777
8.491387
9.146166
8.163999
8.491387
8.274546
9.039871
8.601935
8.491387
7.7303147
8.057704
7.9471564
8.712482
8.274546
9.035619
8.385093
8.929324
7.9471564
8.601935
7.4029255
8.712482
8.818777
7.4029255
8.601935
7.9471564
7.6197677
8.057704
9.146166
8.274546
8.601935
8.491387
9.146166
8.274546
8.163999
8.385093
8.712482
8.385093
8.385093
8.385093
8.385093
7.4029255
7.4029255
9.473556
9.146166
8.163999
8.8230295
8.49564
8.057704
8.49564
8.601935
8.057704
9.256713
8.274546
9.473556
8.057704
9.3630085
8.601935
8.70823
9.796692
9.57985
9.141914
7.6197677
8.929324
8.057704
8.057704
8.929324
7.840862
8.712482
8.278798
8.274546
8.057704
8.818777
8.385093
7.4029255
8.491387
7.9471564
8.0534525
9.256713
8.491387
8.274546
9.57985
8.597683
8.274546
8.274546
8.70823
9.358756
9.907239
9.358756
9.796692
10.340923
9.358756
8.703979
9.146166
8.270294
8.163999
9.035619
9.035619
9.141914
9.57985
9.3630085
9.907239
9.252461
8.597683
8.925072
9.252461
10.009283
9.9029875
10.124082
10.013535
10.770356
10.664061
11.097745
9.898736
10.987199
12.075661
11.097745
12.071408
10.876652
12.730438
11.637725
11.854567
11.969365
10.987199
10.987199
11.097745
10.549262
11.637725
12.075661
10.982946
12.836734
11.527178
11.416631
11.965114
11.854567
11.527178
12.071408
12.288251
12.067157
12.721935
12.067157
12.2839985
12.721935
12.067157
12.832482
12.611388
13.266166
13.920944
13.155619
12.067157
12.938777
13.045072
12.938777
13.045072
13.916693
13.589303
13.155619
13.372462
13.261915
12.82823
14.133534
13.372462
12.611388
12.717683
13.045072
13.372462
13.589303
13.372462
13.69985
13.372462
14.350377
13.045072
13.589303
14.784061
13.368209
14.23983
13.585052
14.350377
14.022987
13.257662
13.261915
14.018736
13.695599
14.022987
13.695599
14.346125
13.478756
13.478756
14.677766
13.585052
14.456672
14.890355
15.217746
14.567219
14.890355
14.350377
14.996652
15.545134
14.562967
15.107199
13.91244
14.562967
14.346125
15.328293
15.430335
15.978818
16.195662
14.886105
15.868271
15.319788
14.673514
14.669261
15.757724
15.540882
15.974566
16.297703
15.757724
15.647177
15.319788
15.430335
16.40825
15.536632
16.080862
16.080862
16.191408
15.102947
15.4260845
15.430335
16.187157
17.169323
15.319788
16.080862
16.080862
16.518799
16.191408
15.970315
15.536632
15.753472
15.753472
16.297703
15.209241
16.187157
15.970315
16.076609
16.514547
17.492462
17.492462
16.62084
17.27562
16.076609
16.187157
17.381914
17.709303
16.62084
17.058777
17.169323
16.841934
16.40825
17.058777
16.293453
17.058777
16.837683
16.510294
16.731388
17.058777
17.165071
16.510294
16.837683
18.14724
17.271368
17.165071
18.142988
17.054525
17.165071
17.271368
17.598757
17.926146
18.036694
16.837683
17.16082
17.271368
18.142988
17.165071
16.510294
16.62084
16.293453
16.837683
17.381914
17.054525
16.94823
16.62084
17.054525
17.381914
17.054525
17.926146
16.833431
16.616589
17.165071
17.165071
17.381914
16.943977
17.054525
16.731388
16.293453
17.165071
17.377663
18.687218
18.35983
17.8156
18.03244
17.8156
18.036694
17.492462
17.16082
18.249283
18.687218
16.727137
17.27562
17.165071
17.381914
16.94823
17.165071
16.731388
17.488209
17.8156
18.036694
17.926146
16.94823
16.833431
16.943977
17.926146
17.926146
17.381914
17.381914
16.94823
17.709303
16.727137
16.727137
18.253534
17.381914
17.050274
17.709303
17.709303
17.271368
17.8156
16.727137
17.8156
16.727137
17.709303
16.943977
17.054525
17.709303
17.709303
16.731388
16.510294
16.616589
17.381914
16.404
16.399746
17.054525
17.492462
17.165071
17.271368
17.709303
17.598757
17.381914
16.727137
17.271368
17.271368
16.94823
16.943977
18.470377
17.492462
17.165071
16.404
17.603008
16.62084
16.94823
16.94823
17.058777
16.293453
16.837683
17.058777
16.076609
17.27562
16.187157
17.598757
18.03244
17.709303
16.94823
17.271368
16.727137
16.62084
16.62084
16.727137
17.054525
16.727137
16.399746
17.165071
16.62084
16.837683
17.492462
17.492462
17.381914
16.182905
17.27562
16.94823
16.62084
16.182905
17.27562
16.727137
16.837683
16.62084
16.731388
15.859768
16.297703
16.514547
17.27562
17.27562
16.94823
17.60726
15.859768
16.94823
15.859768
17.27562
17.271368
16.94823
17.058777
15.966063
15.966063
16.94823
16.731388
16.727137
17.381914
17.058777
17.27562
16.404
16.514547
15.859768
16.62084
16.62084
16.514547
16.731388
17.381914
16.62084
17.169323
17.165071
16.62084
16.293453
17.598757
17.271368
16.62084
16.731388
16.404
15.966063
16.076609
16.62084
16.510294
17.488209
17.492462
17.492462
15.966063
16.293453
16.293453
16.404
16.94823
15.638674
16.62084
15.8555155
16.837683
16.510294
16.727137
16.62084
16.62084
16.62084
16.62084
15.859768
16.625093
16.076609
15.421831
16.076609
16.841934
15.859768
17.27562
16.62084
16.94823
16.62084
16.076609
15.753472
16.94823
16.182905
16.293453
16.731388
15.970315
15.859768
16.514547
16.841934
16.076609
16.293453
15.970315
16.187157
16.731388
16.404
16.404
16.62084
16.293453
17.054525
16.187157
17.165071
16.727137
16.62084
16.727137
16.404
16.731388
17.271368
18.142988
17.488209
17.165071
16.510294
15.966063
17.381914
17.709303
16.943977
16.943977
17.488209
16.837683
16.399746
16.616589
16.943977
17.381914
17.377663
16.833431
16.94823
16.076609
16.943977
17.811346
18.03244
17.598757
17.705051
17.492462
17.381914
16.616589
17.8156
16.837683
16.182905
17.488209
16.727137
16.943977
16.727137
16.833431
17.271368
17.8156
17.926146
17.16082
18.03244
16.943977
17.705051
16.727137
17.054525
16.178654
16.727137
17.598757
18.03244
17.050274
17.16082
17.598757
16.833431
16.833431
17.488209
17.598757
16.833431
16.727137
17.492462
16.837683
16.076609
17.709303
15.749221
17.054525
16.293453
16.731388
17.381914
17.271368
17.16082
17.811346
17.054525
18.142988
17.598757
16.616589
16.837683
17.054525
18.142988
16.616589
17.271368
16.727137
16.837683
16.727137
17.054525
16.510294
16.62084
16.510294
17.488209
16.616589
17.054525
18.036694
17.598757
16.2892
17.054525
16.727137
17.598757
16.94823
16.727137
17.165071
17.054525
16.187157
16.404
16.837683
17.054525
17.27562
16.404
17.054525
18.14724
16.293453
16.833431
17.8156
17.271368
17.598757
18.364082
16.510294
16.510294
17.926146
17.8156
17.381914
16.399746
17.709303
16.94823
16.94823
16.182905
17.271368
17.054525
16.404
16.62084
17.603008
17.271368
18.470377
18.576672
16.833431
17.492462
17.054525
17.488209
17.594505
18.253534
17.598757
17.271368
17.926146
16.837683
17.598757
17.81985
16.62084
17.165071
16.62084
16.62084
17.271368
17.27562
18.142988
17.598757
17.598757
17.054525
17.492462
17.8156
17.709303
17.16082
17.921894
17.058777
17.709303
17.054525
17.930397
17.27562
17.165071
16.837683
17.81985
17.709303
17.058777
17.598757
18.687218
17.381914
16.62084
17.492462
17.27562
17.165071
17.165071
17.165071
17.926146
18.14724
17.165071
18.253534
17.165071
17.054525
17.386166
17.492462
17.381914
17.058777
17.271368
18.904062
17.598757
17.271368
17.705051
18.35983
18.35983
17.926146
17.705051
18.687218
17.16082
18.35983
18.35983
18.904062
17.926146
17.811346
18.249283
17.705051
17.811346
18.138737
17.921894
18.355577
19.337746
19.665134
18.78926
18.466124
18.138737
19.116652
18.461872
18.355577
19.010355
18.355577
18.249283
17.921894
18.793514
18.028189
19.227198
18.57242
19.116652
19.881977
19.44404
19.227198
19.877724
18.78926
19.44404
18.899809
19.660883
18.793514
19.227198
18.249283
17.488209
18.580925
17.488209
17.27562
17.386166
16.731388
16.514547
16.73564
16.301954
16.187157
16.841934
17.713554
16.952482
16.841934
17.496714
15.864019
16.297703
16.625093
17.81985
17.165071
17.930397
17.81985
16.727137
17.054525
17.27562
17.81985
16.943977
16.510294
17.058777
16.837683
16.404
16.293453
17.058777
16.080862
15.970315
16.94823
17.496714
16.404
16.731388
16.952482
15.859768
17.054525
16.404
16.514547
16.293453
16.94823
16.837683
17.27562
16.837683
17.165071
16.94823
16.62084
16.187157
16.731388
17.492462
17.598757
17.496714
16.514547
16.837683
16.182905
16.404
15.970315
17.386166
15.753472
16.952482
17.058777
16.841934
17.496714
15.753472
16.080862
16.625093
14.9924
16.40825
16.625093
15.209241
16.080862
16.841934
16.731388
17.169323
16.952482
16.94823
16.841934
16.297703
15.859768
16.40825
16.191408
15.970315
15.864019
15.864019
16.191408
15.753472
16.40825
15.864019
16.297703
16.404
16.187157
16.080862
16.625093
15.753472
16.625093
16.297703
16.187157
17.492462
17.603008
16.40825
17.058777
16.297703
15.859768
16.952482
17.169323
16.625093
16.404
16.080862
16.40825
15.970315
16.62084
17.386166
17.169323
16.952482
15.970315
16.73564
15.315537
15.209241
16.629345
16.080862
15.430335
15.536632
15.864019
15.864019
15.859768
15.970315
15.864019
16.40825
17.058777
16.297703
16.73564
16.297703
16.187157
16.625093
16.40825
16.080862
16.40825
16.40825
15.970315
16.94823
15.864019
15.647177
15.753472
16.629345
16.40825
16.40825
16.73564
16.846186
16.846186
16.191408
16.518799
16.40825
16.297703
15.647177
16.191408
15.536632
17.063028
16.080862
15.4260845
16.40825
17.496714
15.974566
16.40825
16.40825
16.191408
16.40825
16.73564
16.846186
16.629345
16.40825
16.40825
16.080862
15.430335
17.279871
16.191408
16.40825
16.191408
15.647177
16.301954
16.080862
17.496714
17.284122
15.319788
16.952482
16.952482
16.846186
16.518799
16.625093
15.430335
15.647177
17.279871
16.846186
16.191408
16.40825
17.173576
15.974566
15.753472
16.40825
16.080862
16.518799
16.73564
16.301954
16.952482
16.73564
16.40825
16.191408
17.390417
16.40825
16.73564
16.191408
15.102947
15.974566
16.301954
17.063028
16.40825
16.080862
16.301954
15.647177
16.40825
15.647177
17.063028
15.753472
16.195662
16.301954
15.324039
15.540882
15.651429
15.651429
15.757724
16.195662
16.412502
15.545134
16.085114
15.974566
16.301954
15.868271
15.974566
16.846186
15.864019
16.625093
16.085114
15.757724
15.974566
16.085114
16.301954
15.4260845
16.73564
16.73564
16.187157
16.40825
15.209241
16.94823
17.603008
17.930397
17.492462
17.381914
17.496714
17.27562
18.470377
18.576672
19.125156
18.253534
18.03244
17.381914
17.926146
17.488209
18.69147
18.470377
18.904062
18.14724
17.27562
16.943977
18.580925
16.94823
16.94823
17.492462
17.27562
17.271368
17.81985
17.709303
18.470377
17.926146
18.797766
18.580925
18.470377
17.709303
18.036694
18.470377
17.598757
17.81985
18.142988
18.35983
17.598757
18.036694
18.253534
18.03244
18.036694
18.142988
18.470377
18.470377
17.165071
17.488209
17.8156
18.580925
18.797766
17.926146
18.687218
18.142988
18.142988
19.120903
18.03244
18.580925
17.8156
18.249283
17.709303
18.580925
18.35983
18.028189
18.904062
18.576672
19.010355
18.899809
19.554586
19.665134
19.120903
18.355577
18.793514
18.793514
18.682968
18.57242
18.793514
19.337746
19.120903
17.488209
17.926146
18.576672
19.337746
19.665134
19.55884
19.227198
18.249283
19.23145
19.337746
19.554586
19.77143
18.576672
19.337746
18.03244
18.793514
18.576672
18.687218
18.687218
18.904062
18.904062
18.576672
18.355577
18.682968
20.209366
18.466124
19.77143
18.682968
19.665134
19.014608
19.227198
19.881977
19.554586
20.209366
19.120903
19.337746
18.899809
19.77143
19.881977
18.899809
19.660883
20.426208
19.554586
19.006104
20.859892
19.988272
21.076733
21.510418
20.200863
21.18303
20.532501
20.528252
21.510418
20.528252
20.200863
20.638798
20.094566
20.421955
21.293575
21.293575
21.18303
20.749346
21.39987
20.966187
20.855639
20.094566
21.289324
21.18303
20.745094
20.528252
21.506166
21.944101
20.311407
20.090315
20.966187
20.638798
21.39987
20.749346
20.311407
20.090315
20.638798
20.421955
19.44404
19.554586
19.44404
20.205114
20.532501
19.44404
20.311407
20.528252
21.616713
21.293575
20.417704
20.855639
21.289324
20.961935
21.289324
19.877724
19.98402
20.205114
21.293575
21.39987
19.877724
20.205114
20.638798
20.421955
20.638798
20.532501
20.200863
20.855639
20.966187
20.855639
21.510418
20.855639
20.311407
20.638798
20.749346
20.094566
20.200863
20.094566
20.528252
20.745094
22.05465
21.510418
20.421955
19.767178
20.311407
20.205114
21.072481
21.39987
21.072481
21.72726
20.855639
21.293575
21.18303
20.961935
21.072481
22.705175
21.616713
21.944101
20.745094
21.616713
20.311407
19.98402
21.39987
21.293575
19.656631
20.966187
20.749346
19.98402
21.510418
20.311407
21.178778
21.072481
20.634546
20.855639
21.72726
20.634546
21.18303
21.506166
20.417704
21.510418
21.39987
20.311407
20.745094
21.616713
21.620964
21.072481
20.311407
19.877724
20.421955
21.18303
21.616713
20.205114
21.39987
19.767178
20.855639
21.833555
21.072481
21.39987
20.961935
21.072481
20.855639
20.417704
20.961935
20.855639
20.745094
20.745094
20.205114
20.205114
20.745094
20.855639
20.638798
20.311407
19.873472
20.638798
20.205114
20.749346
20.311407
20.417704
21.837807
20.421955
20.417704
20.966187
19.988272
20.098818
20.749346
19.44404
19.881977
19.116652
19.767178
19.877724
19.988272
20.859892
19.988272
19.988272
19.992523
20.098818
20.31566
19.116652
19.988272
19.116652
19.665134
20.31566
19.23145
19.337746
18.249283
19.341997
18.470377
18.470377
18.35983
18.687218
18.364082
19.563091
17.926146
17.598757
17.709303
17.926146
18.036694
18.580925
18.687218
19.125156
17.81985
18.797766
17.8156
18.253534
18.802017
18.69147
17.709303
17.81985
18.364082
18.040945
17.492462
17.492462
17.279871
17.169323
17.27562
17.81985
18.040945
17.390417
18.585176
17.492462
18.14724
17.81985
17.27562
17.054525
17.709303
17.603008
17.81985
17.930397
17.165071
18.040945
17.169323
17.386166
16.514547
16.841934
16.625093
16.625093
17.603008
17.930397
17.279871
17.279871
16.187157
16.73564
16.952482
17.934649
16.952482
16.625093
17.496714
17.063028
17.390417
16.080862
16.518799
17.063028
16.40825
16.523048
16.518799
16.518799
16.952482
15.974566
16.412502
16.518799
17.169323
17.173576
17.173576
16.191408
16.297703
16.191408
16.739893
16.739893
14.886105
15.974566
14.784061
16.089365
16.195662
15.107199
15.434587
15.761976
15.434587
15.655681
14.346125
15.217746
15.000902
15.000902
15.324039
15.545134
14.129283
15.872524
15.761976
15.434587
15.11145
15.766228
14.8946085
15.872524
14.673514
14.677766
14.890355
14.346125
15.655681
14.677766
15.107199
14.562967
14.677766
15.43884
14.8946085
15.328293
14.784061
15.000902
14.779808
14.562967
15.000902
15.655681
15.000902
14.129283
14.8946085
14.677766
14.460924
14.02724
13.261915
13.69985
14.02724
14.8946085
15.000902
14.133534
14.677766
14.350377
13.368209
14.784061
14.567219
14.2440815
14.129283
14.567219
14.8946085
14.133534
14.89886
14.23983
14.677766
14.2440815
13.916693
13.372462
13.261915
14.460924
13.483009
14.02724
13.69985
13.69985
14.137786
14.460924
14.788313
14.677766
13.916693
14.133534
13.483009
14.57147
14.354629
13.155619
12.938777
13.814649
13.69985
13.5935545
13.810397
13.5935545
13.69985
13.266166
13.5935545
14.248333
13.155619
12.721935
14.792564
13.5935545
13.372462
13.810397
13.810397
14.02724
14.02724
14.137786
13.916693
13.372462
14.02724
13.920944
13.810397
12.505093
14.031491
12.943029
12.398798
13.48726
12.509345
12.398798
12.61564
12.509345
12.509345
12.943029
12.61564
12.505093
12.721935
13.270417
12.61564
13.049324
11.854567
13.053576
12.181956
11.854567
10.766105
12.730438
12.726187
11.637725
11.531429
11.531429
12.403049
11.854567
11.314588
12.186207
11.969365
10.770356
11.097745
11.314588
11.204041
12.292503
11.641976
12.186207
11.641976
10.876652
11.969365
12.513597
11.531429
11.858818
11.535681
11.858818
11.969365
11.208292
11.425134
10.5535145
11.752523
11.314588
11.208292
11.097745
11.314588
11.531429
11.641976
11.314588
11.310335
12.075661
11.858818
12.292503
11.965114
11.425134
12.079912
12.075661
10.987199
11.425134
11.531429
11.314588
11.969365
11.425134
12.075661
11.637725
10.876652
11.531429
11.748272
11.420882
11.637725
12.509345
12.075661
11.854567
11.637725
12.292503
11.531429
12.619891
11.965114
11.420882
10.987199
12.513597
10.876652
11.204041
10.659809
11.314588
12.079912
12.186207
11.858818
11.748272
11.097745
12.075661
12.398798
11.637725
12.288251
11.420882
12.403049
12.075661
11.531429
10.5535145
11.097745
11.314588
11.965114
10.987199
10.876652
11.204041
11.310335
12.186207
11.858818
11.858818
11.420882
11.204041
11.965114
11.531429
11.637725
12.398798
12.288251
12.398798
12.071408
12.288251
12.505093
11.854567
12.619891
13.270417
12.726187
12.726187
11.960861
11.527178
12.071408
13.053576
12.61564
11.527178
13.270417
12.181956
13.814649
13.270417
12.398798
12.505093
13.5935545
13.266166
12.611388
12.943029
12.721935
13.049324
13.159871
12.726187
13.925196
12.832482
12.61564
12.836734
11.7440195
11.965114
12.61564
12.398798
13.48726
12.61564
13.270417
13.376713
12.943029
12.398798
12.61564
12.398798
12.071408
12.726187
12.61564
12.726187
11.637725
11.420882
13.053576
11.637725
12.509345
12.836734
11.310335
11.748272
11.858818
11.531429
11.858818
11.752523
11.531429
11.314588
11.314588
11.965114
11.854567
11.965114
12.181956
12.398798
12.403049
11.531429
11.637725
10.987199
12.403049
11.858818
12.075661
12.296754
12.947281
12.181956
11.420882
11.420882
11.854567
11.310335
12.513597
12.181956
11.093493
11.748272
12.181956
12.292503
11.310335
12.726187
12.943029
12.726187
11.858818
12.292503
11.641976
11.097745
11.748272
12.186207
11.420882
11.858818
11.858818
11.204041
11.637725
12.509345
13.491511
12.943029
11.093493
11.531429
11.965114
11.748272
12.075661
11.965114
11.858818
11.531429
10.991449
11.314588
10.770356
11.646228
11.425134
10.880902
10.991449
10.5535145
10.880902
11.641976
10.442967
12.190459
11.204041
10.770356
11.208292
12.075661
10.5535145
12.079912
11.425134
11.208292
10.664061
11.208292
11.208292
11.097745
11.8630705
10.336672
10.119829
10.226125
10.336672
9.681894
10.336672
10.013535
11.318839
10.336672
10.447219
11.8630705
11.314588
11.641976
11.641976
11.420882
10.442967
12.513597
11.531429
11.097745
11.752523
10.770356
10.557766
11.535681
10.664061
10.119829
10.991449
10.5535145
10.009283
10.447219
10.880902
10.880902
10.659809
10.442967
12.075661
11.531429
11.748272
12.186207
11.748272
12.075661
11.965114
10.659809
11.641976
10.664061
11.425134
10.549262
10.5535145
10.770356
11.204041
10.659809
11.097745
10.336672
10.664061
11.093493
11.204041
10.880902
11.204041
11.093493
12.292503
11.858818
10.766105
12.292503
11.748272
11.531429
11.965114
10.876652
11.097745
11.531429
11.310335
11.965114
10.009283
11.208292
12.186207
10.438715
10.987199
11.314588
11.314588
11.748272
11.093493
12.292503
11.748272
11.527178
12.398798
12.730438
12.398798
11.637725
12.398798
11.531429
11.748272
12.181956
12.619891
11.965114
12.398798
11.420882
11.204041
12.292503
11.637725
11.531429
12.619891
11.965114
12.181956
11.416631
12.071408
12.832482
12.61564
12.943029
11.960861
13.597807
13.48726
12.509345
12.181956
12.505093
10.982946
12.726187
11.637725
11.310335
11.199788
11.7440195
12.61564
12.61564
11.7440195
12.288251
12.61564
13.159871
12.61564
12.61564
12.288251
12.177704
11.416631
12.509345
12.181956
12.071408
11.854567
11.965114
11.7440195
11.960861
12.071408
11.637725
11.527178
11.420882
12.075661
11.093493
11.748272
11.531429
12.398798
12.181956
12.288251
12.611388
13.159871
13.159871
12.82823
12.067157
12.509345
12.288251
12.398798
11.7440195
12.071408
13.159871
12.721935
11.416631
12.832482
12.726187
12.071408
11.850314
12.832482
13.704102
12.721935
13.266166
12.938777
13.810397
12.938777
13.483009
14.02724
13.483009
13.261915
12.82823
12.938777
13.266166
13.916693
13.810397
13.483009
13.483009
13.372462
13.045072
12.82823
13.266166
14.02724
12.82823
13.483009
13.810397
13.589303
12.9345255
13.045072
13.155619
13.045072
12.500841
13.372462
13.372462
13.810397
12.9345255
13.483009
13.810397
13.69985
13.045072
13.810397
13.376713
13.155619
12.717683
12.938777
13.266166
13.155619
13.266166
13.372462
13.372462
13.69985
12.721935
13.920944
12.938777
12.938777
12.173452
12.394546
12.832482
12.394546
13.5935545
13.266166
13.045072
13.372462
13.483009
14.2440815
13.372462
13.483009
13.049324
12.61564
13.376713
12.938777
12.832482
13.5935545
12.500841
12.721935
13.049324
13.483009
12.82823
13.155619
12.832482
12.288251
13.049324
13.266166
12.177704
13.376713
13.376713
12.82823
13.69985
14.2440815
13.483009
13.589303
14.2440815
13.69985
13.69985
13.916693
12.500841
13.589303
12.9345255
13.589303
13.261915
12.938777
12.82823
13.69985
14.02724
13.155619
13.916693
12.82823
13.372462
13.916693
14.133534
13.261915
13.589303
14.354629
12.9345255
13.69985
13.155619
13.045072
14.465176
12.500841
13.589303
13.151368
14.460924
14.137786
13.478756
12.82823
13.155619
13.5935545
12.173452
12.611388
13.049324
13.5935545
13.266166
13.372462
13.483009
13.372462
12.394546
13.266166
13.372462
13.372462
13.155619
13.155619
12.938777
13.589303
13.261915
12.611388
12.611388
13.372462
13.916693
13.483009
12.721935
12.943029
13.483009
12.500841
12.82823
13.155619
13.920944
12.721935
12.394546
13.049324
13.159871
12.717683
12.177704
13.483009
12.938777
13.69985
13.045072
13.261915
13.810397
12.717683
13.155619
12.938777
14.460924
13.155619
13.155619
12.611388
13.049324
13.155619
12.938777
13.266166
13.049324
12.938777
12.500841
13.372462
12.938777
13.045072
12.82823
12.067157
12.721935
12.938777
13.372462
13.5935545
13.483009
12.611388
12.82823
12.500841
13.049324
13.483009
12.938777
13.159871
13.266166
12.721935
12.398798
12.505093
12.071408
12.611388
12.288251
12.398798
12.177704
12.067157
13.266166
12.394546
12.505093
13.045072
12.288251
12.832482
12.721935
12.721935
12.505093
11.850314
12.61564
12.394546
11.960861
11.850314
12.61564
12.398798
11.960861
13.155619
12.721935
12.721935
12.61564
13.159871
13.5935545
13.155619
13.69985
14.137786
14.02724
12.82823
12.611388
12.2839985
13.049324
13.810397
12.82823
13.155619
13.049324
12.721935
12.938777
12.394546
13.155619
12.938777
13.261915
12.505093
12.173452
12.938777
12.505093
13.920944
13.483009
13.372462
12.82823
12.82823
13.372462
12.717683
13.483009
14.02724
12.717683
12.938777
13.810397
13.045072
12.82823
13.266166
13.69985
13.049324
13.372462
13.372462
13.049324
13.266166
11.846064
13.045072
13.155619
13.69985
13.372462
12.82823
12.611388
12.82823
13.916693
13.483009
13.69985
12.717683
13.483009
13.155619
13.69985
12.938777
12.500841
13.049324
12.071408
12.82823
12.721935
13.48726
12.943029
12.611388
13.48726
13.266166
12.177704
13.483009
13.045072
14.02724
12.82823
13.810397
12.938777
12.82823
13.372462
13.69985
12.500841
13.5935545
13.483009
13.372462
12.832482
12.938777
12.067157
12.394546
11.850314
13.155619
13.372462
12.2839985
13.266166
13.589303
12.717683
12.82823
13.810397
12.173452
12.717683
13.69985
12.9345255
13.372462
13.483009
13.483009
13.155619
13.810397
12.82823
13.69985
13.045072
13.155619
12.82823
12.82823
13.045072
14.02724
13.483009
12.82823
14.354629
13.372462
13.69985
13.69985
13.155619
13.266166
12.82823
13.045072
12.721935
12.721935
12.611388
12.394546
12.832482
12.938777
13.045072
13.266166
13.483009
12.82823
13.372462
12.832482
12.067157
12.938777
12.82823
12.394546
12.505093
13.049324
12.2839985
12.832482
12.611388
11.960861
12.832482
12.177704
12.832482
12.832482
11.960861
12.071408
13.159871
11.850314
11.089241
12.505093
11.960861
13.049324
12.177704
11.527178
12.181956
12.938777
12.721935
13.5935545
13.266166
12.067157
13.5935545
12.721935
12.82823
12.394546
12.177704
12.61564
12.177704
11.7440195
12.181956
12.071408
11.850314
12.398798
11.7440195
11.7440195
11.7440195
12.611388
12.832482
12.071408
12.721935
11.850314
12.288251
12.61564
12.611388
12.394546
13.266166
13.155619
12.505093
13.266166
12.611388
13.704102
12.394546
11.850314
13.159871
12.721935
13.045072
12.394546
13.483009
13.159871
12.721935
11.633472
12.721935
11.527178
11.960861
12.394546
11.960861
12.832482
13.483009
12.500841
12.938777
12.721935
13.372462
12.177704
13.159871
11.850314
10.872399
11.965114
11.850314
11.310335
12.619891
11.310335
11.965114
11.204041
11.854567
10.766105
11.748272
11.637725
11.420882
12.726187
11.093493
12.071408
11.748272
11.637725
11.093493
10.766105
11.858818
10.33242
10.770356
11.425134
10.659809
10.226125
10.880902
10.987199
10.442967
11.314588
11.531429
11.531429
10.880902
10.005031
10.009283
10.336672
10.659809
10.659809
11.314588
10.982946
12.181956
11.204041
11.093493
11.965114
11.420882
11.093493
10.876652
10.549262
11.748272
11.310335
10.33242
11.641976
10.770356
10.770356
11.425134
11.204041
11.097745
10.009283
11.097745
9.681894
10.226125
11.097745
10.442967
11.637725
10.770356
11.748272
11.637725
10.005031
11.425134
11.641976
10.5535145
10.664061
10.119829
10.880902
11.097745
11.208292
10.770356
10.880902
10.987199
9.354505
9.575599
10.447219
9.575599
9.031367
9.031367
10.230376
10.009283
10.774608
9.9029875
10.119829
10.336672
10.013535
10.119829
9.681894
10.230376
9.796692
9.358756
9.469303
8.814526
9.469303
9.469303
10.340923
10.336672
9.9029875
10.230376
9.9029875
9.575599
9.031367
10.230376
10.230376
10.336672
9.465052
10.013535
9.9029875
10.009283
9.358756
9.9029875
10.119829
9.575599
10.557766
10.880902
10.5535145
9.9029875
9.575599
10.447219
10.664061
10.119829
9.686145
10.557766
9.358756
10.013535
9.9029875
10.013535
9.469303
10.230376
9.9029875
10.009283
10.336672
10.557766
10.442967
10.230376
9.575599
10.009283
9.792441
9.898736
9.9029875
9.575599
10.230376
9.252461
10.340923
10.119829
9.796692
9.3630085
9.24821
10.447219
9.686145
10.230376
9.137663
10.230376
10.774608
9.792441
10.774608
10.991449
10.226125
9.9029875
10.557766
9.686145
10.336672
9.9029875
10.230376
9.9029875
9.252461
9.469303
10.124082
9.57985
9.358756
9.796692
9.469303
9.796692
9.796692
9.796692
9.796692
10.447219
9.469303
10.340923
9.358756
9.686145
9.686145
10.774608
10.336672
10.557766
10.557766
10.013535
10.009283
10.230376
10.885155
9.469303
9.575599
9.252461
9.252461
10.013535
9.469303
9.469303
9.141914
9.9029875
8.814526
10.013535
9.9029875
9.141914
10.340923
9.141914
9.686145
9.9029875
9.469303
9.252461
9.469303
10.124082
10.340923
10.447219
10.119829
11.101996
9.575599
8.925072
9.252461
9.792441
9.690397
10.995702
10.557766
8.597683
9.690397
9.686145
8.925072
9.796692
9.9029875
8.814526
9.796692
10.013535
9.252461
10.45147
9.907239
9.469303
9.035619
9.686145
9.035619
10.124082
10.013535
9.469303
9.141914
8.929324
9.146166
9.252461
9.252461
10.013535
9.358756
10.230376
10.119829
9.907239
9.796692
10.230376
9.796692
8.925072
9.035619
9.252461
10.124082
9.796692
9.796692
9.57985
9.035619
10.562017
10.45147
9.035619
9.57985
9.035619
9.800944
8.601935
9.035619
9.584103
9.907239
8.491387
8.70823
9.3630085
10.234629
8.274546
8.385093
9.146166
9.57985
9.035619
9.146166
8.385093
8.601935
8.601935
9.690397
9.146166
9.146166
8.818777
7.7303147
8.057704
9.800944
8.818777
8.385093
9.477807
8.712482
8.385093
9.57985
8.929324
9.473556
9.252461
9.035619
9.473556
8.70823
8.491387
10.017787
9.035619
8.818777
8.70823
9.035619
9.57985
8.929324
10.017787
8.163999
8.929324
8.057704
8.929324
9.584103
8.491387
9.69465
8.385093
9.035619
9.039871
9.584103
9.039871
9.800944
9.256713
9.256713
9.146166
9.36726
9.473556
8.929324
8.168251
9.039871
9.473556
8.385093
9.477807
9.473556
9.039871
9.146166
8.929324
8.168251
8.057704
9.473556
9.039871
9.039871
8.8230295
9.800944
8.8230295
8.712482
9.800944
7.840862
7.6240196
8.8230295
8.712482
7.951409
8.712482
8.601935
8.818777
8.168251
7.840862
9.039871
8.601935
8.168251
8.278798
7.4071774
7.7345667
8.49564
8.712482
8.8230295
7.4029255
8.49564
9.256713
8.929324
8.712482
8.274546
8.49564
9.035619
8.929324
8.601935
8.385093
8.606187
8.712482
7.840862
9.039871
8.601935
7.4071774
8.606187
8.49564
8.716734
7.951409
7.5134726
8.168251
8.385093
8.168251
8.818777
8.712482
9.911491
8.601935
9.36726
7.951409
8.49564
8.278798
8.929324
7.6240196
7.5177245
8.606187
8.168251
8.606187
8.057704
9.36726
7.840862
8.278798
8.278798
8.8230295
7.4114294
7.951409
8.061955
8.389345
7.8451138
7.840862
7.0840406
8.8230295
8.278798
7.1903353
8.061955
8.168251
8.278798
8.385093
7.6240196
9.150418
8.712482
7.5177245
7.951409
8.929324
7.5177245
7.1903353
7.951409
8.606187
7.7345667
8.1725025
7.8451138
8.8230295
6.9734936
7.8451138
8.061955
8.49564
8.933577
7.840862
9.256713
8.49564
7.7303147
7.840862
8.057704
8.385093
8.49564
7.1860833
8.278798
8.168251
7.840862
8.8230295
8.49564
7.5134726
8.49564
8.385093
8.385093
8.8230295
7.6240196
8.712482
7.951409
7.840862
9.039871
8.278798
8.057704
9.256713
7.7303147
8.49564
8.385093
8.929324
7.840862
8.8230295
8.712482
7.951409
8.933577
9.039871
8.168251
8.49564
8.716734
8.8230295
7.5177245
8.168251
8.8230295
9.256713
8.818777
8.712482
8.168251
8.712482
7.7303147
8.057704
8.49564
9.146166
8.601935
8.057704
9.256713
8.712482
7.840862
9.039871
8.168251
9.146166
9.039871
8.057704
8.712482
9.039871
9.039871
8.601935
7.840862
8.278798
8.385093
8.057704
8.712482
8.057704
9.146166
8.49564
9.039871
8.601935
8.385093
8.818777
9.473556
9.256713
8.712482
8.601935
9.146166
9.146166
8.929324
9.473556
8.712482
8.712482
8.712482
9.800944
8.385093
8.601935
9.690397
9.473556
8.929324
8.274546
8.601935
8.601935
9.039871
9.473556
8.491387
9.039871
8.818777
8.929324
8.818777
9.473556
9.3630085
8.818777
8.818777
9.3630085
9.141914
9.473556
9.146166
8.818777
8.601935
9.800944
8.601935
8.491387
9.57985
8.929324
9.3630085
8.818777
8.929324
9.584103
8.491387
9.3630085
9.690397
9.146166
9.252461
8.818777
9.57985
9.575599
8.818777
9.3630085
9.3630085
9.469303
8.70823
8.38084
8.818777
9.907239
10.340923
9.141914
10.340923
9.796692
10.447219
9.686145
10.557766
10.668313
9.575599
9.9029875
10.557766
9.792441
9.575599
10.124082
10.336672
10.880902
10.880902
9.9029875
10.447219
10.442967
10.442967
10.336672
10.336672
10.664061
10.442967
10.115578
11.425134
10.987199
10.659809
11.969365
11.097745
11.748272
11.420882
10.221873
12.403049
11.420882
12.181956
12.509345
11.637725
12.181956
13.266166
12.832482
12.071408
12.071408
12.832482
12.071408
12.071408
12.398798
12.2839985
12.288251
11.7440195
12.832482
11.95661
13.376713
13.266166
12.500841
13.155619
12.82823
12.721935
13.155619
13.155619
12.82823
12.938777
12.82823
13.045072
14.133534
12.938777
13.372462
13.261915
13.155619
13.916693
13.69985
13.045072
13.155619
12.82823
13.372462
13.916693
13.155619
13.045072
12.9345255
13.916693
12.82823
12.9345255
13.806146
12.9345255
14.133534
13.806146
13.372462
13.69985
13.806146
14.567219
14.456672
14.673514
14.2440815
13.589303
14.022987
13.257662
13.040821
14.022987
13.478756
13.585052
14.460924
14.133534
13.695599
15.000902
14.456672
14.350377
13.91244
14.235578
13.908189
15.43884
15.217746
14.45242
13.691346
14.129283
14.456672
14.890355
14.125031
14.779808
14.562967
15.217746
14.669261
14.456672
14.673514
14.562967
14.456672
14.129283
14.23983
15.217746
15.107199
14.562967
14.890355
15.000902
14.996652
14.996652
16.191408
16.412502
15.978818
14.341873
15.319788
16.301954
14.886105
14.890355
16.301954
15.324039
15.434587
15.540882
15.324039
16.089365
13.908189
14.558716
14.886105
14.45242
15.102947
15.213492
15.540882
15.102947
14.9924
15.536632
16.629345
15.430335
15.647177
15.974566
15.864019
15.974566
15.868271
16.518799
15.974566
16.301954
15.757724
15.864019
15.753472
16.846186
16.301954
16.080862
16.952482
14.7755575
16.195662
15.213492
15.319788
15.209241
15.753472
16.191408
15.536632
14.9924
15.430335
16.191408
16.73564
15.864019
16.625093
15.970315
15.970315
16.625093
17.279871
15.864019
16.625093
15.753472
16.40825
16.629345
14.9924
15.4260845
15.753472
15.647177
15.319788
15.970315
16.73564
16.080862
15.970315
15.647177
15.859768
17.386166
15.859768
16.404
16.841934
16.404
16.625093
16.952482
16.514547
16.837683
15.753472
16.080862
16.514547
17.386166
16.841934
16.187157
16.187157
15.864019
16.73564
15.753472
16.40825
15.4260845
16.080862
16.40825
16.404
16.952482
16.076609
17.063028
15.864019
15.970315
15.970315
16.40825
16.731388
15.859768
16.080862
16.187157
16.952482
16.293453
17.165071
17.058777
17.165071
16.40825
16.297703
16.297703
16.952482
16.404
16.404
16.297703
16.731388
16.404
16.73564
16.94823
16.731388
17.27562
16.293453
16.625093
16.94823
16.94823
16.73564
16.404
18.040945
18.14724
16.94823
17.165071
17.81985
17.381914
16.399746
16.94823
17.165071
17.81985
16.837683
17.492462
16.94823
16.727137
17.492462
16.727137
16.731388
17.054525
18.142988
16.94823
17.165071
18.036694
17.709303
17.488209
16.943977
17.598757
17.921894
17.8156
17.271368
17.16082
17.926146
17.705051
17.926146
18.036694
16.833431
17.598757
17.8156
17.81985
16.62084
17.377663
17.926146
17.8156
18.35983
17.8156
17.81985
16.833431
18.142988
16.837683
17.598757
16.727137
17.381914
16.510294
17.271368
17.598757
17.492462
16.62084
17.603008
17.488209
17.492462
16.62084
15.859768
16.94823
17.81985
16.514547
16.510294
17.165071
16.837683
17.27562
16.731388
16.731388
16.187157
16.952482
16.952482
16.187157
16.297703
16.187157
16.514547
16.297703
16.62084
16.731388
16.731388
16.514547
15.970315
16.187157
16.514547
16.625093
16.73564
16.080862
16.297703
16.841934
15.536632
16.40825
15.970315
15.098694
16.191408
16.625093
16.518799
16.514547
15.753472
16.518799
16.080862
16.73564
16.080862
14.9924
15.970315
16.191408
15.864019
15.4260845
15.864019
16.40825
14.9924
15.319788
16.080862
15.753472
15.974566
16.73564
16.191408
15.319788
15.647177
16.846186
15.753472
15.647177
15.647177
15.647177
16.191408
15.647177
16.40825
15.4260845
15.864019
15.864019
14.881853
16.73564
16.191408
15.315537
15.430335
15.647177
15.753472
15.647177
16.73564
15.970315
15.102947
16.625093
15.974566
15.4260845
14.9924
15.753472
16.40825
15.757724
15.430335
15.536632
15.540882
16.73564
16.080862
15.864019
16.297703
15.974566
15.536632
16.080862
16.080862
15.753472
16.518799
16.080862
15.753472
15.647177
15.536632
16.191408
15.102947
15.536632
16.080862
15.647177
16.73564
15.974566
16.952482
16.952482
14.9924
16.191408
15.209241
15.753472
16.191408
15.209241
16.40825
15.753472
16.518799
16.518799
16.080862
15.642925
15.864019
16.73564
15.102947
15.864019
15.209241
15.319788
16.080862
15.430335
15.540882
15.102947
15.540882
15.868271
14.7755575
14.7755575
15.540882
14.886105
15.647177
15.209241
14.886105
14.341873
15.540882
15.213492
15.536632
14.886105
14.779808
15.430335
14.669261
14.125031
14.779808
14.235578
14.779808
15.107199
14.235578
13.908189
15.655681
14.018736
14.779808
14.673514
14.890355
14.779808
13.908189
13.91244
13.91244
13.801893
13.474504
14.677766
13.91244
13.801893
13.368209
13.695599
13.91244
13.368209
13.91244
14.456672
14.460924
14.23983
12.930274
13.372462
12.717683
13.478756
13.478756
12.173452
13.478756
13.151368
13.151368
13.69985
13.372462
12.717683
13.916693
11.952358
13.372462
13.483009
12.607137
12.82823
13.372462
12.9345255
12.82823
13.806146
13.69985
13.372462
13.589303
13.478756
11.95661
13.810397
12.611388
13.261915
12.611388
11.95661
12.2839985
11.412379
13.045072
13.372462
12.505093
12.611388
12.82823
12.611388
12.82823
13.589303
13.372462
13.155619
12.500841
12.938777
12.611388
12.611388
12.394546
12.721935
12.721935
12.390294
12.721935
13.045072
11.960861
11.850314
13.049324
11.850314
12.61564
11.7440195
11.416631
11.854567
11.633472
11.195537
12.071408
12.288251
12.394546
12.177704
10.872399
12.509345
11.527178
11.527178
11.637725
12.071408
10.982946
10.987199
10.872399
10.761852
10.982946
11.199788
11.527178
11.199788
10.549262
11.310335
10.659809
10.987199
10.438715
10.115578
9.898736
10.659809
11.310335
10.659809
11.097745
9.788189
10.659809
11.208292
10.009283
9.027116
10.5535145
10.664061
10.336672
9.681894
9.575599
10.987199
10.226125
10.115578
10.336672
10.33242
9.898736
11.314588
10.226125
10.226125
9.575599
9.465052
10.336672
9.031367
9.575599
9.358756
9.465052
10.119829
10.447219
10.447219
9.358756
8.703979
10.009283
9.031367
9.681894
10.009283
9.575599
8.703979
9.465052
8.597683
9.252461
9.575599
9.358756
9.686145
9.358756
9.575599
8.925072
8.925072
9.796692
8.703979
9.141914
8.491387
9.686145
7.7260633
9.141914
9.57985
8.597683
9.796692
8.38084
9.252461
8.925072
8.38084
8.491387
9.3630085
9.3630085
9.3630085
8.0534525
9.3630085
8.814526
8.925072
9.3630085
8.270294
8.491387
9.3630085
9.035619
7.9471564
8.491387
8.818777
7.4029255
8.163999
8.274546
8.712482
8.0534525
8.057704
7.7303147
7.5134726
8.274546
7.840862
8.057704
8.278798
8.385093
7.6197677
7.9471564
8.057704
7.1860833
6.969241
8.49564
8.168251
7.6197677
7.5134726
7.951409
8.49564
7.2966304
8.278798
7.5177245
8.49564
7.2966304
6.641852
8.389345
7.1903353
6.7523994
6.6461043
7.4071774
6.9734936
6.8629465
7.5177245
7.079788
7.2966304
7.079788
6.6461043
6.7523994
7.1903353
7.6282716
6.21242
7.4114294
7.5177245
5.8850307
5.8850307
6.429262
6.7566514
6.318715
6.8671985
5.8850307
5.7744837
7.738818
7.3008823
6.433514
6.21242
6.216672
6.9734936
7.0840406
5.778736
6.216672
6.433514
6.106125
5.5618935
5.995578
6.544061
5.6724405
5.0176625
5.1282096
6.110377
4.9113674
5.99983
5.6724405
5.1282096
5.2345047
5.3493037
5.6724405
5.7829876
5.4555984
5.5661454
4.583978
5.1282096
6.327219
5.1282096
4.9113674
5.1282096
5.6724405
5.4555984
6.654608
5.2387567
5.3493037
4.9113674
5.2387567
4.477683
3.8229048
4.58823
6.0040812
5.5661454
4.039747
5.5661454
4.477683
5.2387567
4.58823
5.3493037
4.6945252
5.0219145
5.2387567
4.9113674
4.150294
4.150294
5.3493037
4.9113674
5.132461
3.9292002
5.0219145
4.8050723
4.583978
4.8050723
4.477683
5.0219145
5.2387567
4.2608414
4.583978
4.8050723
5.4555984
4.367136
5.7829876
5.5661454
5.2387567
5.3493037
4.9113674
4.8050723
5.893534
4.583978
5.0219145
6.0040812
5.4555984
5.1282096
4.583978
5.0219145
5.0219145
5.6724405
5.893534
5.0219145
5.1282096
5.893534
5.4555984
6.327219
4.2565894
5.3493037
5.7829876
4.6945252
4.6945252
5.99983
5.2387567
5.4555984
5.99983
5.5661454
4.690274
5.0219145
4.9113674
6.544061
4.2565894
5.99983
6.433514
5.4555984
4.9113674
5.1282096
6.544061
5.1282096
4.6945252
5.1282096
4.8008204
6.216672
4.8008204
5.3450513
5.2387567
5.7829876
5.99983
5.6724405
5.7829876
4.8050723
4.9113674
4.150294
4.150294
5.5661454
4.6945252
4.9113674
4.6945252
6.4377656
4.583978
5.3450513
4.8008204
4.6945252
5.893534
5.4555984
4.6945252
4.583978
4.9113674
5.2387567
5.5661454
5.4555984
6.2209234
4.583978
4.8008204
5.1282096
4.9113674
5.1282096
5.0219145
4.583978
4.9113674
5.5661454
5.0219145
4.8050723
5.4555984
4.6945252
4.583978
5.0219145
5.0176625
4.583978
5.1282096
4.8008204
4.8008204
4.583978
5.5661454
5.4555984
5.7829876
5.4555984
4.367136
5.893534
4.477683
3.9292002
4.583978
4.4734316
4.039747
5.6766925
4.367136
4.6945252
4.9113674
5.2387567
5.7829876
4.8008204
4.2565894
5.6724405
5.3450513
4.2565894
4.367136
4.6945252
5.0219145
4.2565894
4.583978
6.216672
4.8008204
4.6945252
5.7829876
4.367136
4.367136
5.6724405
5.8892827
5.5618935
4.690274
5.3450513
5.8892827
5.3450513
4.690274
5.4555984
5.1282096
4.2565894
5.1282096
5.5618935
3.495516
5.893534
5.3450513
4.1460423
5.2387567
5.3493037
5.5661454
3.8229048
3.9292002
6.110377
4.9113674
5.0219145
5.4555984
5.2345047
4.8008204
4.8008204
4.8008204
4.367136
5.0176625
5.3450513
4.583978
5.2387567
4.2565894
4.2565894
5.3450513
4.8008204
4.039747
5.1282096
5.451347
4.690274
5.99983
4.583978
4.039747
5.2387567
5.6724405
4.2565894
5.2387567
5.2387567
5.6724405
5.1282096
5.3450513
6.110377
4.690274
4.367136
5.4555984
5.3450513
5.2345047
4.690274
4.9113674
5.2345047
5.3450513
5.1282096
5.451347
5.778736
6.433514
5.3450513
4.1460423
6.106125
5.3408
4.690274
5.5618935
6.3229666
6.21242
5.5618935
5.668189
4.686022
5.668189
6.101873
4.902864
5.451347
5.1239576
5.8850307
6.318715
5.995578
5.991326
5.557642
4.902864
6.21242
6.5355573
5.7744837
6.6461043
5.991326
6.6461043
6.9734936
6.6461043
7.5134726
6.4250107
6.318715
7.2966304
6.4250107
5.663937
6.318715
7.4071774
6.2081685
6.6461043
6.318715
6.8629465
7.079788
7.1903353
6.5355573
6.2081685
6.7523994
6.7523994
7.2966304
6.2081685
7.840862
6.969241
7.4029255
6.858694
7.4071774
8.385093
6.96499
8.163999
6.969241
6.4207582
6.96499
9.146166
8.0534525
7.509221
7.292379
7.0755363
7.292379
8.491387
8.057704
7.509221
7.0755363
7.9471564
8.0534525
8.38084
8.163999
7.7303147
7.509221
7.181832
8.491387
7.292379
8.38084
7.8323584
9.035619
7.509221
8.38084
8.814526
9.031367
9.465052
8.487137
9.354505
8.487137
9.465052
10.009283
8.92082
9.575599
10.009283
8.482884
9.681894
10.009283
8.703979
9.137663
9.792441
8.810273
9.354505
10.664061
9.027116
9.354505
9.4608
10.115578
8.699726
9.788189
9.898736
9.2439575
9.571347
9.137663
10.221873
9.788189
9.788189
10.005031
10.54501
10.655557
9.4608
10.221873
10.438715
9.7839365
11.093493
10.655557
10.328168
10.111326
10.111326
10.000779
9.67339
9.894484
10.438715
10.982946
10.107075
10.549262
10.766105
10.217621
9.567095
10.221873
10.982946
10.655557
10.54501
10.982946
10.328168
11.306084
10.217621
10.4344635
10.761852
10.651306
10.4344635
10.328168
11.416631
11.195537
11.960861
11.522925
11.306084
11.089241
11.306084
10.655557
10.651306
10.217621
12.177704
11.739767
10.978694
11.416631
12.067157
10.757601
10.651306
10.4344635
11.306084
11.629221
10.978694
12.173452
12.2839985
11.846064
11.412379
12.390294
11.191285
11.95661
11.739767
11.846064
12.2839985
12.173452
11.735517
11.952358
11.629221
12.607137
11.735517
11.846064
13.372462
12.279747
12.823978
12.062905
12.607137
11.191285
12.82823
13.368209
12.607137
12.062905
12.823978
12.1692
12.823978
13.040821
12.713431
12.279747
12.386043
12.062905
12.717683
12.279747
13.040821
13.585052
12.713431
12.823978
12.602884
12.49659
13.585052
13.036569
13.585052
13.257662
12.602884
12.930274
13.368209
12.930274
13.036569
13.147116
12.930274
13.5808
13.036569
13.036569
13.908189
13.5808
14.235578
13.25341
13.797642
14.018736
13.470253
14.231326
13.470253
14.66501
14.669261
13.359706
14.014484
14.673514
14.341873
13.797642
14.125031
13.25341
13.79339
14.235578
14.341873
15.102947
13.903937
13.470253
14.120779
15.213492
14.231326
13.797642
14.341873
14.120779
14.341873
14.66501
14.120779
14.771306
14.66501
14.66501
15.102947
14.554463
14.881853
15.319788
14.7755575
14.669261
14.120779
15.319788
15.536632
15.102947
14.554463
14.886105
15.970315
15.209241
15.098694
14.881853
15.098694
15.4260845
15.319788
15.536632
14.554463
14.9924
14.554463
14.988147
15.532378
14.988147
15.642925
15.421831
15.4260845
15.642925
15.753472
15.315537
14.771306
14.771306
15.859768
15.20499
14.767053
16.404
16.076609
14.767053
16.187157
15.749221
15.970315
15.532378
15.094443
16.62084
15.642925
15.421831
16.837683
17.165071
15.749221
15.744968
16.62084
16.510294
17.054525
15.638674
15.315537
14.983895
15.638674
15.749221
16.07236
16.62084
15.966063
16.837683
15.8555155
15.311284
16.399746
16.07236
16.837683
16.506042
15.749221
16.07236
17.598757
16.506042
16.399746
17.16082
17.16082
16.178654
16.616589
16.399746
16.182905
16.616589
16.2892
16.182905
16.399746
16.2892
16.837683
15.8555155
16.833431
16.616589
16.616589
16.616589
17.377663
16.727137
15.961811
17.267115
17.377663
17.050274
16.395494
17.16082
17.594505
16.399746
16.2892
17.488209
17.488209
16.939726
17.271368
16.178654
17.050274
17.16082
17.598757
17.377663
16.939726
17.267115
16.506042
16.395494
16.178654
16.833431
17.050274
17.156569
17.921894
17.811346
17.050274
17.705051
16.612339
17.377663
17.050274
17.267115
17.598757
17.271368
17.488209
16.616589
17.267115
17.054525
17.16082
17.050274
17.705051
17.488209
16.833431
17.594505
18.249283
17.598757
16.616589
17.16082
16.616589
17.381914
17.271368
16.07236
16.62084
16.510294
15.634422
17.598757
17.271368
17.267115
16.943977
16.506042
15.744968
16.616589
15.966063
16.399746
17.16082
17.16082
16.182905
16.837683
16.94823
16.510294
16.510294
16.076609
15.966063
15.200739
16.943977
16.404
15.642925
15.749221
15.966063
16.514547
16.62084
16.510294
16.182905
16.293453
17.492462
16.404
16.616589
16.943977
15.8555155
16.404
16.076609
16.182905
16.731388
15.4260845
14.988147
16.731388
16.080862
14.988147
16.076609
16.187157
16.297703
16.182905
16.404
15.209241
15.421831
15.859768
16.297703
15.098694
15.532378
15.749221
15.642925
15.20499
15.970315
15.970315
15.970315
15.20499
15.098694
15.536632
15.532378
16.076609
16.297703
16.625093
16.076609
15.642925
14.9924
14.988147
15.4260845
16.841934
15.209241
15.315537
14.554463
14.66501
14.881853
15.749221
15.4260845
14.660759
15.970315
16.297703
15.209241
15.315537
14.771306
15.753472
15.4260845
14.9924
14.66501
16.40825
15.536632
15.859768
14.881853
14.771306
15.536632
15.098694
15.4260845
16.40825
14.881853
15.4260845
15.647177
14.66501
15.970315
14.881853
14.9924
15.970315
14.66501
14.554463
15.753472
15.098694
15.970315
16.191408
15.536632
15.315537
15.102947
15.430335
14.881853
15.536632
14.66501
15.974566
15.102947
15.102947
14.341873
14.9924
14.337622
15.536632
15.319788
15.209241
15.536632
14.558716
14.341873
14.120779
15.647177
14.45242
15.102947
14.9924
14.231326
14.010232
15.430335
14.231326
15.209241
14.886105
14.886105
15.757724
14.231326
15.319788
14.558716
14.886105
14.9924
14.231326
14.669261
13.470253
14.231326
15.102947
14.779808
14.996652
13.576548
14.558716
14.45242
14.341873
14.9924
14.231326
15.102947
14.886105
15.102947
15.107199
15.430335
14.341873
15.319788
14.337622
15.102947
14.45242
14.66501
14.231326
14.341873
14.341873
14.558716
14.231326
13.25341
14.996652
14.886105
13.908189
14.886105
14.341873
14.120779
14.669261
14.014484
15.102947
14.886105
13.25341
14.558716
15.319788
13.908189
13.691346
14.45242
14.014484
14.129283
14.890355
13.797642
14.125031
14.235578
14.341873
14.125031
14.669261
14.341873
14.235578
13.908189
14.779808
13.5808
14.45242
13.585052
13.363957
14.779808
14.45242
13.801893
14.235578
15.107199
14.341873
14.890355
14.129283
13.5808
13.691346
13.5808
14.779808
14.45242
13.797642
14.235578
14.125031
14.996652
13.257662
13.797642
14.886105
14.125031
13.91244
14.886105
15.324039
14.45242
14.562967
15.213492
14.669261
14.235578
13.691346
14.558716
14.129283
13.691346
14.669261
14.018736
13.908189
14.562967
14.45242
14.014484
15.217746
14.235578
14.886105
14.779808
14.341873
14.558716
14.448169
15.213492
15.868271
14.341873
14.7755575
14.886105
14.669261
15.430335
15.540882
14.45242
14.9924
14.558716
14.014484
15.647177
15.536632
15.102947
15.213492
14.9924
14.9924
14.66501
15.864019
15.974566
15.536632
16.080862
15.864019
14.448169
14.881853
16.191408
15.102947
15.209241
14.7755575
16.518799
15.102947
15.864019
16.297703
15.209241
15.864019
15.319788
15.647177
15.647177
15.647177
16.73564
15.864019
15.753472
16.080862
15.642925
16.297703
16.191408
14.7755575
14.337622
15.536632
15.4260845
15.536632
15.4260845
16.080862
16.080862
14.881853
15.970315
15.753472
15.319788
14.9924
15.532378
16.080862
15.536632
16.625093
16.514547
16.514547
16.625093
15.859768
16.62084
16.514547
15.970315
16.62084
16.731388
15.970315
16.731388
17.054525
17.492462
17.058777
16.62084
16.94823
16.731388
16.510294
17.058777
16.404
15.638674
16.297703
16.404
17.603008
15.8555155
16.510294
17.16082
17.709303
16.94823
17.598757
18.253534
16.399746
16.837683
18.14724
16.94823
17.054525
16.841934
16.837683
16.731388
16.727137
16.62084
16.616589
17.165071
17.8156
16.943977
18.142988
17.271368
17.488209
16.506042
17.709303
16.94823
16.510294
16.837683
17.27562
17.381914
17.603008
16.94823
17.603008
16.837683
17.165071
17.054525
17.377663
16.94823
16.94823
17.709303
16.404
16.293453
16.40825
15.970315
17.169323
16.293453
17.058777
16.837683
17.381914
16.94823
17.054525
16.293453
16.727137
17.926146
16.514547
15.966063
16.514547
16.187157
16.076609
16.297703
16.625093
16.510294
17.058777
16.404
16.404
16.514547
17.709303
16.404
17.603008
16.62084
16.076609
16.94823
16.731388
16.731388
16.62084
17.492462
17.27562
16.510294
16.187157
16.837683
16.837683
18.14724
17.054525
16.404
17.27562
17.713554
16.94823
17.058777
16.94823
16.293453
16.187157
16.514547
17.165071
16.837683
17.058777
17.165071
16.182905
16.404
16.080862
17.27562
16.94823
16.293453
15.966063
16.076609
17.169323
17.27562
16.514547
16.514547
16.187157
16.404
16.514547
15.966063
16.293453
16.404
16.731388
16.94823
16.187157
17.165071
16.62084
16.841934
17.054525
16.399746
16.727137
17.386166
17.165071
17.165071
17.381914
16.62084
17.81985
16.62084
17.054525
16.837683
17.709303
18.142988
17.598757
17.81985
17.165071
17.8156
17.598757
17.81985
18.03244
17.8156
17.709303
17.8156
17.705051
18.142988
17.165071
17.8156
17.594505
18.793514
17.921894
18.580925
17.054525
16.943977
17.926146
18.253534
18.036694
17.705051
18.687218
17.926146
17.8156
17.483957
18.355577
18.793514
18.138737
18.355577
19.120903
18.904062
18.355577
18.138737
18.249283
17.811346
18.355577
18.682968
18.793514
18.028189
19.227198
17.705051
19.010355
18.245031
17.811346
18.576672
18.028189
19.554586
18.576672
19.227198
18.57242
18.245031
18.57242
19.333492
19.227198
18.355577
18.899809
19.227198
19.227198
19.44404
19.77143
19.660883
19.333492
19.333492
19.550335
19.988272
18.355577
19.550335
18.78926
18.138737
18.904062
18.57242
18.57242
18.682968
19.116652
19.550335
18.678717
19.77143
18.78926
19.006104
19.660883
19.660883
19.98402
20.528252
20.205114
20.205114
20.417704
20.966187
19.660883
20.745094
20.094566
20.966187
19.762926
19.98402
20.855639
19.656631
21.068232
20.19661
20.528252
20.961935
20.851387
19.979769
19.98402
21.178778
21.072481
20.851387
21.178778
20.524
20.524
20.524
21.068232
21.72301
19.979769
21.93985
20.961935
20.851387
21.178778
21.068232
21.072481
20.417704
20.524
21.72301
20.961935
21.068232
21.39987
21.395618
20.74084
20.851387
21.068232
20.851387
21.395618
21.829304
20.847137
21.068232
21.72301
21.068232
21.178778
21.178778
20.961935
21.174524
20.413452
21.395618
20.74084
21.829304
21.289324
21.285072
20.957684
21.395618
21.93985
21.178778
20.74084
20.524
21.178778
20.74084
20.630293
21.833555
21.068232
21.612461
20.957684
22.26724
21.289324
21.285072
20.74084
21.612461
21.72301
21.289324
22.050398
20.634546
21.068232
21.178778
20.745094
20.851387
21.289324
21.289324
20.634546
21.395618
21.068232
20.851387
21.616713
20.090315
21.285072
20.634546
20.855639
20.634546
20.417704
20.307158
20.634546
21.39987
20.528252
21.178778
20.855639
20.855639
20.638798
20.200863
20.417704
21.289324
20.749346
19.762926
21.072481
20.200863
21.18303
20.417704
21.616713
20.638798
20.634546
20.961935
20.961935
20.528252
20.961935
20.745094
20.638798
20.638798
20.200863
20.090315
20.745094
20.311407
20.200863
20.524
20.311407
20.638798
20.855639
20.961935
21.072481
20.638798
20.094566
21.072481
19.32924
19.877724
20.638798
20.094566
20.749346
20.311407
20.859892
20.859892
19.767178
20.855639
21.293575
20.31566
20.638798
20.638798
20.753595
20.31566
19.554586
20.205114
20.31566
20.098818
20.31566
19.227198
19.665134
19.992523
18.899809
19.992523
19.120903
18.793514
19.881977
18.899809
19.77568
18.687218
19.010355
20.098818
19.010355
19.120903
20.098818
18.682968
18.793514
18.682968
19.333492
20.426208
19.448292
18.899809
19.227198
19.554586
19.665134
18.793514
19.116652
20.31566
19.337746
20.098818
19.554586
19.333492
19.337746
19.44404
19.116652
20.31566
19.337746
20.426208
19.660883
19.660883
19.877724
20.421955
20.64305
20.31566
19.877724
21.404123
19.660883
20.205114
20.311407
20.417704
20.311407
20.31566
19.550335
21.510418
20.855639
20.638798
20.528252
19.877724
20.749346
21.18303
20.094566
20.749346
20.855639
20.851387
20.966187
20.638798
20.311407
21.620964
20.638798
20.638798
21.289324
20.528252
21.510418
21.39987
20.966187
21.072481
20.31566
20.532501
21.18303
20.855639
20.961935
21.837807
21.404123
20.638798
21.18303
20.417704
21.510418
20.855639
21.39987
20.528252
21.076733
20.638798
20.966187
21.076733
20.31566
20.094566
20.31566
20.859892
20.528252
21.293575
20.200863
20.205114
20.966187
19.98402
20.205114
20.421955
20.205114
20.31566
20.749346
20.528252
20.532501
21.404123
19.988272
20.205114
20.859892
19.881977
19.877724
20.094566
20.532501
19.988272
20.31566
19.44404
20.098818
19.881977
19.660883
19.333492
20.209366
20.753595
20.31566
19.554586
20.098818
19.227198
19.660883
19.010355
19.665134
20.098818
19.010355
18.904062
20.103071
19.337746
19.554586
19.23145
19.665134
19.77143
19.992523
18.687218
19.120903
19.010355
18.904062
18.793514
19.55884
19.23145
19.77568
20.103071
18.576672
18.904062
19.992523
19.337746
19.55884
19.125156
18.687218
18.687218
18.908312
18.470377
18.580925
18.687218
18.908312
18.253534
18.793514
19.125156
19.014608
18.904062
19.452543
19.125156
18.470377
19.452543
19.01886
18.253534
18.474628
18.470377
18.470377
19.125156
19.669386
18.576672
18.580925
18.14724
19.125156
18.253534
18.580925
18.912563
17.713554
18.364082
18.257786
18.151491
18.14724
17.930397
18.580925
17.824102
18.14724
17.386166
18.585176
18.69147
17.27562
18.151491
18.257786
17.496714
17.603008
17.390417
18.151491
17.713554
17.058777
18.26204
18.257786
17.063028
17.27562
17.824102
18.040945
17.717808
17.500965
17.717808
17.173576
16.191408
17.390417
17.279871
16.73564
17.934649
16.518799
17.60726
17.279871
17.063028
16.956734
16.846186
16.846186
18.372585
16.301954
17.279871
16.846186
17.828354
16.846186
16.846186
16.846186
18.045197
17.173576
16.846186
16.846186
17.063028
17.611511
16.846186
16.191408
16.40825
17.390417
16.85044
17.06728
17.063028
17.390417
16.956734
16.523048
16.739893
16.085114
16.846186
17.717808
17.06728
17.173576
17.063028
17.72206
17.177828
16.739893
16.956734
15.324039
16.960987
16.195662
15.868271
16.956734
15.978818
15.872524
16.089365
15.978818
16.960987
16.960987
15.978818
16.739893
16.089365
16.199913
16.085114
15.540882
15.978818
16.633596
16.527302
16.633596
15.761976
15.761976
15.43884
16.523048
16.523048
15.651429
15.655681
15.328293
15.107199
15.655681
15.43884
15.328293
15.872524
15.978818
16.416756
16.199913
15.761976
15.766228
15.761976
15.540882
16.85044
16.416756
15.761976
16.195662
15.545134
15.983071
15.545134
15.655681
15.328293
15.545134
16.089365
15.328293
15.655681
15.659932
16.199913
15.107199
15.332544
16.199913
16.199913
15.978818
15.107199
15.43884
16.527302
15.545134
15.43884
16.199913
15.761976
15.328293
15.872524
15.766228
16.306208
16.416756
15.766228
16.306208
16.089365
15.549385
15.549385
15.983071
15.11145
15.872524
15.549385
16.199913
15.217746
16.089365
14.8946085
15.328293
15.545134
15.328293
15.549385
16.31046
15.655681
16.093616
15.766228
15.545134
16.199913
15.221997
16.093616
15.328293
15.545134
16.31046
16.31046
15.545134
16.744143
15.655681
14.784061
14.456672
15.332544
15.770479
15.549385
15.332544
15.659932
15.005156
14.350377
14.788313
14.677766
15.443091
15.332544
14.133534
15.115701
16.204163
15.655681
15.43884
15.11145
15.876775
15.43884
14.677766
15.766228
15.11145
15.328293
14.350377
15.443091
15.115701
15.005156
15.549385
14.8946085
15.770479
14.57147
14.133534
14.57147
14.89886
14.8946085
13.916693
14.354629
15.226248
15.115701
15.115701
14.682017
14.57147
15.766228
14.677766
15.43884
15.987322
14.682017
15.332544
15.005156
14.57147
15.43884
15.332544
15.005156
15.443091
14.354629
14.682017
15.553638
15.115701
14.788313
14.350377
14.57147
15.115701
14.460924
15.332544
15.332544
15.115701
15.43884
15.549385
14.677766
14.89886
14.350377
14.02724
14.792564
13.69985
15.332544
14.2440815
14.460924
15.332544
14.02724
14.133534
14.02724
14.354629
15.553638
14.788313
14.137786
14.682017
15.009407
14.57147
14.460924
13.810397
14.2440815
14.89886
15.009407
14.02724
14.788313
14.89886
14.354629
14.137786
14.354629
14.02724
14.57147
14.57147
14.02724
14.137786
14.02724
14.2440815
14.57147
13.69985
14.57147
13.810397
14.137786
14.57147
15.115701
14.89886
14.354629
13.69985
14.248333
14.137786
15.443091
13.483009
14.354629
14.682017
14.2440815
13.69985
15.226248
14.02724
14.354629
15.009407
13.810397
14.2440815
13.372462
14.354629
14.2440815
13.69985
13.69985
14.788313
14.89886
14.2440815
14.137786
13.483009
14.465176
14.682017
13.810397
14.792564
13.810397
14.465176
14.460924
13.483009
14.354629
14.2440815
15.226248
14.2440815
13.810397
14.2440815
15.009407
14.460924
14.02724
14.354629
14.465176
14.575723
15.009407
14.354629
14.465176
14.682017
14.2440815
14.2440815
14.137786
14.57147
14.682017
14.137786
13.916693
14.354629
15.226248
15.443091
13.69985
14.02724
14.02724
14.137786
14.57147
14.02724
14.354629
14.137786
14.02724
14.2440815
14.2440815
14.682017
14.682017
15.009407
14.788313
14.57147
14.2440815
14.354629
15.009407
14.02724
14.02724
15.115701
14.02724
14.89886
14.460924
14.2440815
14.137786
14.02724
14.133534
15.005156
13.916693
14.89886
14.682017
13.69985
14.788313
13.916693
14.137786
14.89886
14.2440815
15.549385
14.02724
15.553638
14.89886
14.2440815
14.89886
15.226248
14.2440815
14.682017
14.465176
14.89886
15.115701
14.354629
14.677766
15.659932
14.677766
14.89886
14.677766
14.677766
14.89886
14.682017
14.133534
14.89886
15.005156
14.677766
14.89886
15.226248
14.57147
14.89886
15.115701
14.788313
14.89886
14.350377
15.226248
14.89886
14.460924
15.226248
14.788313
14.2440815
14.460924
15.443091
14.02724
15.226248
14.682017
14.354629
14.2440815
13.806146
14.89886
14.02724
14.788313
15.332544
14.57147
15.115701
14.137786
14.460924
14.682017
15.115701
14.89886
14.137786
14.89886
15.005156
14.677766
14.57147
14.89886
14.567219
14.133534
14.354629
14.677766
14.460924
14.354629
14.57147
14.89886
15.443091
13.916693
14.89886
14.354629
13.483009
15.115701
14.02724
14.2440815
15.226248
15.115701
14.460924
14.89886
14.89886
14.89886
15.005156
14.2440815
14.354629
14.89886
14.133534
14.57147
14.89886
14.57147
13.69985
14.788313
15.115701
14.682017
14.57147
14.677766
14.89886
14.57147
13.69985
15.226248
14.788313
14.133534
14.57147
14.89886
13.916693
14.682017
14.682017
14.460924
14.788313
14.2440815
14.354629
14.89886
15.226248
14.788313
13.155619
14.89886
14.137786
13.916693
15.226248
14.57147
14.460924
14.137786
14.89886
14.57147
15.226248
15.332544
14.677766
14.137786
14.02724
13.916693
14.460924
15.553638
14.2440815
14.677766
13.916693
14.2440815
14.788313
14.354629
14.57147
14.89886
15.336795
14.89886
14.788313
15.005156
15.221997
14.02724
14.460924
14.460924
14.57147
14.02724
14.460924
14.02724
14.677766
13.916693
14.460924
14.788313
14.788313
15.115701
14.354629
14.788313
15.11145
15.005156
14.2440815
14.89886
14.133534
14.460924
13.69985
15.226248
15.332544
14.57147
14.354629
14.89886
15.005156
15.11145
15.549385
15.226248
13.916693
14.8946085
15.221997
14.89886
15.659932
14.8946085
14.8946085
14.354629
14.677766
15.000902
15.549385
15.005156
15.766228
14.133534
15.328293
15.332544
13.806146
14.673514
15.983071
14.460924
14.350377
15.005156
16.31046
15.11145
15.987322
15.005156
14.350377
14.350377
14.677766
14.567219
15.221997
14.133534
15.005156
14.129283
14.350377
15.876775
15.549385
15.005156
15.655681
14.346125
15.549385
14.677766
15.221997
15.005156
14.677766
14.57147
14.8946085
14.567219
14.788313
15.221997
14.57147
14.460924
14.022987
14.350377
13.916693
14.89886
14.788313
14.8946085
14.133534
15.332544
15.221997
15.549385
14.784061
15.332544
14.354629
14.677766
15.332544
14.022987
15.221997
15.115701
14.2440815
13.916693
14.022987
15.221997
15.221997
15.226248
14.2440815
13.916693
14.133534
14.02724
14.02724
14.2440815
14.567219
14.460924
14.133534
14.460924
15.332544
14.8946085
15.009407
14.788313
14.57147
14.89886
14.57147
13.806146
14.682017
14.2440815
14.57147
13.916693
14.460924
14.2440815
14.354629
14.677766
14.788313
13.916693
14.2440815
14.350377
14.89886
14.022987
13.806146
14.788313
14.788313
14.2440815
14.460924
13.916693
15.332544
14.788313
15.115701
14.2440815
14.2440815
14.2440815
13.69985
14.89886
14.682017
15.115701
13.372462
13.69985
14.2440815
14.57147
13.69985
14.57147
14.354629
14.354629
14.57147
13.589303
13.806146
14.788313
14.02724
14.89886
15.005156
14.677766
14.567219
14.788313
14.02724
14.788313
14.57147
14.460924
14.460924
13.916693
13.916693
13.69985
13.69985
15.005156
13.589303
14.788313
15.005156
14.133534
14.677766
14.133534
14.89886
13.806146
14.2440815
13.69985
15.005156
15.115701
14.2440815
13.589303
13.69985
14.354629
13.916693
14.57147
15.009407
15.005156
14.677766
14.133534
15.115701
14.788313
13.916693
15.005156
12.82823
14.57147
14.350377
14.354629
14.460924
13.810397
14.677766
14.460924
13.589303
13.916693
13.372462
14.677766
13.695599
13.916693
13.806146
14.57147
14.133534
13.151368
14.2440815
15.226248
14.02724
14.2440815
14.2440815
14.02724
14.137786
13.806146
13.69985
13.916693
14.57147
13.916693
14.89886
13.69985
14.133534
14.788313
14.465176
14.137786
12.717683
14.57147
14.89886
13.69985
15.115701
13.810397
14.2440815
14.350377
13.372462
15.009407
14.354629
13.916693
14.133534
14.460924
15.115701
13.69985
13.589303
14.02724
13.69985
15.443091
13.916693
14.02724
13.589303
14.57147
14.02724
14.89886
13.69985
15.115701
13.589303
14.89886
13.916693
14.677766
14.2440815
14.460924
15.226248
14.350377
15.332544
14.02724
14.022987
14.567219
15.221997
13.916693
15.332544
14.567219
14.784061
15.11145
14.2440815
14.2440815
14.133534
14.022987
15.549385
15.221997
14.677766
14.784061
13.806146
15.332544
14.350377
14.784061
14.460924
14.133534
14.784061
15.332544
14.2440815
15.221997
14.022987
14.8946085
14.788313
14.022987
14.677766
15.115701
14.350377
14.133534
15.221997
15.11145
14.2440815
15.11145
15.328293
14.89886
15.332544
14.567219
15.328293
15.43884
14.460924
15.221997
14.350377
14.23983
14.133534
14.460924
14.350377
14.677766
14.57147
13.695599
14.23983
14.460924
14.567219
14.788313
14.23983
15.221997
14.677766
14.133534
13.806146
15.11145
14.23983
14.23983
14.2440815
14.57147
13.806146
14.350377
13.806146
14.2440815
14.460924
15.009407
14.8946085
14.677766
13.916693
13.916693
14.57147
14.133534
14.133534
14.133534
14.57147
15.115701
15.11145
14.354629
14.460924
14.133534
13.695599
14.133534
14.57147
14.022987
14.460924
14.133534
14.129283
14.022987
14.460924
13.806146
13.69985
14.57147
13.916693
14.788313
14.2440815
14.022987
14.350377
13.69985
14.460924
13.69985
13.806146
14.02724
14.460924
14.8946085
15.005156
14.57147
14.456672
14.788313
14.133534
14.682017
13.478756
13.589303
13.916693
14.133534
13.589303
14.133534
13.69985
14.02724
14.133534
14.02724
14.2440815
13.589303
13.810397
14.788313
13.916693
14.2440815
13.478756
14.02724
13.155619
14.02724
13.589303
13.483009
13.69985
13.810397
13.589303
14.2440815
14.682017
13.372462
13.376713
13.810397
13.483009
13.5935545
14.02724
13.155619
13.155619
13.372462
13.483009
14.02724
14.354629
13.916693
13.483009
14.682017
14.2440815
13.372462
14.2440815
13.920944
13.049324
13.810397
13.920944
14.354629
13.69985
12.721935
14.02724
12.938777
12.938777
12.721935
13.049324
13.376713
12.721935
12.721935
13.376713
12.938777
14.031491
13.049324
13.704102
12.938777
12.61564
13.704102
13.704102
13.5935545
13.376713
13.483009
13.376713
12.943029
14.02724
12.938777
14.465176
12.938777
12.288251
12.832482
12.832482
12.611388
13.5935545
13.69985
12.611388
14.031491
13.69985
12.288251
13.266166
12.177704
13.159871
13.376713
12.726187
12.832482
12.943029
13.708355
12.721935
12.288251
12.61564
13.270417
13.5935545
13.48726
13.376713
12.938777
12.505093
13.049324
12.071408
12.726187
12.505093
12.071408
12.509345
12.61564
12.177704
11.960861
13.159871
13.159871
12.726187
13.376713
12.177704
13.704102
12.505093
12.398798
12.832482
12.721935
13.48726
13.597807
12.832482
13.159871
11.854567
13.48726
12.398798
12.181956
13.159871
13.48726
12.61564
12.394546
13.270417
12.726187
12.288251
12.288251
11.637725
12.832482
11.960861
13.159871
12.61564
13.376713
12.721935
13.597807
13.376713
11.960861
12.61564
12.177704
13.48726
12.943029
12.181956
12.177704
12.832482
12.832482
12.288251
13.704102
13.376713
13.049324
12.943029
13.270417
11.960861
12.726187
13.597807
12.832482
12.288251
13.48726
13.5935545
12.288251
12.071408
13.925196
13.159871
11.854567
12.398798
13.270417
11.965114
12.61564
11.527178
12.181956
12.61564
12.181956
12.61564
11.854567
12.292503
12.071408
12.505093
12.071408
11.965114
12.288251
13.049324
12.832482
13.270417
13.159871
12.071408
12.398798
12.832482
13.159871
12.288251
11.854567
13.380964
12.509345
12.398798
13.376713
12.943029
12.288251
12.505093
12.836734
12.943029
12.832482
12.071408
11.965114
12.181956
11.199788
12.398798
12.836734
12.288251
11.7440195
11.310335
12.509345
12.398798
11.854567
12.726187
11.965114
12.943029
12.61564
13.053576
12.398798
12.943029
11.965114
12.398798
11.960861
12.61564
11.854567
12.836734
13.053576
11.7440195
11.527178
11.637725
11.637725
12.943029
12.726187
12.726187
12.619891
12.071408
12.726187
11.637725
12.071408
12.509345
12.071408
11.527178
11.527178
12.836734
12.071408
12.61564
11.093493
12.292503
11.527178
11.7440195
12.075661
12.619891
12.836734
12.509345
11.965114
12.836734
12.075661
11.965114
12.505093
11.7440195
11.965114
11.965114
11.637725
12.943029
12.181956
12.509345
11.310335
12.181956
12.61564
12.943029
12.836734
11.637725
11.854567
11.854567
12.509345
12.075661
12.075661
12.071408
11.965114
11.204041
11.965114
11.748272
11.637725
11.969365
11.314588
11.965114
11.748272
12.403049
11.748272
12.075661
11.093493
11.531429
12.186207
12.619891
11.7440195
11.204041
11.093493
12.292503
12.619891
11.965114
12.071408
12.292503
11.641976
12.075661
11.748272
11.093493
11.420882
12.509345
12.075661
12.726187
10.987199
11.748272
11.314588
11.641976
11.748272
11.420882
11.748272
11.969365
12.292503
10.876652
11.204041
10.876652
12.403049
11.965114
10.659809
11.420882
11.097745
11.531429
11.965114
11.204041
12.075661
12.075661
11.531429
12.181956
11.531429
10.987199
11.969365
11.531429
11.531429
12.947281
11.637725
11.420882
11.097745
11.204041
11.531429
10.987199
11.425134
11.425134
11.204041
10.442967
11.208292
11.748272
11.969365
11.420882
11.425134
11.641976
11.314588
11.531429
12.292503
10.659809
10.987199
11.858818
11.858818
11.748272
11.531429
10.336672
10.336672
10.5535145
10.336672
11.425134
10.664061
11.208292
11.646228
10.880902
11.425134
11.097745
11.531429
11.752523
11.752523
11.752523
11.314588
11.641976
11.858818
11.097745
11.204041
11.208292
10.115578
10.770356
10.664061
11.969365
10.880902
11.097745
10.5535145
10.880902
10.5535145
11.314588
10.226125
10.664061
11.208292
10.447219
11.858818
11.097745
11.641976
11.425134
10.880902
10.880902
10.009283
11.535681
10.336672
10.442967
10.119829
11.535681
10.880902
11.314588
10.880902
10.664061
10.336672
11.535681
10.659809
10.447219
11.318839
10.336672
10.119829
10.880902
11.097745
11.969365
11.425134
10.442967
10.991449
10.447219
10.991449
10.770356
10.880902
11.752523
10.664061
10.991449
11.969365
10.664061
11.535681
10.774608
10.880902
11.208292
11.097745
11.8630705
10.664061
10.664061
10.336672
9.792441
10.336672
10.664061
11.208292
11.208292
10.880902
11.101996
10.230376
10.885155
10.991449
9.686145
10.774608
10.336672
10.664061
10.659809
10.119829
10.774608
11.208292
10.5535145
10.336672
9.898736
10.664061
10.336672
10.226125
10.991449
11.646228
10.664061
10.880902
10.664061
11.318839
10.880902
11.535681
10.880902
10.991449
10.447219
11.097745
11.425134
10.447219
10.5535145
11.314588
11.858818
10.770356
10.664061
10.5535145
11.208292
11.425134
10.991449
11.318839
10.009283
9.686145
11.318839
10.119829
10.664061
10.774608
10.119829
10.226125
10.991449
10.659809
10.991449
10.119829
10.664061
10.447219
11.752523
10.880902
11.208292
10.991449
11.318839
10.664061
10.774608
10.5535145
11.097745
10.447219
10.880902
9.9029875
10.119829
10.664061
11.425134
10.664061
10.557766
11.208292
10.447219
10.880902
11.318839
10.119829
10.557766
10.230376
10.336672
9.792441
9.9029875
10.124082
10.230376
9.24821
10.124082
10.557766
9.792441
11.2125435
10.009283
10.013535
9.686145
10.230376
11.208292
9.575599
10.774608
10.5535145
10.774608
10.991449
10.447219
10.230376
10.885155
10.447219
11.101996
11.101996
10.119829
10.119829
10.664061
10.5535145
10.5535145
10.230376
10.991449
9.686145
10.336672
9.9029875
10.124082
9.575599
10.991449
10.557766
10.336672
10.774608
9.358756
10.557766
10.880902
10.664061
10.885155
10.009283
10.5535145
10.880902
9.792441
10.664061
9.9029875
10.230376
9.9029875
10.336672
10.336672
10.557766
10.119829
10.774608
10.009283
10.336672
10.991449
10.119829
11.101996
10.336672
10.885155
10.336672
10.991449
10.119829
10.447219
10.119829
9.465052
9.9029875
11.101996
10.119829
9.9029875
10.230376
9.575599
10.557766
11.101996
9.9029875
9.575599
10.774608
10.557766
10.119829
10.119829
9.686145
10.880902
9.575599
9.686145
10.991449
10.009283
10.336672
9.358756
10.557766
9.24821
10.013535
11.101996
10.009283
10.009283
10.230376
10.880902
10.770356
10.336672
11.425134
10.442967
11.208292
11.318839
10.770356
10.5535145
11.318839
11.208292
10.230376
11.425134
10.447219
9.898736
10.442967
11.101996
10.664061
9.681894
10.336672
11.208292
11.097745
10.664061
10.880902
10.664061
10.659809
10.991449
11.314588
10.442967
10.991449
10.664061
10.5535145
10.987199
10.880902
10.447219
11.425134
10.664061
11.752523
10.659809
11.097745
10.987199
10.5535145
9.792441
11.752523
11.641976
11.208292
10.876652
11.314588
11.425134
10.442967
11.314588
10.876652
10.659809
12.186207
11.204041
10.549262
11.097745
11.208292
11.641976
11.965114
11.314588
11.965114
10.770356
11.420882
11.204041
10.987199
10.987199
11.093493
11.858818
11.097745
11.314588
10.770356
10.987199
11.208292
11.314588
10.5535145
11.425134
11.858818
11.858818
12.186207
11.965114
11.637725
11.965114
11.748272
11.199788
11.527178
11.420882
11.637725
10.982946
12.292503
12.403049
11.7440195
11.310335
11.204041
12.181956
11.965114
10.982946
10.987199
11.531429
11.204041
11.093493
12.509345
11.531429
11.965114
12.071408
12.509345
11.965114
12.181956
10.876652
11.858818
11.854567
12.071408
11.310335
11.965114
11.637725
12.181956
11.310335
11.531429
12.836734
10.982946
12.398798
11.531429
11.748272
11.637725
12.292503
10.982946
12.075661
11.748272
12.398798
11.527178
12.181956
11.748272
11.854567
12.509345
11.637725
11.637725
12.398798
12.181956
12.836734
11.637725
11.204041
12.509345
12.398798
12.509345
12.509345
12.292503
12.071408
12.509345
11.748272
12.292503
11.854567
11.637725
12.181956
13.159871
12.181956
11.527178
11.204041
11.965114
11.204041
11.204041
11.748272
11.748272
11.204041
12.292503
12.075661
12.292503
12.292503
11.637725
11.965114
12.836734
12.398798
10.982946
12.509345
12.509345
13.164123
11.748272
12.181956
12.398798
11.637725
11.748272
12.61564
11.093493
12.947281
12.181956
11.310335
12.509345
11.420882
11.858818
12.071408
11.7440195
11.310335
11.527178
12.181956
12.186207
12.181956
11.854567
12.075661
12.075661
12.398798
13.270417
12.181956
12.075661
12.075661
11.965114
11.204041
11.748272
12.403049
11.748272
12.075661
11.204041
11.093493
12.403049
11.854567
11.637725
12.292503
12.509345
12.726187
11.637725
12.726187
11.965114
13.053576
11.637725
11.637725
11.965114
11.748272
11.310335
11.420882
12.186207
12.509345
11.420882
12.836734
11.858818
12.075661
12.181956
12.509345
12.398798
12.292503
12.075661
11.637725
12.292503
12.181956
11.637725
12.403049
12.509345
10.766105
12.619891
11.965114
11.965114
11.965114
10.876652
12.296754
11.641976
11.854567
12.186207
12.509345
11.637725
11.310335
12.836734
11.854567
12.509345
10.876652
12.836734
11.748272
12.071408
11.310335
11.420882
12.619891
11.637725
11.527178
11.858818
12.075661
11.965114
11.965114
12.619891
11.637725
12.730438
11.531429
11.965114
12.726187
12.181956
11.748272
12.398798
11.965114
11.748272
12.075661
12.509345
11.310335
11.531429
11.969365
11.965114
11.637725
11.858818
12.730438
12.181956
11.748272
11.641976
12.186207
11.310335
11.420882
11.748272
11.965114
12.836734
11.093493
12.181956
11.310335
11.637725
12.181956
12.398798
11.854567
11.420882
12.509345
11.7440195
12.071408
12.726187
12.292503
12.071408
12.181956
11.310335
12.509345
12.619891
12.071408
11.420882
12.509345
11.965114
12.292503
12.071408
12.181956
12.726187
12.509345
11.527178
11.854567
12.619891
12.292503
11.854567
11.527178
11.420882
12.403049
12.836734
11.637725
11.965114
12.292503
12.292503
12.186207
12.181956
12.181956
11.748272
11.965114
11.748272
11.965114
11.965114
12.398798
11.637725
11.420882
12.071408
12.836734
12.181956
11.854567
11.854567
11.858818
12.398798
11.748272
11.310335
11.965114
11.858818
11.854567
11.854567
12.61564
12.726187
12.61564
12.726187
12.726187
11.7440195
13.053576
11.637725
12.509345
12.505093
12.943029
12.726187
12.726187
13.159871
12.398798
13.053576
12.61564
11.965114
12.943029
12.505093
12.619891
13.053576
11.965114
11.854567
12.288251
12.398798
13.270417
11.854567
13.053576
11.7440195
12.836734
12.943029
12.943029
12.836734
12.071408
13.164123
12.398798
11.527178
13.159871
12.726187
12.505093
12.836734
12.726187
12.509345
12.288251
11.527178
12.398798
11.960861
12.61564
12.721935
11.854567
12.509345
12.394546
13.159871
12.509345
12.943029
12.943029
13.159871
13.159871
12.398798
13.270417
11.854567
12.509345
12.398798
13.380964
12.943029
11.416631
12.509345
13.053576
11.7440195
12.398798
12.61564
12.721935
11.960861
12.726187
13.483009
13.704102
12.943029
12.832482
13.049324
12.721935
13.266166
11.960861
12.943029
12.2839985
12.288251
13.159871
13.049324
11.960861
12.61564
13.48726
12.505093
12.943029
12.832482
13.049324
13.483009
13.376713
13.920944
13.266166
13.266166
13.48726
13.810397
13.5935545
12.943029
13.266166
12.721935
12.61564
12.832482
13.814649
13.5935545
13.376713
13.159871
13.159871
12.726187
12.832482
12.181956
13.48726
12.943029
12.726187
13.159871
12.61564
12.832482
12.398798
13.376713
12.177704
12.505093
12.726187
11.960861
13.376713
13.704102
14.031491
13.376713
12.721935
11.7440195
12.509345
12.398798
12.943029
12.61564
11.854567
12.726187
13.159871
13.159871
13.270417
12.943029
12.288251
13.266166
12.943029
13.376713
13.266166
13.049324
12.509345
13.270417
12.288251
13.159871
12.943029
12.943029
12.177704
13.159871
12.181956
13.270417
11.854567
12.832482
12.075661
12.726187
12.288251
12.398798
11.854567
12.61564
12.832482
12.071408
11.7440195
12.61564
13.159871
12.943029
13.270417
12.288251
11.858818
13.164123
12.832482
12.181956
12.398798
12.288251
11.637725
12.509345
12.071408
12.177704
12.943029
12.292503
13.48726
12.071408
11.854567
12.619891
12.509345
11.420882
12.836734
12.619891
12.403049
11.965114
12.071408
12.61564
11.965114
12.726187
12.832482
11.310335
11.748272
12.288251
12.943029
12.398798
12.836734
12.181956
12.071408
11.420882
11.858818
11.858818
12.730438
12.726187
11.854567
12.288251
11.420882
11.637725
12.403049
13.164123
12.943029
12.403049
12.403049
11.854567
11.527178
12.726187
11.854567
11.637725
12.398798
11.965114
13.270417
12.292503
11.965114
11.965114
12.398798
12.181956
12.292503
11.854567
12.071408
12.509345
11.858818
12.075661
11.748272
12.181956
12.398798
11.960861
13.164123
12.292503
11.965114
11.858818
12.075661
13.053576
12.398798
12.509345
12.619891
11.7440195
11.310335
12.513597
12.509345
11.748272
11.748272
11.641976
12.619891
12.726187
11.965114
11.531429
12.292503
11.969365
12.619891
11.965114
12.181956
12.186207
12.398798
11.637725
11.748272
11.858818
12.726187
11.310335
12.840985
11.965114
12.509345
10.982946
11.637725
13.053576
12.726187
12.509345
11.965114
12.509345
11.420882
11.420882
12.292503
12.726187
10.766105
12.075661
12.075661
11.310335
12.075661
12.075661
11.965114
12.398798
12.181956
12.292503
12.836734
11.420882
12.836734
11.748272
12.181956
11.531429
11.641976
12.947281
11.854567
11.199788
12.726187
12.509345
12.292503
12.292503
11.420882
12.836734
12.075661
12.181956
11.637725
12.836734
11.965114
11.637725
12.181956
12.836734
12.403049
12.836734
11.310335
12.619891
13.053576
12.509345
11.420882
12.509345
12.398798
12.509345
12.181956
12.071408
11.637725
11.965114
13.053576
11.637725
12.071408
11.854567
12.509345
12.832482
13.053576
12.726187
12.726187
11.310335
12.403049
12.726187
11.420882
12.181956
11.965114
12.836734
11.854567
12.726187
13.164123
13.053576
11.527178
13.270417
13.48726
11.965114
12.181956
12.288251
13.270417
12.832482
12.726187
13.380964
12.943029
12.943029
11.965114
12.292503
12.726187
12.505093
12.726187
12.943029
12.721935
12.398798
11.527178
12.071408
12.726187
12.726187
11.854567
12.509345
12.943029
12.832482
13.159871
12.509345
12.943029
12.726187
12.181956
12.832482
13.5935545
11.7440195
13.159871
12.288251
12.398798
13.48726
13.270417
13.270417
13.48726
13.48726
11.633472
12.836734
12.726187
12.943029
13.597807
13.814649
12.2839985
14.031491
13.376713
13.159871
14.142038
13.049324
12.067157
12.61564
12.943029
11.7440195
13.270417
13.159871
13.5935545
12.61564
13.597807
12.61564
12.61564
12.61564
13.597807
13.049324
13.814649
13.920944
12.61564
13.704102
12.832482
13.704102
12.943029
13.270417
12.721935
12.288251
13.053576
13.5935545
12.505093
13.053576
12.943029
12.394546
13.704102
12.943029
12.288251
13.814649
13.164123
12.288251
11.960861
13.48726
12.288251
13.053576
13.159871
13.266166
12.832482
13.159871
12.943029
13.053576
13.483009
12.611388
12.721935
13.704102
13.270417
12.938777
12.61564
12.943029
13.376713
12.938777
13.049324
13.159871
13.814649
13.483009
12.721935
13.920944
12.832482
13.704102
12.394546
13.159871
13.920944
12.938777
13.049324
14.142038
13.483009
13.483009
13.704102
14.031491
13.266166
14.248333
13.049324
13.920944
13.155619
13.704102
13.270417
12.832482
12.2839985
13.266166
13.483009
13.814649
14.137786
12.288251
13.049324
14.465176
13.376713
13.053576
14.031491
13.266166
13.920944
14.137786
13.810397
13.920944
13.704102
12.82823
14.137786
13.69985
13.376713
13.5935545
13.48726
13.266166
13.920944
14.465176
14.2440815
13.266166
13.48726
13.814649
13.69985
13.155619
14.248333
14.248333
13.049324
12.721935
12.611388
13.049324
13.810397
13.810397
13.155619
14.465176
14.354629
13.5935545
13.704102
13.483009
12.832482
12.943029
13.810397
13.810397
13.376713
13.704102
13.814649
12.61564
12.067157
13.5935545
13.483009
14.248333
12.832482
12.832482
13.704102
14.137786
14.02724
13.483009
13.049324
13.810397
14.575723
13.155619
13.266166
14.142038
13.159871
13.266166
14.248333
14.354629
13.920944
14.792564
13.483009
12.938777
13.814649
13.372462
13.483009
13.376713
14.031491
13.049324
13.5935545
13.810397
14.2440815
14.031491
13.810397
12.832482
12.82823
13.814649
13.266166
15.226248
14.137786
12.938777
14.248333
13.810397
14.465176
13.704102
13.704102
12.721935
14.575723
13.483009
13.376713
14.248333
13.053576
13.810397
12.721935
13.704102
13.266166
13.266166
13.483009
14.248333
14.248333
13.266166
14.682017
13.5935545
14.02724
13.5935545
14.575723
14.465176
14.137786
14.2440815
13.5935545
14.031491
14.02724
13.920944
13.589303
13.483009
13.920944
14.137786
13.155619
14.682017
14.2440815
13.589303
13.69985
14.354629
14.465176
14.465176
13.69985
13.810397
14.89886
14.465176
13.810397
12.938777
14.02724
14.57147
14.137786
13.266166
13.920944
13.810397
14.02724
13.266166
13.69985
14.02724
13.5935545
13.483009
13.916693
14.57147
13.69985
13.810397
13.810397
13.704102
13.69985
13.155619
13.920944
14.465176
14.137786
13.155619
13.5935545
13.810397
14.02724
13.810397
13.920944
13.916693
13.372462
13.483009
13.916693
15.226248
13.69985
13.916693
14.02724
14.2440815
14.788313
14.137786
14.02724
13.69985
14.57147
14.137786
14.89886
14.57147
13.5935545
14.465176
14.460924
13.483009
14.133534
14.02724
14.682017
14.57147
12.500841
13.589303
14.133534
14.89886
14.788313
14.02724
13.69985
14.682017
14.02724
14.2440815
13.810397
15.009407
14.02724
13.155619
14.57147
14.354629
14.89886
14.133534
13.5935545
15.226248
13.483009
13.916693
14.57147
14.354629
14.133534
13.483009
14.354629
14.57147
13.69985
13.806146
13.810397
13.916693
14.2440815
13.916693
14.57147
13.372462
13.916693
13.810397
14.57147
14.133534
14.2440815
15.226248
14.2440815
13.916693
13.810397
14.460924
14.460924
13.695599
14.788313
15.443091
13.916693
14.460924
15.000902
14.8946085
14.677766
14.89886
14.350377
13.372462
15.332544
14.567219
13.806146
14.460924
14.354629
13.916693
14.133534
14.677766
14.57147
14.57147
14.137786
14.02724
14.133534
14.677766
14.677766
15.115701
13.69985
13.810397
13.372462
13.69985
14.788313
14.677766
13.589303
13.810397
14.133534
15.43884
13.806146
13.916693
14.350377
14.567219
13.916693
14.788313
13.916693
15.332544
14.57147
14.02724
14.133534
14.02724
13.806146
14.784061
14.022987
13.916693
14.354629
14.23983
14.23983
14.2440815
15.115701
14.460924
13.806146
14.02724
14.460924
15.332544
14.8946085
13.916693
14.57147
14.2440815
13.806146
15.115701
14.350377
14.567219
14.2440815
13.483009
14.788313
14.23983
15.11145
14.354629
14.788313
14.350377
14.137786
14.57147
14.2440815
14.677766
13.151368
14.788313
14.89886
14.567219
14.460924
14.788313
14.460924
14.350377
13.372462
13.372462
13.916693
14.8946085
15.328293
14.350377
13.916693
13.589303
14.788313
14.460924
13.806146
14.350377
13.69985
14.57147
14.89886
14.23983
14.677766
14.460924
14.460924
14.022987
13.69985
13.916693
14.788313
14.784061
14.133534
14.350377
14.89886
14.460924
14.350377
15.43884
14.788313
14.788313
14.788313
13.589303
14.460924
14.350377
14.456672
14.89886
13.806146
13.261915
15.332544
14.788313
15.332544
14.460924
14.133534
14.354629
14.2440815
14.460924
14.02724
15.115701
14.57147
14.02724
14.677766
14.460924
14.57147
15.221997
14.23983
14.682017
14.682017
13.916693
13.806146
15.876775
15.005156
14.350377
14.788313
13.69985
14.460924
14.677766
15.221997
15.221997
14.788313
14.350377
14.57147
14.57147
15.221997
14.784061
14.354629
14.788313
14.788313
13.483009
14.2440815
14.8946085
13.806146
14.460924
13.483009
13.69985
14.677766
14.02724
14.57147
14.460924
13.916693
14.788313
14.89886
14.2440815
14.02724
14.89886
14.2440815
14.682017
13.155619
15.443091
14.8946085
14.022987
14.788313
14.354629
14.460924
14.460924
13.916693
14.460924
15.332544
13.372462
14.57147
14.460924
15.005156
14.89886
15.11145
13.589303
13.916693
14.137786
13.916693
15.221997
14.23983
14.677766
14.8946085
13.372462
14.2440815
15.005156
14.2440815
15.332544
14.460924
13.806146
14.2440815
14.460924
14.788313
14.788313
14.677766
15.549385
14.02724
14.89886
14.57147
13.589303
14.354629
14.89886
14.788313
14.02724
14.354629
14.2440815
15.115701
14.2440815
14.460924
14.2440815
13.69985
14.460924
14.677766
14.57147
14.354629
13.155619
14.133534
14.2440815
13.483009
13.045072
14.788313
14.2440815
14.133534
14.2440815
14.02724
13.69985
13.916693
13.69985
13.69985
13.5935545
13.69985
15.553638
14.57147
13.916693
14.2440815
13.372462
13.916693
13.69985
13.810397
13.806146
14.022987
15.332544
14.677766
14.354629
14.2440815
14.354629
14.133534
14.354629
14.89886
13.155619
14.133534
14.354629
13.478756
14.354629
14.89886
13.372462
13.810397
14.788313
14.137786
14.137786
14.02724
14.682017
14.89886
13.69985
14.137786
13.810397
14.137786
15.115701
13.810397
14.465176
13.589303
15.009407
14.354629
13.155619
13.916693
13.155619
13.155619
13.810397
14.57147
14.133534
13.69985
14.02724
14.02724
13.155619
14.682017
14.02724
14.02724
14.2440815
13.5935545
13.589303
14.465176
14.354629
14.465176
14.02724
13.372462
14.354629
14.02724
13.810397
14.02724
13.69985
14.2440815
13.589303
14.89886
13.372462
13.261915
14.57147
13.806146
13.589303
14.354629
13.372462
14.465176
14.133534
14.354629
14.57147
13.806146
14.682017
14.02724
13.810397
14.354629
14.575723
13.916693
14.137786
13.5935545
13.69985
13.266166
13.810397
14.137786
14.89886
14.89886
14.788313
13.69985
14.682017
13.483009
12.82823
14.682017
13.920944
14.137786
14.02724
13.5935545
14.354629
13.704102
13.372462
13.376713
14.682017
13.69985
13.69985
14.682017
14.89886
14.354629
14.57147
13.266166
13.155619
13.372462
14.575723
14.682017
14.137786
14.354629
14.02724
14.465176
13.266166
13.5935545
13.5935545
14.354629
13.704102
14.248333
13.810397
13.5935545
13.920944
13.704102
14.354629
14.57147
13.704102
13.376713
13.5935545
13.5935545
13.920944
13.049324
13.704102
13.5935545
13.704102
13.376713
14.031491
13.5935545
13.049324
13.159871
13.049324
13.5935545
12.943029
13.376713
13.376713
13.5935545
12.938777
12.721935
14.248333
12.943029
14.792564
13.810397
13.810397
12.505093
13.5935545
13.704102
14.465176
13.810397
12.721935
13.376713
14.137786
12.938777
13.159871
14.248333
13.376713
13.483009
13.155619
12.505093
13.270417
13.48726
13.810397
13.704102
13.704102
13.920944
12.938777
13.266166
14.142038
13.159871
13.376713
13.266166
12.943029
13.159871
12.505093
12.288251
13.159871
13.159871
12.832482
13.814649
12.943029
13.270417
12.61564
12.292503
13.708355
13.270417
13.48726
12.943029
12.726187
13.814649
12.943029
12.943029
13.925196
13.266166
12.943029
12.505093
13.270417
12.836734
13.049324
12.726187
13.053576
13.704102
12.398798
13.164123
13.704102
13.159871
13.704102
12.398798
13.708355
12.398798
13.159871
13.380964
12.509345
13.597807
13.270417
12.943029
13.376713
13.814649
12.398798
12.398798
13.814649
12.836734
13.380964
14.031491
13.48726
12.726187
13.48726
12.181956
13.491511
13.053576
13.48726
13.270417
12.61564
13.491511
12.398798
12.288251
12.181956
13.491511
12.292503
12.726187
12.181956
11.965114
12.947281
12.509345
13.159871
11.637725
11.637725
13.597807
13.053576
13.380964
12.509345
12.61564
13.270417
12.071408
13.164123
13.164123
13.053576
12.513597
12.292503
12.832482
12.509345
13.053576
12.619891
12.292503
11.748272
12.730438
13.380964
12.943029
12.836734
13.491511
12.292503
13.597807
13.053576
12.509345
13.48726
11.854567
12.292503
13.270417
12.292503
13.053576
12.403049
12.619891
12.509345
12.071408
12.836734
12.509345
12.726187
12.181956
12.075661
11.637725
11.965114
12.619891
12.726187
13.380964
12.181956
12.730438
12.619891
12.186207
11.748272
11.858818
10.987199
12.296754
12.619891
11.748272
11.858818
11.420882
12.619891
12.619891
11.641976
12.407301
12.947281
12.292503
12.730438
11.752523
12.186207
12.075661
10.987199
12.513597
12.075661
11.965114
12.624144
12.403049
12.403049
11.641976
11.641976
13.057828
12.292503
12.186207
12.403049
11.748272
11.641976
12.509345
12.186207
11.314588
12.730438
11.752523
11.858818
12.947281
12.730438
11.969365
11.965114
12.403049
11.641976
11.641976
12.403049
12.619891
11.097745
11.858818
12.726187
12.292503
12.186207
11.208292
11.752523
11.531429
12.513597
11.752523
12.513597
11.097745
12.186207
10.880902
11.8630705
12.619891
12.513597
12.079912
11.858818
11.641976
11.318839
11.969365
11.097745
12.296754
11.531429
11.748272
11.535681
10.664061
11.752523
11.425134
11.858818
11.425134
11.208292
11.969365
11.208292
11.858818
12.513597
11.969365
12.296754
11.097745
11.752523
11.208292
12.296754
11.752523
11.097745
10.987199
11.097745
11.425134
12.181956
11.641976
12.296754
11.535681
11.965114
10.5535145
12.951532
11.748272
11.425134
11.969365
11.318839
12.079912
11.748272
11.314588
11.535681
11.641976
10.770356
12.296754
11.969365
12.513597
12.403049
11.314588
11.531429
11.097745
11.425134
11.641976
11.314588
12.513597
11.752523
11.752523
12.186207
10.664061
11.752523
12.296754
11.641976
11.097745
11.752523
11.535681
11.858818
12.186207
11.208292
10.991449
11.208292
11.752523
11.314588
12.407301
12.407301
12.407301
11.314588
10.991449
11.8630705
12.624144
10.987199
12.624144
11.425134
12.079912
11.858818
12.079912
11.8630705
11.425134
11.204041
11.969365
11.535681
12.186207
11.641976
12.407301
12.624144
12.075661
10.659809
12.296754
11.969365
11.858818
12.513597
11.641976
11.858818
12.186207
11.752523
11.208292
11.535681
11.641976
11.531429
11.425134
11.752523
11.208292
12.513597
12.079912
11.969365
11.531429
12.730438
11.969365
11.969365
11.318839
12.296754
12.513597
12.190459
12.186207
11.208292
11.858818
10.5535145
11.208292
11.641976
11.969365
11.752523
11.752523
11.097745
11.208292
12.517848
11.425134
11.097745
11.969365
11.318839
12.296754
11.097745
11.425134
12.079912
10.774608
11.101996
12.296754
12.079912
12.951532
11.8630705
12.407301
11.752523
11.535681
11.641976
11.531429
11.641976
11.641976
11.973618
11.973618
12.079912
12.079912
12.186207
11.531429
11.641976
11.314588
10.991449
11.535681
12.186207
11.641976
12.079912
10.664061
11.318839
10.991449
10.664061
12.407301
12.186207
11.535681
12.186207
12.403049
11.641976
10.659809
10.5535145
11.8630705
11.425134
11.8630705
10.880902
11.097745
11.208292
12.403049
10.987199
11.318839
11.8630705
11.8630705
11.752523
10.336672
11.646228
11.097745
11.535681
11.535681
11.097745
12.840985
11.314588
10.991449
10.991449
11.097745
10.885155
11.973618
12.296754
10.991449
11.858818
11.641976
11.425134
11.208292
11.2125435
10.664061
11.208292
11.101996
12.186207
10.5535145
11.429386
11.858818
11.208292
11.318839
12.296754
11.097745
11.535681
11.208292
10.991449
11.8630705
11.101996
10.880902
11.097745
11.318839
11.425134
10.991449
12.190459
11.752523
11.641976
11.318839
11.535681
11.969365
10.991449
10.447219
11.208292
10.770356
11.535681
11.314588
11.969365
11.969365
10.664061
11.208292
10.664061
11.8630705
11.641976
11.858818
11.641976
10.880902
11.318839
11.097745
10.5535145
11.101996
11.318839
11.097745
12.624144
11.535681
12.079912
11.208292
11.535681
10.885155
10.880902
11.646228
11.535681
11.208292
10.336672
11.646228
11.535681
10.880902
10.5535145
11.8630705
12.624144
11.641976
11.752523
11.097745
11.208292
11.752523
11.425134
10.880902
11.969365
11.318839
10.5535145
11.8630705
11.208292
12.407301
11.425134
11.314588
11.425134
11.8630705
11.318839
10.880902
10.774608
11.429386
12.624144
11.208292
11.314588
10.774608
11.646228
11.641976
10.774608
12.190459
11.8630705
12.296754
12.075661
11.208292
10.664061
11.535681
10.876652
12.624144
12.186207
11.097745
11.318839
12.190459
12.190459
11.535681
10.880902
11.8630705
11.752523
11.318839
11.969365
11.535681
12.079912
11.101996
11.646228
11.535681
10.885155
11.429386
11.318839
11.8630705
11.752523
10.991449
12.190459
11.531429
10.991449
11.752523
12.513597
11.208292
10.880902
10.991449
11.969365
12.079912
11.318839
11.969365
11.425134
11.208292
11.318839
11.752523
11.318839
11.641976
12.079912
12.951532
11.752523
11.314588
11.097745
11.535681
12.513597
12.730438
11.314588
11.969365
11.425134
11.752523
12.186207
11.425134
12.190459
11.425134
11.641976
11.641976
11.425134
12.079912
12.296754
12.296754
11.425134
11.641976
12.624144
11.858818
11.969365
11.208292
11.425134
11.318839
11.752523
11.858818
11.969365
12.079912
12.624144
11.425134
11.752523
12.734691
11.752523
10.880902
11.425134
11.101996
11.752523
12.186207
11.314588
11.318839
10.664061
11.646228
11.314588
10.5535145
11.208292
12.190459
12.079912
12.407301
11.969365
12.186207
12.513597
11.535681
12.075661
11.425134
10.987199
11.752523
11.318839
12.407301
11.097745
12.075661
12.513597
11.208292
11.969365
10.987199
11.752523
12.296754
11.531429
11.858818
12.079912
11.969365
11.8630705
12.513597
10.774608
11.318839
11.969365
11.858818
12.296754
12.407301
11.208292
11.752523
11.969365
11.969365
11.641976
11.8630705
12.079912
12.296754
11.314588
11.208292
11.535681
11.973618
12.624144
12.403049
11.752523
13.168375
11.752523
11.752523
11.208292
10.770356
12.517848
11.969365
11.641976
11.097745
11.535681
11.535681
11.8630705
11.097745
11.8630705
11.535681
12.734691
11.641976
10.987199
11.208292
12.296754
11.097745
12.407301
10.991449
11.8630705
11.535681
11.969365
11.752523
11.752523
12.186207
10.991449
12.079912
12.079912
11.858818
11.425134
11.535681
11.646228
11.425134
10.987199
11.101996
11.535681
11.097745
12.407301
11.101996
11.8630705
11.535681
12.186207
11.752523
11.8630705
12.186207
11.969365
12.296754
11.425134
12.513597
11.8630705
10.991449
11.646228
11.535681
11.752523
12.186207
11.969365
11.8630705
12.296754
11.641976
12.186207
11.8630705
11.8630705
11.425134
11.314588
12.190459
12.296754
12.296754
11.969365
10.880902
12.079912
11.646228
11.425134
11.8630705
12.296754
12.513597
12.403049
12.186207
12.296754
12.403049
10.991449
12.079912
12.403049
11.8630705
11.969365
11.646228
11.208292
11.858818
11.641976
12.190459
12.296754
11.969365
12.403049
11.535681
12.624144
12.947281
12.403049
13.057828
11.641976
12.186207
12.079912
11.314588
11.8630705
11.318839
12.513597
12.403049
11.531429
11.969365
12.079912
11.969365
11.204041
11.641976
12.296754
12.075661
11.858818
11.641976
11.8630705
12.624144
11.969365
12.624144
11.535681
12.624144
12.296754
11.641976
11.858818
12.513597
11.969365
12.513597
11.752523
11.535681
11.969365
12.513597
13.057828
12.624144
11.097745
12.513597
12.190459
12.296754
11.752523
12.075661
12.840985
12.513597
11.858818
12.513597
10.880902
11.097745
11.646228
12.403049
11.752523
12.079912
12.513597
11.752523
11.969365
11.531429
11.641976
11.535681
12.296754
11.425134
12.730438
12.407301
11.969365
12.840985
11.969365
10.880902
11.8630705
11.969365
11.535681
12.186207
12.296754
11.752523
11.097745
11.535681
11.646228
12.296754
11.425134
11.425134
12.513597
11.641976
10.987199
10.880902
12.734691
12.513597
12.624144
11.858818
11.969365
12.186207
12.296754
12.296754
11.858818
12.730438
12.403049
11.314588
12.296754
11.969365
11.858818
12.403049
11.8630705
12.513597
12.296754
11.093493
11.646228
12.513597
12.730438
12.836734
11.314588
12.079912
12.513597
11.858818
12.624144
12.186207
11.858818
12.947281
12.730438
11.425134
12.513597
11.208292
11.314588
11.641976
12.624144
12.513597
11.748272
11.969365
11.969365
11.752523
11.535681
11.097745
11.641976
11.858818
11.969365
11.531429
11.969365
11.097745
11.969365
11.425134
11.097745
13.057828
12.186207
11.969365
12.624144
12.513597
11.208292
11.8630705
11.641976
11.752523
12.186207
12.730438
11.641976
12.403049
12.186207
11.8630705
12.513597
12.619891
12.624144
12.079912
12.296754
11.318839
12.951532
12.292503
11.969365
11.531429
12.619891
12.186207
12.292503
12.513597
11.425134
11.858818
12.186207
11.969365
11.969365
11.858818
11.969365
12.951532
12.186207
12.186207
12.513597
12.947281
11.204041
11.969365
11.531429
11.752523
12.079912
12.619891
12.186207
12.186207
11.858818
10.987199
11.535681
12.075661
11.425134
12.079912
12.513597
12.403049
12.186207
11.097745
11.425134
11.208292
12.186207
11.641976
12.296754
11.425134
12.624144
12.403049
10.991449
12.624144
11.208292
12.079912
11.314588
12.296754
11.858818
12.296754
11.752523
12.513597
12.403049
12.186207
11.969365
11.641976
12.624144
11.531429
11.425134
12.296754
11.752523
12.079912
12.075661
11.969365
11.101996
10.880902
11.535681
12.403049
12.403049
11.425134
11.425134
12.407301
11.752523
11.858818
11.097745
12.079912
12.840985
11.748272
11.641976
11.858818
11.535681
11.531429
11.858818
11.425134
11.425134
12.079912
12.079912
11.641976
11.425134
11.097745
11.858818
11.318839
12.079912
11.752523
11.969365
12.840985
11.641976
11.858818
11.646228
12.186207
10.880902
11.8630705
11.8630705
11.641976
11.425134
10.770356
11.208292
12.624144
11.097745
12.296754
10.664061
11.535681
11.314588
12.079912
12.296754
10.664061
11.535681
11.969365
10.774608
11.646228
11.752523
11.752523
11.097745
11.429386
10.991449
11.318839
11.752523
10.774608
11.752523
11.535681
11.969365
10.880902
11.425134
11.752523
11.641976
11.314588
10.880902
11.756775
10.774608
11.535681
11.318839
11.646228
12.517848
12.407301
10.991449
10.447219
10.880902
11.8630705
11.8630705
11.752523
12.079912
10.991449
11.646228
11.314588
10.664061
10.885155
11.8630705
11.969365
11.425134
11.752523
12.190459
11.429386
11.535681
11.208292
10.447219
11.429386
11.752523
10.336672
12.190459
11.535681
12.079912
11.208292
10.447219
11.646228
10.991449
11.425134
12.190459
10.770356
10.774608
11.969365
10.557766
11.314588
11.208292
11.429386
11.539933
12.079912
11.8630705
11.535681
11.535681
11.535681
11.973618
11.8630705
11.969365
11.535681
10.230376
10.991449
10.880902
11.8630705
11.535681
11.973618
11.535681
11.969365
11.318839
10.664061
11.973618
11.973618
10.991449
11.641976
10.664061
11.973618
12.190459
10.991449
10.336672
11.756775
11.101996
11.425134
11.752523
12.190459
11.8630705
10.774608
11.8630705
11.2125435
11.646228
11.535681
10.664061
10.991449
10.880902
12.079912
10.991449
11.208292
11.2125435
11.2125435
10.880902
11.641976
11.208292
11.101996
11.323091
11.208292
10.991449
11.318839
11.973618
11.318839
11.535681
10.991449
10.885155
11.101996
10.885155
11.318839
11.429386
11.646228
10.880902
10.447219
11.101996
10.885155
10.664061
10.885155
11.318839
10.991449
10.664061
10.995702
11.646228
10.664061
10.885155
10.557766
11.8630705
10.885155
10.885155
11.646228
11.535681
10.447219
10.230376
11.8630705
11.318839
11.318839
12.190459
11.208292
11.2125435
11.429386
11.973618
11.646228
12.084165
10.230376
10.668313
11.101996
11.646228
11.752523
11.535681
10.668313
11.535681
10.557766
10.557766
11.429386
11.101996
12.084165
11.101996
10.774608
11.429386
10.124082
10.668313
10.885155
10.230376
11.2125435
10.991449
10.880902
11.425134
11.646228
11.429386
11.101996
11.318839
10.995702
10.885155
10.991449
11.535681
11.429386
10.885155
10.336672
11.101996
11.429386
11.646228
11.101996
10.885155
10.557766
10.885155
11.8630705
9.9029875
11.973618
10.774608
11.425134
10.991449
10.557766
10.668313
11.535681
10.770356
11.646228
11.101996
10.774608
11.646228
11.101996
11.646228
10.336672
10.668313
10.774608
11.973618
11.756775
11.752523
12.079912
11.208292
11.429386
11.429386
10.230376
11.101996
11.429386
10.668313
11.318839
10.447219
11.318839
11.425134
9.9029875
10.668313
10.885155
10.557766
10.991449
10.664061
11.2125435
11.646228
10.557766
11.429386
11.646228
10.774608
11.2125435
11.2125435
11.646228
10.664061
10.5535145
11.756775
10.668313
11.429386
10.774608
11.208292
10.991449
10.119829
10.995702
11.2125435
11.318839
10.447219
10.885155
11.323091
11.535681
10.557766
10.230376
10.340923
11.323091
11.646228
10.119829
10.668313
10.995702
11.101996
11.646228
10.230376
10.340923
10.774608
11.2125435
10.774608
10.013535
11.867322
10.885155
10.991449
10.013535
11.2125435
11.323091
10.668313
9.686145
10.774608
10.774608
11.8630705
10.774608
10.885155
10.340923
10.557766
11.2125435
10.668313
10.664061
11.318839
11.318839
10.668313
10.774608
10.124082
11.2125435
10.77886
11.101996
10.774608
11.756775
11.2125435
10.991449
11.318839
10.668313
10.991449
11.429386
10.77886
12.301006
10.991449
10.668313
10.77886
10.774608
10.447219
11.756775
11.318839
11.646228
10.340923
10.230376
11.101996
9.9029875
10.45147
10.668313
10.885155
10.340923
10.995702
11.429386
10.557766
10.340923
11.756775
11.2125435
11.323091
11.101996
11.539933
11.2125435
10.774608
11.323091
10.774608
10.774608
10.340923
10.013535
10.124082
11.318839
10.557766
10.557766
10.991449
10.340923
10.340923
11.756775
10.013535
11.756775
10.230376
10.885155
11.323091
11.101996
10.880902
10.995702
10.991449
10.991449
11.318839
10.447219
11.756775
11.535681
11.318839
10.557766
11.646228
10.885155
9.9029875
11.539933
10.668313
10.336672
11.101996
11.101996
10.774608
10.668313
10.885155
11.318839
11.646228
10.664061
10.664061
11.318839
10.013535
11.756775
11.535681
11.646228
11.535681
11.646228
10.557766
11.535681
11.429386
11.756775
10.885155
11.752523
11.752523
11.101996
11.756775
11.429386
11.425134
10.557766
11.973618
11.2125435
11.756775
10.557766
11.535681
11.535681
10.885155
10.557766
10.885155
10.447219
10.668313
10.230376
11.535681
10.995702
11.535681
9.9029875
10.230376
10.668313
11.2125435
10.774608
11.429386
10.885155
11.429386
11.101996
11.646228
10.774608
11.2125435
11.318839
10.995702
11.318839
10.995702
10.991449
11.2125435
10.885155
11.752523
11.208292
10.447219
11.646228
10.774608
10.557766
10.668313
10.447219
10.885155
11.535681
10.340923
11.429386
10.557766
10.991449
11.208292
10.880902
10.340923
10.885155
11.756775
10.885155
11.318839
10.230376
10.557766
11.756775
10.774608
10.668313
11.101996
11.101996
11.535681
10.230376
11.318839
10.668313
10.995702
11.318839
11.101996
10.885155
10.557766
11.756775
11.208292
10.557766
10.995702
11.429386
11.429386
10.447219
10.557766
10.340923
10.77886
11.101996
10.774608
11.101996
10.995702
11.756775
11.318839
12.190459
10.668313
11.646228
11.646228
10.885155
11.539933
11.646228
10.991449
10.774608
11.429386
10.774608
11.318839
10.774608
10.447219
11.756775
12.084165
11.8630705
11.65048
11.2125435
11.8630705
11.535681
10.230376
10.557766
11.65048
11.539933
10.340923
11.2125435
11.535681
11.101996
11.867322
10.991449
10.340923
11.756775
10.995702
10.340923
10.557766
10.557766
11.973618
11.646228
10.991449
11.429386
10.885155
11.646228
10.557766
11.429386
11.535681
10.340923
11.2125435
10.774608
10.340923
11.539933
11.101996
10.447219
10.45147
11.646228
11.318839
11.318839
10.124082
11.65048
11.2125435
10.447219
11.429386
11.323091
10.340923
10.5535145
10.447219
11.429386
10.885155
10.668313
10.774608
9.792441
10.557766
10.774608
10.774608
10.557766
10.557766
10.995702
10.557766
11.646228
10.230376
11.2125435
11.867322
11.101996
10.013535
11.429386
10.557766
10.230376
10.774608
10.885155
11.973618
11.646228
10.995702
10.885155
11.429386
10.447219
11.2125435
10.885155
12.301006
10.557766
10.557766
11.2125435
10.995702
10.557766
10.668313
11.756775
11.646228
11.429386
11.429386
11.646228
10.885155
10.885155
10.124082
11.2125435
11.429386
11.2125435
11.429386
10.774608
11.756775
11.539933
11.429386
10.885155
11.101996
10.995702
11.318839
11.318839
11.101996
10.77886
11.429386
11.429386
11.65048
11.429386
10.557766
10.885155
11.101996
10.340923
10.664061
10.557766
11.756775
9.9029875
10.885155
10.340923
10.557766
11.429386
11.101996
11.539933
10.668313
10.991449
10.774608
10.013535
11.433638
11.101996
9.796692
10.668313
10.45147
10.668313
11.208292
9.796692
11.2125435
10.77886
10.124082
10.995702
10.124082
10.774608
10.77886
11.106249
10.995702
10.124082
10.774608
10.557766
10.77886
10.013535
10.013535
10.668313
10.995702
11.433638
11.539933
10.124082
10.557766
10.45147
11.2125435
11.101996
10.885155
10.889407
11.106249
10.77886
10.668313
11.106249
9.57985
10.013535
10.885155
10.45147
10.340923
10.45147
11.101996
10.77886
10.995702
10.885155
9.686145
10.340923
10.77886
11.2125435
11.2125435
9.796692
9.907239
10.45147
10.124082
11.106249
11.106249
10.668313
10.45147
10.017787
10.889407
10.45147
10.557766
10.017787
9.907239
10.455723
10.77886
10.124082
10.562017
10.234629
10.124082
10.885155
10.557766
10.77886
10.345176
11.106249
10.234629
10.77886
10.45147
10.017787
10.562017
10.77886
10.45147
10.557766
9.690397
10.562017
10.345176
10.124082
10.668313
10.234629
11.216796
10.668313
10.017787
10.562017
10.017787
10.45147
10.340923
10.124082
10.017787
9.907239
10.124082
10.340923
9.584103
10.234629
10.234629
10.562017
10.562017
9.796692
10.340923
10.562017
10.017787
10.455723
9.796692
9.800944
9.907239
10.668313
9.690397
10.562017
10.017787
9.690397
9.469303
9.57985
10.77886
10.124082
10.345176
9.3630085
10.234629
10.77886
10.562017
9.911491
10.234629
9.473556
10.889407
9.796692
9.907239
11.106249
10.562017
10.340923
9.907239
10.345176
10.995702
9.907239
9.690397
9.800944
10.017787
10.557766
9.690397
10.017787
10.234629
10.77886
10.234629
10.562017
10.017787
9.690397
10.124082
9.3630085
9.690397
10.017787
10.45147
10.668313
9.473556
10.889407
9.907239
10.234629
9.800944
9.3630085
9.690397
10.017787
10.124082
9.252461
10.124082
10.889407
10.234629
10.562017
10.124082
10.017787
10.45147
10.45147
9.690397
9.473556
9.907239
10.013535
9.473556
10.128334
10.995702
10.234629
10.889407
10.45147
9.690397
9.690397
10.562017
10.124082
9.690397
10.889407
10.77886
10.562017
9.473556
9.3630085
9.57985
9.469303
10.668313
10.77886
11.106249
9.3630085
10.345176
10.557766
9.907239
10.889407
9.907239
9.252461
10.128334
10.234629
10.340923
11.106249
10.995702
10.995702
9.469303
10.77886
9.796692
9.907239
10.345176
10.013535
10.45147
11.539933
10.557766
10.340923
10.124082
10.77886
10.234629
10.562017
9.690397
9.907239
10.340923
10.234629
10.889407
11.2125435
11.2125435
10.885155
10.45147
10.013535
9.690397
10.345176
10.234629
10.45147
10.77886
9.907239
9.57985
11.323091
10.562017
10.340923
11.106249
10.562017
10.230376
10.013535
10.124082
9.907239
11.106249
10.885155
9.907239
10.562017
10.340923
9.469303
10.234629
10.45147
10.885155
11.106249
11.106249
10.45147
10.124082
10.995702
10.340923
10.230376
10.013535
10.234629
9.686145
9.57985
10.885155
10.447219
10.45147
10.234629
10.885155
9.796692
10.340923
10.119829
9.57985
10.345176
10.885155
10.45147
10.234629
10.124082
10.557766
10.45147
10.45147
10.77886
10.340923
10.774608
10.557766
10.234629
9.796692
10.234629
10.995702
10.340923
11.101996
10.889407
10.774608
10.557766
10.668313
11.756775
9.686145
11.323091
10.234629
10.230376
10.124082
9.690397
11.106249
10.668313
10.124082
10.447219
10.77886
11.2125435
10.995702
9.686145
9.796692
9.690397
10.668313
10.668313
9.796692
11.101996
9.469303
11.106249
10.991449
11.101996
10.340923
9.690397
10.340923
10.340923
10.124082
10.668313
10.668313
10.995702
10.668313
10.885155
10.668313
10.557766
11.2125435
10.234629
10.668313
10.230376
10.230376
10.885155
10.013535
10.995702
10.557766
9.686145
9.796692
10.668313
10.234629
10.124082
10.77886
10.991449
10.668313
10.995702
11.429386
10.340923
10.885155
10.340923
10.885155
11.539933
9.796692
10.45147
9.907239
9.800944
10.234629
10.77886
10.557766
11.318839
10.557766
10.885155
10.668313
11.756775
10.885155
10.340923
10.340923
10.774608
10.447219
10.340923
10.995702
11.65048
9.575599
10.885155
11.756775
10.995702
9.9029875
10.557766
9.796692
10.340923
11.2125435
10.340923
10.557766
10.557766
11.867322
10.557766
10.668313
10.124082
10.013535
10.885155
11.101996
10.668313
11.318839
10.230376
11.2125435
10.668313
10.668313
10.995702
11.101996
11.101996
11.323091
10.774608
10.124082
10.77886
11.429386
10.668313
10.774608
10.340923
10.668313
10.447219
10.013535
9.907239
10.124082
10.557766
11.429386
9.907239
10.995702
10.774608
10.557766
9.796692
10.557766
11.101996
10.230376
10.885155
10.119829
10.557766
10.124082
10.668313
10.885155
9.796692
11.323091
10.668313
10.013535
10.013535
10.995702
10.668313
11.318839
10.885155
11.323091
10.340923
10.774608
10.774608
10.995702
10.668313
10.013535
10.668313
10.885155
11.318839
9.686145
11.646228
10.774608
10.557766
10.991449
10.013535
10.995702
10.340923
10.774608
10.991449
10.562017
10.124082
10.77886
11.101996
10.340923
11.539933
10.774608
10.774608
10.234629
10.557766
10.340923
10.45147
10.124082
10.340923
10.77886
10.124082
9.796692
9.796692
10.77886
11.2125435
10.447219
10.774608
10.45147
10.230376
9.9029875
9.907239
10.124082
10.124082
10.234629
10.668313
10.234629
11.2125435
10.124082
10.340923
10.124082
10.995702
10.885155
10.340923
10.557766
10.124082
10.124082
10.557766
9.575599
9.796692
10.124082
10.885155
10.557766
9.690397
10.562017
10.340923
8.925072
10.234629
10.889407
10.995702
10.340923
9.796692
10.234629
11.429386
10.017787
10.668313
10.995702
9.796692
10.562017
10.124082
10.234629
9.690397
9.473556
10.77886
10.340923
10.340923
10.562017
10.124082
10.124082
10.340923
9.690397
9.690397
10.45147
10.340923
10.77886
9.57985
10.017787
9.469303
9.252461
10.562017
9.907239
10.124082
10.124082
10.340923
10.562017
10.234629
10.234629
10.668313
10.889407
9.907239
9.907239
10.668313
10.562017
10.124082
10.45147
10.340923
11.106249
10.013535
10.45147
9.358756
10.234629
10.234629
9.3630085
10.124082
10.23888
9.57985
9.57985
10.013535
10.234629
9.796692
10.234629
10.668313
9.907239
9.907239
10.124082
10.345176
10.345176
10.234629
9.907239
9.907239
11.106249
10.77886
9.469303
9.690397
10.234629
10.668313
10.774608
9.907239
10.234629
9.907239
9.907239
9.800944
10.345176
9.690397
10.234629
9.800944
9.796692
10.995702
9.473556
11.106249
10.77886
10.45147
10.77886
11.106249
10.995702
10.77886
9.035619
10.889407
10.234629
9.690397
9.57985
9.800944
10.128334
10.562017
10.345176
10.234629
9.796692
10.017787
10.234629
9.800944
10.017787
9.690397
9.911491
10.017787
10.234629
11.2125435
9.252461
10.889407
10.234629
10.889407
9.907239
9.57985
10.234629
10.234629
10.45147
10.6725645
9.800944
10.455723
9.473556
9.690397
10.128334
10.128334
10.345176
10.45147
10.668313
9.800944
9.473556
10.77886
9.584103
10.999953
10.562017
9.146166
10.017787
9.473556
9.800944
10.889407
9.690397
9.584103
11.216796
10.999953
10.234629
9.690397
9.690397
9.690397
10.455723
9.800944
10.128334
10.23888
9.690397
9.146166
10.128334
9.800944
9.473556
10.562017
10.562017
10.017787
10.562017
9.473556
11.216796
10.234629
9.911491
10.345176
8.601935
9.146166
10.128334
9.473556
9.911491
9.911491
9.907239
10.345176
10.455723
10.345176
9.3630085
9.800944
10.128334
9.911491
9.256713
9.800944
9.584103
10.128334
9.36726
10.345176
9.035619
9.039871
9.477807
9.800944
10.017787
10.128334
10.45147
9.473556
10.455723
9.146166
10.23888
9.584103
9.146166
9.256713
9.039871
9.911491
8.274546
9.256713
9.800944
9.256713
9.69465
9.690397
9.911491
10.128334
10.017787
9.256713
10.128334
9.57985
9.584103
10.345176
8.929324
10.017787
9.473556
9.256713
10.017787
10.0220375
9.3630085
9.584103
10.455723
9.256713
9.36726
10.128334
10.562017
9.473556
9.584103
9.039871
9.69465
9.584103
9.584103
10.23888
9.150418
9.911491
10.017787
10.017787
9.256713
9.800944
9.256713
9.805196
9.800944
9.36726
10.017787
10.128334
9.690397
10.128334
9.36726
9.256713
9.473556
9.584103
8.929324
9.69465
10.345176
9.473556
10.345176
10.345176
9.800944
10.23888
9.911491
9.800944
9.584103
9.805196
10.128334
10.0220375
9.039871
9.256713
9.911491
8.929324
10.455723
9.36726
10.999953
10.345176
9.911491
10.128334
10.23888
9.36726
9.911491
10.566269
9.800944
9.039871
9.36726
9.584103
9.911491
9.146166
10.455723
10.128334
9.36726
10.128334
10.455723
9.039871
9.36726
9.36726
10.128334
9.911491
10.0220375
10.132585
9.473556
9.800944
9.69465
9.584103
9.584103
9.911491
10.349427
10.783112
9.584103
9.039871
10.23888
10.128334
9.911491
10.23888
8.929324
10.23888
9.911491
8.929324
9.69465
10.455723
9.588354
10.128334
8.8230295
10.23888
9.911491
9.69465
9.473556
10.23888
9.36726
10.23888
10.0220375
9.69465
10.455723
9.911491
9.69465
9.69465
9.256713
9.477807
10.783112
9.69465
10.0220375
9.256713
10.0220375
10.23888
9.039871
10.0220375
9.69465
9.039871
9.805196
9.800944
10.0220375
9.150418
9.150418
10.566269
10.017787
9.69465
9.911491
9.256713
9.69465
9.256713
10.23888
9.69465
9.584103
10.132585
10.566269
8.712482
9.805196
9.69465
9.473556
9.911491
9.477807
9.477807
10.0220375
9.588354
9.911491
9.039871
9.911491
10.783112
9.150418
9.256713
10.0220375
9.805196
9.69465
10.132585
9.69465
9.477807
9.36726
9.477807
10.676816
9.36726
8.8230295
9.69465
9.044123
9.800944
10.23888
9.150418
10.128334
10.455723
8.712482
10.455723
9.371511
9.584103
9.69465
8.933577
9.805196
9.69465
10.23888
9.584103
9.805196
10.349427
10.23888
10.132585
9.584103
10.349427
9.477807
10.23888
9.36726
9.039871
10.893659
9.150418
9.36726
10.132585
9.805196
9.915743
9.69465
10.23888
9.911491
9.805196
9.805196
10.23888
9.805196
10.132585
10.566269
8.8230295
9.69465
10.23888
10.128334
9.477807
9.69465
10.0220375
9.477807
10.0220375
10.0220375
10.893659
9.477807
10.0220375
10.0220375
9.150418
10.0220375
9.477807
9.039871
10.0220375
9.805196
9.69465
9.584103
9.260964
9.588354
9.915743
9.36726
10.349427
9.15467
10.0220375
9.584103
9.371511
9.69465
9.911491
9.477807
9.371511
9.915743
9.150418
10.0220375
9.588354
9.477807
9.584103
9.805196
10.243132
9.477807
8.606187
9.698901
8.933577
10.23888
9.36726
8.716734
9.477807
9.260964
8.606187
10.132585
9.477807
9.260964
9.805196
8.82728
10.676816
9.150418
9.371511
10.570521
9.044123
9.477807
10.132585
8.716734
9.371511
9.260964
9.260964
10.676816
10.349427
9.69465
9.150418
9.69465
9.044123
10.349427
10.0220375
10.349427
9.477807
9.150418
10.132585
10.23888
8.606187
9.69465
9.260964
9.371511
9.150418
8.937827
9.482059
10.132585
9.044123
10.02629
9.044123
9.805196
9.371511
9.915743
9.915743
9.150418
9.044123
8.933577
9.698901
9.805196
8.716734
9.805196
8.82728
9.482059
9.260964
9.371511
9.698901
9.15467
10.132585
8.610438
9.044123
9.371511
9.477807
8.82728
9.698901
9.482059
9.260964
10.0220375
8.499891
10.243132
9.915743
8.606187
9.260964
9.260964
10.132585
10.132585
8.499891
10.243132
8.933577
8.499891
10.02629
8.1725025
9.15467
9.588354
8.82728
8.82728
8.937827
9.588354
8.606187
9.044123
9.371511
10.23888
9.371511
8.716734
9.371511
10.132585
10.349427
9.260964
10.787363
8.933577
9.69465
9.044123
8.720985
9.482059
8.933577
8.933577
9.371511
9.044123
9.371511
8.610438
8.82728
9.15467
9.588354
8.716734
10.353679
9.588354
8.82728
9.588354
9.044123
9.698901
10.243132
9.698901
9.371511
10.459974
9.044123
9.044123
8.937827
8.393597
9.915743
9.15467
8.393597
8.937827
9.482059
8.066207
9.158921
8.937827
9.698901
8.82728
9.371511
8.82728
9.588354
9.044123
9.150418
9.15467
8.610438
9.371511
9.805196
8.610438
9.482059
9.698901
9.044123
9.15467
8.716734
9.371511
8.82728
8.393597
9.044123
9.809448
9.482059
9.371511
8.610438
9.809448
9.915743
9.044123
8.610438
10.464226
9.260964
9.044123
9.265217
9.15467
8.82728
8.499891
8.82728
9.698901
9.371511
8.1725025
9.044123
9.371511
9.371511
9.809448
9.588354
7.8451138
9.371511
8.28305
8.82728
9.15467
9.158921
9.482059
8.066207
9.265217
8.82728
9.265217
9.048374
8.499891
8.614691
9.698901
9.588354
9.592606
8.82728
8.720985
8.82728
8.066207
9.048374
9.588354
8.937827
9.265217
8.610438
8.393597
9.048374
8.720985
9.371511
8.720985
8.720985
7.9599123
8.610438
9.265217
8.720985
8.610438
9.048374
9.048374
9.809448
9.482059
8.82728
8.610438
9.592606
8.937827
8.176754
8.937827
8.82728
8.8315325
8.8315325
9.265217
8.610438
8.720985
8.393597
8.393597
9.158921
9.15467
8.070459
8.287301
8.176754
8.720985
8.82728
7.9599123
9.048374
8.28305
8.8315325
9.482059
7.849365
9.482059
8.8315325
8.8315325
8.610438
8.504144
8.937827
8.066207
8.82728
8.287301
8.287301
8.176754
9.048374
9.375764
8.720985
9.048374
8.614691
8.393597
7.9599123
8.614691
8.8315325
8.287301
8.614691
9.265217
7.9599123
8.287301
7.738818
9.375764
9.265217
7.955661
9.048374
8.176754
8.504144
8.287301
8.614691
8.614691
7.632523
8.94208
8.393597
7.9599123
9.048374
8.504144
8.720985
8.504144
8.614691
8.94208
8.614691
8.614691
7.9599123
8.614691
8.176754
8.287301
8.397848
8.070459
8.720985
8.176754
8.8315325
8.287301
7.849365
8.397848
8.720985
8.397848
8.176754
9.269468
8.720985
8.070459
7.853617
7.9599123
9.486311
8.720985
7.415681
8.397848
8.070459
7.853617
7.415681
7.853617
8.287301
8.397848
7.849365
8.287301
8.181006
8.070459
7.636775
8.397848
8.8315325
7.415681
7.9599123
7.74307
8.614691
8.504144
7.415681
8.397848
8.181006
8.397848
8.504144
7.9599123
8.287301
8.8315325
8.94208
8.614691
7.853617
7.9641643
7.74307
8.614691
8.070459
7.636775
8.181006
8.94208
8.070459
7.74307
8.070459
9.163173
7.74307
8.614691
7.853617
6.765155
7.526228
7.853617
7.636775
8.287301
7.636775
8.725238
7.9599123
7.526228
8.287301
7.526228
8.94208
8.614691
6.981997
7.526228
8.070459
8.94208
8.070459
8.176754
8.725238
7.9641643
8.397848
8.287301
7.309386
8.508395
7.636775
8.070459
7.526228
7.092544
8.074712
7.526228
7.1988387
7.9599123
8.397848
8.4021
8.614691
8.287301
8.614691
7.9599123
8.070459
7.526228
7.853617
7.526228
7.74307
7.853617
7.853617
8.070459
7.74307
7.5304804
7.636775
8.397848
8.070459
7.092544
7.9641643
7.636775
7.9641643
6.654608
7.203091
7.747322
7.309386
7.636775
7.092544
7.419933
6.4377656
7.9641643
7.636775
7.9641643
8.070459
7.747322
8.2915535
8.181006
7.853617
7.092544
7.092544
8.725238
7.092544
7.092544
7.636775
8.397848
6.654608
7.857869
7.636775
8.070459
7.853617
7.636775
7.419933
7.419933
6.5483127
7.853617
7.9641643
8.508395
8.508395
6.986249
7.313638
7.5304804
7.309386
7.203091
7.092544
7.5304804
7.636775
7.526228
7.747322
7.203091
7.419933
7.092544
7.419933
7.747322
6.875702
7.636775
7.636775
7.419933
7.313638
6.981997
6.6588597
6.765155
6.875702
7.203091
7.309386
7.747322
7.526228
7.419933
7.419933
7.092544
7.9641643
6.875702
8.074712
7.857869
7.309386
7.092544
7.636775
8.074712
7.5304804
8.181006
6.986249
8.074712
7.419933
7.419933
7.096796
7.5304804
6.986249
6.981997
7.5304804
7.747322
7.313638
7.419933
7.5304804
7.203091
7.747322
7.9684157
7.636775
7.857869
8.074712
7.419933
7.203091
7.6410265
7.5304804
6.986249
6.875702
7.747322
8.2915535
6.986249
7.5304804
7.092544
7.747322
7.203091
7.313638
8.074712
8.508395
6.6588597
7.857869
7.092544
6.986249
7.313638
7.747322
7.5304804
6.6588597
7.5304804
7.203091
8.2915535
7.857869
8.181006
7.203091
7.203091
7.5304804
7.747322
7.5304804
8.185258
7.526228
6.114629
7.419933
8.074712
7.419933
7.5304804
7.5304804
6.6588597
8.185258
7.6410265
7.203091
7.419933
7.313638
7.203091
7.747322
6.6588597
8.185258
7.096796
6.5483127
7.857869
7.747322
7.203091
8.185258
7.5304804
7.747322
6.875702
7.313638
7.313638
6.6588597
7.313638
7.5304804
6.769407
6.875702
7.313638
6.875702
6.3314705
7.857869
7.313638
6.986249
7.203091
7.203091
6.986249
7.313638
6.986249
7.313638
7.6410265
6.875702
7.857869
7.9684157
7.203091
6.4420176
7.747322
6.986249
6.769407
7.5304804
7.5304804
6.5525646
7.313638
6.769407
6.986249
7.313638
6.4420176
7.313638
8.4021
7.203091
7.5304804
6.986249
7.5304804
7.6410265
8.185258
7.203091
6.6588597
7.309386
7.203091
6.6588597
7.5304804
6.4420176
7.5304804
6.5525646
7.313638
7.096796
6.986249
8.295805
7.6410265
7.313638
7.6410265
7.857869
7.747322
8.074712
7.857869
7.096796
7.096796
7.857869
7.5304804
7.203091
7.092544
7.203091
7.747322
7.5304804
7.096796
7.9641643
7.5304804
7.747322
7.9684157
6.6588597
7.313638
7.4241843
6.3314705
7.857869
7.857869
6.4420176
7.5304804
7.203091
7.6410265
6.986249
7.857869
7.4241843
7.5304804
7.5304804
8.4021
6.6588597
7.747322
7.9684157
6.986249
7.313638
7.857869
7.857869
6.3314705
8.4021
8.074712
6.769407
7.6410265
7.747322
7.203091
7.6410265
7.857869
7.9684157
7.313638
7.313638
7.313638
7.747322
7.9684157
6.769407
7.6410265
7.419933
7.313638
7.313638
8.185258
7.203091
7.747322
7.857869
6.986249
7.313638
6.986249
6.875702
8.512647
6.4420176
7.313638
7.9641643
7.313638
6.986249
8.729489
7.857869
8.618942
7.5304804
7.9684157
6.986249
7.5304804
6.114629
8.185258
7.313638
7.313638
8.074712
6.986249
6.769407
8.4021
7.5304804
8.4021
6.5525646
7.857869
7.313638
7.092544
8.074712
7.313638
6.6588597
7.096796
7.5304804
7.313638
8.185258
7.203091
7.747322
6.4420176
7.857869
7.857869
7.313638
6.986249
7.6410265
6.6588597
7.747322
7.313638
7.5304804
7.857869
8.2915535
7.313638
8.185258
6.986249
8.185258
8.2915535
7.857869
7.092544
7.313638
7.4241843
6.986249
7.313638
8.074712
7.747322
8.295805
7.9641643
7.313638
7.7515736
8.074712
6.986249
7.5304804
7.747322
7.419933
7.747322
8.074712
8.4021
7.313638
7.313638
7.203091
7.6410265
6.6588597
7.313638
8.074712
6.769407
7.313638
8.4021
7.6410265
8.185258
7.857869
7.5304804
7.096796
7.203091
8.185258
6.986249
7.747322
7.203091
6.986249
7.857869
7.5304804
7.857869
8.4021
7.4241843
8.2915535
6.875702
8.074712
6.986249
7.203091
7.5304804
8.618942
7.203091
6.6588597
8.2915535
7.6410265
8.4021
8.185258
6.986249
7.747322
7.5304804
8.074712
7.313638
7.203091
7.419933
8.074712
7.747322
7.6410265
8.2915535
6.875702
7.6410265
7.747322
7.313638
7.747322
8.618942
8.074712
7.5304804
8.074712
8.185258
7.419933
7.857869
8.4021
7.9641643
7.5304804
9.056878
7.857869
6.5483127
7.313638
8.074712
6.6588597
6.986249
7.5304804
7.5304804
7.5304804
7.747322
8.074712
7.203091
7.313638
7.6410265
7.203091
6.3314705
8.185258
7.747322
7.203091
8.185258
8.074712
7.092544
7.857869
8.512647
7.5304804
8.074712
7.5304804
8.2915535
7.313638
7.6410265
7.9641643
8.2915535
8.074712
7.203091
8.4021
8.2915535
8.835785
7.5304804
7.857869
8.618942
8.4021
7.313638
8.2915535
7.857869
7.747322
7.9641643
7.5304804
8.4021
7.5304804
7.6410265
8.508395
7.419933
8.074712
7.5304804
8.074712
7.203091
7.857869
6.986249
7.857869
8.2915535
8.618942
7.857869
6.986249
7.419933
8.2915535
7.203091
8.618942
7.5304804
7.9641643
7.747322
8.729489
7.636775
8.4021
8.2915535
7.857869
7.309386
8.074712
8.185258
8.185258
7.203091
7.5304804
7.9684157
8.512647
7.747322
8.185258
8.4021
8.074712
7.092544
7.6410265
8.729489
8.2915535
8.074712
8.618942
7.857869
8.074712
7.313638
8.946331
7.747322
7.747322
7.857869
7.6410265
8.618942
8.181006
8.185258
7.5304804
8.618942
7.203091
7.9684157
8.729489
7.419933
7.5304804
8.074712
8.2915535
8.508395
7.747322
8.2915535
7.857869
8.4021
7.9641643
8.074712
8.2915535
8.835785
7.526228
8.185258
8.074712
8.4021
7.747322
7.419933
7.747322
8.181006
7.9641643
8.2915535
8.185258
7.853617
7.853617
8.4021
8.618942
7.9641643
7.9641643
7.9641643
7.636775
8.185258
9.052627
7.9641643
8.618942
8.618942
8.946331
8.508395
7.203091
7.857869
8.725238
7.092544
8.074712
8.4021
7.9641643
7.636775
7.9641643
7.857869
7.419933
7.9641643
8.946331
8.835785
7.9641643
8.185258
8.074712
8.729489
7.857869
7.747322
8.074712
8.618942
7.5304804
8.185258
8.074712
7.5304804
7.5304804
8.074712
7.9641643
7.5304804
7.747322
8.4021
8.835785
7.857869
8.4021
8.2915535
8.074712
7.9641643
8.508395
6.875702
8.074712
8.185258
8.074712
7.636775
8.4021
8.725238
8.508395
8.074712
8.2915535
7.9641643
7.203091
8.185258
7.419933
7.203091
8.618942
8.835785
7.5304804
8.4021
8.074712
7.096796
7.857869
8.725238
8.618942
8.074712
8.181006
7.853617
7.857869
8.074712
9.052627
8.508395
7.747322
8.835785
9.052627
8.508395
7.9641643
8.729489
8.946331
8.835785
7.857869
8.508395
8.2915535
7.5304804
8.4021
8.181006
7.747322
8.4021
8.074712
8.181006
8.185258
9.052627
7.853617
8.618942
8.835785
9.490562
8.508395
8.508395
7.9641643
8.2915535
8.508395
8.397848
8.618942
8.4021
9.052627
8.181006
8.074712
8.185258
8.835785
8.614691
8.397848
8.185258
8.508395
8.2915535
8.074712
8.508395
8.181006
8.2915535
8.2915535
8.618942
8.94208
7.747322
8.4021
8.074712
8.725238
8.835785
7.9641643
9.163173
8.508395
8.181006
8.2915535
9.380016
8.397848
7.9641643
7.857869
9.269468
8.725238
7.9641643
8.946331
8.2915535
7.853617
8.835785
9.269468
8.508395
7.5304804
8.618942
7.9641643
8.2915535
8.397848
7.636775
9.052627
8.508395
8.508395
9.269468
8.835785
8.508395
8.181006
7.9641643
8.2915535
9.052627
8.508395
9.052627
8.2915535
8.2915535
8.508395
8.508395
8.508395
7.9641643
9.052627
8.618942
8.725238
8.618942
8.2915535
8.835785
8.725238
8.508395
7.636775
7.9641643
8.725238
8.508395
8.2915535
8.2915535
8.508395
9.052627
8.508395
7.857869
8.835785
7.9641643
9.052627
9.052627
7.419933
8.618942
8.618942
8.181006
8.181006
8.074712
9.052627
8.725238
8.618942
8.618942
7.9641643
8.4021
8.725238
8.4021
8.4021
8.94208
8.508395
8.2915535
8.618942
8.074712
8.725238
8.835785
9.596858
8.614691
8.181006
8.4021
8.397848
7.636775
8.2915535
8.2915535
7.9641643
8.2915535
8.070459
8.2915535
8.074712
8.618942
9.052627
8.181006
8.181006
8.070459
8.4021
9.052627
7.636775
8.618942
8.4021
8.618942
7.857869
7.747322
9.163173
9.163173
8.074712
8.181006
9.163173
8.074712
8.618942
8.508395
7.747322
9.380016
8.181006
8.835785
8.725238
8.2915535
8.835785
7.853617
8.618942
8.614691
8.4021
9.380016
8.2915535
9.052627
9.052627
8.4021
9.380016
8.614691
8.074712
8.185258
8.725238
8.618942
9.052627
9.596858
9.158921
8.2915535
8.94208
8.508395
8.508395
8.946331
9.375764
7.526228
8.2915535
8.725238
8.508395
8.181006
9.269468
8.835785
8.508395
8.725238
9.596858
8.835785
7.9641643
8.508395
8.181006
8.4021
9.380016
9.158921
8.725238
8.397848
8.508395
9.052627
9.380016
8.181006
9.052627
8.94208
8.508395
9.490562
9.486311
8.181006
8.835785
8.725238
8.835785
8.725238
8.508395
8.614691
9.052627
9.163173
8.614691
8.4021
9.163173
9.269468
8.397848
8.946331
9.269468
7.853617
9.486311
8.725238
7.9641643
8.618942
9.486311
8.614691
8.2915535
9.269468
9.596858
8.2915535
9.703153
8.725238
8.614691
9.8137
8.835785
9.486311
7.9641643
9.158921
9.596858
9.380016
8.946331
9.158921
9.486311
9.269468
8.508395
9.052627
9.269468
8.181006
8.614691
8.508395
8.725238
8.835785
8.181006
8.835785
8.94208
7.9641643
9.052627
8.725238
7.853617
8.4021
9.596858
8.397848
8.835785
8.835785
8.508395
8.070459
9.052627
9.269468
8.397848
8.614691
8.94208
8.508395
9.380016
9.486311
8.397848
8.725238
8.725238
8.508395
8.94208
8.397848
9.052627
9.375764
8.397848
8.508395
9.052627
9.269468
9.052627
7.853617
8.725238
8.618942
8.725238
8.397848
9.163173
8.070459
9.269468
8.725238
9.596858
9.269468
9.052627
8.397848
8.614691
9.269468
8.508395
9.052627
9.158921
8.835785
8.508395
9.158921
8.181006
8.2915535
9.375764
8.94208
7.9641643
9.380016
8.508395
8.725238
9.052627
8.835785
9.052627
8.397848
8.508395
9.158921
8.181006
8.835785
8.835785
8.94208
8.181006
8.725238
8.508395
8.725238
8.181006
9.052627
9.052627
9.380016
8.725238
9.163173
8.94208
9.052627
9.703153
8.94208
8.835785
9.596858
9.269468
8.508395
8.94208
9.163173
8.614691
7.853617
8.835785
8.397848
9.596858
9.052627
8.397848
8.618942
9.596858
9.269468
8.614691
8.181006
8.94208
8.725238
9.052627
8.508395
8.508395
9.596858
8.614691
8.508395
8.725238
9.486311
8.181006
8.94208
9.163173
9.8137
8.508395
9.269468
8.8315325
8.181006
9.163173
8.835785
9.486311
9.158921
9.158921
8.725238
9.269468
8.614691
8.946331
9.052627
9.375764
8.94208
8.835785
9.486311
8.94208
8.397848
9.269468
9.048374
9.052627
8.725238
9.158921
8.508395
8.835785
9.486311
8.8315325
9.375764
9.380016
9.8137
9.158921
7.853617
8.946331
8.94208
9.596858
8.614691
9.269468
9.269468
8.94208
8.614691
9.8137
8.8315325
9.052627
9.052627
9.052627
8.614691
8.2915535
9.8137
8.725238
8.94208
9.158921
9.269468
9.052627
8.181006
8.181006
8.397848
9.596858
8.94208
8.397848
8.508395
8.835785
9.052627
9.158921
7.9641643
9.163173
9.380016
8.8315325
8.508395
7.9641643
8.94208
8.614691
8.070459
8.618942
8.508395
8.835785
9.158921
8.614691
8.181006
8.508395
8.94208
8.835785
9.052627
9.269468
8.94208
9.158921
8.614691
9.163173
9.052627
9.269468
8.614691
8.725238
8.181006
8.94208
8.725238
9.8137
8.725238
9.596858
8.94208
8.397848
9.596858
8.508395
8.835785
8.94208
8.8315325
8.725238
8.94208
9.596858
8.8315325
9.269468
9.269468
8.94208
8.614691
8.835785
9.596858
8.94208
8.397848
9.486311
8.725238
8.397848
8.94208
9.163173
9.269468
8.94208
8.835785
8.94208
8.181006
8.618942
9.052627
8.8315325
8.725238
9.158921
8.8315325
8.835785
9.596858
8.8315325
8.725238
8.397848
8.181006
9.052627
8.725238
8.614691
9.158921
8.835785
8.725238
9.703153
8.287301
9.158921
9.380016
9.052627
8.614691
7.853617
9.8137
8.725238
7.853617
9.052627
9.486311
8.181006
8.397848
9.380016
9.052627
8.397848
9.052627
9.163173
9.486311
8.070459
8.725238
9.703153
8.94208
9.269468
8.397848
8.397848
8.725238
9.380016
9.486311
8.8315325
9.052627
9.269468
9.596858
8.397848
9.269468
9.269468
9.158921
9.486311
9.380016
8.94208
9.486311
8.181006
9.596858
9.596858
7.636775
9.052627
9.486311
7.74307
8.835785
9.596858
9.486311
7.74307
8.725238
8.618942
9.707404
8.94208
9.486311
9.052627
9.052627
8.181006
7.9641643
9.380016
9.158921
7.74307
8.725238
8.725238
7.853617
8.070459
8.725238
9.486311
8.181006
8.397848
8.508395
8.2915535
8.2915535
9.269468
9.158921
9.052627
9.380016
8.614691
8.725238
9.269468
8.508395
8.725238
8.397848
8.397848
8.725238
8.2915535
9.269468
9.486311
8.287301
8.618942
8.181006
8.397848
7.9641643
9.052627
9.8137
8.94208
8.287301
8.725238
9.380016
8.614691
8.070459
8.725238
8.508395
7.636775
8.2915535
8.508395
9.486311
8.508395
9.163173
8.614691
7.853617
8.2915535
7.853617
7.9641643
9.158921
8.618942
8.508395
9.052627
8.181006
8.835785
9.269468
7.636775
8.835785
8.725238
7.092544
7.853617
9.163173
8.725238
8.2915535
9.158921
8.397848
9.052627
9.924246
8.287301
7.9641643
8.508395
8.725238
8.508395
7.857869
9.486311
8.725238
8.508395
9.052627
9.052627
8.835785
7.309386
9.163173
9.486311
7.9641643
8.181006
9.158921
9.052627
8.070459
8.4021
8.614691
8.504144
8.729489
8.504144
8.508395
8.2915535
8.508395
9.269468
8.725238
9.052627
8.94208
8.618942
8.725238
7.853617
8.181006
9.269468
8.397848
9.163173
9.596858
8.614691
8.181006
8.508395
9.052627
9.158921
7.9641643
8.070459
8.504144
9.8137
7.636775
8.397848
8.397848
8.074712
8.94208
8.725238
9.052627
8.94208
9.052627
8.94208
8.725238
9.269468
8.070459
9.269468
8.181006
8.2915535
8.725238
8.181006
8.94208
8.181006
8.8315325
8.2915535
9.052627
9.052627
8.181006
8.2915535
8.94208
8.181006
8.835785
9.052627
8.725238
9.052627
8.508395
7.853617
8.508395
8.397848
8.181006
8.618942
9.158921
8.725238
8.508395
7.747322
7.74307
8.725238
9.052627
9.052627
8.835785
7.9599123
8.397848
8.2915535
9.486311
7.9641643
7.747322
7.526228
8.397848
7.9641643
8.2915535
9.269468
8.181006
8.508395
8.508395
9.269468
8.074712
8.508395
8.94208
8.725238
9.380016
8.508395
8.94208
8.725238
9.269468
7.9641643
8.508395
9.596858
7.853617
8.614691
8.181006
9.486311
8.2915535
8.614691
8.397848
8.94208
8.725238
8.181006
9.052627
7.853617
9.052627
8.725238
8.725238
9.486311
8.070459
8.946331
8.397848
7.526228
9.380016
8.8315325
7.636775
8.618942
8.181006
7.309386
8.508395
9.703153
7.419933
8.725238
8.397848
7.9641643
8.508395
8.725238
8.725238
8.397848
8.835785
8.618942
8.397848
7.526228
7.853617
8.508395
8.070459
8.94208
7.9641643
8.508395
8.614691
8.835785
8.508395
9.380016
8.287301
9.269468
8.181006
9.596858
7.9641643
8.181006
8.725238
8.397848
8.181006
8.94208
8.614691
7.853617
9.163173
9.269468
7.747322
8.508395
9.486311
8.397848
8.2915535
9.052627
8.070459
8.614691
7.9641643
8.508395
8.725238
8.508395
8.181006
8.181006
8.618942
8.614691
8.397848
8.397848
8.725238
9.052627
8.508395
7.9641643
9.596858
9.486311
8.181006
8.94208
8.508395
7.853617
9.924246
8.614691
8.070459
8.94208
7.74307
8.397848
8.835785
8.508395
8.070459
9.052627
8.2915535
8.835785
8.614691
8.835785
8.94208
8.508395
7.526228
8.835785
8.508395
8.725238
8.508395
8.508395
8.614691
8.614691
8.397848
8.725238
9.158921
7.853617
9.486311
8.287301
8.287301
8.070459
8.94208
7.853617
8.618942
9.269468
9.052627
9.380016
8.397848
8.508395
8.725238
9.596858
8.508395
8.725238
8.397848
8.508395
8.725238
7.636775
8.614691
8.181006
7.526228
9.163173
8.397848
8.287301
9.380016
8.725238
8.614691
9.269468
8.725238
8.508395
8.2915535
7.853617
8.94208
8.614691
7.853617
8.508395
8.181006
8.397848
8.397848
9.380016
8.397848
7.9641643
8.181006
8.508395
8.397848
7.9641643
8.508395
9.158921
8.181006
8.070459
8.94208
8.508395
8.725238
8.614691
7.632523
7.9641643
8.618942
8.8315325
8.504144
7.9641643
9.269468
9.269468
8.614691
8.181006
7.853617
9.269468
8.94208
8.181006
8.508395
9.052627
8.508395
8.725238
8.070459
8.287301
8.504144
7.636775
9.052627
8.181006
8.397848
8.725238
8.725238
8.508395
8.070459
7.9641643
9.052627
8.614691
8.614691
8.181006
9.269468
8.720985
8.181006
8.618942
8.508395
9.048374
8.070459
9.380016
8.287301
9.158921
8.181006
8.508395
9.269468
8.725238
7.309386
8.614691
9.269468
8.287301
8.725238
8.614691
8.618942
8.614691
7.636775
8.181006
8.508395
9.269468
8.508395
8.508395
9.380016
8.720985
7.309386
8.2915535
8.181006
7.853617
8.2915535
9.269468
8.725238
8.2915535
8.725238
8.070459
8.181006
8.835785
9.158921
8.508395
8.2915535
8.614691
8.725238
8.508395
8.397848
8.725238
8.835785
8.725238
9.375764
8.508395
8.508395
8.614691
8.181006
8.725238
8.614691
8.614691
8.2915535
8.508395
9.596858
9.158921
7.9641643
9.052627
8.618942
7.747322
8.508395
8.397848
8.397848
7.9641643
8.397848
7.853617
7.526228
8.725238
9.380016
8.504144
7.9641643
8.508395
9.052627
8.181006
8.835785
7.636775
8.2915535
8.181006
7.526228
8.2915535
8.2915535
8.508395
7.853617
7.853617
8.835785
8.614691
7.309386
8.2915535
7.9641643
7.636775
9.380016
8.074712
8.94208
8.397848
7.857869
8.835785
8.070459
8.397848
8.181006
8.94208
8.94208
8.2915535
8.725238
9.163173
8.397848
7.853617
8.725238
8.835785
8.2915535
9.052627
7.636775
8.074712
7.9641643
8.508395
7.853617
8.725238
7.853617
8.074712
9.269468
8.725238
7.9641643
8.508395
8.725238
8.181006
8.397848
8.508395
8.614691
8.508395
7.636775
8.2915535
9.052627
8.508395
8.397848
8.618942
8.508395
8.725238
7.636775
9.052627
8.397848
8.614691
8.181006
8.725238
7.853617
7.9641643
8.94208
9.163173
7.9599123
8.181006
7.5304804
7.747322
8.2915535
8.181006
7.853617
8.181006
8.835785
7.74307
8.2915535
9.269468
7.853617
8.181006
8.835785
7.419933
8.508395
8.614691
8.508395
7.526228
8.074712
7.526228
7.636775
9.163173
8.181006
7.526228
9.380016
8.181006
7.309386
7.853617
8.074712
8.397848
8.181006
8.397848
9.052627
8.725238
8.725238
7.9641643
8.508395
7.636775
7.9641643
8.835785
8.725238
7.636775
7.747322
8.070459
8.397848
8.508395
7.9641643
8.618942
9.052627
8.181006
7.9641643
8.614691
7.636775
7.636775
7.857869
8.508395
7.9641643
7.419933
8.725238
8.2915535
7.747322
8.835785
7.9641643
8.508395
7.309386
7.092544
7.747322
7.9641643
7.853617
8.508395
8.2915535
9.158921
7.9641643
8.2915535
9.052627
8.618942
7.853617
8.185258
8.181006
8.618942
8.2915535
8.181006
8.2915535
7.857869
8.835785
7.9641643
7.9641643
7.9641643
8.725238
7.747322
8.508395
7.747322
8.725238
7.636775
8.185258
8.618942
7.853617
7.5304804
8.618942
7.636775
7.9641643
8.618942
7.747322
9.052627
8.725238
8.2915535
8.181006
8.618942
9.596858
7.309386
8.946331
9.052627
7.636775
8.725238
8.070459
8.614691
9.596858
9.8137
8.2915535
9.269468
8.2915535
8.614691
8.2915535
9.269468
8.181006
8.508395
8.508395
8.181006
9.380016
8.94208
8.074712
8.508395
9.269468
8.508395
7.9641643
8.2915535
8.835785
9.052627
8.185258
8.2915535
8.618942
8.2915535
8.729489
9.052627
7.419933
8.4021
9.163173
8.4021
9.163173
8.835785
7.747322
8.2915535
8.508395
8.725238
8.946331
9.163173
9.269468
8.2915535
8.94208
9.269468
9.158921
9.269468
9.052627
9.596858
9.486311
9.269468
9.924246
9.158921
9.269468
9.052627
9.486311
10.030542
8.397848
9.703153
10.1410885
8.397848
9.596858
9.486311
9.380016
9.8137
8.508395
9.380016
9.269468
8.508395
10.030542
8.94208
9.052627
10.030542
9.269468
8.835785
9.158921
9.486311
9.596858
8.725238
9.380016
9.8137
9.8137
10.030542
9.269468
9.269468
10.574773
8.835785
9.380016
9.924246
9.486311
9.8137
9.596858
10.247384
10.574773
9.486311
9.269468
10.030542
9.596858
10.247384
10.030542
9.158921
10.030542
10.247384
9.375764
9.8137
9.703153
9.703153
10.030542
10.357931
9.596858
10.030542
9.703153
10.247384
9.486311
10.247384
9.486311
10.357931
9.919995
10.357931
9.269468
10.7916155
10.464226
9.486311
10.468477
9.592606
9.592606
10.1410885
9.919995
10.1410885
10.574773
10.030542
10.68532
10.357931
10.574773
9.8137
10.030542
10.574773
10.247384
10.247384
10.030542
11.008457
10.7916155
9.8137
9.8137
9.703153
10.247384
9.703153
11.008457
10.574773
10.247384
10.247384
11.008457
11.335847
11.008457
11.008457
10.574773
10.247384
11.008457
11.008457
10.89791
11.008457
10.464226
10.574773
10.89791
10.7916155
11.335847
11.119004
10.89791
10.574773
11.335847
10.681068
11.335847
10.464226
10.7916155
10.574773
10.7916155
11.2253
10.136837
10.464226
11.880077
11.2253
10.247384
11.2253
11.2253
10.136837
10.902162
11.114753
10.7916155
11.442142
11.008457
11.2253
10.681068
10.247384
10.681068
10.89791
10.7916155
11.552689
10.89791
11.658983
11.76953
10.7916155
11.880077
11.442142
11.335847
11.008457
11.2253
10.574773
11.663235
11.2253
10.464226
11.114753
10.681068
10.681068
11.658983
10.89791
10.681068
11.335847
11.76953
11.114753
11.76953
10.89791
11.2253
10.681068
11.008457
10.89791
11.552689
11.119004
11.658983
11.2253
10.574773
11.335847
10.89791
10.89791
10.89791
11.114753
11.335847
11.008457
11.335847
10.89791
11.552689
10.574773
10.89791
10.681068
10.464226
11.2253
11.552689
10.570521
11.119004
11.008457
11.331594
11.114753
11.552689
10.570521
11.442142
11.119004
10.7916155
10.681068
11.008457
11.552689
11.2253
10.136837
10.681068
11.2253
11.2253
11.2253
11.76953
10.136837
11.008457
11.008457
10.681068
10.353679
11.990624
11.2253
10.353679
10.464226
10.464226
10.464226
10.681068
10.464226
11.76953
10.89791
10.136837
11.119004
11.2253
10.570521
10.68532
11.335847
10.7916155
10.89791
10.7916155
10.681068
11.331594
10.136837
11.008457
11.008457
10.464226
11.335847
11.008457
11.008457
10.89791
10.136837
10.681068
11.2253
11.008457
10.464226
10.353679
10.89791
11.114753
10.136837
10.89791
10.247384
10.464226
10.464226
10.7916155
11.008457
10.247384
11.442142
9.919995
10.7916155
11.442142
11.2253
10.353679
9.919995
9.703153
11.008457
10.464226
10.247384
9.703153
10.681068
10.247384
10.247384
10.7916155
10.89791
10.681068
10.247384
11.008457
10.7916155
9.703153
9.919995
10.681068
9.919995
10.136837
10.464226
10.353679
10.681068
10.136837
10.574773
9.486311
10.030542
11.2253
10.464226
10.030542
10.030542
10.681068
10.464226
9.592606
10.681068
9.919995
10.574773
11.008457
10.030542
9.158921
10.247384
9.919995
10.353679
10.7916155
9.703153
10.7916155
10.247384
9.919995
9.8137
10.681068
9.592606
10.030542
9.703153
10.247384
10.1410885
9.486311
9.703153
10.136837
9.596858
8.94208
9.375764
10.247384
9.486311
9.596858
10.136837
10.464226
9.375764
9.486311
10.136837
9.375764
9.486311
10.030542
9.486311
10.464226
9.703153
9.8137
10.030542
9.380016
9.703153
10.030542
9.703153
10.247384
10.030542
10.464226
9.596858
9.8137
10.464226
9.380016
10.357931
9.486311
8.725238
10.247384
10.574773
9.486311
9.703153
9.703153
9.596858
9.486311
10.247384
10.247384
9.486311
10.030542
9.919995
10.464226
9.158921
8.94208
10.1410885
10.464226
9.919995
9.486311
8.94208
9.269468
9.919995
10.247384
9.486311
10.030542
8.94208
10.574773
10.247384
8.725238
9.158921
10.136837
10.247384
10.357931
10.681068
9.375764
9.158921
10.357931
9.052627
9.703153
10.464226
9.375764
9.486311
11.008457
9.269468
9.8137
10.247384
9.8137
10.247384
10.247384
9.375764
10.574773
9.486311
9.919995
10.247384
11.008457
9.8137
9.703153
9.486311
9.703153
9.265217
10.574773
10.681068
9.596858
9.375764
10.574773
10.247384
10.247384
10.030542
10.574773
10.357931
10.353679
10.247384
9.703153
10.247384
10.136837
9.703153
10.464226
10.681068
9.919995
10.247384
10.681068
9.919995
10.7916155
9.919995
9.703153
10.7916155
11.2253
10.247384
9.919995
10.464226
10.030542
10.464226
10.247384
10.353679
10.574773
10.464226
10.247384
11.008457
10.357931
10.787363
10.247384
11.008457
10.464226
10.7916155
10.030542
11.335847
10.574773
10.574773
10.7916155
10.7916155
10.681068
10.570521
10.464226
10.7916155
10.89791
10.247384
11.008457
10.464226
10.247384
11.2253
11.008457
10.89791
11.2253
10.681068
11.114753
11.119004
10.89791
10.681068
11.552689
11.335847
11.335847
11.008457
10.136837
10.7916155
11.76953
11.442142
11.2253
9.919995
11.552689
10.7916155
11.008457
10.574773
11.552689
10.681068
10.89791
11.2253
10.247384
10.89791
10.89791
10.464226
10.681068
11.442142
10.681068
11.2253
11.114753
10.89791
10.681068
11.552689
11.335847
10.89791
10.89791
11.552689
11.442142
11.114753
11.114753
11.880077
11.442142
11.880077
11.76953
11.986373
11.875826
10.89791
10.787363
11.552689
11.442142
11.335847
12.313762
11.986373
12.203215
10.89791
11.76953
11.658983
11.008457
11.986373
12.313762
12.203215
11.76953
11.658983
11.552689
11.875826
11.008457
11.2253
12.313762
12.420057
12.313762
11.442142
11.552689
12.203215
11.76953
12.09692
11.76953
12.420057
12.203215
12.313762
12.747446
12.203215
12.203215
11.986373
11.658983
12.203215
11.986373
12.641151
11.552689
12.09692
11.76953
12.313762
12.530604
11.442142
12.530604
12.420057
11.986373
12.092668
12.747446
12.313762
12.853741
11.875826
13.074835
12.420057
12.420057
12.857993
12.964288
12.30951
12.203215
12.964288
13.074835
13.18113
12.853741
12.964288
13.725362
12.203215
12.636899
13.291677
11.986373
12.636899
12.636899
12.857993
13.185382
12.420057
12.636899
13.291677
13.291677
12.853741
12.203215
12.530604
12.530604
12.420057
12.747446
13.291677
11.986373
12.092668
12.420057
12.203215
12.747446
12.636899
12.203215
13.074835
12.30951
12.420057
13.291677
12.092668
13.619065
12.636899
12.30951
13.508518
13.397971
13.508518
14.05275
13.291677
12.198963
13.18113
13.725362
12.636899
12.964288
12.964288
13.835909
13.18113
12.964288
13.614815
12.420057
13.074835
12.415805
13.074835
13.074835
12.420057
12.30951
13.291677
12.747446
12.964288
12.420057
12.636899
12.857993
12.853741
12.747446
12.530604
13.18113
11.9821205
12.641151
12.636899
12.203215
12.853741
12.420057
12.853741
12.30951
13.18113
13.18113
13.725362
12.30951
13.508518
12.420057
12.964288
13.291677
13.397971
13.508518
13.508518
13.291677
13.508518
12.420057
13.074835
13.835909
12.420057
12.964288
12.747446
12.526352
12.530604
12.747446
12.420057
12.636899
13.18113
12.526352
13.18113
12.747446
12.747446
12.30951
12.420057
12.526352
12.203215
12.420057
12.857993
12.30951
12.420057
12.092668
12.526352
12.747446
12.636899
12.853741
13.291677
12.964288
13.508518
13.942203
12.420057
13.291677
12.30951
12.420057
12.30951
12.747446
12.203215
13.508518
12.30951
12.964288
12.636899
12.743194
12.203215
12.636899
12.636899
12.636899
12.636899
13.18113
13.18113
12.857993
12.641151
12.747446
12.30951
12.964288
12.964288
13.291677
12.30951
12.092668
12.853741
12.420057
13.070583
13.18113
13.074835
13.074835
12.636899
12.747446
12.530604
12.747446
12.636899
12.964288
13.074835
13.074835
12.853741
12.636899
12.530604
12.636899
12.30951
13.291677
13.291677
13.18113
13.291677
12.964288
12.30951
13.508518
12.964288
13.291677
12.30951
12.964288
12.30951
12.853741
12.30951
12.420057
13.291677
13.397971
12.530604
12.636899
12.853741
12.203215
13.291677
13.18113
12.420057
12.747446
13.070583
12.743194
13.18113
13.508518
12.636899
11.875826
12.420057
13.18113
13.287426
12.636899
12.636899
13.619065
12.853741
12.964288
13.291677
13.619065
12.636899
13.835909
13.291677
12.203215
12.530604
13.074835
12.420057
12.420057
12.420057
12.747446
13.070583
13.508518
13.074835
13.725362
12.30951
13.508518
12.747446
12.636899
12.747446
12.853741
11.9821205
12.964288
13.614815
13.18113
13.291677
13.725362
12.857993
12.857993
12.743194
13.070583
13.397971
13.508518
12.853741
13.508518
12.964288
13.070583
12.964288
12.964288
12.747446
12.853741
13.835909
12.964288
13.397971
12.747446
12.964288
13.725362
13.074835
12.636899
13.614815
13.074835
13.18113
12.747446
12.964288
13.508518
13.614815
13.291677
13.291677
14.05275
13.835909
14.269592
13.942203
12.964288
13.942203
12.964288
13.074835
13.397971
14.05275
14.05275
12.743194
13.18113
13.18113
13.070583
14.05275
13.508518
13.397971
13.291677
13.835909
14.159045
13.070583
13.835909
13.619065
13.18113
12.853741
13.835909
13.070583
13.508518
13.942203
13.397971
13.614815
13.835909
13.397971
13.291677
14.05275
13.614815
13.508518
14.159045
14.05275
13.725362
14.269592
13.614815
14.269592
12.964288
14.490686
13.942203
13.18113
13.070583
13.725362
13.725362
14.05275
13.508518
14.486434
14.596981
13.070583
14.269592
13.8316555
13.835909
13.725362
13.72111
13.619065
14.159045
13.835909
13.614815
14.703277
14.05275
14.703277
14.375887
14.924371
14.703277
14.486434
13.8316555
13.504267
14.05275
13.942203
13.942203
13.942203
14.486434
13.942203
14.596981
13.610563
14.596981
14.703277
13.397971
13.942203
14.920118
14.048498
14.159045
14.375887
13.504267
14.269592
14.59273
13.725362
14.486434
14.809572
15.141212
14.380139
14.59273
14.159045
14.920118
14.813824
14.703277
14.269592
15.141212
14.375887
14.159045
13.942203
14.265341
14.159045
14.703277
14.05275
14.59273
15.030665
15.030665
14.159045
14.703277
14.4821825
14.269592
14.920118
15.247508
14.159045
14.703277
14.269592
14.159045
14.813824
14.813824
14.703277
15.141212
15.136961
14.703277
14.813824
15.464349
14.59273
14.924371
15.136961
13.72111
14.486434
15.247508
15.247508
15.247508
14.813824
14.159045
14.703277
15.574896
14.920118
14.920118
13.8316555
15.358055
14.375887
14.375887
14.813824
14.486434
15.247508
14.59273
15.030665
15.247508
15.136961
15.136961
15.030665
15.247508
15.353802
14.269592
15.247508
15.136961
14.486434
15.136961
15.353802
15.681192
15.247508
14.813824
15.247508
15.353802
15.247508
14.703277
15.030665
14.703277
15.136961
14.813824
14.703277
15.030665
14.59273
15.358055
14.920118
15.791739
14.703277
15.247508
15.358055
14.59273
15.247508
14.809572
14.159045
15.358055
15.247508
15.136961
15.136961
15.791739
14.59273
14.809572
15.464349
15.247508
14.59273
14.59273
14.703277
15.247508
15.570645
15.030665
15.464349
15.136961
15.898033
14.265341
15.247508
15.353802
15.353802
15.574896
14.920118
14.375887
15.136961
15.030665
15.574896
14.809572
14.375887
14.813824
15.136961
15.353802
15.030665
14.920118
15.243257
14.920118
14.59273
14.486434
15.141212
14.920118
15.026414
14.703277
15.570645
14.699025
15.247508
15.464349
14.920118
15.574896
15.464349
15.247508
15.791739
14.809572
14.809572
15.247508
14.59273
14.375887
15.136961
15.136961
15.681192
15.681192
15.464349
15.358055
15.353802
15.464349
15.030665
15.464349
15.247508
14.59273
15.464349
15.791739
14.920118
14.4821825
14.59273
14.159045
14.920118
15.136961
15.030665
14.703277
14.703277
14.59273
14.59273
15.570645
14.375887
14.375887
15.358055
14.920118
14.920118
14.59273
14.59273
14.59273
15.681192
15.791739
14.813824
15.574896
14.703277
15.464349
15.464349
15.464349
14.703277
15.030665
14.703277
14.920118
15.464349
14.809572
14.375887
14.59273
15.136961
14.59273
15.464349
15.464349
15.353802
14.59273
14.920118
15.243257
15.247508
16.119127
15.136961
14.159045
14.703277
15.464349
14.4821825
15.136961
14.809572
15.247508
15.247508
15.136961
15.136961
14.486434
15.026414
14.920118
14.375887
15.902287
14.59273
15.464349
15.791739
14.703277
15.464349
15.464349
14.59273
14.920118
15.787488
14.375887
15.464349
15.464349
14.920118
14.59273
15.247508
15.247508
15.353802
14.159045
15.464349
15.136961
15.243257
14.4821825
15.136961
15.791739
14.809572
14.265341
14.703277
15.464349
15.243257
14.920118
14.59273
14.809572
15.136961
15.136961
15.902287
14.920118
14.59273
15.026414
14.703277
15.247508
14.809572
14.375887
14.59273
14.486434
15.681192
14.809572
15.570645
15.574896
15.574896
15.353802
15.570645
14.4821825
15.247508
14.59273
14.59273
14.809572
14.269592
15.464349
14.59273
14.920118
14.920118
14.703277
15.681192
15.247508
14.809572
15.136961
15.136961
14.375887
15.791739
15.898033
15.030665
15.464349
15.570645
15.353802
15.464349
15.898033
14.809572
14.703277
14.4821825
14.375887
14.486434
15.353802
15.243257
14.920118
14.920118
15.791739
15.791739
14.920118
15.136961
14.703277
15.681192
15.464349
15.243257
15.247508
16.008581
15.026414
14.154794
15.574896
15.136961
14.265341
15.464349
16.008581
15.136961
14.703277
15.464349
15.353802
14.699025
15.681192
14.809572
16.225424
14.703277
15.464349
15.136961
14.703277
14.703277
15.464349
15.353802
14.809572
15.353802
15.353802
15.026414
14.920118
15.464349
14.920118
14.920118
15.681192
15.681192
15.136961
15.247508
15.026414
15.136961
15.464349
15.681192
15.681192
15.141212
15.464349
14.4821825
16.119127
15.464349
15.026414
14.809572
16.008581
15.026414
16.225424
15.136961
15.243257
15.353802
14.920118
14.59273
15.464349
15.136961
15.570645
15.570645
15.681192
15.464349
16.225424
15.464349
16.008581
15.570645
15.136961
16.33597
15.136961
15.898033
15.247508
15.898033
14.699025
15.681192
15.136961
16.114876
16.114876
15.681192
16.119127
15.570645
14.4821825
15.464349
16.33597
16.225424
15.136961
15.570645
15.681192
15.136961
15.570645
16.008581
16.008581
15.353802
14.920118
14.920118
15.570645
15.791739
15.353802
16.552813
16.008581
15.136961
15.464349
15.791739
15.681192
15.681192
15.574896
15.243257
15.247508
16.225424
15.570645
15.026414
16.008581
15.787488
15.243257
15.353802
15.898033
15.464349
16.225424
15.898033
15.464349
15.898033
15.464349
16.331718
15.570645
16.442265
16.114876
15.570645
15.681192
15.353802
16.008581
15.570645
16.119127
15.464349
15.353802
15.353802
16.442265
16.442265
15.681192
16.114876
16.119127
15.243257
16.114876
15.791739
15.353802
15.026414
16.769655
15.681192
15.243257
15.464349
16.331718
16.225424
15.353802
16.442265
15.464349
15.570645
15.353802
15.464349
15.898033
15.570645
15.898033
15.353802
15.464349
15.791739
15.898033
16.225424
16.659107
15.136961
15.464349
15.681192
15.353802
15.464349
16.225424
15.898033
16.442265
15.353802
16.225424
16.331718
15.681192
15.898033
15.681192
15.681192
16.331718
14.920118
15.791739
15.570645
15.681192
16.008581
16.00433
15.460098
16.008581
15.464349
15.353802
15.136961
15.791739
15.243257
15.026414
16.225424
15.243257
16.225424
16.442265
15.681192
15.464349
15.898033
15.464349
15.681192
15.026414
16.008581
15.243257
15.353802
15.460098
15.681192
16.114876
15.898033
15.681192
15.893782
15.353802
15.787488
16.114876
15.243257
16.552813
15.570645
15.898033
15.464349
15.681192
15.787488
16.225424
15.247508
16.33597
16.442265
15.460098
15.464349
16.225424
16.008581
15.353802
14.809572
15.136961
15.681192
15.570645
16.225424
15.464349
16.114876
16.00433
15.464349
16.225424
16.331718
15.353802
16.442265
15.464349
16.114876
15.681192
15.681192
15.136961
15.681192
15.353802
15.570645
15.247508
16.225424
15.353802
15.898033
15.247508
15.681192
16.00433
15.353802
14.920118
16.119127
15.681192
15.353802
15.681192
16.008581
15.570645
15.787488
15.787488
16.008581
16.114876
14.920118
15.353802
15.1327095
15.353802
15.353802
14.809572
15.681192
16.225424
15.898033
15.681192
15.136961
15.136961
15.464349
15.136961
15.243257
14.809572
15.353802
15.026414
16.114876
14.809572
16.119127
14.920118
15.026414
15.464349
15.247508
15.464349
15.243257
15.570645
15.353802
14.920118
15.570645
14.915867
14.809572
15.570645
14.920118
15.574896
15.136961
14.915867
15.574896
16.119127
15.464349
16.114876
14.809572
15.026414
16.008581
14.703277
15.681192
15.570645
16.00433
14.809572
15.574896
14.920118
15.026414
15.353802
15.681192
15.681192
15.681192
15.570645
15.136961
15.353802
15.681192
15.026414
15.898033
14.920118
15.247508
14.920118
15.570645
15.026414
15.026414
15.353802
15.247508
15.464349
15.464349
14.699025
14.920118
15.136961
14.4821825
15.136961
15.243257
15.791739
15.681192
15.570645
15.136961
15.136961
15.247508
15.787488
15.136961
15.026414
15.353802
14.809572
15.136961
14.809572
15.681192
15.026414
15.791739
14.915867
15.353802
14.59273
15.570645
15.676941
15.787488
14.4821825
14.809572
14.915867
15.026414
15.681192
15.898033
16.008581
15.570645
16.225424
14.809572
15.681192
15.570645
15.464349
15.898033
15.026414
15.136961
14.809572
14.375887
14.809572
15.136961
15.353802
14.809572
14.920118
15.464349
15.570645
14.4821825
14.920118
15.353802
14.699025
15.026414
15.464349
15.681192
15.570645
14.920118
15.791739
15.136961
14.809572
14.59273
14.809572
14.920118
15.681192
14.371635
15.681192
15.681192
16.119127
15.787488
14.699025
15.136961
15.353802
15.353802
15.353802
14.809572
16.008581
15.243257
15.353802
15.247508
15.681192
15.787488
15.676941
15.026414
15.026414
15.570645
15.243257
14.809572
14.920118
15.247508
15.136961
15.026414
14.920118
15.136961
15.136961
15.898033
14.920118
15.681192
14.809572
16.008581
15.898033
15.243257
15.026414
14.920118
15.791739
15.243257
15.026414
15.787488
14.920118
15.787488
15.353802
14.4821825
15.353802
14.915867
15.570645
16.008581
15.243257
15.026414
14.809572
15.681192
15.136961
15.898033
15.243257
15.681192
15.030665
15.247508
15.570645
15.353802
15.898033
15.570645
15.570645
15.787488
14.809572
15.247508
16.33597
15.243257
15.353802
15.353802
16.114876
15.898033
15.787488
15.026414
14.809572
16.119127
15.026414
14.809572
14.809572
14.920118
15.898033
15.787488
15.570645
15.136961
15.243257
15.243257
15.247508
15.243257
15.026414
15.247508
15.030665
15.898033
15.898033
16.008581
15.681192
15.570645
15.026414
15.136961
15.136961
15.791739
16.00433
15.026414
15.791739
15.460098
14.699025
16.442265
15.136961
15.681192
15.353802
15.787488
15.247508
15.681192
15.026414
15.353802
14.920118
15.464349
15.898033
15.026414
15.787488
15.681192
15.898033
15.353802
16.225424
15.787488
16.008581
16.008581
15.898033
15.026414
15.353802
15.898033
16.225424
15.681192
15.570645
15.136961
15.570645
16.225424
14.809572
16.33597
15.026414
15.1327095
15.464349
15.681192
15.353802
16.00433
15.676941
15.026414
15.247508
15.243257
15.136961
15.464349
15.353802
15.681192
15.676941
14.699025
15.898033
15.247508
15.898033
15.353802
15.791739
15.570645
14.699025
16.33597
15.787488
15.787488
15.570645
14.699025
14.809572
15.136961
16.442265
15.676941
14.699025
15.898033
15.681192
16.00433
15.787488
15.570645
14.915867
15.787488
14.809572
15.136961
15.353802
15.681192
15.681192
16.00433
14.809572
15.353802
15.787488
15.243257
15.570645
16.114876
15.026414
15.464349
16.00433
15.353802
15.464349
15.787488
15.353802
15.353802
15.136961
15.570645
15.898033
16.331718
15.136961
15.243257
15.353802
15.898033
16.114876
16.114876
15.026414
15.353802
16.225424
15.570645
15.136961
16.225424
15.136961
15.136961
14.920118
16.114876
15.570645
15.681192
15.676941
15.460098
15.570645
16.00433
15.353802
15.464349
15.243257
15.570645
15.681192
15.570645
15.898033
15.353802
15.681192
15.136961
15.353802
15.136961
15.787488
15.026414
16.225424
14.809572
15.898033
15.243257
14.920118
15.681192
15.570645
15.574896
14.59273
14.809572
15.787488
15.026414
14.699025
15.353802
14.809572
15.681192
14.809572
15.026414
15.026414
15.136961
15.787488
15.570645
14.809572
15.570645
15.136961
15.358055
16.114876
14.920118
15.681192
15.243257
15.570645
15.353802
15.026414
15.243257
14.809572
15.681192
15.570645
15.243257
15.353802
15.787488
15.136961
15.681192
14.699025
15.681192
15.791739
15.787488
14.920118
15.791739
15.026414
15.570645
15.136961
14.699025
14.59273
14.920118
15.460098
15.243257
15.681192
15.136961
14.4821825
15.353802
15.353802
15.247508
15.464349
15.353802
15.791739
14.699025
15.026414
14.59273
14.809572
15.681192
15.353802
15.898033
14.809572
15.681192
15.787488
15.681192
15.570645
15.681192
14.809572
15.898033
14.588478
15.464349
14.920118
15.026414
15.791739
14.920118
15.136961
15.460098
15.353802
15.247508
15.570645
15.026414
15.681192
15.026414
14.809572
15.787488
14.4821825
15.464349
15.681192
15.898033
15.026414
15.898033
14.4821825
15.681192
15.026414
14.809572
15.353802
15.353802
14.4821825
15.898033
15.681192
15.570645
14.920118
15.247508
15.681192
14.809572
14.59273
15.030665
14.809572
15.353802
15.243257
15.243257
16.119127
15.787488
14.154794
14.4821825
15.136961
15.898033
14.920118
14.809572
15.353802
15.570645
15.136961
15.791739
15.898033
15.026414
14.920118
15.464349
15.136961
15.787488
14.699025
15.353802
15.681192
15.460098
15.570645
14.920118
15.353802
14.809572
15.026414
14.809572
14.915867
15.026414
15.136961
14.809572
15.681192
14.809572
15.898033
14.59273
15.464349
14.915867
15.026414
15.464349
14.699025
15.026414
15.791739
15.353802
15.898033
15.464349
15.353802
14.915867
15.464349
15.898033
14.371635
15.898033
14.809572
15.353802
15.136961
14.703277
15.570645
15.681192
14.486434
15.353802
15.681192
15.353802
15.681192
15.026414
15.464349
15.681192
15.026414
15.681192
15.898033
15.353802
15.243257
14.920118
15.136961
15.681192
15.898033
15.570645
15.247508
15.353802
14.915867
15.026414
15.353802
15.136961
15.026414
15.460098
15.464349
15.136961
15.026414
14.809572
15.681192
16.114876
14.371635
15.898033
15.681192
15.570645
15.681192
15.353802
14.809572
16.008581
14.809572
14.915867
15.136961
15.353802
16.442265
16.114876
14.4821825
16.008581
14.920118
15.681192
16.008581
14.809572
15.791739
16.008581
15.026414
15.136961
15.136961
15.243257
15.243257
15.681192
15.460098
15.026414
15.570645
15.898033
15.136961
15.787488
14.920118
15.570645
15.353802
15.247508
15.136961
15.243257
15.898033
14.809572
14.920118
15.570645
14.809572
14.809572
15.353802
15.791739
14.809572
14.915867
15.243257
15.464349
15.243257
15.570645
15.136961
15.570645
14.915867
15.026414
16.008581
14.809572
15.570645
15.136961
15.353802
15.787488
14.809572
15.898033
15.898033
15.136961
15.570645
15.464349
15.353802
15.676941
14.59273
15.570645
15.243257
15.026414
15.464349
15.460098
14.699025
15.898033
16.225424
14.809572
15.136961
15.136961
14.699025
15.570645
15.570645
15.787488
15.898033
15.681192
15.787488
15.898033
14.59273
14.920118
15.681192
15.026414
16.114876
15.247508
15.681192
16.114876
14.809572
15.898033
15.787488
14.915867
15.681192
15.136961
15.243257
15.464349
15.247508
15.460098
15.353802
15.243257
15.026414
15.353802
14.809572
16.008581
15.898033
15.026414
16.008581
15.898033
15.243257
15.898033
15.353802
15.570645
15.136961
14.915867
15.026414
16.114876
15.787488
14.915867
15.247508
15.136961
16.659107
15.787488
15.243257
15.136961
16.114876
15.898033
15.464349
16.114876
15.787488
15.898033
15.136961
15.136961
14.809572
15.898033
15.247508
15.898033
14.915867
15.464349
15.136961
15.026414
16.00433
15.136961
15.026414
15.570645
14.4821825
15.791739
16.114876
15.787488
14.809572
15.464349
15.464349
16.00433
14.809572
15.898033
15.570645
15.898033
15.136961
15.026414
15.243257
16.008581
15.353802
15.570645
15.787488
15.136961
15.136961
15.136961
15.353802
15.136961
15.136961
15.353802
15.353802
15.681192
14.699025
15.243257
15.681192
15.353802
15.787488
15.136961
15.791739
15.787488
16.008581
15.898033
15.898033
15.676941
15.136961
15.136961
15.570645
16.008581
15.681192
14.809572
15.026414
15.570645
15.353802
15.136961
15.136961
15.247508
14.920118
15.787488
15.464349
16.225424
15.791739
14.59273
15.681192
15.464349
15.898033
15.787488
14.809572
15.464349
15.026414
15.570645
15.026414
15.247508
15.570645
14.920118
15.026414
16.225424
14.809572
15.460098
15.787488
14.4821825
14.809572
15.464349
15.243257
15.247508
15.136961
15.243257
15.570645
15.243257
15.353802
15.136961
15.681192
15.787488
15.136961
14.809572
15.464349
16.008581
14.809572
14.809572
15.353802
15.026414
14.809572
15.026414
14.915867
14.699025
15.243257
15.136961
15.247508
15.136961
14.59273
14.80532
14.59273
15.464349
15.353802
14.59273
15.681192
15.026414
15.791739
15.460098
15.464349
16.114876
14.809572
14.920118
15.026414
15.353802
15.243257
15.026414
15.136961
15.243257
15.676941
15.136961
14.920118
15.787488
15.026414
15.136961
15.026414
14.048498
15.681192
14.915867
15.787488
15.030665
15.353802
15.247508
14.588478
14.809572
15.030665
15.136961
15.787488
15.570645
15.136961
15.243257
15.136961
14.809572
15.136961
15.898033
15.787488
14.920118
15.353802
15.681192
15.570645
15.681192
15.353802
16.114876
15.898033
15.791739
14.915867
15.136961
14.703277
15.570645
15.681192
15.570645
15.136961
15.570645
15.030665
15.681192
15.681192
15.136961
15.136961
15.898033
14.809572
14.261088
14.920118
14.809572
15.570645
15.026414
14.699025
15.353802
15.030665
14.809572
14.59273
15.574896
15.681192
15.460098
15.026414
15.243257
14.920118
14.915867
15.136961
14.59273
15.136961
15.353802
15.243257
15.353802
14.920118
15.243257
14.809572
16.225424
15.681192
14.699025
15.136961
14.915867
15.464349
14.699025
14.809572
14.699025
15.681192
15.026414
15.136961
15.030665
15.464349
14.699025
14.809572
15.136961
15.247508
15.136961
15.681192
15.026414
15.026414
14.809572
15.353802
15.026414
14.4821825
15.681192
15.1327095
15.243257
14.920118
15.026414
15.243257
15.136961
14.699025
14.699025
15.353802
15.136961
14.809572
15.353802
14.809572
15.136961
15.570645
15.681192
15.570645
14.809572
14.4821825
15.791739
15.026414
15.787488
15.136961
14.265341
14.59273
15.460098
15.353802
14.809572
15.243257
14.809572
15.570645
15.353802
15.136961
15.464349
15.243257
15.136961
16.225424
15.026414
15.026414
14.703277
14.59273
15.026414
15.353802
15.136961
15.787488
14.920118
14.920118
15.353802
15.570645
16.008581
14.59273
15.026414
15.247508
15.570645
15.136961
15.570645
15.136961
15.570645
15.570645
15.247508
15.787488
15.243257
14.699025
16.008581
15.136961
15.570645
14.59273
15.353802
15.787488
15.136961
15.247508
15.026414
15.353802
15.136961
15.570645
14.809572
15.570645
15.349551
15.136961
14.699025
15.136961
14.915867
14.920118
15.026414
14.59273
15.460098
15.570645
15.247508
15.787488
15.243257
16.33597
14.809572
14.809572
15.243257
14.809572
16.225424
14.915867
15.026414
14.920118
15.026414
14.4821825
14.915867
14.920118
15.136961
15.681192
15.247508
15.898033
15.787488
14.80532
15.681192
15.136961
15.026414
15.570645
15.136961
15.681192
15.570645
15.353802
15.243257
15.026414
15.464349
15.136961
15.026414
14.4821825
16.442265
14.915867
14.699025
16.33597
15.353802
14.809572
15.787488
14.920118
15.136961
16.114876
15.353802
14.920118
15.681192
15.353802
14.59273
15.464349
15.681192
16.114876
15.026414
15.243257
16.008581
15.570645
15.681192
15.247508
14.915867
15.898033
14.920118
15.681192
15.787488
14.4821825
14.809572
15.136961
15.026414
14.59273
15.353802
15.570645
15.570645
15.026414
15.247508
15.243257
14.920118
15.464349
15.026414
14.915867
14.809572
15.136961
15.464349
14.699025
14.809572
14.699025
15.026414
14.699025
15.791739
14.915867
15.243257
15.136961
15.460098
15.570645
15.353802
15.136961
15.353802
14.699025
14.703277
15.681192
15.787488
15.353802
15.681192
15.026414
14.4821825
14.4821825
15.026414
14.809572
15.464349
14.588478
15.681192
15.136961
15.898033
15.570645
15.353802
15.574896
14.699025
15.570645
16.008581
15.026414
15.681192
15.026414
14.59273
15.898033
15.681192
15.791739
15.681192
14.699025
14.809572
15.136961
15.898033
15.460098
15.787488
15.570645
14.920118
15.681192
14.699025
14.699025
14.920118
14.809572
15.243257
15.681192
14.59273
14.699025
15.898033
14.59273
15.791739
15.898033
15.136961
15.136961
15.026414
15.570645
15.026414
15.791739
15.247508
15.681192
14.809572
14.809572
15.460098
15.681192
15.353802
15.243257
14.699025
15.026414
14.4821825
15.464349
15.353802
15.353802
15.787488
15.570645
14.809572
15.681192
14.4821825
14.699025
15.681192
15.791739
15.353802
14.915867
15.136961
15.026414
15.464349
15.1327095
15.570645
15.353802
15.676941
14.920118
14.920118
14.915867
15.243257
15.243257
14.920118
15.247508
15.136961
14.371635
14.920118
14.920118
14.375887
15.787488
14.809572
14.809572
15.681192
15.026414
15.026414
14.4821825
15.247508
15.787488
15.570645
16.008581
14.375887
15.353802
14.371635
14.920118
15.247508
15.136961
15.787488
15.898033
14.920118
15.247508
15.026414
14.59273
15.464349
15.136961
15.026414
14.920118
14.920118
15.136961
15.243257
14.375887
15.464349
15.247508
14.920118
15.136961
14.920118
15.026414
15.353802
15.243257
14.920118
14.4821825
15.026414
15.026414
14.809572
15.898033
14.920118
15.570645
15.570645
14.809572
15.681192
15.570645
14.154794
15.681192
15.353802
14.920118
15.026414
15.243257
15.353802
15.681192
14.809572
15.026414
14.4821825
15.136961
15.898033
15.570645
15.026414
15.136961
14.703277
14.915867
14.4821825
15.570645
14.920118
15.353802
15.460098
15.026414
16.119127
14.699025
15.026414
14.4821825
15.570645
14.920118
15.026414
15.243257
14.375887
15.570645
15.787488
14.920118
15.570645
14.915867
15.030665
14.809572
15.464349
14.809572
15.464349
15.787488
15.464349
15.787488
15.464349
15.026414
15.570645
16.008581
14.59273
15.136961
15.136961
16.114876
14.809572
15.026414
15.570645
15.570645
15.898033
14.915867
14.4821825
15.681192
14.699025
15.464349
15.026414
15.026414
15.464349
14.915867
14.920118
15.898033
14.920118
15.026414
15.460098
14.920118
14.809572
15.570645
15.898033
14.59273
14.699025
15.136961
15.243257
15.898033
14.59273
14.809572
15.791739
14.809572
15.136961
15.681192
15.353802
15.353802
15.681192
15.353802
15.243257
15.787488
14.920118
15.026414
15.353802
15.681192
14.699025
15.243257
15.681192
15.026414
15.136961
14.699025
15.243257
14.920118
14.809572
15.676941
15.136961
15.464349
14.809572
16.00433
15.787488
15.026414
15.353802
15.787488
14.699025
15.570645
15.460098
14.375887
14.59273
15.570645
15.136961
16.114876
15.353802
15.026414
15.787488
14.920118
15.026414
14.915867
15.136961
16.225424
14.4821825
15.681192
15.243257
14.809572
15.353802
15.787488
15.243257
14.699025
15.681192
15.787488
14.920118
15.136961
14.59273
14.699025
15.136961
15.570645
15.353802
16.008581
16.114876
15.026414
14.915867
15.026414
14.809572
15.247508
15.243257
15.026414
15.787488
14.699025
15.681192
14.4821825
14.4821825
15.353802
14.920118
15.1327095
14.920118
14.915867
15.460098
14.809572
15.136961
14.915867
15.570645
14.809572
14.915867
15.136961
15.570645
14.4821825
15.136961
15.787488
15.460098
14.920118
15.464349
15.570645
15.681192
15.460098
15.898033
15.787488
15.353802
15.353802
15.460098
15.898033
15.460098
15.898033
14.59273
15.574896
15.026414
14.371635
15.243257
15.243257
15.460098
14.699025
15.353802
15.787488
14.80532
14.59273
15.353802
15.026414
15.460098
15.681192
15.026414
15.787488
15.353802
14.4821825
14.4821825
15.681192
15.136961
15.681192
14.4821825
15.026414
15.026414
15.898033
15.464349
15.026414
15.026414
14.809572
14.920118
14.809572
15.026414
14.699025
15.243257
15.026414
15.353802
15.136961
14.915867
15.570645
15.898033
14.915867
15.243257
15.026414
14.809572
14.4821825
15.791739
14.915867
14.915867
14.809572
14.809572
15.570645
15.787488
15.243257
15.026414
14.915867
15.898033
15.353802
15.460098
14.809572
15.681192
15.353802
15.136961
15.570645
15.898033
14.809572
15.243257
14.699025
15.464349
15.026414
15.681192
15.353802
15.570645
14.699025
14.920118
15.464349
15.460098
15.681192
15.353802
14.915867
15.243257
14.809572
15.460098
14.371635
15.353802
14.4821825
15.136961
15.243257
15.1327095
14.809572
15.570645
15.026414
15.026414
14.265341
15.026414
15.570645
14.809572
15.681192
16.00433
15.243257
15.570645
15.243257
14.915867
15.570645
15.353802
14.4821825
15.898033
14.809572
14.809572
15.243257
15.681192
15.247508
15.460098
15.570645
15.353802
15.026414
15.570645
14.915867
15.026414
15.353802
15.136961
15.570645
15.136961
15.570645
14.809572
15.570645
15.898033
14.59273
16.008581
15.570645
15.570645
15.353802
14.809572
15.570645
15.570645
15.243257
15.243257
14.4821825
14.371635
14.920118
15.353802
14.699025
14.4821825
14.809572
15.460098
15.026414
14.699025
14.59273
15.787488
15.136961
15.681192
15.353802
15.570645
15.136961
15.243257
15.570645
15.243257
14.4821825
15.136961
15.353802
14.809572
15.247508
15.570645
15.026414
15.898033
15.026414
15.570645
14.59273
14.920118
14.809572
14.809572
15.026414
15.247508
15.1327095
15.243257
15.570645
15.026414
15.460098
14.920118
15.353802
15.026414
15.243257
15.1327095
14.920118
14.915867
14.699025
14.703277
14.809572
14.699025
15.570645
15.570645
14.809572
15.353802
15.353802
15.570645
15.570645
15.243257
15.681192
15.026414
14.699025
15.464349
14.809572
15.787488
15.898033
15.026414
15.460098
16.114876
14.703277
15.026414
15.353802
14.59273
14.809572
14.699025
15.464349
14.920118
14.915867
15.243257
15.570645
15.570645
15.026414
15.026414
15.026414
15.681192
14.59273
15.570645
15.460098
14.699025
15.136961
15.570645
14.920118
15.026414
14.920118
15.026414
15.136961
15.898033
14.809572
14.699025
14.59273
15.136961
15.247508
15.243257
14.699025
14.809572
15.681192
14.4821825
14.809572
15.353802
15.570645
15.570645
15.681192
15.136961
15.460098
14.915867
14.920118
15.570645
15.898033
15.026414
14.4821825
15.353802
15.353802
15.136961
15.570645
15.681192
15.681192
14.699025
14.4821825
16.008581
15.026414
14.59273
14.699025
14.154794
15.026414
15.026414
14.809572
16.114876
15.460098
14.699025
14.59273
14.59273
15.570645
14.915867
15.243257
15.026414
14.809572
15.570645
15.353802
15.353802
15.570645
15.353802
14.809572
14.920118
14.915867
14.915867
15.136961
14.699025
15.787488
15.676941
15.353802
15.681192
14.59273
15.026414
15.898033
15.681192
15.136961
15.787488
15.243257
14.809572
14.699025
15.787488
15.136961
15.026414
15.026414
15.136961
15.026414
15.026414
15.026414
15.460098
15.026414
15.353802
14.265341
15.464349
15.353802
15.460098
15.787488
15.570645
15.787488
15.353802
14.915867
14.699025
15.026414
15.136961
15.460098
14.809572
15.026414
14.59273
14.809572
14.920118
15.570645
15.787488
14.699025
15.136961
15.353802
15.026414
15.464349
15.136961
15.247508
15.353802
14.915867
15.026414
15.464349
15.136961
15.570645
15.464349
15.026414
15.570645
15.353802
15.791739
15.570645
15.243257
16.114876
15.464349
15.136961
15.026414
16.114876
15.026414
15.243257
15.570645
14.699025
15.353802
15.136961
15.570645
15.243257
15.570645
15.026414
15.353802
15.136961
15.243257
14.809572
15.681192
15.026414
14.699025
16.008581
16.00433
14.4821825
15.898033
14.809572
15.898033
15.026414
15.353802
14.809572
15.898033
15.247508
15.898033
15.136961
14.4821825
14.915867
15.353802
15.353802
15.243257
15.243257
14.809572
15.570645
15.243257
15.464349
15.460098
14.588478
15.353802
14.915867
15.136961
15.570645
14.809572
14.915867
16.114876
14.4821825
14.809572
15.787488
14.80532
15.898033
15.676941
14.4821825
15.681192
15.570645
15.681192
15.026414
15.136961
15.681192
14.809572
15.026414
14.699025
14.920118
14.920118
15.898033
14.915867
14.371635
15.791739
15.136961
15.026414
15.464349
14.915867
15.243257
15.464349
15.681192
14.809572
15.353802
15.243257
14.588478
15.681192
15.026414
15.464349
15.353802
15.681192
15.136961
15.353802
15.026414
14.59273
14.920118
15.026414
14.915867
14.920118
14.703277
15.1327095
14.4821825
15.353802
15.026414
15.243257
14.809572
15.681192
15.353802
15.247508
15.243257
16.225424
15.460098
14.920118
15.243257
14.699025
15.898033
15.353802
15.026414
15.353802
15.787488
14.59273
15.353802
15.898033
15.353802
15.570645
15.026414
15.243257
15.787488
15.570645
15.464349
14.4821825
15.681192
15.570645
14.809572
15.898033
15.026414
15.353802
15.243257
15.026414
15.136961
14.809572
14.588478
15.353802
15.570645
15.136961
14.809572
14.371635
14.809572
15.353802
15.026414
14.4821825
15.464349
15.243257
14.699025
14.699025
15.243257
15.570645
15.026414
15.460098
15.349551
14.703277
15.353802
14.4821825
15.136961
15.898033
15.570645
14.915867
14.265341
15.247508
15.570645
15.026414
14.809572
14.920118
15.136961
14.699025
15.570645
14.920118
15.681192
15.898033
15.787488
14.59273
15.570645
14.809572
14.699025
15.460098
14.809572
15.898033
15.136961
14.59273
15.681192
15.787488
14.699025
15.570645
14.699025
15.464349
15.898033
14.59273
15.026414
15.026414
16.008581
14.809572
14.4821825
15.136961
15.681192
14.4821825
14.915867
14.703277
15.136961
15.570645
15.570645
15.243257
14.920118
15.570645
15.460098
15.460098
15.460098
14.265341
15.681192
15.026414
15.464349
14.915867
15.353802
14.809572
14.809572
15.353802
15.243257
14.59273
15.681192
15.676941
14.371635
16.008581
14.59273
16.008581
15.026414
15.243257
15.243257
14.809572
16.008581
15.026414
15.243257
15.136961
14.59273
15.681192
14.4821825
14.154794
16.008581
14.809572
15.136961
15.898033
15.681192
15.136961
14.375887
14.920118
15.353802
14.809572
15.026414
15.681192
15.243257
15.898033
14.915867
14.699025
14.809572
14.699025
14.588478
15.464349
16.119127
15.898033
14.699025
15.243257
15.136961
14.920118
14.699025
14.59273
14.920118
15.353802
15.898033
15.460098
14.699025
15.026414
15.353802
15.353802
14.915867
15.681192
15.898033
14.375887
15.570645
14.809572
15.681192
15.243257
14.915867
14.4821825
15.681192
15.136961
15.136961
14.809572
15.247508
14.699025
15.026414
15.460098
14.920118
15.243257
15.247508
15.464349
15.787488
15.026414
15.1327095
14.809572
16.119127
15.136961
15.570645
16.114876
15.353802
15.136961
14.265341
15.570645
14.915867
14.915867
15.353802
15.353802
14.699025
15.460098
14.809572
16.008581
15.136961
15.026414
14.915867
14.588478
14.809572
14.703277
14.809572
15.026414
15.898033
14.915867
15.460098
16.008581
15.898033
15.136961
16.00433
15.243257
16.008581
14.920118
14.915867
15.570645
14.809572
14.809572
15.570645
14.699025
14.809572
15.353802
15.681192
15.243257
15.460098
14.809572
15.353802
15.136961
15.243257
14.371635
15.464349
15.681192
16.008581
14.915867
15.136961
15.464349
15.681192
15.460098
15.898033
14.699025
15.464349
15.787488
15.1327095
15.243257
15.681192
15.681192
15.353802
15.026414
15.026414
15.464349
15.136961
15.570645
15.026414
14.4821825
15.570645
15.1327095
15.026414
14.59273
15.353802
15.026414
15.243257
15.681192
15.681192
15.353802
15.353802
15.136961
15.026414
14.809572
15.353802
15.791739
15.464349
15.570645
15.787488
15.353802
14.920118
16.008581
14.699025
15.1327095
14.4821825
14.809572
14.809572
15.026414
15.243257
14.915867
15.460098
15.026414
15.898033
15.026414
14.699025
15.787488
15.570645
14.809572
15.243257
14.809572
15.353802
15.353802
15.460098
15.026414
14.265341
15.570645
15.243257
14.920118
14.920118
15.243257
15.1327095
14.809572
15.570645
15.570645
14.809572
15.464349
15.136961
14.920118
14.920118
15.570645
15.898033
15.681192
15.136961
14.915867
14.588478
14.809572
15.353802
15.464349
15.460098
14.59273
14.809572
15.898033
15.243257
14.915867
14.699025
15.243257
15.026414
14.915867
15.787488
14.4821825
14.920118
15.787488
14.59273
15.247508
15.353802
15.460098
14.4821825
14.4821825
14.699025
14.699025
14.699025
15.026414
15.026414
14.4821825
14.920118
15.026414
14.915867
15.353802
15.353802
14.699025
14.915867
15.353802
15.243257
15.353802
15.353802
15.243257
14.154794
15.353802
15.353802
14.4821825
14.915867
15.353802
15.353802
15.353802
15.026414
14.699025
15.353802
15.791739
14.699025
14.809572
15.681192
15.570645
14.699025
14.809572
14.588478
15.787488
15.898033
15.460098
15.243257
15.136961
14.699025
14.699025
15.136961
15.570645
15.030665
14.699025
15.026414
14.809572
15.787488
14.265341
15.136961
15.353802
15.026414
15.353802
15.026414
15.1327095
15.136961
15.026414
14.809572
14.4821825
15.464349
15.353802
15.026414
15.570645
15.243257
15.460098
14.699025
14.920118
15.026414
15.026414
15.787488
14.809572
14.4821825
15.681192
16.008581
15.136961
14.920118
15.353802
15.026414
15.026414
15.026414
15.026414
15.464349
15.464349
15.353802
15.570645
15.353802
15.570645
15.464349
15.136961
14.915867
14.809572
15.243257
15.243257
14.920118
15.353802
15.460098
15.026414
15.681192
16.00433
14.920118
15.026414
15.243257
15.681192
15.026414
15.570645
15.353802
14.809572
15.026414
14.809572
15.464349
15.026414
14.4821825
15.570645
15.136961
14.809572
14.809572
15.026414
15.136961
15.570645
15.787488
15.136961
14.809572
15.243257
15.570645
14.809572
15.460098
14.809572
15.681192
15.681192
14.915867
15.243257
14.4821825
15.898033
15.026414
14.809572
14.809572
15.898033
14.809572
15.136961
15.026414
14.703277
15.570645
15.460098
15.570645
15.1327095
15.247508
15.460098
15.460098
15.681192
15.026414
15.460098
15.464349
15.026414
14.920118
15.460098
14.4821825
15.026414
14.59273
15.570645
15.570645
15.787488
14.920118
14.920118
15.353802
15.570645
15.353802
15.136961
15.898033
14.809572
15.243257
14.809572
15.136961
14.371635
15.243257
14.809572
15.136961
15.026414
14.699025
15.570645
15.353802
15.681192
15.898033
15.787488
14.809572
15.026414
15.136961
15.898033
15.243257
14.915867
14.809572
15.243257
15.026414
15.136961
15.464349
15.353802
15.460098
15.136961
15.243257
14.809572
14.4821825
15.136961
15.898033
14.265341
15.681192
15.353802
16.114876
15.243257
15.570645
15.136961
15.136961
14.699025
15.898033
14.703277
14.703277
15.570645
15.570645
15.353802
15.026414
15.353802
14.915867
15.243257
15.353802
15.460098
15.026414
15.353802
15.681192
15.026414
14.915867
14.4821825
14.920118
15.570645
14.4821825
15.570645
15.136961
15.026414
15.787488
15.026414
15.136961
15.026414
15.243257
15.460098
15.353802
14.920118
15.681192
14.915867
15.681192
15.136961
15.136961
15.898033
15.353802
15.681192
15.243257
15.353802
14.699025
14.920118
15.136961
14.915867
14.699025
15.570645
15.898033
15.136961
15.570645
16.00433
15.570645
15.353802
15.136961
14.703277
14.915867
14.265341
15.464349
15.136961
15.026414
15.026414
14.809572
15.570645
15.570645
15.026414
14.59273
15.570645
15.464349
15.464349
15.464349
15.570645
14.915867
14.809572
15.136961
15.681192
15.460098
15.353802
14.920118
14.920118
15.243257
14.375887
15.464349
15.787488
15.570645
15.898033
15.570645
15.570645
14.809572
15.464349
15.353802
15.570645
15.464349
15.353802
14.915867
15.353802
14.809572
15.353802
15.243257
14.699025
14.809572
15.353802
15.570645
14.4821825
14.920118
14.809572
15.460098
15.570645
14.4821825
15.243257
15.353802
14.699025
15.247508
15.026414
15.243257
15.681192
14.920118
15.898033
15.787488
14.809572
15.681192
15.243257
14.809572
15.026414
14.809572
15.787488
16.114876
14.265341
15.681192
14.4821825
15.681192
16.114876
14.809572
15.570645
15.026414
15.243257
15.898033
15.136961
16.00433
15.570645
14.4821825
15.464349
14.699025
14.154794
15.898033
15.570645
15.026414
15.349551
14.809572
15.464349
15.681192
15.353802
15.026414
15.136961
14.59273
15.026414
14.703277
16.008581
15.349551
15.570645
15.136961
14.809572
15.243257
15.026414
14.699025
15.136961
15.570645
14.4821825
15.136961
15.026414
15.460098
15.243257
15.681192
15.570645
15.353802
14.265341
15.136961
15.353802
15.787488
15.460098
14.699025
15.464349
14.809572
14.371635
15.353802
14.809572
14.699025
15.136961
14.59273
15.787488
16.225424
15.898033
14.699025
14.59273
15.353802
15.787488
15.676941
15.464349
15.353802
14.699025
14.809572
15.570645
14.915867
15.898033
14.809572
14.588478
15.026414
15.136961
15.136961
14.809572
15.353802
15.570645
14.920118
15.898033
15.243257
14.699025
15.570645
14.920118
15.353802
15.898033
14.915867
15.026414
14.920118
15.787488
15.026414
14.920118
15.353802
15.026414
15.243257
14.699025
14.809572
15.681192
14.4821825
14.809572
14.588478
14.4821825
15.676941
15.787488
14.809572
14.59273
15.026414
15.247508
15.353802
15.898033
14.809572
14.699025
14.809572
15.136961
14.699025
14.59273
14.699025
15.353802
15.460098
14.920118
14.4821825
15.1327095
14.59273
15.898033
15.787488
15.026414
14.703277
14.699025
15.243257
15.787488
14.809572
14.154794
15.136961
14.809572
14.915867
15.460098
14.809572
15.353802
16.00433
15.243257
15.136961
14.588478
14.920118
15.681192
15.787488
14.59273
16.119127
14.809572
15.353802
15.136961
15.570645
15.349551
16.008581
14.699025
14.699025
15.243257
15.570645
15.136961
15.353802
14.59273
15.247508
15.787488
14.809572
15.681192
15.570645
14.915867
15.136961
15.353802
15.353802
15.787488
14.915867
15.464349
15.460098
15.570645
15.570645
14.809572
15.1327095
14.80532
15.136961
15.026414
14.699025
14.915867
16.008581
15.026414
15.243257
15.026414
15.353802
15.570645
15.026414
15.570645
14.809572
15.353802
15.136961
15.026414
14.915867
15.898033
15.898033
14.809572
15.026414
15.247508
15.026414
15.353802
15.353802
15.1327095
15.570645
14.809572
14.4821825
15.681192
14.4821825
14.59273
14.699025
15.464349
14.699025
14.915867
15.787488
14.920118
14.915867
14.809572
14.699025
14.59273
14.920118
15.787488
14.59273
14.699025
15.787488
14.809572
15.787488
14.699025
14.4821825
15.570645
14.4821825
15.026414
14.4821825
15.787488
15.570645
15.898033
16.00433
15.353802
15.026414
15.898033
15.570645
14.915867
16.00433
15.681192
15.353802
15.026414
15.026414
15.681192
14.699025
15.570645
15.791739
15.681192
14.915867
15.681192
14.809572
15.026414
14.588478
15.464349
15.136961
15.136961
15.136961
15.898033
14.915867
15.464349
14.915867
15.570645
15.681192
15.570645
15.898033
15.460098
15.243257
15.247508
14.809572
15.353802
14.809572
15.243257
15.464349
14.371635
15.464349
15.243257
14.809572
15.247508
15.570645
14.699025
15.136961
14.59273
14.4821825
15.570645
15.570645
14.809572
15.026414
14.809572
14.809572
15.898033
15.026414
15.353802
15.898033
15.570645
15.570645
15.681192
15.681192
14.59273
14.809572
15.681192
15.898033
15.243257
15.353802
15.681192
15.026414
15.460098
14.809572
15.681192
14.915867
15.136961
14.59273
15.136961
14.699025
15.026414
15.791739
15.681192
15.681192
15.898033
14.809572
15.136961
15.676941
14.4821825
14.699025
14.699025
15.353802
14.920118
15.243257
15.570645
14.920118
14.915867
14.809572
15.136961
15.787488
14.59273
14.920118
14.920118
14.588478
15.464349
14.59273
15.787488
14.915867
15.136961
14.809572
14.809572
15.026414
14.920118
14.920118
14.809572
14.809572
14.375887
15.464349
15.353802
15.026414
14.4821825
15.136961
14.699025
15.136961
15.787488
14.699025
15.136961
14.4821825
14.699025
14.4821825
14.809572
14.588478
15.026414
15.136961
15.898033
14.699025
15.243257
16.225424
15.026414
15.243257
15.353802
14.375887
15.898033
15.787488
14.265341
15.026414
15.353802
14.4821825
15.898033
15.464349
15.026414
15.243257
15.243257
14.265341
14.809572
15.898033
15.026414
15.030665
15.898033
14.265341
14.703277
15.570645
15.898033
15.353802
14.375887
15.681192
14.915867
14.59273
15.136961
15.353802
14.809572
15.026414
15.460098
14.809572
14.920118
14.4821825
14.4821825
15.026414
15.026414
15.026414
15.026414
15.464349
15.681192
15.026414
14.699025
15.898033
15.787488
14.809572
15.464349
15.136961
15.349551
15.464349
14.809572
14.809572
14.59273
15.026414
15.026414
16.00433
15.026414
15.243257
15.1327095
14.59273
15.570645
15.893782
15.026414
14.809572
15.464349
14.59273
15.353802
15.1327095
15.570645
15.681192
15.898033
15.464349
15.460098
15.681192
15.681192
14.915867
14.699025
15.353802
15.353802
15.353802
15.026414
14.915867
14.809572
15.570645
14.915867
15.464349
14.920118
15.243257
14.920118
15.460098
15.243257
14.154794
14.699025
15.353802
14.915867
15.353802
15.570645
14.915867
15.353802
15.243257
15.243257
15.136961
15.464349
15.570645
15.570645
15.353802
14.809572
15.1327095
15.570645
14.59273
16.114876
15.898033
15.136961
14.915867
15.136961
15.681192
15.243257
14.809572
15.898033
15.136961
14.699025
15.026414
15.464349
15.136961
14.699025
15.026414
15.460098
14.371635
15.681192
15.570645
14.915867
15.026414
15.243257
14.809572
15.136961
15.026414
14.699025
14.920118
15.243257
14.044247
15.681192
14.809572
15.353802
15.136961
14.915867
15.570645
14.809572
15.026414
14.265341
15.681192
15.570645
14.588478
15.570645
14.809572
15.460098
15.570645
14.920118
14.915867
15.026414
14.371635
15.026414
14.809572
14.699025
15.570645
15.353802
15.353802
15.460098
14.699025
15.247508
15.460098
15.353802
15.026414
15.026414
15.681192
15.681192
14.809572
14.80532
14.809572
14.375887
15.243257
14.699025
14.4821825
15.353802
15.026414
14.699025
15.570645
15.136961
15.243257
14.809572
14.4821825
15.353802
14.371635
15.136961
15.353802
15.353802
14.699025
15.136961
15.243257
15.353802
14.59273
14.915867
15.026414
15.681192
15.570645
14.699025
15.460098
15.136961
15.026414
15.353802
15.136961
15.787488
14.4821825
14.59273
15.353802
14.699025
15.464349
14.699025
14.4821825
15.898033
15.681192
14.699025
15.353802
14.4821825
14.915867
15.136961
15.026414
14.809572
15.353802
14.809572
15.243257
15.136961
14.4821825
15.243257
14.809572
15.136961
14.915867
15.570645
15.136961
15.026414
15.570645
14.699025
14.809572
15.570645
14.375887
15.353802
15.570645
15.570645
15.026414
15.898033
14.59273
15.247508
15.460098
14.4821825
15.353802
14.80532
14.59273
15.791739
15.243257
14.4821825
14.920118
14.4821825
14.154794
15.681192
14.699025
14.809572
14.920118
15.026414
15.570645
15.136961
15.026414
14.809572
14.699025
14.809572
15.787488
14.915867
14.703277
14.4821825
15.570645
14.59273
15.681192
15.570645
15.353802
15.681192
14.809572
14.59273
15.353802
15.026414
15.898033
15.353802
14.4821825
14.809572
14.699025
15.136961
15.026414
14.809572
15.026414
15.353802
15.1327095
14.699025
15.247508
14.699025
15.353802
15.026414
15.681192
15.353802
14.920118
15.791739
15.898033
14.699025
15.136961
14.809572
15.570645
15.791739
16.114876
14.809572
15.681192
15.464349
14.699025
15.570645
15.136961
15.243257
15.026414
15.353802
15.026414
15.570645
15.243257
15.026414
15.026414
14.699025
16.008581
15.243257
15.460098
15.681192
15.026414
15.026414
15.243257
14.809572
14.59273
15.898033
15.570645
15.136961
14.371635
15.247508
15.243257
14.699025
15.464349
15.460098
14.809572
14.809572
15.353802
15.136961
15.243257
15.791739
15.136961
15.353802
16.00433
15.243257
15.570645
14.809572
15.243257
15.574896
14.809572
15.787488
14.920118
15.353802
14.044247
14.59273
15.136961
15.136961
15.353802
15.026414
14.699025
15.681192
14.809572
15.026414
15.570645
15.026414
15.136961
15.570645
14.59273
14.809572
15.787488
15.353802
15.898033
14.588478
14.4821825
14.915867
15.570645
15.136961
14.4821825
15.247508
15.676941
14.915867
14.699025
15.898033
15.247508
15.787488
15.026414
15.136961
14.915867
14.375887
15.026414
14.809572
15.791739
14.915867
15.243257
15.898033
15.243257
15.460098
15.243257
15.570645
15.243257
14.4821825
15.353802
14.265341
15.898033
15.353802
15.787488
14.809572
15.570645
14.699025
15.353802
14.699025
14.699025
14.915867
15.570645
14.809572
16.114876
15.570645
15.681192
15.243257
14.371635
15.898033
15.243257
14.699025
16.225424
14.915867
15.243257
15.1327095
15.787488
15.026414
14.920118
15.898033
15.247508
15.681192
14.699025
15.026414
15.570645
15.898033
15.026414
15.026414
15.681192
15.026414
14.809572
15.026414
15.570645
15.353802
15.030665
15.243257
14.699025
15.898033
15.570645
14.4821825
15.136961
15.026414
15.243257
15.026414
15.353802
14.920118
14.915867
14.920118
15.681192
15.460098
15.353802
14.809572
15.464349
15.460098
14.371635
14.809572
15.681192
14.915867
14.154794
15.026414
15.136961
14.371635
14.809572
14.265341
15.353802
15.353802
15.243257
15.570645
14.59273
15.898033
15.787488
15.026414
14.699025
15.570645
14.4821825
15.898033
14.59273
15.570645
15.353802
14.809572
14.699025
15.464349
14.915867
14.4821825
15.353802
14.703277
15.681192
14.699025
15.243257
14.809572
15.681192
14.809572
14.809572
14.920118
14.809572
15.787488
15.460098
15.136961
15.570645
14.59273
15.898033
14.809572
15.898033
15.026414
14.4821825
15.898033
15.353802
15.570645
15.026414
15.570645
14.809572
15.136961
14.699025
15.460098
15.570645
14.920118
14.699025
15.026414
15.676941
14.699025
15.464349
15.136961
15.681192
15.676941
14.699025
15.681192
14.699025
15.570645
15.464349
15.026414
15.026414
16.00433
15.026414
15.681192
15.570645
14.699025
15.136961
15.136961
15.026414
15.243257
14.699025
14.920118
14.699025
14.265341
15.570645
15.464349
14.699025
15.898033
15.353802
16.114876
15.570645
15.026414
15.570645
14.59273
15.787488
15.1327095
14.375887
15.570645
15.349551
14.809572
15.681192
15.353802
15.243257
15.136961
15.353802
15.026414
15.243257
14.809572
14.4821825
15.681192
16.114876
14.809572
14.703277
15.243257
15.243257
14.699025
15.353802
15.243257
14.59273
14.809572
14.809572
15.243257
14.265341
15.353802
14.809572
14.265341
15.681192
15.026414
15.026414
15.247508
15.353802
15.026414
15.570645
15.136961
14.920118
15.460098
15.460098
14.920118
15.136961
15.136961
15.787488
14.59273
14.588478
14.4821825
15.136961
15.136961
15.570645
15.243257
15.026414
15.570645
15.464349
15.136961
14.699025
15.353802
15.893782
15.026414
15.247508
16.114876
14.4821825
15.681192
14.915867
14.375887
14.809572
15.787488
14.4821825
15.136961
15.570645
15.026414
14.371635
15.681192
14.699025
15.787488
14.809572
15.570645
15.898033
14.4821825
15.353802
16.00433
15.353802
14.699025
14.80532
14.699025
15.570645
15.030665
15.681192
15.026414
15.681192
15.243257
15.026414
14.915867
15.898033
15.026414
15.460098
15.681192
14.809572
15.026414
16.00433
15.681192
14.920118
15.243257
14.59273
15.570645
15.570645
14.915867
14.371635
15.136961
14.920118
14.699025
15.136961
15.570645
14.699025
15.136961
14.699025
15.1327095
15.898033
15.136961
15.464349
14.915867
15.243257
15.681192
14.59273
15.570645
14.915867
14.809572
15.247508
15.136961
14.154794
15.136961
15.898033
14.699025
14.809572
14.4821825
14.920118
15.026414
14.371635
14.809572
15.1327095
14.699025
15.247508
15.243257
14.809572
15.243257
14.375887
15.464349
14.4821825
14.4821825
15.898033
15.026414
15.791739
14.920118
15.026414
15.570645
14.59273
15.681192
15.026414
14.59273
15.353802
14.59273
15.353802
14.809572
14.375887
15.681192
15.353802
15.681192
15.243257
14.915867
14.809572
14.915867
15.464349
14.809572
15.136961
15.464349
15.681192
15.570645
15.787488
14.4821825
16.008581
15.681192
14.915867
15.1327095
14.4821825
14.809572
14.920118
14.920118
14.699025
15.243257
15.681192
14.809572
15.787488
15.243257
14.4821825
15.791739
15.243257
14.699025
15.570645
14.588478
15.353802
15.026414
15.026414
15.026414
15.460098
14.920118
15.787488
15.570645
15.136961
14.809572
15.026414
15.243257
14.920118
15.136961
15.026414
15.349551
15.464349
14.809572
15.353802
15.026414
14.809572
15.353802
14.809572
14.699025
14.699025
15.353802
15.026414
15.026414
15.353802
14.809572
14.915867
14.809572
15.243257
15.136961
15.570645
15.570645
15.026414
14.59273
15.026414
15.460098
14.809572
15.247508
15.243257
15.570645
15.136961
15.136961
15.136961
14.699025
15.353802
16.114876
15.353802
14.699025
15.681192
14.809572
15.243257
15.1327095
15.136961
15.243257
14.375887
14.699025
15.787488
14.699025
15.026414
15.460098
16.114876
15.681192
15.243257
14.699025
15.243257
15.570645
14.265341
15.026414
14.809572
15.136961
14.809572
15.570645
15.136961
15.136961
14.4821825
15.136961
15.787488
15.243257
15.570645
15.787488
15.026414
15.026414
14.699025
14.59273
15.026414
14.59273
15.026414
14.915867
15.681192
15.353802
15.353802
15.898033
14.920118
15.681192
15.898033
15.464349
15.570645
15.136961
14.809572
15.353802
15.681192
16.114876
15.464349
15.898033
15.570645
14.915867
14.915867
15.898033
15.243257
15.570645
15.681192
14.920118
15.681192
15.570645
14.699025
14.4821825
15.243257
14.4821825
14.59273
15.464349
15.026414
15.464349
15.353802
15.787488
15.136961
15.026414
15.026414
14.809572
15.681192
15.570645
14.809572
14.915867
14.915867
15.353802
15.136961
15.787488
15.353802
14.59273
15.136961
14.809572
14.915867
14.809572
14.703277
14.915867
15.243257
14.920118
15.353802
14.699025
14.920118
15.898033
15.243257
15.681192
15.353802
15.1327095
15.681192
15.353802
15.026414
15.026414
15.681192
15.136961
14.265341
15.464349
15.026414
14.59273
14.4821825
14.915867
14.265341
15.247508
15.570645
15.026414
15.026414
14.59273
14.915867
15.026414
14.915867
15.136961
14.915867
15.570645
15.243257
15.676941
15.681192
15.026414
14.809572
14.699025
14.920118
14.4821825
14.920118
15.136961
15.353802
14.699025
14.920118
15.243257
14.920118
15.243257
15.026414
15.464349
14.699025
15.681192
15.136961
15.464349
15.898033
14.4821825
14.920118
14.703277
15.026414
16.114876
14.59273
14.920118
15.460098
14.809572
15.681192
15.898033
15.243257
15.136961
15.243257
14.920118
16.00433
14.699025
14.4821825
15.026414
15.243257
15.243257
15.353802
14.703277
15.681192
15.460098
14.809572
15.681192
14.809572
14.809572
15.136961
15.676941
15.570645
15.030665
15.026414
15.026414
15.026414
14.699025
15.353802
15.898033
14.699025
16.008581
15.243257
15.136961
15.353802
15.787488
15.243257
15.353802
15.570645
14.809572
15.136961
14.915867
15.136961
16.008581
15.243257
14.4821825
15.791739
15.026414
15.243257
16.225424
14.920118
15.353802
15.898033
15.464349
15.243257
15.570645
15.136961
14.809572
15.570645
15.136961
14.4821825
15.026414
14.809572
15.353802
15.026414
14.265341
15.136961
15.026414
14.699025
15.136961
15.681192
15.353802
15.787488
14.809572
15.898033
14.809572
15.787488
14.371635
15.026414
16.114876
15.353802
15.681192
15.898033
14.154794
15.026414
15.570645
15.026414
14.915867
15.136961
15.681192
15.243257
15.353802
16.331718
15.570645
15.787488
15.681192
15.353802
15.243257
14.809572
15.136961
15.247508
15.026414
15.353802
14.809572
15.247508
15.243257
15.026414
15.026414
15.136961
15.026414
14.4821825
14.915867
15.570645
14.920118
15.026414
14.4821825
15.681192
14.915867
15.570645
15.460098
14.809572
14.809572
15.026414
15.026414
15.353802
14.809572
15.681192
15.026414
15.460098
14.59273
15.353802
15.026414
14.915867
14.371635
14.920118
15.681192
15.570645
15.787488
14.588478
14.59273
14.4821825
15.026414
15.787488
15.681192
15.247508
14.4821825
15.136961
14.699025
14.4821825
14.920118
14.915867
14.699025
15.898033
15.353802
15.353802
14.699025
14.809572
15.787488
15.681192
15.353802
14.915867
14.809572
14.920118
15.136961
15.353802
15.570645
15.353802
15.570645
15.026414
15.681192
15.681192
15.136961
15.026414
14.699025
15.681192
14.4821825
15.681192
15.026414
15.570645
15.026414
14.915867
14.809572
15.1327095
15.353802
14.59273
14.915867
15.353802
15.353802
14.809572
15.570645
15.026414
14.699025
14.809572
14.809572
14.699025
15.026414
15.136961
14.809572
15.570645
14.4821825
16.008581
15.570645
15.243257
15.787488
15.570645
15.353802
15.243257
14.915867
15.570645
14.59273
15.136961
14.4821825
15.570645
15.570645
14.59273
15.460098
15.570645
14.59273
15.136961
15.1327095
14.4821825
15.136961
15.026414
15.1327095
15.353802
14.915867
15.460098
15.136961
15.681192
15.676941
14.371635
14.809572
15.570645
15.570645
16.00433
15.026414
15.243257
15.460098
15.243257
15.136961
15.136961
15.243257
15.787488
15.570645
15.247508
15.243257
15.353802
15.136961
15.026414
15.136961
15.243257
14.809572
14.809572
15.460098
15.136961
15.136961
14.809572
15.570645
14.809572
15.243257
15.898033
14.699025
14.4821825
14.809572
15.136961
14.699025
14.809572
15.136961
14.809572
14.809572
14.699025
14.699025
15.681192
15.570645
14.371635
15.136961
15.353802
15.243257
15.570645
14.920118
15.570645
14.371635
14.59273
15.353802
14.809572
14.699025
14.59273
16.008581
14.59273
15.681192
15.026414
15.681192
15.570645
15.243257
14.920118
14.59273
15.026414
15.570645
14.703277
14.4821825
16.331718
15.570645
15.136961
15.243257
15.026414
14.809572
15.570645
15.353802
14.809572
15.1327095
15.570645
14.920118
15.026414
15.026414
16.008581
15.1327095
15.136961
15.681192
15.681192
15.1327095
15.353802
15.247508
15.460098
14.809572
14.699025
15.898033
15.898033
15.026414
14.4821825
15.136961
14.809572
15.570645
15.026414
15.681192
15.136961
15.026414
15.243257
14.920118
15.136961
15.136961
16.00433
15.026414
15.681192
15.353802
15.243257
14.809572
15.247508
15.136961
15.136961
14.809572
15.353802
15.898033
15.464349
15.026414
15.898033
15.681192
15.460098
14.809572
14.809572
15.570645
14.59273
14.699025
16.008581
15.570645
14.59273
14.920118
14.699025
14.809572
15.136961
15.026414
14.154794
14.809572
15.787488
15.681192
14.80532
15.570645
15.570645
15.787488
14.699025
15.681192
15.243257
15.026414
14.588478
15.570645
15.136961
15.353802
15.570645
15.026414
15.570645
14.699025
15.464349
14.699025
14.4821825
14.809572
15.136961
14.588478
14.4821825
15.791739
15.570645
15.243257
14.699025
15.353802
15.681192
14.920118
15.464349
15.787488
14.59273
15.026414
15.353802
15.353802
15.353802
15.791739
15.353802
14.699025
15.681192
15.353802
15.026414
15.460098
15.353802
14.920118
14.915867
15.353802
15.570645
14.915867
15.243257
15.681192
14.809572
15.787488
15.898033
15.243257
15.791739
15.787488
14.809572
14.809572
14.588478
15.026414
14.915867
14.809572
15.243257
14.699025
15.353802
15.464349
16.00433
14.59273
15.464349
14.699025
14.699025
15.464349
15.787488
14.588478
14.920118
14.915867
14.920118
15.247508
15.026414
15.460098
15.026414
15.026414
14.809572
15.026414
15.026414
14.920118
14.588478
14.699025
15.353802
14.699025
15.681192
15.570645
14.809572
14.920118
14.588478
14.699025
15.353802
15.026414
15.026414
14.4821825
15.353802
15.026414
14.920118
15.1327095
15.026414
15.570645
15.026414
14.59273
15.026414
14.920118
15.026414
15.136961
15.243257
15.026414
15.026414
14.699025
14.699025
14.809572
15.570645
15.464349
16.114876
15.353802
15.681192
15.570645
15.026414
14.920118
15.570645
15.570645
15.570645
15.676941
14.920118
15.353802
14.59273
14.4821825
15.898033
15.681192
14.915867
15.026414
15.353802
16.008581
15.026414
15.353802
15.681192
15.681192
14.915867
14.371635
15.353802
14.920118
15.570645
15.243257
15.026414
15.464349
15.136961
15.026414
14.588478
16.331718
14.920118
14.371635
15.026414
15.136961
14.59273
15.353802
14.809572
14.809572
15.460098
14.588478
16.008581
14.699025
14.4821825
15.243257
15.570645
15.353802
14.699025
15.136961
15.681192
15.464349
15.570645
15.681192
15.681192
14.59273
14.920118
15.026414
15.353802
15.026414
15.243257
14.4821825
15.353802
15.026414
15.570645
15.570645
15.353802
15.026414
15.787488
14.699025
14.920118
14.809572
15.787488
15.136961
15.353802
15.570645
15.787488
15.464349
15.570645
14.699025
14.59273
15.247508
14.920118
15.681192
14.59273
15.353802
15.464349
15.570645
15.026414
15.026414
15.026414
15.353802
15.893782
15.353802
15.570645
14.59273
15.460098
15.243257
14.703277
14.920118
15.787488
15.243257
14.920118
14.4821825
14.809572
16.00433
15.353802
15.026414
14.809572
14.699025
15.681192
15.353802
14.809572
15.681192
14.699025
14.920118
15.898033
15.570645
14.59273
14.699025
15.898033
15.243257
15.353802
15.681192
15.681192
14.915867
14.4821825
14.699025
15.243257
14.699025
15.460098
15.026414
15.026414
14.588478
15.136961
15.136961
16.008581
14.915867
14.59273
14.4821825
15.570645
14.809572
14.4821825
15.136961
14.920118
15.353802
15.026414
14.920118
15.898033
14.4821825
15.681192
14.4821825
15.460098
15.787488
15.026414
15.026414
15.570645
15.460098
15.026414
14.809572
15.349551
14.80532
15.464349
15.681192
15.353802
15.026414
15.681192
15.026414
15.787488
14.915867
14.809572
15.353802
15.353802
15.243257
15.243257
15.243257
15.247508
15.243257
14.4821825
16.008581
14.59273
15.353802
15.570645
15.353802
15.898033
15.898033
14.809572
15.787488
14.809572
15.681192
15.136961
15.026414
14.809572
14.809572
14.809572
14.699025
14.699025
14.920118
15.026414
14.809572
15.460098
14.699025
14.59273
14.809572
16.114876
15.787488
14.809572
15.898033
15.787488
14.371635
14.809572
15.247508
15.243257
15.026414
14.59273
15.353802
14.699025
15.026414
14.4821825
15.026414
16.008581
15.353802
14.699025
15.898033
14.699025
14.4821825
14.699025
14.4821825
15.243257
15.243257
15.243257
15.681192
15.243257
15.570645
15.353802
15.898033
14.588478
15.898033
14.699025
14.915867
15.681192
15.136961
15.026414
15.136961
14.4821825
15.898033
15.243257
15.243257
15.570645
15.353802
14.809572
14.699025
14.809572
14.4821825
14.809572
14.699025
14.59273
15.681192
15.787488
14.371635
15.898033
15.898033
15.681192
15.247508
15.136961
15.136961
15.243257
14.59273
15.681192
14.809572
15.353802
15.247508
14.809572
15.570645
15.247508
15.353802
15.353802
15.026414
15.570645
15.247508
15.243257
14.265341
14.699025
15.026414
14.4821825
15.243257
15.136961
15.570645
15.898033
15.136961
15.898033
15.676941
14.154794
15.791739
14.699025
14.699025
15.791739
15.676941
15.787488
15.136961
15.570645
15.791739
14.699025
15.460098
15.681192
14.4821825
15.570645
14.588478
15.243257
15.570645
14.699025
14.4821825
14.699025
15.353802
15.136961
15.570645
15.570645
15.460098
14.4821825
15.136961
15.570645
14.4821825
15.136961
14.265341
15.460098
15.787488
14.699025
15.353802
15.026414
14.809572
15.353802
14.699025
15.570645
15.791739
15.681192
14.4821825
15.353802
15.570645
15.243257
14.809572
14.809572
15.243257
14.59273
14.809572
15.026414
15.353802
15.570645
14.59273
15.353802
15.022162
14.809572
14.809572
15.243257
14.154794
15.681192
14.809572
15.353802
15.681192
15.353802
15.136961
14.699025
14.265341
14.809572
14.80532
15.026414
15.247508
14.915867
14.4821825
14.920118
15.681192
14.4821825
15.030665
15.353802
14.265341
15.464349
15.787488
14.59273
14.699025
15.787488
15.136961
14.809572
14.044247
14.809572
15.136961
15.570645
15.898033
15.026414
15.787488
15.243257
14.703277
14.915867
15.026414
14.59273
14.4821825
15.681192
14.915867
14.699025
15.136961
14.809572
15.460098
14.265341
15.353802
15.026414
15.681192
15.787488
15.787488
15.243257
15.026414
15.570645
15.460098
15.898033
14.4821825
14.699025
14.4821825
14.80532
15.026414
14.920118
15.026414
14.154794
14.809572
16.114876
15.136961
14.809572
14.809572
14.809572
14.809572
15.681192
15.681192
15.353802
14.920118
14.699025
15.353802
15.247508
15.136961
15.1327095
16.008581
15.026414
15.353802
15.353802
14.809572
14.154794
14.920118
15.353802
15.353802
14.699025
15.787488
15.681192
14.915867
15.026414
15.026414
15.243257
14.699025
14.4821825
15.026414
15.1327095
15.353802
15.353802
15.676941
15.353802
15.353802
15.898033
15.464349
14.699025
15.787488
15.026414
14.809572
14.699025
14.920118
15.787488
15.787488
14.809572
15.791739
15.787488
15.243257
15.353802
14.4821825
15.681192
15.570645
15.243257
15.898033
15.787488
15.570645
14.809572
15.026414
15.026414
15.898033
14.915867
15.570645
15.570645
15.136961
14.699025
15.570645
14.920118
14.265341
15.026414
15.681192
15.1327095
14.59273
14.699025
15.247508
15.026414
14.154794
14.4821825
15.464349
15.460098
15.136961
15.353802
15.243257
15.136961
14.703277
15.464349
15.676941
15.570645
14.809572
15.460098
14.4821825
15.898033
14.699025
15.681192
15.136961
15.787488
14.699025
15.136961
14.809572
14.588478
15.570645
14.59273
15.136961
15.136961
15.243257
15.464349
14.699025
14.699025
15.787488
14.809572
15.026414
15.787488
15.353802
15.026414
15.460098
14.154794
15.030665
14.699025
15.353802
15.464349
14.699025
15.353802
15.136961
15.243257
16.00433
16.221172
14.809572
16.008581
15.136961
14.809572
14.59273
14.59273
15.136961
15.1327095
15.676941
14.809572
14.4821825
15.353802
14.588478
15.681192
15.681192
15.460098
15.243257
14.809572
15.026414
14.699025
15.353802
14.809572
14.699025
16.331718
14.4821825
14.699025
15.460098
14.809572
15.898033
15.243257
14.154794
15.136961
14.4821825
14.699025
15.570645
14.699025
14.371635
15.681192
15.570645
15.026414
14.920118
14.4821825
14.809572
15.353802
15.136961
15.570645
15.026414
14.915867
14.809572
14.699025
15.243257
15.353802
15.243257
15.243257
16.008581
15.353802
15.681192
14.699025
14.809572
14.920118
14.809572
14.699025
15.1327095
14.920118
14.809572
16.114876
15.460098
15.026414
15.681192
14.699025
15.898033
15.353802
14.809572
15.1327095
15.136961
15.243257
15.676941
15.353802
15.681192
15.136961
15.570645
15.353802
15.136961
14.59273
15.681192
15.243257
14.809572
16.008581
14.4821825
15.353802
15.026414
15.136961
15.570645
15.787488
15.026414
15.898033
15.136961
15.136961
15.787488
14.371635
14.920118
14.809572
15.353802
15.570645
14.59273
15.898033
15.026414
15.353802
15.353802
15.026414
14.59273
15.353802
15.570645
14.4821825
14.915867
14.809572
15.353802
15.243257
14.809572
14.59273
15.570645
15.676941
15.353802
14.59273
15.570645
14.699025
14.809572
14.809572
15.243257
15.243257
15.353802
14.371635
15.243257
14.809572
15.681192
15.898033
15.353802
15.136961
14.699025
15.026414
14.4821825
15.136961
15.464349
15.243257
15.026414
15.243257
15.136961
15.136961
15.353802
15.898033
14.4821825
15.136961
15.353802
15.353802
15.570645
14.4821825
14.809572
15.681192
15.136961
15.026414
14.699025
15.570645
14.809572
15.898033
14.699025
15.353802
15.570645
14.59273
16.225424
15.787488
14.265341
15.681192
14.703277
15.570645
15.243257
14.699025
14.59273
14.4821825
14.915867
15.136961
14.59273
14.915867
16.114876
14.699025
15.353802
14.699025
14.809572
14.920118
14.809572
15.136961
14.915867
15.026414
15.681192
14.809572
14.588478
14.809572
15.353802
15.136961
15.787488
15.353802
16.33597
14.915867
14.809572
15.247508
15.353802
15.243257
16.00433
14.920118
15.136961
15.353802
14.4821825
15.791739
15.136961
15.353802
15.570645
16.008581
15.026414
14.915867
14.809572
15.464349
15.353802
15.243257
16.114876
15.353802
14.699025
14.809572
15.681192
15.681192
15.136961
15.787488
15.026414
14.59273
14.809572
15.026414
15.570645
15.136961
14.59273
15.460098
14.809572
15.026414
14.59273
15.570645
15.681192
15.243257
15.243257
15.243257
15.353802
15.353802
16.008581
14.809572
14.59273
15.681192
15.570645
15.676941
15.898033
14.915867
14.371635
14.920118
14.920118
15.353802
15.570645
14.265341
16.008581
16.114876
15.026414
14.920118
14.699025
14.920118
14.809572
14.915867
15.243257
15.464349
15.681192
14.699025
15.681192
14.809572
15.681192
15.570645
14.920118
15.464349
15.353802
14.4821825
15.460098
15.681192
15.247508
15.243257
14.809572
15.570645
15.026414
14.809572
14.809572
15.026414
15.1327095
15.026414
14.486434
15.030665
15.026414
14.4821825
15.247508
15.570645
15.243257
15.570645
15.136961
15.898033
15.026414
15.570645
14.809572
15.136961
14.699025
14.915867
14.809572
15.353802
15.243257
14.809572
15.353802
14.809572
16.00433
15.898033
15.787488
15.136961
15.353802
15.136961
15.681192
15.243257
14.4821825
14.703277
14.809572
15.243257
15.681192
14.915867
14.265341
14.699025
15.026414
15.460098
15.353802
14.59273
15.898033
15.026414
15.136961
14.154794
15.681192
15.570645
15.353802
14.588478
15.681192
16.008581
15.243257
14.809572
15.681192
15.243257
15.353802
15.1327095
15.353802
14.809572
14.59273
15.570645
15.787488
15.353802
15.898033
15.787488
15.791739
14.699025
15.243257
15.681192
15.570645
15.243257
15.464349
15.460098
15.353802
15.136961
14.699025
14.265341
15.026414
14.588478
15.570645
14.920118
15.787488
15.243257
15.136961
15.353802
14.59273
15.026414
15.464349
15.570645
14.375887
15.353802
14.809572
14.699025
15.791739
14.699025
14.588478
16.008581
15.353802
15.681192
14.699025
14.703277
14.809572
14.59273
15.026414
15.026414
15.464349
14.915867
16.00433
15.353802
15.570645
15.026414
14.375887
15.570645
14.920118
14.699025
15.353802
14.809572
15.243257
14.703277
14.809572
14.915867
14.59273
15.026414
16.00433
15.353802
14.59273
15.570645
14.809572
15.353802
14.920118
14.699025
15.353802
15.243257
15.791739
15.681192
15.787488
15.136961
15.570645
14.809572
15.353802
15.026414
16.114876
15.570645
15.026414
15.898033
15.136961
14.4821825
15.136961
14.915867
15.570645
14.915867
14.59273
15.460098
15.353802
14.920118
15.026414
14.699025
14.920118
15.787488
15.570645
15.243257
15.026414
15.243257
14.809572
14.809572
15.681192
15.136961
15.136961
14.920118
15.026414
14.699025
15.681192
14.265341
14.59273
14.809572
15.026414
14.915867
15.681192
15.026414
15.136961
15.026414
16.008581
15.464349
14.915867
15.353802
15.464349
15.464349
14.699025
15.570645
16.114876
14.915867
14.809572
15.136961
15.898033
15.787488
14.265341
14.809572
15.898033
15.026414
14.809572
14.265341
15.247508
15.026414
14.809572
14.59273
14.699025
14.371635
15.681192
15.681192
14.261088
15.136961
15.681192
15.136961
14.699025
14.371635
15.681192
14.915867
14.809572
15.136961
15.026414
15.136961
14.265341
15.353802
14.59273
15.898033
15.787488
14.4821825
14.920118
15.136961
14.59273
15.787488
14.59273
15.247508
15.026414
15.026414
14.59273
14.915867
15.243257
15.026414
14.920118
14.920118
15.243257
14.809572
15.681192
15.353802
14.699025
15.787488
15.026414
14.588478
15.898033
14.4821825
15.353802
15.787488
14.809572
15.136961
15.026414
14.699025
15.898033
15.1327095
14.588478
15.898033
15.681192
15.898033
15.460098
14.809572
16.225424
15.681192
15.787488
16.114876
15.136961
15.353802
15.136961
15.026414
14.4821825
15.243257
15.787488
15.681192
14.915867
14.588478
15.570645
15.681192
15.136961
14.915867
14.915867
14.703277
15.570645
14.699025
16.008581
14.809572
14.915867
15.898033
14.915867
15.136961
15.570645
15.1327095
15.353802
15.353802
15.247508
16.114876
15.026414
14.809572
14.809572
15.570645
14.920118
15.898033
15.136961
15.353802
14.371635
15.136961
14.920118
16.114876
15.787488
14.59273
15.681192
15.570645
15.026414
15.460098
15.681192
15.136961
15.243257
15.353802
15.570645
15.353802
15.026414
15.460098
15.136961
15.681192
15.1327095
15.243257
15.026414
14.699025
14.4821825
15.026414
14.265341
15.681192
15.353802
14.699025
14.920118
14.809572
15.026414
15.787488
15.464349
15.898033
15.353802
15.353802
15.681192
15.353802
15.136961
15.460098
15.136961
15.026414
15.353802
15.353802
15.570645
15.460098
14.809572
15.136961
14.920118
15.570645
15.026414
14.59273
14.809572
15.1327095
14.59273
15.136961
14.920118
15.026414
15.353802
15.243257
15.464349
15.353802
16.00433
14.809572
14.59273
15.026414
15.136961
15.026414
14.809572
15.030665
14.699025
15.026414
14.699025
14.809572
15.898033
15.898033
14.809572
15.898033
14.920118
15.787488
15.243257
15.026414
15.136961
14.915867
14.4821825
15.464349
14.4821825
15.247508
15.570645
14.59273
15.681192
15.136961
14.4821825
14.699025
14.809572
15.353802
15.787488
15.243257
14.703277
14.4821825
15.243257
14.59273
15.136961
15.460098
15.243257
15.570645
14.4821825
15.026414
14.915867
15.353802
15.570645
15.353802
15.681192
15.898033
14.809572
15.681192
15.570645
15.787488
15.676941
15.136961
16.008581
14.809572
15.243257
14.809572
15.026414
14.809572
15.898033
14.699025
15.570645
15.681192
15.026414
15.676941
14.154794
15.247508
15.353802
14.699025
14.809572
14.920118
15.570645
14.699025
14.699025
15.136961
14.920118
15.026414
15.898033
14.4821825
14.809572
14.809572
15.570645
15.026414
15.464349
15.787488
15.026414
15.570645
15.136961
15.026414
14.699025
15.353802
14.59273
15.026414
15.243257
14.044247
15.681192
14.154794
15.464349
15.570645
14.699025
14.59273
14.809572
15.136961
15.787488
14.4821825
15.570645
15.353802
15.787488
15.460098
14.371635
16.008581
14.915867
15.026414
15.026414
15.681192
15.353802
14.915867
15.026414
14.920118
14.920118
15.898033
15.676941
14.699025
14.4821825
15.136961
15.243257
15.243257
15.353802
15.681192
15.026414
15.026414
14.371635
15.681192
15.898033
15.243257
15.460098
15.026414
15.570645
15.026414
14.699025
14.699025
15.353802
14.915867
15.460098
14.371635
14.809572
15.353802
15.570645
15.460098
15.353802
15.136961
15.136961
15.570645
14.915867
15.676941
14.809572
16.008581
15.353802
15.353802
15.787488
15.353802
15.681192
15.898033
15.136961
15.026414
14.699025
16.114876
15.353802
14.809572
15.787488
15.681192
15.353802
14.809572
15.353802
15.570645
15.243257
14.371635
15.136961
14.59273
15.1327095
15.681192
15.570645
14.699025
15.464349
14.809572
14.699025
15.681192
15.570645
14.809572
15.353802
15.460098
14.4821825
15.026414
14.4821825
15.353802
15.353802
14.920118
15.570645
15.353802
14.809572
15.898033
15.353802
15.681192
14.809572
14.809572
15.026414
15.787488
15.026414
15.681192
15.681192
14.915867
14.920118
15.787488
14.699025
15.570645
14.699025
14.4821825
15.791739
15.460098
15.353802
15.791739
15.676941
14.809572
15.787488
15.898033
14.59273
14.809572
14.809572
15.136961
15.898033
15.026414
15.681192
15.026414
15.570645
14.809572
15.570645
15.464349
15.460098
15.460098
14.699025
15.570645
14.809572
15.243257
14.915867
15.1327095
14.915867
14.4821825
15.026414
15.136961
15.460098
14.699025
15.464349
15.353802
15.570645
14.699025
15.1327095
15.570645
14.371635
15.247508
15.570645
15.570645
15.1327095
14.4821825
15.791739
15.136961
15.243257
15.243257
15.353802
16.008581
15.026414
14.915867
15.681192
15.353802
15.676941
15.787488
15.681192
15.570645
16.00433
15.243257
15.136961
14.699025
14.809572
15.570645
15.136961
14.371635
15.898033
14.699025
14.809572
15.787488
14.265341
15.570645
15.681192
14.809572
15.787488
15.026414
14.588478
15.243257
15.136961
15.026414
15.243257
15.681192
14.809572
15.353802
15.243257
15.136961
15.136961
15.681192
14.4821825
14.4821825
15.243257
14.809572
15.898033
14.4821825
14.699025
15.570645
15.791739
15.460098
14.809572
15.243257
14.699025
14.915867
15.676941
14.4821825
15.464349
14.699025
15.570645
15.026414
14.809572
15.791739
14.809572
15.026414
15.353802
14.809572
15.570645
15.570645
15.243257
15.026414
14.154794
15.574896
15.787488
15.460098
15.570645
14.920118
14.699025
15.570645
15.570645
15.791739
15.353802
14.699025
15.460098
14.915867
15.464349
14.59273
15.898033
15.353802
14.044247
15.464349
15.460098
15.243257
15.026414
14.699025
15.898033
15.136961
14.915867
15.136961
15.243257
14.4821825
15.570645
15.570645
14.920118
14.4821825
15.353802
14.915867
15.353802
15.464349
15.676941
14.59273
15.681192
15.681192
16.114876
15.243257
14.265341
15.791739
15.026414
15.1327095
14.699025
15.243257
15.570645
14.809572
15.1327095
14.915867
15.681192
15.136961
15.243257
14.915867
15.026414
15.026414
14.4821825
15.460098
14.915867
15.787488
14.59273
15.681192
15.787488
14.4821825
15.681192
15.026414
15.243257
16.114876
14.4821825
15.136961
14.809572
15.026414
15.026414
15.681192
14.809572
15.460098
14.59273
14.915867
15.464349
15.570645
15.243257
14.809572
14.59273
15.026414
15.026414
15.353802
15.1327095
15.026414
15.026414
14.920118
16.008581
15.243257
14.375887
15.136961
15.570645
15.460098
16.00433
14.809572
15.349551
15.893782
14.809572
15.136961
15.026414
14.4821825
15.353802
14.809572
14.699025
15.136961
14.703277
15.353802
15.570645
15.349551
14.4821825
15.353802
15.1327095
15.349551
15.353802
14.920118
15.243257
14.699025
15.243257
14.59273
14.809572
15.026414
14.699025
14.920118
14.809572
15.464349
14.809572
16.008581
15.570645
14.809572
15.460098
15.353802
15.898033
15.791739
15.570645
15.570645
15.464349
15.026414
15.026414
15.460098
15.243257
14.699025
14.699025
14.809572
15.243257
14.4821825
15.681192
15.787488
15.570645
15.243257
14.4821825
14.809572
15.353802
15.353802
15.243257
14.915867
15.681192
15.898033
15.464349
15.353802
15.570645
16.114876
15.353802
15.681192
15.570645
15.570645
15.460098
15.353802
15.136961
14.809572
15.026414
15.353802
15.570645
15.570645
14.809572
14.809572
15.353802
14.699025
15.570645
14.371635
15.464349
14.59273
15.026414
15.787488
14.809572
15.243257
14.699025
15.460098
14.4821825
15.898033
15.026414
15.026414
15.353802
14.265341
15.681192
14.59273
15.570645
15.898033
14.59273
15.136961
15.464349
15.464349
15.243257
15.898033
16.008581
14.809572
14.809572
15.136961
15.026414
15.460098
15.243257
15.570645
14.4821825
15.353802
15.570645
15.353802
15.898033
14.4821825
14.915867
15.570645
14.265341
15.681192
15.353802
15.136961
15.464349
15.787488
16.114876
15.570645
14.4821825
14.920118
15.570645
14.809572
14.809572
15.243257
15.681192
14.915867
14.809572
14.699025
14.4821825
14.809572
15.026414
15.243257
15.1327095
14.4821825
15.026414
15.136961
15.681192
15.353802
15.1327095
16.00433
14.699025
15.353802
14.920118
15.681192
14.915867
15.243257
15.026414
15.247508
15.136961
15.026414
15.026414
15.026414
15.681192
15.570645
14.699025
15.243257
15.136961
15.681192
15.898033
15.1327095
14.809572
15.898033
14.920118
14.809572
14.699025
14.80532
15.464349
14.920118
15.136961
15.243257
15.243257
14.809572
15.898033
16.008581
14.699025
14.59273
15.787488
15.353802
15.791739
15.026414
14.588478
15.243257
15.353802
15.247508
15.243257
15.243257
15.026414
14.915867
14.809572
15.353802
15.681192
15.026414
14.699025
14.59273
15.460098
14.920118
14.809572
15.026414
14.809572
15.243257
14.915867
14.920118
15.247508
15.570645
15.681192
14.699025
15.787488
14.59273
15.464349
15.026414
14.371635
15.787488
15.681192
15.464349
14.915867
14.371635
15.787488
14.59273
15.353802
15.026414
15.787488
15.570645
14.265341
16.008581
15.570645
15.026414
15.570645
14.809572
15.898033
14.699025
15.026414
15.898033
15.787488
14.4821825
15.026414
15.136961
15.787488
15.243257
14.59273
15.787488
15.026414
14.809572
16.008581
15.026414
14.809572
15.026414
15.460098
15.570645
15.353802
14.59273
14.915867
14.915867
15.898033
15.136961
15.353802
14.588478
15.1327095
14.809572
15.136961
15.026414
15.787488
15.898033
15.136961
14.371635
15.681192
15.026414
15.787488
14.371635
15.243257
15.464349
14.920118
15.136961
14.4821825
15.787488
14.59273
14.920118
15.026414
15.570645
15.570645
14.809572
15.570645
15.026414
15.026414
15.243257
15.681192
15.898033
15.243257
15.353802
15.243257
15.026414
14.809572
15.787488
15.026414
14.809572
15.136961
15.460098
15.243257
15.898033
14.59273
15.570645
15.787488
14.4821825
15.136961
15.787488
15.353802
14.920118
15.570645
14.4821825
15.464349
15.787488
14.4821825
14.809572
15.681192
14.265341
16.00433
14.809572
15.026414
14.59273
15.243257
14.371635
15.136961
15.460098
15.787488
14.809572
15.026414
15.570645
15.026414
15.353802
15.898033
14.588478
15.353802
15.464349
14.915867
14.809572
16.008581
15.136961
14.699025
14.699025
15.570645
15.681192
15.353802
15.570645
15.681192
15.464349
15.353802
15.787488
15.026414
14.59273
15.681192
14.588478
15.136961
15.026414
14.809572
15.243257
15.681192
15.570645
14.4821825
15.898033
14.699025
14.699025
14.915867
14.699025
15.681192
14.809572
15.464349
15.570645
14.4821825
15.681192
14.920118
15.026414
14.588478
14.699025
15.353802
15.464349
16.225424
14.703277
14.809572
15.570645
14.4821825
15.353802
15.243257
14.265341
15.681192
15.570645
15.136961
16.00433
14.809572
15.353802
15.570645
14.809572
14.809572
14.915867
15.570645
14.699025
15.243257
15.243257
15.570645
14.4821825
16.008581
15.787488
15.026414
15.570645
15.353802
15.353802
15.460098
14.699025
14.920118
15.136961
15.136961
15.136961
14.809572
16.331718
14.4821825
15.353802
14.920118
15.353802
16.114876
14.809572
14.920118
14.703277
15.247508
14.915867
14.699025
14.703277
16.00433
14.915867
15.026414
15.464349
15.136961
16.00433
14.920118
15.026414
15.136961
15.136961
15.1327095
15.681192
15.026414
15.570645
14.4821825
15.681192
15.353802
15.026414
15.1327095
14.4821825
14.809572
15.898033
14.154794
14.920118
14.915867
15.570645
15.898033
15.353802
15.353802
15.460098
14.809572
15.681192
15.460098
14.371635
14.920118
15.136961
15.681192
15.460098
14.699025
15.136961
15.136961
15.243257
15.676941
15.353802
15.464349
14.699025
15.353802
15.243257
15.026414
15.460098
15.136961
15.136961
15.353802
14.699025
15.787488
15.243257
15.026414
14.4821825
14.920118
15.136961
15.247508
15.898033
14.588478
14.920118
15.898033
15.243257
14.809572
15.243257
15.570645
15.026414
14.915867
15.570645
14.699025
15.570645
15.570645
14.920118
14.809572
15.243257
15.026414
15.136961
14.809572
15.136961
15.787488
15.681192
15.570645
15.570645
15.353802
15.681192
15.353802
15.787488
15.026414
14.920118
15.898033
15.898033
15.243257
15.681192
14.920118
14.80532
14.4821825
14.703277
15.353802
15.349551
15.676941
15.464349
14.809572
15.681192
14.4821825
13.937951
16.008581
15.787488
14.80532
15.898033
15.787488
14.699025
15.353802
15.464349
14.59273
15.787488
14.809572
15.026414
15.353802
15.243257
14.809572
14.809572
14.920118
15.460098
14.699025
15.681192
15.681192
14.915867
16.114876
14.4821825
15.353802
15.243257
15.570645
15.353802
15.464349
15.136961
15.243257
15.570645
15.026414
14.59273
15.353802
15.898033
14.59273
15.243257
14.59273
15.247508
15.570645
14.4821825
15.026414
15.353802
14.809572
15.460098
15.353802
14.920118
15.243257
14.699025
15.243257
15.353802
14.920118
14.809572
15.681192
15.353802
14.699025
14.4821825
14.265341
14.588478
15.026414
15.570645
15.791739
15.353802
15.1327095
15.681192
14.920118
14.59273
15.026414
14.809572
14.915867
15.353802
15.243257
15.026414
15.1327095
15.898033
14.4821825
16.008581
15.026414
15.026414
15.026414
14.59273
15.570645
15.898033
15.243257
15.026414
14.4821825
15.570645
15.026414
15.026414
16.221172
14.920118
14.920118
15.681192
15.353802
15.570645
15.353802
15.243257
14.809572
15.026414
15.026414
14.703277
15.570645
15.243257
15.026414
14.4821825
14.4821825
14.915867
16.114876
14.809572
15.247508
15.243257
14.699025
15.570645
14.809572
16.008581
15.026414
14.371635
15.570645
14.920118
14.915867
15.353802
15.570645
15.247508
15.787488
15.026414
15.787488
15.460098
15.026414
14.809572
16.008581
15.787488
14.154794
15.026414
15.787488
15.1327095
15.464349
14.809572
15.464349
15.898033
15.243257
14.588478
14.809572
15.464349
15.136961
14.809572
15.460098
15.676941
15.026414
15.464349
15.136961
14.915867
15.353802
15.681192
14.699025
14.265341
14.809572
15.681192
16.008581
14.699025
15.026414
15.136961
15.464349
15.464349
14.809572
15.243257
15.570645
15.1327095
15.026414
15.464349
15.026414
15.353802
15.570645
15.247508
15.787488
15.243257
15.898033
15.353802
15.681192
15.898033
14.588478
15.026414
15.570645
15.243257
14.699025
15.026414
15.787488
14.4821825
14.920118
15.787488
14.265341
14.4821825
15.353802
15.681192
15.898033
15.681192
14.809572
14.59273
15.026414
15.353802
15.898033
15.136961
15.460098
14.809572
15.460098
14.920118
15.791739
15.026414
15.787488
15.460098
14.915867
15.570645
15.243257
15.464349
14.486434
16.114876
16.331718
15.026414
15.247508
15.136961
15.898033
15.026414
14.920118
15.787488
14.4821825
15.898033
14.915867
15.460098
15.136961
15.787488
15.464349
15.026414
15.026414
15.570645
15.570645
16.114876
14.920118
15.353802
15.460098
14.59273
15.570645
15.136961
14.809572
15.464349
14.809572
15.243257
15.464349
15.026414
15.136961
15.353802
15.676941
15.136961
15.026414
15.026414
14.809572
15.026414
15.681192
14.809572
15.243257
15.353802
15.353802
15.243257
15.570645
15.136961
14.915867
15.570645
15.136961
15.353802
15.681192
14.915867
15.243257
14.59273
14.920118
14.915867
15.136961
15.898033
15.026414
15.460098
14.59273
15.353802
14.809572
14.699025
14.809572
15.1327095
15.460098
14.809572
16.114876
15.026414
14.809572
15.353802
14.809572
15.791739
15.460098
14.809572
15.243257
15.570645
14.59273
15.570645
15.026414
15.026414
14.809572
14.920118
14.4821825
14.915867
15.898033
14.920118
15.243257
15.1327095
15.353802
15.898033
15.243257
14.915867
14.703277
15.136961
14.59273
15.136961
14.59273
15.243257
15.570645
15.136961
15.1327095
15.570645
15.026414
14.699025
15.243257
14.4821825
14.915867
15.243257
14.4821825
14.699025
15.247508
15.026414
15.243257
16.008581
15.570645
14.809572
15.898033
15.353802
15.464349
14.920118
15.026414
15.681192
15.243257
15.898033
15.898033
15.681192
14.154794
15.681192
14.809572
15.570645
15.136961
15.570645
16.008581
14.915867
15.570645
15.243257
14.59273
14.809572
15.570645
15.243257
14.809572
15.136961
16.114876
14.809572
14.809572
15.243257
15.243257
15.464349
15.898033
15.026414
15.681192
14.809572
14.920118
15.353802
15.570645
15.898033
14.4821825
15.464349
15.026414
14.809572
15.026414
14.4821825
15.464349
15.353802
15.787488
15.570645
14.920118
15.353802
14.915867
14.4821825
14.809572
15.243257
15.243257
15.898033
14.59273
14.809572
15.243257
15.353802
15.026414
15.574896
15.570645
15.570645
14.809572
15.353802
15.787488
15.787488
14.809572
15.136961
14.809572
15.243257
15.026414
14.699025
14.809572
15.570645
15.136961
15.681192
15.791739
15.136961
15.570645
14.4821825
15.243257
15.353802
15.026414
15.570645
15.570645
14.915867
15.1327095
15.247508
15.791739
14.920118
15.243257
14.4821825
14.699025
15.136961
15.570645
15.898033
14.4821825
15.026414
15.464349
15.898033
15.136961
14.703277
14.809572
15.136961
15.570645
15.136961
15.787488
15.570645
15.464349
15.570645
14.588478
14.703277
14.4821825
15.681192
15.026414
14.699025
15.898033
14.59273
16.008581
15.026414
15.460098
15.136961
15.681192
15.353802
15.353802
15.243257
15.787488
14.809572
14.809572
15.026414
15.243257
15.464349
15.247508
14.809572
15.136961
14.920118
15.570645
15.353802
14.699025
15.353802
15.570645
14.920118
14.80532
15.353802
15.681192
15.026414
15.898033
16.00433
15.464349
14.809572
14.915867
15.570645
15.136961
14.699025
14.915867
15.026414
14.809572
14.809572
15.026414
15.898033
15.243257
15.243257
15.247508
14.699025
14.809572
15.243257
14.809572
15.136961
14.699025
15.460098
15.349551
15.787488
15.136961
15.898033
15.570645
15.681192
15.136961
15.898033
16.114876
14.4821825
14.809572
15.353802
15.353802
15.570645
15.570645
15.353802
15.464349
15.026414
14.915867
15.136961
15.464349
14.920118
15.460098
15.787488
15.136961
15.353802
15.349551
15.243257
15.136961
15.464349
14.809572
15.787488
15.353802
15.136961
14.809572
15.1327095
15.026414
14.4821825
15.464349
14.59273
15.898033
15.1327095
15.353802
14.920118
15.353802
14.915867
15.026414
15.353802
16.225424
15.243257
15.570645
15.136961
15.353802
15.353802
15.570645
15.243257
15.464349
15.136961
14.699025
15.1327095
14.920118
14.920118
15.353802
14.699025
14.809572
14.920118
14.699025
15.026414
14.699025
14.371635
15.681192
14.371635
15.570645
14.915867
15.681192
15.136961
14.915867
14.588478
15.136961
15.570645
15.570645
15.026414
14.699025
14.809572
15.464349
15.353802
14.371635
15.243257
15.247508
14.699025
15.026414
15.898033
15.681192
15.353802
15.460098
14.699025
14.699025
15.353802
14.920118
15.026414
14.699025
15.570645
14.915867
16.119127
14.920118
15.570645
15.243257
14.59273
15.136961
15.026414
15.353802
14.809572
14.809572
15.243257
15.136961
14.920118
15.026414
14.59273
14.4821825
15.136961
15.681192
14.915867
15.787488
14.59273
15.353802
15.570645
14.809572
15.681192
15.026414
15.026414
15.136961
15.791739
15.898033
15.787488
15.898033
15.136961
15.243257
14.699025
14.809572
14.809572
15.570645
15.570645
15.136961
15.681192
15.460098
15.026414
15.570645
15.570645
14.699025
15.570645
14.809572
15.681192
15.026414
14.915867
14.809572
14.920118
15.243257
15.026414
15.243257
15.026414
15.353802
15.136961
15.791739
14.809572
14.699025
14.699025
15.353802
15.247508
15.136961
14.4821825
15.570645
14.699025
15.898033
15.570645
14.4821825
15.136961
15.681192
15.460098
15.570645
14.59273
15.464349
14.915867
14.915867
15.570645
15.136961
15.570645
15.787488
14.699025
15.136961
14.809572
15.243257
14.265341
14.920118
15.136961
15.243257
15.353802
15.353802
15.570645
14.371635
15.681192
15.570645
15.681192
14.59273
15.353802
14.59273
15.681192
15.243257
15.353802
15.353802
15.026414
15.681192
15.353802
15.243257
15.353802
15.136961
15.1327095
15.136961
14.809572
15.676941
15.898033
14.699025
14.915867
14.920118
15.681192
15.460098
14.371635
15.353802
15.026414
14.809572
15.136961
15.026414
14.4821825
15.026414
15.898033
15.243257
15.353802
15.570645
14.699025
15.136961
15.026414
14.4821825
15.136961
15.1327095
14.809572
15.681192
14.920118
15.353802
15.353802
14.920118
14.809572
15.026414
15.460098
15.026414
15.353802
15.026414
15.460098
15.464349
15.787488
15.460098
15.136961
15.026414
14.265341
15.247508
15.787488
14.699025
15.026414
15.787488
14.371635
15.247508
15.136961
15.460098
15.243257
15.570645
15.026414
15.026414
15.136961
14.809572
15.570645
15.681192
16.114876
15.570645
15.898033
15.898033
15.243257
15.026414
15.460098
14.809572
14.920118
15.464349
15.026414
15.787488
14.699025
15.574896
15.243257
15.570645
14.809572
15.791739
15.353802
15.787488
15.464349
15.353802
14.809572
15.681192
14.699025
15.026414
15.136961
15.026414
15.464349
14.699025
14.699025
15.681192
15.460098
15.136961
15.898033
15.787488
15.243257
15.136961
15.787488
15.243257
15.681192
15.026414
15.681192
15.570645
15.030665
14.809572
14.915867
15.570645
15.898033
14.699025
14.588478
15.243257
15.570645
15.026414
14.809572
15.353802
14.915867
15.353802
14.371635
15.570645
15.570645
15.136961
15.026414
15.787488
14.4821825
14.699025
15.460098
15.681192
15.026414
15.787488
16.008581
15.136961
15.460098
15.787488
15.353802
15.464349
15.353802
16.00433
15.570645
15.136961
14.699025
14.915867
15.570645
15.030665
15.026414
15.570645
15.349551
14.154794
15.353802
14.809572
14.371635
14.809572
15.353802
15.026414
15.787488
14.809572
15.570645
15.136961
14.915867
14.809572
15.136961
15.353802
14.809572
14.699025
15.898033
15.026414
14.809572
15.681192
15.787488
15.566394
15.136961
15.464349
15.898033
15.026414
14.809572
15.353802
15.791739
15.353802
15.570645
14.809572
15.353802
15.464349
15.243257
15.136961
15.026414
14.4821825
15.570645
15.026414
15.570645
15.464349
14.809572
15.247508
15.353802
14.59273
15.464349
15.243257
15.353802
15.898033
15.136961
15.353802
15.570645
15.243257
15.243257
15.464349
14.59273
15.136961
14.809572
15.026414
15.243257
15.247508
15.460098
14.915867
14.699025
14.809572
15.353802
15.243257
14.915867
14.59273
15.681192
16.008581
16.00433
14.703277
15.247508
15.026414
15.136961
15.026414
14.265341
15.136961
15.353802
14.809572
14.59273
14.915867
15.243257
14.920118
14.915867
14.699025
16.008581
14.59273
15.353802
15.243257
14.4821825
15.136961
15.136961
15.026414
15.026414
15.026414
15.353802
15.026414
14.809572
15.247508
14.809572
15.026414
14.809572
15.570645
15.681192
15.353802
15.136961
15.570645
14.375887
15.247508
15.136961
15.898033
14.588478
14.809572
15.243257
15.681192
15.787488
15.243257
15.353802
16.008581
15.026414
14.4821825
15.136961
16.225424
15.681192
15.570645
15.353802
15.676941
14.59273
14.809572
14.915867
15.787488
16.00433
15.353802
15.570645
15.570645
14.699025
15.026414
14.59273
15.136961
15.570645
14.80532
15.681192
15.243257
14.4821825
15.681192
15.243257
14.915867
14.809572
14.699025
15.681192
14.371635
15.026414
15.136961
15.681192
15.1327095
15.026414
15.353802
15.136961
15.026414
15.898033
15.026414
15.136961
15.681192
15.243257
14.699025
14.915867
14.59273
16.008581
15.570645
14.699025
14.809572
15.353802
15.136961
15.681192
15.026414
15.243257
14.920118
15.247508
15.353802
14.809572
16.114876
15.791739
15.026414
15.787488
15.681192
15.136961
15.026414
14.59273
15.353802
14.809572
15.460098
14.915867
14.809572
14.920118
15.898033
14.699025
15.136961
15.681192
15.570645
15.460098
14.59273
15.791739
15.243257
15.570645
16.008581
15.353802
14.699025
15.898033
15.681192
15.787488
15.026414
15.787488
15.247508
15.353802
15.243257
15.787488
15.026414
15.136961
15.026414
14.809572
15.243257
15.247508
14.809572
15.243257
14.809572
15.570645
15.243257
15.353802
15.570645
15.243257
15.136961
16.008581
15.787488
14.809572
15.464349
15.026414
14.699025
15.353802
14.809572
15.136961
15.1327095
15.570645
16.119127
14.699025
15.243257
15.787488
15.136961
15.898033
15.026414
14.915867
15.460098
15.570645
14.4821825
15.026414
15.353802
15.898033
15.353802
15.026414
15.898033
15.898033
14.4821825
14.920118
15.681192
15.460098
15.026414
14.4821825
14.915867
16.00433
15.353802
15.136961
14.809572
15.353802
14.809572
14.699025
14.699025
16.114876
14.920118
15.353802
15.1327095
15.681192
16.008581
15.898033
15.026414
14.920118
15.353802
15.898033
14.699025
15.136961
15.136961
15.681192
15.243257
15.243257
15.570645
15.570645
15.460098
14.4821825
15.464349
15.136961
14.915867
15.676941
15.243257
15.353802
14.699025
15.676941
15.026414
15.353802
15.460098
15.243257
14.4821825
15.136961
16.00433
15.247508
14.920118
15.1327095
15.353802
15.787488
15.464349
15.898033
16.114876
15.243257
15.026414
15.570645
15.026414
14.915867
15.570645
16.008581
14.4821825
15.570645
16.114876
14.809572
14.920118
15.460098
15.570645
15.026414
15.136961
15.353802
15.026414
14.809572
15.681192
14.809572
14.59273
15.353802
15.681192
15.349551
15.243257
15.026414
15.464349
15.464349
15.026414
15.1327095
14.4821825
14.809572
15.898033
15.787488
15.570645
14.809572
15.243257
15.026414
15.026414
15.898033
15.026414
15.570645
15.243257
14.915867
14.4821825
15.353802
14.809572
15.898033
15.570645
14.809572
14.920118
15.026414
14.59273
14.59273
15.460098
14.809572
15.026414
15.353802
15.570645
15.681192
15.353802
15.791739
15.787488
14.699025
14.920118
15.464349
14.4821825
15.681192
14.915867
15.243257
15.136961
15.570645
15.898033
15.681192
15.570645
15.353802
15.460098
15.570645
14.703277
15.570645
15.353802
15.898033
15.026414
14.920118
15.1327095
15.026414
15.898033
15.898033
15.791739
15.570645
15.570645
15.353802
15.353802
15.136961
15.353802
15.136961
15.681192
16.114876
15.464349
14.809572
14.809572
14.699025
14.920118
15.570645
14.4821825
16.225424
15.570645
15.243257
15.464349
14.915867
15.460098
16.114876
15.243257
14.915867
15.026414
14.915867
14.809572
14.699025
16.114876
15.353802
15.681192
15.247508
15.243257
14.371635
15.570645
15.787488
15.570645
15.681192
15.460098
14.59273
15.026414
14.699025
14.699025
15.464349
15.898033
15.243257
15.136961
16.008581
15.787488
14.59273
14.261088
16.225424
15.570645
14.703277
16.008581
14.699025
15.247508
14.699025
14.809572
15.787488
15.681192
14.809572
15.570645
15.026414
14.59273
16.008581
15.464349
14.920118
15.353802
15.791739
14.371635
15.243257
15.898033
15.353802
15.247508
15.353802
15.026414
15.243257
14.265341
15.136961
15.898033
15.570645
15.676941
15.460098
15.681192
15.026414
15.243257
15.460098
14.809572
15.136961
15.243257
15.136961
15.243257
15.243257
14.915867
15.353802
15.353802
15.026414
15.787488
15.353802
15.570645
14.59273
15.681192
15.681192
15.464349
15.570645
15.460098
16.114876
14.809572
15.787488
15.681192
15.898033
14.915867
14.699025
15.026414
15.681192
14.4821825
15.791739
15.026414
15.570645
15.026414
14.4821825
15.136961
14.809572
14.371635
14.809572
15.570645
15.136961
15.353802
15.026414
15.681192
14.920118
15.898033
15.243257
15.243257
15.026414
14.703277
14.699025
15.1327095
15.243257
15.353802
15.898033
15.026414
14.809572
14.59273
15.791739
14.4821825
15.026414
16.00433
15.898033
15.681192
15.243257
14.809572
15.026414
15.243257
15.681192
15.243257
15.243257
14.915867
14.4821825
15.681192
15.570645
15.247508
14.699025
14.809572
14.809572
14.915867
15.898033
15.243257
14.265341
15.353802
15.898033
14.920118
15.787488
15.898033
15.136961
14.588478
14.699025
15.898033
15.464349
14.809572
15.787488
15.026414
14.920118
15.787488
15.570645
16.00433
15.136961
14.809572
15.353802
14.4821825
15.030665
16.225424
15.898033
15.136961
14.920118
15.681192
15.460098
15.136961
14.920118
15.243257
15.243257
15.353802
15.136961
15.460098
15.353802
14.59273
16.008581
15.243257
14.699025
15.898033
15.026414
14.4821825
15.026414
14.809572
15.791739
15.026414
14.915867
15.026414
15.136961
15.464349
14.915867
14.699025
15.353802
14.920118
16.008581
15.787488
14.699025
15.353802
14.809572
15.353802
15.026414
14.915867
15.681192
15.353802
15.570645
15.570645
14.59273
15.681192
14.699025
14.809572
14.809572
15.243257
14.4821825
15.353802
15.353802
15.247508
15.570645
14.699025
14.920118
14.703277
16.008581
15.787488
14.915867
15.570645
14.703277
15.136961
15.681192
15.570645
14.915867
14.703277
14.920118
15.026414
15.026414
15.026414
15.570645
14.920118
15.570645
15.898033
15.898033
14.154794
14.809572
14.809572
15.353802
15.136961
15.353802
14.920118
15.570645
15.676941
15.570645
15.898033
14.371635
15.570645
15.243257
14.4821825
15.026414
15.353802
15.243257
14.915867
15.570645
15.570645
15.247508
15.136961
15.136961
15.243257
14.486434
15.243257
15.570645
14.809572
15.136961
14.915867
15.353802
14.920118
14.809572
15.681192
15.570645
15.136961
15.464349
15.353802
15.353802
15.898033
15.570645
14.809572
14.59273
14.809572
14.4821825
14.809572
14.699025
15.026414
15.353802
15.898033
14.59273
15.243257
15.791739
15.136961
15.460098
14.703277
15.464349
15.570645
15.681192
15.676941
15.460098
15.898033
14.809572
15.353802
15.681192
15.570645
14.59273
14.920118
14.920118
15.353802
15.243257
15.136961
14.809572
14.699025
14.915867
14.703277
15.136961
15.570645
15.026414
15.353802
15.247508
16.114876
14.4821825
14.699025
15.243257
15.791739
15.898033
15.026414
15.353802
15.460098
15.681192
14.920118
15.570645
14.699025
14.4821825
15.898033
15.681192
15.460098
15.136961
14.4821825
15.353802
15.460098
15.026414
15.026414
14.809572
15.570645
15.1327095
14.4821825
15.247508
14.809572
15.681192
15.570645
15.570645
14.809572
14.59273
15.787488
15.570645
15.026414
14.920118
15.898033
14.809572
15.243257
14.809572
14.809572
14.4821825
15.460098
15.898033
15.570645
15.026414
14.915867
14.699025
15.681192
15.787488
15.787488
14.59273
15.026414
15.787488
14.809572
15.464349
14.920118
15.026414
15.136961
14.920118
15.026414
15.243257
14.588478
15.353802
15.026414
15.570645
15.243257
15.136961
15.353802
15.464349
15.136961
14.699025
15.681192
15.136961
15.243257
14.699025
15.681192
14.809572
15.136961
15.898033
15.243257
15.353802
15.791739
15.353802
14.809572
15.136961
13.827404
15.464349
15.353802
15.243257
14.699025
15.464349
15.464349
15.460098
15.353802
15.353802
14.809572
15.460098
14.809572
15.353802
14.809572
15.026414
15.136961
14.154794
14.920118
15.136961
15.349551
15.243257
15.681192
16.00433
14.4821825
16.225424
16.114876
15.570645
15.681192
15.787488
15.464349
15.243257
15.353802
15.898033
14.59273
15.898033
15.464349
15.898033
14.4821825
14.59273
15.026414
14.920118
15.570645
15.136961
15.353802
15.898033
15.570645
16.114876
15.136961
15.353802
15.353802
14.809572
14.809572
15.570645
15.353802
15.136961
15.676941
15.243257
14.59273
15.681192
15.026414
14.375887
14.809572
15.898033
15.570645
15.026414
15.898033
15.898033
15.460098
15.570645
15.570645
15.681192
14.699025
15.136961
16.008581
15.243257
15.026414
15.353802
14.699025
14.809572
15.570645
15.570645
15.026414
15.898033
14.265341
14.920118
15.570645
15.353802
14.809572
15.570645
15.681192
14.809572
14.588478
15.247508
15.570645
14.4821825
15.787488
15.681192
15.243257
15.026414
15.353802
15.787488
15.136961
14.699025
14.699025
14.809572
14.809572
14.915867
15.026414
15.681192
15.681192
15.353802
15.026414
15.353802
15.460098
15.464349
15.353802
15.026414
14.59273
15.681192
15.676941
15.681192
14.699025
15.681192
14.809572
15.681192
15.026414
14.915867
15.247508
15.681192
16.225424
15.464349
15.026414
15.353802
15.026414
15.898033
14.809572
15.353802
15.026414
14.920118
15.243257
15.681192
15.460098
14.920118
14.915867
14.920118
15.353802
14.809572
14.699025
14.371635
14.809572
15.570645
14.920118
15.898033
15.243257
15.243257
15.353802
14.4821825
14.809572
14.809572
15.787488
15.243257
14.4821825
15.570645
15.353802
15.460098
15.898033
14.703277
14.920118
14.915867
15.460098
15.026414
15.026414
15.460098
15.570645
14.809572
15.026414
15.787488
14.809572
15.136961
14.915867
14.920118
16.008581
15.570645
15.026414
14.915867
14.920118
15.681192
15.243257
15.353802
15.353802
15.243257
15.353802
15.570645
15.026414
15.136961
14.915867
15.681192
15.026414
14.699025
16.119127
14.4821825
14.371635
14.703277
15.353802
15.570645
15.353802
15.026414
15.681192
15.243257
14.809572
15.247508
15.353802
14.044247
15.681192
15.243257
14.809572
15.898033
14.809572
14.915867
14.920118
14.809572
14.699025
15.1327095
15.681192
14.588478
15.136961
14.703277
14.915867
15.353802
15.681192
16.008581
15.243257
15.026414
15.464349
15.570645
14.4821825
15.570645
15.026414
15.026414
15.681192
15.136961
14.699025
15.136961
15.136961
15.681192
15.460098
15.136961
15.136961
15.570645
15.681192
14.699025
15.898033
15.681192
14.699025
15.787488
15.681192
15.243257
14.920118
15.353802
15.353802
15.464349
15.353802
14.920118
15.787488
15.353802
15.136961
14.920118
15.353802
14.920118
15.787488
14.4821825
14.809572
14.915867
15.136961
15.681192
15.136961
14.809572
15.136961
14.809572
14.809572
15.136961
15.026414
15.243257
14.699025
15.026414
15.026414
14.703277
15.030665
15.570645
15.353802
15.136961
15.464349
15.898033
15.026414
15.136961
15.676941
14.4821825
15.681192
14.59273
15.898033
14.920118
14.4821825
15.243257
15.787488
15.136961
15.243257
14.915867
14.699025
15.681192
15.464349
15.898033
15.026414
15.353802
15.030665
14.915867
14.699025
15.353802
15.353802
15.026414
14.915867
15.026414
15.681192
15.570645
14.371635
15.136961
14.59273
14.920118
15.243257
14.4821825
15.353802
15.136961
15.026414
14.915867
16.008581
15.898033
15.681192
15.353802
16.008581
15.136961
15.353802
14.809572
14.59273
15.681192
15.570645
14.809572
15.570645
16.225424
15.243257
15.136961
15.791739
15.026414
15.570645
14.920118
15.898033
14.809572
15.787488
15.353802
15.247508
15.460098
15.243257
15.026414
15.898033
14.915867
14.699025
15.136961
16.00433
15.787488
15.026414
15.136961
15.1327095
15.681192
15.353802
14.59273
15.681192
14.699025
15.570645
15.026414
15.136961
15.464349
15.353802
16.225424
15.787488
15.570645
15.136961
14.809572
15.353802
15.464349
15.681192
15.787488
15.787488
15.243257
15.898033
14.588478
15.136961
14.809572
15.898033
15.243257
15.681192
14.920118
15.791739
15.353802
15.460098
15.570645
15.787488
14.809572
15.026414
15.243257
14.809572
15.464349
16.225424
15.570645
14.371635
15.026414
15.243257
15.1327095
15.681192
15.898033
14.809572
14.809572
15.243257
15.247508
15.898033
15.353802
15.787488
15.570645
14.809572
15.787488
14.371635
15.681192
14.920118
15.681192
14.915867
14.4821825
15.243257
15.026414
15.136961
15.676941
14.699025
15.681192
15.353802
15.243257
15.247508
14.809572
15.243257
14.809572
14.265341
15.136961
14.699025
14.59273
15.681192
14.809572
15.353802
15.1327095
14.809572
15.136961
14.703277
15.353802
14.699025
14.915867
14.920118
14.699025
14.699025
15.898033
14.4821825
15.026414
15.243257
15.022162
15.570645
15.026414
15.026414
15.026414
14.809572
14.809572
15.136961
15.026414
15.243257
14.59273
15.353802
15.026414
14.4821825
14.809572
15.136961
15.136961
15.681192
15.353802
15.136961
14.4821825
15.570645
15.681192
14.920118
15.570645
15.898033
15.353802
15.681192
16.008581
15.243257
15.787488
15.353802
16.008581
15.026414
15.349551
15.136961
14.809572
15.353802
16.114876
14.59273
16.008581
14.809572
15.570645
15.464349
15.681192
15.026414
15.136961
14.265341
15.570645
15.787488
15.464349
14.920118
15.026414
14.588478
15.026414
15.464349
15.353802
15.570645
14.59273
15.026414
15.570645
14.699025
15.460098
15.353802
15.460098
15.787488
15.681192
14.915867
14.4821825
16.114876
15.681192
14.699025
14.4821825
14.920118
14.809572
15.353802
14.920118
15.787488
15.026414
15.026414
14.920118
15.570645
14.809572
14.59273
15.026414
15.570645
14.809572
15.353802
15.243257
14.4821825
15.353802
15.136961
15.681192
15.787488
15.026414
16.008581
15.353802
14.699025
15.464349
15.026414
15.026414
15.026414
15.026414
15.464349
15.787488
14.809572
16.008581
15.353802
14.699025
15.464349
14.80532
15.136961
15.026414
15.898033
14.809572
15.787488
15.787488
15.136961
14.920118
14.920118
15.787488
14.809572
15.353802
15.353802
15.243257
15.353802
14.4821825
15.353802
15.353802
15.026414
15.243257
15.460098
14.809572
15.570645
15.570645
15.026414
14.809572
15.898033
15.353802
15.681192
14.699025
15.243257
15.460098
16.008581
15.026414
15.026414
15.136961
15.460098
14.699025
15.570645
15.136961
15.681192
14.809572
14.4821825
15.026414
16.114876
15.460098
15.464349
14.699025
14.59273
15.898033
15.1327095
15.353802
15.898033
14.915867
15.026414
15.243257
15.787488
15.353802
16.008581
14.80532
15.681192
15.243257
16.00433
15.026414
15.898033
14.915867
15.026414
14.809572
15.570645
15.353802
15.136961
14.371635
15.681192
15.676941
15.243257
15.243257
14.59273
14.809572
15.898033
15.353802
14.59273
15.681192
15.026414
16.114876
14.809572
15.136961
15.570645
15.243257
14.809572
15.026414
15.026414
15.136961
15.026414
15.681192
15.787488
14.915867
16.114876
14.4821825
15.353802
15.243257
15.026414
15.898033
14.809572
15.353802
15.243257
14.4821825
15.681192
15.136961
15.243257
15.898033
15.136961
15.136961
15.681192
15.1327095
15.464349
14.920118
15.898033
15.787488
14.154794
15.681192
15.136961
15.243257
15.136961
15.136961
15.681192
14.699025
14.699025
16.33597
15.898033
14.699025
15.681192
15.570645
15.136961
15.026414
14.4821825
16.008581
15.787488
14.915867
15.570645
14.4821825
15.026414
14.588478
14.699025
15.136961
14.920118
14.699025
15.898033
15.460098
15.136961
15.353802
14.809572
15.460098
14.920118
15.136961
15.676941
14.4821825
14.915867
15.026414
14.4821825
15.681192
15.464349
15.243257
15.681192
15.353802
16.008581
14.809572
15.243257
15.353802
15.026414
15.353802
15.243257
14.699025
15.676941
15.787488
14.920118
15.243257
14.80532
15.681192
14.4821825
14.59273
16.114876
15.136961
15.247508
15.460098
15.570645
15.676941
14.4821825
15.353802
15.787488
14.915867
15.681192
14.809572
14.699025
15.243257
14.809572
14.915867
14.699025
15.026414
14.699025
14.4821825
16.225424
14.59273
15.464349
15.787488
14.699025
15.681192
14.809572
14.703277
14.920118
14.920118
15.243257
15.136961
15.791739
15.136961
14.699025
14.809572
15.243257
15.898033
14.4821825
15.570645
15.026414
14.4821825
15.136961
15.570645
15.353802
14.699025
14.4821825
14.920118
15.898033
14.920118
15.1327095
15.353802
15.026414
15.026414
15.026414
15.1327095
14.371635
15.136961
15.460098
15.243257
16.119127
15.353802
15.353802
15.026414
14.703277
16.119127
15.570645
15.787488
15.898033
15.243257
15.353802
15.681192
14.920118
15.460098
15.136961
15.353802
15.026414
15.787488
15.787488
15.026414
15.570645
15.898033
15.247508
15.353802
15.570645
14.809572
14.59273
14.699025
16.008581
14.699025
14.371635
15.026414
15.353802
15.026414
15.026414
14.371635
15.026414
15.026414
15.243257
16.225424
15.026414
15.136961
15.243257
15.898033
14.809572
15.681192
15.353802
15.898033
15.243257
15.787488
15.136961
14.809572
15.243257
14.699025
15.898033
15.353802
15.026414
15.136961
14.59273
15.026414
16.114876
15.570645
15.570645
15.570645
15.136961
15.026414
15.026414
15.136961
15.570645
15.353802
15.1327095
15.136961
15.353802
15.247508
15.026414
15.136961
15.460098
15.243257
15.026414
15.353802
15.681192
15.787488
15.353802
14.809572
15.570645
14.699025
15.136961
14.59273
14.809572
14.915867
15.681192
16.008581
15.026414
14.4821825
14.699025
15.464349
15.464349
15.243257
15.353802
15.353802
15.681192
15.787488
15.026414
15.570645
15.681192
15.026414
14.809572
15.898033
15.349551
14.809572
16.008581
16.008581
15.1327095
15.243257
15.136961
15.247508
15.243257
15.026414
15.136961
15.570645
16.008581
15.353802
14.809572
14.699025
15.243257
15.570645
15.898033
14.920118
15.353802
15.353802
15.460098
14.920118
15.898033
14.809572
15.787488
15.353802
15.898033
15.353802
15.1327095
15.570645
16.008581
14.4821825
15.898033
15.026414
15.026414
14.920118
15.460098
15.353802
14.699025
14.920118
15.353802
15.787488
15.1327095
15.353802
15.243257
15.676941
14.371635
15.898033
14.59273
14.59273
15.898033
14.80532
16.008581
15.026414
14.4821825
15.464349
14.920118
15.243257
14.915867
15.353802
15.136961
14.59273
15.136961
15.570645
14.80532
15.570645
15.464349
15.136961
15.353802
14.699025
15.353802
15.026414
15.681192
16.00433
15.787488
16.114876
14.915867
16.119127
14.699025
15.1327095
15.243257
15.570645
15.464349
15.681192
15.570645
15.136961
15.464349
14.809572
15.787488
15.570645
15.247508
15.136961
15.1327095
16.225424
15.464349
15.353802
15.787488
14.371635
15.243257
15.681192
15.353802
15.681192
15.026414
15.026414
15.026414
16.114876
14.4821825
15.247508
15.1327095
15.460098
14.915867
15.136961
15.136961
15.464349
14.915867
15.136961
15.681192
15.353802
15.243257
15.026414
14.699025
15.681192
14.809572
14.809572
15.136961
15.464349
15.460098
15.681192
15.353802
16.114876
15.787488
14.4821825
14.920118
14.920118
15.136961
15.464349
15.676941
14.703277
14.699025
15.791739
15.676941
14.915867
15.026414
15.681192
15.787488
15.026414
15.681192
15.570645
14.59273
14.809572
15.570645
14.4821825
15.353802
14.915867
15.026414
14.588478
15.136961
15.898033
15.243257
15.353802
15.460098
15.136961
14.809572
15.353802
15.570645
14.699025
15.136961
15.353802
14.699025
15.136961
14.915867
15.570645
15.787488
14.59273
15.898033
15.898033
14.699025
14.699025
14.809572
15.681192
15.570645
15.1327095
15.460098
15.247508
15.026414
15.570645
15.898033
15.136961
16.114876
15.460098
14.809572
14.915867
14.809572
14.699025
14.59273
15.570645
15.570645
14.699025
15.243257
15.570645
15.026414
15.681192
14.920118
14.699025
15.570645
15.787488
15.681192
15.026414
15.1327095
15.898033
14.59273
14.809572
15.026414
16.008581
15.898033
15.787488
15.898033
14.699025
15.464349
14.59273
15.243257
14.920118
14.809572
15.243257
15.136961
15.026414
15.460098
15.898033
15.681192
15.026414
15.243257
15.243257
15.460098
15.898033
15.353802
15.787488
15.787488
15.026414
14.809572
15.570645
15.026414
15.898033
15.570645
15.787488
15.026414
15.353802
15.898033
14.699025
14.809572
15.464349
15.787488
15.681192
15.570645
15.247508
15.026414
15.353802
15.136961
15.353802
15.026414
15.136961
15.353802
15.681192
15.353802
14.809572
15.1327095
15.570645
15.681192
15.136961
15.570645
15.026414
15.136961
15.681192
15.681192
15.570645
15.570645
15.570645
15.464349
15.787488
15.136961
16.225424
15.136961
15.570645
15.570645
15.353802
14.4821825
14.4821825
14.920118
15.787488
15.787488
14.59273
15.681192
14.915867
14.371635
15.681192
15.136961
15.136961
15.243257
14.371635
14.809572
14.809572
15.570645
15.243257
15.353802
15.353802
15.136961
15.136961
15.243257
14.699025
15.136961
15.136961
14.699025
14.699025
15.136961
15.353802
15.243257
14.371635
16.225424
15.570645
15.787488
15.898033
14.699025
15.898033
14.915867
15.1327095
14.4821825
14.59273
16.119127
15.460098
14.699025
15.353802
15.136961
15.791739
16.114876
14.59273
16.114876
14.809572
15.898033
14.920118
15.681192
15.464349
15.353802
15.460098
15.353802
15.681192
15.026414
15.460098
14.4821825
15.681192
15.353802
15.681192
14.4821825
15.243257
14.920118
14.809572
15.791739
14.809572
14.915867
15.353802
15.026414
16.008581
15.247508
15.787488
14.809572
14.265341
15.136961
15.026414
15.787488
15.570645
14.920118
15.681192
14.920118
14.699025
15.136961
15.787488
14.809572
15.460098
15.243257
16.008581
14.59273
15.353802
15.898033
14.4821825
15.898033
14.915867
15.026414
15.026414
14.809572
15.026414
15.243257
14.809572
14.809572
15.681192
15.570645
15.460098
15.243257
15.681192
15.026414
15.681192
15.353802
14.809572
15.681192
14.920118
15.681192
15.787488
15.026414
15.243257
14.59273
15.136961
15.243257
14.699025
15.247508
15.681192
15.460098
14.699025
15.026414
15.026414
15.243257
15.570645
14.809572
15.787488
15.681192
15.136961
15.026414
14.809572
15.681192
15.136961
15.570645
15.026414
14.59273
14.59273
14.809572
14.915867
15.026414
14.486434
16.225424
15.136961
15.026414
15.570645
15.026414
15.460098
16.114876
15.681192
15.787488
15.787488
15.570645
15.898033
15.243257
14.4821825
15.787488
15.681192
16.114876
15.136961
15.460098
15.136961
15.353802
15.353802
15.570645
14.920118
15.353802
15.353802
15.026414
15.247508
14.920118
14.699025
14.915867
14.809572
15.787488
15.026414
14.699025
15.681192
14.809572
15.353802
15.464349
15.681192
15.136961
15.898033
15.353802
16.008581
15.570645
15.026414
15.570645
15.570645
15.026414
15.787488
15.898033
15.898033
15.898033
15.353802
15.136961
16.008581
15.570645
16.00433
14.920118
16.008581
15.681192
14.920118
15.136961
15.136961
15.681192
15.026414
14.59273
15.136961
14.920118
15.460098
14.920118
15.353802
15.243257
15.243257
14.920118
15.681192
15.570645
15.460098
15.681192
14.588478
15.460098
16.008581
14.59273
15.353802
15.570645
14.703277
15.464349
15.243257
14.915867
15.464349
15.787488
15.136961
15.353802
15.026414
15.136961
15.681192
15.026414
15.898033
15.460098
16.008581
15.1327095
14.809572
15.464349
15.353802
15.570645
14.699025
14.920118
15.247508
15.353802
15.570645
14.920118
15.136961
15.570645
15.136961
15.681192
14.699025
15.570645
15.353802
15.570645
15.353802
14.375887
15.681192
15.460098
15.787488
14.920118
15.570645
15.676941
15.136961
15.026414
15.136961
14.588478
14.59273
14.4821825
15.464349
15.026414
15.787488
15.353802
15.026414
15.898033
15.136961
15.353802
14.699025
14.809572
15.026414
14.920118
15.570645
15.136961
14.915867
15.136961
15.353802
15.247508
16.114876
16.114876
14.809572
15.136961
14.809572
15.460098
15.243257
15.681192
15.136961
16.008581
15.681192
14.920118
15.460098
15.026414
14.915867
15.681192
15.353802
14.699025
14.371635
14.920118
15.787488
15.026414
16.225424
15.026414
15.243257
15.243257
15.026414
15.681192
15.460098
15.460098
14.915867
15.030665
15.464349
15.353802
15.460098
15.460098
15.681192
15.570645
15.136961
15.1327095
15.026414
15.136961
15.026414
15.464349
14.920118
15.787488
15.898033
15.570645
14.4821825
15.026414
15.353802
15.570645
15.353802
15.243257
14.154794
15.243257
15.026414
15.243257
14.371635
15.570645
15.026414
15.681192
14.809572
15.353802
15.460098
15.681192
15.570645
15.026414
15.898033
15.570645
15.898033
15.570645
15.026414
15.464349
15.464349
15.353802
14.699025
15.898033
14.920118
15.681192
16.225424
15.026414
15.791739
15.898033
15.787488
14.915867
15.353802
15.136961
15.353802
15.460098
15.681192
15.026414
15.026414
15.136961
15.353802
15.353802
14.920118
15.898033
14.809572
15.681192
15.787488
15.247508
15.464349
15.243257
15.681192
14.4821825
14.915867
14.4821825
15.791739
15.570645
14.699025
14.920118
15.681192
15.898033
15.787488
14.4821825
15.570645
14.4821825
14.809572
15.681192
15.026414
15.570645
15.681192
14.265341
14.809572
15.136961
15.460098
15.681192
15.353802
15.787488
15.787488
15.026414
14.699025
14.920118
15.136961
15.898033
15.898033
15.681192
14.809572
14.809572
15.570645
15.570645
15.574896
15.570645
14.59273
16.225424
15.570645
15.570645
14.809572
15.353802
15.460098
15.681192
14.699025
14.588478
14.920118
15.464349
14.915867
15.136961
16.00433
15.030665
15.570645
15.247508
15.1327095
14.265341
15.136961
15.681192
15.787488
14.699025
14.809572
14.809572
14.809572
15.570645
15.030665
15.464349
15.460098
14.699025
16.008581
14.915867
14.4821825
15.353802
15.026414
14.59273
15.570645
15.026414
15.026414
14.915867
15.460098
14.920118
15.353802
15.898033
15.353802
14.4821825
14.915867
15.791739
15.681192
15.787488
15.243257
15.681192
15.898033
15.787488
15.787488
15.136961
14.915867
14.915867
14.59273
14.920118
15.898033
15.570645
15.243257
15.570645
14.809572
15.026414
15.243257
15.243257
14.915867
15.353802
15.026414
14.915867
14.699025
16.008581
15.893782
15.243257
15.136961
15.136961
15.570645
15.898033
14.703277
15.136961
15.570645
15.570645
15.464349
15.136961
16.225424
15.787488
14.809572
14.920118
15.136961
14.920118
15.026414
15.136961
15.247508
15.243257
14.588478
15.136961
15.570645
15.136961
14.699025
15.243257
15.243257
15.353802
15.136961
14.809572
14.80532
15.570645
14.265341
15.464349
15.898033
15.353802
15.353802
15.1327095
14.920118
15.681192
15.898033
15.136961
14.920118
14.920118
15.026414
15.460098
14.915867
14.809572
15.136961
15.681192
15.353802
15.460098
15.898033
16.008581
15.026414
15.353802
15.787488
15.026414
16.114876
15.353802
14.809572
14.809572
15.353802
15.570645
15.243257
14.4821825
15.026414
14.699025
15.026414
15.464349
15.026414
15.570645
15.026414
15.136961
15.787488
14.915867
14.809572
15.353802
14.915867
14.4821825
15.247508
15.026414
15.136961
15.570645
15.460098
15.570645
15.681192
15.570645
15.243257
16.008581
16.225424
14.915867
15.787488
15.136961
15.676941
15.026414
14.809572
14.920118
15.026414
14.80532
15.026414
14.920118
15.243257
15.026414
15.136961
15.570645
15.570645
15.787488
15.570645
15.353802
14.915867
14.80532
15.136961
14.59273
15.787488
15.1327095
15.464349
15.681192
15.353802
15.026414
15.136961
14.809572
15.136961
15.353802
15.136961
15.898033
15.243257
15.243257
15.136961
15.464349
15.353802
15.136961
14.809572
15.353802
14.915867
15.787488
14.920118
14.920118
15.243257
15.353802
15.136961
15.026414
15.026414
14.699025
15.681192
14.809572
14.809572
15.349551
14.265341
15.136961
14.809572
15.787488
15.243257
14.809572
14.920118
15.026414
14.915867
15.136961
14.809572
15.898033
16.114876
14.809572
15.136961
15.681192
15.570645
15.681192
15.570645
15.570645
15.787488
15.353802
14.699025
15.353802
15.1327095
14.699025
14.809572
15.681192
15.570645
15.1327095
15.136961
14.809572
15.681192
15.026414
15.026414
15.026414
14.920118
15.026414
15.026414
15.353802
15.136961
14.703277
15.353802
15.787488
15.570645
16.008581
15.136961
15.898033
15.243257
14.699025
15.787488
15.243257
14.699025
14.809572
15.570645
15.353802
15.026414
15.787488
15.136961
15.353802
15.136961
15.676941
15.026414
15.464349
15.570645
14.915867
15.247508
15.026414
16.114876
15.570645
14.920118
15.898033
14.915867
15.026414
15.243257
15.353802
14.915867
15.464349
15.464349
14.915867
15.243257
15.026414
15.136961
15.898033
14.915867
15.681192
15.898033
14.809572
15.136961
15.243257
16.00433
14.59273
15.681192
16.114876
14.59273
14.4821825
14.809572
15.464349
14.915867
15.353802
16.008581
15.570645
15.460098
15.464349
14.920118
14.920118
16.00433
15.026414
15.681192
15.247508
15.353802
14.699025
15.898033
15.787488
14.699025
15.464349
15.136961
14.699025
15.136961
15.353802
15.353802
15.464349
15.136961
14.920118
15.787488
15.570645
15.136961
15.026414
14.371635
14.809572
15.026414
15.136961
15.787488
15.243257
15.681192
15.243257
14.4821825
15.136961
15.681192
15.353802
15.460098
14.703277
16.008581
15.681192
15.026414
14.915867
15.353802
15.681192
15.026414
13.937951
14.703277
14.809572
14.699025
14.915867
15.464349
15.898033
16.114876
15.460098
16.225424
14.809572
15.247508
15.353802
14.699025
15.353802
15.136961
15.464349
15.026414
15.787488
15.570645
14.59273
15.353802
15.026414
15.026414
15.898033
15.026414
14.699025
15.787488
15.353802
14.59273
15.787488
15.243257
15.570645
15.136961
15.681192
15.353802
15.570645
15.791739
15.570645
15.898033
15.353802
14.920118
15.570645
15.460098
15.247508
15.243257
15.026414
15.243257
15.136961
14.4821825
14.265341
15.247508
14.915867
15.460098
15.026414
15.136961
14.915867
15.681192
15.026414
15.136961
16.225424
14.699025
15.464349
15.898033
15.243257
15.353802
14.809572
14.920118
15.026414
14.699025
15.026414
14.809572
15.464349
15.353802
14.920118
15.353802
15.136961
15.353802
15.026414
15.243257
15.136961
16.114876
15.570645
14.809572
14.915867
15.460098
15.247508
15.026414
14.4821825
16.225424
15.026414
14.4821825
15.353802
16.114876
14.809572
15.136961
14.920118
15.898033
14.4821825
15.243257
15.353802
14.699025
15.026414
16.008581
14.4821825
15.787488
15.681192
15.243257
14.371635
15.898033
15.898033
15.136961
14.371635
16.225424
15.353802
15.787488
15.136961
15.681192
14.915867
15.353802
15.243257
15.026414
15.898033
15.787488
14.703277
14.915867
15.898033
15.353802
15.243257
15.136961
15.136961
15.353802
15.243257
14.809572
14.920118
14.809572
15.026414
15.787488
14.699025
14.920118
15.026414
15.353802
15.681192
15.787488
15.681192
16.008581
15.136961
14.809572
15.898033
15.681192
15.243257
15.898033
15.787488
15.136961
15.464349
15.681192
14.699025
15.570645
15.353802
14.59273
15.136961
15.460098
15.353802
15.136961
14.809572
15.460098
15.136961
15.460098
16.225424
15.464349
14.588478
15.898033
15.136961
15.570645
15.243257
15.681192
15.898033
14.809572
15.464349
15.026414
15.243257
14.809572
14.915867
15.570645
14.809572
15.026414
15.353802
15.681192
15.353802
15.026414
15.353802
15.570645
16.00433
15.136961
14.809572
15.243257
15.136961
15.570645
15.243257
15.464349
15.353802
14.809572
15.570645
15.681192
14.809572
14.699025
15.681192
15.243257
14.699025
15.791739
15.243257
15.353802
15.136961
14.915867
14.59273
15.247508
15.026414
15.243257
14.699025
15.464349
14.4821825
15.570645
15.243257
15.898033
15.681192
16.114876
15.026414
15.574896
15.570645
14.699025
15.353802
16.114876
15.681192
15.460098
16.008581
15.570645
14.915867
14.699025
16.008581
15.570645
14.920118
15.898033
15.243257
16.008581
15.026414
15.570645
16.008581
15.464349
15.243257
15.136961
15.136961
15.026414
14.59273
15.243257
15.787488
14.920118
14.809572
15.136961
15.787488
15.026414
15.464349
14.699025
14.809572
15.681192
15.349551
15.681192
15.570645
14.699025
14.920118
15.353802
15.676941
14.809572
15.247508
16.00433
15.570645
15.026414
15.570645
15.026414
15.898033
15.136961
15.460098
14.699025
15.026414
14.809572
15.787488
14.809572
15.898033
14.699025
15.243257
16.008581
15.787488
14.699025
15.353802
15.787488
15.026414
15.898033
15.136961
14.809572
15.460098
16.008581
15.681192
15.243257
15.787488
16.008581
15.570645
16.225424
14.809572
15.353802
15.570645
14.920118
15.243257
15.136961
15.026414
15.136961
15.460098
15.026414
16.008581
14.915867
14.809572
15.464349
15.353802
14.4821825
15.353802
15.570645
14.915867
15.898033
15.353802
14.809572
15.353802
15.136961
15.681192
15.898033
15.898033
14.4821825
15.353802
15.676941
15.681192
15.681192
16.225424
15.681192
15.460098
15.570645
14.4821825
15.464349
15.787488
15.136961
15.247508
15.026414
14.915867
15.464349
15.026414
14.371635
15.570645
15.026414
15.1327095
15.681192
15.681192
15.353802
15.570645
14.920118
15.353802
15.353802
14.809572
15.787488
15.898033
15.353802
14.809572
15.898033
15.570645
14.699025
15.026414
15.026414
15.353802
15.136961
14.699025
15.681192
14.915867
15.026414
15.681192
14.915867
15.136961
15.464349
14.699025
15.570645
15.787488
15.247508
14.809572
15.898033
15.787488
15.353802
15.353802
15.136961
15.353802
14.920118
15.460098
14.699025
15.243257
15.898033
15.1327095
15.026414
14.59273
14.915867
15.570645
15.026414
15.243257
14.809572
15.787488
15.460098
15.136961
15.681192
15.570645
15.570645
15.460098
14.4821825
16.008581
15.460098
14.59273
15.464349
15.243257
15.570645
16.33597
15.136961
15.787488
15.136961
15.243257
15.243257
15.681192
15.247508
16.00433
15.464349
15.136961
14.699025
15.026414
15.574896
16.114876
14.920118
15.464349
15.898033
15.460098
15.898033
15.026414
14.371635
15.464349
15.787488
14.4821825
15.681192
15.243257
15.026414
15.243257
16.225424
14.920118
15.136961
15.570645
14.265341
15.026414
15.026414
15.026414
15.570645
15.136961
14.59273
15.681192
15.136961
14.699025
15.787488
15.681192
15.243257
14.809572
16.114876
15.787488
15.243257
15.464349
14.915867
14.809572
14.915867
15.681192
15.791739
15.243257
15.243257
15.570645
15.026414
15.026414
15.460098
15.570645
15.570645
15.898033
15.243257
14.809572
15.026414
15.243257
16.008581
15.136961
15.570645
14.809572
14.809572
14.699025
14.920118
15.247508
15.787488
14.920118
15.247508
15.243257
16.00433
15.353802
14.809572
15.136961
15.791739
15.026414
15.026414
15.026414
15.898033
15.570645
15.681192
15.787488
16.00433
15.570645
14.4821825
15.681192
15.136961
15.787488
16.114876
14.59273
15.898033
15.681192
15.349551
15.898033
15.464349
15.353802
14.588478
15.574896
15.243257
14.915867
15.681192
15.898033
14.371635
15.570645
15.898033
15.026414
15.247508
15.681192
14.588478
15.570645
15.464349
15.570645
15.460098
16.225424
15.791739
15.243257
15.136961
14.920118
15.681192
14.809572
15.243257
14.699025
15.787488
15.353802
14.915867
15.243257
14.59273
15.353802
15.026414
14.59273
15.026414
15.681192
15.026414
15.570645
15.791739
15.026414
15.460098
15.026414
15.353802
14.809572
15.136961
15.898033
15.026414
15.353802
14.699025
14.920118
14.920118
15.570645
15.898033
15.026414
15.460098
15.893782
15.681192
15.681192
14.915867
15.136961
15.898033
15.464349
15.681192
15.136961
14.809572
15.136961
14.809572
14.59273
15.898033
15.676941
14.699025
15.570645
15.026414
15.136961
15.787488
16.00433
15.353802
16.008581
14.915867
15.136961
14.915867
14.59273
15.570645
15.353802
15.136961
15.898033
15.570645
14.699025
14.59273
15.026414
15.787488
15.570645
15.787488
15.026414
15.026414
14.699025
15.787488
15.136961
15.026414
15.570645
15.243257
14.809572
15.464349
14.699025
14.809572
15.681192
15.026414
15.136961
15.787488
14.809572
15.681192
15.898033
15.136961
15.787488
16.008581
15.464349
15.898033
14.699025
15.353802
16.008581
15.787488
14.809572
15.460098
14.809572
15.243257
14.703277
15.247508
15.460098
14.809572
15.136961
15.243257
15.136961
15.136961
15.353802
14.920118
15.243257
15.243257
15.464349
15.787488
14.920118
15.243257
14.265341
14.915867
14.809572
15.898033
15.136961
15.353802
15.570645
16.225424
15.136961
15.1327095
15.464349
15.026414
15.460098
15.898033
14.920118
14.809572
15.676941
14.920118
15.243257
15.681192
15.353802
15.243257
15.898033
14.4821825
15.136961
15.136961
15.026414
15.243257
15.464349
14.920118
15.1327095
15.464349
15.136961
15.353802
15.026414
15.353802
15.243257
15.136961
14.915867
14.699025
14.699025
15.787488
15.460098
15.026414
15.681192
15.464349
15.353802
14.809572
14.703277
15.136961
15.570645
14.920118
15.460098
15.243257
14.59273
15.247508
14.915867
15.026414
14.920118
15.243257
15.787488
14.699025
15.464349
15.243257
15.026414
15.570645
15.243257
15.026414
15.681192
15.570645
15.460098
14.59273
15.681192
14.809572
15.570645
15.464349
14.915867
15.243257
15.681192
15.898033
14.699025
14.920118
15.570645
15.1327095
15.464349
15.353802
15.570645
15.136961
15.570645
15.353802
15.570645
15.243257
15.570645
14.920118
15.787488
15.681192
15.464349
15.243257
14.699025
15.898033
15.1327095
15.026414
15.136961
14.915867
14.59273
14.920118
15.676941
14.59273
15.136961
15.243257
15.570645
15.026414
15.353802
14.809572
15.570645
15.243257
14.4821825
15.353802
15.136961
15.026414
15.136961
15.898033
14.699025
15.570645
15.353802
14.699025
16.008581
15.787488
14.915867
15.136961
15.026414
15.460098
15.136961
15.026414
14.809572
15.681192
15.136961
14.809572
15.574896
15.026414
15.570645
16.225424
16.00433
15.570645
15.460098
14.809572
14.809572
15.243257
15.026414
15.136961
15.243257
15.026414
15.243257
15.026414
15.570645
14.920118
15.898033
14.699025
14.920118
15.026414
15.898033
15.136961
15.243257
15.136961
14.809572
14.699025
15.026414
15.026414
15.787488
15.026414
15.681192
15.353802
14.915867
15.353802
15.460098
15.026414
15.353802
14.699025
15.570645
14.920118
15.898033
16.225424
15.353802
15.676941
15.136961
14.809572
15.026414
15.243257
15.681192
15.460098
15.243257
15.353802
15.026414
15.353802
15.026414
14.915867
15.681192
15.681192
15.026414
15.464349
16.008581
15.243257
14.809572
15.026414
15.243257
15.787488
15.898033
14.59273
16.008581
15.353802
15.026414
14.809572
15.898033
15.136961
15.026414
15.353802
15.787488
14.920118
15.570645
15.243257
15.136961
15.026414
15.353802
15.681192
16.00433
15.464349
15.136961
15.026414
14.699025
14.699025
15.353802
15.570645
15.026414
15.136961
15.026414
15.681192
15.570645
15.787488
14.915867
15.460098
15.791739
15.681192
15.243257
15.026414
15.353802
14.915867
16.225424
14.809572
15.787488
14.59273
15.136961
14.371635
16.008581
15.570645
15.460098
15.136961
15.353802
14.59273
15.681192
15.026414
14.809572
16.008581
15.353802
15.243257
15.898033
14.809572
15.243257
15.570645
15.136961
14.699025
15.136961
15.898033
14.4821825
15.136961
14.915867
14.80532
15.898033
15.243257
14.915867
15.898033
14.809572
14.809572
15.898033
15.898033
15.570645
15.681192
15.136961
14.4821825
15.243257
14.59273
15.787488
14.809572
15.136961
15.243257
15.247508
15.791739
15.353802
16.225424
15.353802
14.915867
15.247508
15.243257
14.4821825
15.570645
15.026414
15.026414
15.353802
15.243257
15.353802
15.791739
15.353802
15.681192
15.136961
15.353802
15.136961
15.464349
15.681192
14.809572
15.136961
15.243257
14.4821825
15.026414
15.570645
15.026414
15.026414
14.915867
15.1327095
15.136961
15.353802
15.787488
15.570645
15.136961
15.243257
15.136961
15.353802
15.243257
14.4821825
15.464349
15.026414
14.699025
15.136961
15.570645
15.898033
15.574896
14.915867
15.898033
15.898033
15.026414
14.4821825
15.247508
15.026414
14.809572
15.464349
14.4821825
15.136961
15.460098
15.570645
15.358055
14.80532
15.787488
15.136961
15.570645
15.681192
15.243257
15.349551
15.570645
15.787488
15.026414
14.699025
15.681192
14.915867
14.044247
15.136961
15.353802
14.699025
15.898033
15.026414
15.460098
15.136961
14.809572
15.136961
15.026414
14.59273
15.681192
15.787488
15.570645
15.791739
15.570645
15.243257
15.026414
15.136961
14.809572
15.570645
14.703277
16.00433
14.915867
15.681192
15.026414
15.136961
15.026414
14.699025
14.59273
15.243257
15.681192
15.460098
14.59273
16.008581
16.00433
15.681192
14.699025
14.809572
15.026414
14.375887
15.464349
15.1327095
15.464349
15.460098
16.008581
15.464349
14.699025
15.898033
15.898033
15.353802
14.920118
15.136961
15.026414
14.809572
15.787488
15.681192
15.353802
15.460098
15.681192
15.570645
14.809572
15.681192
15.026414
15.353802
15.353802
15.026414
14.699025
15.353802
15.570645
15.026414
15.898033
14.915867
15.681192
15.460098
14.915867
15.353802
15.026414
15.243257
14.4821825
16.33597
14.915867
15.570645
15.460098
16.008581
15.026414
15.681192
14.809572
15.353802
15.136961
15.026414
15.136961
15.136961
16.00433
14.4821825
15.353802
16.442265
14.809572
15.353802
15.681192
15.681192
15.570645
15.026414
16.114876
15.243257
14.699025
15.243257
15.681192
14.4821825
15.681192
15.136961
15.243257
15.681192
15.243257
15.026414
14.915867
15.681192
15.681192
15.026414
15.570645
15.570645
14.4821825
16.114876
15.247508
14.915867
15.570645
15.464349
15.243257
15.464349
15.353802
15.681192
14.915867
15.026414
16.008581
15.247508
15.243257
14.59273
14.915867
15.460098
15.570645
15.570645
15.464349
15.243257
15.787488
15.136961
15.570645
14.809572
15.681192
14.699025
14.699025
16.008581
15.026414
15.570645
15.243257
15.136961
15.681192
15.243257
15.353802
14.809572
15.570645
15.136961
15.791739
15.570645
15.681192
15.136961
15.243257
15.349551
15.681192
15.353802
15.243257
14.699025
15.898033
15.353802
14.809572
15.136961
15.353802
14.809572
16.008581
15.136961
15.787488
15.353802
15.353802
15.791739
15.136961
15.136961
15.026414
15.464349
15.136961
15.353802
15.243257
14.59273
15.681192
15.243257
15.681192
14.809572
15.026414
15.026414
14.920118
15.136961
15.353802
15.460098
14.809572
14.4821825
15.681192
15.898033
15.570645
15.243257
15.026414
15.026414
15.353802
15.464349
15.353802
15.893782
15.460098
15.570645
15.243257
14.4821825
15.898033
15.136961
15.026414
14.809572
14.4821825
15.460098
15.243257
15.787488
15.464349
15.570645
15.570645
14.809572
15.898033
15.791739
15.243257
14.371635
14.809572
14.59273
15.243257
15.787488
15.787488
15.791739
15.570645
15.026414
15.787488
14.699025
15.570645
15.136961
14.699025
14.809572
15.570645
15.353802
15.898033
15.353802
14.920118
14.920118
15.353802
14.4821825
14.809572
14.809572
15.026414
15.026414
15.136961
15.243257
15.243257
15.570645
15.464349
16.114876
15.570645
15.026414
14.920118
16.114876
15.898033
14.4821825
15.026414
15.787488
15.136961
15.136961
15.026414
15.460098
14.809572
15.353802
14.920118
14.809572
15.026414
15.570645
15.026414
14.920118
15.464349
15.898033
14.703277
15.136961
14.915867
15.898033
15.136961
15.353802
15.353802
15.353802
15.570645
14.59273
15.247508
15.898033
14.915867
15.570645
15.898033
15.1327095
15.570645
15.243257
15.787488
15.787488
15.026414
15.681192
15.026414
15.570645
15.136961
15.898033
14.699025
14.699025
14.920118
15.898033
15.026414
15.136961
15.570645
15.787488
14.59273
15.136961
15.353802
15.026414
15.464349
15.1327095
14.915867
15.681192
15.026414
15.787488
15.353802
14.809572
15.898033
14.915867
14.4821825
15.464349
15.570645
14.699025
15.464349
15.026414
14.588478
16.114876
14.59273
15.570645
15.898033
14.699025
15.026414
15.791739
16.225424
15.026414
15.247508
15.353802
14.588478
16.114876
15.681192
15.570645
15.681192
15.681192
16.008581
14.915867
14.265341
16.008581
16.00433
14.809572
14.920118
14.809572
15.136961
15.898033
14.809572
15.681192
15.353802
15.1327095
15.136961
15.353802
15.243257
15.570645
15.026414
14.699025
15.570645
15.247508
15.026414
15.570645
16.008581
14.699025
14.261088
15.681192
15.026414
15.136961
15.464349
16.225424
15.570645
15.570645
15.136961
16.114876
15.353802
15.570645
15.898033
15.353802
14.703277
15.787488
15.353802
14.920118
15.353802
15.898033
15.353802
15.353802
15.791739
15.026414
15.026414
15.136961
15.026414
14.4821825
15.681192
15.460098
15.570645
15.791739
15.026414
14.4821825
15.791739
15.026414
14.809572
15.898033
15.570645
14.809572
15.030665
14.59273
15.570645
15.136961
15.026414
15.1327095
15.243257
15.681192
14.915867
15.681192
15.791739
15.898033
15.1327095
15.353802
14.699025
15.136961
15.136961
14.809572
15.353802
15.570645
15.136961
15.681192
15.570645
15.136961
16.008581
15.243257
16.00433
16.225424
15.570645
15.681192
16.008581
15.787488
15.026414
15.460098
15.026414
15.353802
14.920118
15.243257
15.464349
15.136961
15.898033
15.243257
15.026414
15.570645
15.247508
14.699025
15.787488
15.898033
15.026414
15.570645
14.699025
15.681192
15.898033
15.570645
14.699025
15.353802
15.353802
15.026414
15.026414
14.809572
15.898033
15.570645
15.570645
15.898033
15.353802
15.787488
14.915867
15.898033
15.136961
14.920118
14.703277
16.008581
15.136961
14.809572
14.920118
15.353802
14.809572
14.920118
14.699025
14.809572
15.898033
15.681192
15.787488
15.787488
15.681192
15.243257
15.243257
14.4821825
15.030665
15.570645
14.80532
15.681192
14.699025
14.809572
15.570645
15.353802
15.353802
16.221172
15.026414
16.552813
16.225424
14.920118
15.353802
15.026414
15.026414
15.026414
15.460098
15.464349
15.787488
15.353802
15.136961
15.570645
14.915867
15.681192
15.136961
14.80532
15.681192
14.915867
15.570645
15.247508
15.243257
15.787488
15.136961
16.00433
14.809572
15.570645
15.898033
15.681192
15.026414
14.809572
15.243257
14.699025
15.243257
14.915867
15.247508
14.809572
15.570645
16.331718
15.1327095
15.681192
15.787488
16.114876
15.353802
15.570645
16.008581
15.243257
14.920118
15.026414
15.464349
14.809572
15.026414
14.371635
15.791739
14.4821825
15.464349
15.026414
14.920118
15.898033
15.136961
15.681192
15.353802
15.243257
15.570645
15.898033
14.699025
14.699025
15.353802
15.136961
15.353802
15.681192
14.699025
15.681192
14.809572
14.699025
14.59273
16.008581
14.809572
15.136961
15.898033
15.898033
15.898033
15.787488
15.353802
15.026414
16.00433
15.681192
15.353802
16.114876
15.353802
15.243257
16.008581
16.114876
15.353802
15.464349
15.787488
15.247508
15.026414
15.353802
15.136961
15.353802
14.920118
15.026414
14.699025
14.920118
14.809572
15.898033
15.1327095
14.699025
15.136961
14.699025
14.920118
15.026414
15.243257
15.791739
16.114876
15.026414
15.898033
14.920118
15.681192
15.570645
16.008581
14.920118
14.920118
15.026414
15.464349
14.4821825
15.136961
15.030665
14.920118
15.026414
15.681192
15.026414
15.353802
14.699025
14.915867
15.570645
16.008581
16.114876
14.699025
15.026414
15.353802
15.243257
16.225424
15.136961
15.026414
15.243257
15.243257
15.570645
15.464349
15.353802
15.787488
15.136961
15.570645
15.243257
15.787488
15.353802
15.353802
14.915867
15.681192
15.787488
14.809572
14.809572
15.026414
15.570645
15.026414
14.59273
14.809572
14.920118
14.699025
15.353802
14.920118
15.787488
15.676941
14.699025
15.898033
15.570645
15.136961
15.026414
15.243257
15.026414
15.681192
14.699025
15.681192
15.681192
14.699025
16.114876
14.809572
15.136961
15.243257
14.154794
15.898033
15.136961
15.460098
14.915867
15.681192
15.791739
15.026414
15.353802
16.114876
15.353802
15.681192
15.570645
15.026414
15.353802
15.353802
15.026414
15.136961
15.353802
14.371635
15.136961
14.809572
15.026414
15.026414
15.353802
15.570645
16.114876
14.59273
15.353802
15.570645
14.4821825
15.136961
15.460098
15.353802
15.353802
14.915867
14.59273
14.4821825
15.898033
15.898033
15.681192
16.225424
14.920118
15.353802
15.1327095
16.008581
15.136961
15.570645
15.136961
14.809572
15.570645
15.1327095
15.026414
15.464349
15.787488
15.136961
15.570645
15.026414
15.570645
15.353802
14.915867
15.026414
15.787488
15.136961
15.787488
15.570645
14.809572
15.243257
14.809572
14.920118
15.247508
15.681192
15.243257
15.136961
16.225424
15.570645
14.809572
15.570645
15.136961
15.898033
15.787488
15.136961
15.136961
15.026414
14.588478
15.464349
15.676941
15.460098
15.136961
15.898033
15.460098
15.570645
14.371635
15.791739
14.809572
15.026414
15.353802
15.570645
15.676941
15.1327095
14.699025
15.026414
15.787488
14.920118
15.464349
15.353802
14.699025
15.136961
15.681192
15.460098
14.809572
15.787488
15.460098
15.898033
15.026414
15.1327095
15.353802
15.026414
15.460098
15.460098
15.681192
15.353802
15.026414
14.809572
15.136961
15.243257
14.699025
15.570645
15.136961
15.243257
16.00433
15.460098
15.681192
15.681192
15.570645
15.464349
15.026414
15.787488
15.676941
14.588478
15.136961
14.915867
15.243257
15.353802
14.80532
15.243257
15.136961
15.791739
15.243257
14.915867
15.898033
15.026414
15.787488
15.570645
15.460098
14.809572
15.570645
15.464349
15.898033
15.243257
16.008581
15.136961
14.809572
15.787488
15.681192
15.574896
16.114876
15.570645
14.809572
15.026414
15.026414
15.464349
16.114876
15.570645
15.243257
14.4821825
15.353802
15.570645
15.898033
15.787488
15.243257
14.4821825
15.681192
15.681192
15.1327095
15.787488
15.570645
15.570645
14.809572
15.026414
15.026414
14.59273
16.225424
15.898033
14.699025
15.681192
15.681192
15.026414
15.026414
15.353802
16.225424
15.026414
15.787488
15.353802
14.915867
15.026414
15.247508
15.026414
15.681192
15.136961
15.787488
15.353802
15.681192
15.787488
14.915867
15.898033
15.353802
15.026414
15.681192
15.247508
14.4821825
15.243257
15.570645
14.4821825
15.353802
15.898033
15.026414
15.898033
15.353802
15.026414
15.898033
14.809572
15.570645
15.570645
14.920118
14.59273
15.787488
15.681192
15.898033
15.026414
15.898033
15.136961
15.243257
14.588478
15.353802
15.464349
15.136961
15.787488
14.920118
15.898033
15.349551
15.026414
15.570645
15.787488
14.809572
15.026414
15.787488
14.59273
15.898033
15.681192
14.699025
15.353802
15.243257
14.809572
15.030665
15.791739
15.136961
15.026414
15.681192
15.464349
15.460098
14.699025
15.787488
15.026414
15.026414
15.464349
15.026414
15.898033
15.136961
15.570645
14.809572
15.787488
15.026414
15.464349
15.570645
15.570645
15.464349
15.026414
15.1327095
15.787488
15.570645
15.026414
15.570645
15.898033
15.353802
15.787488
15.026414
14.699025
15.570645
14.59273
14.809572
15.026414
14.809572
15.353802
14.809572
14.59273
15.136961
15.570645
15.1327095
15.464349
15.136961
15.898033
15.570645
15.460098
14.699025
14.809572
15.353802
15.787488
14.809572
15.136961
14.920118
15.026414
15.787488
15.353802
15.136961
15.570645
15.243257
16.008581
15.353802
16.225424
15.898033
15.353802
15.570645
15.681192
15.353802
15.026414
15.681192
16.008581
14.699025
15.898033
15.353802
15.136961
15.353802
14.809572
15.464349
15.243257
15.026414
15.353802
15.243257
14.59273
15.243257
15.026414
15.898033
14.915867
15.353802
14.809572
15.026414
14.699025
15.353802
15.570645
15.681192
15.243257
15.243257
14.809572
15.464349
15.243257
15.681192
15.353802
15.353802
14.920118
15.136961
15.570645
15.898033
15.464349
16.114876
15.787488
15.574896
15.026414
15.243257
15.464349
15.136961
15.353802
16.114876
15.243257
14.699025
15.136961
15.1327095
14.59273
15.353802
16.00433
15.026414
16.008581
15.026414
15.026414
14.809572
15.570645
14.59273
16.008581
14.809572
15.570645
15.787488
15.570645
14.809572
16.008581
15.787488
15.026414
14.59273
15.026414
14.809572
14.915867
16.442265
15.464349
15.464349
16.331718
14.809572
15.681192
15.787488
15.243257
15.681192
15.136961
15.243257
15.898033
14.915867
15.570645
15.243257
14.809572
14.809572
15.026414
15.026414
14.699025
15.026414
15.026414
15.136961
15.570645
15.243257
14.809572
15.464349
15.353802
15.243257
16.114876
15.026414
15.247508
16.008581
14.915867
15.570645
14.809572
16.114876
14.699025
15.136961
15.460098
15.681192
14.699025
15.026414
15.464349
14.809572
15.787488
15.026414
15.570645
15.026414
16.114876
15.247508
14.699025
15.570645
14.699025
15.136961
16.114876
15.681192
15.464349
15.681192
15.026414
15.898033
15.136961
15.460098
15.136961
14.920118
16.225424
14.699025
14.699025
15.898033
14.920118
14.699025
14.4821825
15.353802
15.898033
16.114876
15.681192
15.464349
15.026414
15.026414
15.787488
15.136961
16.008581
15.243257
15.136961
16.008581
15.136961
15.570645
14.4821825
15.681192
15.898033
15.898033
15.787488
15.570645
15.681192
15.136961
15.243257
15.136961
14.809572
15.243257
15.787488
14.59273
15.464349
15.026414
14.699025
15.787488
15.136961
15.570645
15.787488
15.353802
15.136961
15.460098
15.460098
14.699025
14.920118
15.026414
15.787488
15.353802
15.570645
15.570645
14.920118
15.570645
16.114876
15.243257
15.247508
15.026414
15.570645
15.898033
15.026414
15.791739
14.915867
15.243257
15.026414
15.570645
15.570645
14.809572
16.114876
15.460098
15.460098
15.570645
15.136961
15.681192
14.699025
14.915867
14.809572
15.681192
15.026414
15.570645
15.243257
15.787488
15.464349
14.809572
14.809572
15.681192
15.681192
15.026414
16.114876
15.570645
15.464349
15.353802
15.570645
16.008581
15.243257
15.136961
15.787488
15.353802
15.898033
14.915867
15.349551
15.136961
15.030665
15.026414
16.00433
14.59273
15.681192
14.915867
15.026414
15.243257
14.920118
16.119127
15.136961
15.570645
15.136961
15.681192
15.243257
15.247508
15.464349
15.681192
15.026414
14.809572
15.353802
14.809572
14.809572
14.920118
16.114876
14.4821825
16.225424
15.243257
14.588478
14.809572
15.026414
15.570645
15.787488
15.681192
15.464349
14.915867
14.375887
14.809572
15.136961
15.136961
15.787488
15.460098
15.353802
15.136961
16.008581
16.114876
15.570645
14.809572
16.00433
15.353802
14.59273
15.791739
15.026414
15.787488
15.136961
15.898033
15.026414
15.570645
15.681192
15.026414
15.353802
15.898033
14.4821825
15.353802
14.699025
14.920118
15.898033
14.809572
15.349551
15.570645
15.136961
15.353802
15.026414
15.460098
16.008581
15.570645
15.243257
15.681192
14.809572
15.136961
16.00433
14.59273
15.353802
15.681192
15.570645
15.898033
14.809572
15.681192
15.570645
15.787488
16.114876
15.353802
15.898033
15.787488
14.699025
15.898033
15.243257
15.570645
15.136961
15.787488
14.915867
16.00433
15.681192
15.898033
15.787488
14.265341
15.026414
15.570645
14.699025
15.026414
15.353802
14.699025
15.570645
15.681192
15.787488
14.920118
14.809572
15.681192
15.026414
15.787488
15.026414
14.809572
16.008581
15.570645
15.681192
14.915867
14.699025
15.681192
15.787488
14.915867
16.225424
14.920118
16.008581
14.920118
15.026414
15.026414
14.809572
15.898033
14.915867
14.920118
15.574896
15.136961
15.353802
15.787488
14.59273
15.353802
15.787488
15.898033
15.570645
14.920118
15.353802
15.353802
15.136961
15.353802
15.136961
14.920118
15.898033
14.699025
15.570645
14.809572
14.809572
15.353802
15.460098
15.570645
15.464349
15.026414
15.353802
15.898033
15.136961
14.59273
15.136961
15.026414
16.225424
15.898033
15.464349
15.464349
15.353802
15.460098
15.353802
15.136961
15.570645
15.570645
15.681192
15.136961
15.243257
15.570645
14.809572
15.353802
14.4821825
15.353802
15.898033
15.353802
15.243257
14.920118
16.225424
15.353802
15.570645
15.464349
14.809572
15.787488
16.114876
14.809572
15.898033
15.681192
15.787488
16.008581
14.699025
15.460098
14.920118
15.136961
15.243257
14.809572
14.4821825
15.136961
15.681192
15.787488
15.136961
15.136961
15.026414
16.114876
15.681192
15.1327095
14.920118
15.026414
14.915867
15.460098
15.681192
14.915867
16.008581
14.915867
14.699025
15.136961
15.570645
14.809572
15.681192
15.136961
15.898033
15.787488
15.353802
15.681192
15.026414
15.353802
15.574896
14.809572
15.464349
15.898033
15.464349
15.136961
15.026414
15.898033
14.809572
15.570645
15.787488
15.136961
15.026414
15.570645
15.353802
15.243257
14.809572
15.787488
15.570645
14.809572
15.136961
15.570645
16.008581
14.699025
15.353802
15.464349
15.353802
15.026414
15.353802
16.114876
15.247508
14.699025
15.353802
14.809572
15.353802
15.136961
15.353802
15.570645
15.898033
15.243257
15.787488
14.809572
15.570645
15.243257
15.026414
16.00433
15.247508
15.026414
14.588478
15.898033
15.570645
15.570645
15.136961
14.915867
15.243257
15.681192
15.353802
14.375887
16.008581
15.026414
15.136961
15.898033
15.898033
14.699025
14.4821825
14.59273
15.353802
15.353802
15.353802
15.353802
15.353802
15.681192
15.570645
15.570645
14.809572
15.243257
15.898033
15.464349
15.353802
16.00433
15.570645
15.1327095
16.00433
14.809572
15.464349
14.809572
15.574896
16.114876
15.353802
15.570645
15.353802
14.809572
14.809572
15.787488
15.243257
15.681192
15.681192
16.00433
14.59273
15.243257
15.026414
15.787488
15.353802
14.371635
14.59273
15.460098
15.136961
15.787488
14.4821825
15.681192
15.787488
15.570645
15.136961
16.114876
15.353802
15.136961
14.809572
15.898033
15.787488
15.570645
15.681192
15.787488
16.225424
15.136961
14.809572
15.247508
15.026414
15.243257
15.464349
15.353802
14.915867
15.026414
15.898033
15.570645
15.681192
14.915867
15.570645
15.787488
14.915867
15.681192
15.570645
15.681192
16.00433
14.809572
16.008581
15.570645
15.243257
15.898033
15.136961
15.026414
15.787488
14.59273
15.353802
15.787488
15.353802
14.809572
15.681192
16.114876
16.114876
15.681192
15.243257
14.809572
15.136961
15.464349
14.915867
14.920118
15.026414
14.920118
15.898033
14.809572
15.898033
14.809572
15.026414
15.681192
15.791739
15.026414
15.136961
15.353802
15.353802
15.681192
14.59273
15.026414
15.787488
15.243257
15.136961
15.353802
14.699025
15.464349
16.00433
14.59273
15.136961
15.026414
15.570645
16.114876
15.136961
15.353802
15.787488
14.371635
16.225424
16.114876
16.114876
15.464349
15.570645
15.460098
15.464349
15.136961
15.570645
14.809572
15.243257
15.026414
15.243257
15.136961
15.464349
14.80532
14.4821825
15.898033
15.791739
15.026414
15.026414
15.243257
15.026414
15.460098
15.353802
15.026414
15.243257
14.809572
15.353802
15.787488
15.787488
16.008581
14.809572
15.570645
15.787488
14.809572
15.681192
15.136961
15.026414
15.243257
14.809572
15.026414
14.915867
14.809572
14.920118
15.353802
14.809572
16.119127
15.026414
15.243257
15.791739
15.136961
15.243257
15.570645
15.1327095
15.136961
15.570645
15.460098
15.136961
16.442265
15.243257
14.699025
15.791739
15.353802
15.243257
16.008581
16.114876
14.809572
15.898033
15.136961
15.460098
16.225424
15.136961
15.681192
15.570645
15.681192
15.464349
15.787488
15.898033
15.681192
16.225424
14.915867
15.353802
16.114876
14.59273
16.008581
15.570645
15.570645
15.353802
16.114876
15.243257
15.681192
15.464349
15.460098
15.464349
14.4821825
15.353802
15.026414
15.570645
15.681192
15.026414
15.353802
15.243257
15.243257
15.136961
15.353802
15.787488
14.699025
15.026414
14.920118
15.460098
14.699025
15.247508
15.026414
15.243257
15.243257
15.570645
15.681192
15.570645
15.681192
15.247508
15.460098
14.4821825
15.570645
15.681192
14.920118
15.026414
14.59273
15.030665
15.460098
14.915867
15.136961
15.247508
15.026414
15.570645
15.136961
15.681192
15.026414
15.787488
15.026414
14.809572
15.898033
16.114876
15.570645
15.136961
15.353802
15.787488
16.008581
15.247508
16.008581
15.898033
15.353802
15.243257
15.570645
15.243257
14.920118
15.570645
14.809572
15.460098
15.136961
15.787488
15.464349
15.681192
14.915867
15.026414
15.136961
15.136961
15.681192
15.353802
15.898033
16.225424
14.809572
15.026414
15.570645
14.809572
15.570645
15.570645
15.026414
15.898033
15.353802
15.136961
16.008581
15.353802
14.920118
15.247508
15.898033
15.243257
15.136961
14.809572
15.460098
15.464349
15.464349
15.681192
15.570645
16.225424
15.898033
15.353802
15.353802
16.114876
15.353802
15.243257
15.353802
15.681192
15.026414
15.570645
14.920118
15.353802
15.026414
14.915867
16.119127
15.787488
15.570645
15.243257
15.136961
15.136961
15.243257
14.699025
14.920118
15.681192
15.136961
15.676941
15.353802
16.008581
15.898033
14.809572
15.136961
15.570645
14.915867
15.1327095
14.920118
15.570645
15.787488
15.681192
16.008581
15.026414
14.915867
16.008581
15.898033
16.114876
15.787488
15.136961
15.570645
15.026414
15.243257
15.353802
15.353802
15.136961
14.920118
15.136961
16.114876
15.353802
15.464349
15.243257
14.59273
15.026414
15.570645
14.920118
15.136961
15.136961
15.787488
15.898033
15.136961
15.136961
15.681192
16.008581
15.464349
15.243257
14.699025
15.464349
15.353802
15.570645
15.460098
15.136961
15.898033
15.1327095
15.460098
15.791739
14.809572
15.898033
14.915867
15.464349
15.574896
15.136961
15.460098
15.787488
15.681192
15.136961
15.898033
15.570645
16.225424
15.898033
14.920118
15.464349
15.791739
15.570645
15.026414
14.4821825
15.570645
15.570645
14.588478
15.136961
15.681192
15.353802
15.898033
15.136961
15.898033
15.570645
15.026414
14.915867
15.243257
15.464349
15.026414
14.809572
15.136961
15.681192
15.136961
14.915867
14.59273
15.681192
15.570645
15.026414
15.681192
14.920118
15.681192
15.898033
15.243257
15.136961
16.00433
15.681192
16.00433
15.353802
15.136961
15.026414
16.225424
14.809572
15.464349
14.809572
15.353802
15.791739
15.681192
15.676941
16.659107
14.915867
15.570645
16.33597
15.243257
15.243257
15.026414
15.681192
15.570645
15.791739
15.136961
15.353802
15.026414
15.136961
15.787488
15.026414
15.681192
15.353802
15.460098
15.464349
15.898033
14.915867
15.898033
15.570645
15.464349
15.570645
15.787488
15.247508
15.898033
15.676941
15.243257
15.136961
15.460098
15.136961
15.136961
15.787488
15.136961
15.353802
15.136961
15.898033
15.460098
15.570645
15.898033
15.570645
15.136961
16.114876
14.920118
15.460098
16.008581
15.243257
15.353802
15.898033
15.243257
16.114876
15.464349
15.353802
15.570645
15.136961
15.243257
15.464349
15.026414
16.114876
15.681192
14.809572
15.026414
15.353802
14.915867
15.243257
15.026414
15.570645
16.225424
15.136961
15.898033
15.243257
15.898033
15.136961
14.809572
15.460098
15.787488
16.00433
15.1327095
15.136961
15.898033
14.4821825
15.136961
15.026414
15.026414
15.464349
14.699025
15.243257
15.570645
15.026414
15.353802
15.026414
14.699025
15.570645
15.681192
16.00433
14.809572
16.008581
15.243257
14.699025
16.114876
15.787488
16.114876
15.787488
15.243257
14.809572
15.681192
15.570645
15.136961
15.353802
14.915867
15.787488
15.026414
15.898033
14.809572
14.809572
15.353802
14.699025
16.008581
15.353802
16.225424
15.243257
15.353802
15.787488
15.353802
14.809572
15.898033
14.80532
14.4821825
15.681192
15.787488
15.681192
16.114876
15.898033
15.026414
15.681192
15.787488
15.681192
15.136961
15.681192
15.460098
14.699025
15.353802
15.681192
15.353802
15.570645
15.247508
15.353802
15.898033
16.225424
15.464349
15.243257
15.026414
15.570645
15.136961
15.243257
16.00433
14.809572
15.681192
15.136961
15.787488
14.920118
14.920118
15.136961
15.026414
15.898033
15.898033
15.353802
15.570645
15.136961
15.681192
14.915867
15.353802
15.787488
16.114876
15.898033
15.681192
15.353802
15.681192
15.1327095
14.59273
16.225424
15.570645
15.136961
14.809572
15.353802
15.787488
15.243257
14.809572
15.791739
15.136961
15.026414
15.026414
16.225424
15.136961
14.920118
15.243257
15.026414
15.136961
15.898033
15.898033
14.809572
14.915867
15.681192
14.4821825
15.243257
15.353802
15.353802
15.460098
15.570645
15.353802
15.681192
15.1327095
15.460098
15.136961
15.026414
15.460098
15.026414
16.008581
15.898033
15.136961
15.026414
15.570645
15.026414
15.136961
14.809572
14.4821825
15.464349
16.225424
15.353802
15.787488
15.681192
15.353802
15.026414
15.136961
15.026414
15.243257
16.114876
15.136961
14.809572
15.787488
15.247508
15.898033
15.026414
14.809572
15.136961
15.243257
15.026414
16.008581
15.136961
15.026414
15.681192
15.353802
15.243257
15.353802
14.920118
15.353802
15.026414
14.809572
15.353802
15.787488
14.809572
15.353802
15.570645
14.699025
14.59273
14.703277
15.136961
15.787488
15.570645
15.353802
15.787488
15.570645
15.247508
15.136961
14.371635
15.898033
14.809572
15.570645
16.00433
15.898033
15.136961
15.1327095
15.353802
15.681192
15.787488
15.570645
16.114876
15.570645
14.59273
15.787488
16.225424
16.008581
15.787488
15.787488
15.136961
14.915867
14.809572
15.136961
15.681192
15.787488
15.136961
15.787488
15.681192
15.353802
15.570645
15.353802
15.570645
14.809572
15.026414
14.809572
15.353802
15.898033
15.136961
16.008581
15.026414
15.570645
15.898033
15.898033
15.243257
15.464349
15.026414
15.681192
16.225424
15.787488
14.371635
15.136961
16.114876
14.4821825
15.681192
15.243257
15.787488
15.464349
15.681192
15.570645
15.353802
14.920118
15.026414
15.464349
15.353802
15.681192
15.353802
15.898033
15.243257
15.247508
14.809572
15.787488
15.898033
14.920118
15.898033
15.243257
15.681192
15.026414
15.676941
15.681192
15.353802
15.676941
15.681192
15.787488
15.676941
15.026414
15.247508
15.898033
14.920118
14.4821825
15.353802
14.699025
15.026414
14.699025
16.008581
16.00433
15.136961
16.114876
15.026414
15.898033
15.026414
15.676941
15.243257
15.898033
15.353802
15.026414
14.920118
15.898033
14.59273
15.681192
15.898033
15.247508
14.809572
15.464349
15.026414
14.809572
15.898033
15.026414
15.570645
15.353802
14.920118
14.809572
14.915867
16.008581
16.114876
15.681192
15.247508
15.026414
15.243257
15.898033
16.00433
15.460098
15.791739
15.1327095
15.570645
14.920118
15.353802
15.570645
16.225424
15.787488
15.460098
15.898033
14.915867
15.460098
15.136961
15.026414
15.787488
16.114876
15.026414
14.699025
15.247508
15.570645
15.026414
15.136961
15.681192
15.570645
15.460098
15.026414
15.026414
14.809572
15.898033
15.136961
14.809572
15.136961
15.247508
15.787488
15.570645
15.570645
15.026414
15.136961
15.243257
14.809572
16.225424
15.570645
15.243257
16.225424
15.681192
15.570645
14.699025
15.353802
15.681192
15.460098
15.681192
15.353802
15.681192
15.681192
14.809572
15.464349
15.681192
15.570645
15.898033
15.791739
15.570645
15.026414
14.920118
15.353802
15.026414
15.570645
15.353802
15.570645
14.809572
15.136961
14.915867
15.570645
15.898033
15.026414
15.026414
16.008581
15.243257
15.353802
14.4821825
15.136961
15.681192
15.898033
15.570645
14.4821825
15.681192
15.898033
15.026414
16.00433
15.353802
14.59273
16.114876
15.353802
15.570645
15.026414
15.136961
16.114876
15.353802
15.136961
15.353802
15.136961
15.570645
15.787488
15.353802
15.787488
15.353802
15.353802
15.570645
15.353802
15.464349
15.787488
15.898033
15.136961
15.570645
14.920118
15.353802
15.026414
15.791739
15.787488
14.59273
15.570645
14.699025
15.243257
15.570645
14.699025
15.353802
15.353802
16.008581
15.353802
15.247508
14.920118
15.681192
16.225424
15.243257
16.33597
15.243257
15.464349
14.809572
14.809572
14.915867
15.353802
15.026414
16.225424
15.570645
15.353802
15.681192
16.331718
15.681192
15.1327095
14.809572
15.570645
14.4821825
15.464349
15.349551
15.681192
16.225424
15.243257
14.809572
16.114876
15.570645
15.136961
15.676941
16.331718
15.898033
14.915867
15.681192
15.460098
15.787488
16.008581
15.787488
14.371635
15.136961
15.460098
15.243257
14.4821825
15.464349
15.460098
14.4821825
15.898033
15.898033
14.4821825
15.353802
14.809572
15.353802
15.460098
15.136961
14.809572
14.4821825
16.225424
15.681192
14.699025
15.464349
14.915867
15.243257
15.353802
14.699025
16.114876
15.353802
15.464349
14.699025
15.570645
15.681192
16.114876
14.920118
15.353802
15.026414
15.464349
15.898033
15.353802
16.00433
15.464349
15.243257
15.026414
14.809572
15.676941
15.681192
15.464349
15.787488
15.570645
14.703277
15.247508
16.225424
15.026414
15.676941
15.464349
15.460098
16.008581
16.225424
15.570645
16.114876
15.681192
15.136961
15.898033
15.243257
15.898033
16.00433
15.681192
15.681192
15.681192
14.915867
15.247508
15.464349
16.114876
15.570645
15.464349
15.460098
15.243257
16.114876
15.787488
14.915867
14.699025
14.703277
15.026414
15.353802
15.570645
15.898033
15.349551
14.920118
15.353802
14.915867
14.59273
15.898033
15.243257
15.681192
15.353802
15.353802
15.570645
15.136961
15.460098
15.681192
15.247508
15.464349
15.026414
15.898033
15.570645
15.026414
15.247508
16.114876
15.353802
15.136961
15.136961
15.570645
15.574896
15.570645
15.026414
16.225424
15.898033
14.4821825
15.791739
14.809572
14.809572
15.136961
15.353802
15.026414
15.898033
15.570645
15.026414
15.353802
15.026414
15.898033
15.243257
15.247508
16.225424
15.243257
14.699025
15.791739
15.026414
15.787488
15.464349
15.243257
15.570645
15.136961
15.464349
14.699025
14.920118
15.353802
15.681192
15.787488
15.243257
16.225424
15.353802
15.026414
15.464349
15.676941
15.787488
14.920118
15.243257
14.915867
14.920118
15.787488
15.460098
14.699025
15.898033
15.243257
15.136961
15.353802
15.570645
15.026414
15.681192
16.008581
14.699025
15.136961
15.464349
14.915867
15.353802
15.570645
15.898033
14.809572
15.898033
15.026414
14.809572
15.681192
15.681192
15.570645
16.225424
15.026414
14.809572
15.026414
15.898033
16.114876
14.809572
14.809572
15.898033
14.809572
15.026414
15.026414
14.154794
15.1327095
15.136961
15.136961
15.353802
15.026414
16.114876
15.570645
15.353802
15.353802
15.243257
15.026414
15.464349
15.460098
16.008581
15.681192
15.898033
15.243257
14.920118
14.920118
16.331718
14.699025
15.026414
15.353802
14.699025
15.681192
15.791739
16.008581
15.460098
14.699025
15.898033
15.898033
15.570645
15.791739
15.681192
14.809572
15.136961
15.464349
15.570645
15.898033
15.353802
15.787488
15.898033
15.898033
15.026414
14.699025
15.243257
14.699025
15.464349
15.243257
15.460098
15.349551
15.353802
15.136961
15.243257
15.898033
16.225424
15.464349
16.114876
15.898033
15.681192
14.809572
15.676941
15.681192
15.681192
14.915867
15.026414
15.464349
15.460098
15.243257
15.136961
15.898033
15.787488
15.898033
15.681192
15.1327095
15.464349
15.681192
15.353802
15.026414
14.59273
15.898033
15.026414
14.699025
15.898033
15.898033
14.915867
14.809572
15.464349
15.570645
14.915867
15.787488
15.570645
15.353802
16.008581
15.464349
15.1327095
16.008581
14.809572
15.243257
15.898033
14.920118
15.787488
14.4821825
15.898033
15.570645
15.243257
15.247508
15.570645
15.243257
15.791739
15.787488
15.681192
16.008581
15.353802
15.026414
16.114876
15.026414
15.136961
15.676941
15.026414
15.353802
15.787488
15.353802
15.464349
15.787488
15.898033
15.353802
15.460098
15.791739
15.570645
15.243257
14.4821825
15.136961
16.00433
14.4821825
15.026414
15.026414
15.681192
15.681192
15.570645
15.026414
15.791739
14.915867
15.570645
15.243257
15.353802
15.026414
15.464349
15.243257
15.676941
15.136961
15.243257
14.809572
15.247508
15.026414
14.915867
15.898033
15.136961
15.787488
16.114876
15.681192
15.353802
14.915867
15.353802
15.681192
15.353802
15.898033
15.136961
15.898033
15.353802
15.460098
16.225424
15.898033
15.243257
15.570645
14.4821825
15.570645
15.243257
15.787488
15.898033
16.225424
15.353802
14.588478
15.898033
15.681192
15.136961
15.787488
14.4821825
15.136961
15.570645
15.026414
15.681192
15.460098
14.4821825
14.920118
15.136961
15.898033
16.00433
15.460098
15.353802
15.243257
14.915867
15.464349
15.898033
15.570645
15.026414
15.681192
15.243257
15.243257
15.353802
15.681192
15.243257
15.136961
14.920118
14.699025
15.136961
15.136961
16.008581
16.008581
15.243257
15.570645
15.570645
15.353802
15.464349
15.570645
15.353802
15.136961
14.809572
15.1327095
15.570645
15.136961
15.026414
15.026414
14.59273
15.570645
15.026414
15.1327095
15.681192
15.026414
15.243257
15.681192
15.464349
15.787488
15.570645
16.225424
16.225424
15.464349
15.026414
15.570645
15.026414
15.026414
15.570645
15.026414
14.920118
15.353802
14.915867
15.898033
15.243257
14.809572
15.898033
15.353802
15.353802
15.026414
15.464349
14.920118
15.243257
15.026414
15.464349
15.349551
14.809572
15.353802
15.243257
15.353802
15.026414
16.225424
15.787488
15.898033
15.026414
15.464349
15.026414
14.915867
16.114876
15.570645
14.4821825
15.570645
15.353802
15.460098
15.136961
15.026414
15.898033
15.898033
15.787488
15.681192
15.570645
16.114876
15.243257
15.570645
15.570645
15.247508
15.898033
14.920118
16.225424
15.026414
15.353802
15.898033
15.136961
15.787488
14.809572
14.809572
15.681192
15.026414
14.699025
15.247508
15.898033
14.915867
15.898033
14.915867
14.699025
16.008581
15.026414
14.920118
15.464349
15.787488
14.699025
15.898033
15.353802
15.464349
16.114876
15.570645
15.353802
15.570645
14.809572
15.791739
15.787488
15.898033
15.898033
15.570645
15.136961
15.570645
15.898033
16.225424
16.331718
14.809572
15.898033
15.243257
15.136961
15.464349
15.136961
15.464349
15.026414
15.898033
15.681192
15.570645
15.681192
15.026414
15.570645
15.460098
16.225424
15.353802
15.136961
14.920118
15.1327095
15.353802
15.353802
14.920118
16.00433
15.898033
15.243257
15.353802
15.136961
15.681192
15.570645
14.4821825
15.136961
15.898033
15.570645
15.464349
15.570645
15.898033
15.026414
15.136961
15.136961
14.59273
15.791739
15.243257
14.4821825
16.008581
15.681192
15.898033
15.460098
14.809572
16.008581
16.331718
15.898033
15.136961
15.464349
15.247508
15.570645
14.920118
16.225424
15.136961
15.570645
15.026414
15.791739
15.898033
15.460098
15.243257
15.247508
15.353802
14.699025
15.353802
15.464349
15.026414
14.699025
14.920118
15.681192
15.570645
15.353802
15.243257
16.114876
14.699025
15.570645
15.243257
14.920118
15.136961
15.570645
15.898033
14.809572
15.681192
15.353802
15.898033
15.353802
14.699025
15.353802
15.681192
15.136961
16.114876
15.353802
15.787488
14.809572
15.898033
14.809572
16.114876
15.570645
15.136961
15.676941
15.681192
15.247508
15.136961
15.353802
15.136961
15.681192
15.026414
15.681192
15.1327095
14.699025
15.681192
15.026414
15.570645
15.243257
15.353802
14.4821825
15.247508
16.114876
16.225424
15.898033
15.787488
15.353802
15.136961
15.136961
14.699025
15.353802
15.243257
15.026414
15.460098
15.026414
15.570645
15.243257
15.353802
15.243257
15.136961
14.809572
14.915867
15.026414
15.681192
15.898033
15.570645
15.026414
15.464349
16.00433
14.699025
15.464349
15.026414
15.787488
14.920118
15.247508
14.809572
15.570645
14.59273
15.681192
15.026414
14.699025
16.008581
14.809572
15.570645
14.809572
15.570645
14.809572
14.809572
15.026414
15.570645
15.247508
14.809572
15.353802
15.791739
14.809572
14.699025
14.920118
15.247508
14.699025
15.247508
15.464349
14.809572
14.59273
15.136961
14.809572
15.243257
15.570645
15.681192
15.570645
14.4821825
15.247508
14.915867
15.353802
15.681192
15.570645
14.809572
15.353802
16.114876
14.59273
16.008581
15.243257
15.681192
15.353802
15.136961
14.4821825
14.920118
15.026414
15.353802
15.681192
15.136961
14.59273
14.809572
14.809572
14.920118
15.570645
15.353802
15.681192
15.026414
14.809572
15.030665
15.353802
15.570645
15.243257
15.570645
15.026414
14.920118
15.791739
15.353802
15.570645
15.787488
15.353802
15.787488
15.460098
15.464349
15.570645
14.915867
15.898033
15.464349
14.809572
15.460098
14.265341
15.136961
15.460098
14.699025
15.136961
14.699025
14.699025
14.4821825
15.464349
15.136961
15.570645
14.59273
15.681192
14.809572
14.59273
14.920118
15.247508
15.460098
14.59273
15.353802
14.59273
15.026414
15.681192
15.136961
15.570645
15.464349
15.247508
15.243257
15.570645
15.898033
15.026414
14.809572
15.353802
14.915867
15.243257
15.353802
15.026414
15.570645
15.464349
15.570645
14.699025
14.4821825
14.809572
15.026414
15.898033
14.809572
14.59273
15.791739
15.898033
14.809572
15.353802
15.898033
15.353802
14.809572
15.681192
15.681192
15.026414
14.920118
15.681192
15.787488
14.4821825
15.247508
15.464349
14.59273
14.809572
15.026414
15.026414
14.59273
15.136961
14.920118
15.136961
14.154794
15.353802
15.570645
15.681192
14.4821825
14.809572
15.136961
15.136961
15.026414
14.375887
15.247508
15.464349
14.4821825
15.464349
15.787488
14.703277
15.030665
15.570645
14.59273
14.809572
14.265341
14.699025
16.114876
15.026414
15.136961
15.460098
14.4821825
14.920118
14.920118
14.920118
14.4821825
15.243257
15.136961
14.265341
14.699025
14.703277
15.136961
15.353802
14.59273
14.809572
15.136961
14.59273
14.703277
14.809572
15.136961
14.048498
14.703277
14.809572
14.59273
15.353802
14.265341
15.353802
14.809572
14.59273
14.4821825
14.59273
15.136961
15.026414
14.159045
14.59273
15.681192
15.570645
14.809572
15.247508
14.375887
15.026414
15.136961
14.371635
14.048498
14.920118
15.353802
14.59273
14.920118
15.136961
14.809572
14.4821825
14.703277
15.464349
15.136961
13.937951
15.136961
14.59273
14.375887
14.59273
14.048498
14.486434
14.265341
14.809572
14.59273
14.154794
13.937951
14.809572
14.486434
14.59273
14.4821825
14.59273
14.813824
15.026414
14.4821825
15.136961
15.136961
15.136961
13.937951
14.920118
14.265341
14.809572
14.920118
14.4821825
14.59273
14.59273
13.937951
14.703277
14.809572
14.920118
14.265341
13.942203
14.4821825
14.159045
13.8316555
14.375887
14.920118
14.4821825
14.265341
14.159045
14.809572
14.048498
14.703277
14.265341
15.030665
14.809572
13.937951
14.920118
14.59273
14.159045
14.699025
14.159045
14.048498
14.59273
14.159045
14.375887
14.486434
14.048498
13.8316555
14.265341
14.59273
14.59273
14.59273
14.159045
14.375887
13.39372
14.920118
14.4821825
14.048498
14.265341
14.699025
13.937951
14.703277
14.265341
13.72111
14.4821825
14.048498
13.937951
14.4821825
14.159045
14.048498
13.8316555
13.8316555
14.809572
14.59273
13.942203
14.048498
15.136961
13.8316555
14.59273
14.375887
14.4821825
13.8316555
13.942203
14.048498
14.59273
14.486434
14.048498
13.72111
13.066331
14.048498
13.942203
14.59273
13.72111
13.39372
14.809572
13.504267
13.39372
14.159045
14.048498
14.265341
14.048498
13.504267
14.375887
13.942203
14.59273
13.39372
14.159045
14.4821825
13.39372
13.725362
13.72111
14.048498
14.048498
14.703277
14.265341
14.159045
13.72111
13.8316555
14.265341
14.703277
14.375887
13.8316555
13.942203
14.920118
13.8316555
13.614815
13.72111
13.8316555
14.375887
14.375887
13.614815
13.8316555
14.048498
14.048498
13.176878
13.942203
13.8316555
13.72111
14.375887
13.72111
14.486434
13.937951
13.504267
14.375887
14.048498
14.048498
14.59273
13.504267
14.048498
13.614815
12.960036
13.72111
14.375887
13.176878
13.397971
13.504267
13.72111
14.048498
13.942203
13.72111
13.504267
14.486434
14.486434
13.504267
14.048498
14.159045
13.8316555
14.265341
13.070583
14.048498
13.39372
13.614815
14.159045
13.504267
14.048498
14.159045
13.72111
13.504267
13.614815
13.39372
13.504267
14.159045
14.159045
14.048498
13.070583
13.942203
14.265341
13.504267
13.942203
12.743194
13.8316555
13.614815
13.725362
13.504267
13.72111
13.070583
13.942203
13.8316555
13.176878
14.375887
13.397971
13.827404
13.614815
13.504267
13.287426
13.610563
14.048498
13.942203
13.504267
13.287426
13.176878
13.287426
14.269592
13.176878
13.614815
13.287426
14.375887
13.287426
14.048498
13.070583
13.8316555
13.287426
13.070583
13.504267
13.72111
12.853741
12.853741
13.504267
13.8316555
14.048498
13.8316555
13.070583
13.397971
13.8316555
12.305258
13.287426
13.8316555
13.8316555
12.960036
12.853741
13.614815
13.287426
13.504267
13.18113
13.39372
13.287426
13.397971
13.397971
13.176878
12.849489
12.636899
13.070583
13.504267
12.743194
13.397971
13.72111
12.526352
12.632647
14.159045
13.070583
14.048498
12.960036
13.070583
13.287426
13.504267
12.960036
13.287426
12.960036
13.287426
12.960036
13.504267
12.960036
13.614815
13.504267
13.287426
13.070583
13.504267
13.72111
13.397971
13.070583
12.960036
12.743194
13.070583
12.632647
13.18113
13.397971
13.614815
12.636899
13.504267
13.176878
12.526352
13.725362
12.632647
13.504267
13.070583
13.614815
13.176878
13.18113
13.725362
12.960036
12.960036
12.526352
12.849489
12.853741
12.743194
12.632647
13.725362
12.960036
13.070583
12.853741
13.72111
12.415805
13.397971
13.72111
13.18113
13.18113
13.176878
13.18113
13.614815
12.853741
12.526352
12.853741
13.504267
12.964288
13.287426
12.743194
13.18113
13.070583
13.504267
13.18113
13.070583
13.287426
12.526352
13.070583
12.743194
12.853741
12.743194
13.287426
12.526352
13.614815
12.960036
13.070583
12.526352
13.287426
13.287426
13.397971
13.176878
12.305258
13.18113
13.72111
12.964288
12.526352
12.198963
13.18113
12.526352
12.526352
12.960036
12.743194
12.960036
12.526352
13.287426
13.397971
13.18113
11.9821205
12.30951
13.070583
12.743194
12.30951
12.960036
12.743194
13.18113
13.287426
12.526352
11.9821205
12.632647
11.871573
12.420057
12.526352
13.18113
13.070583
12.853741
12.743194
13.070583
12.526352
12.636899
12.853741
12.415805
12.853741
13.18113
12.415805
11.9821205
12.636899
12.960036
12.415805
12.636899
12.198963
11.9821205
12.853741
12.743194
12.415805
12.198963
12.420057
12.526352
11.9821205
12.526352
12.415805
12.853741
13.397971
12.526352
12.853741
12.198963
12.526352
12.743194
12.636899
12.526352
13.070583
12.853741
11.9821205
12.743194
11.765279
12.747446
12.198963
11.875826
12.964288
12.743194
12.743194
11.9821205
12.743194
11.765279
12.853741
11.871573
11.765279
12.526352
12.636899
12.526352
12.960036
11.654732
13.070583
12.743194
11.654732
12.636899
13.18113
12.198963
11.9821205
11.548436
12.636899
13.070583
11.9821205
12.636899
12.743194
12.092668
11.9821205
12.30951
12.420057
12.30951
11.875826
12.30951
12.198963
12.092668
12.30951
11.548436
11.548436
11.548436
11.008457
11.114753
11.880077
11.2253
11.114753
10.681068
10.353679
11.335847
9.919995
10.1410885
9.596858
9.596858
9.380016
10.1410885
9.269468
9.703153
9.486311
10.136837
9.486311
9.380016
8.725238
10.468477
10.7916155
9.486311
10.357931
9.919995
10.681068
10.681068
11.335847
11.114753
11.442142
11.658983
11.76953
11.114753
11.331594
12.203215
11.114753
11.875826
11.658983
11.331594
11.004206
12.420057
11.658983
11.114753
11.442142
10.89791
11.442142
11.2253
11.119004
11.2253
10.7916155
10.247384
10.030542
10.464226
9.919995
11.008457
9.380016
9.924246
10.1410885
9.269468
10.357931
9.269468
9.703153
9.158921
9.486311
10.136837
10.136837
9.8137
11.008457
10.247384
11.119004
10.787363
10.136837
11.008457
10.681068
11.552689
10.681068
10.7916155
11.008457
10.89791
10.136837
10.247384
11.2253
10.353679
11.335847
11.331594
10.353679
10.902162
10.787363
9.592606
11.008457
10.464226
10.247384
10.464226
9.919995
9.8137
10.464226
9.596858
9.596858
9.8137
9.486311
9.486311
9.596858
10.247384
9.486311
9.052627
9.8137
9.486311
9.924246
10.1410885
9.269468
8.94208
9.919995
9.380016
9.269468
9.8137
9.8137
9.8137
10.464226
9.703153
10.357931
10.136837
9.703153
10.7916155
10.574773
9.486311
10.681068
10.1410885
10.464226
9.158921
9.8137
10.353679
9.703153
9.8137
9.8137
9.486311
10.030542
9.703153
10.357931
9.375764
9.596858
10.030542
9.052627
8.725238
9.8137
9.486311
9.380016
9.703153
9.269468
9.8137
9.158921
9.8137
9.596858
8.618942
9.8137
9.380016
8.94208
10.1410885
8.835785
8.835785
8.94208
9.486311
9.490562
9.8137
9.924246
9.596858
9.924246
9.052627
9.8137
9.8137
9.596858
9.703153
9.596858
9.596858
9.924246
8.725238
9.486311
9.380016
9.707404
8.835785
9.052627
9.052627
9.924246
8.508395
8.181006
9.380016
9.052627
9.269468
8.835785
9.163173
8.2915535
8.618942
9.27372
9.486311
8.835785
9.163173
9.158921
8.2915535
9.163173
9.269468
8.725238
8.4021
9.380016
9.269468
9.596858
9.269468
9.486311
8.618942
9.163173
9.596858
8.2915535
9.380016
9.596858
9.052627
9.707404
9.269468
9.380016
8.835785
9.596858
9.596858
9.380016
9.163173
8.946331
9.269468
9.163173
8.946331
9.380016
8.4021
9.380016
9.707404
9.490562
8.4021
9.27372
9.380016
7.857869
8.835785
9.924246
7.9641643
8.835785
8.835785
8.835785
9.596858
9.596858
9.380016
8.4021
9.380016
8.835785
8.725238
9.163173
8.508395
8.4021
9.163173
8.729489
8.508395
9.163173
8.835785
8.618942
8.946331
8.508395
8.946331
8.729489
9.269468
9.052627
8.946331
8.2915535
8.835785
9.27372
8.618942
8.835785
8.618942
9.380016
9.380016
8.074712
9.27372
8.618942
8.070459
9.052627
9.052627
8.508395
8.946331
8.946331
8.074712
8.946331
9.27372
8.618942
8.946331
9.163173
7.747322
8.2915535
8.835785
8.074712
8.4021
8.946331
8.2915535
8.618942
8.618942
9.380016
9.163173
8.074712
8.4021
9.052627
8.4021
9.163173
9.163173
8.4021
8.835785
8.2915535
8.512647
8.835785
8.2915535
8.074712
8.618942
8.2915535
8.2915535
9.056878
8.508395
8.074712
8.074712
8.2915535
8.835785
8.618942
8.2915535
8.946331
9.056878
8.508395
7.857869
8.074712
8.185258
8.618942
9.163173
8.618942
8.2915535
8.074712
8.074712
9.163173
7.857869
8.729489
7.857869
8.618942
8.618942
8.074712
8.835785
9.269468
7.747322
8.946331
8.4021
8.835785
8.074712
8.185258
8.835785
8.2915535
7.5304804
8.618942
8.4021
8.2915535
8.2915535
7.857869
8.618942
8.618942
8.618942
8.618942
9.056878
8.946331
8.4021
8.185258
8.729489
8.397848
7.5304804
8.835785
8.4021
8.074712
7.857869
8.295805
8.946331
8.946331
7.857869
8.4021
8.729489
8.508395
8.4021
9.27372
7.5304804
8.618942
9.163173
8.2915535
8.185258
8.618942
8.074712
8.618942
8.4021
8.074712
8.185258
7.857869
8.074712
8.946331
8.185258
8.074712
9.490562
8.074712
6.986249
8.4021
8.074712
8.2915535
8.835785
8.074712
8.946331
8.4021
8.2915535
8.074712
8.508395
8.074712
7.9684157
8.729489
8.618942
8.729489
8.074712
8.295805
8.512647
7.857869
8.4021
7.9684157
8.4021
7.5304804
8.295805
7.313638
7.6410265
7.5304804
8.2915535
7.9684157
8.185258
8.185258
8.512647
7.857869
7.096796
7.9684157
8.185258
7.9684157
7.5304804
7.6410265
8.729489
8.4021
7.203091
7.6410265
8.512647
7.7515736
7.7515736
7.207342
7.096796
7.5304804
7.6410265
8.185258
7.9684157
6.769407
8.295805
7.6410265
7.207342
7.313638
6.5525646
6.8799534
6.663111
7.9684157
7.6410265
7.313638
6.008333
7.5347314
7.096796
6.2251754
7.4241843
7.313638
6.008333
8.078962
6.8799534
7.4241843
6.3357224
6.8799534
6.5525646
7.317889
6.9905005
6.663111
6.8799534
6.4462695
6.5525646
6.2251754
6.1188803
7.207342
7.207342
5.902038
6.8842053
7.317889
6.8799534
7.317889
6.012585
7.6452785
6.663111
5.6851964
6.556816
6.4462695
5.902038
6.9905005
6.7736583
5.902038
6.012585
6.7736583
5.6851964
6.7736583
5.574649
5.791491
6.556816
6.556816
6.7736583
5.357807
5.574649
6.012585
5.795743
5.468354
4.924123
5.6851964
5.6851964
5.357807
5.251512
5.90629
5.357807
5.90629
5.357807
5.140965
5.251512
5.795743
5.468354
5.251512
5.251512
6.450521
6.123132
4.924123
5.4726057
5.1452165
4.2735963
6.3442264
5.251512
4.1630497
5.0346694
6.123132
4.490439
6.450521
5.6851964
5.251512
5.578901
5.578901
4.924123
5.4726057
6.2336793
4.7072806
4.8178277
5.689448
5.795743
5.4726057
5.578901
5.251512
5.3620586
5.578901
5.3620586
5.1452165
4.924123
6.123132
5.578901
5.1452165
5.90629
6.2336793
6.123132
5.795743
4.8178277
5.1452165
5.3620586
6.450521
4.3841434
5.578901
4.8178277
6.016837
5.795743
5.90629
5.0346694
5.799995
6.123132
4.8178277
5.578901
5.689448
5.90629
5.1452165
5.689448
5.578901
5.0346694
5.468354
5.4726057
5.90629
5.3620586
5.689448
6.450521
5.578901
5.0346694
5.799995
4.8178277
4.1630497
5.90629
5.4726057
5.795743
5.4726057
6.123132
5.0346694
5.689448
4.8178277
5.578901
5.2557635
6.016837
6.2336793
6.123132
5.4726057
5.689448
5.689448
5.578901
5.3620586
5.583153
5.90629
5.3620586
5.251512
5.2557635
5.578901
6.450521
6.2336793
5.578901
5.90629
5.90629
5.0346694
6.77791
5.90629
5.4726057
5.3620586
5.038922
5.4726057
5.1452165
5.90629
6.123132
4.7115326
5.689448
5.4726057
5.583153
5.0346694
5.799995
5.3620586
5.9105415
6.561068
6.016837
6.016837
5.689448
4.928375
6.3442264
6.2336793
5.583153
6.2336793
4.8178277
5.689448
5.3620586
5.4726057
5.90629
5.3620586
4.928375
6.2336793
5.9105415
6.561068
5.3620586
6.1273837
5.4726057
4.6009855
5.689448
5.799995
5.689448
5.4726057
5.3620586
4.8178277
6.8884573
6.016837
5.2557635
6.2336793
5.3620586
5.3620586
5.689448
5.1452165
6.3442264
5.3620586
5.4726057
5.90629
5.90629
6.77791
5.2557635
5.1452165
6.016837
6.3442264
6.77791
4.8178277
5.689448
5.90629
5.3620586
5.583153
5.90629
5.90629
6.561068
4.928375
5.90629
5.4726057
5.799995
5.2557635
6.2336793
5.3620586
4.8178277
5.689448
5.3620586
5.689448
5.3620586
6.561068
5.0346694
6.016837
5.4726057
5.3620586
5.689448
5.689448
5.4726057
5.689448
6.561068
5.689448
5.4726057
5.1452165
5.1452165
6.016837
5.689448
6.2336793
5.689448
5.3620586
6.016837
5.795743
4.490439
5.689448
6.2336793
4.490439
5.3620586
5.4726057
5.468354
5.583153
6.016837
6.561068
5.4726057
5.1452165
5.689448
5.578901
4.7115326
5.90629
6.3442264
4.928375
6.561068
5.90629
5.689448
6.123132
5.1452165
5.689448
5.578901
5.3620586
5.578901
6.016837
5.90629
4.6009855
6.2336793
5.90629
5.0346694
5.4726057
6.016837
4.8178277
6.2336793
6.016837
6.9947524
6.2336793
5.689448
6.016837
6.450521
4.8178277
5.799995
5.90629
6.77791
5.90629
5.689448
5.689448
6.77791
6.2336793
6.3442264
6.016837
6.561068
6.9947524
5.578901
5.1452165
5.689448
6.1273837
5.689448
5.1452165
5.90629
6.561068
5.689448
4.924123
5.1452165
5.4726057
6.012585
5.4726057
6.016837
5.795743
5.583153
6.1273837
6.016837
6.2336793
6.016837
6.450521
6.3442264
6.561068
6.123132
5.4726057
6.667363
6.123132
4.2735963
5.689448
5.3620586
6.016837
5.4726057
5.2557635
6.2336793
6.2336793
5.3663106
6.016837
6.123132
5.578901
5.3620586
5.4726057
6.561068
5.90629
5.2557635
6.2336793
6.450521
5.1452165
6.1273837
6.561068
5.90629
5.799995
6.2336793
6.016837
5.799995
5.1452165
6.561068
5.3620586
5.2557635
6.3442264
5.90629
4.928375
6.016837
6.561068
6.123132
5.9105415
5.799995
6.561068
5.583153
5.2557635
4.7115326
5.583153
5.4726057
6.123132
5.3663106
5.038922
6.671615
5.799995
6.2336793
5.689448
5.689448
5.1452165
6.016837
6.77791
5.0346694
5.3620586
6.3442264
6.016837
5.689448
5.689448
6.123132
6.016837
5.578901
5.4726057
6.561068
7.2115946
5.795743
5.689448
6.77791
5.3620586
5.795743
5.2557635
6.561068
6.016837
6.2336793
6.9947524
6.667363
5.90629
6.561068
6.561068
5.1452165
6.2336793
6.77791
5.689448
5.3620586
4.8178277
6.1273837
6.3442264
5.1452165
5.4726057
6.3442264
5.799995
6.2336793
6.016837
6.1273837
6.016837
5.2557635
6.016837
5.799995
5.90629
5.799995
6.3442264
6.016837
5.1452165
5.038922
6.123132
6.2336793
5.583153
5.4726057
6.561068
5.1452165
6.016837
5.2557635
5.689448
5.583153
4.928375
6.016837
5.799995
5.689448
5.799995
6.9947524
5.1452165
5.2557635
6.1273837
6.2336793
6.016837
5.583153
5.2557635
6.016837
5.795743
6.561068
5.689448
6.2336793
5.90629
5.2557635
5.799995
6.561068
5.3620586
6.3442264
5.578901
5.578901
5.4726057
5.90629
6.2336793
6.016837
5.689448
6.561068
5.90629
5.3620586
6.2336793
7.1052995
6.2336793
6.3442264
6.9947524
6.2336793
6.561068
6.450521
6.016837
5.689448
5.4726057
6.77791
6.016837
5.1452165
5.1452165
5.90629
5.689448
5.689448
6.1273837
6.016837
5.583153
6.2336793
6.450521
6.2336793
5.799995
6.561068
5.799995
5.2557635
6.450521
6.561068
4.928375
5.799995
6.016837
6.123132
5.1452165
5.4726057
6.561068
6.016837
5.799995
6.8884573
5.799995
5.795743
5.799995
6.016837
6.671615
5.689448
6.3442264
6.77791
5.689448
5.0346694
5.90629
6.2336793
6.016837
5.689448
5.689448
6.9947524
5.90629
6.016837
6.3442264
6.2336793
5.90629
5.90629
6.016837
7.3221416
6.450521
6.123132
6.2336793
6.1273837
5.795743
6.77791
5.90629
6.667363
6.2336793
5.0346694
6.561068
6.339974
6.667363
6.123132
5.3620586
7.3221416
6.450521
5.799995
6.77791
6.9947524
5.795743
5.90629
6.2336793
6.450521
5.90629
5.90629
6.450521
6.2336793
5.1452165
5.0346694
6.3442264
6.2336793
6.2336793
6.561068
6.450521
5.799995
5.90629
6.450521
6.123132
6.123132
6.8842053
6.8842053
5.90629
6.667363
6.561068
7.3221416
6.77791
5.795743
6.339974
5.578901
6.667363
6.9947524
6.9947524
6.123132
5.689448
6.3442264
6.450521
6.123132
6.450521
6.77791
6.450521
6.667363
5.90629
5.578901
6.667363
6.339974
6.450521
6.123132
6.2336793
6.450521
6.556816
5.90629
6.450521
5.468354
6.561068
7.538984
6.012585
5.689448
6.450521
5.90629
6.667363
5.689448
5.795743
6.9947524
5.90629
6.123132
6.2336793
6.339974
5.799995
6.77791
6.9947524
5.689448
6.9947524
6.450521
6.667363
7.8663726
6.123132
5.578901
7.1010475
6.8842053
6.8842053
6.2294273
6.339974
6.8842053
6.339974
6.556816
6.339974
6.450521
6.561068
6.2336793
6.450521
7.2115946
6.450521
6.9947524
5.90629
6.123132
7.2115946
6.667363
6.9947524
6.012585
5.578901
6.012585
6.450521
6.339974
6.450521
7.2115946
7.2115946
6.556816
7.1010475
6.556816
6.339974
6.8842053
6.450521
6.9947524
7.6452785
6.556816
6.339974
6.556816
6.8842053
7.1010475
6.2294273
6.667363
6.667363
6.2294273
6.8842053
6.7736583
7.317889
6.339974
6.2294273
6.7736583
6.8842053
6.9905005
5.791491
6.7736583
6.1188803
6.8842053
7.1010475
6.7736583
6.7736583
6.012585
6.4462695
6.8842053
6.1188803
6.7736583
6.8842053
6.556816
6.667363
6.2294273
7.1010475
7.317889
6.339974
6.556816
7.4284363
7.6452785
6.663111
6.7736583
6.7736583
7.8621206
7.1010475
6.8842053
7.207342
6.3357224
6.8842053
7.1010475
7.7515736
7.317889
7.317889
8.189509
7.5347314
6.339974
7.4284363
6.7736583
6.7736583
6.1188803
7.1010475
6.663111
8.078962
6.9905005
7.4241843
6.556816
6.7736583
7.317889
8.078962
6.556816
7.1010475
6.663111
6.7736583
6.7736583
7.7515736
6.556816
7.317889
7.6452785
7.1010475
8.406352
6.663111
7.1010475
8.078962
7.9684157
6.7736583
7.207342
7.6410265
7.5347314
7.5347314
7.5347314
6.7736583
7.2115946
7.8621206
7.207342
7.317889
7.317889
7.207342
7.8621206
7.7515736
7.5347314
7.4241843
7.4241843
7.5347314
7.6410265
6.663111
8.295805
7.9684157
6.3357224
7.6410265
7.7515736
6.7736583
8.078962
7.7515736
6.3357224
8.295805
7.207342
7.207342
7.7515736
7.6410265
7.1010475
7.7515736
7.7515736
7.6410265
7.5347314
7.5347314
7.9684157
7.4241843
7.7515736
7.5347314
7.5347314
7.5347314
7.1010475
7.7515736
7.5347314
6.9905005
7.7515736
8.295805
7.4241843
6.3357224
7.207342
7.7515736
6.769407
6.9905005
7.9684157
7.096796
6.8799534
7.207342
7.4241843
7.5347314
7.7515736
6.663111
6.769407
7.7515736
7.096796
8.295805
7.6410265
6.5525646
6.663111
7.7515736
7.4241843
6.8799534
8.406352
7.7515736
7.5347314
7.207342
7.207342
6.9905005
7.857869
7.207342
7.317889
7.4241843
7.4241843
7.207342
8.295805
7.313638
7.9684157
7.313638
6.986249
8.078962
7.7515736
7.6410265
7.5347314
7.7515736
7.4241843
7.096796
7.6410265
6.5525646
7.207342
6.769407
7.7515736
7.7515736
7.6410265
7.5304804
7.317889
7.313638
6.769407
8.295805
7.9684157
8.078962
7.7515736
7.6410265
7.9684157
7.6410265
7.5304804
7.207342
8.840036
6.769407
7.857869
7.4241843
7.4241843
7.6410265
8.185258
7.6410265
7.207342
7.313638
8.185258
6.8799534
7.9684157
8.185258
6.8799534
7.096796
7.857869
8.185258
7.6410265
7.747322
8.4021
7.9684157
7.9684157
8.185258
8.185258
7.313638
8.074712
7.6410265
7.6410265
7.6410265
8.074712
7.207342
7.7515736
7.9684157
6.769407
7.6410265
7.313638
8.946331
7.9684157
7.203091
8.185258
8.074712
7.9684157
8.295805
8.729489
8.185258
7.9684157
7.6410265
8.185258
8.185258
7.313638
8.729489
7.6410265
7.6410265
8.4021
7.5304804
8.512647
7.096796
6.4420176
8.074712
8.295805
6.4420176
7.5304804
7.9684157
8.185258
7.857869
7.9684157
8.074712
8.185258
8.618942
7.6410265
6.986249
7.857869
8.512647
8.512647
7.313638
8.729489
7.9641643
7.6410265
8.185258
6.986249
8.4021
8.074712
8.185258
7.9684157
8.074712
7.9641643
6.4420176
8.295805
8.074712
7.313638
7.857869
8.074712
7.096796
8.185258
7.313638
8.4021
7.857869
8.185258
7.857869
7.4241843
7.096796
7.6410265
8.512647
7.9684157
7.203091
8.729489
7.5304804
7.857869
8.512647
7.747322
7.747322
7.096796
7.6410265
7.4241843
7.4241843
6.5525646
8.623194
7.6410265
6.769407
7.9684157
7.6410265
7.7515736
7.096796
7.313638
8.406352
7.6410265
6.8799534
7.6452785
7.7515736
6.8799534
7.7515736
7.207342
7.4241843
7.7515736
7.5347314
6.3357224
7.5347314
6.9905005
6.3357224
6.556816
7.317889
7.7515736
6.7736583
6.4462695
7.2115946
7.6452785
6.8842053
6.7736583
6.556816
5.795743
7.4284363
6.7736583
7.1010475
7.2115946
6.7736583
7.317889
6.339974
5.6851964
6.8842053
6.123132
5.795743
7.3221416
5.795743
6.339974
6.8842053
7.538984
5.795743
6.667363
6.667363
5.578901
6.2336793
6.2336793
6.667363
7.2115946
6.561068
6.9947524
6.77791
6.339974
6.9947524
6.123132
6.667363
6.556816
6.123132
6.450521
6.2336793
7.1052995
6.77791
6.450521
6.9947524
6.561068
6.2336793
6.667363
6.3442264
6.9947524
6.77791
6.2336793
6.450521
7.4284363
6.450521
5.799995
6.450521
5.90629
7.2115946
6.016837
6.450521
7.1052995
6.450521
6.016837
6.561068
6.77791
6.667363
6.3442264
6.561068
6.77791
5.689448
6.2336793
5.583153
6.454773
6.016837
6.2336793
6.1273837
5.799995
6.671615
6.454773
6.1273837
6.454773
5.3663106
5.583153
5.799995
5.3663106
6.454773
6.454773
5.9105415
6.454773
5.3663106
6.237931
5.9105415
6.1273837
6.671615
5.6937
5.6937
6.1273837
5.583153
5.9105415
5.6937
5.4768577
5.5874047
5.1494684
6.1273837
5.2557635
6.454773
5.2600155
5.4768577
5.804247
5.3663106
5.9105415
5.4768577
5.1494684
6.0210886
5.6937
5.4768577
5.4768577
5.6937
4.9326262
6.0210886
5.1494684
5.2600155
5.6937
6.237931
6.0210886
5.9105415
5.9105415
4.9326262
5.6979513
6.0210886
4.9326262
5.3705626
4.9326262
4.9326262
5.5874047
5.5874047
5.6937
5.5874047
4.9326262
5.804247
5.6937
5.0431733
5.1494684
5.1494684
5.0431733
6.0210886
5.2600155
5.3705626
4.715784
5.3705626
6.0210886
4.4989424
5.6979513
5.2600155
5.1537204
5.0431733
6.1316357
5.2600155
5.0431733
5.2600155
5.6979513
5.2600155
4.4989424
5.6979513
4.6094894
4.2821
5.3705626
5.5874047
4.826331
4.6094894
5.2600155
4.1758046
4.3926473
5.3705626
4.720036
4.936878
4.936878
3.737869
4.936878
4.826331
4.6094894
5.0431733
5.1537204
3.848416
4.936878
4.6094894
4.2863517
3.631574
4.503194
3.848416
4.1758046
5.1537204
4.720036
4.1758046
4.936878
4.720036
3.848416
4.503194
5.1537204
3.9589627
4.720036
4.826331
3.9589627
4.720036
3.848416
4.1758046
4.826331
4.936878
3.848416
5.1537204
4.4989424
4.720036
5.0474253
4.720036
5.481109
4.3926473
3.848416
4.720036
4.720036
4.720036
4.1758046
4.3926473
4.3926473
4.936878
4.1758046
4.3926473
4.1758046
4.3926473
4.6094894
4.065258
3.9589627
4.720036
3.9589627
4.1758046
4.1758046
5.481109
4.1758046
4.2863517
3.9589627
5.0474253
4.503194
4.720036
5.0474253
4.1758046
3.7421207
4.1758046
4.503194
3.631574
4.2863517
4.1758046
3.1978896
4.613741
4.06951
3.9589627
4.2863517
4.503194
3.8526678
3.9589627
4.2863517
4.2863517
3.7421207
3.8526678
4.180057
4.2863517
3.631574
3.7421207
3.631574
4.06951
3.9589627
3.5252786
4.06951
4.503194
3.631574
4.613741
4.1758046
3.414732
3.5252786
3.414732
3.7421207
3.9589627
3.8526678
3.7421207
4.830583
3.9589627
4.06951
4.503194
4.3968987
4.2863517
4.06951
4.503194
4.503194
3.5252786
4.503194
3.7421207
3.414732
4.2863517
3.414732
4.2863517
3.9589627
4.06951
4.2863517
3.414732
3.5210268
4.724288
3.5252786
3.7421207
4.06951
4.06951
3.414732
3.7421207
3.1978896
4.180057
3.7421207
3.7421207
4.06951
4.180057
3.5252786
4.2863517
3.631574
3.8526678
4.2863517
4.180057
4.2863517
3.7421207
3.8526678
3.8526678
4.06951
3.8526678
3.9589627
3.1978896
3.7421207
3.8526678
3.5252786
3.5252786
3.3084364
3.7421207
3.414732
3.5252786
4.06951
3.9589627
3.7421207
4.2863517
3.414732
4.06951
3.9589627
3.414732
4.06951
3.8526678
3.5252786
3.631574
4.06951
3.9589627
2.9810476
3.8526678
3.5252786
3.5252786
3.6358256
3.5252786
4.06951
3.7421207
3.1978896
4.06951
3.3084364
3.1978896
3.6358256
3.9632149
3.7421207
3.7421207
3.9589627
3.414732
3.631574
3.631574
3.8526678
4.06951
3.9589627
3.4189837
3.7421207
3.3084364
3.6358256
3.1978896
3.8526678
3.3084364
3.631574
3.5252786
3.9632149
3.7421207
3.6358256
3.3084364
3.0873425
4.06951
3.414732
3.7421207
4.06951
2.9810476
4.613741
3.3084364
3.3084364
3.1978896
3.8526678
3.8526678
3.5252786
3.9632149
3.8526678
3.5252786
3.3084364
3.3084364
3.6358256
3.3084364
3.8526678
4.06951
2.9810476
3.7421207
3.8526678
3.5252786
3.7421207
3.7421207
3.9632149
4.06951
3.3084364
3.414732
3.5252786
3.8526678
3.5252786
3.7421207
3.9589627
3.414732
4.06951
3.3084364
3.7421207
3.9632149
3.3084364
3.0915945
3.6358256
3.5252786
4.3968987
4.180057
3.6358256
4.507446
3.6358256
3.3084364
3.8526678
3.6358256
4.180057
4.06951
3.3084364
3.5252786
3.5252786
3.1978896
3.8526678
3.8526678
4.613741
4.06951
2.8747523
4.180057
3.9589627
3.6358256
3.3084364
3.3084364
4.180057
4.06951
3.0915945
3.6358256
3.1978896
4.06951
3.6358256
4.2863517
4.06951
3.9632149
3.6358256
4.06951
3.9632149
3.5252786
3.9632149
3.8526678
4.3968987
3.8526678
2.9810476
3.5252786
3.6358256
4.2906036
3.414732
3.1978896
3.9632149
3.7421207
3.9589627
3.8526678
3.7421207
3.4189837
4.180057
3.5252786
3.8526678
3.414732
4.613741
4.06951
3.8526678
4.613741
4.613741
3.3084364
3.8526678
3.8526678
4.180057
3.0915945
3.3084364
3.8526678
3.3084364
3.414732
4.06951
3.8526678
3.6358256
3.5252786
3.6358256
3.8526678
4.94113
4.613741
3.8526678
3.6358256
3.8526678
4.2863517
3.5252786
3.5252786
3.7421207
3.5252786
3.8526678
4.180057
3.8526678
4.06951
4.06951
3.5252786
3.5252786
3.5252786
4.3968987
3.0915945
3.4189837
3.0915945
3.8526678
4.06951
4.613741
3.8526678
3.3084364
3.9632149
4.724288
4.3968987
3.6358256
3.6358256
4.3968987
3.8526678
3.8526678
3.0915945
3.5252786
3.7421207
4.503194
4.2863517
4.180057
3.6358256
3.4189837
4.3968987
4.2906036
4.2863517
3.1978896
4.180057
3.9632149
4.613741
4.180057
3.0915945
3.5252786
4.180057
4.3968987
3.7463725
3.3084364
4.180057
4.06951
4.3968987
3.3084364
3.9632149
4.180057
3.0915945
4.3968987
4.3968987
3.7421207
3.0915945
4.06951
3.3084364
3.8526678
4.2906036
4.06951
4.06951
3.8526678
3.8526678
4.06951
4.180057
4.06951
2.8747523
3.6358256
4.180057
4.180057
4.180057
3.9632149
3.7421207
4.180057
3.8526678
3.3084364
3.6358256
4.3968987
4.180057
4.2863517
4.180057
3.3084364
3.8526678
4.180057
4.06951
2.7642052
3.5295303
4.180057
3.0915945
3.3084364
3.2021413
3.3084364
3.6358256
3.6358256
4.180057
3.1978896
4.613741
3.0915945
3.7463725
3.4189837
3.5295303
4.507446
3.4189837
3.6358256
3.6358256
4.180057
3.4189837
4.2863517
3.8526678
3.3084364
3.3084364
3.6358256
3.7463725
4.06951
3.9632149
4.507446
3.8526678
3.8526678
3.4189837
4.180057
3.3084364
3.8526678
3.0915945
4.180057
3.3084364
2.8747523
4.06951
3.8526678
3.2021413
3.6358256
3.5252786
3.4189837
3.8526678
2.65791
4.507446
3.9632149
3.9632149
4.2863517
2.8747523
3.9632149
3.3084364
3.7463725
3.9589627
2.9810476
3.9632149
3.3084364
3.6358256
3.8526678
3.7463725
3.3084364
2.8747523
3.4189837
3.6358256
2.8747523
3.8526678
3.6358256
3.5252786
3.6358256
4.2906036
3.8526678
2.5473633
3.9632149
2.65791
3.6358256
2.8747523
3.2021413
4.06951
2.9852993
3.4189837
2.9852993
3.6358256
3.9632149
3.8526678
3.2021413
3.0915945
4.507446
3.5295303
3.7463725
3.4189837
4.180057
3.7463725
3.5252786
3.0915945
3.0915945
4.724288
4.2906036
3.0915945
3.5295303
3.3084364
3.0915945
2.8747523
3.6358256
3.2021413
3.2021413
3.0915945
3.4189837
3.5295303
2.9852993
2.8747523
2.9852993
3.7463725
2.9852993
2.9852993
3.6358256
3.5252786
2.9852993
3.312688
4.507446
3.4189837
3.312688
3.5295303
3.2021413
3.4189837
3.5295303
3.8526678
3.2021413
3.0915945
3.2021413
2.7684572
4.2906036
3.2021413
2.65791
2.7684572
2.8747523
3.312688
2.879004
2.9852993
3.6358256
2.224226
3.2021413
3.0915945
3.312688
2.9852993
3.3084364
3.2021413
3.7463725
3.9632149
2.9852993
3.4189837
3.6358256
3.8569195
3.312688
4.2906036
2.330521
2.9852993
4.2906036
2.7684572
2.7684572
3.9632149
3.312688
2.65791
3.8569195
2.8747523
2.1136792
3.2021413
2.8747523
2.7684572
3.5295303
3.5295303
2.0073838
2.7684572
3.2021413
2.7684572
3.312688
3.0915945
2.65791
3.5295303
3.4189837
3.2021413
3.6400774
3.6400774
2.9852993
3.7463725
3.312688
2.65791
2.9852993
3.9632149
2.7684572
3.5295303
3.4189837
2.7684572
2.65791
3.8569195
3.5295303
2.3347728
2.7684572
3.312688
2.44532
3.6400774
3.312688
2.9852993
2.7684572
2.8747523
3.312688
3.6400774
3.6400774
3.312688
3.312688
2.8747523
3.2021413
4.0737615
3.5295303
2.7684572
2.879004
3.4232354
2.7684572
2.7684572
3.312688
3.312688
2.5516152
3.312688
3.0958462
2.9852993
2.3347728
2.879004
2.4410682
2.0073838
3.2063932
2.879004
2.9852993
2.9852993
2.9852993
2.117931
2.4410682
3.5295303
3.2021413
2.5516152
3.0958462
3.6400774
3.6400774
2.9852993
2.7684572
3.312688
4.1843085
2.5516152
2.9852993
3.2021413
2.5516152
2.662162
2.989551
3.5295303
2.7684572
2.3347728
2.7684572
2.1136792
2.5516152
2.9852993
2.9852993
2.117931
3.5295303
2.5516152
3.0958462
2.9852993
2.5516152
2.5516152
3.6400774
3.9674666
2.0073838
3.6400774
3.0958462
3.0958462
2.7684572
2.879004
2.3347728
2.0073838
2.7684572
2.879004
2.5516152
3.0958462
3.5295303
2.7684572
2.117931
3.312688
2.3347728
2.3347728
3.3169398
2.5516152
2.44532
2.7684572
2.879004
2.0073838
2.5516152
3.8569195
2.7684572
2.3347728
2.7684572
2.7684572
3.0958462
3.5295303
2.879004
2.5516152
2.4410682
2.5516152
3.312688
2.5516152
3.5337825
2.0073838
2.879004
2.7684572
2.117931
3.2063932
2.224226
2.3347728
2.224226
2.7684572
2.662162
3.0958462
3.4232354
2.3347728
3.0958462
3.4232354
2.0073838
2.662162
3.2021413
2.5516152
2.44532
2.9852993
2.117931
2.662162
2.989551
2.879004
2.3347728
2.0116355
3.0958462
2.662162
2.555867
1.9010887
2.3347728
2.228478
3.5337825
2.44532
2.228478
3.2063932
2.0073838
2.117931
3.0958462
2.989551
3.2063932
3.0958462
2.117931
2.772709
2.117931
1.9010887
2.3390248
2.989551
2.228478
1.6842467
2.117931
2.44532
1.6842467
2.662162
2.879004
2.44532
2.117931
2.662162
2.879004
3.4232354
2.224226
2.117931
3.4232354
2.772709
2.228478
3.2063932
2.879004
1.7905419
2.662162
2.989551
2.662162
1.6799948
2.662162
2.117931
2.117931
3.2063932
2.7684572
2.44532
2.662162
2.0073838
2.662162
3.2063932
2.5516152
2.7684572
1.7905419
2.44532
2.5516152
2.7684572
2.44532
2.44532
3.6400774
2.5516152
1.9010887
2.662162
2.7684572
1.3568575
2.989551
2.7684572
2.4410682
3.2063932
3.2063932
1.7905419
2.662162
2.662162
3.5337825
2.662162
1.7905419
3.2063932
2.662162
2.662162
2.879004
2.662162
1.6799948
2.662162
2.117931
2.3347728
3.0958462
2.224226
2.4410682
2.117931
2.772709
2.0073838
2.44532
2.117931
2.3347728
2.662162
2.989551
2.879004
2.44532
2.662162
3.4232354
2.224226
2.7684572
3.312688
2.5516152
2.3347728
2.879004
2.772709
3.0958462
3.0958462
1.9010887
2.44532
2.117931
2.44532
2.772709
2.7684572
2.44532
3.0958462
2.5516152
2.989551
3.5295303
2.224226
2.879004
3.6400774
2.7684572
3.4232354
2.3347728
2.3347728
2.662162
2.5516152
2.117931
2.3347728
3.2063932
2.0073838
2.989551
2.44532
2.224226
2.44532
1.9010887
2.879004
2.7684572
3.312688
2.879004
2.0073838
2.9852993
2.117931
2.5516152
2.5516152
2.879004
2.3347728
2.662162
2.5516152
1.7905419
2.44532
2.3347728
3.4232354
3.312688
2.879004
2.224226
3.0958462
3.4232354
2.4410682
3.6400774
2.3347728
2.879004
3.4232354
2.117931
3.4232354
2.117931
2.555867
2.879004
2.44532
2.879004
1.9010887
2.3347728
1.7905419
3.4232354
3.2063932
2.117931
3.0958462
2.879004
2.0073838
3.312688
2.879004
2.224226
2.5516152
2.3347728
2.5516152
2.117931
2.5516152
2.662162
2.879004
1.5736997
2.879004
3.312688
2.5516152
3.0958462
3.0958462
2.5516152
2.3347728
3.0958462
2.5516152
3.4232354
2.65791
2.989551
2.5516152
1.7905419
2.879004
2.662162
1.7905419
3.2063932
2.8747523
3.0958462
2.0073838
2.9852993
2.662162
2.0073838
3.4232354
2.3347728
3.0958462
2.5516152
2.5516152
2.879004
3.4232354
2.224226
3.8569195
2.662162
2.0073838
2.879004
2.3347728
3.0958462
2.772709
3.312688
2.3347728
2.879004
2.879004
2.0073838
2.5516152
2.5516152
3.6400774
2.3347728
2.5516152
2.662162
3.4232354
3.312688
3.312688
3.5295303
2.5516152
3.0958462
2.117931
2.989551
3.4232354
2.224226
3.9674666
3.2063932
4.0737615
2.224226
2.224226
2.7684572
2.9852993
3.2063932
3.312688
3.312688
2.9852993
3.312688
2.772709
3.7506244
2.117931
3.5337825
2.0073838
2.3347728
3.0958462
3.4232354
2.7684572
3.6400774
2.9852993
3.312688
3.4232354
4.1843085
3.5295303
2.5516152
3.312688
3.0958462
3.0958462
2.5516152
2.3347728
2.772709
2.879004
3.312688
3.4232354
3.0958462
4.1843085
3.0958462
2.879004
2.9852993
2.5516152
3.6400774
2.224226
2.879004
2.9852993
2.5516152
3.6400774
3.0958462
3.2063932
2.879004
3.2063932
2.989551
2.7684572
3.312688
3.5295303
2.65791
3.312688
3.7463725
2.65791
3.4232354
2.7684572
2.3347728
3.2063932
2.989551
3.5295303
2.7684572
2.117931
2.879004
3.6400774
2.5516152
2.879004
3.312688
2.7684572
3.6400774
2.7684572
2.879004
3.2063932
2.9852993
3.0958462
2.3347728
1.7905419
2.662162
2.879004
3.2063932
3.2063932
3.312688
2.5516152
2.662162
3.0958462
2.117931
2.662162
3.312688
2.0073838
2.5516152
3.6400774
2.5516152
2.5516152
2.7684572
2.3347728
3.4232354
3.4232354
3.5337825
2.3347728
3.6400774
2.117931
2.44532
2.989551
2.9852993
2.4410682
3.7506244
2.879004
2.5516152
3.0958462
2.65791
2.879004
2.5516152
3.0958462
2.5516152
3.0958462
2.4410682
3.4232354
1.9010887
2.3347728
3.6400774
2.879004
3.0958462
3.7506244
3.312688
2.879004
2.3347728
2.4410682
2.7684572
3.4232354
3.6400774
2.117931
2.662162
2.5516152
3.4232354
3.7506244
2.3347728
2.7684572
3.5337825
2.224226
2.5516152
3.7506244
3.6400774
3.6400774
2.9852993
2.3347728
3.0958462
3.312688
2.44532
3.2063932
3.312688
2.7684572
1.9010887
2.3347728
3.6400774
2.5516152
2.224226
2.879004
3.4232354
2.0073838
2.662162
3.0958462
3.2063932
2.989551
2.662162
2.7684572
2.662162
2.5516152
3.2063932
2.9852993
2.0073838
3.4232354
2.5516152
2.5516152
2.4410682
3.2063932
3.5295303
2.224226
2.3347728
3.6400774
2.662162
2.879004
3.6400774
3.2063932
3.6400774
3.0958462
3.2063932
1.896837
3.8569195
3.0958462
2.3347728
2.3347728
3.6400774
3.2021413
2.989551
3.2063932
3.312688
2.4410682
2.5516152
3.9674666
2.879004
2.224226
2.662162
2.662162
1.9010887
3.312688
2.3347728
2.3347728
3.0958462
2.7684572
2.662162
3.4232354
2.5516152
2.5516152
3.0958462
2.4410682
2.7684572
2.879004
3.0958462
2.0073838
2.879004
3.6400774
3.5295303
1.7905419
2.224226
2.879004
2.5516152
2.4410682
2.989551
2.879004
2.5516152
2.662162
2.7684572
2.879004
3.2063932
2.224226
2.3347728
2.0073838
2.5516152
2.9852993
2.5516152
2.5516152
2.3347728
1.7905419
2.117931
2.5516152
2.879004
2.0073838
2.989551
2.7684572
2.7684572
3.7506244
2.879004
2.7684572
2.7684572
2.5516152
2.879004
3.2063932
2.228478
3.4232354
2.5516152
3.0958462
3.2063932
3.2063932
3.6400774
2.7684572
3.2063932
2.3347728
2.7684572
2.5516152
2.5516152
3.0958462
1.5736997
2.3347728
2.224226
2.0073838
2.5516152
3.0958462
2.879004
3.2063932
3.8569195
2.9852993
2.5516152
3.6400774
2.3347728
2.7684572
3.0958462
2.3347728
2.5516152
3.5295303
2.879004
3.2063932
2.4410682
2.224226
2.7684572
3.0958462
4.0737615
2.5516152
2.879004
3.312688
2.879004
2.5516152
2.7684572
2.0073838
2.5516152
3.6400774
3.2063932
1.7905419
2.3347728
2.879004
2.8747523
3.312688
2.9852993
2.7684572
2.3347728
3.312688
3.5295303
2.224226
3.0958462
3.5295303
2.5516152
2.7684572
2.662162
2.224226
2.662162
3.2021413
2.0073838
3.312688
2.3347728
2.662162
2.7684572
3.312688
3.0958462
3.7463725
2.5516152
2.662162
3.5295303
2.7684572
3.4232354
3.312688
2.7684572
3.6400774
2.5516152
2.879004
3.2063932
2.7684572
3.0958462
2.5516152
2.224226
2.117931
3.2063932
2.5516152
2.989551
3.0958462
2.5516152
2.0073838
3.6400774
2.3347728
2.5516152
3.4232354
2.662162
2.117931
2.662162
2.662162
2.117931
2.7684572
3.0958462
3.0958462
3.7463725
2.9852993
1.896837
3.7506244
2.3347728
2.117931
3.5337825
2.5516152
2.224226
2.879004
2.3347728
1.7905419
2.7684572
3.312688
2.5516152
2.879004
2.7684572
2.7684572
2.7684572
2.44532
3.7506244
3.0958462
2.5516152
2.7684572
3.9674666
2.9852993
3.0958462
3.2021413
2.224226
4.0737615
2.7684572
2.879004
2.5516152
2.224226
3.7506244
3.2021413
3.312688
2.9852993
2.7684572
3.5295303
2.7684572
3.312688
3.312688
2.5516152
2.879004
2.7684572
3.312688
2.4410682
2.65791
3.0958462
3.5295303
2.879004
2.7684572
3.0958462
2.9852993
2.3347728
2.7684572
2.4410682
2.0073838
4.0737615
2.7684572
2.7684572
3.312688
3.312688
2.8747523
2.879004
2.9852993
3.2063932
3.4232354
2.989551
3.8569195
3.5295303
2.7684572
3.312688
2.5516152
3.5295303
2.4410682
3.2063932
3.5295303
2.117931
3.7506244
2.117931
2.117931
3.0958462
2.9852993
3.8569195
2.330521
3.0958462
3.0958462
3.5295303
2.3347728
2.3347728
3.0958462
2.5516152
3.8569195
2.879004
3.2021413
3.4189837
3.5295303
2.65791
2.1136792
3.4232354
1.896837
3.5295303
3.0958462
2.662162
3.7463725
2.65791
3.8569195
2.7684572
3.0915945
3.2021413
2.879004
3.6400774
2.224226
2.3347728
2.879004
2.7684572
3.6400774
3.8569195
2.224226
3.5295303
2.4410682
2.4410682
2.224226
3.312688
2.0073838
3.312688
3.4232354
2.4410682
3.312688
3.2021413
2.4410682
3.6358256
3.2021413
3.8569195
2.9852993
2.9852993
2.224226
3.0958462
2.9852993
3.5295303
2.9852993
2.4410682
2.9852993
2.7684572
3.4189837
2.8747523
2.65791
2.224226
2.117931
3.5295303
3.312688
3.2021413
2.8747523
2.65791
2.8747523
3.312688
3.7463725
3.2021413
3.4189837
2.9852993
3.5295303
2.9852993
3.8569195
4.0737615
2.8747523
4.2906036
3.4189837
2.65791
3.8569195
2.4410682
2.9852993
4.1843085
2.7684572
3.0958462
3.8569195
2.330521
3.5295303
3.6358256
3.312688
2.7684572
3.5295303
3.5295303
3.312688
3.6400774
2.9852993
3.7463725
3.0915945
3.5295303
3.5252786
3.5295303
3.4189837
3.9632149
3.2021413
2.7684572
2.65791
3.7463725
3.6358256
3.2021413
4.180057
3.2021413
3.9632149
3.6358256
3.2021413
2.4410682
2.8747523
2.9852993
3.6400774
3.5295303
4.507446
3.7463725
4.724288
3.9632149
3.6358256
3.7463725
3.5295303
2.8747523
2.8747523
3.9632149
4.0737615
2.8747523
3.2021413
3.4189837
2.9852993
3.312688
3.5295303
3.9632149
3.8569195
3.4189837
2.9852993
3.7463725
3.7463725
4.3968987
3.4189837
3.4189837
4.3968987
2.9852993
4.2906036
4.180057
3.4189837
2.5473633
4.2906036
4.180057
3.0915945
3.2021413
3.9632149
4.180057
4.180057
3.6358256
3.7463725
3.3084364
3.8569195
4.0737615
3.7463725
3.4189837
4.0737615
2.9810476
3.7463725
3.3084364
4.06951
3.3084364
3.9632149
3.0915945
3.0915945
4.180057
3.5252786
4.3968987
4.180057
3.3084364
3.4189837
5.0516768
3.9632149
3.3084364
3.7463725
3.0915945
2.8747523
4.507446
3.3084364
4.617993
3.6358256
4.507446
3.5252786
3.2021413
4.180057
4.180057
3.6358256
3.3084364
4.06951
3.8526678
3.9589627
3.8526678
3.8526678
3.0915945
4.724288
3.4189837
4.3968987
3.3084364
4.613741
3.8526678
2.9810476
3.9632149
3.6358256
2.9852993
3.7463725
4.2863517
3.4189837
4.507446
3.5252786
3.5252786
4.724288
4.180057
3.7463725
3.3084364
4.724288
4.3968987
3.8526678
4.180057
4.507446
4.3968987
3.4189837
3.2021413
4.180057
3.2021413
3.9632149
3.8526678
3.6358256
4.94113
4.06951
4.06951
3.4189837
3.1978896
3.9632149
3.7463725
4.180057
3.9632149
4.180057
3.2021413
3.9632149
4.724288
4.06951
3.5252786
4.2906036
4.2863517
3.6358256
4.613741
3.4189837
3.0915945
4.3968987
4.613741
3.5252786
4.507446
3.4189837
3.7421207
3.3084364
4.180057
4.503194
4.06951
3.7421207
3.9632149
4.2906036
4.06951
4.180057
3.9632149
3.8526678
3.8526678
3.9589627
3.6358256
4.06951
4.507446
4.507446
3.6358256
4.180057
3.8526678
4.94113
4.3968987
4.180057
4.180057
3.4189837
4.06951
4.830583
3.9632149
3.6358256
3.8526678
4.613741
4.2906036
4.2863517
4.06951
3.8526678
3.7421207
3.4189837
4.06951
2.9810476
5.0516768
3.8526678
3.8526678
3.4189837
3.7421207
3.5252786
4.613741
3.4189837
4.180057
4.613741
3.8526678
4.06951
3.9632149
4.2863517
3.5252786
3.8526678
4.3968987
4.06951
3.414732
3.1978896
4.3968987
3.5252786
4.06951
3.0915945
4.94113
3.0915945
3.3084364
4.613741
3.6358256
4.180057
3.5252786
4.724288
3.8526678
4.06951
4.3968987
3.7463725
3.9632149
3.5252786
4.3968987
4.06951
4.613741
3.9589627
4.2863517
3.6358256
3.8526678
4.613741
4.180057
3.8526678
4.180057
3.7421207
4.2906036
3.9589627
4.180057
4.3968987
4.2863517
3.3084364
3.6358256
3.9589627
3.5252786
4.94113
4.2863517
4.3968987
4.507446
4.06951
4.3968987
3.8526678
4.2863517
4.507446
3.6358256
4.830583
4.94113
4.2863517
4.3968987
3.8526678
4.3968987
3.8526678
4.06951
4.06951
4.180057
3.9589627
3.5252786
4.613741
3.8526678
4.613741
4.2863517
3.631574
3.5252786
3.6358256
4.2863517
3.5252786
3.9632149
4.507446
4.06951
4.06951
3.7421207
3.3084364
3.5252786
4.724288
3.7421207
3.3084364
4.724288
3.8526678
4.3968987
4.94113
4.06951
4.613741
4.06951
3.5252786
4.06951
4.180057
3.4189837
3.8526678
3.9632149
3.9632149
3.6358256
3.7421207
4.06951
3.7421207
4.06951
3.8526678
4.180057
4.06951
3.0915945
4.94113
3.5252786
4.3968987
3.6358256
4.06951
4.507446
4.06951
3.5252786
4.8348346
4.06951
3.3084364
4.3968987
4.613741
4.2863517
3.3084364
4.2863517
4.06951
4.3968987
3.7421207
3.8526678
3.6358256
4.3968987
4.06951
4.613741
4.3968987
3.7421207
4.613741
4.180057
4.06951
3.7421207
3.8526678
3.8526678
4.94113
3.7421207
4.3968987
3.9589627
4.180057
4.06951
4.180057
4.94113
3.8526678
4.06951
4.2863517
3.6358256
3.8526678
3.8526678
4.06951
4.06951
4.06951
3.8526678
4.613741
4.06951
4.06951
4.180057
3.8526678
4.06951
3.4189837
4.613741
3.7421207
3.5252786
3.8526678
4.3968987
4.2863517
4.507446
4.180057
3.9632149
3.5252786
3.7421207
4.3968987
4.06951
3.8526678
4.180057
4.180057
3.8526678
3.8526678
3.7463725
3.8526678
4.3968987
4.06951
3.5252786
4.06951
3.4189837
3.0915945
4.3968987
4.2906036
3.6358256
3.8526678
3.6358256
4.3968987
3.7463725
3.8526678
4.180057
3.3084364
4.180057
3.8526678
3.3084364
4.507446
3.0915945
3.6358256
3.6358256
3.0915945
3.2021413
4.830583
3.8526678
3.5252786
4.180057
3.5252786
4.3968987
4.180057
3.0915945
3.5252786
3.3084364
4.3968987
3.0915945
3.8526678
3.3084364
3.4189837
3.5252786
3.3084364
3.7463725
3.6358256
3.8526678
4.8348346
3.8526678
3.3084364
5.0516768
3.7421207
4.2906036
3.8526678
4.2863517
4.507446
4.06951
3.8526678
4.94113
3.9632149
3.3084364
3.6358256
3.3084364
4.507446
3.9632149
3.6358256
4.180057
3.6358256
3.8526678
3.0915945
2.8747523
4.507446
3.4189837
4.3968987
3.7463725
3.9632149
3.4189837
3.9632149
3.2021413
3.5252786
4.613741
3.0915945
3.5295303
3.4189837
3.6358256
2.7642052
4.8348346
3.4189837
3.0915945
4.507446
2.65791
3.8526678
3.2021413
3.7463725
3.3084364
3.9632149
3.312688
3.5295303
4.2906036
3.4189837
2.65791
3.2021413
3.9632149
3.4189837
3.4189837
3.8569195
4.2906036
3.6358256
3.7463725
4.2906036
2.9810476
2.4410682
2.65791
3.7463725
3.4189837
3.2021413
3.4189837
4.180057
3.6358256
3.8526678
4.2906036
2.5473633
3.312688
4.2906036
3.9632149
3.4189837
3.4189837
3.5252786
2.5473633
3.9632149
4.180057
3.7463725
2.8747523
4.180057
3.7463725
3.5295303
3.7463725
3.6358256
2.5473633
2.9852993
3.7463725
2.8747523
2.8747523
3.4189837
3.9632149
2.9852993
3.2021413
2.4410682
4.4011507
3.4189837
2.9852993
3.9632149
4.06951
3.2021413
3.7463725
3.8569195
3.9632149
3.0958462
2.7684572
4.0737615
2.9852993
2.9852993
2.7684572
3.5295303
3.312688
2.65791
3.5295303
3.5295303
3.312688
3.4189837
3.7463725
2.8747523
3.6358256
2.7684572
2.4410682
3.9632149
3.9632149
3.9632149
2.8747523
3.4189837
2.65791
2.4410682
3.4189837
3.3084364
3.2021413
2.7684572
2.9852993
3.2021413
3.7463725
3.8526678
2.7684572
2.7684572
3.2021413
2.5473633
2.65791
3.2021413
3.9632149
2.9852993
2.65791
3.6358256
3.7463725
3.2021413
2.8747523
3.5252786
2.9852993
2.7642052
3.0915945
2.9852993
3.4232354
3.312688
3.5295303
2.9852993
2.8747523
3.7463725
3.0958462
3.2021413
4.2906036
3.4189837
2.9852993
3.6358256
3.2021413
3.5295303
3.2021413
2.7684572
3.4189837
3.9632149
2.5516152
3.2021413
3.7463725
2.65791
3.2021413
3.5295303
2.4410682
2.7684572
2.224226
3.0958462
3.4189837
3.6358256
2.9852993
2.9852993
3.312688
2.224226
2.5473633
2.65791
2.4410682
2.9852993
3.0958462
3.0958462
2.9852993
2.5473633
3.7463725
3.9632149
3.2021413
2.4410682
2.65791
3.4189837
2.4410682
2.224226
3.312688
3.2021413
2.1136792
2.7684572
3.6400774
2.8747523
2.4410682
3.8569195
3.2021413
2.9852993
2.879004
3.4189837
3.7463725
3.2021413
3.0915945
3.7463725
3.312688
3.6358256
4.0737615
2.8747523
2.65791
2.7684572
2.65791
3.7463725
2.5473633
3.2021413
3.5295303
3.3084364
2.9852993
3.7463725
2.65791
3.8569195
3.312688
3.2021413
3.9632149
4.2906036
3.4189837
3.4189837
2.8747523
3.2021413
3.2021413
3.9632149
2.8747523
3.312688
3.6358256
3.2021413
2.224226
3.7463725
2.8747523
3.6400774
3.6358256
3.4189837
3.5295303
3.312688
3.312688
2.224226
2.9852993
4.507446
3.6400774
3.0915945
4.507446
3.2021413
2.7642052
3.2021413
3.0958462
3.9632149
3.312688
3.0958462
2.224226
4.0737615
3.4189837
2.9852993
3.4189837
3.5295303
3.3084364
3.2021413
3.7463725
3.4189837
2.9852993
2.7684572
3.7463725
3.4189837
3.5295303
3.7463725
3.5252786
2.65791
3.2021413
3.6358256
3.2021413
3.7463725
3.9632149
2.8747523
4.0737615
3.0915945
3.0915945
3.9632149
3.8526678
3.6358256
2.65791
3.4189837
3.0915945
2.5473633
3.4189837
3.7463725
3.4189837
4.180057
4.2906036
3.6358256
2.65791
3.5295303
3.7463725
3.0915945
3.312688
3.9632149
3.3084364
4.0737615
4.180057
3.7463725
3.5295303
3.6358256
3.6358256
3.9632149
4.507446
2.4410682
3.9632149
3.6358256
3.0915945
2.9852993
3.9632149
3.6358256
4.180057
3.9632149
3.9632149
3.4189837
3.3084364
3.5295303
3.9632149
3.4189837
3.4189837
3.5252786
3.8526678
3.9632149
3.4189837
3.7463725
3.9632149
2.65791
3.5295303
4.180057
3.0915945
3.5295303
3.3084364
2.9852993
2.224226
3.8569195
3.9632149
2.9852993
3.6358256
3.9632149
2.9852993
2.8747523
4.180057
3.5295303
3.2021413
4.724288
3.3084364
3.6358256
3.3084364
3.3084364
3.4189837
3.4189837
3.6358256
3.7463725
3.6358256
3.3084364
3.3084364
3.4189837
4.2906036
3.8526678
3.4189837
4.180057
4.3968987
3.3084364
2.7642052
3.8526678
3.3084364
4.3968987
3.4189837
4.0737615
3.9632149
3.9632149
4.180057
4.3968987
3.6358256
3.4189837
3.6358256
2.8747523
4.180057
4.3968987
3.0915945
3.9632149
4.3968987
3.0915945
4.2906036
3.7463725
3.9632149
2.7642052
3.4189837
3.3084364
4.0737615
3.5295303
3.6358256
3.2021413
3.312688
4.180057
3.6358256
4.180057
3.9632149
3.4189837
4.0737615
3.7463725
3.7463725
3.2021413
3.2021413
3.8526678
3.3084364
4.0737615
4.180057
3.2021413
3.9632149
3.5295303
2.8747523
3.8526678
2.8747523
2.9852993
2.8747523
3.2021413
3.5252786
4.3968987
3.9632149
3.8526678
3.5252786
2.9810476
3.8526678
3.3084364
3.8526678
3.4189837
3.4189837
3.8526678
4.3968987
4.180057
3.0915945
3.5295303
3.7463725
4.06951
4.06951
3.9632149
4.06951
3.6358256
3.6358256
3.6358256
3.8526678
3.4189837
4.724288
3.6358256
3.9632149
2.8747523
3.9632149
4.06951
3.6358256
2.8747523
3.4189837
4.180057
3.7463725
4.180057
3.6358256
3.9632149
3.6358256
3.4189837
3.2021413
3.9632149
3.4189837
3.8526678
4.2906036
3.4189837
4.2906036
4.2906036
3.6358256
3.6358256
4.724288
3.9632149
3.5252786
2.65791
3.6358256
3.6358256
3.8526678
4.06951
3.9632149
3.8526678
3.7463725
4.180057
3.0915945
3.8526678
3.9632149
3.6358256
4.3968987
4.2906036
3.8526678
4.3968987
3.4189837
3.9632149
3.4189837
3.6358256
4.3968987
2.8747523
3.6358256
3.8526678
3.6358256
3.6358256
4.3968987
3.3084364
3.6358256
3.7421207
3.4189837
3.2021413
3.6358256
2.8747523
3.0915945
3.6358256
2.9810476
4.3968987
4.180057
3.2021413
3.9632149
2.9852993
2.65791
4.2906036
3.8526678
3.5252786
3.7463725
3.6358256
3.9632149
3.6358256
2.8747523
3.3084364
3.0915945
3.4189837
3.7463725
3.4189837
2.65791
3.8526678
3.8526678
3.4189837
3.4189837
3.3084364
4.180057
3.0915945
4.06951
3.6358256
3.8526678
3.6358256
3.8526678
4.06951
3.8526678
3.2021413
4.180057
3.3084364
3.0915945
4.2906036
3.6358256
4.613741
3.6358256
3.4189837
3.7421207
4.1758046
3.6358256
3.9632149
3.9632149
3.4189837
3.0915945
3.8526678
3.3084364
3.5252786
3.9632149
3.0915945
3.7463725
4.507446
3.2021413
3.6358256
4.180057
3.4189837
3.9632149
3.7463725
3.4189837
2.8747523
3.8526678
4.06951
3.4189837
3.9632149
3.5252786
3.6358256
3.0915945
3.0915945
4.180057
3.5295303
3.5295303
3.4189837
3.5252786
3.8526678
4.507446
4.180057
3.4189837
2.7642052
4.0737615
3.9632149
2.9810476
4.2906036
3.8526678
3.0915945
3.2021413
4.3968987
4.180057
3.4189837
3.7463725
3.7463725
3.5295303
3.2021413
3.7463725
3.2021413
3.0915945
3.7463725
3.4189837
3.3084364
3.9632149
3.6358256
3.2021413
3.7463725
3.9632149
4.724288
3.2021413
3.4189837
3.8526678
2.8747523
3.4189837
3.9632149
3.0915945
2.8747523
3.9632149
3.5252786
3.4189837
3.3084364
3.4189837
3.9632149
3.2021413
2.5473633
2.7642052
4.2906036
2.65791
4.3968987
3.6358256
3.3084364
3.6358256
4.3968987
3.2021413
3.5295303
4.507446
3.3084364
2.8747523
3.6358256
3.8526678
3.2021413
3.5295303
3.7463725
3.6358256
3.2021413
3.9632149
3.4189837
2.7642052
3.7463725
4.507446
3.6358256
3.2021413
2.7684572
4.2906036
3.0915945
3.3084364
3.9632149
3.6358256
2.8747523
3.2021413
2.9810476
2.7642052
3.0915945
3.8526678
2.8747523
2.1136792
2.65791
3.4189837
3.2021413
4.180057
4.180057
2.65791
2.9852993
4.0737615
3.3084364
3.4189837
3.4189837
3.4189837
3.7463725
3.4189837
2.8747523
2.65791
3.7463725
2.9852993
3.4189837
3.7463725
3.4189837
3.4189837
3.0915945
4.180057
2.9852993
2.8747523
3.5295303
3.3084364
3.4189837
2.9852993
3.4189837
3.0915945
3.0915945
2.9810476
3.2021413
2.9852993
3.2021413
4.180057
3.6358256
2.4410682
3.4189837
4.180057
3.6358256
3.7463725
3.4189837
2.8747523
3.312688
2.4410682
3.9632149
3.9632149
2.65791
4.180057
3.6358256
3.3084364
3.6358256
3.8526678
3.9589627
3.5295303
3.0915945
3.4189837
4.180057
3.3084364
3.3084364
3.4189837
3.8526678
2.9852993
3.0958462
3.5252786
3.8526678
3.6358256
3.9632149
4.180057
3.0915945
3.4189837
3.9632149
3.9632149
3.8526678
4.06951
4.180057
3.3084364
4.613741
3.7463725
3.3084364
2.8747523
4.3968987
3.6358256
2.9810476
3.7421207
3.4189837
2.65791
3.0915945
2.8747523
2.8747523
3.9632149
3.8526678
3.6358256
3.4189837
3.9632149
3.4189837
4.3968987
3.6358256
3.2021413
3.3084364
3.0915945
3.5252786
3.6358256
3.9589627
4.3968987
4.06951
3.8526678
2.9852993
3.2021413
3.8526678
3.4189837
3.8526678
3.5252786
3.8526678
3.7421207
3.5252786
4.724288
3.0915945
3.5295303
3.5295303
2.65791
2.65791
3.5252786
3.8526678
3.3084364
3.9632149
4.3968987
3.7421207
3.8526678
4.3968987
2.7642052
4.06951
4.2863517
3.7421207
4.180057
3.7421207
3.8526678
3.0915945
3.5252786
3.0915945
4.2906036
3.4189837
3.0915945
4.180057
3.3084364
2.8747523
4.06951
3.3084364
2.4410682
3.2021413
3.8526678
3.4189837
4.180057
4.3968987
3.7421207
3.9632149
3.0915945
3.6358256
4.180057
3.3084364
3.8526678
3.6358256
2.8747523
3.2021413
4.180057
3.6358256
3.6358256
4.2906036
3.8526678
2.8747523
3.9632149
3.9632149
3.0915945
3.8569195
4.2906036
3.6358256
3.6358256
3.4189837
3.3084364
4.724288
3.4189837
3.5252786
3.8526678
3.8526678
3.3084364
4.724288
3.5252786
3.8526678
3.6358256
4.180057
3.5252786
3.7421207
3.5252786
4.3968987
3.8526678
3.8526678
4.503194
4.06951
3.9632149
3.5252786
4.06951
4.180057
4.3968987
3.5252786
4.06951
4.503194
3.7421207
3.8526678
3.5252786
4.06951
3.5252786
4.3968987
3.6358256
3.1978896
3.9632149
4.06951
4.3968987
4.613741
3.7421207
4.06951
3.6358256
4.3968987
4.3968987
3.7421207
3.6358256
3.9632149
3.8526678
3.6358256
3.3084364
3.8526678
4.06951
4.180057
4.06951
3.6358256
3.3084364
4.613741
4.2863517
4.613741
3.5252786
3.9632149
4.3968987
3.6358256
3.4189837
3.8526678
4.180057
4.613741
4.613741
4.180057
4.2863517
4.613741
4.06951
4.613741
3.7421207
3.6358256
4.180057
4.06951
3.2021413
3.3084364
4.724288
3.0915945
3.9632149
3.414732
3.312688
3.6358256
4.613741
4.3968987
3.7421207
4.06951
4.507446
3.8526678
3.7421207
3.7421207
3.3084364
3.5252786
3.6358256
4.180057
3.6358256
3.3084364
4.06951
4.3968987
3.1978896
4.180057
2.65791
2.7642052
4.180057
4.2863517
3.8526678
3.5252786
3.6358256
3.7421207
4.3968987
4.2863517
3.6358256
3.8526678
4.613741
4.3968987
2.9810476
4.180057
3.7421207
3.7421207
4.3968987
3.8526678
3.8526678
3.5252786
4.3968987
3.6358256
3.8526678
4.06951
4.613741
3.8526678
3.9589627
3.1978896
3.5252786
4.180057
4.180057
3.5252786
5.0474253
3.6358256
4.613741
4.180057
3.4189837
4.3968987
4.830583
3.8526678
3.3084364
3.6358256
3.5252786
2.9810476
3.7421207
4.0737615
3.5252786
3.6358256
3.5252786
3.3084364
4.180057
3.5295303
3.6358256
3.9632149
3.8526678
3.6358256
4.3968987
3.3084364
3.8526678
2.8747523
3.3084364
3.3084364
4.3968987
3.5252786
4.2906036
3.5295303
3.0915945
3.0915945
4.180057
3.6358256
4.507446
4.180057
3.0915945
3.4189837
3.8526678
3.2021413
3.8526678
4.3968987
3.8526678
3.2021413
3.8526678
4.2906036
4.613741
3.5252786
3.6358256
3.6358256
4.3968987
3.6358256
4.180057
3.5252786
3.1978896
4.2863517
3.9632149
3.6358256
4.3968987
4.06951
3.8526678
4.180057
4.507446
3.4189837
2.8747523
3.8526678
3.6358256
3.7421207
3.7463725
3.4189837
3.0915945
3.8526678
3.4189837
2.330521
3.9632149
3.4189837
2.8747523
3.7463725
2.8747523
4.180057
5.0516768
4.180057
2.8747523
3.9632149
3.3084364
3.2021413
3.8526678
3.5252786
3.0915945
3.4189837
3.5252786
3.3084364
3.8526678
3.3084364
3.5252786
2.65791
3.7463725
4.180057
3.4189837
3.1978896
4.507446
3.4189837
3.2021413
3.3084364
3.3084364
3.4189837
3.6358256
3.3084364
2.9852993
3.2021413
3.4189837
3.6358256
3.2021413
3.7463725
3.7463725
2.9852993
3.0915945
3.8526678
3.4189837
3.3084364
3.4189837
3.7463725
2.8747523
3.0915945
3.6358256
3.6358256
3.4189837
2.8747523
3.4189837
3.2021413
3.3084364
2.8747523
3.9632149
3.8526678
2.5473633
2.65791
2.4410682
3.7463725
3.7463725
3.9632149
4.2906036
2.1136792
2.330521
3.2021413
3.4189837
3.0958462
4.180057
3.2021413
2.65791
2.4410682
3.4189837
3.7463725
3.6358256
2.65791
3.7463725
3.0915945
2.5473633
3.6358256
3.5252786
3.5252786
2.7684572
2.7684572
3.312688
4.180057
2.9852993
3.7463725
3.5295303
2.1136792
2.3347728
2.65791
3.4189837
4.0737615
2.8747523
2.9852993
2.7684572
3.312688
3.2021413
3.312688
2.65791
3.2021413
2.117931
2.65791
3.5295303
2.3347728
1.7862899
3.5295303
2.4410682
2.0073838
2.4410682
2.65791
3.7463725
3.312688
2.65791
3.5295303
2.0073838
2.4410682
2.9852993
2.0073838
3.312688
2.7684572
2.9852993
2.9852993
3.0915945
3.2021413
3.312688
2.65791
2.0073838
2.9852993
3.4189837
2.9852993
3.4189837
2.65791
2.3347728
2.65791
2.9852993
3.5295303
2.9852993
2.5516152
2.3347728
3.5295303
2.9852993
2.4410682
3.6400774
2.224226
2.117931
2.4410682
2.65791
2.772709
2.9852993
2.3347728
2.5516152
2.4410682
2.5516152
2.3347728
2.3347728
3.4232354
2.879004
2.117931
2.662162
2.879004
2.5516152
2.879004
1.7905419
2.117931
1.6842467
2.3347728
2.662162
2.3347728
2.0073838
2.4410682
2.3347728
1.3568575
1.9010887
2.879004
2.117931
1.6799948
2.117931
1.7905419
2.662162
2.5516152
2.5516152
2.3347728
1.9010887
2.0073838
2.5516152
2.5516152
2.44532
2.117931
2.3347728
2.3347728
1.7905419
2.879004
1.7905419
2.662162
2.5516152
1.9010887
1.3568575
1.5736997
2.117931
2.662162
1.5736997
1.1400155
2.555867
2.117931
2.224226
1.3568575
1.7905419
1.5736997
2.117931
2.5516152
2.879004
2.117931
1.3568575
1.7947936
2.0073838
2.117931
1.5736997
1.5736997
2.662162
1.7947936
1.7905419
2.662162
1.6842467
2.0116355
2.662162
1.2505624
1.5736997
1.9010887
1.2505624
1.9010887
1.5736997
2.228478
1.6842467
1.5736997
2.3347728
2.44532
1.0294685
1.9010887
2.117931
0.9231734
2.44532
2.879004
1.1400155
0.8126264
1.2463106
1.9010887
0.9231734
2.117931
1.6842467
2.1221828
1.7905419
0.5957843
1.4674045
1.9010887
1.6842467
2.0116355
1.6842467
1.9010887
0.9231734
1.9010887
1.2505624
1.1400155
1.7947936
1.1400155
0.9231734
1.1400155
1.3568575
2.44532
2.1221828
1.1400155
0.70633125
2.228478
1.7905419
1.5736997
2.0116355
0.4894892
0.37894222
1.7947936
1.7947936
0.9231734
1.2505624
1.2505624
1.4674045
1.4674045
2.228478
1.3568575
1.4674045
2.117931
1.6842467
2.0116355
1.5736997
1.6842467
1.7947936
1.1400155
2.117931
1.4674045
1.1400155
1.4674045
1.0337203
1.0337203
1.3611094
1.4674045
1.4674045
1.4674045
0.60003614
1.2505624
0.9231734
1.0337203
1.3611094
1.4674045
1.0337203
1.2505624
1.0337203
2.0116355
0.70633125
0.9231734
1.7947936
0.27264705
1.0337203
1.2505624
0.9231734
0.70633125
1.4674045
1.3611094
1.2505624
1.6842467
1.5779516
1.0337203
0.9231734
1.4674045
1.2505624
0.1621001
1.9010887
0.1621001
0.70633125
1.3568575
0.81687826
1.9010887
1.2505624
0.70633125
1.0337203
1.4716563
1.2505624
1.0337203
2.1221828
1.0337203
0.4894892
0.9231734
0.81687826
0.4894892
1.5779516
0.9231734
1.7947936
0.4894892
1.0337203
1.6842467
0.9231734
1.5779516
1.2505624
0.9231734
0.4894892
1.5779516
0.4894892
1.3611094
0.70633125
1.5779516
0.4894892
1.5779516
1.1442673
0.37894222
1.3611094
1.0337203
0.4894892
0.9231734
1.7947936
0.4894892
1.1400155
1.0337203
1.9053404
1.3611094
0.60003614
0.27264705
1.3611094
0.9231734
0.60003614
2.1221828
0.9231734
-0.054742
1.1442673
0.9231734
0.26839525
2.44532
0.4894892
1.1400155
0.27264705
1.2505624
1.4674045
1.1400155
1.5779516
0.9231734
1.0337203
1.3568575
1.2505624
1.0337203
0.4894892
1.1442673
1.0337203
0.70633125
1.3611094
0.4894892
0.4894892
1.4716563
1.4674045
1.3611094
1.2505624
1.1400155
1.1400155
0.81687826
1.1400155
0.5957843
1.4674045
0.4894892
0.37894222
0.81687826
0.81687826
1.3611094
1.1442673
1.1442673
0.81687826
0.70633125
1.5779516
0.70633125
1.6842467
1.0337203
1.0337203
0.27264705
1.5779516
0.27264705
1.1400155
1.2505624
1.0337203
0.9231734
1.2505624
0.70633125
1.2505624
1.0337203
0.81687826
0.1621001
0.70633125
1.5779516
1.2505624
0.9231734
0.4894892
1.3611094
0.5957843
1.4674045
0.1621001
1.6842467
0.70633125
1.5779516
1.5779516
1.2505624
0.4894892
1.3568575
0.70633125
1.2505624
1.2505624
0.81687826
1.1400155
1.2505624
0.81687826
1.3611094
0.81687826
1.0337203
0.70633125
0.9231734
1.9053404
0.27264705
1.4674045
0.70633125
2.1221828
0.4894892
1.1400155
1.7947936
1.2505624
0.81687826
0.70633125
1.2505624
0.70633125
1.7947936
1.2505624
0.4894892
1.1442673
1.0337203
1.3611094
1.2505624
2.3390248
0.27264705
1.4674045
1.2505624
1.1442673
1.2505624
0.70633125
2.1221828
0.60003614
0.4894892
2.0158875
1.3611094
0.9231734
0.70633125
1.0337203
0.4894892
0.70633125
1.2505624
1.4674045
0.70633125
1.4674045
1.0337203
1.2505624
0.9231734
0.4894892
0.92742515
1.3611094
1.1442673
1.3611094
0.70633125
1.0337203
1.5779516
0.81687826
0.70633125
1.2505624
1.2505624
1.1400155
1.5779516
0.9231734
1.0337203
0.81687826
1.3568575
1.4674045
0.5957843
1.4674045
0.81687826
0.9231734
1.7947936
1.2505624
0.4894892
1.1400155
1.1400155
0.70633125
1.4674045
0.9231734
1.0337203
1.5779516
1.2505624
1.0337203
0.81687826
1.6842467
0.70633125
0.81687826
0.9231734
1.2505624
1.0337203
0.27264705
1.5779516
0.70633125
0.9231734
1.6842467
0.4894892
0.5957843
1.0337203
1.2505624
0.4894892
0.1621001
0.5957843
0.9231734
2.3390248
1.2505624
1.1400155
0.5957843
1.1400155
1.4674045
1.0337203
0.81687826
1.5779516
1.2505624
0.8126264
1.0337203
1.9010887
1.7947936
1.2505624
0.70633125
2.0116355
0.5957843
1.3568575
1.7947936
1.4674045
1.2505624
1.0337203
1.1400155
2.0116355
1.7947936
1.1400155
2.0116355
2.0116355
2.0116355
1.0337203
0.8126264
2.0116355
0.27264705
1.4674045
1.6842467
1.0337203
1.1400155
1.4674045
1.6842467
0.4894892
1.2505624
1.4674045
1.1400155
1.5779516
1.1400155
1.0337203
1.0337203
0.70633125
1.7947936
1.3611094
1.9010887
2.228478
0.9231734
1.5779516
1.6842467
1.1400155
1.4674045
0.5957843
1.6842467
1.1400155
0.8126264
2.0116355
1.2505624
1.1400155
1.1400155
1.2505624
1.3568575
0.70633125
1.2505624
2.228478
1.7947936
1.1400155
1.1400155
1.0337203
2.3390248
1.4674045
1.4674045
1.1400155
2.3390248
2.0116355
1.7947936
1.4674045
1.1400155
2.228478
1.2505624
1.1400155
1.7947936
2.0116355
1.1400155
1.3568575
0.70633125
1.9010887
1.3568575
2.0116355
1.4674045
1.7905419
0.48523736
2.555867
1.7905419
1.1400155
2.662162
2.117931
1.9010887
2.44532
1.7947936
1.2505624
1.0294685
1.7905419
2.228478
2.117931
1.3568575
2.555867
2.117931
1.4674045
1.5779516
1.9010887
1.9010887
1.9010887
1.3568575
1.6842467
1.9010887
1.6842467
1.3568575
2.228478
1.9010887
1.6842467
0.9231734
1.4631528
2.44532
1.1400155
2.0116355
1.5736997
1.9010887
1.4674045
1.9010887
1.6842467
1.6842467
1.9010887
1.9010887
2.228478
1.1400155
2.117931
2.117931
1.6842467
1.4674045
2.117931
2.44532
1.6842467
1.0294685
2.0116355
2.5516152
2.44532
2.44532
1.7905419
2.0073838
1.6842467
2.772709
2.5516152
1.2463106
2.44532
2.3347728
1.1400155
1.0294685
2.5516152
1.5736997
1.2463106
2.3347728
2.44532
1.6842467
2.555867
2.117931
0.9231734
1.5736997
1.6842467
2.0073838
1.6842467
1.4674045
2.228478
2.228478
1.5736997
1.9010887
2.0073838
1.5736997
2.772709
1.9010887
1.6842467
2.772709
2.117931
1.5736997
1.5736997
2.772709
2.117931
1.5736997
2.662162
1.9010887
2.3347728
2.662162
1.9010887
1.4631528
2.228478
1.7905419
2.0116355
1.9010887
1.7905419
1.9010887
1.3568575
1.9010887
2.0073838
1.5736997
1.6842467
2.0073838
2.4410682
1.4631528
1.7905419
1.5736997
2.3347728
1.4674045
1.5736997
2.5516152
1.6842467
2.555867
2.117931
2.228478
1.6842467
2.44532
1.7905419
2.117931
2.44532
1.1400155
1.9010887
2.117931
1.6842467
1.6842467
2.228478
1.9010887
1.3568575
2.0116355
1.5736997
1.7905419
1.7905419
1.5736997
1.5736997
2.662162
2.0073838
1.6842467
2.44532
2.0073838
2.662162
1.6842467
1.7905419
2.662162
1.6799948
2.117931
1.7905419
2.117931
1.3568575
2.117931
0.9231734
2.3347728
2.3347728
1.1400155
1.6842467
2.117931
1.7905419
2.0073838
2.117931
1.5736997
2.0116355
1.5736997
1.5736997
2.555867
2.662162
1.4674045
1.9010887
2.0073838
2.44532
1.7905419
1.7905419
2.228478
2.224226
1.6799948
2.224226
2.7684572
2.3347728
3.0958462
2.0073838
2.228478
1.7905419
2.3347728
1.9010887
2.3347728
2.117931
1.6842467
2.44532
2.224226
1.5736997
1.9010887
2.662162
1.5736997
2.117931
2.117931
2.5516152
1.5736997
2.5516152
1.0294685
1.7905419
2.7684572
1.5736997
2.5516152
1.6842467
2.0116355
1.5736997
1.2463106
1.9010887
1.9010887
1.3568575
1.4674045
2.662162
1.6842467
1.0294685
2.224226
1.5736997
2.3347728
2.3347728
2.44532
1.3568575
1.9010887
1.7905419
2.117931
2.662162
1.2463106
2.3347728
1.5736997
1.2463106
1.7905419
2.3347728
1.6842467
2.228478
2.228478
2.0073838
1.0294685
2.662162
1.4674045
2.44532
1.4674045
1.9010887
1.6842467
1.1400155
1.5736997
1.2505624
2.117931
1.2505624
1.9010887
0.9231734
2.117931
2.117931
0.9231734
1.1400155
1.6842467
0.9231734
1.5736997
2.0116355
1.5736997
2.117931
2.117931
1.0294685
1.4631528
1.1400155
1.3568575
1.9010887
2.117931
2.117931
2.117931
1.2463106
1.6842467
2.117931
1.0294685
1.3568575
1.3568575
1.2463106
1.3568575
1.9010887
1.3568575
1.5736997
1.7905419
1.1400155
2.117931
1.4674045
2.117931
1.3568575
1.1400155
1.2505624
1.3568575
2.117931
0.5957843
2.228478
1.6842467
0.5957843
1.6842467
1.9010887
0.9231734
1.3568575
1.4674045
1.4674045
1.6842467
1.3568575
0.9231734
1.9010887
1.9010887
2.117931
2.0116355
1.9010887
2.117931
1.7905419
1.5736997
1.3568575
1.9010887
2.117931
1.2463106
2.117931
2.4410682
2.117931
2.117931
1.3568575
1.3568575
2.879004
1.7905419
1.5736997
2.0073838
1.3568575
1.4631528
2.117931
1.5736997
1.7905419
2.879004
1.2463106
1.7905419
2.3347728
3.0958462
1.9010887
2.0073838
1.7905419
2.1136792
1.896837
2.879004
2.117931
1.0294685
2.4410682
2.7684572
2.0073838
2.224226
2.7684572
1.6799948
2.3347728
2.224226
2.7684572
1.6799948
2.5516152
2.224226
2.0073838
2.4410682
2.4410682
2.117931
2.9852993
2.65791
2.3347728
2.65791
2.1136792
2.224226
3.0958462
2.4410682
2.3347728
3.0958462
2.4410682
2.9852993
2.330521
2.7684572
3.2021413
1.7905419
2.1136792
2.3347728
2.0073838
2.5516152
1.7905419
2.7684572
2.7684572
2.5516152
1.6799948
2.9852993
2.5516152
2.330521
3.2021413
2.8747523
3.0958462
3.2021413
3.4189837
2.8747523
3.4189837
2.4410682
2.65791
3.6358256
3.4189837
3.5295303
3.2021413
2.224226
2.7684572
2.1136792
2.0073838
2.4410682
2.9852993
2.9852993
1.896837
2.9852993
2.5516152
1.5694479
2.8747523
2.65791
2.1136792
2.330521
2.7684572
2.224226
3.3084364
2.5473633
3.5295303
2.9852993
2.9852993
3.0958462
2.65791
2.7684572
2.7684572
2.8747523
2.0073838
2.7684572
2.1136792
2.7684572
2.7684572
2.8747523
2.7642052
2.9852993
3.3084364
2.4410682
2.4410682
3.2021413
3.0915945
3.2021413
3.0915945
2.65791
2.9852993
3.4189837
2.65791
2.4410682
2.65791
2.9852993
1.5694479
2.65791
2.330521
2.7684572
1.896837
2.0073838
2.4410682
2.4410682
2.4410682
2.9852993
2.9852993
1.7905419
3.2021413
2.224226
1.5694479
2.7684572
2.4410682
2.65791
2.224226
2.4410682
2.7684572
2.224226
3.2021413
1.6799948
2.1136792
3.2021413
2.65791
3.0915945
3.2021413
2.3347728
2.7684572
3.0958462
1.896837
3.2021413
3.5295303
2.7684572
2.65791
2.4410682
2.3347728
2.5473633
2.65791
2.117931
2.9852993
2.7684572
2.65791
2.224226
2.8747523
2.1136792
2.330521
2.65791
3.4189837
2.8747523
2.330521
2.224226
2.0073838
2.8747523
2.0073838
1.7905419
2.1136792
2.224226
2.4410682
2.5516152
2.65791
2.0073838
2.5516152
2.9852993
2.65791
3.5295303
2.8747523
2.9852993
2.65791
3.2021413
2.1136792
2.65791
2.65791
2.65791
2.1136792
2.8747523
2.9852993
2.65791
2.8747523
1.3526058
2.8747523
3.0958462
2.3347728
2.879004
2.7684572
1.6799948
2.224226
3.312688
2.65791
1.896837
2.9852993
1.3526058
2.224226
2.1136792
2.224226
2.0073838
2.0073838
2.224226
2.224226
2.7684572
2.9852993
2.224226
2.9852993
3.2021413
1.7905419
1.4631528
2.9852993
2.5516152
2.224226
2.224226
2.4410682
2.4410682
2.5516152
2.7684572
2.5516152
3.2021413
2.224226
2.8747523
2.3347728
2.3347728
1.896837
2.9852993
3.2021413
1.896837
3.312688
2.224226
2.224226
2.1136792
2.65791
2.5516152
2.5516152
2.5516152
1.3568575
2.224226
2.0073838
1.4631528
2.7684572
1.6842467
2.0073838
2.0073838
2.5516152
1.6799948
2.662162
1.7905419
2.879004
2.65791
2.0073838
2.3347728
2.4410682
2.3347728
2.224226
2.7684572
1.4631528
2.4410682
2.4410682
2.0073838
2.3347728
1.6799948
2.879004
1.4631528
2.3347728
1.4631528
1.0294685
1.5736997
2.0073838
2.5516152
1.0294685
1.5736997
1.7905419
1.9010887
1.2463106
2.117931
1.7905419
2.3347728
2.224226
2.5516152
1.7905419
1.896837
1.6842467
2.3347728
1.2463106
1.6842467
2.7684572
1.5736997
2.117931
2.224226
1.6799948
1.7905419
2.0073838
1.6799948
2.224226
2.879004
1.4631528
2.879004
2.3347728
1.1357636
3.2021413
2.65791
1.4631528
2.989551
2.662162
1.7905419
2.5516152
2.0073838
1.7905419
2.224226
2.3347728
2.5516152
2.117931
1.5736997
1.7905419
1.0294685
1.7905419
1.5736997
1.5736997
2.117931
2.0073838
1.2463106
1.7905419
1.7905419
1.5736997
2.3347728
1.3568575
2.3347728
2.0073838
2.117931
0.8126264
2.0073838
1.3568575
1.2463106
1.5736997
1.7905419
2.228478
1.2463106
2.117931
1.4674045
2.0116355
2.44532
1.1400155
1.5736997
1.7905419
1.3568575
2.0116355
0.8126264
2.117931
1.2505624
1.1400155
1.5736997
1.4674045
1.0294685
1.0294685
1.2463106
0.7020795
1.0294685
0.5957843
1.3568575
1.1400155
1.2505624
1.1400155
0.4894892
1.6842467
0.8126264
1.6842467
1.3568575
0.8126264
1.5736997
1.7905419
1.1400155
1.3568575
0.9231734
1.4674045
1.7905419
0.9231734
1.5736997
0.9231734
0.37894222
0.5957843
0.9231734
0.9231734
0.5957843
1.1400155
0.9231734
1.2505624
0.9231734
1.0294685
1.1400155
1.0337203
0.4894892
1.4674045
1.4674045
1.6842467
0.70633125
0.5957843
0.9231734
0.9231734
0.37894222
0.9231734
1.0337203
0.4894892
0.70633125
1.0337203
1.0337203
1.4674045
1.1400155
1.2505624
0.81687826
0.37894222
1.0337203
0.9231734
1.0337203
0.9231734
0.5957843
1.1400155
0.4894892
1.9053404
0.8126264
0.9231734
1.7947936
0.81687826
0.70633125
1.4674045
0.37894222
1.2505624
0.4894892
1.2505624
0.81687826
0.37894222
0.4894892
1.0337203
0.9231734
0.4894892
0.5957843
0.27264705
0.81687826
0.27264705
0.4894892
0.70633125
0.4894892
0.4894892
0.4894892
0.4894892
0.9231734
0.70633125
1.1400155
1.4674045
0.4894892
0.60003614
0.9231734
1.0337203
-0.054742
0.4894892
0.27264705
1.2505624
0.1621001
0.70633125
1.0337203
0.27264705
0.4894892
0.70633125
0.5957843
0.7105831
-0.16528895
0.27264705
-0.054742
0.60003614
0.4894892
0.60003614
-0.27158412
0.4894892
0.055804953
0.81687826
0.055804953
0.055804953
0.92742515
0.055804953
-0.050490197
-0.4884262
0.4894892
-0.4884262
0.38319403
0.27264705
0.60003614
0.16635191
0.38319403
-0.050490197
0.27264705
0.81687826
0.27264705
0.27264705
0.38319403
-0.27158412
0.4894892
0.81687826
-0.4884262
1.1442673
0.38319403
-0.27158412
0.81687826
0.055804953
0.4894892
-0.050490197
0.055804953
0.055804953
0.27264705
0.055804953
0.38319403
0.4894892
-0.16103715
-0.054742
0.1621001
-0.5947214
-0.16103715
0.055804953
-0.27158412
0.055804953
0.60003614
0.1621001
-0.7052683
0.27264705
0.16635191
-1.0326574
-0.27158412
-0.4884262
0.38319403
-0.7052683
-0.27158412
-0.37787926
-0.37787926
-0.27158412
0.16635191
-0.27158412
0.27264705
-0.37787926
0.38319403
-0.16103715
-0.37787926
-0.8115635
-0.4884262
-0.37787926
-0.7052683
-0.050490197
-0.050490197
-0.7052683
0.38319403
-0.4841744
-0.8115635
-0.4884262
-0.16103715
-0.9221104
-0.16103715
0.38319403
0.16635191
-0.4884262
-0.2673323
-0.050490197
-0.4884262
-0.050490197
-0.37787926
-0.37787926
-0.16103715
-0.054742
0.27264705
-0.16103715
0.60003614
-0.16103715
-0.4884262
0.055804953
0.60003614
0.055804953
0.60003614
0.38319403
-0.4884262
0.60003614
0.60003614
-0.16103715
-0.4884262
-0.054742
0.60003614
-0.16103715
0.4894892
0.27264705
0.055804953
-0.7052683
1.3611094
-0.054742
0.60003614
0.16635191
0.38319403
0.38319403
-0.7052683
-0.4884262
0.055804953
-0.4884262
0.27264705
0.27264705
0.81687826
-0.050490197
-0.7052683
-0.16103715
-0.37787926
-0.4884262
0.27264705
0.27264705
-0.054742
0.60003614
-0.054742
-0.4884262
0.38319403
0.16635191
0.16635191
0.60003614
1.1442673
0.055804953
-0.16103715
0.38319403
0.16635191
-0.37787926
0.38319403
0.4894892
-0.054742
0.38319403
0.38319403
0.38319403
0.38319403
-0.27158412
0.4894892
0.60003614
0.27264705
0.055804953
0.81687826
-0.16103715
0.16635191
0.70633125
0.4894892
0.4894892
0.70633125
1.2505624
0.4894892
0.27264705
0.4894892
0.27264705
1.3611094
0.70633125
0.81687826
1.2505624
1.0337203
1.1442673
0.4894892
0.70633125
0.81687826
0.60003614
0.1621001
1.2505624
-0.054742
0.4894892
0.27264705
1.1400155
1.1442673
0.4894892
0.1621001
0.60003614
0.27264705
0.4894892
1.0337203
0.70633125
0.70633125
0.70633125
0.37894222
0.81687826
0.4894892
1.0337203
0.37894222
0.4894892
0.70633125
1.2505624
1.1400155
0.70633125
1.3611094
1.0337203
0.70633125
1.1400155
0.1621001
0.37894222
0.4894892
1.0337203
1.0337203
1.3611094
-0.054742
0.37894222
0.70633125
1.3568575
0.8126264
1.1400155
0.9231734
0.37894222
0.9231734
1.1400155
0.4894892
0.70633125
1.1400155
1.2505624
0.70633125
0.70633125
0.37894222
0.37894222
1.3568575
0.8126264
1.3568575
0.37894222
0.8126264
1.6842467
0.8126264
1.6842467
1.0294685
1.5736997
0.8126264
0.8126264
2.0073838
1.3568575
1.7905419
2.3347728
1.6842467
1.4631528
1.3568575
0.8126264
1.4631528
1.7905419
0.8126264
1.9010887
1.9010887
2.0116355
1.6842467
0.9231734
1.5736997
1.1400155
0.7020795
2.44532
1.9010887
1.4631528
1.4631528
1.3568575
1.1400155
1.5736997
1.5736997
1.5736997
1.4631528
1.7905419
1.2463106
1.4631528
1.5736997
1.5736997
2.3347728
1.4631528
1.7905419
1.4631528
1.4631528
2.117931
2.224226
3.312688
2.3347728
1.4631528
2.9852993
1.7905419
1.5736997
2.224226
1.7905419
2.0073838
2.5516152
2.3347728
1.6799948
1.3526058
1.6799948
2.1136792
1.7905419
2.1136792
3.2021413
2.0073838
2.4410682
2.224226
1.896837
2.65791
2.0073838
2.65791
2.224226
3.4189837
1.896837
2.8747523
2.65791
3.2021413
1.7862899
2.7642052
2.5473633
2.8747523
2.7684572
3.0915945
2.9810476
1.896837
2.8747523
2.9852993
3.0915945
3.0915945
3.6358256
2.9852993
2.7642052
2.7642052
3.4189837
1.7862899
2.7684572
2.5473633
2.7642052
2.4410682
1.7862899
3.4189837
3.7463725
2.330521
2.8747523
3.2021413
2.8747523
3.4189837
3.1978896
3.5252786
2.9810476
2.7642052
2.8747523
3.0915945
2.7642052
3.7421207
3.0915945
3.7421207
3.6358256
3.8526678
3.1978896
3.8526678
3.7421207
3.7421207
3.6358256
2.8705006
3.8526678
2.9810476
3.9589627
4.2863517
3.7421207
4.06951
3.1978896
3.7421207
2.7642052
3.414732
3.3084364
3.1978896
3.7421207
3.5252786
3.414732
4.613741
3.631574
4.06951
3.631574
3.414732
3.7421207
2.6536584
2.9810476
3.9589627
4.06951
3.9589627
3.5252786
3.631574
3.414732
3.8526678
3.7421207
4.2863517
3.7421207
3.9589627
3.5252786
3.7421207
3.414732
3.5252786
3.848416
3.414732
3.414732
3.5252786
3.7421207
4.3968987
3.5252786
4.06951
3.5252786
3.1978896
4.1758046
3.414732
4.830583
3.9589627
4.06951
3.1978896
4.06951
3.5252786
4.503194
3.414732
3.9589627
4.06951
4.06951
3.631574
4.06951
4.1758046
3.9589627
4.503194
3.414732
4.1758046
3.9589627
4.503194
3.414732
3.9589627
4.720036
4.503194
3.7421207
3.7421207
3.848416
4.2821
4.720036
3.848416
4.503194
3.7421207
4.503194
3.7421207
4.826331
3.848416
4.826331
4.3926473
5.481109
3.631574
4.2821
5.1537204
3.631574
4.3926473
3.7421207
4.6094894
4.3926473
4.2821
4.3926473
4.720036
5.3705626
4.065258
5.1537204
5.3705626
4.6094894
5.0431733
3.848416
4.720036
5.1537204
4.936878
4.2821
4.4989424
4.1758046
5.0431733
3.848416
5.3705626
3.848416
3.848416
5.264267
4.2821
3.848416
4.065258
4.3926473
4.6094894
4.3926473
4.6094894
4.826331
3.3041847
4.6094894
4.720036
4.065258
4.936878
4.2821
4.3926473
4.936878
4.826331
4.065258
4.065258
4.2821
4.4989424
5.0431733
3.737869
4.6094894
5.0431733
4.3926473
4.065258
4.936878
4.936878
4.826331
5.1537204
4.826331
4.826331
4.826331
4.3926473
4.6094894
4.065258
5.0431733
4.6094894
5.0431733
4.6094894
4.4989424
4.4989424
5.0431733
5.481109
3.954711
4.826331
4.826331
4.826331
5.3705626
4.715784
5.6979513
4.0610065
5.2600155
4.826331
4.720036
4.6094894
4.3926473
4.1758046
4.6094894
5.481109
4.826331
4.4989424
4.2821
3.737869
4.3926473
4.1758046
4.936878
5.0431733
5.5874047
5.0431733
4.4989424
5.3705626
5.2600155
4.2821
4.826331
4.826331
5.3705626
5.5874047
4.826331
5.3705626
4.2821
4.3926473
5.6979513
4.826331
4.065258
5.0431733
4.715784
4.6094894
5.2600155
4.065258
5.0431733
4.3926473
4.9326262
4.6094894
4.826331
4.826331
5.3705626
5.1537204
4.2821
5.2600155
4.4989424
5.0431733
5.0431733
5.0431733
4.936878
4.171553
4.3926473
4.826331
4.3926473
4.936878
4.6094894
4.6094894
4.936878
4.826331
4.065258
5.1537204
4.503194
3.737869
4.4989424
4.720036
5.1537204
5.3705626
5.3705626
5.3705626
5.0431733
4.715784
5.0431733
4.715784
3.954711
3.954711
4.6094894
4.2821
4.2821
4.2821
5.2600155
4.1758046
4.6094894
4.4989424
4.6094894
3.9589627
4.6094894
3.848416
4.936878
4.065258
4.720036
5.3705626
4.3926473
4.065258
5.1537204
4.6094894
4.936878
5.264267
4.065258
4.4989424
4.2821
4.936878
3.631574
4.2821
4.936878
4.2863517
4.503194
3.631574
4.1758046
4.3926473
3.631574
3.848416
5.0474253
3.1978896
4.1758046
3.414732
3.5252786
4.2863517
3.848416
3.7421207
4.503194
4.720036
4.936878
4.1758046
3.631574
4.2821
4.6094894
3.9589627
4.720036
4.2863517
4.3926473
3.5210268
3.631574
4.503194
4.3926473
3.848416
3.631574
3.631574
4.720036
3.631574
3.0873425
3.848416
4.1758046
4.1758046
4.3926473
3.9589627
4.2863517
4.1758046
4.2863517
4.1758046
4.503194
4.6094894
3.631574
4.503194
4.6094894
4.1758046
4.830583
4.3926473
3.9589627
4.06951
4.720036
3.7421207
4.3926473
4.830583
4.1758046
3.9589627
3.848416
4.1758046
3.7421207
4.2863517
3.631574
4.1758046
3.9589627
4.830583
3.9589627
3.9589627
4.2863517
4.3926473
4.503194
4.613741
3.9589627
3.5252786
4.830583
3.414732
4.2863517
4.2863517
3.9589627
3.414732
3.5252786
4.180057
3.8526678
3.9589627
4.2863517
4.503194
4.1758046
3.3084364
4.2863517
4.2863517
4.2863517
3.5252786
3.7421207
3.1978896
3.7421207
3.848416
3.7421207
3.7421207
3.414732
4.2863517
4.06951
4.503194
3.9589627
3.8526678
3.5252786
3.8526678
3.0873425
4.1758046
3.5252786
3.7421207
4.06951
3.5252786
3.8526678
3.9589627
3.9589627
4.2863517
3.9589627
3.5252786
3.631574
4.06951
3.9589627
3.5252786
3.631574
3.1978896
3.1978896
3.7421207
4.503194
3.631574
3.9589627
4.06951
4.503194
4.1758046
4.1758046
3.414732
4.3926473
3.8526678
4.503194
4.2863517
4.503194
4.2863517
3.9589627
3.9589627
3.9589627
4.1758046
4.2863517
4.1758046
4.06951
4.503194
4.2863517
4.2863517
4.06951
4.3926473
4.503194
4.3926473
3.1978896
4.1758046
3.631574
3.7421207
3.5252786
4.503194
3.414732
4.06951
4.2863517
3.7421207
4.06951
3.631574
4.613741
4.2863517
3.7421207
4.06951
3.3084364
4.2863517
3.5252786
2.9810476
3.8526678
3.7421207
3.9589627
4.2863517
3.1978896
3.8526678
4.2863517
3.5252786
3.1978896
3.5252786
4.2863517
3.3084364
3.5252786
2.8705006
2.6536584
4.180057
3.7421207
3.1978896
3.3084364
3.7421207
3.3084364
3.3084364
3.5252786
3.8526678
3.6358256
3.5252786
3.5252786
3.5252786
3.5252786
3.414732
3.3084364
3.0915945
4.06951
2.8747523
2.5473633
4.06951
4.06951
2.7642052
4.3968987
3.8526678
3.414732
3.6358256
3.1978896
3.7421207
2.4368165
4.2863517
3.5252786
3.0915945
3.6358256
3.8526678
2.5473633
3.3084364
3.0915945
3.6358256
3.3084364
3.8526678
3.6358256
2.224226
2.330521
3.2021413
2.1136792
3.3084364
2.879004
2.4410682
2.8747523
3.5295303
2.9852993
1.896837
2.7684572
2.9852993
2.1136792
2.7684572
1.896837
2.7684572
2.9852993
2.7684572
2.224226
3.312688
2.5516152
1.6799948
2.0073838
2.224226
2.0073838
2.7684572
2.662162
2.0073838
2.5516152
1.9010887
1.4631528
2.0073838
2.3347728
1.3568575
1.5736997
1.9010887
1.9010887
2.3347728
1.5736997
1.4631528
2.117931
1.7905419
2.117931
2.0073838
2.0073838
1.2463106
2.3347728
2.1136792
2.5516152
2.0073838
2.224226
2.4410682
1.896837
2.9852993
2.65791
2.224226
2.0073838
2.7684572
2.224226
2.4410682
2.65791
2.4410682
2.7684572
2.0073838
2.5516152
2.5516152
2.0073838
2.224226
3.0958462
2.5516152
2.3347728
2.879004
1.6799948
2.7684572
1.6799948
2.7684572
2.3347728
1.2463106
2.5516152
2.224226
2.7684572
1.7905419
1.2463106
1.4631528
1.7905419
2.0073838
1.9010887
1.5736997
2.3347728
1.7905419
2.117931
1.3568575
1.6842467
1.0294685
1.1400155
0.5957843
1.6842467
0.37894222
1.6842467
0.9231734
1.3568575
0.8126264
1.7947936
1.0294685
0.70633125
1.0294685
1.2505624
2.0116355
1.4674045
0.8126264
1.9010887
1.1400155
1.1400155
1.6842467
1.6842467
1.4674045
1.9010887
1.1400155
0.8126264
1.5736997
1.1400155
1.1400155
1.3568575
0.9231734
2.117931
1.2505624
2.117931
1.5736997
1.9010887
1.9010887
1.5736997
1.9010887
1.5736997
1.0294685
1.6842467
1.0294685
1.2463106
2.0073838
2.228478
2.228478
1.7905419
1.6842467
2.3347728
1.7905419
1.0294685
1.5736997
2.0073838
1.9010887
1.5736997
2.117931
1.6842467
1.9010887
1.2463106
1.4631528
1.3568575
1.9010887
2.117931
1.7905419
0.9231734
1.5736997
1.6842467
1.1400155
1.9010887
1.1400155
0.5957843
0.9231734
1.2505624
1.7947936
1.5736997
0.70633125
1.2505624
0.70633125
0.70633125
1.2505624
0.8126264
1.2505624
1.6842467
1.2505624
2.1221828
0.70633125
0.4894892
0.70633125
0.9231734
0.1621001
1.7947936
0.1621001
0.1621001
1.7947936
1.4674045
0.1621001
1.1400155
1.1400155
1.1442673
1.5779516
1.0337203
1.6842467
0.81687826
0.81687826
1.6842467
0.9231734
0.60003614
1.0337203
1.3568575
1.3568575
1.1400155
1.3568575
1.4674045
0.9231734
1.4674045
1.5736997
1.9010887
2.0116355
1.3568575
1.1400155
1.5736997
1.4674045
1.6842467
2.228478
1.2505624
1.9010887
0.9231734
2.0116355
1.6842467
1.6842467
1.6842467
1.1400155
0.9231734
1.5736997
1.7947936
1.1400155
1.3568575
1.1400155
1.6842467
1.5779516
0.9231734
1.5736997
1.1400155
1.4674045
1.3568575
2.0116355
1.1400155
1.4674045
1.5736997
1.9010887
1.9010887
0.4894892
1.5736997
1.6842467
1.2505624
1.6842467
1.2505624
1.2505624
0.9231734
0.70633125
1.7947936
0.81687826
0.70633125
1.3611094
0.4894892
0.81687826
1.0337203
1.0337203
0.60003614
0.60003614
0.81687826
1.3611094
1.0337203
1.1442673
1.1400155
1.4674045
1.4716563
1.5779516
1.2505624
1.3611094
1.3611094
0.70633125
2.1221828
-0.054742
1.0337203
1.1400155
1.0337203
1.2505624
0.27264705
0.81687826
0.38319403
0.055804953
1.0337203
1.3611094
0.60003614
0.92742515
0.60003614
1.2505624
0.81687826
0.27264705
0.4894892
1.2548143
0.4894892
1.1400155
1.2505624
1.5779516
0.9231734
0.70633125
1.6884984
0.1621001
1.0337203
0.70633125
1.2505624
0.60003614
1.2505624
1.0337203
1.3611094
1.5779516
0.27264705
0.70633125
2.1221828
0.81687826
0.60003614
0.60003614
0.27264705
-0.054742
0.60003614
1.0337203
1.3611094
0.60003614
1.3611094
0.38319403
0.4894892
0.4894892
0.81687826
-0.16103715
0.27264705
0.38319403
0.055804953
1.3611094
0.27264705
1.2505624
0.4894892
0.4894892
0.92742515
0.27264705
0.60003614
0.81687826
0.1621001
0.27264705
1.0379721
0.27264705
1.3611094
1.3611094
0.27264705
0.38319403
0.27264705
0.27264705
1.5779516
1.3611094
0.27264705
0.055804953
0.38319403
0.81687826
0.27264705
1.0337203
-0.054742
-0.054742
1.5779516
1.0337203
1.4674045
0.27264705
-0.054742
1.5779516
0.9231734
0.70633125
1.2505624
0.9231734
0.37894222
1.1400155
1.4674045
0.9231734
1.1400155
1.0337203
0.9231734
1.0337203
0.60003614
0.9231734
0.70633125
0.9231734
0.81687826
0.37894222
1.4674045
1.6842467
1.3568575
1.6842467
0.9231734
0.9231734
1.5736997
1.6842467
1.4674045
1.4674045
1.9010887
2.117931
1.5736997
1.3568575
1.7905419
1.7905419
2.0116355
1.6842467
1.4674045
1.9053404
1.6842467
1.4674045
1.0337203
0.8126264
1.1400155
1.2505624
1.7947936
1.7947936
1.6842467
0.60003614
1.1400155
1.4674045
0.70633125
1.2505624
1.5779516
1.5779516
2.662162
1.4674045
1.0294685
1.9010887
1.0337203
1.6842467
1.5736997
2.117931
1.4674045
1.4674045
1.3568575
1.6842467
1.5736997
2.772709
1.6842467
1.1400155
2.772709
2.117931
1.4674045
3.0958462
2.117931
1.0294685
2.44532
2.228478
1.6842467
2.5516152
1.9010887
1.5736997
1.9010887
2.5516152
1.5736997
2.5516152
2.7684572
1.3568575
1.9010887
2.7684572
2.5516152
2.5516152
1.896837
2.5516152
2.9852993
2.224226
2.228478
2.0073838
2.117931
2.228478
2.662162
2.989551
2.44532
1.9010887
2.117931
1.6799948
2.3347728
1.3568575
2.228478
2.44532
2.117931
1.1400155
2.879004
2.0073838
1.9010887
2.662162
2.44532
1.5736997
2.662162
1.7905419
2.662162
1.2505624
2.44532
1.6842467
2.117931
2.989551
2.879004
1.6842467
1.4674045
1.5736997
1.1400155
0.9231734
1.5736997
2.0116355
0.9231734
0.9231734
1.1400155
1.1400155
1.1400155
0.9231734
2.228478
1.1400155
1.9010887
1.5736997
1.4674045
1.2505624
1.9010887
1.4674045
1.3568575
2.117931
2.0116355
1.2505624
1.4674045
0.9231734
1.7947936
1.6842467
1.4674045
1.5779516
1.4674045
1.6842467
1.2505624
1.2505624
1.7947936
1.6842467
1.6842467
1.4674045
1.6842467
0.9231734
2.0116355
1.4674045
1.4674045
1.4674045
1.9010887
2.228478
0.8126264
1.0294685
1.5736997
1.4674045
1.9010887
1.4674045
1.3568575
1.9010887
0.9231734
1.4674045
1.4674045
1.3568575
1.1400155
2.0116355
1.3568575
1.2505624
2.228478
1.5736997
2.117931
1.2505624
2.3390248
1.1400155
1.1400155
1.7905419
1.1400155
0.8126264
1.4674045
1.4674045
0.70633125
1.2505624
2.3390248
1.2505624
0.70633125
1.4674045
2.1221828
1.5779516
0.4894892
1.1400155
1.4674045
1.1400155
0.9231734
1.1400155
1.5779516
1.0337203
1.9010887
1.5779516
0.60003614
0.4894892
1.7947936
0.9231734
0.9231734
0.70633125
1.1442673
1.0337203
1.3611094
0.4894892
1.0337203
1.0337203
0.27264705
1.0337203
0.4894892
1.3611094
0.4894892
1.1442673
1.6884984
1.5779516
0.60003614
0.9231734
1.4674045
1.5779516
2.0116355
0.9231734
1.7947936
2.662162
1.1400155
2.3390248
1.7947936
2.0116355
1.9010887
1.5736997
0.70633125
1.6842467
1.1400155
1.4674045
1.6842467
1.3568575
1.5779516
1.9010887
0.9231734
1.6842467
1.3568575
0.9231734
1.4674045
1.2505624
0.8126264
2.3347728
1.1400155
1.4674045
1.9010887
2.117931
2.3390248
2.228478
1.2505624
1.6842467
2.0116355
2.228478
1.6842467
1.9010887
1.9010887
1.3568575
1.3568575
1.6842467
1.1400155
1.3611094
1.5779516
1.3611094
0.70633125
1.4674045
1.5779516
1.6842467
0.70633125
1.1400155
1.5779516
1.1400155
0.4894892
1.0337203
1.5779516
0.9231734
0.70633125
1.5779516
1.0337203
1.2505624
1.2505624
1.4674045
0.70633125
1.3611094
1.2505624
1.6842467
0.70633125
0.70633125
2.0116355
1.2505624
0.70633125
1.5779516
0.37894222
1.9053404
1.5779516
0.70633125
1.3611094
1.4674045
1.0337203
0.70633125
1.7947936
1.6842467
0.81687826
2.0116355
2.0116355
2.555867
1.9010887
1.0294685
1.5736997
1.6842467
1.4674045
2.3347728
1.3568575
1.1400155
1.6842467
2.3347728
1.7905419
2.772709
1.9010887
1.0294685
1.1400155
1.9010887
1.9010887
2.44532
1.9010887
1.9010887
2.228478
2.3347728
1.5736997
1.9010887
2.662162
2.228478
1.7905419
2.228478
2.662162
1.4674045
1.3568575
2.3347728
2.117931
2.117931
2.117931
2.228478
2.662162
2.662162
2.0116355
2.117931
1.9010887
1.6842467
1.0294685
2.772709
1.7947936
1.1400155
2.228478
2.0116355
1.7947936
1.5779516
1.1400155
2.0116355
1.4674045
1.4674045
2.117931
2.228478
1.6842467
1.0337203
1.5736997
2.117931
2.0116355
1.2505624
2.3390248
2.44532
1.3568575
1.0337203
2.0116355
1.4674045
2.0116355
2.555867
2.989551
1.5736997
0.4894892
1.7947936
1.7947936
0.81687826
0.70633125
0.9231734
2.228478
0.4894892
2.0116355
1.6842467
2.0116355
2.228478
2.989551
1.3568575
0.5957843
2.555867
2.3347728
1.9010887
2.117931
2.662162
3.4232354
2.117931
1.3568575
2.44532
2.3347728
2.228478
1.9010887
1.2463106
2.879004
2.662162
2.3347728
2.228478
2.228478
2.44532
2.0073838
2.4410682
3.2063932
3.312688
3.0958462
1.7905419
2.3347728
3.4232354
2.5516152
1.7905419
3.0958462
3.2063932
2.662162
2.662162
2.5516152
2.3347728
1.5736997
2.3347728
2.5516152
2.3347728
2.224226
2.5516152
2.9852993
2.117931
2.117931
2.662162
2.879004
1.9010887
1.7905419
2.772709
2.228478
2.117931
0.9231734
2.44532
2.117931
2.3390248
2.0116355
2.228478
1.1400155
0.5957843
1.7905419
1.7947936
1.7905419
3.0958462
2.879004
2.228478
2.772709
2.3347728
2.0073838
2.3390248
1.5736997
2.117931
1.5736997
2.3347728
2.117931
1.6842467
2.44532
2.3347728
2.117931
1.5736997
1.9010887
2.228478
1.9010887
3.3169398
3.0958462
2.5516152
2.4410682
2.7684572
2.7684572
3.2021413
3.2021413
3.2021413
3.2021413
3.5295303
3.312688
3.6400774
2.7684572
2.7684572
2.4410682
3.2021413
2.0073838
3.2021413
3.2021413
2.9852993
3.4189837
3.0958462
3.5295303
2.224226
3.4232354
2.224226
2.7684572
2.879004
4.2906036
4.507446
2.9852993
2.4410682
2.65791
2.7642052
2.9852993
2.4410682
3.5295303
3.8569195
3.7463725
2.4410682
4.0737615
3.0915945
2.8747523
3.6358256
2.65791
2.7684572
3.5295303
2.5516152
2.224226
2.5516152
2.4410682
2.0073838
2.1136792
3.7463725
2.8747523
2.7684572
2.5516152
2.8747523
2.7684572
2.224226
3.4232354
3.312688
2.0073838
2.662162
3.2021413
3.0958462
2.224226
2.224226
3.0958462
2.9852993
3.0958462
3.6400774
3.312688
2.0073838
2.7684572
2.7684572
2.7684572
3.0958462
2.5516152
3.312688
3.5295303
2.879004
2.3347728
3.312688
3.2021413
2.879004
2.5516152
2.7684572
2.330521
3.312688
2.4410682
3.8569195
4.0737615
3.4189837
2.9852993
3.7463725
3.5295303
3.4189837
3.2021413
3.7463725
3.4189837
3.6358256
3.4189837
4.06951
2.8747523
2.7684572
4.2906036
3.7463725
3.2021413
4.180057
4.06951
3.8526678
3.0915945
4.180057
4.507446
3.0915945
2.65791
4.180057
3.3084364
3.3084364
3.4189837
3.7421207
4.06951
4.180057
3.6358256
4.2863517
2.9810476
4.180057
4.2863517
4.06951
3.3084364
4.06951
3.0915945
3.0915945
3.0915945
4.180057
3.2021413
2.9852993
3.7463725
4.2906036
2.65791
3.0915945
4.4011507
3.4189837
3.5295303
3.6358256
3.6358256
3.4189837
3.4189837
4.0737615
2.8747523
2.65791
3.8569195
4.617993
2.4410682
2.7684572
2.8747523
3.5295303
3.6358256
4.3968987
4.507446
3.3084364
3.4189837
3.2021413
3.3084364
2.65791
3.4189837
3.9632149
3.3084364
3.8526678
3.3084364
4.180057
3.9589627
3.9632149
3.7463725
4.507446
3.9589627
3.5252786
4.3968987
3.9589627
3.5252786
3.8526678
3.7421207
5.0516768
3.8526678
4.065258
3.8526678
3.8526678
3.7421207
4.720036
4.830583
4.180057
4.3968987
3.9632149
4.503194
3.7421207
4.2863517
3.7421207
3.8526678
4.2863517
4.3968987
4.06951
4.503194
3.5252786
4.1758046
4.613741
3.9589627
3.9589627
4.503194
4.06951
4.06951
4.2863517
4.1758046
3.631574
3.8526678
4.1758046
4.2863517
3.848416
4.613741
4.503194
4.3968987
4.180057
3.7421207
3.7421207
4.2863517
3.631574
4.3968987
3.5252786
4.06951
3.8526678
3.8526678
4.06951
4.2863517
3.5252786
3.5252786
3.7421207
3.1978896
4.3968987
4.06951
3.631574
4.2863517
3.1978896
4.2863517
4.613741
4.3968987
4.180057
4.06951
3.3084364
3.9589627
3.5252786
4.180057
4.613741
3.6358256
4.724288
3.8526678
3.3084364
4.3968987
4.06951
3.9632149
3.5252786
3.9589627
3.414732
3.9589627
4.06951
2.9810476
3.9589627
4.724288
4.3968987
4.613741
4.2863517
4.2863517
4.06951
4.3968987
4.2863517
3.7421207
5.0516768
4.613741
4.06951
3.9589627
3.631574
4.830583
4.503194
4.2863517
5.1579723
4.2863517
4.503194
4.2863517
4.503194
4.2863517
3.631574
3.9589627
4.1758046
3.848416
4.3926473
5.0474253
4.1758046
4.3926473
4.2863517
4.720036
4.6094894
4.1758046
4.830583
4.2863517
4.1758046
4.720036
4.065258
5.264267
4.3926473
4.503194
5.264267
4.2863517
3.9589627
4.2863517
4.3926473
4.1758046
4.06951
5.0474253
4.3926473
3.7421207
3.631574
4.2863517
4.3926473
4.503194
4.720036
4.720036
3.414732
4.936878
4.720036
4.720036
3.631574
4.1758046
4.06951
3.8526678
3.7421207
3.9589627
4.613741
4.503194
4.936878
4.503194
4.06951
4.613741
4.830583
4.720036
5.1537204
4.6094894
4.6094894
5.1537204
4.6094894
4.2821
5.6979513
4.826331
4.065258
5.1537204
5.1537204
5.1537204
5.804247
4.826331
5.0431733
5.0431733
4.936878
5.1494684
4.4989424
5.1537204
5.3705626
4.826331
5.3705626
5.0431733
5.5874047
5.5874047
5.2600155
6.0210886
5.2600155
5.5874047
6.0210886
6.0210886
5.2600155
5.4768577
6.237931
6.0210886
7.2158465
5.6937
6.0210886
6.7821617
6.454773
5.4768577
7.109551
6.0210886
4.826331
5.2600155
5.4768577
4.715784
6.671615
4.9326262
5.4768577
5.4768577
5.4768577
5.2600155
6.0210886
6.0210886
5.804247
6.348478
5.6937
6.7821617
6.1273837
6.6758666
6.454773
6.1316357
5.583153
6.892709
7.2158465
5.9105415
6.0210886
5.6937
6.237931
5.5874047
5.1494684
7.109551
5.6937
5.9105415
5.804247
6.454773
6.0210886
5.804247
5.6937
6.1273837
5.2600155
5.6937
6.8884573
6.77791
6.1273837
6.8884573
6.561068
6.016837
7.543235
5.799995
6.561068
7.543235
6.77791
7.1052995
7.649531
7.1052995
7.1052995
6.77791
6.9947524
6.2336793
7.4326887
7.8663726
6.9947524
7.538984
6.77791
6.9947524
7.1052995
7.538984
7.2115946
7.1052995
7.2115946
6.8842053
6.9947524
7.538984
8.300056
7.538984
7.2115946
7.4284363
7.7558255
7.3221416
7.7558255
7.538984
6.450521
7.1052995
6.671615
6.3442264
6.237931
6.671615
7.2158465
6.3442264
6.016837
6.454773
6.3442264
6.454773
6.561068
6.3442264
7.2158465
6.561068
6.561068
7.2158465
7.2158465
7.649531
6.8842053
7.3221416
6.3442264
7.543235
6.1273837
6.671615
6.237931
6.3442264
6.671615
6.348478
6.1273837
5.9105415
6.0210886
6.1273837
6.56532
6.454773
5.6937
7.543235
6.454773
5.3663106
6.7821617
6.3442264
6.237931
5.9105415
6.671615
6.561068
6.77791
6.2336793
7.3221416
7.3221416
6.450521
6.8884573
7.1052995
6.1273837
6.1273837
6.454773
6.561068
6.237931
5.9105415
6.8884573
6.77791
6.561068
6.1273837
7.4326887
6.3442264
6.671615
6.454773
7.1052995
6.1273837
5.799995
6.8884573
6.9947524
7.4326887
7.2115946
7.3221416
5.9105415
6.8884573
6.561068
6.561068
5.9105415
6.561068
5.1494684
7.3263927
6.561068
5.9105415
6.671615
6.671615
6.671615
6.237931
6.454773
5.799995
6.3442264
6.3442264
6.3442264
6.671615
6.561068
6.8884573
7.4326887
7.538984
6.77791
6.3442264
6.2336793
7.2115946
6.8884573
6.561068
6.454773
6.1273837
6.2336793
6.1273837
6.77791
6.454773
6.237931
6.454773
5.6937
6.0210886
5.4768577
5.804247
5.9105415
5.9105415
5.6937
5.4768577
6.56532
6.561068
6.671615
6.3442264
6.454773
7.2158465
6.1273837
6.561068
6.454773
6.3442264
5.799995
6.454773
6.561068
6.3442264
6.454773
6.561068
6.8884573
6.3442264
6.671615
6.3442264
7.1052995
6.3442264
6.8884573
6.450521
6.77791
6.3442264
6.561068
7.3221416
6.3442264
7.1052995
6.9947524
6.2336793
7.538984
6.77791
6.339974
7.8663726
6.77791
6.561068
7.538984
7.538984
7.2115946
6.1273837
6.9947524
6.561068
5.583153
6.1273837
6.561068
6.561068
6.671615
6.016837
6.77791
6.2336793
6.77791
6.016837
7.1052995
6.561068
6.3442264
7.2158465
6.1273837
5.3663106
6.1273837
6.1273837
6.3442264
6.7821617
6.454773
6.237931
5.6937
6.0210886
5.2600155
6.0210886
5.9105415
6.0210886
6.56532
6.237931
5.6937
5.804247
5.804247
5.4768577
5.6937
5.4768577
6.0210886
4.9326262
5.2600155
5.1494684
5.4768577
6.0210886
5.804247
5.2600155
6.237931
5.804247
6.0210886
5.1494684
5.3663106
6.0210886
5.0431733
6.348478
5.3705626
5.0431733
5.2600155
4.4989424
5.3705626
4.715784
5.2600155
6.0210886
6.237931
5.038922
5.2600155
6.1273837
6.237931
5.3663106
5.6937
5.3663106
5.9105415
6.1273837
5.583153
5.6937
5.4768577
5.4768577
5.1494684
5.0431733
6.454773
5.2600155
6.0210886
5.1494684
5.1494684
5.4768577
4.9326262
4.3883953
5.2600155
4.9326262
6.1316357
5.2600155
5.0431733
4.9326262
5.3663106
4.605237
5.4768577
5.804247
4.715784
5.3705626
5.1537204
5.0431733
4.715784
5.2600155
3.848416
5.0431733
5.3705626
4.6094894
4.826331
4.6094894
4.2821
4.3926473
3.848416
4.6094894
5.0474253
3.631574
4.2863517
3.631574
3.9589627
3.9589627
3.5252786
4.06951
3.7421207
3.414732
3.7421207
3.7421207
4.2863517
3.9589627
3.9589627
4.2863517
4.2863517
3.9589627
3.414732
4.3926473
4.06951
3.9589627
4.1758046
3.8526678
3.9589627
3.631574
4.720036
3.9589627
3.414732
3.631574
4.2863517
3.7421207
4.2863517
3.414732
3.631574
3.414732
4.3926473
4.3926473
4.3926473
4.6094894
4.2821
5.1537204
5.1537204
4.065258
4.936878
4.6094894
5.1537204
4.4989424
4.826331
4.826331
4.2821
5.1537204
5.264267
4.2821
3.737869
4.6094894
4.065258
3.631574
3.414732
4.503194
4.1758046
3.631574
4.503194
4.3926473
3.414732
3.9589627
5.0474253
3.9589627
4.065258
4.3926473
4.503194
2.9767957
4.065258
4.6094894
4.1758046
5.1537204
4.1758046
3.3041847
4.936878
4.720036
3.848416
3.9589627
4.503194
4.503194
3.414732
3.7421207
3.9589627
3.9589627
3.848416
3.848416
4.936878
3.631574
3.414732
4.6094894
4.720036
3.414732
4.1758046
4.2863517
3.414732
5.264267
4.936878
3.7421207
4.503194
4.503194
3.414732
3.7421207
3.9589627
4.720036
4.503194
3.9589627
3.1978896
4.1758046
4.503194
3.7421207
4.1758046
4.1758046
3.9589627
4.503194
4.936878
3.631574
4.503194
3.848416
4.936878
3.848416
4.1758046
4.3926473
3.9589627
4.826331
4.3926473
4.1758046
4.720036
3.848416
3.414732
4.720036
4.936878
3.631574
4.3926473
4.3926473
3.848416
4.720036
4.065258
4.3926473
3.7421207
4.830583
4.3926473
3.9589627
3.9589627
4.720036
4.1758046
4.1758046
3.5252786
3.9589627
3.1978896
3.7421207
3.7421207
4.06951
3.0873425
3.5252786
4.2863517
4.503194
3.7421207
4.06951
4.2863517
3.7421207
3.3041847
3.414732
3.414732
3.7421207
3.414732
3.8526678
4.2863517
2.9810476
3.5252786
3.8526678
4.2863517
3.0915945
2.8705006
3.7421207
2.9810476
3.0915945
4.06951
3.7421207
2.8747523
3.9632149
3.414732
3.5252786
3.8526678
3.8526678
3.5252786
3.6358256
3.1978896
4.613741
4.06951
3.6358256
4.3968987
3.0915945
2.9810476
3.7421207
3.6358256
3.0915945
3.6358256
3.6358256
3.0915945
3.3084364
3.1978896
3.5252786
2.9810476
3.1978896
4.3968987
3.3084364
3.3084364
3.4189837
3.8526678
3.5252786
3.9589627
3.3084364
4.06951
3.7421207
3.8526678
2.6536584
2.9810476
3.0915945
2.4368165
3.0915945
2.5473633
3.0915945
3.0915945
2.9852993
2.2199743
3.0915945
3.6358256
2.330521
3.2021413
2.65791
2.4410682
2.330521
2.8747523
3.2021413
1.5694479
2.8747523
2.5473633
2.65791
2.8747523
2.2199743
2.65791
2.7642052
2.8747523
2.4410682
2.5473633
2.330521
2.8747523
2.8747523
3.0915945
2.65791
2.4410682
2.8747523
3.0915945
2.2199743
3.0915945
3.0915945
2.4410682
2.65791
3.0915945
2.9852993
1.896837
2.4410682
2.4410682
3.0915945
2.330521
2.4410682
2.9810476
3.4189837
3.7463725
1.7862899
2.65791
2.65791
1.5694479
1.896837
1.896837
1.2463106
2.224226
1.7862899
1.3568575
1.7905419
1.5736997
2.0073838
1.5694479
2.224226
2.9852993
2.5516152
2.4410682
2.9852993
2.2199743
3.4189837
2.4410682
2.7642052
2.5473633
3.0915945
1.3526058
2.9852993
3.0915945
2.9852993
2.003132
2.224226
2.224226
2.4410682
2.65791
3.312688
1.7862899
2.65791
2.330521
1.6799948
1.5694479
2.4410682
2.4410682
2.330521
3.0915945
2.65791
3.0915945
2.5473633
2.65791
2.5473633
1.5694479
2.8747523
2.7642052
2.5473633
2.1136792
3.2021413
1.896837
1.6799948
2.65791
2.8747523
2.1136792
1.6799948
2.9852993
2.224226
1.4631528
2.4410682
2.8747523
2.0073838
2.1136792
1.5694479
2.7684572
2.3347728
1.5694479
2.224226
2.1136792
1.4589009
2.1136792
2.65791
1.7862899
2.7684572
3.0915945
2.330521
2.3347728
2.5516152
2.224226
1.6799948
2.224226
2.3347728
2.5516152
2.224226
0.8126264
1.9010887
1.3568575
0.8126264
1.5736997
1.2463106
1.5736997
1.1400155
1.0294685
0.5957843
1.9010887
1.3568575
2.117931
1.5736997
2.117931
1.6842467
1.6842467
1.7905419
1.9010887
0.8126264
2.117931
2.224226
1.5736997
0.9189216
1.7905419
1.9010887
1.0294685
2.0116355
1.7905419
0.8126264
1.5736997
1.6842467
1.6799948
1.6842467
2.117931
2.4410682
2.3347728
1.6799948
1.2463106
0.8126264
2.3347728
2.224226
1.5736997
1.4631528
1.4631528
1.9010887
2.0073838
1.4631528
2.4410682
1.7905419
1.0294685
1.5736997
2.117931
1.7905419
1.7905419
1.0294685
2.117931
1.5736997
1.1400155
2.0073838
2.0073838
0.5957843
1.3568575
1.0294685
0.8126264
0.9231734
1.2463106
1.3568575
1.3568575
0.9231734
0.8126264
1.9010887
1.6842467
0.7020795
0.8126264
1.1400155
1.2463106
0.8126264
0.8126264
1.3568575
1.2463106
0.48523736
1.6842467
1.1400155
0.05155315
0.9231734
0.5957843
1.1400155
1.0294685
1.3568575
1.0294685
0.37894222
0.37894222
1.1400155
0.9231734
1.0294685
1.9010887
0.70633125
0.70633125
1.9010887
0.5957843
1.4674045
1.9010887
1.7905419
1.5736997
1.7905419
1.1357636
1.5736997
0.9231734
1.3568575
1.9010887
0.8126264
1.5736997
1.1400155
0.7020795
1.3568575
0.9231734
1.3568575
0.7020795
1.3568575
1.2463106
0.5957843
1.2463106
1.2463106
1.6842467
1.0294685
1.0294685
2.1136792
0.7020795
1.4631528
1.6842467
1.1357636
2.5516152
1.7905419
2.224226
2.7684572
1.4631528
1.896837
2.0073838
2.224226
2.4410682
2.224226
2.4410682
2.3347728
2.5516152
2.3347728
1.2463106
0.8083746
2.0073838
1.6799948
1.2463106
1.5736997
2.0073838
1.4631528
2.3347728
1.4631528
2.117931
1.0294685
0.8126264
1.3568575
0.5957843
1.3568575
1.7905419
0.9231734
1.1400155
1.1400155
0.37894222
1.3568575
1.6842467
0.05155315
0.9231734
0.37894222
0.48523736
1.3568575
0.9231734
0.5957843
0.5957843
0.9231734
0.70633125
0.26839525
1.2505624
0.81687826
0.9231734
1.3568575
0.37894222
1.0337203
1.1400155
0.4894892
1.1400155
0.8126264
1.3568575
0.26839525
1.3568575
1.1400155
1.2463106
-0.16528895
0.5957843
1.6842467
1.3568575
0.9231734
1.4674045
-0.058993805
1.3568575
1.7905419
2.3347728
1.5736997
1.0294685
1.6799948
1.4631528
1.4631528
1.5736997
1.2463106
0.48523736
1.7905419
1.7905419
0.5957843
1.4631528
2.4410682
1.5736997
1.1357636
1.4631528
2.7684572
1.7905419
2.0073838
2.65791
1.1357636
2.1136792
2.224226
2.4410682
1.6799948
1.896837
2.224226
2.224226
1.1357636
2.224226
2.330521
2.4410682
2.9852993
2.330521
2.65791
1.7905419
2.224226
1.3526058
1.6799948
1.7905419
2.7684572
2.117931
2.224226
1.4631528
1.6799948
0.9189216
1.3526058
2.9852993
2.1136792
2.4410682
2.5516152
1.7905419
1.896837
2.003132
1.896837
2.1136792
2.0073838
2.0073838
2.117931
1.7905419
2.0073838
1.7905419
2.0073838
1.3568575
1.2463106
2.0073838
1.5736997
1.2463106
1.3568575
2.4410682
2.3347728
1.6799948
2.224226
2.4410682
1.7905419
1.6799948
2.0073838
2.224226
1.6799948
2.003132
2.4410682
1.896837
2.224226
2.5473633
2.4410682
2.224226
2.0073838
2.4410682
2.1136792
2.5516152
2.65791
1.3526058
1.896837
2.224226
2.65791
2.330521
2.4368165
2.7642052
2.330521
3.0915945
3.4189837
2.1136792
3.0915945
2.5473633
2.2199743
2.65791
3.5252786
2.7642052
2.4368165
3.6358256
2.2199743
2.7642052
2.1136792
3.5252786
3.0915945
3.3084364
2.7642052
3.3084364
3.6358256
2.9810476
3.7421207
2.7642052
2.7642052
2.8747523
2.6536584
2.2199743
2.2199743
3.1978896
3.1978896
3.5252786
3.1978896
3.414732
3.1978896
2.4368165
3.0873425
3.7421207
2.9767957
3.1978896
3.414732
3.1978896
3.3084364
3.9589627
3.3084364
2.5473633
3.8526678
3.3084364
3.5252786
3.5252786
2.8747523
2.9852993
2.7642052
4.2863517
2.7642052
2.9810476
3.3084364
3.0915945
2.9810476
3.3084364
2.8747523
2.8747523
2.9810476
3.5252786
2.9810476
2.5473633
2.9810476
3.6358256
3.1978896
2.5473633
3.5252786
4.06951
3.7421207
2.9810476
3.9589627
3.414732
2.7642052
3.414732
3.631574
3.7421207
3.7421207
3.8526678
3.3041847
3.631574
3.631574
3.5252786
4.3926473
3.414732
3.5252786
3.848416
3.414732
3.5252786
3.848416
4.2863517
3.0873425
3.848416
3.631574
3.631574
3.5210268
3.1978896
3.0873425
3.848416
4.065258
3.848416
3.9589627
2.8705006
3.954711
4.1758046
3.954711
3.954711
3.848416
4.4989424
3.848416
3.3041847
4.2821
4.2821
4.4989424
4.826331
4.4989424
4.2821
4.9326262
3.737869
4.2821
4.2821
4.826331
4.4989424
4.826331
4.171553
4.826331
5.3705626
5.0431733
4.4989424
3.4104798
5.0431733
4.2821
4.6094894
4.4989424
4.3926473
4.065258
4.936878
5.0431733
3.6273217
3.954711
5.3705626
4.6094894
3.737869
4.3926473
5.5874047
4.4989424
4.715784
4.715784
4.4989424
4.2821
4.171553
5.3705626
4.4989424
4.4989424
6.348478
3.7336173
4.9326262
5.2600155
4.3883953
5.0431733
4.826331
5.3705626
5.1537204
4.826331
4.715784
4.0610065
4.2821
4.4989424
5.6937
4.0610065
4.826331
5.1494684
4.605237
5.4768577
5.1494684
6.0210886
5.583153
5.583153
6.016837
4.715784
5.6937
4.9326262
5.3663106
5.2600155
4.715784
6.0210886
4.9326262
5.3663106
6.0210886
4.9326262
5.6937
5.3663106
4.7115326
5.4768577
6.3442264
5.4726057
5.1494684
6.3442264
6.1273837
5.9105415
5.1494684
6.454773
5.799995
4.2778482
5.6937
5.2600155
4.171553
4.715784
5.4768577
5.3663106
5.1494684
5.2557635
4.9326262
4.605237
6.0210886
4.3883953
5.4768577
5.4768577
5.1494684
3.62307
5.1494684
5.3663106
5.038922
4.9326262
5.583153
4.9326262
6.0210886
5.3663106
4.9326262
5.4768577
5.4768577
5.0431733
4.8220797
6.237931
5.6937
4.715784
4.7115326
4.8220797
4.715784
5.0431733
4.4989424
5.4768577
5.3663106
5.804247
4.8220797
5.4768577
5.583153
5.9105415
5.9105415
5.583153
5.799995
5.038922
5.9105415
5.3663106
5.038922
5.4768577
5.1494684
5.583153
6.1273837
5.038922
6.1273837
5.583153
6.237931
5.799995
5.038922
5.038922
5.2557635
6.3442264
5.6937
5.2557635
6.3442264
5.689448
6.016837
6.671615
4.8178277
6.1273837
6.3442264
5.2557635
5.583153
5.583153
5.9105415
6.016837
6.123132
6.016837
5.4726057
6.016837
5.799995
6.667363
5.689448
5.90629
5.799995
5.4726057
6.339974
6.561068
6.561068
5.799995
6.1273837
4.2735963
6.016837
6.561068
5.3663106
5.4726057
5.9105415
4.9326262
4.8220797
6.237931
6.3442264
5.9105415
6.237931
4.8220797
5.583153
6.1273837
5.583153
4.9326262
5.583153
5.6937
5.3663106
6.1273837
6.3442264
5.2557635
6.016837
6.1273837
5.3663106
5.4768577
5.3663106
5.4768577
5.4768577
4.605237
4.9326262
6.0210886
4.4946904
5.3663106
5.3663106
5.3663106
5.2600155
6.0210886
4.8220797
5.2600155
5.2600155
4.9326262
5.1494684
5.2557635
5.583153
5.3663106
5.583153
6.2336793
5.799995
4.928375
5.3663106
6.3442264
5.3663106
5.9105415
6.671615
5.1494684
5.038922
4.9326262
5.9105415
5.583153
4.715784
5.583153
4.9326262
5.1494684
5.3663106
6.237931
5.2557635
5.9105415
5.9105415
5.3663106
6.3442264
6.3442264
4.7115326
5.6937
5.3663106
5.1494684
6.0210886
5.9105415
5.3663106
5.2557635
5.5874047
4.605237
5.6937
6.237931
5.583153
4.3883953
4.715784
5.0431733
5.2600155
5.4768577
4.9326262
4.3883953
4.2778482
4.826331
4.715784
5.2600155
5.2600155
4.715784
4.171553
5.3705626
5.1494684
4.715784
4.9326262
4.9326262
4.605237
5.5874047
5.6937
4.2778482
5.2600155
5.2600155
4.4989424
4.9326262
5.0431733
4.715784
4.826331
4.4989424
4.9326262
4.715784
4.9326262
4.826331
5.2600155
4.9326262
4.4989424
4.4989424
5.0431733
4.171553
4.171553
4.4989424
5.9105415
5.2600155
4.9326262
4.9326262
4.7115326
5.804247
5.3663106
5.038922
5.3663106
5.583153
5.9105415
5.3663106
5.9105415
5.3663106
6.237931
4.8220797
5.4768577
5.799995
4.8220797
5.5874047
4.715784
5.3663106
4.171553
4.4989424
4.826331
4.9326262
4.0610065
4.826331
5.0431733
4.826331
4.4989424
4.715784
5.1494684
4.9326262
4.4989424
4.0610065
4.2821
4.715784
5.6937
4.715784
4.2821
5.4768577
4.3926473
4.3926473
4.720036
4.2821
3.414732
4.1758046
3.631574
3.9589627
3.631574
3.5252786
4.1758046
3.5210268
3.631574
4.065258
4.065258
3.631574
4.1758046
4.1758046
4.6094894
4.3926473
3.9589627
3.9589627
4.1758046
3.5252786
2.8705006
3.3041847
3.3084364
3.1978896
3.0873425
3.1978896
3.1978896
3.1978896
3.9589627
4.06951
3.1936376
3.0873425
3.9589627
3.3041847
3.414732
3.3041847
4.1758046
4.3926473
3.737869
4.936878
3.848416
3.3041847
3.5210268
3.848416
3.5210268
3.7421207
3.0873425
3.414732
3.5252786
3.848416
3.631574
4.06951
3.1978896
3.414732
4.065258
3.9589627
3.414732
3.631574
3.848416
3.9589627
3.631574
3.9589627
3.631574
3.3041847
4.065258
4.2863517
3.3041847
3.1978896
3.7421207
3.7421207
3.0873425
3.414732
3.1978896
4.503194
4.1758046
3.1978896
4.503194
3.3041847
3.0873425
3.6358256
3.9589627
4.06951
3.0873425
3.631574
3.5252786
3.5252786
3.8526678
2.8705006
3.848416
2.8705006
3.0915945
2.4368165
2.7642052
3.1978896
3.1978896
2.3262694
2.7642052
3.9589627
3.414732
3.0873425
2.7642052
3.3084364
3.6358256
3.3084364
2.4368165
2.9810476
4.06951
3.6358256
2.8705006
4.06951
3.8526678
2.330521
2.8747523
2.2199743
3.8526678
4.06951
3.414732
3.4189837
3.7421207
3.414732
2.9810476
3.3084364
3.5252786
3.8526678
3.631574
2.9810476
3.7421207
3.5252786
3.5252786
2.8705006
3.1978896
3.1978896
3.5252786
3.9589627
3.3084364
3.414732
4.2863517
3.848416
3.0873425
3.5252786
3.5252786
3.1978896
3.3041847
3.1978896
3.3084364
2.8705006
4.2863517
3.9589627
3.7421207
3.1978896
3.414732
4.2863517
3.7421207
3.9589627
4.6094894
3.414732
4.1758046
3.5252786
2.3262694
3.3084364
3.7421207
3.3084364
3.5252786
2.6536584
3.1978896
3.7421207
2.4368165
3.5252786
2.9810476
3.1978896
2.5473633
3.1978896
3.1978896
4.06951
2.9810476
4.06951
3.5252786
3.631574
3.3084364
4.06951
3.631574
3.5252786
3.5252786
3.5252786
3.2021413
2.7642052
3.6358256
2.5473633
2.8747523
2.5473633
4.06951
3.1978896
3.3084364
3.6358256
2.5473633
2.65791
3.7421207
3.3084364
3.3084364
2.9810476
2.7642052
3.5252786
3.1978896
3.414732
3.6358256
3.3084364
3.0915945
3.2021413
3.5252786
2.7642052
2.7642052
4.06951
2.9810476
3.4189837
3.0915945
3.7421207
3.6358256
2.5473633
2.9810476
3.3084364
2.6536584
3.414732
3.7421207
3.5252786
3.1978896
3.8526678
3.8526678
3.0915945
3.8526678
2.8747523
2.1136792
2.9852993
3.6358256
2.9810476
2.7642052
3.1978896
3.5252786
3.8526678
3.0915945
3.3084364
3.0915945
2.9810476
2.2199743
3.4189837
3.1978896
2.6536584
4.06951
3.6358256
2.9810476
2.9810476
2.9852993
1.7862899
3.5295303
2.330521
2.0073838
2.0073838
2.9852993
2.7684572
2.5473633
2.003132
2.65791
3.2021413
2.65791
2.4410682
3.2021413
2.4410682
2.1136792
2.5473633
2.8747523
2.9810476
2.9810476
3.8526678
2.65791
3.5252786
3.6358256
3.2021413
2.5473633
3.7463725
2.4410682
1.896837
3.7463725
3.4189837
2.8747523
2.330521
3.4189837
2.330521
3.6358256
3.2021413
3.0915945
2.8747523
3.6358256
3.3084364
3.1978896
3.8526678
4.180057
4.06951
3.5252786
3.9589627
3.1978896
2.4368165
3.3084364
3.7421207
3.3084364
2.8747523
3.9589627
3.5252786
3.0915945
3.3084364
3.1978896
3.4189837
3.414732
4.06951
3.5252786
3.8526678
3.7421207
3.8526678
3.6358256
4.06951
3.5252786
2.9810476
3.3084364
3.7421207
3.9632149
3.0915945
2.8747523
4.06951
3.0915945
2.9810476
2.65791
2.224226
3.0915945
3.2021413
2.4410682
2.330521
3.6358256
2.9852993
3.8526678
2.65791
2.8747523
2.8747523
3.6358256
2.4410682
2.9852993
3.7463725
1.6799948
1.896837
2.5516152
2.662162
1.896837
2.65791
2.7684572
2.5473633
2.4410682
3.7463725
2.8747523
2.65791
3.9632149
2.5473633
2.4410682
2.4410682
2.5516152
1.4631528
2.7684572
2.7684572
2.4410682
2.5516152
3.4189837
2.9852993
2.65791
2.7684572
2.8747523
2.4410682
2.5473633
2.4410682
2.65791
3.4189837
3.6358256
2.8747523
3.5252786
2.7642052
2.65791
3.3084364
2.8747523
2.9852993
3.0958462
2.8747523
3.0915945
2.330521
3.2021413
2.4410682
3.1978896
2.224226
1.896837
2.5473633
2.4410682
1.6799948
2.224226
2.117931
1.6799948
2.9852993
2.4410682
3.2021413
2.8747523
2.003132
2.330521
3.4189837
1.896837
2.224226
2.9852993
2.3347728
2.4410682
2.224226
3.2021413
2.5516152
2.5516152
2.4410682
2.65791
1.7905419
2.3347728
1.7905419
2.0073838
2.3347728
2.44532
2.65791
2.1136792
2.9852993
2.224226
2.9852993
1.7905419
1.5736997
2.117931
2.224226
2.0073838
2.0073838
2.5516152
1.2463106
2.4410682
1.2463106
2.0073838
3.0958462
3.2021413
2.7684572
3.4189837
2.5516152
1.6799948
1.7905419
2.224226
2.0073838
1.3526058
3.7463725
2.9852993
2.7684572
1.896837
2.8747523
2.5516152
2.5473633
3.7463725
2.8747523
2.330521
1.896837
2.0073838
2.0073838
2.9852993
3.9632149
3.5252786
3.4189837
2.7642052
2.224226
2.0073838
2.0073838
2.224226
1.5736997
2.3347728
2.1136792
3.312688
2.9852993
2.1136792
3.0915945
2.9810476
3.8526678
3.1978896
2.7642052
3.8569195
2.4410682
1.7905419
2.117931
2.7684572
2.9852993
2.5473633
2.5473633
4.06951
3.7463725
3.2021413
2.7684572
2.7684572
2.5516152
2.0073838
1.7905419
2.4410682
2.0073838
3.0915945
3.9632149
3.8526678
3.414732
4.06951
2.330521
2.224226
2.0073838
2.7684572
2.65791
3.8526678
2.9810476
3.1978896
3.1978896
2.8705006
3.1978896
3.7421207
2.65791
2.224226
2.65791
3.2021413
2.9852993
2.7684572
3.4189837
3.3084364
4.06951
4.94113
3.5252786
4.3968987
3.0915945
3.5295303
2.8747523
3.0915945
3.1978896
3.7421207
3.7421207
3.9589627
4.3968987
4.2863517
3.414732
3.0915945
3.7421207
3.1978896
3.3084364
3.4189837
3.7421207
3.3084364
4.06951
3.414732
3.8526678
3.5252786
3.7421207
4.06951
3.0873425
3.3084364
3.5252786
3.7421207
2.4368165
3.7421207
4.2863517
3.848416
4.503194
4.06951
3.848416
4.2863517
3.631574
3.7421207
4.1758046
4.2863517
3.9589627
4.2863517
4.2863517
3.7421207
3.414732
4.503194
3.631574
3.9589627
3.5252786
4.2863517
3.7421207
4.613741
3.9589627
4.1758046
4.1758046
4.3926473
3.9589627
3.7421207
4.720036
4.065258
4.936878
4.830583
4.936878
4.2863517
3.9589627
3.9589627
4.826331
5.3705626
4.6094894
5.1537204
4.936878
4.826331
4.6094894
5.1537204
4.3926473
5.1537204
5.3705626
5.2600155
4.826331
5.6937
5.9105415
5.5874047
5.2600155
6.0210886
5.0431733
5.0431733
6.1316357
5.6979513
5.5874047
5.804247
5.4768577
5.0431733
5.0431733
5.804247
5.0431733
5.9105415
4.715784
5.2600155
4.9326262
4.826331
4.4989424
5.5874047
5.9105415
5.4768577
6.237931
6.3442264
5.583153
5.804247
5.6937
5.804247
5.0431733
5.2600155
5.3705626
4.715784
5.2600155
5.3663106
5.4768577
6.0210886
6.0210886
5.9105415
5.3663106
5.4768577
6.56532
4.4989424
4.9326262
4.715784
5.4768577
5.3705626
6.0210886
6.9990044
6.0210886
5.4768577
5.6937
5.3705626
5.5874047
5.3663106
5.1494684
6.671615
6.1273837
5.9105415
6.1273837
6.1273837
6.9990044
6.454773
7.2158465
6.3442264
5.1494684
6.9990044
6.8884573
6.671615
6.016837
6.561068
7.3221416
6.561068
6.9947524
7.538984
6.9947524
7.3221416
6.450521
6.561068
6.2336793
6.77791
6.2336793
6.3442264
7.6452785
6.77791
6.9947524
6.3442264
7.649531
6.2336793
6.3442264
6.016837
6.8884573
7.1052995
7.1052995
6.450521
6.8884573
6.561068
7.649531
6.77791
7.649531
6.561068
6.561068
6.8884573
6.454773
6.454773
6.0210886
6.671615
5.583153
6.8884573
7.1052995
6.9947524
6.77791
6.561068
5.9105415
6.7821617
6.3442264
5.9105415
6.1273837
6.671615
7.2158465
5.804247
4.8220797
5.583153
6.450521
6.2336793
6.3442264
6.237931
5.9105415
6.016837
6.561068
6.9947524
6.1273837
6.561068
6.450521
7.3221416
7.538984
7.3221416
6.9947524
6.9947524
7.2115946
6.8884573
6.77791
7.2115946
8.189509
7.6452785
7.4284363
7.6452785
7.7558255
6.8842053
7.4284363
7.2115946
6.123132
7.3221416
6.9947524
6.667363
5.90629
6.561068
7.2115946
7.2115946
6.123132
7.3221416
7.4284363
7.9726677
7.7558255
7.6452785
7.2115946
7.1052995
6.667363
6.9947524
7.5347314
7.6452785
7.7515736
7.6452785
7.5347314
7.6452785
7.6452785
6.9947524
7.2115946
7.317889
7.7515736
8.078962
8.623194
7.8621206
7.1010475
7.2115946
6.667363
8.083215
6.9947524
6.450521
6.9947524
6.8884573
5.799995
6.9947524
6.561068
6.3442264
6.8884573
6.9947524
6.9947524
6.8884573
6.3442264
7.2115946
6.9947524
6.1273837
6.561068
6.671615
6.9947524
6.9947524
6.667363
6.3442264
6.3442264
6.9947524
6.9947524
6.561068
7.3221416
7.1052995
6.1273837
7.1052995
5.583153
6.671615
5.583153
6.454773
7.1052995
6.77791
6.9947524
6.9947524
6.9947524
6.123132
7.4284363
5.90629
6.016837
6.3442264
6.671615
6.671615
6.77791
6.561068
6.671615
6.561068
6.8884573
6.8884573
7.1052995
7.1052995
6.454773
6.237931
5.583153
6.454773
6.9947524
6.9947524
8.300056
7.538984
6.77791
6.77791
7.3221416
7.1052995
5.4726057
6.2336793
6.7821617
5.2557635
6.016837
7.4326887
7.2115946
6.671615
6.667363
6.77791
6.671615
6.671615
6.77791
5.9105415
6.3442264
5.9105415
6.671615
6.561068
6.1273837
7.1052995
5.3663106
6.671615
6.1273837
5.9105415
6.1273837
6.1273837
6.561068
6.016837
5.799995
6.2336793
7.1052995
5.90629
6.450521
7.3221416
7.3221416
7.1052995
5.799995
6.561068
6.450521
6.1273837
7.649531
7.3221416
6.667363
6.77791
6.450521
6.3442264
6.8884573
6.450521
6.2336793
6.016837
5.9105415
6.671615
5.4726057
6.561068
6.2336793
5.90629
6.77791
6.561068
6.77791
6.561068
5.3663106
6.561068
6.016837
6.3442264
7.1052995
6.77791
6.77791
6.671615
6.2336793
6.454773
5.583153
6.1273837
6.3442264
5.3663106
6.671615
5.583153
6.77791
6.3442264
7.3221416
6.561068
5.6937
5.038922
6.348478
5.583153
5.9105415
5.6937
5.3663106
6.671615
5.583153
6.1273837
6.1273837
6.016837
6.561068
5.3663106
6.3442264
6.1273837
5.799995
7.4326887
6.016837
5.799995
5.583153
7.1052995
5.038922
5.689448
6.561068
5.799995
6.561068
6.1273837
5.9105415
5.9105415
5.6937
6.454773
6.016837
5.799995
6.8884573
5.90629
6.016837
6.77791
7.8663726
6.77791
6.561068
6.561068
6.2336793
7.1052995
7.649531
7.317889
7.2115946
7.317889
6.9947524
7.3221416
6.016837
7.1052995
7.1052995
5.583153
6.8884573
6.8884573
5.689448
7.2158465
7.3221416
6.9947524
7.3221416
6.450521
5.90629
6.77791
7.2115946
7.2115946
6.667363
6.8842053
6.8842053
6.77791
6.9947524
7.2115946
6.667363
6.77791
6.8842053
6.8884573
5.799995
7.4326887
6.450521
5.2557635
5.799995
7.7558255
7.538984
6.77791
7.6452785
7.9726677
7.317889
6.450521
6.561068
6.9947524
7.3221416
6.9947524
6.9947524
7.4284363
6.8842053
7.6452785
6.9947524
6.77791
6.667363
7.4284363
7.6452785
6.77791
6.9947524
6.77791
6.561068
6.450521
7.1010475
7.1010475
7.317889
8.185258
8.406352
8.189509
7.1010475
7.4284363
6.667363
6.667363
7.7558255
7.1010475
7.3221416
6.8842053
7.317889
7.538984
7.4284363
6.9947524
6.667363
7.2115946
6.8884573
6.9947524
6.8842053
7.8621206
7.6452785
8.295805
9.056878
8.512647
7.7515736
8.512647
7.5347314
8.840036
7.7515736
7.7515736
7.6452785
8.189509
7.317889
7.5347314
7.8621206
8.840036
8.078962
7.4284363
7.9726677
7.2115946
7.4284363
6.8842053
7.5347314
7.8621206
7.8621206
8.406352
8.623194
7.5347314
7.6410265
7.6410265
7.5347314
7.7515736
7.8621206
8.295805
8.078962
7.8621206
7.8621206
8.623194
8.078962
7.6452785
7.9684157
7.8621206
7.8621206
7.317889
7.317889
7.9726677
8.078962
7.207342
7.5347314
8.295805
8.078962
8.512647
8.078962
8.406352
7.8621206
7.6452785
8.406352
7.8621206
6.667363
6.667363
7.4284363
7.4284363
8.189509
7.8621206
8.406352
7.6452785
7.1010475
7.5347314
7.6452785
7.6452785
7.6452785
8.078962
7.7558255
7.6452785
7.6452785
8.295805
7.1010475
7.1010475
6.8842053
7.4284363
7.4284363
7.2115946
6.123132
6.8842053
7.2115946
7.6452785
7.2115946
6.8842053
6.9947524
6.667363
6.450521
6.016837
6.561068
6.77791
7.538984
7.7558255
6.77791
7.4284363
6.9947524
7.8621206
7.4284363
6.667363
7.317889
7.317889
7.317889
8.189509
8.406352
7.2115946
6.561068
7.3221416
7.3221416
6.2336793
6.3442264
6.77791
6.671615
6.561068
6.561068
7.2115946
7.2115946
6.016837
6.561068
7.1052995
6.016837
6.123132
6.339974
7.2115946
6.77791
7.7558255
7.7558255
6.8842053
6.8842053
6.9947524
7.4284363
6.667363
7.2115946
7.2115946
6.450521
6.016837
6.9947524
7.2115946
6.667363
6.9947524
6.450521
7.1052995
6.450521
6.450521
6.8842053
6.450521
7.3221416
5.4726057
5.799995
6.561068
6.2336793
7.3221416
6.561068
6.9947524
7.1052995
5.4726057
6.2336793
7.3221416
6.556816
6.2336793
6.561068
6.561068
5.9105415
6.3442264
5.799995
5.583153
6.561068
6.1273837
6.016837
6.016837
6.1273837
5.799995
6.454773
6.1273837
5.9105415
6.1273837
5.799995
6.237931
6.016837
6.561068
5.689448
6.2336793
6.561068
6.667363
6.237931
5.2557635
6.561068
5.9105415
6.016837
5.9105415
5.038922
6.3442264
6.561068
5.799995
5.4726057
6.561068
6.450521
5.583153
6.1273837
6.3442264
5.6937
5.038922
5.9105415
6.671615
5.1494684
6.3442264
5.583153
6.1273837
5.1494684
5.9105415
6.454773
6.237931
5.038922
5.1494684
5.583153
5.6937
5.4768577
5.6937
6.0210886
5.6937
5.3663106
4.9326262
4.8220797
5.6937
5.5874047
4.3883953
4.715784
4.3883953
5.4768577
5.583153
6.237931
6.1273837
5.3663106
5.583153
5.9105415
5.4768577
5.5874047
5.2600155
5.804247
4.715784
4.826331
5.5874047
4.9326262
4.715784
4.9326262
4.826331
4.715784
4.6094894
4.4989424
5.5874047
4.9326262
4.4989424
4.9326262
4.9326262
6.1273837
5.1494684
5.1494684
5.804247
4.9326262
4.715784
5.0431733
5.1537204
4.826331
4.2821
5.804247
4.715784
4.9326262
4.3883953
5.9105415
5.1494684
5.1494684
4.605237
4.4989424
5.0431733
5.1537204
5.1494684
4.605237
5.3663106
6.237931
5.583153
5.6937
6.0210886
4.715784
5.4768577
4.9326262
4.715784
5.3705626
3.954711
4.826331
5.2600155
4.4989424
5.1537204
4.3883953
4.715784
5.0431733
4.065258
5.0431733
3.631574
4.2821
4.2821
4.826331
4.6094894
4.826331
4.936878
4.4989424
4.936878
5.3705626
4.2821
3.3041847
3.1978896
3.6358256
3.5252786
4.3926473
4.065258
5.264267
4.6094894
4.6094894
4.2821
4.936878
4.1758046
4.503194
3.414732
3.9589627
3.1978896
3.9589627
4.06951
3.1978896
3.3041847
3.8526678
4.503194
3.414732
4.3968987
3.5252786
3.631574
3.5252786
4.1758046
3.414732
4.3926473
4.936878
4.1758046
4.2821
4.2821
4.936878
4.3926473
4.2821
5.804247
5.0431733
4.2821
5.914794
4.6094894
3.737869
4.826331
4.06951
4.2863517
4.3926473
4.3926473
4.1758046
2.9767957
3.848416
4.503194
4.3926473
3.848416
4.1758046
3.0873425
4.4989424
4.826331
4.715784
4.826331
3.5210268
3.0873425
3.7421207
3.9589627
3.7421207
4.06951
3.7421207
3.9589627
4.1758046
4.6094894
4.3883953
4.4989424
5.0431733
5.0431733
5.4768577
4.3883953
5.1537204
4.065258
3.5252786
3.1978896
3.6358256
3.8526678
3.0873425
3.7421207
3.5210268
4.6094894
4.065258
4.065258
3.9589627
3.848416
3.5252786
3.5252786
3.5252786
2.7642052
3.1978896
4.3926473
3.848416
4.3926473
4.1758046
4.3926473
5.3705626
4.4989424
5.0431733
4.3926473
3.3041847
2.8705006
3.848416
4.1758046
3.7421207
3.7421207
3.9589627
3.7421207
3.7421207
4.2863517
4.2863517
3.414732
3.631574
2.7642052
2.5473633
3.8526678
3.5252786
3.0873425
3.848416
3.9589627
4.3926473
4.1758046
3.737869
3.848416
3.848416
3.9589627
4.06951
3.6358256
2.8705006
3.5252786
3.7421207
3.3041847
3.9589627
3.5252786
3.5252786
3.1978896
3.414732
4.06951
3.8526678
2.4368165
3.1978896
3.414732
3.631574
3.631574
4.720036
4.503194
3.848416
3.5252786
3.8526678
2.8747523
2.4368165
2.9810476
3.8526678
3.414732
3.8526678
3.9589627
3.5252786
3.7421207
3.8526678
3.3041847
3.414732
4.06951
3.5210268
2.6536584
3.1978896
3.5252786
3.1978896
3.7421207
3.7421207
3.5252786
2.7642052
3.8526678
2.9810476
2.7599535
3.631574
2.9810476
3.848416
2.5431116
2.8705006
3.8526678
3.414732
2.8705006
4.06951
3.6358256
3.9589627
2.4368165
3.631574
3.7421207
3.0873425
3.0873425
3.1978896
4.06951
2.5473633
2.9810476
3.1978896
3.631574
3.9589627
3.0873425
3.5210268
3.631574
4.06951
3.1978896
4.06951
2.9810476
3.3084364
1.8925852
3.1978896
3.0873425
3.8526678
2.9852993
2.9810476
4.06951
2.9810476
2.6536584
3.3084364
4.2863517
3.5210268
3.0873425
3.7421207
3.5252786
4.06951
2.9810476
3.8526678
3.9589627
3.7421207
3.7421207
2.4368165
3.5252786
2.7642052
3.4189837
3.3084364
3.3084364
3.631574
4.06951
3.1978896
3.7421207
3.1978896
3.7421207
4.2863517
3.5252786
3.631574
4.720036
4.2863517
3.9589627
4.2863517
3.631574
3.631574
3.9589627
3.631574
3.9589627
3.737869
3.7421207
4.720036
2.7599535
3.1978896
4.503194
3.631574
3.7421207
4.06951
3.414732
3.0873425
3.1978896
3.5252786
3.9589627
4.1758046
4.3926473
4.720036
4.1758046
4.1758046
4.503194
3.631574
3.7421207
3.9589627
3.0873425
3.631574
3.848416
4.2821
4.715784
4.826331
3.1936376
3.9589627
3.3041847
3.414732
3.631574
3.3084364
3.414732
3.3041847
3.3084364
3.3084364
2.9810476
3.3084364
3.3084364
3.1978896
2.7642052
2.4368165
2.7642052
2.7642052
3.0915945
3.414732
3.1978896
4.720036
2.9767957
4.4989424
3.5210268
3.631574
3.3084364
3.7421207
2.5431116
3.9589627
2.5431116
3.1978896
4.180057
2.8705006
3.5252786
3.414732
3.7421207
3.3084364
2.7642052
2.7642052
2.8747523
2.7642052
3.5252786
3.9589627
3.631574
4.503194
3.631574
4.1758046
4.4989424
3.5210268
3.1978896
3.9589627
2.65791
2.9810476
1.5694479
2.330521
3.4189837
1.565196
2.1094272
2.7642052
3.0873425
3.5252786
3.631574
3.7421207
3.0915945
2.8747523
2.65791
2.4410682
3.0915945
3.5252786
2.2199743
3.631574
4.06951
2.5473633
1.4589009
2.8747523
2.9852993
2.1136792
2.5516152
2.1136792
1.4589009
2.5473633
3.7421207
3.3041847
2.6536584
2.8705006
2.330521
1.3526058
2.1136792
1.6799948
1.896837
2.65791
2.1094272
2.9810476
2.3262694
2.7599535
3.3084364
4.06951
2.8705006
3.3084364
4.06951
3.0915945
3.1978896
2.9810476
2.7642052
3.1978896
3.7421207
2.4368165
3.1978896
3.631574
2.1094272
3.0915945
3.3084364
2.7642052
3.1978896
3.3084364
3.5252786
3.0873425
3.3084364
2.8705006
3.5252786
3.414732
3.414732
3.414732
3.8526678
4.2821
4.503194
3.5210268
3.3041847
4.06951
3.1978896
3.5252786
3.7421207
3.9589627
3.5252786
3.631574
3.7421207
2.8705006
3.631574
3.0873425
4.06951
3.0873425
3.3084364
4.06951
2.8705006
3.5252786
3.848416
3.4104798
4.3926473
3.631574
3.3041847
3.5210268
4.065258
3.5210268
3.7421207
2.6536584
3.7421207
2.8705006
3.631574
3.5252786
3.631574
2.7599535
3.9589627
3.1978896
3.1978896
3.9589627
4.613741
2.6536584
3.7421207
3.414732
3.3041847
2.8705006
3.3041847
3.848416
3.3041847
3.414732
3.3041847
3.7421207
3.7421207
3.9589627
3.7421207
2.7599535
3.9589627
3.848416
4.06951
3.0830908
3.631574
3.848416
3.0873425
4.3926473
4.3926473
2.9767957
3.0873425
3.5210268
3.0873425
3.9589627
3.737869
3.848416
4.6094894
3.3041847
4.6094894
4.936878
3.3041847
3.5210268
4.2821
4.2821
3.5210268
4.3926473
4.3926473
4.065258
4.065258
3.848416
4.065258
3.737869
4.826331
4.2821
5.3705626
3.737869
4.6094894
4.3926473
4.720036
3.3041847
4.065258
3.5210268
4.065258
4.715784
3.6273217
4.715784
4.826331
3.299933
4.826331
4.065258
4.2821
4.2821
4.065258
4.2821
5.1537204
4.2821
3.6273217
4.171553
5.2600155
3.737869
5.0431733
4.826331
4.065258
3.954711
4.826331
4.9326262
3.954711
5.0431733
5.2600155
5.1494684
4.715784
4.715784
5.4768577
4.4989424
4.171553
5.2600155
5.5874047
4.0610065
5.5874047
5.4768577
4.4989424
4.715784
4.605237
4.715784
4.9326262
4.605237
5.2600155
4.8220797
5.2600155
4.4989424
5.804247
3.9504592
4.928375
5.038922
5.038922
5.3663106
6.454773
5.1494684
4.9326262
5.4768577
5.4768577
5.3663106
5.9105415
4.9326262
5.2557635
5.038922
5.1494684
6.1273837
4.605237
5.3663106
5.1494684
4.3883953
5.804247
6.0210886
5.1494684
5.4726057
5.6937
4.2778482
5.9105415
5.799995
6.454773
5.6937
5.2557635
6.3442264
6.237931
6.016837
5.799995
6.237931
5.9105415
5.038922
6.2336793
6.450521
6.3442264
6.450521
5.689448
5.583153
5.1494684
5.799995
6.016837
6.2336793
6.561068
5.799995
6.016837
6.016837
6.1273837
6.2336793
6.9947524
5.90629
6.450521
6.123132
6.450521
6.77791
7.1052995
6.9947524
5.0346694
6.123132
6.561068
5.4726057
7.538984
7.1052995
6.016837
5.799995
6.561068
6.2336793
6.016837
6.3442264
6.77791
6.339974
5.251512
6.9947524
6.339974
6.77791
7.2115946
6.450521
6.2336793
7.3221416
5.578901
6.9947524
6.9947524
6.123132
6.016837
5.799995
5.583153
5.90629
5.689448
7.1052995
6.016837
5.4726057
6.2336793
5.90629
6.3442264
5.799995
6.016837
6.77791
6.016837
7.538984
6.450521
6.012585
6.339974
6.450521
6.8842053
6.3442264
6.2336793
5.795743
5.799995
6.3442264
6.2336793
6.016837
5.90629
7.538984
7.2115946
6.123132
6.450521
6.667363
5.90629
6.77791
6.9947524
6.8884573
5.689448
6.1273837
6.016837
5.2557635
5.799995
5.799995
5.578901
5.799995
6.77791
5.90629
6.561068
6.3442264
6.77791
6.016837
5.4726057
6.450521
6.3442264
6.667363
6.2336793
6.2336793
6.3442264
6.2336793
6.1273837
4.8178277
5.6937
5.9105415
6.2336793
5.3663106
5.583153
5.9105415
6.3442264
5.2557635
5.583153
6.1273837
5.1494684
5.583153
5.2557635
5.4726057
5.9105415
5.9105415
4.7115326
5.2600155
5.583153
6.3442264
5.3663106
5.2557635
5.4768577
6.1273837
4.928375
5.583153
6.016837
6.016837
5.583153
5.038922
5.4768577
5.2600155
5.9105415
5.583153
4.7115326
5.799995
5.2600155
5.038922
4.3883953
6.454773
5.3663106
5.2557635
5.038922
5.9105415
4.4946904
5.3663106
5.038922
6.1273837
5.2557635
5.9105415
6.0210886
5.4768577
4.8220797
6.1273837
6.1273837
5.9105415
5.3663106
5.4768577
5.1494684
5.3663106
5.4768577
5.1494684
5.3663106
5.6937
5.9105415
4.605237
5.3663106
6.237931
4.8220797
5.3663106
5.1494684
4.9326262
5.4768577
5.6937
5.583153
5.2557635
4.9326262
4.9326262
6.1273837
5.9105415
5.6937
5.6937
5.4768577
4.715784
5.4768577
5.3663106
4.8220797
5.4768577
5.9105415
5.799995
5.1494684
5.799995
6.016837
6.1273837
5.9105415
5.6937
5.4768577
4.605237
5.1494684
5.583153
5.6937
6.2336793
5.4726057
6.016837
5.2557635
6.2336793
5.4726057
4.928375
6.454773
6.237931
4.8220797
5.799995
6.1273837
4.7115326
5.799995
6.2336793
6.8884573
5.2557635
4.8220797
5.583153
5.799995
5.4726057
5.689448
6.016837
6.450521
7.1052995
7.2115946
5.90629
5.799995
6.667363
6.77791
6.450521
6.3442264
5.2557635
6.1273837
5.799995
6.671615
5.4726057
6.016837
6.1273837
5.799995
4.8220797
5.6937
5.1494684
5.2600155
5.9105415
5.3663106
5.9105415
6.454773
4.8220797
5.1494684
5.1494684
5.3663106
6.0210886
6.237931
5.583153
5.2557635
5.583153
6.123132
6.3442264
5.799995
5.2557635
5.9105415
6.016837
7.1052995
5.6937
5.689448
6.3442264
4.8220797
4.9326262
5.4726057
6.671615
6.1273837
5.1494684
6.348478
4.9326262
4.8220797
4.605237
5.583153
6.454773
5.2557635
4.7115326
5.583153
6.0210886
5.4768577
4.8220797
6.1273837
5.3663106
4.4946904
6.1273837
5.583153
5.2557635
6.454773
6.77791
5.2557635
6.1273837
5.1494684
4.715784
5.5874047
5.2600155
4.715784
5.2600155
5.6937
5.6937
4.605237
4.4989424
4.715784
5.3705626
4.4989424
5.9105415
5.583153
4.9326262
5.2600155
5.0431733
4.9326262
5.4768577
6.1273837
6.3442264
5.1494684
5.3663106
5.6937
4.3883953
4.0610065
5.4768577
5.2600155
5.6937
5.9105415
5.3663106
5.4768577
5.583153
4.8220797
5.9105415
5.9105415
5.583153
5.2557635
5.3663106
6.016837
5.689448
5.3663106
6.1273837
5.3663106
5.038922
5.3663106
5.9105415
4.8220797
5.4726057
5.3663106
4.8220797
5.583153
5.583153
5.3663106
7.1052995
6.8884573
5.2557635
5.3663106
5.4768577
4.3841434
4.9326262
5.689448
5.038922
5.6937
5.583153
5.583153
6.454773
5.038922
5.6937
5.583153
4.8220797
4.8220797
5.804247
5.6937
5.1494684
4.3883953
4.715784
5.038922
4.605237
5.799995
5.799995
5.583153
6.016837
5.90629
6.016837
6.3442264
6.77791
5.578901
6.9947524
6.561068
6.016837
6.2336793
5.689448
6.77791
5.90629
6.671615
5.4726057
6.561068
5.689448
6.561068
6.77791
5.9105415
6.1273837
6.1273837
6.1273837
6.8884573
5.90629
6.77791
6.016837
6.556816
6.667363
7.2115946
6.123132
6.450521
6.7736583
6.556816
8.189509
7.1010475
7.1010475
6.2294273
7.2115946
6.77791
6.667363
6.667363
6.8842053
6.450521
7.1010475
6.667363
6.8884573
6.8842053
6.667363
6.8842053
7.1010475
6.450521
6.8842053
6.7736583
7.5347314
7.5347314
6.667363
7.6452785
7.4284363
6.7736583
7.9726677
7.1010475
5.6851964
7.538984
7.2115946
7.2115946
7.1010475
7.317889
7.1010475
7.7558255
7.1010475
6.556816
6.9947524
7.1010475
6.339974
7.2115946
7.1010475
6.667363
7.4284363
7.4284363
7.4284363
6.7736583
6.8842053
7.2115946
6.339974
6.556816
7.6452785
6.8842053
6.667363
7.1010475
7.6452785
7.317889
8.189509
7.1010475
8.189509
7.7515736
7.207342
6.7736583
6.8842053
7.317889
7.7558255
6.339974
7.1010475
7.9726677
6.9905005
7.4284363
7.5347314
7.1052995
7.538984
5.689448
5.799995
6.123132
7.4284363
7.8621206
7.9726677
7.317889
6.556816
7.9726677
7.6452785
8.295805
7.4284363
8.078962
7.317889
7.4284363
6.8842053
7.317889
7.8621206
6.7736583
7.5347314
7.317889
6.9947524
6.339974
7.4284363
6.9947524
5.578901
6.016837
5.583153
6.561068
6.2336793
5.2557635
5.9105415
6.1273837
6.3442264
6.016837
6.77791
6.450521
7.2115946
6.8842053
7.2115946
6.667363
6.77791
6.9947524
6.8884573
6.667363
6.671615
6.016837
6.8884573
6.1273837
4.7115326
6.016837
6.1273837
6.1273837
5.9105415
5.799995
5.3663106
4.8220797
5.1494684
5.1494684
5.9105415
6.1273837
4.8220797
5.583153
6.1273837
6.77791
5.6937
6.1273837
5.1494684
4.2821
4.605237
5.9105415
4.2778482
4.8220797
4.715784
5.1537204
4.4989424
4.3926473
5.0431733
4.9326262
4.2821
4.171553
5.0431733
4.3926473
4.2821
4.2821
4.826331
4.4989424
3.737869
3.737869
5.3705626
4.4989424
4.2821
4.3926473
5.0431733
3.631574
3.631574
4.3926473
3.848416
4.06951
3.414732
3.3041847
3.631574
3.0830908
4.2821
4.3926473
3.848416
3.9589627
3.631574
3.1978896
3.414732
3.848416
4.065258
4.720036
4.1758046
3.7421207
4.065258
3.848416
2.8705006
3.631574
3.9589627
3.9589627
3.414732
4.503194
2.9810476
3.9589627
3.8526678
3.848416
2.8705006
3.0915945
3.1978896
3.3084364
3.5252786
2.5431116
3.414732
3.631574
2.1051755
2.9810476
3.414732
3.1978896
3.1978896
3.3084364
3.5252786
2.7642052
3.414732
3.7421207
2.8747523
2.8747523
3.7421207
2.8747523
2.5473633
2.4368165
3.0915945
1.2420589
2.224226
2.4410682
2.4410682
1.896837
2.5473633
2.5473633
2.003132
2.330521
0.9189216
2.0073838
2.4410682
1.1357636
1.6799948
1.896837
2.4410682
1.2463106
2.224226
2.1136792
2.003132
1.3526058
1.6799948
1.5736997
0.5957843
0.9189216
0.8126264
0.9231734
1.9010887
1.5736997
1.9010887
1.2463106
1.0294685
0.5957843
0.26839525
0.26839525
1.1400155
0.9231734
0.5957843
0.70633125
1.3568575
1.6842467
0.8126264
0.3746904
1.2463106
1.9010887
1.2463106
1.0294685
1.4631528
0.37894222
0.8126264
1.4674045
2.0073838
-0.058993805
1.5736997
1.1400155
1.3568575
1.2463106
0.5957843
1.6842467
0.8126264
0.37894222
0.9231734
1.7947936
-0.054742
0.70633125
0.5957843
0.70633125
-0.16528895
0.70633125
0.81687826
0.1621001
0.70633125
0.26839525
-0.27158412
-0.16528895
0.1621001
-0.8200671
0.37894222
0.9231734
-0.054742
0.4894892
0.70633125
0.5957843
0.9231734
0.70633125
0.70633125
0.37894222
-0.054742
0.81687826
0.4894892
0.9231734
-0.16528895
1.0337203
0.05155315
0.4894892
0.70633125
-0.16528895
0.05155315
0.8126264
1.0294685
0.4894892
0.8126264
1.1400155
1.1400155
0.8126264
1.5736997
1.0294685
1.5736997
-0.058993805
0.05155315
1.4674045
0.1621001
0.37894222
1.4674045
1.3568575
0.5957843
1.0294685
1.896837
1.7905419
1.6799948
2.7684572
1.5736997
1.7905419
1.4674045
1.0294685
0.5957843
1.7905419
1.1400155
1.6799948
2.2199743
2.5473633
2.1094272
3.3084364
2.4410682
1.0252168
2.003132
2.224226
0.7020795
2.0073838
1.7905419
1.1357636
2.330521
2.2199743
3.3084364
3.414732
2.9810476
2.5473633
2.9810476
2.330521
2.5516152
2.3347728
2.003132
1.6757431
3.0915945
3.1978896
4.503194
3.954711
4.2821
4.171553
3.848416
3.631574
3.9589627
3.3041847
3.631574
4.065258
3.954711
4.2821
5.1494684
5.3663106
4.7115326
5.1494684
5.583153
4.0610065
5.6937
5.2600155
4.605237
5.0431733
5.2557635
5.6937
5.4726057
6.561068
7.1052995
6.123132
6.77791
5.689448
6.3442264
5.799995
6.3442264
7.2115946
6.9905005
6.8842053
7.6452785
7.1010475
7.4241843
7.9684157
7.6410265
8.512647
8.078962
7.7515736
7.857869
7.313638
7.4241843
8.078962
7.9684157
7.313638
8.295805
8.185258
7.857869
7.7515736
8.295805
8.185258
8.185258
8.4021
8.508395
8.835785
8.074712
9.596858
9.924246
9.269468
9.8137
9.375764
9.163173
9.703153
9.052627
9.052627
9.490562
9.052627
9.052627
9.486311
9.486311
8.508395
10.030542
8.725238
8.835785
9.269468
8.835785
9.269468
10.1410885
9.380016
9.158921
9.8137
9.703153
9.592606
9.919995
9.269468
9.809448
10.030542
9.703153
9.8137
10.681068
10.787363
9.8137
10.357931
10.030542
9.158921
10.136837
10.574773
10.353679
11.331594
11.114753
10.681068
10.247384
9.919995
9.375764
10.464226
10.464226
9.052627
9.919995
9.375764
10.681068
9.703153
9.703153
10.247384
9.919995
10.574773
10.7916155
10.02629
10.464226
10.136837
9.269468
10.574773
10.247384
9.703153
10.574773
9.919995
10.357931
10.247384
10.030542
10.89791
10.681068
10.681068
9.919995
10.681068
11.008457
10.89791
9.592606
10.243132
10.247384
10.89791
10.681068
10.243132
10.89791
10.030542
9.269468
8.8315325
8.725238
9.596858
8.614691
9.269468
10.1410885
8.508395
9.596858
9.592606
10.136837
10.136837
10.464226
10.7916155
10.030542
9.703153
8.94208
10.681068
10.570521
9.809448
10.353679
9.809448
9.809448
9.919995
9.919995
9.375764
8.2915535
9.924246
9.596858
9.163173
8.074712
8.835785
8.2915535
8.2915535
8.2915535
8.4021
9.27372
9.380016
8.508395
9.380016
8.8315325
9.158921
9.809448
9.919995
10.681068
9.703153
10.7916155
10.030542
8.508395
8.4021
8.4021
7.857869
7.9684157
7.317889
5.6851964
7.2115946
6.7736583
7.5347314
7.5347314
8.295805
7.9684157
8.512647
8.946331
8.2915535
10.247384
9.592606
9.265217
10.353679
10.136837
8.725238
7.857869
8.729489
8.295805
7.9726677
6.339974
6.9947524
7.2115946
6.450521
7.8621206
8.078962
7.8621206
8.189509
7.317889
7.4284363
8.078962
7.5347314
8.512647
8.729489
7.313638
8.618942
9.052627
9.375764
8.94208
9.8137
8.725238
8.074712
9.056878
7.8621206
6.667363
7.1010475
7.2115946
5.795743
6.9947524
6.663111
6.012585
6.667363
6.77791
6.561068
6.2336793
7.1052995
7.1052995
5.90629
6.556816
7.9684157
7.9684157
7.5304804
8.512647
7.7515736
6.2294273
7.317889
6.9947524
6.667363
6.561068
6.1273837
5.583153
5.9105415
6.561068
5.3620586
6.450521
6.667363
5.799995
5.799995
5.3663106
4.715784
5.583153
6.454773
5.9105415
5.6937
5.583153
5.3620586
6.667363
6.556816
7.8621206
7.2115946
5.795743
6.3442264
5.799995
5.583153
5.9105415
6.454773
5.3663106
5.1494684
5.3663106
5.799995
4.7115326
6.1273837
6.1273837
4.8220797
5.3663106
6.561068
6.2336793
6.2336793
6.8842053
6.9947524
6.016837
5.3620586
5.583153
6.671615
6.561068
6.2336793
6.454773
6.3442264
5.4726057
6.3442264
6.9990044
5.6937
5.799995
6.016837
6.450521
5.2557635
5.6937
5.9105415
5.4768577
4.9326262
6.1273837
5.799995
6.3442264
5.799995
5.3663106
6.1273837
5.1494684
5.583153
5.9105415
5.799995
5.2557635
6.2336793
6.9947524
6.2336793
6.450521
6.77791
6.016837
4.8220797
6.1273837
5.1494684
4.9326262
6.1273837
4.7115326
5.038922
6.1273837
5.583153
5.3663106
5.3663106
5.6937
4.605237
5.3705626
5.6937
5.1494684
4.2821
5.2600155
4.9326262
5.4768577
5.3705626
4.715784
4.715784
5.0431733
4.3883953
5.0431733
5.1494684
3.0830908
4.6094894
4.6094894
3.5210268
4.065258
5.804247
4.9326262
4.4989424
5.2600155
5.2600155
4.826331
3.737869
4.171553
4.826331
4.065258
4.4989424
5.5874047
4.4989424
4.4989424
3.737869
4.3926473
4.2821
4.065258
4.1758046
4.936878
4.3926473
3.737869
3.954711
5.1537204
4.065258
4.6094894
4.6094894
3.631574
5.1537204
4.936878
4.2821
3.848416
4.3926473
3.848416
4.2821
3.3041847
4.6094894
4.3926473
3.737869
4.065258
4.826331
4.2821
3.3041847
3.3041847
4.720036
3.848416
3.3041847
4.2821
4.065258
4.1758046
4.3926473
3.414732
4.3926473
4.826331
3.414732
4.6094894
4.503194
4.065258
4.6094894
4.3926473
3.737869
3.414732
3.848416
4.2863517
3.7421207
3.9589627
3.631574
4.1758046
4.2863517
3.7421207
3.631574
3.414732
4.06951
2.9767957
4.1758046
4.720036
3.3041847
4.936878
4.3926473
3.9589627
3.9589627
3.1978896
3.414732
3.7421207
4.720036
2.9767957
3.0873425
3.848416
3.414732
3.414732
3.631574
3.848416
3.414732
2.6536584
3.1978896
4.2863517
3.414732
3.7421207
3.3084364
3.414732
3.848416
3.9589627
3.3041847
2.9810476
3.1978896
3.4189837
3.3084364
3.5252786
3.1978896
2.4368165
2.9810476
3.9589627
2.9810476
3.3084364
3.3084364
3.7421207
3.631574
4.06951
3.5252786
2.1094272
2.7642052
3.5252786
3.1978896
3.5252786
2.4368165
2.7642052
2.8747523
2.330521
2.330521
2.330521
3.5252786
3.0915945
3.3084364
3.5252786
3.3084364
3.3084364
2.8747523
2.330521
3.6358256
3.6358256
2.9810476
3.1978896
3.9589627
3.1978896
2.4368165
2.5473633
1.7862899
2.9852993
2.5473633
2.5473633
3.1978896
3.3084364
3.5252786
3.414732
3.9589627
3.5252786
2.6536584
3.3084364
4.613741
2.6536584
2.8705006
3.5252786
3.1978896
3.7421207
3.7421207
3.7421207
4.2863517
3.1978896
3.414732
4.1758046
4.1758046
4.2863517
4.6094894
3.631574
4.1758046
3.631574
4.2821
4.2821
4.1758046
3.7421207
3.3084364
3.414732
3.5252786
3.8526678
2.7642052
3.3084364
3.7421207
3.1978896
4.1758046
3.631574
4.1758046
3.414732
3.414732
3.3041847
4.1758046
4.1758046
5.0431733
4.6094894
5.0431733
5.1494684
4.171553
4.826331
5.2600155
5.3705626
4.715784
4.715784
5.2600155
4.826331
4.2821
4.6094894
4.6094894
4.065258
4.4989424
5.4768577
4.3883953
5.4768577
4.715784
5.4768577
5.6937
5.4768577
6.0210886
4.605237
5.2600155
5.799995
5.799995
6.3442264
5.2557635
6.2336793
5.4726057
5.9105415
5.799995
6.1273837
6.1273837
6.016837
4.8220797
6.237931
5.4726057
5.3663106
5.799995
5.583153
5.3663106
6.016837
6.8884573
6.561068
5.799995
6.561068
6.1273837
6.3442264
6.2336793
5.583153
5.799995
5.2557635
5.583153
5.799995
5.799995
6.561068
5.1494684
5.3663106
4.715784
5.9105415
6.0210886
5.1494684
6.3442264
6.1273837
5.3663106
6.237931
5.6937
5.3663106
5.583153
5.6937
5.799995
5.3663106
5.4726057
5.578901
6.561068
5.3663106
5.799995
5.3663106
6.1273837
5.1494684
6.3442264
6.016837
5.3663106
5.9105415
4.8220797
5.6937
5.1494684
5.3663106
4.8220797
5.4768577
5.3663106
5.3663106
5.6937
5.1494684
6.0210886
5.1494684
4.9326262
5.3663106
5.4768577
5.3663106
5.9105415
5.1494684
5.6937
4.167301
5.9105415
6.671615
5.1494684
5.583153
5.6937
5.6937
4.9326262
4.605237
5.2600155
5.4768577
5.6937
5.1494684
5.6937
5.6937
5.1494684
5.583153
5.1494684
5.4768577
5.3663106
5.038922
5.3663106
5.4726057
5.9105415
6.237931
6.1273837
5.583153
5.3663106
5.9105415
5.3663106
5.3663106
4.605237
5.4768577
5.1494684
5.6937
6.237931
5.0431733
5.1494684
4.9326262
5.9105415
5.689448
5.9105415
5.804247
4.3883953
5.3663106
4.826331
4.715784
4.4989424
4.9326262
4.826331
5.2557635
5.583153
5.038922
6.3442264
5.583153
5.038922
5.4768577
5.038922
5.6937
6.454773
6.237931
5.4768577
5.2600155
5.6937
4.715784
5.804247
4.715784
4.6094894
5.2600155
5.1494684
5.3705626
4.4989424
4.4989424
4.3926473
4.065258
4.6094894
5.2600155
5.2600155
6.1273837
4.2778482
5.1494684
5.1494684
4.3883953
5.1494684
5.2600155
4.4989424
5.4768577
4.826331
5.6937
6.454773
5.799995
5.583153
5.3663106
6.016837
6.237931
5.6937
4.9326262
4.4989424
5.0431733
4.6094894
4.826331
5.4768577
5.5874047
4.6094894
4.171553
4.2821
4.2821
4.826331
4.503194
4.2821
3.5210268
5.1537204
5.0431733
4.8220797
5.4768577
5.4768577
6.1316357
4.9326262
4.9326262
5.1494684
6.0210886
5.2600155
4.715784
4.3926473
5.5874047
4.171553
4.2821
4.720036
4.6094894
4.826331
3.414732
4.6094894
4.065258
4.2821
4.6094894
3.3041847
4.720036
3.954711
3.954711
3.954711
4.4989424
5.0431733
4.4989424
4.4989424
5.0431733
4.6094894
3.5210268
4.6094894
4.3926473
4.2821
4.715784
4.2821
4.826331
5.0431733
3.954711
4.2821
4.6094894
5.1537204
5.1537204
4.6094894
4.6094894
4.936878
5.0431733
4.6094894
3.5210268
4.715784
5.1494684
5.3663106
5.2600155
4.8220797
4.715784
4.9326262
4.715784
5.0431733
4.3883953
3.6273217
4.6094894
5.5874047
4.4989424
4.715784
4.9326262
5.0431733
4.6094894
3.3041847
4.065258
4.2821
4.9326262
4.715784
4.4989424
5.6937
4.4989424
4.605237
5.5874047
5.804247
3.5210268
4.065258
4.065258
3.848416
3.631574
3.7421207
3.414732
4.720036
3.7421207
4.936878
4.715784
5.1494684
5.0431733
6.0210886
5.2600155
4.065258
4.065258
4.936878
3.954711
4.4989424
4.2821
5.4768577
5.2600155
3.9504592
5.3663106
5.6937
5.6937
4.2821
4.715784
4.826331
4.6094894
4.826331
3.954711
4.3926473
5.804247
5.4768577
5.3663106
6.1273837
5.4768577
4.3883953
5.0431733
4.9326262
4.605237
5.6937
6.1273837
5.90629
6.123132
6.2336793
6.2336793
6.561068
6.2336793
5.3663106
6.1273837
5.9105415
5.038922
5.799995
5.9105415
6.016837
5.90629
5.9105415
5.9105415
5.583153
5.3663106
6.016837
5.689448
6.8884573
5.799995
6.1273837
5.2557635
6.671615
6.016837
5.3620586
6.77791
7.2115946
6.561068
6.450521
6.9947524
5.4726057
5.799995
7.1052995
6.77791
6.1273837
5.90629
7.1010475
6.8842053
5.795743
6.450521
6.450521
6.667363
5.689448
5.795743
7.538984
6.450521
6.667363
7.1052995
6.2336793
5.795743
7.3221416
7.8621206
6.4462695
7.2115946
6.556816
7.2115946
7.6452785
6.339974
6.9947524
7.1010475
6.8842053
6.77791
6.450521
7.317889
7.8621206
6.556816
7.1010475
7.7558255
7.2115946
6.450521
6.556816
6.8842053
7.5347314
6.2294273
7.8621206
7.8621206
8.623194
8.406352
6.663111
7.6452785
6.9905005
7.5347314
6.450521
6.8842053
6.8842053
7.1010475
7.207342
7.7515736
8.078962
7.7515736
8.078962
7.8621206
7.4241843
8.078962
6.556816
7.6452785
7.6452785
8.189509
8.078962
6.4462695
7.7558255
6.9905005
6.2251754
8.078962
7.8621206
7.7515736
8.078962
7.9684157
8.295805
8.185258
8.4021
7.9684157
8.295805
8.512647
7.9684157
7.4241843
8.295805
8.295805
7.7515736
7.9684157
7.096796
7.5347314
8.295805
7.9684157
7.9684157
7.6410265
8.295805
8.295805
6.663111
7.8621206
7.7515736
8.512647
7.4241843
6.769407
7.857869
8.512647
7.7515736
8.512647
8.185258
8.185258
8.295805
6.769407
8.4021
8.4021
7.6410265
7.6410265
8.185258
7.4241843
7.4241843
7.6410265
8.295805
7.6410265
8.512647
8.295805
7.9684157
7.313638
7.857869
8.4021
7.9684157
7.857869
7.9684157
9.490562
8.074712
8.618942
8.618942
8.185258
7.747322
8.835785
8.946331
8.185258
6.986249
8.4021
7.747322
7.5304804
8.4021
8.618942
9.163173
8.835785
7.857869
8.185258
8.729489
9.380016
8.835785
8.835785
7.9641643
8.508395
8.946331
8.070459
9.158921
9.380016
9.924246
8.725238
9.380016
8.2915535
8.397848
9.380016
8.181006
8.2915535
8.2915535
8.4021
9.380016
9.052627
9.490562
7.6410265
7.857869
8.185258
8.4021
7.9684157
8.512647
8.508395
7.857869
9.27372
8.4021
8.512647
8.185258
8.074712
8.729489
7.313638
8.512647
8.729489
8.729489
8.946331
8.512647
7.857869
7.9684157
8.185258
8.185258
8.512647
7.096796
7.9684157
8.078962
6.9905005
7.7515736
7.5347314
7.4241843
7.9684157
7.7515736
6.8842053
7.6452785
6.7736583
6.667363
6.556816
6.8842053
6.450521
6.667363
6.123132
6.450521
7.1010475
6.2336793
6.8842053
7.2115946
7.317889
6.667363
6.7736583
6.8842053
6.339974
6.8842053
7.4284363
6.667363
7.6452785
6.667363
5.689448
6.2294273
6.450521
4.928375
5.6937
5.6937
4.9326262
4.167301
5.1494684
5.9105415
5.799995
4.3841434
5.3663106
5.583153
5.1494684
5.2600155
5.4768577
5.3663106
4.9326262
6.3442264
4.7115326
5.6937
4.7115326
5.583153
5.038922
5.2557635
5.6937
4.9326262
5.1494684
5.1494684
5.1494684
6.237931
4.0610065
5.1494684
5.5874047
4.3883953
4.9326262
4.9326262
5.038922
4.605237
4.2821
3.844164
4.6094894
4.715784
4.6094894
4.9326262
4.171553
3.844164
4.715784
4.9326262
4.715784
4.2778482
5.0431733
5.0431733
3.954711
4.171553
3.848416
4.3926473
4.3926473
4.6094894
4.4989424
4.715784
4.065258
4.4989424
4.4989424
4.4989424
3.954711
4.4989424
4.065258
4.936878
4.1758046
4.065258
4.1758046
4.3926473
2.8662488
3.3041847
3.9589627
3.848416
4.1758046
4.1758046
3.414732
4.1758046
3.5210268
3.631574
3.0873425
4.6094894
3.1936376
3.5210268
4.1758046
2.4325645
3.3041847
4.1758046
2.9767957
4.06951
3.7421207
3.414732
3.1978896
2.6536584
3.1978896
2.6536584
2.9810476
2.4368165
3.414732
3.7421207
4.2863517
3.414732
3.1978896
2.8705006
3.1978896
3.414732
3.8526678
3.9589627
3.414732
2.9767957
4.503194
3.414732
4.06951
3.0873425
2.8705006
3.414732
2.8705006
3.3084364
2.9810476
3.5252786
3.1978896
3.3041847
2.9810476
2.9810476
2.4368165
2.4368165
3.1978896
3.5252786
2.5473633
3.6358256
3.5252786
4.06951
3.414732
2.8705006
3.414732
3.6358256
3.3084364
4.503194
2.8705006
3.9589627
3.1978896
2.7599535
3.3084364
3.3084364
3.7421207
3.9589627
3.7421207
3.848416
3.9589627
4.065258
3.0873425
3.5210268
3.1978896
3.631574
3.631574
3.7421207
3.414732
3.5252786
3.5252786
2.9810476
3.414732
3.414732
3.3084364
3.7421207
3.3041847
3.3041847
3.5252786
3.5252786
2.5431116
3.0873425
3.0873425
4.4989424
3.954711
3.1936376
5.1537204
3.3041847
4.1758046
3.9589627
4.1758046
2.8705006
3.1978896
4.503194
3.7421207
3.7421207
3.848416
3.0915945
3.5252786
2.9767957
3.1978896
3.5252786
3.7421207
3.1978896
3.9589627
3.9589627
3.414732
4.1758046
4.3926473
4.1758046
3.4104798
4.6094894
4.171553
5.5874047
4.065258
4.065258
5.0431733
4.826331
5.0431733
4.171553
4.2821
4.503194
3.1936376
3.414732
3.9589627
4.6094894
3.631574
3.5210268
4.3926473
4.2821
3.5210268
3.848416
3.737869
4.065258
4.936878
3.631574
3.5210268
4.826331
5.2600155
5.3705626
3.954711
4.826331
5.0431733
4.826331
4.065258
4.2821
4.4989424
4.065258
4.3926473
4.720036
3.848416
3.3041847
3.848416
3.954711
5.4768577
4.2821
3.5210268
4.6094894
5.0431733
3.954711
4.936878
3.737869
4.065258
4.715784
4.2821
4.715784
5.1494684
4.826331
4.065258
4.4989424
4.0610065
4.826331
5.0431733
5.3705626
4.4989424
3.4104798
4.6094894
4.4989424
4.2821
4.4989424
5.0431733
4.6094894
4.2821
5.1537204
3.4104798
4.1758046
4.4989424
3.848416
4.826331
4.3883953
5.804247
4.715784
4.715784
5.1494684
5.1537204
4.1758046
4.4989424
4.6094894
4.065258
4.6094894
4.4989424
4.715784
4.826331
4.6094894
4.171553
4.6094894
4.4989424
4.826331
4.3926473
3.954711
4.6094894
4.065258
3.848416
3.848416
4.065258
4.720036
4.4989424
3.954711
3.954711
5.0431733
3.848416
3.848416
4.2821
4.171553
5.6937
4.715784
4.9326262
5.6937
4.715784
4.4989424
5.804247
4.3883953
4.2821
5.3705626
4.826331
4.4989424
4.826331
4.826331
3.6273217
4.4989424
4.826331
5.1537204
4.826331
4.171553
4.715784
5.2600155
4.826331
4.6094894
4.171553
4.826331
5.3705626
3.954711
4.3883953
5.804247
4.9326262
4.3883953
4.715784
5.804247
4.171553
3.844164
4.715784
5.0431733
5.2600155
5.2600155
4.171553
5.5874047
5.0431733
4.826331
5.2600155
5.2600155
4.715784
5.4768577
6.0210886
4.826331
4.9326262
4.4989424
4.6094894
4.9326262
5.5874047
4.171553
4.826331
4.3926473
4.826331
4.2821
3.848416
4.4989424
4.2821
3.737869
4.936878
4.065258
3.848416
3.848416
4.065258
3.9589627
4.1758046
3.848416
4.1758046
3.848416
3.737869
4.830583
4.1758046
4.6094894
4.720036
4.3926473
4.3926473
4.2863517
3.5210268
3.9589627
3.7421207
3.9589627
2.8705006
3.7421207
4.3926473
3.0873425
3.414732
3.631574
3.3041847
3.5252786
4.1758046
3.3084364
3.0873425
2.9810476
3.3041847
3.7421207
2.8705006
3.0873425
3.7421207
3.1978896
3.7421207
3.1978896
3.0873425
3.7421207
4.1758046
3.9589627
2.8705006
3.7421207
3.631574
2.6536584
2.9810476
2.5431116
4.3968987
3.7421207
3.3084364
3.8526678
3.1978896
2.7642052
2.9810476
2.8705006
3.1978896
3.5252786
2.6536584
3.3084364
3.0915945
3.7421207
2.5473633
2.9810476
3.0915945
2.8747523
2.8747523
3.0915945
1.896837
2.8705006
2.9810476
3.1978896
3.8526678
3.6358256
2.7642052
3.9589627
2.8747523
3.414732
3.5252786
3.0915945
2.6536584
3.1978896
2.7642052
2.9810476
3.7421207
3.2021413
3.5252786
3.0873425
3.5252786
3.9589627
3.848416
3.414732
3.9589627
3.631574
4.2863517
3.1978896
4.1758046
3.7421207
4.1758046
3.7421207
3.414732
3.848416
3.414732
4.1758046
3.5252786
3.631574
3.414732
3.7421207
3.414732
3.7421207
3.7421207
2.9810476
2.8705006
3.631574
3.5252786
3.8526678
3.414732
3.8526678
3.1978896
3.1978896
3.1978896
4.720036
4.936878
3.9589627
4.1758046
4.1758046
3.631574
4.936878
2.9767957
3.848416
4.065258
4.3926473
3.9589627
3.848416
4.6094894
3.5252786
3.848416
3.9589627
4.06951
3.631574
4.715784
4.6094894
4.171553
4.4989424
4.4989424
4.3883953
4.3883953
5.0431733
5.6937
4.9326262
4.715784
4.3883953
4.2821
5.3663106
4.715784
5.3663106
5.9105415
6.0210886
5.3705626
5.3663106
5.1494684
4.8220797
4.8220797
4.3883953
4.9326262
4.8220797
5.4768577
5.3663106
4.8220797
4.826331
4.715784
5.1494684
4.715784
5.4768577
4.9326262
4.715784
4.3883953
5.804247
5.1494684
4.715784
5.6937
4.605237
5.4768577
4.605237
4.8220797
5.6937
5.1494684
4.9326262
5.9105415
5.3663106
4.9326262
6.237931
6.0210886
5.1494684
5.6937
4.9326262
4.4989424
5.2600155
5.9105415
4.8220797
4.715784
5.4768577
4.9326262
5.038922
4.9326262
5.4768577
5.9105415
4.9326262
4.3883953
5.2600155
4.8220797
5.9105415
5.1494684
6.237931
5.6937
6.1273837
4.4946904
5.3663106
5.9105415
6.1273837
6.2336793
6.561068
5.038922
5.4726057
5.4726057
4.7115326
6.1273837
6.1273837
5.1494684
5.583153
5.3663106
5.038922
5.3663106
5.3663106
6.1273837
6.1273837
5.2557635
6.2336793
6.1273837
5.583153
5.578901
5.4726057
6.016837
6.667363
6.667363
6.667363
7.4284363
6.556816
6.8842053
7.4284363
7.4284363
7.2115946
8.295805
8.078962
7.7515736
7.317889
6.7736583
7.8621206
7.6452785
7.1010475
7.5347314
7.4284363
7.1010475
6.9905005
7.4241843
7.4241843
6.8799534
7.8621206
7.857869
7.096796
8.185258
8.185258
8.4021
7.5304804
8.185258
8.946331
8.835785
8.4021
8.618942
9.163173
7.9641643
8.618942
8.618942
8.835785
8.4021
8.185258
8.4021
8.618942
9.490562
8.835785
8.512647
8.946331
8.4021
9.163173
8.618942
8.835785
9.163173
9.596858
8.618942
9.269468
9.052627
8.725238
8.618942
8.4021
8.070459
8.835785
9.596858
8.508395
8.835785
9.8137
8.2915535
8.618942
8.729489
7.5304804
8.618942
7.857869
8.4021
8.074712
8.295805
7.6410265
7.9684157
7.9684157
7.857869
8.835785
8.2915535
8.512647
9.052627
8.835785
8.4021
8.614691
8.512647
9.380016
8.725238
8.835785
8.946331
9.486311
8.508395
8.618942
8.618942
8.508395
7.9641643
8.946331
8.512647
8.618942
7.857869
7.9684157
8.074712
9.163173
7.6410265
7.747322
7.747322
8.729489
8.185258
8.4021
8.946331
9.269468
7.9641643
8.729489
8.94208
8.94208
9.269468
8.94208
8.508395
9.052627
8.946331
8.835785
8.946331
8.508395
8.4021
8.074712
8.508395
8.618942
8.397848
7.092544
8.512647
8.946331
7.747322
7.747322
8.074712
8.512647
8.618942
8.2915535
8.185258
9.380016
8.074712
8.397848
8.618942
8.835785
9.27372
9.486311
9.048374
9.8137
9.486311
9.8137
9.269468
9.380016
9.269468
9.809448
9.486311
8.94208
9.596858
10.030542
9.158921
9.596858
8.725238
8.835785
9.269468
8.2915535
9.269468
9.596858
8.181006
9.380016
9.048374
9.375764
8.94208
9.596858
9.158921
9.269468
9.486311
9.592606
9.375764
9.048374
9.486311
10.353679
8.94208
9.375764
9.486311
9.703153
8.508395
9.052627
8.94208
8.94208
7.853617
9.052627
8.618942
7.9641643
8.618942
8.508395
8.181006
8.074712
7.747322
8.4021
8.835785
7.857869
9.596858
8.94208
7.853617
8.835785
7.857869
8.946331
8.835785
7.857869
8.295805
7.313638
6.986249
7.9684157
8.840036
8.185258
9.056878
7.5304804
8.729489
8.074712
8.185258
7.9684157
7.6410265
7.7515736
8.185258
7.313638
8.078962
7.207342
8.512647
6.769407
7.207342
7.5347314
8.189509
8.078962
7.096796
7.317889
8.840036
8.512647
6.4462695
7.6410265
7.6452785
7.317889
6.7736583
6.1188803
7.7515736
7.5347314
6.7736583
7.6452785
7.8621206
6.7736583
6.9905005
7.1010475
6.7736583
6.663111
7.1010475
7.2115946
7.4284363
6.123132
6.123132
7.2115946
6.8842053
6.8842053
6.8842053
7.1010475
7.317889
7.6410265
6.3357224
6.8842053
6.7736583
7.8621206
7.313638
6.663111
8.295805
7.5347314
7.1010475
6.9905005
6.2294273
6.450521
7.2115946
6.123132
6.2336793
6.339974
5.795743
6.123132
6.123132
6.2336793
6.2336793
6.339974
6.450521
6.556816
7.317889
6.9905005
6.556816
6.7736583
7.1010475
6.7736583
7.4284363
6.8842053
6.7736583
6.123132
6.450521
6.339974
5.583153
5.038922
6.016837
5.2557635
4.928375
5.1494684
4.4946904
5.1452165
5.1452165
5.1452165
5.3663106
5.689448
5.90629
6.016837
6.016837
6.8842053
6.339974
6.012585
6.2336793
7.1010475
6.9905005
6.339974
7.4284363
5.3620586
6.77791
5.799995
6.450521
6.667363
6.339974
5.578901
5.799995
6.667363
5.578901
6.123132
6.339974
6.561068
7.538984
5.574649
7.2115946
7.5347314
6.012585
6.8842053
7.7515736
6.2294273
7.1010475
6.2294273
6.339974
7.4284363
6.1188803
6.556816
7.8621206
7.1010475
7.5347314
7.317889
6.8842053
6.2294273
5.791491
7.4284363
7.1010475
6.012585
7.1010475
7.6452785
5.6851964
6.7736583
7.317889
6.7736583
6.9905005
7.6410265
6.663111
6.663111
7.4241843
8.078962
6.5525646
7.4241843
7.5347314
6.4462695
7.7515736
6.663111
7.1010475
7.8621206
6.663111
7.8621206
6.8799534
7.207342
6.5525646
8.295805
7.9684157
7.9684157
8.185258
8.295805
8.4021
7.857869
8.4021
8.4021
7.419933
8.618942
8.508395
7.857869
8.397848
8.4021
7.6410265
7.747322
7.857869
8.835785
8.729489
7.853617
7.9684157
8.2915535
7.5304804
7.853617
8.397848
9.052627
9.486311
8.4021
8.725238
8.725238
9.486311
8.94208
8.94208
8.397848
8.070459
9.8137
9.8137
9.269468
9.8137
9.486311
8.614691
9.158921
9.052627
8.8315325
9.596858
9.269468
8.8315325
9.158921
9.703153
7.9599123
9.380016
9.158921
9.703153
10.02629
8.8315325
9.703153
8.614691
9.158921
8.94208
9.052627
8.94208
9.486311
8.614691
8.835785
8.614691
7.092544
9.163173
7.747322
7.5304804
8.2915535
8.4021
9.27372
8.074712
7.203091
8.2915535
7.9641643
8.2915535
7.9641643
7.5304804
7.853617
8.729489
8.512647
7.5304804
7.857869
7.857869
8.074712
7.747322
7.313638
7.857869
8.074712
6.769407
7.857869
6.9905005
8.729489
8.185258
6.2251754
6.663111
7.096796
7.313638
6.5525646
6.3357224
7.317889
7.7515736
7.207342
7.317889
6.2251754
6.8799534
7.207342
8.078962
7.4241843
6.4462695
6.9905005
6.3357224
6.9905005
7.2115946
6.2294273
7.1010475
5.357807
6.2294273
6.667363
6.012585
6.4462695
6.8842053
6.450521
6.667363
6.556816
6.8842053
6.556816
6.2294273
5.578901
6.9947524
6.339974
4.7072806
5.3620586
6.016837
5.689448
4.928375
5.583153
5.2557635
5.799995
4.8220797
4.605237
5.038922
4.4946904
4.2778482
5.038922
4.2778482
4.4946904
4.4946904
5.6937
5.038922
4.7115326
4.9326262
4.4946904
3.9504592
4.171553
4.4946904
3.406228
4.715784
3.844164
4.715784
3.954711
3.844164
3.737869
3.954711
2.8662488
3.5210268
2.9767957
4.3926473
3.954711
2.9767957
3.848416
3.5210268
3.0830908
3.954711
4.171553
4.715784
4.171553
2.7557018
4.2821
3.4104798
2.7557018
4.065258
4.065258
2.8662488
4.6094894
3.3041847
3.3041847
3.414732
2.8705006
2.8705006
2.2157223
2.4325645
2.7599535
3.0873425
2.1094272
2.6536584
1.9988803
2.7599535
2.5431116
2.5431116
2.7599535
3.1978896
3.3041847
3.1936376
3.9589627
2.7599535
2.4325645
2.5431116
2.9810476
2.2157223
3.414732
3.414732
3.1978896
2.6536584
1.4546491
2.6536584
2.3262694
2.8705006
2.003132
2.2199743
3.1978896
2.4368165
2.2199743
1.6757431
2.1094272
2.7599535
2.8705006
1.8883334
2.5431116
3.3041847
3.414732
2.4325645
3.3041847
2.8705006
3.414732
3.3041847
3.9589627
3.1978896
3.7421207
3.0873425
2.8705006
3.9589627
3.414732
2.2157223
3.0873425
3.414732
2.6494067
3.5252786
3.9589627
2.9810476
3.848416
3.1936376
2.9767957
3.5210268
3.737869
2.8662488
3.631574
4.065258
4.3926473
3.1936376
3.4104798
3.954711
4.065258
4.2778482
4.4989424
4.4946904
4.4946904
5.2600155
3.954711
3.6273217
4.2821
5.1494684
3.299933
4.0610065
4.605237
5.038922
4.605237
5.9105415
5.038922
3.844164
3.6273217
5.0431733
4.171553
4.171553
4.826331
4.715784
5.2600155
5.583153
4.928375
5.583153
6.1273837
5.2557635
4.8220797
4.7115326
6.1273837
5.2557635
5.1452165
5.1494684
5.799995
5.799995
5.2557635
6.2336793
5.038922
5.1494684
5.9105415
5.1494684
4.8220797
4.605237
5.1494684
6.671615
5.799995
5.3620586
6.667363
6.450521
5.251512
5.90629
6.561068
6.012585
6.667363
6.7736583
7.1010475
7.207342
5.902038
7.5347314
6.663111
6.4462695
6.339974
7.9726677
7.7515736
7.7515736
6.9905005
6.8842053
7.096796
7.6410265
8.295805
8.729489
9.056878
8.185258
7.6410265
7.857869
8.4021
7.6410265
7.9684157
7.096796
8.078962
9.163173
8.2915535
8.725238
9.052627
9.380016
8.181006
8.508395
8.835785
8.835785
8.074712
7.857869
8.185258
8.074712
7.6410265
7.9684157
8.185258
7.857869
7.857869
8.074712
7.5304804
8.512647
7.857869
7.6410265
8.2915535
9.163173
9.052627
8.725238
9.163173
9.596858
9.269468
8.94208
9.158921
9.486311
8.614691
9.269468
8.94208
8.725238
8.94208
9.052627
9.375764
8.614691
7.526228
9.596858
9.052627
8.074712
8.835785
8.2915535
8.2915535
9.158921
9.596858
9.596858
9.048374
8.614691
9.269468
9.592606
9.048374
9.486311
9.375764
8.720985
9.8137
10.353679
10.570521
10.353679
10.353679
11.331594
11.004206
10.02629
10.89791
9.919995
9.8137
9.052627
8.2915535
8.946331
8.2915535
8.181006
9.380016
9.269468
8.725238
9.158921
8.835785
9.596858
9.8137
9.380016
9.380016
9.8137
9.158921
9.596858
8.2915535
9.163173
9.8137
8.8315325
10.247384
9.158921
8.946331
8.835785
8.2915535
8.946331
7.5304804
8.512647
8.512647
8.835785
8.2915535
9.163173
8.397848
8.4021
9.924246
8.618942
9.8137
9.8137
8.181006
8.4021
8.074712
8.2915535
8.295805
8.946331
7.857869
8.946331
7.9641643
8.618942
8.835785
8.074712
8.295805
8.4021
8.185258
7.4241843
8.295805
8.078962
8.729489
7.857869
7.7515736
8.185258
8.512647
8.074712
8.4021
8.295805
8.512647
7.5347314
8.185258
7.9684157
8.840036
8.512647
8.840036
8.512647
8.512647
8.946331
7.7515736
6.663111
8.189509
7.2115946
7.6452785
7.1010475
7.6452785
6.556816
6.9947524
7.538984
7.1010475
5.90629
6.77791
6.123132
6.561068
6.1273837
6.454773
4.605237
5.4768577
6.1273837
6.016837
5.799995
6.671615
6.1273837
5.9105415
5.3663106
5.583153
5.4768577
4.9326262
5.2557635
6.454773
5.038922
5.1494684
5.4768577
6.1273837
3.9504592
5.3663106
4.715784
4.9326262
4.2821
3.5210268
3.631574
5.1537204
4.3926473
4.1758046
4.2821
4.2863517
3.631574
3.848416
4.1758046
3.631574
3.9589627
3.0873425
3.9589627
3.414732
4.065258
4.06951
3.8526678
3.3041847
3.414732
3.8526678
3.1978896
2.8705006
2.7642052
2.330521
2.7642052
2.5473633
1.5694479
3.3084364
3.0915945
2.2199743
2.003132
2.9852993
2.1136792
2.4410682
2.224226
2.224226
2.9852993
2.0073838
2.4410682
1.4631528
2.5516152
2.0073838
2.3347728
1.0294685
1.1400155
0.8126264
1.5736997
1.9010887
1.0294685
0.48523736
1.1400155
0.5957843
0.70633125
1.0337203
0.4894892
0.5957843
-0.38213107
0.70633125
0.70633125
-0.054742
0.1621001
1.1400155
0.37894222
0.37894222
0.70633125
0.4894892
-0.054742
-0.59897316
0.1621001
1.0337203
0.1621001
1.2505624
0.38319403
0.38319403
-0.4884262
-0.16103715
-0.7052683
-1.0326574
0.16635191
0.16635191
-0.37787926
-1.1389525
0.38319403
-0.16103715
-0.5947214
-0.050490197
-0.9221104
0.16635191
-0.9221104
-0.5947214
-0.7010165
-0.8115635
-1.3557947
-0.7010165
-0.7052683
0.27264705
-0.16103715
0.81687826
-0.27158412
-0.27158412
-0.81581527
0.055804953
-0.050490197
-0.9221104
0.38319403
-1.1389525
-1.1389525
-1.1389525
-1.5726367
-1.4620898
-1.0284055
-1.9000257
-0.8115635
-1.0284055
-0.4841744
-1.7894788
-1.1389525
-1.1347008
-1.3557947
-1.6831837
-1.2452477
-0.7010165
-0.5947214
-1.5726367
-0.7010165
-1.2452477
-1.2452477
-1.2452477
-0.4841744
-0.8115635
-1.7894788
-1.2452477
-2.006321
-1.678932
-1.0284055
-0.8115635
-1.1389525
-0.5947214
-1.0284055
-0.8115635
-1.3557947
-0.8115635
-2.116868
-1.4620898
-2.006321
-2.223163
-2.0020692
-1.7852271
-1.7852271
-2.4400053
-1.7852271
-2.5505521
-2.006321
-1.678932
-1.3557947
-1.1347008
-1.0284055
-1.3557947
-0.4841744
-0.91785866
-1.4663416
-0.7010165
-1.3557947
-0.37787926
-1.0284055
-1.3557947
-1.0284055
-1.3557947
-2.006321
-1.3557947
-0.8115635
-0.8115635
-1.0284055
-0.7010165
-1.678932
-2.006321
-0.91785866
-2.112616
-1.3557947
-1.2452477
-1.5726367
-1.5726367
-1.1389525
-1.9000257
-0.9221104
-1.0284055
-0.37787926
-0.050490197
-0.9221104
-0.5947214
-0.37787926
-0.16103715
0.055804953
-0.7052683
-0.4884262
0.7105831
0.055804953
0.27264705
0.38319403
-0.4884262
-0.9221104
-0.8115635
-0.2673323
-0.16103715
-0.054742
-0.4884262
-0.16103715
-0.2673323
-0.37787926
0.055804953
0.81687826
-0.054742
0.055804953
-0.27158412
-0.054742
0.27264705
1.0337203
0.70633125
0.1621001
0.81687826
0.60003614
0.5957843
0.9231734
0.27264705
0.9231734
0.26839525
1.3568575
1.5736997
2.3347728
0.8126264
1.1400155
1.5736997
-0.058993805
1.6842467
0.9231734
0.70633125
2.117931
1.3568575
1.3568575
1.9010887
1.0294685
0.8126264
1.0294685
1.9010887
1.6799948
1.6842467
1.2463106
2.224226
1.896837
1.896837
2.5473633
2.330521
3.8526678
3.8526678
2.8747523
3.7421207
2.65791
3.8526678
2.9810476
2.9810476
3.8526678
3.1978896
3.5252786
3.0915945
2.8747523
3.7421207
3.8526678
3.1978896
3.8526678
2.5473633
3.7421207
3.5252786
2.9810476
3.0915945
3.3084364
3.1978896
4.503194
3.0873425
4.720036
3.631574
4.1758046
3.0873425
4.3926473
3.0873425
3.9589627
4.065258
4.065258
4.826331
4.6094894
4.1758046
4.065258
3.5210268
4.1758046
4.826331
4.4989424
4.936878
3.631574
4.1758046
4.171553
5.2600155
5.2600155
5.2600155
5.0431733
4.605237
4.9326262
5.038922
4.9326262
5.6937
4.0610065
5.3663106
5.6937
5.1494684
6.1273837
5.038922
6.454773
6.016837
6.016837
6.450521
6.339974
6.450521
7.7558255
6.8842053
6.339974
6.667363
8.300056
7.4284363
7.8621206
7.4284363
7.1010475
7.2115946
6.8842053
7.4284363
6.556816
7.6452785
8.295805
8.512647
9.486311
10.681068
11.114753
9.809448
10.7916155
9.265217
8.725238
7.313638
7.5347314
7.8621206
7.2115946
6.012585
6.9947524
7.317889
8.078962
8.618942
8.618942
8.835785
7.9684157
10.251636
9.703153
9.8137
8.94208
9.052627
8.618942
9.052627
8.508395
10.357931
10.464226
10.7916155
9.703153
10.353679
10.570521
10.459974
10.676816
10.136837
9.158921
8.729489
8.835785
10.030542
9.375764
9.269468
10.136837
9.703153
10.353679
10.349427
11.004206
11.221047
11.658983
10.570521
11.442142
11.004206
11.875826
11.761026
12.5220995
13.500016
13.9337
12.407301
13.500016
12.305258
11.221047
11.221047
11.327342
12.092668
10.999953
12.088415
11.977869
13.066331
11.867322
11.654732
11.544185
11.765279
11.437889
11.004206
11.1105
11.221047
11.1105
12.632647
12.301006
13.823153
13.716857
13.389469
12.738942
11.867322
12.305258
11.977869
12.088415
11.327342
11.977869
12.305258
13.60631
13.062079
13.60631
13.066331
11.216796
10.889407
11.654732
11.433638
12.088415
12.088415
11.977869
13.283173
13.062079
13.9337
14.367384
13.929449
13.495763
14.584226
13.168375
13.716857
12.301006
12.628395
12.955785
12.517848
14.261088
14.473679
14.367384
14.367384
13.385218
14.150541
13.278922
12.955785
13.500016
12.5220995
13.066331
13.278922
13.9337
14.256837
14.256837
14.256837
15.234753
15.451593
15.013659
15.56214
14.907364
14.801068
13.057828
14.150541
15.01791
13.385218
13.274671
14.473679
14.14629
14.035743
15.01791
14.363132
14.14629
13.818902
14.14629
14.039994
14.584226
13.818902
14.473679
15.341048
14.473679
14.469427
15.013659
15.119954
15.451593
15.447342
15.557889
15.991573
15.557889
15.01791
15.88528
15.451593
15.230501
16.102121
15.991573
16.208416
15.447342
15.668436
15.447342
14.690521
15.230501
15.124206
15.341048
15.341048
15.991573
15.774733
15.991573
14.796817
16.102121
15.447342
16.102121
16.318964
15.991573
15.774733
15.774733
15.119954
16.212667
15.881026
14.903111
15.991573
16.318964
15.881026
15.88528
15.664186
16.102121
16.212667
14.907364
14.14629
13.929449
14.14629
13.274671
14.035743
16.102121
15.991573
16.535805
16.863195
16.425257
15.774733
15.557889
14.579974
14.796817
14.363132
15.341048
16.208416
16.208416
17.075785
17.624268
17.403173
16.31471
15.991573
15.774733
15.991573
15.336795
16.646353
16.208416
15.881026
15.119954
15.774733
15.230501
15.557889
14.792564
14.690521
15.557889
14.252585
14.907364
15.341048
14.469427
15.230501
15.88528
16.318964
16.535805
16.208416
15.991573
15.991573
16.102121
15.668436
16.102121
16.102121
16.208416
15.991573
16.535805
15.119954
15.88528
16.318964
14.907364
13.925196
15.01791
14.363132
15.128457
15.234753
14.907364
15.774733
16.752647
15.881026
15.553638
16.208416
15.230501
15.124206
16.102121
16.212667
16.318964
15.01791
15.447342
15.451593
15.774733
15.774733
15.668436
15.234753
15.341048
14.473679
13.818902
14.256837
12.951532
14.044247
12.845238
14.044247
14.911615
15.3453
14.801068
14.801068
14.039994
14.367384
14.473679
14.801068
14.584226
13.389469
13.9337
13.716857
13.716857
13.1726265
13.283173
13.500016
13.716857
12.411553
12.088415
12.305258
11.221047
11.654732
11.871573
12.198963
12.198963
12.632647
11.654732
12.194712
11.327342
11.327342
11.871573
11.654732
12.415805
11.871573
12.415805
12.415805
12.853741
12.849489
12.960036
12.084165
12.411553
12.088415
12.743194
12.415805
11.004206
10.566269
11.548436
12.092668
11.765279
11.004206
11.221047
11.654732
11.221047
11.548436
11.765279
11.114753
11.004206
11.114753
10.787363
11.548436
11.548436
11.114753
11.331594
10.89791
11.004206
11.658983
11.331594
10.89791
10.243132
10.353679
10.7916155
9.809448
10.570521
10.570521
10.574773
9.486311
9.8137
10.247384
10.247384
9.919995
10.247384
10.030542
9.269468
8.508395
9.596858
9.269468
9.380016
9.380016
9.380016
9.596858
8.618942
9.052627
9.596858
8.2915535
8.946331
8.4021
9.817951
8.729489
8.840036
7.6410265
8.512647
9.056878
8.840036
7.4241843
8.512647
8.295805
8.623194
7.5347314
8.733741
6.9905005
7.8621206
6.663111
7.7558255
7.4284363
7.2115946
7.4284363
7.2115946
6.77791
6.8842053
7.1010475
7.538984
7.538984
6.339974
6.9947524
7.1052995
6.2336793
6.123132
6.77791
5.689448
6.3442264
5.583153
5.9105415
6.454773
5.038922
5.9105415
5.4768577
6.0210886
5.6937
4.8220797
4.715784
5.3705626
4.4989424
5.0431733
5.0431733
4.171553
3.5210268
4.3926473
4.2821
5.0431733
4.2821
4.826331
3.848416
5.3705626
5.0431733
4.4989424
5.804247
5.2600155
5.804247
4.605237
4.4989424
5.2600155
5.0431733
4.4989424
4.826331
4.3926473
4.826331
4.826331
4.4989424
4.2821
5.914794
3.737869
5.3705626
4.826331
4.826331
4.065258
4.936878
3.631574
4.936878
4.3926473
5.1537204
5.0431733
5.0431733
4.715784
5.1537204
4.826331
5.4768577
5.2600155
6.56532
5.3663106
4.715784
5.1494684
4.715784
4.4989424
5.5874047
4.171553
5.3705626
4.503194
4.3926473
4.936878
5.1537204
3.9589627
4.1758046
3.848416
3.9589627
4.1758046
3.9589627
4.2863517
3.631574
4.06951
4.2821
3.9589627
4.6094894
3.9589627
4.3926473
5.0431733
4.6094894
4.826331
4.715784
5.2600155
5.3705626
4.6094894
4.826331
4.065258
4.4989424
4.6094894
4.503194
4.1758046
3.1978896
3.7421207
3.631574
3.5210268
3.414732
3.9589627
3.7421207
3.848416
3.9589627
3.3041847
3.1978896
3.7421207
3.414732
3.7421207
3.5210268
4.1758046
3.848416
3.7421207
3.9589627
3.9589627
3.0873425
2.9810476
3.9589627
3.414732
3.8526678
3.5252786
2.65791
3.4189837
2.65791
2.2199743
3.4189837
2.1136792
2.9852993
2.65791
2.2199743
3.3084364
3.8526678
2.003132
3.3084364
2.8747523
2.7642052
3.7421207
3.6358256
3.3084364
3.3084364
2.330521
2.7684572
1.896837
2.224226
1.5694479
2.7684572
1.7905419
1.2463106
2.5516152
1.5694479
1.1357636
2.0073838
1.6799948
2.117931
2.7684572
2.9852993
2.8747523
2.7642052
3.3084364
2.7642052
3.1978896
3.3084364
2.003132
2.8747523
1.896837
2.224226
2.0073838
2.1136792
1.2463106
1.3568575
1.3526058
1.7905419
2.117931
0.3746904
0.26839525
0.5957843
0.1621001
0.9231734
1.0337203
0.8126264
0.9231734
-0.054742
1.0294685
1.6842467
0.37894222
0.1621001
0.1621001
0.70633125
0.70633125
0.37894222
1.1400155
0.5957843
0.1621001
0.4894892
0.1621001
0.5957843
0.60003614
-0.27158412
-0.16103715
0.055804953
-0.16103715
0.055804953
0.60003614
-0.16103715
-0.27158412
-0.054742
-0.16103715
-0.16103715
0.055804953
-0.9221104
-0.9221104
-0.8115635
-0.5947214
-0.7052683
-0.7052683
0.60003614
-1.3600464
-0.9221104
-0.5947214
-0.5947214
-1.1389525
-0.050490197
-1.6831837
-0.9221104
-1.3557947
-0.8115635
-2.010573
-0.4884262
-1.2494994
-0.7052683
-0.5947214
-0.5947214
-1.3557947
-0.4884262
-1.0284055
-0.5947214
-1.9000257
-1.6831837
-1.7937305
-1.3557947
-1.2452477
-1.6831837
-1.9000257
-0.4841744
-1.3557947
-0.7052683
-0.4884262
-0.59897316
-1.2494994
-1.0284055
0.16635191
-1.6831837
-0.27158412
-0.27158412
-0.7052683
-0.37787926
-1.2494994
-0.7052683
-0.8115635
-1.1389525
-1.0326574
-0.8115635
-0.7052683
-0.37787926
-1.6831837
-0.4884262
-1.2494994
-0.050490197
0.055804953
0.055804953
-0.27158412
0.055804953
0.05155315
-0.054742
0.4894892
0.05155315
0.1621001
0.37894222
-0.70952016
0.9231734
-0.37787926
-0.27158412
-0.7052683
-0.27158412
-0.4884262
-0.27158412
-0.4884262
-0.4884262
-1.0284055
-0.37787926
-1.5726367
-0.5947214
-0.37787926
-0.37787926
-1.0326574
-0.4884262
-1.3557947
0.055804953
-0.38213107
0.9231734
0.70633125
0.37894222
1.0337203
0.4894892
-0.054742
-0.16528895
-0.054742
-0.27158412
-0.054742
-0.59897316
-0.4884262
0.60003614
-1.2494994
0.4894892
-0.4884262
0.055804953
-0.59897316
-0.38213107
-0.054742
-0.16528895
-0.59897316
0.1621001
0.26839525
0.8126264
0.37894222
1.0337203
0.26839525
0.5957843
-0.2758359
0.8126264
1.2463106
0.05155315
1.4631528
0.3746904
1.4631528
0.8126264
1.1357636
0.8083746
1.4631528
1.0294685
1.896837
0.04730134
2.1136792
1.7905419
1.7862899
1.7862899
2.003132
2.7642052
1.348354
3.5252786
1.7862899
2.2199743
2.224226
1.7862899
2.003132
1.2420589
3.0915945
2.6536584
2.6536584
2.2157223
2.2199743
2.9810476
2.9810476
3.6358256
2.9810476
3.3084364
2.8705006
3.5252786
4.06951
3.0873425
2.6494067
3.631574
3.737869
4.1758046
4.6094894
3.3041847
5.2600155
3.0830908
4.4989424
4.715784
3.6273217
4.171553
3.954711
4.065258
4.605237
5.2600155
4.3883953
4.3883953
5.583153
4.8220797
5.3663106
4.171553
4.8220797
5.2557635
5.799995
4.6009855
5.689448
5.90629
5.251512
6.016837
5.1452165
5.90629
4.8178277
5.3620586
5.2557635
5.578901
5.3620586
5.583153
6.2336793
5.583153
5.689448
5.2557635
5.799995
5.251512
5.689448
6.016837
5.90629
6.2336793
5.90629
6.9947524
5.578901
6.123132
5.4726057
5.4726057
5.3620586
4.4946904
5.4726057
4.6009855
5.583153
4.8220797
5.583153
4.3841434
4.8178277
4.928375
4.3841434
5.3663106
4.4946904
4.3883953
5.3663106
5.3663106
5.4726057
4.3841434
6.2336793
4.7072806
5.3620586
6.123132
4.8178277
5.0346694
4.6009855
5.1494684
5.2557635
4.8220797
4.3841434
5.4726057
3.9504592
5.583153
4.7115326
5.3663106
5.0346694
5.799995
5.1452165
5.9105415
4.6009855
4.928375
5.583153
5.038922
5.2557635
4.605237
4.6009855
5.038922
5.799995
5.9105415
4.928375
5.2557635
5.578901
4.928375
6.016837
5.583153
4.928375
4.6009855
5.4726057
6.123132
6.561068
5.0346694
5.4726057
5.3620586
6.2336793
5.578901
6.3442264
4.6009855
5.1452165
5.3620586
5.689448
4.3841434
3.8399122
4.7115326
4.8220797
5.689448
4.167301
5.9105415
5.038922
3.844164
4.605237
3.844164
3.7336173
4.0610065
5.038922
4.9326262
4.2778482
2.7514498
5.1494684
3.5167751
4.605237
3.406228
4.3883953
3.7336173
4.2821
3.7336173
4.9326262
4.167301
3.299933
4.3883953
2.8662488
3.844164
3.4104798
3.848416
3.299933
2.1051755
3.5210268
3.5210268
3.737869
2.8662488
3.6273217
2.6494067
2.9767957
3.1936376
2.8705006
2.9767957
2.4325645
3.5210268
2.7599535
3.631574
3.1936376
2.972544
3.737869
2.8662488
2.4325645
3.6273217
3.954711
2.9767957
3.5210268
3.5210268
3.414732
2.9767957
3.1936376
3.737869
2.5431116
2.5431116
1.6714911
3.3041847
2.8705006
1.9988803
1.7820382
2.8705006
2.3262694
3.3041847
2.5431116
3.631574
2.2157223
3.0873425
2.3220174
2.8705006
1.8883334
3.414732
2.6494067
2.6494067
2.5431116
2.8705006
2.1051755
3.0873425
2.6536584
2.8662488
2.8705006
1.8883334
1.8925852
2.1094272
2.1094272
1.6714911
1.565196
1.8925852
0.3704386
1.6757431
2.003132
1.348354
1.1315118
2.003132
1.2420589
1.6757431
1.6757431
2.2199743
2.6536584
1.348354
2.3262694
2.2199743
1.565196
2.3262694
1.9988803
2.003132
2.2199743
1.2420589
2.7642052
0.48098555
2.1136792
1.4589009
1.7862899
0.59153247
0.69782764
0.04730134
0.7020795
-0.06324561
0.7020795
0.59153247
1.1357636
1.1357636
-0.06324561
0.48098555
0.7020795
0.48523736
0.3746904
-0.058993805
0.05155315
0.48523736
-0.058993805
1.6799948
1.5694479
1.4589009
1.6757431
1.348354
1.4589009
0.8041228
2.2199743
1.1357636
-0.058993805
-0.058993805
-0.49267802
-0.16528895
-1.8022342
-0.058993805
-0.930614
-0.930614
-0.8200671
-0.8200671
0.04730134
-1.4748453
1.3568575
0.48523736
-0.16954076
-0.7137719
0.3746904
-0.058993805
0.1578483
-0.38638288
0.59153247
-0.3906347
1.1357636
0.91466975
0.1578483
1.1357636
-0.49692985
-0.16954076
0.3746904
0.7020795
-0.38638288
0.26839525
-0.38638288
0.48523736
0.05155315
-0.930614
0.04730134
-1.2580031
0.9189216
0.26839525
-0.38638288
0.59153247
0.7020795
1.1357636
0.7020795
0.7020795
0.26839525
0.59153247
-0.3906347
0.59153247
-0.8200671
0.59153247
-0.930614
0.5957843
0.48523736
-0.603225
-0.058993805
0.48523736
-0.49267802
0.48523736
-0.930614
0.48523736
0.9189216
-0.2758359
1.1400155
-0.058993805
-0.7137719
-0.058993805
0.05155315
0.3746904
-1.2580031
-0.16528895
0.05155315
-0.16954076
-0.9263622
-0.603225
-0.2758359
-1.3642982
-0.38213107
-1.4705935
-0.8200671
-1.2537513
-0.38213107
-0.16528895
-0.59897316
-0.70952016
-0.70952016
-0.49267802
-0.70952016
-0.054742
-1.3642982
-0.2758359
0.05155315
0.37894222
-0.8200671
-1.2580031
-0.38213107
-0.9263622
-0.603225
-1.3642982
-1.0369092
-1.1432043
-1.9042777
-1.2537513
-1.5768886
-0.49267802
-0.38213107
-1.2537513
-1.0369092
-1.0369092
-0.70952016
-1.2537513
-0.9263622
-0.70952016
-0.38638288
-1.1474562
-1.1474562
-0.38213107
-1.1474562
-0.8200671
-0.603225
-0.38638288
-0.38213107
-1.4748453
-1.0369092
-0.8200671
-1.1474562
-0.38213107
-0.38213107
-1.1474562
-1.3642982
0.1621001
-0.49692985
-0.8200671
-1.3642982
-0.603225
-1.0369092
-0.70952016
0.26839525
-0.2758359
0.04730134
-0.38638288
1.2463106
-0.7137719
-0.058993805
-0.930614
0.5957843
-0.49267802
-0.603225
0.48523736
-0.49692985
0.3746904
-0.38638288
0.3746904
0.1578483
-1.1474562
-0.2758359
-0.49267802
-1.3642982
0.37894222
0.5957843
-0.38638288
-0.7137719
0.26839525
-0.8200671
-0.058993805
-1.3685501
0.9189216
1.2463106
-0.8243188
0.04730134
1.2463106
-0.603225
0.48523736
0.1578483
-0.058993805
-0.28008774
-0.16954076
0.91466975
1.1357636
0.043049537
0.91466975
1.1315118
0.48098555
0.91466975
1.5694479
1.3526058
1.2420589
1.4589009
1.5694479
1.8925852
1.348354
2.3262694
2.2157223
1.9988803
2.1094272
0.8041228
1.348354
0.25989163
2.330521
0.48098555
1.5694479
1.348354
1.348354
2.5431116
1.7777863
2.5431116
2.7599535
2.9767957
3.1936376
3.3041847
2.6494067
2.7599535
2.6494067
3.1936376
2.4283128
3.5167751
3.844164
2.3220174
2.3220174
1.8840815
2.5431116
2.9810476
2.1094272
3.0915945
2.6536584
2.9767957
2.4325645
2.3220174
2.6494067
2.4325645
2.6494067
2.8705006
1.8883334
2.8705006
1.8883334
2.7599535
3.0830908
3.737869
3.844164
3.5210268
4.0610065
2.972544
4.3841434
5.2557635
4.3841434
3.62307
4.9326262
3.5167751
3.9504592
3.406228
5.689448
4.928375
5.0346694
5.0346694
5.583153
5.038922
2.3177657
4.171553
4.2778482
3.9504592
4.3841434
4.2778482
3.8399122
4.8178277
5.4726057
4.3841434
4.8178277
3.8399122
6.3442264
5.251512
6.556816
4.924123
5.038922
5.578901
6.7736583
7.9684157
7.096796
8.295805
7.096796
6.875702
6.769407
8.185258
7.096796
5.357807
5.0346694
5.0346694
5.689448
6.012585
6.663111
7.096796
7.096796
6.986249
6.2251754
5.464102
6.5525646
5.464102
6.6588597
8.074712
7.096796
7.207342
6.4420176
6.769407
6.875702
7.526228
9.592606
10.132585
9.915743
10.566269
8.499891
9.482059
8.499891
9.375764
9.805196
8.393597
9.044123
10.349427
9.36726
9.911491
9.911491
11.004206
9.915743
8.397848
9.482059
9.375764
9.15467
9.260964
9.15467
9.044123
8.937827
8.610438
9.15467
9.150418
10.23888
11.004206
9.584103
9.805196
10.459974
10.0220375
10.566269
10.783112
11.871573
11.646228
11.867322
10.77886
10.566269
9.690397
10.566269
10.455723
10.893659
10.783112
10.566269
11.323091
10.668313
12.084165
10.774608
12.5220995
11.216796
10.017787
10.783112
10.999953
11.654732
11.004206
10.345176
11.433638
10.45147
10.562017
10.999953
10.349427
10.132585
10.566269
9.911491
10.889407
11.429386
11.8630705
12.403049
11.969365
12.840985
11.756775
11.429386
11.539933
10.995702
11.544185
10.562017
10.783112
9.69465
9.039871
9.69465
10.128334
11.106249
9.800944
10.783112
10.23888
10.0220375
9.150418
11.221047
11.327342
11.216796
13.1726265
10.885155
9.473556
8.929324
11.1105
10.783112
11.654732
10.999953
12.198963
10.889407
11.216796
10.345176
10.45147
11.433638
11.1105
10.562017
10.893659
10.132585
10.676816
10.783112
11.221047
11.323091
10.234629
9.36726
7.955661
9.371511
8.937827
9.260964
10.893659
11.654732
11.106249
10.995702
11.323091
10.562017
10.893659
9.584103
11.1105
10.345176
10.0220375
9.584103
10.0220375
11.216796
10.676816
10.783112
11.221047
9.69465
9.805196
9.146166
10.132585
10.128334
10.783112
11.106249
11.65048
11.544185
11.544185
9.69465
9.588354
9.260964
8.933577
10.566269
10.128334
10.349427
9.371511
8.181006
7.092544
7.747322
8.614691
10.136837
8.610438
9.809448
9.265217
9.698901
9.36726
10.23888
9.584103
8.82728
9.588354
10.353679
9.805196
10.132585
10.23888
9.15467
8.610438
6.654608
6.9777446
9.482059
7.9599123
8.614691
7.74307
6.2251754
5.464102
5.468354
5.357807
6.2336793
5.251512
4.8135757
4.7030287
5.6809444
5.357807
7.313638
7.419933
9.486311
9.371511
8.610438
8.82728
9.371511
8.499891
9.371511
9.044123
6.765155
6.769407
5.574649
5.6851964
4.4861865
4.8135757
5.357807
7.4241843
5.6851964
4.928375
3.5125234
4.3841434
4.8135757
6.114629
7.203091
7.419933
7.857869
6.986249
7.857869
7.4241843
6.5525646
6.3357224
5.464102
6.2251754
6.986249
8.185258
7.636775
7.419933
7.6410265
4.269345
4.5967336
3.5125234
5.578901
6.2336793
6.450521
5.689448
5.578901
5.140965
5.24726
6.008333
6.2251754
6.2251754
6.008333
6.5525646
6.4462695
5.3620586
5.251512
5.140965
5.030418
4.924123
5.140965
6.1188803
7.5304804
7.747322
8.070459
7.1988387
8.181006
6.986249
6.765155
7.419933
7.309386
8.720985
9.809448
9.69465
9.805196
9.477807
9.911491
9.146166
9.911491
9.584103
11.216796
10.995702
11.318839
10.234629
10.889407
10.234629
9.477807
10.128334
11.65048
12.194712
11.101996
12.190459
10.995702
10.668313
10.562017
10.995702
11.867322
12.301006
12.084165
11.646228
10.991449
11.539933
11.429386
11.8630705
9.907239
11.433638
12.517848
11.539933
12.955785
12.407301
12.079912
12.734691
12.513597
12.624144
11.756775
12.407301
11.973618
12.301006
12.190459
11.106249
12.738942
12.084165
11.756775
13.283173
12.951532
11.756775
11.106249
12.305258
11.756775
12.628395
12.5220995
11.977869
12.738942
13.283173
12.845238
12.734691
13.495763
13.712605
13.385218
13.818902
13.385218
12.407301
11.973618
12.734691
12.411553
11.646228
11.429386
12.084165
11.8630705
11.101996
10.6725645
12.198963
12.411553
11.65048
12.738942
11.867322
11.2125435
12.955785
11.867322
11.8630705
12.840985
12.301006
12.624144
13.274671
13.491511
12.513597
12.296754
12.734691
12.407301
12.190459
12.951532
12.517848
12.513597
12.407301
11.973618
12.840985
12.734691
12.951532
11.973618
12.517848
11.646228
11.65048
11.973618
12.084165
12.517848
12.840985
13.057828
13.602058
12.836734
13.818902
14.584226
12.947281
13.602058
12.836734
13.274671
13.929449
13.495763
12.947281
12.840985
13.495763
14.035743
13.925196
13.491511
13.602058
14.14629
13.380964
13.818902
14.256837
13.818902
13.708355
12.730438
13.712605
13.491511
12.947281
12.624144
14.256837
13.602058
13.602058
13.818902
13.168375
12.190459
11.756775
11.318839
13.278922
12.734691
12.624144
13.274671
12.624144
12.079912
12.845238
12.840985
13.389469
12.079912
12.628395
12.517848
11.867322
12.079912
11.65048
11.8630705
12.084165
11.973618
13.168375
12.624144
13.500016
12.628395
11.867322
12.411553
11.867322
11.539933
11.101996
10.889407
10.999953
10.128334
10.132585
10.787363
9.15467
9.048374
7.419933
7.857869
5.791491
6.012585
5.791491
7.6452785
6.769407
6.6588597
6.114629
7.6410265
8.181006
7.853617
9.260964
8.82728
10.0220375
8.393597
9.265217
8.393597
7.0882916
7.1988387
8.835785
8.614691
7.309386
6.5483127
6.875702
6.6588597
6.4462695
5.6851964
5.902038
6.556816
7.4241843
7.207342
8.078962
7.8621206
6.769407
8.618942
8.070459
10.464226
10.132585
10.89791
11.331594
11.548436
11.004206
11.004206
10.349427
9.703153
10.030542
9.269468
7.203091
6.6588597
8.618942
7.857869
7.313638
7.7515736
6.556816
6.556816
6.9947524
7.2115946
5.90629
6.556816
6.8799534
8.4021
7.857869
8.508395
8.070459
9.486311
10.243132
10.89791
11.004206
10.353679
10.7916155
8.8315325
9.486311
9.592606
8.8315325
9.919995
9.158921
8.2915535
8.070459
7.203091
8.729489
7.6410265
6.9905005
6.9905005
7.5347314
8.512647
8.074712
8.074712
7.857869
7.203091
7.857869
6.986249
8.4021
8.074712
6.8799534
6.7736583
8.078962
6.3357224
7.6410265
7.313638
8.512647
7.9684157
8.2915535
7.092544
9.163173
8.2915535
8.185258
6.4420176
8.185258
7.313638
8.512647
8.185258
7.857869
8.4021
8.074712
8.729489
7.6410265
8.078962
7.4241843
7.5347314
7.1010475
8.078962
6.4462695
6.7736583
6.8842053
7.9726677
7.7515736
6.9905005
8.078962
6.556816
7.2115946
6.663111
7.5347314
7.1010475
7.4284363
7.6452785
7.9684157
6.8799534
7.7515736
6.9905005
8.078962
7.207342
7.207342
6.9905005
7.9684157
8.295805
8.185258
6.8799534
7.313638
8.295805
8.295805
8.729489
8.295805
8.078962
8.078962
6.8842053
6.9905005
7.2115946
7.207342
7.7515736
7.5347314
7.4241843
7.6452785
8.189509
7.4241843
7.207342
8.295805
6.7736583
8.078962
7.8621206
7.6452785
7.4241843
7.9684157
7.9684157
7.6410265
8.512647
8.295805
8.295805
7.6410265
8.4021
7.9684157
8.185258
7.9684157
8.185258
8.835785
8.185258
8.623194
7.4241843
8.295805
7.9684157
7.8621206
6.9905005
8.189509
6.9905005
8.295805
7.7515736
7.207342
7.6410265
8.078962
7.7515736
6.4462695
7.317889
6.8799534
7.1010475
6.8799534
7.5347314
7.4241843
6.663111
7.4241843
7.857869
7.313638
7.6410265
8.2915535
8.185258
7.9684157
6.9905005
7.6410265
7.4241843
7.9684157
8.512647
8.185258
8.074712
8.185258
8.185258
9.163173
8.074712
8.618942
8.946331
8.074712
8.946331
7.857869
8.618942
9.052627
8.729489
8.618942
7.857869
8.946331
9.163173
8.4021
8.618942
9.380016
7.9641643
9.269468
8.835785
10.030542
9.8137
9.486311
10.464226
9.052627
9.375764
9.269468
9.703153
9.269468
9.486311
9.269468
9.596858
8.94208
10.357931
9.919995
10.464226
10.353679
9.265217
9.596858
9.269468
10.247384
10.136837
9.919995
10.243132
10.136837
11.008457
10.353679
10.353679
11.331594
10.570521
10.787363
10.89791
10.464226
10.464226
9.8137
9.375764
9.703153
9.375764
10.136837
9.482059
10.353679
9.919995
8.94208
10.570521
10.030542
9.592606
11.008457
9.919995
10.681068
9.592606
10.247384
11.331594
10.353679
11.548436
11.004206
11.004206
10.349427
10.459974
11.442142
11.004206
11.658983
11.221047
10.570521
11.548436
10.893659
11.221047
10.0220375
11.004206
11.654732
11.437889
11.221047
10.349427
10.243132
10.783112
11.004206
12.415805
11.9821205
11.544185
11.654732
11.221047
11.327342
11.221047
12.30951
11.871573
11.871573
11.9821205
12.198963
10.783112
11.437889
11.1105
11.1105
12.088415
11.977869
11.977869
12.849489
12.738942
12.305258
11.65048
12.849489
12.5220995
11.977869
12.849489
12.955785
12.5220995
12.632647
11.977869
12.415805
11.544185
12.198963
11.9821205
11.548436
11.871573
11.544185
11.871573
11.761026
11.871573
12.198963
12.305258
12.738942
12.632647
11.654732
12.194712
12.305258
12.194712
12.849489
11.761026
12.738942
11.761026
13.39372
11.871573
11.544185
11.871573
12.30951
10.999953
10.783112
10.566269
11.437889
11.221047
11.548436
10.349427
11.765279
11.221047
10.23888
11.221047
11.765279
10.23888
11.004206
11.437889
11.221047
10.999953
11.327342
12.743194
11.9821205
12.305258
12.632647
12.198963
11.216796
11.221047
10.566269
11.327342
11.331594
10.893659
10.676816
10.893659
11.548436
10.893659
11.654732
11.765279
11.9821205
11.437889
11.221047
11.331594
11.331594
10.23888
11.004206
11.654732
12.088415
11.65048
12.738942
12.411553
12.305258
12.632647
12.198963
11.871573
10.999953
11.437889
11.761026
11.1105
12.738942
13.283173
11.977869
12.194712
12.305258
13.066331
11.761026
12.849489
12.738942
12.088415
12.084165
12.5220995
13.610563
13.283173
12.305258
13.389469
13.1726265
12.411553
13.827404
12.5220995
13.066331
12.738942
12.088415
12.849489
12.088415
12.738942
13.1726265
13.389469
13.278922
13.062079
13.1726265
13.716857
11.756775
12.738942
12.411553
12.845238
13.389469
12.845238
13.929449
13.716857
13.389469
12.955785
13.389469
12.5220995
12.305258
12.415805
12.305258
12.088415
12.632647
11.761026
13.066331
11.323091
12.849489
12.084165
12.415805
11.867322
12.088415
12.305258
13.176878
11.216796
12.415805
13.066331
11.761026
12.088415
11.1105
12.632647
12.415805
12.415805
11.437889
11.331594
11.548436
10.566269
11.114753
11.004206
10.349427
10.787363
10.243132
10.570521
10.676816
10.681068
10.676816
10.787363
10.02629
11.548436
10.570521
11.221047
10.676816
10.132585
10.570521
10.676816
10.787363
9.698901
10.570521
10.787363
9.698901
11.004206
10.787363
10.676816
10.570521
10.02629
10.676816
9.044123
9.809448
9.809448
9.919995
10.247384
9.809448
9.375764
10.247384
9.375764
9.809448
9.482059
10.570521
10.243132
11.008457
9.482059
9.703153
10.247384
9.596858
9.8137
9.380016
9.269468
7.5304804
9.380016
8.508395
8.508395
8.835785
9.596858
9.158921
8.4021
8.508395
8.618942
8.835785
8.618942
8.4021
9.27372
7.313638
8.618942
7.7515736
7.4241843
7.9684157
7.4241843
7.096796
8.078962
6.8799534
6.7736583
7.5347314
7.1010475
6.663111
6.339974
6.8842053
6.556816
7.8621206
7.5347314
7.317889
6.556816
7.1010475
7.6452785
6.667363
7.6452785
7.4284363
5.578901
6.123132
5.578901
4.928375
5.4726057
5.583153
5.583153
4.8220797
5.1494684
5.9105415
4.9326262
4.4989424
5.3705626
4.2821
4.2821
4.3926473
4.9326262
4.9326262
5.4768577
5.583153
5.1494684
5.038922
5.799995
5.9105415
6.3442264
4.6094894
4.171553
4.4989424
4.1758046
3.5210268
3.631574
3.414732
3.414732
3.5252786
2.3262694
2.2199743
3.7421207
2.1094272
4.06951
3.9589627
3.7421207
3.414732
3.631574
3.0873425
2.9767957
3.1936376
4.826331
3.737869
3.954711
4.4989424
4.2821
4.065258
3.414732
4.503194
3.3041847
3.9589627
3.631574
3.1978896
3.5252786
2.1094272
2.2199743
2.7642052
2.7642052
2.2199743
2.1094272
3.1978896
3.414732
3.5252786
3.0873425
3.0873425
3.7421207
3.4104798
2.4325645
4.1758046
3.3041847
3.0873425
3.414732
3.1978896
3.5210268
3.1978896
4.1758046
3.414732
3.3084364
3.414732
3.414732
4.2863517
3.3041847
3.3041847
4.1758046
3.3041847
3.1936376
4.2821
4.4989424
4.2778482
5.4768577
4.3883953
4.9326262
5.0431733
4.715784
4.9326262
5.804247
4.9326262
4.8220797
6.016837
5.1494684
4.9326262
6.1273837
4.826331
5.9105415
5.038922
4.605237
5.4726057
5.1494684
5.0431733
5.1494684
4.928375
5.799995
5.9105415
6.016837
5.4726057
5.3620586
4.8178277
6.671615
5.799995
4.9326262
5.3663106
5.6937
4.4946904
5.9105415
5.6937
5.2557635
5.1494684
4.9326262
5.038922
5.6937
6.016837
5.689448
6.561068
6.339974
6.123132
6.8842053
6.123132
6.339974
6.012585
6.556816
7.6452785
6.7736583
7.207342
6.7736583
7.5347314
7.9684157
7.6452785
6.663111
6.4462695
6.123132
6.339974
6.123132
6.667363
6.450521
5.902038
7.317889
7.1010475
6.8799534
7.317889
7.9684157
8.512647
8.512647
8.185258
8.946331
8.2915535
8.618942
8.185258
7.5304804
8.618942
8.729489
8.4021
8.185258
8.185258
7.857869
7.096796
8.295805
7.6410265
8.295805
7.313638
6.8799534
7.6410265
7.4241843
8.512647
7.4241843
8.185258
8.295805
8.185258
7.747322
8.185258
8.835785
8.725238
8.835785
8.94208
8.2915535
7.5304804
8.729489
8.074712
8.2915535
8.074712
7.857869
8.512647
8.729489
7.5304804
6.986249
8.185258
9.052627
7.5304804
8.185258
7.203091
7.313638
8.185258
8.2915535
7.857869
9.056878
8.185258
7.857869
8.185258
9.269468
7.9641643
9.380016
8.181006
8.835785
8.614691
8.2915535
8.946331
9.380016
8.074712
9.163173
8.181006
9.8137
8.725238
8.94208
8.287301
9.269468
10.030542
8.181006
9.375764
9.703153
9.158921
8.508395
8.946331
8.725238
8.2915535
9.596858
8.94208
8.181006
8.835785
8.074712
8.618942
8.508395
7.857869
8.729489
7.857869
7.6410265
8.725238
8.2915535
9.380016
8.94208
8.725238
9.919995
9.269468
10.1410885
8.725238
8.725238
9.380016
8.508395
8.946331
8.835785
8.074712
8.185258
7.7515736
7.8621206
6.8799534
7.5347314
7.5347314
6.1188803
7.1010475
6.7736583
6.4462695
7.207342
6.4462695
7.5347314
7.5304804
7.9684157
8.729489
8.4021
8.508395
7.857869
8.835785
8.2915535
7.419933
8.729489
7.7515736
8.4021
7.7515736
7.313638
6.769407
6.8799534
7.096796
6.4462695
7.6452785
6.556816
7.2115946
7.8621206
6.556816
6.7736583
6.4462695
7.8621206
8.512647
7.6410265
8.725238
8.835785
9.596858
9.048374
9.486311
9.707404
8.2915535
8.4021
8.185258
8.185258
8.074712
7.6410265
8.185258
7.857869
7.9684157
7.6410265
7.4241843
7.9684157
7.9684157
8.295805
8.185258
7.7515736
8.185258
7.4241843
9.056878
8.185258
8.185258
8.295805
8.185258
8.4021
8.835785
8.618942
7.419933
9.056878
8.295805
8.729489
7.6410265
8.185258
7.9684157
7.313638
7.9684157
7.857869
7.7515736
7.5347314
8.512647
8.512647
7.4241843
7.9684157
7.313638
7.4241843
7.4241843
8.185258
8.623194
8.185258
7.317889
7.5347314
6.9905005
7.8621206
7.2115946
6.556816
6.2294273
7.6452785
8.078962
7.207342
6.663111
7.5347314
6.8842053
7.317889
7.1010475
6.2294273
7.1010475
6.123132
7.7515736
8.078962
7.7515736
7.5347314
7.4241843
6.769407
7.6452785
7.9684157
6.556816
7.5347314
7.207342
6.556816
6.8842053
6.2336793
6.667363
7.2115946
6.9947524
6.663111
5.578901
7.1010475
6.339974
6.339974
6.556816
5.578901
6.8842053
6.012585
6.450521
6.667363
6.339974
7.1010475
7.8621206
7.4284363
7.5347314
6.667363
6.7736583
7.7558255
6.339974
6.556816
5.578901
6.8842053
6.016837
6.667363
5.3620586
6.2336793
6.2336793
6.123132
6.8842053
6.450521
6.3442264
6.123132
6.2336793
6.556816
6.9947524
6.016837
7.6452785
6.9947524
5.578901
6.77791
5.799995
6.77791
6.3442264
6.667363
6.016837
6.667363
6.77791
6.2336793
6.556816
6.2336793
6.9947524
6.339974
5.2557635
6.2336793
5.799995
6.016837
6.016837
4.928375
6.3442264
5.689448
6.556816
6.77791
7.1052995
6.450521
5.799995
6.016837
6.77791
6.667363
5.578901
6.450521
6.667363
6.123132
6.8884573
6.1273837
5.9105415
6.3442264
4.928375
6.3442264
6.2336793
6.450521
6.2336793
5.038922
5.6937
5.4726057
4.6009855
5.583153
5.804247
5.9105415
5.4768577
5.4768577
4.9326262
5.4768577
4.4946904
5.1494684
4.8220797
5.038922
5.5874047
5.6937
5.2600155
4.2821
4.4989424
4.6094894
4.715784
4.2821
4.4989424
4.9326262
5.1494684
4.9326262
4.2778482
4.8220797
4.9326262
5.4768577
4.3883953
3.631574
3.954711
4.065258
3.848416
3.631574
4.720036
4.1758046
5.0431733
4.9326262
4.715784
5.4768577
5.4768577
5.2600155
6.8884573
6.454773
5.583153
6.1273837
6.450521
7.2115946
6.450521
6.9947524
7.3221416
6.556816
6.561068
5.689448
6.450521
5.90629
5.583153
6.3442264
5.90629
6.671615
6.450521
7.1052995
5.90629
6.2336793
7.3221416
7.4284363
6.450521
7.4284363
5.689448
7.4284363
6.77791
7.1010475
6.450521
7.3221416
6.8884573
6.9947524
6.77791
6.016837
6.1273837
7.3221416
5.799995
5.689448
6.561068
6.3442264
5.3620586
6.561068
6.561068
6.9947524
6.339974
6.123132
5.795743
6.450521
5.795743
5.799995
5.689448
6.671615
5.689448
5.689448
5.1452165
6.561068
5.2557635
6.561068
6.016837
6.8842053
6.4462695
6.2294273
6.8842053
6.7736583
6.4462695
7.8621206
7.7515736
7.7515736
8.4021
8.4021
8.840036
7.857869
7.7515736
8.512647
7.857869
7.6410265
9.056878
7.9684157
7.6410265
7.857869
8.4021
8.512647
8.295805
7.313638
8.623194
8.295805
8.512647
9.056878
7.7515736
8.512647
8.295805
7.9684157
7.857869
8.729489
8.185258
7.857869
8.4021
7.4241843
7.6452785
6.667363
6.454773
6.454773
5.0431733
6.0210886
4.3883953
6.0210886
5.9105415
4.9326262
5.1494684
5.799995
6.1273837
6.1273837
6.561068
6.77791
6.561068
6.016837
6.77791
7.7558255
6.667363
6.9947524
6.561068
4.8178277
5.6937
5.583153
5.799995
6.1273837
5.799995
5.6937
4.3883953
4.8220797
5.3663106
4.9326262
4.8220797
5.1494684
4.8220797
5.6937
5.4768577
5.038922
4.928375
5.9105415
6.016837
5.689448
6.123132
6.77791
7.3221416
6.339974
6.667363
5.689448
5.9105415
7.2115946
6.123132
6.2336793
6.8842053
7.2115946
5.795743
6.450521
6.339974
7.2115946
6.561068
5.799995
6.3442264
6.667363
6.123132
6.2336793
6.667363
5.799995
6.3442264
4.7115326
5.3663106
5.583153
6.3442264
6.2336793
5.583153
6.123132
6.671615
5.1452165
6.016837
6.561068
6.561068
6.2336793
5.689448
6.77791
5.038922
6.3442264
5.038922
5.4768577
5.799995
5.1494684
5.6937
5.3663106
4.7115326
5.3663106
4.8220797
6.454773
6.1273837
6.1273837
5.038922
6.1273837
5.799995
5.3663106
6.1273837
6.0210886
5.038922
5.9105415
6.1273837
6.016837
4.7115326
5.799995
6.671615
6.77791
6.77791
6.2336793
7.3221416
6.2294273
6.7736583
6.8842053
7.1010475
6.8799534
7.1010475
6.556816
6.667363
6.77791
5.583153
5.2557635
5.1494684
4.7115326
5.2600155
5.038922
5.4768577
5.583153
4.3883953
5.0431733
5.1494684
5.6937
6.1273837
5.799995
5.689448
5.799995
6.016837
5.90629
6.450521
6.561068
6.9947524
5.4726057
6.77791
5.6937
4.8220797
3.954711
4.826331
4.936878
2.9767957
4.171553
4.4989424
3.6273217
5.1494684
5.1494684
5.2557635
5.4726057
5.689448
5.799995
4.928375
5.4768577
6.1273837
5.583153
6.1273837
5.90629
5.1452165
5.799995
6.1273837
5.689448
6.123132
6.9947524
8.189509
7.9684157
8.4021
8.295805
8.946331
9.486311
10.030542
10.1410885
9.809448
8.725238
9.490562
8.94208
8.4021
8.946331
8.729489
8.618942
7.857869
8.512647
8.185258
7.9684157
9.163173
9.163173
8.4021
9.707404
9.163173
8.618942
8.835785
10.247384
9.919995
9.703153
10.570521
10.681068
9.809448
10.681068
10.681068
9.269468
9.596858
9.8137
8.614691
9.269468
8.8315325
8.618942
8.508395
7.9641643
7.747322
8.618942
8.508395
9.163173
8.397848
8.508395
9.596858
9.703153
10.570521
10.136837
10.570521
10.787363
9.482059
11.442142
10.570521
9.592606
9.919995
9.482059
8.94208
9.048374
9.269468
8.508395
8.397848
8.835785
8.2915535
8.946331
9.163173
8.181006
8.946331
8.725238
9.380016
9.486311
10.030542
9.8137
10.247384
10.136837
9.919995
9.703153
9.486311
9.158921
9.703153
9.265217
11.008457
11.658983
10.570521
10.787363
10.353679
10.353679
9.915743
9.482059
9.158921
10.136837
10.681068
9.915743
9.15467
10.02629
11.331594
10.893659
10.570521
11.114753
9.915743
10.787363
10.136837
9.809448
10.681068
10.243132
10.676816
10.570521
10.570521
11.004206
9.371511
10.570521
10.7916155
9.371511
10.353679
9.375764
10.030542
10.464226
10.02629
9.375764
9.048374
9.265217
9.375764
9.486311
9.703153
9.919995
8.2915535
9.269468
9.269468
8.2915535
8.508395
8.835785
9.269468
8.835785
9.596858
9.596858
8.614691
8.725238
8.2915535
9.380016
8.181006
8.618942
8.2915535
8.512647
8.4021
9.163173
9.052627
8.397848
9.380016
8.835785
7.747322
7.857869
7.203091
8.4021
8.074712
7.747322
8.94208
8.181006
9.486311
10.464226
8.8315325
9.919995
8.8315325
9.703153
10.247384
9.486311
9.052627
8.4021
8.729489
7.857869
7.857869
7.9684157
7.7515736
7.5347314
6.8799534
7.4241843
8.185258
8.185258
7.207342
6.8799534
7.207342
7.8621206
7.7515736
7.4241843
7.5347314
8.840036
7.4241843
7.6410265
7.747322
8.729489
7.636775
7.096796
8.4021
8.185258
8.623194
7.9684157
7.857869
8.623194
7.4241843
7.096796
7.096796
7.6410265
7.096796
7.207342
7.4241843
7.6410265
8.078962
8.078962
7.5347314
6.7736583
7.317889
7.4241843
7.7515736
8.729489
9.056878
8.074712
8.729489
9.27372
9.163173
8.946331
8.4021
8.512647
6.6588597
8.074712
7.747322
8.074712
7.857869
7.313638
7.7515736
7.6410265
6.4462695
8.078962
7.7515736
6.769407
7.4241843
7.4241843
9.27372
8.946331
8.946331
7.526228
8.2915535
8.508395
7.857869
8.729489
8.4021
8.185258
7.7515736
8.512647
8.729489
7.857869
8.4021
8.295805
7.6410265
7.096796
8.512647
7.9684157
7.5347314
7.6410265
7.207342
7.6410265
8.295805
7.7515736
7.6410265
7.9684157
7.6410265
8.185258
8.512647
8.512647
6.7736583
7.4284363
6.8842053
6.9947524
6.012585
6.9947524
6.8842053
7.4284363
6.8842053
6.339974
7.1010475
7.2115946
6.667363
7.538984
6.123132
6.339974
6.667363
7.3221416
6.8842053
6.450521
7.1010475
7.4284363
7.1010475
7.317889
6.339974
6.667363
6.8842053
6.667363
6.9947524
6.123132
7.4284363
6.2294273
6.8842053
6.450521
7.4284363
6.9947524
5.689448
6.3442264
6.671615
5.799995
5.9105415
6.454773
5.1452165
5.038922
6.561068
7.3221416
6.77791
6.450521
6.2336793
6.667363
5.4726057
7.1052995
6.77791
6.561068
6.667363
6.9947524
6.9947524
6.77791
7.2115946
6.123132
5.689448
4.605237
5.3663106
4.9326262
4.3883953
4.4989424
4.9326262
4.826331
4.4989424
3.737869
4.715784
5.3663106
4.605237
4.715784
4.9326262
5.1494684
3.954711
4.715784
4.928375
5.1494684
6.016837
5.90629
5.4726057
5.4726057
6.016837
5.3620586
5.038922
5.2600155
5.804247
3.954711
4.826331
4.936878
4.065258
3.954711
5.0431733
5.0431733
4.2821
4.826331
4.171553
4.6094894
3.737869
5.1494684
4.4946904
3.9504592
4.9326262
5.2600155
5.038922
5.3663106
4.605237
6.1273837
6.237931
5.1494684
5.038922
5.9105415
5.1452165
5.4768577
5.3663106
4.9326262
4.0610065
4.605237
4.3883953
5.5874047
4.171553
4.715784
5.1494684
4.3883953
4.3883953
4.9326262
6.0210886
4.3883953
5.1494684
5.583153
5.3663106
5.1494684
4.715784
5.1494684
4.9326262
4.715784
5.5874047
4.605237
4.715784
4.3883953
5.1494684
4.4946904
4.715784
5.6937
4.4989424
4.4989424
4.605237
5.3663106
5.038922
4.605237
4.9326262
4.4989424
3.737869
4.3926473
3.737869
4.2821
4.826331
4.4989424
4.3883953
5.1494684
6.1273837
5.799995
6.561068
6.2336793
5.578901
6.667363
7.538984
6.450521
6.3442264
6.450521
5.578901
6.9947524
7.3221416
6.339974
6.339974
6.77791
5.90629
6.339974
6.016837
5.689448
5.3663106
5.799995
5.9105415
5.799995
5.799995
6.016837
6.556816
6.450521
6.8842053
7.317889
6.450521
7.1010475
7.538984
7.1010475
7.1010475
7.6452785
7.5347314
8.295805
8.512647
8.295805
7.6410265
7.313638
8.406352
7.4284363
6.123132
6.123132
5.4726057
6.3442264
6.016837
6.9947524
6.2294273
6.77791
6.2294273
6.667363
7.1010475
7.9726677
6.667363
7.317889
6.7736583
6.7736583
7.207342
7.6410265
8.4021
7.857869
7.313638
8.4021
8.946331
7.857869
8.185258
8.729489
7.7515736
7.4241843
6.9905005
6.663111
7.1010475
7.9726677
6.7736583
7.1010475
7.1010475
7.317889
7.4284363
8.078962
6.663111
7.317889
7.4241843
7.6410265
7.317889
7.6410265
8.512647
8.729489
8.185258
8.185258
8.835785
9.380016
9.052627
8.4021
8.512647
7.857869
8.074712
8.185258
8.295805
8.078962
7.317889
7.7515736
6.663111
8.295805
7.5304804
8.729489
8.078962
8.512647
7.9684157
8.078962
7.9684157
7.7515736
8.185258
8.185258
7.857869
8.512647
7.636775
8.2915535
7.313638
7.857869
8.295805
7.857869
8.295805
7.9684157
7.317889
7.096796
6.9905005
7.317889
7.6410265
7.5347314
7.5347314
7.096796
7.317889
6.9905005
5.791491
6.556816
7.4284363
6.339974
6.556816
7.5347314
8.078962
7.8621206
7.9684157
7.9684157
7.5347314
6.663111
7.317889
6.7736583
6.4462695
6.77791
6.8842053
7.5347314
6.7736583
7.207342
8.078962
7.5347314
6.667363
6.667363
6.339974
6.3442264
5.4726057
5.038922
5.799995
5.4726057
6.1273837
6.2336793
6.667363
6.450521
5.578901
5.578901
6.77791
5.578901
5.689448
5.799995
5.4726057
5.583153
6.3442264
7.1010475
6.123132
5.468354
6.339974
7.317889
6.667363
6.450521
6.016837
4.928375
4.4946904
5.3663106
4.8220797
4.171553
4.605237
5.4768577
4.0610065
5.4768577
5.689448
5.583153
4.2778482
4.8220797
5.4768577
5.038922
5.583153
6.016837
7.4284363
6.123132
6.450521
7.2115946
6.123132
5.578901
6.450521
6.450521
5.689448
5.2557635
6.2336793
5.583153
5.2557635
5.3663106
5.799995
5.689448
5.583153
5.3663106
5.9105415
5.3663106
5.583153
5.6937
5.9105415
5.2557635
6.3442264
4.928375
5.1452165
6.016837
6.450521
5.468354
5.90629
6.77791
6.9947524
6.8842053
5.1452165
6.77791
6.339974
6.123132
6.450521
6.8842053
5.6851964
6.339974
6.450521
5.468354
6.2336793
6.3442264
5.4726057
5.799995
5.2557635
6.1273837
5.799995
4.4946904
6.1273837
5.90629
5.1452165
6.667363
6.9905005
6.556816
7.2115946
7.9726677
6.556816
7.2115946
6.339974
6.667363
6.2336793
6.339974
5.90629
6.339974
7.1010475
5.902038
6.7736583
6.556816
6.561068
5.689448
5.9105415
5.1494684
6.561068
6.016837
5.795743
6.8842053
5.578901
6.8842053
6.9947524
6.8842053
6.8842053
7.1010475
7.4284363
6.450521
6.8842053
6.339974
7.1010475
6.7736583
6.4462695
6.556816
7.5347314
7.4284363
6.2336793
6.667363
5.689448
6.667363
5.795743
5.4726057
6.8842053
6.4462695
7.207342
6.9905005
6.7736583
6.9905005
7.5347314
6.3357224
6.9905005
7.317889
7.6410265
7.4241843
8.946331
7.313638
7.9684157
7.5304804
7.203091
7.857869
8.185258
7.6410265
7.9684157
8.078962
8.406352
7.207342
7.207342
6.9905005
6.4462695
6.8842053
7.8621206
6.8799534
6.1188803
7.7515736
7.9684157
6.986249
7.4241843
7.8621206
6.9905005
7.6410265
7.313638
7.7515736
7.207342
8.295805
7.7515736
7.313638
7.5347314
7.4241843
7.6410265
7.8621206
7.096796
8.295805
7.636775
7.5304804
7.857869
7.313638
7.7515736
7.203091
7.313638
6.769407
7.7515736
7.7515736
7.096796
7.4241843
8.623194
7.6410265
7.313638
8.185258
8.512647
8.074712
8.618942
8.508395
7.636775
8.074712
8.618942
8.508395
8.618942
8.618942
9.163173
8.725238
8.508395
9.707404
9.8137
8.725238
9.052627
9.163173
8.618942
7.9641643
7.747322
8.946331
9.707404
8.074712
9.163173
8.618942
8.618942
8.94208
7.092544
8.512647
8.618942
8.508395
8.508395
8.835785
9.052627
9.703153
8.94208
9.269468
9.158921
8.508395
8.94208
9.269468
9.158921
9.048374
8.287301
10.574773
8.94208
9.486311
9.380016
8.181006
8.725238
8.946331
8.94208
9.269468
9.269468
9.8137
9.269468
8.614691
9.269468
9.707404
9.269468
9.486311
8.8315325
9.919995
8.504144
9.703153
8.8315325
7.9599123
8.508395
8.835785
7.9641643
8.729489
8.185258
9.052627
9.380016
8.835785
8.725238
8.618942
9.056878
8.074712
8.397848
8.2915535
9.052627
8.725238
7.853617
9.596858
9.919995
8.725238
8.504144
8.937827
8.287301
8.835785
9.163173
7.9641643
8.512647
8.2915535
7.5304804
8.618942
7.419933
8.074712
8.835785
7.857869
7.5304804
7.5304804
7.857869
8.618942
8.835785
7.9641643
8.946331
8.94208
9.269468
9.486311
9.486311
8.8315325
9.158921
8.835785
8.725238
9.486311
7.419933
8.074712
8.946331
7.096796
7.857869
8.185258
7.6410265
7.313638
7.313638
8.185258
8.185258
7.6410265
9.27372
7.857869
9.269468
8.835785
8.618942
8.2915535
8.181006
8.508395
9.269468
9.269468
7.5304804
8.074712
8.512647
6.875702
8.729489
8.508395
8.508395
8.185258
8.074712
8.4021
7.6410265
7.7515736
7.857869
8.512647
8.946331
8.185258
8.074712
7.5304804
8.185258
8.729489
7.857869
7.313638
7.9684157
7.6410265
7.7515736
7.6410265
7.7515736
6.8799534
6.9905005
7.5347314
6.9905005
6.556816
6.9905005
5.902038
6.2294273
6.1188803
6.7736583
7.5347314
6.663111
6.9905005
6.4462695
6.2294273
7.207342
6.7736583
6.556816
7.317889
6.8799534
6.7736583
6.663111
6.556816
6.8842053
6.339974
6.556816
5.6851964
5.799995
6.556816
6.2336793
7.1052995
5.3620586
5.90629
6.339974
6.450521
6.556816
6.9947524
7.6452785
6.556816
7.317889
7.4284363
5.3620586
6.667363
5.90629
6.667363
5.795743
6.339974
5.90629
6.3442264
6.2336793
6.2336793
6.123132
5.90629
5.90629
5.3620586
6.016837
6.450521
6.2336793
6.9947524
6.450521
6.556816
6.667363
7.4284363
5.6851964
6.77791
5.468354
5.3620586
6.339974
6.016837
5.4726057
4.928375
6.2336793
6.016837
5.578901
4.928375
6.561068
6.339974
6.2336793
5.4726057
6.671615
6.1273837
5.689448
6.3442264
6.2336793
6.77791
5.0346694
5.4726057
5.2557635
5.583153
5.9105415
5.3663106
4.605237
3.9504592
5.1494684
5.583153
4.2778482
5.4768577
4.4946904
4.8220797
4.7115326
5.1494684
4.3883953
4.4946904
5.799995
5.799995
5.799995
6.016837
6.561068
5.583153
5.4726057
6.016837
4.7115326
5.1494684
4.7115326
6.1273837
5.038922
5.038922
5.1494684
4.167301
4.2778482
5.3663106
4.9326262
5.583153
5.2557635
5.1452165
5.4726057
6.016837
5.2557635
5.90629
6.123132
5.90629
6.2336793
5.795743
6.2336793
6.561068
5.90629
6.016837
5.4726057
5.583153
4.7115326
5.3663106
5.799995
5.799995
4.4946904
5.1494684
5.804247
4.3883953
5.583153
6.3442264
6.016837
5.038922
6.450521
6.8842053
6.123132
6.556816
6.2294273
6.561068
6.77791
5.90629
6.450521
6.556816
7.4284363
6.012585
5.689448
6.123132
5.90629
6.3442264
5.4726057
5.583153
5.799995
4.3841434
5.3663106
6.454773
5.3663106
5.038922
5.4768577
5.4768577
4.8220797
4.9326262
4.715784
4.605237
5.1494684
5.4768577
5.038922
5.038922
5.2557635
5.2557635
6.671615
6.016837
6.2336793
6.556816
5.90629
5.90629
6.8842053
5.578901
5.689448
6.561068
5.689448
4.3883953
5.1494684
4.9326262
3.5210268
5.0431733
5.1537204
4.171553
3.737869
3.6273217
3.299933
4.2821
5.4768577
4.0610065
4.715784
5.9105415
4.4946904
5.583153
5.583153
6.3442264
6.2336793
5.578901
6.9947524
6.016837
5.578901
6.9947524
5.90629
5.0346694
5.90629
5.90629
5.1452165
5.9105415
6.1273837
5.90629
5.2557635
5.3663106
5.583153
5.6937
4.7115326
5.3663106
6.3442264
5.1452165
6.1273837
6.016837
6.561068
5.689448
5.90629
6.450521
6.8842053
6.77791
7.4284363
6.556816
6.339974
7.6452785
6.9905005
6.556816
7.317889
7.1010475
6.123132
7.4284363
6.012585
5.902038
7.2115946
7.4284363
7.6452785
6.667363
7.1010475
6.8842053
6.9905005
6.9905005
7.7515736
6.7736583
7.2115946
7.2115946
6.667363
6.2294273
6.7736583
7.6452785
7.1010475
7.317889
7.317889
6.2294273
7.207342
7.207342
6.8799534
8.078962
8.406352
7.6410265
7.5347314
7.317889
8.623194
7.8621206
7.4241843
7.207342
7.207342
7.1010475
6.7736583
7.317889
6.7736583
6.7736583
7.1010475
6.339974
7.1010475
6.2294273
6.339974
7.2115946
6.8842053
7.317889
6.9905005
6.5525646
6.986249
7.5347314
7.9684157
6.3357224
6.7736583
7.317889
6.7736583
7.8621206
6.663111
8.078962
6.4462695
6.012585
7.4284363
6.556816
6.663111
6.556816
7.317889
7.1010475
6.7736583
8.078962
6.556816
6.556816
6.8842053
6.7736583
7.317889
7.1010475
7.8621206
6.7736583
6.663111
8.078962
7.096796
7.4241843
8.078962
7.096796
7.207342
7.9684157
8.623194
7.5304804
8.512647
8.512647
7.313638
7.207342
8.512647
7.096796
7.4241843
7.7515736
8.189509
6.7736583
6.667363
6.667363
5.578901
5.3620586
7.7558255
7.6452785
7.317889
7.9684157
8.078962
8.295805
7.6410265
7.6410265
8.729489
8.074712
8.508395
8.835785
8.2915535
7.747322
7.747322
7.5304804
7.6410265
6.769407
5.24726
7.2115946
6.123132
5.795743
6.9947524
7.3221416
6.8842053
5.468354
6.561068
7.6452785
6.663111
7.6452785
8.189509
8.185258
7.9684157
8.185258
8.946331
8.618942
8.618942
7.203091
7.5304804
7.6410265
7.7515736
7.857869
6.8799534
8.295805
6.663111
4.9198713
7.4284363
6.339974
5.6851964
5.689448
6.450521
5.1452165
6.3442264
6.016837
4.3841434
5.90629
6.667363
6.012585
7.9726677
7.317889
7.6410265
7.5347314
7.096796
7.7515736
7.4241843
8.295805
8.512647
7.7515736
8.512647
8.512647
8.295805
7.207342
6.9905005
5.902038
7.317889
6.123132
5.90629
5.90629
5.1452165
5.689448
5.689448
6.450521
6.77791
6.556816
6.016837
6.2294273
5.902038
6.2294273
7.1010475
7.317889
6.4462695
7.207342
7.4241843
7.317889
7.9684157
7.6410265
6.9905005
7.8621206
7.317889
7.2115946
6.012585
6.012585
5.795743
7.4284363
6.1188803
7.207342
7.207342
7.7515736
7.4241843
7.4241843
7.6410265
7.8621206
7.1010475
6.7736583
7.317889
7.7515736
6.7736583
8.078962
7.7515736
6.4462695
6.667363
5.795743
5.3620586
6.016837
6.3442264
4.3841434
5.799995
6.3442264
5.583153
6.2336793
7.1052995
5.902038
7.2115946
6.7736583
5.6851964
7.1010475
6.8842053
7.1010475
6.2294273
5.795743
6.667363
6.663111
7.4284363
6.7736583
5.795743
7.6452785
6.667363
5.90629
6.2336793
5.689448
5.799995
5.4726057
5.9105415
5.038922
5.4726057
6.8884573
5.689448
6.339974
6.016837
6.2336793
5.4726057
6.2336793
5.689448
7.2115946
6.450521
7.3221416
6.1273837
5.0346694
5.2557635
6.450521
6.561068
5.4726057
6.3442264
5.578901
5.3663106
5.038922
6.561068
5.689448
5.4726057
5.1452165
6.3442264
6.3442264
6.561068
4.6009855
5.583153
6.016837
5.4726057
5.689448
4.928375
5.2557635
4.7115326
4.7115326
5.4726057
3.62307
5.799995
4.9326262
5.2557635
4.4946904
5.3663106
4.928375
4.928375
6.016837
4.928375
5.799995
5.4726057
5.583153
5.3663106
5.038922
4.2778482
4.2778482
4.8220797
4.167301
5.3663106
4.4946904
5.1494684
4.2778482
4.9326262
3.9504592
4.171553
4.2778482
4.3883953
5.0431733
4.3883953
4.4989424
5.583153
4.7115326
4.167301
5.1452165
5.799995
5.2557635
4.4946904
5.689448
5.4726057
5.799995
4.167301
4.8220797
5.1494684
4.3883953
4.2778482
4.605237
5.038922
4.171553
4.3883953
4.3883953
3.9504592
4.3883953
4.2778482
3.6273217
4.3883953
4.171553
5.6937
5.583153
5.2557635
4.7115326
5.2600155
5.038922
4.605237
5.1494684
4.8220797
3.844164
3.737869
4.171553
3.3041847
3.848416
2.9767957
3.9589627
2.2157223
4.503194
3.737869
3.6273217
5.0431733
4.2821
3.299933
4.4989424
4.0610065
4.715784
4.3883953
4.605237
5.0431733
4.8220797
4.826331
3.737869
4.065258
4.3883953
4.0610065
4.4946904
3.9504592
4.8220797
4.4946904
4.9326262
5.2600155
3.7336173
3.1936376
3.954711
4.171553
4.9326262
4.605237
5.3663106
5.4726057
4.8220797
5.583153
5.2557635
5.1452165
5.583153
5.583153
5.799995
5.3663106
5.2557635
5.583153
6.016837
5.4726057
5.689448
6.2336793
6.77791
5.689448
4.8178277
6.016837
5.3620586
4.490439
5.1494684
6.016837
5.251512
6.2336793
6.3442264
5.3620586
5.038922
4.9326262
4.8220797
4.0610065
4.605237
5.4726057
5.689448
5.90629
6.77791
5.468354
5.140965
5.468354
6.339974
6.123132
6.556816
5.357807
7.5347314
6.663111
6.3357224
6.7736583
7.4241843
5.902038
6.667363
6.339974
4.924123
5.90629
6.339974
6.667363
6.667363
5.0346694
5.689448
6.123132
6.123132
6.9947524
7.2115946
6.4462695
6.667363
7.5347314
6.8799534
7.5347314
7.317889
7.7515736
6.9905005
7.5347314
7.857869
7.096796
7.7515736
8.074712
7.5304804
6.3357224
7.9684157
7.096796
6.1188803
7.6452785
6.8799534
6.3357224
7.317889
7.9684157
6.2251754
6.5525646
7.6410265
6.5525646
7.096796
7.9684157
7.313638
7.9684157
7.7515736
8.185258
8.185258
8.512647
8.4021
7.857869
8.185258
9.052627
7.853617
8.181006
7.9641643
7.313638
7.203091
7.313638
8.185258
7.6410265
7.857869
8.729489
7.6410265
8.295805
8.185258
7.857869
8.4021
7.6410265
7.203091
7.9684157
7.9684157
7.313638
8.185258
7.857869
7.5304804
8.4021
8.074712
8.94208
8.4021
9.269468
8.94208
8.4021
8.508395
8.185258
8.185258
8.946331
8.618942
6.986249
8.4021
6.8799534
7.207342
7.7515736
6.4462695
7.7515736
7.4241843
6.7736583
7.317889
7.317889
7.4241843
8.840036
8.512647
8.4021
8.078962
7.6410265
8.295805
8.2915535
8.2915535
8.181006
8.94208
8.725238
8.074712
8.074712
7.9684157
7.096796
6.012585
5.795743
5.799995
5.038922
5.1494684
5.038922
5.6937
5.583153
5.9105415
6.450521
6.556816
7.1010475
8.295805
7.6410265
7.7515736
6.9905005
8.406352
6.663111
6.4462695
6.667363
7.1010475
5.90629
6.339974
6.667363
6.016837
6.123132
4.167301
5.4768577
3.844164
3.1936376
4.6094894
3.4104798
2.8662488
4.2821
4.4946904
3.6273217
3.7336173
5.3663106
6.1273837
4.6009855
5.3663106
5.799995
5.038922
6.3442264
6.016837
6.016837
5.578901
5.799995
6.450521
5.1452165
5.038922
5.3663106
5.3663106
4.171553
4.9326262
4.9326262
4.0610065
5.038922
6.3442264
5.799995
5.689448
5.583153
5.3620586
5.3620586
5.90629
5.2557635
4.9326262
5.2557635
5.2600155
5.3663106
5.583153
6.0210886
5.583153
4.8220797
5.583153
6.1273837
6.2336793
6.2336793
5.3620586
6.016837
6.1273837
5.583153
5.1494684
5.9105415
6.1273837
6.016837
5.2600155
5.038922
4.9326262
5.583153
5.2600155
4.715784
3.6273217
4.2821
5.2600155
4.2821
4.171553
4.9326262
4.605237
4.715784
5.6937
4.605237
4.9326262
5.4768577
5.1494684
4.167301
5.3663106
5.3663106
6.1273837
5.583153
6.3442264
6.450521
5.799995
6.2336793
5.1452165
5.799995
5.799995
5.3620586
5.9105415
6.2336793
5.0346694
6.016837
5.799995
6.339974
5.90629
6.561068
6.561068
6.77791
6.339974
6.77791
6.77791
5.689448
6.561068
6.2336793
6.9947524
6.450521
6.339974
7.3221416
7.1052995
6.123132
6.77791
7.2115946
6.2336793
6.016837
6.667363
5.4726057
6.77791
6.9947524
5.799995
6.556816
7.4284363
7.5347314
6.9905005
8.189509
7.5347314
7.8621206
8.623194
7.4241843
8.406352
8.295805
7.1010475
7.4284363
6.9905005
6.9905005
6.9905005
7.5347314
6.7736583
7.538984
6.2294273
8.295805
7.317889
8.078962
7.7515736
8.295805
8.295805
7.7515736
8.4021
8.295805
8.295805
7.9684157
8.4021
8.185258
8.185258
9.27372
8.618942
8.295805
8.4021
8.4021
7.747322
8.185258
8.835785
8.729489
8.512647
8.512647
7.747322
8.729489
8.618942
9.163173
9.8137
9.052627
9.052627
10.68532
9.592606
9.707404
8.8315325
9.380016
9.163173
8.2915535
9.380016
9.163173
8.618942
8.074712
9.163173
9.486311
9.052627
9.486311
9.919995
10.353679
10.574773
9.919995
10.247384
9.703153
9.703153
9.269468
8.94208
10.1410885
8.835785
9.269468
9.052627
8.508395
9.27372
9.269468
8.729489
9.490562
9.269468
8.618942
8.835785
9.163173
9.163173
9.269468
8.618942
8.835785
8.835785
9.596858
9.919995
10.247384
10.89791
10.464226
10.681068
9.592606
8.94208
8.725238
9.924246
9.380016
9.163173
8.946331
9.163173
9.269468
8.618942
8.946331
9.163173
8.4021
9.380016
9.380016
8.946331
8.2915535
9.380016
9.703153
9.596858
9.596858
9.703153
9.158921
9.490562
8.725238
9.596858
9.8137
9.163173
8.512647
9.27372
7.857869
8.295805
7.857869
9.056878
8.074712
8.4021
8.4021
8.512647
8.185258
7.857869
8.512647
7.9684157
8.512647
8.512647
7.6410265
8.512647
7.857869
8.295805
7.857869
8.623194
7.9684157
7.096796
8.512647
8.078962
7.1010475
8.078962
7.4284363
7.5347314
7.5347314
7.207342
8.406352
7.207342
8.078962
6.8842053
7.8621206
6.339974
7.9726677
6.8842053
7.4284363
7.3221416
6.7736583
7.6452785
6.7736583
7.1010475
7.9726677
6.123132
6.2336793
6.450521
5.799995
6.016837
6.77791
6.016837
4.928375
6.1273837
5.3620586
5.038922
5.583153
5.4726057
5.583153
6.1273837
5.4726057
6.016837
5.3620586
5.3663106
6.454773
4.928375
5.4726057
6.561068
5.4726057
6.667363
6.667363
5.689448
5.799995
6.1273837
4.7115326
5.6937
5.4726057
5.799995
6.561068
6.561068
5.1452165
6.671615
5.1494684
5.3663106
4.605237
4.4989424
4.4989424
5.4768577
4.715784
5.0431733
4.715784
4.715784
4.715784
5.6937
4.3883953
4.8220797
4.9326262
5.1494684
3.954711
4.6094894
4.1758046
3.5210268
4.4989424
4.826331
5.4768577
5.038922
4.8220797
4.3883953
6.237931
5.9105415
5.583153
5.4768577
4.9326262
5.3663106
5.583153
5.1494684
5.4726057
5.4726057
4.928375
5.1494684
5.6937
4.605237
4.9326262
5.0431733
4.3883953
5.6937
5.6937
5.1494684
5.4768577
5.583153
4.4946904
6.1273837
5.583153
6.3442264
5.4726057
6.77791
6.77791
5.90629
6.671615
6.3442264
5.689448
6.016837
6.2336793
5.689448
6.450521
5.799995
6.561068
4.7115326
5.799995
5.2557635
5.2557635
5.9105415
4.9326262
4.715784
4.9326262
6.237931
5.038922
5.583153
6.450521
5.578901
6.9947524
6.7736583
6.123132
7.4284363
6.7736583
6.4462695
7.317889
6.8842053
6.556816
6.339974
6.123132
5.90629
6.667363
6.016837
6.016837
6.77791
6.3442264
6.3442264
6.77791
6.450521
6.339974
8.406352
8.078962
7.8621206
6.8799534
7.5347314
7.7515736
7.207342
7.7515736
7.7515736
6.9905005
7.1010475
7.5347314
7.5347314
6.667363
7.317889
6.7736583
7.4284363
7.4284363
6.123132
6.556816
6.8842053
6.5525646
7.317889
7.7515736
6.3357224
8.185258
7.5304804
7.313638
8.4021
7.6410265
7.096796
8.4021
8.618942
8.295805
9.27372
8.074712
8.185258
7.7515736
7.7515736
6.8799534
7.4241843
7.207342
6.9905005
6.556816
6.556816
6.556816
7.6452785
6.8842053
7.317889
7.5347314
7.4241843
7.5347314
7.6410265
8.185258
7.4241843
8.074712
7.9684157
7.6410265
7.9684157
8.840036
7.7515736
7.7515736
7.6410265
6.7736583
7.7515736
7.9684157
7.4241843
7.5347314
7.5347314
7.6452785
7.5347314
6.9905005
7.317889
6.2294273
6.7736583
6.9905005
7.9684157
7.6410265
7.6410265
7.313638
8.512647
8.295805
6.7736583
7.4284363
7.6452785
6.450521
6.450521
6.667363
7.1010475
6.556816
7.2115946
7.5347314
6.012585
6.667363
7.1010475
5.4726057
5.3663106
5.3663106
5.1494684
5.804247
5.3663106
5.583153
5.799995
5.3620586
6.671615
6.561068
5.90629
6.561068
6.667363
5.90629
6.561068
6.667363
6.339974
5.795743
6.012585
6.8842053
7.1010475
6.556816
6.663111
6.3357224
6.008333
7.7515736
6.8799534
5.6851964
6.2336793
6.2336793
6.556816
6.012585
5.578901
5.3620586
4.8178277
5.3620586
5.90629
5.574649
7.1010475
7.207342
7.207342
6.1188803
7.7515736
6.663111
7.207342
7.6410265
7.207342
6.769407
8.295805
7.6410265
7.5304804
7.6410265
6.9905005
6.8842053
6.012585
5.689448
6.339974
6.8842053
6.2294273
6.2294273
6.2294273
6.339974
7.317889
6.123132
6.9947524
7.4284363
6.667363
6.2294273
7.6452785
7.8621206
6.8842053
7.317889
6.667363
5.251512
5.689448
6.339974
6.9905005
6.667363
6.667363
4.928375
5.038922
5.6937
3.9504592
5.3663106
4.8220797
5.038922
5.583153
5.1452165
3.9504592
5.583153
4.4946904
5.9105415
4.605237
4.9326262
4.171553
4.065258
4.065258
3.6273217
4.065258
4.720036
3.7421207
3.5210268
4.065258
5.4768577
4.0610065
4.9326262
4.2778482
5.4726057
5.4726057
5.689448
6.561068
6.3442264
4.928375
5.4726057
5.689448
5.583153
4.9326262
5.0431733
5.2600155
3.6273217
3.0830908
3.844164
4.2821
3.954711
3.954711
4.4989424
2.8662488
3.631574
3.954711
3.5167751
6.1273837
5.689448
5.251512
6.667363
6.7736583
5.140965
6.012585
7.207342
6.7736583
7.1010475
6.667363
6.2294273
6.339974
5.578901
5.251512
6.016837
5.90629
5.578901
6.123132
6.77791
5.902038
5.251512
6.450521
5.3620586
6.77791
7.1010475
5.902038
6.8842053
5.791491
5.902038
5.791491
6.012585
6.556816
6.8842053
6.9905005
6.556816
7.317889
6.556816
7.207342
6.008333
8.512647
7.313638
7.4241843
7.207342
7.317889
7.317889
6.339974
6.4462695
7.317889
7.1010475
6.2294273
5.251512
5.689448
5.583153
4.3883953
5.4726057
5.2557635
4.928375
5.4726057
6.016837
5.578901
6.012585
5.3620586
5.3620586
4.490439
5.689448
5.689448
4.928375
5.3620586
5.4768577
4.928375
4.7115326
5.689448
4.7115326
6.123132
4.2735963
5.1452165
4.8178277
5.3620586
4.928375
5.4768577
4.605237
4.7115326
4.6009855
5.2557635
5.90629
5.251512
5.799995
5.1452165
4.3841434
4.7115326
4.2778482
4.3883953
4.2778482
4.9326262
4.8220797
5.1494684
4.7115326
5.038922
4.8220797
4.056754
5.3663106
4.7115326
4.7072806
5.689448
5.578901
6.123132
6.339974
6.123132
6.450521
6.012585
6.2294273
6.7736583
5.140965
6.561068
5.689448
4.7072806
5.583153
5.3663106
3.62307
6.016837
5.689448
6.2294273
6.3357224
6.9905005
7.4241843
6.769407
7.6410265
7.9641643
8.4021
8.508395
8.181006
8.185258
6.986249
5.464102
6.012585
5.251512
4.7115326
3.9504592
4.0610065
4.605237
4.8220797
5.795743
5.795743
7.1010475
6.4462695
6.8799534
8.512647
7.5304804
8.508395
6.6588597
7.857869
7.6410265
7.313638
7.5304804
7.203091
6.4420176
5.8977866
6.5525646
7.096796
8.185258
7.747322
6.769407
7.4241843
6.663111
5.574649
4.924123
6.123132
5.468354
5.90629
5.90629
5.3620586
4.924123
4.8135757
7.1010475
6.2294273
5.574649
6.663111
6.8799534
6.2251754
6.986249
7.207342
6.6588597
6.769407
6.769407
6.769407
6.8799534
6.339974
6.667363
5.689448
4.6009855
4.3841434
5.1452165
4.8178277
4.8178277
4.7072806
6.123132
5.795743
5.902038
6.012585
5.795743
5.1452165
6.450521
5.795743
6.8842053
6.9905005
6.556816
6.4462695
6.3357224
6.008333
6.663111
5.6851964
6.012585
5.3620586
5.251512
6.450521
6.123132
5.1452165
4.928375
6.3442264
5.357807
5.578901
5.795743
5.251512
5.468354
5.578901
4.8178277
4.7115326
3.8399122
4.8220797
4.0610065
4.7115326
5.689448
5.038922
4.6009855
5.799995
4.3841434
3.5125234
4.2735963
5.90629
5.578901
5.1452165
6.123132
6.012585
4.924123
5.140965
5.140965
6.667363
5.90629
5.468354
4.924123
6.339974
5.3620586
5.578901
5.4726057
4.7115326
5.3663106
5.4768577
4.7115326
4.3883953
4.167301
4.2735963
5.1452165
5.0346694
5.578901
5.795743
5.140965
6.123132
6.123132
5.140965
5.795743
6.556816
5.468354
7.4284363
7.207342
6.2251754
7.7515736
6.769407
6.4420176
7.4241843
7.747322
6.769407
7.096796
7.857869
6.769407
7.313638
7.6410265
7.6410265
7.4241843
7.313638
6.986249
6.8799534
6.1188803
7.1010475
7.4241843
6.1188803
6.769407
7.313638
6.114629
8.074712
7.203091
7.203091
7.5304804
7.9641643
6.986249
8.618942
7.5304804
7.313638
8.074712
6.986249
6.2251754
6.769407
6.986249
7.6410265
6.986249
7.7515736
7.5304804
7.096796
7.7515736
5.791491
6.012585
6.012585
6.2294273
6.008333
7.4241843
6.5525646
6.8799534
6.9905005
6.4420176
5.902038
6.8842053
7.1010475
5.6851964
7.1010475
6.769407
6.114629
8.4021
7.096796
8.074712
8.185258
6.986249
7.5304804
7.5304804
6.986249
7.096796
6.769407
7.313638
7.313638
8.074712
7.092544
6.986249
7.6410265
7.203091
6.769407
7.4241843
6.8799534
7.096796
7.313638
7.6410265
7.9684157
7.309386
7.9641643
8.070459
7.309386
8.508395
7.853617
7.5304804
7.203091
6.875702
7.096796
7.5304804
7.203091
8.181006
8.835785
7.747322
8.2915535
8.4021
7.636775
7.313638
8.2915535
7.5304804
6.769407
7.9684157
8.074712
8.397848
8.614691
8.618942
8.504144
7.526228
8.2915535
7.9641643
8.074712
8.185258
7.9684157
7.313638
7.857869
7.203091
8.94208
7.9641643
9.596858
8.94208
8.725238
9.052627
7.9641643
8.835785
9.380016
7.9641643
7.9641643
8.397848
8.725238
8.725238
9.269468
9.265217
8.287301
8.937827
8.504144
8.504144
9.158921
8.937827
8.94208
10.136837
9.15467
9.592606
10.570521
9.260964
9.15467
10.132585
9.482059
8.393597
9.482059
10.02629
9.592606
9.15467
9.703153
9.048374
9.048374
8.8315325
8.610438
9.592606
9.809448
8.176754
9.265217
9.592606
8.937827
9.048374
9.592606
9.15467
8.720985
9.048374
8.393597
9.482059
10.570521
9.588354
9.588354
10.243132
10.349427
10.676816
9.15467
10.787363
9.698901
10.353679
10.243132
10.02629
9.371511
10.787363
10.787363
9.584103
10.132585
10.676816
11.437889
10.676816
10.243132
11.004206
10.243132
9.698901
10.247384
10.02629
8.176754
10.681068
9.265217
9.592606
10.02629
9.265217
8.94208
9.371511
10.243132
10.353679
10.349427
10.676816
10.570521
10.893659
10.676816
10.783112
9.911491
10.349427
11.004206
9.805196
9.919995
8.716734
8.610438
9.809448
9.809448
9.265217
9.375764
10.136837
9.048374
9.8137
9.375764
8.070459
8.835785
8.397848
8.94208
10.247384
9.048374
9.265217
10.247384
10.89791
9.588354
10.570521
10.570521
9.158921
9.486311
9.703153
8.070459
8.725238
8.725238
7.636775
7.857869
6.986249
7.207342
7.5347314
7.7515736
8.512647
7.313638
7.857869
7.9684157
7.6410265
7.309386
8.185258
8.2915535
8.397848
8.2915535
7.9641643
8.397848
8.4021
9.163173
8.070459
8.725238
9.158921
8.94208
8.8315325
9.265217
9.269468
8.287301
7.9641643
7.9684157
7.096796
7.7515736
7.4241843
7.6410265
7.096796
7.7515736
8.185258
7.4241843
7.6410265
7.7515736
7.6410265
7.6410265
8.512647
8.512647
7.857869
8.835785
9.924246
8.074712
9.596858
8.185258
8.946331
8.512647
7.9684157
8.4021
7.207342
8.078962
6.4462695
6.2294273
6.8842053
6.7736583
5.795743
8.083215
5.90629
6.016837
6.9947524
6.2336793
6.123132
6.77791
5.795743
6.556816
7.6452785
7.207342
6.2294273
8.406352
6.556816
7.6452785
7.317889
6.556816
7.1010475
6.7736583
7.2115946
6.4462695
6.012585
6.8842053
7.4284363
6.123132
6.2336793
6.123132
5.578901
6.8884573
6.3442264
6.016837
6.016837
5.689448
5.3620586
6.561068
6.561068
5.689448
6.77791
7.1052995
5.583153
6.3442264
6.2336793
5.90629
7.1052995
6.9947524
6.2336793
6.9947524
6.663111
6.9947524
6.8842053
7.2115946
7.1010475
7.4284363
7.317889
7.5347314
7.6452785
7.5347314
7.317889
8.295805
7.317889
7.7515736
7.9684157
7.8621206
6.556816
7.5347314
8.512647
7.1010475
7.317889
7.7558255
7.317889
7.317889
7.8621206
7.4241843
7.317889
7.7515736
7.5347314
7.8621206
7.4284363
6.9905005
7.1010475
7.6452785
7.317889
7.7515736
8.623194
8.185258
8.185258
8.512647
8.185258
7.4241843
8.295805
8.729489
8.729489
7.7515736
7.207342
7.7515736
7.9726677
7.8621206
7.5347314
7.4241843
8.078962
8.512647
7.4241843
7.9684157
8.623194
8.623194
8.623194
7.857869
8.618942
7.857869
8.295805
8.840036
8.185258
7.9684157
7.9684157
9.163173
9.163173
8.729489
8.729489
8.618942
7.7515736
8.295805
8.295805
8.295805
7.9684157
7.4241843
8.512647
8.295805
7.4241843
7.5347314
8.078962
7.4241843
7.1010475
7.1010475
7.8621206
7.7515736
7.207342
7.7515736
8.295805
8.185258
8.729489
8.295805
8.946331
8.4021
8.4021
7.9684157
9.27372
8.729489
8.512647
8.729489
8.185258
7.7515736
8.295805
8.185258
7.9684157
7.1010475
7.5347314
7.317889
6.4462695
7.5347314
7.7558255
7.6452785
7.8621206
7.317889
7.317889
8.300056
7.317889
6.8842053
7.317889
7.9726677
6.339974
6.8842053
6.8842053
6.9947524
6.450521
6.9947524
6.9947524
6.556816
7.207342
7.8621206
7.9684157
7.6452785
7.207342
7.8621206
7.8621206
7.207342
7.4241843
7.5347314
7.6452785
8.512647
7.9684157
7.9684157
8.623194
6.556816
6.7736583
7.7558255
6.123132
7.1052995
6.8842053
5.90629
6.2336793
6.2336793
5.689448
7.1052995
6.1273837
5.90629
5.9105415
6.450521
6.77791
6.339974
5.6851964
6.667363
7.538984
6.123132
6.123132
6.2336793
6.016837
7.3221416
6.667363
6.561068
5.689448
6.2336793
5.4726057
4.8220797
5.1494684
5.583153
5.038922
5.3663106
5.9105415
6.237931
4.8220797
5.9105415
5.4726057
5.2557635
5.799995
6.3442264
6.2336793
5.689448
6.2336793
5.038922
5.3663106
5.799995
6.237931
6.016837
5.1452165
5.1452165
6.3442264
4.167301
5.038922
5.4726057
5.583153
5.795743
5.4726057
6.561068
5.689448
5.2557635
5.90629
6.123132
6.450521
6.561068
5.3620586
5.3663106
6.77791
5.3620586
6.2336793
6.2336793
5.689448
5.3620586
6.016837
6.016837
5.251512
6.339974
6.667363
6.556816
6.123132
6.9905005
6.663111
6.7736583
6.2294273
7.317889
7.7515736
8.295805
7.9684157
8.623194
7.6410265
7.4241843
6.663111
6.3357224
6.7736583
7.1010475
6.9905005
6.1188803
6.123132
6.556816
5.578901
5.795743
6.667363
7.4284363
7.317889
6.339974
6.7736583
7.5347314
6.663111
6.663111
7.7515736
7.9684157
7.5347314
7.7515736
7.5347314
6.8799534
8.512647
7.7515736
7.096796
7.7515736
7.313638
8.295805
7.6410265
6.2251754
6.3357224
7.207342
6.8799534
6.7736583
6.556816
7.8621206
7.4241843
6.7736583
7.317889
7.7515736
7.313638
8.185258
8.295805
7.5304804
7.203091
7.857869
7.313638
8.074712
7.5304804
8.4021
8.4021
7.9641643
8.074712
8.835785
7.5304804
7.9641643
7.5304804
8.4021
7.9684157
7.096796
7.7515736
8.512647
7.313638
8.185258
7.419933
7.9684157
7.857869
6.986249
8.4021
8.185258
7.096796
7.6410265
7.747322
7.5304804
7.6410265
8.2915535
8.946331
8.185258
6.4420176
8.4021
8.2915535
8.181006
8.074712
8.074712
7.6410265
8.185258
7.857869
8.729489
8.074712
8.618942
8.4021
8.074712
6.5483127
8.185258
7.313638
6.8799534
8.295805
7.6410265
6.008333
7.096796
7.857869
6.4420176
7.313638
7.207342
7.9684157
7.7515736
6.986249
8.2915535
7.9641643
8.185258
7.203091
6.875702
8.2915535
9.052627
9.052627
9.924246
7.747322
7.092544
8.4021
7.747322
7.203091
7.9641643
7.309386
7.419933
7.636775
6.5483127
8.618942
8.835785
7.636775
7.5304804
6.875702
8.4021
7.5304804
7.747322
7.092544
8.074712
8.512647
7.313638
7.747322
7.857869
7.9684157
7.857869
7.203091
6.986249
6.769407
7.313638
7.5304804
7.096796
6.8799534
7.9684157
6.8799534
7.203091
8.074712
7.5304804
7.203091
7.207342
7.6410265
8.074712
7.096796
6.986249
6.986249
8.512647
7.9684157
7.4241843
6.114629
7.6410265
7.4241843
6.3357224
6.9905005
6.7736583
6.9905005
5.578901
5.0346694
6.123132
6.556816
5.140965
5.795743
6.9905005
6.9905005
6.4462695
6.4462695
5.6851964
5.468354
6.8842053
5.6851964
6.012585
5.795743
6.667363
5.578901
4.8178277
5.251512
4.928375
5.90629
3.9462075
5.799995
4.4946904
5.3663106
4.4946904
4.8220797
4.2778482
4.7115326
4.0610065
4.3883953
3.9504592
4.0610065
4.167301
4.4946904
6.016837
5.2557635
4.3841434
4.167301
5.4726057
4.7115326
4.8220797
6.016837
5.2557635
4.6009855
4.8178277
5.4726057
4.7115326
4.7115326
4.7115326
4.605237
4.2778482
4.3841434
4.605237
4.2778482
3.7336173
4.0610065
5.038922
4.4946904
3.62307
4.4946904
4.056754
4.605237
4.7115326
4.3841434
5.583153
4.7115326
5.2557635
4.1630497
4.056754
5.689448
3.9462075
5.251512
5.0346694
6.123132
4.490439
5.2557635
4.7115326
5.2557635
4.928375
4.7115326
3.9504592
4.7115326
3.7336173
4.4946904
4.3841434
3.9504592
4.4946904
4.7115326
4.3841434
5.1494684
5.2557635
3.8399122
4.2778482
3.5167751
3.189386
3.406228
3.62307
4.0610065
4.605237
4.0610065
4.0610065
3.6273217
2.972544
4.715784
3.6273217
4.3883953
5.1494684
4.2778482
3.189386
4.171553
4.2778482
4.2778482
4.167301
4.7115326
5.1452165
4.4946904
4.928375
5.583153
4.7115326
5.038922
4.167301
4.167301
3.299933
3.1936376
3.1936376
2.3220174
3.3041847
2.9767957
3.0873425
3.3041847
2.1051755
3.737869
2.8662488
3.5210268
3.1936376
3.4104798
3.0830908
2.861997
4.605237
4.4946904
3.189386
3.954711
3.5167751
2.972544
3.737869
2.9767957
2.6494067
3.0873425
2.8705006
3.631574
2.8705006
2.6494067
3.0873425
2.7599535
1.8883334
1.565196
2.3262694
3.1978896
2.2157223
2.9767957
3.5210268
3.737869
4.7115326
5.3663106
4.7115326
5.90629
4.8220797
5.2557635
3.7293656
4.4946904
4.9326262
5.689448
5.4726057
4.7115326
5.0346694
5.251512
4.5967336
5.689448
5.4726057
3.7336173
4.826331
4.4989424
3.0830908
3.4104798
4.171553
3.8399122
4.3841434
4.1630497
6.123132
5.795743
5.251512
6.339974
5.90629
4.7072806
5.0346694
6.2336793
5.251512
5.3620586
5.140965
6.9905005
6.8799534
5.795743
5.902038
6.012585
6.2294273
5.0346694
5.1452165
5.578901
6.556816
5.357807
6.012585
6.556816
6.667363
6.4462695
5.140965
5.3620586
6.339974
6.2336793
6.2336793
5.6851964
6.339974
5.795743
5.251512
5.251512
7.1010475
7.1010475
6.7736583
6.663111
7.096796
7.313638
6.4420176
7.6410265
7.4241843
7.313638
7.096796
6.114629
7.096796
7.096796
6.986249
7.5304804
7.6410265
7.6410265
7.6410265
7.857869
7.092544
6.986249
6.6588597
8.185258
7.5304804
7.203091
7.203091
7.857869
6.986249
7.096796
7.857869
7.313638
7.203091
7.5304804
8.185258
7.9684157
7.313638
7.5304804
8.185258
7.419933
8.4021
7.6410265
8.181006
8.074712
7.636775
8.618942
8.181006
8.2915535
8.614691
8.614691
8.614691
7.9641643
8.508395
7.309386
8.725238
8.070459
8.397848
8.835785
8.287301
8.720985
7.853617
8.8315325
8.937827
8.720985
9.158921
10.02629
9.265217
8.720985
10.02629
10.459974
10.349427
9.482059
10.02629
9.698901
9.698901
9.15467
10.676816
9.588354
10.243132
9.805196
11.331594
10.132585
9.584103
10.893659
10.889407
10.77886
11.977869
11.327342
11.544185
11.65048
10.999953
11.544185
11.327342
10.0220375
10.787363
10.23888
8.716734
10.02629
10.0220375
9.698901
9.371511
10.459974
9.809448
10.349427
10.23888
10.893659
10.999953
11.867322
11.65048
12.411553
12.407301
13.062079
12.845238
12.624144
12.513597
13.1726265
11.539933
11.106249
10.128334
9.911491
10.893659
9.371511
9.265217
10.02629
9.698901
9.265217
8.720985
9.15467
10.570521
9.482059
9.265217
9.919995
10.459974
10.23888
11.654732
11.004206
10.455723
11.544185
10.999953
10.783112
10.23888
10.132585
9.588354
9.919995
9.703153
9.265217
8.725238
7.747322
8.185258
7.857869
6.769407
7.096796
7.4241843
6.769407
7.313638
7.7515736
7.857869
6.4462695
6.9905005
7.7515736
8.512647
8.074712
9.163173
8.835785
8.074712
7.419933
8.512647
7.9684157
7.9684157
6.9905005
7.9684157
7.5347314
7.9684157
8.295805
6.8799534
6.339974
6.8842053
5.689448
4.6009855
4.4946904
5.583153
4.4946904
5.9105415
5.3663106
5.2557635
4.3841434
5.3663106
4.928375
4.9326262
5.038922
2.8662488
4.6094894
3.1936376
2.6494067
3.3041847
3.5252786
3.848416
3.3041847
3.848416
4.1758046
3.1936376
3.1936376
2.7599535
2.3262694
1.7820382
1.6757431
3.3084364
3.0873425
3.414732
2.8705006
2.9810476
3.0873425
1.8925852
3.3084364
2.5473633
2.6536584
3.5252786
2.5431116
1.6757431
2.2199743
2.4368165
1.565196
2.8705006
2.6536584
1.348354
2.2199743
1.348354
1.020965
2.5473633
1.8925852
1.7820382
2.2199743
2.1094272
1.348354
2.9810476
3.414732
2.3262694
2.1094272
1.565196
2.2199743
2.330521
1.1315118
1.7862899
1.5694479
1.4589009
2.1136792
2.1136792
2.8747523
1.0252168
1.5694479
1.3526058
1.2463106
1.1357636
1.4631528
1.1357636
0.04730134
0.48523736
0.8126264
-0.16528895
0.26839525
0.8126264
-0.16954076
0.8126264
0.5957843
0.26839525
0.05155315
0.5957843
0.26839525
0.5957843
2.0073838
1.6799948
2.1136792
1.2420589
1.6799948
1.4631528
0.48098555
1.6799948
1.6799948
1.5694479
1.896837
0.48098555
2.1136792
2.003132
1.5694479
1.4589009
2.7642052
1.8925852
2.7642052
3.7421207
4.06951
2.5473633
2.8747523
2.8747523
3.4189837
2.7642052
3.3084364
2.6536584
2.8705006
2.3262694
3.1978896
3.5252786
3.5252786
3.1978896
3.7421207
3.3041847
3.5252786
3.0873425
2.9810476
3.1978896
2.6536584
2.8705006
3.1978896
4.2863517
2.4325645
2.8705006
3.3041847
4.1758046
3.0873425
3.5210268
3.631574
3.5210268
4.715784
4.2821
4.4989424
2.8662488
4.3926473
4.4989424
3.1936376
3.4104798
4.3926473
3.5210268
3.414732
3.0873425
4.2863517
3.4104798
3.631574
4.065258
4.6094894
3.7336173
5.2557635
5.1452165
6.77791
6.3442264
5.799995
4.8178277
5.4726057
5.4726057
6.77791
6.123132
5.90629
6.450521
6.450521
5.6851964
6.4462695
6.561068
6.556816
6.123132
6.556816
6.556816
6.012585
6.9905005
6.339974
6.1188803
7.4241843
6.1188803
6.5525646
8.295805
7.313638
7.313638
7.9684157
7.6410265
8.185258
6.9905005
7.6410265
7.4241843
7.4241843
6.5525646
7.207342
6.1188803
6.9905005
7.1010475
6.556816
7.1010475
8.078962
7.207342
8.078962
7.4241843
7.4241843
8.512647
7.9684157
8.185258
7.747322
7.203091
8.4021
8.4021
7.857869
8.185258
8.074712
8.185258
8.512647
6.986249
7.747322
7.309386
8.2915535
7.9641643
7.092544
8.618942
8.185258
7.309386
8.074712
6.875702
8.4021
7.203091
7.857869
8.074712
8.181006
7.419933
7.636775
8.4021
8.4021
8.287301
9.486311
8.181006
8.074712
8.725238
7.419933
8.835785
9.703153
9.375764
8.94208
9.486311
9.158921
8.725238
8.8315325
9.158921
8.397848
8.835785
8.397848
8.614691
8.614691
8.070459
9.596858
8.397848
8.725238
8.504144
8.94208
8.8315325
8.618942
8.397848
8.725238
8.508395
10.030542
10.02629
10.243132
10.243132
9.588354
10.243132
10.132585
10.353679
10.681068
9.919995
9.809448
9.260964
9.805196
10.459974
9.69465
9.588354
10.459974
10.676816
10.132585
10.243132
10.02629
9.15467
9.698901
9.15467
11.004206
10.23888
9.805196
10.787363
10.349427
9.588354
10.676816
10.23888
10.0220375
11.004206
11.216796
10.23888
11.654732
11.654732
11.433638
10.889407
10.345176
11.437889
11.327342
11.327342
10.893659
10.999953
10.999953
11.106249
11.433638
11.327342
11.216796
9.911491
11.221047
11.544185
9.584103
10.676816
11.1105
11.327342
10.783112
10.6725645
11.106249
12.305258
11.544185
12.415805
12.411553
11.216796
11.327342
11.323091
10.562017
11.216796
11.977869
12.088415
11.544185
11.327342
10.0220375
11.437889
10.566269
10.128334
11.1105
10.566269
10.783112
11.654732
10.676816
11.106249
10.6725645
10.566269
11.1105
10.23888
10.349427
10.676816
10.566269
10.676816
10.566269
10.893659
9.805196
10.0220375
9.15467
9.915743
10.0220375
8.937827
10.132585
10.132585
9.371511
9.698901
9.809448
10.02629
9.698901
8.504144
9.486311
9.698901
8.610438
9.698901
10.243132
8.937827
8.94208
9.158921
8.94208
9.375764
8.835785
8.181006
8.508395
8.181006
9.052627
9.269468
8.397848
8.397848
7.636775
9.163173
9.158921
7.9641643
8.725238
9.052627
8.508395
8.397848
8.070459
7.419933
7.9641643
8.2915535
8.2915535
8.074712
8.4021
7.6410265
7.9684157
7.203091
8.729489
7.203091
6.986249
7.7515736
7.203091
7.6410265
7.096796
6.769407
7.096796
7.4241843
6.663111
8.512647
8.185258
6.769407
7.4241843
7.6410265
7.857869
7.4241843
7.203091
6.4420176
6.4462695
6.9905005
5.6851964
6.012585
5.795743
5.795743
6.2336793
5.578901
6.667363
6.450521
5.578901
5.799995
5.4726057
4.8178277
4.4946904
4.4946904
4.3883953
5.583153
4.6009855
5.1452165
5.799995
4.6009855
5.2557635
4.7115326
3.844164
3.737869
3.737869
3.6273217
4.065258
3.0830908
4.6094894
4.6094894
2.9767957
4.6094894
3.737869
3.954711
3.737869
2.9767957
3.0873425
2.7599535
3.1978896
3.7421207
2.9767957
2.5431116
3.414732
3.5210268
2.5431116
3.7421207
3.5252786
2.2157223
2.8705006
2.7599535
2.9810476
2.9810476
2.1094272
2.8747523
2.4368165
2.330521
1.2420589
2.330521
1.4589009
2.1136792
2.003132
1.6799948
2.4410682
1.6757431
1.6757431
2.2199743
2.4368165
1.8925852
1.8925852
1.4589009
2.7642052
1.2420589
1.348354
2.1136792
2.6536584
0.91466975
1.6799948
0.8083746
1.6799948
1.1357636
1.2463106
1.6799948
0.9189216
0.8083746
1.4631528
1.6799948
1.3526058
1.896837
0.58728075
2.5473633
1.8925852
2.6536584
2.2199743
3.1978896
2.1094272
2.4368165
1.8925852
2.9810476
2.003132
1.8925852
3.0873425
2.8705006
2.2157223
2.2199743
2.4368165
1.565196
2.003132
2.5473633
2.4368165
0.8041228
1.6757431
2.1094272
2.2199743
1.9988803
3.631574
2.8705006
2.6494067
3.1978896
3.631574
2.8705006
3.1978896
3.1936376
2.4325645
3.414732
3.0873425
2.3220174
3.848416
2.7599535
2.7599535
2.5431116
2.9810476
3.7421207
2.8705006
2.5431116
2.6536584
2.3262694
1.8925852
2.9810476
2.9767957
2.6536584
2.1094272
2.5431116
3.3041847
2.5431116
2.5431116
3.5210268
3.4104798
2.5388596
4.065258
5.0431733
3.7336173
4.715784
4.605237
3.844164
3.6273217
4.2821
3.954711
4.715784
3.7336173
3.7336173
5.1494684
4.3883953
3.9504592
4.7115326
5.3620586
5.1452165
6.3442264
5.3620586
4.924123
6.016837
5.795743
6.7736583
6.339974
5.468354
7.8621206
6.4462695
6.9905005
6.9905005
7.4241843
7.4241843
6.4462695
6.663111
5.6851964
5.795743
6.339974
6.663111
6.663111
6.663111
6.6588597
7.9684157
6.8799534
7.857869
6.2251754
6.9905005
7.096796
8.295805
7.419933
8.4021
7.747322
8.4021
8.2915535
8.2915535
7.9641643
7.313638
8.618942
8.725238
7.203091
7.5304804
8.618942
8.4021
8.508395
8.070459
9.052627
8.508395
8.070459
7.9641643
8.2915535
7.9641643
8.835785
8.725238
8.181006
8.508395
8.397848
8.2915535
8.94208
8.070459
8.8315325
8.94208
9.158921
8.397848
7.853617
9.703153
9.375764
8.8315325
9.592606
8.937827
9.048374
9.048374
9.158921
8.28305
8.504144
8.94208
8.397848
7.1988387
7.636775
7.415681
8.181006
8.835785
8.8315325
8.94208
8.8315325
8.508395
8.725238
8.2915535
8.508395
8.397848
7.309386
8.725238
9.375764
9.158921
8.720985
8.070459
8.614691
8.397848
8.835785
8.614691
8.176754
9.158921
9.269468
8.835785
8.725238
8.397848
8.070459
8.8315325
9.919995
9.592606
8.937827
9.919995
9.371511
9.371511
9.809448
9.260964
10.23888
8.499891
10.243132
10.0220375
10.243132
10.676816
9.371511
10.243132
10.0220375
9.915743
10.132585
9.698901
9.15467
9.698901
9.915743
9.15467
10.243132
9.915743
10.132585
10.353679
9.588354
10.02629
9.703153
10.02629
8.8315325
8.287301
9.375764
9.052627
8.508395
8.397848
7.9599123
8.94208
8.94208
8.070459
9.380016
8.725238
7.853617
8.94208
9.375764
9.158921
9.269468
8.070459
7.1988387
8.4021
8.94208
8.181006
8.4021
7.9641643
8.181006
8.618942
8.8315325
8.070459
8.181006
6.981997
7.636775
7.309386
8.725238
9.052627
8.181006
9.163173
8.287301
8.614691
8.725238
9.486311
9.158921
8.287301
8.835785
8.508395
9.703153
9.375764
8.94208
9.486311
8.508395
8.181006
7.092544
8.2915535
8.2915535
7.5304804
7.747322
8.2915535
7.203091
6.6588597
7.747322
8.074712
8.2915535
8.074712
9.163173
7.6410265
7.747322
8.295805
8.508395
6.765155
8.4021
7.636775
7.309386
7.309386
7.853617
8.397848
8.2915535
8.397848
8.287301
9.052627
8.181006
7.636775
8.729489
8.181006
7.092544
8.074712
8.181006
7.092544
7.9641643
8.2915535
7.526228
8.508395
8.614691
7.5304804
8.835785
8.94208
7.853617
9.596858
8.610438
9.158921
9.482059
9.15467
9.703153
9.048374
9.265217
8.181006
8.725238
7.853617
7.309386
8.397848
8.618942
7.9641643
7.9641643
7.6410265
8.618942
7.4241843
7.313638
6.769407
7.207342
7.6410265
6.663111
7.9684157
7.4241843
7.207342
7.4241843
6.8799534
6.7736583
6.663111
6.3357224
6.2294273
6.339974
7.2115946
5.90629
5.1452165
6.450521
6.012585
5.902038
6.339974
5.6851964
6.012585
5.468354
6.9947524
6.339974
5.902038
6.339974
5.795743
5.795743
6.2294273
6.123132
6.2294273
6.667363
5.795743
5.0346694
5.689448
4.8178277
4.3841434
4.928375
4.2778482
5.2557635
5.583153
5.1452165
5.3620586
5.90629
5.689448
6.016837
5.4726057
4.6009855
5.578901
5.583153
4.928375
5.6937
5.2557635
5.0346694
6.016837
5.4726057
5.0346694
5.1452165
6.016837
4.056754
5.3663106
4.605237
4.0610065
5.3663106
5.4726057
4.0610065
5.038922
5.1452165
4.7072806
5.90629
5.90629
5.0346694
6.016837
5.689448
5.251512
5.795743
6.450521
6.663111
6.9905005
6.4462695
7.207342
6.8799534
6.2251754
7.6410265
7.5304804
7.203091
8.074712
7.9641643
7.203091
7.9641643
8.2915535
7.636775
8.074712
8.397848
8.8315325
9.269468
9.486311
8.287301
9.596858
9.158921
8.937827
10.02629
9.486311
9.809448
8.720985
7.853617
9.052627
9.269468
8.2915535
9.269468
8.725238
7.203091
7.419933
7.747322
7.7515736
7.7515736
8.512647
7.207342
6.1188803
8.295805
7.9684157
6.663111
7.317889
7.317889
6.3357224
7.317889
7.7515736
7.9684157
7.313638
7.7515736
8.512647
9.163173
8.729489
9.707404
8.508395
7.857869
8.4021
7.6410265
7.5304804
7.207342
7.9684157
8.623194
7.207342
6.9905005
7.317889
6.7736583
6.9905005
7.6452785
7.5347314
6.8842053
6.2294273
6.2294273
6.9905005
7.8621206
7.317889
6.2294273
6.8842053
7.1010475
6.4462695
6.7736583
7.1010475
6.3357224
6.012585
5.6851964
7.4241843
7.6410265
7.857869
8.835785
8.397848
8.614691
8.287301
9.375764
8.176754
9.375764
8.725238
9.052627
7.9641643
7.203091
7.9641643
7.092544
7.5304804
7.313638
6.8799534
7.207342
6.3357224
6.4462695
6.8799534
7.6410265
7.313638
8.185258
7.853617
8.074712
9.486311
8.937827
9.375764
10.676816
10.459974
9.698901
10.132585
9.048374
8.720985
9.265217
9.265217
8.2915535
8.508395
7.9641643
7.636775
8.725238
7.853617
7.9641643
7.636775
8.2915535
8.287301
8.181006
8.070459
8.397848
9.596858
9.592606
9.703153
9.592606
10.681068
9.915743
9.265217
10.353679
9.265217
8.287301
8.94208
9.8137
8.508395
8.397848
8.835785
9.052627
8.835785
8.835785
8.181006
8.618942
8.618942
8.618942
7.096796
7.6452785
7.9684157
7.5347314
7.4241843
6.7736583
8.078962
6.5525646
6.2336793
6.667363
5.4726057
6.016837
5.799995
6.3442264
5.1494684
4.9326262
4.0610065
4.9326262
5.583153
5.3620586
5.4726057
6.667363
6.667363
6.3357224
6.4462695
7.9684157
8.185258
8.2915535
8.181006
8.397848
9.269468
9.158921
8.181006
8.2915535
8.618942
7.313638
7.317889
5.795743
6.016837
5.038922
4.7115326
5.1452165
6.2336793
6.016837
6.450521
6.012585
8.078962
7.8621206
8.185258
9.817951
9.163173
9.380016
9.919995
10.464226
11.331594
10.676816
11.658983
10.349427
9.809448
8.176754
7.747322
6.769407
6.8799534
6.4462695
7.1010475
5.468354
5.689448
4.928375
4.8178277
5.90629
5.795743
6.8842053
7.7515736
7.857869
9.052627
8.176754
10.247384
10.243132
11.004206
11.442142
10.676816
10.566269
11.765279
11.004206
10.353679
10.681068
9.486311
9.269468
7.857869
7.203091
7.4241843
7.5347314
6.7736583
5.795743
6.667363
5.0346694
6.667363
6.123132
5.689448
6.77791
5.6851964
6.7736583
7.5347314
6.8799534
8.078962
8.185258
7.5304804
6.769407
7.9684157
7.096796
7.6410265
8.729489
7.857869
7.9684157
6.8799534
7.7515736
6.3357224
6.7736583
7.857869
7.857869
6.9905005
7.6410265
8.078962
7.857869
8.078962
7.4241843
7.9684157
7.4241843
8.078962
7.857869
6.8799534
7.6452785
6.7736583
7.1010475
7.1010475
7.8621206
6.339974
6.7736583
7.1010475
6.7736583
6.556816
6.2294273
5.578901
6.450521
5.251512
5.0346694
6.77791
6.2294273
6.556816
6.3357224
6.123132
6.556816
6.339974
5.578901
6.339974
6.556816
7.6452785
6.3357224
6.769407
6.663111
8.840036
6.663111
7.7515736
7.5347314
6.8799534
7.317889
5.357807
5.1452165
5.795743
5.799995
5.689448
6.77791
5.689448
5.689448
6.450521
6.561068
5.3620586
4.8178277
5.2557635
5.799995
5.689448
6.012585
6.556816
7.207342
7.096796
7.207342
8.4021
8.4021
7.313638
7.313638
7.6410265
7.9684157
7.857869
8.078962
6.663111
7.5347314
7.7515736
8.074712
7.857869
7.6410265
7.857869
6.4420176
7.5347314
7.317889
5.902038
6.4462695
7.5347314
7.4241843
6.8799534
7.6410265
7.207342
8.185258
7.207342
6.8799534
6.9905005
7.8621206
7.4284363
6.7736583
6.123132
7.6452785
6.2294273
6.1188803
7.4241843
7.7515736
6.986249
8.512647
7.857869
8.185258
7.203091
6.986249
7.857869
7.6410265
7.857869
7.857869
7.419933
8.618942
8.8315325
8.181006
9.269468
8.287301
8.070459
8.94208
8.181006
8.725238
9.158921
7.5304804
8.074712
7.9641643
8.835785
7.5304804
8.618942
7.203091
7.5304804
7.5304804
7.5304804
7.5304804
7.6410265
7.6410265
8.185258
7.419933
8.185258
8.508395
8.4021
9.052627
7.636775
7.203091
7.747322
8.946331
8.2915535
8.397848
7.636775
9.380016
8.94208
8.074712
7.747322
7.6410265
6.4420176
6.9905005
6.1188803
6.4462695
6.1188803
6.663111
7.7515736
6.5525646
7.313638
7.857869
6.986249
6.769407
8.185258
7.747322
7.636775
7.092544
7.9641643
8.725238
8.2915535
7.419933
7.313638
8.074712
7.636775
8.074712
7.419933
7.419933
7.747322
8.074712
8.185258
7.9684157
8.4021
8.074712
7.9684157
7.7515736
7.1010475
6.2294273
5.6851964
7.1010475
7.1010475
6.7736583
6.8842053
6.7736583
6.008333
8.295805
7.313638
6.114629
6.663111
7.1010475
5.791491
6.2294273
6.663111
5.140965
6.8842053
6.1188803
7.096796
7.5347314
7.5347314
5.6851964
7.317889
6.1188803
6.4462695
7.2115946
7.4284363
6.667363
7.207342
7.5347314
6.769407
7.317889
7.7515736
7.4241843
7.317889
7.317889
6.2294273
6.339974
5.578901
6.450521
6.7736583
5.468354
5.357807
6.7736583
6.556816
4.924123
6.2336793
5.468354
4.490439
5.1452165
5.468354
5.689448
5.578901
4.2735963
4.7115326
4.6009855
5.1452165
5.251512
5.1452165
4.167301
5.038922
4.7115326
3.9504592
5.4768577
4.7115326
3.8399122
5.3663106
4.7115326
4.7115326
5.4726057
5.578901
4.056754
5.1494684
4.8220797
3.62307
4.9326262
4.9326262
4.8220797
4.065258
3.299933
2.9767957
3.631574
3.631574
3.0830908
3.3041847
2.8705006
2.7599535
2.6494067
3.1936376
3.631574
2.9767957
2.6494067
2.4325645
3.3041847
2.6494067
3.5210268
3.5210268
3.1936376
3.631574
2.7599535
2.3220174
3.414732
2.8705006
2.4325645
2.2157223
3.0873425
2.2157223
1.9988803
2.1094272
3.1978896
1.020965
0.91466975
1.7862899
1.2420589
0.3704386
1.2420589
2.2199743
1.565196
2.5473633
1.4589009
2.1136792
1.1315118
-0.06324561
1.0294685
1.6799948
-0.06324561
1.4631528
1.2463106
0.15359649
1.7905419
1.3526058
1.0252168
0.69782764
1.6757431
2.1094272
2.5473633
2.2157223
2.3262694
1.9988803
3.414732
2.2157223
2.4368165
2.6536584
2.2157223
3.0873425
2.2157223
1.020965
2.2199743
1.2420589
1.1315118
1.8925852
1.8925852
2.2199743
2.2199743
2.2199743
1.6757431
3.1978896
2.5431116
2.6536584
2.8705006
3.1978896
2.7599535
2.7599535
3.414732
2.3262694
3.631574
2.2157223
3.0873425
2.8705006
3.631574
1.8883334
3.1978896
3.0873425
1.9946285
4.1758046
3.6273217
3.299933
4.3883953
4.0610065
3.9504592
3.5167751
3.6273217
4.9326262
4.605237
2.7557018
4.715784
3.62307
3.7336173
3.844164
4.9326262
4.605237
3.6273217
3.844164
4.0610065
5.2557635
3.5125234
4.605237
3.9504592
4.4946904
4.2778482
4.2778482
5.2557635
5.4726057
5.3620586
5.689448
5.578901
6.012585
6.8842053
6.2294273
6.556816
5.468354
6.667363
6.012585
6.4462695
6.339974
6.012585
4.8135757
6.450521
6.7736583
6.1188803
6.556816
6.2294273
6.1188803
6.663111
6.663111
6.8799534
6.7736583
7.207342
7.313638
7.4241843
7.6410265
7.6410265
6.875702
6.875702
8.508395
7.747322
7.5304804
6.2251754
6.769407
7.207342
6.5525646
7.313638
6.769407
7.4241843
6.8799534
6.5525646
7.7515736
7.313638
7.096796
7.5304804
7.6410265
7.4241843
8.4021
7.747322
8.618942
8.397848
9.8137
9.375764
8.176754
9.375764
10.243132
9.265217
10.353679
9.698901
7.9599123
8.8315325
8.614691
8.181006
8.725238
8.614691
8.074712
8.8315325
8.835785
8.070459
8.835785
8.725238
8.508395
7.74307
8.504144
9.919995
8.933577
10.349427
9.805196
10.893659
9.805196
9.69465
10.566269
9.69465
9.260964
10.676816
9.805196
8.937827
10.132585
9.809448
9.15467
9.15467
9.048374
8.937827
9.048374
9.375764
9.482059
9.048374
8.82728
7.849365
9.371511
9.477807
10.0220375
10.132585
9.69465
10.23888
10.23888
9.584103
10.566269
10.0220375
9.915743
9.911491
9.482059
10.353679
9.698901
9.915743
9.698901
9.477807
9.15467
9.809448
9.15467
9.260964
9.044123
9.809448
10.02629
9.371511
9.486311
9.592606
9.15467
10.243132
9.588354
9.698901
9.915743
8.82728
10.243132
9.371511
9.482059
10.353679
9.265217
9.15467
9.698901
9.375764
9.698901
9.809448
9.044123
8.176754
9.703153
8.504144
8.176754
8.504144
8.720985
7.415681
10.247384
8.8315325
8.504144
7.849365
8.181006
8.070459
7.9599123
8.070459
8.397848
6.765155
8.181006
8.397848
7.9641643
8.725238
9.486311
9.375764
8.397848
8.070459
8.725238
8.504144
7.853617
8.504144
7.747322
8.181006
8.8315325
7.74307
8.070459
8.614691
9.052627
9.052627
7.74307
8.614691
7.747322
8.181006
7.526228
7.747322
8.074712
8.725238
7.526228
8.618942
8.181006
7.853617
8.725238
7.636775
7.309386
8.504144
9.486311
9.592606
7.849365
8.614691
9.375764
8.287301
8.504144
8.181006
9.048374
8.610438
9.592606
9.703153
9.158921
7.9641643
7.203091
6.765155
6.6588597
8.4021
8.508395
8.074712
9.052627
8.397848
7.092544
8.94208
8.725238
8.181006
7.9641643
8.397848
9.158921
7.853617
9.269468
8.287301
7.853617
8.725238
8.181006
8.504144
7.853617
8.94208
7.74307
8.070459
7.853617
7.853617
8.397848
8.725238
8.508395
7.9599123
8.2915535
8.725238
8.176754
7.309386
9.052627
8.94208
8.397848
7.636775
8.614691
8.181006
8.8315325
8.070459
9.375764
9.375764
9.044123
9.048374
9.809448
9.044123
9.15467
9.048374
9.809448
10.243132
9.375764
10.030542
9.486311
8.393597
8.725238
9.703153
8.720985
8.8315325
8.181006
9.269468
8.176754
7.526228
8.94208
8.181006
8.835785
8.8315325
8.614691
8.94208
8.181006
7.1988387
8.2915535
7.636775
7.636775
7.5304804
6.875702
7.6410265
7.419933
7.203091
7.9641643
7.747322
7.9641643
7.9641643
7.9641643
7.747322
7.9641643
8.2915535
8.181006
8.614691
8.074712
8.287301
9.048374
7.849365
7.74307
8.8315325
8.720985
8.287301
8.8315325
7.853617
9.052627
9.052627
8.614691
9.158921
8.397848
8.8315325
9.265217
8.614691
9.919995
9.919995
9.592606
9.265217
8.504144
10.136837
9.698901
8.82728
9.588354
9.588354
9.477807
10.243132
8.937827
8.937827
8.937827
7.74307
7.9641643
8.508395
8.835785
7.526228
7.636775
8.508395
9.596858
8.397848
8.94208
9.596858
6.981997
7.9641643
8.835785
8.287301
9.158921
9.052627
10.030542
9.048374
8.287301
8.614691
8.287301
9.919995
9.592606
9.588354
8.610438
8.504144
8.287301
8.614691
9.375764
8.176754
9.919995
8.94208
8.504144
8.614691
8.614691
9.158921
7.853617
8.2915535
8.074712
8.8315325
8.504144
9.158921
9.482059
8.393597
10.136837
10.353679
9.265217
9.698901
10.02629
10.459974
10.676816
10.243132
8.28305
9.375764
10.136837
9.048374
9.052627
9.486311
9.486311
8.94208
8.181006
9.486311
8.614691
7.526228
8.94208
9.375764
8.94208
9.486311
8.720985
8.614691
9.052627
8.504144
8.614691
9.8137
8.614691
8.397848
8.2915535
8.618942
8.2915535
8.287301
8.287301
8.94208
9.375764
9.269468
9.265217
8.610438
9.486311
9.482059
8.937827
9.482059
10.459974
8.82728
10.243132
9.915743
10.676816
10.459974
10.02629
11.331594
10.566269
10.459974
10.243132
9.915743
8.937827
9.703153
9.588354
10.132585
9.698901
9.915743
9.15467
10.787363
10.349427
10.676816
10.893659
11.437889
11.1105
10.676816
10.349427
9.260964
10.570521
10.459974
9.477807
10.23888
10.243132
9.698901
10.459974
10.02629
9.69465
9.915743
10.459974
10.459974
11.004206
10.132585
10.570521
10.132585
10.243132
10.459974
11.1105
9.809448
10.353679
10.243132
9.698901
10.787363
10.132585
10.676816
10.89791
10.349427
9.477807
10.132585
10.132585
10.787363
10.349427
10.349427
10.999953
10.783112
10.783112
10.0220375
10.676816
11.004206
9.915743
11.437889
9.915743
10.132585
10.787363
9.588354
10.243132
10.0220375
11.004206
11.004206
10.132585
9.805196
11.004206
10.676816
9.915743
9.805196
10.893659
10.566269
9.69465
10.89791
9.915743
9.809448
10.353679
10.676816
10.570521
10.353679
9.809448
9.703153
9.158921
8.8315325
8.835785
8.8315325
8.614691
8.835785
9.269468
8.614691
8.181006
9.163173
9.265217
9.269468
9.269468
9.919995
9.158921
10.030542
8.504144
7.853617
8.397848
9.158921
9.158921
8.94208
9.486311
8.181006
8.94208
8.074712
8.618942
8.074712
7.5304804
7.6410265
8.835785
7.203091
8.946331
8.508395
8.4021
8.181006
8.070459
8.508395
8.725238
9.380016
7.6410265
8.618942
8.074712
8.2915535
8.2915535
8.074712
8.729489
8.508395
7.857869
8.074712
7.313638
8.074712
8.074712
8.4021
8.4021
8.4021
7.9684157
9.056878
7.6410265
7.6410265
8.4021
7.9684157
7.747322
7.5304804
7.5304804
8.185258
7.5304804
7.747322
8.729489
8.618942
7.857869
8.729489
7.6410265
8.185258
7.5304804
8.074712
7.9684157
8.512647
7.207342
7.7515736
7.4241843
7.6410265
7.857869
8.074712
7.747322
7.9641643
8.618942
8.074712
8.729489
9.052627
7.5304804
8.2915535
8.729489
8.295805
7.207342
7.207342
8.295805
7.7515736
7.4284363
7.8621206
6.2294273
7.6452785
6.8842053
6.4462695
7.5347314
7.6452785
6.8799534
7.7515736
7.5347314
6.9905005
8.078962
6.8842053
7.5347314
7.6452785
6.9947524
7.4284363
5.0346694
6.123132
6.450521
5.90629
6.123132
6.016837
6.2336793
5.3620586
6.016837
6.3442264
6.561068
5.1452165
6.3442264
6.667363
6.450521
7.1010475
7.8621206
7.8621206
7.207342
7.7515736
7.7515736
7.4241843
7.9726677
6.7736583
6.012585
7.2115946
6.450521
6.667363
6.9947524
5.795743
6.012585
7.4284363
7.1010475
7.207342
7.317889
7.4241843
8.512647
7.4241843
9.27372
8.835785
8.508395
9.707404
7.9641643
8.618942
8.4021
8.074712
7.857869
8.074712
7.9684157
7.9684157
7.317889
6.663111
7.8621206
7.317889
6.7736583
7.317889
7.1010475
7.1010475
7.2115946
7.2115946
6.8842053
6.77791
6.667363
6.4462695
7.4284363
7.317889
7.5347314
7.4241843
8.512647
8.185258
7.4241843
8.185258
7.9684157
7.6410265
8.185258
8.185258
7.4241843
7.1010475
6.9905005
6.667363
5.689448
6.561068
6.8884573
6.1273837
5.689448
6.561068
5.583153
5.583153
6.2336793
5.4726057
5.689448
6.016837
7.2115946
5.251512
7.1052995
6.3442264
6.016837
6.561068
6.1273837
5.799995
5.799995
6.016837
4.7115326
5.4768577
5.9105415
5.1494684
5.1494684
6.016837
4.7115326
5.9105415
6.016837
5.2557635
5.583153
5.1452165
4.167301
5.6937
5.583153
6.2336793
6.561068
5.689448
6.8884573
5.3620586
5.4726057
5.90629
5.4726057
6.3442264
6.3442264
6.2336793
5.689448
6.016837
6.450521
5.689448
6.561068
6.667363
5.140965
7.1010475
6.667363
6.339974
6.667363
6.450521
6.667363
6.667363
6.016837
6.561068
6.012585
5.689448
6.450521
6.8842053
6.339974
6.8842053
6.450521
6.123132
5.578901
4.8178277
6.3442264
6.2336793
6.339974
6.123132
6.2336793
6.2336793
5.90629
5.799995
6.561068
6.1273837
6.016837
6.3442264
5.4726057
6.016837
6.561068
7.1010475
7.6452785
6.8842053
5.795743
6.8842053
6.8842053
6.9905005
5.3620586
5.4726057
5.3663106
4.8220797
4.9326262
4.715784
5.914794
4.605237
4.9326262
4.2821
3.954711
4.3926473
3.1936376
3.3041847
3.3041847
3.954711
5.0431733
4.9326262
5.1494684
4.605237
4.2778482
5.3663106
4.715784
4.715784
3.406228
2.7557018
2.9767957
3.737869
4.1758046
3.3041847
3.848416
3.5210268
3.737869
3.0830908
3.3041847
3.5210268
3.3041847
3.414732
2.4325645
3.631574
3.848416
4.715784
4.715784
4.4989424
5.0431733
5.5874047
4.0610065
4.2821
4.4989424
4.3883953
3.1936376
3.737869
4.4989424
5.1494684
4.605237
5.1494684
4.9326262
4.9326262
5.2557635
4.2778482
4.715784
4.171553
4.605237
3.844164
3.6273217
3.737869
4.6094894
4.0610065
4.826331
3.6273217
4.605237
4.715784
3.299933
5.3705626
4.065258
3.6273217
3.5210268
4.3926473
3.1936376
3.5210268
3.4104798
4.4989424
3.954711
3.299933
3.737869
4.2821
3.299933
2.9767957
2.7599535
3.631574
3.414732
2.6494067
3.0873425
2.9767957
3.848416
3.0830908
3.631574
3.0873425
2.2114706
3.848416
3.4104798
2.6494067
2.9767957
3.3041847
3.631574
2.5388596
3.5210268
3.5210268
3.954711
3.0873425
3.631574
3.1936376
3.0873425
3.1936376
3.1936376
3.4104798
2.6494067
3.4104798
4.2821
3.737869
3.299933
3.954711
3.4104798
4.2821
2.6494067
3.0873425
3.631574
1.9988803
2.330521
1.7862899
2.7642052
2.330521
2.6536584
3.1978896
2.2157223
2.4325645
2.7599535
4.1758046
3.5210268
2.6494067
3.954711
4.065258
2.5388596
4.2821
3.4104798
2.2157223
2.9767957
3.737869
2.3220174
3.0873425
3.414732
2.2157223
3.1978896
3.414732
1.9988803
2.8705006
2.3262694
2.4325645
3.1936376
3.4104798
2.8662488
3.1936376
3.299933
3.844164
3.299933
4.171553
4.4946904
3.8399122
4.4946904
5.3663106
4.7115326
5.1494684
5.2557635
4.7115326
4.605237
4.2778482
3.189386
3.6273217
4.2821
3.5210268
4.171553
3.6273217
4.171553
4.2778482
4.3883953
5.4726057
5.795743
5.1452165
5.90629
6.667363
5.6809444
6.9905005
7.4284363
6.2294273
6.9905005
5.468354
7.317889
5.902038
6.7736583
6.556816
6.339974
5.357807
6.450521
7.1010475
5.030418
6.9905005
7.6452785
5.251512
5.468354
6.8842053
6.012585
6.556816
6.339974
7.4241843
6.3357224
6.769407
6.8799534
7.313638
7.6410265
6.769407
7.5304804
8.618942
8.397848
7.747322
7.857869
8.074712
6.6588597
6.875702
7.419933
7.747322
6.765155
8.074712
7.5304804
6.875702
7.5304804
7.203091
6.008333
7.5304804
6.3314705
6.6588597
7.747322
7.309386
6.875702
8.2915535
8.2915535
7.857869
7.636775
7.419933
7.9641643
7.747322
7.747322
6.875702
8.4021
7.092544
7.313638
7.747322
7.092544
8.2915535
8.181006
8.4021
8.070459
8.508395
9.048374
8.066207
8.937827
9.809448
9.698901
8.499891
9.915743
9.698901
8.716734
10.02629
10.02629
8.176754
8.1725025
9.486311
8.82728
9.375764
10.676816
9.915743
9.805196
9.69465
10.0220375
9.584103
9.588354
10.0220375
9.477807
9.698901
10.0220375
10.459974
10.132585
9.588354
10.349427
8.933577
10.455723
9.477807
11.221047
10.132585
10.349427
10.132585
9.805196
9.265217
9.150418
10.566269
10.132585
11.1105
10.459974
10.676816
10.455723
11.221047
10.459974
10.0220375
10.349427
9.915743
9.911491
10.0220375
10.676816
10.999953
10.23888
10.132585
10.455723
10.132585
10.0220375
9.805196
10.243132
9.588354
9.588354
9.265217
9.809448
9.588354
9.482059
9.375764
8.720985
8.287301
8.725238
8.504144
9.052627
8.397848
9.052627
9.158921
8.725238
8.504144
8.614691
9.486311
8.720985
9.158921
9.269468
9.269468
8.074712
7.747322
7.5304804
8.4021
7.636775
8.181006
9.052627
8.4021
6.6588597
8.618942
6.4420176
7.857869
7.313638
6.8799534
5.24726
6.008333
6.4462695
5.902038
6.8799534
6.3357224
5.468354
5.795743
4.7072806
5.251512
5.578901
5.3620586
4.928375
4.056754
5.3620586
4.7072806
6.123132
6.1188803
6.4462695
6.2294273
5.902038
5.902038
6.123132
5.251512
5.0346694
5.4726057
4.6009855
5.689448
4.6009855
4.056754
6.016837
4.8178277
4.8178277
4.4946904
4.8178277
4.167301
5.2557635
4.167301
4.605237
4.167301
4.171553
4.3883953
3.9504592
3.9504592
3.6273217
3.7336173
3.8399122
3.844164
4.0610065
3.844164
3.0830908
3.5210268
2.972544
3.0830908
2.6494067
4.6094894
3.0830908
2.6494067
3.6273217
4.8220797
3.189386
3.737869
3.5167751
3.189386
2.972544
3.299933
3.737869
2.9767957
2.3220174
3.1936376
2.2157223
3.0873425
3.0873425
2.6536584
2.9810476
2.7599535
2.9767957
3.0873425
3.0873425
3.1936376
3.0873425
1.8883334
2.8705006
2.4325645
2.1051755
3.0873425
3.3041847
1.9988803
2.3262694
1.8925852
1.7820382
2.9810476
2.9810476
2.5431116
3.3041847
2.4325645
3.848416
3.3041847
1.9988803
2.5431116
3.0873425
3.954711
3.737869
4.065258
3.0873425
3.0873425
2.9767957
3.5210268
3.5210268
3.5210268
3.737869
2.7599535
1.9946285
3.5210268
3.1936376
2.8662488
3.3041847
4.2821
3.954711
3.4104798
3.406228
3.844164
3.844164
3.9504592
3.299933
3.5167751
3.6273217
2.8662488
3.4104798
3.5210268
2.8662488
3.4104798
3.6273217
4.171553
4.3883953
3.299933
4.0610065
4.8220797
3.5125234
3.7336173
3.299933
4.715784
5.2557635
4.2778482
4.8220797
5.1494684
4.0610065
4.6094894
4.2821
3.6273217
2.972544
5.0431733
4.9326262
2.6451547
3.9504592
4.7115326
5.1452165
5.2557635
6.450521
5.90629
5.0346694
5.795743
5.90629
5.689448
3.8356605
4.8178277
5.1452165
5.2557635
4.056754
4.167301
5.799995
5.2557635
5.0346694
5.6851964
5.795743
5.795743
5.24726
6.339974
6.339974
6.8842053
5.574649
5.791491
7.1010475
6.8799534
6.2251754
6.7736583
6.663111
6.1188803
5.578901
5.795743
6.450521
4.928375
5.251512
5.689448
5.1452165
5.3620586
5.578901
4.6009855
5.795743
5.468354
6.012585
6.123132
6.556816
4.8135757
6.7736583
6.3357224
6.5525646
6.4462695
7.313638
6.6588597
6.114629
6.3357224
6.1188803
7.1010475
5.468354
6.556816
7.5347314
6.8799534
6.3357224
6.4462695
6.1188803
6.1188803
6.8799534
6.1188803
7.4241843
7.4241843
6.1188803
6.769407
7.313638
6.986249
6.769407
7.096796
8.729489
6.986249
7.203091
6.986249
7.4241843
7.7515736
7.6410265
6.4462695
7.317889
7.6410265
6.663111
6.663111
5.791491
6.9947524
6.450521
5.574649
6.123132
6.8842053
6.2294273
6.4462695
6.1188803
6.1188803
6.5525646
7.6410265
6.875702
6.5483127
7.207342
6.3357224
6.8799534
6.4462695
4.8135757
6.7736583
6.663111
6.663111
6.663111
6.556816
6.339974
6.7736583
5.251512
6.667363
5.251512
5.6851964
5.90629
6.450521
5.140965
6.9947524
6.2294273
6.5525646
6.3357224
5.902038
7.317889
6.5525646
6.663111
5.6851964
5.6851964
5.3620586
4.490439
4.490439
5.038922
4.7115326
3.9504592
4.605237
3.844164
3.406228
4.171553
3.4104798
3.737869
3.6273217
4.3883953
4.2778482
5.583153
5.4726057
4.6009855
4.8220797
4.9326262
4.171553
3.5167751
4.3883953
4.9326262
5.038922
3.5167751
4.826331
4.2778482
3.9504592
3.5167751
4.171553
5.5874047
4.826331
3.6273217
4.3883953
4.715784
3.6273217
3.844164
4.0610065
4.2778482
4.605237
3.189386
4.171553
4.605237
3.9462075
5.038922
4.2778482
4.3841434
4.4946904
3.6273217
4.3883953
4.2778482
3.0830908
3.954711
3.5167751
3.299933
3.4104798
3.954711
3.737869
3.631574
3.737869
3.737869
3.299933
2.5388596
4.3926473
3.954711
3.5210268
4.715784
5.1537204
2.8662488
4.065258
2.9767957
3.5210268
3.954711
3.4104798
3.844164
3.844164
4.4989424
3.6273217
4.6094894
4.171553
3.4104798
3.1936376
3.6273217
4.0610065
3.844164
3.9504592
5.2600155
4.4946904
4.490439
5.1452165
4.7115326
4.2735963
5.140965
4.2735963
5.90629
4.167301
3.406228
3.7336173
4.605237
4.167301
4.7115326
5.038922
5.3663106
5.2557635
5.1452165
4.2735963
5.4726057
6.77791
6.8842053
5.140965
6.2294273
7.207342
7.7515736
7.857869
8.4021
6.769407
7.9684157
7.419933
7.096796
8.295805
6.2251754
7.207342
6.663111
7.9684157
6.769407
7.857869
6.3314705
8.185258
7.313638
7.5304804
7.5304804
6.6588597
6.986249
7.747322
8.181006
8.287301
9.919995
9.915743
9.482059
9.805196
10.676816
11.004206
10.349427
10.566269
10.566269
9.69465
11.1105
9.911491
10.566269
10.128334
11.761026
10.999953
10.77886
11.977869
10.889407
10.6725645
11.871573
11.65048
11.65048
12.190459
12.517848
12.296754
12.840985
13.925196
13.708355
14.035743
14.465176
13.920944
14.35888
15.336795
13.704102
14.796817
14.792564
14.469427
14.68627
14.57147
15.009407
15.991573
15.881026
14.792564
15.557889
15.013659
15.013659
14.363132
14.796817
14.579974
15.124206
14.035743
14.469427
15.447342
15.013659
14.575723
14.35888
15.451593
14.363132
13.818902
13.712605
12.955785
12.301006
12.194712
12.849489
12.194712
11.654732
12.198963
11.654732
11.1105
11.437889
11.548436
11.1105
10.787363
10.349427
10.570521
10.353679
9.048374
10.353679
10.89791
9.919995
9.048374
9.375764
8.508395
8.181006
9.158921
8.614691
10.030542
9.919995
9.592606
8.937827
10.136837
8.8315325
9.8137
8.725238
9.8137
7.857869
8.181006
8.287301
7.9641643
7.853617
8.181006
7.853617
7.092544
8.185258
7.636775
7.9641643
7.853617
7.419933
7.526228
7.419933
7.9641643
6.5483127
6.986249
8.070459
7.74307
7.9641643
8.070459
8.070459
8.8315325
7.9599123
8.94208
7.74307
7.9641643
8.618942
8.4021
8.181006
8.074712
7.309386
7.313638
7.6410265
7.203091
6.986249
8.074712
8.4021
7.7515736
6.4462695
6.9905005
6.9905005
5.795743
5.578901
6.561068
5.251512
5.578901
6.450521
6.77791
6.339974
6.123132
6.77791
6.667363
6.123132
6.123132
6.012585
6.2294273
7.6452785
7.5347314
6.3357224
6.8799534
6.8842053
6.1188803
6.663111
7.1010475
5.578901
6.8842053
5.90629
4.924123
4.8178277
6.561068
5.4726057
4.056754
5.1494684
5.1452165
4.167301
5.2557635
5.2600155
4.3883953
4.2821
5.1537204
4.4989424
3.737869
4.2821
4.6094894
2.9767957
3.848416
3.1978896
2.5431116
3.5210268
2.8705006
2.6536584
3.1936376
2.8705006
3.7421207
3.414732
3.3041847
3.5252786
3.848416
3.3041847
2.8662488
3.3041847
4.065258
3.4104798
3.737869
3.954711
4.2821
4.826331
5.1494684
6.0210886
4.4946904
4.928375
6.2336793
6.9905005
6.7736583
6.8842053
7.7515736
7.7515736
7.9684157
7.9684157
8.623194
8.185258
8.4021
8.512647
8.078962
7.6452785
6.9905005
6.663111
7.1010475
7.5347314
7.7515736
7.096796
7.9726677
6.9905005
6.9905005
6.7736583
7.6452785
6.9905005
6.4462695
7.1010475
8.185258
8.074712
7.5304804
7.096796
7.313638
6.769407
7.857869
7.857869
6.986249
7.6410265
6.4420176
6.4462695
5.357807
4.8135757
6.2294273
6.9905005
5.574649
5.902038
6.3357224
5.574649
6.556816
5.795743
5.574649
4.7072806
5.578901
6.2336793
4.928375
7.3221416
7.1010475
7.7515736
7.313638
6.8799534
6.8799534
6.4462695
6.1188803
7.7515736
7.313638
6.5525646
8.295805
7.207342
6.1188803
6.663111
6.2294273
6.339974
6.123132
6.4462695
5.251512
5.251512
4.924123
5.90629
4.2735963
5.578901
6.671615
5.578901
5.795743
7.4284363
6.769407
7.207342
7.7515736
7.4241843
6.663111
6.9905005
6.7736583
7.5347314
8.729489
7.4241843
8.074712
8.185258
8.512647
8.185258
8.406352
7.4241843
7.317889
7.4284363
6.9905005
6.4462695
7.7515736
8.729489
7.5304804
7.5347314
8.295805
6.1188803
6.9905005
7.7515736
6.8799534
6.9905005
7.9684157
7.4241843
7.096796
6.8799534
6.8799534
6.663111
6.5525646
7.9684157
7.313638
7.313638
7.4241843
7.207342
6.3357224
7.7515736
7.207342
7.857869
8.512647
9.27372
8.185258
8.070459
8.074712
7.9684157
8.185258
6.8799534
7.7515736
8.623194
7.6410265
7.9684157
8.185258
7.9684157
7.6410265
6.8799534
7.5347314
8.295805
7.4241843
7.7515736
7.5304804
7.313638
6.986249
7.6410265
7.9641643
8.397848
8.181006
8.2915535
9.269468
8.287301
8.8315325
9.486311
8.835785
7.636775
7.747322
8.725238
7.309386
9.052627
9.052627
8.835785
7.526228
7.636775
7.857869
7.9641643
8.94208
7.9641643
9.158921
9.482059
9.805196
9.698901
10.349427
11.1105
10.23888
11.004206
10.459974
9.588354
10.353679
9.698901
8.720985
7.853617
8.2915535
7.747322
6.986249
6.875702
8.4021
8.074712
6.986249
7.747322
8.397848
7.309386
7.419933
8.181006
8.176754
8.397848
8.725238
9.703153
10.02629
10.243132
10.570521
9.698901
10.132585
9.371511
9.048374
10.136837
9.809448
9.158921
9.163173
9.375764
7.747322
9.052627
9.052627
8.181006
8.181006
8.725238
8.287301
7.636775
7.9641643
6.769407
6.986249
7.747322
6.875702
7.5304804
8.508395
8.614691
8.614691
8.94208
7.849365
9.158921
8.070459
9.048374
9.048374
8.720985
8.287301
9.265217
10.136837
9.15467
7.9599123
8.8315325
9.592606
7.415681
7.747322
7.419933
6.3314705
8.181006
8.181006
6.981997
9.486311
9.048374
7.9599123
7.74307
7.853617
7.526228
7.092544
8.725238
7.526228
7.415681
7.419933
7.9641643
8.725238
7.9599123
8.504144
8.181006
8.504144
8.720985
9.592606
9.048374
8.176754
7.632523
9.048374
9.698901
8.82728
10.89791
10.349427
9.371511
8.716734
9.044123
9.698901
9.592606
8.393597
8.397848
8.397848
7.419933
7.857869
7.853617
7.636775
8.835785
8.82728
8.610438
9.265217
10.136837
8.610438
7.9599123
8.720985
8.287301
9.269468
8.070459
8.287301
8.508395
8.508395
7.5304804
8.729489
7.5304804
8.074712
8.2915535
7.857869
6.5525646
6.875702
7.6410265
7.747322
7.853617
9.703153
9.482059
8.28305
10.353679
9.592606
6.765155
8.508395
7.5304804
5.7872396
7.313638
7.203091
5.6766925
7.203091
8.835785
7.526228
8.614691
8.725238
8.720985
7.526228
7.9641643
7.203091
6.765155
7.313638
6.986249
7.092544
7.9641643
7.636775
7.5304804
7.5304804
8.181006
7.857869
7.092544
6.981997
7.636775
7.313638
6.875702
6.6588597
7.857869
7.1988387
8.725238
9.919995
9.15467
8.066207
7.849365
6.875702
7.419933
7.636775
7.9684157
7.6410265
6.986249
6.6588597
6.5483127
6.765155
7.636775
7.747322
7.203091
6.875702
6.769407
6.5525646
6.2251754
6.986249
7.853617
7.9599123
8.8315325
9.592606
8.82728
8.720985
8.8315325
8.070459
8.074712
7.636775
7.5304804
8.185258
6.986249
7.419933
6.981997
8.397848
8.070459
7.74307
8.181006
6.87145
7.747322
7.203091
6.769407
7.317889
5.353555
5.902038
6.4462695
6.4462695
7.096796
7.5304804
6.986249
6.4420176
7.5304804
7.857869
6.008333
6.663111
6.556816
5.791491
5.6851964
6.7736583
6.9905005
6.3357224
6.8799534
7.7515736
7.207342
6.5525646
5.902038
5.6851964
6.3357224
6.012585
7.317889
6.2294273
6.3357224
6.1188803
6.1188803
6.7736583
6.8799534
6.3357224
7.096796
7.5347314
6.1188803
5.464102
7.317889
6.2294273
5.357807
6.7736583
6.2294273
6.339974
5.6851964
6.123132
6.667363
5.464102
6.2294273
5.357807
5.902038
5.574649
6.7736583
6.556816
5.468354
5.0346694
5.3620586
6.123132
6.123132
5.468354
4.6009855
5.2557635
4.3841434
5.2557635
4.6009855
6.3442264
6.2336793
4.1630497
6.450521
5.902038
5.902038
6.4462695
6.012585
6.1188803
5.251512
5.791491
6.663111
5.791491
5.574649
6.9905005
5.791491
5.030418
5.795743
5.574649
5.24726
6.2294273
6.556816
5.6851964
6.2294273
6.9905005
6.4462695
6.769407
7.096796
6.986249
6.8799534
7.5304804
6.3357224
5.7872396
6.6588597
7.203091
7.313638
7.096796
7.096796
7.096796
6.7736583
6.3357224
5.353555
6.008333
5.902038
5.791491
5.464102
5.574649
5.357807
5.140965
6.012585
6.008333
5.030418
5.574649
7.207342
5.24726
5.464102
5.902038
6.008333
7.4241843
7.313638
5.8977866
6.8799534
6.5525646
5.24726
6.4462695
5.795743
5.791491
6.2294273
6.2294273
6.556816
5.791491
6.012585
6.7736583
5.902038
5.468354
6.9905005
6.8799534
5.468354
6.556816
5.6851964
5.464102
6.9905005
6.986249
7.313638
7.313638
7.747322
6.986249
6.6588597
7.857869
7.5304804
6.3357224
6.9905005
5.902038
5.251512
6.556816
6.8842053
6.012585
6.7736583
6.9905005
6.8799534
6.769407
7.4241843
6.769407
5.8977866
6.9905005
6.663111
6.1188803
7.317889
6.663111
5.136713
6.1188803
6.012585
5.578901
6.2294273
5.140965
6.667363
5.795743
4.592482
6.1188803
6.123132
6.3357224
6.4462695
6.7736583
7.096796
6.8799534
6.3357224
7.096796
6.769407
6.114629
6.8799534
7.096796
6.5525646
6.4462695
6.9905005
6.9905005
5.574649
6.8842053
5.574649
6.012585
5.0346694
5.140965
5.468354
4.5967336
6.123132
5.1452165
5.578901
5.799995
4.056754
4.8178277
4.928375
4.8178277
5.140965
4.6009855
4.2735963
4.490439
5.799995
5.1452165
3.7293656
5.6937
3.8399122
3.2956812
4.605237
4.8178277
3.9504592
5.3663106
4.2778482
4.167301
4.3883953
5.3663106
3.7336173
4.2821
4.4989424
2.7557018
3.848416
4.9326262
3.62307
4.8220797
4.8220797
5.1452165
4.167301
4.2778482
5.689448
5.2557635
3.62307
5.583153
3.5167751
3.4104798
3.6273217
3.1936376
3.299933
3.9504592
4.4946904
3.299933
5.2600155
4.4946904
4.167301
4.0610065
4.167301
3.62307
4.3841434
5.3620586
5.6851964
5.1452165
6.123132
5.902038
6.339974
5.90629
5.90629
5.0346694
5.038922
4.0610065
3.7336173
3.954711
4.2821
4.0610065
4.8220797
5.583153
5.038922
3.9504592
4.056754
4.8220797
5.038922
4.7115326
4.7115326
5.038922
5.3620586
4.928375
5.799995
5.795743
5.799995
5.4726057
4.3841434
5.1494684
3.406228
4.0610065
4.9326262
4.4946904
4.0610065
5.038922
5.2557635
5.0346694
6.3442264
5.4726057
5.251512
5.4726057
5.799995
5.583153
6.2336793
5.3663106
5.4726057
4.3841434
5.251512
6.2336793
6.2336793
4.8178277
6.2336793
4.7072806
5.4726057
4.928375
4.167301
5.9105415
4.7115326
5.4726057
4.4946904
4.928375
4.2735963
5.4726057
5.689448
5.0346694
5.251512
4.928375
4.8178277
5.038922
5.583153
5.689448
4.3841434
5.1452165
5.799995
4.6009855
4.167301
6.1273837
5.2557635
4.928375
6.450521
5.3620586
6.123132
6.339974
5.1452165
5.795743
5.795743
6.4462695
5.3620586
6.7736583
6.663111
6.4420176
7.5347314
7.4241843
6.008333
6.7736583
6.8799534
7.4241843
7.4241843
6.769407
7.5304804
7.9684157
7.6410265
6.986249
6.7736583
6.9905005
7.096796
7.096796
6.8799534
6.5525646
7.207342
6.4462695
6.663111
8.078962
6.8799534
8.185258
6.5525646
7.313638
7.6410265
6.875702
8.729489
8.614691
8.618942
7.857869
8.074712
7.6410265
7.857869
7.096796
7.7515736
7.207342
6.5525646
7.096796
7.4241843
6.556816
7.6452785
7.4284363
6.1188803
5.902038
6.8842053
6.123132
5.795743
6.339974
5.795743
4.924123
6.7736583
5.24726
6.012585
7.5347314
6.9905005
6.012585
6.7736583
5.030418
6.123132
7.1010475
5.24726
6.663111
6.5525646
6.663111
7.7515736
6.769407
6.2251754
6.8799534
5.6851964
6.2294273
6.4462695
6.663111
7.4284363
7.313638
7.203091
7.857869
7.313638
7.313638
7.313638
7.6410265
6.5483127
8.512647
8.2915535
8.508395
7.419933
7.9684157
7.203091
6.986249
8.074712
7.313638
8.2915535
7.9641643
7.6410265
7.5304804
7.857869
7.747322
8.074712
7.857869
7.9641643
8.4021
8.725238
7.092544
8.074712
7.857869
8.4021
7.203091
7.313638
8.074712
7.419933
7.747322
8.508395
7.203091
8.729489
8.074712
6.875702
8.946331
7.857869
8.94208
9.380016
9.596858
9.375764
9.375764
9.919995
9.486311
9.375764
9.048374
8.2915535
7.74307
7.419933
8.94208
8.835785
7.9641643
7.5304804
8.295805
7.5304804
7.203091
6.986249
8.295805
7.857869
8.4021
7.203091
7.6410265
8.295805
7.6410265
7.6410265
7.857869
7.857869
7.6410265
8.512647
8.946331
7.5304804
7.9684157
7.4241843
6.8799534
7.7515736
8.185258
7.857869
7.857869
7.313638
7.5304804
6.8799534
7.096796
7.5304804
7.6410265
7.096796
7.857869
8.185258
7.313638
6.663111
7.7515736
8.185258
7.313638
6.986249
7.4241843
7.313638
6.114629
7.313638
7.857869
7.747322
6.875702
7.092544
8.074712
8.074712
7.857869
8.946331
8.074712
7.419933
7.857869
7.7515736
7.7515736
7.313638
8.185258
7.6410265
8.618942
8.074712
8.2915535
9.052627
9.269468
8.614691
8.835785
9.052627
7.747322
7.747322
7.9684157
8.185258
6.5525646
7.1010475
7.317889
6.4420176
6.2294273
6.9905005
7.5347314
6.5525646
5.468354
6.450521
6.2294273
5.578901
6.77791
6.123132
6.9905005
6.663111
6.4420176
8.074712
7.747322
6.6588597
7.9684157
7.7515736
7.5347314
6.8842053
6.8842053
6.450521
6.663111
6.2294273
6.8842053
6.012585
5.251512
4.924123
6.339974
5.795743
6.2336793
4.7072806
5.689448
6.667363
6.667363
6.556816
6.8842053
7.207342
5.902038
6.7736583
5.578901
6.012585
5.0346694
4.7115326
5.799995
5.3663106
5.2557635
5.038922
4.928375
4.2735963
5.2557635
5.038922
4.2778482
4.167301
4.4946904
5.4768577
4.9326262
3.7336173
5.1494684
4.167301
4.167301
5.4726057
6.2336793
4.924123
6.2336793
5.578901
5.1452165
5.583153
5.9105415
5.2557635
5.1452165
6.2336793
5.3620586
6.2336793
5.795743
6.1188803
6.2294273
7.9684157
8.295805
7.857869
6.769407
7.4241843
6.769407
6.2294273
7.5347314
5.6851964
5.140965
6.123132
4.8178277
4.8178277
5.4726057
4.2778482
4.2778482
4.715784
5.2557635
5.3620586
5.689448
6.339974
6.7736583
6.3357224
6.5525646
8.729489
8.614691
8.070459
8.618942
6.769407
7.207342
6.5525646
4.7030287
4.928375
4.3841434
2.6451547
3.6273217
3.1936376
4.065258
4.065258
2.9767957
3.737869
4.171553
4.2778482
5.3663106
4.7115326
5.795743
6.012585
6.1188803
7.7515736
7.857869
6.5483127
7.5304804
7.203091
7.419933
6.5483127
6.769407
6.9905005
5.795743
3.9462075
4.6009855
4.7072806
4.056754
5.4726057
5.689448
4.3841434
3.9462075
4.7115326
5.799995
5.1452165
5.251512
5.1452165
5.578901
7.1010475
7.7515736
7.4241843
7.6410265
6.5525646
7.857869
8.185258
7.096796
8.185258
6.663111
7.1010475
6.3357224
6.008333
7.5347314
8.074712
6.6588597
7.096796
5.8977866
7.9684157
6.986249
5.6809444
7.5347314
7.6410265
5.6809444
6.769407
7.419933
6.6588597
7.419933
7.9641643
8.720985
8.066207
7.74307
8.614691
8.720985
8.176754
8.8315325
9.703153
8.066207
9.919995
9.809448
8.499891
9.15467
10.23888
10.23888
10.243132
10.243132
9.588354
9.260964
10.893659
10.455723
10.349427
9.805196
10.349427
10.345176
10.128334
10.455723
11.2125435
10.455723
9.805196
9.805196
9.477807
9.915743
9.477807
10.0220375
9.482059
8.606187
8.933577
9.69465
9.260964
9.800944
9.256713
10.23888
10.0220375
10.234629
11.323091
11.323091
10.668313
11.973618
11.646228
12.734691
12.190459
11.867322
10.995702
11.2125435
11.871573
11.548436
10.566269
9.477807
9.584103
10.349427
9.911491
10.562017
10.128334
10.562017
10.668313
10.668313
11.433638
11.544185
10.889407
10.345176
10.566269
10.889407
11.323091
10.995702
10.77886
11.216796
10.889407
9.584103
10.128334
10.23888
9.150418
10.566269
10.349427
10.349427
10.676816
10.893659
10.23888
10.23888
9.588354
10.455723
10.995702
10.562017
12.088415
10.6725645
10.562017
11.544185
10.889407
10.345176
10.0220375
10.23888
10.132585
9.800944
10.349427
10.893659
10.349427
9.260964
10.783112
9.69465
9.260964
10.0220375
10.349427
10.455723
10.23888
9.911491
10.0220375
10.566269
10.349427
10.132585
10.017787
9.800944
10.128334
10.999953
9.477807
9.69465
10.23888
9.039871
9.805196
9.805196
9.805196
9.15467
8.504144
9.482059
9.15467
8.393597
9.265217
9.15467
7.0882916
8.176754
9.044123
9.371511
9.482059
9.044123
8.393597
8.393597
7.9599123
8.504144
8.397848
8.181006
6.981997
6.981997
8.614691
8.066207
7.74307
7.415681
7.526228
7.305134
6.110377
6.765155
7.1988387
7.636775
6.654608
6.5483127
7.9599123
7.849365
7.521976
8.8315325
8.393597
8.499891
9.265217
8.720985
7.309386
6.654608
7.9641643
7.526228
6.0040812
8.181006
7.9641643
7.419933
8.181006
7.636775
6.765155
7.526228
7.747322
7.419933
8.2915535
7.415681
7.309386
7.74307
6.6588597
7.092544
8.397848
8.070459
7.632523
8.504144
7.9599123
7.636775
8.181006
7.636775
6.5483127
7.747322
7.857869
7.5304804
6.769407
6.6588597
6.4420176
7.092544
7.313638
7.203091
6.6588597
7.419933
7.74307
8.287301
8.94208
8.720985
8.176754
8.8315325
9.265217
7.9599123
9.265217
8.8315325
8.287301
9.269468
8.070459
6.5483127
7.419933
7.092544
7.092544
8.729489
8.070459
7.419933
8.074712
7.092544
7.5304804
7.203091
6.986249
6.4420176
6.986249
6.986249
7.092544
7.9641643
6.986249
6.875702
6.875702
6.4420176
7.5304804
6.6588597
6.008333
6.663111
7.5304804
6.769407
6.769407
7.6410265
6.875702
6.6588597
7.313638
6.986249
7.092544
8.287301
7.853617
7.632523
6.87145
8.070459
8.508395
7.309386
6.5483127
6.6588597
6.875702
6.5483127
7.092544
6.6588597
7.5304804
7.636775
6.769407
6.3314705
7.092544
8.074712
6.986249
6.3314705
7.203091
7.092544
5.6766925
6.6588597
7.419933
7.419933
6.3314705
6.986249
6.986249
8.074712
6.986249
6.986249
6.114629
6.663111
6.008333
6.5525646
6.9905005
6.8799534
7.313638
5.574649
6.3357224
6.769407
6.1188803
6.3357224
6.663111
6.008333
5.464102
6.1188803
7.207342
6.6588597
6.769407
7.4241843
6.986249
5.6766925
6.986249
6.3314705
6.6588597
7.096796
7.313638
6.4420176
6.663111
6.008333
6.3357224
5.464102
6.2294273
6.8799534
5.791491
5.902038
6.008333
6.4420176
6.5525646
6.986249
7.5304804
8.508395
8.2915535
6.981997
8.070459
8.070459
8.074712
7.419933
6.769407
7.096796
7.096796
5.8977866
6.663111
7.317889
6.5525646
6.986249
6.4420176
8.074712
7.747322
6.875702
6.986249
7.419933
7.9641643
7.636775
7.203091
7.6410265
6.875702
7.203091
6.765155
7.092544
8.512647
6.986249
6.986249
7.6410265
6.875702
7.313638
7.096796
7.313638
6.875702
7.857869
7.419933
8.074712
7.9641643
8.070459
9.163173
8.614691
8.176754
8.287301
7.636775
8.8315325
8.504144
8.720985
9.703153
9.048374
8.287301
8.725238
8.614691
8.8315325
8.8315325
8.508395
7.9641643
7.636775
7.853617
8.94208
9.703153
8.176754
7.415681
8.397848
8.181006
7.526228
7.309386
8.835785
7.9641643
7.526228
7.309386
7.092544
8.725238
8.181006
7.853617
7.203091
8.835785
7.309386
8.614691
9.486311
7.632523
8.508395
8.287301
8.2915535
8.614691
8.614691
8.94208
7.74307
7.632523
9.052627
8.94208
9.048374
8.8315325
7.853617
8.94208
9.158921
8.397848
7.526228
7.636775
7.9641643
8.2915535
7.747322
6.6588597
7.5304804
7.203091
6.3314705
7.313638
7.313638
7.5304804
7.747322
6.3314705
7.5304804
7.5304804
6.875702
6.986249
8.074712
7.313638
6.6588597
6.5525646
7.857869
7.313638
7.096796
5.791491
6.663111
7.317889
6.8842053
5.1452165
6.123132
6.012585
5.6851964
6.7736583
6.8799534
6.9905005
6.663111
5.902038
6.9905005
7.4284363
6.3357224
6.556816
6.556816
5.251512
5.795743
5.6851964
5.3620586
4.490439
5.4726057
5.4726057
3.8399122
4.8220797
3.9504592
4.605237
5.038922
4.8178277
5.689448
4.3841434
5.578901
5.1452165
6.016837
6.2336793
5.1452165
5.578901
5.689448
5.1452165
6.339974
7.1010475
6.8842053
6.3357224
6.9905005
7.1010475
6.9905005
6.3357224
6.9905005
5.6851964
6.339974
5.578901
4.928375
5.2557635
5.3620586
5.3620586
5.3620586
4.490439
4.8178277
4.7115326
4.6009855
4.3841434
5.3663106
5.1494684
3.9504592
4.2778482
4.928375
4.7072806
5.468354
5.578901
5.90629
5.90629
6.8842053
5.3620586
5.90629
5.90629
5.0346694
5.1452165
6.8842053
6.339974
4.928375
5.4726057
4.8178277
4.928375
5.2557635
6.237931
5.038922
4.3841434
5.1494684
5.583153
4.7072806
5.583153
4.8220797
6.1273837
4.928375
5.799995
5.689448
5.2557635
5.038922
5.799995
5.3620586
4.6009855
4.6009855
5.799995
4.4946904
4.0610065
4.2778482
4.4946904
5.1494684
4.167301
5.583153
4.6009855
4.8178277
5.1452165
5.251512
6.339974
5.030418
5.030418
6.7736583
6.7736583
6.012585
6.9947524
6.9905005
5.578901
7.1010475
6.339974
6.7736583
6.8842053
5.6851964
6.7736583
5.6851964
5.6851964
6.556816
6.2294273
5.468354
6.667363
6.4462695
4.8135757
6.667363
6.8842053
5.902038
4.8178277
5.689448
6.339974
5.251512
5.1452165
6.7736583
6.2294273
4.8135757
6.3357224
6.3357224
5.902038
6.667363
7.8621206
7.5347314
6.012585
7.207342
6.9905005
7.7515736
6.769407
7.857869
7.747322
7.6410265
7.6410265
7.9684157
7.857869
7.6410265
6.8799534
8.295805
7.207342
6.5525646
7.7515736
6.7736583
5.902038
6.556816
6.7736583
7.317889
5.574649
5.140965
6.339974
5.140965
5.140965
6.2294273
6.9905005
7.5347314
6.3357224
6.663111
6.4462695
6.663111
5.0346694
6.556816
6.9947524
6.450521
6.012585
6.7736583
7.1010475
7.4241843
6.3357224
6.008333
7.5347314
6.8799534
7.096796
7.5347314
6.7736583
6.9905005
7.317889
6.663111
7.4241843
8.623194
6.986249
7.7515736
7.6410265
7.5304804
6.769407
6.986249
6.986249
7.9684157
7.6410265
6.1188803
7.207342
7.096796
6.2251754
7.9684157
7.4241843
7.207342
6.663111
5.791491
6.4462695
7.1010475
5.902038
7.5347314
7.096796
7.9684157
8.512647
7.313638
8.729489
8.2915535
6.6588597
7.4241843
8.4021
7.6410265
8.185258
7.857869
7.5304804
7.857869
6.986249
7.857869
7.857869
7.9684157
8.512647
7.313638
7.096796
7.313638
8.185258
7.857869
7.419933
6.769407
7.857869
7.5304804
6.4420176
7.9684157
7.6410265
6.5525646
7.7515736
7.9684157
5.5703974
6.4462695
7.096796
6.4420176
7.313638
8.185258
7.747322
6.875702
7.747322
8.397848
7.309386
8.618942
8.181006
8.070459
8.618942
9.486311
7.9641643
8.2915535
8.618942
7.5304804
8.185258
8.618942
7.6410265
8.295805
7.857869
7.5304804
7.857869
7.5304804
7.5304804
6.769407
7.857869
7.9641643
8.508395
8.725238
7.74307
9.380016
7.526228
8.835785
8.725238
6.765155
7.747322
7.636775
6.875702
9.269468
8.181006
6.765155
7.857869
8.4021
7.747322
7.309386
9.163173
9.375764
8.614691
7.9599123
9.703153
9.809448
9.375764
9.809448
10.787363
9.915743
9.915743
9.371511
9.915743
10.459974
9.588354
9.482059
9.588354
10.566269
9.911491
10.243132
10.132585
9.915743
10.0220375
8.82728
9.371511
9.482059
9.044123
8.393597
8.94208
9.482059
8.937827
9.482059
9.265217
9.915743
9.69465
9.911491
10.676816
10.0220375
11.1105
10.459974
10.349427
10.676816
11.221047
11.1105
10.566269
11.327342
10.889407
11.323091
11.539933
11.761026
11.544185
11.871573
11.544185
12.084165
10.668313
11.65048
12.301006
12.296754
13.495763
12.513597
12.951532
12.840985
13.274671
12.624144
12.296754
12.947281
13.274671
13.057828
12.840985
12.403049
12.186207
13.168375
13.057828
13.057828
13.168375
11.8630705
12.079912
12.840985
13.385218
12.951532
13.389469
12.517848
13.062079
12.301006
11.65048
12.084165
11.106249
12.088415
11.327342
11.327342
11.1105
9.809448
9.15467
10.132585
10.132585
9.919995
9.048374
8.94208
9.380016
8.835785
9.596858
8.508395
7.636775
8.074712
7.747322
7.092544
7.9641643
7.313638
7.857869
7.857869
6.986249
8.512647
8.618942
7.857869
7.203091
7.747322
8.835785
8.2915535
7.092544
6.986249
6.5525646
6.4462695
6.2294273
7.1010475
7.4241843
7.7515736
6.5525646
7.317889
6.008333
4.9198713
6.4462695
6.1188803
4.5967336
5.574649
5.574649
5.8977866
6.7736583
5.574649
5.6851964
5.6809444
5.6851964
5.468354
4.1630497
4.167301
4.8178277
4.5967336
4.8178277
5.1452165
5.0346694
4.8178277
4.8178277
5.468354
6.2294273
4.924123
5.90629
4.490439
4.7072806
5.1452165
5.2557635
4.3841434
3.844164
3.6273217
3.5167751
3.844164
3.737869
3.844164
3.3041847
3.3041847
2.1051755
2.3220174
3.3041847
4.4989424
3.4104798
3.406228
3.189386
3.0830908
2.6494067
3.954711
2.9767957
2.7557018
3.0830908
2.3220174
1.7777863
3.0873425
3.5210268
2.6494067
2.9767957
2.8662488
4.3926473
2.8705006
2.5388596
2.4325645
2.9810476
1.4546491
2.6536584
3.0873425
2.7599535
1.6757431
1.8925852
1.6757431
0.48098555
-0.28008774
1.1357636
0.3746904
1.1357636
0.7020795
0.3746904
1.1357636
0.48098555
0.04730134
2.224226
0.48098555
0.04730134
1.4589009
0.69782764
0.58728075
2.2199743
2.2199743
0.47673374
3.1978896
2.5431116
1.5609442
2.2157223
2.3262694
2.1051755
3.1936376
2.6494067
2.5388596
4.715784
4.167301
3.078839
5.3663106
4.605237
5.2557635
5.1452165
4.3841434
4.7115326
5.9105415
4.8220797
4.8220797
4.928375
5.038922
5.3663106
5.2557635
5.583153
5.689448
5.795743
7.4284363
6.9947524
6.339974
6.77791
6.7736583
7.1010475
6.4462695
6.8799534
7.8621206
6.8799534
6.5525646
7.1010475
6.008333
6.4420176
6.1188803
7.207342
5.5703974
6.2251754
7.6410265
6.0040812
6.114629
7.313638
4.915619
5.791491
6.1188803
5.574649
6.2294273
6.3357224
6.114629
5.574649
6.008333
6.875702
6.3314705
6.6588597
7.747322
6.765155
7.747322
7.9641643
7.309386
8.070459
8.176754
8.835785
7.853617
7.849365
7.74307
8.720985
8.176754
8.070459
8.504144
7.636775
8.185258
7.9641643
6.986249
6.6588597
7.747322
6.981997
7.9641643
8.393597
7.415681
8.94208
8.397848
7.9641643
8.835785
8.720985
8.287301
9.265217
10.459974
9.371511
10.676816
10.455723
10.23888
10.893659
10.676816
10.132585
10.787363
10.349427
10.893659
10.89791
10.02629
9.703153
9.592606
8.397848
9.380016
8.8315325
8.181006
8.8315325
7.9599123
9.048374
8.937827
9.482059
9.915743
9.588354
9.150418
9.69465
10.783112
9.260964
9.048374
8.82728
9.375764
9.592606
9.044123
8.176754
8.504144
8.720985
8.176754
8.287301
9.592606
8.720985
8.397848
8.720985
9.919995
9.482059
9.371511
10.459974
10.676816
10.0220375
9.805196
10.02629
8.82728
9.375764
9.265217
8.393597
9.375764
9.486311
9.265217
8.8315325
8.720985
8.937827
8.28305
8.176754
7.9599123
8.614691
9.375764
8.725238
9.375764
8.287301
8.508395
9.375764
8.176754
8.504144
8.610438
9.482059
8.610438
8.504144
8.725238
8.8315325
8.287301
7.526228
8.725238
8.504144
9.052627
8.066207
8.287301
8.070459
6.981997
7.9641643
7.526228
7.092544
7.9641643
7.9641643
6.6588597
7.203091
8.185258
7.419933
8.2915535
7.203091
7.419933
7.747322
7.853617
8.618942
7.74307
6.765155
8.835785
6.981997
7.419933
8.725238
8.729489
7.203091
7.092544
7.419933
7.092544
7.419933
6.875702
8.185258
7.857869
7.5304804
7.9641643
7.5304804
7.6410265
7.9641643
6.769407
6.114629
7.857869
7.857869
6.4420176
6.663111
6.008333
5.574649
6.1188803
6.663111
6.3357224
6.1188803
6.4420176
5.8977866
6.769407
6.5525646
6.3357224
6.008333
7.207342
7.6410265
6.769407
6.5525646
7.6410265
5.353555
7.096796
6.3314705
6.2251754
6.663111
6.663111
6.663111
6.4462695
6.339974
6.012585
5.902038
5.795743
6.012585
6.4462695
6.5525646
5.6851964
6.7736583
6.2251754
6.663111
5.574649
5.795743
6.556816
5.578901
5.038922
5.90629
6.2294273
6.339974
7.6452785
6.008333
6.1188803
7.4241843
6.5525646
7.4241843
7.6410265
6.008333
7.207342
7.096796
6.9905005
7.4241843
7.207342
6.1188803
6.2294273
6.2294273
6.2294273
6.663111
6.012585
5.3620586
6.012585
5.90629
5.795743
5.578901
5.799995
5.1452165
6.123132
6.667363
6.7736583
6.7736583
6.556816
6.2251754
6.9905005
7.096796
7.4241843
8.074712
7.313638
7.207342
8.4021
7.9684157
7.857869
8.295805
6.2251754
7.1010475
6.667363
6.339974
6.450521
6.556816
5.902038
6.667363
6.012585
5.6851964
7.5347314
7.5347314
6.8799534
5.574649
6.3357224
6.3357224
7.6452785
7.207342
6.8799534
6.663111
6.769407
6.4420176
7.5304804
7.7515736
6.8799534
7.6452785
6.556816
6.012585
6.77791
6.339974
6.8842053
6.556816
5.795743
6.7736583
6.8799534
5.795743
6.667363
6.9905005
6.5525646
7.207342
6.663111
6.8799534
7.207342
6.4420176
7.4241843
6.769407
6.769407
6.012585
5.902038
5.140965
5.468354
4.924123
4.7072806
5.2557635
4.7115326
3.8399122
5.4726057
5.689448
5.1452165
4.490439
5.0346694
6.561068
5.3620586
6.012585
5.791491
5.902038
6.556816
6.7736583
7.317889
6.1188803
6.663111
6.4462695
5.6809444
6.556816
7.5347314
5.791491
7.6452785
7.7515736
6.8799534
6.9905005
6.4462695
5.6809444
6.2294273
6.4462695
5.791491
6.8842053
6.7736583
5.357807
6.1188803
6.5525646
6.663111
6.663111
7.9684157
6.5525646
6.5525646
7.207342
6.4420176
6.663111
6.8799534
6.4462695
5.464102
6.663111
5.6851964
5.140965
4.928375
5.689448
6.561068
5.578901
6.123132
7.4284363
5.6851964
5.795743
7.5347314
6.986249
6.1188803
7.096796
7.096796
6.8799534
6.556816
6.8842053
7.1010475
5.578901
5.689448
6.3442264
5.689448
4.2735963
5.689448
4.7072806
3.5125234
5.583153
5.1452165
4.1630497
4.2735963
4.6009855
4.8178277
4.7115326
4.928375
4.167301
4.8220797
4.8220797
3.62307
3.9504592
4.167301
3.62307
4.605237
4.3841434
4.4946904
4.928375
5.2557635
4.928375
6.1273837
6.123132
5.1452165
6.2336793
5.578901
4.8178277
5.4726057
5.578901
6.123132
5.0346694
4.924123
6.123132
5.689448
4.8178277
5.3620586
4.928375
5.038922
5.689448
3.8399122
4.0610065
4.6009855
4.6009855
3.6188183
4.7115326
5.2557635
3.9462075
4.8220797
5.3663106
5.4726057
4.6009855
5.3663106
4.3841434
5.251512
5.0346694
4.490439
5.251512
6.123132
5.468354
5.0346694
5.90629
6.667363
5.3620586
6.016837
5.0346694
5.689448
5.689448
6.123132
5.140965
5.6851964
5.902038
6.663111
6.9905005
6.1188803
7.5347314
7.207342
6.3357224
6.008333
6.012585
6.3357224
6.8799534
5.791491
5.902038
6.8799534
6.8799534
5.902038
5.251512
6.7736583
5.468354
5.574649
5.902038
6.1188803
6.3357224
5.574649
6.3357224
6.769407
6.3314705
7.9641643
7.203091
7.309386
7.9641643
8.2915535
8.508395
7.309386
8.2915535
7.636775
7.526228
6.5483127
7.747322
7.309386
6.875702
6.986249
7.5304804
7.203091
6.875702
8.074712
7.092544
7.305134
7.853617
7.636775
8.181006
7.74307
7.526228
8.614691
8.614691
7.853617
8.074712
7.636775
7.309386
7.9599123
8.720985
9.048374
9.482059
8.499891
9.265217
8.937827
9.805196
9.915743
9.371511
8.716734
8.933577
9.256713
9.805196
9.044123
9.805196
8.606187
8.933577
10.566269
9.805196
9.150418
10.787363
9.805196
10.132585
9.477807
10.566269
9.69465
10.132585
9.911491
10.128334
10.132585
9.805196
9.69465
9.36726
8.720985
9.809448
9.044123
8.287301
9.375764
9.265217
9.260964
9.265217
9.15467
9.477807
10.132585
9.371511
10.459974
9.69465
9.260964
10.349427
9.588354
8.82728
10.349427
9.477807
9.260964
10.0220375
9.805196
9.69465
10.676816
9.69465
10.128334
10.349427
10.128334
9.584103
10.566269
10.455723
9.690397
10.999953
9.911491
9.805196
10.0220375
9.150418
9.805196
10.0220375
9.473556
9.256713
8.712482
10.0220375
10.128334
9.256713
9.800944
9.911491
10.132585
10.0220375
9.805196
9.588354
9.805196
10.128334
10.676816
9.911491
9.690397
10.0220375
10.23888
11.221047
10.23888
9.584103
9.69465
9.36726
10.128334
10.23888
9.69465
10.349427
10.23888
9.584103
10.676816
9.260964
8.933577
10.349427
9.260964
9.584103
8.716734
10.132585
8.606187
9.371511
8.933577
9.477807
9.584103
10.23888
9.584103
10.349427
10.349427
10.128334
9.69465
9.039871
9.69465
9.588354
9.800944
10.566269
10.459974
10.23888
9.150418
10.893659
9.911491
10.349427
10.455723
9.477807
9.588354
9.260964
9.15467
9.477807
9.588354
9.044123
9.805196
9.36726
9.260964
9.477807
9.477807
9.805196
8.389345
9.588354
9.15467
9.371511
8.066207
8.937827
8.28305
7.9599123
8.176754
8.393597
7.849365
8.614691
8.287301
7.853617
8.508395
7.853617
7.526228
8.287301
8.614691
7.636775
8.614691
9.048374
8.610438
9.265217
9.588354
10.676816
10.243132
9.588354
10.02629
10.132585
9.588354
9.375764
9.15467
7.521976
7.853617
8.287301
6.4377656
7.203091
6.008333
6.5525646
7.6410265
5.791491
5.574649
6.3357224
5.5703974
5.574649
7.207342
6.3357224
6.4420176
7.207342
7.4241843
6.008333
6.7736583
5.6851964
6.2294273
6.1188803
6.2251754
6.556816
6.2251754
6.2294273
6.663111
6.1188803
7.8621206
7.207342
6.4462695
5.902038
6.4462695
5.902038
5.6851964
6.123132
6.123132
5.030418
5.3620586
4.8135757
4.924123
5.799995
6.123132
4.8135757
6.4462695
5.795743
5.795743
4.7072806
5.468354
4.6009855
4.056754
5.0346694
5.2557635
3.5125234
4.4946904
3.406228
3.9504592
4.171553
3.844164
3.844164
4.4946904
3.7336173
5.0346694
5.689448
5.689448
4.490439
6.016837
4.6009855
4.3841434
5.90629
4.7072806
5.251512
4.6009855
5.4726057
4.056754
5.3663106
5.038922
3.7336173
3.7336173
4.2778482
2.8662488
3.6273217
3.6273217
2.9767957
3.848416
3.299933
2.4283128
3.3041847
3.4104798
2.6494067
3.954711
3.299933
3.299933
5.0431733
3.299933
3.7336173
4.3883953
4.7115326
4.928375
4.3841434
4.2778482
4.167301
5.2557635
4.605237
5.4768577
5.3663106
4.7115326
3.844164
4.8220797
4.9326262
4.605237
4.715784
5.2600155
4.605237
4.0610065
5.1494684
5.2557635
5.038922
4.3841434
4.1630497
5.3620586
5.2557635
4.3841434
3.844164
4.171553
4.4946904
4.2778482
5.1494684
3.844164
4.605237
4.4946904
4.4946904
5.3663106
4.4946904
3.299933
2.972544
4.715784
4.605237
3.406228
4.4946904
5.1494684
4.7115326
4.928375
5.578901
5.468354
6.016837
6.2336793
6.339974
5.795743
5.3620586
6.123132
5.251512
5.0346694
5.1452165
5.4726057
5.578901
6.016837
5.4726057
5.689448
5.689448
4.928375
4.7115326
4.7115326
3.189386
2.4283128
3.844164
3.5167751
3.299933
2.7599535
3.1936376
2.5388596
2.4325645
2.4325645
4.3926473
2.8662488
3.4104798
4.065258
4.0610065
4.2778482
4.0610065
4.4946904
5.038922
5.2557635
5.2557635
3.8399122
4.8220797
4.4946904
3.844164
3.6273217
3.954711
4.171553
3.4104798
3.6273217
4.2821
3.5210268
3.631574
3.5210268
2.9767957
3.631574
2.9767957
3.3041847
2.9767957
2.8705006
3.0873425
2.6494067
2.7599535
3.7421207
2.5431116
1.9946285
2.6494067
3.414732
4.2821
3.4104798
2.4325645
4.065258
3.299933
4.605237
3.406228
3.7336173
5.038922
4.6009855
4.2778482
3.5167751
3.299933
4.2778482
3.954711
4.4989424
4.715784
4.167301
4.167301
5.4726057
5.4726057
5.689448
4.490439
5.2557635
4.924123
4.4946904
3.406228
4.3883953
4.2778482
3.189386
3.4104798
4.8220797
3.2956812
4.2778482
3.62307
5.2557635
4.4946904
4.3841434
5.1452165
4.928375
4.8178277
5.2557635
5.1452165
4.8178277
4.8178277
5.2557635
5.578901
5.689448
5.038922
4.4946904
4.2778482
3.7336173
4.8220797
5.799995
5.689448
5.795743
6.2294273
6.663111
6.5525646
7.4241843
6.3357224
6.7736583
6.9905005
7.207342
5.902038
5.251512
6.4462695
6.556816
5.357807
5.795743
5.251512
5.251512
5.0346694
4.056754
4.2778482
5.038922
3.406228
4.167301
5.4726057
5.251512
4.7072806
5.24726
6.4462695
7.096796
7.096796
8.185258
6.4420176
8.185258
7.857869
8.295805
7.5304804
6.875702
8.946331
7.853617
6.986249
6.4462695
6.9905005
7.4241843
5.574649
6.012585
6.7736583
6.5525646
5.574649
6.4462695
7.7515736
6.9905005
5.6851964
5.468354
6.123132
6.9905005
5.468354
6.012585
6.663111
5.574649
6.008333
7.9684157
7.203091
6.875702
8.4021
8.4021
7.747322
7.203091
7.5304804
7.5304804
7.419933
5.464102
6.2251754
6.986249
6.875702
7.857869
8.074712
8.185258
8.074712
7.092544
8.508395
7.636775
7.636775
7.853617
7.419933
8.2915535
8.070459
6.769407
7.309386
7.9641643
5.7872396
6.6588597
7.092544
6.3314705
5.7872396
6.875702
7.203091
7.419933
6.3314705
6.2251754
6.875702
5.7872396
6.6588597
5.243008
7.313638
6.008333
6.114629
6.4420176
6.3314705
7.092544
8.074712
7.313638
8.725238
6.981997
7.853617
8.176754
7.9599123
8.8315325
8.720985
9.588354
9.805196
9.698901
9.698901
9.915743
8.82728
8.82728
8.393597
8.610438
8.82728
7.0882916
7.9599123
7.849365
7.9599123
7.74307
7.636775
7.636775
7.9599123
7.9599123
7.305134
8.066207
8.287301
8.504144
7.849365
9.15467
8.066207
9.260964
10.566269
10.999953
10.889407
10.995702
11.106249
10.999953
10.999953
10.6725645
10.0220375
9.805196
9.260964
9.698901
10.243132
10.0220375
9.805196
9.805196
10.459974
10.783112
11.437889
10.999953
10.455723
10.128334
10.783112
11.323091
10.562017
10.455723
9.911491
10.128334
10.234629
11.323091
10.77886
10.995702
10.124082
10.128334
10.889407
10.017787
10.889407
10.23888
10.0220375
10.132585
9.69465
9.473556
11.216796
10.128334
10.77886
10.995702
10.668313
11.433638
12.517848
11.756775
12.5220995
11.318839
12.190459
12.517848
12.513597
11.208292
11.973618
11.973618
10.668313
10.45147
10.455723
10.999953
10.234629
10.566269
9.584103
9.256713
10.455723
9.911491
9.911491
9.911491
9.690397
9.256713
10.0220375
9.150418
8.389345
9.911491
10.128334
9.36726
10.455723
10.77886
9.473556
10.017787
10.124082
10.77886
9.3630085
10.345176
9.36726
8.712482
10.783112
10.455723
10.455723
9.039871
9.805196
9.477807
8.712482
9.69465
8.716734
8.389345
9.36726
8.061955
9.477807
7.738818
8.716734
9.260964
8.610438
8.610438
8.499891
7.4114294
7.305134
7.9599123
7.415681
7.309386
6.765155
7.526228
7.9599123
9.158921
8.499891
8.066207
8.176754
8.82728
8.720985
8.610438
9.260964
7.9599123
8.720985
8.287301
9.158921
7.74307
8.397848
8.8315325
8.614691
7.9599123
9.809448
9.477807
9.588354
9.482059
8.8315325
7.632523
7.415681
8.397848
7.415681
6.981997
7.636775
7.203091
6.4377656
7.636775
7.309386
6.765155
7.747322
6.4420176
6.4420176
6.4462695
6.4420176
6.6588597
7.857869
6.6588597
7.853617
7.092544
8.725238
7.74307
8.8315325
8.287301
7.526228
7.9599123
7.526228
7.636775
8.835785
8.074712
7.9641643
7.74307
7.636775
7.419933
7.419933
6.986249
7.203091
6.986249
6.6588597
7.747322
7.203091
6.875702
7.5304804
7.853617
8.504144
7.632523
9.592606
8.393597
8.614691
7.74307
8.181006
7.419933
6.6588597
7.747322
7.419933
7.5304804
8.618942
7.313638
7.419933
7.419933
8.508395
8.074712
7.747322
8.2915535
7.092544
8.2915535
6.6588597
8.4021
8.181006
7.636775
8.835785
8.8315325
8.504144
9.596858
8.287301
6.981997
8.2915535
7.74307
7.309386
7.747322
7.5304804
6.6588597
7.096796
6.769407
6.663111
7.313638
6.769407
6.6588597
6.4420176
6.769407
7.5304804
6.875702
6.3314705
7.5304804
7.313638
6.5525646
6.8799534
8.4021
8.185258
6.986249
7.5304804
7.857869
7.747322
7.747322
7.857869
7.6410265
7.4241843
6.5525646
8.2915535
6.5483127
6.2209234
7.5304804
8.2915535
6.875702
8.2915535
8.181006
7.526228
8.074712
7.203091
6.875702
6.4420176
6.2251754
6.769407
6.2294273
6.556816
6.2294273
5.6851964
5.24726
7.1010475
6.7736583
4.7030287
7.1010475
6.663111
7.096796
7.313638
7.5304804
6.986249
7.092544
8.074712
8.512647
7.203091
7.313638
8.4021
7.5304804
7.096796
7.747322
7.5304804
6.4420176
7.6410265
7.203091
7.419933
7.096796
7.313638
8.4021
6.4420176
7.4241843
7.096796
7.096796
5.902038
7.317889
6.1188803
6.2251754
6.3357224
6.6588597
6.986249
6.875702
8.074712
7.857869
7.9684157
7.4241843
7.6410265
7.6410265
7.6410265
7.857869
7.4241843
7.7515736
8.185258
7.6410265
8.512647
8.512647
7.207342
7.5347314
7.207342
7.6410265
7.6410265
7.207342
8.512647
7.5304804
8.618942
7.9684157
7.857869
7.5304804
8.078962
6.7736583
5.140965
6.450521
6.339974
5.902038
6.123132
6.123132
6.339974
5.251512
4.928375
5.799995
5.1452165
5.799995
5.799995
6.2336793
6.2336793
5.4726057
5.578901
6.123132
7.2115946
6.123132
6.9947524
6.4462695
5.795743
6.8842053
7.207342
8.295805
7.096796
6.4462695
7.5347314
7.5347314
6.3357224
7.207342
8.295805
6.4462695
6.339974
7.1010475
6.667363
6.2336793
5.4726057
5.4726057
5.4726057
5.2557635
5.3663106
4.928375
4.6009855
4.3841434
4.7115326
4.8220797
6.2336793
5.4726057
5.799995
5.2557635
6.2336793
5.578901
5.4726057
5.90629
6.450521
5.689448
5.1452165
5.689448
6.123132
6.1188803
6.556816
7.1010475
7.317889
6.8842053
6.2294273
6.556816
7.1010475
6.4462695
6.7736583
6.556816
6.7736583
6.1188803
6.9905005
6.4462695
6.4462695
5.574649
7.4284363
6.7736583
5.902038
6.012585
5.795743
6.8842053
6.012585
5.357807
6.77791
5.795743
6.2336793
5.3620586
5.689448
6.450521
6.2336793
5.3620586
6.339974
5.6851964
5.902038
6.9947524
6.9905005
5.795743
6.9947524
7.2115946
6.4462695
6.7736583
6.7736583
6.4462695
6.339974
6.556816
6.339974
6.2336793
5.583153
5.4726057
5.6937
6.671615
4.6009855
5.689448
4.7115326
6.2336793
5.2557635
4.167301
4.928375
5.3663106
4.3841434
4.605237
5.583153
4.7115326
4.6009855
4.3841434
6.77791
5.3620586
5.1452165
6.123132
6.8842053
5.140965
7.2115946
6.556816
5.90629
6.556816
7.8621206
7.4241843
7.096796
7.5304804
6.769407
8.4021
8.185258
7.4241843
8.295805
7.857869
7.313638
8.185258
7.9684157
7.313638
7.5304804
7.857869
7.857869
6.769407
8.4021
7.419933
6.114629
7.857869
8.074712
6.2251754
6.986249
7.857869
7.313638
7.096796
7.096796
6.008333
8.295805
7.9684157
7.5304804
8.074712
7.747322
6.5483127
8.4021
7.747322
8.181006
8.508395
8.508395
8.614691
9.158921
8.504144
9.592606
9.375764
9.048374
9.482059
9.698901
9.371511
10.243132
9.69465
9.260964
10.570521
10.676816
9.805196
9.698901
10.0220375
9.482059
8.614691
8.614691
6.875702
7.857869
7.857869
6.4420176
7.6410265
7.857869
6.986249
8.2915535
7.9641643
8.287301
9.482059
8.070459
10.02629
10.132585
8.720985
9.482059
10.132585
9.044123
9.698901
9.698901
8.937827
8.176754
7.853617
8.181006
8.94208
8.720985
9.703153
9.158921
8.504144
9.482059
8.393597
9.048374
8.393597
8.8315325
8.720985
8.720985
8.94208
8.8315325
7.74307
8.393597
8.504144
9.048374
8.82728
7.9599123
8.397848
7.1988387
7.9641643
8.397848
8.720985
8.720985
9.592606
8.937827
9.260964
10.349427
9.150418
9.69465
10.0220375
9.69465
10.132585
10.349427
10.349427
10.0220375
10.0220375
11.216796
10.345176
10.345176
11.65048
11.106249
9.584103
10.676816
9.477807
9.805196
9.371511
8.720985
9.048374
6.9777446
8.393597
7.305134
8.610438
7.632523
7.526228
7.74307
8.181006
7.636775
7.526228
9.809448
9.044123
9.698901
9.044123
9.150418
9.260964
9.805196
10.0220375
10.353679
9.371511
9.592606
9.915743
8.82728
10.459974
9.805196
9.36726
9.915743
9.805196
10.893659
9.805196
9.588354
10.132585
8.82728
8.937827
9.588354
8.937827
8.176754
7.9599123
7.521976
7.74307
7.526228
8.070459
8.508395
8.725238
7.309386
8.181006
7.74307
8.614691
8.614691
8.720985
8.82728
9.044123
9.588354
9.048374
9.265217
8.82728
8.393597
8.8315325
7.9599123
8.614691
8.287301
8.504144
8.504144
9.919995
8.8315325
9.265217
10.353679
9.15467
8.504144
8.389345
9.048374
8.28305
9.482059
8.716734
9.15467
8.28305
8.82728
9.698901
9.044123
8.1725025
8.8315325
7.74307
7.415681
6.875702
7.092544
6.87145
7.092544
7.419933
7.1988387
6.981997
8.287301
9.592606
9.15467
8.610438
8.720985
9.044123
9.044123
9.260964
10.132585
9.146166
10.23888
10.234629
9.690397
10.889407
10.6725645
9.473556
9.911491
9.36726
8.606187
9.044123
9.371511
8.176754
8.393597
9.371511
8.82728
9.260964
8.716734
10.02629
8.389345
7.0882916
8.720985
8.720985
7.738818
9.588354
9.260964
9.584103
9.584103
9.36726
8.606187
9.477807
9.260964
10.893659
9.477807
9.260964
9.36726
10.23888
10.345176
10.128334
10.128334
11.433638
11.65048
10.668313
10.999953
10.889407
10.345176
9.584103
9.911491
9.800944
10.017787
10.128334
10.128334
10.783112
9.039871
9.371511
9.477807
10.0220375
9.15467
8.176754
9.15467
8.716734
8.82728
9.698901
8.716734
8.82728
9.698901
9.805196
9.044123
10.132585
9.150418
9.588354
10.783112
9.805196
10.349427
9.69465
9.69465
9.477807
10.128334
9.588354
9.371511
9.260964
10.132585
9.805196
10.23888
10.566269
10.132585
9.805196
9.260964
9.260964
8.389345
8.82728
8.716734
7.0882916
8.287301
7.632523
6.327219
6.327219
8.181006
6.981997
6.2209234
6.654608
8.397848
7.1988387
5.7872396
7.5304804
6.6588597
6.114629
7.419933
7.092544
7.636775
7.636775
8.070459
7.0882916
8.397848
8.287301
8.176754
8.070459
7.853617
6.875702
7.203091
7.636775
6.986249
7.419933
7.5304804
6.2251754
6.2251754
6.4420176
4.8093243
5.464102
6.8799534
5.136713
5.136713
4.7030287
5.136713
4.7030287
4.924123
5.140965
5.902038
5.357807
5.0346694
4.7072806
4.269345
4.928375
4.3841434
4.6009855
5.251512
4.8135757
4.924123
4.7072806
4.5967336
5.468354
4.924123
5.795743
5.140965
5.795743
6.556816
5.574649
5.574649
6.4462695
5.574649
5.791491
6.339974
5.902038
5.6851964
4.5967336
4.8178277
4.490439
3.7293656
3.7336173
3.9504592
2.972544
2.861997
2.534608
2.972544
2.972544
1.6672394
1.3441021
2.1051755
2.2157223
2.3220174
2.9767957
3.844164
3.7336173
5.4726057
3.8399122
3.8399122
5.799995
4.167301
4.2735963
5.689448
5.689448
5.1452165
4.6009855
4.928375
4.056754
5.4726057
5.3620586
4.167301
5.038922
4.8220797
4.2778482
4.0610065
4.605237
3.189386
3.848416
3.954711
3.0830908
3.189386
3.737869
2.5388596
2.4325645
3.0873425
2.9767957
1.7820382
2.3262694
3.3041847
1.9988803
2.7599535
2.9767957
2.3220174
2.5431116
2.9767957
2.9767957
2.1051755
3.5210268
2.6494067
2.1051755
3.4104798
3.1936376
2.4283128
3.4104798
3.4104798
3.1936376
3.737869
3.844164
3.737869
3.7336173
4.171553
4.715784
4.4989424
2.8662488
2.1051755
3.3041847
3.0830908
3.5167751
3.4104798
2.6494067
2.4325645
2.4325645
2.4325645
0.03879773
1.6757431
1.1315118
1.1315118
2.003132
2.2157223
2.4325645
3.0873425
3.848416
2.972544
4.2778482
3.2956812
2.534608
3.5167751
3.7336173
3.406228
3.844164
4.0610065
4.7115326
4.2778482
3.1851342
4.4946904
4.490439
4.7115326
4.4946904
3.299933
3.299933
2.7599535
1.8883334
3.631574
2.5431116
1.2335552
2.8705006
2.6494067
2.3220174
2.7599535
2.4325645
2.5388596
2.1051755
3.0873425
1.9946285
2.3220174
3.954711
3.7336173
3.2956812
4.490439
4.2735963
5.1452165
3.8399122
4.8220797
3.078839
4.7115326
4.605237
3.4104798
3.4104798
2.9767957
2.4325645
4.171553
3.6273217
3.7336173
4.2778482
3.406228
5.038922
5.799995
4.928375
3.62307
5.038922
5.038922
4.8178277
3.4019763
3.8399122
4.4946904
3.9504592
3.078839
3.9504592
3.62307
2.4283128
3.6273217
3.1936376
2.5388596
3.737869
3.4104798
4.167301
4.2778482
3.406228
4.3841434
3.8399122
4.056754
5.578901
4.924123
3.9462075
4.4946904
4.6009855
4.6009855
6.2336793
6.2294273
6.3357224
6.3357224
6.8799534
6.114629
7.9684157
7.857869
6.3314705
7.313638
6.769407
6.5525646
7.4241843
6.9905005
6.6588597
7.313638
5.464102
6.1188803
6.5525646
5.353555
5.8977866
5.902038
5.574649
6.012585
5.030418
6.7736583
6.1188803
6.008333
6.8799534
6.008333
7.096796
6.2251754
7.747322
6.5483127
7.419933
8.070459
8.8315325
7.526228
7.853617
9.269468
8.8315325
7.853617
9.486311
9.048374
8.066207
9.592606
9.044123
8.937827
9.919995
8.937827
7.526228
8.508395
8.397848
7.526228
7.636775
8.176754
6.875702
7.9641643
6.875702
7.419933
7.853617
8.614691
8.181006
7.853617
7.632523
6.981997
7.1988387
8.070459
9.158921
8.720985
8.8315325
9.482059
8.82728
9.919995
10.353679
8.937827
9.482059
10.02629
9.805196
9.482059
10.459974
10.893659
11.442142
10.349427
10.349427
10.349427
9.911491
9.260964
10.349427
9.805196
9.482059
7.9599123
8.720985
8.82728
8.393597
8.610438
9.048374
8.720985
8.066207
9.048374
8.610438
9.588354
9.482059
10.676816
8.8230295
10.345176
10.017787
10.889407
11.106249
10.6725645
10.6725645
10.128334
10.455723
11.433638
11.544185
11.216796
10.783112
11.216796
10.562017
12.198963
10.562017
10.562017
10.995702
10.6725645
11.867322
11.106249
11.867322
11.544185
11.429386
12.517848
11.8630705
12.190459
10.557766
11.65048
10.995702
10.566269
11.327342
10.455723
10.999953
10.349427
11.221047
10.349427
9.911491
10.566269
10.349427
10.345176
10.23888
11.106249
11.973618
12.411553
13.062079
12.738942
13.1726265
12.734691
12.407301
13.057828
13.057828
12.301006
12.517848
11.973618
10.885155
12.738942
12.5220995
12.084165
11.216796
11.433638
9.911491
10.0220375
11.1105
10.23888
10.132585
9.69465
9.69465
11.004206
10.23888
9.3630085
10.128334
10.0220375
10.23888
9.69465
11.1105
11.437889
10.455723
10.017787
10.6725645
11.761026
11.323091
11.977869
11.433638
11.867322
12.088415
12.194712
11.327342
10.566269
10.787363
10.783112
10.132585
10.787363
11.221047
10.349427
10.459974
10.676816
10.349427
10.6725645
11.221047
11.327342
9.805196
10.566269
10.893659
9.915743
9.265217
10.136837
8.287301
7.419933
8.725238
7.415681
7.5304804
7.9641643
7.203091
7.313638
7.857869
7.419933
7.313638
7.6410265
7.5304804
6.875702
8.618942
7.857869
8.181006
7.419933
8.2915535
9.269468
8.94208
7.5304804
7.9641643
8.2915535
6.6588597
8.4021
6.986249
6.8799534
7.207342
6.4420176
6.5525646
7.857869
6.3357224
6.3357224
6.7736583
6.1188803
6.4462695
6.667363
5.140965
5.0346694
5.795743
4.924123
4.924123
5.251512
6.339974
6.667363
5.030418
5.902038
6.012585
6.556816
5.791491
6.1188803
6.9905005
7.6410265
6.1188803
6.008333
7.4241843
6.875702
7.313638
7.096796
7.6410265
8.074712
6.875702
7.5304804
7.6410265
7.203091
6.4420176
7.5304804
7.419933
6.986249
6.986249
7.5304804
7.313638
6.3357224
5.357807
5.0346694
4.7072806
5.1452165
5.689448
4.7115326
4.3841434
6.1273837
5.4726057
4.3841434
5.2557635
6.3442264
7.2115946
6.7736583
6.7736583
7.1010475
7.857869
7.6410265
7.096796
7.4241843
8.078962
6.769407
7.096796
7.857869
7.203091
7.9684157
7.5304804
7.747322
8.074712
8.185258
7.6410265
6.7736583
6.7736583
6.9905005
6.012585
5.6851964
5.6851964
5.795743
5.251512
6.4462695
6.7736583
6.1188803
6.667363
6.4462695
6.7736583
7.207342
6.3357224
6.663111
8.295805
7.313638
6.986249
7.9684157
7.313638
7.5304804
7.313638
6.9905005
7.207342
7.857869
7.313638
8.618942
9.486311
9.15467
8.8315325
10.464226
10.02629
8.610438
10.02629
9.703153
8.504144
8.94208
8.181006
7.419933
7.636775
6.5483127
8.074712
7.747322
6.769407
7.9684157
7.313638
6.3314705
5.6809444
6.012585
5.357807
5.030418
5.357807
7.203091
7.313638
6.769407
7.419933
8.725238
8.181006
8.181006
8.397848
7.636775
8.185258
8.074712
6.6588597
8.074712
8.397848
8.504144
7.74307
7.092544
7.5304804
7.203091
7.6410265
7.419933
6.663111
6.2294273
5.574649
6.556816
6.1188803
7.313638
6.6588597
5.8977866
6.875702
6.769407
5.574649
6.4462695
6.663111
4.8135757
6.339974
6.450521
5.0346694
5.90629
5.791491
6.556816
7.207342
7.6452785
6.012585
6.012585
6.7736583
6.2294273
7.4241843
6.769407
7.313638
8.946331
9.269468
8.614691
9.052627
8.181006
6.986249
7.9684157
7.5304804
7.5304804
6.663111
7.207342
6.4462695
6.556816
6.7736583
5.468354
6.123132
6.2294273
5.6851964
5.468354
6.8842053
6.8799534
7.207342
7.6410265
7.747322
6.986249
6.4420176
7.313638
5.8977866
6.1188803
7.317889
6.556816
4.924123
5.689448
5.578901
6.339974
6.9905005
6.1188803
7.7515736
7.4241843
6.5525646
8.512647
7.313638
6.1188803
7.4241843
6.2294273
5.24726
7.1010475
5.902038
6.1188803
6.7736583
6.7736583
5.468354
5.795743
4.928375
4.928375
4.2778482
4.9326262
3.844164
2.7557018
4.4989424
4.065258
3.0830908
3.737869
3.848416
2.5388596
3.737869
4.4989424
3.62307
5.1494684
4.928375
6.016837
6.123132
6.556816
5.6851964
6.8799534
7.4241843
6.663111
6.4462695
7.1010475
6.663111
6.339974
6.556816
6.8799534
6.9905005
6.012585
6.7736583
6.7736583
6.012585
4.8135757
6.123132
5.795743
4.490439
5.4726057
4.490439
3.7293656
5.583153
4.056754
3.4019763
3.9504592
5.1452165
3.9462075
5.0346694
6.123132
6.123132
6.9905005
7.1010475
6.556816
7.4241843
6.4462695
7.313638
7.4241843
7.857869
7.9641643
7.5304804
7.857869
8.4021
8.074712
8.835785
7.419933
8.618942
7.419933
7.9641643
7.636775
8.2915535
7.6410265
6.2251754
7.4241843
6.3357224
7.317889
6.663111
5.6851964
6.2294273
6.2251754
5.791491
7.317889
5.574649
6.339974
6.2294273
6.663111
6.8842053
6.5525646
7.5304804
6.0040812
8.074712
6.875702
8.181006
7.9599123
9.052627
10.136837
9.158921
9.375764
9.158921
8.397848
8.287301
8.946331
7.9641643
7.636775
8.508395
7.747322
7.203091
7.747322
7.313638
7.747322
7.636775
8.4021
8.4021
7.636775
7.853617
8.181006
8.070459
7.092544
8.176754
8.287301
8.181006
6.3314705
6.765155
7.5304804
7.857869
7.203091
8.185258
7.313638
8.512647
6.3357224
7.313638
7.6410265
7.7515736
6.8799534
6.8799534
6.663111
8.185258
6.3357224
7.747322
7.5304804
8.835785
9.269468
8.397848
9.269468
9.809448
8.94208
10.030542
7.853617
7.9641643
7.5304804
8.295805
6.9905005
5.795743
6.1273837
4.056754
4.715784
3.844164
4.4989424
3.1936376
3.954711
4.3883953
3.8399122
5.1452165
6.556816
4.924123
7.7515736
7.6410265
7.6410265
7.6410265
7.096796
7.9641643
7.092544
6.875702
7.7515736
7.317889
7.857869
6.3357224
7.096796
6.663111
7.207342
5.6851964
5.795743
5.6851964
5.795743
5.251512
4.928375
4.7072806
4.056754
3.7293656
4.056754
3.9462075
4.4946904
5.2557635
4.8178277
3.078839
4.8220797
4.7115326
4.2778482
4.0610065
3.406228
3.5167751
4.2778482
3.9504592
4.928375
5.2557635
5.689448
4.8178277
5.2557635
6.016837
4.8178277
4.8178277
4.490439
5.795743
6.450521
5.251512
6.556816
5.357807
5.795743
5.902038
5.357807
6.450521
5.3620586
4.7072806
5.2557635
4.4946904
3.189386
4.605237
3.9504592
3.406228
5.1452165
4.490439
4.056754
4.928375
4.4946904
4.3841434
5.4726057
5.90629
5.140965
6.450521
6.663111
6.008333
6.8799534
7.4241843
7.096796
7.317889
6.4462695
6.339974
5.795743
6.667363
6.012585
6.123132
5.468354
6.2294273
6.8842053
5.6851964
7.317889
7.5347314
6.1188803
7.5347314
6.5525646
6.663111
7.4241843
6.663111
6.2294273
7.4284363
6.1188803
4.7072806
5.795743
5.795743
5.357807
5.251512
5.251512
4.1630497
4.8178277
6.667363
4.924123
6.339974
6.5525646
6.6588597
6.5483127
7.313638
6.875702
7.636775
7.636775
8.397848
7.853617
8.8315325
8.937827
8.610438
8.82728
9.805196
9.039871
9.260964
9.477807
9.039871
8.499891
9.044123
8.28305
8.393597
8.070459
8.610438
7.1988387
7.9599123
7.849365
7.853617
6.654608
7.857869
6.0040812
6.875702
6.5483127
6.875702
5.5703974
6.986249
6.6588597
6.5483127
7.9599123
7.415681
8.504144
8.720985
8.8315325
8.504144
9.482059
8.610438
8.066207
9.698901
8.606187
8.82728
9.698901
10.132585
9.260964
10.459974
9.044123
8.28305
9.260964
9.36726
8.933577
9.477807
9.477807
9.911491
9.584103
9.150418
9.805196
9.260964
9.256713
9.150418
8.933577
9.039871
8.712482
9.800944
9.911491
9.584103
9.150418
9.36726
8.712482
9.69465
9.584103
9.256713
10.783112
10.45147
11.318839
12.407301
12.513597
12.075661
12.947281
13.814649
12.836734
14.035743
13.814649
12.840985
12.079912
11.425134
11.318839
11.208292
12.186207
12.624144
12.624144
12.403049
12.186207
12.296754
11.641976
10.991449
12.190459
11.2125435
11.539933
11.429386
12.624144
11.535681
13.168375
12.075661
11.425134
13.278922
12.624144
11.752523
12.951532
12.407301
12.407301
11.535681
13.168375
12.296754
13.602058
13.597807
15.230501
15.009407
15.226248
14.465176
14.68627
14.469427
13.704102
13.385218
13.491511
12.836734
13.385218
12.296754
10.987199
12.190459
11.429386
9.57985
9.690397
9.039871
10.128334
9.805196
9.15467
8.066207
8.066207
9.371511
9.477807
9.36726
9.69465
9.584103
10.128334
10.345176
11.106249
11.2125435
10.995702
12.301006
12.186207
12.407301
13.602058
12.840985
12.084165
10.77886
11.1105
10.566269
10.0220375
9.477807
9.584103
9.371511
8.49564
9.588354
9.698901
9.260964
10.459974
10.23888
10.566269
10.132585
9.477807
10.345176
9.36726
9.584103
10.017787
7.955661
7.415681
6.5483127
6.0040812
6.5483127
6.8799534
5.353555
5.136713
6.008333
6.4420176
6.986249
7.636775
7.853617
8.397848
8.397848
7.853617
9.048374
8.28305
8.82728
8.82728
9.150418
8.610438
9.588354
9.15467
8.393597
6.765155
7.419933
6.114629
6.1188803
5.468354
3.8356605
4.6009855
2.424061
3.078839
2.2072186
2.861997
3.189386
3.189386
2.972544
4.4946904
4.167301
4.167301
4.928375
6.012585
4.9198713
5.791491
6.4420176
6.986249
6.4420176
6.986249
7.313638
6.769407
5.791491
6.4462695
5.251512
4.490439
6.2336793
5.251512
4.379892
4.379892
5.6851964
5.357807
4.7072806
4.7072806
4.5967336
4.1630497
3.8399122
4.7115326
3.62307
2.861997
3.406228
3.8399122
4.3841434
4.928375
5.1452165
5.0346694
3.9462075
4.7072806
4.056754
4.928375
5.3620586
5.468354
5.0346694
5.795743
7.313638
7.096796
6.5525646
8.074712
7.5304804
7.5304804
7.203091
6.875702
6.986249
7.6410265
6.9905005
6.114629
6.9905005
6.1188803
5.791491
5.795743
5.468354
5.1452165
4.056754
4.167301
2.972544
3.5167751
3.4104798
1.8840815
2.5388596
3.9504592
3.5167751
3.6273217
3.6273217
4.171553
3.4104798
2.3220174
4.065258
3.5167751
3.0830908
3.844164
3.189386
3.189386
4.2821
3.0830908
3.1936376
3.4104798
4.2821
4.171553
3.5167751
4.715784
3.5167751
2.6451547
4.2778482
3.406228
4.0610065
4.0610065
3.844164
4.2778482
2.5388596
3.5210268
3.0830908
1.8883334
2.4325645
2.4325645
1.3398503
3.0873425
1.5609442
1.5609442
1.7777863
1.2335552
2.1051755
1.0167131
2.4325645
2.2157223
2.6494067
2.5431116
2.4325645
1.9946285
2.3220174
2.2157223
2.9767957
3.4104798
2.1051755
2.3220174
2.972544
2.3177657
4.2778482
4.3841434
3.7336173
4.605237
3.9504592
4.9326262
4.167301
4.2778482
4.715784
3.844164
2.5388596
3.6273217
2.4325645
2.3220174
1.9946285
3.0873425
2.8705006
1.9946285
2.9767957
2.5431116
1.7820382
0.47673374
3.1978896
1.4546491
1.7820382
2.5431116
1.9988803
2.4325645
2.3220174
2.9767957
2.9767957
2.6494067
3.0873425
4.2821
2.972544
4.9326262
3.5167751
2.861997
4.4946904
4.8220797
3.7336173
4.605237
4.928375
4.167301
3.9504592
4.605237
3.844164
2.6494067
3.848416
2.5388596
3.848416
3.299933
4.605237
3.62307
3.189386
4.2821
3.1936376
2.8662488
4.2821
1.4503974
3.5210268
3.631574
2.8662488
3.4104798
3.6273217
3.5167751
4.2778482
5.583153
4.2778482
5.689448
5.795743
6.339974
6.012585
6.9905005
7.313638
6.986249
7.096796
7.6410265
7.419933
7.6410265
8.074712
6.6588597
6.986249
7.313638
6.5525646
6.2294273
5.902038
6.2294273
6.556816
6.4462695
7.317889
6.663111
5.140965
6.667363
5.6851964
5.468354
6.016837
5.357807
4.5967336
4.379892
5.468354
4.8135757
6.4462695
6.5525646
6.769407
7.4241843
7.313638
6.6588597
7.9684157
8.181006
8.181006
8.4021
8.074712
7.853617
7.5304804
8.618942
7.5304804
8.074712
7.9684157
5.8977866
7.7515736
7.313638
6.2251754
6.012585
6.2294273
5.140965
4.7072806
5.1452165
4.5967336
5.90629
4.8178277
4.8178277
6.561068
5.251512
5.468354
6.016837
5.3620586
4.7072806
6.012585
5.251512
6.123132
5.6851964
5.902038
5.6851964
7.207342
7.207342
6.663111
7.6410265
6.8799534
6.2251754
8.512647
7.313638
6.3314705
7.6410265
7.313638
6.114629
7.6410265
7.5347314
7.9684157
6.5525646
6.556816
6.2294273
5.24726
5.795743
5.795743
4.924123
5.1452165
5.1452165
5.038922
3.2956812
3.62307
4.167301
4.167301
3.62307
5.689448
4.6009855
5.0346694
6.123132
6.2294273
5.251512
6.339974
6.8799534
7.4241843
6.5525646
6.4420176
7.6410265
7.5304804
7.203091
7.857869
8.185258
7.747322
7.5304804
8.4021
6.875702
6.986249
7.9684157
6.769407
7.203091
7.203091
6.6588597
7.096796
6.008333
7.207342
6.008333
6.1188803
5.902038
4.37564
5.795743
5.251512
5.1452165
4.8178277
5.1452165
4.6009855
4.6009855
5.3620586
5.0346694
5.0346694
5.795743
6.339974
6.7736583
6.008333
7.207342
7.9684157
7.6410265
7.857869
8.074712
7.636775
7.419933
7.9641643
9.052627
8.508395
7.747322
7.636775
7.203091
7.857869
7.747322
6.986249
7.313638
6.5525646
6.4462695
6.339974
5.357807
5.3620586
6.123132
5.24726
5.795743
6.8799534
7.207342
7.4241843
6.114629
7.313638
7.5304804
6.6588597
8.074712
8.181006
7.309386
8.725238
9.15467
7.9599123
9.265217
9.698901
9.588354
10.570521
10.23888
10.23888
11.1105
10.349427
10.455723
10.566269
10.787363
9.800944
9.69465
10.243132
8.499891
8.937827
8.499891
9.15467
8.070459
7.74307
7.526228
7.74307
6.875702
7.203091
8.8315325
7.74307
8.070459
8.28305
9.265217
10.349427
9.911491
10.676816
11.106249
11.544185
11.867322
11.756775
11.106249
11.65048
12.190459
12.5220995
11.2125435
11.867322
11.756775
11.327342
11.977869
10.77886
11.761026
10.562017
10.783112
10.128334
10.6725645
10.893659
11.1105
9.039871
10.783112
10.23888
9.911491
9.805196
10.455723
9.800944
8.712482
9.584103
10.0220375
10.783112
10.349427
10.455723
10.455723
10.0220375
9.69465
10.6725645
10.0220375
10.783112
11.216796
10.6725645
11.654732
10.77886
11.433638
11.216796
11.65048
11.761026
11.2125435
11.867322
11.429386
11.867322
11.539933
11.106249
12.955785
11.539933
10.345176
11.544185
10.889407
9.584103
11.1105
10.6725645
9.911491
10.455723
9.256713
10.23888
10.566269
10.6725645
10.23888
11.221047
10.783112
9.800944
11.1105
10.0220375
10.349427
10.783112
10.999953
11.1105
10.6725645
9.907239
12.088415
10.995702
11.2125435
11.756775
11.539933
11.323091
12.738942
12.951532
12.517848
12.084165
12.411553
11.323091
11.2125435
10.017787
10.455723
10.017787
10.132585
9.69465
10.23888
10.349427
9.477807
10.349427
8.82728
9.260964
8.716734
9.588354
10.570521
9.805196
9.265217
9.265217
9.588354
9.588354
10.566269
10.132585
10.349427
11.327342
11.106249
9.690397
10.566269
10.455723
10.345176
10.676816
10.893659
10.455723
10.783112
10.128334
9.690397
10.676816
10.6725645
10.349427
10.459974
9.911491
8.716734
9.698901
9.150418
9.044123
9.588354
9.150418
8.28305
8.82728
9.260964
7.3008823
9.15467
9.915743
8.82728
9.15467
8.716734
8.389345
9.698901
10.132585
9.588354
10.23888
9.36726
9.69465
11.216796
11.429386
11.756775
11.867322
10.77886
10.995702
10.668313
10.885155
11.323091
11.756775
10.562017
10.0220375
9.477807
10.128334
9.69465
10.0220375
8.8230295
8.933577
9.371511
9.584103
9.69465
9.915743
9.69465
8.937827
9.15467
9.588354
8.28305
9.915743
10.0220375
8.499891
8.937827
8.933577
9.915743
10.459974
10.0220375
9.911491
10.566269
10.23888
10.128334
10.783112
10.893659
10.0220375
10.676816
10.0220375
10.132585
9.36726
10.0220375
9.69465
8.716734
9.260964
9.15467
9.482059
8.499891
9.482059
9.809448
9.15467
8.389345
9.15467
9.048374
7.415681
7.9599123
7.853617
7.526228
7.747322
7.636775
6.981997
8.176754
9.371511
9.482059
9.371511
9.698901
8.720985
8.720985
9.158921
9.588354
8.287301
10.243132
9.482059
8.499891
8.716734
10.893659
10.0220375
10.243132
9.805196
9.044123
8.937827
8.8315325
8.504144
7.0882916
7.5304804
6.875702
8.074712
7.092544
6.875702
7.203091
6.2251754
5.464102
6.008333
4.4861865
5.136713
6.008333
6.875702
7.092544
7.853617
8.176754
7.74307
9.048374
8.937827
8.176754
8.614691
8.389345
8.720985
8.287301
8.176754
8.393597
8.720985
7.849365
8.070459
8.070459
8.397848
7.0882916
6.2209234
6.2209234
7.096796
7.313638
6.663111
5.8977866
6.4420176
7.096796
6.769407
6.4462695
6.2294273
5.795743
5.3620586
4.605237
4.4946904
4.9326262
3.406228
3.844164
3.954711
4.3883953
3.62307
4.605237
4.605237
4.7115326
5.3663106
6.016837
4.924123
7.2115946
6.9905005
6.3357224
6.663111
7.4241843
7.5304804
6.4420176
6.986249
7.857869
7.096796
6.5525646
6.4462695
5.90629
4.7072806
5.689448
4.8178277
5.1452165
3.8399122
4.4946904
4.167301
3.406228
4.167301
5.038922
3.5125234
3.62307
4.056754
5.90629
5.6851964
6.3357224
6.2251754
7.6410265
7.4241843
7.5304804
7.5304804
7.6410265
7.313638
7.6410265
6.0040812
8.185258
8.181006
7.092544
6.875702
7.419933
7.747322
8.181006
6.981997
7.6410265
7.203091
7.5304804
6.8799534
6.6588597
6.769407
6.769407
5.464102
6.1188803
6.3357224
5.574649
5.689448
5.140965
5.574649
6.1188803
6.663111
8.074712
7.747322
6.981997
8.2915535
9.158921
8.610438
9.698901
8.716734
10.23888
10.0220375
9.36726
10.0220375
10.6725645
11.433638
11.756775
12.084165
12.301006
12.296754
11.752523
12.845238
11.867322
10.991449
11.756775
12.190459
12.407301
12.403049
11.641976
12.407301
11.101996
10.557766
11.756775
10.77886
10.345176
10.128334
10.128334
10.566269
10.0220375
8.720985
9.482059
8.176754
7.419933
7.419933
8.2915535
8.725238
8.070459
7.203091
7.9641643
8.729489
9.8137
8.614691
10.136837
10.353679
10.349427
10.999953
11.437889
11.327342
11.106249
12.194712
13.066331
12.194712
10.349427
9.698901
9.375764
8.070459
7.747322
8.4021
7.747322
7.096796
7.5347314
6.5525646
6.8799534
6.008333
6.4462695
5.6851964
5.251512
4.8135757
6.4462695
6.8799534
6.986249
7.747322
7.5304804
6.875702
6.6588597
6.6588597
8.2915535
7.74307
6.981997
8.720985
8.393597
9.15467
9.588354
9.15467
9.915743
9.150418
9.584103
9.69465
8.933577
8.933577
8.720985
7.74307
7.309386
7.419933
6.875702
7.203091
6.875702
6.2209234
7.203091
6.2251754
5.136713
6.012585
5.6851964
5.140965
7.096796
7.5304804
8.397848
7.526228
7.632523
7.521976
8.066207
9.044123
9.477807
9.482059
9.265217
9.592606
8.614691
8.287301
8.82728
8.504144
8.504144
8.8315325
8.070459
8.397848
7.419933
7.313638
7.317889
7.1010475
6.4462695
6.339974
5.90629
6.77791
6.123132
4.6009855
6.3442264
4.7115326
4.2778482
4.936878
4.715784
4.171553
3.4104798
3.4104798
3.1936376
4.065258
3.5210268
4.4989424
4.065258
3.954711
4.9326262
4.8220797
4.3841434
5.3620586
6.663111
7.313638
8.181006
9.703153
10.570521
10.570521
9.260964
10.676816
10.676816
8.504144
9.158921
7.632523
6.5483127
6.114629
6.663111
5.251512
4.8178277
4.9326262
5.4768577
5.1494684
4.9326262
4.3883953
4.715784
4.8220797
4.9326262
6.2336793
7.9726677
8.729489
9.052627
9.380016
9.482059
10.132585
10.132585
10.132585
10.132585
9.698901
10.02629
9.805196
9.265217
9.048374
8.610438
7.0882916
7.5304804
5.243008
4.37564
6.5525646
6.8799534
5.6809444
5.791491
6.008333
5.353555
5.464102
7.207342
6.986249
7.6410265
7.203091
7.853617
7.309386
7.092544
8.946331
7.1988387
6.5483127
8.185258
7.313638
6.5525646
8.4021
7.092544
6.0040812
6.5525646
6.3357224
5.468354
4.8178277
4.7115326
3.8399122
4.3841434
3.7336173
4.056754
4.6009855
4.4946904
5.4726057
5.4726057
4.4861865
5.578901
5.3620586
5.468354
6.123132
6.012585
5.795743
6.450521
6.450521
7.4284363
6.9905005
7.7515736
7.7515736
7.7515736
6.663111
6.663111
7.207342
6.2294273
6.2294273
7.317889
8.185258
7.747322
7.092544
8.2915535
8.2915535
8.074712
8.185258
8.074712
7.313638
7.857869
7.857869
8.512647
7.5304804
7.203091
7.857869
7.5304804
7.5304804
6.986249
7.857869
7.6410265
7.9684157
7.747322
5.8977866
6.986249
6.986249
8.512647
8.2915535
7.747322
7.747322
7.309386
7.5304804
7.747322
7.747322
6.6588597
7.313638
7.203091
7.5304804
7.203091
6.986249
8.2915535
7.747322
6.765155
8.4021
8.074712
7.203091
7.6410265
7.203091
7.4241843
7.6410265
7.4241843
8.4021
7.313638
7.5304804
7.857869
8.074712
7.5304804
7.747322
7.5304804
7.203091
8.185258
7.9641643
7.419933
7.203091
8.185258
7.747322
7.096796
8.074712
7.096796
6.9905005
5.6851964
5.6851964
5.795743
5.902038
6.3357224
6.3357224
6.8799534
6.1188803
6.1188803
7.207342
6.3357224
7.7515736
7.7515736
6.4420176
8.295805
7.313638
6.986249
7.203091
8.508395
6.4420176
8.185258
7.6410265
7.7515736
7.8621206
6.8799534
6.1188803
6.667363
5.3620586
5.251512
5.1452165
4.6009855
4.6009855
4.928375
5.9105415
4.928375
4.2778482
4.490439
5.0346694
6.2336793
5.6851964
6.339974
6.556816
6.667363
5.6851964
6.667363
6.012585
5.251512
7.1010475
7.317889
6.663111
6.9905005
7.857869
6.1188803
7.5347314
6.8799534
7.1010475
7.1010475
6.7736583
5.574649
6.4462695
6.4462695
6.7736583
5.357807
6.339974
6.556816
5.140965
5.4726057
5.3620586
4.3841434
4.6009855
5.90629
3.8399122
3.5125234
4.8220797
4.167301
3.62307
3.844164
3.9504592
4.2735963
4.056754
4.3841434
3.9462075
5.1452165
5.795743
5.902038
6.1188803
6.339974
7.207342
7.4241843
6.769407
7.096796
6.5525646
6.9905005
7.4241843
7.7515736
6.9905005
5.795743
6.8842053
6.016837
5.1452165
4.490439
4.928375
5.1452165
4.490439
6.016837
5.251512
4.1630497
4.490439
4.3841434
4.7115326
4.8178277
4.8178277
5.578901
6.339974
5.6851964
6.556816
6.7736583
5.357807
4.924123
5.1452165
6.2294273
6.3357224
6.769407
7.207342
7.313638
7.419933
7.5304804
7.203091
7.9641643
8.508395
7.309386
7.747322
7.5304804
6.6588597
6.986249
7.6410265
7.092544
7.203091
5.4598503
6.4462695
6.7736583
6.339974
5.574649
5.795743
5.468354
6.1188803
5.6851964
6.2294273
5.574649
5.574649
5.357807
5.030418
6.9905005
6.1188803
6.2251754
5.791491
7.096796
7.203091
7.313638
6.875702
7.5304804
8.2915535
7.203091
6.986249
6.769407
6.5525646
6.114629
7.096796
7.313638
5.791491
5.574649
5.574649
5.6851964
6.012585
5.357807
5.357807
4.379892
5.251512
4.7030287
4.379892
5.468354
5.0346694
4.2735963
5.2557635
4.3841434
3.2956812
4.928375
3.9462075
3.7293656
5.0346694
4.924123
5.6851964
5.251512
6.8799534
6.2251754
6.8799534
7.6410265
6.986249
7.5304804
7.313638
8.2915535
8.181006
8.508395
7.526228
6.6588597
7.5304804
7.6410265
6.8799534
5.791491
6.1188803
6.4462695
5.357807
5.140965
5.468354
5.0346694
5.1452165
4.167301
3.5125234
4.3841434
3.62307
4.3841434
4.056754
3.8399122
3.5125234
3.8399122
5.2557635
5.1452165
4.924123
5.0346694
6.4462695
6.3357224
6.4462695
6.4420176
7.7515736
7.747322
7.6410265
7.6410265
8.618942
6.875702
7.313638
8.2915535
6.769407
6.875702
8.074712
7.747322
6.3314705
6.986249
6.986249
5.353555
4.9198713
6.008333
6.1188803
5.251512
5.902038
5.6851964
5.357807
6.2294273
5.140965
4.8135757
5.357807
6.008333
5.4598503
6.4420176
6.4377656
7.203091
6.6588597
7.309386
7.526228
7.636775
7.853617
6.2209234
8.397848
8.614691
6.981997
8.725238
8.393597
7.0882916
7.74307
8.504144
6.4377656
6.981997
7.9599123
8.287301
7.853617
7.415681
7.1988387
7.5304804
8.181006
6.2209234
8.181006
7.636775
6.0040812
7.419933
6.765155
6.2209234
8.287301
7.9599123
7.415681
8.937827
9.044123
8.716734
10.132585
9.805196
8.499891
9.477807
10.349427
9.146166
10.893659
10.128334
9.256713
10.349427
9.473556
10.6725645
9.69465
9.36726
9.800944
10.566269
9.473556
9.039871
10.23888
9.150418
8.606187
9.260964
9.477807
9.15467
8.28305
8.1725025
7.9599123
8.1725025
7.738818
8.393597
8.937827
8.716734
8.061955
9.588354
9.69465
9.588354
9.805196
10.349427
10.128334
10.893659
11.433638
11.429386
11.2125435
12.411553
12.411553
11.318839
10.885155
11.2125435
10.774608
10.447219
11.756775
11.65048
10.885155
10.017787
9.690397
10.345176
10.128334
9.039871
8.8230295
8.712482
7.955661
8.82728
9.150418
8.716734
9.911491
8.389345
9.150418
8.1725025
8.1725025
9.477807
8.389345
8.716734
8.066207
9.15467
8.499891
8.716734
9.588354
8.606187
9.69465
10.0220375
9.039871
10.017787
10.6725645
10.889407
11.429386
10.991449
10.774608
11.539933
10.885155
11.318839
9.796692
10.889407
9.907239
9.035619
9.36726
8.712482
8.606187
8.061955
7.4114294
8.610438
8.1725025
7.1903353
7.738818
8.061955
8.061955
8.606187
8.933577
9.911491
9.911491
9.800944
9.800944
10.668313
10.774608
10.230376
11.318839
11.973618
11.101996
11.101996
11.097745
11.535681
11.973618
11.429386
11.8630705
10.668313
10.234629
10.668313
10.234629
9.584103
9.256713
9.256713
9.150418
9.150418
7.951409
8.1725025
8.1725025
7.955661
7.3008823
9.371511
7.8451138
8.066207
8.066207
8.389345
8.82728
8.499891
8.716734
9.584103
8.8230295
10.349427
10.128334
9.256713
10.0220375
10.562017
9.907239
10.345176
10.45147
9.907239
10.889407
10.889407
9.800944
9.477807
9.150418
7.738818
8.393597
7.738818
6.760903
7.74307
7.526228
7.636775
6.875702
6.986249
6.3314705
7.203091
5.6809444
5.353555
6.769407
5.026166
6.114629
6.6588597
6.2209234
6.5483127
7.419933
6.981997
6.5483127
7.096796
6.5483127
6.875702
7.526228
7.415681
8.28305
7.9599123
8.066207
7.521976
8.393597
7.74307
6.87145
7.092544
7.419933
7.092544
6.875702
6.875702
5.8977866
7.096796
5.464102
6.1188803
6.5525646
4.7030287
5.468354
4.1587977
3.7293656
3.2914293
3.6188183
4.490439
5.468354
3.9419558
5.030418
3.9419558
4.7030287
5.357807
3.8314087
6.4462695
5.24726
4.7030287
6.663111
5.574649
5.574649
5.357807
5.795743
4.7072806
4.924123
4.8135757
5.6851964
4.924123
3.4019763
4.8178277
4.167301
2.861997
3.406228
3.5125234
4.056754
2.7514498
2.640903
3.8399122
2.534608
3.5125234
2.424061
3.0830908
3.189386
1.6672394
1.9946285
1.6672394
1.7735345
3.189386
2.972544
3.406228
2.861997
2.972544
4.605237
4.056754
4.056754
4.928375
3.6188183
5.578901
5.1452165
4.8135757
6.012585
4.490439
4.056754
3.7293656
4.928375
4.8220797
4.3841434
3.406228
3.6273217
1.9946285
1.8840815
2.6494067
2.7557018
2.972544
1.6672394
2.5388596
2.3220174
2.4325645
2.7599535
1.4503974
2.3220174
2.6494067
2.6494067
2.4325645
2.6494067
2.7599535
3.0830908
2.7557018
3.9504592
3.406228
2.6451547
3.9504592
3.9504592
3.9504592
4.3841434
5.2557635
4.7115326
4.3841434
4.167301
3.7336173
4.4946904
4.0610065
3.7336173
3.7336173
2.972544
2.4283128
2.5388596
3.844164
2.8662488
2.6494067
2.1051755
2.4325645
2.5431116
2.3220174
1.9946285
1.4546491
1.3441021
1.4546491
0.5830289
0.69357586
2.3262694
2.5431116
1.8883334
1.6714911
2.1051755
1.8883334
2.6494067
3.6273217
2.4283128
2.4283128
3.7336173
3.406228
3.5167751
3.5125234
4.6009855
4.167301
4.8178277
5.3620586
5.3620586
3.9462075
4.167301
4.056754
4.7115326
3.299933
3.299933
2.3177657
2.2114706
2.972544
3.406228
3.4104798
3.6273217
2.8662488
2.6494067
1.4503974
3.737869
3.62307
4.6009855
6.123132
5.357807
6.1188803
6.4420176
6.5525646
7.203091
7.092544
7.9641643
7.853617
7.636775
7.9641643
8.614691
7.74307
7.1988387
9.158921
8.504144
7.419933
7.9641643
7.9641643
6.875702
6.5483127
7.747322
6.986249
6.6588597
5.8977866
7.313638
7.857869
6.6588597
6.5525646
6.875702
5.353555
6.8799534
6.8799534
7.313638
6.986249
6.769407
7.419933
7.636775
7.415681
7.415681
9.592606
8.287301
9.048374
8.94208
8.614691
9.375764
9.486311
10.247384
9.592606
10.136837
10.459974
9.477807
9.15467
9.048374
8.287301
7.853617
8.504144
7.747322
7.9641643
7.419933
7.092544
7.5304804
7.5304804
7.5304804
6.2251754
6.986249
7.313638
7.9641643
6.4420176
6.6588597
7.092544
7.853617
8.070459
7.309386
8.725238
8.504144
9.048374
8.397848
7.9599123
7.9599123
9.592606
9.371511
9.371511
9.371511
10.676816
10.349427
9.260964
9.805196
9.809448
9.698901
8.937827
9.044123
8.287301
8.181006
8.397848
9.158921
8.287301
7.853617
7.853617
7.309386
7.203091
7.092544
7.313638
7.636775
7.747322
6.986249
7.419933
8.185258
7.9641643
7.309386
8.074712
7.5304804
6.875702
6.986249
7.419933
7.9684157
7.5304804
7.6410265
8.074712
7.5304804
8.2915535
8.074712
7.313638
7.5304804
8.2915535
8.181006
8.074712
8.512647
8.185258
7.4241843
6.9905005
7.4284363
6.2294273
6.012585
5.90629
5.689448
6.123132
4.928375
3.5125234
4.928375
4.7115326
4.4946904
5.038922
4.2778482
4.2735963
3.8399122
6.1273837
5.0346694
4.7072806
5.6851964
7.4284363
6.663111
6.1188803
6.556816
6.9905005
6.2294273
7.4284363
6.556816
5.6851964
6.2294273
7.1010475
6.1188803
6.339974
7.1010475
7.4284363
6.9905005
7.313638
7.096796
7.203091
7.853617
8.614691
7.9641643
8.397848
8.8315325
8.397848
7.636775
6.5525646
7.6452785
5.578901
4.7072806
4.2735963
3.406228
4.7115326
5.3620586
6.012585
5.795743
6.9905005
7.4241843
7.5304804
7.203091
7.747322
7.5304804
8.397848
9.15467
9.371511
10.459974
10.23888
10.455723
10.132585
10.0220375
8.389345
7.849365
7.1988387
8.614691
6.981997
6.3314705
6.875702
6.8799534
7.4241843
5.6809444
4.8135757
5.468354
5.251512
6.2336793
5.578901
4.5967336
5.6851964
6.8799534
6.875702
7.313638
6.875702
8.725238
9.048374
7.9599123
8.504144
8.504144
9.048374
8.393597
8.070459
9.048374
9.375764
8.066207
8.8315325
8.287301
9.158921
8.94208
7.419933
6.6588597
6.875702
6.875702
7.4241843
6.5525646
6.986249
7.203091
6.986249
6.875702
8.2915535
7.092544
7.092544
8.185258
7.747322
6.6588597
7.747322
7.5304804
7.526228
8.614691
8.8315325
9.698901
9.698901
9.265217
9.805196
9.69465
9.260964
10.676816
10.566269
10.455723
11.327342
10.893659
11.221047
11.221047
10.23888
10.783112
10.459974
10.23888
9.260964
10.787363
9.805196
9.809448
10.353679
9.371511
7.853617
8.725238
8.070459
7.309386
7.747322
7.419933
7.419933
7.747322
8.8315325
7.853617
8.287301
8.393597
8.176754
9.265217
9.588354
9.588354
9.809448
10.459974
9.260964
9.915743
9.69465
9.915743
9.809448
10.0220375
9.69465
9.805196
9.260964
10.676816
9.36726
9.477807
10.459974
9.477807
8.499891
10.243132
8.610438
7.738818
9.048374
9.15467
8.82728
8.610438
8.937827
9.044123
9.698901
9.477807
10.128334
10.132585
9.698901
10.349427
10.128334
10.893659
11.327342
10.455723
10.23888
10.783112
10.562017
10.017787
11.433638
11.539933
10.234629
11.216796
10.345176
11.1105
10.889407
10.128334
10.017787
10.455723
10.0220375
10.128334
11.004206
10.23888
10.132585
9.915743
9.915743
8.28305
8.504144
8.937827
9.044123
8.82728
10.132585
10.0220375
10.459974
10.783112
10.566269
9.911491
9.800944
10.6725645
9.800944
10.893659
10.889407
10.234629
12.088415
10.995702
10.45147
11.871573
10.6725645
10.455723
10.783112
10.783112
10.0220375
10.0220375
10.0220375
10.6725645
9.911491
11.437889
9.800944
9.800944
10.676816
10.676816
9.150418
9.15467
8.610438
7.74307
8.287301
6.981997
7.9641643
7.526228
8.508395
8.2915535
6.5483127
7.309386
8.614691
7.415681
8.508395
8.287301
8.720985
8.8315325
9.482059
9.588354
10.243132
10.132585
10.23888
10.132585
8.82728
9.15467
7.955661
8.8315325
8.610438
7.0882916
8.2915535
8.287301
6.981997
8.618942
7.853617
6.6588597
7.747322
7.092544
6.875702
8.508395
7.526228
7.419933
7.636775
8.070459
7.853617
7.526228
7.415681
7.526228
8.287301
8.397848
7.526228
7.9599123
7.526228
7.526228
8.287301
7.521976
7.415681
8.8315325
8.504144
8.614691
8.176754
8.070459
7.9641643
7.0882916
7.636775
7.1988387
8.181006
7.9599123
7.9641643
6.765155
6.5483127
7.203091
6.765155
6.3314705
6.008333
5.8977866
6.008333
6.6588597
5.8977866
6.3314705
7.6410265
7.203091
7.203091
7.203091
6.6588597
6.114629
8.070459
7.526228
8.393597
7.632523
8.937827
9.698901
10.349427
9.039871
10.0220375
10.132585
9.69465
8.933577
8.28305
8.393597
8.720985
8.499891
8.176754
8.610438
8.176754
8.393597
7.849365
7.849365
7.738818
7.309386
7.092544
8.397848
7.1988387
8.181006
8.176754
8.504144
7.305134
8.28305
8.066207
8.176754
8.610438
7.9599123
9.158921
9.919995
9.482059
8.8315325
9.588354
9.69465
9.371511
9.698901
9.039871
10.0220375
10.0220375
10.676816
10.243132
9.15467
9.375764
8.610438
8.610438
7.853617
7.849365
8.504144
7.9599123
7.9599123
6.981997
7.313638
6.5483127
7.313638
6.6588597
7.096796
8.074712
7.092544
7.636775
7.853617
7.526228
7.636775
7.9641643
5.893534
8.074712
6.765155
6.110377
8.397848
8.393597
7.0882916
8.937827
8.610438
7.309386
9.486311
8.393597
7.415681
8.181006
7.526228
6.765155
6.875702
6.0040812
7.5304804
6.2251754
6.2251754
7.419933
6.2209234
5.5703974
6.769407
5.8977866
5.5703974
6.008333
6.5525646
5.791491
5.5703974
6.769407
5.6766925
5.5703974
6.3314705
6.3314705
6.3314705
6.6588597
6.110377
6.0040812
6.5483127
7.9641643
7.853617
7.636775
8.070459
6.981997
7.419933
8.070459
6.981997
7.419933
7.636775
7.857869
6.0040812
6.4420176
6.8799534
6.3314705
6.769407
6.2251754
5.353555
6.1188803
6.5525646
4.8135757
5.902038
5.464102
4.924123
5.468354
5.357807
5.24726
6.4462695
5.791491
5.464102
6.1188803
6.6588597
6.875702
7.203091
7.9641643
6.765155
6.6588597
8.508395
7.309386
8.397848
6.981997
7.419933
7.857869
7.313638
6.875702
7.857869
7.857869
7.5304804
6.6588597
7.747322
7.203091
6.5483127
6.981997
7.636775
7.9641643
7.203091
6.5483127
6.6588597
6.114629
6.0040812
6.5525646
6.6588597
6.114629
7.5304804
6.2251754
6.875702
5.8977866
7.096796
5.6809444
6.986249
6.3314705
6.769407
7.636775
7.74307
6.654608
8.614691
7.74307
8.287301
8.176754
9.375764
9.15467
7.738818
8.720985
8.28305
7.849365
8.070459
8.504144
7.526228
7.419933
6.875702
7.313638
6.4420176
6.2251754
6.2251754
6.2251754
6.5525646
6.8799534
6.2251754
7.4241843
6.769407
6.2251754
7.096796
6.986249
6.2251754
6.986249
6.4420176
6.6588597
7.313638
6.5483127
6.765155
6.5483127
6.0040812
6.6588597
6.114629
5.6809444
6.986249
5.6766925
6.114629
7.096796
6.5525646
5.136713
5.140965
5.795743
5.357807
3.6188183
3.9462075
4.167301
2.424061
2.2114706
3.5167751
2.1009235
2.4283128
2.972544
2.2114706
1.9903767
3.2956812
3.62307
4.6009855
3.4019763
4.167301
3.7293656
3.8356605
4.2735963
4.3841434
5.1452165
4.7072806
4.1630497
4.490439
5.251512
4.7072806
4.2735963
4.269345
4.7072806
4.056754
3.406228
3.7293656
2.534608
2.6451547
2.3220174
2.4325645
2.1051755
1.8883334
1.4546491
1.0167131
1.3441021
0.5830289
-0.06749742
0.14934468
1.020965
-0.72227556
0.8041228
1.237807
0.043049537
1.9988803
2.2157223
1.7777863
2.1051755
2.1051755
1.9946285
2.7557018
3.844164
2.7514498
4.0610065
4.4946904
3.7293656
4.3841434
4.6009855
3.6188183
3.7293656
3.7293656
3.9504592
2.534608
2.4283128
2.3220174
2.6494067
2.8662488
2.6494067
1.3441021
2.3220174
2.3262694
1.9946285
1.2335552
1.7777863
2.4325645
1.6714911
1.9946285
2.1051755
1.4503974
1.9946285
3.5167751
4.0610065
4.167301
3.9504592
3.7293656
2.968292
3.8399122
3.5125234
3.8399122
3.2956812
4.3841434
5.578901
4.269345
5.1452165
4.1630497
4.7030287
4.490439
4.924123
4.8135757
4.490439
5.1452165
3.7293656
4.056754
3.62307
4.056754
3.406228
3.7293656
2.7514498
4.167301
2.8577452
2.8577452
3.4019763
4.7072806
4.490439
5.578901
5.6851964
4.5967336
5.140965
5.6851964
4.8135757
5.902038
5.6809444
5.6809444
5.353555
5.791491
6.8799534
6.4420176
4.592482
6.5525646
5.24726
5.574649
5.795743
4.269345
4.0525026
4.7072806
4.7072806
3.4019763
3.074587
2.424061
3.8399122
2.7514498
3.406228
3.078839
2.534608
3.189386
3.2956812
4.167301
3.074587
3.2956812
4.8178277
4.2735963
3.074587
5.251512
5.140965
4.4861865
6.4462695
4.9198713
5.574649
6.4420176
6.4420176
7.203091
6.986249
5.893534
5.4598503
6.3314705
5.6809444
6.2251754
5.136713
6.1188803
5.6809444
3.9419558
6.012585
5.24726
4.37564
4.7030287
4.592482
4.37564
6.5525646
5.243008
5.5703974
6.008333
5.6809444
3.8314087
4.5967336
3.9419558
3.9419558
4.7072806
4.924123
3.5082712
3.8356605
4.0525026
4.5967336
4.5967336
5.574649
4.915619
5.5703974
6.0040812
6.5483127
7.419933
7.309386
6.981997
6.981997
7.092544
6.765155
6.875702
6.981997
6.4420176
6.986249
5.5703974
5.026166
6.769407
4.265093
5.468354
4.4861865
3.1808825
3.8356605
5.0346694
4.379892
4.490439
4.5967336
4.9198713
5.6809444
5.6809444
5.243008
5.8977866
6.765155
7.309386
6.765155
6.5483127
7.0882916
6.654608
6.981997
6.4377656
5.3493037
6.4377656
6.2209234
6.875702
6.0040812
6.114629
5.8977866
6.4420176
6.6588597
6.4420176
6.2251754
5.026166
6.2251754
6.114629
5.026166
6.008333
4.9198713
5.6809444
4.265093
4.924123
4.5967336
4.7072806
5.357807
3.9419558
5.791491
5.464102
6.4420176
6.4420176
7.203091
6.875702
7.092544
6.765155
7.0882916
8.393597
7.849365
8.499891
8.606187
8.499891
9.044123
9.371511
8.066207
6.9777446
6.981997
6.981997
6.4377656
7.203091
6.5483127
6.5483127
6.5525646
6.2251754
5.791491
5.030418
5.24726
5.030418
4.7030287
5.902038
4.7030287
5.24726
5.8977866
5.243008
6.5483127
7.092544
6.760903
7.415681
7.3008823
7.415681
9.375764
8.937827
7.521976
9.048374
8.176754
7.9599123
8.397848
6.981997
6.981997
7.9641643
7.1988387
7.203091
6.875702
6.2209234
6.875702
6.875702
6.981997
6.114629
6.875702
6.4420176
6.4377656
6.5483127
7.203091
6.327219
8.070459
7.9599123
8.720985
7.521976
7.1945877
8.504144
7.415681
6.765155
8.508395
8.070459
6.654608
7.419933
6.4377656
7.632523
9.048374
9.371511
9.044123
8.393597
9.15467
9.044123
10.349427
8.82728
8.937827
8.066207
8.720985
8.610438
8.176754
9.048374
8.393597
7.849365
6.87145
7.853617
6.981997
6.986249
7.74307
8.393597
7.849365
8.937827
8.933577
8.389345
9.69465
9.150418
10.0220375
11.437889
9.150418
9.477807
10.0220375
9.36726
9.256713
9.69465
9.69465
10.6725645
11.539933
10.77886
11.761026
11.433638
10.45147
12.305258
11.867322
10.124082
11.654732
11.65048
10.77886
10.124082
10.128334
11.1105
10.128334
10.23888
9.36726
9.371511
8.610438
9.044123
8.82728
9.69465
9.911491
10.128334
10.455723
10.889407
10.885155
11.433638
11.2125435
11.318839
10.774608
12.407301
11.646228
11.646228
11.535681
11.429386
11.539933
10.991449
10.885155
10.562017
10.017787
9.584103
10.459974
10.23888
9.36726
10.566269
10.23888
9.584103
11.433638
11.323091
12.624144
13.168375
12.730438
13.491511
12.624144
12.190459
10.774608
9.035619
9.69465
9.800944
9.473556
10.23888
9.150418
9.800944
9.150418
10.132585
9.911491
10.566269
10.889407
10.995702
12.301006
11.429386
12.517848
12.407301
12.190459
13.495763
13.274671
12.951532
14.690521
13.164123
12.840985
12.628395
12.407301
10.668313
11.106249
10.889407
9.039871
9.805196
10.349427
10.0220375
10.893659
10.132585
9.911491
10.0220375
10.128334
10.676816
10.23888
9.907239
10.783112
11.539933
11.8630705
11.8630705
11.101996
12.084165
11.539933
11.8630705
11.106249
10.999953
11.106249
10.455723
10.017787
10.23888
10.128334
10.0220375
10.893659
10.128334
10.783112
9.584103
10.349427
10.893659
10.459974
10.0220375
9.588354
10.349427
10.676816
10.0220375
11.1105
10.0220375
10.128334
10.0220375
9.482059
9.482059
9.260964
8.28305
9.486311
9.698901
8.614691
10.464226
10.132585
9.048374
8.720985
9.698901
7.738818
9.15467
8.393597
8.937827
8.070459
7.9641643
7.419933
7.5304804
7.419933
8.185258
6.3314705
7.6410265
7.857869
7.309386
6.5483127
7.203091
6.5483127
6.875702
6.769407
6.875702
7.6410265
7.203091
6.6588597
7.092544
8.074712
6.5483127
7.747322
7.853617
8.176754
8.504144
8.181006
8.181006
8.397848
9.048374
9.482059
9.265217
9.482059
10.02629
8.82728
10.681068
9.265217
9.265217
10.136837
7.849365
9.048374
9.048374
8.937827
10.464226
8.720985
8.504144
8.614691
9.375764
7.632523
8.070459
8.508395
8.835785
7.526228
7.526228
8.835785
9.158921
8.287301
8.070459
8.8315325
8.504144
8.28305
9.048374
10.353679
9.15467
8.610438
9.15467
10.132585
8.716734
10.02629
10.02629
9.698901
9.265217
8.610438
10.464226
11.004206
10.783112
10.566269
10.676816
11.548436
10.0220375
10.455723
10.349427
9.69465
9.805196
10.349427
8.720985
9.698901
10.0220375
9.588354
9.588354
9.915743
9.911491
10.0220375
9.915743
9.260964
10.783112
9.36726
9.915743
9.915743
9.805196
9.588354
10.566269
11.331594
9.805196
9.698901
10.787363
9.698901
8.393597
9.048374
8.176754
8.8315325
7.9599123
7.853617
9.269468
8.393597
7.526228
8.94208
8.070459
8.287301
7.74307
7.092544
7.309386
8.2915535
8.397848
7.853617
7.853617
9.158921
9.269468
9.265217
9.269468
9.15467
9.482059
8.610438
10.02629
9.482059
9.371511
10.132585
9.805196
10.243132
10.353679
8.28305
9.265217
9.592606
8.28305
8.504144
8.8315325
8.070459
8.287301
6.654608
7.853617
8.8315325
7.853617
8.181006
8.2915535
7.853617
6.765155
7.747322
8.074712
7.415681
8.074712
6.986249
7.313638
8.4021
6.986249
6.6588597
7.9641643
6.875702
7.203091
6.986249
7.5304804
7.419933
8.185258
7.203091
7.857869
8.185258
7.747322
7.203091
8.4021
7.419933
6.2209234
6.986249
7.096796
6.114629
7.207342
7.096796
6.3357224
6.663111
5.357807
6.2294273
5.6851964
6.2294273
5.0346694
5.357807
4.490439
4.490439
4.1630497
5.90629
6.4462695
5.140965
7.1010475
6.1188803
5.902038
6.4462695
5.140965
6.4462695
6.9905005
6.9905005
7.207342
5.030418
6.339974
5.030418
5.140965
6.012585
6.012585
4.4861865
6.450521
6.1188803
4.379892
5.6851964
6.012585
5.795743
5.902038
5.6851964
5.251512
5.6851964
4.7072806
4.379892
5.578901
5.468354
4.379892
6.556816
5.574649
6.2294273
6.3357224
6.8799534
7.313638
7.096796
8.074712
7.5304804
7.419933
7.636775
8.835785
7.092544
8.94208
7.415681
8.397848
8.725238
9.486311
8.181006
7.309386
7.9641643
7.636775
7.853617
7.309386
6.981997
7.1988387
6.6588597
6.875702
7.419933
7.092544
8.618942
7.092544
7.419933
8.2915535
8.070459
6.765155
7.853617
8.504144
7.309386
7.853617
8.176754
7.74307
8.176754
8.397848
9.265217
9.048374
9.048374
9.592606
9.260964
8.82728
10.23888
10.999953
9.150418
10.459974
10.783112
9.911491
9.805196
10.676816
10.0220375
10.0220375
9.698901
8.499891
8.066207
8.720985
9.158921
8.937827
8.066207
8.393597
9.15467
8.610438
10.02629
9.260964
9.911491
10.566269
11.1105
10.128334
10.6725645
10.566269
11.216796
12.845238
12.628395
13.1726265
13.495763
12.951532
12.951532
13.168375
12.296754
13.9337
12.513597
12.513597
13.495763
12.407301
12.951532
12.840985
12.628395
12.734691
12.296754
11.756775
12.194712
12.628395
10.557766
11.106249
11.429386
11.101996
12.301006
11.433638
12.194712
12.301006
10.995702
11.323091
11.101996
10.77886
11.65048
12.628395
11.969365
13.495763
13.385218
13.602058
13.385218
12.947281
14.252585
13.380964
14.796817
14.690521
13.818902
13.495763
13.062079
12.734691
11.429386
11.867322
11.1105
10.6725645
9.911491
10.0220375
9.915743
10.23888
10.132585
9.371511
9.371511
8.82728
8.499891
9.260964
9.698901
9.150418
10.893659
10.23888
9.69465
10.893659
10.566269
11.654732
11.106249
10.128334
10.6725645
11.433638
10.77886
10.6725645
11.544185
10.345176
10.23888
10.0220375
10.132585
9.36726
8.716734
10.02629
9.265217
7.632523
7.309386
8.074712
7.747322
7.203091
6.114629
6.6588597
7.313638
6.4420176
7.5304804
6.875702
6.6588597
6.875702
7.419933
7.5304804
7.419933
7.9641643
9.052627
9.265217
8.287301
9.482059
8.720985
8.937827
9.044123
9.15467
8.94208
8.070459
6.765155
7.419933
8.2915535
6.875702
7.5304804
7.636775
8.185258
7.313638
6.769407
6.8799534
6.2251754
5.24726
5.902038
5.791491
5.6851964
5.902038
5.6851964
5.468354
6.556816
5.574649
4.7030287
5.795743
6.2294273
6.3357224
5.464102
6.5525646
6.9905005
5.8977866
7.096796
7.5304804
7.5304804
8.074712
7.9641643
8.2915535
7.203091
6.986249
7.747322
6.986249
6.114629
7.096796
7.6410265
6.008333
7.6410265
7.313638
5.6809444
6.7736583
5.8977866
6.2251754
7.207342
7.9684157
6.8799534
6.769407
6.3357224
6.7736583
6.8799534
5.24726
7.317889
7.313638
6.875702
7.313638
7.5304804
7.6410265
7.092544
8.074712
8.074712
7.9599123
7.74307
8.070459
7.853617
8.287301
7.092544
7.203091
7.419933
6.769407
6.008333
7.317889
7.096796
5.574649
6.123132
5.791491
6.2251754
6.4462695
5.464102
5.6851964
5.0346694
5.3620586
4.1630497
6.123132
6.2294273
5.464102
6.9905005
6.769407
7.5304804
6.986249
6.6588597
7.5304804
6.875702
7.747322
8.2915535
7.636775
6.5483127
7.5304804
8.618942
7.309386
7.313638
7.857869
7.309386
7.203091
7.9641643
8.181006
7.419933
7.203091
7.5304804
7.313638
7.313638
6.663111
5.464102
5.902038
6.7736583
4.7072806
4.2735963
4.8178277
5.689448
4.2735963
5.468354
6.1188803
6.3357224
5.791491
6.5525646
7.5304804
7.203091
7.203091
7.309386
7.092544
6.769407
6.986249
6.765155
7.203091
7.203091
6.769407
6.1188803
5.464102
7.096796
5.6809444
6.1188803
6.4462695
5.5703974
5.357807
6.3357224
6.769407
5.791491
6.2294273
7.1010475
6.4462695
5.902038
6.012585
6.2251754
6.5525646
7.317889
6.3357224
6.3357224
5.464102
5.24726
6.7736583
5.468354
5.140965
5.6851964
5.140965
4.379892
6.012585
5.574649
5.357807
5.140965
5.574649
6.9905005
7.313638
6.008333
6.9905005
6.4420176
6.114629
6.8799534
7.313638
6.4420176
6.4420176
6.2251754
6.2251754
5.791491
5.468354
6.123132
5.0346694
4.7072806
6.556816
5.791491
5.902038
6.2294273
6.3357224
6.008333
6.5525646
7.313638
7.203091
7.5304804
6.986249
6.986249
7.419933
8.074712
6.4420176
7.092544
6.6588597
6.986249
7.092544
6.3314705
7.5304804
7.203091
6.769407
7.096796
6.3357224
6.6588597
6.2251754
6.3357224
6.663111
6.3357224
6.012585
4.269345
4.924123
5.689448
4.3841434
4.490439
5.1452165
5.578901
4.924123
6.123132
5.140965
5.464102
5.357807
5.902038
6.2251754
6.5525646
7.096796
7.313638
6.875702
6.875702
7.9641643
7.636775
6.5483127
7.419933
6.875702
6.5483127
7.203091
6.765155
6.4377656
7.092544
7.636775
7.419933
6.5483127
6.5483127
7.092544
7.309386
6.4377656
6.765155
7.853617
7.526228
6.654608
7.74307
8.504144
7.521976
8.504144
7.849365
8.504144
8.1725025
7.849365
8.610438
8.716734
8.168251
9.69465
9.800944
10.340923
11.429386
11.101996
12.079912
10.880902
11.535681
10.991449
12.190459
10.885155
10.995702
10.995702
11.65048
10.017787
9.256713
9.584103
9.473556
9.260964
10.128334
9.805196
10.345176
9.800944
10.017787
11.867322
12.084165
10.668313
12.084165
10.995702
10.77886
11.65048
10.345176
9.36726
9.805196
8.176754
9.158921
9.15467
8.937827
10.349427
9.698901
9.69465
9.150418
9.911491
9.69465
10.132585
10.0220375
9.260964
9.915743
9.915743
9.588354
9.805196
10.0220375
9.69465
9.36726
9.150418
9.260964
9.805196
8.720985
8.287301
8.397848
7.415681
8.28305
7.1945877
8.499891
7.738818
8.499891
8.499891
7.3008823
8.28305
8.28305
9.477807
9.805196
9.69465
8.8230295
9.36726
9.36726
9.584103
9.473556
9.039871
10.128334
9.69465
8.499891
9.588354
9.150418
9.69465
9.36726
10.0220375
8.712482
9.36726
7.955661
9.805196
9.588354
8.610438
7.521976
6.544061
6.765155
6.986249
5.5703974
6.5525646
6.114629
6.6588597
5.4598503
5.4598503
6.3314705
6.5483127
6.114629
6.4420176
7.309386
7.9641643
6.654608
7.1988387
8.8315325
7.526228
7.632523
6.654608
6.2209234
7.857869
5.8977866
5.140965
4.8135757
4.379892
3.4019763
3.5125234
2.7514498
3.078839
2.861997
3.2956812
1.8840815
2.3177657
2.3177657
2.972544
1.9903767
2.0966718
3.078839
4.167301
3.074587
4.7072806
4.379892
5.030418
5.030418
5.902038
5.24726
3.7251134
4.6009855
4.056754
3.2956812
1.7735345
2.2114706
1.9946285
1.5609442
2.8662488
4.4946904
5.2557635
4.379892
3.2956812
4.056754
5.0346694
4.056754
3.5167751
4.171553
3.299933
1.6672394
2.2157223
1.5609442
1.6714911
0.3704386
0.25989163
1.1315118
0.47673374
0.47673374
1.6757431
1.9988803
1.2335552
2.1051755
2.3220174
3.0830908
2.8662488
2.1009235
3.844164
3.406228
3.2956812
3.2956812
2.7514498
3.62307
3.7336173
2.4283128
2.5388596
1.2335552
1.8883334
1.4503974
0.90616614
1.8883334
1.8883334
1.8883334
1.3441021
0.47248197
0.25989163
1.12726
1.348354
0.47673374
-0.06749742
0.69357586
0.799871
0.799871
1.3398503
0.7956192
1.7777863
1.3398503
1.4503974
2.1051755
2.3220174
1.6672394
1.8883334
1.4503974
1.9988803
1.7777863
0.14509287
0.799871
1.4546491
1.4546491
1.4546491
0.14934468
1.7820382
1.7820382
0.69357586
1.237807
1.7820382
1.237807
0.58728075
1.237807
0.58728075
0.3661868
0.47673374
1.237807
1.1315118
1.9988803
0.69357586
1.237807
1.020965
1.020965
1.3441021
0.910418
1.2335552
1.7777863
2.6494067
1.0124613
1.6714911
2.5388596
2.5388596
1.7777863
2.972544
2.3177657
1.6672394
3.5167751
2.972544
2.8662488
1.9946285
3.1936376
2.3220174
1.7777863
3.6273217
2.5388596
1.6672394
1.6672394
1.5609442
2.2114706
1.8883334
2.3220174
1.4503974
2.2114706
2.7557018
2.972544
3.7336173
2.6451547
3.7336173
2.2072186
1.4461455
3.189386
2.7557018
2.861997
2.1009235
2.6451547
4.8220797
4.167301
3.6188183
4.7072806
5.24726
5.574649
5.6809444
5.24726
4.924123
6.2294273
6.5525646
5.6809444
5.353555
6.6588597
5.5703974
5.026166
5.464102
4.592482
5.468354
6.1188803
5.574649
4.269345
4.379892
4.4861865
4.9198713
5.353555
5.791491
5.026166
6.6588597
6.6588597
5.7872396
6.5483127
6.6588597
7.092544
7.092544
6.110377
7.853617
7.632523
8.176754
7.849365
8.287301
8.508395
8.070459
6.5483127
6.986249
6.981997
6.875702
7.419933
6.4377656
7.203091
6.0040812
6.986249
6.0040812
6.986249
6.2209234
5.3493037
6.114629
6.2209234
7.092544
6.4377656
7.419933
7.636775
7.526228
6.110377
7.636775
6.981997
7.415681
7.521976
7.305134
8.287301
9.698901
8.499891
8.389345
8.389345
9.371511
9.911491
8.8230295
9.044123
9.260964
9.044123
7.738818
8.176754
8.504144
8.720985
7.521976
8.614691
9.265217
7.849365
8.94208
9.482059
8.499891
7.955661
8.28305
8.937827
7.521976
8.28305
9.482059
8.061955
8.28305
9.371511
10.132585
9.150418
8.933577
9.698901
9.588354
9.039871
8.385093
10.23888
10.0220375
9.584103
10.783112
10.455723
10.889407
10.345176
9.911491
10.345176
10.23888
10.349427
10.0220375
9.800944
9.039871
9.805196
9.800944
8.712482
10.0220375
10.455723
9.256713
10.23888
10.128334
9.800944
10.0220375
9.69465
10.23888
9.69465
9.69465
10.128334
10.562017
9.690397
10.6725645
10.345176
10.017787
11.1105
10.566269
11.106249
10.234629
11.216796
11.65048
10.017787
10.562017
10.455723
10.45147
11.327342
11.544185
11.433638
10.77886
10.128334
10.999953
10.23888
9.584103
10.6725645
10.345176
11.106249
10.345176
10.566269
10.455723
9.911491
10.455723
9.588354
9.911491
10.349427
10.349427
10.455723
10.128334
9.800944
10.234629
11.106249
12.845238
10.885155
11.977869
11.867322
12.411553
13.062079
11.646228
11.973618
12.084165
12.517848
11.756775
12.301006
11.2125435
12.628395
11.973618
10.889407
11.106249
11.871573
9.69465
9.477807
10.349427
10.349427
9.584103
11.221047
10.6725645
9.584103
9.584103
10.566269
10.6725645
10.345176
10.6725645
11.65048
11.106249
10.995702
12.738942
12.951532
12.840985
13.385218
14.14629
13.168375
13.278922
13.495763
12.738942
11.756775
12.194712
10.889407
10.889407
11.548436
9.911491
10.23888
10.893659
9.915743
9.809448
9.482059
9.371511
8.176754
8.720985
8.176754
8.181006
8.8315325
8.720985
7.1988387
8.504144
8.287301
7.9599123
8.504144
8.393597
8.176754
9.482059
9.698901
10.0220375
10.132585
10.243132
10.459974
10.23888
8.499891
9.915743
9.482059
8.937827
9.15467
10.243132
9.698901
9.044123
9.809448
8.937827
7.853617
9.380016
8.2915535
6.6588597
7.9684157
7.747322
7.203091
8.512647
7.096796
5.791491
6.8842053
5.902038
5.902038
6.2294273
7.9684157
7.4241843
7.5347314
7.857869
6.4420176
6.769407
8.729489
8.729489
7.5304804
7.9641643
8.618942
8.074712
6.875702
7.313638
6.9905005
5.6851964
7.317889
5.578901
6.012585
5.468354
6.667363
5.251512
4.379892
4.928375
5.1452165
4.8178277
5.1452165
4.1630497
6.667363
5.90629
5.902038
6.1188803
6.3357224
6.663111
5.8977866
6.769407
7.5304804
7.4241843
6.986249
7.313638
7.4241843
7.6410265
6.3357224
6.7736583
6.9905005
5.791491
6.3357224
6.663111
6.450521
6.2336793
5.0346694
5.583153
5.689448
4.4946904
4.3841434
5.1452165
4.7072806
4.3841434
4.2778482
5.4726057
4.2735963
4.8220797
4.928375
4.3841434
4.4946904
4.7115326
5.038922
4.8220797
4.4946904
5.90629
5.0346694
4.7072806
5.578901
5.902038
6.5525646
6.7736583
6.8799534
7.9684157
7.313638
7.313638
6.769407
8.185258
7.747322
7.419933
7.857869
7.857869
7.309386
8.4021
7.5304804
6.3357224
7.5347314
6.2294273
6.556816
6.3357224
6.8799534
7.207342
6.8799534
5.357807
6.7736583
7.4241843
7.207342
7.857869
7.857869
7.6410265
8.4021
7.857869
7.9641643
7.747322
7.9641643
8.181006
7.203091
8.725238
7.526228
7.092544
6.875702
6.875702
7.419933
6.875702
7.747322
7.5304804
7.5304804
7.203091
6.3314705
6.986249
8.4021
8.074712
6.5483127
7.9641643
7.74307
8.070459
7.853617
8.070459
9.269468
8.176754
7.526228
8.614691
7.849365
7.853617
8.614691
8.720985
8.94208
8.287301
9.265217
8.720985
9.048374
8.610438
8.393597
8.397848
8.504144
8.287301
8.176754
8.504144
8.614691
7.9641643
6.765155
7.203091
8.185258
7.9641643
6.986249
7.313638
8.074712
7.857869
7.203091
7.313638
7.4241843
7.313638
6.5483127
7.313638
7.313638
7.5304804
6.6588597
7.747322
7.5304804
6.765155
6.114629
7.9684157
7.203091
7.203091
7.747322
7.092544
7.853617
8.070459
7.092544
8.181006
7.636775
7.309386
8.618942
6.765155
6.986249
7.6410265
6.986249
6.4420176
7.7515736
6.875702
5.791491
6.663111
6.3357224
5.464102
7.5347314
5.140965
4.924123
5.468354
4.379892
4.379892
5.795743
5.140965
5.902038
6.3357224
6.2251754
6.6588597
6.769407
7.636775
6.5483127
6.114629
6.769407
6.769407
6.114629
6.2251754
6.3357224
5.791491
3.5082712
3.9462075
4.056754
3.9462075
4.928375
4.490439
2.968292
3.406228
3.189386
3.5125234
3.8399122
3.8356605
4.2735963
3.8356605
4.8178277
5.1452165
4.6009855
4.379892
5.578901
5.0346694
3.6188183
3.9462075
4.8135757
3.9419558
5.6851964
5.6851964
5.357807
5.030418
6.008333
6.2294273
6.2251754
6.008333
5.902038
4.8135757
4.4861865
6.123132
5.791491
4.1630497
5.468354
4.5967336
3.9462075
4.2735963
4.928375
3.9462075
4.3841434
3.9504592
4.8220797
3.7336173
3.62307
4.3841434
4.167301
2.640903
5.2557635
4.6009855
4.5967336
5.030418
6.2294273
6.4420176
6.8799534
6.3357224
6.769407
7.5304804
6.875702
7.203091
7.092544
7.636775
7.309386
6.765155
7.636775
6.5483127
7.092544
6.5483127
6.875702
7.203091
6.3314705
5.893534
6.6588597
6.875702
6.875702
6.6588597
7.5304804
6.6588597
6.3314705
5.026166
6.986249
6.114629
5.353555
6.8799534
6.769407
6.3314705
6.986249
6.981997
7.9641643
7.526228
6.9777446
7.9599123
8.504144
7.849365
8.393597
7.305134
8.393597
8.28305
9.371511
8.933577
9.260964
9.588354
8.82728
8.1725025
8.720985
8.176754
8.176754
6.981997
7.309386
7.309386
5.99983
5.6766925
7.419933
7.853617
6.981997
6.765155
6.981997
7.74307
6.765155
6.0040812
6.981997
6.760903
6.765155
7.632523
8.176754
8.28305
9.805196
8.606187
8.933577
9.915743
8.8230295
7.955661
8.393597
8.066207
8.28305
8.610438
8.393597
7.955661
7.0882916
7.9599123
7.0882916
7.1988387
7.0882916
6.544061
7.0882916
8.393597
8.278798
8.278798
9.150418
9.150418
9.252461
8.929324
8.601935
9.584103
8.712482
8.712482
8.499891
8.278798
8.1725025
8.606187
9.911491
9.473556
10.124082
10.77886
11.535681
10.880902
10.664061
9.9029875
10.013535
10.124082
10.77886
10.77886
10.668313
11.323091
9.584103
10.128334
9.57985
8.057704
8.712482
9.477807
8.278798
7.738818
6.544061
7.092544
7.74307
5.99983
6.544061
8.176754
7.6282716
7.8451138
8.716734
8.278798
8.606187
7.4114294
7.521976
8.176754
8.066207
8.610438
8.28305
8.82728
8.929324
9.039871
8.933577
9.36726
8.82728
8.1725025
7.738818
8.393597
7.955661
7.305134
8.610438
8.176754
7.1988387
7.305134
7.0882916
6.327219
6.654608
5.5661454
5.8977866
5.136713
4.592482
5.791491
4.8093243
4.37564
4.915619
5.136713
6.008333
4.698777
4.592482
5.8977866
5.353555
6.114629
6.4377656
7.309386
5.893534
6.2209234
6.5483127
6.6588597
6.986249
6.6588597
5.4598503
6.4420176
5.5703974
4.592482
4.379892
4.379892
3.6188183
3.5082712
4.8135757
4.37564
4.265093
5.24726
5.136713
3.6145666
4.269345
4.1587977
4.1587977
5.357807
3.7251134
3.5082712
4.0525026
3.6145666
4.8135757
4.8135757
5.030418
4.9198713
5.902038
5.574649
3.9419558
3.5082712
3.7293656
3.2956812
2.7514498
4.2735963
3.8399122
3.2956812
3.5125234
2.861997
3.078839
1.8840815
2.4283128
1.5566925
0.47248197
0.799871
1.12726
0.5830289
1.020965
1.020965
1.12726
2.1051755
2.3220174
1.5566925
2.3177657
2.534608
2.534608
3.62307
3.8399122
3.8399122
3.7336173
3.078839
3.9504592
3.5125234
2.7514498
2.424061
2.2072186
1.0124613
2.7557018
1.6672394
1.9946285
2.6451547
3.844164
2.7557018
4.8178277
4.5967336
5.791491
6.769407
7.419933
6.0040812
7.207342
6.0040812
3.7251134
3.7293656
2.7514498
2.972544
1.7777863
2.7557018
2.6451547
2.6451547
2.7557018
3.5167751
3.1851342
4.379892
6.012585
5.6851964
5.902038
6.012585
6.4462695
6.2251754
7.207342
7.203091
7.419933
7.092544
6.4377656
7.309386
6.765155
6.6588597
6.114629
6.1188803
6.2251754
6.1188803
5.140965
4.5967336
4.0525026
4.5967336
4.1587977
4.4861865
5.030418
5.468354
5.468354
4.924123
4.0525026
5.902038
5.6809444
6.114629
7.5304804
7.415681
7.632523
7.849365
6.6503563
7.9599123
8.393597
8.8315325
6.87145
7.309386
7.5304804
6.875702
5.5703974
6.769407
7.203091
6.986249
6.2209234
6.2209234
6.6588597
6.2251754
5.24726
4.8135757
5.6851964
6.2294273
5.6809444
6.4420176
7.203091
7.636775
6.981997
7.092544
6.87145
6.981997
7.203091
6.875702
6.0040812
7.857869
7.419933
6.769407
6.986249
6.769407
7.747322
7.309386
6.875702
7.5304804
6.765155
6.2209234
5.8977866
6.4420176
6.769407
7.096796
7.203091
6.986249
6.6588597
7.853617
6.87145
7.309386
7.1988387
6.4377656
6.114629
6.769407
6.8799534
6.2294273
5.902038
5.357807
5.030418
4.8135757
6.5525646
6.2251754
5.6809444
7.5304804
6.3314705
6.875702
8.185258
6.765155
6.986249
7.5304804
6.875702
7.203091
7.092544
6.875702
7.853617
8.181006
7.9599123
6.544061
8.508395
8.508395
7.74307
7.857869
7.092544
7.203091
7.092544
7.419933
5.893534
6.4420176
6.6588597
6.3314705
6.2251754
6.4420176
6.875702
7.203091
7.313638
6.986249
7.203091
7.092544
8.508395
8.937827
7.738818
9.265217
9.044123
8.1725025
9.698901
9.809448
10.243132
9.371511
8.393597
10.02629
8.499891
7.955661
9.15467
9.15467
8.389345
9.15467
9.265217
9.915743
9.048374
9.915743
7.955661
9.265217
9.15467
7.738818
9.048374
9.915743
9.260964
9.911491
8.066207
8.066207
9.15467
8.499891
10.787363
9.805196
9.15467
10.459974
10.0220375
9.911491
10.893659
11.65048
11.65048
11.867322
12.517848
10.995702
12.411553
12.084165
10.668313
11.871573
10.77886
10.995702
10.455723
10.23888
9.800944
10.23888
9.477807
9.150418
9.044123
9.915743
10.349427
9.805196
10.459974
10.783112
10.0220375
9.584103
9.911491
10.128334
10.128334
10.999953
10.017787
10.128334
11.654732
10.77886
10.77886
11.327342
11.323091
10.77886
10.885155
10.885155
11.539933
11.101996
12.084165
11.756775
10.77886
10.455723
10.455723
10.234629
9.800944
11.1105
10.349427
9.911491
10.0220375
10.0220375
8.606187
9.044123
8.066207
8.1725025
9.265217
9.265217
9.588354
9.15467
9.698901
10.0220375
8.933577
9.915743
10.566269
10.77886
10.999953
10.889407
11.433638
9.800944
10.566269
9.911491
9.584103
9.805196
10.0220375
9.150418
9.044123
9.915743
8.716734
7.9599123
8.504144
8.066207
8.720985
7.415681
7.415681
7.5304804
7.419933
7.092544
7.203091
7.419933
6.654608
7.092544
6.5483127
7.092544
6.6588597
7.309386
7.636775
6.3314705
8.181006
7.849365
7.415681
7.74307
8.8315325
7.521976
9.371511
9.915743
9.588354
8.28305
7.849365
7.1988387
7.309386
7.526228
6.3314705
6.986249
7.203091
6.6588597
5.5703974
6.4420176
7.203091
6.008333
7.096796
6.986249
7.203091
6.6588597
7.747322
6.875702
5.7872396
7.6410265
7.203091
7.526228
8.720985
9.048374
9.482059
8.070459
9.265217
8.1725025
8.937827
8.720985
10.136837
8.610438
8.070459
8.614691
7.521976
6.765155
7.309386
7.309386
6.6588597
6.875702
6.765155
7.5304804
6.5483127
7.203091
6.6588597
6.875702
6.2209234
6.3314705
6.6588597
7.313638
6.6588597
6.3314705
7.747322
7.203091
6.875702
7.203091
7.747322
7.636775
7.309386
7.309386
9.048374
7.74307
7.632523
7.092544
6.765155
7.5304804
6.5483127
6.5483127
7.5304804
6.769407
7.313638
5.8977866
5.464102
6.008333
5.24726
5.357807
6.012585
4.4861865
4.6009855
5.4726057
4.6009855
4.928375
2.8577452
4.4946904
3.8399122
4.2735963
5.140965
4.5967336
6.1188803
5.353555
5.6809444
6.4420176
5.7872396
6.2209234
6.765155
7.74307
7.309386
7.1988387
6.765155
6.654608
6.110377
7.092544
6.875702
7.203091
7.4241843
5.8977866
6.008333
5.791491
5.902038
5.140965
5.251512
4.7030287
5.357807
5.24726
4.8093243
5.6809444
6.114629
5.353555
5.136713
5.026166
5.24726
5.136713
4.37564
5.357807
5.251512
3.9419558
4.8135757
5.791491
5.5703974
5.8977866
6.3314705
6.5483127
6.765155
6.765155
6.3314705
6.114629
6.2251754
5.026166
7.747322
6.6588597
5.5703974
7.096796
6.5525646
5.464102
6.1188803
5.357807
4.8135757
3.6188183
4.490439
5.0346694
3.4019763
3.9419558
5.578901
5.574649
6.663111
6.114629
6.008333
6.008333
6.6588597
6.875702
7.419933
6.981997
7.74307
7.636775
7.419933
6.0040812
6.769407
5.6766925
6.008333
6.5483127
5.6809444
5.6809444
5.136713
5.24726
5.574649
4.7030287
6.1188803
5.464102
6.1188803
4.265093
6.4420176
5.902038
5.464102
5.136713
6.3314705
6.6588597
6.654608
6.87145
7.74307
9.048374
8.066207
7.8451138
8.389345
7.955661
8.606187
9.260964
7.849365
7.415681
7.632523
7.309386
7.415681
6.981997
6.4377656
6.654608
5.893534
7.636775
6.544061
7.309386
7.309386
6.5483127
6.875702
7.203091
5.7872396
7.203091
7.853617
7.309386
6.87145
7.9599123
7.632523
6.87145
7.9599123
7.415681
6.765155
6.765155
6.5483127
5.3493037
6.0040812
6.5483127
6.6588597
7.092544
6.0040812
5.6766925
6.114629
6.2209234
7.092544
7.5304804
5.893534
6.765155
6.981997
5.3493037
6.765155
6.87145
7.1988387
8.181006
7.74307
6.654608
7.1988387
6.981997
6.981997
6.3314705
6.2209234
6.4377656
7.636775
6.654608
6.5483127
7.305134
7.1988387
8.287301
6.9777446
6.327219
7.849365
7.849365
6.87145
7.1988387
6.87145
6.4377656
6.4377656
6.981997
6.327219
7.526228
7.849365
7.0882916
7.415681
8.393597
8.8315325
7.0882916
7.74307
6.981997
6.875702
6.3314705
7.419933
7.747322
6.0040812
7.203091
6.981997
6.765155
6.875702
6.5483127
5.5703974
6.3314705
5.7872396
5.8977866
5.8977866
5.243008
7.207342
6.986249
6.114629
5.5703974
6.6588597
6.6588597
6.0040812
7.092544
6.654608
6.981997
7.74307
6.981997
6.765155
8.176754
8.720985
7.0882916
7.309386
6.5483127
6.875702
5.8977866
6.2251754
6.986249
5.357807
4.269345
5.902038
4.37564
3.9419558
6.1188803
5.357807
4.7030287
3.6188183
4.924123
4.8178277
3.9419558
3.1808825
4.7072806
4.8135757
4.4861865
6.5525646
6.875702
6.875702
5.4598503
5.6809444
5.5703974
4.7030287
4.8093243
6.008333
5.574649
4.8135757
5.578901
4.3841434
3.1851342
4.6009855
3.9462075
2.7514498
3.078839
3.7336173
2.313514
2.6451547
3.078839
3.2956812
3.6188183
3.2914293
5.578901
5.357807
4.37564
5.140965
5.468354
5.140965
5.357807
4.8135757
5.468354
5.357807
5.464102
5.468354
5.140965
5.902038
4.9198713
5.357807
5.140965
6.4462695
5.574649
6.1188803
4.7072806
4.8135757
5.574649
4.924123
5.357807
5.574649
5.24726
4.269345
5.357807
5.468354
3.7251134
3.8356605
4.269345
4.9198713
5.140965
4.379892
5.357807
5.468354
4.4861865
5.574649
4.8135757
6.9905005
5.6809444
6.114629
6.986249
7.309386
7.092544
7.853617
6.5483127
7.203091
7.203091
6.5483127
6.8799534
6.769407
7.6410265
6.6588597
6.008333
6.008333
6.3357224
7.317889
6.5525646
5.030418
6.3357224
6.769407
6.986249
6.986249
6.3314705
6.008333
5.791491
6.012585
6.012585
5.136713
4.8135757
4.5967336
5.251512
4.7072806
5.24726
6.008333
6.6588597
7.309386
7.415681
9.15467
8.82728
8.28305
8.389345
8.28305
9.15467
8.28305
9.371511
9.260964
7.305134
8.504144
7.738818
8.176754
8.610438
7.1945877
7.632523
7.526228
8.614691
7.74307
6.765155
7.526228
8.614691
8.720985
9.150418
8.389345
9.477807
9.36726
9.150418
9.915743
9.260964
9.150418
10.459974
9.36726
9.36726
10.676816
10.995702
11.318839
10.885155
11.2125435
10.557766
10.45147
10.345176
10.783112
10.6725645
10.455723
9.911491
10.0220375
9.36726
8.712482
9.69465
9.69465
8.49564
8.287301
8.504144
7.415681
7.526228
8.287301
8.287301
8.933577
9.69465
9.146166
10.999953
10.45147
10.995702
9.800944
9.256713
10.349427
10.783112
10.349427
10.459974
9.805196
10.23888
10.455723
10.128334
9.911491
10.999953
10.23888
9.150418
9.805196
9.805196
9.698901
9.477807
9.371511
10.459974
9.477807
9.044123
8.716734
8.716734
9.15467
8.82728
7.74307
8.614691
7.309386
8.181006
9.265217
8.066207
9.698901
10.787363
9.911491
10.132585
10.676816
10.349427
9.477807
8.389345
8.716734
9.044123
8.499891
9.588354
11.004206
9.36726
9.477807
9.588354
10.0220375
9.260964
8.937827
9.809448
9.482059
8.610438
8.070459
7.526228
8.8315325
8.82728
9.477807
10.349427
9.805196
8.499891
10.02629
8.610438
9.048374
9.809448
9.805196
8.066207
8.393597
8.066207
8.28305
10.0220375
9.911491
10.6725645
10.132585
10.132585
8.606187
9.260964
8.82728
9.477807
9.588354
9.477807
10.0220375
10.349427
9.911491
9.477807
8.933577
8.610438
7.9599123
8.720985
8.720985
9.158921
8.937827
9.15467
9.805196
9.477807
10.0220375
9.911491
9.911491
10.889407
11.539933
10.77886
10.455723
9.473556
9.584103
10.783112
11.539933
11.871573
10.999953
11.106249
10.6725645
10.783112
9.69465
10.23888
9.69465
10.349427
11.548436
10.783112
11.1105
11.871573
11.867322
12.734691
11.646228
13.500016
12.084165
11.761026
11.327342
9.477807
10.893659
8.606187
9.915743
10.349427
9.805196
11.221047
11.221047
9.805196
10.243132
10.566269
10.132585
9.588354
10.243132
10.243132
10.999953
11.1105
11.1105
10.6725645
10.128334
10.45147
10.45147
11.544185
11.65048
10.234629
10.128334
10.345176
10.345176
10.349427
9.477807
9.911491
9.915743
9.915743
9.265217
9.919995
9.482059
9.265217
9.265217
9.158921
8.614691
9.592606
10.136837
9.482059
9.915743
9.698901
10.349427
10.89791
10.676816
9.044123
11.221047
11.004206
9.477807
9.698901
9.588354
8.720985
7.9599123
8.176754
6.87145
8.618942
8.074712
7.203091
6.2251754
5.791491
5.574649
6.875702
6.3314705
5.8977866
7.313638
7.313638
7.203091
7.092544
8.074712
7.747322
7.092544
8.2915535
8.725238
8.287301
9.158921
9.048374
9.265217
9.698901
8.937827
8.610438
9.805196
9.698901
10.349427
9.588354
10.459974
10.136837
8.82728
8.614691
7.9641643
8.508395
7.747322
7.313638
8.074712
6.2251754
7.207342
7.207342
6.4462695
6.1188803
7.1010475
6.8799534
6.1188803
5.902038
6.2294273
6.4462695
6.8799534
7.9684157
8.618942
8.2915535
8.508395
9.158921
10.136837
8.720985
8.614691
9.703153
9.809448
8.610438
9.375764
8.614691
9.158921
8.287301
8.8315325
9.158921
8.614691
7.9641643
8.181006
8.4021
7.5304804
7.5304804
8.185258
7.419933
7.5304804
7.6410265
8.2915535
6.6588597
8.2915535
8.508395
8.397848
9.158921
8.287301
8.610438
9.044123
10.243132
9.044123
10.893659
11.004206
10.128334
10.889407
10.566269
10.783112
10.128334
10.345176
11.221047
11.221047
10.0220375
9.805196
9.044123
9.588354
9.588354
9.044123
8.720985
9.260964
8.716734
9.482059
8.8230295
8.933577
9.477807
9.588354
9.477807
10.349427
9.911491
11.1105
10.77886
10.562017
10.889407
11.8630705
10.991449
12.624144
12.624144
13.385218
13.818902
12.075661
12.296754
13.168375
12.619891
12.296754
12.190459
12.951532
12.296754
11.318839
10.995702
10.995702
10.77886
10.999953
11.1105
9.584103
9.805196
10.0220375
10.676816
9.805196
10.0220375
9.805196
10.566269
10.349427
10.566269
10.6725645
10.999953
10.783112
11.216796
10.77886
11.867322
12.084165
11.429386
12.084165
10.668313
10.995702
10.124082
10.455723
11.433638
11.433638
9.911491
10.017787
9.69465
9.477807
9.473556
10.676816
9.805196
9.039871
9.911491
10.0220375
8.606187
8.066207
7.849365
8.937827
8.933577
8.1725025
9.150418
9.584103
8.929324
10.128334
9.473556
9.796692
10.45147
10.234629
11.2125435
11.429386
10.013535
10.995702
9.800944
9.690397
10.234629
9.146166
9.911491
10.128334
9.584103
10.23888
8.606187
9.477807
9.039871
7.5177245
8.716734
9.260964
8.278798
8.716734
9.371511
8.716734
9.477807
9.150418
10.132585
9.36726
8.606187
8.28305
8.499891
7.955661
8.393597
7.305134
7.632523
7.8451138
7.1945877
6.760903
5.7829876
7.092544
6.981997
6.765155
7.092544
7.309386
7.092544
6.87145
6.110377
7.74307
7.74307
7.1988387
6.654608
6.4377656
7.313638
7.092544
6.875702
6.986249
6.875702
6.0040812
6.875702
7.092544
7.092544
7.1988387
5.6766925
6.765155
6.654608
6.0040812
6.5483127
6.3314705
7.415681
6.327219
7.0882916
7.853617
8.070459
7.632523
6.544061
6.981997
6.87145
7.309386
6.875702
7.203091
6.110377
6.3314705
6.2209234
6.986249
6.769407
5.8977866
4.8093243
5.353555
5.353555
5.5703974
6.769407
5.243008
5.7872396
6.0040812
7.203091
6.110377
6.765155
5.893534
6.654608
6.544061
6.110377
6.87145
6.981997
6.87145
6.760903
6.4377656
6.4377656
6.981997
7.849365
7.305134
6.327219
6.760903
6.9777446
7.632523
7.738818
7.0882916
6.544061
5.8892827
6.110377
6.765155
6.110377
6.216672
5.5661454
7.1988387
6.87145
6.6503563
6.327219
7.415681
7.0882916
6.760903
5.7829876
7.526228
5.5661454
6.765155
6.2209234
5.5661454
6.765155
6.0040812
6.981997
6.2209234
7.309386
6.87145
6.765155
6.765155
6.765155
7.092544
5.6766925
5.893534
6.5483127
6.654608
6.2209234
7.203091
6.765155
5.132461
6.4377656
6.0040812
6.5483127
5.353555
6.2251754
5.8977866
6.0040812
5.6766925
6.5483127
5.6766925
5.7872396
6.3314705
5.4598503
6.4377656
6.6588597
5.893534
5.7872396
6.875702
7.309386
6.654608
6.765155
7.74307
6.544061
6.544061
7.632523
8.070459
6.4377656
5.3493037
5.6766925
6.3314705
6.0040812
5.5661454
6.2209234
6.110377
7.419933
5.3493037
5.893534
6.3314705
5.6766925
4.477683
4.698777
5.4598503
5.7872396
4.58823
4.698777
4.481935
5.243008
4.915619
5.243008
6.875702
6.0040812
5.3493037
6.2209234
6.4377656
6.981997
6.2209234
6.2209234
6.765155
7.092544
6.87145
6.4377656
6.3314705
6.4377656
5.3493037
6.110377
7.309386
6.765155
5.893534
5.6766925
6.2209234
4.915619
4.915619
5.5703974
4.915619
5.243008
5.243008
5.4598503
5.026166
5.026166
4.7030287
3.9419558
3.7208617
4.265093
4.915619
5.243008
3.7208617
5.136713
5.8977866
4.8093243
5.026166
5.353555
5.5703974
5.5703974
5.243008
4.265093
4.265093
4.9198713
5.464102
5.026166
5.353555
4.9198713
5.353555
5.026166
3.7208617
4.37564
4.4861865
4.1587977
4.9198713
3.3977246
4.5967336
3.1808825
4.1587977
3.6145666
5.24726
4.0482507
5.574649
4.7030287
4.4861865
5.140965
5.24726
4.1587977
5.030418
4.9198713
3.9377036
6.008333
5.4598503
5.026166
5.6809444
5.243008
5.353555
6.114629
6.3314705
4.8050723
5.5703974
5.7872396
4.8050723
6.769407
6.0040812
4.9198713
4.1587977
4.5967336
3.1808825
4.5967336
4.269345
3.8356605
4.8135757
3.6145666
4.1587977
4.9198713
5.8977866
6.114629
6.0040812
6.110377
5.7829876
6.765155
6.981997
5.0219145
6.2209234
6.981997
6.2209234
6.0040812
7.74307
6.981997
6.4377656
6.110377
5.893534
5.6766925
6.654608
6.110377
5.5661454
6.5483127
5.7872396
4.481935
5.7872396
5.353555
4.481935
4.154546
5.136713
5.5703974
4.371388
5.24726
5.5703974
4.698777
5.026166
6.0040812
5.243008
4.58823
5.7872396
5.893534
5.2387567
8.614691
7.0840406
8.499891
7.955661
8.499891
7.5177245
7.521976
8.499891
7.0840406
7.6282716
7.6282716
9.15467
8.610438
7.955661
6.8671985
6.760903
5.99983
7.0882916
7.305134
6.544061
7.1988387
6.216672
6.6503563
7.521976
6.9777446
7.0840406
6.21242
7.4114294
9.150418
8.385093
8.712482
9.36726
9.146166
8.491387
8.929324
8.712482
8.712482
8.929324
9.473556
9.584103
9.473556
9.146166
9.36726
9.69465
9.36726
8.168251
9.36726
9.039871
9.039871
7.951409
8.061955
8.8230295
7.3008823
7.6282716
8.061955
7.521976
8.066207
8.1725025
7.0840406
8.1725025
7.951409
8.061955
8.499891
7.7345667
7.951409
7.5177245
7.3008823
7.951409
8.49564
8.389345
8.606187
8.929324
8.8230295
9.477807
8.49564
7.951409
8.061955
7.8451138
6.6503563
7.521976
7.1945877
7.1945877
7.0840406
6.7566514
8.82728
8.061955
8.278798
7.6282716
7.1945877
7.305134
7.521976
7.305134
6.216672
7.1945877
7.6282716
8.49564
7.2966304
8.1725025
7.6240196
8.49564
8.168251
7.6282716
8.28305
8.168251
8.499891
9.044123
9.36726
7.8451138
8.061955
7.5177245
8.606187
8.49564
7.3008823
9.260964
7.738818
8.28305
7.8451138
8.389345
6.7566514
8.066207
7.955661
7.0840406
6.8671985
8.066207
7.6282716
7.738818
7.0882916
7.415681
6.3229666
6.539809
6.760903
7.1945877
7.6282716
6.9777446
6.9777446
7.632523
6.6503563
7.4114294
7.5177245
8.389345
8.278798
8.8230295
9.039871
8.8230295
7.7345667
8.061955
7.840862
8.278798
8.606187
9.36726
8.49564
9.477807
9.256713
9.150418
8.8230295
7.951409
7.7345667
8.933577
7.4071774
8.49564
8.49564
8.70823
8.712482
7.6197677
8.601935
8.057704
8.491387
8.712482
9.256713
8.38084
8.601935
7.9471564
9.146166
9.146166
8.818777
9.146166
9.252461
8.163999
10.234629
8.70823
9.141914
10.234629
9.690397
9.469303
9.3630085
9.252461
9.796692
9.686145
9.575599
9.898736
9.681894
10.5535145
10.664061
9.141914
10.234629
9.3630085
7.9471564
8.601935
8.929324
10.017787
9.796692
9.141914
9.035619
10.234629
9.473556
10.45147
9.035619
10.45147
9.686145
10.668313
10.124082
10.230376
10.447219
10.009283
10.991449
10.774608
10.013535
10.668313
9.907239
9.907239
8.491387
8.929324
9.911491
9.146166
9.473556
8.818777
8.929324
8.925072
9.035619
10.340923
10.447219
10.442967
11.204041
11.314588
12.403049
10.982946
10.876652
10.876652
11.854567
11.960861
11.7440195
11.854567
12.071408
11.637725
10.221873
11.969365
11.314588
12.075661
10.987199
11.420882
10.442967
10.221873
11.204041
11.637725
11.748272
11.531429
10.226125
10.770356
11.535681
11.748272
11.199788
11.637725
10.987199
10.442967
11.204041
10.659809
10.770356
11.097745
10.442967
10.33242
9.792441
10.5535145
11.425134
10.991449
11.097745
9.792441
9.686145
10.119829
10.115578
11.097745
11.097745
11.425134
10.664061
9.252461
9.796692
9.686145
9.035619
9.146166
9.469303
8.163999
9.146166
8.270294
9.358756
10.340923
9.686145
9.469303
9.686145
8.818777
9.469303
9.469303
9.686145
10.009283
10.009283
9.358756
9.146166
8.274546
8.712482
8.385093
8.385093
8.49564
8.385093
8.929324
9.035619
9.796692
11.318839
11.097745
10.880902
11.314588
11.531429
11.748272
11.858818
13.48726
11.960861
11.7440195
11.748272
10.5535145
9.9029875
8.818777
8.601935
7.840862
7.840862
9.256713
8.929324
9.800944
9.252461
8.814526
10.557766
10.009283
10.013535
9.792441
10.013535
9.252461
10.774608
9.792441
10.013535
11.2125435
10.774608
9.9029875
9.57985
10.45147
9.907239
9.039871
9.150418
7.5177245
7.1945877
7.4114294
8.389345
7.521976
8.393597
7.1903353
7.4114294
7.8451138
8.49564
7.079788
7.0840406
7.1945877
8.499891
9.150418
8.606187
9.150418
8.49564
9.473556
9.039871
9.146166
9.69465
8.49564
8.061955
8.8230295
8.712482
9.69465
8.929324
9.039871
8.8230295
9.150418
9.69465
8.8230295
7.955661
9.150418
7.6240196
7.8451138
7.7345667
7.4071774
9.150418
8.278798
8.712482
9.039871
8.49564
8.168251
8.8230295
8.716734
9.256713
9.039871
9.911491
9.039871
9.150418
10.23888
8.929324
10.0220375
9.69465
9.256713
8.716734
9.805196
8.278798
8.933577
8.389345
8.716734
8.610438
8.937827
7.1988387
7.419933
7.9599123
6.4377656
6.2209234
7.636775
6.2209234
6.5483127
6.769407
5.4598503
7.747322
6.5483127
6.5483127
6.4420176
7.092544
6.5483127
6.0040812
6.5483127
7.419933
6.875702
6.765155
5.7872396
5.8977866
5.3493037
6.114629
6.114629
7.5304804
6.6588597
6.5483127
6.2209234
5.6766925
7.313638
5.7872396
6.2251754
6.008333
6.2251754
5.136713
6.008333
6.5525646
5.353555
6.008333
6.0040812
6.4377656
6.6588597
7.092544
7.092544
6.114629
6.114629
6.008333
6.986249
6.6588597
5.5703974
5.6766925
7.5304804
6.3314705
5.5703974
6.2251754
6.3357224
5.5703974
5.6809444
5.464102
7.419933
6.114629
5.464102
6.5525646
6.769407
6.2251754
7.096796
6.8799534
5.791491
6.4462695
5.464102
4.8135757
5.6809444
6.1188803
6.4462695
5.24726
5.357807
5.574649
5.357807
5.791491
6.114629
7.096796
6.0040812
7.203091
6.875702
6.981997
6.875702
8.070459
8.070459
9.048374
8.066207
8.393597
8.716734
9.15467
9.371511
8.82728
8.716734
9.36726
9.36726
9.150418
9.805196
8.49564
8.389345
9.805196
10.243132
9.69465
10.349427
9.044123
9.477807
9.805196
10.349427
9.911491
9.256713
9.69465
10.23888
10.783112
9.911491
10.345176
10.999953
11.867322
10.77886
11.539933
11.2125435
12.517848
12.734691
11.429386
12.194712
11.539933
10.45147
10.889407
11.867322
10.995702
11.65048
11.65048
12.301006
11.646228
11.8630705
12.738942
11.867322
11.2125435
11.756775
11.101996
13.278922
13.057828
12.836734
13.818902
12.296754
12.407301
13.057828
13.057828
13.057828
12.513597
12.840985
14.035743
14.142038
13.48726
13.814649
13.814649
13.818902
12.509345
13.818902
13.929449
14.256837
13.708355
12.619891
12.624144
12.296754
12.296754
13.274671
11.641976
13.057828
12.624144
12.624144
13.708355
13.385218
12.840985
12.730438
12.296754
13.385218
14.252585
13.380964
14.035743
14.248333
14.465176
14.248333
13.597807
13.164123
13.491511
13.704102
14.142038
13.925196
13.814649
13.597807
14.252585
14.14629
13.48726
12.836734
13.057828
12.513597
12.624144
12.840985
11.8630705
12.951532
11.8630705
11.646228
11.867322
10.77886
10.340923
10.562017
10.562017
9.907239
10.889407
11.323091
10.6725645
10.77886
9.3630085
10.128334
10.668313
10.340923
10.45147
10.234629
11.2125435
11.65048
11.973618
10.013535
10.234629
10.345176
10.017787
10.340923
9.907239
11.544185
11.65048
11.106249
11.216796
11.433638
10.45147
10.345176
11.433638
10.995702
10.45147
10.77886
10.77886
10.128334
9.256713
10.349427
9.911491
9.039871
10.566269
9.805196
9.584103
8.933577
9.69465
8.061955
8.8230295
9.039871
10.23888
9.911491
8.929324
9.69465
9.805196
9.800944
8.929324
9.477807
10.243132
9.915743
8.28305
8.614691
8.937827
7.9599123
8.066207
7.309386
6.327219
7.636775
7.632523
7.415681
9.265217
9.809448
9.044123
8.716734
8.499891
9.69465
9.911491
8.278798
9.260964
9.36726
8.49564
8.933577
8.278798
9.260964
8.8230295
7.1945877
7.738818
8.1725025
9.805196
8.8230295
7.8451138
7.738818
7.849365
7.415681
7.632523
6.654608
7.636775
7.1988387
7.415681
6.4377656
5.7829876
6.110377
6.4377656
6.765155
6.4377656
5.6766925
5.132461
6.2209234
6.4377656
5.5661454
5.1282096
6.327219
7.415681
6.9777446
8.176754
7.305134
7.8451138
7.521976
8.176754
9.371511
8.716734
7.738818
8.1725025
7.738818
8.716734
9.044123
8.061955
9.36726
8.061955
8.393597
8.28305
7.1945877
6.544061
8.176754
7.0882916
7.849365
7.521976
6.539809
7.738818
6.7566514
6.8671985
8.1725025
7.1945877
8.606187
8.49564
7.6240196
9.584103
8.49564
8.057704
8.385093
8.057704
8.818777
8.601935
8.385093
8.274546
9.039871
8.385093
8.712482
8.818777
8.601935
8.929324
9.800944
9.690397
8.929324
8.929324
9.469303
9.584103
9.473556
8.491387
9.146166
9.039871
8.712482
9.690397
8.601935
8.70823
8.929324
9.690397
9.57985
8.818777
9.256713
8.601935
8.491387
8.929324
8.818777
9.9029875
9.358756
10.557766
10.119829
10.013535
9.796692
9.252461
8.491387
8.929324
8.601935
9.690397
9.256713
9.796692
8.491387
9.256713
8.70823
9.57985
9.256713
9.473556
9.907239
9.146166
10.124082
10.234629
10.230376
10.124082
10.013535
9.686145
9.792441
10.880902
10.5535145
10.5535145
11.097745
11.204041
11.425134
11.425134
10.987199
11.531429
11.425134
11.531429
11.965114
11.748272
11.420882
11.531429
10.5535145
10.119829
9.686145
10.447219
9.575599
10.119829
11.531429
10.5535145
11.752523
10.880902
10.770356
10.557766
9.686145
9.575599
8.925072
9.690397
8.491387
8.38084
9.57985
9.907239
10.991449
11.208292
10.991449
9.792441
10.5535145
10.119829
9.796692
10.447219
9.9029875
9.9029875
11.318839
10.880902
10.119829
10.664061
10.447219
9.141914
9.686145
10.455723
9.907239
8.491387
9.473556
9.690397
10.124082
9.035619
9.473556
8.712482
9.690397
9.473556
8.168251
8.49564
8.274546
8.818777
9.150418
8.49564
7.9471564
8.929324
8.933577
9.039871
8.385093
9.3630085
9.141914
9.907239
9.3630085
10.234629
9.252461
9.473556
8.491387
9.256713
9.907239
8.70823
10.230376
9.796692
9.796692
9.035619
9.035619
8.925072
8.601935
9.146166
9.3630085
9.035619
9.252461
8.925072
8.925072
10.447219
10.119829
9.575599
9.465052
10.991449
9.796692
10.017787
9.3630085
7.9471564
9.69465
8.601935
8.274546
9.256713
8.712482
8.601935
9.36726
9.473556
8.385093
8.606187
8.389345
8.499891
8.610438
8.28305
8.716734
8.061955
9.911491
8.716734
8.716734
8.716734
7.738818
7.1945877
7.305134
7.526228
7.309386
6.327219
6.87145
7.521976
5.7829876
6.87145
6.9777446
7.1945877
7.738818
8.278798
8.389345
8.278798
8.712482
7.6282716
8.278798
7.951409
8.606187
8.929324
9.584103
8.49564
8.385093
9.36726
8.8230295
7.7345667
8.278798
8.066207
8.28305
6.327219
7.521976
6.9777446
6.6503563
7.632523
7.738818
8.82728
7.738818
6.6503563
6.544061
6.4377656
7.9599123
7.738818
7.1945877
8.499891
8.499891
8.606187
9.265217
8.933577
7.4114294
8.610438
8.1725025
7.738818
8.066207
7.0882916
7.9599123
7.415681
7.305134
6.654608
7.632523
6.9777446
7.632523
7.849365
8.82728
8.066207
7.305134
7.305134
7.74307
8.397848
7.1988387
8.066207
8.066207
9.36726
9.150418
9.150418
8.712482
9.800944
8.606187
9.911491
9.911491
8.499891
9.805196
8.716734
7.955661
9.698901
9.044123
9.69465
9.044123
10.0220375
9.477807
9.15467
8.389345
8.610438
8.937827
8.499891
9.260964
8.933577
9.371511
8.606187
8.1725025
7.6282716
8.933577
8.606187
8.1725025
8.82728
8.499891
8.610438
8.610438
9.588354
9.260964
10.349427
10.128334
10.6725645
9.911491
10.455723
9.911491
9.256713
10.676816
10.455723
8.929324
10.345176
9.911491
10.995702
10.77886
10.345176
11.101996
11.65048
9.584103
9.911491
8.8230295
8.933577
8.82728
9.371511
7.849365
9.265217
9.698901
7.6282716
8.720985
8.82728
8.716734
8.937827
9.260964
9.150418
9.588354
9.588354
9.69465
10.0220375
10.0220375
9.36726
9.260964
8.8230295
10.349427
9.69465
9.039871
9.584103
9.69465
9.36726
9.260964
9.260964
9.260964
8.82728
8.716734
9.915743
8.8230295
9.477807
9.911491
9.477807
8.066207
9.482059
8.720985
8.066207
8.937827
8.066207
8.393597
8.066207
7.415681
7.0882916
7.74307
6.87145
7.309386
7.1988387
6.0040812
7.636775
7.636775
6.654608
7.1988387
8.504144
7.9599123
6.544061
7.0882916
7.092544
7.526228
6.4377656
8.397848
7.092544
6.765155
6.2251754
6.986249
6.986249
5.132461
6.114629
7.092544
6.5483127
6.3314705
6.6588597
6.6588597
6.0040812
6.981997
7.1988387
8.504144
8.720985
6.9777446
8.176754
9.044123
6.760903
8.393597
7.415681
9.265217
8.82728
6.9777446
8.070459
7.415681
7.521976
7.526228
7.74307
8.287301
8.287301
6.87145
7.092544
6.765155
5.6766925
7.203091
6.110377
6.0040812
6.6588597
5.5703974
6.5525646
6.6588597
5.353555
5.6809444
6.6588597
4.8093243
5.243008
6.2251754
6.3314705
6.765155
6.654608
7.419933
7.309386
6.0040812
6.2209234
6.654608
6.981997
7.9599123
6.544061
8.176754
7.9599123
7.305134
7.74307
6.875702
7.419933
7.092544
6.114629
6.0040812
7.309386
7.309386
6.765155
6.654608
6.654608
7.853617
8.181006
8.070459
7.74307
7.632523
7.632523
7.632523
6.654608
6.765155
7.415681
6.4377656
7.203091
6.875702
6.2209234
6.2209234
6.875702
7.309386
7.092544
6.875702
6.6588597
6.6588597
5.7872396
5.6766925
6.5483127
6.87145
7.74307
6.433514
7.305134
7.1988387
7.415681
7.9599123
6.765155
5.99983
7.419933
7.419933
6.654608
6.2209234
7.636775
6.110377
6.2209234
7.092544
5.893534
6.2209234
7.092544
6.654608
5.4555984
5.6766925
6.765155
6.4377656
6.544061
6.765155
7.092544
6.544061
5.99983
6.765155
6.4377656
6.327219
6.110377
6.5483127
6.6588597
5.893534
6.4377656
7.092544
6.0040812
5.3493037
5.4598503
6.2209234
6.875702
5.353555
6.3314705
7.203091
5.4598503
5.243008
5.5703974
6.5483127
6.2209234
6.544061
6.327219
7.632523
6.544061
6.981997
6.654608
7.849365
7.6282716
7.8451138
7.849365
7.849365
6.9777446
5.995578
7.415681
6.3229666
8.176754
7.0882916
6.544061
7.9599123
6.654608
5.6766925
5.132461
6.6588597
6.0040812
5.0219145
5.893534
6.981997
6.654608
6.4377656
6.654608
7.309386
6.2209234
6.981997
5.3493037
6.3314705
6.110377
6.4377656
6.981997
7.521976
8.28305
7.955661
6.433514
7.632523
7.0882916
6.110377
7.309386
7.1988387
6.4377656
7.74307
6.327219
5.893534
6.110377
6.4377656
6.110377
6.5483127
6.2209234
6.2209234
5.0219145
6.114629
6.0040812
4.477683
5.6766925
7.309386
6.2209234
6.110377
7.74307
6.544061
7.415681
6.6503563
6.433514
7.415681
7.0840406
6.544061
6.9777446
7.1945877
7.4114294
8.8230295
8.385093
8.49564
7.7345667
8.1725025
6.539809
6.433514
7.849365
7.0840406
7.305134
8.066207
7.0840406
7.6282716
7.1945877
7.521976
6.3229666
6.544061
6.216672
6.6503563
5.5618935
6.760903
7.1945877
6.760903
7.738818
7.8451138
7.0840406
7.8451138
8.712482
7.4071774
8.716734
8.49564
7.6240196
9.039871
7.951409
7.7345667
7.1903353
6.9734936
7.951409
7.951409
9.36726
8.278798
7.7345667
8.1725025
8.28305
6.539809
6.8671985
6.4377656
7.0882916
6.110377
6.981997
5.5661454
6.654608
6.6503563
5.99983
6.760903
6.327219
7.0882916
7.521976
6.216672
7.4114294
8.937827
7.6240196
7.079788
8.606187
7.5134726
7.3008823
8.278798
8.389345
8.606187
8.712482
8.929324
8.8230295
8.061955
8.168251
7.5177245
8.606187
7.951409
8.606187
8.606187
7.8451138
7.6282716
7.951409
7.5177245
8.061955
7.5177245
7.955661
6.7566514
8.28305
7.5177245
7.7345667
8.061955
8.057704
8.278798
8.606187
8.278798
8.28305
7.8451138
8.8230295
8.278798
8.278798
7.4071774
7.079788
7.8451138
8.061955
8.606187
7.7345667
8.057704
8.49564
8.274546
10.128334
8.168251
7.5177245
7.738818
7.521976
7.305134
6.544061
6.6503563
7.3008823
7.955661
6.6461043
6.9734936
6.760903
7.5177245
7.738818
7.4114294
6.6503563
7.521976
7.0840406
8.49564
7.7303147
8.8230295
8.274546
7.951409
9.039871
8.057704
8.606187
8.8230295
8.8230295
8.278798
7.840862
6.9734936
7.7345667
7.6282716
7.3008823
7.849365
6.8671985
6.216672
6.9777446
7.521976
7.305134
6.544061
7.0882916
7.1945877
7.521976
7.4114294
8.389345
7.8451138
7.6282716
6.8671985
6.8671985
7.738818
7.7345667
9.150418
8.278798
8.385093
8.278798
8.606187
9.039871
9.584103
8.601935
9.36726
9.36726
9.473556
9.911491
8.168251
8.389345
8.82728
7.3008823
7.6282716
8.28305
8.176754
7.305134
6.327219
6.87145
7.0882916
6.544061
6.654608
7.632523
7.0882916
6.327219
6.760903
6.7566514
6.9777446
8.82728
8.278798
7.1903353
7.3008823
8.278798
7.4071774
7.4071774
8.49564
8.601935
8.168251
8.385093
9.039871
8.274546
9.035619
9.256713
7.9471564
8.274546
8.712482
8.49564
8.168251
8.606187
8.929324
7.2966304
8.385093
8.712482
9.256713
8.818777
8.385093
8.168251
8.601935
9.256713
9.256713
9.256713
8.929324
9.150418
9.36726
9.36726
9.473556
9.584103
9.039871
8.385093
9.256713
8.8230295
9.256713
7.7345667
8.606187
8.385093
8.168251
8.712482
9.146166
8.385093
8.385093
9.473556
8.716734
9.69465
8.712482
8.49564
9.150418
8.057704
9.150418
9.473556
9.473556
10.234629
9.690397
10.345176
10.234629
9.473556
9.800944
9.146166
9.690397
9.907239
10.340923
11.425134
11.641976
12.075661
10.770356
11.641976
11.097745
10.885155
10.557766
11.101996
9.796692
9.57985
10.340923
9.469303
10.124082
10.5535145
9.796692
11.106249
10.017787
8.712482
9.039871
9.690397
9.584103
10.6725645
9.473556
8.929324
9.907239
10.77886
9.796692
10.340923
9.146166
9.907239
9.907239
10.230376
10.557766
11.318839
10.5535145
10.885155
10.668313
10.774608
9.792441
10.668313
11.2125435
10.885155
9.473556
9.584103
10.128334
8.274546
9.69465
9.584103
9.146166
9.256713
9.911491
8.385093
8.061955
8.28305
8.389345
7.738818
7.521976
8.82728
8.1725025
8.499891
8.8230295
8.929324
8.8230295
9.69465
8.716734
7.4114294
8.937827
7.6282716
6.8671985
8.720985
7.6282716
7.3008823
8.393597
8.1725025
8.389345
8.499891
8.389345
6.6503563
7.849365
7.305134
6.9777446
8.176754
7.632523
7.0882916
7.955661
7.955661
7.74307
7.849365
8.066207
6.544061
6.760903
7.0882916
7.415681
6.981997
6.544061
6.87145
7.415681
7.849365
7.0882916
7.415681
7.305134
6.9777446
6.216672
7.1988387
7.305134
7.305134
6.4377656
6.765155
6.981997
7.9641643
6.87145
6.981997
8.181006
6.87145
6.327219
6.765155
6.5483127
5.7872396
6.4377656
7.092544
6.765155
7.092544
7.526228
7.853617
7.636775
6.5483127
7.419933
7.309386
6.0040812
6.110377
7.092544
8.176754
7.1988387
7.9599123
8.066207
7.4114294
6.9777446
5.7829876
6.765155
6.760903
6.760903
7.0882916
7.632523
6.9777446
6.9777446
7.305134
6.9734936
7.9599123
7.305134
7.849365
7.305134
7.9599123
7.6282716
6.9777446
9.15467
8.389345
7.1945877
8.82728
9.150418
8.061955
9.039871
9.800944
9.584103
9.911491
9.907239
10.45147
10.77886
10.889407
10.885155
10.557766
10.664061
11.535681
11.969365
11.535681
11.535681
11.8630705
11.641976
12.186207
12.296754
12.186207
13.053576
12.730438
12.730438
11.858818
11.748272
13.168375
12.186207
12.726187
12.726187
13.69985
13.159871
13.270417
11.854567
12.403049
12.840985
11.425134
11.314588
12.836734
12.071408
11.965114
12.398798
12.071408
12.836734
11.965114
13.814649
12.181956
13.597807
13.5935545
12.832482
14.031491
13.920944
13.266166
13.5935545
13.810397
14.137786
14.02724
12.721935
14.248333
13.920944
13.810397
14.031491
12.505093
14.248333
13.049324
12.832482
13.920944
13.266166
13.266166
13.704102
13.48726
13.5935545
13.920944
13.704102
13.69985
13.483009
13.69985
14.02724
14.133534
14.677766
14.57147
14.682017
13.372462
14.137786
14.354629
13.155619
14.248333
13.5935545
13.155619
13.597807
12.398798
12.288251
13.270417
12.726187
12.943029
12.947281
11.425134
11.641976
11.318839
10.664061
11.531429
12.836734
12.403049
13.164123
13.053576
11.641976
12.947281
11.641976
11.097745
12.624144
11.641976
11.093493
12.840985
12.726187
12.61564
12.296754
12.730438
12.513597
12.619891
11.314588
12.186207
11.969365
12.292503
12.513597
11.969365
12.079912
11.8630705
10.995702
10.995702
10.885155
10.340923
10.77886
9.690397
9.477807
9.36726
9.584103
9.800944
9.800944
10.128334
8.929324
10.23888
9.36726
10.23888
9.36726
10.23888
8.499891
8.720985
7.955661
8.28305
8.28305
8.716734
7.4114294
6.216672
7.526228
6.87145
6.875702
7.526228
7.415681
8.499891
8.28305
9.15467
7.8451138
8.499891
7.4114294
8.176754
7.6282716
6.87145
7.849365
7.738818
6.8671985
8.610438
7.8451138
8.066207
9.371511
8.066207
7.849365
8.28305
8.606187
8.499891
8.49564
8.716734
8.49564
7.3008823
8.393597
7.6282716
7.0882916
6.760903
7.1988387
7.521976
6.760903
7.309386
6.875702
6.5483127
6.114629
6.6588597
6.3314705
6.4420176
5.8977866
6.769407
5.243008
5.791491
5.24726
5.24726
4.7030287
4.592482
4.4861865
5.136713
4.7030287
4.269345
4.8178277
4.7072806
3.6188183
4.7072806
4.4861865
4.7072806
4.7072806
4.379892
5.357807
5.574649
4.9198713
5.791491
4.5967336
3.8356605
3.6188183
3.7293656
3.5125234
5.038922
3.7293656
3.8399122
3.62307
2.1009235
2.3177657
3.078839
3.078839
3.9504592
3.2956812
3.406228
2.3177657
3.406228
3.7293656
4.7072806
3.8356605
4.4861865
4.8135757
3.9419558
6.1188803
4.7030287
4.592482
5.902038
4.37564
5.464102
4.592482
6.114629
5.6809444
6.008333
5.5703974
5.5703974
5.5703974
5.026166
6.5525646
5.353555
5.6809444
6.3357224
5.8977866
5.132461
5.026166
6.114629
6.4420176
6.6588597
7.203091
7.309386
7.092544
6.981997
7.092544
6.3314705
6.110377
6.3314705
7.419933
6.5483127
7.092544
7.415681
6.87145
7.1988387
7.1988387
7.0882916
6.9777446
6.216672
8.397848
7.305134
7.415681
8.397848
7.74307
7.305134
7.415681
8.176754
8.614691
7.305134
6.544061
7.9599123
8.176754
8.176754
8.287301
9.044123
8.389345
9.588354
9.044123
9.146166
10.23888
10.562017
10.124082
10.345176
10.995702
10.45147
10.230376
10.45147
11.323091
9.796692
8.601935
10.6725645
9.907239
10.45147
10.668313
10.991449
10.774608
11.8630705
11.8630705
11.314588
11.969365
13.818902
13.053576
12.509345
11.748272
12.075661
12.071408
13.48726
12.947281
13.053576
11.965114
13.602058
12.292503
12.509345
13.274671
12.836734
13.597807
13.049324
12.61564
13.708355
13.925196
12.943029
13.376713
13.270417
12.726187
13.48726
11.965114
13.48726
14.248333
12.832482
14.903111
12.938777
12.61564
12.509345
12.726187
13.704102
12.61564
13.053576
12.075661
12.186207
12.301006
11.314588
12.186207
12.186207
11.858818
12.509345
12.075661
13.164123
12.947281
12.292503
12.730438
13.274671
12.398798
12.61564
13.380964
13.270417
13.159871
12.398798
12.943029
12.832482
12.505093
14.142038
14.031491
12.938777
13.159871
12.292503
11.965114
11.641976
11.097745
10.880902
11.425134
10.880902
11.535681
11.208292
11.101996
11.318839
10.336672
10.885155
10.774608
11.318839
10.774608
10.77886
9.907239
10.340923
9.252461
10.45147
10.447219
11.756775
10.447219
10.991449
10.336672
9.690397
9.796692
8.818777
8.929324
9.473556
9.584103
9.473556
9.690397
9.584103
9.69465
8.49564
8.818777
8.168251
8.499891
7.8451138
8.061955
7.955661
8.393597
7.955661
8.061955
7.1903353
8.28305
7.3008823
6.3229666
7.305134
6.110377
7.526228
7.415681
5.2387567
6.106125
7.1945877
6.216672
7.521976
7.738818
8.389345
8.716734
8.499891
8.499891
8.499891
8.28305
7.849365
8.066207
6.8671985
7.849365
8.066207
8.176754
8.066207
6.760903
5.99983
6.87145
5.3493037
5.893534
7.092544
6.2209234
6.2209234
5.026166
6.6588597
6.2209234
5.893534
6.87145
6.87145
7.0882916
6.981997
7.853617
6.9777446
6.760903
7.74307
8.393597
7.305134
6.760903
7.849365
8.1725025
6.654608
7.1988387
7.1988387
6.327219
7.092544
7.203091
7.092544
7.092544
6.6588597
7.419933
6.765155
5.893534
7.092544
6.5483127
6.114629
6.114629
6.0040812
6.5483127
7.309386
7.1988387
7.0882916
8.066207
7.955661
7.955661
8.066207
8.176754
9.044123
8.389345
8.716734
7.4114294
7.6282716
8.28305
8.716734
8.933577
8.933577
8.716734
8.82728
8.610438
7.6282716
6.760903
8.176754
7.415681
6.87145
6.654608
6.654608
6.4377656
6.654608
6.981997
7.636775
7.0882916
6.433514
6.9777446
7.5177245
8.1725025
7.8451138
7.521976
8.610438
8.389345
7.3008823
7.6282716
8.606187
8.606187
9.36726
8.168251
8.278798
8.389345
7.738818
8.061955
7.6282716
7.521976
7.849365
7.4114294
6.6503563
7.9599123
7.305134
6.760903
6.4377656
6.544061
6.110377
7.419933
7.1988387
7.521976
7.0882916
7.0882916
7.849365
6.433514
7.0882916
7.521976
7.849365
6.87145
8.176754
8.176754
7.849365
7.6282716
7.1945877
7.738818
7.849365
7.4114294
7.0840406
7.632523
8.061955
7.3008823
7.849365
8.066207
7.849365
7.521976
7.521976
8.499891
8.1725025
7.6282716
7.955661
6.87145
7.415681
6.4377656
6.110377
6.110377
6.5483127
6.654608
5.893534
7.092544
6.981997
6.981997
7.092544
6.3314705
6.2209234
6.0040812
5.7872396
5.6766925
5.893534
7.092544
7.419933
6.765155
6.4377656
6.6588597
6.3314705
5.4598503
4.915619
6.769407
6.3314705
6.114629
6.8799534
6.2251754
5.4598503
5.7872396
5.7872396
5.4598503
5.6766925
6.2209234
5.6766925
5.6766925
5.6766925
7.419933
5.7829876
6.654608
7.305134
7.632523
7.849365
7.1945877
7.0882916
7.415681
7.0882916
6.9777446
6.654608
7.0882916
7.305134
7.305134
7.0882916
7.632523
7.738818
6.760903
7.521976
7.849365
7.849365
7.415681
7.853617
6.327219
5.893534
6.2209234
6.327219
6.216672
6.106125
7.521976
7.0840406
7.738818
7.4114294
6.539809
6.4377656
7.0882916
7.521976
6.327219
6.760903
7.305134
7.738818
7.955661
7.0840406
6.760903
6.433514
7.632523
8.716734
7.955661
9.150418
8.278798
7.8451138
9.044123
7.951409
7.8451138
9.477807
9.150418
8.606187
8.716734
8.1725025
8.061955
7.3008823
7.6282716
8.82728
6.6503563
8.287301
7.632523
7.521976
6.9777446
7.4114294
7.521976
9.260964
8.278798
6.9777446
8.28305
8.278798
7.5177245
7.7345667
8.278798
8.1725025
8.8230295
7.951409
9.69465
8.8230295
8.929324
8.601935
9.256713
8.168251
9.473556
8.168251
8.49564
7.951409
9.69465
8.168251
9.039871
7.840862
9.36726
9.256713
8.49564
8.601935
9.69465
8.712482
9.146166
8.712482
9.473556
8.929324
8.712482
9.256713
8.385093
8.8230295
8.929324
8.057704
8.606187
8.274546
8.168251
7.840862
8.49564
9.256713
8.491387
9.584103
8.385093
8.601935
8.929324
8.712482
9.36726
8.385093
7.6240196
7.6240196
9.039871
9.256713
8.278798
8.601935
9.150418
8.168251
9.800944
8.601935
8.163999
9.3630085
8.601935
8.925072
8.70823
9.3630085
9.690397
9.252461
9.358756
10.230376
9.141914
9.686145
10.336672
10.45147
10.230376
10.119829
10.447219
10.557766
10.5535145
10.340923
10.013535
9.686145
10.340923
9.035619
9.031367
9.686145
9.686145
9.686145
9.252461
10.124082
9.469303
9.690397
8.385093
9.69465
9.039871
8.274546
10.234629
8.818777
9.252461
9.796692
9.035619
9.690397
9.469303
9.252461
10.013535
10.340923
10.557766
9.575599
9.9029875
10.340923
9.796692
9.256713
8.818777
9.690397
9.473556
9.256713
9.907239
8.818777
8.70823
8.491387
9.146166
9.800944
9.57985
8.70823
8.929324
10.017787
8.818777
7.9471564
8.712482
9.256713
9.252461
8.925072
9.3630085
10.340923
9.358756
10.340923
9.141914
9.24821
9.575599
10.230376
10.340923
8.597683
8.818777
9.035619
9.57985
8.274546
8.712482
7.840862
8.712482
7.4071774
8.49564
7.7303147
9.039871
9.256713
7.7345667
8.061955
8.278798
6.9734936
6.6461043
7.4071774
7.1860833
7.951409
8.49564
7.079788
8.389345
8.061955
6.21242
6.3229666
6.539809
8.061955
8.8230295
8.929324
8.385093
8.601935
7.951409
8.168251
7.6240196
8.389345
8.712482
7.840862
8.061955
6.7566514
8.499891
8.389345
7.1903353
9.044123
8.606187
7.7345667
8.8230295
8.168251
8.933577
9.911491
9.256713
7.951409
8.499891
8.606187
8.057704
9.256713
8.925072
8.818777
9.146166
8.38084
8.70823
8.278798
8.057704
8.49564
9.256713
8.601935
7.9471564
9.907239
9.035619
9.907239
9.57985
9.690397
9.800944
9.690397
9.3630085
8.929324
8.712482
8.057704
8.818777
9.473556
9.146166
8.929324
8.278798
8.278798
8.389345
9.044123
8.1725025
6.9734936
7.955661
8.389345
8.385093
7.4071774
9.256713
8.168251
7.951409
9.36726
9.256713
8.601935
9.911491
8.712482
8.274546
9.039871
9.035619
9.3630085
8.925072
9.3630085
8.70823
9.473556
8.929324
8.606187
8.274546
8.274546
8.929324
8.712482
7.6240196
9.256713
9.146166
8.818777
9.800944
10.124082
8.38084
9.146166
8.929324
8.601935
8.712482
8.601935
9.473556
8.929324
8.057704
8.057704
9.039871
8.8230295
9.584103
9.146166
9.690397
9.256713
8.601935
8.712482
9.256713
8.929324
8.712482
8.601935
7.840862
9.477807
8.389345
7.6282716
8.606187
7.4071774
6.9777446
8.066207
7.4071774
6.6503563
6.539809
7.4114294
5.8892827
7.738818
7.4114294
6.6503563
8.1725025
8.499891
7.8451138
8.82728
8.061955
7.951409
8.716734
8.8230295
7.7345667
9.150418
8.933577
7.6282716
7.738818
7.4114294
7.4114294
7.738818
8.1725025
7.738818
7.521976
7.6282716
7.955661
8.610438
7.6282716
7.5177245
9.371511
7.5177245
7.8451138
7.8451138
8.606187
9.150418
8.49564
7.6240196
7.951409
9.584103
8.385093
7.7303147
9.800944
8.601935
8.601935
8.49564
8.491387
9.57985
9.150418
8.818777
9.3630085
9.36726
9.256713
8.601935
9.146166
8.712482
8.601935
9.477807
8.8230295
8.385093
10.23888
9.150418
9.911491
9.260964
8.49564
7.4071774
8.82728
8.610438
8.061955
7.955661
8.066207
7.4114294
8.610438
8.8230295
7.7345667
8.82728
7.8451138
8.1725025
7.6282716
7.5177245
8.066207
8.716734
8.061955
8.389345
9.150418
8.933577
7.4114294
7.0840406
7.1945877
6.760903
7.632523
6.433514
6.5483127
6.2209234
7.203091
6.6588597
6.986249
7.1988387
7.526228
8.393597
7.849365
7.521976
7.632523
8.28305
7.955661
9.805196
9.36726
9.150418
9.039871
8.925072
9.256713
9.150418
7.955661
6.327219
7.853617
5.6766925
6.5483127
7.092544
7.1988387
7.415681
7.305134
7.3008823
8.066207
7.305134
7.1945877
8.061955
8.389345
9.584103
10.017787
9.690397
9.252461
9.3630085
8.057704
9.36726
8.389345
6.216672
6.544061
6.5483127
7.309386
5.7829876
6.5483127
6.4377656
5.99983
6.216672
6.429262
7.6282716
9.36726
9.039871
9.36726
8.712482
8.929324
9.473556
10.45147
11.323091
10.447219
11.101996
10.340923
10.45147
10.345176
9.473556
10.128334
9.039871
9.69465
9.69465
7.8451138
8.389345
8.278798
9.044123
9.36726
8.1725025
8.49564
8.168251
9.477807
10.124082
10.340923
9.469303
11.208292
11.535681
10.991449
10.774608
10.885155
11.425134
10.774608
11.535681
11.641976
10.230376
11.425134
11.969365
12.075661
11.208292
12.624144
11.208292
11.8630705
11.425134
10.664061
12.186207
11.641976
12.840985
12.296754
11.097745
11.752523
12.734691
12.403049
11.641976
12.947281
12.509345
14.248333
13.155619
14.02724
13.589303
13.261915
14.137786
14.2440815
14.89886
15.332544
14.788313
14.354629
13.159871
12.071408
10.876652
10.880902
10.336672
9.796692
9.796692
9.800944
9.473556
9.907239
11.756775
11.641976
12.624144
13.053576
13.704102
13.69985
14.23983
16.306208
15.766228
16.195662
15.545134
15.545134
15.221997
15.332544
14.137786
13.159871
12.398798
12.292503
12.513597
11.969365
12.079912
10.991449
10.774608
11.646228
11.752523
11.748272
11.858818
12.836734
13.270417
14.354629
14.8946085
15.872524
15.107199
15.868271
15.328293
15.545134
14.022987
14.89886
13.483009
13.376713
12.075661
12.398798
12.292503
12.513597
11.858818
11.531429
11.425134
11.535681
11.097745
10.991449
12.513597
12.075661
12.619891
13.159871
13.266166
13.266166
13.155619
13.704102
12.832482
12.61564
13.597807
12.943029
13.053576
13.818902
12.398798
12.403049
12.075661
11.097745
10.774608
11.973618
10.447219
10.885155
11.65048
11.429386
11.646228
10.668313
12.079912
10.987199
11.752523
12.403049
12.292503
12.296754
12.075661
11.208292
11.969365
12.079912
11.425134
11.646228
11.208292
10.885155
10.774608
11.314588
11.752523
11.314588
10.664061
10.991449
11.101996
10.991449
10.885155
11.646228
11.101996
9.9029875
10.562017
10.783112
10.45147
9.256713
10.345176
10.017787
9.690397
10.234629
10.45147
9.3630085
10.017787
9.690397
9.473556
10.017787
10.45147
11.433638
9.907239
10.340923
9.3630085
10.234629
10.885155
10.557766
10.77886
10.230376
10.774608
10.889407
10.77886
10.230376
10.124082
10.995702
10.562017
10.23888
10.234629
10.128334
10.562017
10.995702
9.146166
11.216796
10.234629
9.800944
10.017787
9.150418
9.477807
9.039871
10.017787
9.800944
10.995702
9.690397
9.800944
9.800944
10.885155
10.991449
10.447219
11.535681
10.880902
11.318839
11.539933
10.668313
10.995702
10.562017
10.995702
11.101996
11.535681
11.752523
11.748272
11.965114
12.730438
12.840985
12.407301
11.756775
12.084165
11.101996
11.318839
12.186207
12.836734
13.057828
13.380964
13.380964
12.947281
13.164123
13.168375
13.602058
12.075661
12.296754
13.818902
13.164123
13.708355
12.832482
12.943029
13.818902
13.376713
12.943029
14.142038
14.35888
13.164123
13.270417
13.823153
12.407301
10.991449
11.646228
12.079912
12.075661
13.712605
12.730438
13.053576
12.292503
12.513597
13.274671
13.602058
11.752523
13.057828
13.164123
12.619891
13.266166
14.903111
14.89886
13.5935545
14.469427
14.142038
13.380964
15.124206
14.68627
13.48726
14.796817
13.380964
13.159871
13.814649
14.575723
13.376713
13.380964
12.075661
12.186207
11.752523
11.752523
11.8630705
11.429386
12.407301
10.991449
10.447219
11.101996
10.889407
10.668313
10.885155
10.889407
10.345176
9.911491
9.584103
10.23888
9.57985
9.690397
10.77886
9.796692
9.3630085
11.544185
10.017787
9.800944
10.345176
9.477807
8.49564
8.716734
9.260964
9.911491
9.584103
8.8230295
9.805196
9.256713
8.8230295
9.911491
8.499891
8.82728
7.0882916
7.526228
7.415681
8.287301
7.309386
7.309386
7.9599123
7.1988387
8.287301
7.632523
7.521976
8.504144
6.981997
6.765155
6.5483127
6.875702
6.875702
6.2209234
7.309386
7.526228
6.760903
7.309386
7.526228
7.1988387
6.981997
7.636775
7.203091
6.0040812
7.092544
6.765155
6.875702
6.765155
7.526228
6.2209234
8.614691
8.176754
7.1988387
7.853617
6.981997
6.5483127
7.5304804
7.747322
6.765155
7.632523
9.482059
8.176754
8.393597
8.610438
9.482059
9.375764
8.614691
6.981997
7.419933
7.526228
7.0882916
8.614691
8.393597
6.9777446
7.1988387
7.1988387
6.110377
7.092544
6.875702
6.986249
7.092544
7.203091
6.6588597
7.203091
6.4377656
6.110377
7.309386
7.636775
6.2209234
7.5304804
8.287301
6.5483127
7.9641643
8.397848
6.875702
7.1988387
7.74307
7.738818
9.805196
9.800944
10.23888
9.911491
9.039871
10.676816
9.911491
8.8230295
9.260964
8.278798
9.911491
9.36726
9.36726
10.566269
9.36726
9.911491
8.82728
8.28305
9.044123
8.606187
8.933577
9.592606
8.937827
8.499891
8.720985
8.504144
9.15467
8.1725025
8.937827
8.28305
9.150418
7.5177245
8.176754
8.937827
8.28305
7.849365
8.937827
9.482059
8.389345
8.82728
8.933577
9.911491
10.0220375
10.0220375
9.36726
9.36726
9.477807
9.36726
9.69465
10.6725645
10.995702
11.106249
10.995702
10.340923
9.584103
9.473556
8.606187
10.23888
9.69465
9.256713
9.150418
9.584103
9.911491
9.36726
9.911491
9.256713
9.69465
9.36726
9.473556
8.933577
8.8230295
8.929324
9.36726
9.256713
9.36726
10.23888
9.907239
8.818777
9.035619
8.712482
9.150418
8.385093
9.260964
9.260964
8.499891
8.28305
8.933577
7.521976
7.955661
8.1725025
8.8230295
7.955661
8.1725025
7.955661
9.69465
8.716734
9.69465
9.256713
9.911491
9.150418
9.911491
10.455723
9.57985
9.800944
9.584103
9.039871
9.69465
9.584103
10.017787
11.106249
10.995702
10.889407
10.995702
10.234629
9.800944
9.690397
9.911491
10.455723
9.256713
8.712482
10.455723
9.690397
8.8230295
9.039871
9.256713
8.8230295
9.256713
9.044123
8.82728
7.7345667
8.610438
9.371511
9.15467
9.150418
9.039871
8.389345
8.168251
8.712482
8.49564
10.23888
8.929324
9.584103
9.57985
9.035619
9.690397
9.469303
9.473556
10.345176
9.146166
9.256713
10.23888
8.818777
8.385093
9.039871
9.690397
9.36726
8.712482
9.69465
8.8230295
9.150418
8.8230295
8.389345
8.168251
8.8230295
8.168251
8.601935
9.039871
9.035619
9.146166
9.473556
8.601935
9.146166
9.146166
8.601935
10.23888
9.690397
9.584103
9.473556
8.601935
9.473556
9.039871
9.256713
8.274546
7.951409
7.951409
7.3008823
7.0840406
8.28305
8.389345
8.28305
8.49564
9.039871
8.712482
9.477807
8.491387
8.168251
8.061955
7.5177245
7.6282716
7.955661
8.278798
9.039871
9.800944
9.800944
9.690397
8.385093
8.929324
8.933577
8.606187
9.150418
9.039871
9.150418
8.712482
9.690397
8.385093
8.385093
9.256713
8.385093
9.150418
8.601935
7.951409
7.955661
7.8451138
7.5177245
6.760903
6.216672
5.99983
5.1282096
5.6724405
6.327219
6.654608
6.433514
5.6724405
6.110377
5.7829876
5.3450513
5.99983
7.0882916
6.539809
7.5177245
7.3008823
7.951409
8.278798
7.7345667
6.8629465
6.7566514
7.0840406
6.6461043
5.995578
6.6503563
8.066207
7.8451138
6.6461043
8.066207
7.305134
5.6766925
5.4598503
4.698777
5.7872396
5.136713
6.3314705
4.8050723
4.8050723
4.371388
4.37564
5.8977866
4.154546
3.6145666
4.8093243
3.7208617
4.1587977
4.9198713
4.1587977
3.5040195
4.1587977
3.1766307
4.0482507
4.265093
2.8492415
4.9198713
4.37564
3.9419558
3.5082712
1.981873
2.747198
4.0525026
3.6145666
2.6323993
4.0482507
4.265093
3.6103148
4.265093
2.9597883
4.0482507
4.37564
3.5082712
2.5261042
3.6145666
3.6145666
5.353555
4.698777
4.154546
5.3493037
4.58823
5.243008
4.698777
4.154546
5.464102
5.353555
5.243008
6.0040812
5.3493037
5.4598503
5.4598503
5.4598503
4.2608414
3.0703354
4.269345
3.6145666
4.379892
4.4861865
3.1766307
3.8314087
3.2871776
5.030418
3.0703354
2.9640403
4.1630497
3.8356605
3.074587
3.9462075
4.0525026
2.9640403
4.0482507
4.154546
4.154546
4.8050723
5.893534
4.2608414
3.9377036
5.6809444
4.9198713
5.030418
4.5967336
4.4861865
3.6145666
3.3934724
4.481935
5.5703974
6.2209234
4.58823
4.371388
4.265093
4.0482507
3.8356605
3.7251134
3.8314087
3.1808825
3.3977246
4.1587977
3.5040195
2.7429464
3.1808825
2.636651
2.636651
3.8356605
4.7030287
3.0703354
4.9198713
5.24726
4.37564
4.9198713
4.8093243
5.026166
4.698777
4.481935
5.6766925
5.5661454
4.4734316
6.981997
7.0882916
5.1282096
6.114629
5.5703974
4.915619
4.915619
4.8050723
5.2387567
6.327219
5.778736
6.2209234
6.110377
6.2209234
5.4598503
4.154546
5.243008
5.4598503
5.893534
5.3493037
5.2387567
6.110377
5.6724405
5.3450513
6.433514
6.327219
5.4555984
6.87145
6.106125
7.1945877
7.0840406
6.8671985
7.4114294
7.1945877
5.8892827
7.849365
7.632523
5.8892827
5.99983
6.6503563
7.415681
6.106125
6.110377
6.6588597
5.6766925
6.0040812
5.026166
5.5703974
5.8977866
6.5483127
5.0219145
6.4377656
6.327219
6.327219
6.654608
7.1988387
5.8892827
7.1988387
6.3229666
6.3229666
6.544061
6.433514
5.3450513
6.654608
5.893534
5.3493037
4.481935
3.9419558
4.0525026
3.5082712
3.9419558
4.9198713
4.592482
4.915619
4.477683
5.5661454
5.4598503
5.132461
5.353555
6.008333
5.464102
5.5703974
5.4598503
5.243008
5.5661454
5.5661454
5.0219145
5.3493037
4.58823
5.8977866
4.0482507
4.592482
4.9198713
4.592482
4.265093
4.7030287
5.6809444
4.915619
4.583978
6.87145
7.4114294
7.6282716
7.0840406
6.539809
7.849365
7.1945877
6.9777446
6.110377
6.654608
7.632523
5.8892827
5.1282096
6.981997
5.7829876
5.4555984
6.654608
6.433514
5.3450513
5.3450513
5.7829876
6.2209234
6.4377656
5.3493037
5.99983
7.0882916
7.9599123
6.9734936
7.8451138
8.610438
8.1725025
6.9734936
8.28305
8.389345
8.389345
8.1725025
6.6503563
7.521976
6.6503563
7.521976
7.74307
7.309386
6.327219
6.110377
6.3314705
5.6766925
5.3493037
7.092544
6.4377656
7.092544
6.110377
5.7829876
5.4555984
6.327219
6.327219
5.7829876
6.327219
7.738818
8.606187
8.49564
9.690397
10.234629
10.77886
9.686145
10.013535
10.124082
10.995702
10.013535
10.230376
8.385093
8.8230295
8.712482
5.8892827
6.760903
5.6724405
6.0040812
7.415681
7.0882916
7.0882916
7.849365
8.499891
9.260964
10.02629
10.349427
9.69465
9.256713
9.69465
8.712482
9.57985
8.70823
9.796692
9.473556
9.477807
8.933577
7.305134
6.981997
6.5483127
7.092544
6.2209234
6.654608
6.765155
8.066207
7.0840406
7.521976
5.995578
6.9777446
6.654608
7.305134
7.305134
8.28305
9.256713
9.584103
8.278798
8.8230295
9.035619
8.818777
9.039871
9.256713
9.039871
8.168251
7.4114294
6.8671985
8.8315325
7.4114294
7.849365
8.28305
8.066207
7.738818
8.389345
8.499891
9.584103
8.385093
9.800944
7.5134726
8.168251
8.933577
8.712482
9.473556
9.36726
9.150418
9.039871
9.36726
9.256713
8.601935
9.69465
9.473556
8.818777
10.23888
9.473556
8.606187
8.8230295
9.473556
9.150418
8.8230295
9.69465
9.584103
10.0220375
9.690397
9.256713
9.584103
9.690397
8.057704
9.256713
10.562017
10.345176
10.889407
10.885155
10.885155
11.208292
12.079912
10.340923
12.407301
11.752523
11.535681
11.535681
12.403049
12.840985
12.075661
11.752523
11.646228
10.45147
9.907239
9.039871
9.911491
9.911491
9.69465
10.0220375
9.039871
9.035619
10.017787
10.999953
10.77886
10.45147
10.230376
10.885155
11.318839
12.079912
11.641976
12.840985
12.296754
12.296754
12.734691
12.513597
12.186207
12.513597
12.836734
11.531429
13.274671
13.385218
11.748272
13.168375
13.274671
12.075661
11.531429
11.969365
12.186207
12.403049
12.619891
11.641976
12.186207
11.314588
12.951532
11.641976
12.624144
11.425134
12.186207
12.075661
11.641976
11.531429
12.075661
12.186207
11.641976
12.075661
11.858818
12.403049
11.965114
12.513597
14.031491
11.854567
13.164123
12.836734
11.854567
13.270417
12.292503
12.509345
12.619891
12.943029
11.637725
11.748272
13.057828
12.403049
12.075661
12.403049
12.619891
12.186207
12.513597
11.752523
12.186207
10.880902
12.079912
11.752523
12.084165
11.429386
10.774608
10.664061
11.646228
11.097745
10.774608
11.101996
10.664061
11.429386
10.230376
10.340923
11.101996
10.774608
10.557766
11.2125435
11.535681
11.752523
11.756775
11.535681
10.991449
10.885155
10.45147
11.2125435
10.995702
10.783112
9.690397
9.3630085
8.712482
9.039871
9.039871
9.256713
9.150418
9.800944
9.800944
10.562017
10.45147
10.885155
10.557766
10.668313
10.668313
10.340923
10.128334
10.345176
10.557766
9.575599
11.539933
10.230376
9.57985
9.57985
10.345176
9.800944
9.473556
9.800944
9.36726
9.36726
9.256713
8.929324
9.36726
9.256713
9.36726
8.278798
9.477807
8.8230295
9.473556
9.473556
10.017787
10.124082
9.796692
10.124082
8.925072
9.800944
9.146166
9.146166
9.69465
9.256713
9.69465
9.039871
8.929324
9.146166
8.818777
9.584103
9.584103
9.044123
9.150418
9.805196
9.044123
8.278798
8.933577
7.6282716
8.606187
8.499891
6.760903
8.287301
7.9599123
7.415681
7.309386
7.632523
6.760903
7.526228
7.9599123
7.305134
8.937827
9.15467
7.6282716
9.044123
8.389345
7.7345667
8.610438
7.8451138
7.849365
7.849365
8.1725025
7.1903353
8.1725025
8.933577
7.849365
6.9777446
8.287301
7.632523
6.981997
6.875702
7.419933
6.87145
6.654608
7.74307
7.0840406
7.3008823
6.760903
7.1988387
7.632523
6.433514
6.87145
7.092544
8.066207
6.6503563
6.760903
6.433514
6.539809
6.9777446
6.9777446
8.1725025
8.606187
7.0840406
7.6282716
8.933577
7.8451138
7.955661
9.150418
8.606187
8.929324
7.951409
8.1725025
8.606187
8.712482
8.061955
7.738818
7.6282716
7.738818
7.1945877
6.87145
8.176754
7.738818
8.176754
7.738818
8.82728
7.5177245
7.5177245
8.066207
6.544061
7.0840406
6.9734936
7.955661
8.933577
8.8230295
7.951409
7.951409
8.82728
8.8230295
8.274546
8.818777
9.039871
9.477807
8.8230295
9.477807
9.256713
8.061955
9.477807
8.933577
7.7345667
9.044123
8.278798
7.6282716
9.805196
8.606187
8.49564
8.606187
7.7345667
9.36726
9.477807
8.8230295
9.584103
9.584103
9.473556
9.256713
10.234629
10.557766
10.124082
11.867322
10.119829
9.9029875
10.562017
10.340923
10.45147
11.2125435
9.796692
9.907239
9.57985
9.3630085
9.146166
8.385093
9.150418
9.150418
7.951409
9.150418
9.477807
8.8230295
9.039871
8.1725025
9.044123
8.389345
7.8451138
7.738818
9.588354
9.36726
9.36726
8.057704
8.49564
9.039871
8.929324
8.49564
9.473556
10.455723
9.146166
8.601935
9.800944
9.690397
8.8230295
9.69465
8.601935
9.800944
9.3630085
9.473556
8.8230295
8.712482
8.385093
9.584103
8.49564
7.5177245
7.6282716
8.720985
7.1945877
8.066207
7.849365
7.3008823
8.061955
7.4114294
7.8451138
7.7345667
8.278798
9.36726
8.385093
8.929324
8.8230295
9.256713
9.36726
9.800944
8.712482
8.929324
10.017787
8.818777
8.818777
9.584103
9.57985
9.473556
10.345176
8.818777
9.911491
8.601935
9.690397
10.562017
9.907239
10.668313
10.557766
10.340923
10.340923
11.106249
10.668313
9.690397
10.562017
9.57985
10.013535
10.668313
10.340923
11.425134
10.659809
11.535681
11.641976
11.752523
11.208292
10.880902
11.641976
11.8630705
12.186207
12.619891
11.531429
12.075661
11.965114
11.969365
12.513597
11.641976
11.8630705
12.296754
10.664061
9.9029875
12.079912
11.208292
11.318839
11.318839
12.296754
12.079912
11.535681
12.079912
12.407301
11.969365
10.009283
12.190459
11.8630705
10.336672
11.8630705
10.991449
10.880902
11.208292
12.407301
11.641976
11.318839
11.318839
11.208292
11.097745
10.664061
10.664061
11.531429
11.969365
11.858818
11.097745
11.208292
10.664061
10.880902
11.535681
10.774608
10.774608
9.473556
10.340923
10.340923
9.686145
10.119829
10.013535
10.230376
10.447219
11.208292
10.664061
9.792441
11.646228
11.314588
10.659809
11.314588
11.314588
11.858818
12.61564
11.637725
11.748272
11.199788
11.965114
12.61564
11.310335
12.181956
12.181956
11.960861
12.181956
12.509345
13.159871
12.726187
12.832482
11.854567
13.159871
12.398798
12.836734
12.943029
12.943029
13.925196
12.943029
11.965114
13.491511
11.854567
12.071408
13.164123
12.394546
12.726187
12.619891
11.854567
11.854567
13.491511
13.159871
12.071408
12.947281
13.376713
12.398798
13.597807
13.597807
13.270417
13.491511
13.48726
13.814649
13.925196
13.380964
11.854567
13.274671
11.858818
11.637725
13.274671
12.181956
12.836734
12.403049
13.164123
12.840985
11.858818
12.624144
12.513597
11.8630705
12.190459
10.987199
11.969365
12.296754
11.425134
11.208292
11.318839
10.885155
11.2125435
10.340923
10.124082
10.995702
10.557766
11.318839
11.752523
12.079912
10.774608
10.124082
10.77886
9.36726
9.039871
9.36726
9.256713
9.150418
8.933577
8.8230295
8.499891
8.278798
7.738818
7.74307
7.305134
7.632523
7.74307
7.415681
7.521976
7.849365
7.849365
7.305134
7.738818
7.849365
8.614691
7.632523
7.526228
6.654608
6.765155
6.981997
5.893534
7.092544
6.875702
6.6588597
6.875702
6.6588597
6.6588597
7.203091
6.114629
5.353555
5.030418
4.924123
5.468354
4.7030287
4.269345
5.140965
4.37564
4.1587977
4.1587977
5.357807
4.8135757
4.8135757
4.8135757
5.574649
4.269345
4.8135757
4.4861865
5.24726
3.6145666
4.924123
4.7072806
4.056754
3.62307
2.968292
4.056754
4.2735963
3.5125234
4.4946904
3.2956812
2.7514498
3.299933
3.406228
4.3841434
3.406228
2.972544
3.299933
2.3220174
1.6672394
2.5431116
2.9767957
2.3220174
1.7777863
1.8883334
2.2157223
1.6672394
2.3220174
2.5431116
2.6494067
2.6494067
1.7777863
2.1051755
3.844164
3.2956812
3.406228
3.9504592
3.9504592
4.056754
3.8399122
4.7115326
4.2735963
3.4019763
3.5125234
4.3841434
3.2956812
3.8399122
4.7115326
4.8220797
2.968292
3.62307
3.189386
3.62307
3.9462075
3.1851342
3.9462075
4.7072806
3.9462075
4.924123
5.468354
5.136713
5.464102
4.9198713
5.791491
5.7872396
5.7872396
7.203091
7.9599123
6.433514
8.393597
6.760903
7.0882916
6.981997
7.305134
7.74307
8.066207
8.181006
8.614691
7.1988387
6.4377656
7.309386
8.287301
6.0040812
6.6588597
7.092544
6.6588597
6.3314705
6.3314705
8.074712
6.981997
7.0882916
9.048374
8.933577
10.0220375
9.36726
8.712482
10.017787
9.686145
10.45147
10.447219
10.013535
9.36726
10.0220375
8.606187
7.4114294
8.393597
8.176754
7.305134
7.305134
7.849365
8.499891
8.499891
7.6282716
9.260964
9.588354
10.128334
10.234629
9.907239
10.885155
9.575599
10.340923
10.885155
10.991449
9.575599
10.45147
10.345176
10.455723
8.49564
8.712482
9.69465
10.234629
9.256713
9.57985
9.3630085
8.38084
9.473556
10.999953
10.124082
10.124082
9.469303
9.796692
10.336672
10.447219
11.752523
12.075661
12.075661
11.752523
10.119829
11.106249
9.690397
9.584103
9.150418
9.044123
9.805196
9.69465
8.061955
8.716734
9.477807
8.601935
9.150418
8.712482
9.039871
8.712482
8.278798
10.0220375
8.712482
7.951409
8.393597
8.061955
8.1725025
10.0220375
8.8230295
8.385093
8.168251
7.7345667
8.712482
7.951409
8.606187
7.8451138
6.3229666
7.1988387
7.1945877
6.433514
7.0840406
7.1945877
7.9599123
6.760903
5.4555984
5.5661454
6.5483127
6.4377656
6.4377656
5.0219145
6.110377
7.305134
6.539809
7.521976
8.8230295
7.951409
7.951409
8.929324
9.690397
9.796692
9.796692
11.646228
11.535681
10.124082
9.256713
8.8230295
8.278798
8.393597
6.87145
5.3493037
5.6766925
5.7872396
4.592482
4.269345
3.6188183
3.5082712
3.2914293
4.9198713
6.3314705
6.87145
8.385093
8.274546
10.124082
9.3630085
8.38084
9.473556
8.061955
7.5177245
8.28305
7.1945877
6.327219
6.765155
5.893534
5.0219145
5.464102
4.8093243
4.9198713
5.136713
4.9198713
4.8093243
6.875702
6.110377
6.327219
7.305134
8.176754
7.738818
7.6240196
7.4071774
7.951409
8.606187
7.951409
7.7345667
7.955661
8.066207
6.760903
5.8892827
6.4377656
6.544061
6.760903
8.176754
7.1988387
6.8671985
5.5618935
6.433514
7.4114294
6.8671985
7.4114294
7.5177245
8.712482
8.70823
8.491387
9.3630085
9.3630085
7.9471564
9.584103
9.473556
8.929324
8.168251
8.385093
7.4071774
7.6240196
6.21242
7.4114294
7.6282716
7.3008823
8.1725025
7.4114294
8.1725025
7.1903353
8.278798
9.044123
8.606187
7.4114294
8.499891
7.4071774
7.4029255
8.49564
9.146166
8.385093
6.858694
8.057704
8.712482
9.146166
8.818777
9.256713
8.057704
8.601935
8.163999
8.168251
9.035619
9.57985
9.907239
9.252461
10.013535
10.230376
10.557766
10.664061
10.013535
10.017787
9.469303
7.8366094
9.800944
9.146166
9.57985
10.447219
8.487137
9.57985
10.668313
9.141914
10.230376
9.907239
10.013535
10.336672
10.664061
12.186207
12.398798
11.965114
11.637725
12.943029
11.854567
11.7440195
12.292503
11.748272
11.310335
11.641976
10.664061
9.792441
9.465052
10.45147
9.575599
10.880902
10.885155
11.101996
11.318839
9.792441
11.2125435
9.469303
9.792441
10.557766
9.686145
9.9029875
10.664061
10.009283
11.425134
9.792441
9.358756
10.340923
10.234629
10.668313
10.447219
10.664061
10.5535145
10.770356
10.5535145
11.097745
10.447219
9.686145
10.340923
10.668313
10.119829
10.230376
10.230376
9.792441
9.57985
10.013535
8.814526
8.491387
9.146166
8.274546
8.49564
8.712482
7.5134726
7.951409
7.6240196
8.168251
9.252461
9.473556
9.252461
9.035619
9.796692
8.601935
9.3630085
8.818777
10.45147
9.24821
9.469303
9.465052
10.009283
9.792441
9.9029875
10.885155
10.774608
8.818777
10.345176
8.818777
9.690397
9.035619
8.818777
8.929324
8.274546
8.601935
8.168251
9.256713
8.057704
7.840862
8.933577
8.712482
7.951409
7.5177245
8.712482
8.929324
8.168251
8.49564
8.057704
8.712482
8.491387
8.168251
8.385093
9.039871
8.385093
9.039871
8.601935
8.929324
9.146166
9.796692
9.146166
9.252461
9.146166
8.601935
9.256713
9.039871
9.69465
8.712482
9.256713
8.712482
8.274546
9.039871
8.274546
9.256713
9.584103
8.385093
8.385093
9.690397
8.385093
9.800944
9.796692
9.469303
9.796692
10.668313
10.45147
10.340923
9.575599
10.013535
10.340923
9.9029875
10.013535
10.124082
8.8230295
8.929324
9.473556
9.256713
10.230376
9.3630085
10.77886
9.252461
8.491387
8.168251
8.606187
7.8451138
8.8230295
7.8451138
8.933577
8.385093
8.818777
8.929324
8.712482
8.712482
8.168251
8.168251
8.278798
8.716734
8.8230295
7.7345667
8.061955
8.385093
8.168251
8.49564
7.840862
8.168251
8.061955
9.36726
9.146166
9.256713
8.712482
9.039871
8.712482
8.278798
7.305134
7.8451138
7.5177245
6.87145
7.0882916
7.632523
6.6503563
6.760903
7.521976
8.1725025
7.5177245
7.8451138
8.393597
9.044123
8.606187
8.606187
7.7345667
8.49564
8.49564
8.929324
9.36726
9.256713
9.3630085
9.473556
9.473556
10.128334
9.36726
8.712482
9.256713
8.712482
10.345176
9.035619
8.385093
9.256713
8.8230295
8.278798
9.36726
8.389345
7.0840406
8.28305
7.305134
7.4114294
8.066207
6.6503563
8.504144
8.066207
7.4114294
7.0840406
7.632523
7.415681
7.8451138
6.6503563
6.8671985
7.1903353
7.8451138
8.82728
8.1725025
8.28305
7.955661
6.433514
7.632523
6.327219
7.74307
6.760903
5.5661454
7.309386
7.526228
5.3450513
6.110377
6.654608
7.849365
6.544061
6.433514
6.87145
7.415681
8.066207
7.6282716
7.5177245
8.1725025
7.7345667
8.606187
8.49564
8.606187
9.36726
8.168251
9.256713
9.36726
8.601935
8.929324
8.385093
8.601935
9.3630085
8.925072
9.146166
9.800944
9.800944
9.256713
9.039871
8.929324
8.8230295
8.49564
8.712482
8.385093
8.8230295
8.385093
9.260964
7.7345667
8.061955
8.49564
9.36726
8.8230295
9.150418
9.69465
8.057704
8.712482
8.49564
9.800944
8.274546
9.911491
9.800944
9.690397
10.455723
9.473556
8.929324
8.278798
8.606187
9.473556
9.256713
9.690397
9.469303
9.907239
10.124082
9.141914
8.814526
9.3630085
10.234629
9.358756
9.690397
10.234629
10.995702
8.929324
9.146166
10.234629
9.146166
10.017787
8.601935
9.039871
9.800944
7.840862
8.929324
9.256713
9.473556
8.929324
9.584103
10.128334
8.168251
8.274546
9.039871
9.36726
9.256713
9.039871
8.8230295
8.8230295
8.061955
8.278798
8.606187
8.606187
8.8230295
8.933577
8.933577
7.1945877
6.8671985
7.305134
6.8671985
8.066207
7.305134
6.8671985
7.521976
7.4114294
7.955661
8.393597
7.0840406
7.5177245
8.389345
8.389345
8.606187
9.256713
7.2966304
8.716734
9.039871
8.278798
7.951409
8.8230295
7.8451138
8.389345
7.8451138
7.6282716
7.955661
7.849365
8.061955
8.066207
7.8451138
7.849365
7.632523
7.632523
7.955661
7.3008823
7.4114294
7.1945877
6.9777446
7.305134
8.28305
7.738818
6.9777446
7.0840406
7.0840406
6.106125
8.393597
6.8671985
7.4114294
6.433514
6.539809
6.6503563
6.9777446
6.981997
7.415681
6.110377
6.4377656
5.0219145
6.2209234
6.4377656
6.4377656
6.327219
6.875702
5.99983
6.2209234
7.092544
6.981997
7.1988387
5.6766925
6.875702
6.327219
5.893534
6.2209234
6.327219
7.305134
7.0882916
6.87145
7.309386
6.654608
6.654608
7.309386
6.760903
6.110377
6.4377656
5.2387567
6.544061
7.849365
7.4114294
7.1945877
7.4114294
6.9777446
6.9777446
6.87145
7.632523
8.82728
8.82728
7.0840406
8.28305
7.8451138
8.606187
7.6240196
7.1945877
8.1725025
8.1725025
8.1725025
7.955661
8.389345
8.606187
8.1725025
7.4114294
7.955661
8.066207
7.955661
8.389345
9.150418
7.5177245
8.716734
8.8230295
7.951409
8.606187
8.499891
8.8230295
9.473556
9.150418
9.800944
9.36726
8.057704
9.150418
8.712482
8.168251
9.256713
9.150418
9.473556
8.712482
8.168251
9.69465
7.951409
9.150418
8.1725025
8.933577
8.606187
9.260964
8.28305
9.477807
8.929324
8.8230295
8.8230295
9.039871
8.274546
10.23888
9.150418
8.712482
9.256713
8.712482
9.146166
10.345176
10.345176
9.907239
10.340923
8.818777
10.234629
10.668313
10.230376
10.340923
11.106249
10.889407
10.340923
10.340923
10.45147
9.57985
10.995702
9.57985
9.469303
9.3630085
10.234629
10.234629
9.907239
10.124082
9.686145
9.796692
11.318839
11.646228
12.079912
11.8630705
12.079912
11.425134
11.535681
10.770356
11.752523
11.641976
12.513597
12.296754
11.641976
12.079912
11.646228
10.880902
11.429386
11.973618
10.885155
10.995702
10.230376
10.119829
11.2125435
10.995702
10.562017
10.668313
10.128334
11.433638
10.668313
10.234629
10.995702
10.668313
10.124082
11.2125435
10.774608
10.336672
11.973618
11.208292
10.774608
10.447219
11.8630705
10.991449
11.752523
12.075661
11.641976
12.407301
11.858818
11.965114
12.186207
13.274671
12.398798
12.403049
12.403049
13.053576
11.748272
12.509345
12.509345
12.403049
12.619891
12.292503
12.730438
12.943029
11.637725
13.053576
12.943029
12.61564
13.270417
13.270417
12.292503
12.292503
13.270417
12.181956
13.053576
13.5935545
13.483009
15.115701
14.57147
13.589303
14.137786
14.682017
13.372462
13.376713
13.049324
12.611388
12.943029
13.48726
12.509345
12.513597
12.947281
12.403049
12.296754
13.274671
12.513597
13.708355
13.925196
13.925196
13.270417
12.509345
13.159871
12.398798
13.491511
12.947281
11.314588
10.013535
9.584103
9.69465
9.150418
9.039871
10.132585
9.69465
10.0220375
9.256713
10.128334
10.128334
9.36726
9.473556
9.36726
9.477807
9.584103
10.455723
10.6725645
10.345176
8.712482
9.039871
7.955661
8.066207
8.066207
6.765155
7.309386
6.986249
6.3314705
7.747322
7.203091
6.3314705
6.3314705
7.092544
6.4377656
7.092544
6.981997
8.82728
8.49564
8.712482
9.800944
9.039871
8.278798
8.49564
9.039871
9.584103
10.23888
9.69465
8.49564
7.955661
8.937827
6.87145
6.110377
6.875702
5.4598503
5.574649
4.4861865
5.24726
6.2251754
5.5703974
5.136713
4.481935
5.357807
3.9419558
4.269345
3.6188183
3.1851342
4.3841434
4.1630497
3.9419558
4.7030287
4.265093
4.269345
4.5967336
4.4861865
3.8314087
4.0525026
5.357807
5.251512
2.8577452
2.424061
3.62307
2.2072186
1.9903767
2.2114706
2.4325645
2.2157223
0.910418
1.237807
1.4546491
0.910418
0.5830289
1.3441021
1.7777863
0.90616614
2.1051755
1.6672394
1.6672394
2.3220174
1.8840815
3.078839
3.62307
3.62307
4.056754
3.4019763
3.1851342
3.074587
3.7293656
3.5125234
1.1187565
1.8883334
1.12726
-1.2665067
-1.262255
0.25989163
0.47673374
0.47248197
1.5609442
2.6451547
3.2956812
3.9462075
4.5967336
5.791491
6.1188803
5.030418
6.769407
7.419933
5.6766925
6.6588597
6.4420176
5.791491
3.8356605
3.2956812
3.8399122
2.861997
2.530356
4.056754
4.7072806
4.269345
5.030418
5.791491
6.769407
5.5703974
5.0219145
6.3314705
6.4377656
6.981997
7.632523
7.738818
6.8671985
6.7566514
7.1945877
8.82728
8.278798
7.955661
8.061955
6.7566514
6.9777446
6.2209234
4.154546
3.5040195
4.0525026
5.030418
3.7208617
4.1587977
5.136713
5.8977866
4.367136
6.2209234
6.327219
6.3229666
6.8671985
7.4114294
9.150418
8.929324
9.36726
10.0220375
9.584103
9.473556
9.36726
8.601935
7.840862
9.473556
9.584103
8.712482
8.168251
9.044123
9.588354
8.716734
7.6282716
8.066207
8.066207
7.1945877
6.106125
7.305134
6.6503563
7.3008823
7.7345667
7.5177245
8.933577
8.49564
8.168251
8.274546
8.49564
9.039871
8.491387
8.818777
10.017787
9.57985
9.686145
10.668313
10.124082
10.013535
11.318839
10.45147
10.664061
9.9029875
10.995702
9.9029875
10.880902
11.097745
12.61564
11.854567
11.854567
12.186207
11.641976
10.987199
10.774608
11.425134
9.792441
11.208292
10.770356
10.987199
10.880902
10.991449
10.447219
10.880902
9.686145
10.557766
10.664061
10.447219
10.013535
9.031367
9.24821
10.119829
11.208292
10.442967
10.009283
10.119829
10.009283
9.686145
10.230376
10.774608
10.230376
9.907239
10.340923
9.035619
8.70823
9.3630085
9.035619
9.473556
9.57985
9.256713
9.584103
9.146166
8.818777
9.907239
9.57985
10.664061
12.292503
11.854567
11.854567
12.292503
11.527178
11.854567
12.505093
12.071408
12.186207
11.637725
11.637725
11.310335
12.181956
11.960861
12.832482
11.310335
13.053576
11.199788
10.226125
10.664061
10.664061
9.792441
10.885155
9.469303
10.664061
10.880902
11.097745
11.858818
12.292503
11.204041
11.748272
12.181956
12.832482
12.832482
12.075661
11.858818
11.854567
12.398798
12.181956
12.943029
11.633472
12.292503
11.204041
11.310335
11.854567
12.075661
12.726187
11.965114
11.416631
13.380964
12.071408
12.177704
12.509345
11.965114
11.641976
11.208292
10.991449
11.314588
10.987199
10.119829
11.208292
11.208292
10.774608
10.5535145
10.442967
10.226125
11.425134
10.5535145
10.336672
10.230376
9.9029875
10.774608
9.686145
11.101996
10.995702
10.230376
10.119829
10.557766
9.9029875
10.119829
10.119829
10.557766
9.686145
9.690397
10.45147
9.686145
10.013535
10.991449
10.340923
9.575599
8.818777
7.840862
8.8230295
8.601935
8.278798
7.2966304
9.584103
8.49564
9.039871
9.690397
9.3630085
8.929324
10.124082
10.340923
10.77886
9.469303
10.340923
9.796692
10.340923
10.124082
10.124082
10.340923
10.557766
8.70823
8.929324
9.36726
8.385093
8.49564
10.0220375
9.256713
8.606187
8.061955
8.499891
8.933577
7.7345667
7.8451138
8.061955
8.712482
8.49564
8.278798
8.389345
7.955661
5.8892827
5.6724405
5.893534
7.526228
6.327219
6.4377656
6.3229666
5.8892827
6.544061
7.521976
6.9777446
6.429262
8.393597
8.82728
7.0840406
7.849365
7.1945877
6.7566514
8.610438
7.7345667
7.5177245
8.606187
9.044123
8.1725025
7.8451138
8.066207
8.066207
7.305134
6.87145
6.544061
7.305134
7.305134
7.1988387
6.544061
6.544061
6.110377
6.2209234
5.5661454
6.875702
5.6766925
5.7829876
6.765155
7.849365
6.760903
7.632523
8.499891
7.4114294
7.415681
7.521976
7.0882916
8.066207
7.1945877
8.504144
8.716734
9.36726
9.150418
9.256713
9.256713
7.955661
8.1725025
8.393597
7.521976
7.521976
6.433514
7.526228
6.544061
5.893534
7.415681
5.8892827
6.981997
6.87145
7.415681
7.738818
7.4114294
7.6282716
7.6282716
7.955661
7.4114294
8.933577
6.6461043
8.937827
7.6282716
7.632523
9.482059
8.1725025
8.1725025
7.4114294
7.521976
7.849365
7.738818
8.499891
8.1725025
8.389345
8.389345
8.389345
7.6282716
6.9734936
7.1945877
7.6282716
6.9777446
7.305134
9.044123
7.3008823
9.15467
8.712482
8.8230295
8.8230295
8.278798
8.49564
8.057704
7.3008823
8.8230295
9.039871
8.8230295
9.473556
9.584103
9.3630085
8.925072
9.800944
10.128334
9.473556
8.818777
9.039871
9.584103
9.039871
9.146166
10.0220375
9.039871
7.1903353
8.610438
6.3229666
6.433514
6.760903
7.0882916
7.6282716
5.8850307
7.6282716
6.8671985
6.539809
7.955661
7.3008823
8.1725025
9.482059
8.606187
7.5177245
9.150418
8.601935
8.168251
8.712482
9.690397
10.557766
11.101996
11.535681
11.8630705
11.531429
10.987199
11.973618
11.314588
11.093493
11.854567
13.380964
12.398798
11.748272
11.425134
11.969365
11.641976
9.9029875
10.119829
10.557766
10.230376
11.097745
10.664061
11.101996
10.991449
10.447219
10.5535145
10.119829
10.340923
9.9029875
9.469303
10.557766
11.208292
11.748272
10.880902
12.730438
11.314588
11.8630705
10.124082
10.995702
10.668313
10.340923
11.539933
11.756775
10.668313
10.340923
9.473556
9.69465
9.584103
9.039871
9.477807
9.477807
8.278798
9.477807
10.0220375
9.150418
9.473556
9.150418
9.69465
8.933577
7.3008823
8.28305
8.061955
8.1725025
9.584103
9.150418
9.150418
8.606187
8.8230295
8.061955
8.389345
7.738818
6.9777446
8.176754
6.8671985
5.99983
6.110377
7.526228
8.070459
7.0882916
5.7829876
6.2209234
6.2209234
6.765155
5.6766925
4.9113674
6.765155
5.6766925
7.203091
6.2209234
5.3493037
6.3314705
5.4598503
6.3314705
6.981997
6.327219
5.893534
6.765155
6.87145
6.327219
5.5661454
6.87145
7.1988387
7.6282716
6.9777446
7.632523
6.9777446
6.87145
6.4377656
5.6766925
5.5703974
5.243008
5.030418
5.8977866
5.5703974
4.481935
3.9377036
4.9198713
5.5703974
3.5040195
5.357807
3.3977246
3.9419558
4.924123
5.464102
3.9377036
5.243008
5.4598503
5.893534
5.893534
6.0040812
6.981997
5.6766925
4.477683
6.114629
6.3314705
6.110377
5.99983
6.327219
8.070459
6.87145
6.4377656
6.4377656
6.6588597
6.3314705
6.0040812
6.3314705
7.9641643
7.526228
7.309386
7.853617
7.526228
6.981997
6.765155
6.981997
5.893534
6.3314705
7.203091
6.875702
6.4377656
6.765155
7.526228
8.066207
7.4114294
8.499891
7.955661
8.610438
7.849365
7.955661
7.521976
6.760903
7.849365
7.849365
6.6503563
7.849365
8.389345
8.389345
6.7566514
7.9599123
6.8671985
6.216672
8.176754
8.066207
7.1945877
7.4114294
8.1725025
8.1725025
8.49564
9.584103
8.606187
8.49564
9.36726
9.36726
8.601935
8.274546
9.69465
9.473556
9.252461
9.146166
9.141914
9.686145
9.252461
9.57985
9.907239
9.690397
8.929324
9.473556
9.473556
9.3630085
9.256713
9.256713
9.36726
9.473556
9.256713
8.8230295
7.951409
7.1903353
8.389345
7.738818
8.066207
8.499891
7.1945877
8.28305
8.8230295
8.168251
8.061955
7.6240196
8.168251
8.929324
9.36726
9.039871
8.057704
8.057704
8.712482
8.601935
8.491387
9.256713
9.146166
9.035619
9.256713
8.929324
8.601935
8.925072
8.601935
9.256713
9.800944
10.017787
9.256713
9.039871
8.168251
9.36726
9.039871
8.1725025
8.606187
9.039871
8.70823
9.584103
9.3630085
9.796692
9.57985
9.358756
10.230376
10.991449
9.9029875
11.539933
10.447219
10.557766
10.119829
10.770356
11.748272
11.097745
10.340923
10.557766
9.57985
9.252461
10.340923
10.664061
10.885155
10.124082
10.774608
9.3630085
9.252461
9.800944
9.256713
9.3630085
10.562017
9.473556
9.907239
9.358756
9.686145
10.991449
10.770356
11.535681
11.752523
10.119829
10.124082
10.557766
9.9029875
11.208292
12.190459
11.314588
11.531429
11.314588
11.314588
10.770356
11.318839
10.119829
10.340923
9.690397
9.035619
10.77886
9.57985
9.796692
10.774608
10.009283
10.442967
10.664061
10.447219
10.557766
9.24821
9.9029875
11.752523
11.965114
12.181956
10.982946
11.637725
11.420882
11.093493
12.61564
12.726187
12.181956
12.832482
13.049324
12.398798
13.814649
13.920944
12.82823
13.372462
14.248333
13.5935545
14.2440815
12.394546
13.925196
12.943029
12.726187
12.292503
12.836734
13.270417
13.266166
12.394546
12.61564
12.943029
12.398798
12.61564
10.33242
10.991449
11.318839
10.991449
11.8630705
10.442967
12.403049
11.637725
11.854567
10.982946
10.442967
11.531429
11.204041
11.314588
11.641976
12.403049
11.641976
12.292503
12.832482
12.071408
12.943029
11.633472
12.505093
12.943029
12.398798
11.965114
12.075661
11.752523
10.880902
12.292503
11.310335
11.858818
10.770356
11.097745
10.664061
10.557766
11.646228
10.774608
11.318839
10.991449
10.664061
10.119829
10.013535
10.880902
10.664061
11.425134
11.752523
11.097745
10.987199
10.664061
11.318839
11.314588
11.314588
11.429386
10.774608
10.5535145
10.230376
9.469303
8.70823
10.013535
10.124082
9.252461
8.929324
9.584103
9.690397
8.491387
9.690397
10.013535
9.796692
9.57985
10.013535
10.340923
10.885155
10.557766
10.119829
10.991449
9.9029875
10.5535145
11.314588
10.880902
10.880902
10.013535
9.57985
10.45147
10.668313
9.907239
10.124082
10.668313
10.124082
10.45147
9.473556
9.36726
9.256713
9.36726
9.150418
9.36726
9.57985
8.929324
9.256713
9.473556
8.601935
9.584103
10.128334
9.473556
9.36726
9.800944
8.168251
9.150418
8.712482
8.057704
8.601935
9.150418
9.039871
8.168251
9.36726
9.039871
8.057704
9.800944
8.929324
9.473556
9.584103
9.690397
9.3630085
10.124082
10.668313
11.318839
10.336672
11.756775
10.557766
10.774608
10.013535
9.3630085
9.3630085
9.256713
10.6725645
10.128334
10.017787
10.668313
10.234629
9.9029875
9.146166
8.491387
9.146166
9.039871
9.256713
9.911491
10.668313
10.340923
10.557766
10.336672
11.101996
11.101996
9.141914
10.017787
10.128334
9.907239
10.340923
9.252461
10.124082
10.340923
10.885155
11.646228
9.792441
12.084165
10.664061
11.101996
11.756775
10.557766
11.208292
10.447219
10.880902
11.535681
12.186207
10.5535145
11.969365
10.987199
11.204041
12.186207
11.425134
11.969365
12.403049
11.858818
11.425134
12.403049
12.292503
12.836734
12.836734
12.075661
11.310335
10.991449
11.318839
10.991449
11.208292
12.407301
12.840985
12.840985
12.186207
12.075661
11.969365
11.318839
10.880902
11.535681
11.752523
10.226125
11.318839
10.991449
12.075661
11.314588
12.079912
12.079912
10.5535145
10.230376
11.646228
11.425134
11.641976
10.991449
12.079912
11.858818
12.186207
11.752523
10.774608
10.447219
9.686145
11.2125435
11.535681
11.425134
11.641976
11.425134
11.318839
10.336672
10.668313
11.646228
11.101996
9.9029875
9.907239
10.45147
10.234629
9.690397
8.818777
9.150418
9.256713
8.491387
9.473556
10.017787
9.146166
9.473556
9.911491
9.146166
8.929324
8.712482
10.0220375
9.039871
8.278798
9.150418
10.676816
9.36726
9.044123
7.305134
8.937827
7.738818
6.760903
7.74307
7.1945877
7.305134
6.981997
6.110377
7.636775
6.4377656
5.7872396
6.3314705
6.114629
4.915619
4.592482
3.9377036
5.464102
5.8977866
4.8093243
6.769407
6.5483127
6.110377
5.5661454
6.765155
5.6766925
5.7872396
6.6588597
7.419933
5.6766925
6.2209234
5.5703974
5.7872396
6.986249
6.0040812
5.893534
6.986249
6.5483127
5.6809444
4.915619
5.353555
6.3314705
6.2251754
6.875702
7.747322
6.0040812
6.5525646
6.765155
7.092544
6.2209234
5.893534
7.309386
6.981997
6.765155
7.092544
6.2209234
6.114629
5.243008
5.8977866
6.114629
6.114629
5.136713
6.1188803
5.6809444
5.136713
6.114629
6.986249
6.4420176
6.3314705
6.2251754
6.2251754
5.8977866
5.136713
7.313638
5.8977866
5.243008
7.096796
5.8977866
5.5703974
5.464102
5.464102
6.6588597
6.008333
6.4420176
6.5483127
5.353555
5.464102
5.791491
6.114629
6.114629
6.4420176
5.243008
4.915619
5.8977866
6.008333
5.5703974
5.6809444
5.7872396
6.0040812
6.2209234
5.353555
6.114629
6.6588597
6.3314705
6.3314705
6.114629
6.0040812
5.243008
4.481935
4.481935
4.9198713
6.769407
6.3314705
6.2209234
6.765155
5.7829876
7.419933
6.654608
5.6766925
6.875702
7.1988387
6.544061
6.654608
6.87145
7.0882916
6.8671985
7.521976
7.8451138
7.3008823
8.716734
8.278798
7.6240196
8.389345
8.061955
9.039871
8.278798
7.1903353
8.1725025
7.738818
7.849365
7.1945877
6.8671985
6.106125
6.760903
6.433514
5.99983
6.981997
7.0882916
6.433514
6.433514
5.99983
6.433514
7.1945877
7.632523
5.893534
7.415681
7.738818
7.4114294
7.521976
6.8671985
8.393597
7.5177245
6.8671985
8.1725025
8.82728
8.1725025
7.8451138
8.066207
8.937827
8.061955
7.4114294
8.287301
7.738818
7.4114294
7.4114294
6.9777446
7.738818
7.6282716
6.539809
8.82728
8.061955
7.7345667
8.061955
8.8230295
9.36726
9.256713
8.385093
9.36726
9.256713
8.818777
9.146166
9.146166
9.796692
9.686145
10.230376
10.664061
10.774608
10.340923
10.885155
10.230376
10.340923
10.013535
10.774608
9.792441
10.774608
10.447219
10.119829
10.013535
9.686145
11.756775
10.336672
11.101996
10.557766
9.792441
10.885155
9.57985
9.796692
10.124082
10.45147
10.447219
10.774608
10.447219
9.686145
9.686145
10.119829
10.880902
11.748272
11.093493
11.208292
12.075661
11.641976
11.858818
11.527178
12.292503
12.619891
11.310335
11.420882
10.876652
10.659809
10.659809
10.659809
11.425134
11.097745
10.770356
10.876652
12.624144
12.181956
11.314588
11.531429
11.531429
11.204041
12.186207
11.097745
11.641976
12.181956
11.204041
12.619891
12.181956
10.766105
12.403049
13.164123
11.637725
11.748272
12.075661
12.186207
11.093493
11.204041
11.425134
11.531429
11.748272
11.204041
10.876652
10.664061
11.8630705
10.880902
10.557766
10.124082
9.358756
10.340923
9.3630085
8.38084
10.017787
9.146166
8.601935
9.907239
10.017787
9.469303
10.340923
10.557766
10.119829
10.885155
10.226125
10.119829
11.2125435
10.774608
10.885155
10.774608
11.208292
9.796692
9.031367
9.907239
9.035619
9.035619
9.584103
9.150418
8.49564
8.929324
9.150418
8.49564
8.385093
9.150418
9.256713
7.840862
8.716734
7.7345667
6.433514
7.632523
6.9777446
6.216672
8.720985
7.7345667
7.5177245
8.8230295
8.168251
7.8451138
7.5177245
7.955661
6.6503563
7.849365
7.4114294
7.955661
8.606187
8.8230295
7.951409
9.039871
7.7345667
7.4114294
8.066207
7.849365
7.9599123
7.1945877
7.849365
7.849365
6.216672
7.9599123
6.6503563
6.4377656
7.0882916
6.4377656
6.110377
6.110377
5.4555984
6.2209234
5.132461
5.893534
6.0040812
6.4377656
6.327219
6.106125
6.327219
6.765155
6.216672
5.6766925
6.87145
6.0040812
6.981997
6.87145
7.0882916
6.654608
7.309386
6.654608
6.327219
5.893534
6.327219
5.6766925
7.092544
6.110377
5.3493037
6.986249
6.875702
5.6766925
7.5304804
5.7872396
6.4377656
5.893534
6.3314705
7.415681
5.99983
6.87145
8.393597
7.632523
7.738818
7.305134
7.1945877
8.066207
10.132585
9.477807
9.044123
8.716734
8.061955
7.955661
8.499891
8.061955
8.389345
9.477807
8.933577
7.8451138
7.0840406
8.28305
6.9777446
7.632523
7.526228
6.9777446
6.4377656
7.853617
7.9599123
7.849365
8.720985
7.4114294
8.499891
8.716734
8.933577
9.36726
9.044123
8.716734
9.915743
9.69465
10.0220375
9.69465
9.911491
9.477807
8.385093
9.039871
8.933577
9.256713
9.256713
9.150418
8.8230295
9.69465
9.584103
10.23888
9.36726
9.039871
9.039871
8.606187
8.278798
8.8230295
8.1725025
8.716734
8.278798
9.911491
8.1725025
8.168251
8.389345
9.039871
8.8230295
9.260964
10.455723
8.818777
9.911491
10.017787
9.252461
9.911491
9.796692
9.252461
10.345176
9.584103
9.3630085
9.146166
9.584103
10.455723
9.800944
9.146166
10.455723
11.101996
10.77886
9.911491
10.128334
8.8230295
9.805196
9.69465
9.150418
10.349427
9.039871
8.712482
9.260964
9.477807
9.256713
9.911491
10.128334
9.039871
9.588354
8.389345
9.477807
10.0220375
10.0220375
9.36726
9.473556
9.3630085
9.473556
10.455723
9.146166
9.690397
9.911491
9.260964
9.039871
8.061955
9.36726
9.150418
9.911491
10.893659
10.345176
9.36726
9.36726
9.69465
8.933577
9.371511
9.150418
9.36726
9.36726
9.260964
10.459974
10.0220375
10.349427
10.783112
9.584103
10.345176
10.345176
10.995702
9.3630085
10.562017
10.562017
10.017787
10.562017
10.017787
10.128334
11.433638
10.017787
10.345176
10.017787
10.124082
10.23888
9.69465
9.69465
10.017787
9.584103
9.69465
9.039871
9.584103
10.562017
9.3630085
10.455723
9.477807
10.017787
9.36726
8.929324
10.0220375
9.039871
9.3630085
10.668313
10.562017
11.106249
10.124082
10.124082
10.017787
10.45147
9.690397
8.601935
10.128334
9.256713
9.800944
10.455723
10.455723
10.345176
9.256713
9.911491
10.0220375
10.132585
10.455723
9.150418
10.23888
11.1105
10.23888
10.0220375
9.039871
8.716734
9.911491
10.0220375
9.69465
9.911491
9.477807
9.69465
9.36726
9.36726
8.933577
8.933577
8.28305
8.066207
8.937827
8.28305
8.82728
8.066207
9.044123
9.15467
9.044123
8.1725025
8.176754
8.066207
7.9599123
7.521976
8.176754
6.981997
7.853617
7.526228
6.875702
7.419933
7.526228
7.092544
7.853617
7.309386
7.853617
7.1988387
6.87145
6.433514
7.74307
8.82728
9.256713
9.36726
9.477807
8.1725025
8.82728
8.28305
7.305134
8.287301
7.0882916
6.765155
6.986249
7.203091
5.6766925
7.5304804
6.875702
5.353555
5.464102
6.3357224
5.8977866
6.769407
7.419933
8.618942
7.9599123
7.305134
9.371511
9.044123
9.150418
8.061955
8.389345
9.15467
8.82728
6.654608
7.092544
6.3314705
6.769407
5.791491
5.140965
6.012585
5.791491
5.030418
5.136713
6.3314705
6.114629
6.986249
6.0040812
6.875702
7.636775
8.82728
8.716734
9.805196
8.8230295
8.716734
10.0220375
8.606187
9.588354
8.1725025
7.853617
6.981997
6.765155
7.636775
7.853617
8.2915535
7.747322
6.5483127
6.2209234
7.309386
7.415681
7.853617
7.9599123
7.738818
9.265217
8.393597
9.044123
9.150418
9.911491
10.455723
10.566269
10.45147
9.911491
10.132585
9.044123
7.849365
7.738818
7.853617
7.74307
8.287301
9.375764
8.504144
6.875702
7.9599123
7.526228
6.765155
7.632523
7.415681
8.937827
9.260964
10.132585
9.69465
9.805196
10.132585
9.260964
9.588354
7.4114294
9.048374
9.371511
9.044123
9.69465
8.606187
8.499891
8.606187
8.8230295
7.6282716
9.048374
8.066207
7.74307
7.632523
7.9599123
8.066207
7.738818
7.521976
7.849365
8.610438
7.1945877
8.937827
8.1725025
9.039871
9.69465
9.911491
9.796692
11.2125435
12.084165
11.429386
11.101996
11.2125435
10.668313
10.991449
10.77886
9.907239
9.584103
9.039871
7.521976
5.893534
5.243008
6.769407
6.875702
5.353555
5.5703974
5.5703974
7.9641643
7.415681
8.28305
10.0220375
9.800944
9.473556
10.013535
10.340923
10.880902
10.664061
10.664061
9.907239
9.584103
9.584103
6.433514
7.092544
6.3314705
4.481935
5.357807
4.379892
5.902038
5.6809444
5.6809444
5.8977866
7.092544
8.287301
8.606187
9.039871
10.234629
11.539933
10.991449
11.318839
11.101996
12.840985
12.947281
11.8630705
11.973618
10.230376
9.3630085
9.477807
10.0220375
9.698901
8.716734
7.9599123
7.74307
8.28305
8.499891
8.061955
10.132585
10.0220375
9.911491
10.23888
9.800944
10.128334
10.45147
10.668313
10.774608
11.8630705
10.880902
10.5535145
12.734691
11.101996
11.2125435
10.6725645
10.128334
10.6725645
9.800944
10.455723
9.256713
9.36726
10.0220375
9.800944
9.473556
9.800944
11.323091
10.45147
9.256713
10.132585
9.477807
10.0220375
9.911491
10.017787
10.455723
10.017787
10.340923
11.535681
10.991449
12.517848
11.101996
10.234629
9.584103
9.36726
9.584103
10.345176
10.234629
10.124082
9.796692
10.77886
10.124082
10.017787
10.124082
9.800944
9.36726
9.477807
10.23888
9.36726
10.23888
9.584103
10.234629
9.146166
10.77886
10.017787
8.929324
10.783112
9.911491
10.0220375
9.69465
9.69465
10.566269
9.911491
9.584103
9.36726
9.36726
10.132585
10.349427
9.477807
9.69465
9.69465
9.260964
9.69465
9.150418
9.477807
9.473556
10.349427
10.455723
10.017787
10.459974
9.260964
9.911491
9.260964
8.606187
8.716734
8.716734
8.716734
8.82728
9.371511
9.371511
7.521976
8.504144
7.74307
7.1988387
7.636775
6.765155
7.636775
7.1988387
6.5483127
7.309386
7.309386
6.765155
7.092544
6.4377656
8.181006
7.092544
6.765155
7.309386
6.981997
6.2209234
6.769407
6.875702
7.092544
6.4420176
6.2251754
6.986249
5.6809444
4.9198713
5.6809444
6.5525646
5.574649
5.140965
6.012585
5.6851964
5.791491
5.136713
6.663111
5.464102
5.136713
5.464102
5.791491
5.5703974
6.5525646
5.6809444
5.7872396
5.353555
4.7030287
6.4462695
5.791491
5.6809444
6.663111
6.5525646
6.2251754
6.008333
4.7030287
5.6809444
5.24726
4.4861865
5.140965
4.8135757
4.1630497
4.1630497
3.6188183
4.490439
5.251512
4.5967336
4.379892
5.251512
5.468354
4.379892
4.2735963
2.7514498
4.167301
4.2778482
2.2072186
4.167301
3.5125234
4.8135757
3.8356605
3.5082712
4.5967336
3.9419558
4.7072806
4.8178277
4.8178277
3.9462075
4.6009855
4.924123
4.8135757
5.902038
5.030418
6.008333
5.574649
3.6145666
4.8178277
4.8178277
4.8178277
4.2735963
4.0525026
4.0525026
4.7072806
4.924123
4.2735963
3.9462075
4.056754
3.7293656
3.2956812
4.4946904
4.6009855
3.8399122
4.490439
5.251512
4.2735963
3.4019763
4.379892
4.8135757
3.9462075
4.7072806
4.8135757
3.9462075
4.8178277
4.0525026
3.2914293
3.9462075
4.0525026
3.4019763
4.928375
3.1851342
3.9462075
3.2914293
4.379892
2.530356
4.8178277
4.056754
4.1630497
3.7293656
4.7072806
3.3977246
3.6145666
5.357807
4.481935
5.6809444
4.8093243
5.8977866
6.3314705
6.114629
7.313638
6.875702
6.0040812
6.5483127
6.5483127
6.5483127
6.3314705
6.875702
6.2209234
5.7872396
5.4598503
5.5703974
5.5703974
6.008333
5.6809444
6.2251754
5.243008
6.769407
6.5483127
5.7872396
7.203091
6.4377656
6.0040812
5.6766925
6.3314705
6.765155
6.327219
6.981997
7.092544
6.4377656
7.309386
7.636775
7.74307
6.110377
6.2209234
6.981997
7.0882916
6.87145
7.74307
7.9599123
7.9599123
6.981997
7.415681
6.216672
7.1988387
7.0882916
7.415681
7.415681
7.1988387
6.981997
6.87145
6.760903
6.5483127
7.092544
6.0040812
5.893534
6.87145
6.765155
7.1988387
5.132461
5.6766925
6.5483127
5.4598503
6.0040812
5.4598503
6.875702
5.6766925
5.893534
6.4377656
5.6766925
6.654608
6.981997
6.87145
5.893534
6.4377656
6.981997
5.99983
6.2209234
6.2209234
7.415681
6.765155
5.5661454
6.2209234
5.99983
5.7829876
6.875702
6.654608
5.893534
7.419933
6.875702
6.5483127
6.5483127
6.4377656
6.2209234
5.5661454
5.893534
6.5483127
6.4377656
5.893534
6.110377
5.6766925
6.6588597
5.3493037
5.4598503
4.698777
5.136713
6.114629
4.915619
4.043999
4.8093243
4.698777
4.37564
5.030418
4.7030287
3.6145666
4.5967336
4.1587977
5.136713
4.9198713
3.3934724
5.464102
4.592482
3.8314087
4.37564
4.269345
2.636651
4.924123
3.8314087
5.243008
5.4598503
5.5703974
6.2251754
6.3314705
4.915619
4.58823
5.4598503
5.243008
5.026166
4.481935
4.9198713
4.37564
4.592482
3.5040195
4.37564
3.9419558
4.1587977
3.2914293
3.9419558
3.2914293
3.2914293
3.4019763
3.7293656
3.4019763
2.747198
3.6188183
3.5082712
2.202967
4.1630497
2.530356
1.6587358
2.0966718
2.640903
2.640903
1.3355986
1.6629877
2.534608
3.1851342
1.6587358
2.8577452
2.0966718
1.7692827
2.861997
3.2956812
1.5524408
2.7514498
2.424061
2.7514498
1.986125
3.2956812
2.8577452
2.0966718
2.640903
1.6629877
1.3355986
1.6629877
3.299933
1.8840815
1.2293034
1.2293034
2.534608
1.3398503
1.9903767
2.1009235
2.7514498
2.424061
2.0966718
3.189386
3.078839
2.2072186
2.534608
3.8399122
4.1630497
3.074587
2.202967
3.2914293
2.8577452
2.747198
3.2914293
2.8577452
2.7514498
1.8798298
2.861997
2.2072186
1.9903767
2.861997
2.7514498
2.640903
2.534608
2.861997
2.968292
1.8798298
1.5566925
1.9903767
2.534608
2.968292
2.7514498
1.9903767
2.2072186
2.640903
3.4019763
2.0966718
3.2914293
4.1630497
3.1808825
2.640903
3.189386
3.2956812
1.4418937
3.1851342
3.5082712
3.6188183
2.424061
1.9903767
2.1009235
2.7557018
1.4503974
1.4503974
1.8840815
1.6672394
1.1230083
1.7777863
1.6672394
1.4503974
1.1230083
1.3441021
1.0167131
0.5787771
1.0167131
0.3661868
1.3441021
0.90616614
1.5609442
1.0167131
1.4503974
1.9946285
2.2114706
1.8840815
1.9903767
2.2072186
1.5566925
2.2114706
2.1009235
1.6672394
2.861997
2.3177657
2.3177657
2.1009235
2.2072186
2.6451547
2.3177657
2.1009235
2.1009235
1.9946285
1.5609442
2.3220174
1.1230083
1.4503974
1.2335552
1.12726
0.799871
0.03879773
0.5830289
0.03879773
0.14509287
1.6714911
1.4503974
0.689324
1.1230083
1.2335552
0.90616614
1.0167131
1.3398503
0.68507224
0.7956192
1.6672394
0.7956192
1.0124613
1.5566925
2.3220174
1.1230083
1.0124613
1.9946285
1.3398503
0.7956192
1.5609442
0.689324
2.3220174
1.1230083
1.9946285
1.1230083
1.7777863
1.2335552
1.1230083
1.9988803
2.1051755
1.2335552
1.7820382
1.5609442
0.46823013
1.4503974
1.5566925
2.2072186
3.8399122
2.640903
2.534608
2.7514498
2.3177657
1.5566925
2.1009235
2.3220174
1.0124613
2.4283128
1.0124613
2.4283128
1.7735345
1.7735345
2.2114706
1.4503974
1.7777863
2.3220174
2.1051755
2.1051755
1.4503974
1.3398503
1.8840815
1.5566925
2.2072186
2.3177657
3.299933
2.6451547
2.2114706
1.8798298
1.9903767
2.2072186
3.8399122
3.5082712
2.9640403
4.0525026
3.5082712
3.8356605
3.8356605
4.379892
2.9640403
3.6188183
4.924123
4.8135757
3.9419558
5.574649
5.464102
5.24726
3.6188183
4.379892
4.2735963
4.490439
3.5082712
4.928375
3.4019763
2.640903
3.5125234
3.5125234
2.861997
2.1051755
1.6672394
2.7599535
2.1051755
1.1230083
2.5388596
2.4283128
2.861997
1.5566925
1.8883334
2.2157223
1.4503974
1.5566925
2.9767957
1.4503974
1.2293034
2.861997
2.424061
2.968292
2.7514498
2.424061
3.1851342
3.078839
3.406228
3.2956812
1.7735345
1.5566925
1.9946285
2.7557018
2.1009235
1.7735345
3.2956812
3.5125234
3.5125234
3.078839
3.078839
2.313514
3.1851342
4.3841434
3.7293656
2.968292
4.0525026
4.7030287
4.269345
5.8977866
5.5703974
5.7872396
5.3493037
6.2209234
6.0040812
6.0040812
5.6766925
5.6766925
6.5483127
6.3314705
5.6766925
6.110377
6.3314705
5.893534
6.986249
6.2209234
6.2209234
6.008333
6.5483127
6.5483127
5.5703974
5.893534
7.313638
6.5483127
5.6766925
6.875702
6.765155
7.309386
6.654608
6.981997
7.1988387
7.309386
6.0040812
6.875702
7.74307
7.521976
8.28305
7.955661
9.260964
9.36726
8.606187
10.0220375
8.933577
8.929324
9.911491
10.128334
9.256713
9.36726
8.933577
8.606187
8.28305
8.8230295
8.933577
9.260964
8.933577
9.260964
8.712482
9.36726
9.477807
9.36726
8.601935
9.36726
9.36726
9.584103
10.23888
8.8230295
10.23888
9.039871
8.929324
9.477807
8.933577
10.455723
9.473556
9.039871
9.800944
9.796692
9.907239
11.433638
10.45147
9.796692
10.668313
10.668313
9.473556
11.106249
10.128334
10.128334
10.23888
10.0220375
9.150418
9.36726
9.039871
9.256713
9.690397
9.800944
9.256713
10.23888
8.929324
8.601935
10.783112
9.36726
9.473556
8.712482
10.77886
10.119829
11.425134
11.535681
11.969365
11.641976
11.208292
10.774608
11.646228
10.447219
10.668313
10.340923
10.447219
10.447219
10.991449
10.885155
11.318839
10.013535
10.562017
10.885155
11.318839
10.230376
10.234629
10.345176
10.45147
10.234629
9.800944
10.562017
9.690397
10.017787
10.124082
9.690397
9.473556
10.234629
10.45147
10.455723
10.455723
9.800944
9.584103
10.566269
9.584103
9.911491
9.584103
9.805196
9.477807
9.477807
8.606187
9.15467
9.915743
10.349427
10.566269
8.610438
9.482059
8.937827
7.521976
7.849365
7.526228
8.287301
7.849365
7.521976
8.610438
7.738818
9.482059
9.69465
9.584103
9.911491
10.234629
9.584103
10.6725645
10.562017
10.45147
10.45147
10.45147
10.234629
10.017787
9.690397
9.150418
9.800944
9.477807
10.017787
10.455723
11.65048
11.2125435
11.318839
11.973618
12.301006
11.973618
11.323091
11.323091
10.668313
10.562017
10.999953
10.668313
10.668313
10.455723
10.23888
9.150418
8.8230295
9.698901
9.260964
8.393597
8.82728
9.805196
10.0220375
9.915743
9.915743
9.477807
8.606187
9.044123
9.039871
8.389345
8.716734
9.805196
9.36726
8.716734
10.0220375
9.260964
7.951409
7.7345667
7.7345667
8.278798
8.066207
7.521976
8.28305
7.632523
7.415681
6.760903
5.99983
6.216672
7.305134
7.738818
6.9777446
8.393597
8.1725025
7.3008823
9.588354
8.278798
8.933577
8.933577
9.584103
7.951409
8.389345
7.951409
7.951409
8.8230295
8.49564
9.584103
9.150418
8.933577
9.805196
8.8230295
9.256713
9.36726
8.929324
9.473556
8.8230295
8.712482
9.256713
8.929324
8.82728
8.1725025
7.7345667
7.3008823
7.5177245
9.260964
8.933577
8.8230295
8.933577
7.7345667
8.933577
8.389345
8.389345
8.278798
7.1903353
8.499891
9.588354
9.150418
8.1725025
7.8451138
7.955661
8.504144
6.8671985
6.110377
7.74307
8.176754
7.521976
6.760903
7.632523
6.87145
7.849365
6.9777446
8.287301
7.632523
6.3229666
7.9599123
8.066207
7.3008823
8.82728
8.1725025
7.955661
8.606187
8.061955
7.521976
7.305134
7.0882916
7.0882916
6.327219
6.544061
5.4555984
6.654608
5.6724405
6.2209234
5.99983
6.5483127
4.8050723
5.243008
3.827157
4.698777
4.154546
2.6323993
3.9419558
3.1766307
3.5040195
4.265093
4.8093243
3.1766307
4.1587977
4.0525026
3.3977246
1.765031
3.2914293
2.636651
2.530356
1.5481889
2.313514
3.4019763
2.3092623
3.074587
3.3977246
2.8577452
3.074587
1.986125
2.636651
2.419809
3.2914293
3.0703354
2.7429464
2.3092623
2.8534935
1.765031
1.4376419
2.530356
1.4418937
1.986125
2.530356
2.8534935
2.419809
3.6145666
2.3092623
2.8534935
2.747198
2.419809
2.747198
3.7251134
3.3934724
4.698777
4.477683
5.0219145
4.2565894
5.1282096
5.5661454
5.6766925
6.4377656
5.0219145
6.87145
6.7566514
6.8671985
7.3008823
8.168251
6.9734936
8.057704
6.5355573
7.8451138
7.1903353
6.318715
6.7566514
8.389345
7.951409
7.7345667
6.21242
6.9777446
5.5618935
4.8008204
5.778736
6.106125
6.539809
7.3008823
7.5177245
7.1903353
8.1725025
6.9734936
7.8451138
7.7345667
8.168251
9.039871
8.49564
7.8366094
8.274546
8.929324
8.70823
8.491387
9.141914
9.358756
10.230376
10.013535
9.358756
8.818777
9.57985
9.256713
7.840862
8.601935
9.035619
8.274546
8.814526
8.818777
8.70823
8.925072
9.031367
9.24821
9.681894
9.681894
10.115578
10.005031
11.204041
10.33242
10.655557
10.876652
10.33242
10.982946
10.982946
11.7440195
11.306084
11.089241
10.549262
10.221873
9.788189
10.33242
9.898736
10.664061
10.226125
9.2439575
10.442967
10.33242
11.420882
10.33242
9.792441
9.031367
8.597683
8.274546
8.0534525
9.796692
8.70823
9.141914
9.9029875
8.92082
8.814526
9.358756
9.358756
9.035619
8.270294
8.70823
7.8366094
8.814526
8.703979
8.0492
9.031367
8.159747
9.031367
8.597683
9.24821
9.575599
8.814526
8.270294
7.9471564
9.3630085
7.6197677
8.163999
8.491387
8.491387
9.146166
8.274546
8.712482
7.6197677
6.5313053
8.929324
7.5134726
7.1860833
7.9471564
7.5134726
8.818777
8.057704
8.491387
9.146166
8.274546
8.163999
8.274546
8.597683
8.92082
9.465052
10.664061
10.009283
10.447219
11.101996
10.557766
10.119829
8.70823
8.274546
8.601935
9.3630085
9.907239
10.013535
9.035619
10.124082
8.929324
8.168251
9.039871
8.168251
8.168251
9.69465
8.385093
8.712482
7.840862
8.601935
8.274546
8.818777
8.601935
8.491387
8.168251
9.039871
8.818777
8.491387
9.252461
10.013535
9.792441
9.9029875
10.664061
9.792441
11.101996
10.119829
9.9029875
9.796692
10.124082
10.013535
10.885155
10.230376
10.557766
10.119829
9.796692
11.2125435
10.119829
9.796692
9.686145
8.818777
9.039871
8.712482
8.929324
9.035619
10.336672
10.336672
10.770356
10.442967
9.027116
10.119829
11.318839
9.9029875
10.336672
9.9029875
9.792441
10.009283
10.664061
11.101996
11.425134
11.314588
11.314588
11.314588
12.075661
11.854567
10.876652
11.318839
10.447219
10.664061
10.774608
10.230376
9.9029875
10.336672
11.425134
12.079912
10.987199
10.880902
11.208292
11.097745
10.5535145
10.442967
10.447219
11.641976
11.314588
11.858818
12.292503
12.943029
11.960861
12.726187
11.7440195
11.637725
12.071408
12.292503
12.61564
12.726187
12.509345
12.186207
12.619891
11.965114
11.969365
10.770356
10.664061
12.079912
11.208292
11.208292
11.8630705
11.752523
10.664061
10.991449
9.686145
10.45147
10.668313
10.557766
11.101996
10.447219
11.535681
11.969365
11.097745
11.646228
10.557766
11.646228
10.664061
11.531429
12.075661
12.619891
13.48726
13.053576
12.071408
12.947281
11.752523
11.969365
11.8630705
10.5535145
11.646228
12.079912
11.425134
11.314588
11.535681
10.991449
11.535681
10.013535
9.469303
10.234629
10.234629
9.907239
10.562017
10.340923
9.358756
10.774608
11.535681
12.296754
11.531429
11.314588
11.973618
11.752523
11.752523
11.097745
10.774608
11.208292
11.425134
11.535681
11.752523
11.208292
12.624144
12.296754
12.075661
10.880902
11.101996
10.668313
10.234629
9.907239
10.6725645
10.77886
9.907239
10.234629
10.45147
10.668313
10.770356
11.425134
10.664061
10.447219
10.017787
9.690397
9.907239
9.796692
10.995702
10.336672
10.5535145
10.876652
10.336672
11.646228
12.186207
11.641976
12.624144
10.880902
10.664061
11.208292
10.991449
10.5535145
12.836734
12.403049
12.619891
12.292503
11.318839
11.318839
11.752523
10.664061
11.535681
11.752523
11.8630705
11.8630705
12.619891
11.314588
11.425134
11.531429
11.535681
11.973618
10.774608
9.57985
11.2125435
11.101996
11.208292
11.535681
10.987199
11.854567
12.181956
12.403049
11.748272
11.314588
11.752523
11.318839
11.097745
12.296754
12.624144
12.726187
13.164123
13.057828
13.491511
11.858818
12.513597
12.513597
12.403049
12.951532
12.190459
12.186207
11.752523
12.513597
12.186207
13.164123
12.947281
13.274671
12.186207
12.619891
13.380964
12.947281
12.186207
11.641976
12.186207
12.513597
12.513597
12.730438
13.712605
13.597807
13.491511
12.509345
12.075661
12.509345
12.726187
12.292503
13.818902
14.575723
13.920944
14.68627
14.465176
12.726187
12.619891
12.296754
11.208292
11.646228
12.079912
12.517848
12.079912
12.292503
13.274671
13.057828
13.274671
13.057828
12.624144
11.969365
12.407301
13.168375
12.186207
12.079912
13.057828
11.425134
13.168375
13.274671
13.602058
13.380964
13.602058
12.509345
12.619891
12.730438
12.509345
12.840985
13.491511
12.947281
13.818902
12.619891
13.057828
12.292503
12.947281
13.818902
12.730438
13.053576
12.292503
12.619891
12.947281
12.947281
12.403049
12.296754
11.858818
13.164123
13.053576
13.597807
13.270417
13.704102
13.5935545
14.142038
13.48726
12.398798
13.491511
12.947281
13.164123
13.057828
13.380964
13.380964
12.296754
12.619891
12.407301
12.951532
11.858818
12.407301
11.531429
12.403049
13.274671
12.730438
12.509345
12.186207
12.730438
11.314588
12.079912
12.407301
12.840985
12.403049
12.403049
13.057828
11.969365
12.840985
11.531429
11.752523
11.8630705
11.858818
12.624144
12.296754
12.840985
11.973618
12.734691
13.062079
13.385218
11.969365
13.168375
12.619891
12.947281
12.513597
12.730438
12.624144
12.301006
11.752523
12.079912
12.301006
12.190459
11.425134
13.057828
12.947281
11.969365
12.403049
11.535681
11.535681
12.407301
11.969365
10.557766
10.885155
10.77886
11.2125435
11.101996
11.2125435
10.774608
10.991449
11.646228
11.314588
11.208292
12.517848
12.079912
12.840985
13.057828
12.292503
12.730438
11.318839
11.208292
11.752523
11.535681
10.774608
11.2125435
11.646228
11.208292
10.991449
10.991449
11.969365
10.880902
11.425134
11.208292
10.995702
10.013535
9.686145
10.230376
9.796692
10.45147
10.340923
9.690397
9.690397
8.168251
9.150418
9.473556
9.584103
10.234629
9.907239
9.796692
9.146166
10.889407
9.907239
9.907239
10.340923
10.45147
11.106249
10.880902
12.403049
12.836734
13.053576
12.726187
12.186207
11.208292
11.2125435
10.45147
10.455723
10.562017
9.69465
8.28305
9.477807
8.929324
10.668313
11.318839
10.013535
11.646228
11.208292
11.425134
10.880902
12.079912
11.867322
10.45147
10.128334
9.584103
10.017787
10.77886
10.77886
9.690397
9.477807
8.385093
8.385093
10.349427
9.150418
9.69465
9.584103
10.0220375
8.389345
10.349427
9.477807
10.017787
10.124082
10.557766
11.641976
12.296754
12.296754
12.186207
11.535681
11.756775
12.190459
10.336672
10.340923
10.557766
12.517848
12.513597
11.641976
11.535681
11.8630705
11.752523
11.641976
11.641976
11.858818
12.186207
11.748272
11.420882
12.403049
12.619891
13.491511
12.836734
11.420882
12.075661
11.531429
12.403049
11.204041
12.836734
12.943029
11.637725
12.619891
12.181956
11.637725
11.527178
12.292503
12.509345
13.053576
13.159871
12.61564
12.726187
12.943029
13.053576
11.969365
11.097745
12.186207
12.292503
11.858818
11.208292
11.425134
12.075661
11.531429
11.748272
12.61564
12.509345
13.266166
14.354629
13.810397
13.916693
13.69985
14.2440815
14.89886
14.02724
13.376713
11.965114
10.664061
8.929324
8.061955
7.521976
6.7566514
6.8671985
7.0840406
8.716734
8.278798
9.150418
9.146166
10.562017
10.668313
11.101996
11.752523
12.292503
12.943029
12.394546
12.2839985
13.270417
12.509345
10.664061
9.256713
8.389345
7.849365
7.526228
6.87145
6.110377
5.893534
6.981997
6.87145
8.610438
9.69465
9.150418
8.49564
8.929324
9.256713
8.70823
9.358756
10.557766
10.995702
11.101996
10.45147
8.818777
8.601935
8.385093
7.1903353
7.0840406
7.3008823
6.433514
7.415681
7.305134
5.0219145
6.5483127
4.915619
5.3493037
5.2387567
5.3493037
5.7829876
5.5661454
6.216672
6.216672
5.6724405
5.8892827
6.433514
7.1903353
6.429262
7.3008823
8.610438
8.389345
6.760903
7.526228
6.981997
6.765155
5.99983
4.9113674
6.981997
6.5483127
5.7829876
5.5661454
6.5483127
6.0040812
5.6766925
5.4598503
6.3314705
5.4598503
5.5703974
5.243008
4.8093243
4.7030287
4.8093243
4.0482507
4.0482507
5.5703974
4.58823
5.8977866
6.2251754
5.4598503
5.136713
4.592482
5.8977866
5.6766925
4.6945252
6.3314705
6.327219
5.6724405
6.433514
5.4555984
6.5483127
5.893534
5.6766925
6.0040812
5.4598503
6.5483127
5.5703974
5.5703974
4.8050723
4.592482
4.265093
5.7872396
4.698777
4.043999
5.893534
6.4377656
6.5483127
4.58823
6.0040812
6.2209234
5.893534
5.4555984
6.327219
7.415681
7.1945877
7.6282716
6.8671985
6.87145
6.6503563
6.433514
6.9777446
8.176754
7.4114294
8.499891
7.955661
7.955661
7.3008823
7.3008823
7.9599123
8.066207
6.654608
6.544061
7.4114294
7.6282716
7.3008823
7.0840406
8.82728
6.9777446
7.632523
7.305134
6.2209234
6.327219
6.654608
6.544061
7.0882916
7.521976
6.433514
7.521976
7.738818
6.6503563
7.0840406
7.955661
6.8671985
8.28305
7.3008823
6.8671985
7.955661
7.8451138
7.3008823
8.061955
8.49564
8.49564
6.969241
8.278798
7.840862
7.5134726
8.061955
8.168251
7.4071774
7.305134
6.539809
6.539809
7.0840406
6.8671985
7.8451138
7.8451138
7.4114294
7.0840406
7.079788
7.7345667
8.278798
8.057704
8.168251
9.146166
8.8230295
8.606187
7.1903353
7.955661
7.4114294
7.8451138
7.0840406
8.28305
7.3008823
8.1725025
6.6503563
7.305134
6.433514
6.544061
5.99983
6.327219
5.5661454
5.6766925
5.893534
5.4598503
5.5661454
5.6766925
6.3314705
5.6766925
5.4598503
6.0040812
6.0040812
5.7829876
6.110377
6.4377656
6.2209234
5.893534
5.7829876
6.5483127
5.5703974
4.592482
5.030418
5.5703974
4.915619
6.114629
5.6766925
5.5703974
6.3314705
6.0040812
5.353555
6.114629
5.24726
5.24726
3.2871776
3.9377036
3.0703354
4.1587977
5.136713
3.3977246
4.0525026
3.6188183
3.4019763
2.747198
2.09242
3.5082712
2.636651
4.5967336
3.5040195
4.37564
4.37564
5.5703974
5.353555
3.7208617
5.464102
4.915619
5.026166
4.698777
4.915619
5.136713
4.8093243
4.58823
6.2209234
5.893534
6.110377
6.654608
6.654608
7.526228
6.2209234
5.893534
6.327219
5.893534
5.893534
6.654608
6.216672
5.8892827
6.654608
6.760903
5.4555984
6.654608
5.5661454
5.5661454
6.0040812
5.6766925
5.4598503
6.4377656
6.2209234
5.7829876
6.4377656
6.110377
6.87145
6.433514
7.849365
6.87145
7.521976
8.499891
8.28305
8.716734
7.955661
7.955661
7.738818
9.915743
8.8230295
8.389345
9.805196
9.039871
9.150418
9.260964
8.933577
9.260964
9.039871
8.389345
9.150418
9.039871
9.584103
8.49564
9.800944
10.234629
10.128334
8.712482
9.473556
10.017787
9.473556
10.234629
10.668313
10.991449
10.664061
10.991449
11.314588
11.535681
10.880902
11.429386
10.668313
10.664061
10.447219
11.641976
11.969365
12.398798
12.619891
11.204041
11.097745
10.557766
9.686145
9.57985
10.124082
9.9029875
10.774608
10.442967
11.208292
11.965114
11.969365
13.053576
12.943029
12.288251
12.61564
13.376713
14.248333
13.376713
13.266166
12.611388
13.049324
13.266166
13.049324
13.155619
13.266166
13.916693
13.920944
13.920944
13.483009
12.288251
11.965114
11.314588
11.752523
11.314588
10.987199
11.969365
12.403049
11.093493
12.186207
10.009283
9.9029875
9.686145
10.991449
10.5535145
11.208292
11.314588
10.987199
11.318839
10.119829
9.465052
11.208292
10.230376
10.991449
11.101996
10.774608
9.358756
10.230376
9.9029875
10.885155
9.358756
10.340923
10.340923
10.340923
10.119829
10.774608
11.101996
9.57985
9.473556
9.035619
8.70823
9.800944
8.929324
8.057704
10.017787
10.562017
9.796692
9.690397
9.3630085
8.601935
9.584103
9.256713
8.601935
8.929324
9.36726
9.36726
9.907239
8.274546
8.712482
9.690397
9.57985
9.36726
8.929324
9.477807
8.601935
8.385093
9.477807
9.044123
9.150418
7.840862
9.805196
8.712482
8.278798
8.389345
8.716734
8.82728
8.720985
7.305134
8.28305
8.1725025
6.9734936
8.716734
9.477807
9.256713
9.36726
9.69465
8.929324
8.606187
8.168251
7.2966304
7.955661
9.150418
8.712482
9.150418
8.49564
9.256713
9.584103
9.3630085
8.929324
9.800944
9.690397
8.712482
9.69465
8.8230295
7.3008823
9.260964
8.8230295
8.712482
9.256713
9.035619
9.146166
9.039871
8.818777
9.584103
9.146166
8.274546
9.039871
8.8230295
9.146166
8.491387
9.256713
9.796692
9.252461
9.690397
9.57985
9.358756
9.796692
9.57985
9.9029875
9.57985
10.995702
10.774608
11.208292
10.447219
11.208292
10.987199
10.442967
10.230376
10.668313
11.101996
10.013535
9.796692
10.668313
9.907239
9.9029875
9.141914
10.230376
9.686145
9.9029875
9.686145
11.323091
10.774608
10.991449
10.5535145
11.314588
11.858818
12.075661
11.748272
11.531429
11.854567
11.858818
12.624144
11.858818
11.531429
12.190459
11.097745
10.770356
11.101996
10.230376
10.340923
10.340923
10.447219
10.230376
10.991449
10.230376
10.447219
11.318839
10.119829
11.208292
11.535681
11.646228
10.5535145
11.425134
10.770356
12.186207
11.748272
11.748272
11.858818
12.624144
11.748272
11.748272
12.730438
13.164123
12.947281
12.947281
11.641976
12.075661
12.619891
12.398798
12.181956
13.380964
12.836734
13.053576
12.403049
11.314588
12.079912
11.318839
11.535681
10.664061
10.230376
11.535681
11.641976
11.314588
11.097745
11.641976
10.442967
12.403049
11.208292
11.318839
11.204041
10.880902
10.770356
10.770356
12.296754
12.075661
10.5535145
12.079912
10.987199
10.336672
10.991449
10.991449
10.991449
11.535681
10.664061
11.208292
11.097745
10.119829
10.774608
11.752523
10.336672
10.774608
11.535681
10.230376
10.668313
10.664061
9.792441
11.646228
10.774608
10.557766
11.323091
9.796692
10.124082
10.234629
9.686145
9.907239
10.774608
10.009283
9.907239
9.146166
9.800944
9.252461
9.690397
10.995702
9.686145
10.668313
10.557766
10.013535
9.796692
10.017787
10.668313
10.124082
10.77886
11.2125435
10.557766
10.124082
10.340923
10.774608
10.340923
10.885155
10.885155
9.907239
10.45147
10.557766
10.340923
11.429386
11.535681
10.5535145
11.429386
11.646228
10.991449
10.991449
11.208292
12.075661
13.164123
12.186207
13.380964
12.836734
11.535681
11.535681
11.425134
10.447219
12.190459
12.079912
11.646228
11.318839
10.889407
10.017787
10.017787
10.455723
9.584103
10.455723
9.477807
9.36726
10.23888
9.150418
9.039871
9.150418
9.477807
9.584103
8.933577
8.8230295
8.933577
9.044123
9.260964
7.6282716
8.28305
7.1945877
7.632523
8.610438
7.521976
9.044123
7.738818
8.610438
7.521976
7.0882916
7.849365
7.521976
5.893534
7.526228
7.0882916
6.760903
7.309386
6.875702
7.526228
7.0882916
6.87145
8.176754
8.716734
7.521976
7.9599123
7.738818
6.3229666
7.521976
8.720985
7.955661
7.6282716
8.28305
7.521976
7.4114294
7.305134
8.504144
6.433514
6.981997
6.4377656
6.544061
6.87145
7.0882916
7.955661
8.504144
7.849365
7.738818
8.499891
7.955661
9.698901
8.28305
8.82728
8.389345
7.955661
7.74307
8.393597
8.393597
8.499891
7.632523
7.738818
8.937827
8.716734
8.716734
8.720985
8.1725025
8.499891
8.933577
8.606187
9.805196
9.146166
9.256713
10.234629
10.017787
10.77886
10.45147
11.106249
10.885155
11.429386
10.995702
11.858818
11.646228
11.208292
11.2125435
10.562017
11.323091
10.455723
9.69465
10.0220375
9.584103
9.911491
9.260964
8.82728
9.588354
8.499891
7.6282716
8.937827
9.044123
8.066207
8.937827
9.260964
8.716734
9.588354
9.150418
9.039871
9.039871
9.477807
9.911491
9.800944
9.805196
9.473556
9.477807
10.349427
9.477807
9.911491
9.911491
9.805196
8.82728
9.044123
8.28305
8.393597
7.415681
8.066207
7.305134
6.8671985
8.176754
9.477807
8.716734
10.132585
9.805196
9.477807
9.473556
9.473556
10.234629
9.907239
10.340923
10.124082
9.57985
9.796692
10.668313
10.45147
9.150418
9.150418
9.039871
9.584103
9.150418
9.584103
8.385093
9.36726
9.36726
9.256713
9.039871
9.36726
9.150418
9.473556
9.690397
9.584103
8.818777
9.36726
8.8230295
10.017787
9.039871
10.345176
10.345176
9.800944
9.57985
10.128334
10.234629
9.039871
9.36726
9.69465
8.606187
9.146166
9.36726
9.150418
9.36726
9.69465
9.584103
9.36726
9.039871
8.933577
9.039871
8.606187
9.260964
9.36726
8.933577
9.698901
8.8230295
8.933577
8.82728
8.389345
7.7345667
8.499891
7.6282716
8.28305
7.305134
8.176754
7.632523
8.066207
7.521976
6.9777446
8.287301
9.260964
7.7345667
8.1725025
8.8230295
8.712482
9.36726
9.36726
10.45147
10.77886
11.429386
11.641976
11.101996
10.991449
10.664061
10.995702
10.885155
11.756775
11.646228
10.774608
10.562017
9.907239
9.473556
9.584103
10.128334
10.23888
9.256713
9.911491
9.256713
9.800944
9.150418
9.473556
9.252461
10.128334
9.575599
9.57985
10.77886
10.45147
8.491387
9.690397
9.796692
9.146166
9.3630085
10.45147
9.800944
9.146166
8.929324
7.951409
9.69465
8.8230295
8.933577
9.69465
8.606187
7.5134726
8.8230295
8.712482
8.057704
9.039871
9.256713
8.712482
9.690397
8.385093
9.146166
9.141914
10.557766
10.447219
11.204041
11.208292
10.991449
10.770356
10.119829
11.646228
10.230376
9.686145
10.995702
10.013535
10.336672
11.429386
10.226125
10.5535145
10.774608
9.792441
9.141914
10.013535
8.925072
10.124082
9.57985
9.907239
11.2125435
10.119829
10.557766
11.2125435
10.230376
10.119829
10.234629
9.686145
10.013535
10.124082
9.686145
9.796692
10.017787
10.234629
9.146166
10.128334
10.45147
10.340923
9.796692
10.995702
9.9029875
9.252461
8.601935
8.818777
9.800944
9.473556
9.690397
9.800944
8.818777
9.035619
8.274546
8.385093
8.385093
7.5134726
8.385093
8.712482
9.469303
8.163999
10.340923
10.230376
9.9029875
10.124082
9.3630085
10.013535
10.557766
10.230376
10.987199
10.655557
10.982946
13.48726
11.960861
12.505093
12.181956
11.420882
10.549262
10.876652
11.097745
11.420882
11.204041
10.876652
11.531429
11.093493
11.420882
11.641976
11.637725
10.876652
11.097745
11.204041
9.792441
11.208292
11.314588
10.442967
10.770356
10.987199
10.659809
10.549262
11.097745
11.204041
10.766105
10.876652
11.858818
10.982946
10.659809
11.748272
11.527178
11.637725
12.075661
11.637725
11.748272
10.33242
10.226125
11.204041
11.314588
11.097745
11.641976
10.987199
10.880902
10.770356
10.115578
10.442967
9.686145
10.447219
8.703979
10.885155
10.664061
9.686145
10.774608
9.686145
10.009283
10.009283
10.659809
10.876652
11.527178
12.292503
11.310335
11.093493
11.748272
10.876652
11.420882
11.310335
12.181956
11.965114
11.420882
11.310335
11.093493
11.097745
10.664061
10.770356
10.009283
10.659809
10.770356
10.774608
9.575599
10.557766
9.354505
10.124082
10.340923
10.013535
9.9029875
9.141914
9.3630085
10.345176
9.686145
7.9471564
8.929324
8.925072
9.358756
10.447219
9.465052
10.664061
10.119829
9.24821
10.557766
8.925072
10.013535
9.031367
9.358756
10.557766
9.792441
9.792441
10.340923
10.013535
9.575599
9.3630085
10.124082
8.70823
9.9029875
9.690397
9.3630085
7.9471564
9.146166
7.6240196
8.057704
6.9734936
7.5177245
7.6240196
7.4071774
8.8230295
8.712482
8.274546
9.256713
7.7303147
7.7303147
8.712482
9.039871
8.712482
8.929324
8.929324
8.818777
7.9471564
8.929324
8.49564
8.389345
8.168251
8.8230295
8.606187
7.3008823
7.4114294
6.8671985
6.6503563
6.3229666
6.216672
7.305134
6.539809
6.544061
6.433514
6.433514
6.429262
6.3229666
7.3008823
7.1903353
7.079788
7.738818
7.3008823
6.6461043
6.539809
8.1725025
7.4114294
6.539809
6.9734936
6.7566514
6.6503563
6.544061
5.8892827
5.7829876
6.4377656
5.7872396
5.6766925
5.136713
3.1808825
2.8577452
2.0966718
1.1187565
1.3398503
1.1230083
0.5787771
1.6672394
1.0124613
2.861997
3.078839
2.2072186
1.5524408
2.2072186
2.0966718
2.747198
3.5125234
2.530356
2.530356
3.4019763
2.8577452
2.8577452
3.074587
3.5082712
4.379892
2.747198
1.986125
2.8577452
1.5524408
2.640903
2.424061
1.8798298
2.968292
2.419809
2.424061
3.078839
1.5524408
0.9019143
1.8840815
0.46823013
0.68507224
1.0124613
1.0124613
1.2335552
0.9019143
0.68507224
2.534608
1.7735345
0.9019143
2.3177657
1.2293034
2.7514498
1.5566925
0.68507224
1.5524408
0.79136735
1.3355986
1.6629877
2.2114706
1.4503974
0.68507224
1.3398503
1.1230083
1.4461455
2.3177657
1.4461455
1.7735345
1.6672394
0.46823013
1.0167131
0.25138804
0.799871
0.7956192
1.6672394
2.1051755
1.3398503
0.7956192
-0.29284313
0.7956192
0.5787771
-0.18229619
0.689324
0.689324
1.4503974
0.90616614
1.4503974
0.25138804
1.4503974
1.6672394
0.361935
0.689324
0.68507224
0.7956192
1.1230083
1.9946285
0.5787771
0.7956192
2.8662488
1.3398503
0.5787771
1.8883334
1.5566925
0.7956192
1.4503974
1.6672394
1.5566925
1.1230083
1.1230083
0.689324
0.46823013
2.3220174
1.6672394
1.0124613
0.9019143
1.3398503
1.3355986
0.24713624
1.0082095
1.8755778
1.8755778
2.8534935
3.3977246
3.8314087
5.6809444
5.893534
6.654608
5.7829876
5.3493037
5.4555984
6.2209234
6.765155
6.110377
7.853617
6.87145
6.9777446
7.849365
8.066207
6.6503563
7.955661
8.499891
7.632523
7.521976
7.632523
7.415681
7.309386
7.1988387
7.0882916
7.1945877
7.305134
6.9777446
7.0882916
6.6503563
7.632523
8.066207
6.8671985
8.066207
8.393597
6.21242
7.849365
8.176754
7.521976
7.632523
7.6282716
8.606187
7.305134
8.606187
7.0840406
8.720985
8.716734
8.499891
8.176754
7.955661
8.499891
8.1725025
8.937827
7.5177245
8.1725025
8.28305
8.1725025
6.760903
6.8671985
6.8671985
8.720985
7.521976
8.389345
7.5177245
9.371511
8.49564
7.951409
8.278798
8.385093
8.606187
8.389345
8.712482
8.929324
9.584103
8.8230295
9.039871
9.146166
8.385093
8.929324
8.712482
10.455723
9.800944
9.800944
9.256713
8.601935
9.584103
9.146166
10.017787
10.999953
10.45147
9.146166
9.69465
9.256713
8.601935
9.911491
10.017787
9.473556
9.907239
10.017787
9.690397
9.690397
9.256713
9.907239
10.885155
9.686145
10.995702
10.336672
10.557766
10.664061
10.557766
10.230376
11.8630705
11.8630705
10.991449
12.301006
11.969365
11.097745
12.407301
11.752523
11.752523
11.101996
9.686145
11.539933
10.557766
10.340923
11.318839
10.124082
10.885155
10.668313
9.57985
10.124082
10.668313
10.340923
11.535681
10.447219
11.318839
12.296754
11.208292
11.969365
10.119829
10.664061
11.425134
10.119829
11.318839
10.340923
11.756775
11.101996
10.013535
11.539933
10.885155
10.45147
10.234629
10.995702
9.796692
10.885155
10.557766
9.9029875
10.124082
10.557766
10.557766
11.101996
11.535681
11.8630705
10.5535145
10.336672
11.535681
11.858818
11.204041
10.774608
11.756775
10.340923
10.230376
10.124082
11.539933
11.646228
10.668313
11.756775
11.2125435
11.318839
11.318839
10.991449
12.079912
11.752523
10.230376
11.323091
10.013535
11.429386
11.318839
11.101996
11.429386
11.318839
10.230376
10.880902
10.124082
10.124082
9.690397
10.345176
10.017787
9.800944
9.473556
9.911491
9.584103
9.146166
9.039871
9.36726
10.23888
9.039871
8.385093
9.69465
8.49564
9.256713
8.8230295
9.69465
10.562017
9.800944
9.035619
9.477807
8.8230295
9.3630085
9.584103
8.389345
8.933577
8.389345
8.606187
8.499891
8.389345
8.606187
8.278798
7.8451138
8.499891
8.389345
8.1725025
8.606187
8.82728
7.5177245
7.7345667
7.8451138
8.278798
8.385093
8.389345
8.8230295
8.278798
8.49564
8.061955
7.840862
9.36726
9.256713
8.8230295
8.8230295
8.929324
9.36726
9.477807
8.712482
8.933577
9.150418
9.039871
8.933577
9.150418
8.606187
8.716734
8.606187
8.8230295
8.168251
9.039871
9.150418
9.260964
8.385093
8.168251
9.911491
9.69465
9.150418
9.260964
8.278798
8.933577
9.150418
9.039871
9.039871
9.584103
10.0220375
9.3630085
9.146166
9.150418
9.911491
9.584103
9.36726
9.584103
9.805196
9.36726
9.584103
10.345176
10.017787
9.800944
9.911491
9.69465
10.017787
10.234629
9.57985
9.690397
9.800944
9.690397
8.929324
10.6725645
9.57985
9.690397
9.690397
9.57985
9.252461
9.796692
10.995702
9.469303
11.101996
10.124082
10.77886
10.995702
10.45147
10.995702
10.340923
10.340923
10.783112
9.57985
9.57985
10.45147
9.690397
9.3630085
8.818777
9.035619
9.039871
10.345176
9.256713
10.345176
9.57985
8.712482
8.712482
9.690397
9.690397
10.234629
9.907239
9.3630085
8.712482
8.929324
8.601935
9.473556
9.256713
8.929324
8.168251
9.69465
9.150418
9.584103
8.601935
8.712482
8.933577
8.278798
8.385093
9.584103
9.690397
10.017787
9.690397
8.597683
10.45147
10.013535
9.035619
9.690397
9.57985
8.601935
8.274546
8.601935
8.818777
7.5134726
8.606187
9.039871
9.146166
8.8230295
9.256713
9.035619
8.70823
9.035619
9.146166
9.146166
9.035619
8.601935
8.929324
9.146166
9.690397
10.668313
10.340923
9.57985
10.013535
9.690397
8.057704
8.712482
8.606187
9.039871
8.933577
8.061955
9.039871
8.49564
7.951409
8.8230295
8.601935
8.929324
8.712482
8.929324
8.274546
10.6725645
9.039871
9.690397
9.256713
9.473556
9.907239
9.358756
9.473556
8.929324
9.796692
9.907239
9.907239
10.668313
9.252461
10.017787
8.818777
8.385093
10.128334
9.3630085
10.234629
9.690397
9.3630085
9.252461
9.469303
9.57985
9.686145
10.013535
10.557766
9.686145
10.230376
10.230376
10.340923
10.668313
10.013535
9.469303
9.469303
9.57985
10.119829
10.340923
9.796692
9.141914
9.686145
10.124082
8.814526
9.035619
9.57985
9.469303
9.57985
10.668313
9.3630085
9.907239
9.57985
9.256713
9.473556
9.57985
10.128334
10.45147
10.230376
10.447219
10.013535
11.752523
11.204041
11.208292
11.314588
10.774608
10.5535145
11.531429
12.403049
11.314588
11.314588
10.447219
8.925072
8.818777
8.601935
9.800944
9.690397
10.234629
9.57985
9.141914
10.664061
11.641976
12.403049
13.814649
12.181956
11.416631
11.093493
10.766105
11.965114
11.633472
10.982946
11.641976
11.8630705
9.686145
9.796692
8.818777
9.146166
9.035619
9.57985
10.119829
10.009283
10.880902
10.5535145
10.442967
10.442967
9.9029875
10.336672
11.752523
10.770356
10.5535145
11.531429
11.854567
11.310335
12.181956
12.181956
12.071408
11.204041
10.770356
11.097745
10.336672
9.9029875
10.557766
10.991449
11.097745
10.5535145
11.097745
10.987199
12.075661
11.097745
10.659809
11.748272
10.33242
11.641976
12.509345
12.509345
11.965114
10.987199
10.987199
12.836734
12.181956
11.637725
11.854567
12.619891
11.641976
10.226125
10.880902
11.097745
10.770356
11.208292
12.292503
10.880902
10.5535145
10.880902
10.009283
11.425134
11.425134
11.641976
11.097745
11.314588
11.965114
11.7440195
12.721935
12.288251
13.48726
11.850314
12.398798
12.730438
11.204041
11.527178
12.509345
11.416631
12.61564
12.832482
12.177704
11.522925
11.310335
11.965114
11.527178
11.093493
12.292503
12.292503
12.726187
12.505093
12.181956
12.619891
10.766105
10.659809
10.774608
10.774608
10.336672
9.9029875
10.119829
10.340923
10.664061
9.24821
9.031367
9.9029875
10.447219
11.535681
10.336672
11.318839
11.208292
10.880902
11.097745
10.226125
11.752523
10.442967
11.097745
10.115578
10.226125
12.513597
11.641976
11.420882
10.876652
12.075661
10.987199
11.531429
10.119829
10.5535145
11.637725
10.876652
11.858818
10.336672
10.009283
10.664061
8.925072
9.3630085
9.031367
9.796692
10.230376
10.447219
10.880902
9.681894
10.447219
9.575599
9.9029875
9.792441
10.664061
9.681894
10.226125
10.442967
10.987199
11.314588
10.659809
10.442967
11.097745
10.876652
12.840985
11.420882
11.965114
12.075661
11.204041
12.186207
11.420882
11.314588
11.641976
11.204041
10.659809
12.186207
11.420882
11.093493
11.097745
11.535681
10.991449
9.358756
8.925072
10.774608
9.9029875
9.465052
11.318839
11.208292
10.5535145
10.991449
9.9029875
10.664061
10.336672
10.5535145
10.447219
11.858818
11.637725
10.876652
11.314588
11.097745
10.876652
10.115578
11.641976
11.969365
11.641976
10.770356
11.8630705
11.425134
11.204041
11.420882
12.403049
11.310335
12.61564
12.721935
12.071408
12.943029
12.938777
12.505093
13.704102
13.049324
13.266166
13.045072
13.261915
12.717683
13.806146
13.589303
14.133534
14.677766
13.261915
13.368209
13.806146
14.133534
14.567219
13.478756
13.806146
13.806146
13.483009
14.788313
13.69985
13.045072
13.69985
13.69985
13.266166
13.810397
13.916693
13.155619
13.69985
13.916693
12.611388
12.611388
12.938777
13.483009
13.155619
12.832482
13.159871
13.5935545
13.69985
13.69985
12.9345255
14.133534
12.177704
11.95661
11.850314
11.7440195
12.398798
12.721935
11.637725
12.398798
11.854567
11.854567
12.398798
11.527178
10.876652
11.969365
10.987199
11.420882
10.880902
11.204041
10.987199
11.097745
11.425134
11.204041
11.420882
11.420882
12.505093
12.288251
11.854567
11.416631
12.177704
12.505093
13.5935545
13.261915
13.372462
13.810397
13.916693
13.806146
13.261915
13.695599
13.589303
14.022987
13.151368
12.82823
11.633472
11.093493
9.571347
10.447219
8.925072
9.3630085
8.929324
8.38084
7.8366094
7.6197677
7.6240196
7.4029255
8.274546
8.925072
10.336672
11.420882
11.420882
11.199788
13.483009
12.505093
13.376713
12.500841
12.2839985
12.832482
12.82823
12.173452
12.394546
13.810397
13.483009
13.483009
13.266166
12.288251
13.270417
11.854567
11.527178
11.854567
12.181956
11.420882
10.987199
10.876652
12.398798
12.836734
11.960861
12.067157
13.5935545
12.2839985
12.2839985
12.943029
11.306084
10.982946
11.748272
11.7440195
11.850314
13.266166
12.394546
11.412379
13.266166
12.500841
12.500841
12.611388
12.2839985
12.390294
13.045072
12.938777
13.261915
12.607137
12.2839985
12.394546
11.95661
12.505093
12.173452
13.483009
13.155619
12.938777
12.500841
12.500841
13.810397
13.916693
13.045072
13.920944
13.045072
12.717683
12.82823
13.368209
13.368209
13.695599
13.801893
13.801893
14.677766
14.129283
14.673514
14.350377
14.456672
13.257662
14.567219
13.695599
13.585052
14.23983
13.151368
12.9345255
13.372462
13.69985
13.589303
13.589303
12.82823
12.721935
12.288251
12.398798
12.61564
12.394546
13.483009
13.266166
13.266166
12.61564
11.854567
11.854567
11.858818
12.398798
11.527178
11.195537
12.288251
12.288251
12.82823
12.500841
13.483009
12.390294
12.067157
11.960861
11.633472
10.438715
11.420882
11.527178
11.416631
11.416631
10.438715
10.982946
10.005031
10.766105
10.770356
10.5535145
10.774608
9.686145
8.38084
8.159747
10.124082
8.814526
9.686145
9.9029875
9.9029875
10.009283
9.681894
10.770356
10.5535145
10.005031
9.681894
9.792441
10.009283
11.425134
10.221873
10.5535145
10.33242
10.009283
9.681894
9.898736
10.664061
9.137663
8.92082
9.575599
9.57985
8.597683
8.270294
10.340923
9.9029875
8.487137
9.57985
9.907239
9.252461
7.7260633
8.818777
9.252461
8.163999
9.800944
9.9029875
8.814526
9.469303
9.358756
9.141914
8.491387
8.0534525
9.035619
9.469303
9.686145
9.035619
8.597683
9.358756
8.597683
8.38084
9.035619
9.035619
8.70823
9.584103
9.146166
8.385093
8.168251
7.7303147
7.5134726
9.146166
8.385093
8.385093
7.1860833
8.49564
7.4029255
8.601935
8.274546
8.929324
8.601935
8.929324
8.274546
8.057704
8.70823
8.38084
8.163999
9.469303
9.035619
8.818777
9.141914
8.163999
9.473556
8.163999
8.163999
8.274546
9.473556
7.6197677
8.163999
8.385093
8.168251
8.385093
7.840862
8.168251
7.840862
7.7303147
8.601935
7.5134726
7.2966304
6.969241
7.6282716
7.6240196
7.7303147
8.057704
9.796692
8.38084
10.668313
9.575599
10.230376
9.9029875
9.686145
8.925072
8.593431
9.792441
11.097745
11.208292
10.766105
11.748272
11.097745
11.748272
11.858818
11.204041
10.442967
11.752523
11.531429
10.770356
12.075661
11.965114
10.982946
10.987199
10.442967
11.204041
10.336672
10.5535145
10.336672
10.226125
9.2439575
10.664061
10.880902
10.987199
11.093493
11.097745
10.987199
11.637725
11.097745
11.310335
10.655557
11.420882
12.181956
11.089241
11.960861
12.071408
12.832482
12.721935
12.394546
12.505093
12.938777
11.854567
12.288251
10.111326
11.531429
11.527178
10.987199
11.314588
10.982946
10.876652
12.186207
11.637725
11.310335
11.420882
11.420882
11.310335
10.876652
11.199788
11.416631
13.159871
13.483009
13.045072
13.589303
13.806146
12.717683
13.261915
13.045072
13.916693
13.589303
13.151368
13.261915
14.354629
13.69985
12.9345255
13.69985
13.806146
13.589303
13.483009
13.478756
12.82823
13.5935545
14.02724
12.177704
12.832482
12.288251
12.288251
12.61564
12.2839985
12.717683
13.810397
13.916693
12.717683
13.810397
13.261915
13.045072
13.372462
13.916693
13.045072
13.372462
14.02724
13.045072
14.02724
13.372462
14.460924
13.045072
13.69985
13.045072
13.045072
13.916693
13.483009
14.57147
12.394546
11.960861
12.61564
13.270417
12.832482
13.380964
12.181956
12.398798
11.854567
11.527178
10.982946
11.531429
10.659809
11.748272
11.204041
10.226125
11.531429
11.425134
11.531429
11.748272
10.987199
10.664061
10.770356
10.664061
10.442967
10.987199
11.314588
10.664061
10.115578
10.774608
11.752523
10.013535
10.885155
10.447219
9.796692
10.885155
10.226125
10.5535145
11.535681
10.987199
10.447219
11.208292
10.336672
10.774608
9.686145
11.101996
11.208292
10.5535145
12.075661
11.858818
10.987199
11.314588
11.420882
11.7440195
12.288251
13.920944
13.372462
12.067157
13.159871
13.266166
12.611388
13.483009
13.049324
13.266166
12.611388
13.376713
13.810397
13.155619
12.61564
11.637725
11.748272
10.447219
10.124082
10.991449
10.230376
10.557766
10.991449
10.880902
10.880902
11.641976
10.987199
11.858818
13.053576
12.943029
13.376713
13.920944
13.916693
14.133534
13.372462
14.133534
14.567219
15.11145
14.2440815
14.350377
14.57147
14.23983
14.350377
14.677766
13.045072
13.483009
13.045072
13.045072
13.483009
12.721935
12.832482
13.810397
13.045072
12.938777
13.704102
13.810397
13.376713
13.376713
14.02724
12.938777
14.460924
13.589303
13.478756
14.133534
13.151368
14.788313
13.916693
14.354629
15.115701
14.350377
15.332544
14.2440815
13.589303
13.261915
14.460924
14.460924
15.766228
15.655681
15.11145
15.107199
15.761976
15.217746
15.545134
14.677766
15.328293
14.677766
15.332544
14.350377
14.788313
15.766228
15.43884
15.43884
14.460924
14.133534
13.478756
13.806146
14.2440815
14.133534
13.916693
13.589303
14.673514
15.983071
16.089365
15.434587
16.416756
15.761976
15.536632
17.284122
16.739893
16.73564
16.518799
17.60726
16.739893
16.40825
16.625093
16.412502
16.195662
15.978818
15.876775
15.43884
14.350377
15.221997
15.43884
15.217746
15.328293
14.673514
15.545134
14.022987
14.350377
14.2440815
15.332544
14.788313
14.788313
14.567219
15.983071
15.11145
15.000902
15.217746
15.217746
15.43884
14.567219
14.8946085
15.770479
13.806146
13.916693
14.02724
13.916693
14.02724
13.5935545
13.920944
12.505093
12.836734
12.398798
10.766105
10.770356
10.336672
10.009283
11.641976
12.079912
11.641976
12.509345
12.726187
13.48726
13.5935545
12.611388
12.938777
13.810397
13.155619
14.137786
13.372462
13.483009
14.02724
14.677766
14.460924
14.788313
14.460924
13.372462
14.465176
13.916693
13.806146
14.2440815
14.354629
14.8946085
15.549385
15.221997
14.890355
15.107199
16.199913
15.868271
15.655681
16.089365
14.996652
16.416756
14.8946085
14.2440815
13.806146
14.460924
15.005156
15.11145
14.346125
15.000902
14.456672
13.801893
14.57147
15.005156
13.69985
14.133534
13.155619
14.677766
14.456672
15.43884
14.350377
15.11145
14.129283
14.677766
13.806146
14.2440815
14.350377
14.350377
15.115701
13.916693
14.460924
13.806146
12.82823
14.02724
13.810397
12.394546
13.704102
13.159871
13.376713
12.181956
13.053576
12.943029
12.398798
12.288251
12.721935
13.155619
13.261915
13.916693
14.02724
12.938777
12.717683
13.372462
13.69985
13.69985
13.045072
13.483009
12.500841
14.137786
14.02724
13.810397
13.69985
12.500841
13.920944
13.920944
13.159871
12.943029
12.288251
12.938777
12.2839985
13.159871
13.483009
13.478756
13.372462
13.589303
13.261915
13.589303
13.806146
14.23983
15.332544
14.784061
15.324039
15.000902
15.107199
14.673514
14.890355
14.673514
13.695599
15.000902
15.217746
15.655681
15.000902
14.779808
14.890355
14.8946085
14.890355
13.801893
13.585052
14.23983
15.221997
14.784061
15.000902
15.761976
15.217746
15.655681
15.217746
15.000902
15.655681
15.434587
15.217746
15.651429
15.978818
15.651429
15.11145
14.562967
14.350377
14.567219
14.129283
14.456672
14.890355
15.757724
15.761976
16.195662
16.518799
15.213492
16.629345
15.651429
16.629345
15.651429
15.974566
16.523048
15.213492
15.430335
15.978818
15.868271
14.562967
14.456672
15.545134
15.324039
16.191408
17.173576
16.846186
16.846186
17.063028
16.40825
17.386166
18.474628
17.165071
18.470377
18.142988
19.2357
17.386166
17.930397
17.496714
17.279871
16.956734
17.279871
15.864019
16.952482
15.864019
16.629345
16.956734
15.651429
15.102947
15.978818
15.761976
14.673514
15.000902
14.673514
15.761976
15.107199
16.085114
16.73564
16.739893
16.301954
15.868271
17.717808
16.518799
16.191408
16.739893
16.301954
16.73564
16.73564
16.952482
16.297703
17.279871
16.085114
16.846186
17.279871
16.846186
17.500965
16.191408
16.846186
16.846186
16.73564
15.757724
16.73564
16.518799
16.412502
17.06728
15.868271
15.757724
15.868271
15.757724
15.540882
16.306208
15.978818
16.518799
16.40825
15.974566
16.629345
16.085114
16.085114
15.540882
16.191408
16.195662
16.195662
17.063028
16.629345
15.540882
16.085114
16.846186
16.301954
15.430335
15.540882
16.199913
16.089365
15.655681
15.328293
16.306208
15.434587
16.523048
16.301954
15.651429
16.301954
17.06728
15.434587
16.085114
15.324039
16.523048
16.199913
16.412502
15.761976
16.523048
16.518799
16.191408
16.412502
15.651429
15.647177
15.757724
16.412502
16.523048
16.846186
16.416756
15.983071
16.089365
15.651429
16.416756
16.089365
16.089365
16.089365
15.545134
16.416756
14.8946085
14.784061
14.133534
13.810397
14.677766
15.115701
14.02724
14.460924
15.221997
14.460924
14.677766
14.567219
14.89886
13.810397
15.115701
14.133534
14.2440815
14.788313
14.133534
14.022987
15.11145
14.567219
16.527302
16.093616
14.8946085
15.000902
15.115701
14.788313
13.916693
15.336795
14.788313
13.69985
13.69985
15.226248
14.02724
14.354629
13.48726
13.704102
12.181956
12.619891
12.947281
12.836734
11.425134
12.292503
12.071408
11.7440195
13.48726
12.938777
12.177704
12.619891
12.730438
11.420882
11.531429
12.513597
12.836734
12.071408
12.509345
12.403049
12.832482
11.965114
12.947281
11.637725
11.858818
11.535681
11.969365
12.403049
11.531429
11.535681
12.079912
10.447219
10.119829
10.557766
10.336672
10.664061
10.340923
10.013535
8.925072
10.562017
10.668313
9.141914
9.796692
10.995702
11.2125435
11.101996
10.995702
10.124082
10.013535
9.146166
9.146166
9.473556
9.256713
8.8230295
9.039871
8.385093
9.911491
10.45147
8.929324
10.455723
9.146166
9.584103
8.389345
8.499891
8.499891
8.933577
8.499891
9.044123
9.150418
8.606187
8.389345
7.8451138
8.606187
9.584103
8.057704
10.0220375
9.150418
8.49564
9.36726
9.584103
9.690397
9.911491
10.234629
9.800944
10.345176
9.907239
8.929324
9.473556
8.929324
8.929324
9.911491
8.49564
9.039871
8.8230295
8.933577
9.039871
8.929324
9.150418
9.150418
9.477807
9.805196
8.8230295
9.260964
9.36726
8.601935
8.168251
8.712482
9.690397
8.929324
8.278798
9.911491
9.36726
9.800944
10.23888
7.951409
8.057704
8.929324
9.473556
8.818777
9.256713
8.929324
9.256713
9.256713
8.929324
9.690397
8.925072
10.562017
10.124082
9.035619
10.889407
10.45147
9.146166
10.23888
9.473556
9.256713
9.256713
9.907239
9.146166
10.455723
8.8230295
8.8230295
8.712482
9.473556
9.800944
9.690397
10.124082
9.9029875
10.336672
9.575599
9.469303
10.447219
9.252461
9.469303
9.796692
9.469303
9.252461
9.57985
9.796692
8.925072
9.146166
9.3630085
8.70823
9.256713
9.039871
9.252461
8.818777
9.800944
9.690397
9.3630085
8.274546
9.690397
9.035619
10.557766
9.035619
9.907239
9.141914
9.796692
9.252461
9.469303
10.119829
10.557766
10.557766
10.442967
9.792441
11.535681
11.314588
11.204041
10.447219
10.880902
10.119829
9.575599
10.880902
10.336672
10.447219
10.119829
10.5535145
11.097745
9.575599
9.575599
9.575599
8.925072
9.358756
10.013535
8.37659
9.9029875
9.681894
10.226125
10.009283
10.549262
9.788189
10.442967
10.766105
11.420882
11.641976
11.089241
10.328168
11.093493
10.328168
11.195537
11.850314
12.611388
12.177704
11.633472
12.181956
12.836734
11.960861
10.982946
11.310335
11.416631
11.416631
12.288251
11.199788
11.858818
10.766105
10.987199
10.549262
10.659809
10.987199
11.097745
10.442967
11.097745
11.641976
10.115578
10.659809
10.664061
10.880902
10.442967
10.115578
10.336672
10.442967
9.788189
10.442967
11.314588
10.009283
10.226125
9.788189
10.987199
10.659809
10.5535145
10.119829
10.009283
10.770356
10.336672
10.876652
10.664061
10.009283
10.226125
9.681894
9.681894
9.469303
9.575599
10.009283
10.557766
10.880902
10.115578
10.876652
10.987199
10.005031
10.115578
10.876652
10.876652
10.226125
10.33242
9.788189
11.097745
9.571347
10.009283
9.354505
9.898736
9.792441
8.703979
9.031367
8.699726
8.37659
9.796692
9.141914
8.814526
9.146166
7.4029255
7.0755363
8.168251
7.9471564
7.1860833
6.858694
7.840862
6.5313053
6.5355573
6.969241
8.385093
8.385093
7.4029255
8.278798
6.969241
7.2966304
8.49564
7.292379
7.4029255
7.1860833
7.1860833
7.9471564
6.641852
7.5134726
7.2966304
7.079788
6.6461043
6.969241
6.2081685
7.951409
5.991326
6.101873
6.429262
6.539809
5.995578
6.106125
5.8892827
5.5618935
6.433514
5.5618935
5.995578
5.778736
5.995578
5.1239576
6.106125
5.2345047
5.99983
5.995578
6.429262
5.995578
5.8850307
6.7566514
7.4114294
6.9734936
6.6461043
7.6282716
6.318715
6.318715
6.7566514
6.2081685
5.8850307
7.738818
6.6461043
6.3229666
6.7566514
6.7566514
7.0840406
6.8671985
6.6461043
7.0840406
6.429262
6.3229666
6.3229666
6.3229666
6.21242
6.21242
6.7566514
6.21242
7.3008823
6.7566514
6.9734936
5.8892827
6.106125
5.1239576
6.106125
6.6503563
5.995578
6.106125
6.7566514
6.539809
6.760903
5.995578
6.327219
5.5618935
4.583978
5.3493037
4.58823
5.5661454
4.8050723
4.2565894
5.132461
5.3493037
4.8050723
4.58823
4.481935
3.1766307
4.592482
4.043999
4.154546
5.4598503
5.6766925
5.7829876
5.4555984
5.3450513
5.0219145
4.367136
5.5661454
5.7829876
5.99983
6.433514
5.4555984
5.7829876
6.433514
6.21242
6.539809
6.21242
5.668189
6.3229666
6.433514
5.3450513
6.216672
5.5618935
5.3408
5.2387567
5.5661454
5.3450513
4.6945252
4.9113674
5.0176625
5.0176625
5.6724405
5.4555984
5.3493037
5.2387567
5.4555984
4.8008204
5.3450513
6.539809
6.6461043
6.9734936
6.7523994
7.6240196
6.969241
7.840862
8.057704
8.270294
8.491387
7.9471564
7.5134726
8.274546
7.7303147
7.9471564
8.057704
8.601935
7.0755363
6.858694
6.8629465
7.3008823
6.6503563
5.6724405
5.99983
6.2209234
5.132461
4.6945252
6.2209234
5.1282096
4.2565894
4.583978
6.9777446
6.9734936
6.3229666
8.061955
7.7345667
6.7566514
8.278798
6.858694
7.7345667
7.6240196
7.840862
7.4114294
6.87145
5.5618935
5.893534
5.99983
6.216672
5.99983
7.305134
7.1945877
6.433514
6.216672
6.9777446
7.3008823
7.1903353
7.3008823
7.6240196
7.5177245
7.6240196
6.6461043
7.5177245
7.8451138
7.0840406
7.4114294
6.106125
7.1945877
7.738818
5.995578
8.1725025
8.061955
6.21242
7.1945877
6.9734936
7.4114294
6.6461043
7.6240196
8.70823
8.818777
9.3630085
9.146166
8.274546
8.70823
7.6197677
9.035619
9.146166
8.168251
8.49564
7.6240196
7.3008823
6.7566514
7.849365
6.433514
6.106125
6.3229666
6.3229666
7.1945877
6.3229666
7.1945877
6.8629465
7.5177245
8.606187
8.385093
7.951409
8.168251
8.712482
8.818777
8.0534525
8.163999
8.49564
8.929324
7.9471564
8.385093
8.929324
8.818777
9.473556
9.035619
8.601935
9.36726
8.274546
7.079788
7.7345667
7.3008823
6.6503563
6.6503563
6.544061
5.99983
6.110377
6.327219
6.110377
6.216672
5.4555984
5.893534
5.7829876
5.893534
7.74307
6.8671985
7.7345667
9.260964
7.951409
8.601935
8.8230295
9.039871
8.712482
8.712482
9.039871
7.840862
6.8629465
6.6503563
6.760903
6.760903
5.99983
6.327219
6.981997
6.4377656
6.2209234
6.2209234
6.3314705
6.981997
8.176754
8.066207
7.955661
10.23888
9.800944
9.473556
9.256713
9.256713
9.150418
7.305134
6.2209234
6.765155
6.6588597
6.2251754
5.6809444
4.154546
3.6103148
5.6809444
5.7872396
6.0040812
5.6766925
6.875702
6.0040812
5.6724405
5.7829876
6.544061
6.6461043
6.106125
7.738818
6.760903
6.9777446
6.327219
6.2209234
5.7829876
5.4555984
4.371388
4.698777
6.2251754
5.026166
4.9198713
5.8977866
5.8977866
5.7872396
5.4598503
6.2251754
5.4598503
5.6766925
5.893534
6.765155
7.419933
7.74307
6.760903
6.760903
7.305134
7.415681
7.305134
7.309386
6.327219
5.893534
5.893534
5.4598503
7.5304804
6.0040812
5.243008
6.769407
6.114629
4.592482
4.698777
5.030418
4.0482507
5.795743
5.791491
3.8314087
4.5967336
5.140965
5.902038
4.1587977
5.6809444
6.0040812
6.875702
5.6766925
6.6588597
5.99983
5.6766925
7.092544
6.2209234
6.110377
7.092544
7.309386
6.765155
7.092544
7.1988387
6.4377656
7.747322
6.544061
6.327219
7.853617
6.87145
7.305134
7.309386
7.74307
7.309386
6.981997
6.6588597
6.6588597
6.981997
6.654608
8.287301
7.305134
6.544061
6.110377
6.981997
6.87145
7.1988387
6.87145
8.287301
8.393597
7.738818
9.15467
8.1725025
7.6282716
8.82728
9.371511
7.6282716
8.176754
8.716734
8.499891
8.28305
9.150418
7.8451138
8.8230295
10.0220375
9.588354
9.915743
9.371511
9.805196
8.8230295
8.499891
9.805196
9.477807
9.911491
9.584103
9.36726
9.69465
8.712482
9.150418
9.477807
9.36726
8.49564
8.933577
8.606187
7.7345667
8.49564
9.584103
9.256713
9.584103
9.039871
9.256713
10.0220375
9.039871
8.712482
10.23888
9.69465
9.256713
10.234629
9.146166
10.017787
10.234629
10.668313
11.323091
10.664061
10.991449
9.792441
10.230376
10.885155
10.995702
10.230376
11.756775
10.230376
11.8630705
10.442967
11.969365
12.079912
13.053576
12.836734
12.726187
13.053576
13.270417
12.726187
13.704102
13.483009
13.5935545
14.89886
13.155619
13.376713
14.465176
13.5935545
14.137786
14.682017
14.89886
14.460924
14.350377
14.788313
13.69985
14.682017
14.35888
13.814649
12.61564
13.814649
14.35888
14.788313
13.69985
13.69985
12.721935
12.832482
13.920944
13.372462
13.704102
13.69985
14.89886
14.02724
12.82823
13.69985
14.02724
14.57147
14.133534
14.133534
15.328293
15.107199
15.655681
15.43884
15.655681
15.217746
14.784061
15.332544
14.8946085
15.221997
14.133534
14.784061
14.460924
14.784061
14.682017
14.460924
13.69985
14.031491
13.5935545
12.505093
14.354629
15.332544
15.332544
15.766228
14.460924
14.133534
14.02724
13.261915
12.82823
13.483009
13.372462
15.332544
14.02724
14.460924
13.372462
14.57147
13.916693
13.704102
13.69985
13.810397
14.248333
13.5935545
12.943029
12.947281
12.832482
13.814649
12.398798
12.836734
12.288251
12.509345
12.398798
12.509345
11.854567
12.292503
12.61564
11.854567
12.186207
11.420882
12.075661
11.314588
12.513597
11.637725
11.969365
11.965114
11.425134
10.770356
11.748272
12.186207
10.336672
10.991449
10.987199
11.318839
11.641976
11.2125435
10.340923
9.469303
9.035619
9.57985
9.035619
9.256713
8.929324
8.712482
8.929324
10.349427
9.36726
8.385093
9.150418
8.49564
9.473556
10.0220375
9.584103
9.256713
9.256713
8.933577
8.061955
7.6282716
7.5177245
8.49564
8.168251
7.4071774
9.039871
8.712482
8.278798
9.260964
9.044123
8.49564
7.5177245
8.389345
7.6282716
7.4071774
7.4114294
7.955661
8.066207
6.9777446
5.99983
6.544061
6.544061
7.1988387
6.327219
5.6724405
7.415681
6.9777446
6.9777446
7.1988387
6.544061
6.544061
6.6503563
6.87145
6.433514
6.8671985
7.0882916
6.9777446
6.6503563
6.8671985
8.28305
7.3008823
7.3008823
8.389345
7.738818
7.3008823
7.5177245
7.5177245
7.7345667
8.061955
6.3229666
6.760903
6.544061
6.544061
6.87145
6.87145
7.6282716
7.3008823
6.3229666
7.6282716
7.6282716
6.21242
6.9777446
7.955661
7.1903353
8.712482
7.951409
9.256713
9.473556
9.3630085
8.929324
9.146166
9.690397
8.163999
8.929324
9.039871
8.929324
8.491387
8.929324
8.601935
8.712482
8.057704
8.274546
8.49564
8.057704
7.6240196
8.278798
8.606187
8.606187
8.168251
8.606187
7.951409
8.929324
7.4071774
8.385093
8.70823
9.141914
10.562017
9.252461
7.9429054
9.796692
9.9029875
9.465052
10.447219
11.097745
10.659809
10.5535145
10.880902
10.009283
9.681894
9.792441
10.230376
9.575599
9.686145
10.557766
9.252461
8.925072
9.252461
8.925072
7.9471564
9.690397
9.57985
8.929324
8.818777
8.274546
8.601935
8.385093
8.929324
9.3630085
9.3630085
8.925072
8.385093
9.690397
8.818777
8.597683
9.57985
10.119829
9.358756
11.101996
10.230376
10.336672
9.575599
10.009283
10.447219
9.792441
10.336672
10.119829
9.465052
11.101996
10.774608
10.447219
8.70823
9.252461
9.686145
9.3630085
9.907239
10.230376
9.141914
9.469303
10.447219
9.358756
10.230376
10.119829
8.703979
9.141914
10.230376
9.9029875
10.991449
10.336672
10.226125
11.752523
10.119829
10.336672
10.336672
8.814526
10.230376
10.336672
9.575599
9.9029875
9.681894
9.681894
9.796692
8.925072
8.70823
9.039871
9.907239
8.929324
8.057704
8.491387
9.146166
7.5134726
7.840862
7.951409
7.840862
8.274546
8.601935
8.818777
8.057704
8.929324
8.712482
8.712482
9.146166
8.929324
9.146166
8.597683
7.9471564
9.146166
8.274546
8.491387
8.491387
8.057704
8.712482
8.818777
7.1860833
8.49564
8.168251
8.929324
7.5134726
7.079788
7.3008823
7.3008823
6.3229666
6.9777446
6.7566514
6.9734936
7.3008823
7.5177245
6.9734936
8.061955
7.1903353
7.3008823
7.8451138
8.061955
7.9471564
7.7303147
8.929324
8.929324
8.491387
8.8230295
8.601935
8.385093
8.601935
8.712482
8.818777
8.168251
8.929324
6.9734936
8.389345
7.2966304
7.4071774
8.499891
7.3008823
7.5177245
8.066207
6.8671985
6.216672
7.0882916
6.760903
5.5618935
6.327219
6.544061
4.6945252
6.327219
6.6503563
5.4555984
6.106125
6.216672
7.1945877
6.106125
6.106125
6.433514
6.6503563
6.106125
7.6282716
7.1903353
6.539809
7.1945877
6.7566514
6.216672
6.8671985
7.5177245
6.6503563
8.393597
6.8671985
6.6503563
6.6503563
6.7566514
6.433514
6.87145
6.9777446
6.433514
6.760903
6.544061
7.1988387
7.3008823
6.539809
6.8671985
6.8671985
7.0840406
7.0840406
6.6503563
6.21242
6.3229666
7.955661
6.9734936
6.318715
6.539809
7.6282716
6.9734936
7.4114294
7.3008823
7.951409
7.951409
7.4071774
8.49564
8.929324
7.2966304
7.7345667
7.1903353
7.0840406
7.4114294
8.606187
7.5177245
7.5177245
7.5177245
7.0840406
6.539809
7.955661
7.8451138
7.5177245
6.216672
8.28305
7.4071774
6.21242
8.606187
8.061955
8.712482
8.061955
6.21242
6.760903
6.106125
6.6503563
7.738818
7.4071774
8.716734
8.8230295
8.606187
7.1903353
8.499891
7.0840406
6.327219
6.765155
6.327219
7.0882916
7.632523
6.544061
6.760903
6.327219
5.5661454
5.7829876
5.6766925
5.7829876
5.7829876
7.203091
6.0040812
5.4555984
7.0882916
6.9777446
7.955661
8.1725025
7.8451138
8.278798
8.1725025
8.499891
7.0840406
7.849365
7.1945877
7.6282716
8.1725025
8.606187
8.933577
7.1903353
9.044123
8.8230295
7.9599123
7.521976
7.0882916
7.305134
6.216672
6.110377
6.87145
6.327219
7.305134
5.99983
6.760903
6.544061
6.6503563
6.433514
7.092544
5.5661454
5.5661454
5.893534
6.0040812
6.4377656
6.2209234
6.327219
5.893534
6.327219
6.2209234
4.8050723
5.4598503
6.765155
5.132461
5.3493037
6.765155
6.110377
6.2209234
6.765155
4.8050723
7.309386
5.7829876
6.110377
6.765155
6.3314705
5.893534
7.203091
6.0040812
5.5661454
5.5661454
6.4377656
6.544061
6.87145
5.2387567
6.765155
6.4377656
5.99983
6.216672
7.0882916
6.327219
5.7829876
6.2209234
6.5483127
7.0882916
7.738818
7.955661
8.176754
6.9777446
5.7829876
6.875702
6.4377656
6.5483127
6.765155
6.0040812
6.0040812
6.875702
5.6766925
6.114629
6.5483127
6.875702
5.6766925
7.309386
6.2209234
7.1988387
8.610438
8.389345
9.150418
9.800944
9.039871
8.8230295
8.606187
7.5177245
6.981997
5.6766925
5.243008
5.5703974
6.0040812
6.4420176
6.5483127
5.3493037
6.3314705
6.654608
5.8892827
6.6503563
6.433514
8.28305
9.039871
10.0220375
9.150418
8.385093
7.951409
9.584103
8.057704
8.385093
8.712482
8.712482
8.1725025
7.1945877
7.305134
7.0840406
7.1945877
8.82728
8.933577
7.4071774
8.278798
8.061955
6.5355573
7.6282716
7.8451138
7.8451138
7.4071774
8.8230295
9.690397
8.491387
9.141914
10.230376
10.991449
11.535681
11.641976
10.336672
9.690397
8.818777
8.274546
8.712482
8.168251
9.146166
9.473556
8.925072
8.274546
8.274546
9.039871
8.929324
8.057704
9.473556
9.907239
10.013535
10.447219
10.774608
9.788189
11.204041
12.075661
12.726187
11.204041
10.664061
11.425134
10.5535145
10.880902
11.314588
11.854567
10.766105
11.204041
10.770356
11.641976
10.5535145
10.230376
10.774608
11.097745
10.5535145
11.314588
11.535681
11.641976
11.965114
12.186207
11.854567
12.611388
12.938777
14.354629
14.346125
13.589303
13.695599
14.129283
14.129283
15.545134
14.779808
15.430335
15.757724
15.324039
15.324039
13.801893
12.9345255
11.306084
10.766105
9.354505
9.9029875
9.898736
10.876652
10.876652
11.854567
11.7440195
12.181956
13.920944
14.02724
14.133534
13.045072
13.695599
14.567219
14.018736
14.45242
14.886105
14.125031
14.673514
13.045072
11.633472
11.748272
10.664061
9.686145
9.575599
10.013535
9.9029875
10.880902
11.535681
11.641976
11.310335
12.075661
10.770356
10.549262
11.637725
12.288251
13.483009
13.69985
15.005156
14.133534
12.82823
12.394546
12.721935
12.181956
11.093493
10.774608
9.792441
10.005031
12.403049
12.071408
11.637725
10.987199
11.097745
10.442967
10.880902
10.447219
10.009283
10.664061
11.208292
10.876652
11.7440195
12.505093
12.067157
11.416631
11.527178
11.310335
10.987199
10.664061
9.907239
9.141914
8.70823
8.601935
9.686145
9.575599
8.593431
8.270294
9.473556
7.9471564
8.385093
7.840862
8.057704
6.9734936
7.3008823
7.6240196
7.4071774
7.6240196
8.168251
8.168251
8.712482
8.385093
8.057704
8.929324
8.597683
7.4029255
8.712482
8.712482
7.0755363
7.840862
6.8629465
8.712482
6.7523994
7.1903353
8.168251
7.7345667
7.1945877
7.1945877
5.5618935
6.110377
5.2387567
5.3493037
5.2387567
6.0040812
6.2209234
4.8050723
4.915619
4.481935
3.1766307
3.6145666
4.0482507
3.1808825
3.7208617
3.5040195
3.2871776
3.9419558
3.3934724
2.4155574
2.9597883
3.8314087
3.5040195
4.0482507
4.592482
4.265093
4.37564
3.827157
5.5703974
4.915619
5.4598503
4.477683
4.8050723
4.2608414
4.154546
3.9377036
3.3934724
2.7429464
3.0703354
2.8492415
2.7429464
3.0703354
3.1766307
2.198715
3.9419558
3.8314087
3.3977246
3.1766307
3.5040195
3.9377036
4.481935
4.043999
4.8050723
5.1282096
4.8008204
5.2387567
5.3450513
4.6945252
4.8008204
5.5661454
5.0219145
3.933452
5.026166
3.827157
2.9597883
3.5040195
3.5040195
4.0482507
4.154546
4.481935
5.3493037
5.0219145
4.2608414
4.371388
3.2871776
2.09242
3.5082712
3.2871776
2.9597883
4.37564
3.4997678
3.1766307
3.7208617
1.981873
3.5040195
3.8314087
3.3977246
3.2829258
3.9377036
3.7208617
3.6103148
4.371388
3.3934724
3.9377036
3.1723788
4.371388
4.915619
4.8050723
5.132461
5.5661454
5.2387567
5.6766925
5.2387567
4.9113674
5.5661454
5.6724405
5.2387567
5.132461
4.58823
5.5661454
5.5661454
4.2608414
4.915619
4.8050723
4.367136
5.1282096
5.3450513
6.7566514
6.7566514
7.1903353
7.079788
6.429262
6.8629465
7.3008823
7.5177245
7.6197677
7.840862
8.168251
7.7303147
7.6197677
8.385093
8.712482
7.7303147
8.601935
8.929324
8.818777
8.168251
8.385093
8.168251
7.840862
8.606187
7.951409
8.168251
8.606187
7.951409
7.079788
7.7345667
8.278798
8.057704
7.6240196
8.057704
7.1860833
7.7345667
8.057704
7.7303147
8.385093
8.0534525
7.6197677
8.491387
7.7303147
7.7303147
8.163999
8.057704
8.163999
8.0534525
9.252461
9.469303
9.035619
7.9471564
8.057704
7.9471564
7.6197677
8.712482
8.274546
8.385093
8.491387
7.840862
9.3630085
8.601935
8.601935
8.274546
9.035619
8.38084
8.597683
9.575599
9.792441
11.101996
10.124082
10.774608
10.447219
10.124082
9.358756
9.575599
9.24821
9.465052
9.141914
10.557766
10.009283
8.925072
9.686145
9.792441
9.792441
9.575599
9.9029875
9.686145
9.792441
9.035619
9.035619
9.031367
9.469303
8.703979
9.035619
9.358756
9.465052
9.469303
9.792441
9.465052
10.226125
9.898736
10.770356
11.310335
10.5535145
10.876652
10.009283
10.5535145
11.097745
10.442967
11.314588
11.204041
10.770356
10.659809
11.858818
11.748272
12.186207
11.748272
11.858818
11.097745
10.770356
10.659809
11.858818
11.314588
10.770356
10.770356
12.186207
11.858818
10.770356
11.641976
11.425134
10.5535145
10.230376
10.774608
10.664061
9.9029875
9.792441
11.314588
10.226125
11.748272
11.641976
11.641976
10.336672
11.208292
11.318839
10.664061
10.226125
10.336672
11.314588
10.987199
10.774608
10.119829
10.340923
10.340923
10.230376
10.230376
11.318839
11.641976
11.097745
10.115578
10.991449
11.208292
11.208292
11.318839
10.991449
10.447219
11.429386
11.318839
11.097745
10.226125
10.664061
10.774608
10.885155
10.664061
10.340923
11.314588
11.425134
11.858818
11.318839
11.208292
9.898736
10.230376
10.991449
11.535681
10.340923
11.318839
10.995702
10.668313
10.885155
10.234629
9.146166
8.929324
8.929324
8.929324
8.929324
9.69465
9.039871
9.584103
8.929324
9.256713
9.039871
9.260964
8.49564
9.911491
9.911491
9.146166
8.929324
10.455723
9.57985
8.601935
9.150418
9.584103
8.929324
9.039871
9.150418
9.36726
8.49564
9.800944
9.911491
9.473556
8.601935
9.256713
8.274546
8.712482
8.8230295
9.256713
9.36726
8.929324
8.49564
9.473556
8.818777
8.712482
9.69465
7.951409
9.69465
10.23888
9.039871
8.385093
9.69465
9.256713
8.385093
9.805196
9.150418
8.929324
9.584103
9.911491
9.584103
10.23888
9.36726
9.800944
9.039871
9.911491
9.805196
9.256713
8.49564
10.0220375
9.150418
9.256713
10.234629
9.473556
10.6725645
9.907239
8.601935
9.69465
10.455723
9.146166
10.128334
9.800944
8.818777
9.473556
10.999953
9.473556
9.256713
9.150418
9.039871
9.36726
9.035619
9.146166
10.128334
9.911491
8.929324
9.584103
9.911491
8.929324
10.234629
10.017787
11.106249
10.124082
10.234629
11.323091
10.45147
10.885155
11.539933
10.995702
10.230376
11.429386
11.535681
10.119829
10.668313
10.234629
9.57985
10.017787
10.889407
10.557766
10.668313
10.774608
10.557766
11.973618
11.097745
10.336672
11.318839
11.208292
11.318839
10.774608
9.907239
10.557766
10.013535
10.124082
11.429386
11.535681
11.429386
10.668313
10.013535
10.124082
11.2125435
10.668313
9.57985
11.433638
10.995702
9.796692
10.124082
10.124082
9.358756
10.668313
10.234629
9.3630085
10.6725645
9.3630085
9.146166
9.150418
9.039871
9.256713
9.584103
9.584103
10.345176
9.3630085
9.146166
10.234629
8.929324
9.256713
9.69465
9.146166
9.911491
9.69465
8.8230295
9.473556
9.907239
10.6725645
10.889407
9.3630085
8.929324
9.36726
8.712482
8.929324
9.800944
9.039871
9.146166
9.039871
9.150418
9.150418
8.49564
9.039871
9.36726
9.039871
9.477807
8.389345
7.6282716
9.477807
9.911491
9.044123
9.805196
9.36726
8.278798
9.36726
9.256713
9.039871
9.69465
9.256713
8.933577
9.36726
8.49564
8.49564
9.256713
8.49564
8.389345
8.933577
9.150418
8.8230295
8.82728
7.6282716
6.9777446
6.760903
6.7566514
7.0840406
8.499891
8.716734
8.933577
7.738818
7.955661
7.738818
7.521976
7.305134
8.1725025
7.4114294
7.738818
7.8451138
8.1725025
7.305134
9.260964
8.499891
8.1725025
7.849365
8.28305
6.9777446
8.066207
7.4114294
6.760903
8.176754
7.521976
7.632523
8.066207
7.738818
6.544061
7.849365
7.521976
6.9777446
8.066207
8.499891
7.738818
7.9599123
7.0882916
6.760903
7.849365
7.1945877
7.955661
7.955661
8.1725025
8.061955
7.4114294
7.955661
9.15467
7.7345667
7.5177245
8.1725025
8.716734
8.606187
8.389345
8.066207
8.82728
8.499891
7.521976
7.305134
7.0840406
7.1945877
6.8671985
7.4114294
8.1725025
8.720985
7.1945877
6.760903
7.853617
6.654608
5.6724405
6.544061
6.9777446
8.1725025
7.7345667
7.738818
7.8451138
8.28305
7.0840406
6.433514
7.305134
8.28305
7.3008823
8.389345
8.606187
7.8451138
7.4114294
7.8451138
7.6282716
7.4114294
8.499891
7.4114294
7.955661
7.3008823
6.9734936
7.521976
6.544061
6.760903
6.4377656
6.981997
7.305134
6.9777446
6.433514
8.1725025
8.066207
8.061955
7.5177245
8.1725025
8.8230295
8.168251
8.385093
8.49564
8.491387
8.491387
9.035619
8.814526
9.035619
8.818777
8.491387
8.168251
9.035619
8.057704
8.929324
8.70823
8.491387
8.601935
8.163999
7.9471564
9.256713
8.712482
8.057704
8.385093
8.38084
9.035619
9.907239
8.491387
9.57985
8.597683
9.252461
9.469303
9.141914
9.031367
9.796692
11.097745
10.009283
9.792441
10.442967
10.770356
11.420882
10.442967
12.075661
10.766105
11.531429
11.314588
10.442967
11.641976
10.5535145
10.659809
10.336672
10.336672
10.447219
10.774608
9.9029875
9.24821
10.557766
10.442967
10.33242
12.292503
12.938777
12.717683
13.589303
14.890355
13.691346
14.562967
15.328293
14.779808
14.456672
13.585052
12.9345255
12.500841
12.717683
13.372462
12.288251
12.288251
11.854567
12.075661
11.960861
12.071408
13.69985
13.589303
14.133534
14.890355
13.474504
14.669261
14.23983
14.129283
15.000902
13.695599
13.589303
13.69985
13.045072
13.266166
13.483009
12.938777
12.938777
12.82823
12.177704
12.832482
12.509345
12.394546
12.177704
12.505093
13.483009
12.9345255
13.155619
13.045072
13.474504
13.257662
15.000902
14.890355
15.213492
14.129283
13.695599
13.478756
13.266166
12.394546
12.943029
11.854567
11.093493
11.641976
11.097745
10.880902
10.442967
10.549262
11.637725
10.438715
10.876652
10.876652
11.531429
11.637725
11.637725
10.659809
11.527178
10.438715
12.071408
11.199788
12.398798
11.310335
10.549262
11.425134
10.009283
9.686145
8.70823
8.70823
8.057704
8.8230295
8.163999
7.6240196
7.4071774
8.8230295
8.389345
7.4071774
6.6503563
6.429262
7.1945877
6.6461043
5.3450513
6.87145
6.433514
6.216672
5.99983
4.9113674
5.7829876
6.327219
6.6503563
6.3229666
5.5618935
7.8451138
7.5177245
7.0840406
8.49564
7.5177245
6.544061
6.87145
5.893534
5.243008
3.0703354
0.79136735
1.1230083
-0.62023216
0.90616614
0.03454592
-0.18229619
0.7956192
0.25138804
1.0167131
1.3398503
2.3220174
2.534608
4.0482507
5.7829876
5.1239576
7.3008823
6.641852
7.840862
7.3008823
5.7829876
5.24726
2.8577452
2.424061
0.24713624
1.3355986
0.57452524
0.35768318
1.0124613
0.9019143
0.7956192
1.6714911
1.0167131
0.90616614
1.2335552
1.8798298
3.3977246
4.915619
5.6766925
4.9113674
4.8050723
2.7429464
2.09242
3.2914293
2.636651
1.986125
2.7514498
0.7956192
0.361935
0.689324
-0.6159804
-0.071749225
0.14509287
-1.2707585
-0.8328225
-0.8370743
0.5830289
-0.071749225
0.689324
-0.39913827
0.7956192
0.35768318
1.5524408
3.0703354
3.0703354
3.6145666
3.9377036
3.0703354
2.9640403
2.534608
2.640903
1.6629877
2.861997
3.1851342
3.0703354
4.4861865
3.1766307
3.1808825
3.1808825
3.6188183
2.9640403
2.640903
2.640903
5.574649
4.8093243
5.026166
5.243008
5.6766925
4.371388
5.3493037
5.0219145
6.654608
6.87145
7.1945877
7.0840406
7.738818
7.0840406
7.0840406
8.066207
6.8671985
5.778736
7.738818
7.521976
5.995578
5.4555984
6.327219
5.2387567
5.8892827
5.4555984
6.327219
5.4555984
6.216672
5.99983
5.99983
6.87145
6.216672
6.216672
6.106125
6.6503563
6.760903
8.1725025
7.5177245
8.8230295
8.49564
8.168251
8.278798
7.7303147
8.278798
9.039871
7.951409
8.929324
8.929324
8.491387
9.141914
8.818777
8.70823
9.252461
8.70823
8.925072
8.38084
10.340923
10.013535
9.686145
9.575599
10.447219
10.226125
10.447219
9.792441
10.336672
9.9029875
8.70823
8.274546
7.292379
8.601935
8.057704
7.9471564
8.712482
9.039871
7.9471564
8.491387
9.146166
9.035619
8.70823
9.141914
8.597683
9.686145
8.703979
9.792441
10.880902
9.792441
10.991449
10.447219
9.681894
10.991449
10.336672
9.358756
10.336672
9.898736
10.336672
10.447219
9.575599
8.597683
9.473556
9.3630085
8.057704
9.800944
8.929324
8.601935
8.385093
7.5134726
8.057704
8.163999
8.49564
9.035619
8.0534525
8.925072
9.031367
9.358756
10.013535
9.575599
8.925072
8.814526
8.818777
9.358756
9.686145
9.469303
10.336672
10.880902
10.340923
10.340923
9.796692
8.818777
8.929324
9.035619
9.469303
9.796692
8.70823
9.035619
9.358756
9.035619
9.796692
8.925072
9.141914
10.340923
10.013535
10.336672
9.898736
10.447219
11.208292
10.5535145
10.119829
10.557766
11.314588
9.898736
10.664061
10.664061
10.115578
10.447219
10.009283
10.880902
10.664061
9.686145
10.557766
9.24821
9.252461
9.907239
8.925072
9.035619
8.818777
9.146166
8.601935
8.49564
8.712482
9.256713
8.278798
8.712482
9.039871
7.951409
8.168251
9.69465
8.712482
8.49564
9.039871
8.929324
8.168251
9.039871
8.385093
8.278798
8.49564
8.057704
7.6240196
8.499891
8.716734
7.4071774
8.278798
7.5177245
8.933577
8.606187
7.0840406
8.1725025
6.8671985
7.521976
6.8671985
6.9777446
5.99983
6.760903
6.9777446
7.526228
6.87145
7.0882916
5.893534
5.3493037
5.7829876
5.5661454
5.243008
6.981997
6.4377656
5.6766925
6.654608
6.216672
5.893534
6.0040812
5.893534
5.6766925
6.654608
5.893534
5.7829876
6.5483127
6.87145
5.893534
5.99983
7.1988387
5.99983
5.5661454
6.4377656
5.5661454
5.7872396
5.8977866
5.8977866
4.698777
5.136713
4.481935
4.265093
3.2871776
4.698777
5.136713
4.7030287
4.9198713
5.24726
3.7208617
5.6809444
5.026166
4.371388
6.114629
5.3493037
5.4598503
6.2209234
5.893534
5.4598503
5.026166
5.243008
4.8050723
6.4420176
5.893534
6.0040812
7.092544
6.875702
5.0219145
5.7872396
4.1587977
4.592482
4.37564
4.4861865
5.030418
6.008333
4.37564
5.24726
5.464102
4.481935
5.24726
5.243008
5.026166
5.6766925
5.243008
6.0040812
5.6766925
6.110377
6.765155
6.87145
6.433514
6.2209234
7.309386
6.2209234
6.765155
6.110377
5.2387567
6.654608
7.853617
5.6766925
6.544061
5.99983
6.327219
7.203091
7.092544
5.893534
5.8977866
6.875702
5.6766925
5.132461
6.3314705
5.893534
5.6766925
5.5661454
6.110377
5.7829876
5.6766925
6.4377656
6.544061
5.99983
7.1988387
6.981997
6.87145
6.327219
5.4555984
7.305134
6.760903
7.521976
6.6503563
8.066207
6.6503563
7.9599123
8.393597
7.1945877
7.632523
8.499891
7.521976
7.8451138
8.066207
8.393597
6.760903
8.066207
7.1945877
5.7829876
8.287301
7.1945877
5.8892827
6.760903
7.0882916
7.74307
8.720985
6.8671985
8.066207
8.8230295
8.8230295
8.385093
9.36726
9.69465
9.690397
9.36726
8.929324
8.929324
9.473556
9.146166
9.146166
9.57985
9.146166
9.690397
8.601935
9.039871
8.929324
9.146166
8.929324
8.601935
9.584103
9.584103
9.911491
9.800944
9.584103
9.039871
9.911491
8.8230295
8.491387
9.256713
8.712482
9.146166
8.929324
9.256713
9.690397
9.473556
9.907239
10.013535
8.818777
10.45147
10.45147
10.340923
9.690397
10.013535
10.340923
9.907239
9.57985
9.035619
9.035619
9.3630085
9.256713
10.013535
9.035619
8.491387
8.929324
9.584103
9.146166
9.36726
8.385093
9.473556
8.818777
10.017787
9.3630085
10.017787
9.796692
9.469303
10.013535
10.124082
10.557766
11.429386
11.425134
10.5535145
11.208292
11.531429
11.858818
10.876652
10.991449
10.991449
11.2125435
10.340923
10.013535
11.646228
10.664061
10.230376
11.208292
11.425134
10.336672
10.447219
10.880902
11.318839
11.2125435
10.340923
10.230376
10.230376
10.770356
11.535681
11.204041
10.987199
10.770356
11.969365
10.226125
10.885155
10.336672
10.774608
10.340923
10.664061
10.447219
10.991449
10.5535145
10.119829
10.442967
11.101996
10.664061
10.774608
10.557766
9.796692
10.340923
10.562017
10.45147
8.818777
10.017787
9.256713
10.340923
8.601935
8.929324
8.385093
9.69465
9.256713
9.039871
8.70823
8.712482
8.601935
8.818777
9.473556
10.017787
8.818777
9.3630085
9.256713
8.491387
7.7303147
8.274546
8.70823
8.818777
9.57985
10.668313
9.469303
10.234629
9.146166
9.035619
8.929324
9.146166
8.274546
9.039871
8.601935
9.146166
9.690397
9.690397
8.385093
9.039871
8.168251
8.929324
9.150418
8.491387
9.473556
10.345176
8.70823
8.491387
8.818777
8.929324
9.473556
9.473556
8.814526
9.686145
9.796692
10.119829
9.9029875
10.557766
9.358756
9.141914
10.340923
10.013535
10.230376
9.796692
10.124082
9.24821
8.925072
10.230376
9.686145
10.124082
9.9029875
9.358756
9.9029875
9.469303
10.5535145
9.686145
10.880902
10.226125
10.442967
9.358756
10.336672
9.792441
9.681894
9.681894
10.009283
10.987199
11.314588
11.641976
10.770356
10.226125
11.752523
11.858818
11.641976
11.748272
12.186207
11.093493
11.748272
11.425134
11.314588
11.641976
11.425134
11.314588
11.965114
11.425134
12.398798
11.199788
11.637725
11.420882
12.181956
11.204041
10.987199
10.987199
11.204041
11.314588
12.509345
12.505093
11.7440195
12.832482
12.938777
12.2839985
12.726187
12.394546
11.854567
12.943029
12.61564
12.071408
12.288251
13.483009
12.611388
13.372462
12.067157
12.82823
12.721935
11.960861
13.270417
11.854567
11.748272
11.097745
12.075661
11.093493
12.292503
11.420882
12.398798
12.071408
10.766105
12.075661
11.748272
11.204041
10.664061
11.314588
10.009283
10.230376
10.009283
10.987199
11.858818
11.204041
11.858818
11.314588
10.5535145
10.336672
9.792441
10.770356
10.119829
9.898736
10.442967
10.336672
10.230376
10.664061
10.009283
9.9029875
10.340923
10.013535
9.469303
9.358756
10.013535
9.469303
9.3630085
8.491387
9.035619
9.584103
9.146166
7.9471564
8.601935
8.0534525
8.814526
8.274546
8.814526
9.575599
8.38084
9.24821
10.013535
9.141914
8.814526
8.38084
8.925072
8.818777
7.9471564
8.601935
8.601935
7.5134726
8.712482
8.712482
8.057704
7.7345667
7.840862
8.712482
8.274546
8.385093
9.256713
8.8230295
8.168251
8.818777
9.150418
8.385093
8.274546
8.057704
8.601935
8.818777
8.49564
7.6240196
6.6461043
8.066207
6.8671985
7.8451138
7.1945877
7.7345667
9.039871
8.49564
7.951409
9.150418
7.5134726
7.6197677
8.8230295
8.491387
9.146166
8.712482
7.840862
8.601935
9.256713
8.061955
7.8451138
7.1945877
6.7566514
6.21242
7.305134
6.87145
8.1725025
6.8671985
6.8671985
8.610438
7.1903353
6.9734936
7.1903353
7.4071774
8.712482
8.712482
8.385093
8.712482
8.49564
8.057704
7.840862
8.712482
8.385093
8.8230295
7.1903353
8.499891
8.1725025
7.3008823
7.521976
7.8451138
7.3008823
7.951409
6.6461043
7.2966304
8.274546
7.840862
8.712482
7.4071774
6.429262
7.0840406
7.6282716
7.2966304
7.951409
8.385093
8.601935
8.163999
9.035619
8.057704
8.274546
7.5134726
8.491387
8.385093
7.9471564
7.5134726
7.1860833
7.9471564
7.7303147
8.929324
8.274546
8.163999
8.491387
8.385093
8.385093
7.951409
8.385093
8.712482
8.601935
8.274546
7.7345667
8.716734
7.5177245
6.6461043
7.5177245
7.0840406
7.079788
7.1903353
7.840862
9.256713
7.4029255
8.057704
8.491387
9.57985
9.141914
8.925072
9.256713
8.712482
7.7345667
7.8451138
7.3008823
6.5355573
5.995578
6.429262
7.2966304
7.6240196
6.969241
8.389345
8.168251
7.7303147
8.712482
8.712482
8.70823
9.031367
10.226125
9.465052
8.814526
9.796692
8.70823
7.6197677
8.057704
7.951409
6.106125
5.5618935
6.433514
7.3008823
7.8451138
8.389345
7.7345667
8.385093
7.6240196
7.7303147
9.3630085
10.340923
10.447219
10.987199
10.226125
10.119829
10.119829
9.24821
8.703979
8.491387
9.035619
8.38084
8.929324
7.5134726
7.079788
7.738818
7.4114294
6.7566514
6.433514
6.3229666
6.7566514
7.3008823
7.8451138
7.5177245
7.951409
7.7345667
8.057704
6.969241
8.49564
8.49564
8.385093
9.256713
9.146166
7.4029255
8.8230295
6.5355573
6.539809
7.0882916
6.3229666
5.3450513
5.8892827
6.539809
4.690274
6.544061
4.8008204
4.9113674
5.6766925
4.915619
6.110377
5.3493037
5.0219145
5.5661454
4.6945252
5.893534
5.5661454
4.8050723
5.0219145
5.0219145
4.6945252
5.6766925
4.8050723
5.3493037
4.477683
4.58823
4.58823
5.243008
5.7829876
4.477683
5.3493037
5.243008
5.132461
4.8050723
4.8093243
4.0482507
3.6145666
2.9597883
3.1766307
3.8314087
3.7251134
3.1808825
2.09242
3.074587
2.202967
2.424061
2.7514498
2.640903
1.8798298
2.313514
3.1851342
2.530356
1.8755778
3.074587
2.530356
2.0966718
1.5524408
1.5524408
2.424061
1.8798298
1.6629877
1.9903767
1.0082095
2.6451547
2.534608
1.5524408
2.424061
2.7514498
2.313514
3.1851342
2.7514498
2.968292
1.3355986
2.2072186
1.7735345
0.14084108
1.3398503
0.68507224
1.6672394
1.8840815
2.3220174
0.46823013
0.90616614
-0.39913827
0.03454592
1.2335552
0.7956192
1.5609442
0.5787771
2.4283128
0.90616614
0.90616614
1.1230083
1.3398503
1.1187565
1.7735345
3.62307
3.1851342
3.5082712
2.5261042
3.5082712
4.269345
3.7251134
3.7251134
4.0525026
3.7251134
3.2871776
2.747198
3.4019763
3.2914293
2.8577452
3.5125234
3.9462075
2.747198
3.4019763
3.8356605
3.7251134
3.5082712
3.7251134
2.8534935
4.379892
4.269345
3.2871776
3.3977246
4.8093243
5.353555
5.243008
5.3493037
5.6724405
7.0882916
6.760903
6.6503563
7.0882916
6.6503563
7.0840406
7.4114294
7.6282716
7.3008823
7.4114294
7.305134
7.6282716
6.8671985
6.216672
7.0882916
6.433514
7.1988387
6.9777446
6.216672
5.7829876
5.5661454
5.5661454
6.327219
5.6724405
6.216672
7.0882916
8.28305
7.0840406
7.955661
7.8451138
8.385093
7.5177245
8.49564
9.256713
8.8230295
8.8230295
9.256713
9.584103
9.473556
10.557766
10.124082
9.907239
9.252461
9.3630085
9.035619
9.469303
9.796692
9.035619
9.473556
9.473556
8.274546
8.168251
9.039871
9.146166
8.818777
8.929324
8.385093
8.818777
8.385093
9.690397
8.814526
10.013535
9.358756
9.358756
10.226125
10.009283
11.097745
10.226125
11.314588
10.987199
10.115578
11.204041
10.5535145
10.659809
11.527178
11.531429
12.071408
11.199788
12.509345
12.398798
12.071408
12.292503
11.858818
10.659809
11.858818
11.531429
11.748272
11.854567
11.314588
11.531429
11.204041
10.664061
10.557766
9.686145
9.3630085
8.925072
9.031367
9.796692
10.664061
10.770356
9.354505
9.9029875
9.9029875
8.703979
9.796692
10.557766
9.24821
10.885155
11.097745
10.770356
10.5535145
10.447219
10.33242
11.097745
9.358756
9.686145
10.013535
8.814526
10.234629
10.230376
9.469303
9.473556
8.385093
8.49564
9.256713
8.8230295
9.039871
8.057704
8.49564
9.146166
9.146166
10.124082
9.469303
10.991449
9.24821
10.124082
10.447219
10.009283
11.314588
11.425134
12.186207
10.770356
10.442967
10.991449
10.230376
9.792441
10.447219
10.013535
11.2125435
9.358756
10.234629
9.690397
9.3630085
8.929324
9.146166
8.929324
8.929324
9.252461
8.70823
9.473556
8.929324
9.57985
9.256713
10.124082
9.686145
9.796692
10.774608
10.230376
10.557766
10.230376
9.686145
10.885155
10.557766
8.925072
9.584103
9.035619
9.035619
10.017787
9.907239
9.146166
9.690397
9.256713
8.385093
8.49564
8.49564
9.039871
9.039871
7.5134726
8.49564
7.951409
8.712482
9.473556
7.951409
8.061955
7.4071774
7.8451138
9.256713
8.601935
8.385093
8.385093
8.385093
8.168251
7.7303147
8.385093
8.168251
8.385093
9.69465
9.473556
8.818777
9.473556
9.686145
8.925072
10.562017
9.3630085
8.491387
9.36726
9.473556
10.013535
9.796692
10.668313
9.796692
9.690397
9.146166
9.907239
9.584103
8.601935
9.035619
9.907239
9.469303
9.690397
9.469303
9.57985
9.907239
9.035619
8.163999
9.035619
9.035619
10.45147
10.885155
9.469303
10.774608
10.557766
10.991449
10.013535
10.557766
10.885155
9.796692
10.340923
10.230376
10.230376
10.557766
9.796692
9.252461
10.017787
9.57985
9.800944
9.36726
9.256713
9.584103
9.252461
10.128334
9.3630085
8.601935
9.256713
8.712482
9.039871
8.712482
9.039871
8.818777
9.36726
8.929324
8.601935
8.168251
9.039871
8.601935
8.712482
8.601935
8.929324
8.8230295
8.057704
8.49564
8.49564
8.274546
8.8230295
9.039871
8.168251
8.278798
8.389345
8.606187
8.606187
8.49564
7.951409
9.260964
8.278798
8.389345
8.8230295
8.606187
9.911491
8.168251
9.146166
9.69465
9.473556
9.252461
8.712482
8.712482
9.3630085
9.146166
10.017787
9.57985
10.017787
10.45147
9.141914
10.017787
9.469303
8.818777
9.907239
9.800944
8.385093
9.36726
9.256713
8.601935
8.491387
9.584103
9.584103
8.274546
8.601935
7.9471564
8.929324
8.601935
9.57985
9.3630085
8.274546
8.168251
8.929324
8.929324
9.256713
9.035619
10.124082
9.796692
10.995702
10.557766
9.141914
10.340923
10.013535
10.119829
10.336672
9.575599
11.318839
10.770356
9.792441
10.557766
9.681894
10.991449
9.686145
10.340923
9.3630085
10.119829
9.796692
9.9029875
10.009283
10.230376
9.358756
10.774608
9.57985
9.57985
9.252461
9.690397
9.469303
10.991449
10.991449
9.24821
11.208292
11.314588
9.792441
11.208292
10.664061
10.226125
10.5535145
10.880902
10.447219
10.442967
9.465052
11.641976
10.880902
11.101996
11.318839
11.318839
10.664061
10.442967
11.208292
11.314588
10.664061
12.403049
10.770356
10.5535145
10.230376
11.641976
11.531429
12.947281
10.438715
12.181956
12.509345
12.181956
11.965114
11.531429
12.398798
12.509345
12.075661
11.7440195
11.854567
13.270417
12.832482
11.7440195
11.527178
12.509345
11.310335
12.403049
11.858818
12.181956
11.965114
12.071408
12.177704
12.181956
12.836734
12.398798
11.093493
11.748272
10.659809
11.748272
11.314588
11.199788
11.204041
11.097745
10.876652
11.314588
10.009283
10.119829
11.208292
10.770356
10.336672
11.420882
10.438715
10.115578
11.637725
10.766105
10.770356
10.876652
11.093493
10.33242
11.420882
11.093493
11.420882
11.199788
11.748272
10.876652
10.987199
9.788189
10.880902
11.204041
10.33242
10.336672
10.5535145
9.358756
9.9029875
10.119829
10.119829
10.340923
11.208292
9.465052
9.575599
9.141914
9.24821
8.597683
9.469303
8.703979
8.70823
9.3630085
9.141914
10.013535
9.575599
9.686145
9.792441
9.031367
10.447219
9.354505
10.013535
9.575599
9.9029875
10.009283
10.5535145
10.880902
10.226125
10.115578
10.774608
9.9029875
8.925072
8.929324
9.146166
8.818777
8.38084
9.690397
9.039871
7.8366094
8.929324
9.473556
8.491387
8.057704
8.274546
8.712482
9.690397
8.925072
9.57985
10.124082
10.340923
8.597683
9.907239
9.3630085
10.017787
9.252461
8.38084
9.146166
8.601935
7.9471564
9.477807
9.256713
8.057704
7.8451138
8.712482
7.079788
7.079788
7.5177245
7.4071774
7.1903353
6.3229666
7.521976
7.305134
6.106125
6.3229666
6.8671985
7.8451138
7.3008823
6.21242
7.5177245
6.7566514
6.539809
7.305134
6.8671985
5.5618935
5.778736
6.7566514
6.7566514
5.778736
5.451347
5.99983
6.110377
5.99983
5.0219145
5.6766925
6.4377656
5.0219145
4.9113674
6.110377
5.6724405
6.110377
5.7829876
5.6766925
4.477683
6.110377
5.2387567
5.7829876
5.4555984
5.893534
6.433514
6.216672
6.539809
5.5618935
5.8892827
6.9777446
6.8671985
6.318715
8.82728
8.168251
7.1903353
7.8451138
7.3008823
7.3008823
7.8451138
7.951409
8.929324
8.057704
8.168251
7.5177245
7.8451138
7.8451138
6.106125
5.99983
5.2387567
6.765155
6.4377656
5.6724405
6.87145
6.216672
5.7829876
5.6724405
6.654608
6.216672
6.981997
6.87145
7.3008823
6.6461043
8.606187
7.8451138
7.305134
6.760903
5.778736
5.5661454
6.2209234
5.5703974
5.243008
6.4420176
5.893534
5.2387567
6.327219
6.433514
5.2345047
5.99983
6.760903
6.539809
6.9777446
7.521976
6.106125
6.327219
6.981997
5.8892827
6.2209234
6.4377656
6.327219
6.110377
5.6766925
5.4555984
6.110377
5.4555984
7.632523
7.1945877
6.8671985
6.8671985
6.429262
7.951409
7.5177245
7.0840406
8.389345
7.5134726
7.5134726
7.6240196
7.9471564
7.7303147
7.6240196
8.168251
7.951409
7.7345667
7.738818
7.4114294
6.8671985
6.216672
5.7829876
5.3450513
5.5618935
5.8892827
6.539809
6.3229666
5.5618935
5.8892827
6.544061
6.3229666
5.4555984
5.2345047
4.9113674
5.6724405
6.21242
6.429262
7.1903353
7.5134726
8.057704
6.5355573
7.4071774
7.5177245
7.0840406
7.1945877
6.8629465
6.101873
6.8629465
6.7523994
6.641852
7.6240196
7.7345667
7.0840406
6.6503563
6.433514
6.9777446
5.4555984
5.8892827
5.5618935
6.216672
6.327219
5.3493037
6.544061
5.7829876
5.2387567
6.216672
7.1945877
7.5177245
8.385093
7.5134726
8.274546
8.70823
9.141914
9.792441
10.009283
10.33242
10.442967
10.991449
8.814526
8.057704
8.49564
6.2081685
5.8850307
5.778736
6.21242
6.7566514
7.5177245
7.5134726
7.2966304
8.716734
9.36726
8.818777
8.929324
9.9029875
9.898736
11.093493
11.199788
10.54501
11.199788
10.982946
10.115578
8.70823
9.256713
8.278798
6.7566514
6.9777446
7.6282716
7.951409
8.49564
8.929324
7.4029255
7.1860833
7.5134726
7.951409
9.035619
8.163999
8.70823
8.925072
8.487137
8.70823
9.796692
9.035619
8.274546
8.712482
8.601935
7.9471564
8.274546
8.274546
7.6240196
7.7303147
6.6461043
7.1945877
8.1725025
7.1903353
6.9734936
8.057704
7.840862
8.057704
9.146166
9.141914
9.792441
9.681894
9.898736
10.115578
9.575599
9.24821
8.92082
10.447219
10.226125
9.792441
9.9029875
9.252461
9.358756
8.38084
8.270294
8.38084
8.37659
8.92082
9.358756
9.686145
8.38084
7.0755363
8.385093
7.7303147
8.168251
8.168251
7.7303147
7.6197677
9.035619
9.031367
8.487137
8.814526
9.031367
9.035619
9.035619
8.38084
8.818777
8.70823
10.119829
9.358756
9.465052
10.226125
10.442967
10.442967
9.792441
9.792441
10.124082
9.9029875
9.358756
9.686145
9.141914
9.358756
9.796692
9.358756
8.814526
9.907239
9.469303
8.274546
9.796692
8.597683
7.7303147
9.035619
9.252461
8.70823
10.013535
9.465052
9.686145
11.097745
10.226125
10.33242
10.770356
10.226125
10.442967
11.420882
10.876652
11.314588
11.531429
11.093493
11.531429
10.876652
11.858818
12.509345
11.858818
10.876652
10.221873
10.442967
11.204041
11.531429
11.531429
10.876652
10.442967
10.659809
10.880902
11.204041
10.005031
9.792441
10.336672
9.575599
10.226125
10.987199
11.314588
10.659809
11.531429
10.659809
10.442967
10.115578
10.226125
9.681894
10.770356
10.226125
10.009283
9.681894
9.788189
11.314588
10.336672
10.5535145
9.9029875
9.031367
8.814526
9.575599
10.774608
10.009283
8.925072
9.690397
8.491387
9.146166
9.584103
8.385093
8.168251
8.601935
7.7303147
8.929324
7.951409
9.256713
9.256713
8.49564
8.061955
8.712482
8.168251
7.5134726
8.49564
8.491387
8.274546
9.035619
8.818777
8.163999
8.057704
8.49564
8.601935
8.818777
8.712482
8.8230295
9.039871
7.7345667
6.429262
6.8671985
6.433514
6.4377656
6.216672
5.8892827
5.7829876
5.1282096
5.99983
5.3493037
4.8050723
5.3493037
5.893534
5.7829876
4.9113674
5.6724405
6.433514
7.1945877
6.539809
6.760903
6.7566514
6.3229666
5.99983
6.327219
7.4114294
6.21242
7.5177245
7.8451138
8.1725025
7.4071774
6.9777446
6.539809
6.6503563
6.760903
6.106125
6.433514
6.544061
7.0882916
6.216672
6.87145
5.99983
6.216672
6.216672
6.87145
6.433514
6.6503563
7.0840406
7.1945877
7.521976
6.544061
6.6503563
7.305134
8.066207
6.8671985
7.4114294
7.5177245
7.2966304
6.6461043
7.4114294
7.3008823
6.9734936
7.0840406
8.28305
7.0840406
5.778736
7.1945877
6.7566514
7.0840406
7.955661
7.6240196
7.8451138
7.1903353
7.6240196
8.8230295
8.057704
7.7345667
8.168251
7.6240196
7.6282716
9.150418
8.601935
8.601935
8.168251
8.385093
8.057704
8.929324
9.039871
9.800944
9.690397
9.686145
9.686145
9.57985
10.447219
11.531429
11.969365
10.880902
11.531429
11.535681
10.664061
10.336672
11.8630705
10.557766
10.991449
9.358756
10.234629
9.575599
10.447219
10.447219
10.119829
9.686145
9.796692
10.340923
10.124082
9.584103
9.252461
9.469303
10.340923
10.557766
10.336672
10.5535145
11.8630705
11.535681
10.987199
10.5535145
11.314588
12.403049
11.204041
12.619891
11.854567
12.509345
12.619891
11.637725
12.292503
11.314588
11.531429
10.876652
10.880902
10.659809
9.9029875
9.9029875
9.800944
9.57985
9.800944
9.473556
8.601935
10.345176
10.017787
8.70823
9.686145
9.690397
9.690397
8.703979
9.796692
9.9029875
10.230376
9.358756
10.557766
10.119829
10.013535
10.774608
9.792441
10.230376
9.796692
9.252461
8.385093
7.7303147
8.057704
8.929324
9.260964
8.385093
7.951409
9.039871
7.840862
8.49564
8.061955
7.6282716
6.9777446
7.1945877
8.1725025
6.433514
7.6282716
7.5177245
7.8451138
9.044123
8.168251
7.4071774
8.933577
8.606187
8.1725025
8.28305
7.8451138
8.389345
8.168251
7.5177245
8.278798
7.4071774
9.260964
8.385093
8.168251
8.061955
8.8230295
9.039871
8.389345
9.805196
8.49564
7.6240196
9.15467
8.49564
9.150418
8.28305
9.044123
8.1725025
8.610438
8.176754
7.0882916
6.4377656
7.309386
5.893534
6.654608
6.981997
7.526228
7.092544
6.327219
6.654608
6.87145
5.6766925
5.7872396
5.3493037
5.6766925
6.4377656
6.4377656
6.765155
7.419933
5.893534
6.0040812
7.419933
6.981997
6.327219
6.327219
6.4377656
5.3493037
6.2209234
6.986249
6.5483127
5.7872396
5.8977866
6.114629
5.5703974
4.9198713
6.008333
5.026166
4.1587977
4.592482
5.574649
4.1587977
5.24726
5.5703974
6.3314705
5.5703974
5.3493037
7.309386
6.327219
6.981997
6.2209234
7.092544
7.1988387
7.1945877
6.3229666
7.305134
7.1945877
8.066207
7.955661
6.8671985
6.9777446
6.87145
6.87145
6.110377
5.6724405
5.99983
6.4377656
6.875702
5.5661454
5.2387567
5.5661454
6.0040812
5.3493037
7.419933
6.875702
6.327219
6.327219
6.106125
7.521976
7.738818
6.760903
7.738818
8.389345
7.6282716
7.955661
7.4114294
7.8451138
8.28305
8.8230295
8.712482
9.150418
7.4114294
8.499891
7.0840406
7.1945877
7.5177245
8.606187
7.5177245
7.955661
7.7345667
7.7345667
8.606187
7.7345667
7.951409
8.606187
9.039871
8.385093
9.256713
8.712482
8.385093
9.039871
8.601935
8.49564
8.8230295
8.168251
9.69465
9.035619
8.818777
9.146166
8.163999
8.929324
9.800944
8.929324
9.146166
9.800944
9.3630085
9.907239
9.252461
8.274546
9.800944
8.601935
8.601935
8.929324
9.039871
8.929324
8.49564
8.385093
8.929324
9.907239
9.035619
8.385093
9.800944
8.491387
9.690397
9.800944
8.818777
8.601935
9.907239
9.035619
8.70823
9.146166
9.252461
8.814526
9.686145
10.991449
10.5535145
8.92082
9.792441
10.230376
10.664061
10.226125
9.9029875
10.447219
10.009283
9.354505
10.991449
10.226125
9.465052
10.447219
9.358756
9.575599
9.252461
9.035619
9.035619
10.124082
9.469303
10.017787
8.163999
8.601935
9.039871
8.601935
7.7303147
8.491387
8.057704
8.929324
8.925072
7.9471564
8.491387
9.57985
8.70823
8.274546
8.274546
8.49564
7.4029255
8.385093
7.840862
8.168251
7.6240196
8.385093
8.712482
8.38084
8.929324
8.278798
7.6282716
8.061955
7.1903353
6.8629465
6.969241
7.5177245
7.6240196
7.1903353
7.7345667
7.5177245
7.079788
7.6240196
6.7566514
6.8671985
7.4071774
6.8629465
9.039871
7.840862
8.163999
8.057704
8.057704
8.49564
8.168251
8.601935
8.274546
8.601935
8.385093
8.385093
7.6197677
8.929324
7.9471564
8.163999
7.7303147
8.49564
8.601935
8.168251
8.168251
7.8366094
7.7303147
8.385093
8.385093
7.6240196
7.5134726
7.840862
8.057704
7.5134726
7.2966304
7.1860833
7.1903353
6.8629465
6.8629465
7.6240196
7.6282716
8.712482
7.840862
7.1860833
8.929324
8.818777
7.4029255
7.9471564
8.057704
9.039871
8.385093
8.385093
8.929324
8.491387
8.163999
8.385093
7.079788
7.951409
8.278798
6.7566514
6.9734936
7.4114294
6.9734936
5.995578
6.8671985
6.106125
7.738818
7.3008823
7.4071774
6.7523994
7.840862
7.7303147
7.6197677
8.385093
7.1860833
7.840862
6.969241
7.7345667
7.840862
7.079788
8.057704
6.7523994
7.4029255
7.7303147
7.5134726
7.6197677
7.7345667
7.4071774
6.318715
7.1903353
7.951409
7.6240196
6.7523994
8.385093
8.057704
8.057704
6.5355573
6.7566514
6.2081685
6.7566514
7.079788
7.1903353
6.7523994
7.6282716
7.079788
6.858694
7.7345667
8.601935
8.385093
7.5134726
8.061955
7.840862
7.5134726
7.6240196
7.292379
7.0755363
8.274546
8.0534525
7.8366094
8.274546
8.601935
7.5134726
8.168251
6.8629465
7.5177245
6.6461043
7.5177245
6.5355573
6.6461043
5.668189
5.778736
6.6503563
5.668189
5.4555984
5.2345047
6.106125
6.433514
6.5355573
6.8671985
6.8629465
6.969241
7.5134726
6.5355573
6.5355573
7.1860833
8.057704
8.49564
7.4029255
7.6240196
7.1903353
7.1903353
6.539809
7.415681
5.8892827
6.760903
5.7829876
6.110377
6.544061
6.433514
5.4555984
6.2209234
5.5661454
5.778736
6.433514
7.3008823
7.079788
6.101873
6.7566514
6.21242
6.760903
4.583978
4.6945252
4.2608414
3.7208617
3.8314087
2.419809
4.4861865
4.1587977
4.37564
4.592482
5.026166
4.477683
4.8008204
5.8892827
6.429262
6.9734936
6.9734936
7.5177245
6.3229666
6.3229666
6.8671985
6.539809
6.9777446
6.433514
5.99983
5.5661454
5.132461
5.5703974
4.265093
3.7208617
4.4861865
2.636651
1.3313468
2.9640403
2.7429464
4.0482507
5.4598503
5.3493037
5.0219145
5.5703974
3.933452
4.367136
5.2387567
4.6945252
5.2387567
5.7829876
4.150294
4.043999
4.915619
5.0219145
4.265093
4.1587977
2.8534935
3.074587
3.2914293
2.419809
2.530356
1.5481889
1.2250515
2.202967
3.1808825
2.5261042
2.202967
1.6587358
1.8798298
2.640903
2.530356
1.6629877
1.3313468
1.6587358
2.9640403
2.7429464
2.8534935
3.0703354
2.198715
1.981873
3.6188183
2.5261042
2.202967
2.9640403
2.198715
3.2871776
4.8093243
4.154546
3.827157
4.58823
4.2608414
5.4598503
4.915619
2.9555366
2.6323993
4.4861865
3.5040195
3.1808825
3.2914293
3.1808825
2.3092623
3.1808825
2.4155574
1.9776213
3.3977246
3.3934724
3.6103148
3.6103148
3.4997678
5.3493037
6.4377656
4.8050723
5.4598503
5.8977866
4.265093
3.1766307
3.0703354
2.202967
1.2207998
1.6587358
0.026042312
0.35768318
0.79136735
1.3355986
1.4461455
1.5524408
2.202967
4.1587977
4.481935
5.1282096
6.8671985
6.969241
7.7303147
7.7303147
7.1903353
6.8671985
5.778736
5.4555984
5.3493037
4.481935
3.1766307
4.4861865
3.8314087
2.6323993
4.58823
4.8050723
4.9113674
4.9113674
5.3450513
5.2345047
6.21242
6.7566514
7.6240196
7.2966304
7.840862
7.1860833
8.274546
8.057704
8.38084
7.6197677
7.7303147
8.163999
7.1860833
7.840862
7.4029255
6.101873
6.6461043
6.8629465
7.1903353
7.7345667
7.2966304
7.7345667
6.5355573
7.2966304
7.079788
8.385093
7.9429054
8.92082
8.814526
9.898736
8.593431
9.575599
10.009283
9.9029875
9.141914
10.009283
9.031367
9.031367
8.92082
10.009283
9.898736
9.027116
9.24821
8.703979
9.141914
8.597683
8.159747
8.38084
8.597683
8.0534525
8.601935
9.035619
8.38084
8.270294
8.163999
7.8366094
9.035619
8.70823
9.575599
9.796692
9.796692
8.597683
9.690397
8.597683
7.9471564
8.057704
8.38084
8.38084
8.163999
8.703979
8.159747
9.57985
8.0534525
8.0534525
8.270294
7.9429054
8.38084
9.146166
7.9429054
8.0534525
8.274546
7.509221
8.163999
7.8366094
8.38084
7.9471564
9.252461
8.814526
7.398674
7.9471564
7.292379
7.840862
7.7303147
6.858694
6.96499
9.146166
9.031367
9.469303
8.159747
8.92082
8.270294
9.358756
9.031367
8.38084
9.031367
9.358756
8.70823
8.597683
8.70823
7.8366094
7.509221
7.840862
7.4029255
7.6197677
7.840862
7.7303147
6.7523994
7.4071774
6.5355573
5.778736
6.6503563
6.6503563
5.2345047
6.21242
7.3008823
5.0134106
6.106125
6.9734936
5.668189
6.6503563
5.778736
6.21242
6.9777446
6.8629465
6.429262
8.278798
6.969241
5.991326
6.5355573
7.2966304
6.8629465
6.5355573
7.079788
6.969241
6.8629465
6.9734936
6.5355573
6.4250107
7.6240196
6.6461043
7.1903353
6.5355573
7.079788
6.9734936
7.079788
6.8629465
5.8850307
6.21242
4.4734316
4.579726
5.1239576
6.6503563
6.8671985
6.6461043
6.5355573
6.969241
6.7523994
7.0755363
7.951409
7.7303147
7.9471564
7.951409
8.168251
7.292379
8.057704
7.6197677
8.38084
8.601935
8.491387
8.0534525
8.70823
9.031367
9.469303
8.38084
8.925072
8.163999
8.274546
8.38084
8.274546
9.035619
9.146166
7.8366094
9.796692
9.575599
9.796692
10.009283
9.137663
9.571347
11.204041
10.987199
10.226125
10.33242
11.310335
11.310335
11.420882
11.306084
11.960861
11.199788
11.306084
12.071408
11.965114
10.978694
11.748272
10.872399
11.965114
11.306084
11.522925
12.177704
12.82823
12.394546
11.527178
10.872399
11.965114
11.637725
11.204041
11.199788
10.33242
11.310335
10.328168
10.982946
10.982946
11.854567
10.982946
11.637725
11.633472
12.067157
12.505093
11.95661
12.505093
12.2839985
12.721935
12.607137
12.607137
14.2440815
12.9345255
13.261915
13.806146
13.372462
13.483009
12.505093
12.938777
11.7440195
12.505093
12.394546
11.7440195
10.54501
10.766105
11.854567
10.655557
10.221873
10.33242
9.681894
10.991449
10.770356
9.465052
9.571347
10.659809
10.659809
11.199788
11.204041
10.766105
10.33242
11.752523
11.637725
10.770356
12.075661
11.420882
11.858818
10.876652
11.204041
11.093493
10.549262
10.5535145
10.33242
10.770356
11.101996
9.792441
8.814526
10.013535
9.252461
8.712482
7.7303147
8.385093
8.057704
7.7303147
7.6240196
8.601935
7.7345667
8.278798
7.5177245
7.8451138
7.8451138
6.8629465
7.7345667
7.5177245
7.6240196
7.2966304
8.057704
8.49564
8.8230295
7.0755363
7.6240196
7.7345667
7.6282716
7.079788
7.3008823
7.0840406
7.6282716
5.995578
6.760903
6.9777446
6.981997
6.110377
6.765155
6.3314705
6.0040812
6.5483127
5.4598503
5.6766925
5.3493037
5.132461
5.132461
4.6945252
5.6766925
4.6945252
4.58823
6.114629
5.132461
5.132461
5.6766925
5.5661454
4.915619
6.0040812
5.5661454
4.58823
6.2209234
5.3493037
6.2209234
6.2209234
5.4598503
4.58823
5.243008
5.5703974
5.026166
5.24726
5.136713
3.6145666
4.154546
5.5703974
4.481935
3.7208617
5.030418
4.5967336
4.1630497
3.8356605
3.7293656
2.9640403
4.1630497
3.1808825
4.4861865
5.136713
5.136713
4.9198713
4.8093243
4.8135757
5.030418
4.0482507
3.5040195
4.8093243
4.371388
5.4598503
5.243008
4.915619
5.8977866
5.6809444
4.0482507
4.1587977
4.8093243
4.0482507
4.592482
5.464102
3.7208617
5.574649
4.269345
3.9419558
3.8356605
4.490439
4.0525026
3.1808825
3.7251134
4.269345
3.8314087
4.269345
4.0525026
5.030418
4.7030287
4.265093
5.464102
6.0040812
5.893534
6.4377656
6.654608
6.110377
5.6766925
6.5483127
5.4555984
5.2387567
6.981997
7.305134
7.955661
7.8451138
7.738818
7.738818
7.8451138
6.433514
6.87145
8.504144
7.1945877
6.539809
7.4114294
7.1945877
6.539809
6.8671985
7.955661
7.4114294
7.4114294
7.6282716
7.1945877
7.0840406
7.3008823
6.5355573
7.3008823
8.1725025
8.606187
8.168251
7.079788
7.7345667
8.929324
8.385093
9.141914
8.70823
9.473556
10.45147
9.146166
10.340923
10.234629
10.124082
10.557766
9.686145
10.230376
10.774608
10.447219
10.124082
9.252461
9.035619
10.230376
9.031367
9.57985
10.230376
10.885155
9.575599
9.141914
10.017787
9.9029875
10.5535145
10.557766
9.9029875
10.230376
10.991449
10.336672
10.664061
12.186207
10.876652
9.898736
10.664061
10.336672
10.770356
11.531429
9.575599
9.792441
10.557766
10.880902
10.880902
11.425134
12.509345
10.770356
11.752523
10.991449
10.119829
10.557766
9.035619
8.818777
9.57985
10.45147
10.557766
10.774608
10.119829
9.907239
9.469303
8.70823
8.8230295
8.925072
9.252461
10.885155
10.124082
9.686145
10.991449
9.252461
9.57985
10.557766
9.575599
9.681894
11.318839
10.5535145
10.336672
10.447219
10.880902
9.9029875
9.575599
9.57985
9.141914
10.340923
10.668313
9.3630085
10.124082
8.929324
9.584103
8.601935
8.929324
8.601935
8.70823
9.035619
10.345176
8.70823
9.146166
9.039871
8.818777
9.256713
8.385093
8.818777
8.385093
9.800944
8.385093
8.168251
8.8230295
8.712482
7.9471564
9.039871
8.601935
7.840862
8.49564
7.951409
7.4071774
7.8451138
8.929324
8.49564
8.278798
7.0840406
6.8671985
7.0840406
6.544061
6.433514
5.6724405
5.3493037
6.4377656
5.0219145
6.2209234
5.132461
7.092544
6.110377
5.5661454
6.981997
5.5661454
5.2387567
5.0219145
5.5661454
5.8892827
7.0882916
6.9777446
6.8671985
6.6503563
7.305134
6.760903
7.0840406
6.3229666
8.066207
7.1903353
7.7345667
8.389345
7.2966304
7.1903353
7.4114294
7.5177245
7.5177245
7.955661
8.278798
7.840862
8.061955
7.7345667
6.7566514
7.0840406
7.0840406
7.5177245
8.278798
8.168251
8.49564
8.491387
8.057704
8.274546
7.5134726
7.7345667
8.49564
7.5134726
9.146166
9.3630085
10.124082
9.9029875
10.230376
9.575599
10.340923
9.9029875
10.124082
9.690397
9.907239
9.252461
9.57985
10.885155
8.925072
10.345176
8.38084
7.9471564
8.712482
8.274546
8.712482
8.712482
8.057704
9.36726
8.8230295
8.274546
7.079788
8.061955
7.951409
8.49564
8.929324
9.141914
9.141914
9.9029875
10.336672
9.469303
10.774608
9.575599
9.469303
10.013535
10.336672
9.465052
10.991449
10.880902
10.664061
9.9029875
10.119829
10.234629
10.340923
10.885155
9.252461
9.3630085
10.124082
9.800944
10.45147
10.447219
9.792441
10.119829
9.9029875
10.013535
9.686145
10.009283
10.664061
10.991449
10.770356
11.425134
11.097745
11.531429
11.969365
10.987199
11.314588
11.425134
11.208292
11.425134
11.531429
11.752523
11.641976
10.119829
11.318839
11.208292
9.686145
10.991449
11.208292
9.686145
10.013535
9.358756
9.3630085
10.6725645
9.3630085
8.929324
10.128334
10.017787
9.035619
9.256713
9.690397
9.146166
9.690397
9.146166
9.146166
8.385093
9.039871
8.818777
8.385093
9.473556
8.385093
9.473556
8.925072
9.146166
8.925072
9.256713
8.385093
9.039871
8.929324
8.601935
8.606187
9.150418
8.929324
8.606187
8.49564
7.3008823
7.4114294
7.3008823
6.8671985
7.305134
6.3229666
6.87145
7.632523
7.849365
7.738818
6.760903
8.176754
7.4114294
8.061955
9.039871
8.929324
8.601935
9.256713
9.907239
9.690397
9.035619
9.3630085
9.469303
9.035619
10.234629
9.796692
9.035619
10.345176
8.385093
8.8230295
8.168251
8.385093
8.8230295
9.150418
9.477807
8.712482
7.951409
9.039871
9.584103
9.256713
9.141914
10.017787
9.469303
10.230376
9.792441
9.792441
10.119829
10.557766
9.141914
9.3630085
8.49564
7.951409
6.6503563
6.87145
6.4377656
7.309386
8.499891
8.278798
8.712482
8.385093
9.039871
9.473556
9.358756
10.668313
10.119829
11.646228
10.119829
9.686145
10.017787
10.668313
10.45147
10.017787
10.017787
8.712482
7.951409
7.6240196
8.061955
8.385093
8.385093
7.951409
9.146166
7.951409
8.933577
8.606187
8.168251
9.035619
9.575599
9.24821
11.208292
10.226125
10.119829
10.876652
10.664061
10.664061
10.885155
9.252461
9.796692
8.818777
7.9471564
8.712482
8.712482
9.039871
8.385093
8.168251
8.278798
8.274546
8.385093
8.168251
7.6197677
8.49564
8.606187
9.690397
9.584103
9.800944
9.911491
10.013535
9.57985
10.124082
9.358756
9.252461
9.686145
10.340923
9.9029875
9.907239
9.146166
9.035619
9.035619
8.818777
9.686145
9.141914
9.575599
9.465052
10.230376
10.447219
10.340923
10.668313
10.230376
10.668313
9.252461
9.57985
9.256713
8.057704
8.601935
7.4071774
7.6240196
9.146166
8.49564
9.039871
8.925072
9.792441
10.770356
12.071408
13.053576
11.748272
11.420882
11.969365
12.292503
12.398798
13.159871
12.61564
10.766105
10.991449
9.469303
7.7303147
8.061955
7.5177245
6.539809
6.9777446
7.0840406
6.7566514
8.061955
8.163999
11.097745
14.252585
12.82823
12.82823
13.483009
12.82823
12.500841
13.155619
12.717683
12.721935
11.093493
11.097745
10.340923
9.57985
9.473556
8.929324
8.385093
7.1903353
9.477807
8.168251
9.3630085
9.3630085
10.119829
11.858818
11.637725
11.854567
11.960861
13.704102
13.159871
12.82823
12.177704
12.398798
12.61564
12.071408
11.748272
11.748272
12.181956
12.509345
10.982946
11.7440195
11.637725
11.314588
10.009283
9.035619
9.690397
9.690397
11.318839
10.770356
12.943029
12.721935
13.372462
13.266166
12.394546
12.2839985
12.726187
13.159871
12.832482
14.031491
13.5935545
12.394546
12.505093
12.943029
12.505093
12.394546
13.920944
13.920944
13.376713
13.266166
13.376713
12.832482
11.960861
12.61564
11.204041
10.987199
11.854567
10.659809
12.292503
12.071408
11.965114
12.509345
11.093493
10.005031
10.5535145
10.876652
11.420882
11.965114
10.982946
11.310335
11.858818
10.549262
10.115578
11.531429
10.226125
12.075661
11.527178
12.071408
11.531429
11.965114
11.527178
11.420882
11.420882
11.314588
10.226125
10.5535145
10.5535145
10.226125
10.119829
11.535681
11.531429
10.442967
11.965114
11.097745
9.24821
9.686145
9.031367
9.252461
8.163999
9.3630085
9.3630085
9.796692
8.70823
10.340923
10.119829
9.141914
9.358756
9.469303
9.690397
9.031367
8.814526
9.796692
10.885155
10.5535145
10.009283
10.880902
10.664061
11.097745
9.686145
9.907239
8.925072
8.270294
9.3630085
9.792441
9.575599
10.013535
9.9029875
9.141914
9.907239
8.925072
8.601935
8.385093
9.039871
8.057704
8.925072
9.907239
9.9029875
10.336672
10.447219
10.557766
10.230376
8.925072
8.601935
10.566269
9.3630085
8.274546
8.491387
8.929324
8.491387
9.57985
9.252461
10.991449
10.336672
10.664061
9.9029875
9.252461
9.686145
8.274546
8.601935
9.36726
8.49564
8.057704
8.385093
8.929324
8.929324
8.385093
8.168251
9.584103
7.840862
6.9734936
8.606187
8.168251
7.7303147
8.168251
8.929324
8.70823
8.38084
8.274546
9.039871
7.840862
9.039871
8.8230295
9.57985
9.358756
9.796692
9.358756
9.9029875
9.469303
10.230376
8.925072
8.491387
7.9471564
8.712482
8.601935
8.8230295
9.256713
8.8230295
7.7303147
9.69465
8.818777
7.840862
7.840862
7.6240196
6.7523994
8.606187
8.061955
8.168251
8.278798
8.929324
8.929324
9.473556
7.6197677
8.601935
8.168251
8.8230295
7.840862
8.385093
8.168251
7.5134726
8.061955
8.168251
7.6240196
9.039871
7.951409
8.712482
9.260964
8.385093
8.8230295
7.5177245
8.389345
7.738818
6.7566514
6.8671985
7.0882916
6.760903
6.433514
6.216672
5.6724405
7.0882916
6.760903
6.544061
6.760903
5.7829876
5.3450513
6.216672
5.8892827
5.6724405
6.9777446
6.21242
6.216672
6.327219
6.106125
5.1282096
6.654608
5.99983
5.99983
5.4555984
6.544061
5.0176625
6.110377
5.3450513
4.9113674
6.654608
4.6945252
5.0219145
5.6766925
5.0219145
4.477683
5.4598503
4.8050723
4.58823
4.915619
4.698777
4.371388
4.150294
4.8050723
4.039747
6.110377
4.9113674
5.6724405
5.5661454
5.5618935
5.3450513
5.778736
7.3008823
6.21242
6.21242
7.1903353
6.8629465
6.101873
6.101873
5.995578
6.3229666
7.6282716
5.778736
5.778736
6.106125
6.8671985
7.738818
5.8892827
5.7829876
5.2387567
5.4555984
5.3450513
4.9113674
5.4555984
5.5661454
6.110377
5.6766925
4.6945252
5.2387567
5.3493037
5.3493037
5.2387567
5.1282096
5.5618935
5.8892827
5.99983
6.216672
5.6724405
5.7829876
5.8892827
5.3450513
5.7829876
5.1282096
5.7829876
5.7829876
5.132461
6.110377
5.4555984
5.893534
4.8008204
5.7829876
5.7829876
4.039747
5.0219145
4.58823
5.3493037
3.827157
5.4598503
5.2387567
5.0219145
5.3493037
4.6945252
4.9113674
5.3493037
4.9113674
4.2565894
5.1282096
3.8229048
5.5661454
5.3493037
4.583978
4.583978
5.5661454
5.2387567
4.367136
5.4555984
5.2387567
5.4555984
5.2387567
4.6945252
5.5661454
4.477683
3.4997678
3.606063
2.4113054
3.827157
3.4997678
3.1723788
4.915619
2.7386947
2.6323993
3.2871776
1.981873
2.7429464
3.1808825
3.1766307
2.1944633
3.9377036
3.2829258
3.4997678
4.58823
3.933452
4.2608414
3.606063
3.4997678
4.150294
4.477683
4.8050723
4.367136
4.367136
4.583978
5.2387567
5.2387567
3.495516
4.477683
3.606063
4.371388
3.2829258
4.698777
4.58823
3.0660834
3.9377036
2.5218525
1.654484
3.7251134
2.7429464
1.6587358
2.419809
2.636651
1.4418937
2.5261042
2.09242
2.09242
2.3092623
2.419809
2.4155574
1.7607793
0.88915896
2.9597883
2.198715
2.5261042
3.6145666
2.9640403
1.981873
1.5481889
2.747198
2.747198
1.765031
1.8755778
2.09242
2.198715
2.198715
1.1102529
2.636651
2.09242
0.5702735
0.5702735
1.7692827
0.8976625
2.202967
0.8934108
1.654484
1.4376419
2.7429464
2.09242
2.5261042
2.09242
2.09242
2.419809
2.09242
1.654484
2.4155574
2.9597883
2.5176005
4.58823
3.933452
3.71661
2.9555366
3.6103148
3.6103148
3.2829258
3.1723788
4.8050723
4.477683
3.933452
3.71661
3.606063
3.933452
3.278674
4.2608414
3.6103148
2.9555366
3.1766307
3.3934724
3.2829258
4.2608414
2.8449898
3.0618317
4.367136
4.583978
4.583978
5.6724405
4.583978
5.1282096
4.367136
4.3628845
5.1282096
4.690274
5.3408
5.3408
6.3229666
6.6461043
5.991326
6.5355573
7.3008823
5.336548
4.902864
6.21242
5.3408
5.8850307
7.1903353
5.8807793
6.318715
6.6461043
6.203916
5.3408
6.7566514
6.539809
6.101873
5.778736
5.995578
5.778736
6.7566514
5.557642
7.079788
7.1860833
5.8807793
6.0976214
6.7523994
6.7523994
5.991326
6.5355573
7.951409
7.840862
7.0755363
7.5134726
7.8366094
6.637601
7.9471564
7.509221
6.854443
7.9471564
8.0534525
7.9429054
8.70823
9.575599
8.703979
8.814526
9.469303
9.141914
7.8366094
8.487137
8.703979
8.814526
8.37659
8.814526
9.792441
9.24821
9.358756
9.24821
9.031367
9.141914
9.031367
8.810273
8.92082
10.119829
9.354505
8.159747
8.814526
9.792441
8.703979
9.24821
9.681894
9.465052
9.575599
8.593431
8.814526
8.814526
7.7260633
8.38084
7.4029255
7.6197677
7.0755363
7.9471564
7.509221
7.6197677
8.818777
8.491387
7.1860833
6.969241
8.168251
6.101873
7.1903353
7.1903353
7.5134726
7.5134726
7.6240196
7.7303147
6.858694
7.951409
6.6461043
6.101873
6.9734936
7.1903353
7.079788
7.079788
7.9471564
7.5134726
5.991326
7.6240196
7.7345667
6.6461043
6.9734936
7.6240196
5.8850307
5.8850307
5.3450513
4.583978
5.2387567
4.8050723
4.039747
5.4555984
4.477683
4.039747
4.583978
4.477683
3.71661
4.6945252
3.827157
5.136713
4.371388
3.0660834
3.933452
3.7123582
4.583978
5.1282096
4.583978
4.150294
5.4555984
5.7829876
4.9113674
4.8050723
5.2387567
4.583978
6.544061
6.433514
5.6724405
6.216672
5.778736
5.1282096
5.99983
4.583978
5.2387567
5.2387567
5.1282096
5.0176625
5.7829876
5.5661454
4.9113674
5.7829876
4.150294
4.6945252
5.893534
5.4555984
4.8050723
4.039747
4.9113674
4.8008204
5.4555984
5.3493037
4.6945252
5.3493037
5.1282096
4.2565894
5.7829876
4.9113674
5.2387567
6.0040812
4.9113674
5.1282096
6.4377656
5.2387567
4.58823
5.132461
3.8229048
5.3493037
5.893534
4.477683
6.0040812
4.583978
5.5661454
5.4555984
5.2387567
4.58823
5.6766925
5.7829876
6.4377656
5.893534
5.2387567
6.3314705
6.110377
4.9113674
5.893534
4.9113674
5.0219145
5.4598503
6.327219
5.4555984
4.367136
5.6724405
5.6724405
5.7829876
6.544061
5.6724405
5.99983
5.6724405
6.106125
5.995578
5.8892827
8.176754
6.21242
6.9777446
7.0840406
7.738818
6.9777446
6.6503563
6.7566514
5.5618935
6.539809
6.8671985
6.6503563
7.521976
6.3229666
6.106125
7.9599123
6.3229666
6.6503563
6.87145
6.539809
6.9734936
8.712482
8.929324
8.274546
8.8230295
9.146166
8.925072
9.031367
9.9029875
9.575599
11.097745
10.549262
11.204041
11.093493
10.770356
10.880902
10.226125
11.208292
11.101996
10.336672
10.664061
9.9029875
10.119829
9.686145
10.230376
9.465052
10.230376
9.792441
9.575599
9.686145
9.469303
9.469303
8.70823
9.469303
9.3630085
8.929324
7.9471564
8.929324
9.36726
8.168251
8.929324
9.256713
9.690397
8.929324
9.256713
9.57985
9.57985
10.562017
9.469303
8.601935
9.796692
9.035619
8.925072
9.690397
9.57985
8.712482
10.017787
9.035619
8.70823
9.57985
8.818777
9.146166
8.168251
8.057704
9.69465
9.146166
8.929324
8.49564
8.057704
8.601935
8.168251
9.256713
8.491387
9.796692
9.57985
9.796692
10.447219
10.230376
10.5535145
10.880902
11.425134
12.071408
10.876652
12.181956
11.314588
11.310335
11.204041
12.292503
11.858818
12.509345
11.960861
12.832482
11.089241
10.876652
11.314588
10.880902
9.575599
10.124082
9.792441
10.119829
10.009283
10.880902
11.204041
11.314588
11.204041
10.987199
11.425134
11.097745
11.318839
11.208292
10.336672
11.425134
12.292503
11.097745
11.310335
12.075661
13.053576
11.527178
11.531429
11.854567
10.880902
11.969365
10.991449
10.5535145
10.770356
10.557766
9.792441
10.664061
10.013535
9.796692
9.907239
8.929324
9.150418
8.168251
9.039871
9.256713
8.818777
9.3630085
9.3630085
9.256713
9.690397
9.690397
9.907239
10.124082
9.57985
10.234629
10.013535
10.885155
10.774608
10.880902
10.774608
11.429386
11.752523
12.296754
12.181956
12.075661
12.403049
11.858818
12.403049
13.270417
13.810397
14.02724
13.916693
14.350377
13.916693
13.376713
12.505093
11.854567
12.836734
10.987199
10.991449
10.880902
11.535681
10.991449
11.641976
12.619891
11.969365
12.186207
12.403049
11.641976
12.403049
12.292503
12.403049
11.093493
12.075661
11.965114
12.181956
12.947281
11.310335
12.403049
11.314588
10.987199
9.792441
9.686145
8.818777
9.36726
8.601935
8.385093
9.911491
8.601935
9.146166
9.256713
9.907239
9.039871
8.929324
9.039871
8.389345
9.256713
9.039871
8.385093
9.690397
9.796692
8.818777
9.473556
9.039871
9.473556
9.800944
9.039871
9.3630085
9.252461
10.017787
9.146166
8.274546
9.256713
8.601935
9.3630085
8.49564
8.929324
9.035619
8.385093
8.712482
8.712482
8.274546
8.278798
8.712482
7.5134726
8.49564
8.49564
9.256713
9.039871
8.385093
8.8230295
8.385093
8.389345
7.955661
8.168251
8.385093
9.039871
9.039871
8.712482
8.712482
9.473556
9.473556
8.601935
8.168251
8.49564
9.256713
7.7345667
8.933577
8.606187
9.039871
8.278798
8.278798
7.6240196
8.49564
8.057704
7.8451138
8.610438
7.521976
7.521976
7.632523
6.544061
7.0882916
5.6766925
6.4377656
6.4377656
6.110377
5.7872396
6.0040812
5.4598503
5.6766925
5.6766925
5.6766925
6.875702
6.4377656
6.2209234
6.4377656
5.99983
5.3493037
6.110377
6.0040812
6.110377
6.216672
6.87145
6.9777446
6.760903
5.7829876
5.893534
6.544061
5.6724405
6.544061
6.327219
7.305134
6.9777446
6.433514
6.110377
5.99983
7.0882916
5.4555984
6.327219
6.654608
6.433514
6.654608
6.765155
6.433514
5.5618935
7.309386
6.3229666
6.539809
7.521976
8.1725025
6.9734936
7.6282716
7.738818
7.2966304
8.49564
7.6282716
7.7345667
7.951409
7.0840406
7.8451138
8.168251
6.8671985
8.499891
7.4071774
6.6461043
7.3008823
8.061955
7.955661
7.8451138
6.760903
6.87145
6.106125
5.8892827
6.327219
5.7829876
5.6724405
5.5661454
6.654608
6.4377656
6.6503563
6.6503563
6.544061
6.3229666
7.5177245
7.951409
8.933577
8.601935
8.606187
8.712482
8.385093
8.274546
8.057704
8.712482
8.70823
8.491387
9.575599
9.146166
9.469303
8.597683
9.3630085
8.70823
9.252461
9.256713
9.146166
9.146166
9.3630085
8.49564
9.039871
8.385093
8.057704
8.601935
8.057704
8.385093
8.929324
8.929324
9.473556
8.601935
9.146166
9.256713
7.7303147
8.929324
8.385093
8.385093
9.146166
9.57985
10.557766
11.097745
10.991449
11.318839
10.447219
9.465052
10.668313
9.796692
10.124082
9.141914
9.690397
10.45147
10.013535
8.70823
8.8230295
9.473556
8.274546
9.039871
9.146166
8.712482
8.712482
8.385093
8.929324
8.385093
8.712482
7.840862
8.49564
8.385093
7.9471564
9.150418
8.712482
8.601935
8.818777
9.473556
8.818777
8.70823
7.7303147
8.929324
9.690397
7.7303147
8.49564
8.601935
9.035619
9.035619
8.163999
8.163999
7.7303147
9.039871
8.168251
6.8629465
7.8451138
8.389345
7.4071774
6.9734936
8.061955
8.49564
7.521976
7.6282716
7.955661
6.106125
7.4114294
8.1725025
6.8629465
6.8629465
7.8451138
8.061955
8.278798
7.3008823
8.061955
6.9734936
7.3008823
6.9734936
8.49564
7.4071774
7.8451138
8.061955
7.1903353
7.6282716
7.1903353
6.429262
6.8671985
6.9734936
6.21242
7.955661
6.21242
6.433514
7.1988387
5.6724405
4.9113674
6.5483127
6.110377
4.58823
5.5661454
6.110377
5.132461
6.2209234
5.3493037
5.893534
5.4555984
5.6766925
5.2387567
5.5661454
5.8892827
5.778736
6.8671985
6.760903
7.6282716
8.061955
7.738818
8.061955
7.6282716
7.1945877
6.7566514
7.6282716
6.6461043
8.278798
7.1903353
8.606187
8.1725025
7.5177245
6.9777446
6.8671985
7.3008823
6.544061
6.6503563
6.539809
5.3450513
7.0882916
6.429262
6.21242
6.8671985
8.061955
6.429262
7.4071774
8.057704
7.7345667
7.6240196
8.163999
7.5134726
8.061955
8.929324
7.840862
9.473556
9.146166
8.818777
8.70823
8.818777
9.031367
8.491387
9.146166
7.6240196
8.274546
9.146166
8.163999
8.274546
9.146166
8.491387
9.256713
9.252461
7.840862
9.039871
7.9471564
8.385093
8.70823
8.274546
7.9471564
9.035619
9.256713
9.473556
9.358756
8.70823
9.57985
9.24821
10.5535145
9.24821
9.9029875
9.898736
10.876652
10.770356
11.969365
10.438715
10.33242
10.549262
10.009283
10.876652
10.5535145
10.876652
9.898736
10.659809
10.770356
10.876652
10.659809
10.987199
10.659809
10.442967
10.336672
9.358756
9.792441
9.792441
9.788189
10.5535145
10.876652
10.770356
10.876652
11.204041
11.420882
11.637725
11.093493
12.288251
12.832482
12.611388
13.155619
14.02724
13.916693
13.69985
14.2440815
13.261915
14.02724
13.695599
13.806146
14.350377
12.9345255
13.916693
13.916693
14.022987
13.483009
13.151368
13.916693
13.045072
12.82823
13.045072
13.261915
13.69985
12.832482
12.394546
12.832482
12.177704
12.943029
12.938777
12.505093
11.95661
12.611388
12.394546
13.372462
13.69985
12.82823
13.045072
13.261915
12.717683
13.483009
13.040821
13.806146
14.350377
13.589303
14.133534
13.155619
13.69985
12.938777
12.611388
12.505093
13.69985
12.394546
12.721935
12.721935
13.049324
11.633472
12.398798
11.965114
10.982946
12.181956
10.982946
12.726187
10.982946
10.876652
10.872399
11.748272
10.876652
10.549262
11.420882
10.766105
10.549262
10.766105
10.438715
11.093493
10.549262
10.880902
10.442967
10.005031
10.33242
10.770356
9.027116
10.226125
10.119829
9.465052
10.119829
9.575599
9.146166
9.796692
7.8366094
7.9471564
8.929324
8.057704
9.256713
9.146166
8.057704
9.146166
9.800944
8.385093
7.840862
8.818777
9.039871
8.274546
8.606187
8.168251
8.818777
8.601935
9.256713
8.601935
8.274546
9.907239
8.601935
10.013535
9.796692
8.491387
8.818777
8.70823
8.925072
8.929324
8.274546
8.925072
8.491387
8.818777
8.49564
7.840862
7.2966304
8.278798
8.057704
8.061955
8.061955
7.6240196
7.5177245
7.5177245
6.7566514
6.9734936
7.1903353
7.6282716
8.8230295
7.3008823
7.3008823
7.8451138
7.6240196
6.6461043
8.389345
7.951409
7.4071774
8.933577
8.49564
7.7345667
8.716734
8.061955
7.3008823
7.4114294
6.539809
6.7566514
7.1945877
7.0840406
6.8671985
7.3008823
6.106125
7.1945877
7.521976
6.9777446
6.539809
6.216672
5.778736
5.778736
6.544061
5.7829876
5.2387567
6.110377
5.99983
5.5661454
6.327219
6.6503563
6.433514
6.433514
7.0882916
6.654608
6.433514
6.216672
7.632523
6.539809
5.8892827
7.3008823
7.0840406
7.079788
7.6240196
7.951409
8.1725025
7.8451138
8.1725025
7.5177245
7.8451138
7.955661
6.539809
7.955661
6.6461043
7.1903353
7.955661
7.3008823
6.3229666
6.6503563
6.106125
6.110377
6.216672
5.8892827
5.99983
6.433514
7.3008823
7.3008823
7.951409
7.4071774
7.7345667
7.4114294
7.1903353
6.9734936
7.8451138
6.969241
7.6282716
7.951409
8.712482
8.385093
9.039871
9.150418
8.061955
7.1945877
7.7345667
8.061955
7.5177245
8.061955
8.061955
7.6282716
7.738818
7.955661
7.0840406
6.9777446
6.9777446
6.21242
7.305134
6.6503563
6.106125
7.849365
5.778736
6.9777446
7.632523
7.738818
6.101873
6.9734936
7.4071774
7.4114294
7.5177245
8.061955
7.4071774
9.150418
7.5134726
7.7303147
8.712482
8.057704
8.70823
8.601935
8.712482
7.7303147
9.256713
7.951409
8.057704
8.49564
7.5134726
7.079788
8.606187
8.061955
7.1903353
7.0840406
7.955661
6.9777446
7.305134
6.8629465
6.21242
8.278798
8.49564
7.5134726
8.712482
8.385093
8.274546
9.035619
8.274546
9.256713
9.252461
8.597683
8.491387
9.252461
9.252461
9.686145
9.57985
8.597683
8.491387
9.800944
9.252461
8.057704
8.929324
8.385093
8.491387
9.477807
8.057704
8.712482
8.929324
8.385093
8.168251
7.7303147
8.818777
8.385093
8.385093
8.274546
8.933577
8.929324
8.929324
8.49564
8.49564
8.601935
8.49564
7.7303147
9.039871
8.38084
8.491387
8.270294
8.601935
8.38084
8.491387
8.491387
9.141914
8.270294
10.234629
9.358756
8.703979
9.031367
9.141914
9.686145
9.031367
7.4029255
7.8366094
7.615516
8.925072
8.270294
8.487137
7.7260633
8.597683
8.814526
9.358756
9.469303
10.557766
9.575599
9.9029875
9.354505
10.009283
10.33242
10.876652
10.659809
10.766105
10.221873
10.766105
10.987199
10.659809
10.442967
9.792441
9.031367
9.24821
9.9029875
10.119829
10.664061
9.686145
9.469303
10.013535
9.686145
8.818777
9.035619
9.57985
10.447219
9.9029875
10.5535145
9.681894
10.659809
10.009283
10.876652
10.659809
10.442967
9.031367
8.270294
7.292379
7.7303147
8.385093
7.840862
7.951409
7.7303147
7.079788
7.5177245
7.6240196
7.9471564
8.057704
8.929324
9.57985
7.9429054
9.031367
9.24821
9.571347
9.567095
10.005031
10.659809
9.354505
9.137663
8.92082
8.0534525
9.57985
8.491387
7.0755363
7.1860833
8.274546
8.385093
8.057704
8.601935
7.5134726
7.951409
7.7303147
7.5134726
8.385093
8.601935
9.141914
9.24821
10.009283
10.770356
10.009283
10.880902
9.898736
8.92082
9.575599
8.814526
8.38084
8.0534525
8.163999
8.274546
7.5134726
6.969241
7.079788
7.6240196
7.4071774
7.3008823
5.995578
7.1945877
5.991326
5.557642
6.433514
5.451347
4.4734316
5.5661454
6.2209234
5.1282096
5.4555984
4.9113674
6.110377
4.2565894
5.0176625
5.5661454
5.5661454
5.1282096
5.7829876
5.6724405
4.6945252
5.1282096
5.1282096
5.1282096
5.778736
5.8892827
5.6724405
6.8671985
6.6461043
5.447095
5.778736
6.433514
5.995578
4.2565894
5.99983
5.2387567
5.1282096
4.8050723
5.0219145
4.583978
5.0219145
5.99983
5.4555984
6.433514
6.21242
6.9734936
7.1903353
7.5177245
7.5177245
7.5134726
7.2966304
8.929324
8.712482
7.6240196
8.057704
6.6461043
6.429262
5.8892827
4.6945252
4.477683
5.2387567
5.4555984
5.2387567
6.2209234
4.477683
4.8008204
5.2345047
6.433514
6.8671985
6.9777446
7.738818
7.5177245
6.101873
7.079788
7.1860833
6.641852
7.7345667
5.2345047
5.4555984
4.477683
3.2829258
3.1766307
3.0703354
3.7208617
4.0482507
2.8492415
4.481935
4.698777
3.9377036
5.243008
4.8050723
3.3892207
4.58823
5.3493037
6.4377656
5.7829876
5.5661454
5.132461
4.8050723
5.0219145
5.2387567
4.2608414
5.893534
4.154546
3.8314087
4.592482
4.265093
2.9597883
4.8135757
3.7208617
2.6323993
2.9640403
2.5261042
2.9597883
3.8314087
2.8534935
2.8492415
4.154546
4.58823
3.4997678
5.4598503
5.6766925
5.7829876
5.2387567
6.544061
6.110377
5.6766925
4.4734316
4.477683
6.4377656
5.2387567
4.583978
5.0176625
5.6724405
6.6503563
5.99983
5.4555984
5.7829876
6.4377656
4.9113674
4.8050723
4.8050723
5.0219145
5.5661454
4.150294
5.2387567
4.583978
4.583978
5.2387567
4.477683
5.3493037
5.132461
4.8008204
5.6766925
5.7829876
5.2387567
4.583978
5.2387567
5.7829876
5.4555984
6.216672
5.3450513
5.2387567
5.99983
5.5618935
5.7829876
6.544061
5.5618935
5.4555984
4.690274
5.2345047
5.5618935
5.0176625
5.6724405
5.99983
5.0219145
5.6766925
4.6945252
5.7829876
5.7829876
5.893534
6.4377656
5.2387567
5.2387567
5.4555984
5.3493037
5.5661454
5.3493037
6.0040812
6.327219
5.99983
5.778736
5.893534
7.0882916
6.544061
6.654608
7.521976
7.8451138
8.1725025
8.49564
7.951409
7.951409
7.7303147
6.8629465
7.4071774
7.951409
7.4071774
8.8230295
7.951409
8.49564
8.929324
7.7345667
8.168251
8.385093
8.601935
9.150418
7.7345667
8.057704
8.601935
7.5177245
8.168251
7.951409
7.840862
8.601935
8.491387
8.491387
9.035619
8.70823
9.575599
9.796692
9.358756
10.124082
9.465052
9.358756
10.664061
10.336672
10.5535145
10.659809
11.425134
11.314588
11.637725
10.982946
11.748272
11.204041
11.748272
12.288251
12.509345
11.748272
12.181956
10.655557
10.987199
10.770356
11.641976
10.115578
9.681894
10.447219
9.9029875
10.774608
10.447219
9.686145
11.101996
11.097745
10.119829
10.447219
10.442967
11.858818
11.854567
11.637725
11.204041
11.310335
11.527178
12.61564
12.832482
12.61564
12.61564
12.181956
12.61564
12.288251
11.965114
11.965114
11.637725
11.310335
12.292503
12.292503
11.965114
11.310335
10.549262
10.442967
11.425134
11.425134
10.880902
10.987199
10.119829
11.535681
11.097745
10.447219
11.641976
10.5535145
11.969365
10.659809
11.420882
11.748272
11.858818
11.965114
12.726187
12.181956
11.637725
11.310335
11.420882
11.854567
12.943029
12.938777
12.943029
12.832482
12.288251
11.314588
11.531429
11.641976
11.314588
10.987199
10.230376
9.796692
9.358756
8.70823
9.473556
8.929324
9.690397
7.7303147
8.274546
8.168251
8.601935
9.150418
9.039871
8.168251
8.274546
8.601935
9.256713
8.491387
8.491387
9.146166
8.601935
9.146166
9.3630085
8.601935
9.146166
8.712482
8.929324
8.49564
8.601935
8.601935
8.601935
9.039871
8.278798
9.039871
8.385093
8.818777
7.7345667
7.8451138
7.8451138
7.7345667
7.5177245
7.6282716
7.955661
6.8671985
8.28305
8.278798
6.7566514
8.389345
6.6461043
7.5177245
7.6282716
7.079788
7.079788
8.499891
8.061955
7.5177245
6.9734936
7.3008823
7.951409
8.712482
7.5177245
8.933577
7.4071774
7.7345667
7.4114294
6.3229666
6.539809
6.8671985
7.305134
6.6503563
5.8892827
5.99983
6.765155
6.2209234
6.2209234
6.5483127
5.5661454
4.915619
5.4598503
5.243008
4.371388
4.265093
4.592482
5.464102
5.464102
4.265093
4.265093
3.8314087
4.8093243
4.8093243
4.481935
5.026166
5.243008
5.4598503
5.4598503
6.875702
5.5661454
5.5661454
6.765155
6.110377
5.1282096
6.4377656
6.327219
5.99983
6.654608
6.765155
6.544061
6.110377
6.2209234
7.1988387
5.893534
5.2387567
6.3314705
6.4377656
5.7829876
6.110377
6.4377656
6.4377656
6.110377
5.3493037
6.4377656
6.110377
6.433514
7.305134
7.521976
6.6503563
7.0840406
7.6282716
7.305134
7.3008823
7.3008823
7.4114294
7.3008823
8.499891
8.385093
7.3008823
8.606187
8.49564
8.712482
7.951409
9.039871
9.039871
7.840862
8.49564
8.606187
7.4071774
7.1903353
7.6282716
6.8671985
6.429262
6.9734936
8.1725025
7.0840406
6.6503563
7.1945877
6.539809
7.4114294
6.539809
6.9777446
6.9777446
7.5177245
6.21242
8.066207
8.606187
8.168251
9.039871
8.385093
8.168251
8.385093
9.039871
9.039871
8.712482
9.690397
8.057704
8.712482
8.49564
9.473556
9.039871
8.712482
9.035619
8.818777
8.601935
9.039871
9.473556
9.039871
9.36726
9.039871
7.4071774
9.260964
8.49564
7.951409
8.385093
8.057704
8.49564
8.712482
8.49564
8.385093
8.057704
8.712482
8.601935
8.601935
7.9471564
9.3630085
10.124082
10.013535
10.124082
10.230376
9.252461
10.447219
10.336672
10.447219
11.208292
11.748272
11.425134
10.336672
11.314588
9.792441
10.119829
9.686145
9.141914
10.447219
9.358756
9.031367
10.557766
9.9029875
9.035619
10.340923
10.340923
9.469303
10.124082
9.031367
8.814526
9.686145
9.792441
9.469303
9.9029875
10.230376
10.5535145
10.119829
10.5535145
10.115578
9.788189
10.226125
11.204041
10.226125
11.314588
10.659809
11.752523
10.5535145
11.314588
11.969365
10.226125
10.987199
10.5535145
10.005031
11.752523
11.097745
10.991449
10.336672
9.686145
9.686145
9.031367
9.469303
9.9029875
9.358756
10.340923
10.230376
9.358756
9.24821
9.898736
10.009283
11.204041
10.226125
11.965114
10.987199
11.420882
11.314588
11.204041
10.221873
11.965114
12.071408
11.310335
12.181956
12.398798
12.726187
11.420882
11.7440195
11.854567
12.071408
12.288251
12.726187
12.288251
11.310335
12.619891
12.181956
10.442967
11.531429
11.097745
10.442967
10.987199
10.987199
10.659809
10.987199
10.987199
11.204041
11.314588
10.442967
10.659809
11.420882
10.987199
11.310335
12.398798
11.7440195
12.071408
12.509345
12.505093
10.982946
12.726187
11.093493
10.876652
11.531429
11.310335
11.310335
12.403049
11.969365
10.442967
10.226125
10.447219
9.681894
8.925072
9.252461
9.469303
8.818777
8.274546
8.274546
9.150418
8.385093
7.951409
9.039871
8.168251
9.256713
8.278798
7.9471564
9.69465
8.491387
9.146166
8.818777
9.796692
8.70823
9.690397
10.013535
9.358756
9.469303
9.358756
9.796692
9.469303
8.70823
9.473556
7.9471564
8.929324
8.929324
8.274546
7.840862
8.601935
7.951409
8.168251
8.061955
7.079788
7.1903353
7.7345667
7.1903353
7.955661
6.7566514
6.539809
6.8671985
6.6503563
7.4114294
7.521976
7.0840406
7.0840406
7.8451138
7.955661
7.6282716
7.6282716
7.6282716
8.389345
8.1725025
7.4071774
7.5177245
8.278798
8.389345
6.429262
7.5177245
7.955661
8.1725025
7.521976
6.544061
6.760903
6.433514
5.3450513
6.2209234
5.7829876
4.9113674
5.4598503
6.110377
5.2387567
6.2209234
5.132461
6.2209234
4.915619
6.0040812
7.092544
6.2209234
5.4555984
5.893534
6.544061
5.7829876
6.216672
5.7829876
6.654608
7.526228
6.9777446
6.9777446
5.6766925
6.654608
5.893534
5.5661454
5.4555984
6.327219
5.5661454
6.110377
4.915619
5.4598503
4.8093243
4.154546
4.698777
4.8093243
5.464102
4.592482
4.9198713
4.265093
5.353555
4.154546
4.154546
3.8314087
4.0482507
6.114629
5.132461
4.8050723
5.6766925
5.0219145
7.092544
5.5661454
6.110377
6.327219
5.4555984
5.8892827
5.8892827
5.7829876
6.433514
6.327219
6.544061
6.106125
6.433514
6.544061
6.106125
6.216672
6.760903
6.654608
6.760903
6.327219
5.893534
6.0040812
5.4555984
5.132461
4.915619
5.6766925
5.3493037
5.893534
5.7829876
5.4555984
5.893534
6.765155
5.4555984
5.0176625
5.99983
6.87145
7.1945877
6.9777446
6.539809
6.9777446
6.9734936
7.5177245
7.955661
8.066207
7.955661
7.4114294
6.106125
7.1945877
6.760903
5.5618935
8.176754
7.955661
6.433514
7.4114294
6.7566514
7.849365
6.216672
6.327219
5.893534
6.327219
5.3493037
5.0219145
5.4555984
6.327219
6.654608
5.4555984
6.5483127
6.110377
5.7829876
5.5661454
5.4555984
6.4377656
6.3229666
6.433514
7.1945877
6.6503563
6.8671985
6.539809
7.4114294
6.6503563
6.106125
5.995578
6.6503563
7.4114294
7.738818
6.539809
6.433514
6.106125
5.8892827
6.6503563
6.110377
7.632523
6.539809
6.760903
7.1945877
6.433514
6.544061
6.544061
7.1945877
6.433514
7.849365
6.9734936
7.5177245
8.389345
8.168251
8.385093
8.385093
8.712482
8.712482
9.146166
8.491387
9.146166
9.035619
10.557766
9.469303
9.9029875
10.230376
9.031367
8.597683
8.70823
8.491387
8.70823
7.9471564
8.385093
9.256713
8.385093
8.278798
8.278798
8.8230295
6.7566514
7.3008823
7.6240196
7.1903353
8.061955
8.49564
7.840862
8.49564
7.840862
8.168251
8.274546
7.9471564
9.473556
9.256713
7.7303147
7.3008823
7.5177245
7.7345667
7.5177245
8.061955
8.1725025
8.168251
6.9734936
7.5177245
8.057704
8.385093
8.818777
9.800944
9.57985
9.469303
7.7303147
9.256713
8.712482
7.9471564
8.385093
8.057704
9.146166
8.385093
8.818777
8.8230295
8.168251
8.168251
6.5355573
6.7566514
7.5177245
8.1725025
7.6282716
8.278798
8.601935
8.929324
8.163999
8.274546
9.141914
9.141914
9.035619
9.686145
10.119829
10.336672
10.336672
10.770356
11.748272
10.664061
11.752523
10.5535145
9.792441
9.686145
9.9029875
9.792441
10.340923
10.119829
9.465052
10.447219
9.686145
10.230376
9.9029875
10.340923
8.925072
9.252461
9.252461
8.925072
9.358756
9.9029875
10.991449
9.898736
9.898736
11.097745
10.770356
10.226125
10.880902
10.442967
10.226125
11.8630705
12.075661
11.204041
10.33242
10.659809
10.766105
10.442967
11.097745
11.531429
10.442967
9.9029875
10.664061
9.686145
9.358756
8.70823
8.491387
8.601935
9.690397
9.469303
9.898736
10.880902
10.442967
9.4608
8.703979
9.9029875
9.141914
9.141914
10.340923
10.991449
10.987199
11.854567
11.637725
11.310335
11.527178
11.858818
12.292503
11.748272
10.987199
11.314588
10.009283
9.141914
9.252461
8.163999
8.057704
9.3630085
8.0534525
8.38084
9.146166
8.925072
9.686145
10.885155
11.097745
11.097745
11.425134
10.442967
10.115578
9.571347
10.111326
11.093493
10.005031
10.659809
10.119829
10.230376
9.690397
8.168251
8.606187
8.8230295
8.49564
8.601935
9.252461
10.009283
9.137663
11.314588
9.898736
9.571347
10.664061
10.447219
10.664061
10.668313
10.880902
9.354505
10.5535145
10.766105
10.655557
12.071408
10.872399
10.442967
9.9029875
8.925072
8.385093
8.601935
8.49564
7.840862
8.274546
7.2966304
8.712482
9.3630085
10.340923
9.9029875
9.796692
8.70823
8.38084
9.686145
9.358756
9.035619
10.119829
10.230376
10.991449
10.770356
10.659809
10.770356
10.659809
10.659809
9.9029875
10.230376
10.013535
9.9029875
9.796692
9.469303
8.597683
9.907239
10.5535145
10.119829
9.358756
10.557766
10.124082
9.141914
8.601935
9.035619
10.013535
9.252461
9.9029875
9.575599
9.686145
10.013535
10.336672
9.686145
9.035619
9.686145
9.907239
9.358756
10.119829
9.686145
9.575599
10.5535145
10.442967
10.5535145
10.770356
10.774608
10.119829
9.24821
10.447219
8.925072
9.796692
9.796692
9.9029875
10.124082
9.686145
9.465052
9.141914
9.031367
9.469303
8.925072
9.035619
8.274546
8.168251
8.601935
8.385093
9.039871
9.3630085
9.252461
9.035619
8.597683
8.057704
8.601935
7.4029255
8.929324
8.818777
9.69465
8.70823
9.3630085
9.57985
9.256713
9.3630085
8.057704
7.9471564
7.9471564
9.473556
9.035619
9.3630085
9.141914
9.584103
8.385093
8.929324
8.929324
9.256713
8.163999
8.385093
8.49564
8.061955
8.1725025
8.8230295
8.8230295
8.601935
7.951409
7.840862
8.057704
9.36726
7.951409
8.8230295
8.061955
8.278798
7.951409
9.911491
7.7303147
8.929324
9.907239
10.124082
9.256713
9.800944
8.818777
9.256713
9.039871
9.146166
9.039871
9.584103
8.601935
8.818777
8.274546
9.256713
8.929324
8.385093
8.385093
8.712482
8.712482
8.8230295
9.256713
7.7345667
8.385093
9.044123
7.951409
7.5177245
8.606187
8.385093
8.606187
9.256713
9.256713
8.274546
9.36726
9.256713
9.146166
8.8230295
7.951409
8.712482
8.385093
9.690397
9.796692
9.252461
8.491387
9.690397
9.473556
9.039871
8.712482
8.057704
8.49564
9.69465
8.49564
8.601935
9.039871
9.150418
8.057704
8.278798
8.929324
7.840862
9.36726
9.150418
8.385093
8.8230295
8.8230295
9.039871
8.49564
8.168251
8.933577
8.929324
8.712482
9.800944
8.606187
8.601935
9.3630085
9.473556
9.69465
9.800944
8.385093
8.712482
10.345176
8.274546
9.039871
9.256713
9.035619
9.69465
9.690397
9.035619
9.584103
8.49564
7.7303147
9.150418
8.606187
8.49564
8.057704
8.278798
8.057704
8.929324
8.712482
8.601935
8.929324
8.057704
8.929324
8.601935
9.146166
10.668313
10.013535
10.668313
10.991449
11.314588
11.318839
12.513597
11.858818
11.748272
11.752523
11.097745
10.659809
11.208292
11.969365
11.425134
11.314588
11.425134
10.664061
10.770356
11.752523
11.208292
11.858818
10.770356
10.447219
11.318839
10.664061
9.686145
10.340923
10.664061
10.230376
10.557766
10.557766
10.664061
10.557766
10.447219
10.774608
10.124082
10.557766
10.774608
10.340923
10.664061
10.336672
11.425134
10.5535145
10.770356
11.748272
11.314588
11.8630705
11.531429
10.880902
9.686145
10.774608
10.119829
9.575599
10.009283
9.792441
10.991449
10.991449
9.575599
10.013535
10.230376
8.487137
9.57985
10.557766
8.593431
9.57985
10.119829
10.664061
10.664061
10.33242
10.987199
10.880902
9.575599
9.792441
10.774608
10.013535
11.535681
11.748272
11.748272
11.531429
12.398798
10.982946
12.836734
12.509345
12.292503
11.531429
11.748272
11.637725
11.748272
12.186207
12.075661
12.181956
11.748272
12.186207
11.204041
11.531429
11.969365
11.097745
9.792441
11.097745
10.774608
10.230376
10.664061
11.318839
9.796692
10.124082
10.880902
10.880902
10.991449
11.425134
11.425134
11.535681
10.991449
10.5535145
10.774608
10.447219
11.420882
10.442967
11.858818
11.752523
10.770356
11.535681
10.119829
10.230376
10.013535
10.774608
10.447219
10.230376
11.101996
10.230376
10.009283
9.686145
9.686145
10.668313
8.491387
8.929324
8.385093
9.146166
8.712482
8.168251
7.840862
9.039871
8.8230295
8.601935
8.601935
8.925072
10.017787
8.925072
9.3630085
9.146166
9.146166
8.491387
10.017787
10.668313
9.141914
10.013535
10.880902
10.119829
9.469303
9.796692
9.469303
9.907239
10.234629
9.146166
9.146166
8.712482
8.274546
8.601935
8.8230295
9.150418
7.9471564
8.49564
8.278798
8.385093
7.840862
8.49564
9.039871
7.8451138
7.8451138
6.8671985
7.6282716
7.4071774
7.8451138
8.8230295
8.385093
7.8451138
8.8230295
8.49564
7.7345667
9.150418
8.168251
7.6240196
8.8230295
8.818777
8.168251
8.8230295
7.951409
9.36726
8.712482
8.278798
7.6240196
7.8451138
7.951409
8.1725025
7.6282716
7.7345667
6.3229666
7.0882916
6.327219
6.654608
6.9777446
6.433514
6.110377
6.327219
5.99983
5.893534
6.110377
7.9599123
6.8671985
7.0882916
8.28305
8.499891
7.8451138
7.3008823
6.539809
6.9777446
7.4114294
6.539809
6.8671985
7.955661
6.433514
6.544061
6.544061
7.1945877
6.6503563
6.433514
6.9777446
6.539809
5.8892827
6.760903
5.99983
6.216672
6.110377
6.544061
5.7829876
6.4377656
6.5483127
5.3493037
6.0040812
5.026166
5.8977866
4.592482
4.592482
5.5703974
5.893534
5.2387567
5.2387567
5.6766925
5.132461
6.0040812
6.981997
5.132461
6.2209234
6.433514
7.1945877
8.066207
7.1945877
6.6503563
6.8671985
6.6503563
6.3229666
7.305134
7.305134
7.849365
6.433514
6.110377
6.4377656
5.5661454
5.7872396
5.6766925
5.132461
5.3493037
6.110377
5.3493037
5.5661454
5.3493037
5.7829876
5.893534
5.132461
6.4377656
5.5661454
6.110377
6.110377
5.5661454
7.1988387
6.9777446
5.99983
7.0882916
7.4114294
6.9777446
7.5177245
7.6240196
7.6282716
7.6282716
8.061955
6.9777446
6.539809
6.21242
6.760903
5.8892827
6.110377
6.87145
6.760903
6.9777446
6.3229666
6.433514
7.521976
5.8892827
4.9113674
6.327219
6.327219
5.6766925
5.3493037
5.5661454
6.327219
5.7829876
6.110377
6.216672
5.4555984
6.765155
6.433514
5.5661454
6.2209234
5.99983
5.4555984
6.9777446
6.6503563
6.9777446
5.668189
7.521976
6.9734936
5.8892827
6.3229666
6.760903
6.106125
6.106125
7.526228
6.539809
5.4555984
5.8892827
5.6724405
5.8892827
5.2345047
5.2387567
5.6724405
5.3450513
5.8892827
5.5661454
6.8671985
6.3229666
7.305134
6.8671985
5.8850307
7.8451138
7.1903353
8.49564
7.6240196
8.057704
8.712482
9.035619
8.601935
8.491387
8.385093
8.385093
7.840862
8.057704
8.929324
8.168251
7.9471564
8.057704
7.4029255
6.6461043
6.2081685
6.429262
6.539809
6.7566514
6.8671985
6.318715
6.429262
7.3008823
7.7303147
6.8629465
6.8629465
7.8451138
8.1725025
7.1945877
7.1903353
8.057704
7.079788
7.7303147
9.039871
8.168251
7.7303147
7.840862
8.70823
8.929324
7.9471564
8.70823
8.057704
9.57985
8.597683
9.358756
10.664061
10.442967
10.659809
9.792441
10.5535145
9.465052
10.119829
10.336672
10.009283
10.009283
9.796692
10.009283
9.24821
8.814526
9.252461
8.925072
8.70823
7.509221
8.491387
8.491387
8.70823
8.818777
8.491387
7.9429054
9.252461
9.465052
9.24821
9.465052
10.336672
9.354505
9.2439575
10.664061
10.442967
9.465052
11.208292
9.571347
9.898736
10.33242
10.438715
10.000779
10.766105
11.637725
10.659809
10.221873
9.2439575
9.788189
9.354505
10.659809
10.655557
10.549262
11.420882
10.111326
11.199788
10.442967
11.093493
9.677642
10.549262
9.788189
11.531429
10.655557
11.199788
11.093493
11.089241
9.894484
10.33242
10.659809
10.987199
10.221873
10.766105
10.221873
11.310335
10.438715
10.217621
10.111326
9.677642
10.115578
10.005031
9.567095
9.898736
9.898736
9.788189
9.677642
9.465052
9.027116
10.442967
9.681894
9.681894
9.031367
8.270294
8.491387
9.252461
8.270294
8.491387
7.8366094
8.818777
8.70823
8.601935
8.597683
9.24821
9.252461
8.814526
9.358756
8.814526
8.925072
9.792441
8.593431
10.119829
10.336672
8.92082
9.141914
8.814526
8.814526
8.70823
8.814526
8.37659
9.141914
7.4029255
6.854443
7.8366094
7.509221
8.057704
8.597683
8.057704
8.168251
6.5313053
7.5134726
7.7345667
8.712482
6.4250107
6.969241
7.079788
8.385093
7.2966304
6.7523994
7.5177245
6.7523994
6.429262
6.101873
6.8629465
7.6240196
6.969241
7.1903353
7.4071774
8.278798
6.8629465
6.6461043
6.6503563
6.7566514
6.539809
6.539809
7.3008823
6.7566514
6.6503563
6.539809
5.6724405
5.6724405
5.0219145
4.58823
4.8093243
4.8050723
5.132461
4.371388
4.4861865
4.9198713
3.1808825
2.9597883
3.7251134
3.2871776
4.265093
3.827157
4.8050723
5.3493037
5.4598503
5.132461
6.981997
5.6724405
5.4555984
5.6724405
6.433514
4.2565894
5.6766925
5.3493037
5.132461
5.8977866
3.7208617
3.3934724
4.0482507
4.154546
4.58823
3.8229048
4.367136
4.8008204
5.5661454
4.367136
5.7829876
5.3493037
5.4555984
5.99983
6.216672
6.539809
6.6461043
6.8671985
6.6461043
6.9734936
6.6503563
6.3229666
6.9777446
5.5618935
6.110377
5.99983
5.5618935
6.433514
6.760903
7.3008823
6.6461043
6.7566514
7.6240196
7.951409
6.9734936
7.3008823
8.061955
7.079788
7.840862
7.6240196
9.256713
8.274546
6.9734936
7.4114294
7.7345667
6.539809
6.106125
6.760903
5.2387567
5.2387567
5.3450513
6.760903
6.106125
6.3229666
7.6282716
6.429262
5.778736
5.99983
7.0882916
5.99983
6.327219
6.433514
6.433514
6.106125
6.8671985
6.9777446
6.21242
6.544061
6.106125
6.216672
6.6503563
6.9777446
6.6461043
6.9734936
6.7566514
7.6282716
6.6461043
6.539809
8.278798
6.8629465
7.3008823
7.3008823
6.8629465
5.991326
7.1945877
7.6282716
5.995578
7.0882916
6.760903
5.2345047
5.99983
7.1945877
6.9777446
6.429262
7.738818
7.8451138
8.278798
7.2966304
8.168251
8.274546
8.274546
9.473556
10.124082
10.447219
10.774608
12.296754
11.531429
10.880902
10.659809
10.33242
11.641976
10.664061
10.880902
9.358756
9.3630085
8.929324
7.4071774
7.6282716
6.9734936
6.21242
7.305134
6.9777446
5.7829876
6.4377656
7.1945877
6.7566514
8.393597
7.6240196
7.1903353
8.168251
8.38084
8.163999
8.274546
8.274546
8.929324
8.499891
7.6282716
7.305134
6.760903
6.760903
7.1945877
6.21242
7.3008823
7.6282716
6.8629465
8.716734
8.716734
8.499891
7.1945877
7.738818
8.1725025
7.3008823
7.3008823
8.057704
8.385093
8.168251
8.385093
7.9471564
8.274546
8.601935
8.712482
7.4071774
7.521976
6.87145
6.216672
5.893534
6.87145
6.3229666
6.6503563
7.0840406
7.7345667
6.6461043
9.150418
7.1903353
8.49564
7.951409
9.256713
8.168251
9.252461
8.925072
9.796692
10.447219
10.013535
10.45147
9.796692
9.146166
9.146166
8.601935
8.606187
9.039871
7.4071774
8.712482
8.8230295
8.49564
9.039871
8.278798
7.7345667
7.8451138
6.7566514
6.9734936
6.539809
8.066207
7.8451138
5.995578
7.521976
6.6461043
7.4114294
7.3008823
6.9777446
7.3008823
6.9777446
7.8451138
7.1903353
6.7566514
7.3008823
7.1903353
7.4071774
8.168251
8.929324
8.168251
9.039871
8.49564
7.7345667
7.840862
7.5134726
8.278798
8.057704
8.278798
7.951409
7.840862
8.168251
8.606187
8.168251
7.5177245
7.6282716
6.106125
6.6503563
6.6503563
7.0882916
7.738818
7.0840406
7.521976
6.539809
6.433514
7.0882916
6.6503563
7.849365
7.0840406
6.9734936
6.539809
8.28305
7.0840406
7.3008823
7.305134
6.8671985
7.955661
6.8671985
7.521976
8.066207
7.5177245
7.738818
7.4114294
7.521976
5.451347
6.327219
7.4114294
6.433514
7.632523
7.3008823
6.539809
6.8671985
8.066207
7.1945877
6.9777446
6.9777446
5.995578
5.2345047
6.9777446
7.6282716
7.4114294
7.849365
7.738818
6.9777446
7.632523
7.6282716
7.3008823
6.760903
7.521976
8.389345
7.5177245
7.7345667
8.49564
7.5177245
7.6240196
7.4071774
8.8230295
8.168251
8.389345
8.278798
6.9734936
7.738818
7.0840406
5.995578
6.8671985
7.521976
6.106125
7.0882916
7.521976
6.760903
7.305134
5.5618935
5.893534
6.87145
6.110377
6.0040812
7.415681
6.327219
6.6503563
6.87145
6.3229666
6.6503563
7.849365
8.720985
8.389345
7.738818
8.393597
7.5177245
6.9777446
6.8671985
7.1945877
7.3008823
8.606187
8.933577
8.389345
6.969241
7.1903353
8.1725025
8.061955
7.0840406
8.1725025
7.951409
8.1725025
8.389345
6.539809
6.9777446
6.327219
6.216672
6.654608
5.99983
6.654608
6.6503563
6.433514
6.87145
7.305134
6.544061
7.632523
6.3229666
6.654608
7.0882916
7.521976
6.433514
7.1945877
7.7345667
7.7345667
8.389345
8.606187
8.712482
9.039871
9.039871
9.256713
8.929324
8.601935
8.929324
8.168251
8.168251
9.473556
8.712482
8.274546
8.818777
8.385093
9.039871
9.36726
8.278798
9.150418
9.039871
8.601935
8.168251
8.929324
9.3630085
7.840862
9.690397
9.690397
7.9471564
9.256713
7.840862
9.584103
9.039871
8.385093
8.712482
9.039871
8.606187
8.274546
8.49564
8.057704
7.6240196
8.933577
7.5177245
8.061955
8.606187
8.49564
7.5177245
7.955661
7.6282716
7.7345667
7.8451138
7.0840406
8.061955
7.1945877
7.6282716
7.6282716
8.066207
7.738818
7.6282716
7.3008823
8.278798
9.477807
9.039871
8.712482
9.36726
8.601935
8.057704
8.70823
8.929324
10.124082
10.668313
9.9029875
10.885155
11.101996
11.097745
10.336672
11.318839
10.770356
10.226125
11.208292
10.447219
9.898736
11.641976
10.987199
10.987199
10.009283
10.119829
10.880902
11.101996
10.336672
10.664061
10.991449
10.340923
9.792441
9.252461
9.686145
9.796692
9.907239
10.340923
9.686145
9.796692
10.668313
10.230376
10.340923
11.101996
11.208292
10.447219
11.752523
11.752523
11.858818
11.531429
11.310335
13.057828
12.509345
12.836734
11.858818
11.965114
12.071408
12.730438
12.619891
12.181956
12.730438
12.075661
10.442967
11.969365
11.314588
10.770356
11.208292
10.5535145
10.770356
11.535681
10.991449
11.314588
10.664061
11.752523
10.664061
11.101996
11.425134
10.009283
10.991449
11.425134
10.009283
10.991449
11.314588
11.314588
12.186207
11.858818
11.204041
12.075661
11.531429
10.5535145
12.186207
11.314588
11.097745
12.403049
12.075661
11.097745
11.208292
11.641976
10.119829
10.991449
10.442967
11.531429
12.403049
12.186207
10.987199
11.097745
12.075661
10.880902
10.991449
10.774608
10.5535145
11.752523
10.880902
11.314588
11.420882
11.314588
11.204041
10.664061
11.531429
10.659809
11.969365
10.659809
11.314588
11.858818
11.425134
10.226125
11.752523
11.208292
10.5535145
10.013535
10.013535
9.252461
10.234629
9.035619
8.925072
9.039871
8.606187
7.951409
8.499891
7.4071774
8.278798
7.8451138
7.951409
8.8230295
8.712482
9.039871
7.7345667
8.8230295
8.8230295
8.8230295
8.8230295
7.6240196
8.389345
8.49564
8.929324
9.256713
9.36726
9.473556
9.146166
8.712482
8.601935
8.385093
9.584103
7.6197677
9.3630085
9.256713
8.601935
7.9471564
8.385093
7.5134726
8.601935
9.256713
9.035619
8.274546
8.274546
8.929324
8.057704
8.929324
8.49564
8.168251
8.278798
8.49564
8.168251
7.7345667
8.168251
8.168251
7.951409
8.8230295
8.601935
9.36726
8.168251
9.256713
7.6197677
7.6197677
8.385093
9.473556
8.168251
9.256713
9.3630085
8.601935
8.601935
8.057704
8.274546
9.150418
8.057704
7.840862
9.911491
7.840862
8.601935
8.057704
8.601935
8.385093
8.385093
9.039871
8.168251
8.168251
8.278798
8.712482
8.057704
8.818777
9.36726
8.278798
8.818777
8.49564
8.8230295
8.057704
8.929324
8.057704
8.929324
8.057704
8.385093
8.601935
8.601935
9.256713
9.473556
8.38084
9.035619
9.796692
10.013535
9.035619
9.146166
8.491387
8.491387
8.70823
10.340923
10.340923
9.57985
9.141914
10.013535
9.252461
9.031367
9.575599
10.230376
9.796692
9.9029875
10.5535145
10.991449
11.208292
10.770356
10.447219
9.792441
9.792441
10.664061
9.358756
10.013535
9.358756
11.101996
9.465052
10.336672
10.226125
10.226125
11.314588
10.770356
11.208292
10.124082
9.796692
10.447219
9.9029875
10.336672
10.336672
10.336672
10.447219
10.664061
9.792441
9.686145
9.57985
9.035619
9.039871
9.035619
8.491387
8.597683
8.70823
8.38084
8.712482
8.491387
8.929324
9.039871
9.256713
8.168251
8.385093
9.256713
9.035619
9.3630085
8.929324
8.163999
9.690397
9.9029875
9.686145
10.230376
9.792441
9.792441
9.575599
10.336672
10.557766
10.009283
10.009283
10.336672
11.097745
10.774608
10.009283
10.880902
10.5535145
9.9029875
10.664061
10.340923
8.814526
9.3630085
8.274546
8.491387
9.039871
9.252461
9.035619
9.690397
9.252461
8.491387
8.601935
8.385093
9.256713
8.385093
9.584103
8.601935
8.818777
8.818777
8.929324
8.70823
8.929324
10.128334
8.601935
9.146166
8.057704
9.256713
8.929324
8.385093
8.8230295
8.057704
8.274546
9.039871
9.256713
8.168251
8.49564
8.057704
7.5134726
7.1903353
7.840862
7.5177245
8.061955
7.5177245
8.716734
8.49564
7.079788
8.389345
8.278798
6.539809
7.1903353
6.9734936
8.061955
7.8451138
6.8671985
8.061955
8.278798
7.5177245
9.150418
7.951409
8.49564
9.36726
7.951409
7.4071774
6.8629465
8.1725025
7.1945877
7.6282716
6.9777446
6.6503563
6.2209234
6.544061
5.99983
4.690274
5.8892827
5.893534
5.6724405
6.327219
5.4555984
5.8892827
6.110377
5.1282096
5.4555984
5.5661454
6.110377
5.4555984
5.4555984
6.5483127
4.9113674
5.5661454
6.654608
5.2387567
6.110377
5.4555984
6.981997
5.0219145
5.3493037
6.110377
5.99983
5.4555984
6.87145
6.433514
6.110377
6.327219
5.3450513
5.6724405
5.7829876
6.216672
5.2387567
6.654608
5.5618935
5.3450513
4.8008204
5.3493037
4.367136
5.132461
4.58823
3.7208617
4.265093
4.0482507
3.0703354
5.026166
5.243008
4.915619
5.893534
4.58823
4.154546
5.6766925
3.7208617
5.464102
5.026166
4.698777
5.0219145
4.6945252
5.2387567
5.5661454
5.6724405
5.893534
5.99983
4.6945252
6.2209234
5.7829876
5.0219145
6.4377656
5.4555984
5.132461
5.7872396
5.2387567
4.371388
4.592482
4.043999
4.043999
5.136713
5.353555
3.9377036
4.8093243
4.8093243
4.043999
3.71661
5.3493037
5.132461
5.8977866
5.7872396
4.58823
5.893534
5.7829876
5.5618935
7.1945877
6.6503563
7.1945877
5.4555984
6.110377
5.7829876
5.3493037
4.58823
5.3493037
5.3493037
5.132461
5.4598503
4.043999
4.915619
4.371388
5.3493037
5.7872396
6.0040812
5.2387567
6.110377
6.106125
7.0840406
6.106125
6.9777446
6.6461043
5.778736
8.389345
7.7345667
8.168251
9.150418
7.079788
7.6282716
7.7345667
8.389345
8.168251
9.36726
8.601935
8.278798
8.389345
7.6240196
8.8230295
8.601935
9.039871
8.491387
8.70823
8.38084
9.141914
9.898736
10.336672
10.230376
10.230376
9.469303
8.818777
8.818777
8.168251
8.061955
6.7523994
8.168251
7.5134726
7.079788
7.3008823
8.606187
7.7345667
7.951409
7.6240196
7.6240196
7.7303147
7.9471564
8.163999
8.929324
9.252461
8.274546
8.712482
9.469303
9.141914
9.358756
10.119829
9.681894
9.686145
10.336672
9.681894
9.796692
10.119829
9.681894
10.664061
10.115578
10.115578
11.314588
11.093493
10.876652
10.115578
10.005031
10.770356
10.226125
11.425134
10.664061
10.226125
10.119829
9.898736
10.987199
10.226125
10.876652
9.792441
9.57985
8.385093
8.278798
8.061955
8.712482
8.057704
9.57985
10.336672
10.119829
10.664061
9.681894
9.792441
9.686145
10.009283
10.770356
12.186207
11.748272
11.965114
11.093493
10.982946
10.5535145
9.137663
8.38084
9.256713
8.38084
8.712482
7.6240196
8.168251
6.858694
6.4250107
6.318715
6.318715
5.3408
6.6461043
6.969241
7.4029255
8.0534525
9.031367
8.593431
8.0492
8.37659
8.159747
8.487137
8.487137
8.925072
9.358756
8.814526
8.597683
8.0534525
7.5134726
7.2966304
7.1860833
7.8451138
7.1860833
6.4250107
7.5177245
7.7303147
7.5134726
8.057704
7.7303147
7.6197677
8.38084
8.270294
8.491387
8.597683
9.031367
8.92082
9.792441
9.358756
8.70823
8.057704
7.9471564
7.1903353
7.1903353
7.8451138
7.4071774
6.21242
7.6282716
6.8671985
5.3450513
7.0882916
5.5618935
6.9777446
7.2966304
8.278798
8.385093
8.274546
8.818777
8.929324
7.1860833
7.7303147
7.9471564
8.601935
8.818777
7.9471564
8.491387
8.274546
7.0755363
7.4029255
7.2966304
6.2081685
5.778736
5.995578
5.5618935
7.0840406
7.2966304
7.1903353
8.168251
5.991326
6.6461043
6.539809
5.991326
7.4071774
7.5134726
8.929324
8.38084
9.358756
9.252461
9.575599
8.925072
9.031367
9.252461
8.814526
9.796692
10.447219
9.575599
11.097745
10.664061
9.354505
9.358756
9.575599
10.336672
9.24821
8.270294
9.575599
9.24821
8.597683
9.24821
10.226125
9.681894
10.230376
8.597683
7.8366094
8.491387
8.925072
8.491387
9.039871
8.925072
8.163999
7.840862
8.925072
7.7260633
9.57985
8.925072
8.925072
9.57985
8.818777
9.031367
8.925072
9.686145
9.24821
10.013535
9.686145
9.358756
9.9029875
9.469303
8.703979
8.163999
8.70823
8.814526
9.796692
8.487137
8.70823
9.141914
8.057704
8.38084
8.270294
7.9471564
9.252461
8.487137
8.38084
9.796692
8.703979
8.925072
9.9029875
9.137663
8.92082
9.681894
9.792441
9.465052
9.792441
10.664061
9.571347
9.24821
9.686145
10.119829
10.991449
10.442967
10.770356
10.5535145
10.770356
10.5535145
10.009283
10.226125
9.4608
10.880902
9.465052
8.593431
10.336672
10.659809
10.442967
9.681894
10.336672
9.792441
10.119829
9.792441
9.469303
9.137663
9.141914
8.925072
9.575599
8.270294
8.0534525
8.70823
8.270294
8.491387
8.38084
8.597683
9.3630085
8.270294
10.013535
10.230376
10.336672
10.664061
10.5535145
10.5535145
8.92082
9.9029875
9.031367
9.24821
9.9029875
10.336672
9.9029875
9.031367
9.035619
8.703979
9.469303
9.9029875
9.469303
8.703979
8.818777
7.9471564
7.292379
7.6197677
8.601935
8.601935
8.274546
7.7303147
8.168251
8.057704
8.057704
8.163999
8.385093
7.9471564
7.9471564
7.7303147
8.385093
7.5134726
8.057704
9.146166
8.491387
8.057704
8.385093
8.385093
7.840862
6.858694
8.385093
7.0755363
8.274546
7.7303147
7.4029255
7.4029255
8.49564
7.7303147
7.5177245
7.2966304
6.8629465
6.101873
6.2081685
7.1903353
6.7523994
7.1903353
8.057704
7.0755363
8.168251
7.840862
6.7566514
6.21242
7.305134
6.429262
6.8671985
7.4114294
6.318715
6.539809
7.1903353
6.429262
7.5177245
5.995578
8.1725025
6.6503563
6.87145
5.7829876
5.2387567
5.5661454
6.216672
6.433514
7.0840406
6.101873
5.8892827
5.99983
5.778736
5.778736
6.216672
5.1282096
6.106125
5.8892827
6.106125
6.101873
6.7566514
6.106125
6.9777446
7.3008823
5.995578
6.539809
6.6461043
5.8892827
5.3450513
4.9113674
6.654608
5.5661454
5.99983
6.216672
6.6503563
7.305134
7.1903353
7.0840406
7.4114294
7.4114294
6.6503563
6.9777446
5.1282096
5.99983
7.521976
6.539809
7.3008823
8.168251
7.840862
8.061955
7.5177245
7.0840406
7.6282716
5.8850307
6.87145
7.0840406
5.3450513
5.7829876
5.8850307
4.9113674
6.433514
6.106125
5.8892827
5.7829876
5.0176625
6.327219
7.415681
6.327219
7.738818
7.738818
6.6503563
7.0840406
6.9734936
7.4071774
7.079788
7.6240196
8.168251
7.951409
7.4114294
8.8230295
7.840862
7.951409
8.385093
7.2966304
7.5134726
7.840862
8.49564
8.49564
8.712482
7.5177245
7.5177245
7.840862
7.5177245
7.1903353
7.079788
7.5177245
7.951409
7.6282716
7.3008823
7.305134
7.3008823
7.3008823
7.4114294
7.1903353
6.8671985
7.5177245
6.429262
6.21242
7.6282716
7.738818
6.429262
7.6282716
7.4114294
6.539809
7.7345667
7.955661
8.389345
7.2966304
7.8451138
8.278798
7.7345667
8.385093
8.168251
7.7345667
7.079788
6.5355573
6.9734936
8.061955
7.6240196
8.8230295
7.9471564
7.4071774
8.278798
7.2966304
7.3008823
8.1725025
7.1903353
7.5177245
8.061955
8.057704
7.951409
7.5134726
7.4071774
8.278798
7.6240196
7.7345667
8.49564
8.385093
8.168251
7.840862
7.5134726
9.039871
8.274546
8.057704
8.606187
8.929324
7.951409
8.712482
8.385093
7.5134726
7.5134726
7.840862
7.1860833
7.079788
8.061955
8.168251
7.2966304
8.168251
7.951409
6.7523994
7.951409
8.278798
7.2966304
7.1903353
7.8451138
8.49564
7.5177245
7.521976
8.278798
7.0840406
8.385093
8.49564
7.5177245
7.5177245
7.1903353
7.6282716
7.6282716
7.4071774
6.8629465
8.929324
8.929324
8.929324
8.601935
8.057704
8.163999
8.491387
8.601935
8.168251
7.6197677
8.274546
8.929324
7.951409
8.712482
8.274546
7.5134726
8.606187
7.7345667
7.4071774
8.061955
7.738818
6.8671985
8.389345
7.951409
7.079788
8.49564
7.5134726
6.9734936
7.6282716
7.5177245
7.1945877
6.9777446
6.9734936
6.6503563
7.738818
8.712482
8.601935
7.951409
7.6240196
7.951409
7.951409
7.9471564
7.2966304
8.278798
8.712482
7.5134726
7.6240196
8.385093
7.8366094
7.9471564
8.601935
8.601935
7.5134726
7.840862
7.7303147
8.601935
8.385093
6.969241
7.6240196
7.840862
6.318715
7.3008823
7.1903353
6.101873
7.1945877
7.5177245
6.9734936
7.5177245
8.061955
5.991326
8.1725025
6.9734936
6.9734936
8.1725025
6.969241
6.7523994
7.1860833
8.057704
6.969241
7.951409
7.4071774
8.278798
8.601935
8.929324
8.274546
8.163999
8.712482
8.168251
8.385093
7.6240196
7.6240196
7.840862
7.840862
8.061955
7.4071774
6.969241
8.168251
6.8629465
7.6240196
8.385093
7.2966304
7.079788
8.712482
8.057704
7.079788
7.6240196
7.4029255
8.168251
8.385093
7.840862
8.061955
8.168251
9.039871
8.491387
9.3630085
7.8366094
8.385093
8.818777
8.491387
9.039871
7.7303147
9.039871
9.146166
8.491387
7.9471564
9.256713
7.5134726
8.712482
8.385093
8.606187
8.061955
6.5355573
6.8629465
7.5177245
7.7345667
6.9734936
7.7345667
7.951409
7.0840406
7.955661
6.7566514
7.738818
7.1903353
7.1945877
8.716734
7.6240196
7.951409
8.933577
8.168251
7.6240196
8.491387
8.274546
7.8451138
8.712482
7.3008823
7.5177245
7.079788
7.4071774
8.057704
9.035619
8.168251
8.49564
6.8629465
7.5177245
6.7566514
7.1903353
7.7345667
8.057704
7.951409
8.712482
7.6240196
7.840862
7.4071774
7.951409
7.4071774
7.6282716
7.951409
7.4071774
7.0840406
8.712482
7.951409
8.712482
8.929324
9.039871
8.8230295
7.951409
7.951409
8.49564
8.712482
8.274546
7.9471564
8.491387
8.274546
9.035619
8.49564
7.840862
7.509221
8.601935
8.385093
8.274546
8.49564
8.168251
7.079788
8.278798
7.4071774
7.5134726
8.057704
8.49564
7.1903353
8.8230295
8.278798
8.385093
7.4071774
7.7303147
8.057704
8.70823
7.951409
8.606187
8.929324
7.6240196
8.712482
8.49564
8.601935
7.840862
7.7303147
9.256713
8.929324
9.039871
7.6240196
8.929324
7.951409
7.5134726
7.5177245
8.49564
7.7345667
7.6240196
8.49564
8.168251
7.5134726
7.4071774
8.606187
7.5134726
7.951409
7.3008823
8.606187
6.7566514
8.278798
8.606187
8.606187
8.057704
8.278798
7.840862
8.278798
8.278798
8.385093
7.4071774
7.8451138
7.840862
8.499891
7.951409
8.385093
7.6240196
7.2966304
9.150418
8.712482
8.168251
9.146166
8.274546
8.601935
8.491387
8.929324
8.057704
8.057704
7.8451138
7.8451138
8.8230295
7.6240196
8.606187
7.4071774
8.168251
7.4071774
7.5134726
6.8629465
7.8451138
7.951409
7.738818
8.061955
8.49564
7.7345667
7.1903353
8.061955
7.4071774
7.840862
7.951409
8.606187
8.168251
7.5134726
9.039871
7.2966304
7.6240196
8.601935
9.146166
8.168251
8.385093
9.36726
8.057704
8.929324
8.49564
8.168251
8.385093
8.274546
8.385093
7.7303147
8.274546
7.7303147
8.057704
7.7303147
8.385093
8.601935
7.951409
8.712482
7.951409
8.168251
7.840862
8.168251
8.49564
8.057704
9.36726
8.49564
8.168251
8.712482
9.039871
8.49564
8.49564
8.49564
9.039871
8.385093
8.274546
10.017787
8.925072
9.584103
9.146166
8.925072
9.146166
8.70823
8.274546
8.601935
9.57985
7.840862
8.601935
8.274546
8.601935
8.49564
7.840862
8.057704
8.168251
8.712482
8.168251
8.274546
8.8230295
7.4029255
9.256713
8.168251
8.274546
7.7303147
9.584103
8.057704
8.057704
8.712482
9.584103
9.035619
9.3630085
9.796692
10.119829
9.796692
9.57985
9.575599
9.57985
10.995702
10.124082
11.2125435
10.119829
9.681894
9.9029875
10.774608
10.442967
10.336672
10.774608
10.336672
10.013535
10.447219
9.575599
10.119829
9.57985
9.035619
9.039871
8.818777
8.49564
8.49564
8.929324
9.584103
8.8230295
8.057704
8.606187
7.738818
6.9734936
6.9777446
7.955661
8.49564
9.035619
9.584103
10.230376
10.013535
11.429386
10.991449
10.009283
10.124082
10.230376
9.686145
10.668313
9.9029875
9.3630085
9.035619
8.712482
8.385093
9.256713
9.800944
9.3630085
8.929324
8.925072
9.690397
9.690397
9.035619
9.57985
9.57985
9.9029875
9.24821
10.991449
10.987199
10.774608
10.880902
11.101996
10.340923
10.013535
10.013535
9.141914
9.796692
10.557766
9.57985
9.907239
9.3630085
9.690397
9.911491
8.818777
8.929324
9.3630085
10.340923
10.774608
10.664061
11.858818
10.5535145
10.880902
10.5535145
10.340923
11.535681
10.664061
10.885155
10.885155
10.234629
8.49564
9.256713
8.606187
8.1725025
9.150418
8.278798
8.929324
9.035619
9.3630085
8.929324
8.8230295
8.168251
8.066207
7.738818
7.305134
9.371511
9.36726
8.929324
9.256713
9.690397
8.163999
8.8230295
9.150418
8.278798
9.36726
9.36726
9.150418
9.039871
8.712482
9.039871
8.8230295
8.278798
8.49564
8.49564
9.36726
8.606187
8.1725025
8.1725025
8.278798
7.738818
7.8451138
6.8671985
6.6503563
6.6503563
7.3008823
8.28305
8.610438
7.955661
7.0840406
6.433514
7.305134
6.216672
6.760903
6.8671985
7.8451138
9.36726
8.278798
8.712482
9.36726
7.7303147
8.601935
9.473556
8.70823
8.925072
10.124082
10.447219
10.447219
10.770356
9.9029875
10.885155
9.358756
8.597683
8.278798
7.840862
6.7523994
7.6282716
7.4114294
5.99983
6.760903
6.87145
5.3450513
6.87145
7.1945877
8.066207
8.499891
8.712482
7.8451138
8.49564
7.2966304
8.278798
8.491387
8.385093
8.601935
9.473556
9.796692
9.3630085
8.057704
9.150418
8.712482
8.49564
7.7345667
8.168251
8.061955
9.039871
8.601935
8.712482
8.601935
8.491387
8.929324
8.925072
10.45147
9.9029875
9.141914
9.907239
9.796692
10.119829
10.668313
9.252461
9.141914
9.035619
9.3630085
9.146166
9.039871
8.929324
8.385093
9.800944
8.274546
8.274546
8.933577
8.385093
8.385093
9.57985
9.57985
8.925072
8.38084
9.146166
8.925072
10.447219
11.429386
11.429386
11.425134
10.340923
10.668313
9.796692
10.340923
9.686145
10.668313
9.796692
9.141914
9.686145
10.557766
9.252461
10.230376
11.101996
10.557766
10.447219
10.340923
10.230376
10.336672
9.575599
10.774608
11.314588
11.097745
11.752523
11.204041
10.987199
11.752523
10.442967
10.115578
10.880902
11.748272
12.181956
11.854567
11.748272
10.766105
11.748272
11.965114
12.509345
12.181956
11.093493
11.093493
11.420882
11.093493
11.637725
12.071408
12.509345
12.075661
12.071408
11.204041
12.186207
11.527178
12.075661
10.659809
10.5535145
11.318839
9.898736
10.557766
10.447219
10.013535
10.880902
10.5535145
9.792441
10.664061
11.318839
10.5535145
10.013535
9.031367
10.447219
10.230376
11.314588
10.770356
10.766105
10.5535145
11.204041
9.465052
10.336672
10.009283
10.659809
10.226125
11.531429
11.097745
11.314588
10.770356
9.898736
10.987199
10.880902
9.898736
9.681894
10.880902
9.575599
10.340923
9.686145
9.035619
8.491387
9.690397
9.146166
9.252461
10.013535
8.818777
8.491387
9.3630085
8.601935
9.035619
9.469303
9.907239
9.035619
9.252461
9.907239
9.141914
9.686145
9.469303
8.70823
8.70823
8.601935
8.925072
9.57985
9.252461
10.340923
9.252461
8.597683
8.818777
7.9471564
8.818777
8.491387
9.3630085
9.035619
8.712482
7.4029255
8.057704
8.712482
7.7303147
8.057704
8.929324
7.951409
8.385093
7.4071774
8.49564
6.8629465
7.955661
7.8451138
7.5177245
7.5177245
8.49564
8.278798
8.057704
8.274546
8.385093
8.712482
7.7303147
8.278798
8.385093
8.606187
8.278798
8.712482
7.7345667
7.840862
6.8629465
7.951409
7.951409
8.929324
9.039871
8.8230295
7.2966304
7.7345667
8.168251
7.6240196
8.49564
8.385093
7.7345667
9.039871
7.840862
7.7345667
8.601935
8.712482
7.951409
8.606187
7.2966304
7.7345667
7.5177245
8.278798
8.278798
7.8451138
7.6240196
7.079788
9.039871
8.057704
8.385093
8.168251
9.36726
7.1860833
8.163999
7.951409
8.163999
8.057704
8.057704
7.840862
9.146166
8.057704
7.6240196
8.8230295
8.168251
7.2966304
8.278798
7.4071774
7.840862
8.278798
7.840862
8.061955
9.150418
7.4071774
7.4114294
7.8451138
7.0840406
7.4071774
8.061955
8.8230295
8.168251
8.168251
8.929324
8.49564
8.274546
8.385093
8.168251
8.49564
8.929324
8.601935
8.385093
8.601935
8.601935
8.818777
8.057704
8.818777
9.141914
9.035619
9.57985
8.70823
8.929324
8.38084
8.712482
9.690397
8.057704
8.70823
8.274546
9.252461
8.168251
8.712482
7.9471564
7.7303147
9.473556
8.712482
8.49564
8.49564
9.256713
8.8230295
8.49564
8.601935
8.929324
9.473556
8.818777
9.3630085
8.70823
9.035619
9.252461
9.252461
9.252461
9.469303
10.774608
8.814526
9.57985
9.469303
9.3630085
8.70823
8.491387
10.013535
8.929324
9.690397
9.469303
8.70823
9.907239
8.70823
9.035619
9.3630085
8.597683
9.3630085
9.57985
9.146166
9.252461
9.469303
10.234629
9.686145
8.814526
10.124082
9.686145
9.796692
9.035619
9.3630085
8.057704
9.256713
9.252461
9.035619
8.925072
8.491387
8.818777
9.039871
8.8230295
9.256713
8.712482
8.385093
9.256713
8.385093
8.163999
8.929324
8.818777
8.057704
8.385093
7.2966304
7.6240196
7.951409
7.6240196
8.061955
7.2966304
7.6240196
7.840862
7.4071774
9.256713
8.606187
7.7303147
8.385093
7.840862
8.929324
8.168251
9.3630085
8.491387
8.70823
9.141914
8.70823
9.57985
9.031367
9.796692
9.907239
9.031367
9.141914
10.557766
10.009283
9.681894
9.681894
10.119829
9.031367
8.597683
8.601935
8.057704
8.929324
8.712482
8.057704
7.951409
8.385093
6.8629465
7.5177245
8.061955
8.49564
7.840862
6.969241
9.039871
8.385093
8.385093
8.057704
7.079788
7.2966304
7.840862
8.278798
8.168251
9.150418
8.168251
8.49564
8.278798
7.4114294
8.061955
8.168251
8.1725025
8.49564
7.7345667
8.278798
8.168251
7.1903353
8.389345
7.0840406
7.3008823
6.539809
6.9734936
6.6503563
6.9777446
6.6503563
6.6503563
6.9777446
5.778736
6.327219
6.544061
5.778736
6.433514
5.6724405
5.99983
5.7872396
6.327219
5.3493037
5.893534
6.4377656
6.4377656
5.893534
5.7829876
6.4377656
6.2209234
6.4377656
5.1282096
5.4555984
6.5483127
6.327219
6.327219
5.7829876
7.0882916
5.6766925
6.544061
5.7829876
6.981997
5.7829876
6.4377656
6.2209234
4.9113674
6.0040812
6.4377656
6.765155
5.0219145
5.4598503
5.3493037
4.8050723
6.114629
5.893534
6.5483127
6.5483127
6.5483127
6.110377
5.893534
6.4377656
5.6766925
4.9113674
6.4377656
6.327219
6.110377
6.654608
6.544061
5.5661454
7.1988387
6.6503563
6.106125
7.0840406
7.3008823
7.3008823
7.5177245
6.7566514
7.5177245
8.061955
7.738818
7.4071774
7.6282716
7.7345667
6.318715
7.955661
8.499891
8.061955
7.4114294
7.305134
6.6503563
7.0840406
7.305134
7.738818
6.7566514
7.738818
7.1945877
6.6461043
7.521976
7.3008823
8.061955
8.606187
8.601935
9.039871
9.039871
8.929324
9.035619
8.929324
9.57985
9.686145
9.035619
8.925072
9.686145
10.557766
9.031367
10.340923
9.575599
9.358756
8.925072
10.230376
10.119829
10.115578
10.5535145
11.535681
10.115578
10.987199
10.876652
9.788189
11.208292
11.097745
10.005031
10.5535145
10.442967
10.226125
10.442967
10.442967
10.664061
10.5535145
11.641976
10.770356
10.336672
10.336672
10.5535145
10.987199
10.659809
11.858818
10.876652
11.527178
12.075661
12.943029
12.505093
12.943029
11.960861
13.159871
12.61564
13.266166
12.832482
13.916693
13.261915
13.372462
13.806146
13.261915
13.806146
13.478756
13.69985
13.045072
12.82823
13.483009
12.611388
13.589303
13.261915
14.673514
14.567219
13.368209
13.91244
14.235578
13.585052
13.261915
13.695599
13.151368
13.806146
13.91244
14.129283
14.779808
14.45242
14.7755575
14.669261
15.540882
14.558716
15.102947
14.890355
14.996652
16.739893
15.102947
15.757724
14.9924
16.080862
15.102947
14.7755575
15.209241
14.9924
16.195662
14.45242
15.430335
15.107199
14.886105
14.669261
16.195662
15.536632
15.647177
15.651429
15.647177
14.886105
14.779808
15.757724
15.757724
15.868271
15.319788
15.430335
16.629345
16.191408
15.319788
17.279871
15.753472
15.642925
14.9924
15.970315
15.430335
15.647177
15.864019
15.209241
16.191408
15.647177
14.881853
16.518799
15.647177
14.558716
14.779808
13.691346
13.368209
13.91244
13.801893
13.589303
13.261915
13.261915
13.478756
13.261915
13.372462
12.49659
13.261915
13.045072
12.611388
12.82823
12.82823
13.589303
12.823978
13.585052
13.257662
13.585052
13.257662
13.147116
13.91244
13.908189
14.346125
14.886105
14.341873
14.45242
14.996652
14.562967
13.908189
14.018736
14.886105
13.474504
14.125031
13.257662
12.602884
13.691346
13.040821
12.713431
12.279747
13.806146
12.279747
13.151368
13.585052
12.062905
11.952358
12.49659
13.368209
12.49659
12.062905
12.49659
12.823978
13.151368
13.151368
13.478756
13.261915
12.390294
12.717683
12.279747
12.500841
13.589303
12.062905
12.9345255
12.9345255
12.279747
12.611388
12.173452
12.067157
10.978694
11.195537
11.089241
11.089241
10.982946
10.111326
11.093493
9.7839365
10.659809
10.549262
10.33242
9.898736
10.005031
9.792441
9.898736
9.792441
8.925072
9.686145
8.487137
9.686145
9.141914
9.141914
9.252461
8.38084
8.163999
8.70823
8.818777
8.601935
8.601935
7.4029255
7.292379
8.601935
7.292379
7.5134726
8.168251
7.6197677
7.4071774
6.5355573
7.079788
6.0976214
7.079788
6.6461043
6.6461043
5.995578
6.3229666
4.690274
5.8892827
5.5618935
4.4734316
5.1282096
6.110377
4.2565894
3.71661
4.8050723
4.915619
3.8229048
3.933452
4.2608414
4.6945252
3.384969
4.2565894
5.1282096
4.58823
4.8050723
4.8050723
4.043999
4.8050723
3.4997678
4.8050723
4.58823
4.2608414
4.477683
5.5661454
4.367136
5.132461
4.371388
4.265093
4.043999
4.481935
3.2871776
3.9377036
3.0660834
4.0482507
3.6103148
3.2871776
3.1766307
3.1766307
4.0482507
3.7208617
1.981873
2.3092623
3.0703354
2.3092623
2.09242
2.5261042
2.202967
3.7251134
2.636651
3.2871776
3.2871776
2.3050103
2.9597883
3.3934724
2.7386947
3.1766307
4.265093
3.6103148
4.481935
4.58823
4.58823
4.039747
4.4734316
4.039747
5.2387567
5.4555984
4.583978
4.367136
4.4734316
4.477683
5.5661454
4.039747
4.583978
6.327219
5.3450513
4.9113674
5.2387567
4.6945252
4.8050723
4.043999
4.2608414
4.367136
5.5661454
6.110377
5.5661454
4.9113674
4.8050723
5.2387567
5.7872396
4.698777
5.4598503
4.6945252
5.243008
5.3493037
5.3493037
5.1282096
5.5661454
5.243008
4.0482507
3.8314087
3.074587
3.7251134
4.0525026
2.9640403
3.3977246
2.5261042
4.1587977
3.9377036
4.371388
3.7208617
4.481935
2.4155574
3.3977246
2.202967
1.7692827
2.0966718
2.313514
2.747198
3.8356605
4.1587977
4.481935
4.58823
4.154546
5.0219145
2.9597883
2.09242
2.419809
2.202967
2.424061
2.9640403
4.37564
4.698777
4.150294
4.58823
4.8050723
2.9555366
3.9377036
3.827157
3.9377036
4.698777
4.8050723
4.371388
5.4598503
5.3493037
5.2387567
5.353555
4.58823
4.371388
5.3493037
4.6945252
5.0219145
4.9113674
4.477683
4.6945252
6.0040812
5.0219145
4.154546
5.243008
2.9597883
3.9419558
2.8534935
2.419809
1.8755778
3.0703354
3.0660834
3.8314087
4.0482507
3.827157
3.6103148
4.481935
4.265093
2.9597883
3.8314087
2.5218525
4.0482507
4.481935
3.827157
4.154546
4.915619
4.9113674
5.0219145
5.0219145
4.9113674
4.6945252
4.915619
4.2608414
4.58823
4.8093243
4.265093
3.0660834
2.9597883
3.3934724
3.5040195
2.7429464
3.8314087
2.9597883
3.2871776
3.6145666
2.5261042
2.3092623
3.5125234
3.1851342
1.2250515
2.2072186
2.7514498
2.530356
2.09242
3.5082712
2.8534935
2.747198
1.8755778
3.1808825
2.202967
3.7251134
4.7030287
5.7872396
4.8050723
5.6766925
5.7829876
6.327219
6.4377656
5.893534
4.8050723
5.4555984
5.132461
5.6766925
6.4377656
5.0219145
6.2209234
6.5483127
6.110377
5.132461
6.3314705
6.0040812
6.2209234
6.765155
6.327219
5.2387567
5.5661454
6.106125
5.5618935
7.849365
7.0882916
7.0840406
6.544061
6.654608
5.6766925
5.893534
5.132461
6.544061
6.87145
6.760903
7.305134
8.499891
6.539809
6.429262
6.216672
5.0219145
5.3493037
6.110377
4.915619
6.3314705
5.99983
5.0219145
6.87145
6.106125
6.101873
7.8451138
7.5177245
5.5618935
6.216672
5.7829876
6.2209234
5.7872396
5.0219145
5.6766925
4.8050723
5.3493037
5.99983
6.216672
6.6503563
6.539809
7.955661
7.5134726
7.1903353
7.8451138
8.606187
8.061955
9.044123
7.951409
8.606187
8.49564
8.933577
8.8230295
8.601935
7.9471564
8.601935
8.712482
8.057704
9.36726
8.8230295
8.8230295
8.389345
8.061955
7.738818
6.9734936
7.3008823
6.106125
8.176754
6.539809
6.216672
7.632523
6.539809
5.6724405
6.9777446
6.6503563
5.6724405
6.765155
6.760903
7.1988387
6.544061
7.521976
6.87145
6.9777446
7.6282716
6.7566514
7.8451138
7.8451138
7.955661
7.738818
7.4114294
8.389345
7.8451138
7.955661
8.8230295
6.8629465
8.066207
8.061955
7.3008823
8.499891
7.7345667
6.8671985
8.499891
7.7303147
8.606187
8.061955
9.256713
8.712482
8.061955
8.712482
7.1903353
7.7345667
7.7345667
8.929324
9.256713
8.8230295
7.6197677
7.6240196
8.929324
8.168251
8.933577
8.168251
9.039871
9.36726
9.690397
8.818777
9.584103
9.796692
9.3630085
10.340923
10.664061
10.774608
11.314588
11.425134
10.119829
10.664061
9.575599
9.469303
10.774608
10.230376
10.557766
11.101996
9.9029875
10.013535
10.447219
10.230376
9.907239
10.557766
10.995702
10.013535
10.013535
10.664061
9.252461
9.469303
9.469303
9.796692
11.2125435
10.340923
11.318839
11.429386
11.969365
10.336672
11.208292
10.009283
10.557766
10.119829
9.686145
10.668313
10.664061
10.664061
11.208292
11.425134
10.880902
10.664061
11.208292
11.208292
11.314588
10.336672
10.991449
10.336672
10.5535145
10.226125
10.880902
11.641976
11.097745
10.880902
11.425134
12.075661
10.880902
11.748272
11.097745
11.858818
11.641976
11.420882
11.425134
11.204041
11.858818
12.726187
11.854567
13.597807
13.376713
12.505093
13.814649
12.177704
12.181956
12.505093
13.155619
14.354629
14.133534
13.916693
14.57147
13.261915
13.372462
13.916693
13.589303
13.266166
13.376713
12.938777
13.049324
12.726187
11.633472
13.159871
13.159871
12.071408
11.960861
12.398798
11.7440195
13.270417
12.071408
12.398798
12.071408
12.177704
13.053576
13.159871
12.288251
12.505093
13.266166
13.266166
13.5935545
13.049324
12.721935
13.376713
12.832482
13.920944
12.721935
12.177704
13.920944
13.810397
12.394546
13.48726
12.505093
11.960861
13.266166
12.611388
12.505093
12.938777
12.61564
12.398798
12.832482
12.505093
12.177704
13.376713
12.82823
12.394546
12.394546
12.177704
12.61564
13.376713
13.5935545
13.049324
13.049324
13.69985
13.483009
13.266166
12.611388
13.810397
13.261915
13.916693
14.350377
13.806146
13.916693
13.916693
13.478756
14.02724
13.916693
13.69985
12.82823
14.02724
12.721935
12.721935
12.61564
12.067157
12.067157
12.721935
12.726187
11.7440195
11.199788
12.726187
12.071408
11.093493
11.965114
11.748272
10.221873
10.659809
11.965114
11.093493
11.420882
11.965114
11.637725
12.075661
11.641976
10.987199
10.447219
11.097745
10.659809
10.770356
9.788189
10.770356
9.681894
11.208292
10.115578
10.664061
11.208292
10.770356
10.336672
9.792441
10.5535145
10.5535145
10.5535145
10.336672
10.5535145
9.141914
10.447219
8.814526
8.597683
9.796692
9.3630085
9.686145
8.163999
8.491387
9.035619
8.925072
8.491387
9.57985
9.469303
8.70823
9.57985
8.491387
8.38084
9.473556
8.601935
9.035619
8.929324
8.057704
9.252461
9.141914
9.686145
8.70823
9.469303
9.796692
8.814526
8.597683
9.035619
9.57985
7.6197677
8.163999
8.274546
8.491387
8.601935
8.0534525
7.7303147
9.256713
7.7303147
7.4029255
9.36726
7.6240196
8.057704
8.057704
8.057704
8.061955
8.49564
7.2966304
7.6240196
8.278798
6.8629465
7.951409
6.9734936
7.1903353
6.6503563
7.3008823
6.3229666
6.106125
5.8892827
6.216672
6.3229666
5.557642
6.433514
7.1945877
5.6724405
5.7829876
4.583978
5.0176625
5.5661454
4.690274
6.216672
5.4555984
5.4555984
5.0176625
5.2387567
5.5661454
4.367136
4.039747
5.3493037
4.477683
4.6945252
6.2209234
4.367136
4.9113674
5.0219145
4.2565894
5.99983
5.893534
5.132461
5.5661454
5.0219145
4.9113674
5.2387567
5.2387567
6.433514
6.3229666
5.2345047
6.9777446
6.106125
5.2345047
7.1988387
5.5618935
6.433514
6.6503563
6.7566514
5.663937
6.8671985
6.6461043
5.778736
7.521976
6.9734936
6.3229666
6.3229666
7.1903353
5.0176625
6.3229666
6.106125
5.3408
5.1282096
6.216672
5.778736
5.1282096
5.6724405
4.690274
5.4555984
5.4555984
5.4555984
5.1282096
5.5661454
5.4555984
5.4555984
5.2387567
5.3450513
5.5661454
5.2387567
5.5618935
5.4555984
5.2387567
5.0176625
5.7829876
5.3450513
5.0176625
5.5618935
5.2345047
4.367136
5.1282096
5.1282096
5.0219145
4.9113674
4.8008204
4.8008204
6.106125
5.3450513
5.5618935
5.8892827
4.9113674
4.9113674
5.0219145
5.3450513
5.2387567
4.9113674
6.4377656
5.2387567
5.6724405
5.4555984
5.1282096
5.6724405
4.9113674
4.9113674
4.9113674
5.7829876
6.433514
6.6503563
6.6503563
6.9777446
6.106125
5.8892827
5.6724405
5.778736
5.1282096
5.778736
5.668189
5.5618935
6.7566514
5.995578
5.3450513
6.433514
6.7566514
6.429262
7.5177245
7.5177245
5.3408
5.8850307
6.101873
6.6461043
7.4071774
7.079788
6.101873
7.6282716
6.7523994
7.4071774
6.9734936
7.4071774
6.8629465
7.0840406
6.3229666
6.9734936
5.447095
7.3008823
7.3008823
7.7345667
7.2966304
7.5134726
7.6240196
7.5134726
7.1860833
7.4071774
7.079788
7.1860833
8.168251
8.057704
6.96499
8.057704
7.840862
7.9471564
7.292379
8.274546
7.1860833
7.7303147
7.4029255
8.057704
6.4207582
7.7303147
8.057704
7.0755363
8.274546
9.039871
8.601935
8.385093
8.929324
7.951409
8.385093
7.5134726
7.6197677
7.4071774
7.7345667
8.385093
7.079788
7.7345667
7.6240196
7.6240196
8.49564
6.969241
7.7303147
8.712482
7.6240196
7.840862
8.168251
7.7303147
8.274546
7.6197677
8.601935
7.7303147
7.7303147
7.1860833
7.5134726
8.491387
7.4029255
8.057704
7.951409
8.274546
8.929324
8.057704
7.079788
7.840862
7.840862
7.951409
7.1860833
6.969241
7.4071774
7.6240196
8.168251
7.7345667
7.7345667
8.057704
7.1903353
8.49564
7.6240196
7.8451138
7.6240196
7.2966304
7.6240196
8.712482
7.9471564
7.951409
7.2966304
6.8629465
8.601935
7.7303147
8.057704
8.057704
7.7303147
8.49564
8.274546
6.969241
8.168251
7.6240196
6.7523994
8.606187
7.2966304
7.4071774
7.7345667
7.3008823
6.3229666
7.3008823
7.4114294
6.7566514
5.778736
6.6503563
5.8892827
5.6724405
5.99983
5.6724405
5.6724405
5.99983
6.216672
5.1282096
6.654608
5.4555984
5.7829876
6.216672
5.99983
5.2387567
5.4555984
6.216672
5.3450513
5.3450513
6.106125
5.6724405
6.216672
4.8008204
5.6724405
5.6724405
6.110377
6.216672
5.1282096
5.6724405
5.2387567
6.110377
5.893534
4.2608414
5.7829876
5.0219145
4.477683
5.0219145
4.477683
4.150294
5.0219145
4.2608414
4.8050723
5.6766925
4.477683
6.110377
5.2387567
5.0219145
4.58823
4.9113674
5.0219145
5.5661454
4.9113674
4.6945252
5.893534
5.6724405
4.477683
5.4555984
5.5661454
4.367136
5.893534
6.110377
5.0219145
6.110377
5.2387567
5.3493037
4.8050723
4.371388
5.4598503
4.6945252
4.8050723
5.6766925
5.893534
5.132461
6.0040812
5.893534
4.8050723
5.132461
4.915619
4.698777
4.58823
5.5703974
5.6766925
6.0040812
5.5661454
6.5483127
4.2608414
4.2608414
6.3314705
5.5703974
5.2387567
6.0040812
6.2209234
5.7829876
5.6766925
6.2209234
5.2387567
5.5661454
6.327219
6.2209234
5.5661454
4.8008204
5.4555984
5.99983
5.99983
5.99983
6.87145
5.6766925
6.110377
6.2209234
6.110377
5.6766925
6.110377
5.7829876
5.0219145
6.110377
5.5661454
5.99983
6.4377656
5.5661454
5.99983
5.4555984
6.433514
5.3493037
6.327219
6.544061
6.216672
5.8892827
7.305134
7.849365
7.955661
6.8671985
6.7566514
6.3229666
7.0840406
6.6503563
6.9777446
6.8671985
6.433514
7.3008823
6.9777446
7.1903353
6.9734936
8.1725025
6.6461043
7.8451138
6.6461043
7.951409
7.5177245
7.4071774
7.6282716
8.061955
7.0840406
7.4114294
7.6282716
7.4114294
7.5177245
6.5355573
7.5177245
7.4114294
8.28305
7.8451138
7.079788
8.1725025
9.039871
7.4071774
8.168251
8.601935
8.274546
8.168251
8.163999
8.491387
8.712482
9.141914
9.141914
10.991449
11.097745
10.770356
11.314588
12.075661
10.655557
11.641976
10.982946
11.093493
10.770356
11.093493
10.442967
11.318839
10.009283
10.119829
10.557766
10.340923
9.686145
10.013535
9.035619
9.252461
8.70823
8.712482
8.601935
8.70823
8.163999
9.690397
11.208292
10.442967
10.982946
12.071408
12.721935
11.850314
12.505093
11.420882
12.943029
11.637725
11.314588
10.009283
9.469303
8.818777
8.385093
9.911491
9.800944
9.57985
9.57985
10.119829
10.119829
10.009283
9.788189
10.770356
10.770356
11.097745
11.208292
11.752523
10.880902
11.748272
11.531429
11.637725
11.637725
11.093493
11.420882
12.075661
10.659809
10.013535
10.562017
9.252461
9.473556
9.146166
10.013535
10.226125
11.531429
10.876652
9.571347
10.442967
10.659809
10.664061
11.314588
10.876652
11.420882
11.637725
11.854567
11.7440195
10.982946
11.641976
12.292503
10.987199
11.318839
10.447219
9.252461
10.340923
10.770356
11.314588
11.637725
10.770356
10.442967
10.987199
11.208292
10.664061
9.358756
9.686145
10.880902
10.5535145
10.5535145
10.987199
10.5535145
10.33242
10.009283
11.204041
11.531429
11.641976
12.292503
10.659809
10.770356
9.681894
9.4608
11.097745
11.314588
12.071408
12.292503
11.748272
10.872399
12.181956
11.854567
11.854567
11.637725
10.5535145
10.119829
10.664061
9.252461
9.9029875
9.686145
10.557766
10.013535
10.009283
10.013535
9.3630085
10.234629
8.38084
9.256713
8.8230295
7.9471564
8.8230295
8.929324
7.840862
8.057704
9.584103
9.039871
9.3630085
9.3630085
10.340923
10.991449
10.664061
11.858818
12.943029
13.920944
14.792564
14.682017
14.031491
14.248333
13.266166
12.509345
12.947281
11.531429
9.575599
8.163999
8.168251
7.1903353
6.429262
8.606187
7.738818
7.849365
8.066207
8.168251
9.256713
10.774608
11.748272
11.960861
12.938777
13.69985
13.483009
13.483009
12.505093
12.292503
11.425134
10.991449
9.57985
9.146166
9.36726
9.36726
7.951409
7.6282716
8.1725025
8.1725025
9.584103
8.712482
10.124082
10.124082
8.70823
8.929324
8.818777
9.473556
10.45147
10.447219
10.230376
10.447219
10.447219
10.991449
9.575599
9.469303
9.796692
9.796692
8.057704
8.8230295
7.6240196
8.389345
8.606187
8.057704
8.389345
8.49564
7.840862
8.929324
8.38084
9.141914
9.907239
10.013535
8.70823
9.686145
9.358756
10.230376
10.770356
10.659809
10.770356
10.336672
10.230376
9.57985
8.274546
9.252461
9.469303
8.597683
10.119829
9.792441
9.031367
9.469303
9.252461
8.274546
9.256713
8.057704
8.057704
8.929324
7.840862
9.146166
9.3630085
9.24821
10.664061
10.774608
10.5535145
9.9029875
9.796692
9.358756
9.473556
9.911491
9.035619
8.929324
9.256713
8.814526
10.119829
9.686145
10.5535145
9.681894
10.447219
10.557766
10.340923
10.013535
8.597683
8.270294
9.3630085
9.465052
10.230376
10.770356
10.226125
10.770356
11.208292
10.336672
9.575599
9.252461
9.57985
8.491387
9.800944
9.473556
8.601935
8.385093
7.9471564
8.929324
8.712482
9.256713
9.584103
8.601935
9.36726
7.7303147
9.146166
9.035619
9.800944
10.013535
9.252461
10.668313
9.141914
9.141914
9.690397
9.3630085
8.814526
10.124082
9.465052
9.792441
10.013535
10.664061
10.013535
9.031367
9.031367
9.252461
9.469303
9.252461
9.141914
9.796692
10.340923
9.137663
10.230376
9.252461
9.252461
9.035619
10.013535
10.013535
10.340923
9.141914
10.017787
9.469303
8.491387
10.234629
9.57985
7.9471564
8.601935
8.70823
8.70823
9.358756
9.252461
9.035619
8.925072
8.929324
9.035619
8.712482
8.385093
9.035619
8.491387
9.800944
9.57985
8.925072
9.035619
8.929324
8.601935
7.8366094
8.385093
9.035619
8.491387
8.712482
9.146166
8.818777
8.601935
8.057704
8.385093
8.274546
8.168251
7.9471564
8.168251
7.6197677
8.601935
8.057704
8.49564
8.168251
8.8230295
7.840862
7.2966304
8.491387
7.9471564
9.252461
9.035619
9.57985
8.814526
8.925072
9.686145
9.3630085
9.469303
9.796692
9.57985
9.575599
9.035619
8.38084
9.57985
9.57985
8.814526
9.035619
10.557766
10.013535
10.013535
9.035619
9.035619
8.818777
9.039871
8.929324
8.601935
9.473556
8.601935
8.057704
9.3630085
8.818777
9.800944
8.818777
8.70823
9.035619
8.491387
9.035619
10.124082
8.70823
9.3630085
8.818777
9.796692
8.38084
9.57985
9.141914
8.597683
9.252461
9.575599
10.45147
10.013535
8.597683
8.38084
9.57985
9.141914
10.230376
9.686145
8.92082
10.340923
9.792441
9.686145
10.340923
9.796692
10.230376
9.24821
10.991449
10.5535145
10.119829
10.336672
10.880902
9.9029875
10.447219
10.5535145
10.991449
9.681894
11.208292
10.442967
10.009283
10.987199
11.531429
11.097745
9.677642
11.858818
10.659809
10.659809
11.314588
10.770356
10.659809
10.880902
11.204041
11.637725
12.292503
13.266166
12.067157
12.505093
12.726187
13.270417
11.850314
12.721935
12.288251
13.049324
13.483009
13.5935545
13.159871
11.7440195
11.965114
11.641976
11.093493
11.314588
10.987199
11.637725
12.398798
11.965114
11.960861
11.7440195
12.836734
13.159871
12.726187
12.186207
12.836734
11.199788
11.314588
10.876652
11.093493
12.61564
11.637725
12.075661
11.748272
11.093493
11.531429
10.876652
11.097745
11.420882
11.748272
11.204041
10.876652
10.770356
12.075661
10.221873
12.292503
11.314588
10.226125
10.5535145
10.226125
10.664061
9.9029875
10.770356
9.9029875
10.009283
9.792441
9.792441
10.5535145
11.318839
10.885155
10.336672
10.991449
11.097745
10.770356
10.447219
10.659809
10.336672
11.641976
11.965114
11.314588
11.637725
12.186207
11.531429
11.641976
10.880902
10.442967
11.748272
11.314588
11.637725
10.880902
10.770356
10.659809
11.314588
12.619891
11.748272
10.770356
10.664061
10.770356
10.664061
10.119829
10.336672
10.009283
9.686145
10.336672
9.358756
10.991449
10.226125
9.031367
10.013535
9.9029875
9.358756
9.686145
9.57985
8.925072
9.907239
9.796692
9.252461
11.101996
11.097745
10.226125
10.119829
11.646228
10.991449
9.792441
10.880902
10.226125
10.5535145
10.442967
10.5535145
10.226125
10.33242
10.5535145
11.314588
11.204041
11.097745
10.664061
10.336672
11.208292
11.097745
11.097745
11.208292
10.5535145
11.858818
10.336672
11.646228
10.5535145
11.8630705
10.987199
10.770356
11.097745
11.858818
10.5535145
10.770356
11.641976
11.969365
10.987199
11.535681
11.641976
11.641976
11.641976
10.442967
10.009283
10.336672
10.115578
11.535681
10.880902
10.442967
9.681894
9.792441
10.013535
9.9029875
9.575599
10.340923
10.013535
8.925072
9.473556
9.146166
9.907239
9.57985
9.3630085
9.035619
8.163999
9.584103
8.818777
9.584103
9.256713
8.601935
8.491387
9.57985
10.017787
8.70823
8.70823
9.146166
10.124082
9.3630085
8.8230295
9.796692
9.146166
9.796692
9.469303
9.796692
9.9029875
10.013535
9.252461
9.3630085
9.686145
8.601935
9.800944
8.818777
8.601935
8.929324
9.473556
8.712482
9.150418
9.039871
6.9734936
8.716734
8.49564
8.606187
8.712482
7.951409
8.061955
8.606187
8.168251
7.3008823
8.061955
8.389345
7.305134
8.393597
8.278798
8.061955
8.278798
8.278798
8.278798
8.933577
6.8629465
6.8671985
7.6282716
6.6503563
6.6503563
7.6282716
6.7566514
8.066207
6.3229666
5.8892827
7.415681
5.8892827
7.1945877
6.433514
5.8892827
6.6503563
6.216672
7.521976
6.539809
7.849365
7.0840406
7.0882916
6.8671985
5.778736
7.0882916
6.327219
4.583978
5.3493037
5.132461
5.5661454
6.4377656
6.110377
5.4555984
5.7829876
6.875702
5.2387567
6.327219
6.544061
6.327219
6.87145
6.9777446
6.216672
6.654608
6.544061
4.9113674
5.893534
5.7829876
6.0040812
5.7829876
5.7829876
6.110377
5.0219145
6.4377656
5.5661454
5.0219145
6.5483127
6.110377
5.4555984
5.7829876
6.2209234
5.5661454
5.893534
6.4377656
5.7829876
6.981997
7.1945877
5.7829876
6.981997
7.305134
5.99983
7.1988387
7.849365
7.305134
7.738818
7.4114294
7.305134
7.415681
5.778736
7.0840406
7.1988387
6.544061
6.106125
6.87145
7.738818
6.3229666
6.760903
7.738818
7.1945877
8.066207
7.8451138
7.4071774
7.3008823
8.499891
8.49564
7.3008823
7.738818
8.933577
7.8451138
8.606187
7.951409
7.951409
8.1725025
8.278798
8.061955
8.389345
8.8230295
7.738818
8.28305
6.9734936
7.415681
7.955661
8.606187
9.044123
8.499891
8.389345
8.389345
9.150418
7.840862
7.840862
9.911491
8.712482
8.601935
9.800944
9.146166
8.601935
8.712482
8.929324
9.690397
8.38084
9.146166
9.57985
10.234629
9.57985
9.57985
9.3630085
9.690397
8.601935
8.274546
8.929324
9.800944
8.274546
8.601935
8.712482
8.49564
9.256713
8.818777
9.256713
8.385093
8.929324
9.690397
9.690397
9.035619
10.124082
9.3630085
9.3630085
9.039871
10.017787
8.925072
10.017787
9.469303
9.57985
9.146166
9.469303
10.017787
10.230376
8.814526
9.907239
10.013535
9.9029875
10.340923
9.792441
10.5535145
10.336672
10.336672
9.792441
9.358756
8.814526
9.686145
10.340923
9.469303
8.491387
9.907239
8.925072
8.929324
9.57985
8.491387
9.146166
9.150418
8.491387
8.712482
8.385093
8.929324
9.686145
8.925072
10.447219
11.208292
9.686145
10.447219
10.880902
11.425134
10.664061
9.792441
10.664061
11.969365
10.226125
11.752523
9.681894
9.681894
10.664061
10.880902
10.557766
10.880902
10.5535145
10.447219
10.119829
9.465052
9.9029875
10.009283
9.358756
9.575599
9.907239
10.774608
10.447219
10.668313
10.991449
10.774608
9.575599
10.885155
10.119829
10.774608
9.9029875
9.9029875
11.097745
10.880902
11.208292
10.987199
10.770356
12.075661
12.509345
11.531429
11.965114
11.420882
12.181956
12.832482
12.398798
12.181956
11.310335
11.854567
11.314588
10.876652
11.425134
10.442967
10.226125
10.770356
11.097745
9.792441
10.119829
9.358756
9.796692
8.814526
10.124082
10.885155
10.664061
9.9029875
10.009283
10.336672
10.119829
11.641976
11.097745
10.876652
12.181956
11.310335
11.310335
12.292503
10.987199
11.641976
10.447219
9.686145
9.141914
9.796692
9.146166
9.469303
9.031367
10.013535
10.230376
8.814526
8.814526
10.230376
10.664061
9.792441
10.005031
10.659809
10.876652
11.531429
11.420882
11.420882
10.982946
12.181956
10.876652
11.208292
10.770356
10.770356
10.5535145
10.774608
10.336672
10.45147
9.792441
9.575599
10.774608
10.336672
9.686145
9.686145
10.226125
10.557766
10.336672
11.097745
9.354505
10.5535145
10.659809
11.420882
12.181956
12.943029
12.181956
11.531429
10.442967
9.465052
10.447219
9.465052
9.686145
9.031367
9.898736
9.031367
8.92082
9.141914
8.925072
9.039871
8.929324
7.5134726
9.584103
9.473556
8.163999
10.124082
8.92082
9.792441
10.119829
9.465052
10.991449
10.013535
9.035619
9.256713
9.473556
9.796692
9.035619
9.24821
9.9029875
10.005031
10.5535145
10.226125
10.009283
9.358756
10.124082
9.9029875
9.469303
9.9029875
10.880902
11.531429
11.420882
11.093493
11.310335
10.226125
10.880902
10.987199
10.009283
10.119829
10.340923
7.8366094
8.274546
8.057704
8.601935
8.818777
8.8230295
9.800944
9.796692
10.234629
9.690397
8.385093
8.929324
8.49564
9.256713
9.907239
10.013535
11.858818
12.075661
11.637725
11.637725
10.115578
9.9029875
10.774608
10.013535
9.035619
9.686145
9.469303
9.146166
8.168251
7.2966304
7.1903353
6.429262
6.87145
7.4114294
5.7829876
6.9777446
6.8671985
6.760903
8.278798
8.168251
8.385093
9.36726
9.039871
8.601935
8.057704
8.70823
9.469303
8.925072
8.929324
7.7303147
8.1725025
7.738818
7.4114294
7.521976
6.8671985
7.1945877
5.8892827
7.1945877
6.327219
6.87145
6.110377
6.654608
5.6724405
6.544061
6.6503563
8.389345
7.8451138
9.150418
8.274546
8.057704
8.057704
8.601935
8.929324
8.274546
8.385093
8.818777
8.491387
7.4071774
7.2966304
7.6240196
8.1725025
7.6282716
7.5177245
7.521976
6.9734936
6.7566514
7.521976
7.4114294
5.7744837
7.955661
8.066207
8.061955
8.278798
8.712482
9.039871
8.057704
8.8230295
8.601935
8.601935
8.601935
9.150418
9.039871
7.9471564
8.929324
8.274546
8.274546
9.584103
8.274546
8.601935
8.929324
8.278798
8.168251
7.7303147
8.385093
8.278798
8.8230295
8.278798
8.49564
8.057704
8.712482
8.057704
8.712482
8.278798
8.278798
6.8629465
7.3008823
8.168251
8.601935
8.712482
8.49564
8.385093
8.278798
7.6240196
8.278798
9.260964
8.8230295
7.951409
8.712482
9.039871
9.035619
9.800944
9.907239
9.3630085
10.345176
10.45147
9.690397
9.690397
9.3630085
9.3630085
9.796692
10.557766
9.796692
9.690397
9.690397
9.256713
9.252461
8.925072
10.017787
9.690397
9.469303
10.45147
9.252461
9.800944
9.473556
8.929324
8.606187
9.256713
8.49564
8.8230295
9.035619
9.469303
9.141914
9.686145
9.907239
9.252461
9.690397
9.57985
9.3630085
9.907239
10.340923
10.119829
10.124082
10.017787
9.469303
9.57985
10.340923
10.013535
10.991449
10.119829
10.230376
10.336672
9.681894
10.013535
10.5535145
9.465052
10.447219
11.097745
9.792441
10.230376
11.318839
9.141914
10.017787
8.70823
8.929324
9.256713
9.584103
8.274546
9.477807
9.256713
8.929324
8.8230295
9.146166
8.601935
8.8230295
7.6240196
8.49564
8.49564
9.473556
8.712482
9.800944
8.601935
8.385093
8.712482
7.951409
9.146166
8.385093
9.36726
9.039871
8.385093
8.49564
7.951409
8.278798
7.840862
8.929324
8.385093
8.061955
8.385093
8.606187
7.5177245
8.168251
8.061955
7.7345667
8.606187
9.36726
8.929324
8.49564
8.712482
7.951409
8.49564
8.385093
8.818777
8.929324
9.473556
9.36726
9.36726
8.601935
8.929324
9.256713
8.929324
8.49564
8.49564
8.385093
7.7303147
9.039871
9.039871
8.49564
8.712482
7.840862
8.49564
8.8230295
8.929324
7.4071774
9.039871
7.840862
8.168251
9.039871
8.601935
8.712482
8.601935
9.36726
8.601935
8.8230295
8.8230295
8.168251
7.951409
8.606187
8.168251
7.955661
8.716734
8.49564
8.49564
8.061955
8.389345
7.738818
9.15467
8.933577
8.061955
8.606187
8.1725025
8.389345
8.499891
8.389345
8.057704
8.712482
8.712482
8.49564
8.606187
8.712482
8.057704
9.36726
9.584103
8.712482
9.039871
8.929324
9.584103
9.36726
8.168251
8.278798
9.36726
9.256713
9.150418
8.278798
8.278798
8.061955
7.8451138
8.716734
7.8451138
8.610438
7.8451138
7.738818
8.1725025
8.8230295
8.933577
8.929324
8.49564
8.601935
8.606187
8.606187
8.389345
8.606187
9.039871
9.473556
8.712482
9.146166
9.911491
8.057704
8.49564
8.712482
9.69465
8.929324
8.712482
9.584103
9.256713
9.911491
9.256713
8.385093
8.168251
8.168251
9.150418
9.150418
9.039871
7.840862
9.911491
9.039871
8.168251
8.49564
8.601935
9.477807
8.712482
8.278798
9.256713
9.36726
10.128334
8.49564
9.69465
8.712482
8.929324
8.712482
9.690397
9.039871
9.039871
9.69465
8.929324
9.584103
9.584103
8.929324
9.69465
8.929324
8.712482
9.256713
9.584103
8.929324
9.584103
9.477807
8.057704
8.385093
9.150418
8.274546
8.8230295
9.039871
9.039871
8.606187
8.929324
8.168251
9.36726
8.385093
8.278798
9.039871
8.061955
9.584103
8.168251
8.057704
8.8230295
9.256713
8.712482
8.491387
9.584103
8.712482
9.473556
9.690397
9.690397
9.3630085
9.146166
9.57985
9.796692
10.45147
10.124082
9.358756
10.45147
9.469303
10.774608
11.208292
11.535681
10.226125
11.425134
11.208292
11.318839
11.752523
11.425134
11.425134
11.748272
11.641976
12.186207
11.965114
13.053576
13.708355
12.509345
12.181956
13.164123
12.071408
12.836734
12.292503
12.292503
12.398798
11.748272
12.398798
12.943029
13.270417
13.270417
13.164123
12.832482
12.509345
12.513597
11.965114
13.053576
12.61564
13.704102
12.071408
12.726187
13.380964
12.943029
12.398798
12.292503
12.726187
12.509345
11.748272
12.292503
12.292503
13.164123
12.730438
12.403049
11.208292
11.646228
11.208292
11.969365
11.425134
12.186207
11.858818
11.858818
12.734691
11.858818
11.858818
12.075661
12.619891
12.726187
11.748272
12.947281
12.726187
12.075661
12.292503
13.159871
12.836734
12.509345
12.943029
12.943029
12.181956
11.854567
12.288251
11.965114
11.637725
11.204041
11.748272
11.858818
11.854567
12.403049
11.8630705
11.314588
11.097745
10.885155
11.641976
11.641976
11.425134
11.425134
10.987199
11.318839
11.429386
10.336672
10.447219
10.124082
11.2125435
11.2125435
10.124082
10.995702
10.774608
9.690397
10.562017
9.3630085
9.473556
10.562017
10.562017
9.3630085
9.256713
9.3630085
8.601935
9.473556
8.929324
8.929324
9.256713
9.039871
9.256713
9.584103
9.69465
9.690397
9.584103
9.584103
9.800944
9.146166
8.385093
9.256713
9.150418
8.49564
9.805196
9.477807
8.49564
8.933577
9.69465
8.712482
9.477807
8.712482
9.150418
9.477807
8.716734
8.716734
9.36726
9.584103
9.150418
9.36726
7.951409
8.1725025
9.15467
9.477807
8.716734
8.933577
7.955661
8.610438
7.955661
7.305134
7.305134
7.0882916
7.738818
8.504144
8.066207
7.415681
8.176754
7.1945877
6.760903
7.0882916
7.0882916
7.305134
6.9777446
7.415681
8.176754
8.393597
7.305134
7.305134
7.632523
7.632523
8.070459
6.760903
6.110377
7.203091
7.1988387
7.092544
7.0882916
8.070459
7.305134
6.9777446
7.853617
7.6282716
7.74307
6.6503563
8.614691
8.393597
8.28305
7.9599123
8.28305
8.066207
8.28305
7.6282716
8.176754
7.74307
6.9777446
6.87145
6.981997
6.327219
7.092544
7.0882916
7.1988387
6.981997
6.87145
7.092544
6.981997
5.893534
7.203091
6.981997
5.99983
7.309386
6.544061
6.327219
7.092544
6.765155
6.4420176
7.203091
7.309386
6.2209234
6.981997
6.5483127
6.765155
6.216672
6.216672
7.092544
6.654608
6.4377656
6.654608
8.070459
6.654608
8.287301
7.849365
7.0882916
7.849365
7.415681
6.327219
6.87145
6.654608
7.1988387
5.99983
7.632523
7.309386
6.654608
6.765155
7.305134
5.7829876
5.893534
6.110377
7.092544
6.654608
5.6766925
6.5483127
5.4598503
7.5304804
6.4377656
5.5703974
6.114629
5.6766925
5.6766925
6.875702
6.0040812
5.3493037
6.114629
6.0040812
6.3314705
5.6809444
5.353555
5.5703974
6.114629
5.6766925
6.3314705
5.4598503
5.5703974
5.7872396
5.7872396
6.008333
5.353555
5.8977866
5.136713
5.136713
5.243008
4.915619
5.136713
4.8093243
4.37564
5.24726
4.37564
5.6851964
6.2251754
4.592482
5.464102
5.026166
4.7030287
5.464102
5.4598503
5.6809444
6.6588597
5.893534
5.5703974
5.8977866
6.6588597
5.132461
6.2251754
6.875702
6.6588597
6.4420176
5.7872396
5.5703974
5.8977866
6.4420176
5.4598503
5.030418
5.791491
4.8093243
5.243008
6.008333
5.353555
5.4598503
4.592482
5.353555
5.243008
5.6809444
6.008333
5.5703974
6.008333
5.243008
5.136713
5.574649
4.37564
4.1587977
4.4861865
6.3357224
4.265093
5.574649
4.9198713
4.9198713
5.24726
5.24726
4.37564
3.9419558
4.5967336
6.3357224
4.8093243
5.791491
5.353555
5.243008
5.6809444
5.5703974
5.5703974
6.2251754
5.132461
6.875702
5.2387567
6.981997
6.981997
6.110377
6.110377
6.4377656
5.7872396
5.7872396
6.3314705
5.7872396
6.6588597
6.2209234
5.4598503
7.092544
5.132461
6.0040812
6.008333
6.2209234
6.5483127
6.0040812
5.893534
6.5483127
6.5483127
6.875702
7.419933
6.654608
6.4377656
7.419933
6.654608
6.5483127
6.765155
6.327219
5.893534
6.4377656
5.893534
6.4377656
5.3493037
7.1988387
6.4377656
7.1988387
6.433514
5.7829876
8.504144
6.760903
7.415681
6.433514
7.526228
7.305134
7.526228
6.654608
7.526228
6.981997
6.9777446
7.092544
7.309386
6.110377
6.2209234
5.6766925
7.092544
6.5483127
6.110377
6.2209234
6.4420176
6.4377656
6.4377656
7.203091
6.654608
6.110377
6.327219
6.654608
7.636775
6.760903
7.305134
5.5618935
6.87145
7.1945877
6.433514
8.287301
7.4114294
7.74307
7.305134
8.176754
8.066207
7.415681
7.305134
7.521976
7.1945877
6.760903
6.327219
5.99983
7.0882916
6.544061
7.521976
7.4114294
6.327219
7.0882916
6.433514
6.433514
8.393597
7.4114294
7.1945877
7.9599123
7.1945877
7.632523
7.738818
8.499891
8.716734
7.955661
8.389345
9.039871
8.28305
8.82728
8.278798
7.955661
8.8230295
7.951409
8.385093
8.712482
9.477807
8.278798
8.168251
8.929324
9.256713
8.168251
8.168251
8.49564
8.8230295
7.840862
9.477807
9.36726
8.929324
8.8230295
8.385093
8.168251
8.606187
8.601935
8.8230295
8.929324
8.712482
9.477807
8.929324
10.0220375
9.584103
9.473556
8.712482
9.584103
9.584103
9.911491
9.146166
9.473556
10.345176
10.234629
9.800944
11.106249
10.119829
10.447219
10.664061
11.208292
11.425134
10.336672
10.770356
11.097745
10.991449
10.991449
10.447219
11.535681
10.5535145
10.664061
10.336672
11.318839
10.770356
11.425134
12.296754
11.535681
11.535681
11.429386
10.774608
10.124082
9.800944
10.124082
9.690397
10.562017
9.796692
10.562017
10.668313
11.318839
10.45147
10.885155
11.535681
10.340923
10.124082
10.017787
9.800944
9.690397
10.128334
8.712482
8.168251
9.69465
8.499891
8.610438
8.393597
8.066207
9.15467
8.606187
8.606187
7.5134726
8.716734
7.7345667
8.8230295
8.499891
7.955661
7.305134
7.1945877
6.433514
7.1988387
7.309386
7.526228
7.092544
7.203091
6.5483127
5.3493037
6.3314705
6.981997
6.4377656
6.875702
6.4377656
6.3314705
6.114629
5.243008
6.0040812
6.0040812
6.110377
6.110377
6.110377
6.327219
5.99983
5.99983
5.5661454
6.6588597
6.3314705
5.136713
5.243008
6.0040812
4.698777
5.5703974
5.026166
3.2829258
4.37564
4.7030287
3.5082712
3.074587
3.078839
2.534608
1.5566925
2.5388596
1.5566925
2.972544
3.078839
3.5125234
3.9462075
3.5125234
3.406228
1.4461455
2.4325645
1.7777863
2.3220174
2.3220174
2.861997
3.2956812
1.986125
2.861997
2.3177657
2.6451547
1.3398503
2.2114706
2.6494067
2.6494067
1.5566925
2.2114706
3.0830908
1.9903767
1.5566925
1.3398503
1.4503974
1.7777863
1.2335552
1.0124613
2.1051755
1.5609442
0.47248197
0.47248197
1.8883334
0.03879773
-0.28433952
0.47673374
0.8041228
-1.589644
0.3704386
0.47673374
-1.0454128
-1.8022342
-1.6916873
-1.3642982
-1.9085294
-1.6916873
-1.2580031
-1.4748453
-1.6916873
-0.49267802
-1.6916873
-1.2580031
-1.2580031
-1.1474562
-1.8022342
-1.5853921
-0.06324561
-1.1517079
-0.93486583
0.48098555
-0.06324561
-0.7180237
0.91466975
0.69357586
-0.50543344
-0.17379257
-0.28433952
-1.0454128
0.15359649
0.69782764
-0.6117286
-0.5011816
-0.6074768
-0.17379257
-1.1517079
0.03879773
2.4368165
1.6714911
2.4325645
2.3220174
1.8840815
2.1009235
3.2956812
2.6451547
2.4283128
2.5388596
1.6672394
1.5609442
2.2157223
1.7820382
-0.17804438
0.5830289
0.47673374
0.69357586
0.910418
1.7820382
0.5830289
-0.071749225
1.9988803
1.9946285
2.5388596
3.62307
3.2956812
2.3177657
3.7336173
2.861997
2.534608
2.3177657
2.861997
2.3177657
3.406228
2.534608
2.534608
1.5566925
1.4503974
2.8662488
2.7557018
1.2335552
2.3220174
2.3177657
2.6451547
3.299933
2.6451547
3.189386
3.1851342
3.8399122
2.530356
4.056754
4.0525026
3.9462075
4.490439
5.0346694
4.1587977
3.7251134
3.6145666
4.4861865
3.8314087
3.7251134
4.4861865
5.140965
5.574649
5.026166
4.265093
4.37564
5.8977866
4.154546
5.791491
6.4420176
5.6809444
5.24726
5.464102
3.9419558
4.5967336
5.136713
5.6809444
6.2251754
5.8977866
4.8093243
5.464102
4.5967336
5.357807
4.490439
4.379892
4.7072806
4.379892
3.5082712
4.5967336
4.1587977
3.2871776
6.2294273
5.6809444
6.0040812
6.769407
6.0040812
6.2251754
5.791491
5.5703974
5.5703974
5.8977866
6.2209234
4.8050723
6.6588597
5.6766925
5.5661454
5.132461
6.5483127
5.5661454
5.5703974
5.6809444
5.243008
5.8977866
6.3314705
5.0219145
6.4377656
6.110377
5.6766925
5.7872396
6.875702
5.243008
6.769407
6.114629
5.7872396
5.353555
6.0040812
5.8977866
6.6588597
6.114629
6.4377656
6.4420176
7.203091
5.8977866
6.114629
5.5703974
5.574649
5.791491
4.1587977
5.574649
6.1188803
4.481935
5.8977866
6.008333
5.7872396
5.243008
6.2251754
6.3314705
5.8977866
5.243008
6.875702
6.875702
5.3493037
7.419933
6.765155
5.7872396
5.353555
6.3357224
5.353555
5.464102
6.769407
5.24726
4.9198713
4.9198713
5.6809444
6.008333
5.030418
5.902038
5.030418
4.269345
5.357807
5.357807
4.37564
4.7072806
4.924123
4.269345
5.24726
4.8093243
6.4420176
5.8977866
6.008333
5.24726
4.9198713
4.269345
6.4462695
5.5703974
5.5703974
6.769407
6.5483127
4.915619
6.5525646
5.464102
4.8093243
4.269345
5.902038
5.136713
5.902038
5.574649
5.8977866
5.5703974
5.574649
4.481935
4.7030287
6.1188803
4.4861865
5.464102
6.1188803
5.353555
5.8977866
6.2251754
5.8977866
6.2251754
5.136713
6.4420176
5.6809444
6.663111
5.353555
4.698777
6.3357224
6.2251754
5.5703974
6.875702
6.5483127
6.0040812
6.0040812
5.893534
6.3314705
6.875702
6.4420176
6.6588597
6.114629
7.5304804
6.4420176
6.0040812
6.5483127
5.6766925
6.2209234
6.3314705
6.875702
6.6588597
6.4420176
5.464102
6.2251754
6.008333
6.2251754
6.4420176
6.663111
6.875702
5.8977866
5.6809444
5.8977866
5.5703974
6.008333
6.0040812
5.353555
7.207342
6.6588597
5.8977866
6.4420176
6.6588597
6.5525646
6.986249
6.114629
6.4420176
5.3493037
6.875702
6.769407
4.915619
6.4420176
6.765155
5.4598503
6.765155
6.3314705
5.6766925
6.986249
7.203091
6.875702
6.3314705
6.6588597
6.0040812
7.092544
5.6766925
5.5703974
6.986249
6.6588597
6.008333
6.875702
5.6809444
5.8977866
6.3314705
6.008333
4.8093243
6.1188803
5.6809444
5.6809444
5.7872396
6.5483127
6.981997
7.092544
7.092544
6.5483127
7.092544
6.2209234
6.5483127
6.765155
7.309386
7.1988387
6.4377656
7.636775
6.2209234
7.526228
6.544061
7.74307
6.765155
6.654608
6.5483127
7.526228
7.092544
7.309386
6.4377656
7.203091
7.309386
6.0040812
7.747322
6.4377656
6.765155
6.4377656
5.893534
6.2209234
6.765155
6.765155
7.526228
6.4377656
6.87145
7.526228
7.305134
7.309386
7.526228
7.1988387
7.632523
6.654608
7.632523
6.87145
7.415681
7.521976
7.1988387
6.981997
7.309386
6.5483127
6.4377656
7.526228
7.0882916
8.937827
7.955661
7.6282716
8.499891
7.6282716
7.4114294
8.393597
7.0882916
6.4377656
7.526228
6.110377
7.092544
5.6766925
5.6766925
6.0040812
6.875702
6.875702
6.3314705
6.5483127
7.309386
6.6588597
6.765155
5.7829876
6.216672
7.0882916
6.433514
8.393597
8.499891
7.8451138
8.606187
9.69465
8.8230295
9.039871
9.150418
9.477807
8.712482
8.49564
9.150418
8.8230295
8.168251
8.933577
8.389345
7.738818
8.82728
7.955661
8.606187
7.4071774
8.061955
8.8230295
9.150418
9.150418
8.606187
7.8451138
7.955661
8.610438
8.499891
8.1725025
7.6282716
9.15467
7.7345667
6.9734936
7.738818
7.1945877
7.1945877
7.632523
7.305134
6.8671985
7.521976
7.305134
7.1945877
8.066207
5.995578
6.9777446
8.937827
6.6461043
7.955661
6.7566514
8.278798
6.8629465
7.0840406
8.061955
7.951409
7.1903353
8.933577
9.150418
8.278798
8.1725025
8.499891
7.1903353
7.521976
7.4114294
8.1725025
7.521976
8.389345
7.6282716
8.933577
8.389345
7.5177245
7.7345667
8.716734
8.606187
8.606187
8.389345
8.8230295
8.8230295
8.1725025
8.606187
8.278798
8.933577
8.8230295
7.951409
7.7345667
8.49564
8.601935
8.385093
10.23888
8.49564
7.6240196
8.606187
8.712482
8.385093
7.840862
8.712482
8.385093
8.385093
9.146166
9.36726
9.36726
8.168251
9.260964
9.044123
8.49564
9.256713
7.951409
9.039871
9.039871
8.8230295
9.256713
8.8230295
10.23888
9.473556
8.929324
9.584103
8.8230295
9.911491
9.150418
9.473556
9.256713
9.256713
9.69465
8.933577
8.601935
8.168251
8.933577
8.606187
8.057704
8.278798
8.606187
8.606187
8.278798
7.6282716
9.805196
8.49564
8.278798
7.5177245
8.061955
8.712482
7.4071774
8.499891
8.933577
7.521976
7.4114294
6.9777446
6.433514
6.9777446
6.9777446
7.849365
6.544061
7.415681
6.981997
6.765155
6.4377656
5.2387567
7.092544
6.981997
5.2387567
6.4377656
5.99983
6.87145
6.87145
7.415681
6.544061
6.544061
6.110377
6.3314705
6.114629
6.110377
6.110377
7.1988387
5.3450513
6.327219
5.7829876
6.5483127
6.3314705
6.0040812
6.2251754
5.3493037
6.5483127
5.893534
5.5661454
5.6766925
6.5483127
5.7872396
6.3314705
5.6809444
6.0040812
5.243008
5.243008
6.114629
5.243008
4.2608414
5.5703974
6.114629
5.6766925
4.481935
5.464102
5.030418
4.4861865
4.7030287
5.6809444
5.136713
4.481935
3.9377036
5.026166
3.7208617
4.4861865
4.37564
3.8314087
3.7251134
5.357807
4.269345
3.5082712
4.0525026
4.924123
3.7251134
3.7251134
4.2735963
3.6188183
4.1630497
2.8577452
2.8577452
2.968292
2.861997
4.056754
2.968292
2.640903
3.8399122
3.078839
1.7735345
1.3398503
2.5388596
2.972544
1.4503974
1.1230083
1.7777863
1.9988803
1.8883334
1.3441021
1.5609442
3.299933
2.1009235
1.3398503
2.3220174
1.4503974
1.9946285
1.8840815
1.5609442
1.8883334
1.2335552
0.90616614
1.4503974
0.5787771
1.7777863
1.6672394
0.361935
0.799871
1.3441021
1.8883334
1.12726
1.12726
0.799871
0.47248197
1.8883334
1.5609442
1.1230083
1.2335552
0.5830289
0.910418
0.910418
1.0167131
1.2335552
1.8883334
1.3441021
1.1230083
1.0167131
1.4503974
2.2157223
2.1051755
1.2335552
1.5609442
1.7777863
1.2293034
1.5609442
1.4503974
2.1009235
1.8840815
2.1009235
1.8840815
1.7777863
1.6714911
1.5609442
1.1230083
1.7777863
1.2335552
1.6672394
1.8840815
1.4503974
1.8840815
2.2114706
2.6451547
1.5566925
2.4283128
1.3398503
1.3398503
1.7777863
1.4503974
0.90616614
1.4503974
1.2335552
1.6714911
1.7777863
2.1051755
1.2335552
1.6672394
1.9946285
1.8883334
2.1051755
1.6672394
2.6494067
1.2293034
1.2335552
1.0124613
1.1230083
1.1230083
1.9946285
1.2335552
1.1230083
1.5609442
0.90616614
1.0167131
0.90616614
0.90616614
1.5566925
2.972544
1.5524408
1.8840815
1.9903767
2.2114706
1.5566925
1.1230083
1.7777863
1.3398503
1.5566925
2.3177657
1.3398503
1.8840815
1.6672394
1.3398503
1.6672394
1.0167131
1.1230083
1.4503974
1.7735345
3.189386
3.6188183
4.8135757
3.7208617
4.481935
5.464102
5.5703974
6.0040812
4.698777
5.243008
3.6145666
2.9640403
3.5082712
4.9198713
5.026166
6.2251754
4.4861865
4.0482507
4.265093
5.4598503
5.99983
6.981997
6.760903
5.99983
6.765155
5.5661454
6.9777446
7.0840406
8.28305
7.3008823
7.849365
8.1725025
7.6282716
6.106125
5.893534
7.203091
6.0040812
5.99983
6.654608
7.521976
8.176754
8.287301
6.3229666
7.632523
6.9777446
6.544061
7.0882916
7.0882916
6.539809
7.4114294
7.1903353
7.305134
8.8230295
8.274546
9.039871
8.929324
7.6240196
7.6282716
7.632523
5.8892827
7.632523
7.3008823
7.6240196
8.933577
8.168251
8.163999
8.601935
8.601935
8.274546
9.69465
9.039871
7.9471564
8.933577
8.168251
9.36726
8.385093
8.385093
8.70823
8.491387
9.256713
8.929324
8.385093
8.929324
8.818777
9.146166
9.57985
9.3630085
8.818777
8.385093
8.601935
8.601935
9.035619
8.385093
9.035619
8.601935
9.3630085
7.7303147
9.584103
8.814526
9.9029875
10.009283
10.119829
9.575599
9.9029875
8.487137
9.9029875
9.031367
9.24821
10.664061
10.226125
10.659809
11.093493
10.876652
11.637725
11.420882
10.33242
10.664061
8.92082
9.465052
9.686145
11.208292
10.664061
10.226125
9.681894
10.557766
11.097745
10.442967
11.641976
10.987199
11.199788
11.310335
12.398798
12.2839985
12.500841
12.505093
13.810397
13.916693
12.938777
12.611388
12.717683
12.394546
11.199788
9.788189
9.354505
9.575599
8.163999
9.146166
8.163999
7.840862
7.4029255
8.278798
7.3008823
8.061955
8.057704
8.597683
10.340923
10.770356
10.438715
10.328168
12.938777
11.850314
12.721935
11.637725
10.005031
10.885155
9.469303
8.0534525
8.597683
8.601935
9.3630085
8.168251
7.5134726
9.36726
9.039871
9.256713
10.128334
10.124082
9.686145
8.814526
10.013535
9.686145
11.314588
11.314588
10.5535145
10.009283
11.425134
10.226125
10.442967
9.792441
10.226125
10.009283
10.230376
9.9029875
9.252461
9.796692
9.035619
9.690397
9.796692
7.9429054
9.686145
9.358756
8.814526
8.163999
8.818777
9.035619
10.119829
9.57985
9.9029875
10.664061
9.792441
9.2439575
10.770356
11.425134
10.336672
9.686145
10.124082
8.925072
8.70823
8.597683
8.70823
8.487137
9.9029875
8.92082
9.24821
9.473556
8.818777
7.840862
8.49564
7.840862
8.163999
8.385093
7.9471564
8.818777
8.601935
8.601935
8.274546
7.2966304
9.256713
8.712482
8.491387
8.057704
8.385093
6.858694
7.3008823
8.1725025
6.539809
6.6503563
5.995578
6.433514
7.0840406
5.8892827
5.0176625
5.5618935
5.99983
5.8892827
6.327219
6.216672
6.433514
5.778736
6.216672
5.778736
6.8671985
5.995578
6.6503563
5.8850307
5.5618935
6.433514
6.760903
5.8892827
6.544061
5.8892827
5.5618935
5.1282096
6.216672
5.6724405
5.4555984
5.1282096
5.2387567
5.132461
5.353555
4.592482
3.5040195
5.026166
5.0219145
5.5661454
5.132461
4.477683
5.132461
4.371388
4.481935
5.026166
4.154546
3.7208617
4.37564
3.827157
4.043999
4.8050723
5.132461
5.6766925
2.9597883
2.8534935
3.1808825
2.09242
2.8577452
3.5125234
2.202967
2.747198
2.419809
2.202967
1.8755778
3.4019763
1.8755778
1.986125
3.9462075
2.636651
2.968292
2.640903
3.074587
1.7692827
2.313514
2.313514
3.2914293
2.8577452
1.8798298
2.424061
1.7692827
2.2072186
2.6451547
2.424061
1.6629877
2.2072186
1.8798298
2.968292
2.0966718
2.640903
2.424061
2.640903
1.6629877
3.5125234
2.2072186
3.4019763
2.313514
3.4019763
4.1630497
3.074587
2.424061
2.8577452
2.530356
3.6188183
3.5082712
3.8356605
2.747198
3.074587
3.4019763
2.640903
2.8577452
3.074587
3.074587
2.534608
2.640903
3.2956812
2.968292
2.424061
3.62307
2.6451547
2.3177657
2.1009235
1.5566925
2.7557018
1.5566925
2.972544
2.534608
1.7735345
2.4283128
2.1009235
3.2956812
2.968292
3.7293656
3.8399122
3.4019763
2.8577452
3.7293656
2.968292
2.7514498
4.6009855
4.1630497
4.7072806
4.490439
3.9462075
4.6009855
3.7251134
3.7251134
3.6145666
4.592482
6.008333
4.9198713
4.8135757
5.791491
3.7208617
4.8135757
5.357807
3.7251134
3.0703354
4.924123
5.24726
3.1808825
3.8356605
3.6188183
2.747198
3.4019763
4.269345
4.4861865
4.8135757
5.357807
3.5040195
4.9198713
4.9198713
5.243008
6.4420176
6.3314705
6.986249
5.893534
5.0219145
6.3314705
6.5483127
6.5483127
7.419933
5.893534
6.2209234
7.419933
6.0040812
5.893534
5.5661454
6.875702
6.4377656
7.853617
6.981997
7.1988387
6.544061
6.216672
6.544061
7.0882916
6.87145
6.110377
6.875702
7.9599123
6.216672
6.981997
6.110377
7.0882916
6.8671985
7.0840406
8.82728
8.933577
8.606187
9.477807
8.278798
9.039871
8.716734
8.278798
9.584103
9.36726
9.584103
8.929324
9.256713
9.36726
9.039871
9.150418
8.061955
9.371511
9.044123
9.36726
9.039871
9.911491
8.168251
9.588354
9.150418
9.039871
8.8230295
10.23888
8.8230295
9.36726
8.061955
8.499891
8.1725025
7.305134
7.305134
7.74307
7.415681
7.849365
8.393597
8.066207
8.28305
7.521976
9.044123
9.044123
8.28305
9.260964
8.716734
8.937827
9.150418
9.805196
9.3630085
10.345176
10.455723
9.473556
9.36726
10.017787
9.36726
9.584103
10.889407
9.584103
9.690397
10.017787
8.712482
8.818777
9.911491
9.36726
8.49564
9.035619
9.584103
9.146166
9.256713
8.8230295
8.8230295
8.385093
8.606187
8.389345
8.28305
9.584103
8.933577
9.36726
7.7345667
9.69465
8.606187
9.150418
8.929324
8.712482
8.168251
9.146166
8.278798
9.36726
8.8230295
8.929324
9.36726
8.385093
9.805196
9.584103
8.606187
8.49564
8.712482
8.061955
9.588354
8.716734
6.8671985
8.1725025
8.061955
8.389345
8.061955
8.8230295
7.8451138
7.951409
8.933577
8.49564
8.061955
8.1725025
8.385093
8.712482
8.8230295
7.6240196
8.49564
8.385093
8.712482
9.36726
7.7303147
9.039871
7.840862
8.8230295
7.6240196
8.278798
9.256713
8.385093
9.146166
8.385093
8.712482
8.712482
8.274546
8.278798
8.168251
8.499891
8.389345
8.061955
8.066207
8.606187
6.106125
7.1988387
6.3229666
6.87145
7.521976
6.9777446
7.4114294
6.760903
6.110377
7.632523
6.544061
7.9599123
6.9777446
7.632523
8.393597
7.0840406
7.305134
7.6282716
7.8451138
7.738818
7.3008823
7.632523
6.87145
6.981997
7.305134
7.632523
7.0840406
8.716734
8.716734
7.6240196
8.278798
8.061955
7.6282716
8.499891
7.738818
8.606187
8.061955
7.8451138
8.606187
8.8230295
8.712482
9.039871
8.385093
8.491387
9.36726
8.712482
9.146166
8.712482
8.49564
9.039871
10.23888
8.385093
7.840862
8.8230295
8.385093
7.955661
8.610438
8.278798
8.8230295
8.49564
9.039871
7.951409
8.061955
8.278798
8.929324
8.389345
9.150418
8.712482
9.473556
9.039871
8.49564
7.951409
9.256713
9.039871
8.168251
9.473556
8.606187
8.499891
9.039871
8.601935
8.8230295
8.168251
8.274546
8.70823
9.690397
8.38084
8.385093
9.256713
9.686145
8.814526
9.57985
9.686145
9.9029875
10.340923
10.995702
9.24821
9.686145
10.885155
10.119829
9.031367
8.925072
9.690397
9.252461
9.035619
9.796692
10.124082
9.796692
8.925072
9.039871
9.57985
10.45147
10.013535
10.45147
9.690397
9.907239
9.3630085
9.57985
8.925072
9.907239
8.597683
9.3630085
9.57985
9.57985
8.925072
9.146166
9.146166
9.035619
9.252461
7.8366094
8.057704
9.800944
9.141914
8.491387
9.57985
10.119829
8.703979
9.686145
10.230376
9.792441
10.124082
9.141914
8.159747
9.690397
10.230376
9.358756
10.013535
9.9029875
9.792441
10.013535
10.557766
9.681894
10.009283
10.885155
10.119829
10.557766
10.340923
10.230376
9.792441
9.358756
10.340923
10.447219
10.664061
9.796692
11.318839
10.336672
11.101996
9.252461
9.9029875
9.796692
10.013535
10.336672
9.358756
10.230376
10.119829
9.469303
9.690397
9.800944
8.385093
7.4029255
8.929324
8.385093
7.6240196
6.8671985
6.216672
7.1945877
6.110377
5.5661454
7.305134
6.544061
5.7829876
6.544061
6.544061
5.99983
6.544061
6.216672
5.5661454
5.7829876
6.110377
5.0219145
6.110377
6.4377656
5.8892827
6.760903
5.7829876
6.110377
6.327219
6.110377
6.110377
7.632523
6.216672
6.327219
6.110377
5.2387567
5.2387567
6.110377
5.5661454
5.893534
6.765155
5.6724405
5.4555984
5.5661454
5.2387567
4.915619
5.026166
6.3314705
4.915619
4.58823
4.915619
4.698777
5.353555
5.353555
4.265093
4.269345
5.24726
3.2871776
2.9597883
3.7251134
3.6145666
3.3977246
2.9640403
2.8577452
2.8577452
1.7692827
2.534608
3.078839
2.534608
2.968292
2.7514498
2.640903
3.6188183
3.1851342
2.640903
1.7692827
2.861997
3.074587
2.640903
3.6188183
4.1630497
2.8534935
4.0525026
4.0525026
4.269345
3.6145666
3.2914293
3.9462075
3.9462075
3.1851342
4.3841434
2.8577452
2.968292
4.2735963
4.1630497
3.2914293
3.1851342
3.2914293
1.986125
4.2735963
2.9640403
2.747198
3.8356605
3.1808825
2.8534935
3.8356605
3.6145666
3.3977246
4.4861865
4.7030287
4.269345
3.7251134
2.313514
1.9903767
2.3177657
2.968292
3.9462075
2.202967
3.1851342
3.1851342
2.640903
1.3355986
2.424061
2.0966718
2.747198
4.0525026
3.5082712
4.7030287
5.893534
6.654608
6.539809
8.061955
6.433514
6.110377
5.6809444
4.269345
3.2914293
4.4861865
4.37564
4.265093
5.4598503
4.2608414
2.9597883
3.5082712
2.313514
3.4019763
3.8356605
6.6588597
7.0882916
7.0840406
8.389345
8.929324
7.9471564
7.9471564
8.70823
10.119829
10.5535145
11.208292
11.208292
9.252461
7.840862
8.28305
6.539809
6.106125
7.0840406
8.061955
7.1945877
6.760903
5.778736
6.6503563
7.415681
6.9777446
7.305134
8.066207
8.712482
8.274546
9.907239
10.447219
11.420882
11.969365
10.664061
9.792441
10.017787
10.017787
9.252461
10.345176
10.234629
8.8230295
9.039871
7.6240196
8.49564
9.805196
8.716734
8.8230295
8.82728
7.7345667
7.951409
8.606187
8.929324
8.385093
9.36726
9.907239
9.792441
10.557766
10.340923
8.491387
9.039871
8.712482
9.3630085
9.800944
9.473556
8.601935
8.929324
8.8230295
8.168251
9.256713
9.150418
8.49564
8.49564
8.385093
9.146166
9.473556
9.690397
9.256713
8.929324
8.278798
9.57985
9.252461
9.469303
8.818777
9.473556
9.256713
8.818777
9.473556
8.8230295
8.168251
8.712482
8.385093
8.49564
7.1860833
7.951409
8.168251
8.933577
8.49564
7.5177245
6.7566514
7.5177245
7.8451138
8.1725025
7.4071774
7.6282716
7.4071774
7.0840406
6.106125
6.21242
6.544061
6.433514
6.8671985
7.1945877
7.6282716
6.9734936
7.0840406
8.278798
7.6240196
7.9471564
7.4029255
6.9734936
7.951409
6.3229666
7.521976
7.0840406
6.8671985
7.955661
7.0840406
7.632523
7.521976
7.849365
6.8671985
4.4734316
4.3628845
5.5618935
5.8850307
6.5355573
7.6282716
6.8671985
7.6240196
7.7345667
7.840862
8.491387
9.3630085
9.469303
8.933577
6.4377656
6.4377656
6.544061
6.106125
6.433514
6.654608
3.5040195
3.7208617
3.2871776
5.026166
6.3314705
4.6945252
5.2387567
4.6945252
5.0219145
6.433514
8.601935
9.584103
8.601935
8.597683
9.141914
10.447219
8.70823
8.601935
8.925072
8.925072
9.57985
9.354505
9.792441
10.340923
10.668313
9.035619
8.38084
7.7303147
7.398674
8.712482
8.057704
7.9471564
10.124082
9.9029875
8.38084
8.703979
9.788189
11.637725
11.637725
10.880902
11.858818
9.2439575
9.898736
10.221873
10.987199
11.097745
10.5535145
10.447219
9.907239
9.907239
8.385093
8.929324
8.49564
6.969241
7.079788
9.150418
8.8230295
8.933577
8.606187
8.929324
7.1903353
9.477807
9.150418
8.8230295
8.057704
9.371511
7.305134
7.5177245
7.738818
8.82728
8.499891
6.9734936
6.433514
6.9777446
5.6724405
6.760903
6.433514
7.419933
5.3493037
3.2829258
4.58823
5.7872396
5.0219145
5.7829876
5.5661454
7.632523
5.3450513
5.1282096
5.2387567
4.8008204
5.3450513
6.654608
5.8892827
6.0040812
5.3493037
4.477683
4.915619
5.5661454
6.106125
5.6724405
5.4555984
5.7829876
5.4555984
4.2608414
5.3493037
4.371388
6.765155
5.0219145
5.0219145
4.2608414
5.5703974
4.043999
4.58823
4.2608414
5.0219145
4.58823
4.371388
2.7429464
2.530356
2.530356
2.5261042
2.9640403
3.5082712
2.3092623
1.8755778
0.8976625
3.1851342
2.8577452
3.7293656
1.0082095
0.79136735
1.0082095
1.2250515
1.6587358
2.09242
2.419809
3.7251134
3.6145666
2.202967
2.202967
2.419809
2.530356
2.09242
2.747198
3.5082712
4.0482507
3.5040195
3.0703354
2.4155574
2.3092623
2.530356
3.074587
3.5082712
3.3977246
2.747198
1.4418937
2.1009235
0.57452524
0.14084108
1.1187565
2.534608
2.3177657
1.5524408
2.424061
0.90616614
0.7956192
0.799871
0.3661868
-0.071749225
-0.6117286
-0.72227556
0.69357586
-0.06749742
-0.50543344
-1.4833487
-2.7886531
-1.7001909
-2.023328
-1.262255
-0.5011816
-1.0454128
-0.82857066
-0.6159804
0.25138804
-0.5096853
0.46823013
0.5787771
2.1009235
2.3177657
2.8577452
2.0966718
2.313514
1.1145047
2.202967
2.747198
2.747198
2.530356
2.8577452
2.8577452
1.8798298
0.8976625
2.640903
3.074587
3.4019763
4.056754
3.074587
3.6188183
4.924123
4.0482507
4.8093243
5.7872396
6.3314705
6.0040812
5.243008
6.114629
4.698777
5.136713
4.592482
5.353555
5.464102
6.6588597
4.8093243
4.481935
4.0482507
5.026166
4.58823
3.9377036
4.0482507
4.9198713
4.698777
4.481935
3.827157
5.3493037
4.477683
5.5661454
4.9113674
5.5661454
5.5661454
5.893534
5.893534
6.4377656
5.6766925
5.4555984
4.583978
5.99983
5.451347
6.9777446
6.8671985
6.9777446
6.6503563
7.4114294
6.433514
5.2387567
5.893534
5.132461
5.5661454
5.2387567
4.9113674
6.2209234
5.2387567
5.893534
6.21242
5.99983
6.3229666
6.106125
5.7829876
6.110377
5.5661454
5.8892827
5.8850307
6.8671985
7.7345667
7.6282716
7.8451138
6.9734936
6.8671985
6.539809
6.6503563
6.760903
5.778736
6.3229666
6.8671985
6.110377
7.0882916
6.87145
5.7829876
6.106125
6.760903
6.106125
6.654608
6.4377656
5.4555984
7.526228
6.760903
6.327219
5.7829876
6.9777446
6.760903
7.0882916
6.6503563
5.7829876
5.5661454
6.327219
4.9113674
6.110377
5.99983
5.4555984
5.99983
5.99983
6.110377
6.544061
6.5483127
5.7829876
5.4555984
5.1282096
5.5661454
5.0219145
5.3493037
6.4377656
5.5661454
6.110377
4.8008204
5.893534
5.5661454
5.6766925
5.893534
4.9113674
4.6945252
5.5661454
4.367136
5.7872396
6.0040812
5.3493037
5.0219145
5.1282096
5.4555984
5.2387567
5.893534
5.893534
5.2387567
5.5661454
6.3229666
5.8892827
6.433514
6.433514
6.539809
6.9777446
7.4114294
7.5177245
7.3008823
7.0882916
7.6282716
6.106125
7.849365
7.955661
8.606187
6.9734936
7.8451138
7.6240196
6.3229666
6.6503563
7.738818
7.1945877
7.738818
6.8671985
5.99983
7.526228
6.544061
7.526228
6.3229666
6.6503563
6.9777446
7.7345667
7.1945877
6.9734936
8.278798
8.1725025
8.606187
8.49564
8.1725025
8.49564
8.8230295
9.260964
8.057704
8.061955
8.1725025
7.1903353
6.8671985
8.28305
6.8671985
6.544061
6.6503563
7.6282716
7.5177245
8.716734
7.5177245
7.0840406
7.8451138
7.079788
7.0840406
7.955661
8.49564
7.4071774
7.5177245
6.9734936
7.521976
6.760903
6.216672
6.433514
8.389345
7.1903353
7.305134
7.738818
7.849365
5.8892827
6.9777446
8.499891
7.4114294
7.6282716
7.7345667
6.6461043
8.1725025
7.738818
8.1725025
8.066207
8.716734
6.106125
6.544061
6.760903
6.216672
6.6503563
6.544061
7.0882916
5.8892827
5.1282096
6.760903
6.106125
6.760903
7.0840406
6.9734936
6.6503563
7.4114294
6.6503563
6.6503563
7.0882916
6.539809
5.5618935
6.433514
6.106125
6.4377656
6.110377
5.0219145
5.6766925
5.136713
3.827157
4.154546
4.043999
6.2209234
5.4598503
4.481935
3.6103148
5.136713
5.243008
4.915619
4.154546
4.8093243
5.353555
5.8977866
4.8050723
5.4598503
4.8050723
5.243008
4.915619
3.7208617
5.24726
4.1587977
3.8356605
3.2871776
3.7251134
3.3977246
3.6188183
2.747198
3.3977246
3.1808825
3.1808825
2.636651
2.530356
2.747198
2.9640403
3.4019763
2.9640403
3.1808825
2.8577452
2.747198
1.4418937
2.419809
3.1851342
2.534608
2.534608
1.7735345
0.35768318
1.8798298
1.1145047
2.313514
3.078839
1.3355986
0.35768318
2.1009235
1.7735345
1.4503974
0.7956192
1.4503974
0.7956192
1.2335552
0.46823013
1.4503974
0.7956192
1.0124613
0.68507224
1.1230083
0.90616614
1.7777863
0.7956192
1.4503974
0.9019143
2.3220174
1.0124613
0.7956192
0.25138804
1.6672394
0.361935
0.7956192
0.46823013
0.68507224
0.68507224
1.5609442
0.5787771
-0.18229619
1.3441021
0.799871
-0.18229619
0.689324
1.1230083
1.3441021
0.7956192
0.25563982
0.689324
-0.39913827
-0.50543344
-0.93911767
-0.72227556
0.58728075
-0.82857066
-0.17804438
-1.2665067
-0.06749742
-1.3770537
-1.2665067
0.5830289
-0.8328225
-1.4833487
-1.7001909
-2.5675595
-0.28008774
-2.1338751
-1.262255
-0.93911767
-0.82857066
-0.28859133
0.5787771
-0.07600103
-1.1602116
-0.72227556
-2.1338751
-1.0454128
-0.7137719
-1.479097
-1.2665067
-0.6159804
-0.39913827
-0.28859133
-0.50543344
-1.7001909
-1.262255
-0.7180237
-1.262255
-1.589644
-1.7001909
-0.50543344
-0.39913827
-0.62023216
0.14084108
0.5787771
1.2335552
-0.7265274
0.799871
-0.6159804
-0.28859133
-0.6159804
-0.94336945
0.5787771
-0.7265274
0.14084108
0.25138804
0.46823013
0.68507224
-0.186548
-0.4033901
-0.186548
-0.186548
0.68507224
0.46823013
-0.4033901
0.35768318
0.35768318
0.24713624
0.46397832
0.46397832
0.14084108
0.03454592
1.2335552
-0.7265274
-1.8107378
-0.8328225
-0.7265274
-0.5096853
-0.18229619
0.46823013
0.5787771
0.46823013
-0.18229619
-0.5096853
-0.28859133
-1.0496646
-0.6159804
-0.6159804
-0.29284313
1.3398503
0.57452524
0.24713624
1.6629877
0.9019143
-0.51393706
1.1187565
0.68507224
1.0082095
2.1009235
2.313514
0.8976625
1.5524408
2.202967
1.8755778
2.202967
2.3092623
1.765031
2.530356
2.640903
1.2250515
0.57452524
1.1187565
0.24713624
0.57452524
1.1187565
1.1145047
2.530356
2.8577452
1.0039576
2.2072186
2.202967
2.09242
1.5524408
3.2914293
3.074587
2.530356
2.5261042
3.6145666
2.5261042
3.3977246
3.8314087
1.765031
3.1808825
2.636651
2.9640403
3.1808825
3.6188183
3.1808825
2.747198
2.9640403
2.202967
3.0703354
2.6323993
4.481935
3.9377036
4.371388
4.265093
4.154546
3.827157
4.371388
4.2608414
4.915619
4.477683
5.893534
5.4555984
4.9113674
5.132461
4.915619
4.371388
4.043999
4.698777
4.043999
4.043999
4.58823
5.2387567
5.132461
5.5661454
5.1282096
5.1282096
4.583978
4.8050723
5.5661454
5.4598503
5.4555984
4.150294
5.2387567
6.110377
5.5618935
5.6724405
6.433514
6.760903
5.5618935
5.4555984
6.433514
6.216672
6.2209234
5.7829876
5.8892827
4.583978
5.3450513
5.2345047
5.5618935
5.6724405
6.106125
5.3450513
5.5661454
5.2387567
4.367136
5.3493037
5.0219145
4.9113674
6.539809
6.6503563
7.738818
6.21242
6.433514
6.539809
4.579726
5.995578
6.21242
7.8451138
6.969241
7.951409
7.2966304
8.057704
7.1860833
7.9471564
8.385093
7.6197677
8.163999
7.9471564
7.6197677
8.163999
7.0755363
7.0755363
8.274546
7.8366094
7.6197677
7.7303147
7.0755363
6.748148
8.057704
7.9471564
6.748148
7.951409
8.057704
6.314463
7.840862
6.969241
7.0755363
7.1860833
9.035619
7.509221
8.168251
8.601935
7.7303147
7.9471564
8.491387
8.38084
8.274546
7.6197677
7.9471564
8.601935
8.818777
8.274546
8.929324
7.5134726
8.274546
7.0755363
7.5134726
7.4029255
8.818777
7.8366094
7.1860833
7.6197677
7.8366094
8.70823
9.141914
9.252461
7.7260633
7.8366094
6.96499
8.491387
7.292379
7.7303147
9.256713
7.6197677
7.9471564
7.8366094
7.5134726
8.712482
8.057704
7.4029255
8.601935
9.035619
7.7303147
8.929324
8.38084
7.8366094
8.814526
8.491387
9.686145
10.447219
9.358756
9.137663
9.9029875
8.818777
8.491387
8.38084
7.6197677
9.256713
8.70823
8.163999
8.491387
8.163999
7.9471564
8.274546
8.385093
8.057704
8.385093
7.7303147
8.057704
8.601935
7.7260633
8.925072
8.70823
9.035619
9.796692
9.252461
9.141914
8.491387
7.9471564
9.252461
8.70823
8.70823
9.24821
8.38084
8.487137
10.013535
8.814526
7.8366094
7.6197677
7.840862
8.385093
8.601935
7.9471564
8.057704
8.163999
8.385093
7.6197677
7.6197677
6.969241
7.7303147
8.274546
8.491387
8.057704
8.385093
6.858694
7.4029255
7.6240196
7.9471564
8.274546
8.057704
7.9471564
7.0755363
7.7303147
8.057704
7.4071774
6.429262
7.6282716
5.3408
6.106125
7.3008823
6.429262
7.1945877
5.3408
4.690274
5.4555984
5.4555984
5.1282096
5.5618935
7.0840406
6.7566514
6.9734936
7.0840406
7.3008823
6.8629465
5.995578
7.6282716
6.429262
6.106125
6.216672
5.6724405
6.106125
6.539809
5.5618935
6.106125
6.539809
5.451347
6.106125
6.429262
8.061955
7.6240196
7.840862
6.9734936
7.4114294
7.3008823
6.5355573
7.1903353
6.101873
7.7345667
6.8629465
5.995578
5.6724405
5.5618935
4.9113674
4.367136
5.0176625
5.4555984
6.110377
4.9113674
6.110377
5.2345047
5.995578
5.5618935
6.6461043
6.21242
5.668189
7.0840406
